ts_ssl,uid,id.orig_h_ssl,id.orig_p_ssl,id.resp_h_ssl,id.resp_p_ssl,version,cipher,curve,server_name,resumed,established,ssl_history,cert_chain_fps,client_cert_chain_fps,sni_matches_cert,ja3,ja3s,next_protocol,last_alert,ts_conn,id.orig_h_conn,id.orig_p_conn,id.resp_h_conn,id.resp_p_conn,proto,duration,orig_bytes,resp_bytes,conn_state,local_orig,local_resp,missed_bytes,history,orig_pkts,orig_ip_bytes,resp_pkts,resp_ip_bytes,service,label
59.255929,Cnj51m2IFybF7drow7,10.0.2.15,49159,216.58.214.238,443,TLSv10,TLS_ECDHE_RSA_WITH_AES_128_CBC_SHA,secp256r1,www.google-analytics.com,False,True,CsxknGIi,"['31ed45c3400fc5f9a84dfaa0a6f6171369876ed4e2da669ee7f8edbe3593bf6b', '9f630426df1d8abfd80ace98871ba833ab9742cb34838de2b5285ed54c0c7dcc', '3c35cc963eb004451323d3275d05b353235053490d9cd83729a2faf5e7ca1cc0']",[],1.0,9a35e493f961ac377f948690b5334a9c,3636ce615fb29b73e771c24c3a1331e3,,,58.77327,10.0.2.15,49159,216.58.214.238,443,tcp,61.15650000000001,859.0,4224.0,RSTO,True,False,0,ShADadR,10,1271,11,4668,ssl,0
89.239916,CCGqhz2bHJTyP9bje4,10.0.2.15,49166,52.222.173.206,443,TLSv12,TLS_ECDHE_RSA_WITH_AES_128_GCM_SHA256,secp256r1,snippets.cdn.mozilla.net,False,True,CsxuknGIti,"['6442cb8d30d303bc67c685ba319e9497aa39aeffc3caca9a707f151071ab3ca8', '154c433c491929c5ef686e838e323664a00e6a0d822ccc958fb4dab03e49a08f', '4348a0e9444c78cb265e058d5e8944b4d84f9662bd26db257f8934a443c70161']",[],1.0,0ffee3ba8e615ad22535e7f771690a28,76cc3e2d3028143b23ec18e27dbd7ca9,http/1.1,,89.217155,10.0.2.15,49166,52.222.173.206,443,tcp,116.618194,1074.0,315886.0,SF,True,False,0,ShADadWTTFf,107,5377,413,332410,ssl,0
89.850343,CckVtG42X5evluikR2,10.0.2.15,49167,216.58.214.238,443,TLSv12,TLS_ECDHE_ECDSA_WITH_AES_128_GCM_SHA256,x25519,safebrowsing.google.com,False,True,CsxknGIti,"['11ddd329046367c19b32ffdb02ed308de129de4d6ffcf95856d7bd6a7accfba9', '9f630426df1d8abfd80ace98871ba833ab9742cb34838de2b5285ed54c0c7dcc', '3c35cc963eb004451323d3275d05b353235053490d9cd83729a2faf5e7ca1cc0']",[],1.0,0ffee3ba8e615ad22535e7f771690a28,84480cf8cf0e732666092640e581e1a5,h2,,89.824315,10.0.2.15,49167,216.58.214.238,443,tcp,515.1829260000001,34411.0,389081.0,SF,True,False,0,ShADadfF,222,43303,521,409925,ssl,0
90.598897,CGoiVOhuvQSugMLve,10.0.2.15,49169,216.58.214.238,443,TLSv12,TLS_ECDHE_ECDSA_WITH_AES_128_GCM_SHA256,x25519,safebrowsing-cache.google.com,False,True,CsxknGIti,"['11ddd329046367c19b32ffdb02ed308de129de4d6ffcf95856d7bd6a7accfba9', '9f630426df1d8abfd80ace98871ba833ab9742cb34838de2b5285ed54c0c7dcc', '3c35cc963eb004451323d3275d05b353235053490d9cd83729a2faf5e7ca1cc0']",[],1.0,0ffee3ba8e615ad22535e7f771690a28,84480cf8cf0e732666092640e581e1a5,h2,,90.555219,10.0.2.15,49169,216.58.214.238,443,tcp,0.318279000000004,510.0,4437.0,RSTO,True,False,0,ShADadFR,10,922,12,4921,ssl,0
93.04135,C4F3n73MUyd5q7RVJ7,10.0.2.15,49170,35.161.123.253,443,TLSv12,TLS_ECDHE_RSA_WITH_AES_128_GCM_SHA256,secp256r1,self-repair.mozilla.org,False,True,CsxknGIi,"['6048d4ea4c8bf84c9334da751b6c54a30bbbc195bdba429684208e65ec81a72b', '403e062a2653059113285baf80a0d4ae422c848c9f78fad01fc94bc5b87fef1a']",[],1.0,0ffee3ba8e615ad22535e7f771690a28,303951d4c50efb2e991652225a6f02b1,,,92.820466,10.0.2.15,49170,35.161.123.253,443,tcp,65.01193400000001,3847.0,11850.0,SF,True,False,0,ShADadTFf,21,4705,29,13014,ssl,0
94.861033,CzAwggVMHN9vXcSg2,10.0.2.15,49172,52.222.171.207,443,TLSv12,TLS_ECDHE_RSA_WITH_AES_128_GCM_SHA256,secp256r1,normandy-cloudfront.cdn.mozilla.net,False,True,CsxuknGIti,"['6442cb8d30d303bc67c685ba319e9497aa39aeffc3caca9a707f151071ab3ca8', '154c433c491929c5ef686e838e323664a00e6a0d822ccc958fb4dab03e49a08f']",[],1.0,0ffee3ba8e615ad22535e7f771690a28,76cc3e2d3028143b23ec18e27dbd7ca9,http/1.1,,94.834456,10.0.2.15,49172,52.222.171.207,443,tcp,117.014496,789.0,68173.0,SF,True,False,0,ShADadTTFf,35,2212,93,71897,ssl,0
97.45812,CpCCBe1b9sLYeSu6r2,10.0.2.15,49173,52.222.171.207,443,TLSv12,TLS_ECDHE_RSA_WITH_AES_128_GCM_SHA256,secp256r1,normandy-cloudfront.cdn.mozilla.net,False,True,CsxuknGIti,"['6442cb8d30d303bc67c685ba319e9497aa39aeffc3caca9a707f151071ab3ca8', '154c433c491929c5ef686e838e323664a00e6a0d822ccc958fb4dab03e49a08f']",[],1.0,0ffee3ba8e615ad22535e7f771690a28,76cc3e2d3028143b23ec18e27dbd7ca9,http/1.1,,97.420475,10.0.2.15,49173,52.222.171.207,443,tcp,116.445457,781.0,18125.0,SF,True,False,0,ShADadTTFf,25,1804,41,19769,ssl,0
111.84992,CPzwYg4LxgVdG3YXhe,10.0.2.15,49174,204.187.14.69,443,TLSv12,TLS_ECDHE_RSA_WITH_AES_128_GCM_SHA256,secp256r1,gtmetrix.com,False,True,CsxknGIti,"['2a044052e09d7ee9e1deb98691d4408dcc2b20a47cf335ccca8f4f6c1006dec1', '02ab57e4e67a0cb48dd2ff34830e8ac40f4476fb08ca6be3f5cd846f646840f0', '4f32d5dc00f715250abcc486511e37f501a899deb3bf7ea8adbbd3aef1c412da', '687fa451382278fff0c8b11f8d43d576671c6eb2bceab413fb83d965d06d2ff2']",[],1.0,0ffee3ba8e615ad22535e7f771690a28,389ed42c02ebecc32e73aa31def07e14,,,111.655598,10.0.2.15,49174,204.187.14.69,443,tcp,16.821204999999992,1759.0,75091.0,SF,True,False,0,ShADadTfF,30,2972,96,78935,ssl,0
112.797009,Cvc6RC4bm6SoFu7gu1,10.0.2.15,49176,204.187.14.69,443,TLSv12,TLS_ECDHE_RSA_WITH_AES_128_GCM_SHA256,,gtmetrix.com,True,True,CsiI,,,,1a5fe5677b0e4fbbc854e8908225637d,fbe78c619e7ea20046131294ad087f05,,,112.622715,10.0.2.15,49176,204.187.14.69,443,tcp,89.385153,28776.0,189873.0,SF,True,False,0,ShADadTfF,95,32590,247,199757,ssl,0
112.806356,CF624l20FGfZu0OIBd,10.0.2.15,49177,204.187.14.69,443,TLSv12,TLS_ECDHE_RSA_WITH_AES_128_GCM_SHA256,,gtmetrix.com,True,True,CsiI,,,,1a5fe5677b0e4fbbc854e8908225637d,fbe78c619e7ea20046131294ad087f05,,,112.627228,10.0.2.15,49177,204.187.14.69,443,tcp,15.971727999999985,905.0,27812.0,SF,True,False,0,ShADadTfF,14,1478,37,29296,ssl,0
113.115512,CPsyFT1vafhOf6Qng1,10.0.2.15,49179,216.58.214.238,443,TLSv12,TLS_ECDHE_RSA_WITH_AES_128_GCM_SHA256,x25519,www.google-analytics.com,False,True,CsxknGIti,"['31ed45c3400fc5f9a84dfaa0a6f6171369876ed4e2da669ee7f8edbe3593bf6b', '9f630426df1d8abfd80ace98871ba833ab9742cb34838de2b5285ed54c0c7dcc', '3c35cc963eb004451323d3275d05b353235053490d9cd83729a2faf5e7ca1cc0']",[],1.0,0ffee3ba8e615ad22535e7f771690a28,ab41313cfec25328b20865eb1388e0a2,h2,,113.085859,10.0.2.15,49179,216.58.214.238,443,tcp,0.314814999999995,505.0,4069.0,RSTO,True,False,0,ShADadFR,10,917,13,4593,ssl,0
113.020755,Cdp47PBYKkiU9aEQj,10.0.2.15,49178,204.187.14.69,443,TLSv12,TLS_ECDHE_RSA_WITH_AES_128_GCM_SHA256,,gtmetrix.com,True,True,CsiI,,,,1a5fe5677b0e4fbbc854e8908225637d,fbe78c619e7ea20046131294ad087f05,,,112.805425,10.0.2.15,49178,204.187.14.69,443,tcp,15.839818999999991,913.0,19716.0,SF,True,False,0,ShADadTfF,17,1606,29,20880,ssl,0
113.301884,CRb1j64eWUfk4fB7aa,10.0.2.15,49180,204.187.14.69,443,TLSv12,TLS_ECDHE_RSA_WITH_AES_128_GCM_SHA256,,gtmetrix.com,True,True,CsiI,,,,1a5fe5677b0e4fbbc854e8908225637d,fbe78c619e7ea20046131294ad087f05,,,113.092068,10.0.2.15,49180,204.187.14.69,443,tcp,16.982885999999993,1285.0,31662.0,SF,True,False,0,ShADadTfF,21,2138,45,33466,ssl,0
113.396621,CuM8LD2MYT7pS2ZHT8,10.0.2.15,49182,204.187.14.69,443,TLSv12,TLS_ECDHE_RSA_WITH_AES_128_GCM_SHA256,,gtmetrix.com,True,True,CsiI,,,,1a5fe5677b0e4fbbc854e8908225637d,fbe78c619e7ea20046131294ad087f05,,,113.186917,10.0.2.15,49182,204.187.14.69,443,tcp,5.866731999999999,599.0,168.0,SF,True,False,0,ShADadFfRr,8,931,9,532,ssl,0
145.415194,CODkcs2ZYAgrnTal06,10.0.2.15,49183,50.112.45.104,443,TLSv12,TLS_ECDHE_RSA_WITH_AES_128_GCM_SHA256,secp256r1,incoming.telemetry.mozilla.org,False,True,CsxknGIi,"['63eb34876cbd2ebbc3b254961d96cdafb00f28719229f61e27b19a2510929012', '154c433c491929c5ef686e838e323664a00e6a0d822ccc958fb4dab03e49a08f']",[],1.0,0ffee3ba8e615ad22535e7f771690a28,303951d4c50efb2e991652225a6f02b1,,,145.226423,10.0.2.15,49183,50.112.45.104,443,tcp,61.67939899999999,7108.0,3219.0,SF,True,False,0,ShADadTFf,20,7926,23,4143,ssl,0
145.630554,CMJEehBGUDKTPJOF4,10.0.2.15,49184,50.112.45.104,443,TLSv12,TLS_ECDHE_RSA_WITH_AES_128_GCM_SHA256,secp256r1,incoming.telemetry.mozilla.org,False,True,CsxknGIi,"['63eb34876cbd2ebbc3b254961d96cdafb00f28719229f61e27b19a2510929012', '154c433c491929c5ef686e838e323664a00e6a0d822ccc958fb4dab03e49a08f']",[],1.0,0ffee3ba8e615ad22535e7f771690a28,303951d4c50efb2e991652225a6f02b1,,,145.414063,10.0.2.15,49184,50.112.45.104,443,tcp,6.237373999999988,364.0,3063.0,RSTO,True,False,0,ShADadFR,9,736,10,3467,ssl,0
180.703881,CTX8971JZTbISRjiU7,10.0.2.15,49186,204.187.14.69,443,TLSv12,TLS_ECDHE_RSA_WITH_AES_128_GCM_SHA256,,gtmetrix.com,True,True,CsiI,,,,1a5fe5677b0e4fbbc854e8908225637d,fbe78c619e7ea20046131294ad087f05,,,180.51333,10.0.2.15,49186,204.187.14.69,443,tcp,16.403170000000017,1400.0,87724.0,SF,True,False,0,ShADadTfF,37,2893,104,91888,ssl,0
180.713526,C8rVGE4Tac2Ovm9kE8,10.0.2.15,49187,204.187.14.69,443,TLSv12,TLS_ECDHE_RSA_WITH_AES_128_GCM_SHA256,,gtmetrix.com,True,True,CsiI,,,,1a5fe5677b0e4fbbc854e8908225637d,fbe78c619e7ea20046131294ad087f05,,,180.516466,10.0.2.15,49187,204.187.14.69,443,tcp,15.821563999999997,971.0,10915.0,SF,True,False,0,ShADadTfF,11,1424,19,11679,ssl,0
180.715476,CRCAMv2aF8lVYMqJfe,10.0.2.15,49188,204.187.14.69,443,TLSv12,TLS_ECDHE_RSA_WITH_AES_128_GCM_SHA256,,gtmetrix.com,True,True,CsiI,,,,1a5fe5677b0e4fbbc854e8908225637d,fbe78c619e7ea20046131294ad087f05,,,180.518738,10.0.2.15,49188,204.187.14.69,443,tcp,18.580351999999976,1653.0,75834.0,SF,True,False,0,ShADadTFf,33,2986,91,79478,ssl,0
180.717471,C6wFbR1Cpg62dF4H7g,10.0.2.15,49190,204.187.14.69,443,TLSv12,TLS_ECDHE_RSA_WITH_AES_128_GCM_SHA256,,gtmetrix.com,True,True,CsiI,,,,1a5fe5677b0e4fbbc854e8908225637d,fbe78c619e7ea20046131294ad087f05,,,180.521969,10.0.2.15,49190,204.187.14.69,443,tcp,15.838439999999991,969.0,14536.0,SF,True,False,0,ShADadTfF,14,1542,24,15500,ssl,0
180.721456,CNYxk145Ra8xIHM2rc,10.0.2.15,49189,204.187.14.69,443,TLSv12,TLS_ECDHE_RSA_WITH_AES_128_GCM_SHA256,,gtmetrix.com,True,True,CsiI,,,,1a5fe5677b0e4fbbc854e8908225637d,fbe78c619e7ea20046131294ad087f05,,,180.521165,10.0.2.15,49189,204.187.14.69,443,tcp,6.397412000000003,599.0,168.0,SF,True,False,0,ShADadFfRr,8,931,9,532,ssl,0
224.504298,CqcgZf2FgYJf22bIcg,10.0.2.15,49223,216.58.214.238,443,TLSv12,TLS_ECDHE_RSA_WITH_AES_128_GCM_SHA256,x25519,apis.google.com,False,True,CsxknGIti,"['60db1a0e0585e4ded4482713fe44b119971d4535489a302ea33ca305b774f781', '9f630426df1d8abfd80ace98871ba833ab9742cb34838de2b5285ed54c0c7dcc', '3c35cc963eb004451323d3275d05b353235053490d9cd83729a2faf5e7ca1cc0']",[],1.0,0ffee3ba8e615ad22535e7f771690a28,ab41313cfec25328b20865eb1388e0a2,h2,,224.458439,10.0.2.15,49223,216.58.214.238,443,tcp,1.223240000000004,496.0,3898.0,RSTO,True,False,0,ShADadFR,11,948,13,4422,ssl,0
226.304745,CM0c0b1Zc8lJfH6cBl,10.0.2.15,49228,104.123.232.112,443,TLSv12,TLS_ECDHE_RSA_WITH_AES_256_GCM_SHA384,secp256r1,panasonic.co.jp,False,True,CsxknGIti,"['e57e0738df00a578dc65779d8bdccac9ef528bb998e4c5dad294d58f07b5477c', '074541ecdf88ed992ed5ade3ecddef27a26ba1b44480a195c0a8dadae2521d8e']",[],1.0,0ffee3ba8e615ad22535e7f771690a28,2b33c1374db4ddf06942f92373c0b54b,http/1.1,,226.284745,10.0.2.15,49228,104.123.232.112,443,tcp,125.84628600000002,662.0,3962.0,SF,True,False,0,ShADadTTFfRr,25,1686,26,5006,ssl,0
229.625178,CIq63Y1YVQAIDxKfPd,10.0.2.15,49233,216.58.214.228,443,TLSv12,TLS_ECDHE_RSA_WITH_AES_128_GCM_SHA256,x25519,www.google.com,False,True,CsxknGIti,"['956e194960c68ac27a798b9de5f275ac1b0d80576783cff18c752250b5f1f519', '9f630426df1d8abfd80ace98871ba833ab9742cb34838de2b5285ed54c0c7dcc', '3c35cc963eb004451323d3275d05b353235053490d9cd83729a2faf5e7ca1cc0']",[],1.0,0ffee3ba8e615ad22535e7f771690a28,ab41313cfec25328b20865eb1388e0a2,h2,,229.60084,10.0.2.15,49233,216.58.214.228,443,tcp,369.362864,7829.0,126493.0,SF,True,False,0,ShADadfF,126,12881,236,135937,ssl,0
229.63147,CWzdyDwgDdBr1PAn,10.0.2.15,49234,216.58.214.228,443,TLSv12,TLS_ECDHE_RSA_WITH_AES_128_GCM_SHA256,x25519,www.google.com,False,True,CsxknGIti,"['956e194960c68ac27a798b9de5f275ac1b0d80576783cff18c752250b5f1f519', '9f630426df1d8abfd80ace98871ba833ab9742cb34838de2b5285ed54c0c7dcc', '3c35cc963eb004451323d3275d05b353235053490d9cd83729a2faf5e7ca1cc0']",[],1.0,0ffee3ba8e615ad22535e7f771690a28,ab41313cfec25328b20865eb1388e0a2,h2,,229.612487,10.0.2.15,49234,216.58.214.228,443,tcp,0.490925000000004,524.0,3875.0,RSTO,True,False,0,ShADadR,10,936,12,4359,ssl,0
229.659149,Cv3bFI31q8oQnXMDD8,10.0.2.15,49235,31.13.93.7,443,TLSv12,TLS_ECDHE_ECDSA_WITH_AES_128_GCM_SHA256,secp256r1,connect.facebook.net,False,True,CsxknGIti,"['152151b387412a95ab90fd4664f2d98880408e9e43913124e4c91226a483386b', '19400be5b7a31fb733917700789d2f0a2471c0c9d506c0e504c06c16d7cb17c0']",[],1.0,0ffee3ba8e615ad22535e7f771690a28,2d1eb5817ece335c24904f516ad5da12,h2,,229.616056,10.0.2.15,49235,31.13.93.7,443,tcp,266.30289000000005,1218.0,77799.0,SF,True,False,0,ShADadFfRr,43,2950,85,81203,ssl,0
229.821123,C0na0z4PCXwyKflHT1,10.0.2.15,49236,31.13.93.7,443,TLSv12,TLS_ECDHE_ECDSA_WITH_AES_128_GCM_SHA256,secp256r1,connect.facebook.net,False,True,CsxknGIti,"['152151b387412a95ab90fd4664f2d98880408e9e43913124e4c91226a483386b', '19400be5b7a31fb733917700789d2f0a2471c0c9d506c0e504c06c16d7cb17c0']",[],1.0,0ffee3ba8e615ad22535e7f771690a28,2d1eb5817ece335c24904f516ad5da12,h2,,229.65974,10.0.2.15,49236,31.13.93.7,443,tcp,0.5867289999999911,563.0,3942.0,RSTR,True,False,0,ShADadfRr,12,1055,15,4546,ssl,0
231.112734,CW8Eqm1AyBDaLsCfG,10.0.2.15,49241,216.58.214.237,443,TLSv12,TLS_ECDHE_RSA_WITH_AES_128_GCM_SHA256,x25519,accounts.google.com,False,True,CsxknGIti,"['db115550b0150d52e887a39b4b96793248152b63f300461c73a507e588f3f749', '9f630426df1d8abfd80ace98871ba833ab9742cb34838de2b5285ed54c0c7dcc', '3c35cc963eb004451323d3275d05b353235053490d9cd83729a2faf5e7ca1cc0']",[],1.0,0ffee3ba8e615ad22535e7f771690a28,ab41313cfec25328b20865eb1388e0a2,h2,,231.091483,10.0.2.15,49241,216.58.214.237,443,tcp,193.774458,1360.0,4839.0,SF,True,False,0,ShADadFf,21,2212,26,5883,ssl,0
233.521052,CIOdl74urId8i5qjik,10.0.2.15,49246,216.58.214.227,443,TLSv12,TLS_ECDHE_ECDSA_WITH_AES_128_GCM_SHA256,x25519,ssl.gstatic.com,False,True,CsxknGIti,"['11ddd329046367c19b32ffdb02ed308de129de4d6ffcf95856d7bd6a7accfba9', '9f630426df1d8abfd80ace98871ba833ab9742cb34838de2b5285ed54c0c7dcc', '3c35cc963eb004451323d3275d05b353235053490d9cd83729a2faf5e7ca1cc0']",[],1.0,0ffee3ba8e615ad22535e7f771690a28,84480cf8cf0e732666092640e581e1a5,h2,,233.485156,10.0.2.15,49246,216.58.214.227,443,tcp,205.938519,1373.0,9922.0,SF,True,False,0,ShADadFf,27,2465,39,11486,ssl,0
233.616819,C0qrIF1v8SxfJE1CX6,10.0.2.15,49248,216.58.214.238,443,TLSv12,TLS_ECDHE_ECDSA_WITH_AES_128_GCM_SHA256,x25519,cse.google.com,False,True,CsxknGIti,"['11ddd329046367c19b32ffdb02ed308de129de4d6ffcf95856d7bd6a7accfba9', '9f630426df1d8abfd80ace98871ba833ab9742cb34838de2b5285ed54c0c7dcc', '3c35cc963eb004451323d3275d05b353235053490d9cd83729a2faf5e7ca1cc0']",[],1.0,0ffee3ba8e615ad22535e7f771690a28,84480cf8cf0e732666092640e581e1a5,h2,,233.575808,10.0.2.15,49248,216.58.214.238,443,tcp,0.5992200000000021,495.0,4423.0,SF,True,False,0,ShADadFf,10,907,14,4987,ssl,0
233.61455,CKeFm736DdGUwyA4W8,10.0.2.15,49247,216.58.214.238,443,TLSv12,TLS_ECDHE_ECDSA_WITH_AES_128_GCM_SHA256,x25519,cse.google.com,False,True,CsxknGIti,"['11ddd329046367c19b32ffdb02ed308de129de4d6ffcf95856d7bd6a7accfba9', '9f630426df1d8abfd80ace98871ba833ab9742cb34838de2b5285ed54c0c7dcc', '3c35cc963eb004451323d3275d05b353235053490d9cd83729a2faf5e7ca1cc0']",[],1.0,0ffee3ba8e615ad22535e7f771690a28,84480cf8cf0e732666092640e581e1a5,h2,,233.574266,10.0.2.15,49247,216.58.214.238,443,tcp,0.707485000000019,495.0,4422.0,SF,True,False,0,ShADadFf,9,867,12,4906,ssl,0
234.347564,CAycl64kZksZdBriX1,10.0.2.15,49250,216.58.214.194,443,TLSv12,TLS_ECDHE_RSA_WITH_AES_128_GCM_SHA256,x25519,googleads.g.doubleclick.net,False,True,CsxknGIti,"['a32ffddd76f9e7debbfc9a37b38d2ef86039b30a10d7c45ab8223d149cf99699', '9f630426df1d8abfd80ace98871ba833ab9742cb34838de2b5285ed54c0c7dcc', '3c35cc963eb004451323d3275d05b353235053490d9cd83729a2faf5e7ca1cc0']",[],1.0,0ffee3ba8e615ad22535e7f771690a28,ab41313cfec25328b20865eb1388e0a2,h2,,234.315839,10.0.2.15,49250,216.58.214.194,443,tcp,613.578658,5240.0,11792.0,SF,True,False,0,ShADadfF,53,7372,68,14516,ssl,0
234.352351,CoP5PjNUFzsCCzXch,10.0.2.15,49251,216.58.214.194,443,TLSv12,TLS_ECDHE_RSA_WITH_AES_128_GCM_SHA256,x25519,googleads.g.doubleclick.net,False,True,CsxknGIti,"['a32ffddd76f9e7debbfc9a37b38d2ef86039b30a10d7c45ab8223d149cf99699', '9f630426df1d8abfd80ace98871ba833ab9742cb34838de2b5285ed54c0c7dcc', '3c35cc963eb004451323d3275d05b353235053490d9cd83729a2faf5e7ca1cc0']",[],1.0,0ffee3ba8e615ad22535e7f771690a28,ab41313cfec25328b20865eb1388e0a2,h2,,234.31763,10.0.2.15,49251,216.58.214.194,443,tcp,0.5391359999999851,537.0,4085.0,SF,True,False,0,ShADadFf,11,989,14,4649,ssl,0
234.908497,C43S0p3b3kf0l190ga,10.0.2.15,49255,74.125.206.154,443,TLSv12,TLS_ECDHE_RSA_WITH_AES_128_GCM_SHA256,x25519,stats.g.doubleclick.net,False,True,CsxknGIti,"['8d80516b26a9002a020bc551f01c44620d0d726476e4babc515dc5c82f0555b5', '9f630426df1d8abfd80ace98871ba833ab9742cb34838de2b5285ed54c0c7dcc', '3c35cc963eb004451323d3275d05b353235053490d9cd83729a2faf5e7ca1cc0']",[],1.0,0ffee3ba8e615ad22535e7f771690a28,ab41313cfec25328b20865eb1388e0a2,h2,,234.872905,10.0.2.15,49255,74.125.206.154,443,tcp,301.059958,2531.0,5604.0,SF,True,False,0,ShADadFf,28,3663,35,7008,ssl,0
234.906802,CHMCMz2uKwo05v3VFd,10.0.2.15,49254,74.125.206.154,443,TLSv12,TLS_ECDHE_RSA_WITH_AES_128_GCM_SHA256,x25519,stats.g.doubleclick.net,False,True,CsxknGIti,"['8d80516b26a9002a020bc551f01c44620d0d726476e4babc515dc5c82f0555b5', '9f630426df1d8abfd80ace98871ba833ab9742cb34838de2b5285ed54c0c7dcc', '3c35cc963eb004451323d3275d05b353235053490d9cd83729a2faf5e7ca1cc0']",[],1.0,0ffee3ba8e615ad22535e7f771690a28,ab41313cfec25328b20865eb1388e0a2,h2,,234.871808,10.0.2.15,49254,74.125.206.154,443,tcp,0.499470000000002,948.0,4481.0,SF,True,False,0,ShADadFf,15,1560,20,5285,ssl,0
235.412547,CJOcA63pPDwFLwn577,10.0.2.15,49256,93.184.220.66,443,TLSv12,TLS_ECDHE_RSA_WITH_AES_128_GCM_SHA256,secp256r1,platform.twitter.com,False,True,CsxuknGIti,"['498dfbfa068ce7e3252a308f9578608d3df2d287b5b9284571f7d3ed43ba3ab0', '19400be5b7a31fb733917700789d2f0a2471c0c9d506c0e504c06c16d7cb17c0', '7431e5f4c3c1ce4690774f0b61e05440883ba9a01ed00ba6abd7806ed3b118cf']",[],1.0,0ffee3ba8e615ad22535e7f771690a28,76cc3e2d3028143b23ec18e27dbd7ca9,http/1.1,,235.379034,10.0.2.15,49256,93.184.220.66,443,tcp,5.472470000000016,354.0,5773.0,SF,True,False,0,ShADadFfRr,11,806,15,6377,ssl,0
236.049149,Cvz2Cv5jUZw9zWqB2,10.0.2.15,49257,216.58.214.238,443,TLSv12,TLS_ECDHE_ECDSA_WITH_AES_128_GCM_SHA256,x25519,www.youtube.com,False,True,CsxknGIti,"['11ddd329046367c19b32ffdb02ed308de129de4d6ffcf95856d7bd6a7accfba9', '9f630426df1d8abfd80ace98871ba833ab9742cb34838de2b5285ed54c0c7dcc', '3c35cc963eb004451323d3275d05b353235053490d9cd83729a2faf5e7ca1cc0']",[],1.0,0ffee3ba8e615ad22535e7f771690a28,84480cf8cf0e732666092640e581e1a5,h2,,235.792323,10.0.2.15,49257,216.58.214.238,443,tcp,0.6755069999999811,496.0,4421.0,SF,True,False,0,ShADadFf,11,948,14,4985,ssl,0
236.055832,CjrIMOzJcEwug8eWa,10.0.2.15,49258,216.58.214.238,443,TLSv12,TLS_ECDHE_ECDSA_WITH_AES_128_GCM_SHA256,x25519,www.youtube.com,False,True,CsxknGIti,"['11ddd329046367c19b32ffdb02ed308de129de4d6ffcf95856d7bd6a7accfba9', '9f630426df1d8abfd80ace98871ba833ab9742cb34838de2b5285ed54c0c7dcc', '3c35cc963eb004451323d3275d05b353235053490d9cd83729a2faf5e7ca1cc0']",[],1.0,0ffee3ba8e615ad22535e7f771690a28,84480cf8cf0e732666092640e581e1a5,h2,,235.817948,10.0.2.15,49258,216.58.214.238,443,tcp,0.744380000000006,496.0,4423.0,SF,True,False,0,ShADadFf,11,948,15,5027,ssl,0
238.271669,CygMMD2wXmAI6Mrkd4,10.0.2.15,49261,216.58.214.227,443,TLSv12,TLS_ECDHE_ECDSA_WITH_AES_128_GCM_SHA256,x25519,fonts.gstatic.com,False,True,CsxknGIti,"['11ddd329046367c19b32ffdb02ed308de129de4d6ffcf95856d7bd6a7accfba9', '9f630426df1d8abfd80ace98871ba833ab9742cb34838de2b5285ed54c0c7dcc', '3c35cc963eb004451323d3275d05b353235053490d9cd83729a2faf5e7ca1cc0']",[],1.0,0ffee3ba8e615ad22535e7f771690a28,84480cf8cf0e732666092640e581e1a5,h2,,237.954433,10.0.2.15,49261,216.58.214.227,443,tcp,252.969725,1855.0,22326.0,SF,True,False,0,ShADadFf,32,3147,48,24250,ssl,0
239.59611,CNxhAP1TMJjqVSsDDd,10.0.2.15,49264,216.58.214.238,443,TLSv12,TLS_ECDHE_ECDSA_WITH_AES_128_GCM_SHA256,x25519,s.ytimg.com,False,True,CsxknGIti,"['11ddd329046367c19b32ffdb02ed308de129de4d6ffcf95856d7bd6a7accfba9', '9f630426df1d8abfd80ace98871ba833ab9742cb34838de2b5285ed54c0c7dcc', '3c35cc963eb004451323d3275d05b353235053490d9cd83729a2faf5e7ca1cc0']",[],1.0,0ffee3ba8e615ad22535e7f771690a28,84480cf8cf0e732666092640e581e1a5,h2,,239.541667,10.0.2.15,49264,216.58.214.238,443,tcp,0.5115700000000061,492.0,4406.0,SF,True,False,0,ShADadFf,10,904,13,4930,ssl,0
239.590677,C4XwLD4DvWXMvDBrb,10.0.2.15,49263,216.58.214.238,443,TLSv12,TLS_ECDHE_ECDSA_WITH_AES_128_GCM_SHA256,x25519,s.ytimg.com,False,True,CsxknGIti,"['11ddd329046367c19b32ffdb02ed308de129de4d6ffcf95856d7bd6a7accfba9', '9f630426df1d8abfd80ace98871ba833ab9742cb34838de2b5285ed54c0c7dcc', '3c35cc963eb004451323d3275d05b353235053490d9cd83729a2faf5e7ca1cc0']",[],1.0,0ffee3ba8e615ad22535e7f771690a28,84480cf8cf0e732666092640e581e1a5,h2,,239.53981,10.0.2.15,49263,216.58.214.238,443,tcp,0.50517400000001,492.0,4406.0,SF,True,False,0,ShADadFf,9,864,12,4890,ssl,0
240.293447,CevcRe4kuWYUEJfT21,10.0.2.15,49265,216.58.214.202,443,TLSv12,TLS_ECDHE_RSA_WITH_AES_128_GCM_SHA256,x25519,www.googleapis.com,False,True,CsxknGIti,"['0ca616f3b5a49ded9af60777a33ae7119bfd6de6a815dbee0b64d5d69491aa06', '9f630426df1d8abfd80ace98871ba833ab9742cb34838de2b5285ed54c0c7dcc', '3c35cc963eb004451323d3275d05b353235053490d9cd83729a2faf5e7ca1cc0']",[],1.0,0ffee3ba8e615ad22535e7f771690a28,ab41313cfec25328b20865eb1388e0a2,h2,,240.232772,10.0.2.15,49265,216.58.214.202,443,tcp,247.869602,1149.0,6445.0,SF,True,False,0,ShADadFf,24,2121,30,7649,ssl,0
240.427933,Cn9tqX2sxZaC0j8DE7,10.0.2.15,49266,216.58.214.227,443,TLSv12,TLS_ECDHE_RSA_WITH_AES_128_GCM_SHA256,x25519,www.google.cz,False,True,CsxknGIti,"['635ff633f6427d8bb4cff322e016a54fd8da246e8392221d6a58ae24f13c6119', '9f630426df1d8abfd80ace98871ba833ab9742cb34838de2b5285ed54c0c7dcc', '3c35cc963eb004451323d3275d05b353235053490d9cd83729a2faf5e7ca1cc0']",[],1.0,0ffee3ba8e615ad22535e7f771690a28,ab41313cfec25328b20865eb1388e0a2,h2,,240.372614,10.0.2.15,49266,216.58.214.227,443,tcp,607.510268,14324.0,327497.0,SF,True,False,0,ShADadfF,187,21816,419,344261,ssl,0
240.456258,CF6nsC1WjCKYnUdsfi,10.0.2.15,49267,216.58.214.227,443,TLSv12,TLS_ECDHE_RSA_WITH_AES_128_GCM_SHA256,x25519,www.google.cz,False,True,CsxknGIti,"['635ff633f6427d8bb4cff322e016a54fd8da246e8392221d6a58ae24f13c6119', '9f630426df1d8abfd80ace98871ba833ab9742cb34838de2b5285ed54c0c7dcc', '3c35cc963eb004451323d3275d05b353235053490d9cd83729a2faf5e7ca1cc0']",[],1.0,0ffee3ba8e615ad22535e7f771690a28,ab41313cfec25328b20865eb1388e0a2,h2,,240.419346,10.0.2.15,49267,216.58.214.227,443,tcp,0.7048430000000111,523.0,3864.0,SF,True,False,0,ShADadFf,12,1015,14,4428,ssl,0
241.138918,CWuzl21ZDjn4oN6dwj,10.0.2.15,49271,31.13.93.36,443,TLSv12,TLS_ECDHE_ECDSA_WITH_AES_128_GCM_SHA256,secp256r1,www.facebook.com,False,True,CsxknGIti,"['152151b387412a95ab90fd4664f2d98880408e9e43913124e4c91226a483386b', '19400be5b7a31fb733917700789d2f0a2471c0c9d506c0e504c06c16d7cb17c0']",[],1.0,0ffee3ba8e615ad22535e7f771690a28,2d1eb5817ece335c24904f516ad5da12,h2,,240.977101,10.0.2.15,49271,31.13.93.36,443,tcp,255.946964,2483.0,117539.0,RSTR,True,False,0,ShADadfRr,45,4295,117,122223,ssl,0
241.140005,CGLdt815wVCeLnkCD7,10.0.2.15,49270,31.13.93.36,443,TLSv12,TLS_ECDHE_ECDSA_WITH_AES_128_GCM_SHA256,secp256r1,www.facebook.com,False,True,CsxknGIti,"['152151b387412a95ab90fd4664f2d98880408e9e43913124e4c91226a483386b', '19400be5b7a31fb733917700789d2f0a2471c0c9d506c0e504c06c16d7cb17c0']",[],1.0,0ffee3ba8e615ad22535e7f771690a28,2d1eb5817ece335c24904f516ad5da12,h2,,240.935797,10.0.2.15,49270,31.13.93.36,443,tcp,0.439155999999997,528.0,3941.0,SF,True,False,0,ShADadfF,10,940,14,4505,ssl,0
242.235526,CAbdQ83iOseSYLlC3e,10.0.2.15,49278,183.79.187.141,443,TLSv12,TLS_ECDHE_RSA_WITH_AES_128_GCM_SHA256,secp256r1,b0.yahoo.co.jp,False,True,CsxuknGIi,"['218f09b8ba90b8b7f96fd5393aa50cb2d9e076690dc24651c94ad236054ec243', '0b339212d7cff17a2c59e35669b58e77350133750a78da9404770edd470def76']",[],1.0,0ffee3ba8e615ad22535e7f771690a28,1d92b1ca39d82e415ee788b0324f6e25,http/1.1,,241.960633,10.0.2.15,49278,183.79.187.141,443,tcp,9.56113400000001,787.0,5336.0,SF,True,False,0,ShADadfF,11,1239,15,5940,ssl,0
242.243534,CGMMvf3kY7hLn1pZjg,10.0.2.15,49277,183.79.187.141,443,TLSv12,TLS_ECDHE_RSA_WITH_AES_128_GCM_SHA256,secp256r1,b0.yahoo.co.jp,False,True,CsxuknGIi,"['218f09b8ba90b8b7f96fd5393aa50cb2d9e076690dc24651c94ad236054ec243', '0b339212d7cff17a2c59e35669b58e77350133750a78da9404770edd470def76']",[],1.0,0ffee3ba8e615ad22535e7f771690a28,1d92b1ca39d82e415ee788b0324f6e25,http/1.1,,241.959859,10.0.2.15,49277,183.79.187.141,443,tcp,10.125164000000012,706.0,5336.0,SF,True,False,0,ShADadfF,11,1158,15,5940,ssl,0
242.258376,CFyoCo3lIiQyjhfTu8,10.0.2.15,49275,183.79.187.141,443,TLSv12,TLS_ECDHE_RSA_WITH_AES_128_GCM_SHA256,secp256r1,b0.yahoo.co.jp,False,True,CsxuknGIi,"['218f09b8ba90b8b7f96fd5393aa50cb2d9e076690dc24651c94ad236054ec243', '0b339212d7cff17a2c59e35669b58e77350133750a78da9404770edd470def76']",[],1.0,0ffee3ba8e615ad22535e7f771690a28,1d92b1ca39d82e415ee788b0324f6e25,http/1.1,,241.95616,10.0.2.15,49275,183.79.187.141,443,tcp,6.736312999999996,348.0,4583.0,SF,True,False,0,ShADadFf,10,760,12,5067,ssl,0
242.275003,CDWFpv4GiCYihjcCHg,10.0.2.15,49276,183.79.187.141,443,TLSv12,TLS_ECDHE_RSA_WITH_AES_128_GCM_SHA256,secp256r1,b0.yahoo.co.jp,False,True,CsxuknGIi,"['218f09b8ba90b8b7f96fd5393aa50cb2d9e076690dc24651c94ad236054ec243', '0b339212d7cff17a2c59e35669b58e77350133750a78da9404770edd470def76']",[],1.0,0ffee3ba8e615ad22535e7f771690a28,1d92b1ca39d82e415ee788b0324f6e25,http/1.1,,241.958812,10.0.2.15,49276,183.79.187.141,443,tcp,6.730862999999999,348.0,4614.0,RSTO,True,False,0,ShADadFR,10,760,11,5058,ssl,0
242.525954,CPeroMt882l4j9VM6,10.0.2.15,49283,183.79.187.141,443,TLSv12,TLS_ECDHE_RSA_WITH_AES_128_GCM_SHA256,secp256r1,b0.yahoo.co.jp,False,True,CsxuknGIi,"['218f09b8ba90b8b7f96fd5393aa50cb2d9e076690dc24651c94ad236054ec243', '0b339212d7cff17a2c59e35669b58e77350133750a78da9404770edd470def76']",[],1.0,0ffee3ba8e615ad22535e7f771690a28,1d92b1ca39d82e415ee788b0324f6e25,http/1.1,,242.22157,10.0.2.15,49283,183.79.187.141,443,tcp,6.448639999999983,348.0,4614.0,RSTO,True,False,0,ShADadFR,10,760,11,5058,ssl,0
242.593494,CUzBr11xLY2MmBSoq3,10.0.2.15,49282,183.79.187.141,443,TLSv12,TLS_ECDHE_RSA_WITH_AES_128_GCM_SHA256,secp256r1,b0.yahoo.co.jp,False,True,CsxuknGIi,"['218f09b8ba90b8b7f96fd5393aa50cb2d9e076690dc24651c94ad236054ec243', '0b339212d7cff17a2c59e35669b58e77350133750a78da9404770edd470def76']",[],1.0,0ffee3ba8e615ad22535e7f771690a28,1d92b1ca39d82e415ee788b0324f6e25,http/1.1,,242.213326,10.0.2.15,49282,183.79.187.141,443,tcp,6.441790999999995,348.0,4614.0,RSTO,True,False,0,ShADadFR,10,760,12,5098,ssl,0
243.818123,CF25Mm42lvARM6TFQk,10.0.2.15,49289,104.244.43.176,443,TLSv12,TLS_ECDHE_RSA_WITH_AES_128_GCM_SHA256,secp256r1,static.ads-twitter.com,False,True,CsxuknGIti,"['57c868a580b1e1d5c88d4b5ac225b028e8774ddb7c0e68e7729c4df4ffc17086', '19400be5b7a31fb733917700789d2f0a2471c0c9d506c0e504c06c16d7cb17c0']",[],1.0,0ffee3ba8e615ad22535e7f771690a28,76cc3e2d3028143b23ec18e27dbd7ca9,http/1.1,,243.74989,10.0.2.15,49289,104.244.43.176,443,tcp,11.55577200000002,730.0,4707.0,SF,True,False,0,ShADadTfF,12,1223,14,5271,ssl,0
244.551135,Cogyix4h7tkD4QcPxg,10.0.2.15,49291,199.16.156.201,443,TLSv12,TLS_ECDHE_RSA_WITH_AES_128_GCM_SHA256,secp256r1,syndication.twitter.com,False,True,CsxknGIti,"['75e85da383dbf4ced92713e6768c061d0aca2ee11ea14e2a1486adb26098b2de', '19400be5b7a31fb733917700789d2f0a2471c0c9d506c0e504c06c16d7cb17c0']",[],1.0,0ffee3ba8e615ad22535e7f771690a28,8d2a028aa94425f76ced7826b1f39039,h2,,244.20845,10.0.2.15,49291,199.16.156.201,443,tcp,196.32623,1519.0,4878.0,RSTO,True,False,0,ShADadFR,22,2411,25,5882,ssl,0
244.553264,CPuGAX3r9IawoOuZS6,10.0.2.15,49292,199.16.156.9,443,TLSv12,TLS_ECDHE_RSA_WITH_AES_128_GCM_SHA256,secp256r1,analytics.twitter.com,False,True,CsxknGIti,"['d73ceb7605c00e14e0bb87516ddc2a48c8ba71d10920ec2c7d6680c42d3cdba0', '19400be5b7a31fb733917700789d2f0a2471c0c9d506c0e504c06c16d7cb17c0']",[],1.0,0ffee3ba8e615ad22535e7f771690a28,8d2a028aa94425f76ced7826b1f39039,h2,,244.210463,10.0.2.15,49292,199.16.156.9,443,tcp,260.841354,1737.0,5845.0,RSTO,True,False,0,ShADadFR,28,2869,33,7169,ssl,0
244.799804,CwZxFj1yRQxNyseKM6,10.0.2.15,49294,199.16.156.201,443,TLSv12,TLS_ECDHE_RSA_WITH_AES_128_GCM_SHA256,secp256r1,syndication.twitter.com,False,True,CsxknGIti,"['75e85da383dbf4ced92713e6768c061d0aca2ee11ea14e2a1486adb26098b2de', '19400be5b7a31fb733917700789d2f0a2471c0c9d506c0e504c06c16d7cb17c0']",[],1.0,0ffee3ba8e615ad22535e7f771690a28,8d2a028aa94425f76ced7826b1f39039,h2,,244.559366,10.0.2.15,49294,199.16.156.201,443,tcp,1.807951000000002,566.0,4139.0,RSTO,True,False,0,ShADadFR,12,1058,15,4743,ssl,0
244.800664,Cnjcxs39wumx39g7pj,10.0.2.15,49293,199.16.156.9,443,TLSv12,TLS_ECDHE_RSA_WITH_AES_128_GCM_SHA256,secp256r1,analytics.twitter.com,False,True,CsxknGIti,"['d73ceb7605c00e14e0bb87516ddc2a48c8ba71d10920ec2c7d6680c42d3cdba0', '19400be5b7a31fb733917700789d2f0a2471c0c9d506c0e504c06c16d7cb17c0']",[],1.0,0ffee3ba8e615ad22535e7f771690a28,8d2a028aa94425f76ced7826b1f39039,h2,,244.555542,10.0.2.15,49293,199.16.156.9,443,tcp,1.853081000000003,564.0,4116.0,SF,True,False,0,ShADadFRfr,13,1096,17,4800,ssl,0
248.429557,C1nQh52TFnYr6UcX2j,10.0.2.15,49314,124.33.183.202,443,TLSv10,TLS_DHE_RSA_WITH_AES_128_CBC_SHA,,bs.nakanohito.jp,False,True,CsxknGIi,"['414cd1cc6db5829aa747b7a145121240ad08db5271e6d0e54e7bce6caf43804e', 'bc3f03a436240edba5f83714f6f677e34b37f9b1f0c08c1e558d981e279e8209']",[],1.0,0ffee3ba8e615ad22535e7f771690a28,4f018bc336c48beb79763b308b43c6dd,,,248.139554,10.0.2.15,49314,124.33.183.202,443,tcp,1.414963,1174.0,3446.0,SF,True,False,0,ShADadfF,9,1546,12,3930,ssl,0
257.67385,C4fuc1O2YSwnqfZNd,10.0.2.15,49324,104.123.193.117,443,TLSv12,TLS_ECDHE_ECDSA_WITH_AES_256_GCM_SHA384,secp256r1,assets.allocine.fr,False,True,CsxknGIti,"['44ba1fb9458f96b228115a713faad9dee60397e36e87b377da390c76dc59b8b5', '2e2861289b5ccedecae4c31bf262e0fb0c29b6c1530573442731ca65d821e901']",[],1.0,0ffee3ba8e615ad22535e7f771690a28,1f5a67caff68e3d312696e32f7396c70,http/1.1,,257.595104,10.0.2.15,49324,104.123.193.117,443,tcp,124.651951,680.0,5720.0,SF,True,False,0,ShADadTTFfRr,25,1704,27,6804,ssl,0
257.645398,CVdCX23uelCRhd7Znj,10.0.2.15,49323,104.123.193.117,443,TLSv12,TLS_ECDHE_ECDSA_WITH_AES_256_GCM_SHA384,secp256r1,assets.allocine.fr,False,True,CsxknGIti,"['44ba1fb9458f96b228115a713faad9dee60397e36e87b377da390c76dc59b8b5', '2e2861289b5ccedecae4c31bf262e0fb0c29b6c1530573442731ca65d821e901']",[],1.0,0ffee3ba8e615ad22535e7f771690a28,1f5a67caff68e3d312696e32f7396c70,http/1.1,,257.584788,10.0.2.15,49323,104.123.193.117,443,tcp,125.670394,705.0,6962.0,SF,True,False,0,ShADadTTFfRr,25,1729,28,8086,ssl,0
257.645934,CECbtw4ZDjM10BL971,10.0.2.15,49322,104.123.193.117,443,TLSv12,TLS_ECDHE_ECDSA_WITH_AES_256_GCM_SHA384,secp256r1,assets.allocine.fr,False,True,CsxknGIti,"['44ba1fb9458f96b228115a713faad9dee60397e36e87b377da390c76dc59b8b5', '2e2861289b5ccedecae4c31bf262e0fb0c29b6c1530573442731ca65d821e901']",[],1.0,0ffee3ba8e615ad22535e7f771690a28,1f5a67caff68e3d312696e32f7396c70,http/1.1,,257.582112,10.0.2.15,49322,104.123.193.117,443,tcp,125.65835500000004,707.0,165190.0,SF,True,False,0,ShADadTTFfRr,58,3051,171,172034,ssl,0
257.64668,Cz8K2q3BTA1qXShAG1,10.0.2.15,49321,104.123.193.117,443,TLSv12,TLS_ECDHE_ECDSA_WITH_AES_256_GCM_SHA384,secp256r1,assets.allocine.fr,False,True,CsxknGIti,"['44ba1fb9458f96b228115a713faad9dee60397e36e87b377da390c76dc59b8b5', '2e2861289b5ccedecae4c31bf262e0fb0c29b6c1530573442731ca65d821e901']",[],1.0,0ffee3ba8e615ad22535e7f771690a28,1f5a67caff68e3d312696e32f7396c70,http/1.1,,257.565897,10.0.2.15,49321,104.123.193.117,443,tcp,125.68933499999996,700.0,10412.0,SF,True,False,0,ShADadTTFf,24,1684,30,11616,ssl,0
257.647125,CW4nyt4e5x5KdhRfOh,10.0.2.15,49320,104.123.193.117,443,TLSv12,TLS_ECDHE_ECDSA_WITH_AES_256_GCM_SHA384,secp256r1,assets.allocine.fr,False,True,CsxknGIti,"['44ba1fb9458f96b228115a713faad9dee60397e36e87b377da390c76dc59b8b5', '2e2861289b5ccedecae4c31bf262e0fb0c29b6c1530573442731ca65d821e901']",[],1.0,0ffee3ba8e615ad22535e7f771690a28,1f5a67caff68e3d312696e32f7396c70,http/1.1,,257.559871,10.0.2.15,49320,104.123.193.117,443,tcp,124.67704300000004,685.0,14663.0,RSTO,True,False,0,ShADadTTFR,27,1789,36,16107,ssl,0
258.547621,Chjro344ZMjEVu4Gq6,10.0.2.15,49340,104.123.193.117,443,TLSv12,TLS_ECDHE_ECDSA_WITH_AES_256_GCM_SHA384,secp256r1,assets.allocine.fr,False,True,CsxknGIti,"['44ba1fb9458f96b228115a713faad9dee60397e36e87b377da390c76dc59b8b5', '2e2861289b5ccedecae4c31bf262e0fb0c29b6c1530573442731ca65d821e901']",[],1.0,0ffee3ba8e615ad22535e7f771690a28,1f5a67caff68e3d312696e32f7396c70,http/1.1,,258.453701,10.0.2.15,49340,104.123.193.117,443,tcp,142.95973599999996,1948.0,227996.0,RSTO,True,False,0,ShADadTTFR,98,5893,248,237920,ssl,0
258.609452,ClEyue1g3a6JWAdJOk,10.0.2.15,49335,104.123.193.117,443,TLSv12,TLS_ECDHE_ECDSA_WITH_AES_256_GCM_SHA384,secp256r1,assets.allocine.fr,False,True,CsxknGIti,"['44ba1fb9458f96b228115a713faad9dee60397e36e87b377da390c76dc59b8b5', '2e2861289b5ccedecae4c31bf262e0fb0c29b6c1530573442731ca65d821e901']",[],1.0,0ffee3ba8e615ad22535e7f771690a28,1f5a67caff68e3d312696e32f7396c70,http/1.1,,258.439552,10.0.2.15,49335,104.123.193.117,443,tcp,124.800857,682.0,18357.0,SF,True,False,0,ShADadTTFfRr,27,1786,40,19961,ssl,0
262.413835,CZx2nQ1yOByX2mcXwf,10.0.2.15,49347,62.161.94.230,443,TLSv12,TLS_ECDHE_RSA_WITH_AES_128_GCM_SHA256,secp256r1,logs1188.xiti.com,False,True,CsxknGIi,"['eed9d3d6bd6767c3e4476f4a5e849bf2bbaa3b9ee0deb5792e776eedb3db2f07', 'b7a8af2a4a43f0a86b15604de6461209c9cd76894d8b0748bc99d9a797013bb0']",[],1.0,0ffee3ba8e615ad22535e7f771690a28,699a80bdb17efe157c861f92c5bf5d1d,,,262.359219,10.0.2.15,49347,62.161.94.230,443,tcp,0.496614000000022,915.0,3759.0,RSTR,True,False,0,ShADadRr,10,1327,12,4243,ssl,0
270.3976,CspptK1vrIYoSSgawc,10.0.2.15,49357,104.123.193.117,443,TLSv12,TLS_ECDHE_ECDSA_WITH_AES_256_GCM_SHA384,,assets.allocine.fr,True,True,CsiI,,,,1a5fe5677b0e4fbbc854e8908225637d,4560a2cba28d0d5a9c9208d56ff6b439,http/1.1,,270.381995,10.0.2.15,49357,104.123.193.117,443,tcp,126.324096,1456.0,10505.0,SF,True,False,0,ShADadTTFf,27,2560,33,11829,ssl,0
270.401331,CebQj73715GRX3Q2u,10.0.2.15,49356,104.123.193.117,443,TLSv12,TLS_ECDHE_ECDSA_WITH_AES_256_GCM_SHA384,,assets.allocine.fr,True,True,CsiI,,,,1a5fe5677b0e4fbbc854e8908225637d,4560a2cba28d0d5a9c9208d56ff6b439,http/1.1,,270.381581,10.0.2.15,49356,104.123.193.117,443,tcp,126.324609,1346.0,11123.0,SF,True,False,0,ShADadTTFf,27,2450,30,12327,ssl,0
270.834304,CMZR6b3B8PlSUzFitg,10.0.2.15,49361,104.123.193.117,443,TLSv12,TLS_ECDHE_ECDSA_WITH_AES_256_GCM_SHA384,,assets.allocine.fr,True,True,CsiI,,,,1a5fe5677b0e4fbbc854e8908225637d,4560a2cba28d0d5a9c9208d56ff6b439,http/1.1,,270.578096,10.0.2.15,49361,104.123.193.117,443,tcp,5.626562999999976,599.0,183.0,RSTO,True,False,0,ShADadFR,7,891,7,467,ssl,0
273.558782,CqqiQ5pTQN5Fy7QUf,10.0.2.15,49372,62.161.94.230,443,TLSv12,TLS_ECDHE_RSA_WITH_AES_128_GCM_SHA256,secp256r1,logs1188.xiti.com,False,True,CsxknGIi,"['eed9d3d6bd6767c3e4476f4a5e849bf2bbaa3b9ee0deb5792e776eedb3db2f07', 'b7a8af2a4a43f0a86b15604de6461209c9cd76894d8b0748bc99d9a797013bb0']",[],1.0,0ffee3ba8e615ad22535e7f771690a28,699a80bdb17efe157c861f92c5bf5d1d,,,273.496144,10.0.2.15,49372,62.161.94.230,443,tcp,0.506894999999985,800.0,3975.0,SF,True,False,0,ShADadFf,10,1212,13,4499,ssl,0
273.923212,CgvTG3x3QMHExOSUl,10.0.2.15,49373,62.161.94.230,443,TLSv12,TLS_ECDHE_RSA_WITH_AES_128_GCM_SHA256,,logs1188.xiti.com,True,True,CsiI,,,,0ffee3ba8e615ad22535e7f771690a28,fbe78c619e7ea20046131294ad087f05,,,273.834893,10.0.2.15,49373,62.161.94.230,443,tcp,0.497092999999949,764.0,455.0,SF,True,False,0,ShADadFf,8,1096,9,819,ssl,0
273.968217,C3ZsYC4uADwhO6giAl,10.0.2.15,49376,62.161.94.230,443,TLSv12,TLS_ECDHE_RSA_WITH_AES_128_GCM_SHA256,,logs1188.xiti.com,True,True,CsiI,,,,0ffee3ba8e615ad22535e7f771690a28,fbe78c619e7ea20046131294ad087f05,,,273.921547,10.0.2.15,49376,62.161.94.230,443,tcp,3.20955600000002,277.0,168.0,SF,True,False,0,ShADadfF,6,529,7,452,ssl,0
275.005562,Cy1gSs24LS2zyewxQc,10.0.2.15,49383,178.250.2.67,443,TLSv12,TLS_RSA_WITH_AES_128_CBC_SHA,,gum.criteo.com,False,True,CsxnGIi,"['b0337c4f8b2eca88eca4de5aad8cba6d249c58c7a69f2d4b680e5adae991d2ac', 'eae72eb454bf6c3977ebd289e970b2f5282949190093d0d26f98d0f0d6a9cf17', '8420dfbe376f414bf4c0a81e6936d24ccc03f304835b86c7a39142fca723a689']",[],1.0,0ffee3ba8e615ad22535e7f771690a28,5dcc087b1a1d0a5b0658981a7e8b2c3c,,,274.956876,10.0.2.15,49383,178.250.2.67,443,tcp,11.129908999999998,975.0,4367.0,SF,True,False,0,ShADadTfF,13,1508,14,4931,ssl,0
276.626567,C4Zl153HL6JGpbPxd5,10.0.2.15,49393,216.58.214.238,443,TLSv12,TLS_ECDHE_RSA_WITH_AES_128_GCM_SHA256,x25519,www.google-analytics.com,False,True,CsxknGIti,"['31ed45c3400fc5f9a84dfaa0a6f6171369876ed4e2da669ee7f8edbe3593bf6b', '9f630426df1d8abfd80ace98871ba833ab9742cb34838de2b5285ed54c0c7dcc', '3c35cc963eb004451323d3275d05b353235053490d9cd83729a2faf5e7ca1cc0']",[],1.0,0ffee3ba8e615ad22535e7f771690a28,ab41313cfec25328b20865eb1388e0a2,h2,,276.293056,10.0.2.15,49393,216.58.214.238,443,tcp,198.57113000000004,2788.0,18208.0,SF,True,False,0,ShADadFf,34,4160,50,20212,ssl,0
279.076371,CdDeuY3Q7a7xznzFG6,10.0.2.15,49421,216.58.214.194,443,TLSv12,TLS_ECDHE_RSA_WITH_AES_128_GCM_SHA256,x25519,googleads.g.doubleclick.net,False,True,CsxknGIti,"['a32ffddd76f9e7debbfc9a37b38d2ef86039b30a10d7c45ab8223d149cf99699', '9f630426df1d8abfd80ace98871ba833ab9742cb34838de2b5285ed54c0c7dcc', '3c35cc963eb004451323d3275d05b353235053490d9cd83729a2faf5e7ca1cc0']",[],1.0,0ffee3ba8e615ad22535e7f771690a28,ab41313cfec25328b20865eb1388e0a2,h2,,278.950216,10.0.2.15,49421,216.58.214.194,443,tcp,199.917761,2736.0,57871.0,SF,True,False,0,ShADadFf,49,4708,88,61395,ssl,0
279.078873,CwzuT47POVRX4xZYh,10.0.2.15,49420,216.58.214.194,443,TLSv12,TLS_ECDHE_ECDSA_WITH_AES_128_GCM_SHA256,x25519,pagead2.googlesyndication.com,False,True,CsxknGIti,"['7dab2c14c2154b93fe35063ca1c26a233a78ca71cbb2bca391546edc16638392', '9f630426df1d8abfd80ace98871ba833ab9742cb34838de2b5285ed54c0c7dcc', '3c35cc963eb004451323d3275d05b353235053490d9cd83729a2faf5e7ca1cc0']",[],1.0,0ffee3ba8e615ad22535e7f771690a28,84480cf8cf0e732666092640e581e1a5,h2,,278.949477,10.0.2.15,49420,216.58.214.194,443,tcp,65.71202999999997,556.0,4427.0,SF,True,False,0,ShADadFRfr,15,1168,17,5111,ssl,0
279.084853,CLGxScNEDyuhj91f2,10.0.2.15,49418,216.58.214.194,443,TLSv12,TLS_ECDHE_ECDSA_WITH_AES_128_GCM_SHA256,x25519,pagead2.googlesyndication.com,False,True,CsxknGIti,"['7dab2c14c2154b93fe35063ca1c26a233a78ca71cbb2bca391546edc16638392', '9f630426df1d8abfd80ace98871ba833ab9742cb34838de2b5285ed54c0c7dcc', '3c35cc963eb004451323d3275d05b353235053490d9cd83729a2faf5e7ca1cc0']",[],1.0,0ffee3ba8e615ad22535e7f771690a28,84480cf8cf0e732666092640e581e1a5,h2,,278.940383,10.0.2.15,49418,216.58.214.194,443,tcp,1.779315999999994,510.0,4380.0,SF,True,False,0,ShADadFf,12,1002,13,4904,ssl,0
281.026149,C3kQyE3Be9fYZ2oyvg,10.0.2.15,49427,54.223.92.134,443,TLSv12,TLS_ECDHE_RSA_WITH_AES_128_GCM_SHA256,secp256r1,api.growingio.com,False,True,CsxknGIi,"['5584afeeb606f12b4610c035ed5f22a8cd41c522241ba1b01614af88e60edd92', 'bc3f03a436240edba5f83714f6f677e34b37f9b1f0c08c1e558d981e279e8209']",[],1.0,0ffee3ba8e615ad22535e7f771690a28,303951d4c50efb2e991652225a6f02b1,,,280.264752,10.0.2.15,49427,54.223.92.134,443,tcp,62.703164000000015,1079.0,3406.0,SF,True,False,0,ShADadTFf,15,1696,17,4090,ssl,0
281.699535,Cq28mu2jIONX9Q4Elc,10.0.2.15,49431,216.58.214.225,443,TLSv12,TLS_ECDHE_RSA_WITH_AES_128_GCM_SHA256,x25519,tpc.googlesyndication.com,False,True,CsxknGIti,"['1a04953b8e7e73c9260dd8ebc167433d66e5c2dd13da8be4a7be677086cfb34c', '9f630426df1d8abfd80ace98871ba833ab9742cb34838de2b5285ed54c0c7dcc', '3c35cc963eb004451323d3275d05b353235053490d9cd83729a2faf5e7ca1cc0']",[],1.0,0ffee3ba8e615ad22535e7f771690a28,ab41313cfec25328b20865eb1388e0a2,h2,,281.669519,10.0.2.15,49431,216.58.214.225,443,tcp,2.576528999999993,1334.0,28499.0,SF,True,False,0,ShADadFf,25,2346,42,30183,ssl,0
281.710288,CdXMr61NC0stmekD44,10.0.2.15,49433,216.58.214.225,443,TLSv12,TLS_ECDHE_RSA_WITH_AES_128_GCM_SHA256,x25519,tpc.googlesyndication.com,False,True,CsxknGIti,"['1a04953b8e7e73c9260dd8ebc167433d66e5c2dd13da8be4a7be677086cfb34c', '9f630426df1d8abfd80ace98871ba833ab9742cb34838de2b5285ed54c0c7dcc', '3c35cc963eb004451323d3275d05b353235053490d9cd83729a2faf5e7ca1cc0']",[],1.0,0ffee3ba8e615ad22535e7f771690a28,ab41313cfec25328b20865eb1388e0a2,h2,,281.674401,10.0.2.15,49433,216.58.214.225,443,tcp,196.186192,1532.0,13876.0,SF,True,False,0,ShADadFf,27,2624,37,15360,ssl,0
281.708281,CnnFiD2l6rgF8gHHw2,10.0.2.15,49432,216.58.214.225,443,TLSv12,TLS_ECDHE_RSA_WITH_AES_128_GCM_SHA256,x25519,tpc.googlesyndication.com,False,True,CsxknGIti,"['1a04953b8e7e73c9260dd8ebc167433d66e5c2dd13da8be4a7be677086cfb34c', '9f630426df1d8abfd80ace98871ba833ab9742cb34838de2b5285ed54c0c7dcc', '3c35cc963eb004451323d3275d05b353235053490d9cd83729a2faf5e7ca1cc0']",[],1.0,0ffee3ba8e615ad22535e7f771690a28,ab41313cfec25328b20865eb1388e0a2,h2,,281.670282,10.0.2.15,49432,216.58.214.225,443,tcp,3.021055999999987,1350.0,27337.0,SF,True,False,0,ShADadFf,22,2242,38,28861,ssl,0
281.712203,CG7HO12ghRfVucUk1g,10.0.2.15,49430,74.125.206.154,443,TLSv12,TLS_ECDHE_RSA_WITH_AES_128_GCM_SHA256,x25519,stats.g.doubleclick.net,False,True,CsxknGIti,"['8d80516b26a9002a020bc551f01c44620d0d726476e4babc515dc5c82f0555b5', '9f630426df1d8abfd80ace98871ba833ab9742cb34838de2b5285ed54c0c7dcc', '3c35cc963eb004451323d3275d05b353235053490d9cd83729a2faf5e7ca1cc0']",[],1.0,0ffee3ba8e615ad22535e7f771690a28,ab41313cfec25328b20865eb1388e0a2,h2,,281.668695,10.0.2.15,49430,74.125.206.154,443,tcp,295.27944699999995,2380.0,21578.0,SF,True,False,0,ShADadFf,32,3672,47,23462,ssl,0
282.411335,CUfcQwG27X4LwUYoh,10.0.2.15,49437,216.58.214.225,443,TLSv12,TLS_ECDHE_RSA_WITH_AES_128_GCM_SHA256,x25519,tpc.googlesyndication.com,False,True,CsxknGIti,"['1a04953b8e7e73c9260dd8ebc167433d66e5c2dd13da8be4a7be677086cfb34c', '9f630426df1d8abfd80ace98871ba833ab9742cb34838de2b5285ed54c0c7dcc', '3c35cc963eb004451323d3275d05b353235053490d9cd83729a2faf5e7ca1cc0']",[],1.0,0ffee3ba8e615ad22535e7f771690a28,ab41313cfec25328b20865eb1388e0a2,h2,,282.217538,10.0.2.15,49437,216.58.214.225,443,tcp,2.214326000000028,1328.0,48697.0,SF,True,False,0,ShADadFf,25,2340,56,50941,ssl,0
282.413492,CWv8nBZtLNesprSX1,10.0.2.15,49436,216.58.214.225,443,TLSv12,TLS_ECDHE_RSA_WITH_AES_128_GCM_SHA256,x25519,tpc.googlesyndication.com,False,True,CsxknGIti,"['1a04953b8e7e73c9260dd8ebc167433d66e5c2dd13da8be4a7be677086cfb34c', '9f630426df1d8abfd80ace98871ba833ab9742cb34838de2b5285ed54c0c7dcc', '3c35cc963eb004451323d3275d05b353235053490d9cd83729a2faf5e7ca1cc0']",[],1.0,0ffee3ba8e615ad22535e7f771690a28,ab41313cfec25328b20865eb1388e0a2,h2,,282.214995,10.0.2.15,49436,216.58.214.225,443,tcp,2.482825999999988,1332.0,4530.0,SF,True,False,0,ShADadFf,16,1984,19,5294,ssl,0
282.41482,CCsbcP3c0MWKbHIjTf,10.0.2.15,49435,216.58.214.225,443,TLSv12,TLS_ECDHE_RSA_WITH_AES_128_GCM_SHA256,x25519,tpc.googlesyndication.com,False,True,CsxknGIti,"['1a04953b8e7e73c9260dd8ebc167433d66e5c2dd13da8be4a7be677086cfb34c', '9f630426df1d8abfd80ace98871ba833ab9742cb34838de2b5285ed54c0c7dcc', '3c35cc963eb004451323d3275d05b353235053490d9cd83729a2faf5e7ca1cc0']",[],1.0,0ffee3ba8e615ad22535e7f771690a28,ab41313cfec25328b20865eb1388e0a2,h2,,282.214448,10.0.2.15,49435,216.58.214.225,443,tcp,1.243655999999987,535.0,3897.0,SF,True,False,0,ShADadFf,12,1027,15,4501,ssl,0
285.158649,CfneugnhL8BEH0Rq1,10.0.2.15,49444,216.58.214.227,443,TLSv12,TLS_ECDHE_ECDSA_WITH_AES_128_GCM_SHA256,x25519,www.gstatic.com,False,True,CsxknGIti,"['11ddd329046367c19b32ffdb02ed308de129de4d6ffcf95856d7bd6a7accfba9', '9f630426df1d8abfd80ace98871ba833ab9742cb34838de2b5285ed54c0c7dcc', '3c35cc963eb004451323d3275d05b353235053490d9cd83729a2faf5e7ca1cc0']",[],1.0,0ffee3ba8e615ad22535e7f771690a28,84480cf8cf0e732666092640e581e1a5,h2,,284.815593,10.0.2.15,49444,216.58.214.227,443,tcp,0.870415000000036,496.0,4423.0,SF,True,False,0,ShADadFf,11,948,16,5067,ssl,0
285.162346,CM8qQW2IkLrvZmmMh4,10.0.2.15,49443,216.58.214.227,443,TLSv12,TLS_ECDHE_ECDSA_WITH_AES_128_GCM_SHA256,x25519,www.gstatic.com,False,True,CsxknGIti,"['11ddd329046367c19b32ffdb02ed308de129de4d6ffcf95856d7bd6a7accfba9', '9f630426df1d8abfd80ace98871ba833ab9742cb34838de2b5285ed54c0c7dcc', '3c35cc963eb004451323d3275d05b353235053490d9cd83729a2faf5e7ca1cc0']",[],1.0,0ffee3ba8e615ad22535e7f771690a28,84480cf8cf0e732666092640e581e1a5,h2,,284.813104,10.0.2.15,49443,216.58.214.227,443,tcp,0.8515209999999911,496.0,4423.0,SF,True,False,0,ShADadFf,11,948,16,5067,ssl,0
287.203113,C5hFmo1CqU81rEG1d2,10.0.2.15,49450,216.58.214.228,443,TLSv12,TLS_ECDHE_RSA_WITH_AES_128_GCM_SHA256,x25519,www.google.com,False,True,CsxknGIti,"['956e194960c68ac27a798b9de5f275ac1b0d80576783cff18c752250b5f1f519', '9f630426df1d8abfd80ace98871ba833ab9742cb34838de2b5285ed54c0c7dcc', '3c35cc963eb004451323d3275d05b353235053490d9cd83729a2faf5e7ca1cc0']",[],1.0,0ffee3ba8e615ad22535e7f771690a28,ab41313cfec25328b20865eb1388e0a2,h2,,287.180202,10.0.2.15,49450,216.58.214.228,443,tcp,194.759839,1002.0,4580.0,SF,True,False,0,ShADadFf,21,1854,25,5584,ssl,0
293.237347,Czdu5h2sItOthBeog,10.0.2.15,49462,216.58.214.234,443,TLSv12,TLS_ECDHE_RSA_WITH_AES_128_GCM_SHA256,x25519,fonts.googleapis.com,False,True,CsxknGIti,"['0ca616f3b5a49ded9af60777a33ae7119bfd6de6a815dbee0b64d5d69491aa06', '9f630426df1d8abfd80ace98871ba833ab9742cb34838de2b5285ed54c0c7dcc', '3c35cc963eb004451323d3275d05b353235053490d9cd83729a2faf5e7ca1cc0']",[],1.0,0ffee3ba8e615ad22535e7f771690a28,ab41313cfec25328b20865eb1388e0a2,h2,,293.208741,10.0.2.15,49462,216.58.214.234,443,tcp,0.65093900000005,501.0,3968.0,SF,True,False,0,ShADadFf,11,953,13,4492,ssl,0
300.55815,C1170rJjYuwbebSnk,10.0.2.15,49490,216.58.214.226,443,TLSv12,TLS_ECDHE_RSA_WITH_AES_128_GCM_SHA256,x25519,securepubads.g.doubleclick.net,False,True,CsxknGIti,"['a32ffddd76f9e7debbfc9a37b38d2ef86039b30a10d7c45ab8223d149cf99699', '9f630426df1d8abfd80ace98871ba833ab9742cb34838de2b5285ed54c0c7dcc', '3c35cc963eb004451323d3275d05b353235053490d9cd83729a2faf5e7ca1cc0']",[],1.0,0ffee3ba8e615ad22535e7f771690a28,ab41313cfec25328b20865eb1388e0a2,h2,,300.242846,10.0.2.15,49490,216.58.214.226,443,tcp,196.705662,716.0,4239.0,SF,True,False,0,ShADadFf,19,1488,22,5123,ssl,0
305.383842,Cvq0Ai3QBguMPd7Isa,10.0.2.15,49494,52.222.174.166,443,TLSv12,TLS_ECDHE_RSA_WITH_AES_128_GCM_SHA256,secp256r1,d31qbv1cthcecs.cloudfront.net,False,True,CsxuknGIti,"['90c0937808b31877df6c4a5c743c99325d974624be3735faa5078cf73d4fd205', 'eae72eb454bf6c3977ebd289e970b2f5282949190093d0d26f98d0f0d6a9cf17']",[],1.0,0ffee3ba8e615ad22535e7f771690a28,76cc3e2d3028143b23ec18e27dbd7ca9,http/1.1,,304.520997,10.0.2.15,49494,52.222.174.166,443,tcp,122.75969499999997,644.0,9488.0,SF,True,False,0,ShADadTTfF,23,1587,28,10612,ssl,0
306.174001,CJNxNeOKqaAwMl39f,10.0.2.15,49497,104.244.43.112,443,TLSv12,TLS_ECDHE_RSA_WITH_AES_128_GCM_SHA256,secp256r1,static.ads-twitter.com,False,True,CsxuknGIti,"['57c868a580b1e1d5c88d4b5ac225b028e8774ddb7c0e68e7729c4df4ffc17086', '19400be5b7a31fb733917700789d2f0a2471c0c9d506c0e504c06c16d7cb17c0']",[],1.0,0ffee3ba8e615ad22535e7f771690a28,76cc3e2d3028143b23ec18e27dbd7ca9,http/1.1,,305.798145,10.0.2.15,49497,104.244.43.112,443,tcp,12.781316000000004,735.0,4708.0,SF,True,False,0,ShADadTfF,12,1228,14,5272,ssl,0
306.174933,Cmubgq3eg06Tlj52Z1,10.0.2.15,49496,104.244.43.112,443,TLSv12,TLS_ECDHE_RSA_WITH_AES_128_GCM_SHA256,secp256r1,static.ads-twitter.com,False,True,CsxuknGIti,"['57c868a580b1e1d5c88d4b5ac225b028e8774ddb7c0e68e7729c4df4ffc17086', '19400be5b7a31fb733917700789d2f0a2471c0c9d506c0e504c06c16d7cb17c0']",[],1.0,0ffee3ba8e615ad22535e7f771690a28,76cc3e2d3028143b23ec18e27dbd7ca9,http/1.1,,305.793312,10.0.2.15,49496,104.244.43.112,443,tcp,6.571406999999965,356.0,4275.0,RSTO,True,False,0,ShADadFR,11,808,12,4759,ssl,0
306.177453,CaqY3JogyGH0MMdQc,10.0.2.15,49495,52.222.174.166,443,TLSv12,TLS_ECDHE_RSA_WITH_AES_128_GCM_SHA256,secp256r1,d31qbv1cthcecs.cloudfront.net,False,True,CsxuknGIti,"['90c0937808b31877df6c4a5c743c99325d974624be3735faa5078cf73d4fd205', 'eae72eb454bf6c3977ebd289e970b2f5282949190093d0d26f98d0f0d6a9cf17']",[],1.0,0ffee3ba8e615ad22535e7f771690a28,76cc3e2d3028143b23ec18e27dbd7ca9,http/1.1,,305.782773,10.0.2.15,49495,52.222.174.166,443,tcp,6.593000999999958,363.0,5199.0,SF,True,False,0,ShADadFf,10,775,12,5683,ssl,0
309.92552,Cx3cqP1PrIM1hGvXEb,10.0.2.15,49504,52.222.174.89,443,TLSv12,TLS_ECDHE_RSA_WITH_AES_128_GCM_SHA256,secp256r1,d5nxst8fruw4z.cloudfront.net,False,True,CsxuknGIti,"['90c0937808b31877df6c4a5c743c99325d974624be3735faa5078cf73d4fd205', 'eae72eb454bf6c3977ebd289e970b2f5282949190093d0d26f98d0f0d6a9cf17']",[],1.0,0ffee3ba8e615ad22535e7f771690a28,76cc3e2d3028143b23ec18e27dbd7ca9,http/1.1,,309.328931,10.0.2.15,49504,52.222.174.89,443,tcp,121.48841799999995,1139.0,5787.0,SF,True,False,0,ShADadTTFf,22,2042,24,6751,ssl,0
315.83849,CnT3Ua3JcxZ73hwii4,10.0.2.15,49515,94.31.29.64,443,TLSv12,TLS_ECDHE_RSA_WITH_AES_128_GCM_SHA256,secp256r1,vars.hotjar.com,False,True,CsxknGIti,"['87cc3355bb40b2a7f5b8082522c42478d0405f3193cd54900cd2a7da8bc828f7', 'b9f2164323638dce0b92218b43c41c1b2b2696389329db19f5cf7ad49b5cb372', '1a5174980a294a528a110726d5855650266c48d9883bea692b67b6d726da98c5']",[],1.0,0ffee3ba8e615ad22535e7f771690a28,b898351eb5e266aefd3723d466935494,h2,,315.526731,10.0.2.15,49515,94.31.29.64,443,tcp,86.43422700000002,611.0,5130.0,SF,True,False,0,ShADadfF,14,1183,19,5894,ssl,0
315.836501,Cafu9K2pelDYhx7tD3,10.0.2.15,49514,23.111.9.32,443,TLSv12,TLS_ECDHE_RSA_WITH_AES_128_GCM_SHA256,secp256r1,script.hotjar.com,False,True,CsxknGIti,"['87cc3355bb40b2a7f5b8082522c42478d0405f3193cd54900cd2a7da8bc828f7', 'b9f2164323638dce0b92218b43c41c1b2b2696389329db19f5cf7ad49b5cb372', '1a5174980a294a528a110726d5855650266c48d9883bea692b67b6d726da98c5']",[],1.0,0ffee3ba8e615ad22535e7f771690a28,b898351eb5e266aefd3723d466935494,h2,,315.525172,10.0.2.15,49514,23.111.9.32,443,tcp,69.51634200000001,613.0,5130.0,SF,True,False,0,ShADadFf,14,1185,17,5814,ssl,0
317.201297,CPzBhI1Wm4tBjEAKid,10.0.2.15,49520,52.50.249.22,443,TLSv12,TLS_ECDHE_RSA_WITH_AES_256_GCM_SHA384,secp256r1,emagister.monsync.io,False,True,CsxknGIti,"['6a6dc56ee53d453f8546499377d84ef63f14229ce22539bfab8da4771cf5ef4e', 'e6683e88315cd1cb403c0cea490f7c4b4c82c91cd485037489aadbaa90839f61']",[],1.0,0ffee3ba8e615ad22535e7f771690a28,758945630046fd37070521b8544d1fe8,,,316.7731,10.0.2.15,49520,52.50.249.22,443,tcp,4.658720000000017,1916.0,3578.0,SF,True,False,0,ShADadFf,11,2368,13,4102,ssl,0
317.203485,CEKtNr3G4uSYpeX9eb,10.0.2.15,49519,52.50.249.22,443,TLSv12,TLS_ECDHE_RSA_WITH_AES_256_GCM_SHA384,secp256r1,emagister.monsync.io,False,True,CsxknGIti,"['6a6dc56ee53d453f8546499377d84ef63f14229ce22539bfab8da4771cf5ef4e', 'e6683e88315cd1cb403c0cea490f7c4b4c82c91cd485037489aadbaa90839f61']",[],1.0,0ffee3ba8e615ad22535e7f771690a28,758945630046fd37070521b8544d1fe8,,,316.77102,10.0.2.15,49519,52.50.249.22,443,tcp,6.435640999999975,354.0,3309.0,SF,True,False,0,ShADadFf,9,726,10,3713,ssl,0
385.173769,CFyePf1nCY38mwGO7a,10.0.2.15,49610,194.50.240.71,443,TLSv12,TLS_ECDHE_RSA_WITH_AES_128_GCM_SHA256,secp256r1,www.servis24.cz,False,True,CsxknGIti,"['77ad82061d2232d4db41d2de0f9cd947ffe3f23879f00413c5b49bb3d3817545', '1f9b31f820929ebfa03117ec2b77ba6b0fb6ecc9e027682a559378da311c54ef']",[],1.0,0ffee3ba8e615ad22535e7f771690a28,389ed42c02ebecc32e73aa31def07e14,,,385.157855,10.0.2.15,49610,194.50.240.71,443,tcp,54.66372899999999,7875.0,249626.0,SF,True,False,0,ShADadTfF,72,10769,227,258710,ssl,0
396.875036,CuipTO1dEiBDf1Udr,10.0.2.15,49650,194.50.240.71,443,TLSv12,TLS_ECDHE_RSA_WITH_AES_128_GCM_SHA256,,www.servis24.cz,True,True,CsiI,,,,1a5fe5677b0e4fbbc854e8908225637d,fbe78c619e7ea20046131294ad087f05,,,396.631389,10.0.2.15,49650,194.50.240.71,443,tcp,43.00295299999999,3440.0,20840.0,SF,True,False,0,ShADadTfF,22,4334,33,22164,ssl,0
396.875555,CaNzEr17FMlEiLpA08,10.0.2.15,49649,194.50.240.71,443,TLSv12,TLS_ECDHE_RSA_WITH_AES_128_GCM_SHA256,,www.servis24.cz,True,True,CsiI,,,,1a5fe5677b0e4fbbc854e8908225637d,fbe78c619e7ea20046131294ad087f05,,,396.628794,10.0.2.15,49649,194.50.240.71,443,tcp,43.83012599999995,6456.0,596738.0,SF,True,False,0,ShADadTfF,170,13270,545,618542,ssl,0
396.876774,ChVj6a3Hi6rD4EX4sg,10.0.2.15,49648,194.50.240.71,443,TLSv12,TLS_ECDHE_RSA_WITH_AES_128_GCM_SHA256,,www.servis24.cz,True,True,CsiI,,,,1a5fe5677b0e4fbbc854e8908225637d,fbe78c619e7ea20046131294ad087f05,,,396.624968,10.0.2.15,49648,194.50.240.71,443,tcp,21.05112799999995,1259.0,34849.0,SF,True,False,0,ShADadTFf,19,2032,38,36373,ssl,0
396.877979,CTmRpCl1R6CNGNy83,10.0.2.15,49647,194.50.240.71,443,TLSv12,TLS_ECDHE_RSA_WITH_AES_128_GCM_SHA256,,www.servis24.cz,True,True,CsiI,,,,1a5fe5677b0e4fbbc854e8908225637d,fbe78c619e7ea20046131294ad087f05,,,396.619788,10.0.2.15,49647,194.50.240.71,443,tcp,43.19593099999997,4216.0,8318.0,SF,True,False,0,ShADadTFf,19,4990,24,9282,ssl,0
396.879651,CYQTYu1gpAMEKk9Kt1,10.0.2.15,49646,194.50.240.71,443,TLSv12,TLS_ECDHE_RSA_WITH_AES_128_GCM_SHA256,,www.servis24.cz,True,True,CsiI,,,,1a5fe5677b0e4fbbc854e8908225637d,fbe78c619e7ea20046131294ad087f05,,,396.61342,10.0.2.15,49646,194.50.240.71,443,tcp,43.846812,4988.0,146348.0,SF,True,False,0,ShADadtTfF,61,7442,143,153492,ssl,0
414.007255,CfNK5ix2rUHeBxLc5,10.0.2.15,49669,77.75.79.39,443,TLSv12,TLS_ECDHE_RSA_WITH_AES_128_GCM_SHA256,secp256r1,www.seznam.cz,False,True,CsxknGIti,"['4b94fba3050ad21edd91a5c383e2e9678fe8f16149dcb3471bc08b25684fcc2c', '1a99019f9d412a64454749edaa8e7dc46673d644df3ce15cc655735ea0df86fe']",[],1.0,0ffee3ba8e615ad22535e7f771690a28,8d2a028aa94425f76ced7826b1f39039,http/1.1,,413.473923,10.0.2.15,49669,77.75.79.39,443,tcp,7.304753000000005,347.0,3493.0,SF,True,False,0,ShADadFf,9,719,10,3897,ssl,0
418.34968,CXikKB1ZyxwHOpr5Mh,10.0.2.15,49673,216.58.214.238,443,TLSv12,TLS_ECDHE_ECDSA_WITH_AES_128_GCM_SHA256,x25519,www.youtube-nocookie.com,False,True,CsxknGIti,"['11ddd329046367c19b32ffdb02ed308de129de4d6ffcf95856d7bd6a7accfba9', '9f630426df1d8abfd80ace98871ba833ab9742cb34838de2b5285ed54c0c7dcc', '3c35cc963eb004451323d3275d05b353235053490d9cd83729a2faf5e7ca1cc0']",[],1.0,0ffee3ba8e615ad22535e7f771690a28,84480cf8cf0e732666092640e581e1a5,h2,,418.319734,10.0.2.15,49673,216.58.214.238,443,tcp,0.489476000000024,505.0,4423.0,SF,True,False,0,ShADadFf,11,957,15,5027,ssl,0
419.532595,Clthk2Z00sw0NHV2,10.0.2.15,49674,194.50.240.71,443,TLSv12,TLS_ECDHE_RSA_WITH_AES_128_GCM_SHA256,,www.servis24.cz,True,True,CsiI,,,,1a5fe5677b0e4fbbc854e8908225637d,fbe78c619e7ea20046131294ad087f05,,,419.497265,10.0.2.15,49674,194.50.240.71,443,tcp,20.59304899999995,1307.0,1573.0,SF,True,False,0,ShADadTFf,9,1680,11,2017,ssl,0
421.532754,CJkuMoTD7diffPShd,10.0.2.15,49675,216.58.207.67,443,TLSv12,TLS_ECDHE_RSA_WITH_AES_128_GCM_SHA256,x25519,id.google.cz,False,True,CsxknGIti,"['635ff633f6427d8bb4cff322e016a54fd8da246e8392221d6a58ae24f13c6119', '9f630426df1d8abfd80ace98871ba833ab9742cb34838de2b5285ed54c0c7dcc', '3c35cc963eb004451323d3275d05b353235053490d9cd83729a2faf5e7ca1cc0']",[],1.0,0ffee3ba8e615ad22535e7f771690a28,ab41313cfec25328b20865eb1388e0a2,h2,,421.508027,10.0.2.15,49675,216.58.207.67,443,tcp,179.49248799999992,1235.0,4575.0,SF,True,False,0,ShADadfF,21,2087,26,5619,ssl,0
424.947916,CjLgm831Nnd36OpZGi,10.0.2.15,49676,216.58.214.227,443,TLSv12,TLS_ECDHE_ECDSA_WITH_AES_128_GCM_SHA256,x25519,www.gstatic.com,False,True,CsxknGIti,"['11ddd329046367c19b32ffdb02ed308de129de4d6ffcf95856d7bd6a7accfba9', '9f630426df1d8abfd80ace98871ba833ab9742cb34838de2b5285ed54c0c7dcc', '3c35cc963eb004451323d3275d05b353235053490d9cd83729a2faf5e7ca1cc0']",[],1.0,0ffee3ba8e615ad22535e7f771690a28,84480cf8cf0e732666092640e581e1a5,h2,,424.82544,10.0.2.15,49676,216.58.214.227,443,tcp,0.7378289999999761,496.0,4423.0,SF,True,False,0,ShADadFf,10,908,13,4947,ssl,0
425.172188,C0R5HG3p8HF9HfUBs9,10.0.2.15,49677,216.58.214.230,443,TLSv12,TLS_ECDHE_RSA_WITH_AES_128_GCM_SHA256,x25519,static.doubleclick.net,False,True,CsxknGIti,"['378a6c73f6dec1c6bc563fa8eda92c3e9ce61b893db7685686c41f33ab89931c', '9f630426df1d8abfd80ace98871ba833ab9742cb34838de2b5285ed54c0c7dcc', '3c35cc963eb004451323d3275d05b353235053490d9cd83729a2faf5e7ca1cc0']",[],1.0,0ffee3ba8e615ad22535e7f771690a28,ab41313cfec25328b20865eb1388e0a2,h2,,424.851426,10.0.2.15,49677,216.58.214.230,443,tcp,181.17854100000005,708.0,4272.0,SF,True,False,0,ShADadfF,19,1480,23,5196,ssl,0
425.643278,ChNV013rsA2TfG8ef8,10.0.2.15,49678,216.58.214.230,443,TLSv12,TLS_ECDHE_RSA_WITH_AES_128_GCM_SHA256,x25519,static.doubleclick.net,False,True,CsxknGIti,"['378a6c73f6dec1c6bc563fa8eda92c3e9ce61b893db7685686c41f33ab89931c', '9f630426df1d8abfd80ace98871ba833ab9742cb34838de2b5285ed54c0c7dcc', '3c35cc963eb004451323d3275d05b353235053490d9cd83729a2faf5e7ca1cc0']",[],1.0,0ffee3ba8e615ad22535e7f771690a28,ab41313cfec25328b20865eb1388e0a2,h2,,425.415176,10.0.2.15,49678,216.58.214.230,443,tcp,3.827854000000002,972.0,4300.0,SF,True,False,0,ShADadFf,15,1584,18,5024,ssl,0
426.128168,CyAq8nvQ87stOSW4a,10.0.2.15,49682,216.58.214.238,443,TLSv12,TLS_ECDHE_ECDSA_WITH_AES_128_GCM_SHA256,x25519,i.ytimg.com,False,True,CsxknGIti,"['11ddd329046367c19b32ffdb02ed308de129de4d6ffcf95856d7bd6a7accfba9', '9f630426df1d8abfd80ace98871ba833ab9742cb34838de2b5285ed54c0c7dcc', '3c35cc963eb004451323d3275d05b353235053490d9cd83729a2faf5e7ca1cc0']",[],1.0,0ffee3ba8e615ad22535e7f771690a28,84480cf8cf0e732666092640e581e1a5,h2,,426.095864,10.0.2.15,49682,216.58.214.238,443,tcp,1.2934819999999831,492.0,4407.0,SF,True,False,0,ShADadFf,12,984,14,4971,ssl,0
426.129816,CJGiuY27jDOQZhEwIb,10.0.2.15,49681,216.58.214.238,443,TLSv12,TLS_ECDHE_ECDSA_WITH_AES_128_GCM_SHA256,x25519,i.ytimg.com,False,True,CsxknGIti,"['11ddd329046367c19b32ffdb02ed308de129de4d6ffcf95856d7bd6a7accfba9', '9f630426df1d8abfd80ace98871ba833ab9742cb34838de2b5285ed54c0c7dcc', '3c35cc963eb004451323d3275d05b353235053490d9cd83729a2faf5e7ca1cc0']",[],1.0,0ffee3ba8e615ad22535e7f771690a28,84480cf8cf0e732666092640e581e1a5,h2,,426.09484,10.0.2.15,49681,216.58.214.238,443,tcp,1.27538800000002,492.0,4406.0,SF,True,False,0,ShADadFf,12,984,15,5010,ssl,0
438.082475,C3UYUF2cHsSdIIFhP9,10.0.2.15,49684,216.58.209.162,443,TLSv12,TLS_ECDHE_RSA_WITH_AES_128_GCM_SHA256,x25519,www.googleadservices.com,False,True,CsxknGIti,"['33c13616ade5804cb64668e7fede6e1ef8141ce96a24e69910dfdd83efac1907', '9f630426df1d8abfd80ace98871ba833ab9742cb34838de2b5285ed54c0c7dcc', '3c35cc963eb004451323d3275d05b353235053490d9cd83729a2faf5e7ca1cc0']",[],1.0,0ffee3ba8e615ad22535e7f771690a28,ab41313cfec25328b20865eb1388e0a2,h2,,438.053609,10.0.2.15,49684,216.58.209.162,443,tcp,178.03583099999997,710.0,4047.0,SF,True,False,0,ShADadfF,18,1442,21,4891,ssl,0
484.578892,CEEGSe4lmDOiivTbY1,10.0.2.15,49687,52.43.151.131,443,TLSv12,TLS_ECDHE_RSA_WITH_AES_128_GCM_SHA256,secp256r1,shavar.services.mozilla.com,False,True,CsxknGIi,"['ab0cab1d1d1157eb5dff0ea41cd6d1eeebf59d1f123042954c61ea78003457d0', '154c433c491929c5ef686e838e323664a00e6a0d822ccc958fb4dab03e49a08f']",[],1.0,0ffee3ba8e615ad22535e7f771690a28,303951d4c50efb2e991652225a6f02b1,,,484.375343,10.0.2.15,49687,52.43.151.131,443,tcp,61.64165399999996,919.0,3396.0,SF,True,False,0,ShADadTFf,15,1537,18,4120,ssl,0
655.42771,CJINZx4el58w8IVhPg,10.0.2.15,49689,52.2.5.129,443,TLSv12,TLS_ECDHE_RSA_WITH_AES_256_GCM_SHA384,secp256r1,www.quantcast.com,False,True,CsxuknGIti,"['917100a4adf4f0c20ac5f5e3188c6a30984af4749412fdb6bbd49e50b13c2fe0', '19400be5b7a31fb733917700789d2f0a2471c0c9d506c0e504c06c16d7cb17c0', '7431e5f4c3c1ce4690774f0b61e05440883ba9a01ed00ba6abd7806ed3b118cf']",[],1.0,0ffee3ba8e615ad22535e7f771690a28,d53e4608f956df65bb2b8a8c4d3b025d,,,655.310575,10.0.2.15,49689,52.2.5.129,443,tcp,20.497236000000044,681.0,38592.0,SF,True,False,0,ShADadTfF,19,1454,48,40516,ssl,0
656.018542,CQdTNt3o5bUjx8u7Cg,10.0.2.15,49691,23.38.87.52,443,TLSv12,TLS_ECDHE_RSA_WITH_AES_256_GCM_SHA384,secp256r1,use.typekit.net,False,True,CsxknGIti,"['a023403dd8cfbb6a4de86bc4fc5926cf3d96ed52280ca0c8f64937c50ff66c73', 'eae72eb454bf6c3977ebd289e970b2f5282949190093d0d26f98d0f0d6a9cf17']",[],1.0,0ffee3ba8e615ad22535e7f771690a28,2b33c1374db4ddf06942f92373c0b54b,h2,,655.990229,10.0.2.15,49691,23.38.87.52,443,tcp,186.405836,1122.0,12792.0,RSTO,True,False,0,ShADadFR,24,2094,33,14116,ssl,0
656.019167,CD8wt81I3jDtGqyuB8,10.0.2.15,49690,23.38.91.126,443,TLSv12,TLS_ECDHE_RSA_WITH_AES_256_GCM_SHA384,secp256r1,cdn.optimizely.com,False,True,CsxuknGIti,"['66f2989ea8d8daad5f7510b047626245f8d89d5a9ad6afec0c9dec62f0de05e9', 'eae72eb454bf6c3977ebd289e970b2f5282949190093d0d26f98d0f0d6a9cf17', '8420dfbe376f414bf4c0a81e6936d24ccc03f304835b86c7a39142fca723a689']",[],1.0,0ffee3ba8e615ad22535e7f771690a28,9a31479427499ded4d3656a260298ec7,h2,,655.988686,10.0.2.15,49690,23.38.91.126,443,tcp,183.38228099999992,940.0,248040.0,SF,True,False,0,ShADadFfRr,91,4592,272,258924,ssl,0
656.025086,CR6awH1EiGNm3Wl2Td,10.0.2.15,49692,104.19.193.102,443,TLSv12,TLS_ECDHE_ECDSA_WITH_AES_128_GCM_SHA256,secp256r1,cdnjs.cloudflare.com,False,True,CsxuknGIti,"['288a62410b9a17d44ccccf0ca447daaee0f3c7bcd3e0cb6d4f24ef85d2dbfdd0', 'cd6c108a0e641f2ca122aaa6d03f826759cae7c6f800eabf76dc48b67cd083ce', '9573862ac0b4b125168810ea3fd101ae2eb0bb15f61fc0e6da7a2a38b85a89e8']",[],1.0,0ffee3ba8e615ad22535e7f771690a28,7d3eb4120cd50e889bcd3f3783be0f82,h2,,655.993927,10.0.2.15,49692,104.19.193.102,443,tcp,183.374789,980.0,8361.0,SF,True,False,0,ShADadFf,22,1872,28,9485,ssl,0
656.03137,CSo0Ep2eHbHoVigmW2,10.0.2.15,49694,104.127.62.123,443,TLSv12,TLS_ECDHE_RSA_WITH_AES_256_GCM_SHA384,secp256r1,ak.quantcast.com,False,True,CsxknGIti,"['e4982d6054f0b2975195581e78872dee66100b68bc49308117c129b9148adc42', 'eae72eb454bf6c3977ebd289e970b2f5282949190093d0d26f98d0f0d6a9cf17', '8420dfbe376f414bf4c0a81e6936d24ccc03f304835b86c7a39142fca723a689']",[],1.0,0ffee3ba8e615ad22535e7f771690a28,2b33c1374db4ddf06942f92373c0b54b,http/1.1,,655.999427,10.0.2.15,49694,104.127.62.123,443,tcp,133.29649300000003,14328.0,122079.0,SF,True,False,0,ShADadTTFfRr,92,18031,173,129003,ssl,0
656.066287,CyJUFV2Ftypa0Igikh,10.0.2.15,49697,104.127.62.123,443,TLSv12,TLS_ECDHE_RSA_WITH_AES_256_GCM_SHA384,secp256r1,ak.quantcast.com,False,True,CsxknGIti,"['e4982d6054f0b2975195581e78872dee66100b68bc49308117c129b9148adc42', 'eae72eb454bf6c3977ebd289e970b2f5282949190093d0d26f98d0f0d6a9cf17', '8420dfbe376f414bf4c0a81e6936d24ccc03f304835b86c7a39142fca723a689']",[],1.0,0ffee3ba8e615ad22535e7f771690a28,2b33c1374db4ddf06942f92373c0b54b,http/1.1,,656.01763,10.0.2.15,49697,104.127.62.123,443,tcp,133.303495,11740.0,133897.0,SF,True,False,0,ShADadTTFf,80,14963,172,140781,ssl,0
656.044203,CZmbAz3RU0YxCr7jy7,10.0.2.15,49693,52.222.170.189,443,TLSv12,TLS_ECDHE_RSA_WITH_AES_128_GCM_SHA256,secp256r1,static.quantcast.com,False,True,CsxknGIti,"['917100a4adf4f0c20ac5f5e3188c6a30984af4749412fdb6bbd49e50b13c2fe0', '19400be5b7a31fb733917700789d2f0a2471c0c9d506c0e504c06c16d7cb17c0', '7431e5f4c3c1ce4690774f0b61e05440883ba9a01ed00ba6abd7806ed3b118cf']",[],1.0,0ffee3ba8e615ad22535e7f771690a28,b898351eb5e266aefd3723d466935494,http/1.1,,655.994756,10.0.2.15,49693,52.222.170.189,443,tcp,119.22245599999997,715.0,32401.0,SF,True,False,0,ShADadTTFf,28,1858,50,34405,ssl,0
656.06993,CxbTnu1Jg9iB0WDyT7,10.0.2.15,49696,104.127.62.123,443,TLSv12,TLS_ECDHE_RSA_WITH_AES_256_GCM_SHA384,secp256r1,ak.quantcast.com,False,True,CsxknGIti,"['e4982d6054f0b2975195581e78872dee66100b68bc49308117c129b9148adc42', 'eae72eb454bf6c3977ebd289e970b2f5282949190093d0d26f98d0f0d6a9cf17', '8420dfbe376f414bf4c0a81e6936d24ccc03f304835b86c7a39142fca723a689']",[],1.0,0ffee3ba8e615ad22535e7f771690a28,2b33c1374db4ddf06942f92373c0b54b,http/1.1,,656.015226,10.0.2.15,49696,104.127.62.123,443,tcp,133.30472700000007,15680.0,444466.0,SF,True,False,0,ShADadtTTFf,162,22183,466,464530,ssl,0
656.073322,Ct3kuy29egw8Jeo29c,10.0.2.15,49695,104.127.62.123,443,TLSv12,TLS_ECDHE_RSA_WITH_AES_256_GCM_SHA384,secp256r1,ak.quantcast.com,False,True,CsxknGIti,"['e4982d6054f0b2975195581e78872dee66100b68bc49308117c129b9148adc42', 'eae72eb454bf6c3977ebd289e970b2f5282949190093d0d26f98d0f0d6a9cf17', '8420dfbe376f414bf4c0a81e6936d24ccc03f304835b86c7a39142fca723a689']",[],1.0,0ffee3ba8e615ad22535e7f771690a28,2b33c1374db4ddf06942f92373c0b54b,http/1.1,,656.00708,10.0.2.15,49695,104.127.62.123,443,tcp,133.312906,12433.0,178740.0,SF,True,False,0,ShADadTTFf,100,16456,214,187304,ssl,0
657.313188,Ciky4d3ugL7s1L8CFd,10.0.2.15,49707,95.172.94.21,443,TLSv12,TLS_ECDHE_RSA_WITH_AES_128_GCM_SHA256,secp256r1,secure.quantserve.com,False,True,CsxknGIti,"['7d39ee69bdac843654f44bb3164a243b3e8c527019b6225992e5d36771f19e8f', '19400be5b7a31fb733917700789d2f0a2471c0c9d506c0e504c06c16d7cb17c0']",[],1.0,0ffee3ba8e615ad22535e7f771690a28,ccc514751b175866924439bdbb5bba34,,,657.269332,10.0.2.15,49707,95.172.94.21,443,tcp,4.259750000000054,909.0,11782.0,SF,True,False,0,ShADadFf,13,1441,21,12626,ssl,0
657.320747,CvPqBB1XlPCuxBv2Fh,10.0.2.15,49706,50.16.238.98,443,TLSv12,TLS_ECDHE_RSA_WITH_AES_128_GCM_SHA256,secp256r1,3008570023.log.optimizely.com,False,True,CsxknGIi,"['720a04382d93aa8932b95cc755b9fbaab1b6a01d85399736cf4d5a4607e41172', '19400be5b7a31fb733917700789d2f0a2471c0c9d506c0e504c06c16d7cb17c0', '7431e5f4c3c1ce4690774f0b61e05440883ba9a01ed00ba6abd7806ed3b118cf']",[],1.0,0ffee3ba8e615ad22535e7f771690a28,303951d4c50efb2e991652225a6f02b1,,,657.211483,10.0.2.15,49706,50.16.238.98,443,tcp,70.89219800000001,2034.0,5263.0,SF,True,False,0,ShADadTFf,16,2691,19,6027,ssl,0
657.601606,C3Ee2f15E1o5NwNVvc,10.0.2.15,49714,23.38.87.52,443,TLSv12,TLS_ECDHE_RSA_WITH_AES_256_GCM_SHA384,secp256r1,use.typekit.net,False,True,CsxknGIti,"['a023403dd8cfbb6a4de86bc4fc5926cf3d96ed52280ca0c8f64937c50ff66c73', 'eae72eb454bf6c3977ebd289e970b2f5282949190093d0d26f98d0f0d6a9cf17']",[],1.0,0ffee3ba8e615ad22535e7f771690a28,2b33c1374db4ddf06942f92373c0b54b,h2,,657.589433,10.0.2.15,49714,23.38.87.52,443,tcp,183.811109,2163.0,221908.0,SF,True,False,0,ShADadFfRr,76,5215,228,231032,ssl,0
657.602693,CZOC0V1iNaX1vpGkX3,10.0.2.15,49713,23.38.87.52,443,TLSv12,TLS_ECDHE_RSA_WITH_AES_256_GCM_SHA384,secp256r1,use.typekit.net,False,True,CsxknGIti,"['a023403dd8cfbb6a4de86bc4fc5926cf3d96ed52280ca0c8f64937c50ff66c73', 'eae72eb454bf6c3977ebd289e970b2f5282949190093d0d26f98d0f0d6a9cf17']",[],1.0,0ffee3ba8e615ad22535e7f771690a28,2b33c1374db4ddf06942f92373c0b54b,h2,,657.588339,10.0.2.15,49713,23.38.87.52,443,tcp,0.636451999999962,937.0,38674.0,SF,True,False,0,ShADadFfRr,22,1829,48,40598,ssl,0
657.617887,CUphWxzUgiAv8TDAf,10.0.2.15,49716,23.38.87.52,443,TLSv12,TLS_ECDHE_RSA_WITH_AES_256_GCM_SHA384,secp256r1,use.typekit.net,False,True,CsxknGIti,"['a023403dd8cfbb6a4de86bc4fc5926cf3d96ed52280ca0c8f64937c50ff66c73', 'eae72eb454bf6c3977ebd289e970b2f5282949190093d0d26f98d0f0d6a9cf17']",[],1.0,0ffee3ba8e615ad22535e7f771690a28,2b33c1374db4ddf06942f92373c0b54b,h2,,657.594458,10.0.2.15,49716,23.38.87.52,443,tcp,0.6342099999999391,937.0,36689.0,SF,True,False,0,ShADadFfRr,23,1869,51,38733,ssl,0
657.494669,CGFT6a2j9MdkZ0rCR9,10.0.2.15,49708,50.16.238.98,443,TLSv12,TLS_ECDHE_RSA_WITH_AES_128_GCM_SHA256,secp256r1,3008570023.log.optimizely.com,False,True,CsxknGIi,"['720a04382d93aa8932b95cc755b9fbaab1b6a01d85399736cf4d5a4607e41172', '19400be5b7a31fb733917700789d2f0a2471c0c9d506c0e504c06c16d7cb17c0', '7431e5f4c3c1ce4690774f0b61e05440883ba9a01ed00ba6abd7806ed3b118cf']",[],1.0,0ffee3ba8e615ad22535e7f771690a28,303951d4c50efb2e991652225a6f02b1,,,657.324876,10.0.2.15,49708,50.16.238.98,443,tcp,7.849470999999994,363.0,4105.0,RSTO,True,False,0,ShADadFR,9,735,10,4509,ssl,0
657.618929,CMc9W3GQsjI51Zay2,10.0.2.15,49715,23.38.87.52,443,TLSv12,TLS_ECDHE_RSA_WITH_AES_256_GCM_SHA384,secp256r1,use.typekit.net,False,True,CsxknGIti,"['a023403dd8cfbb6a4de86bc4fc5926cf3d96ed52280ca0c8f64937c50ff66c73', 'eae72eb454bf6c3977ebd289e970b2f5282949190093d0d26f98d0f0d6a9cf17']",[],1.0,0ffee3ba8e615ad22535e7f771690a28,2b33c1374db4ddf06942f92373c0b54b,h2,,657.592622,10.0.2.15,49715,23.38.87.52,443,tcp,0.7341360000000351,937.0,36601.0,SF,True,False,0,ShADadFfRr,25,1949,53,38725,ssl,0
657.629059,Ctu7WXI5a1WCaiTdd,10.0.2.15,49718,23.38.87.52,443,TLSv12,TLS_ECDHE_RSA_WITH_AES_256_GCM_SHA384,secp256r1,use.typekit.net,False,True,CsxknGIti,"['a023403dd8cfbb6a4de86bc4fc5926cf3d96ed52280ca0c8f64937c50ff66c73', 'eae72eb454bf6c3977ebd289e970b2f5282949190093d0d26f98d0f0d6a9cf17']",[],1.0,0ffee3ba8e615ad22535e7f771690a28,2b33c1374db4ddf06942f92373c0b54b,h2,,657.615991,10.0.2.15,49718,23.38.87.52,443,tcp,0.605463999999983,558.0,3989.0,RSTO,True,False,0,ShADadFR,11,1010,12,4473,ssl,0
657.629533,CRboJw208QL1is9wE5,10.0.2.15,49717,23.38.87.52,443,TLSv12,TLS_ECDHE_RSA_WITH_AES_256_GCM_SHA384,secp256r1,use.typekit.net,False,True,CsxknGIti,"['a023403dd8cfbb6a4de86bc4fc5926cf3d96ed52280ca0c8f64937c50ff66c73', 'eae72eb454bf6c3977ebd289e970b2f5282949190093d0d26f98d0f0d6a9cf17']",[],1.0,0ffee3ba8e615ad22535e7f771690a28,2b33c1374db4ddf06942f92373c0b54b,h2,,657.612477,10.0.2.15,49717,23.38.87.52,443,tcp,0.616138999999975,558.0,4058.0,SF,True,False,0,ShADadFRfr,14,1130,17,4742,ssl,0
656.283045,Cq5zJUdHRdZU01ah6,10.0.2.15,49699,104.127.62.123,443,TLSv12,TLS_ECDHE_RSA_WITH_AES_256_GCM_SHA384,secp256r1,ak.quantcast.com,False,True,CsxknGIti,"['e4982d6054f0b2975195581e78872dee66100b68bc49308117c129b9148adc42', 'eae72eb454bf6c3977ebd289e970b2f5282949190093d0d26f98d0f0d6a9cf17', '8420dfbe376f414bf4c0a81e6936d24ccc03f304835b86c7a39142fca723a689']",[],1.0,0ffee3ba8e615ad22535e7f771690a28,2b33c1374db4ddf06942f92373c0b54b,http/1.1,,656.075627,10.0.2.15,49699,104.127.62.123,443,tcp,6.470737999999983,350.0,4839.0,SF,True,False,0,ShADadFRfr,11,802,13,5363,ssl,0
656.251338,CZjFARFefCgpZja3,10.0.2.15,49698,104.127.62.123,443,TLSv12,TLS_ECDHE_RSA_WITH_AES_256_GCM_SHA384,secp256r1,ak.quantcast.com,False,True,CsxknGIti,"['e4982d6054f0b2975195581e78872dee66100b68bc49308117c129b9148adc42', 'eae72eb454bf6c3977ebd289e970b2f5282949190093d0d26f98d0f0d6a9cf17', '8420dfbe376f414bf4c0a81e6936d24ccc03f304835b86c7a39142fca723a689']",[],1.0,0ffee3ba8e615ad22535e7f771690a28,2b33c1374db4ddf06942f92373c0b54b,http/1.1,,656.042495,10.0.2.15,49698,104.127.62.123,443,tcp,6.507140999999933,350.0,4839.0,SF,True,False,0,ShADadFfRr,11,802,14,5403,ssl,0
658.363667,Cj1Uw519EB4PunQdm5,10.0.2.15,49719,216.58.214.232,443,TLSv12,TLS_ECDHE_RSA_WITH_AES_128_GCM_SHA256,x25519,www.googletagmanager.com,False,True,CsxknGIti,"['31ed45c3400fc5f9a84dfaa0a6f6171369876ed4e2da669ee7f8edbe3593bf6b', '9f630426df1d8abfd80ace98871ba833ab9742cb34838de2b5285ed54c0c7dcc', '3c35cc963eb004451323d3275d05b353235053490d9cd83729a2faf5e7ca1cc0']",[],1.0,0ffee3ba8e615ad22535e7f771690a28,ab41313cfec25328b20865eb1388e0a2,h2,,658.102031,10.0.2.15,49719,216.58.214.232,443,tcp,178.69544199999996,968.0,84296.0,SF,True,False,0,ShADadfF,41,2620,106,88540,ssl,0
658.378793,CzwTEj1QrbnvLCDFF,10.0.2.15,49722,104.19.193.102,443,TLSv12,TLS_ECDHE_ECDSA_WITH_AES_128_GCM_SHA256,secp256r1,cdnjs.cloudflare.com,False,True,CsxuknGIti,"['288a62410b9a17d44ccccf0ca447daaee0f3c7bcd3e0cb6d4f24ef85d2dbfdd0', 'cd6c108a0e641f2ca122aaa6d03f826759cae7c6f800eabf76dc48b67cd083ce', '9573862ac0b4b125168810ea3fd101ae2eb0bb15f61fc0e6da7a2a38b85a89e8']",[],1.0,0ffee3ba8e615ad22535e7f771690a28,7d3eb4120cd50e889bcd3f3783be0f82,h2,,658.311685,10.0.2.15,49722,104.19.193.102,443,tcp,183.088809,1074.0,49747.0,SF,True,False,0,ShADadFf,41,2726,71,52591,ssl,0
658.379344,CW30VT1VkWl4Sc3Lde,10.0.2.15,49721,104.19.193.102,443,TLSv12,TLS_ECDHE_ECDSA_WITH_AES_128_GCM_SHA256,secp256r1,cdnjs.cloudflare.com,False,True,CsxuknGIti,"['288a62410b9a17d44ccccf0ca447daaee0f3c7bcd3e0cb6d4f24ef85d2dbfdd0', 'cd6c108a0e641f2ca122aaa6d03f826759cae7c6f800eabf76dc48b67cd083ce', '9573862ac0b4b125168810ea3fd101ae2eb0bb15f61fc0e6da7a2a38b85a89e8']",[],1.0,0ffee3ba8e615ad22535e7f771690a28,7d3eb4120cd50e889bcd3f3783be0f82,h2,,658.303172,10.0.2.15,49721,104.19.193.102,443,tcp,0.423408999999992,563.0,3878.0,SF,True,False,0,ShADadFf,11,1015,14,4442,ssl,0
658.38188,C5sqFWrW6se2SqZYh,10.0.2.15,49720,216.58.214.232,443,TLSv12,TLS_ECDHE_RSA_WITH_AES_128_GCM_SHA256,x25519,www.googletagmanager.com,False,True,CsxknGIti,"['31ed45c3400fc5f9a84dfaa0a6f6171369876ed4e2da669ee7f8edbe3593bf6b', '9f630426df1d8abfd80ace98871ba833ab9742cb34838de2b5285ed54c0c7dcc', '3c35cc963eb004451323d3275d05b353235053490d9cd83729a2faf5e7ca1cc0']",[],1.0,0ffee3ba8e615ad22535e7f771690a28,ab41313cfec25328b20865eb1388e0a2,h2,,658.299312,10.0.2.15,49720,216.58.214.232,443,tcp,0.412981000000058,534.0,4069.0,RSTO,True,False,0,ShADadFR,12,1026,15,4673,ssl,0
658.384421,CnqqT71YaisCPH1xs,10.0.2.15,49724,104.127.62.123,443,TLSv12,TLS_ECDHE_RSA_WITH_AES_256_GCM_SHA384,secp256r1,ak.quantcast.com,False,True,CsxknGIti,"['e4982d6054f0b2975195581e78872dee66100b68bc49308117c129b9148adc42', 'eae72eb454bf6c3977ebd289e970b2f5282949190093d0d26f98d0f0d6a9cf17', '8420dfbe376f414bf4c0a81e6936d24ccc03f304835b86c7a39142fca723a689']",[],1.0,0ffee3ba8e615ad22535e7f771690a28,2b33c1374db4ddf06942f92373c0b54b,http/1.1,,658.368241,10.0.2.15,49724,104.127.62.123,443,tcp,118.85571800000002,829.0,65999.0,SF,True,False,0,ShADadTTFfRr,33,2172,86,69443,ssl,0
658.385331,CSer8T3gStzoAJIh19,10.0.2.15,49723,104.127.62.123,443,TLSv12,TLS_ECDHE_RSA_WITH_AES_256_GCM_SHA384,secp256r1,ak.quantcast.com,False,True,CsxknGIti,"['e4982d6054f0b2975195581e78872dee66100b68bc49308117c129b9148adc42', 'eae72eb454bf6c3977ebd289e970b2f5282949190093d0d26f98d0f0d6a9cf17', '8420dfbe376f414bf4c0a81e6936d24ccc03f304835b86c7a39142fca723a689']",[],1.0,0ffee3ba8e615ad22535e7f771690a28,2b33c1374db4ddf06942f92373c0b54b,http/1.1,,658.366004,10.0.2.15,49723,104.127.62.123,443,tcp,6.706602999999973,350.0,4839.0,SF,True,False,0,ShADadFfRr,12,842,15,5443,ssl,0
659.264647,CpThcx3Ore84YAxW72,10.0.2.15,49725,23.38.87.52,443,TLSv12,TLS_ECDHE_RSA_WITH_AES_256_GCM_SHA384,secp256r1,p.typekit.net,False,True,CsxknGIti,"['a023403dd8cfbb6a4de86bc4fc5926cf3d96ed52280ca0c8f64937c50ff66c73', 'eae72eb454bf6c3977ebd289e970b2f5282949190093d0d26f98d0f0d6a9cf17']",[],1.0,0ffee3ba8e615ad22535e7f771690a28,2b33c1374db4ddf06942f92373c0b54b,http/1.1,,659.252959,10.0.2.15,49725,23.38.87.52,443,tcp,5.833805999999981,347.0,3958.0,SF,True,False,0,ShADadFfRr,11,799,13,4482,ssl,0
660.785933,CH2S1m2idOiJ55NaSb,10.0.2.15,49726,151.101.12.207,443,TLSv12,TLS_ECDHE_RSA_WITH_AES_128_GCM_SHA256,secp256r1,js-agent.newrelic.com,False,True,CsxuknGIti,"['ca070501b7e46f43787e9ec2f2d3e72c170cd1881f8200e63bdae1b6ded39ed9', '74ef335e5e18788307fb9d89cb704bec112abd23487dbff41c4ded5070f241d9']",[],1.0,0ffee3ba8e615ad22535e7f771690a28,860fcf58fd757e26aa8911e5eaff6b53,http/1.1,,660.74574,10.0.2.15,49726,151.101.12.207,443,tcp,6.240252000000055,355.0,6617.0,SF,True,False,0,ShADadFfRr,11,807,14,7181,ssl,0
661.137991,CycDVD4VQ6SAILq9jb,10.0.2.15,49727,216.58.214.238,443,TLSv12,TLS_ECDHE_RSA_WITH_AES_128_GCM_SHA256,,www.google-analytics.com,True,True,CsiI,,,,1a5fe5677b0e4fbbc854e8908225637d,67619a80665d7ab92d1041b1d11f9164,h2,,661.120652,10.0.2.15,49727,216.58.214.238,443,tcp,180.73606900000004,1856.0,935.0,SF,True,False,0,ShADadfF,21,2708,25,1939,ssl,0
661.351026,COdztf31pp5uL8MUSi,10.0.2.15,49729,52.222.174.151,443,TLSv12,TLS_ECDHE_RSA_WITH_AES_128_GCM_SHA256,secp256r1,dnn506yrbagrg.cloudfront.net,False,True,CsxuknGIti,"['90c0937808b31877df6c4a5c743c99325d974624be3735faa5078cf73d4fd205', 'eae72eb454bf6c3977ebd289e970b2f5282949190093d0d26f98d0f0d6a9cf17']",[],1.0,0ffee3ba8e615ad22535e7f771690a28,76cc3e2d3028143b23ec18e27dbd7ca9,http/1.1,,661.318245,10.0.2.15,49729,52.222.174.151,443,tcp,5.623597999999902,362.0,5199.0,SF,True,False,0,ShADadFf,10,774,11,5643,ssl,0
661.337986,CHNTq343VeIiVUS1i,10.0.2.15,49728,52.222.174.151,443,TLSv12,TLS_ECDHE_RSA_WITH_AES_128_GCM_SHA256,secp256r1,dnn506yrbagrg.cloudfront.net,False,True,CsxuknGIti,"['90c0937808b31877df6c4a5c743c99325d974624be3735faa5078cf73d4fd205', 'eae72eb454bf6c3977ebd289e970b2f5282949190093d0d26f98d0f0d6a9cf17']",[],1.0,0ffee3ba8e615ad22535e7f771690a28,76cc3e2d3028143b23ec18e27dbd7ca9,http/1.1,,661.311741,10.0.2.15,49728,52.222.174.151,443,tcp,118.932231,714.0,9749.0,SF,True,False,0,ShADadTTFf,22,1617,28,10873,ssl,0
661.668513,Cv2QNC2TnLnsRdhmGe,10.0.2.15,49730,95.172.94.21,443,TLSv12,TLS_ECDHE_RSA_WITH_AES_128_GCM_SHA256,,secure.quantserve.com,True,True,CsiI,,,,1a5fe5677b0e4fbbc854e8908225637d,fbe78c619e7ea20046131294ad087f05,,,661.501141,10.0.2.15,49730,95.172.94.21,443,tcp,6.912638000000015,599.0,168.0,SF,True,False,0,ShADadFfRr,8,931,9,532,ssl,0
661.677717,CSoQHR19NPHw9tRgS9,10.0.2.15,49737,52.222.175.149,443,TLSv12,TLS_ECDHE_RSA_WITH_AES_128_GCM_SHA256,secp256r1,cdn.segment.com,False,True,CsxuknGIti,"['c287f3372d839b7dd804be12d3ac1fd61b790fa45eb98c168b21f3408d5a9e8c', '154c433c491929c5ef686e838e323664a00e6a0d822ccc958fb4dab03e49a08f']",[],1.0,0ffee3ba8e615ad22535e7f771690a28,76cc3e2d3028143b23ec18e27dbd7ca9,h2,,661.543357,10.0.2.15,49737,52.222.175.149,443,tcp,183.900617,971.0,58179.0,SF,True,False,0,ShADadFf,38,2503,80,61383,ssl,0
661.683575,CJljT04JIJl9M1OFIk,10.0.2.15,49736,52.222.171.248,443,TLSv12,TLS_ECDHE_RSA_WITH_AES_128_GCM_SHA256,secp256r1,rules.quantcount.com,False,True,CsxuknGIti,"['7d39ee69bdac843654f44bb3164a243b3e8c527019b6225992e5d36771f19e8f', '19400be5b7a31fb733917700789d2f0a2471c0c9d506c0e504c06c16d7cb17c0']",[],1.0,0ffee3ba8e615ad22535e7f771690a28,76cc3e2d3028143b23ec18e27dbd7ca9,h2,,661.533192,10.0.2.15,49736,52.222.171.248,443,tcp,184.930157,1034.0,7815.0,SF,True,False,0,ShADadFf,24,2006,29,8979,ssl,0
661.687976,CbbSbezTMBXGaEkV6,10.0.2.15,49733,52.222.175.149,443,TLSv12,TLS_ECDHE_RSA_WITH_AES_128_GCM_SHA256,secp256r1,cdn.segment.com,False,True,CsxuknGIti,"['c287f3372d839b7dd804be12d3ac1fd61b790fa45eb98c168b21f3408d5a9e8c', '154c433c491929c5ef686e838e323664a00e6a0d822ccc958fb4dab03e49a08f']",[],1.0,0ffee3ba8e615ad22535e7f771690a28,76cc3e2d3028143b23ec18e27dbd7ca9,h2,,661.515726,10.0.2.15,49733,52.222.175.149,443,tcp,1.080853000000047,558.0,3780.0,SF,True,False,0,ShADadFf,11,1010,14,4344,ssl,0
661.689001,C6GO612iw1ucblImY6,10.0.2.15,49732,52.222.171.248,443,TLSv12,TLS_ECDHE_RSA_WITH_AES_128_GCM_SHA256,secp256r1,rules.quantcount.com,False,True,CsxuknGIti,"['7d39ee69bdac843654f44bb3164a243b3e8c527019b6225992e5d36771f19e8f', '19400be5b7a31fb733917700789d2f0a2471c0c9d506c0e504c06c16d7cb17c0']",[],1.0,0ffee3ba8e615ad22535e7f771690a28,76cc3e2d3028143b23ec18e27dbd7ca9,h2,,661.511146,10.0.2.15,49732,52.222.171.248,443,tcp,1.854936999999949,811.0,5034.0,SF,True,False,0,ShADadFf,13,1343,17,5718,ssl,0
661.695103,CKVQ8f2fcnu3Anru9,10.0.2.15,49731,95.172.94.42,443,TLSv12,TLS_ECDHE_RSA_WITH_AES_128_GCM_SHA256,secp256r1,pixel.quantserve.com,False,True,CsxknGIti,"['7d39ee69bdac843654f44bb3164a243b3e8c527019b6225992e5d36771f19e8f', '19400be5b7a31fb733917700789d2f0a2471c0c9d506c0e504c06c16d7cb17c0']",[],1.0,0ffee3ba8e615ad22535e7f771690a28,ccc514751b175866924439bdbb5bba34,,,661.508705,10.0.2.15,49731,95.172.94.42,443,tcp,1.748429999999984,1096.0,3637.0,SF,True,False,0,ShADadfF,11,1548,13,4161,ssl,0
661.833634,CkITgM3J1MD9bakEY1,10.0.2.15,49738,95.172.94.42,443,TLSv12,TLS_ECDHE_RSA_WITH_AES_128_GCM_SHA256,secp256r1,pixel.quantserve.com,False,True,CsxknGIti,"['7d39ee69bdac843654f44bb3164a243b3e8c527019b6225992e5d36771f19e8f', '19400be5b7a31fb733917700789d2f0a2471c0c9d506c0e504c06c16d7cb17c0']",[],1.0,0ffee3ba8e615ad22535e7f771690a28,ccc514751b175866924439bdbb5bba34,,,661.544876,10.0.2.15,49738,95.172.94.42,443,tcp,1.788774999999987,1277.0,3637.0,SF,True,False,0,ShADadfF,11,1729,13,4161,ssl,0
661.996367,C8sZfa37ZoHLDItu1c,10.0.2.15,49739,104.123.230.148,443,TLSv12,TLS_ECDHE_RSA_WITH_AES_256_GCM_SHA384,secp256r1,munchkin.marketo.net,False,True,CsxknGIti,"['261908a501ba0955feee1683f42f1092cdbb3345459ca843bac5ee628cfae55d', 'eae72eb454bf6c3977ebd289e970b2f5282949190093d0d26f98d0f0d6a9cf17', '8420dfbe376f414bf4c0a81e6936d24ccc03f304835b86c7a39142fca723a689']",[],1.0,0ffee3ba8e615ad22535e7f771690a28,2b33c1374db4ddf06942f92373c0b54b,http/1.1,,661.587199,10.0.2.15,49739,104.123.230.148,443,tcp,6.80839299999991,354.0,4812.0,RSTO,True,False,0,ShADadFR,10,766,11,5256,ssl,0
661.863323,CZhwu7A9yEBEiw9n2,10.0.2.15,49735,23.253.41.115,443,TLSv12,TLS_ECDHE_RSA_WITH_AES_256_GCM_SHA384,secp256r1,api.autopilothq.com,False,True,CsxknGIti,"['6c6ac72c7769c53a345949f77704dfac3e6f1f5436aa6ad5365228ae55eafc5c', '02ab57e4e67a0cb48dd2ff34830e8ac40f4476fb08ca6be3f5cd846f646840f0', '4f32d5dc00f715250abcc486511e37f501a899deb3bf7ea8adbbd3aef1c412da', '687fa451382278fff0c8b11f8d43d576671c6eb2bceab413fb83d965d06d2ff2']",[],1.0,0ffee3ba8e615ad22535e7f771690a28,758945630046fd37070521b8544d1fe8,,,661.519785,10.0.2.15,49735,23.253.41.115,443,tcp,4.831329000000096,825.0,6376.0,SF,True,False,0,ShADadfF,11,1277,17,7060,ssl,0
661.866309,CkET7D4e8MyqduPue,10.0.2.15,49734,23.253.41.115,443,TLSv12,TLS_ECDHE_RSA_WITH_AES_256_GCM_SHA384,secp256r1,api.autopilothq.com,False,True,CsxknGIti,"['6c6ac72c7769c53a345949f77704dfac3e6f1f5436aa6ad5365228ae55eafc5c', '02ab57e4e67a0cb48dd2ff34830e8ac40f4476fb08ca6be3f5cd846f646840f0', '4f32d5dc00f715250abcc486511e37f501a899deb3bf7ea8adbbd3aef1c412da', '687fa451382278fff0c8b11f8d43d576671c6eb2bceab413fb83d965d06d2ff2']",[],1.0,0ffee3ba8e615ad22535e7f771690a28,758945630046fd37070521b8544d1fe8,,,661.517077,10.0.2.15,49734,23.253.41.115,443,tcp,6.867696000000024,322.0,6376.0,SF,True,False,0,ShADadfF,10,734,13,6900,ssl,0
662.530497,CN1xfA1CcMNCUmzFN2,10.0.2.15,49740,95.172.94.42,443,TLSv12,TLS_ECDHE_RSA_WITH_AES_128_GCM_SHA256,,pixel.quantserve.com,True,True,CsiI,,,,1a5fe5677b0e4fbbc854e8908225637d,fbe78c619e7ea20046131294ad087f05,,,662.022012,10.0.2.15,49740,95.172.94.42,443,tcp,2.815436999999974,1341.0,482.0,SF,True,False,0,ShADadfF,8,1673,9,846,ssl,0
663.809559,CnJOne1wtshPArIu95,10.0.2.15,49743,104.127.62.123,443,TLSv12,TLS_ECDHE_RSA_WITH_AES_256_GCM_SHA384,,ak.quantcast.com,True,True,CsiI,,,,1a5fe5677b0e4fbbc854e8908225637d,410b9bedaf65dd26c6fe547154d60db4,http/1.1,,663.343248,10.0.2.15,49743,104.127.62.123,443,tcp,125.97660899999994,10244.0,66182.0,SF,True,False,0,ShADadTTFf,75,13267,117,70866,ssl,0
663.814144,C40g301h59NiZ7fJk7,10.0.2.15,49742,104.127.62.123,443,TLSv12,TLS_ECDHE_RSA_WITH_AES_256_GCM_SHA384,,ak.quantcast.com,True,True,CsiI,,,,1a5fe5677b0e4fbbc854e8908225637d,410b9bedaf65dd26c6fe547154d60db4,http/1.1,,663.342121,10.0.2.15,49742,104.127.62.123,443,tcp,125.96281299999998,10269.0,43719.0,SF,True,False,0,ShADadTTFfRr,55,12492,85,47123,ssl,0
664.088456,CC9cvc2HrLIfeygFbk,10.0.2.15,49746,104.123.230.148,443,TLSv12,TLS_ECDHE_RSA_WITH_AES_256_GCM_SHA384,secp256r1,munchkin.marketo.net,False,True,CsxknGIti,"['261908a501ba0955feee1683f42f1092cdbb3345459ca843bac5ee628cfae55d', 'eae72eb454bf6c3977ebd289e970b2f5282949190093d0d26f98d0f0d6a9cf17', '8420dfbe376f414bf4c0a81e6936d24ccc03f304835b86c7a39142fca723a689']",[],1.0,0ffee3ba8e615ad22535e7f771690a28,2b33c1374db4ddf06942f92373c0b54b,http/1.1,,663.3795,10.0.2.15,49746,104.123.230.148,443,tcp,7.244829999999979,354.0,4812.0,SF,True,False,0,ShADadFRfr,11,806,14,5376,ssl,0
664.311671,CxOZHQTTQxyW3gXm5,10.0.2.15,49750,74.125.206.154,443,TLSv12,TLS_ECDHE_RSA_WITH_AES_128_GCM_SHA256,,stats.g.doubleclick.net,True,True,CsiI,,,,1a5fe5677b0e4fbbc854e8908225637d,67619a80665d7ab92d1041b1d11f9164,h2,,663.747521,10.0.2.15,49750,74.125.206.154,443,tcp,185.155116,3680.0,2595.0,SF,True,False,0,ShADadfF,33,5012,43,4319,ssl,0
664.33479,CPTVha3RxYvROfXeef,10.0.2.15,49749,95.172.94.42,443,TLSv12,TLS_ECDHE_RSA_WITH_AES_128_GCM_SHA256,,pixel.quantserve.com,True,True,CsiI,,,,1a5fe5677b0e4fbbc854e8908225637d,fbe78c619e7ea20046131294ad087f05,,,663.745617,10.0.2.15,49749,95.172.94.42,443,tcp,3.17386799999997,1380.0,825.0,SF,True,False,0,ShADadfF,9,1752,9,1189,ssl,0
664.342674,Cm20p24qAADiDeqBmk,10.0.2.15,49748,162.247.242.18,443,TLSv12,TLS_DHE_RSA_WITH_AES_256_CBC_SHA,,bam.nr-data.net,False,True,CsxknGIi,"['e7489ed1f465ba2b3ce0faef3a43a3895cd097733dbb5b713df8b299270ca145', '074541ecdf88ed992ed5ade3ecddef27a26ba1b44480a195c0a8dadae2521d8e']",[],1.0,0ffee3ba8e615ad22535e7f771690a28,d90fa179c9daf35598ed8341272118f7,,,663.743933,10.0.2.15,49748,162.247.242.18,443,tcp,149.64624000000003,5829.0,3918.0,SF,True,False,0,ShADadTTfF,30,7055,31,5162,ssl,0
664.347794,C3OTBq4G63efxKYwqb,10.0.2.15,49747,162.247.242.18,443,TLSv12,TLS_DHE_RSA_WITH_AES_256_CBC_SHA,,bam.nr-data.net,False,True,CsxknGIi,"['e7489ed1f465ba2b3ce0faef3a43a3895cd097733dbb5b713df8b299270ca145', '074541ecdf88ed992ed5ade3ecddef27a26ba1b44480a195c0a8dadae2521d8e']",[],1.0,0ffee3ba8e615ad22535e7f771690a28,d90fa179c9daf35598ed8341272118f7,,,663.740287,10.0.2.15,49747,162.247.242.18,443,tcp,7.000154000000066,459.0,3476.0,SF,True,False,0,ShADadFf,9,831,10,3880,ssl,0
667.138702,CPo4mk3dOajBOM4Uib,10.0.2.15,49751,35.163.223.46,443,TLSv12,TLS_ECDHE_RSA_WITH_AES_128_GCM_SHA256,secp256r1,api.segment.io,False,True,CsxknGIti,"['1056f9b178b85f0151b370b1db60a8ef8ca329c7d395d5064e6bb2f2d899fb54', '154c433c491929c5ef686e838e323664a00e6a0d822ccc958fb4dab03e49a08f']",[],1.0,0ffee3ba8e615ad22535e7f771690a28,8d2a028aa94425f76ced7826b1f39039,h2,,666.757585,10.0.2.15,49751,35.163.223.46,443,tcp,185.89538000000005,3722.0,3839.0,SF,True,False,0,ShADadFf,26,4774,28,4963,ssl,0
667.284484,CGlQgmwDp2jw2cCj,10.0.2.15,49754,199.15.213.3,443,TLSv12,TLS_ECDHE_RSA_WITH_AES_256_CBC_SHA,secp256r1,516-dgm-318.mktoresp.com,False,True,CsxknGIi,"['48ee21264ab1c3b16632f3b6b0638b52969bc18055f980a7ec7c9e40f75653e9', '973a41276ffd01e027a2aad49e34c37846d3e976ff6a620b6712e33832041aa6', '3a2fbe92891e57fe05d57087f48e730f17e5a5f53ef403d618e5b74d7a7e6ecb', 'c3846bf24b9e93ca64274c0ec67c1ecc5e024ffcacd2d74019350e81fe546ae4']",[],1.0,0ffee3ba8e615ad22535e7f771690a28,8475c8479d349f36563360abf90c11f1,,,666.765143,10.0.2.15,49754,199.15.213.3,443,tcp,8.972353999999996,1001.0,5949.0,SF,True,False,0,ShADadfF,12,1493,13,6473,ssl,0
667.291909,CEGSZKP0GWg4aJiDe,10.0.2.15,49752,199.15.213.3,443,TLSv12,TLS_ECDHE_RSA_WITH_AES_256_CBC_SHA,secp256r1,516-dgm-318.mktoresp.com,False,True,CsxknGIi,"['48ee21264ab1c3b16632f3b6b0638b52969bc18055f980a7ec7c9e40f75653e9', '973a41276ffd01e027a2aad49e34c37846d3e976ff6a620b6712e33832041aa6', '3a2fbe92891e57fe05d57087f48e730f17e5a5f53ef403d618e5b74d7a7e6ecb', 'c3846bf24b9e93ca64274c0ec67c1ecc5e024ffcacd2d74019350e81fe546ae4']",[],1.0,0ffee3ba8e615ad22535e7f771690a28,8475c8479d349f36563360abf90c11f1,,,666.76143,10.0.2.15,49752,199.15.213.3,443,tcp,6.483404999999948,404.0,5288.0,SF,True,False,0,ShADadFf,10,816,12,5772,ssl,0
667.288889,CA0ewQ3hesxepeJ9y,10.0.2.15,49753,35.163.223.46,443,TLSv12,TLS_ECDHE_RSA_WITH_AES_128_GCM_SHA256,secp256r1,api.segment.io,False,True,CsxknGIti,"['1056f9b178b85f0151b370b1db60a8ef8ca329c7d395d5064e6bb2f2d899fb54', '154c433c491929c5ef686e838e323664a00e6a0d822ccc958fb4dab03e49a08f']",[],1.0,0ffee3ba8e615ad22535e7f771690a28,8d2a028aa94425f76ced7826b1f39039,h2,,666.762879,10.0.2.15,49753,35.163.223.46,443,tcp,3.935915000000022,557.0,3263.0,SF,True,False,0,ShADadFf,11,1009,13,3787,ssl,0
668.059035,Crw8VG32CmetVZcP07,10.0.2.15,49760,54.231.72.251,443,TLSv12,TLS_ECDHE_RSA_WITH_AES_128_GCM_SHA256,secp256r1,gtrk.s3.amazonaws.com,False,True,CsxknGIi,"['659a3d7684850e6d664f5131f9f8765469b9c7017b7a0e206f8c1c9445cb1c69', 'f9690880819f06cdcc0b2f224b207f2af6003fb57339b8679a160fa95208d62d']",[],1.0,0ffee3ba8e615ad22535e7f771690a28,ea615e28cb25adfb2f261151eab3314f,,,667.724879,10.0.2.15,49760,54.231.72.251,443,tcp,9.129142000000002,655.0,3485.0,SF,True,False,0,ShADadFf,10,1067,13,4009,ssl,0
668.060023,CCBOvS33eDF3Z1ANzj,10.0.2.15,49759,54.231.72.251,443,TLSv12,TLS_ECDHE_RSA_WITH_AES_128_GCM_SHA256,secp256r1,gtrk.s3.amazonaws.com,False,True,CsxknGIi,"['659a3d7684850e6d664f5131f9f8765469b9c7017b7a0e206f8c1c9445cb1c69', 'f9690880819f06cdcc0b2f224b207f2af6003fb57339b8679a160fa95208d62d']",[],1.0,0ffee3ba8e615ad22535e7f771690a28,ea615e28cb25adfb2f261151eab3314f,,,667.722017,10.0.2.15,49759,54.231.72.251,443,tcp,9.276563999999894,655.0,3485.0,SF,True,False,0,ShADadFf,11,1107,13,4009,ssl,0
669.133783,CH0zD817llN6ftLktl,10.0.2.15,49765,216.58.214.228,443,TLSv12,TLS_ECDHE_RSA_WITH_AES_128_GCM_SHA256,,www.google.com,True,True,CsiI,,,,1a5fe5677b0e4fbbc854e8908225637d,67619a80665d7ab92d1041b1d11f9164,h2,,668.354267,10.0.2.15,49765,216.58.214.228,443,tcp,180.52969999999996,5400.0,10774.0,SF,True,False,0,ShADadfF,30,6612,40,12378,ssl,0
669.125684,CSU4fL2qiIzUHfDNs1,10.0.2.15,49766,216.58.209.194,443,TLSv12,TLS_ECDHE_RSA_WITH_AES_128_GCM_SHA256,x25519,www.googleadservices.com,False,True,CsxknGIti,"['33c13616ade5804cb64668e7fede6e1ef8141ce96a24e69910dfdd83efac1907', '9f630426df1d8abfd80ace98871ba833ab9742cb34838de2b5285ed54c0c7dcc', '3c35cc963eb004451323d3275d05b353235053490d9cd83729a2faf5e7ca1cc0']",[],1.0,0ffee3ba8e615ad22535e7f771690a28,ab41313cfec25328b20865eb1388e0a2,h2,,668.360575,10.0.2.15,49766,216.58.209.194,443,tcp,179.53695599999992,1486.0,5387.0,SF,True,False,0,ShADadfF,22,2378,28,6511,ssl,0
669.169347,CnPSts1PVfVTckQfx9,10.0.2.15,49762,159.122.19.146,443,TLSv12,TLS_ECDHE_RSA_WITH_AES_128_GCM_SHA256,secp256r1,api.mixpanel.com,False,True,CsxknGIti,"['229a96c70c6d8b2936b27ac8653884f7e9fa2fcfe8f007b03aed4728877f4903', 'e6683e88315cd1cb403c0cea490f7c4b4c82c91cd485037489aadbaa90839f61']",[],1.0,0ffee3ba8e615ad22535e7f771690a28,ccc514751b175866924439bdbb5bba34,,,668.136779,10.0.2.15,49762,159.122.19.146,443,tcp,68.7633209999999,1430.0,3955.0,SF,True,False,0,ShADadTfF,17,2128,19,4719,ssl,0
669.178792,CP4X4o27hH5BfRDSN6,10.0.2.15,49761,159.122.19.146,443,TLSv12,TLS_ECDHE_RSA_WITH_AES_128_GCM_SHA256,secp256r1,api.mixpanel.com,False,True,CsxknGIti,"['229a96c70c6d8b2936b27ac8653884f7e9fa2fcfe8f007b03aed4728877f4903', 'e6683e88315cd1cb403c0cea490f7c4b4c82c91cd485037489aadbaa90839f61']",[],1.0,0ffee3ba8e615ad22535e7f771690a28,ccc514751b175866924439bdbb5bba34,,,668.134722,10.0.2.15,49761,159.122.19.146,443,tcp,68.83248500000002,2935.0,4611.0,SF,True,False,0,ShADadTfF,20,3753,22,5495,ssl,0
669.159874,Chd28uGW3b2kve9m4,10.0.2.15,49763,54.243.92.110,443,TLSv12,TLS_RSA_WITH_AES_128_CBC_SHA,,api.ipify.org,False,True,CsxnGIti,['29d8fbdb43fe299b203e779c87a9debe25bc8f559607ed221d0a17e9ee65d42a'],[],0.0,0ffee3ba8e615ad22535e7f771690a28,c67e8b533a9001ce4e36883b8d3489c4,,,668.138931,10.0.2.15,49763,54.243.92.110,443,tcp,2.516076999999995,457.0,1189.0,SF,True,False,0,ShADadFf,9,829,8,1513,ssl,0
669.540812,CMYso145Zzv4qMRRMf,10.0.2.15,49771,159.122.19.146,443,TLSv12,TLS_ECDHE_RSA_WITH_AES_128_GCM_SHA256,secp256r1,api.mixpanel.com,False,True,CsxknGIti,"['229a96c70c6d8b2936b27ac8653884f7e9fa2fcfe8f007b03aed4728877f4903', 'e6683e88315cd1cb403c0cea490f7c4b4c82c91cd485037489aadbaa90839f61']",[],1.0,0ffee3ba8e615ad22535e7f771690a28,ccc514751b175866924439bdbb5bba34,,,669.085662,10.0.2.15,49771,159.122.19.146,443,tcp,67.54077700000005,2698.0,3955.0,SF,True,False,0,ShADadTFf,18,3436,19,4719,ssl,0
669.54393,C3C3dq3Xz9Q7ugrY0l,10.0.2.15,49769,159.122.19.146,443,TLSv12,TLS_ECDHE_RSA_WITH_AES_128_GCM_SHA256,secp256r1,api.mixpanel.com,False,True,CsxknGIti,"['229a96c70c6d8b2936b27ac8653884f7e9fa2fcfe8f007b03aed4728877f4903', 'e6683e88315cd1cb403c0cea490f7c4b4c82c91cd485037489aadbaa90839f61']",[],1.0,0ffee3ba8e615ad22535e7f771690a28,ccc514751b175866924439bdbb5bba34,,,669.023419,10.0.2.15,49769,159.122.19.146,443,tcp,67.82378000000006,2438.0,3955.0,SF,True,False,0,ShADadTfF,18,3176,19,4719,ssl,0
669.530257,C9eyOo373t6x6MoLVg,10.0.2.15,49764,35.163.223.46,443,TLSv12,TLS_ECDHE_RSA_WITH_AES_128_GCM_SHA256,secp256r1,api.segment.io,False,True,CsxknGIti,"['1056f9b178b85f0151b370b1db60a8ef8ca329c7d395d5064e6bb2f2d899fb54', '154c433c491929c5ef686e838e323664a00e6a0d822ccc958fb4dab03e49a08f']",[],1.0,0ffee3ba8e615ad22535e7f771690a28,8d2a028aa94425f76ced7826b1f39039,h2,,668.350827,10.0.2.15,49764,35.163.223.46,443,tcp,3.011027000000012,2262.0,3501.0,SF,True,False,0,ShADadFf,15,2874,19,4265,ssl,0
669.558376,CC4XhD3GxcscdayD4g,10.0.2.15,49767,35.163.223.46,443,TLSv12,TLS_ECDHE_RSA_WITH_AES_128_GCM_SHA256,secp256r1,api.segment.io,False,True,CsxknGIti,"['1056f9b178b85f0151b370b1db60a8ef8ca329c7d395d5064e6bb2f2d899fb54', '154c433c491929c5ef686e838e323664a00e6a0d822ccc958fb4dab03e49a08f']",[],1.0,0ffee3ba8e615ad22535e7f771690a28,8d2a028aa94425f76ced7826b1f39039,h2,,668.44783,10.0.2.15,49767,35.163.223.46,443,tcp,3.070432000000096,2402.0,3501.0,SF,True,False,0,ShADadFf,17,3094,19,4265,ssl,0
1022.926501,CRr4Dz2jibj7Kd4cE6,10.0.2.15,49781,77.75.77.39,443,TLSv12,TLS_ECDHE_RSA_WITH_AES_128_GCM_SHA256,secp256r1,www.seznam.cz,False,True,CsxknGIti,"['4b94fba3050ad21edd91a5c383e2e9678fe8f16149dcb3471bc08b25684fcc2c', '1a99019f9d412a64454749edaa8e7dc46673d644df3ce15cc655735ea0df86fe']",[],1.0,0ffee3ba8e615ad22535e7f771690a28,8d2a028aa94425f76ced7826b1f39039,http/1.1,,1022.908437,10.0.2.15,49781,77.75.77.39,443,tcp,6.87800900000002,347.0,3493.0,SF,True,False,0,ShADadFf,10,759,11,3937,ssl,0
1040.659875,CSgQXF4OZltSWm5oc,10.0.2.15,49822,74.125.206.154,443,TLSv12,TLS_ECDHE_RSA_WITH_AES_128_GCM_SHA256,,stats.g.doubleclick.net,True,True,CsiI,,,,1a5fe5677b0e4fbbc854e8908225637d,67619a80665d7ab92d1041b1d11f9164,h2,,1039.891217,10.0.2.15,49822,74.125.206.154,443,tcp,190.351774,2429.0,17504.0,SF,True,False,0,ShADadFf,32,3721,48,19428,ssl,0
1187.411443,CrifYpGUNsfjz2Fef,10.0.2.15,49861,54.225.176.102,443,TLSv12,TLS_ECDHE_RSA_WITH_AES_128_GCM_SHA256,secp256r1,3008570023.log.optimizely.com,False,True,CsxknGIi,"['720a04382d93aa8932b95cc755b9fbaab1b6a01d85399736cf4d5a4607e41172', '19400be5b7a31fb733917700789d2f0a2471c0c9d506c0e504c06c16d7cb17c0', '7431e5f4c3c1ce4690774f0b61e05440883ba9a01ed00ba6abd7806ed3b118cf']",[],1.0,0ffee3ba8e615ad22535e7f771690a28,303951d4c50efb2e991652225a6f02b1,,,1187.283225,10.0.2.15,49861,54.225.176.102,443,tcp,177.76499400000012,3947.0,5889.0,SF,True,False,0,ShADadTTFf,31,5215,34,7253,ssl,0
1187.590934,ClWldH1myNvs3Mpnab,10.0.2.15,49862,199.15.213.3,443,TLSv12,TLS_ECDHE_RSA_WITH_AES_256_CBC_SHA,,516-dgm-318.mktoresp.com,True,True,CsiI,,,,0ffee3ba8e615ad22535e7f771690a28,8475c8479d349f36563360abf90c11f1,,,1187.483044,10.0.2.15,49862,199.15.213.3,443,tcp,5.485261999999921,1006.0,824.0,SF,True,False,0,ShADadfF,9,1378,9,1188,ssl,0
1188.015215,CLBVYt1v45ajvsaUpl,10.0.2.15,49863,159.122.19.165,443,TLSv12,TLS_ECDHE_RSA_WITH_AES_128_GCM_SHA256,secp256r1,api.mixpanel.com,False,True,CsxknGIti,"['229a96c70c6d8b2936b27ac8653884f7e9fa2fcfe8f007b03aed4728877f4903', 'e6683e88315cd1cb403c0cea490f7c4b4c82c91cd485037489aadbaa90839f61']",[],1.0,0ffee3ba8e615ad22535e7f771690a28,ccc514751b175866924439bdbb5bba34,,,1187.984858,10.0.2.15,49863,159.122.19.165,443,tcp,182.317824,27188.0,9211.0,SF,True,False,0,ShADadTTfF,54,29375,58,11535,ssl,0
1188.377168,C5VVWSyGuTnA0XK57,10.0.2.15,49864,34.199.149.43,443,TLSv12,TLS_ECDHE_RSA_WITH_AES_256_GCM_SHA384,secp256r1,www.quantcast.com,False,True,CsxuknGIti,"['917100a4adf4f0c20ac5f5e3188c6a30984af4749412fdb6bbd49e50b13c2fe0', '19400be5b7a31fb733917700789d2f0a2471c0c9d506c0e504c06c16d7cb17c0', '7431e5f4c3c1ce4690774f0b61e05440883ba9a01ed00ba6abd7806ed3b118cf']",[],1.0,0ffee3ba8e615ad22535e7f771690a28,d53e4608f956df65bb2b8a8c4d3b025d,,,1188.24764,10.0.2.15,49864,34.199.149.43,443,tcp,20.732007000000067,1747.0,30782.0,SF,True,False,0,ShADadTFf,23,2680,42,32466,ssl,0
1188.39242,CFZy993m4B7ZpA7dyg,10.0.2.15,49865,34.199.149.43,443,TLSv12,TLS_ECDHE_RSA_WITH_AES_256_GCM_SHA384,secp256r1,www.quantcast.com,False,True,CsxuknGIti,"['917100a4adf4f0c20ac5f5e3188c6a30984af4749412fdb6bbd49e50b13c2fe0', '19400be5b7a31fb733917700789d2f0a2471c0c9d506c0e504c06c16d7cb17c0', '7431e5f4c3c1ce4690774f0b61e05440883ba9a01ed00ba6abd7806ed3b118cf']",[],1.0,0ffee3ba8e615ad22535e7f771690a28,d53e4608f956df65bb2b8a8c4d3b025d,,,1188.267539,10.0.2.15,49865,34.199.149.43,443,tcp,6.332793000000038,351.0,4966.0,SF,True,False,0,ShADadFfRr,12,843,15,5570,ssl,0
1189.301576,CBQFbY3PCDJrrYK494,10.0.2.15,49866,23.38.91.126,443,TLSv12,TLS_ECDHE_RSA_WITH_AES_256_GCM_SHA384,,cdn.optimizely.com,True,True,CsiI,,,,1a5fe5677b0e4fbbc854e8908225637d,410b9bedaf65dd26c6fe547154d60db4,h2,,1189.276335,10.0.2.15,49866,23.38.91.126,443,tcp,188.474369,1297.0,829.0,SF,True,False,0,ShADadFRfr,20,2109,23,1753,ssl,0
1189.411079,CsbT221pStUE4peWJ2,10.0.2.15,49867,104.127.62.123,443,TLSv12,TLS_ECDHE_RSA_WITH_AES_256_GCM_SHA384,,ak.quantcast.com,True,True,CsiI,,,,1a5fe5677b0e4fbbc854e8908225637d,410b9bedaf65dd26c6fe547154d60db4,http/1.1,,1189.372054,10.0.2.15,49867,104.127.62.123,443,tcp,186.19157600000017,36885.0,762625.0,SF,True,False,0,ShADadTWTFfRr,267,47592,772,793509,ssl,0
1189.468093,CQNtQGaMNAeHdKuSj,10.0.2.15,49869,104.127.62.123,443,TLSv12,TLS_ECDHE_RSA_WITH_AES_256_GCM_SHA384,,ak.quantcast.com,True,True,CsiI,,,,1a5fe5677b0e4fbbc854e8908225637d,410b9bedaf65dd26c6fe547154d60db4,http/1.1,,1189.375993,10.0.2.15,49869,104.127.62.123,443,tcp,186.15607299999988,26815.0,57801.0,RSTO,True,False,0,ShADadTTFR,77,29922,116,62445,ssl,0
1189.475584,CC4SEk39ImWMEnR64i,10.0.2.15,49868,104.127.62.123,443,TLSv12,TLS_ECDHE_RSA_WITH_AES_256_GCM_SHA384,,ak.quantcast.com,True,True,CsiI,,,,1a5fe5677b0e4fbbc854e8908225637d,410b9bedaf65dd26c6fe547154d60db4,http/1.1,,1189.374184,10.0.2.15,49868,104.127.62.123,443,tcp,6.45892600000002,599.0,183.0,RSTO,True,False,0,ShADadFR,7,891,7,467,ssl,0
1189.585717,C3ZOur3fvoadCRcW2,10.0.2.15,49871,52.222.170.189,443,TLSv12,TLS_ECDHE_RSA_WITH_AES_128_GCM_SHA256,,static.quantcast.com,True,True,CsiI,,,,1a5fe5677b0e4fbbc854e8908225637d,d199ba0af2b08e204c73d6d81a1fd260,http/1.1,,1189.479475,10.0.2.15,49871,52.222.170.189,443,tcp,162.47931599999993,33709.0,280719.0,SF,True,False,0,ShADadTTFfRr,169,40494,359,295083,ssl,0
1189.612145,CesnxB2u4dwBDtAVT2,10.0.2.15,49873,52.222.170.189,443,TLSv12,TLS_ECDHE_RSA_WITH_AES_128_GCM_SHA256,,static.quantcast.com,True,True,CsiI,,,,1a5fe5677b0e4fbbc854e8908225637d,d199ba0af2b08e204c73d6d81a1fd260,http/1.1,,1189.489813,10.0.2.15,49873,52.222.170.189,443,tcp,162.41697,21898.0,154175.0,SF,True,False,0,ShADadTTFf,97,25803,202,162259,ssl,0
1189.476208,CZ91Ug1zieocUqYRXf,10.0.2.15,49870,104.19.194.102,443,TLSv12,TLS_ECDHE_ECDSA_WITH_AES_128_GCM_SHA256,secp256r1,cdnjs.cloudflare.com,False,True,CsxuknGIti,"['288a62410b9a17d44ccccf0ca447daaee0f3c7bcd3e0cb6d4f24ef85d2dbfdd0', 'cd6c108a0e641f2ca122aaa6d03f826759cae7c6f800eabf76dc48b67cd083ce', '9573862ac0b4b125168810ea3fd101ae2eb0bb15f61fc0e6da7a2a38b85a89e8']",[],1.0,0ffee3ba8e615ad22535e7f771690a28,7d3eb4120cd50e889bcd3f3783be0f82,h2,,1189.378409,10.0.2.15,49870,104.19.194.102,443,tcp,188.3264810000001,739.0,4016.0,SF,True,False,0,ShADadFf,20,1551,22,4900,ssl,0
1189.592086,ChdUPM3hUIGDdNiIl,10.0.2.15,49872,52.222.170.189,443,TLSv12,TLS_ECDHE_RSA_WITH_AES_128_GCM_SHA256,,static.quantcast.com,True,True,CsiI,,,,1a5fe5677b0e4fbbc854e8908225637d,d199ba0af2b08e204c73d6d81a1fd260,http/1.1,,1189.480158,10.0.2.15,49872,52.222.170.189,443,tcp,148.72201199999995,22028.0,77567.0,SF,True,False,0,ShADadTTFf,83,25372,131,82811,ssl,0
1189.673548,CrwBR80MMhEkFgF39,10.0.2.15,49875,52.222.170.189,443,TLSv12,TLS_ECDHE_RSA_WITH_AES_128_GCM_SHA256,,static.quantcast.com,True,True,CsiI,,,,1a5fe5677b0e4fbbc854e8908225637d,d199ba0af2b08e204c73d6d81a1fd260,http/1.1,,1189.493063,10.0.2.15,49875,52.222.170.189,443,tcp,144.66795700000011,16203.0,17327.0,SF,True,False,0,ShADadTTFf,41,17867,54,19491,ssl,0
1189.675581,COJh9P3wMpqK7Ciawi,10.0.2.15,49874,52.222.170.189,443,TLSv12,TLS_ECDHE_RSA_WITH_AES_128_GCM_SHA256,,static.quantcast.com,True,True,CsiI,,,,1a5fe5677b0e4fbbc854e8908225637d,d199ba0af2b08e204c73d6d81a1fd260,http/1.1,,1189.492182,10.0.2.15,49874,52.222.170.189,443,tcp,145.50321800000006,13391.0,15987.0,SF,True,False,0,ShADadTTFf,38,14935,50,17991,ssl,0
1191.118353,C21KN74toAQKo1fDFa,10.0.2.15,49876,95.172.94.30,443,TLSv12,TLS_ECDHE_RSA_WITH_AES_128_GCM_SHA256,secp256r1,secure.quantserve.com,False,True,CsxknGIti,"['7d39ee69bdac843654f44bb3164a243b3e8c527019b6225992e5d36771f19e8f', '19400be5b7a31fb733917700789d2f0a2471c0c9d506c0e504c06c16d7cb17c0']",[],1.0,0ffee3ba8e615ad22535e7f771690a28,ccc514751b175866924439bdbb5bba34,,,1191.084036,10.0.2.15,49876,95.172.94.30,443,tcp,5.824802999999974,355.0,3323.0,SF,True,False,0,ShADadFRfr,11,807,13,3847,ssl,0
1191.858631,CuvwzDyieLG4iTXE3,10.0.2.15,49877,23.38.87.52,443,TLSv12,TLS_ECDHE_RSA_WITH_AES_256_GCM_SHA384,,p.typekit.net,True,True,CsiI,,,,1a5fe5677b0e4fbbc854e8908225637d,410b9bedaf65dd26c6fe547154d60db4,http/1.1,,1191.837449,10.0.2.15,49877,23.38.87.52,443,tcp,121.07981799999992,1059.0,579.0,RSTO,True,False,0,ShADadTTFR,21,1923,21,1423,ssl,0
1192.140633,CJrILj4GIKrLiiFLQ2,10.0.2.15,49878,216.58.214.232,443,TLSv12,TLS_ECDHE_RSA_WITH_AES_128_GCM_SHA256,,www.googletagmanager.com,True,True,CsiI,,,,1a5fe5677b0e4fbbc854e8908225637d,67619a80665d7ab92d1041b1d11f9164,h2,,1192.10508,10.0.2.15,49878,216.58.214.232,443,tcp,365.3095409999999,1336.0,26713.0,SF,True,False,0,ShADadFf,35,2748,53,28837,ssl,0
1192.381993,CRe2b333RK4kggi3h8,10.0.2.15,49879,52.222.170.189,443,TLSv12,TLS_ECDHE_RSA_WITH_AES_128_GCM_SHA256,secp256r1,static.quantcast.com,False,True,CsxknGIti,"['917100a4adf4f0c20ac5f5e3188c6a30984af4749412fdb6bbd49e50b13c2fe0', '19400be5b7a31fb733917700789d2f0a2471c0c9d506c0e504c06c16d7cb17c0', '7431e5f4c3c1ce4690774f0b61e05440883ba9a01ed00ba6abd7806ed3b118cf']",[],1.0,0ffee3ba8e615ad22535e7f771690a28,b898351eb5e266aefd3723d466935494,http/1.1,,1192.358531,10.0.2.15,49879,52.222.170.189,443,tcp,162.28500599999984,9551.0,158733.0,SF,True,False,0,ShADadTTFf,120,14375,232,168017,ssl,0
1192.93257,CGDtSpt2YVyFONcAi,10.0.2.15,49880,194.50.240.71,443,TLSv12,TLS_ECDHE_RSA_WITH_AES_128_GCM_SHA256,secp256r1,www.servis24.cz,False,True,CsxknGIti,"['77ad82061d2232d4db41d2de0f9cd947ffe3f23879f00413c5b49bb3d3817545', '1f9b31f820929ebfa03117ec2b77ba6b0fb6ecc9e027682a559378da311c54ef']",[],1.0,0ffee3ba8e615ad22535e7f771690a28,389ed42c02ebecc32e73aa31def07e14,,,1192.882755,10.0.2.15,49880,194.50.240.71,443,tcp,20.3554459999998,1174.0,4895.0,SF,True,False,0,ShADadTFf,12,1668,16,5539,ssl,0
1192.935781,CB1WH42TyMKyGPnks,10.0.2.15,49881,194.50.240.71,443,TLSv12,TLS_ECDHE_RSA_WITH_AES_128_GCM_SHA256,secp256r1,www.servis24.cz,False,True,CsxknGIti,"['77ad82061d2232d4db41d2de0f9cd947ffe3f23879f00413c5b49bb3d3817545', '1f9b31f820929ebfa03117ec2b77ba6b0fb6ecc9e027682a559378da311c54ef']",[],1.0,0ffee3ba8e615ad22535e7f771690a28,389ed42c02ebecc32e73aa31def07e14,,,1192.913806,10.0.2.15,49881,194.50.240.71,443,tcp,6.064988000000085,381.0,3879.0,RSTO,True,False,0,ShADadFR,9,753,10,4283,ssl,0
1193.642006,CSDler1ecnFtiyP8h2,10.0.2.15,49882,52.222.170.189,443,TLSv12,TLS_ECDHE_RSA_WITH_AES_128_GCM_SHA256,,static.quantcast.com,True,True,CsiI,,,,1a5fe5677b0e4fbbc854e8908225637d,d199ba0af2b08e204c73d6d81a1fd260,http/1.1,,1193.601687,10.0.2.15,49882,52.222.170.189,443,tcp,158.35704799999985,16475.0,101624.0,SF,True,False,0,ShADadTTFfRr,79,19660,146,107468,ssl,0
1194.210815,CT5kTK2zU5BCRQsAz1,10.0.2.15,49884,52.222.171.194,443,TLSv12,TLS_ECDHE_RSA_WITH_AES_128_GCM_SHA256,secp256r1,rules.quantcount.com,False,True,CsxuknGIti,"['7d39ee69bdac843654f44bb3164a243b3e8c527019b6225992e5d36771f19e8f', '19400be5b7a31fb733917700789d2f0a2471c0c9d506c0e504c06c16d7cb17c0']",[],1.0,0ffee3ba8e615ad22535e7f771690a28,76cc3e2d3028143b23ec18e27dbd7ca9,h2,,1194.155937,10.0.2.15,49884,52.222.171.194,443,tcp,189.75552399999992,1255.0,4841.0,SF,True,False,0,ShADadFf,23,2187,26,5885,ssl,0
1194.184612,CkcBv253IALRPGjaj,10.0.2.15,49883,95.172.94.36,443,TLSv12,TLS_ECDHE_RSA_WITH_AES_128_GCM_SHA256,secp256r1,pixel.quantserve.com,False,True,CsxknGIti,"['7d39ee69bdac843654f44bb3164a243b3e8c527019b6225992e5d36771f19e8f', '19400be5b7a31fb733917700789d2f0a2471c0c9d506c0e504c06c16d7cb17c0']",[],1.0,0ffee3ba8e615ad22535e7f771690a28,ccc514751b175866924439bdbb5bba34,,,1194.139782,10.0.2.15,49883,95.172.94.36,443,tcp,0.262920000000121,1407.0,3637.0,SF,True,False,0,ShADadFf,10,1819,12,4121,ssl,0
1194.455154,CX2l4g1HfI68yX83Jf,10.0.2.15,49885,216.58.214.238,443,TLSv12,TLS_ECDHE_RSA_WITH_AES_128_GCM_SHA256,,www.google-analytics.com,True,True,CsiI,,,,1a5fe5677b0e4fbbc854e8908225637d,67619a80665d7ab92d1041b1d11f9164,h2,,1194.423093,10.0.2.15,49885,216.58.214.238,443,tcp,848.7959289999999,14298.0,8659.0,SF,True,False,0,ShADadTFf,98,18276,126,13703,ssl,0
1194.679375,CN9Glr1hqgEm6gVY4i,10.0.2.15,49886,52.222.174.151,443,TLSv12,TLS_ECDHE_RSA_WITH_AES_128_GCM_SHA256,,dnn506yrbagrg.cloudfront.net,True,True,CsiI,,,,1a5fe5677b0e4fbbc854e8908225637d,d199ba0af2b08e204c73d6d81a1fd260,http/1.1,,1194.645822,10.0.2.15,49886,52.222.174.151,443,tcp,120.226445,978.0,559.0,SF,True,False,0,ShADadTTFf,19,1761,21,1403,ssl,0
1194.950821,CvcH9t4CNtaZERm9f,10.0.2.15,49887,95.172.94.36,443,TLSv12,TLS_ECDHE_RSA_WITH_AES_128_GCM_SHA256,,pixel.quantserve.com,True,True,CsiI,,,,1a5fe5677b0e4fbbc854e8908225637d,fbe78c619e7ea20046131294ad087f05,,,1194.911172,10.0.2.15,49887,95.172.94.36,443,tcp,0.363443999999844,1420.0,482.0,SF,True,False,0,ShADadFf,8,1752,9,846,ssl,0
1195.061399,C2H8JW16w0DD4wvW1d,10.0.2.15,49888,104.123.230.148,443,TLSv12,TLS_ECDHE_RSA_WITH_AES_256_GCM_SHA384,,munchkin.marketo.net,True,True,CsiI,,,,1a5fe5677b0e4fbbc854e8908225637d,410b9bedaf65dd26c6fe547154d60db4,http/1.1,,1195.012444,10.0.2.15,49888,104.123.230.148,443,tcp,6.868439999999964,599.0,183.0,SF,True,False,0,ShADadFfRr,8,931,9,547,ssl,0
1195.132402,CGgvUR1FnUZQnPpUh2,10.0.2.15,49889,52.222.175.149,443,TLSv12,TLS_ECDHE_RSA_WITH_AES_128_GCM_SHA256,secp256r1,cdn.segment.com,False,True,CsxuknGIti,"['c287f3372d839b7dd804be12d3ac1fd61b790fa45eb98c168b21f3408d5a9e8c', '154c433c491929c5ef686e838e323664a00e6a0d822ccc958fb4dab03e49a08f']",[],1.0,1a5fe5677b0e4fbbc854e8908225637d,76cc3e2d3028143b23ec18e27dbd7ca9,h2,,1195.013725,10.0.2.15,49889,52.222.175.149,443,tcp,188.38709799999992,1330.0,4251.0,SF,True,False,0,ShADadFf,20,2142,23,5175,ssl,0
1195.320233,Cuvz6043QQsdtOEwZ,10.0.2.15,49890,23.253.41.115,443,TLSv12,TLS_ECDHE_RSA_WITH_AES_256_GCM_SHA384,secp256r1,api.autopilothq.com,False,True,CsxknGIti,"['6c6ac72c7769c53a345949f77704dfac3e6f1f5436aa6ad5365228ae55eafc5c', '02ab57e4e67a0cb48dd2ff34830e8ac40f4476fb08ca6be3f5cd846f646840f0', '4f32d5dc00f715250abcc486511e37f501a899deb3bf7ea8adbbd3aef1c412da', '687fa451382278fff0c8b11f8d43d576671c6eb2bceab413fb83d965d06d2ff2']",[],1.0,0ffee3ba8e615ad22535e7f771690a28,758945630046fd37070521b8544d1fe8,,,1195.046237,10.0.2.15,49890,23.253.41.115,443,tcp,2.078667999999879,952.0,6363.0,SF,True,False,0,ShADadfF,11,1404,17,7047,ssl,0
1195.329686,C4NbMN3VlARqcQslKe,10.0.2.15,49891,23.253.41.115,443,TLSv12,TLS_ECDHE_RSA_WITH_AES_256_GCM_SHA384,secp256r1,api.autopilothq.com,False,True,CsxknGIti,"['6c6ac72c7769c53a345949f77704dfac3e6f1f5436aa6ad5365228ae55eafc5c', '02ab57e4e67a0cb48dd2ff34830e8ac40f4476fb08ca6be3f5cd846f646840f0', '4f32d5dc00f715250abcc486511e37f501a899deb3bf7ea8adbbd3aef1c412da', '687fa451382278fff0c8b11f8d43d576671c6eb2bceab413fb83d965d06d2ff2']",[],1.0,0ffee3ba8e615ad22535e7f771690a28,758945630046fd37070521b8544d1fe8,,,1195.051222,10.0.2.15,49891,23.253.41.115,443,tcp,6.809268999999858,354.0,6376.0,SF,True,False,0,ShADadfF,10,766,15,6980,ssl,0
1196.90382,CwtNei1ASRVXVbcIni,10.0.2.15,49896,74.125.206.154,443,TLSv12,TLS_ECDHE_RSA_WITH_AES_128_GCM_SHA256,,stats.g.doubleclick.net,True,True,CsiI,,,,1a5fe5677b0e4fbbc854e8908225637d,67619a80665d7ab92d1041b1d11f9164,h2,,1196.843981,10.0.2.15,49896,74.125.206.154,443,tcp,661.239335,8475.0,6924.0,SF,True,False,0,ShADadFf,73,11407,95,10728,ssl,0
1197.309779,CP822T14Nhqs4M0Rq4,10.0.2.15,49898,95.172.94.36,443,TLSv12,TLS_ECDHE_RSA_WITH_AES_128_GCM_SHA256,,pixel.quantserve.com,True,True,CsiI,,,,1a5fe5677b0e4fbbc854e8908225637d,fbe78c619e7ea20046131294ad087f05,,,1196.914666,10.0.2.15,49898,95.172.94.36,443,tcp,1.03076400000009,1417.0,482.0,SF,True,False,0,ShADadFf,9,1789,9,846,ssl,0
1197.312109,CrWgrerMKogRBCS03,10.0.2.15,49897,95.172.94.36,443,TLSv12,TLS_ECDHE_RSA_WITH_AES_128_GCM_SHA256,,pixel.quantserve.com,True,True,CsiI,,,,1a5fe5677b0e4fbbc854e8908225637d,fbe78c619e7ea20046131294ad087f05,,,1196.91355,10.0.2.15,49897,95.172.94.36,443,tcp,6.7312429999999495,599.0,168.0,RSTO,True,False,0,ShADadFR,7,891,7,452,ssl,0
1197.665794,C4R3m52W775bb64t1h,10.0.2.15,49899,95.172.94.36,443,TLSv12,TLS_ECDHE_RSA_WITH_AES_128_GCM_SHA256,,pixel.quantserve.com,True,True,CsiI,,,,1a5fe5677b0e4fbbc854e8908225637d,fbe78c619e7ea20046131294ad087f05,,,1197.367104,10.0.2.15,49899,95.172.94.36,443,tcp,6.295487999999977,599.0,168.0,SF,True,False,0,ShADadFRfr,8,931,9,532,ssl,0
1198.307744,CwEamj38hnGAEulh59,10.0.2.15,49901,199.15.213.3,443,TLSv12,TLS_ECDHE_RSA_WITH_AES_256_CBC_SHA,,516-dgm-318.mktoresp.com,True,True,CsiI,,,,0ffee3ba8e615ad22535e7f771690a28,8475c8479d349f36563360abf90c11f1,,,1198.187333,10.0.2.15,49901,199.15.213.3,443,tcp,5.574688999999808,1022.0,824.0,SF,True,False,0,ShADadfF,10,1434,10,1228,ssl,0
1198.469178,CJfMDtDAcadvWPVM3,10.0.2.15,49902,199.15.213.3,443,TLSv12,TLS_ECDHE_RSA_WITH_AES_256_CBC_SHA,,516-dgm-318.mktoresp.com,True,True,CsiI,,,,0ffee3ba8e615ad22535e7f771690a28,8475c8479d349f36563360abf90c11f1,,,1198.30307,10.0.2.15,49902,199.15.213.3,443,tcp,6.41859199999999,361.0,179.0,SF,True,False,0,ShADadFf,7,653,7,463,ssl,0
1198.332143,CCeALSTlRzZxJwspj,10.0.2.15,49900,35.163.223.46,443,TLSv12,TLS_ECDHE_RSA_WITH_AES_128_GCM_SHA256,secp256r1,api.segment.io,False,True,CsxknGIti,"['1056f9b178b85f0151b370b1db60a8ef8ca329c7d395d5064e6bb2f2d899fb54', '154c433c491929c5ef686e838e323664a00e6a0d822ccc958fb4dab03e49a08f']",[],1.0,0ffee3ba8e615ad22535e7f771690a28,8d2a028aa94425f76ced7826b1f39039,h2,,1198.111194,10.0.2.15,49900,35.163.223.46,443,tcp,251.466332,9227.0,4639.0,SF,True,False,0,ShADadFf,40,10839,46,6483,ssl,0
1199.71297,CvpzAi2hNPWi8fnU44,10.0.2.15,49903,216.58.214.228,443,TLSv12,TLS_ECDHE_RSA_WITH_AES_128_GCM_SHA256,,www.google.com,True,True,CsiI,,,,1a5fe5677b0e4fbbc854e8908225637d,67619a80665d7ab92d1041b1d11f9164,h2,,1199.684302,10.0.2.15,49903,216.58.214.228,443,tcp,769.7718480000001,23519.0,78961.0,SF,True,False,0,ShADadFf,167,30211,236,88405,ssl,0
1200.466507,CD8w1o47h0amKwav1e,10.0.2.15,49904,104.127.62.123,443,TLSv12,TLS_ECDHE_RSA_WITH_AES_256_GCM_SHA384,,ak.quantcast.com,True,True,CsiI,,,,1a5fe5677b0e4fbbc854e8908225637d,410b9bedaf65dd26c6fe547154d60db4,http/1.1,,1200.443468,10.0.2.15,49904,104.127.62.123,443,tcp,175.12167399999998,20980.0,129772.0,SF,True,False,0,ShADadTTFfRr,94,24767,183,137096,ssl,0
1200.778066,CE3nLV3ch99nZEjPGf,10.0.2.15,49905,216.58.209.194,443,TLSv12,TLS_ECDHE_RSA_WITH_AES_128_GCM_SHA256,,www.googleadservices.com,True,True,CsiI,,,,1a5fe5677b0e4fbbc854e8908225637d,67619a80665d7ab92d1041b1d11f9164,h2,,1200.527082,10.0.2.15,49905,216.58.209.194,443,tcp,359.90352199999984,4139.0,4975.0,SF,True,False,0,ShADadFf,37,5631,46,6819,ssl,0
1200.785063,CTRQ22J3J0njIJCLa,10.0.2.15,49906,104.123.196.225,443,TLSv12,TLS_ECDHE_RSA_WITH_AES_256_GCM_SHA384,secp256r1,cdn.mxpnl.com,False,True,CsxknGIti,"['dd68aebdf177ede1ceb61f46afff7db60fcc0a777b402521c2619632d069910f', 'eae72eb454bf6c3977ebd289e970b2f5282949190093d0d26f98d0f0d6a9cf17', '8420dfbe376f414bf4c0a81e6936d24ccc03f304835b86c7a39142fca723a689']",[],1.0,0ffee3ba8e615ad22535e7f771690a28,2b33c1374db4ddf06942f92373c0b54b,http/1.1,,1200.660348,10.0.2.15,49906,104.123.196.225,443,tcp,5.978504999999814,347.0,4822.0,RSTO,True,False,0,ShADadFR,10,759,12,5306,ssl,0
1201.065653,CHpMqa2AMZsJO1xe4c,10.0.2.15,49907,216.58.214.226,443,TLSv12,TLS_ECDHE_RSA_WITH_AES_128_GCM_SHA256,x25519,googleads.g.doubleclick.net,False,True,CsxknGIti,"['a32ffddd76f9e7debbfc9a37b38d2ef86039b30a10d7c45ab8223d149cf99699', '9f630426df1d8abfd80ace98871ba833ab9742cb34838de2b5285ed54c0c7dcc', '3c35cc963eb004451323d3275d05b353235053490d9cd83729a2faf5e7ca1cc0']",[],1.0,0ffee3ba8e615ad22535e7f771690a28,ab41313cfec25328b20865eb1388e0a2,h2,,1200.898962,10.0.2.15,49907,216.58.214.226,443,tcp,660.2802160000001,14396.0,25724.0,SF,True,False,0,ShADadFf,116,19048,154,31888,ssl,0
1201.275016,CgIUF43SHQusyf4uTl,10.0.2.15,49909,159.122.19.165,443,TLSv12,TLS_ECDHE_RSA_WITH_AES_128_GCM_SHA256,,api.mixpanel.com,True,True,CsiI,,,,1a5fe5677b0e4fbbc854e8908225637d,fbe78c619e7ea20046131294ad087f05,,,1200.979121,10.0.2.15,49909,159.122.19.165,443,tcp,6.76663399999984,599.0,137.0,SF,True,False,0,ShADadFf,7,891,7,421,ssl,0
1201.276063,C0LhK62wy5WAKPq3Qi,10.0.2.15,49908,159.122.19.165,443,TLSv12,TLS_ECDHE_RSA_WITH_AES_128_GCM_SHA256,,api.mixpanel.com,True,True,CsiI,,,,1a5fe5677b0e4fbbc854e8908225637d,fbe78c619e7ea20046131294ad087f05,,,1200.976106,10.0.2.15,49908,159.122.19.165,443,tcp,6.799213000000009,599.0,137.0,SF,True,False,0,ShADadFf,7,891,7,421,ssl,0
1201.279489,CdnkaP1gQNzL5JVbXj,10.0.2.15,49910,54.243.71.103,443,TLSv12,TLS_RSA_WITH_AES_128_CBC_SHA,,api.ipify.org,False,True,CsxnGIti,['29d8fbdb43fe299b203e779c87a9debe25bc8f559607ed221d0a17e9ee65d42a'],[],0.0,0ffee3ba8e615ad22535e7f771690a28,c67e8b533a9001ce4e36883b8d3489c4,,,1201.063374,10.0.2.15,49910,54.243.71.103,443,tcp,0.895113000000037,457.0,1189.0,RSTO,True,False,0,ShADadR,7,749,6,1433,ssl,0
1201.28207,CSdUQu31joIyinUBG3,10.0.2.15,49913,54.243.71.103,443,TLSv12,TLS_RSA_WITH_AES_128_CBC_SHA,,api.ipify.org,False,True,CsxnGIti,['29d8fbdb43fe299b203e779c87a9debe25bc8f559607ed221d0a17e9ee65d42a'],[],0.0,0ffee3ba8e615ad22535e7f771690a28,c67e8b533a9001ce4e36883b8d3489c4,,,1201.072374,10.0.2.15,49913,54.243.71.103,443,tcp,1.061680000000024,457.0,1189.0,RSTO,True,False,0,ShADadR,7,749,6,1433,ssl,0
1202.322341,Cwso9z26svAJJl7ik4,10.0.2.15,49914,159.122.19.165,443,TLSv12,TLS_ECDHE_RSA_WITH_AES_128_GCM_SHA256,,api.mixpanel.com,True,True,CsiI,,,,1a5fe5677b0e4fbbc854e8908225637d,fbe78c619e7ea20046131294ad087f05,,,1202.145044,10.0.2.15,49914,159.122.19.165,443,tcp,7.181419000000005,599.0,137.0,SF,True,False,0,ShADadFf,7,891,7,421,ssl,0
1202.426678,CFIE1r2Enpljb9gXJb,10.0.2.15,49915,159.122.19.165,443,TLSv12,TLS_ECDHE_RSA_WITH_AES_128_GCM_SHA256,,api.mixpanel.com,True,True,CsiI,,,,1a5fe5677b0e4fbbc854e8908225637d,fbe78c619e7ea20046131294ad087f05,,,1202.327635,10.0.2.15,49915,159.122.19.165,443,tcp,6.998753999999963,599.0,137.0,SF,True,False,0,ShADadFf,7,891,7,421,ssl,0
1203.077399,Ct1wVAqRcuI63n4c4,10.0.2.15,49916,52.222.170.189,443,TLSv12,TLS_ECDHE_RSA_WITH_AES_128_GCM_SHA256,,static.quantcast.com,True,True,CsiI,,,,1a5fe5677b0e4fbbc854e8908225637d,d199ba0af2b08e204c73d6d81a1fd260,http/1.1,,1203.029373,10.0.2.15,49916,52.222.170.189,443,tcp,127.02869799999984,1929.0,4271.0,SF,True,False,0,ShADadTTfF,23,2872,26,5315,ssl,0
1203.085435,CzmIWqi1mr8MWUvUb,10.0.2.15,49917,52.222.170.189,443,TLSv12,TLS_ECDHE_RSA_WITH_AES_128_GCM_SHA256,,static.quantcast.com,True,True,CsiI,,,,1a5fe5677b0e4fbbc854e8908225637d,7bee5c1d424b7e5f943b06983bb11422,http/1.1,,1203.035755,10.0.2.15,49917,52.222.170.189,443,tcp,147.95195999999987,2372.0,5660.0,SF,True,False,0,ShADadTTFf,29,3557,32,6944,ssl,0
1203.103541,CvWkaW3kGX8PJ28Sij,10.0.2.15,49919,52.222.170.189,443,TLSv12,TLS_ECDHE_RSA_WITH_AES_128_GCM_SHA256,,static.quantcast.com,True,True,CsiI,,,,1a5fe5677b0e4fbbc854e8908225637d,d199ba0af2b08e204c73d6d81a1fd260,http/1.1,,1203.05385,10.0.2.15,49919,52.222.170.189,443,tcp,147.921519,2873.0,6392.0,SF,True,False,0,ShADadTTFf,30,4097,33,7716,ssl,0
1203.108071,C23YIz45ZnVDTtaWA7,10.0.2.15,49918,52.222.170.189,443,TLSv12,TLS_ECDHE_RSA_WITH_AES_128_GCM_SHA256,,static.quantcast.com,True,True,CsiI,,,,1a5fe5677b0e4fbbc854e8908225637d,d199ba0af2b08e204c73d6d81a1fd260,http/1.1,,1203.05145,10.0.2.15,49918,52.222.170.189,443,tcp,120.30762900000012,1018.0,937.0,SF,True,False,0,ShADadTTFf,19,1801,21,1781,ssl,0
1203.114696,CfGljg1bFX9VKJMYD1,10.0.2.15,49920,52.222.170.189,443,TLSv12,TLS_ECDHE_RSA_WITH_AES_128_GCM_SHA256,,static.quantcast.com,True,True,CsiI,,,,1a5fe5677b0e4fbbc854e8908225637d,d199ba0af2b08e204c73d6d81a1fd260,http/1.1,,1203.06435,10.0.2.15,49920,52.222.170.189,443,tcp,126.99123499999996,1468.0,3096.0,SF,True,False,0,ShADadTTfF,22,2371,25,4100,ssl,0
1210.394038,CFkEdv1tVkeTxD1h5,10.0.2.15,49923,34.199.149.43,443,TLSv12,TLS_ECDHE_RSA_WITH_AES_256_GCM_SHA384,,www.quantcast.com,True,True,CsiI,,,,1a5fe5677b0e4fbbc854e8908225637d,266bd998df907f9d5064d7f4c208b200,,,1209.618185,10.0.2.15,49923,34.199.149.43,443,tcp,26.17796199999998,3938.0,18914.0,SF,True,False,0,ShADadTfF,22,4831,37,20398,ssl,0
1211.200092,C4CsLM3445jiQvyh5k,10.0.2.15,49925,34.199.149.43,443,TLSv12,TLS_ECDHE_RSA_WITH_AES_256_GCM_SHA384,,www.quantcast.com,True,True,CsiI,,,,1a5fe5677b0e4fbbc854e8908225637d,266bd998df907f9d5064d7f4c208b200,,,1210.057096,10.0.2.15,49925,34.199.149.43,443,tcp,22.40959500000008,2340.0,5677.0,SF,True,False,0,ShADadTfF,13,2873,18,6401,ssl,0
1210.515243,CnxVDV3rnqc0amleNf,10.0.2.15,49924,34.199.149.43,443,TLSv12,TLS_ECDHE_RSA_WITH_AES_256_GCM_SHA384,secp256r1,www.quantcast.com,False,True,CsxuknGIti,"['917100a4adf4f0c20ac5f5e3188c6a30984af4749412fdb6bbd49e50b13c2fe0', '19400be5b7a31fb733917700789d2f0a2471c0c9d506c0e504c06c16d7cb17c0', '7431e5f4c3c1ce4690774f0b61e05440883ba9a01ed00ba6abd7806ed3b118cf']",[],1.0,1a5fe5677b0e4fbbc854e8908225637d,d53e4608f956df65bb2b8a8c4d3b025d,,,1209.674319,10.0.2.15,49924,34.199.149.43,443,tcp,52.74817000000007,8894.0,61439.0,SF,True,False,0,ShADadTFf,51,10948,92,65123,ssl,0
1210.384975,C8LrR04j1rMvzzN6Aj,10.0.2.15,49921,34.199.149.43,443,TLSv12,TLS_ECDHE_RSA_WITH_AES_256_GCM_SHA384,secp256r1,www.quantcast.com,False,True,CsxuknGIti,"['917100a4adf4f0c20ac5f5e3188c6a30984af4749412fdb6bbd49e50b13c2fe0', '19400be5b7a31fb733917700789d2f0a2471c0c9d506c0e504c06c16d7cb17c0', '7431e5f4c3c1ce4690774f0b61e05440883ba9a01ed00ba6abd7806ed3b118cf']",[],1.0,1a5fe5677b0e4fbbc854e8908225637d,d53e4608f956df65bb2b8a8c4d3b025d,,,1209.585731,10.0.2.15,49921,34.199.149.43,443,tcp,26.268380000000207,4006.0,23493.0,SF,True,False,0,ShADadTFf,25,5019,40,25097,ssl,0
1210.392004,CGUeGp4ih8QuTvnH15,10.0.2.15,49922,34.199.149.43,443,TLSv12,TLS_ECDHE_RSA_WITH_AES_256_GCM_SHA384,secp256r1,www.quantcast.com,False,True,CsxuknGIti,"['917100a4adf4f0c20ac5f5e3188c6a30984af4749412fdb6bbd49e50b13c2fe0', '19400be5b7a31fb733917700789d2f0a2471c0c9d506c0e504c06c16d7cb17c0', '7431e5f4c3c1ce4690774f0b61e05440883ba9a01ed00ba6abd7806ed3b118cf']",[],1.0,1a5fe5677b0e4fbbc854e8908225637d,d53e4608f956df65bb2b8a8c4d3b025d,,,1209.600994,10.0.2.15,49922,34.199.149.43,443,tcp,26.229093000000148,4007.0,25415.0,SF,True,False,0,ShADadTfF,30,5220,46,27259,ssl,0
1211.202759,CY7Pma35crduzrx6sg,10.0.2.15,49926,34.199.149.43,443,TLSv12,TLS_ECDHE_RSA_WITH_AES_256_GCM_SHA384,secp256r1,www.quantcast.com,False,True,CsxuknGIti,"['917100a4adf4f0c20ac5f5e3188c6a30984af4749412fdb6bbd49e50b13c2fe0', '19400be5b7a31fb733917700789d2f0a2471c0c9d506c0e504c06c16d7cb17c0', '7431e5f4c3c1ce4690774f0b61e05440883ba9a01ed00ba6abd7806ed3b118cf']",[],1.0,1a5fe5677b0e4fbbc854e8908225637d,d53e4608f956df65bb2b8a8c4d3b025d,,,1210.058667,10.0.2.15,49926,34.199.149.43,443,tcp,22.612126999999877,2421.0,10213.0,SF,True,False,0,ShADadTfF,16,3074,24,11177,ssl,0
1211.471287,CEPgVP187iMm2tTyMd,10.0.2.15,49927,34.199.149.43,443,TLSv12,TLS_ECDHE_RSA_WITH_AES_256_GCM_SHA384,secp256r1,www.quantcast.com,False,True,CsxuknGIti,"['917100a4adf4f0c20ac5f5e3188c6a30984af4749412fdb6bbd49e50b13c2fe0', '19400be5b7a31fb733917700789d2f0a2471c0c9d506c0e504c06c16d7cb17c0', '7431e5f4c3c1ce4690774f0b61e05440883ba9a01ed00ba6abd7806ed3b118cf']",[],1.0,1a5fe5677b0e4fbbc854e8908225637d,d53e4608f956df65bb2b8a8c4d3b025d,,,1210.527019,10.0.2.15,49927,34.199.149.43,443,tcp,6.727695999999924,674.0,4966.0,SF,True,False,0,ShADadFfRr,12,1166,16,5610,ssl,0
1211.542193,CWyI8t18Uzh3b0LFQa,10.0.2.15,49928,34.199.149.43,443,TLSv12,TLS_ECDHE_RSA_WITH_AES_256_GCM_SHA384,secp256r1,www.quantcast.com,False,True,CsxuknGIti,"['917100a4adf4f0c20ac5f5e3188c6a30984af4749412fdb6bbd49e50b13c2fe0', '19400be5b7a31fb733917700789d2f0a2471c0c9d506c0e504c06c16d7cb17c0', '7431e5f4c3c1ce4690774f0b61e05440883ba9a01ed00ba6abd7806ed3b118cf']",[],1.0,1a5fe5677b0e4fbbc854e8908225637d,d53e4608f956df65bb2b8a8c4d3b025d,,,1210.528563,10.0.2.15,49928,34.199.149.43,443,tcp,6.703187999999955,674.0,4966.0,SF,True,False,0,ShADadFRfr,12,1166,16,5610,ssl,0
1212.261866,CDyCjD2c7h04HQAG0j,10.0.2.15,49929,104.127.62.123,443,TLSv12,TLS_ECDHE_RSA_WITH_AES_256_GCM_SHA384,,ak.quantcast.com,True,True,CsiI,,,,1a5fe5677b0e4fbbc854e8908225637d,410b9bedaf65dd26c6fe547154d60db4,http/1.1,,1212.226048,10.0.2.15,49929,104.127.62.123,443,tcp,120.92096700000002,1011.0,1358.0,SF,True,False,0,ShADadTTFfRr,21,1874,22,2242,ssl,0
1234.744574,CEj26tpEXuzfwdk2,10.0.2.15,49930,162.247.242.18,443,TLSv12,TLS_DHE_RSA_WITH_AES_256_CBC_SHA,,bam.nr-data.net,False,True,CsxknGIi,"['e7489ed1f465ba2b3ce0faef3a43a3895cd097733dbb5b713df8b299270ca145', '074541ecdf88ed992ed5ade3ecddef27a26ba1b44480a195c0a8dadae2521d8e']",[],1.0,0ffee3ba8e615ad22535e7f771690a28,d90fa179c9daf35598ed8341272118f7,,,1234.604148,10.0.2.15,49930,162.247.242.18,443,tcp,163.75299800000016,30627.0,4567.0,SF,True,False,0,ShADadTTfF,52,32732,54,6731,ssl,0
1236.067925,CQNHsp3Z2vnEeYoNQ6,10.0.2.15,49932,216.58.214.227,443,TLSv12,TLS_ECDHE_RSA_WITH_AES_128_GCM_SHA256,,www.google.cz,True,True,CsiI,,,,1a5fe5677b0e4fbbc854e8908225637d,67619a80665d7ab92d1041b1d11f9164,h2,,1236.027179,10.0.2.15,49932,216.58.214.227,443,tcp,630.0576590000001,17761.0,4211.0,SF,True,False,0,ShADadFf,76,20813,101,8255,ssl,0
1237.567754,CbC0jk9D6YCqui4Wg,10.0.2.15,49933,151.101.12.207,443,TLSv12,TLS_ECDHE_RSA_WITH_AES_128_GCM_SHA256,,js-agent.newrelic.com,True,True,CsiI,,,,1a5fe5677b0e4fbbc854e8908225637d,1d0e57c6ae42e9204defa51e5e1cdc4c,http/1.1,,1237.523235,10.0.2.15,49933,151.101.12.207,443,tcp,5.633712999999943,599.0,191.0,SF,True,False,0,ShADadFRfr,8,931,9,555,ssl,0
1237.818847,C6num04A8RUdSDTXMh,10.0.2.15,49934,95.172.94.36,443,TLSv12,TLS_ECDHE_RSA_WITH_AES_128_GCM_SHA256,,pixel.quantserve.com,True,True,CsiI,,,,1a5fe5677b0e4fbbc854e8908225637d,fbe78c619e7ea20046131294ad087f05,,,1237.775067,10.0.2.15,49934,95.172.94.36,443,tcp,0.5981019999999261,1541.0,482.0,SF,True,False,0,ShADadFf,8,1873,9,846,ssl,0
1237.891202,CSwMkDc6FqjL2SZt2,10.0.2.15,49936,104.123.230.148,443,TLSv12,TLS_ECDHE_RSA_WITH_AES_256_GCM_SHA384,,munchkin.marketo.net,True,True,CsiI,,,,1a5fe5677b0e4fbbc854e8908225637d,410b9bedaf65dd26c6fe547154d60db4,http/1.1,,1237.823643,10.0.2.15,49936,104.123.230.148,443,tcp,5.319197000000031,599.0,183.0,SF,True,False,0,ShADadFRfr,8,931,9,547,ssl,0
1237.981468,CWZYpk4EcMrHNvBBM,10.0.2.15,49935,23.253.41.115,443,TLSv12,TLS_ECDHE_RSA_WITH_AES_256_GCM_SHA384,,api.autopilothq.com,True,True,CsiI,,,,1a5fe5677b0e4fbbc854e8908225637d,364ff14b04ef93c3b4cfa429d729c0d9,,,1237.777948,10.0.2.15,49935,23.253.41.115,443,tcp,1.046387999999979,1163.0,1615.0,SF,True,False,0,ShADadfF,8,1495,10,2019,ssl,0
1238.165923,CI3nHQ1IgI6spOAB19,10.0.2.15,49937,23.253.41.115,443,TLSv12,TLS_ECDHE_RSA_WITH_AES_256_GCM_SHA384,,api.autopilothq.com,True,True,CsiI,,,,1a5fe5677b0e4fbbc854e8908225637d,364ff14b04ef93c3b4cfa429d729c0d9,,,1237.88957,10.0.2.15,49937,23.253.41.115,443,tcp,1.77771400000006,1066.0,44686.0,SF,True,False,0,ShADadFf,26,2118,58,47010,ssl,0
1241.338975,C6af7W3fDgCod6GbXa,10.0.2.15,49940,199.15.213.3,443,TLSv12,TLS_ECDHE_RSA_WITH_AES_256_CBC_SHA,,516-dgm-318.mktoresp.com,True,True,CsiI,,,,0ffee3ba8e615ad22535e7f771690a28,8475c8479d349f36563360abf90c11f1,,,1241.23604,10.0.2.15,49940,199.15.213.3,443,tcp,5.549606999999924,990.0,840.0,SF,True,False,0,ShADadfF,9,1362,9,1204,ssl,0
1241.283348,CslAwd3LTFeNMBau9e,10.0.2.15,49939,23.253.41.115,443,TLSv12,TLS_ECDHE_RSA_WITH_AES_256_GCM_SHA384,secp256r1,api.autopilothq.com,False,True,CsxknGIti,"['6c6ac72c7769c53a345949f77704dfac3e6f1f5436aa6ad5365228ae55eafc5c', '02ab57e4e67a0cb48dd2ff34830e8ac40f4476fb08ca6be3f5cd846f646840f0', '4f32d5dc00f715250abcc486511e37f501a899deb3bf7ea8adbbd3aef1c412da', '687fa451382278fff0c8b11f8d43d576671c6eb2bceab413fb83d965d06d2ff2']",[],1.0,0ffee3ba8e615ad22535e7f771690a28,758945630046fd37070521b8544d1fe8,,,1241.145647,10.0.2.15,49939,23.253.41.115,443,tcp,0.633332999999993,845.0,6449.0,RSTO,True,False,0,ShADadfR,12,1337,16,7093,ssl,0
1241.451659,CJANPs4EytVZsyeXT7,10.0.2.15,49941,199.15.213.3,443,TLSv12,TLS_ECDHE_RSA_WITH_AES_256_CBC_SHA,,516-dgm-318.mktoresp.com,True,True,CsiI,,,,0ffee3ba8e615ad22535e7f771690a28,8475c8479d349f36563360abf90c11f1,,,1241.3331,10.0.2.15,49941,199.15.213.3,443,tcp,5.9289380000000165,361.0,179.0,SF,True,False,0,ShADadFf,7,653,7,463,ssl,0
1241.301537,CK7A9o1aKYTjXTWtvd,10.0.2.15,49938,23.253.41.115,443,TLSv12,TLS_ECDHE_RSA_WITH_AES_256_GCM_SHA384,secp256r1,api.autopilothq.com,False,True,CsxknGIti,"['6c6ac72c7769c53a345949f77704dfac3e6f1f5436aa6ad5365228ae55eafc5c', '02ab57e4e67a0cb48dd2ff34830e8ac40f4476fb08ca6be3f5cd846f646840f0', '4f32d5dc00f715250abcc486511e37f501a899deb3bf7ea8adbbd3aef1c412da', '687fa451382278fff0c8b11f8d43d576671c6eb2bceab413fb83d965d06d2ff2']",[],1.0,0ffee3ba8e615ad22535e7f771690a28,758945630046fd37070521b8544d1fe8,,,1241.144634,10.0.2.15,49938,23.253.41.115,443,tcp,0.8644699999999831,904.0,6609.0,SF,True,False,0,ShADadfF,10,1316,15,7213,ssl,0
1242.259722,CUANbU1SneaVuPmxm2,10.0.2.15,49942,23.253.41.115,443,TLSv12,TLS_ECDHE_RSA_WITH_AES_256_GCM_SHA384,,api.autopilothq.com,True,True,CsiI,,,,1a5fe5677b0e4fbbc854e8908225637d,364ff14b04ef93c3b4cfa429d729c0d9,,,1242.133107,10.0.2.15,49942,23.253.41.115,443,tcp,0.977299999999786,1091.0,482.0,RSTO,True,False,0,ShADadfR,9,1463,9,846,ssl,0
1242.277645,CzAhzK3LfnySkOmyR2,10.0.2.15,49943,23.253.41.115,443,TLSv12,TLS_ECDHE_RSA_WITH_AES_256_GCM_SHA384,,api.autopilothq.com,True,True,CsiI,,,,1a5fe5677b0e4fbbc854e8908225637d,364ff14b04ef93c3b4cfa429d729c0d9,,,1242.134711,10.0.2.15,49943,23.253.41.115,443,tcp,1.24330400000008,1159.0,658.0,SF,True,False,0,ShADadfF,8,1491,9,1022,ssl,0
1243.237867,CT8YWKfGryCveuzZe,10.0.2.15,49944,23.38.87.52,443,TLSv12,TLS_ECDHE_RSA_WITH_AES_256_GCM_SHA384,,use.typekit.net,True,True,CsiI,,,,1a5fe5677b0e4fbbc854e8908225637d,410b9bedaf65dd26c6fe547154d60db4,h2,,1243.214649,10.0.2.15,49944,23.38.87.52,443,tcp,188.38716,1284.0,680.0,SF,True,False,0,ShADadFRfr,20,2096,22,1564,ssl,0
1244.460533,C2nGyM3GmfSiS8ZTXg,10.0.2.15,49945,95.172.94.25,443,TLSv12,TLS_ECDHE_RSA_WITH_AES_128_GCM_SHA256,secp256r1,secure.quantserve.com,False,True,CsxknGIti,"['7d39ee69bdac843654f44bb3164a243b3e8c527019b6225992e5d36771f19e8f', '19400be5b7a31fb733917700789d2f0a2471c0c9d506c0e504c06c16d7cb17c0']",[],1.0,0ffee3ba8e615ad22535e7f771690a28,ccc514751b175866924439bdbb5bba34,,,1244.413437,10.0.2.15,49945,95.172.94.25,443,tcp,5.6599720000001525,355.0,3323.0,SF,True,False,0,ShADadFfRr,11,807,13,3847,ssl,0
1246.129293,CDz2Xj3wm0RQ19oQN4,10.0.2.15,49946,23.253.41.115,443,TLSv12,TLS_ECDHE_RSA_WITH_AES_256_GCM_SHA384,,api.autopilothq.com,True,True,CsiI,,,,1a5fe5677b0e4fbbc854e8908225637d,364ff14b04ef93c3b4cfa429d729c0d9,,,1245.987451,10.0.2.15,49946,23.253.41.115,443,tcp,0.5226250000000611,1060.0,482.0,SF,True,False,0,ShADadfF,8,1392,9,846,ssl,0
1246.139782,COKnWr4xTx42NsHhAj,10.0.2.15,49947,23.253.41.115,443,TLSv12,TLS_ECDHE_RSA_WITH_AES_256_GCM_SHA384,,api.autopilothq.com,True,True,CsiI,,,,1a5fe5677b0e4fbbc854e8908225637d,364ff14b04ef93c3b4cfa429d729c0d9,,,1245.998051,10.0.2.15,49947,23.253.41.115,443,tcp,0.7644689999999621,1159.0,687.0,SF,True,False,0,ShADadfF,7,1451,9,1051,ssl,0
1246.274107,CxitZo24BBJV7IGWMa,10.0.2.15,49948,151.101.12.207,443,TLSv12,TLS_ECDHE_RSA_WITH_AES_128_GCM_SHA256,,js-agent.newrelic.com,True,True,CsiI,,,,1a5fe5677b0e4fbbc854e8908225637d,1d0e57c6ae42e9204defa51e5e1cdc4c,http/1.1,,1246.234975,10.0.2.15,49948,151.101.12.207,443,tcp,6.533316999999897,599.0,191.0,RSTO,True,False,0,ShADadFR,7,891,7,475,ssl,0
1246.930635,Cla3qm3v0y1WwDeM9g,10.0.2.15,49949,104.123.230.148,443,TLSv12,TLS_ECDHE_RSA_WITH_AES_256_GCM_SHA384,,munchkin.marketo.net,True,True,CsiI,,,,1a5fe5677b0e4fbbc854e8908225637d,410b9bedaf65dd26c6fe547154d60db4,http/1.1,,1246.916183,10.0.2.15,49949,104.123.230.148,443,tcp,5.803372999999965,599.0,183.0,RSTO,True,False,0,ShADadFR,7,891,7,467,ssl,0
1247.060491,Cz9Cqo1rFjQgkQV71k,10.0.2.15,49950,95.172.94.36,443,TLSv12,TLS_ECDHE_RSA_WITH_AES_128_GCM_SHA256,,pixel.quantserve.com,True,True,CsiI,,,,1a5fe5677b0e4fbbc854e8908225637d,fbe78c619e7ea20046131294ad087f05,,,1247.028423,10.0.2.15,49950,95.172.94.36,443,tcp,0.387050000000044,1404.0,482.0,SF,True,False,0,ShADadFf,8,1736,9,846,ssl,0
1247.074126,Co77f41mUTRRl3nHEh,10.0.2.15,49953,95.172.94.36,443,TLSv12,TLS_ECDHE_RSA_WITH_AES_128_GCM_SHA256,,pixel.quantserve.com,True,True,CsiI,,,,1a5fe5677b0e4fbbc854e8908225637d,fbe78c619e7ea20046131294ad087f05,,,1247.035653,10.0.2.15,49953,95.172.94.36,443,tcp,0.379718000000139,1584.0,482.0,SF,True,False,0,ShADadFf,8,1916,9,846,ssl,0
1247.147979,Cxx2Wd3XxcHBeqEFFh,10.0.2.15,49954,95.172.94.36,443,TLSv12,TLS_ECDHE_RSA_WITH_AES_128_GCM_SHA256,,pixel.quantserve.com,True,True,CsiI,,,,1a5fe5677b0e4fbbc854e8908225637d,fbe78c619e7ea20046131294ad087f05,,,1247.113348,10.0.2.15,49954,95.172.94.36,443,tcp,3.914653999999927,1403.0,482.0,SF,True,False,0,ShADadfF,8,1735,9,846,ssl,0
1247.201732,Cq1bWfSVVc0StpOr1,10.0.2.15,49951,23.253.41.115,443,TLSv12,TLS_ECDHE_RSA_WITH_AES_256_GCM_SHA384,,api.autopilothq.com,True,True,CsiI,,,,1a5fe5677b0e4fbbc854e8908225637d,364ff14b04ef93c3b4cfa429d729c0d9,,,1247.029876,10.0.2.15,49951,23.253.41.115,443,tcp,1.28774999999996,1222.0,396.0,SF,True,False,0,ShADadfF,8,1554,10,800,ssl,0
1247.206722,CbxcqM3Jpq1ZCobiu5,10.0.2.15,49952,23.253.41.115,443,TLSv12,TLS_ECDHE_RSA_WITH_AES_256_GCM_SHA384,,api.autopilothq.com,True,True,CsiI,,,,1a5fe5677b0e4fbbc854e8908225637d,364ff14b04ef93c3b4cfa429d729c0d9,,,1247.033851,10.0.2.15,49952,23.253.41.115,443,tcp,5.44648600000005,568.0,409.0,SF,True,False,0,ShADadfF,6,820,8,733,ssl,0
1247.744162,CFpyxA4kVi9R5u41B3,10.0.2.15,49956,104.127.62.123,443,TLSv12,TLS_ECDHE_RSA_WITH_AES_256_GCM_SHA384,,ak.quantcast.com,True,True,CsiI,,,,1a5fe5677b0e4fbbc854e8908225637d,410b9bedaf65dd26c6fe547154d60db4,http/1.1,,1247.503913,10.0.2.15,49956,104.127.62.123,443,tcp,128.0347429999999,20937.0,59508.0,SF,True,False,0,ShADadTTFfRr,61,23400,103,63632,ssl,0
1247.746729,CrDFMM1nvsrid2uKU1,10.0.2.15,49955,104.127.62.123,443,TLSv12,TLS_ECDHE_RSA_WITH_AES_256_GCM_SHA384,,ak.quantcast.com,True,True,CsiI,,,,1a5fe5677b0e4fbbc854e8908225637d,410b9bedaf65dd26c6fe547154d60db4,http/1.1,,1247.502365,10.0.2.15,49955,104.127.62.123,443,tcp,128.06120899999996,16578.0,31890.0,SF,True,False,0,ShADadTTFfRr,48,18521,72,34774,ssl,0
1247.740308,CLRZME1nbvIi1r3Vhi,10.0.2.15,49957,104.127.62.123,443,TLSv12,TLS_ECDHE_RSA_WITH_AES_256_GCM_SHA384,,ak.quantcast.com,True,True,CsiI,,,,1a5fe5677b0e4fbbc854e8908225637d,410b9bedaf65dd26c6fe547154d60db4,http/1.1,,1247.505697,10.0.2.15,49957,104.127.62.123,443,tcp,128.05589799999984,28177.0,99736.0,RSTO,True,False,0,ShADadTTFR,75,31200,140,105340,ssl,0
1248.84822,CTAin543CCc2jH8Ez2,10.0.2.15,49958,216.58.214.238,443,TLSv12,TLS_ECDHE_ECDSA_WITH_AES_128_GCM_SHA256,x25519,safebrowsing.google.com,False,True,CsxknGIti,"['11ddd329046367c19b32ffdb02ed308de129de4d6ffcf95856d7bd6a7accfba9', '9f630426df1d8abfd80ace98871ba833ab9742cb34838de2b5285ed54c0c7dcc', '3c35cc963eb004451323d3275d05b353235053490d9cd83729a2faf5e7ca1cc0']",[],1.0,0ffee3ba8e615ad22535e7f771690a28,84480cf8cf0e732666092640e581e1a5,h2,,1248.327185,10.0.2.15,49958,216.58.214.238,443,tcp,351.68876899999987,1596.0,5677.0,SF,True,False,0,ShADadFf,31,2848,34,7041,ssl,0
1252.454128,CcvLtp2k7DCzdA0nYd,10.0.2.15,49959,95.172.94.36,443,TLSv12,TLS_ECDHE_RSA_WITH_AES_128_GCM_SHA256,,pixel.quantserve.com,True,True,CsiI,,,,1a5fe5677b0e4fbbc854e8908225637d,fbe78c619e7ea20046131294ad087f05,,,1251.949655,10.0.2.15,49959,95.172.94.36,443,tcp,2.441544000000021,1444.0,825.0,SF,True,False,0,ShADadFf,8,1776,9,1189,ssl,0
1253.027813,CTkyRF460LgKPYAxra,10.0.2.15,49963,23.253.41.115,443,TLSv12,TLS_ECDHE_RSA_WITH_AES_256_GCM_SHA384,,api.autopilothq.com,True,True,CsiI,,,,1a5fe5677b0e4fbbc854e8908225637d,364ff14b04ef93c3b4cfa429d729c0d9,,,1252.502873,10.0.2.15,49963,23.253.41.115,443,tcp,1.262826000000132,1060.0,482.0,SF,True,False,0,ShADadfF,7,1352,8,806,ssl,0
1253.034468,CvLq3J1XFfAebLB3E,10.0.2.15,49962,23.253.41.115,443,TLSv12,TLS_ECDHE_RSA_WITH_AES_256_GCM_SHA384,,api.autopilothq.com,True,True,CsiI,,,,1a5fe5677b0e4fbbc854e8908225637d,364ff14b04ef93c3b4cfa429d729c0d9,,,1252.501558,10.0.2.15,49962,23.253.41.115,443,tcp,1.74337000000014,1159.0,687.0,SF,True,False,0,ShADadfF,7,1451,9,1051,ssl,0
1253.18787,Cd2GXA3DWrXLPL92O5,10.0.2.15,49965,23.253.41.115,443,TLSv12,TLS_ECDHE_RSA_WITH_AES_256_GCM_SHA384,,api.autopilothq.com,True,True,CsiI,,,,1a5fe5677b0e4fbbc854e8908225637d,364ff14b04ef93c3b4cfa429d729c0d9,,,1252.517572,10.0.2.15,49965,23.253.41.115,443,tcp,6.581912000000102,568.0,409.0,SF,True,False,0,ShADadfF,6,820,8,733,ssl,0
1252.819316,Cwg7Ew13vCINho1o5c,10.0.2.15,49960,199.15.213.3,443,TLSv12,TLS_ECDHE_RSA_WITH_AES_256_CBC_SHA,,516-dgm-318.mktoresp.com,True,True,CsiI,,,,0ffee3ba8e615ad22535e7f771690a28,8475c8479d349f36563360abf90c11f1,,,1252.457259,10.0.2.15,49960,199.15.213.3,443,tcp,6.90889100000004,1006.0,840.0,SF,True,False,0,ShADadfF,9,1378,9,1204,ssl,0
1252.91165,CQq9Di2vIlsC1k3Tta,10.0.2.15,49964,95.172.94.36,443,TLSv12,TLS_ECDHE_RSA_WITH_AES_128_GCM_SHA256,,pixel.quantserve.com,True,True,CsiI,,,,1a5fe5677b0e4fbbc854e8908225637d,fbe78c619e7ea20046131294ad087f05,,,1252.504818,10.0.2.15,49964,95.172.94.36,443,tcp,6.625294000000167,599.0,168.0,SF,True,False,0,ShADadFRfr,8,931,9,532,ssl,0
1252.904967,CJue3132IXoCGEnrpl,10.0.2.15,49961,199.15.213.3,443,TLSv12,TLS_ECDHE_RSA_WITH_AES_256_CBC_SHA,,516-dgm-318.mktoresp.com,True,True,CsiI,,,,0ffee3ba8e615ad22535e7f771690a28,8475c8479d349f36563360abf90c11f1,,,1252.488576,10.0.2.15,49961,199.15.213.3,443,tcp,6.713985000000093,361.0,179.0,SF,True,False,0,ShADadFf,7,653,7,463,ssl,0
1255.827121,CfUj7B1uESe88JBKD7,10.0.2.15,49969,104.123.196.225,443,TLSv12,TLS_ECDHE_RSA_WITH_AES_256_GCM_SHA384,,cdn.mxpnl.com,True,True,CsiI,,,,1a5fe5677b0e4fbbc854e8908225637d,410b9bedaf65dd26c6fe547154d60db4,http/1.1,,1255.795637,10.0.2.15,49969,104.123.196.225,443,tcp,5.358795999999984,599.0,183.0,SF,True,False,0,ShADadFRfr,8,931,9,547,ssl,0
1255.890334,Cjn2Rt4PQsizOlNWkc,10.0.2.15,49966,199.15.213.3,443,TLSv12,TLS_ECDHE_RSA_WITH_AES_256_CBC_SHA,,516-dgm-318.mktoresp.com,True,True,CsiI,,,,0ffee3ba8e615ad22535e7f771690a28,8475c8479d349f36563360abf90c11f1,,,1252.759063,10.0.2.15,49966,199.15.213.3,443,tcp,8.489577000000054,361.0,179.0,SF,True,False,0,ShADadFf,8,705,7,463,ssl,0
1256.02482,CFW8qK14z4Tb7xkyhd,10.0.2.15,49967,95.172.94.36,443,TLSv12,TLS_ECDHE_RSA_WITH_AES_128_GCM_SHA256,,pixel.quantserve.com,True,True,CsiI,,,,1a5fe5677b0e4fbbc854e8908225637d,fbe78c619e7ea20046131294ad087f05,,,1252.761226,10.0.2.15,49967,95.172.94.36,443,tcp,9.415821999999936,599.0,168.0,SF,True,False,0,ShADadFfRr,9,983,9,532,ssl,0
1256.025453,C8PcrB14kGFs2jOu08,10.0.2.15,49968,23.253.41.115,443,TLSv12,TLS_ECDHE_RSA_WITH_AES_256_GCM_SHA384,,api.autopilothq.com,True,True,CsiI,,,,1a5fe5677b0e4fbbc854e8908225637d,364ff14b04ef93c3b4cfa429d729c0d9,,,1252.77801,10.0.2.15,49968,23.253.41.115,443,tcp,7.139163000000053,1060.0,409.0,SF,True,False,0,ShADadfF,9,1444,9,773,ssl,0
1256.446441,CbbwtD1qd6q4j1fg82,10.0.2.15,49970,159.122.19.165,443,TLSv12,TLS_ECDHE_RSA_WITH_AES_128_GCM_SHA256,,api.mixpanel.com,True,True,CsiI,,,,1a5fe5677b0e4fbbc854e8908225637d,fbe78c619e7ea20046131294ad087f05,,,1256.356526,10.0.2.15,49970,159.122.19.165,443,tcp,5.816871999999876,599.0,137.0,SF,True,False,0,ShADadFf,7,891,7,421,ssl,0
1256.674394,CaaLDQ3FXNiV5wvsw5,10.0.2.15,49971,159.122.19.165,443,TLSv12,TLS_ECDHE_RSA_WITH_AES_128_GCM_SHA256,,api.mixpanel.com,True,True,CsiI,,,,1a5fe5677b0e4fbbc854e8908225637d,fbe78c619e7ea20046131294ad087f05,,,1256.634105,10.0.2.15,49971,159.122.19.165,443,tcp,5.5343699999998535,599.0,137.0,SF,True,False,0,ShADadFf,7,891,7,421,ssl,0
1256.824611,C3lysb4hIydR2fWAm3,10.0.2.15,49973,54.225.141.149,443,TLSv12,TLS_RSA_WITH_AES_128_CBC_SHA,,api.ipify.org,False,True,CsxnGIti,['29d8fbdb43fe299b203e779c87a9debe25bc8f559607ed221d0a17e9ee65d42a'],[],0.0,0ffee3ba8e615ad22535e7f771690a28,c67e8b533a9001ce4e36883b8d3489c4,,,1256.708929,10.0.2.15,49973,54.225.141.149,443,tcp,0.307454000000007,457.0,1189.0,RSTO,True,False,0,ShADadFR,7,749,7,1473,ssl,0
1256.830174,CKFQac43bveucnXvYj,10.0.2.15,49972,54.225.141.149,443,TLSv12,TLS_RSA_WITH_AES_128_CBC_SHA,,api.ipify.org,False,True,CsxnGIti,['29d8fbdb43fe299b203e779c87a9debe25bc8f559607ed221d0a17e9ee65d42a'],[],0.0,0ffee3ba8e615ad22535e7f771690a28,c67e8b533a9001ce4e36883b8d3489c4,,,1256.708362,10.0.2.15,49972,54.225.141.149,443,tcp,0.420523999999886,457.0,1189.0,RSTO,True,False,0,ShADadR,6,709,6,1433,ssl,0
1260.090691,C5I9854zaVqBiNzm61,10.0.2.15,49974,23.253.41.115,443,TLSv12,TLS_ECDHE_RSA_WITH_AES_256_GCM_SHA384,,api.autopilothq.com,True,True,CsiI,,,,1a5fe5677b0e4fbbc854e8908225637d,364ff14b04ef93c3b4cfa429d729c0d9,,,1259.951858,10.0.2.15,49974,23.253.41.115,443,tcp,0.6926500000001851,1060.0,482.0,SF,True,False,0,ShADadfF,9,1432,10,886,ssl,0
1260.780258,CBf8WcfXnkYzTpAL2,10.0.2.15,49975,23.253.41.115,443,TLSv12,TLS_ECDHE_RSA_WITH_AES_256_GCM_SHA384,,api.autopilothq.com,True,True,CsiI,,,,1a5fe5677b0e4fbbc854e8908225637d,364ff14b04ef93c3b4cfa429d729c0d9,,,1260.653629,10.0.2.15,49975,23.253.41.115,443,tcp,0.620004000000108,1159.0,687.0,SF,True,False,0,ShADadfF,8,1491,10,1091,ssl,0
1273.331247,CcTwZp1uIHRYG7EyX4,10.0.2.15,49977,23.253.41.115,443,TLSv12,TLS_ECDHE_RSA_WITH_AES_256_GCM_SHA384,,api.autopilothq.com,True,True,CsiI,,,,1a5fe5677b0e4fbbc854e8908225637d,364ff14b04ef93c3b4cfa429d729c0d9,,,1273.191578,10.0.2.15,49977,23.253.41.115,443,tcp,0.586710000000039,1060.0,482.0,SF,True,False,0,ShADadfF,7,1352,9,846,ssl,0
1273.334526,CMEhBt3kgJCLVsQAd2,10.0.2.15,49976,23.253.41.115,443,TLSv12,TLS_ECDHE_RSA_WITH_AES_256_GCM_SHA384,,api.autopilothq.com,True,True,CsiI,,,,1a5fe5677b0e4fbbc854e8908225637d,364ff14b04ef93c3b4cfa429d729c0d9,,,1273.188016,10.0.2.15,49976,23.253.41.115,443,tcp,0.8268559999999071,1159.0,658.0,SF,True,False,0,ShADadfF,8,1491,9,1022,ssl,0
1310.017364,C8ZjSDPGVlMeGLR49,10.0.2.15,49979,54.229.110.111,443,TLSv12,TLS_ECDHE_RSA_WITH_AES_128_GCM_SHA256,secp256r1,www.netfind.com,False,True,CsxknGIti,"['1079b41bf422af4ee4a466d03459f4004d18b13e6227a6c4eb98a14bea08c42c', '19400be5b7a31fb733917700789d2f0a2471c0c9d506c0e504c06c16d7cb17c0']",[],1.0,0ffee3ba8e615ad22535e7f771690a28,8d2a028aa94425f76ced7826b1f39039,h2,,1309.958227,10.0.2.15,49979,54.229.110.111,443,tcp,228.25475199999985,1853.0,42830.0,SF,True,False,0,ShADadFf,35,3265,63,45354,ssl,0
1310.770369,C8f54s2dWp7K9Jxw25,10.0.2.15,49981,192.229.221.24,443,TLSv12,TLS_ECDHE_RSA_WITH_AES_128_GCM_SHA256,secp256r1,o.aolcdn.com,False,True,CsxuknGIti,"['7cad4431f5e1812766eceb1908baeb16a299d89260d1d3a7b7403c465defe26a', '19400be5b7a31fb733917700789d2f0a2471c0c9d506c0e504c06c16d7cb17c0']",[],1.0,0ffee3ba8e615ad22535e7f771690a28,49b45fc1ab090aa3a159778313fc9b9e,h2,,1310.753644,10.0.2.15,49981,192.229.221.24,443,tcp,194.14650700000016,1441.0,42306.0,SF,True,False,0,ShADadfF,47,3333,82,45590,ssl,0
1311.031235,Cr99yC2C8gUmjTtZY,10.0.2.15,49982,192.229.221.24,443,TLSv12,TLS_ECDHE_RSA_WITH_AES_128_GCM_SHA256,secp256r1,o.aolcdn.com,False,True,CsxuknGIti,"['7cad4431f5e1812766eceb1908baeb16a299d89260d1d3a7b7403c465defe26a', '19400be5b7a31fb733917700789d2f0a2471c0c9d506c0e504c06c16d7cb17c0']",[],1.0,0ffee3ba8e615ad22535e7f771690a28,49b45fc1ab090aa3a159778313fc9b9e,h2,,1310.876846,10.0.2.15,49982,192.229.221.24,443,tcp,1.832619000000022,768.0,6023.0,SF,True,False,0,ShADadfF,14,1340,20,6827,ssl,0
1311.042545,CD4nAuQlkCPDOrQJ9,10.0.2.15,49984,204.79.197.200,443,TLSv12,TLS_ECDHE_RSA_WITH_AES_256_CBC_SHA,secp384r1,www.bing.com,False,True,CsxuknGIi,"['80c4440580dbd55b228f41e6c88a51ecdbb998b5d32d12acd31ce25518d37128', '2399983e99703ebd01cea466c10799810c4ba62a8d61b88170a334dcd61bb20f']",[],1.0,0ffee3ba8e615ad22535e7f771690a28,4fd467dd264720762ffe286277c00f57,,,1311.025253,10.0.2.15,49984,204.79.197.200,443,tcp,65.1290019999999,4198.0,27390.0,SF,True,False,0,ShADadTfF,33,5536,50,29394,ssl,0
1311.040378,ChVgqh4s2W9Gn1hqyc,10.0.2.15,49983,204.79.197.200,443,TLSv12,TLS_ECDHE_RSA_WITH_AES_256_CBC_SHA,secp384r1,www.bing.com,False,True,CsxuknGIi,"['80c4440580dbd55b228f41e6c88a51ecdbb998b5d32d12acd31ce25518d37128', '2399983e99703ebd01cea466c10799810c4ba62a8d61b88170a334dcd61bb20f']",[],1.0,0ffee3ba8e615ad22535e7f771690a28,4fd467dd264720762ffe286277c00f57,,,1311.024331,10.0.2.15,49983,204.79.197.200,443,tcp,65.17500399999994,5456.0,47768.0,SF,True,False,0,ShADadTfF,44,7234,72,50652,ssl,0
1311.167272,C9nSeF4JHM7bCNsuhj,10.0.2.15,49985,204.79.197.200,443,TLSv12,TLS_ECDHE_RSA_WITH_AES_256_CBC_SHA,secp384r1,www.bing.com,False,True,CsxuknGIi,"['80c4440580dbd55b228f41e6c88a51ecdbb998b5d32d12acd31ce25518d37128', '2399983e99703ebd01cea466c10799810c4ba62a8d61b88170a334dcd61bb20f']",[],1.0,0ffee3ba8e615ad22535e7f771690a28,4fd467dd264720762ffe286277c00f57,,,1311.025843,10.0.2.15,49985,204.79.197.200,443,tcp,62.93698800000016,3569.0,32969.0,SF,True,False,0,ShADadTfF,34,4946,52,35053,ssl,0
1311.331582,CP87D6kRQQoWnT0h7,10.0.2.15,49988,204.79.197.200,443,TLSv12,TLS_ECDHE_RSA_WITH_AES_256_CBC_SHA,secp384r1,www.bing.com,False,True,CsxuknGIi,"['80c4440580dbd55b228f41e6c88a51ecdbb998b5d32d12acd31ce25518d37128', '2399983e99703ebd01cea466c10799810c4ba62a8d61b88170a334dcd61bb20f']",[],1.0,0ffee3ba8e615ad22535e7f771690a28,4fd467dd264720762ffe286277c00f57,,,1311.028986,10.0.2.15,49988,204.79.197.200,443,tcp,64.26805599999989,3569.0,31289.0,SF,True,False,0,ShADadTfF,35,4986,53,33413,ssl,0
1311.333563,CLGdBR9vSB4owPJz,10.0.2.15,49987,204.79.197.200,443,TLSv12,TLS_ECDHE_RSA_WITH_AES_256_CBC_SHA,secp384r1,www.bing.com,False,True,CsxuknGIi,"['80c4440580dbd55b228f41e6c88a51ecdbb998b5d32d12acd31ce25518d37128', '2399983e99703ebd01cea466c10799810c4ba62a8d61b88170a334dcd61bb20f']",[],1.0,0ffee3ba8e615ad22535e7f771690a28,4fd467dd264720762ffe286277c00f57,,,1311.027821,10.0.2.15,49987,204.79.197.200,443,tcp,61.964402000000064,3569.0,29225.0,SF,True,False,0,ShADadTfF,31,4826,47,31109,ssl,0
1311.335999,CJG7ex3LdEuFVS4Jpd,10.0.2.15,49986,204.79.197.200,443,TLSv12,TLS_ECDHE_RSA_WITH_AES_256_CBC_SHA,secp384r1,www.bing.com,False,True,CsxuknGIi,"['80c4440580dbd55b228f41e6c88a51ecdbb998b5d32d12acd31ce25518d37128', '2399983e99703ebd01cea466c10799810c4ba62a8d61b88170a334dcd61bb20f']",[],1.0,0ffee3ba8e615ad22535e7f771690a28,4fd467dd264720762ffe286277c00f57,,,1311.026469,10.0.2.15,49986,204.79.197.200,443,tcp,62.448848,3569.0,29737.0,SF,True,False,0,ShADadTfF,33,4906,53,31861,ssl,0
1315.992417,CouP349DvPdaMb7tj,10.0.2.15,49990,54.154.66.200,443,TLSv12,TLS_ECDHE_RSA_WITH_AES_128_GCM_SHA256,secp256r1,dpm.demdex.net,False,True,CsxknGIi,"['ab8f7b89fa3e472463832f1b07660350a24ba646789dce6dd09107fab1d86a12', '19400be5b7a31fb733917700789d2f0a2471c0c9d506c0e504c06c16d7cb17c0']",[],1.0,0ffee3ba8e615ad22535e7f771690a28,303951d4c50efb2e991652225a6f02b1,,,1315.942765,10.0.2.15,49990,54.154.66.200,443,tcp,60.776478,2366.0,4064.0,SF,True,False,0,ShADadTFf,16,3023,18,4788,ssl,0
1316.535869,CfbLNk2qr1gpCTWOa3,10.0.2.15,49991,192.243.255.6,443,TLSv12,TLS_ECDHE_RSA_WITH_AES_256_GCM_SHA384,secp256r1,s.sa.aol.com,False,True,CsxknGIi,"['51a07425afdd7ff83801fdd065c204ce3d94dea0d871eeba3d8d867cd14cd091', '19400be5b7a31fb733917700789d2f0a2471c0c9d506c0e504c06c16d7cb17c0']",[],1.0,0ffee3ba8e615ad22535e7f771690a28,959bfcf87532cbff1253e80a4ee81308,,,1316.463614,10.0.2.15,49991,192.243.255.6,443,tcp,25.41794600000003,4525.0,4580.0,SF,True,False,0,ShADadTFf,18,5258,20,5384,ssl,0
1316.583948,CQHu9JY6VWJNooeec,10.0.2.15,49992,192.243.255.6,443,TLSv12,TLS_ECDHE_RSA_WITH_AES_256_GCM_SHA384,secp256r1,s.sa.aol.com,False,True,CsxknGIi,"['51a07425afdd7ff83801fdd065c204ce3d94dea0d871eeba3d8d867cd14cd091', '19400be5b7a31fb733917700789d2f0a2471c0c9d506c0e504c06c16d7cb17c0']",[],1.0,0ffee3ba8e615ad22535e7f771690a28,959bfcf87532cbff1253e80a4ee81308,,,1316.543115,10.0.2.15,49992,192.243.255.6,443,tcp,6.105974999999944,346.0,3116.0,SF,True,False,0,ShADadFf,9,718,12,3600,ssl,0
1317.256419,Csh9iVeGJiOHk8RLi,10.0.2.15,49994,104.108.173.172,443,TLSv12,TLS_ECDHE_RSA_WITH_AES_256_GCM_SHA384,secp256r1,sb.scorecardresearch.com,False,True,CsxknGIti,"['a523ef18d09457b0fe5084a65e99053ed280f9473c38bc9ddade90f9ae25f115', '111006378afbe8e99bb02ba87390ca429fca2773f74d7f7eb5744f5ddf68014b', '4f32d5dc00f715250abcc486511e37f501a899deb3bf7ea8adbbd3aef1c412da']",[],1.0,0ffee3ba8e615ad22535e7f771690a28,2b33c1374db4ddf06942f92373c0b54b,http/1.1,,1317.23181,10.0.2.15,49994,104.108.173.172,443,tcp,128.807452,1424.0,5753.0,RSTO,True,False,0,ShADadTTFR,24,2407,27,6837,ssl,0
1323.93187,CR7k5l3SNAfww5UI01,10.0.2.15,49995,52.30.56.217,443,TLSv12,TLS_ECDHE_RSA_WITH_AES_128_GCM_SHA256,secp256r1,autosuggest.search.aol.com,False,True,CsxknGIi,"['582a71efed8e8c8237b6dcd99adfc8cf08f98d82ba0f317ac60dd5c8a815deb6', '3b0cc20384ad7f24eb438f2b80c63ebe003f7f215b8877e418ebb0484028db57', '6b143c2005d5539cc22eab5f772db2a9fe87467feffa07fcf0a9f7d28274ca7a']",[],1.0,0ffee3ba8e615ad22535e7f771690a28,303951d4c50efb2e991652225a6f02b1,,,1323.881313,10.0.2.15,49995,52.30.56.217,443,tcp,5.276562000000013,360.0,4443.0,SF,True,False,0,ShADadFRfr,11,812,13,4967,ssl,0
1324.101514,CLrvyIBaJrEMEtwMl,10.0.2.15,49996,52.30.56.217,443,TLSv12,TLS_ECDHE_RSA_WITH_AES_128_GCM_SHA256,secp256r1,autosuggest.search.aol.com,False,True,CsxknGIi,"['582a71efed8e8c8237b6dcd99adfc8cf08f98d82ba0f317ac60dd5c8a815deb6', '3b0cc20384ad7f24eb438f2b80c63ebe003f7f215b8877e418ebb0484028db57', '6b143c2005d5539cc22eab5f772db2a9fe87467feffa07fcf0a9f7d28274ca7a']",[],1.0,0ffee3ba8e615ad22535e7f771690a28,303951d4c50efb2e991652225a6f02b1,,,1324.021638,10.0.2.15,49996,52.30.56.217,443,tcp,61.73088800000005,1173.0,4823.0,SF,True,False,0,ShADadTFf,17,1871,19,5587,ssl,0
1324.839144,CyRsmX3PMG6dO9NaWl,10.0.2.15,50002,204.79.197.200,443,TLSv12,TLS_ECDHE_RSA_WITH_AES_256_CBC_SHA,secp384r1,tse1.mm.bing.net,False,True,CsxuknGIi,"['80c4440580dbd55b228f41e6c88a51ecdbb998b5d32d12acd31ce25518d37128', '2399983e99703ebd01cea466c10799810c4ba62a8d61b88170a334dcd61bb20f']",[],1.0,0ffee3ba8e615ad22535e7f771690a28,4fd467dd264720762ffe286277c00f57,,,1324.574234,10.0.2.15,50002,204.79.197.200,443,tcp,60.92357900000002,833.0,10069.0,SF,True,False,0,ShADadTfF,17,1530,21,10913,ssl,0
1324.631873,CzEAI94fCj2wsBdtW8,10.0.2.15,50001,204.79.197.200,443,TLSv12,TLS_ECDHE_RSA_WITH_AES_256_CBC_SHA,secp384r1,tse1.mm.bing.net,False,True,CsxuknGIi,"['80c4440580dbd55b228f41e6c88a51ecdbb998b5d32d12acd31ce25518d37128', '2399983e99703ebd01cea466c10799810c4ba62a8d61b88170a334dcd61bb20f']",[],1.0,0ffee3ba8e615ad22535e7f771690a28,4fd467dd264720762ffe286277c00f57,,,1324.572906,10.0.2.15,50001,204.79.197.200,443,tcp,62.8200559999998,833.0,9349.0,SF,True,False,0,ShADadTfF,18,1571,22,10233,ssl,0
1324.636782,CfciMa4J5hvpUjTRGi,10.0.2.15,50000,204.79.197.200,443,TLSv12,TLS_ECDHE_RSA_WITH_AES_256_CBC_SHA,secp384r1,tse1.mm.bing.net,False,True,CsxuknGIi,"['80c4440580dbd55b228f41e6c88a51ecdbb998b5d32d12acd31ce25518d37128', '2399983e99703ebd01cea466c10799810c4ba62a8d61b88170a334dcd61bb20f']",[],1.0,0ffee3ba8e615ad22535e7f771690a28,4fd467dd264720762ffe286277c00f57,,,1324.57173,10.0.2.15,50000,204.79.197.200,443,tcp,60.81541100000004,833.0,9365.0,SF,True,False,0,ShADadTfF,18,1570,21,10209,ssl,0
1324.639442,CSBZbO39hejeziV7n,10.0.2.15,49999,204.79.197.200,443,TLSv12,TLS_ECDHE_RSA_WITH_AES_256_CBC_SHA,secp384r1,tse1.mm.bing.net,False,True,CsxuknGIi,"['80c4440580dbd55b228f41e6c88a51ecdbb998b5d32d12acd31ce25518d37128', '2399983e99703ebd01cea466c10799810c4ba62a8d61b88170a334dcd61bb20f']",[],1.0,0ffee3ba8e615ad22535e7f771690a28,4fd467dd264720762ffe286277c00f57,,,1324.570143,10.0.2.15,49999,204.79.197.200,443,tcp,66.80320000000006,833.0,9525.0,SF,True,False,0,ShADadTfF,18,1571,22,10409,ssl,0
1324.829778,Ciw0sP2105y3gNwkf3,10.0.2.15,50003,204.79.197.200,443,TLSv12,TLS_ECDHE_RSA_WITH_AES_256_CBC_SHA,secp384r1,tse1.mm.bing.net,False,True,CsxuknGIi,"['80c4440580dbd55b228f41e6c88a51ecdbb998b5d32d12acd31ce25518d37128', '2399983e99703ebd01cea466c10799810c4ba62a8d61b88170a334dcd61bb20f']",[],1.0,0ffee3ba8e615ad22535e7f771690a28,4fd467dd264720762ffe286277c00f57,,,1324.575868,10.0.2.15,50003,204.79.197.200,443,tcp,64.1460770000001,833.0,9589.0,SF,True,False,0,ShADadTfF,18,1571,22,10473,ssl,0
1324.84694,CQvCcH3gxv8A6b5pmh,10.0.2.15,50004,204.79.197.200,443,TLSv12,TLS_ECDHE_RSA_WITH_AES_256_CBC_SHA,secp384r1,tse1.mm.bing.net,False,True,CsxuknGIi,"['80c4440580dbd55b228f41e6c88a51ecdbb998b5d32d12acd31ce25518d37128', '2399983e99703ebd01cea466c10799810c4ba62a8d61b88170a334dcd61bb20f']",[],1.0,0ffee3ba8e615ad22535e7f771690a28,4fd467dd264720762ffe286277c00f57,,,1324.581845,10.0.2.15,50004,204.79.197.200,443,tcp,5.553269,428.0,6880.0,SF,True,False,0,ShADadFf,10,840,12,7364,ssl,0
1344.352412,Cc48eO2bl8nLpHivs,10.0.2.15,50034,31.13.93.7,443,TLSv12,TLS_ECDHE_ECDSA_WITH_AES_128_GCM_SHA256,secp256r1,connect.facebook.net,False,True,CsxknGIti,"['152151b387412a95ab90fd4664f2d98880408e9e43913124e4c91226a483386b', '19400be5b7a31fb733917700789d2f0a2471c0c9d506c0e504c06c16d7cb17c0']",[],1.0,0ffee3ba8e615ad22535e7f771690a28,2d1eb5817ece335c24904f516ad5da12,h2,,1344.199703,10.0.2.15,50034,31.13.93.7,443,tcp,379.085345,1965.0,145049.0,RSTO,True,False,0,ShADadFR,63,4497,143,150773,ssl,0
1344.44233,COVxKTOhFzu8mmmI1,10.0.2.15,50031,188.125.66.33,443,TLSv12,TLS_ECDHE_RSA_WITH_AES_128_GCM_SHA256,secp256r1,sp.analytics.yahoo.com,False,True,CsxknGIti,"['a42bd5146a3d4010979322f493ea1cf3e1ba9033d64ae699935e6a6ad96bd3c4', '19400be5b7a31fb733917700789d2f0a2471c0c9d506c0e504c06c16d7cb17c0']",[],1.0,0ffee3ba8e615ad22535e7f771690a28,b898351eb5e266aefd3723d466935494,http/1.1,,1344.194145,10.0.2.15,50031,188.125.66.33,443,tcp,6.070169999999962,356.0,4002.0,SF,True,False,0,ShADadFf,10,768,12,4486,ssl,0
1344.239085,C4Habt7lm5z8c07Q3,10.0.2.15,50029,188.125.66.33,443,TLSv12,TLS_ECDHE_RSA_WITH_AES_128_GCM_SHA256,secp256r1,sp.analytics.yahoo.com,False,True,CsxknGIti,"['a42bd5146a3d4010979322f493ea1cf3e1ba9033d64ae699935e6a6ad96bd3c4', '19400be5b7a31fb733917700789d2f0a2471c0c9d506c0e504c06c16d7cb17c0']",[],1.0,0ffee3ba8e615ad22535e7f771690a28,b898351eb5e266aefd3723d466935494,http/1.1,,1344.169659,10.0.2.15,50029,188.125.66.33,443,tcp,68.78217000000018,1189.0,4917.0,SF,True,False,0,ShADadTfF,19,1967,22,5801,ssl,0
1344.484012,Ce7dSb4i20mVLadEa1,10.0.2.15,50032,205.237.103.65,443,TLSv12,TLS_ECDHE_RSA_WITH_AES_128_CBC_SHA,secp256r1,smartzonessva.com,False,True,CsxknGIi,"['90497e8ea80e5786fd8077e8f6cbceb8ff0e33ece47459c0b033e9d06edcafa1', '973a41276ffd01e027a2aad49e34c37846d3e976ff6a620b6712e33832041aa6', '3a2fbe92891e57fe05d57087f48e730f17e5a5f53ef403d618e5b74d7a7e6ecb', 'c3846bf24b9e93ca64274c0ec67c1ecc5e024ffcacd2d74019350e81fe546ae4']",[],1.0,0ffee3ba8e615ad22535e7f771690a28,5a450169db1f168548fb87aa841fe743,,,1344.195538,10.0.2.15,50032,205.237.103.65,443,tcp,31.812969000000063,701.0,5515.0,SF,True,False,0,ShADadTfF,13,1235,16,6159,ssl,0
1344.484633,CRxvWP3W4P5muKGTje,10.0.2.15,50030,205.237.103.65,443,TLSv12,TLS_ECDHE_RSA_WITH_AES_128_CBC_SHA,secp256r1,smartzonessva.com,False,True,CsxknGIi,"['90497e8ea80e5786fd8077e8f6cbceb8ff0e33ece47459c0b033e9d06edcafa1', '973a41276ffd01e027a2aad49e34c37846d3e976ff6a620b6712e33832041aa6', '3a2fbe92891e57fe05d57087f48e730f17e5a5f53ef403d618e5b74d7a7e6ecb', 'c3846bf24b9e93ca64274c0ec67c1ecc5e024ffcacd2d74019350e81fe546ae4']",[],1.0,0ffee3ba8e615ad22535e7f771690a28,5a450169db1f168548fb87aa841fe743,,,1344.189036,10.0.2.15,50030,205.237.103.65,443,tcp,6.185555999999906,397.0,5281.0,SF,True,False,0,ShADadFf,10,809,11,5725,ssl,0
1345.337576,CZSwk71sMRlzvdek5h,10.0.2.15,50038,31.13.93.36,443,TLSv12,TLS_ECDHE_ECDSA_WITH_AES_128_GCM_SHA256,secp256r1,www.facebook.com,False,True,CsxknGIti,"['152151b387412a95ab90fd4664f2d98880408e9e43913124e4c91226a483386b', '19400be5b7a31fb733917700789d2f0a2471c0c9d506c0e504c06c16d7cb17c0']",[],1.0,0ffee3ba8e615ad22535e7f771690a28,2d1eb5817ece335c24904f516ad5da12,h2,,1345.004716,10.0.2.15,50038,31.13.93.36,443,tcp,151.07283800000005,2796.0,6366.0,SF,True,False,0,ShADadfF,24,3768,32,7650,ssl,0
1347.264183,C78qg1Njo2drPVlrg,10.0.2.15,50043,104.123.206.69,443,TLSv12,TLS_ECDHE_ECDSA_WITH_AES_256_GCM_SHA384,secp256r1,www.oreillyauto.com,False,True,CsxuknGIti,"['648d07722aeb4056495c5afdddb8dd672272fd929aa27e8a71fdc731349e3e7d', '2e2861289b5ccedecae4c31bf262e0fb0c29b6c1530573442731ca65d821e901']",[],1.0,0ffee3ba8e615ad22535e7f771690a28,2cba4988cee12fb77485df2186d14685,http/1.1,,1347.206312,10.0.2.15,50043,104.123.206.69,443,tcp,126.08015999999998,10932.0,103848.0,SF,True,False,0,ShADadTTFfRr,75,13956,141,109492,ssl,0
1348.381527,CcMGc14gDTfw9la1qd,10.0.2.15,50044,104.123.206.69,443,TLSv12,TLS_ECDHE_ECDSA_WITH_AES_256_GCM_SHA384,,www.oreillyauto.com,True,True,CsiI,,,,1a5fe5677b0e4fbbc854e8908225637d,4560a2cba28d0d5a9c9208d56ff6b439,http/1.1,,1348.291043,10.0.2.15,50044,104.123.206.69,443,tcp,137.50474699999995,5576.0,114861.0,RSTO,True,False,0,ShADadTTFR,75,8600,151,120905,ssl,0
1348.544249,CvPgjFK7Ga9Nhc6zl,10.0.2.15,50046,104.123.206.69,443,TLSv12,TLS_ECDHE_ECDSA_WITH_AES_256_GCM_SHA384,,www.oreillyauto.com,True,True,CsiI,,,,1a5fe5677b0e4fbbc854e8908225637d,4560a2cba28d0d5a9c9208d56ff6b439,http/1.1,,1348.294182,10.0.2.15,50046,104.123.206.69,443,tcp,125.0051219999998,4558.0,6385.0,RSTO,True,False,0,ShADadTTFR,25,5582,29,7549,ssl,0
1348.554939,Cv7oP314MhZ1NrTnrl,10.0.2.15,50045,104.123.206.69,443,TLSv12,TLS_ECDHE_ECDSA_WITH_AES_256_GCM_SHA384,,www.oreillyauto.com,True,True,CsiI,,,,1a5fe5677b0e4fbbc854e8908225637d,4560a2cba28d0d5a9c9208d56ff6b439,http/1.1,,1348.292015,10.0.2.15,50045,104.123.206.69,443,tcp,122.39512100000002,2502.0,3208.0,SF,True,False,0,ShADadTTFfRr,25,3526,28,4332,ssl,0
1348.565043,CPZsIQdHO1Q6Rip9j,10.0.2.15,50048,104.123.206.69,443,TLSv12,TLS_ECDHE_ECDSA_WITH_AES_256_GCM_SHA384,,www.oreillyauto.com,True,True,CsiI,,,,1a5fe5677b0e4fbbc854e8908225637d,4560a2cba28d0d5a9c9208d56ff6b439,http/1.1,,1348.297776,10.0.2.15,50048,104.123.206.69,443,tcp,124.2029,2587.0,26086.0,SF,True,False,0,ShADadTTFfRr,33,3931,51,28130,ssl,0
1348.567756,CFcZvrfkxt91gYySj,10.0.2.15,50047,104.123.206.69,443,TLSv12,TLS_ECDHE_ECDSA_WITH_AES_256_GCM_SHA384,,www.oreillyauto.com,True,True,CsiI,,,,1a5fe5677b0e4fbbc854e8908225637d,4560a2cba28d0d5a9c9208d56ff6b439,http/1.1,,1348.296782,10.0.2.15,50047,104.123.206.69,443,tcp,124.17780400000017,2599.0,10989.0,SF,True,False,0,ShADadTTFf,27,3703,33,12313,ssl,0
1348.405723,CiGVgL3iiJX6h4ypW8,10.0.2.15,50049,104.123.206.69,443,TLSv12,TLS_ECDHE_ECDSA_WITH_AES_256_GCM_SHA384,secp256r1,images.oreillyauto.com,False,True,CsxuknGIti,"['648d07722aeb4056495c5afdddb8dd672272fd929aa27e8a71fdc731349e3e7d', '2e2861289b5ccedecae4c31bf262e0fb0c29b6c1530573442731ca65d821e901']",[],1.0,0ffee3ba8e615ad22535e7f771690a28,2cba4988cee12fb77485df2186d14685,http/1.1,,1348.323233,10.0.2.15,50049,104.123.206.69,443,tcp,124.22997799999985,1094.0,18385.0,SF,True,False,0,ShADadTTFfRr,32,2398,42,20069,ssl,0
1352.153597,CDGscy23JzFnZlLYd,10.0.2.15,50050,74.125.206.155,443,TLSv12,TLS_ECDHE_RSA_WITH_AES_128_GCM_SHA256,x25519,bid.g.doubleclick.net,False,True,CsxknGIti,"['8d80516b26a9002a020bc551f01c44620d0d726476e4babc515dc5c82f0555b5', '9f630426df1d8abfd80ace98871ba833ab9742cb34838de2b5285ed54c0c7dcc', '3c35cc963eb004451323d3275d05b353235053490d9cd83729a2faf5e7ca1cc0']",[],1.0,0ffee3ba8e615ad22535e7f771690a28,ab41313cfec25328b20865eb1388e0a2,h2,,1352.10879,10.0.2.15,50050,74.125.206.155,443,tcp,0.476417999999966,502.0,4085.0,SF,True,False,0,ShADadFf,10,914,13,4609,ssl,0
1352.942664,CXyn9J2nnmeb24uu0l,10.0.2.15,50051,104.27.146.117,443,TLSv12,TLS_ECDHE_ECDSA_WITH_AES_128_GCM_SHA256,secp256r1,browser-update.org,False,True,CsxuknGIti,"['064d65ce34dd8f4cf6c7bc3202d7de650abfce5bfd022770dedfdde651970bd4', 'cd6c108a0e641f2ca122aaa6d03f826759cae7c6f800eabf76dc48b67cd083ce', '9573862ac0b4b125168810ea3fd101ae2eb0bb15f61fc0e6da7a2a38b85a89e8']",[],1.0,0ffee3ba8e615ad22535e7f771690a28,7d3eb4120cd50e889bcd3f3783be0f82,h2,,1352.875204,10.0.2.15,50051,104.27.146.117,443,tcp,204.3604580000001,978.0,7565.0,SF,True,False,0,ShADadFf,21,1830,25,8569,ssl,0
1352.948735,C1x7dEE3riH6yRYRk,10.0.2.15,50052,104.27.146.117,443,TLSv12,TLS_ECDHE_ECDSA_WITH_AES_128_GCM_SHA256,secp256r1,browser-update.org,False,True,CsxuknGIti,"['064d65ce34dd8f4cf6c7bc3202d7de650abfce5bfd022770dedfdde651970bd4', 'cd6c108a0e641f2ca122aaa6d03f826759cae7c6f800eabf76dc48b67cd083ce', '9573862ac0b4b125168810ea3fd101ae2eb0bb15f61fc0e6da7a2a38b85a89e8']",[],1.0,0ffee3ba8e615ad22535e7f771690a28,7d3eb4120cd50e889bcd3f3783be0f82,h2,,1352.877426,10.0.2.15,50052,104.27.146.117,443,tcp,0.736953999999968,561.0,4664.0,SF,True,False,0,ShADadFf,12,1053,15,5268,ssl,0
1377.787047,CHyVqF3XXzDbxrQ6M8,10.0.2.15,50084,54.172.78.12,443,TLSv12,TLS_ECDHE_RSA_WITH_AES_128_GCM_SHA256,secp256r1,log.pinterest.com,False,True,CsxknGIi,"['d1ab179db88a34a8c788897bd5b599cba4cfcc5de8a3b9b2349135779e8f2092', '19400be5b7a31fb733917700789d2f0a2471c0c9d506c0e504c06c16d7cb17c0']",[],1.0,0ffee3ba8e615ad22535e7f771690a28,303951d4c50efb2e991652225a6f02b1,,,1377.662403,10.0.2.15,50084,54.172.78.12,443,tcp,115.7503529999999,1802.0,4245.0,SF,True,False,0,ShADadTTFf,23,2745,25,5249,ssl,0
1379.011771,Cgx2zJ3yclN0uwMF6a,10.0.2.15,50091,216.58.214.226,443,TLSv12,TLS_ECDHE_RSA_WITH_AES_128_GCM_SHA256,x25519,pubads.g.doubleclick.net,False,True,CsxknGIti,"['a32ffddd76f9e7debbfc9a37b38d2ef86039b30a10d7c45ab8223d149cf99699', '9f630426df1d8abfd80ace98871ba833ab9742cb34838de2b5285ed54c0c7dcc', '3c35cc963eb004451323d3275d05b353235053490d9cd83729a2faf5e7ca1cc0']",[],1.0,0ffee3ba8e615ad22535e7f771690a28,ab41313cfec25328b20865eb1388e0a2,h2,,1378.548793,10.0.2.15,50091,216.58.214.226,443,tcp,466.9514690000001,12408.0,126781.0,SF,True,False,0,ShADadfF,123,17340,219,135545,ssl,0
1380.490985,COQFiq4oDEfUFD122,10.0.2.15,50104,216.58.214.226,443,TLSv12,TLS_ECDHE_RSA_WITH_AES_128_GCM_SHA256,,securepubads.g.doubleclick.net,True,True,CsiI,,,,1a5fe5677b0e4fbbc854e8908225637d,67619a80665d7ab92d1041b1d11f9164,h2,,1379.923756,10.0.2.15,50104,216.58.214.226,443,tcp,63.51116100000013,825.0,338.0,SF,True,False,0,ShADadFf,11,1277,12,822,ssl,0
1383.148662,CjRATf43WHZybd5yP4,10.0.2.15,50117,216.58.214.225,443,TLSv12,TLS_ECDHE_RSA_WITH_AES_128_GCM_SHA256,x25519,tpc.googlesyndication.com,False,True,CsxknGIti,"['1a04953b8e7e73c9260dd8ebc167433d66e5c2dd13da8be4a7be677086cfb34c', '9f630426df1d8abfd80ace98871ba833ab9742cb34838de2b5285ed54c0c7dcc', '3c35cc963eb004451323d3275d05b353235053490d9cd83729a2faf5e7ca1cc0']",[],1.0,0ffee3ba8e615ad22535e7f771690a28,ab41313cfec25328b20865eb1388e0a2,h2,,1382.377334,10.0.2.15,50117,216.58.214.225,443,tcp,364.38109600000007,2002.0,166290.0,SF,True,False,0,ShADadFf,93,5734,205,174494,ssl,0
1383.573538,COcCD51UxTLLQTmQ7h,10.0.2.15,50120,216.58.214.225,443,TLSv12,TLS_ECDHE_RSA_WITH_AES_128_GCM_SHA256,x25519,tpc.googlesyndication.com,False,True,CsxknGIti,"['1a04953b8e7e73c9260dd8ebc167433d66e5c2dd13da8be4a7be677086cfb34c', '9f630426df1d8abfd80ace98871ba833ab9742cb34838de2b5285ed54c0c7dcc', '3c35cc963eb004451323d3275d05b353235053490d9cd83729a2faf5e7ca1cc0']",[],1.0,0ffee3ba8e615ad22535e7f771690a28,ab41313cfec25328b20865eb1388e0a2,h2,,1382.635392,10.0.2.15,50120,216.58.214.225,443,tcp,3.465866000000005,966.0,9619.0,SF,True,False,0,ShADadFf,20,1778,26,10663,ssl,0
1383.681246,CjgQ7l2zcS2hBcOJYa,10.0.2.15,50121,216.58.214.225,443,TLSv12,TLS_ECDHE_RSA_WITH_AES_128_GCM_SHA256,x25519,tpc.googlesyndication.com,False,True,CsxknGIti,"['1a04953b8e7e73c9260dd8ebc167433d66e5c2dd13da8be4a7be677086cfb34c', '9f630426df1d8abfd80ace98871ba833ab9742cb34838de2b5285ed54c0c7dcc', '3c35cc963eb004451323d3275d05b353235053490d9cd83729a2faf5e7ca1cc0']",[],1.0,0ffee3ba8e615ad22535e7f771690a28,ab41313cfec25328b20865eb1388e0a2,h2,,1382.666097,10.0.2.15,50121,216.58.214.225,443,tcp,2.830506999999897,535.0,3897.0,SF,True,False,0,ShADadFf,13,1067,14,4461,ssl,0
1383.850629,COPch419NCd1X5teN8,10.0.2.15,50125,216.58.214.225,443,TLSv12,TLS_ECDHE_RSA_WITH_AES_128_GCM_SHA256,x25519,tpc.googlesyndication.com,False,True,CsxknGIti,"['1a04953b8e7e73c9260dd8ebc167433d66e5c2dd13da8be4a7be677086cfb34c', '9f630426df1d8abfd80ace98871ba833ab9742cb34838de2b5285ed54c0c7dcc', '3c35cc963eb004451323d3275d05b353235053490d9cd83729a2faf5e7ca1cc0']",[],1.0,0ffee3ba8e615ad22535e7f771690a28,ab41313cfec25328b20865eb1388e0a2,h2,,1382.922207,10.0.2.15,50125,216.58.214.225,443,tcp,2.99742399999991,535.0,3897.0,SF,True,False,0,ShADadFf,14,1107,17,4581,ssl,0
1384.565108,CyrOgD2RPv2CdwQ7i3,10.0.2.15,50106,216.58.214.226,443,TLSv12,TLS_ECDHE_RSA_WITH_AES_128_GCM_SHA256,,securepubads.g.doubleclick.net,True,True,CsiI,,,,1a5fe5677b0e4fbbc854e8908225637d,67619a80665d7ab92d1041b1d11f9164,h2,,1380.263759,10.0.2.15,50106,216.58.214.226,443,tcp,5.660448999999971,779.0,292.0,SF,True,False,0,ShADadFf,11,1243,11,736,ssl,0
1384.773622,CSBrl74gLojNg5Wvhe,10.0.2.15,50128,216.58.214.194,443,TLSv12,TLS_ECDHE_RSA_WITH_AES_128_GCM_SHA256,x25519,adx.g.doubleclick.net,False,True,CsxknGIti,"['a32ffddd76f9e7debbfc9a37b38d2ef86039b30a10d7c45ab8223d149cf99699', '9f630426df1d8abfd80ace98871ba833ab9742cb34838de2b5285ed54c0c7dcc', '3c35cc963eb004451323d3275d05b353235053490d9cd83729a2faf5e7ca1cc0']",[],1.0,0ffee3ba8e615ad22535e7f771690a28,ab41313cfec25328b20865eb1388e0a2,h2,,1383.74983,10.0.2.15,50128,216.58.214.194,443,tcp,2.565536999999949,502.0,4085.0,RSTO,True,False,0,ShADadFR,12,994,13,4609,ssl,0
1386.396856,CNf5S82pUc7488Yk56,10.0.2.15,50136,216.58.214.194,443,TLSv12,TLS_ECDHE_RSA_WITH_AES_128_GCM_SHA256,x25519,cm.g.doubleclick.net,False,True,CsxknGIti,"['a32ffddd76f9e7debbfc9a37b38d2ef86039b30a10d7c45ab8223d149cf99699', '9f630426df1d8abfd80ace98871ba833ab9742cb34838de2b5285ed54c0c7dcc', '3c35cc963eb004451323d3275d05b353235053490d9cd83729a2faf5e7ca1cc0']",[],1.0,0ffee3ba8e615ad22535e7f771690a28,ab41313cfec25328b20865eb1388e0a2,h2,,1386.107148,10.0.2.15,50136,216.58.214.194,443,tcp,1.620441000000028,501.0,4085.0,SF,True,False,0,ShADadFf,11,953,14,4649,ssl,0
1386.398328,CKmy4V1gbGuwGUKmO8,10.0.2.15,50134,216.58.214.194,443,TLSv12,TLS_ECDHE_RSA_WITH_AES_128_GCM_SHA256,x25519,cm.g.doubleclick.net,False,True,CsxknGIti,"['a32ffddd76f9e7debbfc9a37b38d2ef86039b30a10d7c45ab8223d149cf99699', '9f630426df1d8abfd80ace98871ba833ab9742cb34838de2b5285ed54c0c7dcc', '3c35cc963eb004451323d3275d05b353235053490d9cd83729a2faf5e7ca1cc0']",[],1.0,0ffee3ba8e615ad22535e7f771690a28,ab41313cfec25328b20865eb1388e0a2,h2,,1386.103205,10.0.2.15,50134,216.58.214.194,443,tcp,1.6424760000002152,501.0,4085.0,SF,True,False,0,ShADadFf,11,953,15,4689,ssl,0
1379.602205,CflANq3j9a69wlMlQ3,10.0.2.15,50094,216.58.214.226,443,TLSv12,TLS_ECDHE_RSA_WITH_AES_128_GCM_SHA256,,pubads.g.doubleclick.net,False,False,Cs,,,,0ffee3ba8e615ad22535e7f771690a28,ab41313cfec25328b20865eb1388e0a2,h2,,1378.806675,10.0.2.15,50094,216.58.214.226,443,tcp,3.3567450000000463,201.0,2917.0,RSTR,True,False,0,ShADadFRr,6,453,6,3161,ssl,0
1386.984989,CqQYbgfIzvFQ6smfg,10.0.2.15,50082,54.172.78.12,443,TLSv12,TLS_ECDHE_RSA_WITH_AES_128_GCM_SHA256,,log.pinterest.com,True,True,CsiI,,,,0ffee3ba8e615ad22535e7f771690a28,303951d4c50efb2e991652225a6f02b1,,,1386.41193,10.0.2.15,50082,54.172.78.12,443,tcp,8.115684999999985,308.0,176.0,SF,True,False,0,ShADadFfRr,9,676,9,540,ssl,0
1386.986649,CvU4il3fe1UrdVIan3,10.0.2.15,50083,54.172.78.12,443,TLSv12,TLS_ECDHE_RSA_WITH_AES_128_GCM_SHA256,,log.pinterest.com,True,True,CsiI,,,,0ffee3ba8e615ad22535e7f771690a28,303951d4c50efb2e991652225a6f02b1,,,1386.489726,10.0.2.15,50083,54.172.78.12,443,tcp,8.018597,308.0,176.0,SF,True,False,0,ShADadFfRr,9,676,9,540,ssl,0
1389.54304,CB6fNGlUawgPB2pSk,10.0.2.15,50150,216.58.214.227,443,TLSv12,TLS_ECDHE_ECDSA_WITH_AES_128_GCM_SHA256,,fonts.gstatic.com,True,True,CsiI,,,,1a5fe5677b0e4fbbc854e8908225637d,c23237dbea656869600e48dfbd00ab7b,h2,,1389.447787,10.0.2.15,50150,216.58.214.227,443,tcp,333.27328999999986,1688.0,47977.0,RSTO,True,False,0,ShADadFR,38,3220,67,50661,ssl,0
1390.119677,CVFS6w4DhoCIrylwx,10.0.2.15,50152,216.58.214.230,443,TLSv12,TLS_ECDHE_RSA_WITH_AES_128_GCM_SHA256,,static.doubleclick.net,True,True,CsiI,,,,1a5fe5677b0e4fbbc854e8908225637d,67619a80665d7ab92d1041b1d11f9164,h2,,1389.91901,10.0.2.15,50152,216.58.214.230,443,tcp,200.89815699999983,1433.0,31208.0,SF,True,False,0,ShADadFf,28,2565,47,33092,ssl,0
1390.616206,CFqsLG1RabzAiaL4Gf,10.0.2.15,50161,82.199.68.72,443,TLSv12,TLS_RSA_WITH_AES_256_CBC_SHA,,bs.serving-sys.com,False,True,CsxnGIi,"['da83f8402756964819e846696c134edb748ee8801ff17fcfd761d886058327c8', '3f3af9c9cc2c7599ef8f6dd7ca516cfc1797d7d12002254f3bfd0d4d0fe9de86']",[],1.0,0ffee3ba8e615ad22535e7f771690a28,0a917d753018dad73d9899ace370f8d8,,,1390.521951,10.0.2.15,50161,82.199.68.72,443,tcp,8.883649000000105,2312.0,4800.0,SF,True,False,0,ShADadfF,13,2844,15,5404,ssl,0
1390.836336,CZzDel3ijJt8l3AoB6,10.0.2.15,50165,188.125.66.34,443,TLSv12,TLS_ECDHE_RSA_WITH_AES_128_GCM_SHA256,secp256r1,cms.analytics.yahoo.com,False,True,CsxknGIti,"['09288344a9b65850c4353a2d0fb8ab911595408ae9f317b605232560f3d1a45b', 'eae72eb454bf6c3977ebd289e970b2f5282949190093d0d26f98d0f0d6a9cf17', '8420dfbe376f414bf4c0a81e6936d24ccc03f304835b86c7a39142fca723a689']",[],1.0,0ffee3ba8e615ad22535e7f771690a28,b898351eb5e266aefd3723d466935494,http/1.1,,1390.659967,10.0.2.15,50165,188.125.66.34,443,tcp,64.65084499999989,709.0,5188.0,SF,True,False,0,ShADadTfF,17,1407,20,5992,ssl,0
1390.120449,CFfuE92nRtATPvg5rb,10.0.2.15,50151,216.58.214.225,443,TLSv12,TLS_ECDHE_ECDSA_WITH_AES_128_GCM_SHA256,x25519,lh4.googleusercontent.com,False,True,CsxknGIti,"['7dab2c14c2154b93fe35063ca1c26a233a78ca71cbb2bca391546edc16638392', '9f630426df1d8abfd80ace98871ba833ab9742cb34838de2b5285ed54c0c7dcc', '3c35cc963eb004451323d3275d05b353235053490d9cd83729a2faf5e7ca1cc0']",[],1.0,0ffee3ba8e615ad22535e7f771690a28,84480cf8cf0e732666092640e581e1a5,h2,,1389.918034,10.0.2.15,50151,216.58.214.225,443,tcp,201.778859,711.0,4502.0,SF,True,False,0,ShADadFf,20,1523,21,5346,ssl,0
1391.512451,Cyo5D02rvKvUnKmRCc,10.0.2.15,50170,52.71.248.123,443,TLSv12,TLS_ECDHE_RSA_WITH_AES_128_GCM_SHA256,secp256r1,idsync.rlcdn.com,False,True,CsxknGIi,"['7c75ac9ac997d5af7e63eee4070015e373d07d15fa206505a14434fb86a90686', '973a41276ffd01e027a2aad49e34c37846d3e976ff6a620b6712e33832041aa6', '3a2fbe92891e57fe05d57087f48e730f17e5a5f53ef403d618e5b74d7a7e6ecb', 'c3846bf24b9e93ca64274c0ec67c1ecc5e024ffcacd2d74019350e81fe546ae4']",[],1.0,0ffee3ba8e615ad22535e7f771690a28,303951d4c50efb2e991652225a6f02b1,,,1391.029319,10.0.2.15,50170,52.71.248.123,443,tcp,67.07343800000012,2348.0,7511.0,SF,True,False,0,ShADadTFf,19,3126,22,8395,ssl,0
1392.294814,CmnUW8fXDFNHIeiVh,10.0.2.15,50174,23.23.219.8,443,TLSv12,TLS_ECDHE_RSA_WITH_AES_128_GCM_SHA256,secp256r1,usermatch.krxd.net,False,True,CsxknGIi,"['801848f55bb97f055d1e2f3f6c8094cf12d7b6285a7ed7c20bf39440c6cb5f8e', '973a41276ffd01e027a2aad49e34c37846d3e976ff6a620b6712e33832041aa6', '3a2fbe92891e57fe05d57087f48e730f17e5a5f53ef403d618e5b74d7a7e6ecb', 'c3846bf24b9e93ca64274c0ec67c1ecc5e024ffcacd2d74019350e81fe546ae4']",[],1.0,0ffee3ba8e615ad22535e7f771690a28,303951d4c50efb2e991652225a6f02b1,,,1391.144,10.0.2.15,50174,23.23.219.8,443,tcp,64.81600400000002,682.0,5663.0,SF,True,False,0,ShADadTFf,18,1420,21,6507,ssl,0
1392.498058,C4ao3U234iQD0MnHXa,10.0.2.15,50180,23.23.219.8,443,TLSv12,TLS_ECDHE_RSA_WITH_AES_128_GCM_SHA256,secp256r1,usermatch.krxd.net,False,True,CsxknGIi,"['801848f55bb97f055d1e2f3f6c8094cf12d7b6285a7ed7c20bf39440c6cb5f8e', '973a41276ffd01e027a2aad49e34c37846d3e976ff6a620b6712e33832041aa6', '3a2fbe92891e57fe05d57087f48e730f17e5a5f53ef403d618e5b74d7a7e6ecb', 'c3846bf24b9e93ca64274c0ec67c1ecc5e024ffcacd2d74019350e81fe546ae4']",[],1.0,0ffee3ba8e615ad22535e7f771690a28,303951d4c50efb2e991652225a6f02b1,,,1391.409378,10.0.2.15,50180,23.23.219.8,443,tcp,5.466372999999976,352.0,5273.0,RSTO,True,False,0,ShADadFR,10,764,11,5717,ssl,0
1392.495225,CC6ngW13bJ9ba0xZb9,10.0.2.15,50176,52.71.248.123,443,TLSv12,TLS_ECDHE_RSA_WITH_AES_128_GCM_SHA256,secp256r1,idsync.rlcdn.com,False,True,CsxknGIi,"['7c75ac9ac997d5af7e63eee4070015e373d07d15fa206505a14434fb86a90686', '973a41276ffd01e027a2aad49e34c37846d3e976ff6a620b6712e33832041aa6', '3a2fbe92891e57fe05d57087f48e730f17e5a5f53ef403d618e5b74d7a7e6ecb', 'c3846bf24b9e93ca64274c0ec67c1ecc5e024ffcacd2d74019350e81fe546ae4']",[],1.0,0ffee3ba8e615ad22535e7f771690a28,303951d4c50efb2e991652225a6f02b1,,,1391.402595,10.0.2.15,50176,52.71.248.123,443,tcp,8.76349899999991,350.0,5275.0,RSTO,True,False,0,ShADadFR,11,802,13,5799,ssl,0
1393.51397,CVb2YY3H7sSJ7HYVe5,10.0.2.15,50158,82.199.68.72,443,TLSv12,TLS_RSA_WITH_AES_256_CBC_SHA,,bs.serving-sys.com,False,True,CsxnGIi,"['da83f8402756964819e846696c134edb748ee8801ff17fcfd761d886058327c8', '3f3af9c9cc2c7599ef8f6dd7ca516cfc1797d7d12002254f3bfd0d4d0fe9de86']",[],1.0,0ffee3ba8e615ad22535e7f771690a28,0a917d753018dad73d9899ace370f8d8,,,1390.25978,10.0.2.15,50158,82.199.68.72,443,tcp,9.832332999999837,590.0,2673.0,SF,True,False,0,ShADadFf,9,962,9,3037,ssl,0
1393.921002,CgclRK2dtUd5k4jtg7,10.0.2.15,50157,82.199.68.72,443,TLSv12,TLS_RSA_WITH_AES_256_CBC_SHA,,bs.serving-sys.com,False,True,CsxnGIi,"['da83f8402756964819e846696c134edb748ee8801ff17fcfd761d886058327c8', '3f3af9c9cc2c7599ef8f6dd7ca516cfc1797d7d12002254f3bfd0d4d0fe9de86']",[],1.0,0ffee3ba8e615ad22535e7f771690a28,0a917d753018dad73d9899ace370f8d8,,,1390.258639,10.0.2.15,50157,82.199.68.72,443,tcp,9.829460000000154,590.0,2673.0,SF,True,False,0,ShADadFf,10,1014,10,3077,ssl,0
1394.843628,CxpHuDeFqFGAgNZba,10.0.2.15,50184,37.252.172.40,443,TLSv12,TLS_ECDHE_RSA_WITH_AES_256_GCM_SHA384,secp256r1,secure.adnxs.com,False,True,CsxuknGIti,"['5b081650e8034418a37504ce0820892be5a66474578207711eb688243fe1a8f2', '074541ecdf88ed992ed5ade3ecddef27a26ba1b44480a195c0a8dadae2521d8e']",[],1.0,0ffee3ba8e615ad22535e7f771690a28,d53e4608f956df65bb2b8a8c4d3b025d,,,1394.496195,10.0.2.15,50184,37.252.172.40,443,tcp,11.997915000000148,3002.0,7828.0,SF,True,False,0,ShADadFf,13,3534,17,8512,ssl,0
1398.351571,CzPmxN3IjrvjLxa508,10.0.2.15,50198,54.217.209.77,443,TLSv12,TLS_ECDHE_RSA_WITH_AES_128_GCM_SHA256,secp256r1,beacon.krxd.net,False,True,CsxknGIi,"['801848f55bb97f055d1e2f3f6c8094cf12d7b6285a7ed7c20bf39440c6cb5f8e', '973a41276ffd01e027a2aad49e34c37846d3e976ff6a620b6712e33832041aa6', '3a2fbe92891e57fe05d57087f48e730f17e5a5f53ef403d618e5b74d7a7e6ecb', 'c3846bf24b9e93ca64274c0ec67c1ecc5e024ffcacd2d74019350e81fe546ae4']",[],1.0,0ffee3ba8e615ad22535e7f771690a28,303951d4c50efb2e991652225a6f02b1,,,1397.889698,10.0.2.15,50198,54.217.209.77,443,tcp,10.521126000000097,1151.0,6335.0,SF,True,False,0,ShADadfF,12,1643,16,6979,ssl,0
1400.074837,Cp9AJ31QZyJT4V7Jfg,10.0.2.15,50200,176.34.179.154,443,TLSv12,TLS_ECDHE_RSA_WITH_AES_128_GCM_SHA256,secp256r1,beacon.krxd.net,False,True,CsxknGIi,"['801848f55bb97f055d1e2f3f6c8094cf12d7b6285a7ed7c20bf39440c6cb5f8e', '973a41276ffd01e027a2aad49e34c37846d3e976ff6a620b6712e33832041aa6', '3a2fbe92891e57fe05d57087f48e730f17e5a5f53ef403d618e5b74d7a7e6ecb', 'c3846bf24b9e93ca64274c0ec67c1ecc5e024ffcacd2d74019350e81fe546ae4']",[],1.0,0ffee3ba8e615ad22535e7f771690a28,303951d4c50efb2e991652225a6f02b1,,,1399.741692,10.0.2.15,50200,176.34.179.154,443,tcp,8.471276999999873,318.0,5273.0,SF,True,False,0,ShADadFf,10,730,13,5797,ssl,0
1400.056968,C302C821NtMnxrONKg,10.0.2.15,50199,176.34.179.154,443,TLSv12,TLS_ECDHE_RSA_WITH_AES_128_GCM_SHA256,secp256r1,beacon.krxd.net,False,True,CsxknGIi,"['801848f55bb97f055d1e2f3f6c8094cf12d7b6285a7ed7c20bf39440c6cb5f8e', '973a41276ffd01e027a2aad49e34c37846d3e976ff6a620b6712e33832041aa6', '3a2fbe92891e57fe05d57087f48e730f17e5a5f53ef403d618e5b74d7a7e6ecb', 'c3846bf24b9e93ca64274c0ec67c1ecc5e024ffcacd2d74019350e81fe546ae4']",[],1.0,0ffee3ba8e615ad22535e7f771690a28,303951d4c50efb2e991652225a6f02b1,,,1399.735088,10.0.2.15,50199,176.34.179.154,443,tcp,7.744449000000031,318.0,5273.0,SF,True,False,0,ShADadFf,9,690,12,5757,ssl,0
1400.452324,CXV0Cq39yq8SiNcTYg,10.0.2.15,50216,54.217.209.77,443,TLSv12,TLS_ECDHE_RSA_WITH_AES_128_GCM_SHA256,,beacon.krxd.net,True,True,CsiI,,,,0ffee3ba8e615ad22535e7f771690a28,303951d4c50efb2e991652225a6f02b1,,,1400.000446,10.0.2.15,50216,54.217.209.77,443,tcp,8.465003000000024,306.0,176.0,RSTO,True,False,0,ShADadFR,7,598,7,460,ssl,0
1400.450894,C7LmOW2EuQp6qZYNwl,10.0.2.15,50211,52.7.47.199,443,TLSv12,TLS_ECDHE_RSA_WITH_AES_128_GCM_SHA256,secp256r1,www.civicscience.com,False,True,CsxknGIi,"['dc8d413e8c2468384b9d5638a8624d2c505ecf57000227cc094cba40f1d44f11', 'e6683e88315cd1cb403c0cea490f7c4b4c82c91cd485037489aadbaa90839f61']",[],1.0,0ffee3ba8e615ad22535e7f771690a28,303951d4c50efb2e991652225a6f02b1,,,1399.954018,10.0.2.15,50211,52.7.47.199,443,tcp,99.091862,1736.0,74882.0,SF,True,False,0,ShADadTFf,46,3595,88,78406,ssl,0
1401.690132,CTSoQj1KMxX9dpDlZh,10.0.2.15,50223,52.7.47.199,443,TLSv12,TLS_ECDHE_RSA_WITH_AES_128_GCM_SHA256,secp256r1,www.civicscience.com,False,True,CsxknGIi,"['dc8d413e8c2468384b9d5638a8624d2c505ecf57000227cc094cba40f1d44f11', 'e6683e88315cd1cb403c0cea490f7c4b4c82c91cd485037489aadbaa90839f61']",[],1.0,0ffee3ba8e615ad22535e7f771690a28,303951d4c50efb2e991652225a6f02b1,,,1400.200231,10.0.2.15,50223,52.7.47.199,443,tcp,12.493938000000073,354.0,3054.0,SF,True,False,0,ShADadFfRr,11,806,12,3538,ssl,0
1422.512686,CVMzgi35u1y9NSo0Ae,10.0.2.15,50256,52.18.145.75,443,TLSv12,TLS_ECDHE_RSA_WITH_AES_128_GCM_SHA256,secp256r1,ad.crwdcntrl.net,False,True,CsxknGIi,"['131513af4a65033acc7234be892849a35819b02b70aba4c428c133a0a88fdd2e', '973a41276ffd01e027a2aad49e34c37846d3e976ff6a620b6712e33832041aa6', '3a2fbe92891e57fe05d57087f48e730f17e5a5f53ef403d618e5b74d7a7e6ecb', 'c3846bf24b9e93ca64274c0ec67c1ecc5e024ffcacd2d74019350e81fe546ae4']",[],1.0,0ffee3ba8e615ad22535e7f771690a28,303951d4c50efb2e991652225a6f02b1,,,1421.965182,10.0.2.15,50256,52.18.145.75,443,tcp,64.13925900000004,2521.0,5746.0,SF,True,False,0,ShADadTFf,19,3295,21,6590,ssl,0
1422.516975,CyRLXc47XgzD696Gx,10.0.2.15,50255,93.184.220.113,443,TLSv12,TLS_ECDHE_RSA_WITH_AES_128_GCM_SHA256,secp256r1,tags.crwdcntrl.net,False,True,CsxuknGIti,"['01abac41ff2430a09d598802a0878a768bc327b04a083fa1ec8335474a3e52aa', '154c433c491929c5ef686e838e323664a00e6a0d822ccc958fb4dab03e49a08f', '4348a0e9444c78cb265e058d5e8944b4d84f9662bd26db257f8934a443c70161']",[],1.0,0ffee3ba8e615ad22535e7f771690a28,49b45fc1ab090aa3a159778313fc9b9e,h2,,1421.964434,10.0.2.15,50255,93.184.220.113,443,tcp,182.4699860000001,2350.0,16363.0,SF,True,False,0,ShADadfF,22,3238,34,17727,ssl,0
1422.521439,CkO5iP2FxaY1x7WnA6,10.0.2.15,50253,93.184.220.113,443,TLSv12,TLS_ECDHE_RSA_WITH_AES_128_GCM_SHA256,secp256r1,tags.crwdcntrl.net,False,True,CsxuknGIti,"['01abac41ff2430a09d598802a0878a768bc327b04a083fa1ec8335474a3e52aa', '154c433c491929c5ef686e838e323664a00e6a0d822ccc958fb4dab03e49a08f', '4348a0e9444c78cb265e058d5e8944b4d84f9662bd26db257f8934a443c70161']",[],1.0,0ffee3ba8e615ad22535e7f771690a28,49b45fc1ab090aa3a159778313fc9b9e,h2,,1421.962674,10.0.2.15,50253,93.184.220.113,443,tcp,2.856991999999991,530.0,4791.0,SF,True,False,0,ShADadfF,13,1058,16,5435,ssl,0
1422.523161,CNCXAI1wvV3ImdVYP8,10.0.2.15,50252,52.18.145.75,443,TLSv12,TLS_ECDHE_RSA_WITH_AES_128_GCM_SHA256,secp256r1,ad.crwdcntrl.net,False,True,CsxknGIi,"['131513af4a65033acc7234be892849a35819b02b70aba4c428c133a0a88fdd2e', '973a41276ffd01e027a2aad49e34c37846d3e976ff6a620b6712e33832041aa6', '3a2fbe92891e57fe05d57087f48e730f17e5a5f53ef403d618e5b74d7a7e6ecb', 'c3846bf24b9e93ca64274c0ec67c1ecc5e024ffcacd2d74019350e81fe546ae4']",[],1.0,0ffee3ba8e615ad22535e7f771690a28,303951d4c50efb2e991652225a6f02b1,,,1421.960799,10.0.2.15,50252,52.18.145.75,443,tcp,7.228974999999991,350.0,5299.0,RSTO,True,False,0,ShADadFR,10,758,12,5783,ssl,0
1426.342506,CeTQci1AdkYk9SiKr7,10.0.2.15,50263,216.58.214.238,443,TLSv12,TLS_ECDHE_RSA_WITH_AES_128_GCM_SHA256,,apis.google.com,True,True,CsiI,,,,1a5fe5677b0e4fbbc854e8908225637d,67619a80665d7ab92d1041b1d11f9164,h2,,1425.953649,10.0.2.15,50263,216.58.214.238,443,tcp,208.43334000000004,1374.0,17477.0,SF,True,False,0,ShADadFf,26,2422,38,19001,ssl,0
1407.432869,CpbZwyXAOPKVKRBOi,10.0.2.15,50228,151.101.12.207,443,TLSv12,TLS_ECDHE_RSA_WITH_AES_128_GCM_SHA256,,js-agent.newrelic.com,True,True,CsiI,,,,1a5fe5677b0e4fbbc854e8908225637d,1d0e57c6ae42e9204defa51e5e1cdc4c,http/1.1,,1403.676765,10.0.2.15,50228,151.101.12.207,443,tcp,26.78102000000013,599.0,191.0,RSTO,True,False,0,ShADaTdFR,10,1025,9,555,ssl,0
1431.591107,CvOznz1uyfnl3WElxk,10.0.2.15,50293,31.13.93.3,443,TLSv12,TLS_ECDHE_ECDSA_WITH_AES_128_GCM_SHA256,secp256r1,graph.facebook.com,False,True,CsxknGIti,"['152151b387412a95ab90fd4664f2d98880408e9e43913124e4c91226a483386b', '19400be5b7a31fb733917700789d2f0a2471c0c9d506c0e504c06c16d7cb17c0']",[],1.0,0ffee3ba8e615ad22535e7f771690a28,2d1eb5817ece335c24904f516ad5da12,h2,,1431.100736,10.0.2.15,50293,31.13.93.3,443,tcp,55.666034999999965,2882.0,6114.0,SF,True,False,0,ShADadfF,19,3650,24,7078,ssl,0
1432.207762,C8LBta3PwSh3xrRAa7,10.0.2.15,50300,66.43.22.170,443,TLSv12,TLS_DHE_RSA_WITH_AES_256_CBC_SHA,,www.ancestry.com,False,True,CsxknGIi,"['4a3fca180c2acda78ca6b29623c94f92369c751d1395e5baf927a5e046cf2436', 'b7a8af2a4a43f0a86b15604de6461209c9cd76894d8b0748bc99d9a797013bb0', 'c99157df28d28ebd87b8b041aaccf023cf1c9ad0d21fd7116149d7f96484fa51']",[],1.0,0ffee3ba8e615ad22535e7f771690a28,d90fa179c9daf35598ed8341272118f7,,,1431.381395,10.0.2.15,50300,66.43.22.170,443,tcp,164.98361899999986,1702.0,28681.0,SF,True,False,0,ShADadTTfF,36,3165,48,30605,ssl,0
1438.564225,CoftS31AxtsngdnORl,10.0.2.15,50314,52.216.65.88,443,TLSv12,TLS_ECDHE_RSA_WITH_AES_128_GCM_SHA256,secp256r1,gtrk.s3.amazonaws.com,False,True,CsxknGIi,"['659a3d7684850e6d664f5131f9f8765469b9c7017b7a0e206f8c1c9445cb1c69', 'f9690880819f06cdcc0b2f224b207f2af6003fb57339b8679a160fa95208d62d']",[],1.0,0ffee3ba8e615ad22535e7f771690a28,ea615e28cb25adfb2f261151eab3314f,,,1438.110426,10.0.2.15,50314,52.216.65.88,443,tcp,9.483705999999984,639.0,3485.0,SF,True,False,0,ShADadFf,12,1127,17,4169,ssl,0
1438.565191,CQsNLQ1OwW0zvIgaPe,10.0.2.15,50313,52.216.65.88,443,TLSv12,TLS_ECDHE_RSA_WITH_AES_128_GCM_SHA256,secp256r1,gtrk.s3.amazonaws.com,False,True,CsxknGIi,"['659a3d7684850e6d664f5131f9f8765469b9c7017b7a0e206f8c1c9445cb1c69', 'f9690880819f06cdcc0b2f224b207f2af6003fb57339b8679a160fa95208d62d']",[],1.0,0ffee3ba8e615ad22535e7f771690a28,ea615e28cb25adfb2f261151eab3314f,,,1438.104627,10.0.2.15,50313,52.216.65.88,443,tcp,9.472424000000046,639.0,3485.0,SF,True,False,0,ShADadFf,12,1127,16,4129,ssl,0
1441.788852,CADzGt4MngaeGvN6V4,10.0.2.15,50320,74.125.206.154,443,TLSv12,TLS_ECDHE_RSA_WITH_AES_128_GCM_SHA256,,stats.g.doubleclick.net,True,True,CsiI,,,,1a5fe5677b0e4fbbc854e8908225637d,67619a80665d7ab92d1041b1d11f9164,h2,,1441.436036,10.0.2.15,50320,74.125.206.154,443,tcp,316.68419500000005,4132.0,34723.0,SF,True,False,0,ShADadFf,49,6100,75,37727,ssl,0
1442.907775,CtT1ga1fABHNxM7Hvk,10.0.2.15,50334,34.194.103.255,443,TLSv12,TLS_ECDHE_RSA_WITH_AES_128_GCM_SHA256,secp256r1,api.connatix.com,False,True,CsxknGIi,"['b7a9f0442af0cf56b0c14c161d70f0b0e247f4a265a9970ca31c3d5b7438f61c', '973a41276ffd01e027a2aad49e34c37846d3e976ff6a620b6712e33832041aa6', '3a2fbe92891e57fe05d57087f48e730f17e5a5f53ef403d618e5b74d7a7e6ecb']",[],1.0,0ffee3ba8e615ad22535e7f771690a28,303951d4c50efb2e991652225a6f02b1,,,1442.571704,10.0.2.15,50334,34.194.103.255,443,tcp,4.08424100000002,319.0,4264.0,RSTO,True,False,0,ShADadFR,8,647,9,4628,ssl,0
1447.174522,CUoMIoiWVgXDskCHl,10.0.2.15,50339,104.123.204.60,443,TLSv12,TLS_ECDHE_RSA_WITH_AES_256_GCM_SHA384,secp256r1,c.mfcreative.com,False,True,CsxknGIti,"['67beb1dc9f8cf88adf404387763ee0379737318125f9ce58319128e5d37c9234', '074541ecdf88ed992ed5ade3ecddef27a26ba1b44480a195c0a8dadae2521d8e']",[],1.0,0ffee3ba8e615ad22535e7f771690a28,2b33c1374db4ddf06942f92373c0b54b,http/1.1,,1446.23167,10.0.2.15,50339,104.123.204.60,443,tcp,163.33274500000016,2067.0,181395.0,RSTO,True,False,0,ShADadTTFR,84,5448,195,189199,ssl,0
1447.175809,CJXOQ5IdooMAOgVua,10.0.2.15,50338,104.123.204.60,443,TLSv12,TLS_ECDHE_RSA_WITH_AES_256_GCM_SHA384,secp256r1,c.mfcreative.com,False,True,CsxknGIti,"['67beb1dc9f8cf88adf404387763ee0379737318125f9ce58319128e5d37c9234', '074541ecdf88ed992ed5ade3ecddef27a26ba1b44480a195c0a8dadae2521d8e']",[],1.0,0ffee3ba8e615ad22535e7f771690a28,2b33c1374db4ddf06942f92373c0b54b,http/1.1,,1446.230114,10.0.2.15,50338,104.123.204.60,443,tcp,163.30743000000007,1713.0,23655.0,RSTO,True,False,0,ShADadTTFR,38,3254,48,25579,ssl,0
1447.168542,CMjsp61P8xw6tYtCL,10.0.2.15,50341,104.123.204.60,443,TLSv12,TLS_ECDHE_RSA_WITH_AES_256_GCM_SHA384,secp256r1,c.mfcreative.com,False,True,CsxknGIti,"['67beb1dc9f8cf88adf404387763ee0379737318125f9ce58319128e5d37c9234', '074541ecdf88ed992ed5ade3ecddef27a26ba1b44480a195c0a8dadae2521d8e']",[],1.0,0ffee3ba8e615ad22535e7f771690a28,2b33c1374db4ddf06942f92373c0b54b,http/1.1,,1446.235193,10.0.2.15,50341,104.123.204.60,443,tcp,164.90599799999995,2862.0,178744.0,RSTO,True,False,0,ShADadTTFR,91,6523,202,186828,ssl,0
1447.170621,CDbk0Q2VvDfnBDjof5,10.0.2.15,50340,104.123.204.60,443,TLSv12,TLS_ECDHE_RSA_WITH_AES_256_GCM_SHA384,secp256r1,c.mfcreative.com,False,True,CsxknGIti,"['67beb1dc9f8cf88adf404387763ee0379737318125f9ce58319128e5d37c9234', '074541ecdf88ed992ed5ade3ecddef27a26ba1b44480a195c0a8dadae2521d8e']",[],1.0,0ffee3ba8e615ad22535e7f771690a28,2b33c1374db4ddf06942f92373c0b54b,http/1.1,,1446.233591,10.0.2.15,50340,104.123.204.60,443,tcp,163.27686800000015,2292.0,181352.0,SF,True,False,0,ShADadTTFfRr,93,6034,206,189596,ssl,0
1447.179809,C5wjm93tFk0xI6kdi,10.0.2.15,50337,104.123.204.60,443,TLSv12,TLS_ECDHE_RSA_WITH_AES_256_GCM_SHA384,secp256r1,c.mfcreative.com,False,True,CsxknGIti,"['67beb1dc9f8cf88adf404387763ee0379737318125f9ce58319128e5d37c9234', '074541ecdf88ed992ed5ade3ecddef27a26ba1b44480a195c0a8dadae2521d8e']",[],1.0,0ffee3ba8e615ad22535e7f771690a28,2b33c1374db4ddf06942f92373c0b54b,http/1.1,,1446.226748,10.0.2.15,50337,104.123.204.60,443,tcp,164.9541979999999,2127.0,73416.0,SF,True,False,0,ShADadTTFfRr,59,4509,103,77540,ssl,0
1447.331666,CMPwfc3H5YW21F5Iqj,10.0.2.15,50336,104.123.204.60,443,TLSv12,TLS_ECDHE_RSA_WITH_AES_256_GCM_SHA384,secp256r1,c.mfcreative.com,False,True,CsxknGIti,"['67beb1dc9f8cf88adf404387763ee0379737318125f9ce58319128e5d37c9234', '074541ecdf88ed992ed5ade3ecddef27a26ba1b44480a195c0a8dadae2521d8e']",[],1.0,0ffee3ba8e615ad22535e7f771690a28,2b33c1374db4ddf06942f92373c0b54b,http/1.1,,1446.225317,10.0.2.15,50336,104.123.204.60,443,tcp,164.87954600000012,2547.0,69967.0,RSTO,True,False,0,ShADadTTFR,57,4849,98,73891,ssl,0
1459.141465,CJdsYe2Z70bK59mo17,10.0.2.15,50358,66.117.29.3,443,TLSv12,TLS_ECDHE_RSA_WITH_AES_128_GCM_SHA256,secp256r1,myfamilycominc.tt.omtrdc.net,False,True,CsxknGIi,"['103723154140b34b0b1260e3e747cfd392b7d030a78cd15f43cb9807d28f42f5', '19400be5b7a31fb733917700789d2f0a2471c0c9d506c0e504c06c16d7cb17c0']",[],1.0,0ffee3ba8e615ad22535e7f771690a28,ae7f2b2d1bd496bc9ce111c0a9fa3597,h2,,1458.558879,10.0.2.15,50358,66.117.29.3,443,tcp,237.31051300000013,3037.0,12365.0,RSTO,True,False,0,ShADadFR,27,4125,38,13889,ssl,0
1460.834742,Cmlebd1bjVigl5J8L8,10.0.2.15,50361,151.101.12.207,443,TLSv12,TLS_ECDHE_RSA_WITH_AES_128_GCM_SHA256,,js-agent.newrelic.com,True,True,CsiI,,,,1a5fe5677b0e4fbbc854e8908225637d,1d0e57c6ae42e9204defa51e5e1cdc4c,http/1.1,,1460.391343,10.0.2.15,50361,151.101.12.207,443,tcp,6.852515999999923,599.0,191.0,RSTO,True,False,0,ShADadFR,7,887,7,475,ssl,0
1460.651417,C088sH2RkCNG3iHE5l,10.0.2.15,50365,162.247.242.20,443,TLSv12,TLS_DHE_RSA_WITH_AES_256_CBC_SHA,,bam.nr-data.net,False,True,CsxknGIi,"['e7489ed1f465ba2b3ce0faef3a43a3895cd097733dbb5b713df8b299270ca145', '074541ecdf88ed992ed5ade3ecddef27a26ba1b44480a195c0a8dadae2521d8e']",[],1.0,0ffee3ba8e615ad22535e7f771690a28,d90fa179c9daf35598ed8341272118f7,,,1460.395646,10.0.2.15,50365,162.247.242.20,443,tcp,98.47875,1264.0,3673.0,SF,True,False,0,ShADadTfF,20,2081,21,4517,ssl,0
1460.656856,CLMGQtFlApApXIus5,10.0.2.15,50364,162.247.242.20,443,TLSv12,TLS_DHE_RSA_WITH_AES_256_CBC_SHA,,bam.nr-data.net,False,True,CsxknGIi,"['e7489ed1f465ba2b3ce0faef3a43a3895cd097733dbb5b713df8b299270ca145', '074541ecdf88ed992ed5ade3ecddef27a26ba1b44480a195c0a8dadae2521d8e']",[],1.0,0ffee3ba8e615ad22535e7f771690a28,d90fa179c9daf35598ed8341272118f7,,,1460.394763,10.0.2.15,50364,162.247.242.20,443,tcp,7.238172999999961,459.0,3476.0,SF,True,False,0,ShADadFf,9,827,10,3880,ssl,0
1461.571336,CSdwZy3b7fDdAWsEz8,10.0.2.15,50371,54.85.35.119,443,TLSv12,TLS_ECDHE_RSA_WITH_AES_128_GCM_SHA256,secp256r1,www.civicscience.com,False,True,CsxknGIi,"['dc8d413e8c2468384b9d5638a8624d2c505ecf57000227cc094cba40f1d44f11', 'e6683e88315cd1cb403c0cea490f7c4b4c82c91cd485037489aadbaa90839f61']",[],1.0,0ffee3ba8e615ad22535e7f771690a28,303951d4c50efb2e991652225a6f02b1,,,1460.844608,10.0.2.15,50371,54.85.35.119,443,tcp,62.54838799999993,2713.0,146260.0,RSTO,True,False,0,ShADadTFR,75,5723,156,152504,ssl,0
1464.57441,C0Hczf4TiijdT2NnAf,10.0.2.15,50384,104.123.204.60,443,TLSv12,TLS_ECDHE_RSA_WITH_AES_256_GCM_SHA384,secp256r1,c.mfcreative.com,False,True,CsxknGIti,"['67beb1dc9f8cf88adf404387763ee0379737318125f9ce58319128e5d37c9234', '074541ecdf88ed992ed5ade3ecddef27a26ba1b44480a195c0a8dadae2521d8e']",[],1.0,0ffee3ba8e615ad22535e7f771690a28,2b33c1374db4ddf06942f92373c0b54b,http/1.1,,1463.647973,10.0.2.15,50384,104.123.204.60,443,tcp,136.17321900000002,982.0,24772.0,SF,True,False,0,ShADadTTFfRr,36,2443,52,26856,ssl,0
1464.579306,CzD2a21AOg07JSUs1,10.0.2.15,50382,104.123.204.60,443,TLSv12,TLS_ECDHE_RSA_WITH_AES_256_GCM_SHA384,secp256r1,c.mfcreative.com,False,True,CsxknGIti,"['67beb1dc9f8cf88adf404387763ee0379737318125f9ce58319128e5d37c9234', '074541ecdf88ed992ed5ade3ecddef27a26ba1b44480a195c0a8dadae2521d8e']",[],1.0,0ffee3ba8e615ad22535e7f771690a28,2b33c1374db4ddf06942f92373c0b54b,http/1.1,,1463.644897,10.0.2.15,50382,104.123.204.60,443,tcp,141.33063500000003,1600.0,51637.0,SF,True,False,0,ShADadTTFfRr,45,3420,75,54641,ssl,0
1464.576096,Cte7IcZwwtFJZzLg3,10.0.2.15,50383,104.123.204.60,443,TLSv12,TLS_ECDHE_RSA_WITH_AES_256_GCM_SHA384,secp256r1,c.mfcreative.com,False,True,CsxknGIti,"['67beb1dc9f8cf88adf404387763ee0379737318125f9ce58319128e5d37c9234', '074541ecdf88ed992ed5ade3ecddef27a26ba1b44480a195c0a8dadae2521d8e']",[],1.0,0ffee3ba8e615ad22535e7f771690a28,2b33c1374db4ddf06942f92373c0b54b,http/1.1,,1463.64638,10.0.2.15,50383,104.123.204.60,443,tcp,157.46964300000013,2441.0,81502.0,RSTO,True,False,0,ShADadTTFR,60,4863,114,86066,ssl,0
1465.906819,CdZyi6uJHNp3kwFX3,10.0.2.15,50385,104.123.204.60,443,TLSv12,TLS_ECDHE_RSA_WITH_AES_256_GCM_SHA384,secp256r1,c.mfcreative.com,False,True,CsxknGIti,"['67beb1dc9f8cf88adf404387763ee0379737318125f9ce58319128e5d37c9234', '074541ecdf88ed992ed5ade3ecddef27a26ba1b44480a195c0a8dadae2521d8e']",[],1.0,0ffee3ba8e615ad22535e7f771690a28,2b33c1374db4ddf06942f92373c0b54b,http/1.1,,1464.055927,10.0.2.15,50385,104.123.204.60,443,tcp,135.80869699999994,977.0,24476.0,RSTO,True,False,0,ShADadTTFR,36,2438,51,26520,ssl,0
1465.93162,CfSKAV1TxfCKOQdgZ2,10.0.2.15,50394,104.123.204.60,443,TLSv12,TLS_ECDHE_RSA_WITH_AES_256_GCM_SHA384,secp256r1,c.mfcreative.com,False,True,CsxknGIti,"['67beb1dc9f8cf88adf404387763ee0379737318125f9ce58319128e5d37c9234', '074541ecdf88ed992ed5ade3ecddef27a26ba1b44480a195c0a8dadae2521d8e']",[],1.0,0ffee3ba8e615ad22535e7f771690a28,2b33c1374db4ddf06942f92373c0b54b,http/1.1,,1464.077848,10.0.2.15,50394,104.123.204.60,443,tcp,8.354565000000093,350.0,3560.0,SF,True,False,0,ShADadFfRr,10,758,12,4044,ssl,0
1465.921726,CnxCRV1BQtlb7F6p1g,10.0.2.15,50386,104.123.204.60,443,TLSv12,TLS_ECDHE_RSA_WITH_AES_256_GCM_SHA384,secp256r1,c.mfcreative.com,False,True,CsxknGIti,"['67beb1dc9f8cf88adf404387763ee0379737318125f9ce58319128e5d37c9234', '074541ecdf88ed992ed5ade3ecddef27a26ba1b44480a195c0a8dadae2521d8e']",[],1.0,0ffee3ba8e615ad22535e7f771690a28,2b33c1374db4ddf06942f92373c0b54b,http/1.1,,1464.062295,10.0.2.15,50386,104.123.204.60,443,tcp,8.407713999999942,350.0,3560.0,SF,True,False,0,ShADadFRfr,11,798,12,4044,ssl,0
1466.406493,CONPvs18tC4HrWAKbd,10.0.2.15,50397,216.58.214.238,443,TLSv12,TLS_ECDHE_RSA_WITH_AES_128_GCM_SHA256,,www.google-analytics.com,True,True,CsiI,,,,1a5fe5677b0e4fbbc854e8908225637d,67619a80665d7ab92d1041b1d11f9164,h2,,1464.943182,10.0.2.15,50397,216.58.214.238,443,tcp,378.552136,4031.0,89934.0,SF,True,False,0,ShADadfF,90,7639,149,95898,ssl,0
1466.410137,CnXW2F3TqWTQp5xMT3,10.0.2.15,50395,104.123.204.60,443,TLSv12,TLS_ECDHE_RSA_WITH_AES_256_GCM_SHA384,secp256r1,c.mfcreative.com,False,True,CsxknGIti,"['67beb1dc9f8cf88adf404387763ee0379737318125f9ce58319128e5d37c9234', '074541ecdf88ed992ed5ade3ecddef27a26ba1b44480a195c0a8dadae2521d8e']",[],1.0,0ffee3ba8e615ad22535e7f771690a28,2b33c1374db4ddf06942f92373c0b54b,http/1.1,,1464.938703,10.0.2.15,50395,104.123.204.60,443,tcp,7.526751999999988,350.0,3560.0,SF,True,False,0,ShADadFfRr,10,758,12,4044,ssl,0
1466.40897,C429tS1YDHDeKmB6r5,10.0.2.15,50396,104.123.204.60,443,TLSv12,TLS_ECDHE_RSA_WITH_AES_256_GCM_SHA384,secp256r1,c.mfcreative.com,False,True,CsxknGIti,"['67beb1dc9f8cf88adf404387763ee0379737318125f9ce58319128e5d37c9234', '074541ecdf88ed992ed5ade3ecddef27a26ba1b44480a195c0a8dadae2521d8e']",[],1.0,0ffee3ba8e615ad22535e7f771690a28,2b33c1374db4ddf06942f92373c0b54b,http/1.1,,1464.942023,10.0.2.15,50396,104.123.204.60,443,tcp,7.511524000000008,350.0,3560.0,SF,True,False,0,ShADadFRfr,11,798,13,4084,ssl,0
1466.411216,CylEylLZuzK9wb6d1,10.0.2.15,50399,104.123.204.60,443,TLSv12,TLS_ECDHE_RSA_WITH_AES_256_GCM_SHA384,secp256r1,c.mfcreative.com,False,True,CsxknGIti,"['67beb1dc9f8cf88adf404387763ee0379737318125f9ce58319128e5d37c9234', '074541ecdf88ed992ed5ade3ecddef27a26ba1b44480a195c0a8dadae2521d8e']",[],1.0,0ffee3ba8e615ad22535e7f771690a28,2b33c1374db4ddf06942f92373c0b54b,http/1.1,,1465.13468,10.0.2.15,50399,104.123.204.60,443,tcp,7.330722000000151,350.0,3560.0,SF,True,False,0,ShADadFfRr,11,798,13,4084,ssl,0
1465.914883,CAtWPhmZLxAKKj9o4,10.0.2.15,50387,216.58.214.238,443,TLSv12,TLS_ECDHE_RSA_WITH_AES_128_GCM_SHA256,,www.google-analytics.com,True,True,CsiI,,,,1a5fe5677b0e4fbbc854e8908225637d,67619a80665d7ab92d1041b1d11f9164,h2,,1464.063413,10.0.2.15,50387,216.58.214.238,443,tcp,6.888917999999876,1062.0,13066.0,SF,True,False,0,ShADadFf,17,1750,26,14110,ssl,0
1466.979712,CcBKT8lGuyqsdCAD5,10.0.2.15,50401,104.123.204.60,443,TLSv12,TLS_ECDHE_RSA_WITH_AES_256_GCM_SHA384,secp256r1,c.mfcreative.com,False,True,CsxknGIti,"['67beb1dc9f8cf88adf404387763ee0379737318125f9ce58319128e5d37c9234', '074541ecdf88ed992ed5ade3ecddef27a26ba1b44480a195c0a8dadae2521d8e']",[],1.0,0ffee3ba8e615ad22535e7f771690a28,2b33c1374db4ddf06942f92373c0b54b,http/1.1,,1465.387892,10.0.2.15,50401,104.123.204.60,443,tcp,7.097706000000016,350.0,3560.0,SF,True,False,0,ShADadFfRr,11,798,12,4044,ssl,0
1465.894799,CF1N8RjC2618I2a29,10.0.2.15,50391,93.184.220.113,443,TLSv12,TLS_ECDHE_RSA_WITH_AES_128_GCM_SHA256,secp256r1,tags.crwdcntrl.net,False,True,CsxuknGIti,"['01abac41ff2430a09d598802a0878a768bc327b04a083fa1ec8335474a3e52aa', '154c433c491929c5ef686e838e323664a00e6a0d822ccc958fb4dab03e49a08f', '4348a0e9444c78cb265e058d5e8944b4d84f9662bd26db257f8934a443c70161']",[],1.0,0ffee3ba8e615ad22535e7f771690a28,49b45fc1ab090aa3a159778313fc9b9e,h2,,1464.07191,10.0.2.15,50391,93.184.220.113,443,tcp,5.255023000000165,530.0,4718.0,SF,True,False,0,ShADadFfRr,12,1018,15,5322,ssl,0
1465.897866,CfMN51zY8RZigPIU2,10.0.2.15,50390,52.18.145.75,443,TLSv12,TLS_ECDHE_RSA_WITH_AES_128_GCM_SHA256,secp256r1,ad.crwdcntrl.net,False,True,CsxknGIi,"['131513af4a65033acc7234be892849a35819b02b70aba4c428c133a0a88fdd2e', '973a41276ffd01e027a2aad49e34c37846d3e976ff6a620b6712e33832041aa6', '3a2fbe92891e57fe05d57087f48e730f17e5a5f53ef403d618e5b74d7a7e6ecb', 'c3846bf24b9e93ca64274c0ec67c1ecc5e024ffcacd2d74019350e81fe546ae4']",[],1.0,0ffee3ba8e615ad22535e7f771690a28,303951d4c50efb2e991652225a6f02b1,,,1464.070439,10.0.2.15,50390,52.18.145.75,443,tcp,8.526850999999851,350.0,5299.0,RSTO,True,False,0,ShADadFR,10,758,12,5783,ssl,0
1466.914363,CGLywd3hK7pzM9c3Pc,10.0.2.15,50400,68.232.35.180,443,TLSv12,TLS_ECDHE_RSA_WITH_AES_128_GCM_SHA256,secp256r1,tags.tiqcdn.com,False,True,CsxuknGIti,"['e9833ec9415ec4381e97b13a6a575b5ebe604ba96ebe8484d5edd67608a492ca', '19400be5b7a31fb733917700789d2f0a2471c0c9d506c0e504c06c16d7cb17c0', '7431e5f4c3c1ce4690774f0b61e05440883ba9a01ed00ba6abd7806ed3b118cf']",[],1.0,0ffee3ba8e615ad22535e7f771690a28,49b45fc1ab090aa3a159778313fc9b9e,h2,,1465.258835,10.0.2.15,50400,68.232.35.180,443,tcp,8.295689999999922,1021.0,40091.0,RSTO,True,False,0,ShADadfR,30,2229,55,42295,ssl,0
1466.922271,Cv4xio1Z70Czts932f,10.0.2.15,50398,68.232.35.180,443,TLSv12,TLS_ECDHE_RSA_WITH_AES_128_GCM_SHA256,secp256r1,tags.tiqcdn.com,False,True,CsxuknGIti,"['e9833ec9415ec4381e97b13a6a575b5ebe604ba96ebe8484d5edd67608a492ca', '19400be5b7a31fb733917700789d2f0a2471c0c9d506c0e504c06c16d7cb17c0', '7431e5f4c3c1ce4690774f0b61e05440883ba9a01ed00ba6abd7806ed3b118cf']",[],1.0,0ffee3ba8e615ad22535e7f771690a28,49b45fc1ab090aa3a159778313fc9b9e,h2,,1465.000843,10.0.2.15,50398,68.232.35.180,443,tcp,6.720906000000014,527.0,5248.0,SF,True,False,0,ShADadfF,13,1055,15,5852,ssl,0
1464.790693,Ct9Iob1l36aHZFZXN,10.0.2.15,50381,93.184.220.113,443,TLSv12,TLS_ECDHE_RSA_WITH_AES_128_GCM_SHA256,secp256r1,tags.crwdcntrl.net,False,True,CsxuknGIti,"['01abac41ff2430a09d598802a0878a768bc327b04a083fa1ec8335474a3e52aa', '154c433c491929c5ef686e838e323664a00e6a0d822ccc958fb4dab03e49a08f', '4348a0e9444c78cb265e058d5e8944b4d84f9662bd26db257f8934a443c70161']",[],1.0,0ffee3ba8e615ad22535e7f771690a28,49b45fc1ab090aa3a159778313fc9b9e,h2,,1463.643607,10.0.2.15,50381,93.184.220.113,443,tcp,373.2085710000001,1177.0,39060.0,SF,True,False,0,ShADadFfRr,39,2745,64,41624,ssl,0
1464.791138,CpEjGo3RdpMclxatqe,10.0.2.15,50380,52.18.145.75,443,TLSv12,TLS_ECDHE_RSA_WITH_AES_128_GCM_SHA256,secp256r1,ad.crwdcntrl.net,False,True,CsxknGIi,"['131513af4a65033acc7234be892849a35819b02b70aba4c428c133a0a88fdd2e', '973a41276ffd01e027a2aad49e34c37846d3e976ff6a620b6712e33832041aa6', '3a2fbe92891e57fe05d57087f48e730f17e5a5f53ef403d618e5b74d7a7e6ecb', 'c3846bf24b9e93ca64274c0ec67c1ecc5e024ffcacd2d74019350e81fe546ae4']",[],1.0,0ffee3ba8e615ad22535e7f771690a28,303951d4c50efb2e991652225a6f02b1,,,1463.641417,10.0.2.15,50380,52.18.145.75,443,tcp,93.274633,1035.0,6062.0,SF,True,False,0,ShADadTFf,21,1891,23,6986,ssl,0
1471.886806,Cg74RYccs35Sy9UHl,10.0.2.15,50403,216.58.214.226,443,TLSv12,TLS_ECDHE_RSA_WITH_AES_128_GCM_SHA256,x25519,securepubads.g.doubleclick.net,False,True,CsxknGIti,"['a32ffddd76f9e7debbfc9a37b38d2ef86039b30a10d7c45ab8223d149cf99699', '9f630426df1d8abfd80ace98871ba833ab9742cb34838de2b5285ed54c0c7dcc', '3c35cc963eb004451323d3275d05b353235053490d9cd83729a2faf5e7ca1cc0']",[],1.0,0ffee3ba8e615ad22535e7f771690a28,ab41313cfec25328b20865eb1388e0a2,h2,,1471.137628,10.0.2.15,50403,216.58.214.226,443,tcp,345.86070100000006,1998.0,197086.0,SF,True,False,0,ShADadFf,138,7526,261,207530,ssl,0
1471.890306,CEiP3AkX92Vi0cQEk,10.0.2.15,50402,216.58.214.226,443,TLSv12,TLS_ECDHE_RSA_WITH_AES_128_GCM_SHA256,x25519,securepubads.g.doubleclick.net,False,True,CsxknGIti,"['a32ffddd76f9e7debbfc9a37b38d2ef86039b30a10d7c45ab8223d149cf99699', '9f630426df1d8abfd80ace98871ba833ab9742cb34838de2b5285ed54c0c7dcc', '3c35cc963eb004451323d3275d05b353235053490d9cd83729a2faf5e7ca1cc0']",[],1.0,0ffee3ba8e615ad22535e7f771690a28,ab41313cfec25328b20865eb1388e0a2,h2,,1471.133412,10.0.2.15,50402,216.58.214.226,443,tcp,2.015385000000151,540.0,4101.0,SF,True,False,0,ShADadFf,12,1028,14,4665,ssl,0
1477.516456,CXH9gt41Or28K0cial,10.0.2.15,50421,216.58.214.238,443,TLSv12,TLS_ECDHE_RSA_WITH_AES_128_GCM_SHA256,x25519,apis.google.com,False,True,CsxknGIti,"['60db1a0e0585e4ded4482713fe44b119971d4535489a302ea33ca305b774f781', '9f630426df1d8abfd80ace98871ba833ab9742cb34838de2b5285ed54c0c7dcc', '3c35cc963eb004451323d3275d05b353235053490d9cd83729a2faf5e7ca1cc0']",[],1.0,0ffee3ba8e615ad22535e7f771690a28,ab41313cfec25328b20865eb1388e0a2,h2,,1477.100718,10.0.2.15,50421,216.58.214.238,443,tcp,244.9418450000001,1299.0,80225.0,RSTO,True,False,0,ShADadFR,66,3947,114,84789,ssl,0
1477.518261,CjDM8FHePKEtvFmE,10.0.2.15,50420,31.13.93.7,443,TLSv12,TLS_ECDHE_ECDSA_WITH_AES_128_GCM_SHA256,secp256r1,connect.facebook.net,False,True,CsxknGIti,"['152151b387412a95ab90fd4664f2d98880408e9e43913124e4c91226a483386b', '19400be5b7a31fb733917700789d2f0a2471c0c9d506c0e504c06c16d7cb17c0']",[],1.0,0ffee3ba8e615ad22535e7f771690a28,2d1eb5817ece335c24904f516ad5da12,h2,,1477.090867,10.0.2.15,50420,31.13.93.7,443,tcp,103.15141200000016,863.0,130295.0,SF,True,False,0,ShADadfF,44,2631,109,134659,ssl,0
1473.196279,ChGqhz3uDmKcFf89t,10.0.2.15,50404,23.38.91.162,443,TLSv12,TLS_ECDHE_RSA_WITH_AES_256_GCM_SHA384,secp256r1,pixel.mathtag.com,False,False,Csxkn,"['dad7322918175c978839e369a6708cf9f6b603a4af4f31cdef2956cf7785c40e', 'eae72eb454bf6c3977ebd289e970b2f5282949190093d0d26f98d0f0d6a9cf17', '8420dfbe376f414bf4c0a81e6936d24ccc03f304835b86c7a39142fca723a689']",[],1.0,0ffee3ba8e615ad22535e7f771690a28,2b33c1374db4ddf06942f92373c0b54b,http/1.1,,1473.173533,10.0.2.15,50404,23.38.91.162,443,tcp,0.363912000000027,194.0,4549.0,RSTO,True,False,0,ShADadR,6,442,6,4793,ssl,0
1465.884948,C8w2qLY1bmmcsE6V,10.0.2.15,50392,104.123.204.60,443,TLSv12,TLS_ECDHE_RSA_WITH_AES_256_GCM_SHA384,secp256r1,c.mfcreative.com,False,False,CsxknGI,"['67beb1dc9f8cf88adf404387763ee0379737318125f9ce58319128e5d37c9234', '074541ecdf88ed992ed5ade3ecddef27a26ba1b44480a195c0a8dadae2521d8e']",[],1.0,0ffee3ba8e615ad22535e7f771690a28,2b33c1374db4ddf06942f92373c0b54b,http/1.1,,1464.073965,10.0.2.15,50392,104.123.204.60,443,tcp,9.876665000000004,948.0,3287.0,SF,True,False,0,ShADadFf,9,1316,10,3691,ssl,0
1465.882847,Cw3eBG3nrTmY0iiTia,10.0.2.15,50393,104.123.204.60,443,TLSv12,TLS_ECDHE_RSA_WITH_AES_256_GCM_SHA384,secp256r1,c.mfcreative.com,False,False,CsxknGI,"['67beb1dc9f8cf88adf404387763ee0379737318125f9ce58319128e5d37c9234', '074541ecdf88ed992ed5ade3ecddef27a26ba1b44480a195c0a8dadae2521d8e']",[],1.0,0ffee3ba8e615ad22535e7f771690a28,2b33c1374db4ddf06942f92373c0b54b,http/1.1,,1464.076495,10.0.2.15,50393,104.123.204.60,443,tcp,9.88971700000002,942.0,3287.0,SF,True,False,0,ShADadFf,9,1310,10,3691,ssl,0
1484.860332,CmsRqE3dwFiDFph3Pf,10.0.2.15,50431,104.123.204.60,443,TLSv12,TLS_ECDHE_RSA_WITH_AES_256_GCM_SHA384,secp256r1,www.ancestrycdn.com,False,True,CsxknGIti,"['67beb1dc9f8cf88adf404387763ee0379737318125f9ce58319128e5d37c9234', '074541ecdf88ed992ed5ade3ecddef27a26ba1b44480a195c0a8dadae2521d8e']",[],1.0,0ffee3ba8e615ad22535e7f771690a28,2b33c1374db4ddf06942f92373c0b54b,h2,,1481.214169,10.0.2.15,50431,104.123.204.60,443,tcp,214.59503499999985,1341.0,86202.0,RSTO,True,False,0,ShADadFR,61,3797,110,90606,ssl,0
1487.261025,CHGnyz4U5rKr7TbR39,10.0.2.15,50443,52.22.128.168,443,TLSv12,TLS_ECDHE_RSA_WITH_AES_128_GCM_SHA256,secp256r1,log.pinterest.com,False,True,CsxknGIi,"['d1ab179db88a34a8c788897bd5b599cba4cfcc5de8a3b9b2349135779e8f2092', '19400be5b7a31fb733917700789d2f0a2471c0c9d506c0e504c06c16d7cb17c0']",[],1.0,0ffee3ba8e615ad22535e7f771690a28,303951d4c50efb2e991652225a6f02b1,,,1486.510381,10.0.2.15,50443,52.22.128.168,443,tcp,9.900746000000026,351.0,3647.0,SF,True,False,0,ShADadFfRr,11,799,13,4171,ssl,0
1493.354989,CI0spt121b3yxHgIS7,10.0.2.15,50470,50.22.188.69,443,TLSv12,TLS_ECDHE_RSA_WITH_AES_128_GCM_SHA256,secp256r1,theweek.com,False,True,CsxknGIti,"['0c0cecca3f7d53e7a918b5041c69b943bbc87de6ac9f803b42c952f22404d24b', '973a41276ffd01e027a2aad49e34c37846d3e976ff6a620b6712e33832041aa6', '3a2fbe92891e57fe05d57087f48e730f17e5a5f53ef403d618e5b74d7a7e6ecb', 'c3846bf24b9e93ca64274c0ec67c1ecc5e024ffcacd2d74019350e81fe546ae4']",[],1.0,0ffee3ba8e615ad22535e7f771690a28,ccc514751b175866924439bdbb5bba34,,,1491.786853,10.0.2.15,50470,50.22.188.69,443,tcp,71.43346199999996,636.0,6838.0,SF,True,False,0,ShADadTfF,17,1330,19,7602,ssl,0
1497.397373,COru261BAbfIYzu5sh,10.0.2.15,50472,23.38.87.52,443,TLSv12,TLS_ECDHE_RSA_WITH_AES_256_GCM_SHA384,,use.typekit.net,True,True,CsiI,,,,1a5fe5677b0e4fbbc854e8908225637d,410b9bedaf65dd26c6fe547154d60db4,h2,,1496.282984,10.0.2.15,50472,23.38.87.52,443,tcp,44.44224299999996,1258.0,8792.0,SF,True,False,0,ShADadFfRr,21,2106,31,10036,ssl,0
1502.835362,CrucUX1wvCuI8dx3c2,10.0.2.15,50487,35.156.62.246,443,TLSv12,TLS_ECDHE_RSA_WITH_AES_128_GCM_SHA256,secp256r1,datacloud.tealiumiq.com,False,True,CsxknGIi,"['cfa1969d3275c415a1e8282354984f63562f2faa6c41e1659afaaa1c35ccabd1', '154c433c491929c5ef686e838e323664a00e6a0d822ccc958fb4dab03e49a08f']",[],1.0,0ffee3ba8e615ad22535e7f771690a28,303951d4c50efb2e991652225a6f02b1,,,1501.034516,10.0.2.15,50487,35.156.62.246,443,tcp,77.73996499999998,43070.0,5866.0,SF,True,False,0,ShADadTFf,46,44923,48,7790,ssl,0
1513.625212,CynZX1S6AKJElHyGa,10.0.2.15,50493,23.38.87.52,443,TLSv12,TLS_ECDHE_RSA_WITH_AES_256_GCM_SHA384,,use.typekit.net,True,True,CsiI,,,,1a5fe5677b0e4fbbc854e8908225637d,410b9bedaf65dd26c6fe547154d60db4,h2,,1513.378899,10.0.2.15,50493,23.38.87.52,443,tcp,296.982904,4103.0,567611.0,RSTO,True,False,0,ShADadtFR,295,15911,635,594435,ssl,0
1530.264677,CdisD73YdCJt0ZM1D9,10.0.2.15,50509,35.156.62.246,443,TLSv12,TLS_ECDHE_RSA_WITH_AES_128_GCM_SHA256,,datacloud.tealiumiq.com,True,True,CsiI,,,,0ffee3ba8e615ad22535e7f771690a28,303951d4c50efb2e991652225a6f02b1,,,1529.363118,10.0.2.15,50509,35.156.62.246,443,tcp,10.326483000000051,314.0,176.0,RSTO,True,False,0,ShADadFR,7,602,7,460,ssl,0
1538.314869,CS6Aww3BJqjbQ8Jjpk,10.0.2.15,50513,199.16.156.232,443,TLSv12,TLS_ECDHE_RSA_WITH_AES_128_GCM_SHA256,secp256r1,analytics.twitter.com,False,True,CsxknGIti,"['d73ceb7605c00e14e0bb87516ddc2a48c8ba71d10920ec2c7d6680c42d3cdba0', '19400be5b7a31fb733917700789d2f0a2471c0c9d506c0e504c06c16d7cb17c0']",[],1.0,0ffee3ba8e615ad22535e7f771690a28,8d2a028aa94425f76ced7826b1f39039,h2,,1537.898394,10.0.2.15,50513,199.16.156.232,443,tcp,242.67469099999997,1667.0,5392.0,RSTO,True,False,0,ShADadFR,25,2675,30,6596,ssl,0
1540.707399,CRnyqzZ3yA3n8y7C,10.0.2.15,50515,23.38.88.28,443,TLSv12,TLS_ECDHE_RSA_WITH_AES_256_GCM_SHA384,secp256r1,z.moatads.com,False,True,CsxknGIti,"['435a847bccecae336a1a751c2209ae3f32a8cda1aae8b0da90f1755f7ede9adc', 'e6683e88315cd1cb403c0cea490f7c4b4c82c91cd485037489aadbaa90839f61', '3c35cc963eb004451323d3275d05b353235053490d9cd83729a2faf5e7ca1cc0']",[],1.0,0ffee3ba8e615ad22535e7f771690a28,2b33c1374db4ddf06942f92373c0b54b,http/1.1,,1540.580919,10.0.2.15,50515,23.38.88.28,443,tcp,136.10670400000004,662.0,69466.0,SF,True,False,0,ShADadTTFf,43,2402,85,72870,ssl,0
1544.68768,CKiz6KyEP3t6Dkzea,10.0.2.15,50527,31.13.93.36,443,TLSv12,TLS_ECDHE_ECDSA_WITH_AES_128_GCM_SHA256,,www.facebook.com,True,True,CsiI,,,,1a5fe5677b0e4fbbc854e8908225637d,96681175a9547081bf3d417f1a572091,h2,,1543.701644,10.0.2.15,50527,31.13.93.36,443,tcp,425.309244,6773.0,54938.0,SF,True,False,0,ShADadfF,71,9621,100,58942,ssl,0
1544.672719,CChwTn3SCIeOviMae9,10.0.2.15,50530,52.200.179.205,443,TLSv12,TLS_ECDHE_RSA_WITH_AES_128_GCM_SHA256,secp256r1,platform.instagram.com,False,True,CsxknGIti,"['75f97496eafd0cbf253c16a154838631116569e35c96831f9720036d048f93a4', '19400be5b7a31fb733917700789d2f0a2471c0c9d506c0e504c06c16d7cb17c0']",[],1.0,0ffee3ba8e615ad22535e7f771690a28,b898351eb5e266aefd3723d466935494,h2,,1544.027372,10.0.2.15,50530,52.200.179.205,443,tcp,41.09129200000007,793.0,23862.0,SF,True,False,0,ShADadfF,22,1681,35,25266,ssl,0
1545.83277,COCjU71zpZetum4V84,10.0.2.15,50533,199.16.156.201,443,TLSv12,TLS_ECDHE_RSA_WITH_AES_128_GCM_SHA256,secp256r1,syndication.twitter.com,False,True,CsxknGIti,"['75e85da383dbf4ced92713e6768c061d0aca2ee11ea14e2a1486adb26098b2de', '19400be5b7a31fb733917700789d2f0a2471c0c9d506c0e504c06c16d7cb17c0']",[],1.0,0ffee3ba8e615ad22535e7f771690a28,8d2a028aa94425f76ced7826b1f39039,h2,,1544.477065,10.0.2.15,50533,199.16.156.201,443,tcp,200.93121399999995,2875.0,4731.0,RSTO,True,False,0,ShADadFR,22,3763,25,5735,ssl,0
1557.339822,CAQZscCK87efo0VZe,10.0.2.15,50549,209.251.192.196,443,TLSv12,TLS_ECDHE_RSA_WITH_AES_256_GCM_SHA384,secp256r1,subscribe.theweek.com,False,True,CsxknGIi,"['3a02509770a5531efd97edefa2b6b53c03bac95215b4bf904a8b67328a3bb349', '111006378afbe8e99bb02ba87390ca429fca2773f74d7f7eb5744f5ddf68014b', '4f32d5dc00f715250abcc486511e37f501a899deb3bf7ea8adbbd3aef1c412da', '687fa451382278fff0c8b11f8d43d576671c6eb2bceab413fb83d965d06d2ff2']",[],1.0,0ffee3ba8e615ad22535e7f771690a28,28ef90cc3d9d08c96a8a2cb6f365a79e,,,1556.985133,10.0.2.15,50549,209.251.192.196,443,tcp,153.43380700000012,6083.0,265544.0,SF,True,False,0,ShADadTTFf,96,9943,237,275028,ssl,0
1557.571775,C2Awzl2wqJ1PShtgU1,10.0.2.15,50550,209.251.192.196,443,TLSv12,TLS_ECDHE_RSA_WITH_AES_256_GCM_SHA384,secp256r1,subscribe.theweek.com,False,True,CsxknGIi,"['3a02509770a5531efd97edefa2b6b53c03bac95215b4bf904a8b67328a3bb349', '111006378afbe8e99bb02ba87390ca429fca2773f74d7f7eb5744f5ddf68014b', '4f32d5dc00f715250abcc486511e37f501a899deb3bf7ea8adbbd3aef1c412da', '687fa451382278fff0c8b11f8d43d576671c6eb2bceab413fb83d965d06d2ff2']",[],1.0,0ffee3ba8e615ad22535e7f771690a28,28ef90cc3d9d08c96a8a2cb6f365a79e,,,1556.993211,10.0.2.15,50550,209.251.192.196,443,tcp,9.157482999999957,355.0,6082.0,SF,True,False,0,ShADadFf,10,763,13,6606,ssl,0
1558.409778,Cl8PoV02LhTHallZi,10.0.2.15,50552,54.247.73.220,443,TLSv12,TLS_ECDHE_RSA_WITH_AES_128_GCM_SHA256,secp256r1,d.adroll.com,False,True,CsxknGIi,"['30d9e6a96455a203c6d0e675630de083191a9ec88b4ede4851365088792e1417', 'e6683e88315cd1cb403c0cea490f7c4b4c82c91cd485037489aadbaa90839f61', 'ff856a2d251dcd88d36656f450126798cfabaade40799c722de4d2b5db36a73a']",[],1.0,0ffee3ba8e615ad22535e7f771690a28,303951d4c50efb2e991652225a6f02b1,,,1558.211676,10.0.2.15,50552,54.247.73.220,443,tcp,93.35075200000006,4629.0,10674.0,SF,True,False,0,ShADadTFf,33,5964,36,12118,ssl,0
1559.193891,CmD4LHta4i5g5KK4b,10.0.2.15,50563,199.96.57.6,443,TLSv12,TLS_ECDHE_RSA_WITH_AES_128_GCM_SHA256,secp256r1,platform.twitter.com,False,True,CsxuknGIti,"['03836d502e2fb8a9f4cc51e912b5e69c5f72393c36e0ed751d7fb22118adb56e', '19400be5b7a31fb733917700789d2f0a2471c0c9d506c0e504c06c16d7cb17c0']",[],1.0,0ffee3ba8e615ad22535e7f771690a28,76cc3e2d3028143b23ec18e27dbd7ca9,http/1.1,,1558.693699,10.0.2.15,50563,199.96.57.6,443,tcp,13.663195000000089,1001.0,5134.0,SF,True,False,0,ShADadTfF,12,1490,14,5698,ssl,0
1559.201146,Cpufah2RnpvFJdM2wi,10.0.2.15,50553,188.125.66.33,443,TLSv12,TLS_ECDHE_RSA_WITH_AES_128_GCM_SHA256,secp256r1,sp.analytics.yahoo.com,False,True,CsxknGIti,"['a42bd5146a3d4010979322f493ea1cf3e1ba9033d64ae699935e6a6ad96bd3c4', '19400be5b7a31fb733917700789d2f0a2471c0c9d506c0e504c06c16d7cb17c0']",[],1.0,1a5fe5677b0e4fbbc854e8908225637d,b898351eb5e266aefd3723d466935494,http/1.1,,1558.403834,10.0.2.15,50553,188.125.66.33,443,tcp,6.553638999999976,674.0,4033.0,RSTO,True,False,0,ShADadFR,10,1082,11,4477,ssl,0
1559.189422,CsgIkvy9Owdh4Jn6l,10.0.2.15,50555,188.125.66.33,443,TLSv12,TLS_ECDHE_RSA_WITH_AES_128_GCM_SHA256,secp256r1,sp.analytics.yahoo.com,False,True,CsxknGIti,"['a42bd5146a3d4010979322f493ea1cf3e1ba9033d64ae699935e6a6ad96bd3c4', '19400be5b7a31fb733917700789d2f0a2471c0c9d506c0e504c06c16d7cb17c0']",[],1.0,1a5fe5677b0e4fbbc854e8908225637d,b898351eb5e266aefd3723d466935494,http/1.1,,1558.411174,10.0.2.15,50555,188.125.66.33,443,tcp,64.32170599999995,1070.0,4475.0,SF,True,False,0,ShADadTFf,17,1764,18,5199,ssl,0
1559.199032,CkxGoV1JVDvDjZZm21,10.0.2.15,50554,23.38.88.28,443,TLSv12,TLS_ECDHE_RSA_WITH_AES_256_GCM_SHA384,secp256r1,px.moatads.com,False,True,CsxknGIti,"['435a847bccecae336a1a751c2209ae3f32a8cda1aae8b0da90f1755f7ede9adc', 'e6683e88315cd1cb403c0cea490f7c4b4c82c91cd485037489aadbaa90839f61', '3c35cc963eb004451323d3275d05b353235053490d9cd83729a2faf5e7ca1cc0']",[],1.0,0ffee3ba8e615ad22535e7f771690a28,2b33c1374db4ddf06942f92373c0b54b,http/1.1,,1558.407581,10.0.2.15,50554,23.38.88.28,443,tcp,135.56152700000007,2693.0,5114.0,RSTO,True,False,0,ShADadTTFR,26,3753,27,6198,ssl,0
1559.180035,CVVD341vLR4gXsB4Nb,10.0.2.15,50557,23.38.88.28,443,TLSv12,TLS_ECDHE_RSA_WITH_AES_256_GCM_SHA384,secp256r1,px.moatads.com,False,True,CsxknGIti,"['435a847bccecae336a1a751c2209ae3f32a8cda1aae8b0da90f1755f7ede9adc', 'e6683e88315cd1cb403c0cea490f7c4b4c82c91cd485037489aadbaa90839f61', '3c35cc963eb004451323d3275d05b353235053490d9cd83729a2faf5e7ca1cc0']",[],1.0,0ffee3ba8e615ad22535e7f771690a28,2b33c1374db4ddf06942f92373c0b54b,http/1.1,,1558.414745,10.0.2.15,50557,23.38.88.28,443,tcp,135.70592699999995,1953.0,5114.0,RSTO,True,False,0,ShADadTTFR,26,3013,26,6158,ssl,0
1561.421532,CNRDR2DaBCFEtEP3e,10.0.2.15,50567,23.38.88.28,443,TLSv12,TLS_ECDHE_RSA_WITH_AES_256_GCM_SHA384,secp256r1,px.moatads.com,False,True,CsxknGIti,"['435a847bccecae336a1a751c2209ae3f32a8cda1aae8b0da90f1755f7ede9adc', 'e6683e88315cd1cb403c0cea490f7c4b4c82c91cd485037489aadbaa90839f61', '3c35cc963eb004451323d3275d05b353235053490d9cd83729a2faf5e7ca1cc0']",[],1.0,0ffee3ba8e615ad22535e7f771690a28,2b33c1374db4ddf06942f92373c0b54b,http/1.1,,1560.730019,10.0.2.15,50567,23.38.88.28,443,tcp,133.2952969999999,2697.0,5114.0,RSTO,True,False,0,ShADadTTFR,27,3797,27,6198,ssl,0
1566.60902,CscJtZCReWF14N8y4,10.0.2.15,50572,23.38.88.28,443,TLSv12,TLS_ECDHE_RSA_WITH_AES_256_GCM_SHA384,,px.moatads.com,True,True,CsiI,,,,1a5fe5677b0e4fbbc854e8908225637d,410b9bedaf65dd26c6fe547154d60db4,http/1.1,,1566.236172,10.0.2.15,50572,23.38.88.28,443,tcp,6.53143,599.0,183.0,SF,True,False,0,ShADadFfRr,8,927,9,547,ssl,0
1566.612388,Cu5EZ51YYxLJKTFRdb,10.0.2.15,50571,23.38.88.28,443,TLSv12,TLS_ECDHE_RSA_WITH_AES_256_GCM_SHA384,,px.moatads.com,True,True,CsiI,,,,1a5fe5677b0e4fbbc854e8908225637d,410b9bedaf65dd26c6fe547154d60db4,http/1.1,,1566.2356,10.0.2.15,50571,23.38.88.28,443,tcp,6.605698999999959,599.0,183.0,RSTO,True,False,0,ShADadFR,7,887,7,467,ssl,0
1567.560569,CoYceL2BP8kfiqX4D1,10.0.2.15,50577,23.38.88.28,443,TLSv12,TLS_ECDHE_RSA_WITH_AES_256_GCM_SHA384,,px.moatads.com,True,True,CsiI,,,,1a5fe5677b0e4fbbc854e8908225637d,410b9bedaf65dd26c6fe547154d60db4,http/1.1,,1567.07085,10.0.2.15,50577,23.38.88.28,443,tcp,7.467405999999983,599.0,183.0,RSTO,True,False,0,ShADadFR,8,927,8,507,ssl,0
1568.402087,CaofkitVi3ky54Qe9,10.0.2.15,50578,23.38.83.184,443,TLSv12,TLS_ECDHE_RSA_WITH_AES_256_GCM_SHA384,secp256r1,s.adroll.com,False,True,CsxknGIti,"['d38e7a401fb763e3303599f758931f9093f5e3664f1e5488e26fd64dc8f8a63a', 'eae72eb454bf6c3977ebd289e970b2f5282949190093d0d26f98d0f0d6a9cf17', '8420dfbe376f414bf4c0a81e6936d24ccc03f304835b86c7a39142fca723a689']",[],1.0,0ffee3ba8e615ad22535e7f771690a28,2b33c1374db4ddf06942f92373c0b54b,http/1.1,,1568.086948,10.0.2.15,50578,23.38.83.184,443,tcp,154.29081600000018,1228.0,7793.0,RSTO,True,False,0,ShADadTTFR,27,2329,29,8957,ssl,0
1569.046307,CIT5Tu1pa5yhI4vEAg,10.0.2.15,50581,209.251.192.196,443,TLSv12,TLS_ECDHE_RSA_WITH_AES_256_GCM_SHA384,,subscribe.theweek.com,True,True,CsiI,,,,0ffee3ba8e615ad22535e7f771690a28,28ef90cc3d9d08c96a8a2cb6f365a79e,,,1568.411548,10.0.2.15,50581,209.251.192.196,443,tcp,149.21233200000006,4375.0,148790.0,SF,True,False,0,ShADadTTFf,61,6835,141,154434,ssl,0
1569.677701,CPkFCWUUk2RtnWnAl,10.0.2.15,50587,216.58.214.234,443,TLSv12,TLS_ECDHE_RSA_WITH_AES_128_GCM_SHA256,,fonts.googleapis.com,True,True,CsiI,,,,1a5fe5677b0e4fbbc854e8908225637d,67619a80665d7ab92d1041b1d11f9164,h2,,1569.382447,10.0.2.15,50587,216.58.214.234,443,tcp,421.7336660000001,1747.0,2669.0,SF,True,False,0,ShADadFf,31,2995,34,4033,ssl,0
1569.674761,CGRCr23jZ4JayUmXK5,10.0.2.15,50583,209.251.192.196,443,TLSv12,TLS_ECDHE_RSA_WITH_AES_256_GCM_SHA384,,subscribe.theweek.com,True,True,CsiI,,,,0ffee3ba8e615ad22535e7f771690a28,28ef90cc3d9d08c96a8a2cb6f365a79e,,,1569.356202,10.0.2.15,50583,209.251.192.196,443,tcp,141.07455800000002,3593.0,36851.0,SF,True,False,0,ShADadTTFf,40,5213,58,39175,ssl,0
1569.679765,CkYdlITGucyqqkFuk,10.0.2.15,50584,209.251.192.196,443,TLSv12,TLS_ECDHE_RSA_WITH_AES_256_GCM_SHA384,,subscribe.theweek.com,True,True,CsiI,,,,0ffee3ba8e615ad22535e7f771690a28,28ef90cc3d9d08c96a8a2cb6f365a79e,,,1569.361346,10.0.2.15,50584,209.251.192.196,443,tcp,141.05756700000006,2844.0,16485.0,SF,True,False,0,ShADadTTFf,29,4024,39,18049,ssl,0
1569.864353,CNG2B02366Qhelk6H6,10.0.2.15,50586,209.251.192.196,443,TLSv12,TLS_ECDHE_RSA_WITH_AES_256_GCM_SHA384,,subscribe.theweek.com,True,True,CsiI,,,,0ffee3ba8e615ad22535e7f771690a28,28ef90cc3d9d08c96a8a2cb6f365a79e,,,1569.374266,10.0.2.15,50586,209.251.192.196,443,tcp,141.07277299999987,2849.0,213622.0,SF,True,False,0,ShADadTTFf,70,5669,189,221186,ssl,0
1569.869239,Cy0NocIUCIA9l5c64,10.0.2.15,50585,209.251.192.196,443,TLSv12,TLS_ECDHE_RSA_WITH_AES_256_GCM_SHA384,,subscribe.theweek.com,True,True,CsiI,,,,0ffee3ba8e615ad22535e7f771690a28,28ef90cc3d9d08c96a8a2cb6f365a79e,,,1569.364924,10.0.2.15,50585,209.251.192.196,443,tcp,141.05392699999993,2833.0,21590.0,SF,True,False,0,ShADadTTFf,35,4253,44,23354,ssl,0
1571.353824,C0p7GkUpeWpnge4g9,10.0.2.15,50588,23.4.250.63,443,TLSv12,TLS_ECDHE_RSA_WITH_AES_256_GCM_SHA384,secp256r1,ssl.connextra.com,False,True,CsxknGIti,"['0744b967418c16c14e2609471363dc89737afe97b310240324db9d737d98c498', 'eae72eb454bf6c3977ebd289e970b2f5282949190093d0d26f98d0f0d6a9cf17', '8420dfbe376f414bf4c0a81e6936d24ccc03f304835b86c7a39142fca723a689']",[],1.0,0ffee3ba8e615ad22535e7f771690a28,2b33c1374db4ddf06942f92373c0b54b,h2,,1571.072559,10.0.2.15,50588,23.4.250.63,443,tcp,151.69629299999997,3089.0,9679.0,RSTO,True,False,0,ShADadFR,25,4097,29,10843,ssl,0
1575.046966,CvvUoI2PUorFZskVBa,10.0.2.15,50601,54.247.73.220,443,TLSv12,TLS_ECDHE_RSA_WITH_AES_128_GCM_SHA256,,d.adroll.com,True,True,CsiI,,,,0ffee3ba8e615ad22535e7f771690a28,303951d4c50efb2e991652225a6f02b1,,,1574.39294,10.0.2.15,50601,54.247.73.220,443,tcp,77.16932500000007,2011.0,2769.0,SF,True,False,0,ShADadTFf,20,2826,22,3653,ssl,0
1575.057136,CGAAKEbuhKZSzlFgi,10.0.2.15,50600,54.247.73.220,443,TLSv12,TLS_ECDHE_RSA_WITH_AES_128_GCM_SHA256,,d.adroll.com,True,True,CsiI,,,,0ffee3ba8e615ad22535e7f771690a28,303951d4c50efb2e991652225a6f02b1,,,1574.392137,10.0.2.15,50600,54.247.73.220,443,tcp,77.1702049999999,1644.0,1796.0,SF,True,False,0,ShADadTFf,18,2379,20,2600,ssl,0
1575.059993,CyvEjT1HuHVTxtUco,10.0.2.15,50599,54.247.73.220,443,TLSv12,TLS_ECDHE_RSA_WITH_AES_128_GCM_SHA256,,d.adroll.com,True,True,CsiI,,,,0ffee3ba8e615ad22535e7f771690a28,303951d4c50efb2e991652225a6f02b1,,,1574.391265,10.0.2.15,50599,54.247.73.220,443,tcp,77.17111,1132.0,1334.0,SF,True,False,0,ShADadTFf,17,1827,18,2058,ssl,0
1575.062895,CLLiJR2SDpcWvIrAv7,10.0.2.15,50598,54.247.73.220,443,TLSv12,TLS_ECDHE_RSA_WITH_AES_128_GCM_SHA256,,d.adroll.com,True,True,CsiI,,,,0ffee3ba8e615ad22535e7f771690a28,303951d4c50efb2e991652225a6f02b1,,,1574.390105,10.0.2.15,50598,54.247.73.220,443,tcp,79.67577700000015,2316.0,2908.0,SF,True,False,0,ShADadTFf,19,3090,21,3752,ssl,0
1575.07027,CejbG2iFCOtG1YUE8,10.0.2.15,50597,54.247.73.220,443,TLSv12,TLS_ECDHE_RSA_WITH_AES_128_GCM_SHA256,,d.adroll.com,True,True,CsiI,,,,0ffee3ba8e615ad22535e7f771690a28,303951d4c50efb2e991652225a6f02b1,,,1574.382921,10.0.2.15,50597,54.247.73.220,443,tcp,77.17948100000012,1132.0,1440.0,SF,True,False,0,ShADadTFf,17,1827,18,2164,ssl,0
1575.239846,CXEh8M11y5nHDkrRP5,10.0.2.15,50603,62.67.193.75,443,TLSv12,TLS_RSA_WITH_AES_256_CBC_SHA,,pixel.rubiconproject.com,False,True,CsxnGIi,"['323de379ee34a94e415f63b56183d0d5d0e5a863f4ac89f97dc40ae81cc021c8', '154c433c491929c5ef686e838e323664a00e6a0d822ccc958fb4dab03e49a08f']",[],1.0,0ffee3ba8e615ad22535e7f771690a28,0a917d753018dad73d9899ace370f8d8,,,1574.462638,10.0.2.15,50603,62.67.193.75,443,tcp,148.92986799999994,10990.0,7139.0,SF,True,False,0,ShADadTTFf,32,12291,35,8543,ssl,0
1575.218685,CELU4x3fdeNwn08KR,10.0.2.15,50604,91.199.212.151,443,TLSv12,TLS_ECDHE_RSA_WITH_AES_128_GCM_SHA256,secp256r1,secure.comodo.com,False,True,CsxknGIti,"['774b315de99a63a75aef147181859efbc0eb6333d2902fe92bd7938a051000bc', '7e0e16c0056f41a9f4c61f571503c3bcf079e2bddb228bf2219ac31200496b5c', '4f32d5dc00f715250abcc486511e37f501a899deb3bf7ea8adbbd3aef1c412da', '687fa451382278fff0c8b11f8d43d576671c6eb2bceab413fb83d965d06d2ff2']",[],1.0,0ffee3ba8e615ad22535e7f771690a28,8d2a028aa94425f76ced7826b1f39039,http/1.1,,1574.464093,10.0.2.15,50604,91.199.212.151,443,tcp,15.063306000000011,1437.0,31448.0,SF,True,False,0,ShADadFf,21,2285,37,32932,ssl,0
1575.403477,CZusGD2TZ6NSfIEyHj,10.0.2.15,50605,185.29.135.234,443,TLSv12,TLS_ECDHE_RSA_WITH_AES_128_GCM_SHA256,secp256r1,sync.mathtag.com,False,True,CsxknGIti,"['82e454f53aa3be8b62d47779e364161287a2de0a1ce9e3b37243ae64bd7d7906', '154c433c491929c5ef686e838e323664a00e6a0d822ccc958fb4dab03e49a08f']",[],1.0,0ffee3ba8e615ad22535e7f771690a28,389ed42c02ebecc32e73aa31def07e14,,,1575.094107,10.0.2.15,50605,185.29.135.234,443,tcp,364.3774020000001,1695.0,3692.0,SF,True,False,0,ShADadTTFf,45,3538,48,5616,ssl,0
1577.696106,CGLwTIFaREaiktOhe,10.0.2.15,50615,37.252.172.39,443,TLSv12,TLS_ECDHE_RSA_WITH_AES_256_GCM_SHA384,secp256r1,ib.adnxs.com,False,True,CsxuknGIti,"['5b081650e8034418a37504ce0820892be5a66474578207711eb688243fe1a8f2', '074541ecdf88ed992ed5ade3ecddef27a26ba1b44480a195c0a8dadae2521d8e']",[],1.0,0ffee3ba8e615ad22535e7f771690a28,d53e4608f956df65bb2b8a8c4d3b025d,,,1577.362303,10.0.2.15,50615,37.252.172.39,443,tcp,22.26199699999984,5245.0,10758.0,SF,True,False,0,ShADadfF,17,5933,24,11722,ssl,0
1577.802094,CkFTWR171puVvxCbTi,10.0.2.15,50614,104.199.16.41,443,TLSv12,TLS_ECDHE_RSA_WITH_AES_128_GCM_SHA256,secp256r1,x.bidswitch.net,False,True,CsxknGIti,"['6710fb217b2e1c9d2a9394e53e369972943bb04823ae76a38f0ed2d28ac778a4', '02ab57e4e67a0cb48dd2ff34830e8ac40f4476fb08ca6be3f5cd846f646840f0', '4f32d5dc00f715250abcc486511e37f501a899deb3bf7ea8adbbd3aef1c412da', '687fa451382278fff0c8b11f8d43d576671c6eb2bceab413fb83d965d06d2ff2']",[],1.0,0ffee3ba8e615ad22535e7f771690a28,ccc514751b175866924439bdbb5bba34,,,1577.360387,10.0.2.15,50614,104.199.16.41,443,tcp,77.68109000000004,1338.0,6827.0,SF,True,False,0,ShADadTfF,19,2112,22,7711,ssl,0
1577.809036,CtawC73aWpRJh6Hb6d,10.0.2.15,50612,217.12.15.54,443,TLSv12,TLS_ECDHE_RSA_WITH_AES_128_GCM_SHA256,secp256r1,ads.yahoo.com,False,True,CsxknGIti,"['aaab982de106f191dd3d06d3f44eada0b8a2b0a6692636e9ff628a677f3eb65c', 'eae72eb454bf6c3977ebd289e970b2f5282949190093d0d26f98d0f0d6a9cf17']",[],1.0,0ffee3ba8e615ad22535e7f771690a28,389ed42c02ebecc32e73aa31def07e14,,,1577.353828,10.0.2.15,50612,217.12.15.54,443,tcp,28.420094000000063,2430.0,5330.0,SF,True,False,0,ShADadTFf,18,3159,19,6094,ssl,0
1577.811491,CFIGe2o4Odt72FBq7,10.0.2.15,50617,173.241.240.143,443,TLSv12,TLS_ECDHE_RSA_WITH_AES_128_GCM_SHA256,secp256r1,us-u.openx.net,False,True,CsxknGIi,"['ab7de06ea7a3de3225f335667d38750434931049f9e9cb0cb4a9caf5df22819c', '074541ecdf88ed992ed5ade3ecddef27a26ba1b44480a195c0a8dadae2521d8e']",[],1.0,0ffee3ba8e615ad22535e7f771690a28,699a80bdb17efe157c861f92c5bf5d1d,,,1577.36716,10.0.2.15,50617,173.241.240.143,443,tcp,42.99336799999992,1339.0,3660.0,SF,True,False,0,ShADadTfF,15,1949,17,4344,ssl,0
1577.813871,CWPYbJ24czGfGunudi,10.0.2.15,50616,52.6.115.223,443,TLSv12,TLS_ECDHE_RSA_WITH_AES_128_GCM_SHA256,secp256r1,idsync.rlcdn.com,False,True,CsxknGIi,"['7c75ac9ac997d5af7e63eee4070015e373d07d15fa206505a14434fb86a90686', '973a41276ffd01e027a2aad49e34c37846d3e976ff6a620b6712e33832041aa6', '3a2fbe92891e57fe05d57087f48e730f17e5a5f53ef403d618e5b74d7a7e6ecb', 'c3846bf24b9e93ca64274c0ec67c1ecc5e024ffcacd2d74019350e81fe546ae4']",[],1.0,0ffee3ba8e615ad22535e7f771690a28,303951d4c50efb2e991652225a6f02b1,,,1577.365389,10.0.2.15,50616,52.6.115.223,443,tcp,75.26725199999987,2483.0,7511.0,SF,True,False,0,ShADadTFf,19,3257,22,8395,ssl,0
1582.413473,C0YU0cGo5qb357WV5,10.0.2.15,50622,91.199.212.151,443,TLSv12,TLS_ECDHE_RSA_WITH_AES_128_GCM_SHA256,,secure.comodo.com,True,True,CsiI,,,,1a5fe5677b0e4fbbc854e8908225637d,7bee5c1d424b7e5f943b06983bb11422,http/1.1,,1582.065583,10.0.2.15,50622,91.199.212.151,443,tcp,7.468609000000015,599.0,152.0,SF,True,False,0,ShADadFf,8,927,7,436,ssl,0
1582.440698,CURRyTRdtr6AFsnk6,10.0.2.15,50623,91.199.212.151,443,TLSv12,TLS_ECDHE_RSA_WITH_AES_128_GCM_SHA256,,secure.comodo.com,True,True,CsiI,,,,1a5fe5677b0e4fbbc854e8908225637d,7bee5c1d424b7e5f943b06983bb11422,http/1.1,,1582.067541,10.0.2.15,50623,91.199.212.151,443,tcp,7.466584000000012,599.0,152.0,SF,True,False,0,ShADadFf,7,887,7,436,ssl,0
1582.419,CEgvI42eBXj0woXTGe,10.0.2.15,50621,23.4.250.63,443,TLSv12,TLS_ECDHE_RSA_WITH_AES_256_GCM_SHA384,secp256r1,zz.connextra.com,False,True,CsxknGIti,"['0744b967418c16c14e2609471363dc89737afe97b310240324db9d737d98c498', 'eae72eb454bf6c3977ebd289e970b2f5282949190093d0d26f98d0f0d6a9cf17', '8420dfbe376f414bf4c0a81e6936d24ccc03f304835b86c7a39142fca723a689']",[],1.0,0ffee3ba8e615ad22535e7f771690a28,2b33c1374db4ddf06942f92373c0b54b,h2,,1581.863121,10.0.2.15,50621,23.4.250.63,443,tcp,1.799741999999923,530.0,4916.0,SF,True,False,0,ShADadFfRr,13,1058,16,5560,ssl,0
1582.428191,C3Zns6fZP2RKg2Pde,10.0.2.15,50620,23.4.250.63,443,TLSv12,TLS_ECDHE_RSA_WITH_AES_256_GCM_SHA384,secp256r1,zz.connextra.com,False,True,CsxknGIti,"['0744b967418c16c14e2609471363dc89737afe97b310240324db9d737d98c498', 'eae72eb454bf6c3977ebd289e970b2f5282949190093d0d26f98d0f0d6a9cf17', '8420dfbe376f414bf4c0a81e6936d24ccc03f304835b86c7a39142fca723a689']",[],1.0,0ffee3ba8e615ad22535e7f771690a28,2b33c1374db4ddf06942f92373c0b54b,h2,,1581.856964,10.0.2.15,50620,23.4.250.63,443,tcp,1.7902409999999231,530.0,4916.0,RSTO,True,False,0,ShADadFR,12,1018,14,5480,ssl,0
1587.285935,Cyu9hJ2aASWxBHppOf,10.0.2.15,50625,151.101.12.207,443,TLSv12,TLS_ECDHE_RSA_WITH_AES_128_GCM_SHA256,,js-agent.newrelic.com,True,True,CsiI,,,,1a5fe5677b0e4fbbc854e8908225637d,1d0e57c6ae42e9204defa51e5e1cdc4c,http/1.1,,1587.231798,10.0.2.15,50625,151.101.12.207,443,tcp,135.40743099999986,1029.0,7970.0,RSTO,True,False,0,ShADadTTFR,23,1969,27,9054,ssl,0
1588.428142,C7SJe31mc7UNDywo03,10.0.2.15,50626,162.247.242.20,443,TLSv12,TLS_DHE_RSA_WITH_AES_256_CBC_SHA,,bam.nr-data.net,False,True,CsxknGIi,"['e7489ed1f465ba2b3ce0faef3a43a3895cd097733dbb5b713df8b299270ca145', '074541ecdf88ed992ed5ade3ecddef27a26ba1b44480a195c0a8dadae2521d8e']",[],1.0,0ffee3ba8e615ad22535e7f771690a28,d90fa179c9daf35598ed8341272118f7,,,1588.198161,10.0.2.15,50626,162.247.242.20,443,tcp,117.636661,2389.0,3806.0,SF,True,False,0,ShADadTTfF,23,3327,24,4770,ssl,0
1588.429693,CGqMbW2wZwPWyo4L4,10.0.2.15,50627,162.247.242.20,443,TLSv12,TLS_DHE_RSA_WITH_AES_256_CBC_SHA,,bam.nr-data.net,False,True,CsxknGIi,"['e7489ed1f465ba2b3ce0faef3a43a3895cd097733dbb5b713df8b299270ca145', '074541ecdf88ed992ed5ade3ecddef27a26ba1b44480a195c0a8dadae2521d8e']",[],1.0,0ffee3ba8e615ad22535e7f771690a28,d90fa179c9daf35598ed8341272118f7,,,1588.199508,10.0.2.15,50627,162.247.242.20,443,tcp,6.52481499999999,491.0,3476.0,SF,True,False,0,ShADadFf,9,859,10,3880,ssl,0
1594.987107,CLyW4ZnGDgmA0cLOh,10.0.2.15,50632,159.122.19.165,443,TLSv12,TLS_ECDHE_RSA_WITH_AES_128_GCM_SHA256,,api.mixpanel.com,True,True,CsiI,,,,1a5fe5677b0e4fbbc854e8908225637d,fbe78c619e7ea20046131294ad087f05,,,1594.95796,10.0.2.15,50632,159.122.19.165,443,tcp,65.69354900000008,4249.0,661.0,SF,True,False,0,ShADadTfF,16,4903,17,1345,ssl,0
1641.667257,CMJPan47KiaDXw8O89,10.0.2.15,50739,54.85.35.119,443,TLSv12,TLS_ECDHE_RSA_WITH_AES_128_GCM_SHA256,,www.civicscience.com,True,True,CsiI,,,,0ffee3ba8e615ad22535e7f771690a28,303951d4c50efb2e991652225a6f02b1,,,1639.73101,10.0.2.15,50739,54.85.35.119,443,tcp,22.530324000000064,747.0,15256.0,RSTO,True,False,0,ShADadFR,13,1275,19,16020,ssl,0
1645.515918,CRid7qIRCV4hzKbvk,10.0.2.15,50744,95.101.241.136,443,TLSv12,TLS_ECDHE_RSA_WITH_AES_256_GCM_SHA384,secp256r1,cdn.optimizely.com,False,True,CsxuknGIti,"['66f2989ea8d8daad5f7510b047626245f8d89d5a9ad6afec0c9dec62f0de05e9', 'eae72eb454bf6c3977ebd289e970b2f5282949190093d0d26f98d0f0d6a9cf17', '8420dfbe376f414bf4c0a81e6936d24ccc03f304835b86c7a39142fca723a689']",[],1.0,0ffee3ba8e615ad22535e7f771690a28,9a31479427499ded4d3656a260298ec7,h2,,1642.140557,10.0.2.15,50744,95.101.241.136,443,tcp,79.68742500000008,856.0,69698.0,SF,True,False,0,ShADadfF,50,2872,87,73182,ssl,0
1651.673702,CMTYmnFNO6SV2e7ya,10.0.2.15,50765,54.85.35.119,443,TLSv12,TLS_ECDHE_RSA_WITH_AES_128_GCM_SHA256,,www.civicscience.com,True,True,CsiI,,,,0ffee3ba8e615ad22535e7f771690a28,303951d4c50efb2e991652225a6f02b1,,,1649.121085,10.0.2.15,50765,54.85.35.119,443,tcp,10.62417400000004,311.0,176.0,RSTO,True,False,0,ShADadFR,7,599,7,460,ssl,0
1655.442605,CSbSB62Wc9opTUliT8,10.0.2.15,50769,52.222.174.11,443,TLSv12,TLS_ECDHE_RSA_WITH_AES_128_GCM_SHA256,secp256r1,d6uon097akywu.cloudfront.net,False,True,CsxuknGIti,"['90c0937808b31877df6c4a5c743c99325d974624be3735faa5078cf73d4fd205', 'eae72eb454bf6c3977ebd289e970b2f5282949190093d0d26f98d0f0d6a9cf17']",[],1.0,0ffee3ba8e615ad22535e7f771690a28,76cc3e2d3028143b23ec18e27dbd7ca9,http/1.1,,1651.018748,10.0.2.15,50769,52.222.174.11,443,tcp,131.196555,642.0,12137.0,SF,True,False,0,ShADadTTFf,27,1749,32,13421,ssl,0
1657.783321,Cvhw2s2bu8l28LDdc5,10.0.2.15,50771,204.76.212.150,443,TLSv10,TLS_RSA_WITH_AES_256_CBC_SHA,,www.coupons.com,False,True,CsxnGIi,"['4ee957d89b141e2430626753b01b5db6d4494663d1b5d45b37f2828135751e76', '973a41276ffd01e027a2aad49e34c37846d3e976ff6a620b6712e33832041aa6', '3a2fbe92891e57fe05d57087f48e730f17e5a5f53ef403d618e5b74d7a7e6ecb']",[],1.0,0ffee3ba8e615ad22535e7f771690a28,ab1e32eeaf70ee94c0af00f08d126891,,,1655.448051,10.0.2.15,50771,204.76.212.150,443,tcp,40.35367899999983,933.0,29984.0,SF,True,False,0,ShADadFf,30,2141,41,31628,ssl,0
1657.819515,CR7vvJ1rLZmgs0WPS2,10.0.2.15,50772,52.21.70.46,443,TLSv12,TLS_ECDHE_RSA_WITH_AES_128_GCM_SHA256,secp256r1,services.babator.com,False,True,CsxknGIi,"['46df073f0c4d17ea048f483e9690eeb9ea0279e4d25b57d196263a767c2013a5', '973a41276ffd01e027a2aad49e34c37846d3e976ff6a620b6712e33832041aa6', '3a2fbe92891e57fe05d57087f48e730f17e5a5f53ef403d618e5b74d7a7e6ecb', 'c3846bf24b9e93ca64274c0ec67c1ecc5e024ffcacd2d74019350e81fe546ae4']",[],1.0,0ffee3ba8e615ad22535e7f771690a28,303951d4c50efb2e991652225a6f02b1,,,1655.450157,10.0.2.15,50772,52.21.70.46,443,tcp,103.8656390000001,1098.0,14871.0,SF,True,False,0,ShADadTFf,23,2033,28,15995,ssl,0
1659.88573,CRJ9C41PecD3KxPpgh,10.0.2.15,50779,52.222.174.11,443,TLSv12,TLS_ECDHE_RSA_WITH_AES_128_GCM_SHA256,secp256r1,d6uon097akywu.cloudfront.net,False,True,CsxuknGIti,"['90c0937808b31877df6c4a5c743c99325d974624be3735faa5078cf73d4fd205', 'eae72eb454bf6c3977ebd289e970b2f5282949190093d0d26f98d0f0d6a9cf17']",[],1.0,0ffee3ba8e615ad22535e7f771690a28,76cc3e2d3028143b23ec18e27dbd7ca9,http/1.1,,1658.074554,10.0.2.15,50779,52.222.174.11,443,tcp,12.148271000000022,362.0,5199.0,SF,True,False,0,ShADadFf,11,810,11,5643,ssl,0
1659.89289,C9UoGK2TgqsgSnDCd9,10.0.2.15,50782,52.19.228.209,443,TLSv12,TLS_ECDHE_RSA_WITH_AES_128_GCM_SHA256,,ad.crwdcntrl.net,False,False,Cs,,,,0ffee3ba8e615ad22535e7f771690a28,303951d4c50efb2e991652225a6f02b1,,,1658.079248,10.0.2.15,50782,52.19.228.209,443,tcp,3.961690999999973,193.0,1420.0,RSTO,True,False,0,ShADaFdR,5,401,4,1584,ssl,0
1667.916278,CX73p2VaAYSAbSja7,10.0.2.15,50791,52.222.174.78,443,TLSv12,TLS_ECDHE_RSA_WITH_AES_128_GCM_SHA256,secp256r1,d3hmp0045zy3cs.cloudfront.net,False,True,CsxuknGIti,"['90c0937808b31877df6c4a5c743c99325d974624be3735faa5078cf73d4fd205', 'eae72eb454bf6c3977ebd289e970b2f5282949190093d0d26f98d0f0d6a9cf17']",[],1.0,0ffee3ba8e615ad22535e7f771690a28,76cc3e2d3028143b23ec18e27dbd7ca9,http/1.1,,1664.959761,10.0.2.15,50791,52.222.174.78,443,tcp,132.52274599999987,699.0,12009.0,SF,True,False,0,ShADadTTFf,26,1758,28,13133,ssl,0
1672.675671,C4ODVf1pF920p5CFL3,10.0.2.15,50804,52.222.171.69,443,TLSv12,TLS_ECDHE_RSA_WITH_AES_128_GCM_SHA256,secp256r1,cdn.janrain.xyz,False,True,CsxknGIti,"['bf6257b067854fada3ed6d431a69f67b68847012424c02b6e03ae2c95beb3e47', 'f55f9ffcb83c73453261601c7e044db15a0f034b93c05830f28635ef889cf670', '87dcd4dc74640a322cd205552506d1be64f12596258096544986b4850bc72706', '28689b30e4c306aab53b027b29e36ad6dd1dcf4b953994482ca84bdc1ecac996']",[],1.0,0ffee3ba8e615ad22535e7f771690a28,b898351eb5e266aefd3723d466935494,http/1.1,,1669.888107,10.0.2.15,50804,52.222.171.69,443,tcp,152.14112799999998,1459.0,81641.0,SF,True,False,0,ShADadTTFfRr,71,4319,120,86445,ssl,0
1670.998155,C9ztDkUQIu4miqxA8,10.0.2.15,50798,52.222.174.78,443,TLSv12,TLS_ECDHE_RSA_WITH_AES_128_GCM_SHA256,secp256r1,d3hmp0045zy3cs.cloudfront.net,False,True,CsxuknGIti,"['90c0937808b31877df6c4a5c743c99325d974624be3735faa5078cf73d4fd205', 'eae72eb454bf6c3977ebd289e970b2f5282949190093d0d26f98d0f0d6a9cf17']",[],1.0,0ffee3ba8e615ad22535e7f771690a28,76cc3e2d3028143b23ec18e27dbd7ca9,http/1.1,,1668.860352,10.0.2.15,50798,52.222.174.78,443,tcp,10.54980999999998,332.0,5199.0,RSTO,True,False,0,ShADadFR,9,700,9,5563,ssl,0
1670.992675,CUzuGoUh5CAlQ0qO,10.0.2.15,50800,52.222.171.111,443,TLSv12,TLS_ECDHE_RSA_WITH_AES_128_GCM_SHA256,secp256r1,d1v9u0bgi1uimx.cloudfront.net,False,True,CsxuknGIti,"['90c0937808b31877df6c4a5c743c99325d974624be3735faa5078cf73d4fd205', 'eae72eb454bf6c3977ebd289e970b2f5282949190093d0d26f98d0f0d6a9cf17']",[],1.0,0ffee3ba8e615ad22535e7f771690a28,76cc3e2d3028143b23ec18e27dbd7ca9,http/1.1,,1668.865568,10.0.2.15,50800,52.222.171.111,443,tcp,10.568844000000126,332.0,5199.0,SF,True,False,0,ShADadFfRr,10,740,11,5643,ssl,0
1672.255664,CVpUmc1FCj2eE2zg82,10.0.2.15,50805,52.21.70.46,443,TLSv12,TLS_ECDHE_RSA_WITH_AES_128_GCM_SHA256,secp256r1,services.babator.com,False,True,CsxknGIi,"['46df073f0c4d17ea048f483e9690eeb9ea0279e4d25b57d196263a767c2013a5', '973a41276ffd01e027a2aad49e34c37846d3e976ff6a620b6712e33832041aa6', '3a2fbe92891e57fe05d57087f48e730f17e5a5f53ef403d618e5b74d7a7e6ecb', 'c3846bf24b9e93ca64274c0ec67c1ecc5e024ffcacd2d74019350e81fe546ae4']",[],1.0,0ffee3ba8e615ad22535e7f771690a28,303951d4c50efb2e991652225a6f02b1,,,1669.891069,10.0.2.15,50805,52.21.70.46,443,tcp,85.24831799999993,1143.0,6804.0,SF,True,False,0,ShADadTFf,21,1997,23,7728,ssl,0
1673.087756,CTHiIB3gRECFtBRndh,10.0.2.15,50807,52.21.70.46,443,TLSv12,TLS_ECDHE_RSA_WITH_AES_128_GCM_SHA256,secp256r1,services.babator.com,False,True,CsxknGIi,"['46df073f0c4d17ea048f483e9690eeb9ea0279e4d25b57d196263a767c2013a5', '973a41276ffd01e027a2aad49e34c37846d3e976ff6a620b6712e33832041aa6', '3a2fbe92891e57fe05d57087f48e730f17e5a5f53ef403d618e5b74d7a7e6ecb', 'c3846bf24b9e93ca64274c0ec67c1ecc5e024ffcacd2d74019350e81fe546ae4']",[],1.0,0ffee3ba8e615ad22535e7f771690a28,303951d4c50efb2e991652225a6f02b1,,,1670.146392,10.0.2.15,50807,52.21.70.46,443,tcp,10.736843999999792,323.0,5261.0,RSTO,True,False,0,ShADadFR,10,731,12,5745,ssl,0
1668.593498,CfMePQ3zlqS27Hm9q9,10.0.2.15,50792,52.222.171.111,443,TLSv12,TLS_ECDHE_RSA_WITH_AES_128_GCM_SHA256,secp256r1,d1v9u0bgi1uimx.cloudfront.net,False,True,CsxuknGIti,"['90c0937808b31877df6c4a5c743c99325d974624be3735faa5078cf73d4fd205', 'eae72eb454bf6c3977ebd289e970b2f5282949190093d0d26f98d0f0d6a9cf17']",[],1.0,0ffee3ba8e615ad22535e7f771690a28,76cc3e2d3028143b23ec18e27dbd7ca9,http/1.1,,1665.632885,10.0.2.15,50792,52.222.171.111,443,tcp,136.04834600000004,760.0,5734.0,SF,True,False,0,ShADadTTFf,23,1700,24,6698,ssl,0
1686.482728,CDVTzwsV2vhjcRAGi,10.0.2.15,50852,52.222.171.43,443,TLSv12,TLS_ECDHE_RSA_WITH_AES_128_GCM_SHA256,secp256r1,d134l0cdryxgwa.cloudfront.net,False,True,CsxuknGIti,"['90c0937808b31877df6c4a5c743c99325d974624be3735faa5078cf73d4fd205', 'eae72eb454bf6c3977ebd289e970b2f5282949190093d0d26f98d0f0d6a9cf17']",[],1.0,0ffee3ba8e615ad22535e7f771690a28,76cc3e2d3028143b23ec18e27dbd7ca9,http/1.1,,1686.312638,10.0.2.15,50852,52.222.171.43,443,tcp,117.451777,676.0,14566.0,SF,True,False,0,ShADadTTFf,29,1855,37,16050,ssl,0
1673.079796,CN0PJ72bG4QNZkDTNg,10.0.2.15,50806,52.222.171.69,443,TLSv12,TLS_ECDHE_RSA_WITH_AES_128_GCM_SHA256,secp256r1,cdn.janrain.xyz,False,True,CsxknGIti,"['bf6257b067854fada3ed6d431a69f67b68847012424c02b6e03ae2c95beb3e47', 'f55f9ffcb83c73453261601c7e044db15a0f034b93c05830f28635ef889cf670', '87dcd4dc74640a322cd205552506d1be64f12596258096544986b4850bc72706', '28689b30e4c306aab53b027b29e36ad6dd1dcf4b953994482ca84bdc1ecac996']",[],1.0,0ffee3ba8e615ad22535e7f771690a28,b898351eb5e266aefd3723d466935494,http/1.1,,1670.142605,10.0.2.15,50806,52.222.171.69,443,tcp,21.99665099999993,318.0,5228.0,SF,True,False,0,ShADadFTfRr,12,807,15,5832,ssl,0
1689.731286,C6t9142Tzb3hRGFqFb,10.0.2.15,50838,95.100.187.152,443,TLSv12,TLS_ECDHE_RSA_WITH_AES_256_GCM_SHA384,secp256r1,cdn.cpnscdn.com,False,True,CsxknGIti,"['afb8a5534aafae1cd66c1700dad71dae426211d364e5f1edaa027c5e50d7bfe5', 'eae72eb454bf6c3977ebd289e970b2f5282949190093d0d26f98d0f0d6a9cf17', '8420dfbe376f414bf4c0a81e6936d24ccc03f304835b86c7a39142fca723a689']",[],1.0,0ffee3ba8e615ad22535e7f771690a28,2b33c1374db4ddf06942f92373c0b54b,http/1.1,,1685.043358,10.0.2.15,50838,95.100.187.152,443,tcp,16.47256900000002,349.0,4861.0,RSTO,True,False,0,ShADadFR,12,845,11,5305,ssl,0
1687.536833,C4vUMz11r6v4BY0j2a,10.0.2.15,50853,95.100.187.152,443,TLSv12,TLS_ECDHE_RSA_WITH_AES_256_GCM_SHA384,secp256r1,cdn.cpnscdn.com,False,True,CsxknGIti,"['afb8a5534aafae1cd66c1700dad71dae426211d364e5f1edaa027c5e50d7bfe5', 'eae72eb454bf6c3977ebd289e970b2f5282949190093d0d26f98d0f0d6a9cf17', '8420dfbe376f414bf4c0a81e6936d24ccc03f304835b86c7a39142fca723a689']",[],1.0,0ffee3ba8e615ad22535e7f771690a28,2b33c1374db4ddf06942f92373c0b54b,http/1.1,,1687.195396,10.0.2.15,50853,95.100.187.152,443,tcp,104.64742299999988,690.0,114418.0,RSTO,True,False,0,ShADadTFR,62,3185,119,119182,ssl,0
1697.723479,CD74PBBwwIzMgUsLa,10.0.2.15,50879,52.21.70.46,443,TLSv12,TLS_ECDHE_RSA_WITH_AES_128_GCM_SHA256,,services.babator.com,True,True,CsiI,,,,0ffee3ba8e615ad22535e7f771690a28,303951d4c50efb2e991652225a6f02b1,,,1694.375006,10.0.2.15,50879,52.21.70.46,443,tcp,22.81846100000007,311.0,176.0,RSTO,True,False,0,ShADadFTR,10,728,8,500,ssl,0
1691.123239,CNahTxkMfNlAiROo,10.0.2.15,50850,95.100.187.152,443,TLSv12,TLS_ECDHE_RSA_WITH_AES_256_GCM_SHA384,,cdn.cpnscdn.com,False,False,Cs,,,,0ffee3ba8e615ad22535e7f771690a28,2b33c1374db4ddf06942f92373c0b54b,http/1.1,,1690.636721,10.0.2.15,50850,95.100.187.152,443,tcp,6.509973999999829,192.0,1460.0,RSTR,True,False,0,^hADaFdRr,5,392,6,1704,ssl,0
1693.048098,CVn2Ml13H44DExgY3a,10.0.2.15,50866,206.31.51.74,443,TLSv12,TLS_ECDHE_RSA_WITH_AES_256_CBC_SHA,secp256r1,widgets.coupons.com,False,True,CsxknGIi,"['4ee957d89b141e2430626753b01b5db6d4494663d1b5d45b37f2828135751e76', '973a41276ffd01e027a2aad49e34c37846d3e976ff6a620b6712e33832041aa6', '3a2fbe92891e57fe05d57087f48e730f17e5a5f53ef403d618e5b74d7a7e6ecb']",[],1.0,0ffee3ba8e615ad22535e7f771690a28,b32cbbf286a1171e8f02070a965dab19,http/1.1,,1689.550373,10.0.2.15,50866,206.31.51.74,443,tcp,24.233330000000024,399.0,4249.0,SF,True,False,0,ShADadFTf,11,856,11,4693,ssl,0
1691.039591,C3aIUi4blFWwgUf8B8,10.0.2.15,50849,95.100.187.152,443,TLSv12,TLS_ECDHE_RSA_WITH_AES_256_GCM_SHA384,,cdn.cpnscdn.com,False,False,Cs,,,,0ffee3ba8e615ad22535e7f771690a28,2b33c1374db4ddf06942f92373c0b54b,http/1.1,,1690.659439,10.0.2.15,50849,95.100.187.152,443,tcp,6.9841140000000905,192.0,1460.0,RSTR,True,False,0,^hADaFdRr,5,392,6,1704,ssl,0
1690.778528,Ce587V3941TyzWsmq,10.0.2.15,50860,23.38.82.156,443,TLSv12,TLS_ECDHE_RSA_WITH_AES_256_GCM_SHA384,secp256r1,s.btstatic.com,False,True,CsxknGIti,"['0257ecfa65e6f46a3e02849bb0d803227b2c23767717f48bad8cf4d651285eb7', 'eae72eb454bf6c3977ebd289e970b2f5282949190093d0d26f98d0f0d6a9cf17', '8420dfbe376f414bf4c0a81e6936d24ccc03f304835b86c7a39142fca723a689']",[],1.0,0ffee3ba8e615ad22535e7f771690a28,2b33c1374db4ddf06942f92373c0b54b,http/1.1,,1688.458617,10.0.2.15,50860,23.38.82.156,443,tcp,14.842118000000028,317.0,4620.0,RSTO,True,False,0,ShADadFR,9,685,10,5024,ssl,0
1693.050869,CI9Eut486j9RdinUr7,10.0.2.15,50865,206.31.51.74,443,TLSv12,TLS_ECDHE_RSA_WITH_AES_256_CBC_SHA,secp256r1,widgets.coupons.com,False,True,CsxknGIi,"['4ee957d89b141e2430626753b01b5db6d4494663d1b5d45b37f2828135751e76', '973a41276ffd01e027a2aad49e34c37846d3e976ff6a620b6712e33832041aa6', '3a2fbe92891e57fe05d57087f48e730f17e5a5f53ef403d618e5b74d7a7e6ecb']",[],1.0,0ffee3ba8e615ad22535e7f771690a28,b32cbbf286a1171e8f02070a965dab19,http/1.1,,1689.549209,10.0.2.15,50865,206.31.51.74,443,tcp,33.12214300000005,399.0,4249.0,SF,True,False,0,ShADadFTf,11,856,12,4733,ssl,0
1688.316333,CJcGHuoicBprwXV58,10.0.2.15,50854,95.100.187.152,443,TLSv12,TLS_ECDHE_RSA_WITH_AES_256_GCM_SHA384,secp256r1,cdn.cpnscdn.com,False,True,CsxknGIti,"['afb8a5534aafae1cd66c1700dad71dae426211d364e5f1edaa027c5e50d7bfe5', 'eae72eb454bf6c3977ebd289e970b2f5282949190093d0d26f98d0f0d6a9cf17', '8420dfbe376f414bf4c0a81e6936d24ccc03f304835b86c7a39142fca723a689']",[],1.0,0ffee3ba8e615ad22535e7f771690a28,2b33c1374db4ddf06942f92373c0b54b,http/1.1,,1687.503944,10.0.2.15,50854,95.100.187.152,443,tcp,97.98206200000004,1062.0,10649.0,RSTR,True,False,0,ShADadTFRr,24,2038,28,11773,ssl,0
1693.039398,CeZnVd2ZG10Ylg2mbb,10.0.2.15,50864,206.31.51.74,443,TLSv12,TLS_ECDHE_RSA_WITH_AES_256_CBC_SHA,secp256r1,widgets.coupons.com,False,True,CsxknGIi,"['4ee957d89b141e2430626753b01b5db6d4494663d1b5d45b37f2828135751e76', '973a41276ffd01e027a2aad49e34c37846d3e976ff6a620b6712e33832041aa6', '3a2fbe92891e57fe05d57087f48e730f17e5a5f53ef403d618e5b74d7a7e6ecb']",[],1.0,0ffee3ba8e615ad22535e7f771690a28,b32cbbf286a1171e8f02070a965dab19,http/1.1,,1689.548392,10.0.2.15,50864,206.31.51.74,443,tcp,20.88218300000017,399.0,4249.0,SF,True,False,0,ShADadFf,10,815,10,4653,ssl,0
1694.102318,CPQFMS2wetP2bVd5G2,10.0.2.15,50869,107.21.117.47,443,TLSv12,TLS_ECDHE_RSA_WITH_AES_128_GCM_SHA256,secp256r1,backplane1.janrainbackplane.com,False,True,CsxknGIi,"['b5f8ce5a253aaa8b82dcca6229a5c633404f76061bbd0d6674ad1813e9384f1f', '19400be5b7a31fb733917700789d2f0a2471c0c9d506c0e504c06c16d7cb17c0']",[],1.0,0ffee3ba8e615ad22535e7f771690a28,303951d4c50efb2e991652225a6f02b1,,,1690.272746,10.0.2.15,50869,107.21.117.47,443,tcp,81.65026799999987,729.0,3687.0,SF,True,False,0,ShADadTFf,17,1431,18,4411,ssl,0
1690.132976,CZnRrs4f082UyKa1X2,10.0.2.15,50857,23.38.82.156,443,TLSv12,TLS_ECDHE_RSA_WITH_AES_256_GCM_SHA384,secp256r1,s.btstatic.com,False,False,CsxknGI,"['0257ecfa65e6f46a3e02849bb0d803227b2c23767717f48bad8cf4d651285eb7', 'eae72eb454bf6c3977ebd289e970b2f5282949190093d0d26f98d0f0d6a9cf17', '8420dfbe376f414bf4c0a81e6936d24ccc03f304835b86c7a39142fca723a689']",[],1.0,0ffee3ba8e615ad22535e7f771690a28,2b33c1374db4ddf06942f92373c0b54b,http/1.1,,1688.205128,10.0.2.15,50857,23.38.82.156,443,tcp,22.414680999999973,612.0,4378.0,SF,True,False,0,ShADadfF,10,1020,11,4822,ssl,0
1689.537986,CgWNZb4cPEQWHG7Nf,10.0.2.15,50839,95.100.187.152,443,TLSv12,TLS_ECDHE_RSA_WITH_AES_256_GCM_SHA384,secp256r1,cdn.cpnscdn.com,False,True,CsxknGIti,"['afb8a5534aafae1cd66c1700dad71dae426211d364e5f1edaa027c5e50d7bfe5', 'eae72eb454bf6c3977ebd289e970b2f5282949190093d0d26f98d0f0d6a9cf17', '8420dfbe376f414bf4c0a81e6936d24ccc03f304835b86c7a39142fca723a689']",[],1.0,0ffee3ba8e615ad22535e7f771690a28,2b33c1374db4ddf06942f92373c0b54b,http/1.1,,1685.044192,10.0.2.15,50839,95.100.187.152,443,tcp,100.26058999999988,707.0,15985.0,SF,True,False,0,ShADadTFfRr,26,1771,33,17309,ssl,0
1689.535247,CeZEtxZpXrrnA7pG4,10.0.2.15,50840,95.100.187.152,443,TLSv12,TLS_ECDHE_RSA_WITH_AES_256_GCM_SHA384,secp256r1,cdn.cpnscdn.com,False,True,CsxknGIti,"['afb8a5534aafae1cd66c1700dad71dae426211d364e5f1edaa027c5e50d7bfe5', 'eae72eb454bf6c3977ebd289e970b2f5282949190093d0d26f98d0f0d6a9cf17', '8420dfbe376f414bf4c0a81e6936d24ccc03f304835b86c7a39142fca723a689']",[],1.0,0ffee3ba8e615ad22535e7f771690a28,2b33c1374db4ddf06942f92373c0b54b,http/1.1,,1685.045239,10.0.2.15,50840,95.100.187.152,443,tcp,100.46318199999996,1041.0,10992.0,RSTR,True,False,0,ShADadTFRr,25,2065,30,12196,ssl,0
1697.838559,Cx1CM23upGhcE0x90c,10.0.2.15,50872,107.21.117.47,443,TLSv12,TLS_ECDHE_RSA_WITH_AES_128_GCM_SHA256,secp256r1,backplane1.janrainbackplane.com,False,True,CsxknGIi,"['b5f8ce5a253aaa8b82dcca6229a5c633404f76061bbd0d6674ad1813e9384f1f', '19400be5b7a31fb733917700789d2f0a2471c0c9d506c0e504c06c16d7cb17c0']",[],1.0,0ffee3ba8e615ad22535e7f771690a28,303951d4c50efb2e991652225a6f02b1,,,1697.834477,10.0.2.15,50872,107.21.117.47,443,tcp,19.76707199999987,334.0,3325.0,RSTO,True,False,0,^hADadFTR,8,655,9,3689,ssl,0
1690.883013,CYfxpt4FG79usYfsQj,10.0.2.15,50848,95.100.187.152,443,TLSv12,TLS_ECDHE_RSA_WITH_AES_256_GCM_SHA384,secp256r1,cdn.cpnscdn.com,False,False,CsxknGI,"['afb8a5534aafae1cd66c1700dad71dae426211d364e5f1edaa027c5e50d7bfe5', 'eae72eb454bf6c3977ebd289e970b2f5282949190093d0d26f98d0f0d6a9cf17', '8420dfbe376f414bf4c0a81e6936d24ccc03f304835b86c7a39142fca723a689']",[],1.0,0ffee3ba8e615ad22535e7f771690a28,2b33c1374db4ddf06942f92373c0b54b,http/1.1,,1690.569492,10.0.2.15,50848,95.100.187.152,443,tcp,23.36443999999983,318.0,4588.0,SF,True,False,0,^hADadFf,8,638,9,4952,ssl,0
1691.801954,CA12NE4KDyjpbwCQYa,10.0.2.15,50851,95.100.187.152,443,,,,cdn.cpnscdn.com,False,False,C,,,,0ffee3ba8e615ad22535e7f771690a28,,,,1690.951859,10.0.2.15,50851,95.100.187.152,443,tcp,23.73659900000007,192.0,0.0,SF,True,False,0,^hADaFf,4,352,4,164,ssl,0
1701.161848,C5cFj93LyF7lx2bZ72,10.0.2.15,55628,54.77.116.233,443,,,,ml314.com,False,False,C,,,,0ffee3ba8e615ad22535e7f771690a28,,,,1698.892215,10.0.2.15,55628,54.77.116.233,443,tcp,40.09056799999985,186.0,4393.0,SF,True,False,0,ShADaTdFf,10,596,11,4837,,0
1692.386285,CHZHAF2ra2xxb8Iuic,10.0.2.15,50862,206.31.51.74,443,TLSv12,TLS_ECDHE_RSA_WITH_AES_256_CBC_SHA,secp256r1,widgets.coupons.com,False,True,CsxknGIi,"['4ee957d89b141e2430626753b01b5db6d4494663d1b5d45b37f2828135751e76', '973a41276ffd01e027a2aad49e34c37846d3e976ff6a620b6712e33832041aa6', '3a2fbe92891e57fe05d57087f48e730f17e5a5f53ef403d618e5b74d7a7e6ecb']",[],1.0,0ffee3ba8e615ad22535e7f771690a28,b32cbbf286a1171e8f02070a965dab19,http/1.1,,1689.072488,10.0.2.15,50862,206.31.51.74,443,tcp,45.19688500000007,1668.0,13912.0,SF,True,False,0,ShADaTdFf,17,2365,21,14756,ssl,0
1696.026465,COIt2b36pa8VwqTFD2,10.0.2.15,50876,54.236.184.244,443,TLSv12,TLS_ECDHE_RSA_WITH_AES_128_GCM_SHA256,secp256r1,idsync.rlcdn.com,False,True,CsxknGIi,"['7c75ac9ac997d5af7e63eee4070015e373d07d15fa206505a14434fb86a90686', '973a41276ffd01e027a2aad49e34c37846d3e976ff6a620b6712e33832041aa6', '3a2fbe92891e57fe05d57087f48e730f17e5a5f53ef403d618e5b74d7a7e6ecb', 'c3846bf24b9e93ca64274c0ec67c1ecc5e024ffcacd2d74019350e81fe546ae4']",[],1.0,0ffee3ba8e615ad22535e7f771690a28,303951d4c50efb2e991652225a6f02b1,,,1693.595413,10.0.2.15,50876,54.236.184.244,443,tcp,94.137158,1316.0,6393.0,SF,True,False,0,ShADadTFf,21,2171,22,7277,ssl,0
1696.029888,C8NWNk4iDGY3flgZn4,10.0.2.15,50875,54.236.184.244,443,TLSv12,TLS_ECDHE_RSA_WITH_AES_128_GCM_SHA256,secp256r1,idsync.rlcdn.com,False,True,CsxknGIi,"['7c75ac9ac997d5af7e63eee4070015e373d07d15fa206505a14434fb86a90686', '973a41276ffd01e027a2aad49e34c37846d3e976ff6a620b6712e33832041aa6', '3a2fbe92891e57fe05d57087f48e730f17e5a5f53ef403d618e5b74d7a7e6ecb', 'c3846bf24b9e93ca64274c0ec67c1ecc5e024ffcacd2d74019350e81fe546ae4']",[],1.0,0ffee3ba8e615ad22535e7f771690a28,303951d4c50efb2e991652225a6f02b1,,,1693.591976,10.0.2.15,50875,54.236.184.244,443,tcp,95.12175700000012,1316.0,6393.0,SF,True,False,0,ShADadTFf,21,2172,23,7317,ssl,0
1692.385518,CW8G7u26Dkcoa6bZGb,10.0.2.15,50863,206.31.51.74,443,TLSv12,TLS_ECDHE_RSA_WITH_AES_256_CBC_SHA,secp256r1,widgets.coupons.com,False,True,CsxknGIi,"['4ee957d89b141e2430626753b01b5db6d4494663d1b5d45b37f2828135751e76', '973a41276ffd01e027a2aad49e34c37846d3e976ff6a620b6712e33832041aa6', '3a2fbe92891e57fe05d57087f48e730f17e5a5f53ef403d618e5b74d7a7e6ecb']",[],1.0,0ffee3ba8e615ad22535e7f771690a28,b32cbbf286a1171e8f02070a965dab19,http/1.1,,1689.073526,10.0.2.15,50863,206.31.51.74,443,tcp,49.35025900000005,1684.0,7166.0,SF,True,False,0,ShADaTdFf,17,2382,17,7850,ssl,0
1689.532704,CrgScA1SMG9IgWh0m2,10.0.2.15,50841,95.100.187.152,443,TLSv12,TLS_ECDHE_RSA_WITH_AES_256_GCM_SHA384,secp256r1,cdn.cpnscdn.com,False,False,CsxknGI,"['afb8a5534aafae1cd66c1700dad71dae426211d364e5f1edaa027c5e50d7bfe5', 'eae72eb454bf6c3977ebd289e970b2f5282949190093d0d26f98d0f0d6a9cf17', '8420dfbe376f414bf4c0a81e6936d24ccc03f304835b86c7a39142fca723a689']",[],1.0,0ffee3ba8e615ad22535e7f771690a28,2b33c1374db4ddf06942f92373c0b54b,http/1.1,,1685.046148,10.0.2.15,50841,95.100.187.152,443,tcp,41.16937100000018,676.0,4588.0,SF,True,False,0,ShADadTfF,13,1215,13,5112,ssl,0
1700.989422,C6ISWs2kTj1p5c16D6,10.0.2.15,55627,54.77.116.233,443,,,,ml314.com,False,False,C,,,,0ffee3ba8e615ad22535e7f771690a28,,,,1698.891586,10.0.2.15,55627,54.77.116.233,443,tcp,38.67215699999997,186.0,0.0,SF,True,False,0,ShADaTFf,8,517,7,284,ssl,0
1692.384743,Cj1c011tQyeDxdjlxk,10.0.2.15,50861,206.31.51.74,443,TLSv12,TLS_ECDHE_RSA_WITH_AES_256_CBC_SHA,secp256r1,widgets.coupons.com,False,True,CsxknGIi,"['4ee957d89b141e2430626753b01b5db6d4494663d1b5d45b37f2828135751e76', '973a41276ffd01e027a2aad49e34c37846d3e976ff6a620b6712e33832041aa6', '3a2fbe92891e57fe05d57087f48e730f17e5a5f53ef403d618e5b74d7a7e6ecb']",[],1.0,0ffee3ba8e615ad22535e7f771690a28,b32cbbf286a1171e8f02070a965dab19,http/1.1,,1689.068878,10.0.2.15,50861,206.31.51.74,443,tcp,62.32832299999996,1716.0,14451.0,SF,True,False,0,ShADaTdFf,19,2495,23,15375,ssl,0
1700.988145,C9CSZJ3Bojz9ZIG9L4,10.0.2.15,55625,54.77.116.233,443,,,,ml314.com,False,False,C,,,,0ffee3ba8e615ad22535e7f771690a28,,,,1698.63576,10.0.2.15,55625,54.77.116.233,443,tcp,63.01005500000019,186.0,0.0,SF,True,False,0,ShADaTfF,11,640,10,404,ssl,0
1700.752441,CVr98swdsvr9rOjBh,10.0.2.15,55624,54.77.116.233,443,,,,ml314.com,False,False,C,,,,0ffee3ba8e615ad22535e7f771690a28,,,,1698.632445,10.0.2.15,55624,54.77.116.233,443,tcp,63.04477900000006,186.0,0.0,SF,True,False,0,ShADaTfF,11,640,10,404,ssl,0
1798.883085,CrsryR3QauqMoMilo9,10.0.2.15,55682,104.20.64.199,443,TLSv12,TLS_ECDHE_ECDSA_WITH_AES_128_GCM_SHA256,secp256r1,gomovies.to,False,True,CsxuknGIti,"['b9d547bc5bc21a4e919605534eec6622bdf4be1baa6da4f0aa720824a8c7dcbd', 'cd6c108a0e641f2ca122aaa6d03f826759cae7c6f800eabf76dc48b67cd083ce', '9573862ac0b4b125168810ea3fd101ae2eb0bb15f61fc0e6da7a2a38b85a89e8']",[],1.0,0ffee3ba8e615ad22535e7f771690a28,7d3eb4120cd50e889bcd3f3783be0f82,http/1.1,,1798.857401,10.0.2.15,55682,104.20.64.199,443,tcp,164.05056600000012,4038.0,37656.0,SF,True,False,0,ShADadTTFf,45,5860,64,40220,ssl,0
1799.592296,Ceq12E35OgVM74CcHe,10.0.2.15,55683,104.16.21.35,443,TLSv12,TLS_ECDHE_RSA_WITH_AES_128_GCM_SHA256,secp256r1,s7.addthis.com,False,True,CsxuknGIti,"['2a7d536a35fd2aa422b5d3f15213e933f90355cf5e488a23d2ba9d2dc36ac69f', '154c433c491929c5ef686e838e323664a00e6a0d822ccc958fb4dab03e49a08f']",[],1.0,0ffee3ba8e615ad22535e7f771690a28,76cc3e2d3028143b23ec18e27dbd7ca9,h2,,1799.476267,10.0.2.15,55683,104.16.21.35,443,tcp,206.185671,2169.0,12983.0,RSTO,True,False,0,ShADadFR,27,3257,36,14427,ssl,0
1799.672051,CtZYih1xfMj3ChDNV8,10.0.2.15,55689,104.20.6.102,443,TLSv12,TLS_ECDHE_ECDSA_WITH_AES_128_GCM_SHA256,secp256r1,cdn.gocdn.online,False,True,CsxuknGIti,"['91c31e7d44e6eed40e8b6d74d01e0818948b01f10b2056b583fd09dfe73d721e', 'cd6c108a0e641f2ca122aaa6d03f826759cae7c6f800eabf76dc48b67cd083ce', '9573862ac0b4b125168810ea3fd101ae2eb0bb15f61fc0e6da7a2a38b85a89e8']",[],1.0,0ffee3ba8e615ad22535e7f771690a28,7d3eb4120cd50e889bcd3f3783be0f82,http/1.1,,1799.587435,10.0.2.15,55689,104.20.6.102,443,tcp,126.215142,1688.0,55475.0,SF,True,False,0,ShADadTTFf,48,3628,79,58639,ssl,0
1799.67321,CcWhaWnqAWZ9JFbb2,10.0.2.15,55688,104.20.6.102,443,TLSv12,TLS_ECDHE_ECDSA_WITH_AES_128_GCM_SHA256,secp256r1,cdn.gocdn.online,False,True,CsxuknGIti,"['91c31e7d44e6eed40e8b6d74d01e0818948b01f10b2056b583fd09dfe73d721e', 'cd6c108a0e641f2ca122aaa6d03f826759cae7c6f800eabf76dc48b67cd083ce', '9573862ac0b4b125168810ea3fd101ae2eb0bb15f61fc0e6da7a2a38b85a89e8']",[],1.0,0ffee3ba8e615ad22535e7f771690a28,7d3eb4120cd50e889bcd3f3783be0f82,http/1.1,,1799.585745,10.0.2.15,55688,104.20.6.102,443,tcp,126.1956439999999,1674.0,38192.0,SF,True,False,0,ShADadTTFf,39,3253,59,40556,ssl,0
1799.677676,Cuuik4pqoSqsNhZ24,10.0.2.15,55687,104.20.6.102,443,TLSv12,TLS_ECDHE_ECDSA_WITH_AES_128_GCM_SHA256,secp256r1,cdn.gocdn.online,False,True,CsxuknGIti,"['91c31e7d44e6eed40e8b6d74d01e0818948b01f10b2056b583fd09dfe73d721e', 'cd6c108a0e641f2ca122aaa6d03f826759cae7c6f800eabf76dc48b67cd083ce', '9573862ac0b4b125168810ea3fd101ae2eb0bb15f61fc0e6da7a2a38b85a89e8']",[],1.0,0ffee3ba8e615ad22535e7f771690a28,7d3eb4120cd50e889bcd3f3783be0f82,http/1.1,,1799.584025,10.0.2.15,55687,104.20.6.102,443,tcp,124.30957099999978,1603.0,25369.0,SF,True,False,0,ShADadTTFf,37,3103,51,27413,ssl,0
1799.685259,CEu8CU3kF9nvKFi7Pb,10.0.2.15,55686,104.20.6.102,443,TLSv12,TLS_ECDHE_ECDSA_WITH_AES_128_GCM_SHA256,secp256r1,cdn.gocdn.online,False,True,CsxuknGIti,"['91c31e7d44e6eed40e8b6d74d01e0818948b01f10b2056b583fd09dfe73d721e', 'cd6c108a0e641f2ca122aaa6d03f826759cae7c6f800eabf76dc48b67cd083ce', '9573862ac0b4b125168810ea3fd101ae2eb0bb15f61fc0e6da7a2a38b85a89e8']",[],1.0,0ffee3ba8e615ad22535e7f771690a28,7d3eb4120cd50e889bcd3f3783be0f82,http/1.1,,1799.582309,10.0.2.15,55686,104.20.6.102,443,tcp,126.22872000000008,1385.0,52992.0,SF,True,False,0,ShADadTTFf,52,3484,81,56236,ssl,0
1799.691255,CbSYlztAfulXqSL0c,10.0.2.15,55685,104.20.6.102,443,TLSv12,TLS_ECDHE_ECDSA_WITH_AES_128_GCM_SHA256,secp256r1,cdn.gocdn.online,False,True,CsxuknGIti,"['91c31e7d44e6eed40e8b6d74d01e0818948b01f10b2056b583fd09dfe73d721e', 'cd6c108a0e641f2ca122aaa6d03f826759cae7c6f800eabf76dc48b67cd083ce', '9573862ac0b4b125168810ea3fd101ae2eb0bb15f61fc0e6da7a2a38b85a89e8']",[],1.0,0ffee3ba8e615ad22535e7f771690a28,7d3eb4120cd50e889bcd3f3783be0f82,http/1.1,,1799.580912,10.0.2.15,55685,104.20.6.102,443,tcp,124.3492150000002,1291.0,11096.0,SF,True,False,0,ShADadTTFf,28,2431,35,12500,ssl,0
1799.69252,Czo0lS1OC5cHxo8GF4,10.0.2.15,55684,104.20.6.102,443,TLSv12,TLS_ECDHE_ECDSA_WITH_AES_128_GCM_SHA256,secp256r1,cdn.gocdn.online,False,True,CsxuknGIti,"['91c31e7d44e6eed40e8b6d74d01e0818948b01f10b2056b583fd09dfe73d721e', 'cd6c108a0e641f2ca122aaa6d03f826759cae7c6f800eabf76dc48b67cd083ce', '9573862ac0b4b125168810ea3fd101ae2eb0bb15f61fc0e6da7a2a38b85a89e8']",[],1.0,0ffee3ba8e615ad22535e7f771690a28,7d3eb4120cd50e889bcd3f3783be0f82,http/1.1,,1799.579972,10.0.2.15,55684,104.20.6.102,443,tcp,124.345366,1286.0,16734.0,SF,True,False,0,ShADadTTFf,30,2506,39,18298,ssl,0
1801.678433,CdWSJp24md7cJw4YX7,10.0.2.15,55690,104.20.64.199,443,TLSv12,TLS_ECDHE_ECDSA_WITH_AES_128_GCM_SHA256,,gomovies.to,True,True,CsiI,,,,1a5fe5677b0e4fbbc854e8908225637d,96681175a9547081bf3d417f1a572091,http/1.1,,1801.656187,10.0.2.15,55690,104.20.64.199,443,tcp,6.289694999999938,599.0,152.0,SF,True,False,0,ShADadFf,7,887,7,436,ssl,0
1801.836456,CnLUIr3ElVYr7ommug,10.0.2.15,55692,104.16.84.55,443,TLSv12,TLS_ECDHE_RSA_WITH_AES_128_GCM_SHA256,secp256r1,v2.zopim.com,False,True,CsxuknGIi,"['260fa90fe103a638014042f7e0d0a74c29d5014284e70d7e6344dd8505458574', '02ab57e4e67a0cb48dd2ff34830e8ac40f4476fb08ca6be3f5cd846f646840f0', '4f32d5dc00f715250abcc486511e37f501a899deb3bf7ea8adbbd3aef1c412da']",[],1.0,0ffee3ba8e615ad22535e7f771690a28,1d92b1ca39d82e415ee788b0324f6e25,h2,,1801.681487,10.0.2.15,55692,104.16.84.55,443,tcp,191.01155700000004,969.0,5824.0,SF,True,False,0,ShADadFf,22,1857,27,6908,ssl,0
1801.839354,CWpZeW1qZCBdOTZCnj,10.0.2.15,55691,31.13.66.5,443,TLSv12,TLS_ECDHE_ECDSA_WITH_AES_128_GCM_SHA256,secp256r1,connect.facebook.net,False,True,CsxknGIti,"['152151b387412a95ab90fd4664f2d98880408e9e43913124e4c91226a483386b', '19400be5b7a31fb733917700789d2f0a2471c0c9d506c0e504c06c16d7cb17c0']",[],1.0,0ffee3ba8e615ad22535e7f771690a28,2d1eb5817ece335c24904f516ad5da12,h2,,1801.661314,10.0.2.15,55691,31.13.66.5,443,tcp,226.1370590000001,1023.0,5635.0,SF,True,False,0,ShADadfF,21,1871,26,6679,ssl,0
1802.143288,CMzAOk3gilRVQq4lRk,10.0.2.15,55693,188.42.162.227,443,TLSv12,TLS_ECDHE_RSA_WITH_AES_128_CBC_SHA,secp256r1,go.oclasrv.com,False,True,CsxknGIti,"['5c20d17ef9895e12ad3f92266965ea3928cd0e825804ee28327506de7eddd857', '92ef2f5b553570607dc29c8010e7abc16283fe355f955a248254290a260a9ebb']",[],1.0,0ffee3ba8e615ad22535e7f771690a28,ea60207541145da6619a37edc2d8dfff,,,1801.842392,10.0.2.15,55693,188.42.162.227,443,tcp,8.835814000000028,666.0,3968.0,SF,True,False,0,ShADadfF,12,1154,14,4532,ssl,0
1802.885571,CkG1je1VP2aA12hBNe,10.0.2.15,55695,188.42.162.227,443,TLSv12,TLS_ECDHE_RSA_WITH_AES_128_CBC_SHA,secp256r1,go.oclasrv.com,False,True,CsxknGIti,"['5c20d17ef9895e12ad3f92266965ea3928cd0e825804ee28327506de7eddd857', '92ef2f5b553570607dc29c8010e7abc16283fe355f955a248254290a260a9ebb']",[],1.0,0ffee3ba8e615ad22535e7f771690a28,ea60207541145da6619a37edc2d8dfff,,,1802.147288,10.0.2.15,55695,188.42.162.227,443,tcp,6.797348000000056,394.0,3430.0,SF,True,False,0,ShADadFf,10,802,11,3874,ssl,0
1803.079017,CS1isJ16w18LaZUacd,10.0.2.15,55702,104.19.193.102,443,TLSv12,TLS_ECDHE_ECDSA_WITH_AES_128_GCM_SHA256,secp256r1,cdnjs.cloudflare.com,False,True,CsxuknGIti,"['288a62410b9a17d44ccccf0ca447daaee0f3c7bcd3e0cb6d4f24ef85d2dbfdd0', 'cd6c108a0e641f2ca122aaa6d03f826759cae7c6f800eabf76dc48b67cd083ce', '9573862ac0b4b125168810ea3fd101ae2eb0bb15f61fc0e6da7a2a38b85a89e8']",[],1.0,0ffee3ba8e615ad22535e7f771690a28,7d3eb4120cd50e889bcd3f3783be0f82,h2,,1802.781806,10.0.2.15,55702,104.19.193.102,443,tcp,192.769401,1076.0,62300.0,SF,True,False,0,ShADadFf,54,3244,93,66024,ssl,0
1803.080484,CZ8Wd92GI5Ed78ymqc,10.0.2.15,55701,104.20.6.102,443,TLSv12,TLS_ECDHE_ECDSA_WITH_AES_128_GCM_SHA256,secp256r1,img.gocdn.online,False,True,CsxuknGIti,"['91c31e7d44e6eed40e8b6d74d01e0818948b01f10b2056b583fd09dfe73d721e', 'cd6c108a0e641f2ca122aaa6d03f826759cae7c6f800eabf76dc48b67cd083ce', '9573862ac0b4b125168810ea3fd101ae2eb0bb15f61fc0e6da7a2a38b85a89e8']",[],1.0,0ffee3ba8e615ad22535e7f771690a28,7d3eb4120cd50e889bcd3f3783be0f82,http/1.1,,1802.771397,10.0.2.15,55701,104.20.6.102,443,tcp,58.67767600000002,1190.0,298633.0,SF,True,False,0,ShADadTFf,182,8481,357,312917,ssl,0
1803.099314,Cbj2u44ZEKTRznVQk3,10.0.2.15,55700,104.20.6.102,443,TLSv12,TLS_ECDHE_ECDSA_WITH_AES_128_GCM_SHA256,secp256r1,img.gocdn.online,False,True,CsxuknGIti,"['91c31e7d44e6eed40e8b6d74d01e0818948b01f10b2056b583fd09dfe73d721e', 'cd6c108a0e641f2ca122aaa6d03f826759cae7c6f800eabf76dc48b67cd083ce', '9573862ac0b4b125168810ea3fd101ae2eb0bb15f61fc0e6da7a2a38b85a89e8']",[],1.0,0ffee3ba8e615ad22535e7f771690a28,7d3eb4120cd50e889bcd3f3783be0f82,http/1.1,,1802.763759,10.0.2.15,55700,104.20.6.102,443,tcp,45.38115600000015,1618.0,317872.0,SF,True,False,0,ShADadTFf,188,9147,372,332756,ssl,0
1803.105789,CtLUwm1UBLjuTvevz1,10.0.2.15,55699,104.20.6.102,443,TLSv12,TLS_ECDHE_ECDSA_WITH_AES_128_GCM_SHA256,secp256r1,img.gocdn.online,False,True,CsxuknGIti,"['91c31e7d44e6eed40e8b6d74d01e0818948b01f10b2056b583fd09dfe73d721e', 'cd6c108a0e641f2ca122aaa6d03f826759cae7c6f800eabf76dc48b67cd083ce', '9573862ac0b4b125168810ea3fd101ae2eb0bb15f61fc0e6da7a2a38b85a89e8']",[],1.0,0ffee3ba8e615ad22535e7f771690a28,7d3eb4120cd50e889bcd3f3783be0f82,http/1.1,,1802.759664,10.0.2.15,55699,104.20.6.102,443,tcp,201.1438130000001,2858.0,651684.0,SF,True,False,0,ShADadTTFf,410,19281,795,683488,ssl,0
1803.113009,CMbqyV1Y4T23hxJoIc,10.0.2.15,55698,104.20.6.102,443,TLSv12,TLS_ECDHE_ECDSA_WITH_AES_128_GCM_SHA256,secp256r1,img.gocdn.online,False,True,CsxuknGIti,"['91c31e7d44e6eed40e8b6d74d01e0818948b01f10b2056b583fd09dfe73d721e', 'cd6c108a0e641f2ca122aaa6d03f826759cae7c6f800eabf76dc48b67cd083ce', '9573862ac0b4b125168810ea3fd101ae2eb0bb15f61fc0e6da7a2a38b85a89e8']",[],1.0,0ffee3ba8e615ad22535e7f771690a28,7d3eb4120cd50e889bcd3f3783be0f82,http/1.1,,1802.757667,10.0.2.15,55698,104.20.6.102,443,tcp,43.87416099999996,1188.0,494716.0,SF,True,False,0,ShADadTFf,330,14397,647,520600,ssl,0
1803.115493,C7AaSMmFGodb4Z2K4,10.0.2.15,55697,104.20.6.102,443,TLSv12,TLS_ECDHE_ECDSA_WITH_AES_128_GCM_SHA256,secp256r1,img.gocdn.online,False,True,CsxuknGIti,"['91c31e7d44e6eed40e8b6d74d01e0818948b01f10b2056b583fd09dfe73d721e', 'cd6c108a0e641f2ca122aaa6d03f826759cae7c6f800eabf76dc48b67cd083ce', '9573862ac0b4b125168810ea3fd101ae2eb0bb15f61fc0e6da7a2a38b85a89e8']",[],1.0,0ffee3ba8e615ad22535e7f771690a28,7d3eb4120cd50e889bcd3f3783be0f82,http/1.1,,1802.755157,10.0.2.15,55697,104.20.6.102,443,tcp,58.87646900000004,2027.0,486944.0,SF,True,False,0,ShADadTFf,293,13757,583,510268,ssl,0
1803.116737,ClXfSN22h46ql1ldW6,10.0.2.15,55696,104.20.6.102,443,TLSv12,TLS_ECDHE_ECDSA_WITH_AES_128_GCM_SHA256,secp256r1,img.gocdn.online,False,True,CsxuknGIti,"['91c31e7d44e6eed40e8b6d74d01e0818948b01f10b2056b583fd09dfe73d721e', 'cd6c108a0e641f2ca122aaa6d03f826759cae7c6f800eabf76dc48b67cd083ce', '9573862ac0b4b125168810ea3fd101ae2eb0bb15f61fc0e6da7a2a38b85a89e8']",[],1.0,0ffee3ba8e615ad22535e7f771690a28,7d3eb4120cd50e889bcd3f3783be0f82,http/1.1,,1802.751454,10.0.2.15,55696,104.20.6.102,443,tcp,203.398365,2457.0,793082.0,SF,True,False,0,ShADadTTFf,533,23798,1076,836126,ssl,0
1804.265692,CcS2qMBKuB4Yf7syb,10.0.2.15,55703,185.18.187.77,443,TLSv12,TLS_ECDHE_RSA_WITH_AES_256_GCM_SHA384,secp256r1,jsc.mgid.com,False,True,CsxuknGIti,"['f4839f918b085fcaa79bfe24957349300f0cb209ab349ddb9c83f910f1aa76b6', '973a41276ffd01e027a2aad49e34c37846d3e976ff6a620b6712e33832041aa6', '3a2fbe92891e57fe05d57087f48e730f17e5a5f53ef403d618e5b74d7a7e6ecb', 'c3846bf24b9e93ca64274c0ec67c1ecc5e024ffcacd2d74019350e81fe546ae4']",[],1.0,0ffee3ba8e615ad22535e7f771690a28,56b85db39191a25c7b51014bd797544e,http/1.1,,1803.953969,10.0.2.15,55703,185.18.187.77,443,tcp,29.111961000000065,665.0,38461.0,SF,True,False,0,ShADadTFf,35,2075,61,40905,ssl,0
1807.652257,CG1xp33JFPWVqi0vv1,10.0.2.15,55711,172.217.23.227,443,TLSv12,TLS_ECDHE_ECDSA_WITH_AES_128_GCM_SHA256,x25519,www.gstatic.com,False,True,CsxknGIti,"['11ddd329046367c19b32ffdb02ed308de129de4d6ffcf95856d7bd6a7accfba9', '9f630426df1d8abfd80ace98871ba833ab9742cb34838de2b5285ed54c0c7dcc', '3c35cc963eb004451323d3275d05b353235053490d9cd83729a2faf5e7ca1cc0']",[],1.0,0ffee3ba8e615ad22535e7f771690a28,84480cf8cf0e732666092640e581e1a5,h2,,1807.205419,10.0.2.15,55711,172.217.23.227,443,tcp,191.31010200000011,701.0,4561.0,SF,True,False,0,ShADadFf,20,1509,23,5485,ssl,0
1807.579802,CamQBT29091RTQHlA3,10.0.2.15,55710,31.13.66.5,443,TLSv12,TLS_ECDHE_ECDSA_WITH_AES_128_GCM_SHA256,secp256r1,staticxx.facebook.com,False,True,CsxknGIti,"['152151b387412a95ab90fd4664f2d98880408e9e43913124e4c91226a483386b', '19400be5b7a31fb733917700789d2f0a2471c0c9d506c0e504c06c16d7cb17c0']",[],1.0,0ffee3ba8e615ad22535e7f771690a28,2d1eb5817ece335c24904f516ad5da12,h2,,1807.144524,10.0.2.15,55710,31.13.66.5,443,tcp,191.3179419999999,740.0,4049.0,RSTO,True,False,0,ShADadFR,19,1508,21,4893,ssl,0
1808.276661,CsZpqi4zYErffk0904,10.0.2.15,55712,104.16.23.235,443,TLSv12,TLS_ECDHE_RSA_WITH_AES_128_GCM_SHA256,secp256r1,m.addthis.com,False,True,CsxuknGIti,"['2a7d536a35fd2aa422b5d3f15213e933f90355cf5e488a23d2ba9d2dc36ac69f', '154c433c491929c5ef686e838e323664a00e6a0d822ccc958fb4dab03e49a08f']",[],1.0,0ffee3ba8e615ad22535e7f771690a28,76cc3e2d3028143b23ec18e27dbd7ca9,h2,,1807.706747,10.0.2.15,55712,104.16.23.235,443,tcp,192.59937400000013,1793.0,4606.0,SF,True,False,0,ShADadFf,22,2681,26,5650,ssl,0
1808.384329,CW4IPl48YMFtnIbnpj,10.0.2.15,55713,52.18.61.137,443,TLSv12,TLS_ECDHE_RSA_WITH_AES_128_GCM_SHA256,secp256r1,ie08.zopim.com,False,True,CsxknGIti,"['260fa90fe103a638014042f7e0d0a74c29d5014284e70d7e6344dd8505458574', '02ab57e4e67a0cb48dd2ff34830e8ac40f4476fb08ca6be3f5cd846f646840f0', '4f32d5dc00f715250abcc486511e37f501a899deb3bf7ea8adbbd3aef1c412da', '687fa451382278fff0c8b11f8d43d576671c6eb2bceab413fb83d965d06d2ff2']",[],1.0,0ffee3ba8e615ad22535e7f771690a28,ccc514751b175866924439bdbb5bba34,,,1807.876125,10.0.2.15,55713,52.18.61.137,443,tcp,4.838717000000088,1414.0,9599.0,SF,True,False,0,ShADadFf,18,2142,25,10603,ssl,0
1808.516911,Ca5MvG3XKYcSKBoVN6,10.0.2.15,55715,104.16.23.235,443,TLSv12,TLS_ECDHE_RSA_WITH_AES_128_GCM_SHA256,secp256r1,m.addthis.com,False,True,CsxuknGIti,"['2a7d536a35fd2aa422b5d3f15213e933f90355cf5e488a23d2ba9d2dc36ac69f', '154c433c491929c5ef686e838e323664a00e6a0d822ccc958fb4dab03e49a08f']",[],1.0,0ffee3ba8e615ad22535e7f771690a28,76cc3e2d3028143b23ec18e27dbd7ca9,h2,,1808.114618,10.0.2.15,55715,104.16.23.235,443,tcp,1.417887999999948,556.0,3773.0,RSTO,True,False,0,ShADadFR,12,1044,15,4377,ssl,0
1808.515892,CMxWkMwk2qzVi7d93,10.0.2.15,55714,188.72.202.161,443,TLSv12,TLS_ECDHE_RSA_WITH_AES_128_CBC_SHA,secp256r1,onclkds.com,False,True,CsxknGIti,"['4fc4ecf5a3a5c68d7005dc5e0a678299d6c42b7974505b0f79f2b0a9716dfab1', 'e6683e88315cd1cb403c0cea490f7c4b4c82c91cd485037489aadbaa90839f61']",[],1.0,0ffee3ba8e615ad22535e7f771690a28,ea60207541145da6619a37edc2d8dfff,,,1808.025733,10.0.2.15,55714,188.72.202.161,443,tcp,12.33784300000002,1340.0,21614.0,SF,True,False,0,ShADadfF,25,2348,37,23098,ssl,0
1808.749504,CPugrhEfH0lX9kD,10.0.2.15,55716,188.72.202.161,443,TLSv12,TLS_ECDHE_RSA_WITH_AES_128_CBC_SHA,secp256r1,onclkds.com,False,True,CsxknGIti,"['4fc4ecf5a3a5c68d7005dc5e0a678299d6c42b7974505b0f79f2b0a9716dfab1', 'e6683e88315cd1cb403c0cea490f7c4b4c82c91cd485037489aadbaa90839f61']",[],1.0,0ffee3ba8e615ad22535e7f771690a28,ea60207541145da6619a37edc2d8dfff,,,1808.386107,10.0.2.15,55716,188.72.202.161,443,tcp,8.160851999999977,391.0,3210.0,SF,True,False,0,ShADadFf,9,759,11,3654,ssl,0
1808.817533,C6u3gFxE7byjjq158,10.0.2.15,55717,104.16.24.235,443,TLSv12,TLS_ECDHE_RSA_WITH_AES_128_GCM_SHA256,secp256r1,m.addthisedge.com,False,True,CsxuknGIti,"['8f5ac796ae85111a4e9f1c7d20065c1ec4d3309e37ad000815328a9a78bd4ed3', '154c433c491929c5ef686e838e323664a00e6a0d822ccc958fb4dab03e49a08f']",[],1.0,0ffee3ba8e615ad22535e7f771690a28,76cc3e2d3028143b23ec18e27dbd7ca9,http/1.1,,1808.512639,10.0.2.15,55717,104.16.24.235,443,tcp,123.50010399999996,692.0,4651.0,SF,True,False,0,ShADadTTFf,24,1672,25,5655,ssl,0
1808.835105,ClA3lf49zCjppTzAgc,10.0.2.15,55718,104.16.24.235,443,TLSv12,TLS_ECDHE_RSA_WITH_AES_128_GCM_SHA256,secp256r1,m.addthisedge.com,False,True,CsxuknGIti,"['8f5ac796ae85111a4e9f1c7d20065c1ec4d3309e37ad000815328a9a78bd4ed3', '154c433c491929c5ef686e838e323664a00e6a0d822ccc958fb4dab03e49a08f']",[],1.0,0ffee3ba8e615ad22535e7f771690a28,76cc3e2d3028143b23ec18e27dbd7ca9,http/1.1,,1808.513466,10.0.2.15,55718,104.16.24.235,443,tcp,8.042913999999882,351.0,3684.0,SF,True,False,0,ShADadFf,10,759,12,4168,ssl,0
1809.138757,CMdUen4QUJYvojXeMg,10.0.2.15,55719,52.18.61.137,443,TLSv12,TLS_ECDHE_RSA_WITH_AES_128_GCM_SHA256,,ie08.zopim.com,True,True,CsiI,,,,1a5fe5677b0e4fbbc854e8908225637d,fbe78c619e7ea20046131294ad087f05,,,1808.609324,10.0.2.15,55719,52.18.61.137,443,tcp,1.6812620000000602,599.0,137.0,SF,True,False,0,ShADadFf,7,887,7,421,ssl,0
1809.684037,CwziiN1swsIZAGB0Ib,10.0.2.15,55720,172.217.23.227,443,TLSv12,TLS_ECDHE_ECDSA_WITH_AES_128_GCM_SHA256,x25519,fonts.gstatic.com,False,True,CsxknGIti,"['11ddd329046367c19b32ffdb02ed308de129de4d6ffcf95856d7bd6a7accfba9', '9f630426df1d8abfd80ace98871ba833ab9742cb34838de2b5285ed54c0c7dcc', '3c35cc963eb004451323d3275d05b353235053490d9cd83729a2faf5e7ca1cc0']",[],1.0,0ffee3ba8e615ad22535e7f771690a28,84480cf8cf0e732666092640e581e1a5,h2,,1809.197054,10.0.2.15,55720,172.217.23.227,443,tcp,192.828366,703.0,4560.0,SF,True,False,0,ShADadFf,20,1511,24,5524,ssl,0
1810.685017,Ct2JGT3MMAyInBLOek,10.0.2.15,55728,64.58.116.132,443,TLSv12,TLS_ECDHE_RSA_WITH_AES_128_GCM_SHA256,secp256r1,servicer.mgid.com,False,True,CsxknGIti,"['1bd5ce3406a4db24599dd1c61b47ecef42bbf6a4d452e6fbd2b5eeca22c367b2', '973a41276ffd01e027a2aad49e34c37846d3e976ff6a620b6712e33832041aa6', '3a2fbe92891e57fe05d57087f48e730f17e5a5f53ef403d618e5b74d7a7e6ecb', 'c3846bf24b9e93ca64274c0ec67c1ecc5e024ffcacd2d74019350e81fe546ae4']",[],1.0,0ffee3ba8e615ad22535e7f771690a28,b898351eb5e266aefd3723d466935494,h2,,1809.84461,10.0.2.15,55728,64.58.116.132,443,tcp,197.940441,992.0,6826.0,RSTO,True,False,0,ShADadFR,22,1880,26,7870,ssl,0
1810.686365,CxGs5I3c66AYMLHXih,10.0.2.15,55727,64.58.116.132,443,TLSv12,TLS_ECDHE_RSA_WITH_AES_128_GCM_SHA256,secp256r1,servicer.mgid.com,False,True,CsxknGIti,"['1bd5ce3406a4db24599dd1c61b47ecef42bbf6a4d452e6fbd2b5eeca22c367b2', '973a41276ffd01e027a2aad49e34c37846d3e976ff6a620b6712e33832041aa6', '3a2fbe92891e57fe05d57087f48e730f17e5a5f53ef403d618e5b74d7a7e6ecb', 'c3846bf24b9e93ca64274c0ec67c1ecc5e024ffcacd2d74019350e81fe546ae4']",[],1.0,0ffee3ba8e615ad22535e7f771690a28,b898351eb5e266aefd3723d466935494,h2,,1809.839538,10.0.2.15,55727,64.58.116.132,443,tcp,5.600849000000153,560.0,5552.0,SF,True,False,0,ShADadFf,14,1128,18,6276,ssl,0
1811.426571,C0KrAXV9lFfGHmYSd,10.0.2.15,55729,64.58.116.132,443,TLSv12,TLS_ECDHE_RSA_WITH_AES_128_GCM_SHA256,secp256r1,servicer.mgid.com,False,True,CsxknGIti,"['1bd5ce3406a4db24599dd1c61b47ecef42bbf6a4d452e6fbd2b5eeca22c367b2', '973a41276ffd01e027a2aad49e34c37846d3e976ff6a620b6712e33832041aa6', '3a2fbe92891e57fe05d57087f48e730f17e5a5f53ef403d618e5b74d7a7e6ecb', 'c3846bf24b9e93ca64274c0ec67c1ecc5e024ffcacd2d74019350e81fe546ae4']",[],1.0,0ffee3ba8e615ad22535e7f771690a28,b898351eb5e266aefd3723d466935494,h2,,1810.173037,10.0.2.15,55729,64.58.116.132,443,tcp,6.857870000000048,560.0,5552.0,SF,True,False,0,ShADadFf,13,1088,18,6276,ssl,0
1812.528333,Czj2rn1bOfZ6IhWExc,10.0.2.15,55732,93.184.220.66,443,TLSv12,TLS_ECDHE_RSA_WITH_AES_128_GCM_SHA256,secp256r1,platform.twitter.com,False,True,CsxuknGIti,"['498dfbfa068ce7e3252a308f9578608d3df2d287b5b9284571f7d3ed43ba3ab0', '19400be5b7a31fb733917700789d2f0a2471c0c9d506c0e504c06c16d7cb17c0', '7431e5f4c3c1ce4690774f0b61e05440883ba9a01ed00ba6abd7806ed3b118cf']",[],1.0,0ffee3ba8e615ad22535e7f771690a28,76cc3e2d3028143b23ec18e27dbd7ca9,http/1.1,,1811.81731,10.0.2.15,55732,93.184.220.66,443,tcp,132.86109299999998,1875.0,18266.0,SF,True,False,0,ShADadTTFfRr,34,3255,48,20190,ssl,0
1812.709264,Co6e1F3OzvwHcMccve,10.0.2.15,55733,172.217.23.238,443,TLSv12,TLS_ECDHE_RSA_WITH_AES_128_GCM_SHA256,x25519,apis.google.com,False,True,CsxknGIti,"['60db1a0e0585e4ded4482713fe44b119971d4535489a302ea33ca305b774f781', '9f630426df1d8abfd80ace98871ba833ab9742cb34838de2b5285ed54c0c7dcc', '3c35cc963eb004451323d3275d05b353235053490d9cd83729a2faf5e7ca1cc0']",[],1.0,0ffee3ba8e615ad22535e7f771690a28,ab41313cfec25328b20865eb1388e0a2,h2,,1812.027848,10.0.2.15,55733,172.217.23.238,443,tcp,198.312602,1820.0,48109.0,SF,True,False,0,ShADadFf,54,3988,87,51593,ssl,0
1812.739506,CKVVvs2xcaFEYdhcQe,10.0.2.15,55734,93.184.220.66,443,TLSv12,TLS_ECDHE_RSA_WITH_AES_128_GCM_SHA256,secp256r1,platform.twitter.com,False,True,CsxuknGIti,"['498dfbfa068ce7e3252a308f9578608d3df2d287b5b9284571f7d3ed43ba3ab0', '19400be5b7a31fb733917700789d2f0a2471c0c9d506c0e504c06c16d7cb17c0', '7431e5f4c3c1ce4690774f0b61e05440883ba9a01ed00ba6abd7806ed3b118cf']",[],1.0,0ffee3ba8e615ad22535e7f771690a28,76cc3e2d3028143b23ec18e27dbd7ca9,http/1.1,,1812.070554,10.0.2.15,55734,93.184.220.66,443,tcp,6.772600000000011,386.0,5773.0,SF,True,False,0,ShADadFfRr,13,914,16,6417,ssl,0
1812.896888,CR8wnN2oQQFD4oLR0g,10.0.2.15,55735,172.217.23.238,443,TLSv12,TLS_ECDHE_RSA_WITH_AES_128_GCM_SHA256,x25519,apis.google.com,False,True,CsxknGIti,"['60db1a0e0585e4ded4482713fe44b119971d4535489a302ea33ca305b774f781', '9f630426df1d8abfd80ace98871ba833ab9742cb34838de2b5285ed54c0c7dcc', '3c35cc963eb004451323d3275d05b353235053490d9cd83729a2faf5e7ca1cc0']",[],1.0,0ffee3ba8e615ad22535e7f771690a28,ab41313cfec25328b20865eb1388e0a2,h2,,1812.290879,10.0.2.15,55735,172.217.23.238,443,tcp,4.737512000000152,525.0,3898.0,SF,True,False,0,ShADadFf,14,1093,15,4502,ssl,0
1813.243812,C8NHU32DM27gxL7DXk,10.0.2.15,55743,104.16.23.35,443,TLSv12,TLS_ECDHE_RSA_WITH_AES_128_GCM_SHA256,secp256r1,api-public.addthis.com,False,True,CsxuknGIti,"['2a7d536a35fd2aa422b5d3f15213e933f90355cf5e488a23d2ba9d2dc36ac69f', '154c433c491929c5ef686e838e323664a00e6a0d822ccc958fb4dab03e49a08f']",[],1.0,0ffee3ba8e615ad22535e7f771690a28,76cc3e2d3028143b23ec18e27dbd7ca9,h2,,1812.461292,10.0.2.15,55743,104.16.23.35,443,tcp,4.567047000000002,536.0,3789.0,SF,True,False,0,ShADadFf,12,1024,13,4313,ssl,0
1813.236936,CGUYCwTgi8TSbKrNc,10.0.2.15,55741,157.240.2.20,443,TLSv12,TLS_ECDHE_ECDSA_WITH_AES_128_GCM_SHA256,secp256r1,graph.facebook.com,False,True,CsxknGIti,"['152151b387412a95ab90fd4664f2d98880408e9e43913124e4c91226a483386b', '19400be5b7a31fb733917700789d2f0a2471c0c9d506c0e504c06c16d7cb17c0']",[],1.0,0ffee3ba8e615ad22535e7f771690a28,2d1eb5817ece335c24904f516ad5da12,h2,,1812.367655,10.0.2.15,55741,157.240.2.20,443,tcp,5.99472999999989,1009.0,4657.0,SF,True,False,0,ShADadfF,15,1617,18,5381,ssl,0
1813.241351,C28wfm4v9xTZrw0Rog,10.0.2.15,55740,157.240.2.20,443,TLSv12,TLS_ECDHE_ECDSA_WITH_AES_128_GCM_SHA256,secp256r1,graph.facebook.com,False,True,CsxknGIti,"['152151b387412a95ab90fd4664f2d98880408e9e43913124e4c91226a483386b', '19400be5b7a31fb733917700789d2f0a2471c0c9d506c0e504c06c16d7cb17c0']",[],1.0,0ffee3ba8e615ad22535e7f771690a28,2d1eb5817ece335c24904f516ad5da12,h2,,1812.366316,10.0.2.15,55740,157.240.2.20,443,tcp,195.4183489999998,737.0,4003.0,RSTO,True,False,0,ShADadFR,19,1505,20,4807,ssl,0
1813.245242,CDgFfK2PZMXLYokbYl,10.0.2.15,55742,104.16.23.35,443,TLSv12,TLS_ECDHE_RSA_WITH_AES_128_GCM_SHA256,secp256r1,api-public.addthis.com,False,True,CsxuknGIti,"['2a7d536a35fd2aa422b5d3f15213e933f90355cf5e488a23d2ba9d2dc36ac69f', '154c433c491929c5ef686e838e323664a00e6a0d822ccc958fb4dab03e49a08f']",[],1.0,0ffee3ba8e615ad22535e7f771690a28,76cc3e2d3028143b23ec18e27dbd7ca9,h2,,1812.452868,10.0.2.15,55742,104.16.23.35,443,tcp,4.5582019999999375,536.0,3789.0,SF,True,False,0,ShADadFf,13,1064,15,4393,ssl,0
1814.266845,CRezKH10gUZhqeOcBd,10.0.2.15,55748,104.16.23.35,443,TLSv12,TLS_ECDHE_RSA_WITH_AES_128_GCM_SHA256,secp256r1,api-public.addthis.com,False,True,CsxuknGIti,"['2a7d536a35fd2aa422b5d3f15213e933f90355cf5e488a23d2ba9d2dc36ac69f', '154c433c491929c5ef686e838e323664a00e6a0d822ccc958fb4dab03e49a08f']",[],1.0,0ffee3ba8e615ad22535e7f771690a28,76cc3e2d3028143b23ec18e27dbd7ca9,h2,,1812.717636,10.0.2.15,55748,104.16.23.35,443,tcp,4.205897999999934,536.0,3789.0,RSTO,True,False,0,ShADadFR,11,984,13,4313,ssl,0
1814.264915,Ckl12UuY5Vo8SLaKl,10.0.2.15,55747,157.240.2.20,443,TLSv12,TLS_ECDHE_ECDSA_WITH_AES_128_GCM_SHA256,secp256r1,graph.facebook.com,False,True,CsxknGIti,"['152151b387412a95ab90fd4664f2d98880408e9e43913124e4c91226a483386b', '19400be5b7a31fb733917700789d2f0a2471c0c9d506c0e504c06c16d7cb17c0']",[],1.0,0ffee3ba8e615ad22535e7f771690a28,2d1eb5817ece335c24904f516ad5da12,h2,,1812.620474,10.0.2.15,55747,157.240.2.20,443,tcp,4.413743999999952,561.0,3866.0,RSTO,True,False,0,ShADadFR,12,1049,13,4390,ssl,0
1818.479265,CBfEue4rTgTwlpHuwg,10.0.2.15,55749,31.13.84.4,443,TLSv12,TLS_ECDHE_ECDSA_WITH_AES_128_GCM_SHA256,secp256r1,external-vie1-1.xx.fbcdn.net,False,True,CsxknGIti,"['152151b387412a95ab90fd4664f2d98880408e9e43913124e4c91226a483386b', '19400be5b7a31fb733917700789d2f0a2471c0c9d506c0e504c06c16d7cb17c0']",[],1.0,0ffee3ba8e615ad22535e7f771690a28,2d1eb5817ece335c24904f516ad5da12,h2,,1817.549955,10.0.2.15,55749,31.13.84.4,443,tcp,194.2812040000001,1053.0,11440.0,RSTO,True,False,0,ShADadfR,23,1981,29,12604,ssl,0
1818.692345,Claeza2dOdnGVZs6N,10.0.2.15,55750,31.13.84.4,443,TLSv12,TLS_ECDHE_ECDSA_WITH_AES_128_GCM_SHA256,secp256r1,external-vie1-1.xx.fbcdn.net,False,True,CsxknGIti,"['152151b387412a95ab90fd4664f2d98880408e9e43913124e4c91226a483386b', '19400be5b7a31fb733917700789d2f0a2471c0c9d506c0e504c06c16d7cb17c0']",[],1.0,0ffee3ba8e615ad22535e7f771690a28,2d1eb5817ece335c24904f516ad5da12,h2,,1818.380861,10.0.2.15,55750,31.13.84.4,443,tcp,2.445304999999962,571.0,3881.0,RSTO,True,False,0,ShADadFR,11,1019,13,4405,ssl,0
1818.745277,CFEZVw1AGRj1EwfE8h,10.0.2.15,55753,78.140.166.6,443,TLSv12,TLS_ECDHE_RSA_WITH_AES_256_GCM_SHA384,secp256r1,imgg-cdn.mgid.com,False,True,CsxuknGIti,"['f4839f918b085fcaa79bfe24957349300f0cb209ab349ddb9c83f910f1aa76b6', '973a41276ffd01e027a2aad49e34c37846d3e976ff6a620b6712e33832041aa6', '3a2fbe92891e57fe05d57087f48e730f17e5a5f53ef403d618e5b74d7a7e6ecb', 'c3846bf24b9e93ca64274c0ec67c1ecc5e024ffcacd2d74019350e81fe546ae4']",[],1.0,0ffee3ba8e615ad22535e7f771690a28,56b85db39191a25c7b51014bd797544e,http/1.1,,1818.385859,10.0.2.15,55753,78.140.166.6,443,tcp,40.612567000000126,691.0,145500.0,SF,True,False,0,ShADadTFf,106,4941,197,153384,ssl,0
1818.735283,CTu80r23pENc020UJh,10.0.2.15,55751,52.208.186.41,443,TLSv12,TLS_ECDHE_RSA_WITH_AES_128_GCM_SHA256,secp256r1,e2ertt.com,False,True,CsxuknGIti,"['6972e760a98e20bb40bd709ce3ba754e9bb1ae7ecd994ced4d6da795347d57cd', 'e6683e88315cd1cb403c0cea490f7c4b4c82c91cd485037489aadbaa90839f61']",[],1.0,0ffee3ba8e615ad22535e7f771690a28,0c0aff9ccea5e7e1de5c3a0069d103f3,,,1818.382278,10.0.2.15,55751,52.208.186.41,443,tcp,54.233224000000064,2555.0,5098.0,SF,True,False,0,ShADadTFf,18,3287,21,5942,ssl,0
1818.772693,Cm4DXm3B6d1Va3hPt9,10.0.2.15,55755,78.140.166.6,443,TLSv12,TLS_ECDHE_RSA_WITH_AES_256_GCM_SHA384,secp256r1,imgg-cdn.mgid.com,False,True,CsxuknGIti,"['f4839f918b085fcaa79bfe24957349300f0cb209ab349ddb9c83f910f1aa76b6', '973a41276ffd01e027a2aad49e34c37846d3e976ff6a620b6712e33832041aa6', '3a2fbe92891e57fe05d57087f48e730f17e5a5f53ef403d618e5b74d7a7e6ecb', 'c3846bf24b9e93ca64274c0ec67c1ecc5e024ffcacd2d74019350e81fe546ae4']",[],1.0,0ffee3ba8e615ad22535e7f771690a28,56b85db39191a25c7b51014bd797544e,http/1.1,,1818.389346,10.0.2.15,55755,78.140.166.6,443,tcp,54.16860700000007,691.0,152875.0,SF,True,False,0,ShADadTFf,116,5341,207,161159,ssl,0
1818.75023,CWC1absVtjsWJ8gjj,10.0.2.15,55754,78.140.166.6,443,TLSv12,TLS_ECDHE_RSA_WITH_AES_256_GCM_SHA384,secp256r1,imgg-cdn.mgid.com,False,True,CsxuknGIti,"['f4839f918b085fcaa79bfe24957349300f0cb209ab349ddb9c83f910f1aa76b6', '973a41276ffd01e027a2aad49e34c37846d3e976ff6a620b6712e33832041aa6', '3a2fbe92891e57fe05d57087f48e730f17e5a5f53ef403d618e5b74d7a7e6ecb', 'c3846bf24b9e93ca64274c0ec67c1ecc5e024ffcacd2d74019350e81fe546ae4']",[],1.0,0ffee3ba8e615ad22535e7f771690a28,56b85db39191a25c7b51014bd797544e,http/1.1,,1818.38688,10.0.2.15,55754,78.140.166.6,443,tcp,41.72626799999989,691.0,136333.0,SF,True,False,0,ShADadTFf,94,4461,168,143057,ssl,0
1818.754204,Co56aQ2jbSMrgSXUMf,10.0.2.15,55752,52.208.186.41,443,TLSv12,TLS_ECDHE_RSA_WITH_AES_128_GCM_SHA256,secp256r1,e2ertt.com,False,True,CsxuknGIti,"['6972e760a98e20bb40bd709ce3ba754e9bb1ae7ecd994ced4d6da795347d57cd', 'e6683e88315cd1cb403c0cea490f7c4b4c82c91cd485037489aadbaa90839f61']",[],1.0,0ffee3ba8e615ad22535e7f771690a28,0c0aff9ccea5e7e1de5c3a0069d103f3,,,1818.383848,10.0.2.15,55752,52.208.186.41,443,tcp,7.984592000000021,344.0,4613.0,SF,True,False,0,ShADadFf,11,792,13,5137,ssl,0
1818.821676,CHePuN1F2ghDtQGWm4,10.0.2.15,55759,78.140.166.6,443,TLSv12,TLS_ECDHE_RSA_WITH_AES_256_GCM_SHA384,secp256r1,imgg-cdn.mgid.com,False,True,CsxuknGIti,"['f4839f918b085fcaa79bfe24957349300f0cb209ab349ddb9c83f910f1aa76b6', '973a41276ffd01e027a2aad49e34c37846d3e976ff6a620b6712e33832041aa6', '3a2fbe92891e57fe05d57087f48e730f17e5a5f53ef403d618e5b74d7a7e6ecb', 'c3846bf24b9e93ca64274c0ec67c1ecc5e024ffcacd2d74019350e81fe546ae4']",[],1.0,0ffee3ba8e615ad22535e7f771690a28,56b85db39191a25c7b51014bd797544e,http/1.1,,1818.396299,10.0.2.15,55759,78.140.166.6,443,tcp,8.420822000000044,351.0,7388.0,SF,True,False,0,ShADadFf,12,839,16,8032,ssl,0
1818.816886,Cj5PCF1G9OjUtwR1Zh,10.0.2.15,55757,78.140.166.6,443,TLSv12,TLS_ECDHE_RSA_WITH_AES_256_GCM_SHA384,secp256r1,imgg-cdn.mgid.com,False,True,CsxuknGIti,"['f4839f918b085fcaa79bfe24957349300f0cb209ab349ddb9c83f910f1aa76b6', '973a41276ffd01e027a2aad49e34c37846d3e976ff6a620b6712e33832041aa6', '3a2fbe92891e57fe05d57087f48e730f17e5a5f53ef403d618e5b74d7a7e6ecb', 'c3846bf24b9e93ca64274c0ec67c1ecc5e024ffcacd2d74019350e81fe546ae4']",[],1.0,0ffee3ba8e615ad22535e7f771690a28,56b85db39191a25c7b51014bd797544e,http/1.1,,1818.393496,10.0.2.15,55757,78.140.166.6,443,tcp,29.84710300000006,691.0,103378.0,SF,True,False,0,ShADadTFf,75,3701,135,108782,ssl,0
1818.819517,Crggr72w8pCpoufvuh,10.0.2.15,55756,78.140.166.6,443,TLSv12,TLS_ECDHE_RSA_WITH_AES_256_GCM_SHA384,secp256r1,imgg-cdn.mgid.com,False,True,CsxuknGIti,"['f4839f918b085fcaa79bfe24957349300f0cb209ab349ddb9c83f910f1aa76b6', '973a41276ffd01e027a2aad49e34c37846d3e976ff6a620b6712e33832041aa6', '3a2fbe92891e57fe05d57087f48e730f17e5a5f53ef403d618e5b74d7a7e6ecb', 'c3846bf24b9e93ca64274c0ec67c1ecc5e024ffcacd2d74019350e81fe546ae4']",[],1.0,0ffee3ba8e615ad22535e7f771690a28,56b85db39191a25c7b51014bd797544e,http/1.1,,1818.390913,10.0.2.15,55756,78.140.166.6,443,tcp,45.63098600000012,691.0,209010.0,SF,True,False,0,ShADadTFf,108,5021,232,218294,ssl,0
1819.136552,CEc1LG3YBkfTJGokFc,10.0.2.15,55762,35.156.5.119,443,TLSv12,TLS_ECDHE_RSA_WITH_AES_128_GCM_SHA256,secp256r1,mt.rtmark.net,False,True,CsxknGIi,"['11cc551b6ea1d37df35c8f2164f24110eed5a45944ef2cab12adc72dc35055d9', '92ef2f5b553570607dc29c8010e7abc16283fe355f955a248254290a260a9ebb']",[],1.0,0ffee3ba8e615ad22535e7f771690a28,303951d4c50efb2e991652225a6f02b1,,,1818.488651,10.0.2.15,55762,35.156.5.119,443,tcp,70.45588500000008,711.0,3383.0,SF,True,False,0,ShADadTFf,17,1405,19,4147,ssl,0
1819.139054,CAgEka1m7OUViYDdCc,10.0.2.15,55761,216.52.1.12,443,TLSv12,TLS_ECDHE_RSA_WITH_AES_128_GCM_SHA256,secp256r1,loadr.exelator.com,False,True,CsxknGIti,"['df7c62f472c1d3b0d062e9ed1c65f67a88aad738cc232a6b40b55a446e9092f9', '973a41276ffd01e027a2aad49e34c37846d3e976ff6a620b6712e33832041aa6', '3a2fbe92891e57fe05d57087f48e730f17e5a5f53ef403d618e5b74d7a7e6ecb', 'c3846bf24b9e93ca64274c0ec67c1ecc5e024ffcacd2d74019350e81fe546ae4']",[],1.0,0ffee3ba8e615ad22535e7f771690a28,ccc514751b175866924439bdbb5bba34,,,1818.488161,10.0.2.15,55761,216.52.1.12,443,tcp,31.726961000000077,3628.0,5433.0,SF,True,False,0,ShADadTfF,16,4278,18,6157,ssl,0
1819.144866,C9xu2R2IDNZ9JMpnNf,10.0.2.15,55764,52.208.186.41,443,TLSv12,TLS_ECDHE_RSA_WITH_AES_128_GCM_SHA256,secp256r1,e2ertt.com,False,True,CsxuknGIti,"['6972e760a98e20bb40bd709ce3ba754e9bb1ae7ecd994ced4d6da795347d57cd', 'e6683e88315cd1cb403c0cea490f7c4b4c82c91cd485037489aadbaa90839f61']",[],1.0,0ffee3ba8e615ad22535e7f771690a28,0c0aff9ccea5e7e1de5c3a0069d103f3,,,1818.639128,10.0.2.15,55764,52.208.186.41,443,tcp,8.039577000000008,344.0,4613.0,SF,True,False,0,ShADadFf,10,752,13,5137,ssl,0
1819.146949,Cns3JT2At91I9mzoD8,10.0.2.15,55767,78.140.166.6,443,TLSv12,TLS_ECDHE_RSA_WITH_AES_256_GCM_SHA384,secp256r1,imgg-cdn.mgid.com,False,True,CsxuknGIti,"['f4839f918b085fcaa79bfe24957349300f0cb209ab349ddb9c83f910f1aa76b6', '973a41276ffd01e027a2aad49e34c37846d3e976ff6a620b6712e33832041aa6', '3a2fbe92891e57fe05d57087f48e730f17e5a5f53ef403d618e5b74d7a7e6ecb', 'c3846bf24b9e93ca64274c0ec67c1ecc5e024ffcacd2d74019350e81fe546ae4']",[],1.0,0ffee3ba8e615ad22535e7f771690a28,56b85db39191a25c7b51014bd797544e,http/1.1,,1818.654112,10.0.2.15,55767,78.140.166.6,443,tcp,8.226404000000002,351.0,7388.0,SF,True,False,0,ShADadFf,12,839,16,8032,ssl,0
1819.149662,CnjjP71wZ1nJyhf5Va,10.0.2.15,55766,78.140.166.6,443,TLSv12,TLS_ECDHE_RSA_WITH_AES_256_GCM_SHA384,secp256r1,imgg-cdn.mgid.com,False,True,CsxuknGIti,"['f4839f918b085fcaa79bfe24957349300f0cb209ab349ddb9c83f910f1aa76b6', '973a41276ffd01e027a2aad49e34c37846d3e976ff6a620b6712e33832041aa6', '3a2fbe92891e57fe05d57087f48e730f17e5a5f53ef403d618e5b74d7a7e6ecb', 'c3846bf24b9e93ca64274c0ec67c1ecc5e024ffcacd2d74019350e81fe546ae4']",[],1.0,0ffee3ba8e615ad22535e7f771690a28,56b85db39191a25c7b51014bd797544e,http/1.1,,1818.652729,10.0.2.15,55766,78.140.166.6,443,tcp,7.601524000000154,351.0,7388.0,SF,True,False,0,ShADadFf,12,839,16,8032,ssl,0
1819.11065,C3aDiDci0ML95q4kj,10.0.2.15,55758,64.58.116.134,443,TLSv12,TLS_ECDHE_RSA_WITH_AES_128_GCM_SHA256,secp256r1,cm.mgid.com,False,True,CsxknGIti,"['1bd5ce3406a4db24599dd1c61b47ecef42bbf6a4d452e6fbd2b5eeca22c367b2', '973a41276ffd01e027a2aad49e34c37846d3e976ff6a620b6712e33832041aa6', '3a2fbe92891e57fe05d57087f48e730f17e5a5f53ef403d618e5b74d7a7e6ecb', 'c3846bf24b9e93ca64274c0ec67c1ecc5e024ffcacd2d74019350e81fe546ae4']",[],1.0,0ffee3ba8e615ad22535e7f771690a28,b898351eb5e266aefd3723d466935494,h2,,1818.394551,10.0.2.15,55758,64.58.116.134,443,tcp,222.752346,1340.0,6354.0,SF,True,False,0,ShADadFf,23,2268,27,7438,ssl,0
1819.150868,CGpMzD3WMG8uWBjjv1,10.0.2.15,55765,78.140.166.6,443,TLSv12,TLS_ECDHE_RSA_WITH_AES_256_GCM_SHA384,secp256r1,imgg-cdn.mgid.com,False,True,CsxuknGIti,"['f4839f918b085fcaa79bfe24957349300f0cb209ab349ddb9c83f910f1aa76b6', '973a41276ffd01e027a2aad49e34c37846d3e976ff6a620b6712e33832041aa6', '3a2fbe92891e57fe05d57087f48e730f17e5a5f53ef403d618e5b74d7a7e6ecb', 'c3846bf24b9e93ca64274c0ec67c1ecc5e024ffcacd2d74019350e81fe546ae4']",[],1.0,0ffee3ba8e615ad22535e7f771690a28,56b85db39191a25c7b51014bd797544e,http/1.1,,1818.651579,10.0.2.15,55765,78.140.166.6,443,tcp,7.704353999999967,351.0,7388.0,SF,True,False,0,ShADadFf,12,839,16,8032,ssl,0
1819.151619,CeYxow1k2UCiRRhMPg,10.0.2.15,55769,78.140.166.6,443,TLSv12,TLS_ECDHE_RSA_WITH_AES_256_GCM_SHA384,secp256r1,imgg-cdn.mgid.com,False,True,CsxuknGIti,"['f4839f918b085fcaa79bfe24957349300f0cb209ab349ddb9c83f910f1aa76b6', '973a41276ffd01e027a2aad49e34c37846d3e976ff6a620b6712e33832041aa6', '3a2fbe92891e57fe05d57087f48e730f17e5a5f53ef403d618e5b74d7a7e6ecb', 'c3846bf24b9e93ca64274c0ec67c1ecc5e024ffcacd2d74019350e81fe546ae4']",[],1.0,0ffee3ba8e615ad22535e7f771690a28,56b85db39191a25c7b51014bd797544e,http/1.1,,1818.657469,10.0.2.15,55769,78.140.166.6,443,tcp,7.998391999999967,351.0,7388.0,SF,True,False,0,ShADadFf,12,839,16,8032,ssl,0
1819.55635,CLu0ig1vnwA2lWrVGj,10.0.2.15,55772,35.156.5.119,443,TLSv12,TLS_ECDHE_RSA_WITH_AES_128_GCM_SHA256,secp256r1,mt.rtmark.net,False,True,CsxknGIi,"['11cc551b6ea1d37df35c8f2164f24110eed5a45944ef2cab12adc72dc35055d9', '92ef2f5b553570607dc29c8010e7abc16283fe355f955a248254290a260a9ebb']",[],1.0,0ffee3ba8e615ad22535e7f771690a28,303951d4c50efb2e991652225a6f02b1,,,1818.749257,10.0.2.15,55772,35.156.5.119,443,tcp,8.461074000000053,347.0,3132.0,SF,True,False,0,ShADadFfRr,11,795,14,3696,ssl,0
1819.558232,Cr7hGZsDTh8FlchZd,10.0.2.15,55771,216.52.1.12,443,TLSv12,TLS_ECDHE_RSA_WITH_AES_128_GCM_SHA256,secp256r1,loadr.exelator.com,False,True,CsxknGIti,"['df7c62f472c1d3b0d062e9ed1c65f67a88aad738cc232a6b40b55a446e9092f9', '973a41276ffd01e027a2aad49e34c37846d3e976ff6a620b6712e33832041aa6', '3a2fbe92891e57fe05d57087f48e730f17e5a5f53ef403d618e5b74d7a7e6ecb', 'c3846bf24b9e93ca64274c0ec67c1ecc5e024ffcacd2d74019350e81fe546ae4']",[],1.0,0ffee3ba8e615ad22535e7f771690a28,ccc514751b175866924439bdbb5bba34,,,1818.74877,10.0.2.15,55771,216.52.1.12,443,tcp,9.186271000000032,352.0,5433.0,SF,True,False,0,ShADadFf,11,800,14,5997,ssl,0
1819.293181,CB9GjO3itPlFt6FXA3,10.0.2.15,55770,95.100.191.4,443,TLSv12,TLS_ECDHE_RSA_WITH_AES_256_GCM_SHA384,secp256r1,sb.scorecardresearch.com,False,True,CsxknGIti,"['a523ef18d09457b0fe5084a65e99053ed280f9473c38bc9ddade90f9ae25f115', '111006378afbe8e99bb02ba87390ca429fca2773f74d7f7eb5744f5ddf68014b', '4f32d5dc00f715250abcc486511e37f501a899deb3bf7ea8adbbd3aef1c412da']",[],1.0,0ffee3ba8e615ad22535e7f771690a28,2b33c1374db4ddf06942f92373c0b54b,http/1.1,,1818.748013,10.0.2.15,55770,95.100.191.4,443,tcp,7.381200000000035,358.0,5199.0,SF,True,False,0,ShADadFfRr,12,846,15,5803,ssl,0
1819.554937,Cz0w0w2BvxdcGWHGGh,10.0.2.15,55768,64.58.116.134,443,TLSv12,TLS_ECDHE_RSA_WITH_AES_128_GCM_SHA256,secp256r1,cm.mgid.com,False,True,CsxknGIti,"['1bd5ce3406a4db24599dd1c61b47ecef42bbf6a4d452e6fbd2b5eeca22c367b2', '973a41276ffd01e027a2aad49e34c37846d3e976ff6a620b6712e33832041aa6', '3a2fbe92891e57fe05d57087f48e730f17e5a5f53ef403d618e5b74d7a7e6ecb', 'c3846bf24b9e93ca64274c0ec67c1ecc5e024ffcacd2d74019350e81fe546ae4']",[],1.0,0ffee3ba8e615ad22535e7f771690a28,b898351eb5e266aefd3723d466935494,h2,,1818.655625,10.0.2.15,55768,64.58.116.134,443,tcp,5.013883999999962,554.0,5552.0,SF,True,False,0,ShADadFfRr,13,1082,17,6236,ssl,0
1819.141256,C0an943BDXU9ImHl2l,10.0.2.15,55760,95.100.191.4,443,TLSv12,TLS_ECDHE_RSA_WITH_AES_256_GCM_SHA384,secp256r1,sb.scorecardresearch.com,False,True,CsxknGIti,"['a523ef18d09457b0fe5084a65e99053ed280f9473c38bc9ddade90f9ae25f115', '111006378afbe8e99bb02ba87390ca429fca2773f74d7f7eb5744f5ddf68014b', '4f32d5dc00f715250abcc486511e37f501a899deb3bf7ea8adbbd3aef1c412da']",[],1.0,0ffee3ba8e615ad22535e7f771690a28,2b33c1374db4ddf06942f92373c0b54b,http/1.1,,1818.48767,10.0.2.15,55760,95.100.191.4,443,tcp,131.7363029999999,892.0,5476.0,SF,True,False,0,ShADadTTFfRr,26,1952,29,6640,ssl,0
1826.927003,CB07yU3I4wIhBfNcMf,10.0.2.15,55777,216.52.1.12,443,TLSv12,TLS_ECDHE_RSA_WITH_AES_128_GCM_SHA256,secp256r1,loadm.exelator.com,False,True,CsxknGIti,"['df7c62f472c1d3b0d062e9ed1c65f67a88aad738cc232a6b40b55a446e9092f9', '973a41276ffd01e027a2aad49e34c37846d3e976ff6a620b6712e33832041aa6', '3a2fbe92891e57fe05d57087f48e730f17e5a5f53ef403d618e5b74d7a7e6ecb', 'c3846bf24b9e93ca64274c0ec67c1ecc5e024ffcacd2d74019350e81fe546ae4']",[],1.0,0ffee3ba8e615ad22535e7f771690a28,ccc514751b175866924439bdbb5bba34,,,1826.362376,10.0.2.15,55777,216.52.1.12,443,tcp,11.03425500000003,3516.0,6271.0,SF,True,False,0,ShADadFf,13,4044,18,6995,ssl,0
1826.934478,Cn1a072iAeuqBsZw26,10.0.2.15,55778,216.52.1.12,443,TLSv12,TLS_ECDHE_RSA_WITH_AES_128_GCM_SHA256,secp256r1,loadm.exelator.com,False,True,CsxknGIti,"['df7c62f472c1d3b0d062e9ed1c65f67a88aad738cc232a6b40b55a446e9092f9', '973a41276ffd01e027a2aad49e34c37846d3e976ff6a620b6712e33832041aa6', '3a2fbe92891e57fe05d57087f48e730f17e5a5f53ef403d618e5b74d7a7e6ecb', 'c3846bf24b9e93ca64274c0ec67c1ecc5e024ffcacd2d74019350e81fe546ae4']",[],1.0,0ffee3ba8e615ad22535e7f771690a28,ccc514751b175866924439bdbb5bba34,,,1826.36684,10.0.2.15,55778,216.52.1.12,443,tcp,9.299398999999994,352.0,5433.0,SF,True,False,0,ShADadFf,11,800,14,5997,ssl,0
1826.957592,CKyFJh410S1qx0osif,10.0.2.15,55779,185.49.145.157,443,TLSv12,TLS_ECDHE_RSA_WITH_AES_128_GCM_SHA256,secp256r1,perf.cdnads.com,False,True,CsxknGIti,"['2b538fef97e7baa4bc8f4f324d680bd8a7472626e7148ae9261c834883d1fa21', 'e6683e88315cd1cb403c0cea490f7c4b4c82c91cd485037489aadbaa90839f61']",[],1.0,0ffee3ba8e615ad22535e7f771690a28,ccc514751b175866924439bdbb5bba34,,,1826.375882,10.0.2.15,55779,185.49.145.157,443,tcp,73.05470799999989,612.0,3480.0,SF,True,False,0,ShADadTfF,15,1226,19,4244,ssl,0
1827.240486,C7rHAs4SvUfIimEx4,10.0.2.15,55780,216.52.1.12,443,TLSv12,TLS_ECDHE_RSA_WITH_AES_128_GCM_SHA256,secp256r1,loadm.exelator.com,False,True,CsxknGIti,"['df7c62f472c1d3b0d062e9ed1c65f67a88aad738cc232a6b40b55a446e9092f9', '973a41276ffd01e027a2aad49e34c37846d3e976ff6a620b6712e33832041aa6', '3a2fbe92891e57fe05d57087f48e730f17e5a5f53ef403d618e5b74d7a7e6ecb', 'c3846bf24b9e93ca64274c0ec67c1ecc5e024ffcacd2d74019350e81fe546ae4']",[],1.0,0ffee3ba8e615ad22535e7f771690a28,ccc514751b175866924439bdbb5bba34,,,1826.631721,10.0.2.15,55780,216.52.1.12,443,tcp,10.642006000000038,352.0,5433.0,SF,True,False,0,ShADadFf,10,760,11,5877,ssl,0
1828.221759,CzeZBI3K4S7Lc4bGT7,10.0.2.15,55781,64.58.116.134,443,TLSv12,TLS_ECDHE_RSA_WITH_AES_128_GCM_SHA256,secp256r1,cm.steepto.com,False,True,CsxknGIti,"['478843995bf5833a017ab84f0ebb95e7401d4eab45404e97e32ea6f868ed007c', '973a41276ffd01e027a2aad49e34c37846d3e976ff6a620b6712e33832041aa6', '3a2fbe92891e57fe05d57087f48e730f17e5a5f53ef403d618e5b74d7a7e6ecb', 'c3846bf24b9e93ca64274c0ec67c1ecc5e024ffcacd2d74019350e81fe546ae4']",[],1.0,0ffee3ba8e615ad22535e7f771690a28,b898351eb5e266aefd3723d466935494,h2,,1826.97992,10.0.2.15,55781,64.58.116.134,443,tcp,91.14720899999998,836.0,5893.0,SF,True,False,0,ShADadFf,16,1484,19,6657,ssl,0
1828.272897,CxBqrY2oPHnohS5cM3,10.0.2.15,55782,64.58.116.134,443,TLSv12,TLS_ECDHE_RSA_WITH_AES_128_GCM_SHA256,secp256r1,cm.steepto.com,False,True,CsxknGIti,"['478843995bf5833a017ab84f0ebb95e7401d4eab45404e97e32ea6f868ed007c', '973a41276ffd01e027a2aad49e34c37846d3e976ff6a620b6712e33832041aa6', '3a2fbe92891e57fe05d57087f48e730f17e5a5f53ef403d618e5b74d7a7e6ecb', 'c3846bf24b9e93ca64274c0ec67c1ecc5e024ffcacd2d74019350e81fe546ae4']",[],1.0,0ffee3ba8e615ad22535e7f771690a28,b898351eb5e266aefd3723d466935494,h2,,1826.983911,10.0.2.15,55782,64.58.116.134,443,tcp,8.308413999999857,526.0,5454.0,RSTO,True,False,0,ShADadFR,10,934,11,5898,ssl,0
1828.848936,CShfnu4lS8k6IuQ5K3,10.0.2.15,55783,64.58.116.134,443,TLSv12,TLS_ECDHE_RSA_WITH_AES_128_GCM_SHA256,secp256r1,cm.steepto.com,False,True,CsxknGIti,"['478843995bf5833a017ab84f0ebb95e7401d4eab45404e97e32ea6f868ed007c', '973a41276ffd01e027a2aad49e34c37846d3e976ff6a620b6712e33832041aa6', '3a2fbe92891e57fe05d57087f48e730f17e5a5f53ef403d618e5b74d7a7e6ecb', 'c3846bf24b9e93ca64274c0ec67c1ecc5e024ffcacd2d74019350e81fe546ae4']",[],1.0,0ffee3ba8e615ad22535e7f771690a28,b898351eb5e266aefd3723d466935494,h2,,1827.448588,10.0.2.15,55783,64.58.116.134,443,tcp,8.321455000000014,526.0,5523.0,RSTR,True,False,0,ShADadFRr,11,974,13,6047,ssl,0
1823.673742,C1mb1M2eTI3s55kGgc,10.0.2.15,55773,172.217.23.237,443,TLSv12,TLS_ECDHE_RSA_WITH_AES_128_GCM_SHA256,x25519,accounts.google.com,False,False,CsxknGI,"['db115550b0150d52e887a39b4b96793248152b63f300461c73a507e588f3f749', '9f630426df1d8abfd80ace98871ba833ab9742cb34838de2b5285ed54c0c7dcc', '3c35cc963eb004451323d3275d05b353235053490d9cd83729a2faf5e7ca1cc0']",[],1.0,0ffee3ba8e615ad22535e7f771690a28,ab41313cfec25328b20865eb1388e0a2,h2,,1821.777806,10.0.2.15,55773,172.217.23.237,443,tcp,13.460268000000042,1060.0,3510.0,SF,True,False,0,ShADadfF,10,1468,10,3914,ssl,0
1832.557994,Cx2HY41E0Dpp2zaKWa,10.0.2.15,55776,185.49.145.157,443,,,,perf.cdnads.com,False,False,C,,,,1a5fe5677b0e4fbbc854e8908225637d,,,,1832.552766,10.0.2.15,55776,185.49.145.157,443,tcp,3.566816000000017,517.0,0.0,SF,True,False,0,^hADafF,4,677,4,164,ssl,0
1835.336812,CMkl6dXS8GsnkgMve,10.0.2.15,55788,199.16.156.241,443,TLSv12,TLS_ECDHE_RSA_WITH_AES_128_GCM_SHA256,secp256r1,syndication.twitter.com,False,True,CsxknGIti,"['75e85da383dbf4ced92713e6768c061d0aca2ee11ea14e2a1486adb26098b2de', '19400be5b7a31fb733917700789d2f0a2471c0c9d506c0e504c06c16d7cb17c0']",[],1.0,0ffee3ba8e615ad22535e7f771690a28,8d2a028aa94425f76ced7826b1f39039,h2,,1831.246375,10.0.2.15,55788,199.16.156.241,443,tcp,212.2272350000001,1477.0,4823.0,SF,True,False,0,ShADadFfRr,25,2493,30,6027,ssl,0
1831.263484,CHv2uS1y1FB7HgDi63,10.0.2.15,55785,52.17.100.63,443,TLSv12,TLS_ECDHE_RSA_WITH_AES_128_GCM_SHA256,secp256r1,bcp.crwdcntrl.net,False,True,CsxknGIi,"['131513af4a65033acc7234be892849a35819b02b70aba4c428c133a0a88fdd2e', '973a41276ffd01e027a2aad49e34c37846d3e976ff6a620b6712e33832041aa6', '3a2fbe92891e57fe05d57087f48e730f17e5a5f53ef403d618e5b74d7a7e6ecb', 'c3846bf24b9e93ca64274c0ec67c1ecc5e024ffcacd2d74019350e81fe546ae4']",[],1.0,0ffee3ba8e615ad22535e7f771690a28,303951d4c50efb2e991652225a6f02b1,,,1828.296915,10.0.2.15,55785,52.17.100.63,443,tcp,16.397550000000138,320.0,5268.0,RSTO,True,False,0,ShADadFR,10,728,11,5712,ssl,0
1831.252937,CTnsUB15fTaEPHZQG2,10.0.2.15,55784,52.17.100.63,443,TLSv12,TLS_ECDHE_RSA_WITH_AES_128_GCM_SHA256,secp256r1,bcp.crwdcntrl.net,False,True,CsxknGIi,"['131513af4a65033acc7234be892849a35819b02b70aba4c428c133a0a88fdd2e', '973a41276ffd01e027a2aad49e34c37846d3e976ff6a620b6712e33832041aa6', '3a2fbe92891e57fe05d57087f48e730f17e5a5f53ef403d618e5b74d7a7e6ecb', 'c3846bf24b9e93ca64274c0ec67c1ecc5e024ffcacd2d74019350e81fe546ae4']",[],1.0,0ffee3ba8e615ad22535e7f771690a28,303951d4c50efb2e991652225a6f02b1,,,1828.294583,10.0.2.15,55784,52.17.100.63,443,tcp,83.57805299999995,2531.0,5632.0,SF,True,False,0,ShADadTFf,21,3385,22,6516,ssl,0
1835.343784,CJiH291LwM7pms5ue1,10.0.2.15,55790,199.16.156.241,443,TLSv12,TLS_ECDHE_RSA_WITH_AES_128_GCM_SHA256,secp256r1,syndication.twitter.com,False,True,CsxknGIti,"['75e85da383dbf4ced92713e6768c061d0aca2ee11ea14e2a1486adb26098b2de', '19400be5b7a31fb733917700789d2f0a2471c0c9d506c0e504c06c16d7cb17c0']",[],1.0,0ffee3ba8e615ad22535e7f771690a28,8d2a028aa94425f76ced7826b1f39039,h2,,1831.500487,10.0.2.15,55790,199.16.156.241,443,tcp,13.65395999999987,535.0,3860.0,RSTR,True,False,0,ShADadFRr,13,1071,13,4384,ssl,0
1835.331004,Cv6xQJ1oEWFPn15bq,10.0.2.15,55794,104.20.64.199,443,,,,gomovies.to,False,False,C,,,,1a5fe5677b0e4fbbc854e8908225637d,,,,1831.780907,10.0.2.15,55794,104.20.64.199,443,tcp,8.771800999999869,517.0,0.0,SF,True,False,0,ShADafF,6,773,4,164,ssl,0
1835.67673,CQtnZZ1rJpH9fENuil,10.0.2.15,55797,104.20.64.199,443,,,,gomovies.to,False,False,C,,,,1a5fe5677b0e4fbbc854e8908225637d,,,,1832.03691,10.0.2.15,55797,104.20.64.199,443,tcp,9.198044999999864,517.0,0.0,SF,True,False,0,ShADafF,6,773,4,164,ssl,0
1843.77157,C7SNtC1TOVNcupj1l5,10.0.2.15,55803,52.216.81.192,443,TLSv12,TLS_ECDHE_RSA_WITH_AES_128_GCM_SHA256,secp256r1,load.s3.amazonaws.com,False,True,CsxknGIi,"['659a3d7684850e6d664f5131f9f8765469b9c7017b7a0e206f8c1c9445cb1c69', 'f9690880819f06cdcc0b2f224b207f2af6003fb57339b8679a160fa95208d62d']",[],1.0,0ffee3ba8e615ad22535e7f771690a28,ea615e28cb25adfb2f261151eab3314f,,,1841.508028,10.0.2.15,55803,52.216.81.192,443,tcp,10.992277999999942,625.0,3573.0,SF,True,False,0,ShADadFf,11,1073,15,4177,ssl,0
1843.772115,C4C3rsv6iRtKO6Tni,10.0.2.15,55804,52.216.81.192,443,TLSv12,TLS_ECDHE_RSA_WITH_AES_128_GCM_SHA256,secp256r1,load.s3.amazonaws.com,False,True,CsxknGIi,"['659a3d7684850e6d664f5131f9f8765469b9c7017b7a0e206f8c1c9445cb1c69', 'f9690880819f06cdcc0b2f224b207f2af6003fb57339b8679a160fa95208d62d']",[],1.0,0ffee3ba8e615ad22535e7f771690a28,ea615e28cb25adfb2f261151eab3314f,,,1841.512115,10.0.2.15,55804,52.216.81.192,443,tcp,7.826575000000048,355.0,3040.0,RSTO,True,False,0,ShADadFR,10,763,12,3524,ssl,0
1835.986135,CJeFh82iRk9jc2S7A2,10.0.2.15,55800,104.20.64.199,443,,,,gomovies.to,False,False,C,,,,1a5fe5677b0e4fbbc854e8908225637d,,,,1832.501913,10.0.2.15,55800,104.20.64.199,443,tcp,8.830633999999918,517.0,0.0,SF,True,False,0,ShADafF,6,773,4,164,ssl,0
1845.661263,CIKY1u25Q3k77YT778,10.0.2.15,55805,52.216.81.192,443,TLSv12,TLS_ECDHE_RSA_WITH_AES_128_GCM_SHA256,secp256r1,load.s3.amazonaws.com,False,True,CsxknGIi,"['659a3d7684850e6d664f5131f9f8765469b9c7017b7a0e206f8c1c9445cb1c69', 'f9690880819f06cdcc0b2f224b207f2af6003fb57339b8679a160fa95208d62d']",[],1.0,0ffee3ba8e615ad22535e7f771690a28,ea615e28cb25adfb2f261151eab3314f,,,1843.776103,10.0.2.15,55805,52.216.81.192,443,tcp,7.934970000000021,355.0,3040.0,RSTO,True,False,0,ShADadFR,10,763,14,3604,ssl,0
1850.260775,CsFbgL3ZvGRrTBDrM2,10.0.2.15,55806,216.52.1.12,443,TLSv12,TLS_ECDHE_RSA_WITH_AES_128_GCM_SHA256,secp256r1,loadr.exelator.com,False,True,CsxknGIti,"['df7c62f472c1d3b0d062e9ed1c65f67a88aad738cc232a6b40b55a446e9092f9', '973a41276ffd01e027a2aad49e34c37846d3e976ff6a620b6712e33832041aa6', '3a2fbe92891e57fe05d57087f48e730f17e5a5f53ef403d618e5b74d7a7e6ecb', 'c3846bf24b9e93ca64274c0ec67c1ecc5e024ffcacd2d74019350e81fe546ae4']",[],1.0,1a5fe5677b0e4fbbc854e8908225637d,ccc514751b175866924439bdbb5bba34,,,1850.220521,10.0.2.15,55806,216.52.1.12,443,tcp,1.477262999999993,3919.0,6271.0,SF,True,False,0,ShADadfF,13,4447,18,6995,ssl,0
1835.988805,ClLCMxzybVw2gxb95,10.0.2.15,55787,104.20.64.199,443,,,,gomovies.to,False,False,C,,,,1a5fe5677b0e4fbbc854e8908225637d,,,,1830.763692,10.0.2.15,55787,104.20.64.199,443,tcp,15.41477800000007,517.0,0.0,SF,True,False,0,ShADafF,6,773,4,164,ssl,0
1851.133767,Cz8lRc43KagyssoAia,10.0.2.15,55808,35.156.5.119,443,TLSv12,TLS_ECDHE_RSA_WITH_AES_128_GCM_SHA256,,mt.rtmark.net,True,True,CsiI,,,,0ffee3ba8e615ad22535e7f771690a28,303951d4c50efb2e991652225a6f02b1,,,1851.100465,10.0.2.15,55808,35.156.5.119,443,tcp,6.242780000000039,304.0,176.0,RSTO,True,False,0,ShADadFR,7,592,7,460,ssl,0
1851.265349,CXit6yGyho4es3UY,10.0.2.15,55809,188.72.202.161,443,TLSv12,TLS_ECDHE_RSA_WITH_AES_128_CBC_SHA,,onclkds.com,True,True,CsiI,,,,1a5fe5677b0e4fbbc854e8908225637d,5a450169db1f168548fb87aa841fe743,,,1851.101257,10.0.2.15,55809,188.72.202.161,443,tcp,2.025603000000046,2175.0,1323.0,RSTO,True,False,0,ShADadFR,10,2583,10,1727,ssl,0
1851.272256,CMzHja1Bpo8894PL3d,10.0.2.15,55807,216.52.1.12,443,TLSv12,TLS_ECDHE_RSA_WITH_AES_128_GCM_SHA256,,loadr.exelator.com,True,True,CsiI,,,,1a5fe5677b0e4fbbc854e8908225637d,fbe78c619e7ea20046131294ad087f05,,,1851.099445,10.0.2.15,55807,216.52.1.12,443,tcp,6.315648999999894,599.0,137.0,SF,True,False,0,ShADadFf,7,887,7,421,ssl,0
1836.234957,CNVPDX1FXAPRb0uh1j,10.0.2.15,55801,104.20.64.199,443,,,,gomovies.to,False,False,C,,,,1a5fe5677b0e4fbbc854e8908225637d,,,,1832.762057,10.0.2.15,55801,104.20.64.199,443,tcp,13.808877000000166,517.0,0.0,SF,True,False,0,ShADafF,6,773,4,164,ssl,0
1851.688724,CLTfw92Qqfi2G593Z6,10.0.2.15,55810,188.72.202.161,443,TLSv12,TLS_ECDHE_RSA_WITH_AES_128_CBC_SHA,,onclkds.com,True,True,CsiI,,,,1a5fe5677b0e4fbbc854e8908225637d,5a450169db1f168548fb87aa841fe743,,,1851.490831,10.0.2.15,55810,188.72.202.161,443,tcp,6.777051999999912,1237.0,507.0,SF,True,False,0,ShADadFf,8,1565,9,871,ssl,0
1852.885119,C1jgQvtx7RRQULQj,10.0.2.15,55811,52.216.18.96,443,TLSv12,TLS_ECDHE_RSA_WITH_AES_128_GCM_SHA256,secp256r1,load.s3.amazonaws.com,False,True,CsxknGIi,"['659a3d7684850e6d664f5131f9f8765469b9c7017b7a0e206f8c1c9445cb1c69', 'f9690880819f06cdcc0b2f224b207f2af6003fb57339b8679a160fa95208d62d']",[],1.0,0ffee3ba8e615ad22535e7f771690a28,ea615e28cb25adfb2f261151eab3314f,,,1852.730466,10.0.2.15,55811,52.216.18.96,443,tcp,6.357586999999967,355.0,3040.0,RSTO,True,False,0,ShADadFR,10,763,14,3604,ssl,0
1856.10059,Cfcjnh4QSi57byGrhd,10.0.2.15,55822,216.58.201.74,443,TLSv12,TLS_ECDHE_RSA_WITH_AES_128_GCM_SHA256,x25519,ajax.googleapis.com,False,True,CsxknGIti,"['0ca616f3b5a49ded9af60777a33ae7119bfd6de6a815dbee0b64d5d69491aa06', '9f630426df1d8abfd80ace98871ba833ab9742cb34838de2b5285ed54c0c7dcc', '3c35cc963eb004451323d3275d05b353235053490d9cd83729a2faf5e7ca1cc0']",[],1.0,0ffee3ba8e615ad22535e7f771690a28,ab41313cfec25328b20865eb1388e0a2,h2,,1855.449542,10.0.2.15,55822,216.58.201.74,443,tcp,184.4861739999999,1477.0,35279.0,SF,True,False,0,ShADadFf,39,3045,68,38003,ssl,0
1856.105522,CQRDpvdPrWNYeiHL5,10.0.2.15,55823,216.58.201.74,443,TLSv12,TLS_ECDHE_RSA_WITH_AES_128_GCM_SHA256,x25519,ajax.googleapis.com,False,True,CsxknGIti,"['0ca616f3b5a49ded9af60777a33ae7119bfd6de6a815dbee0b64d5d69491aa06', '9f630426df1d8abfd80ace98871ba833ab9742cb34838de2b5285ed54c0c7dcc', '3c35cc963eb004451323d3275d05b353235053490d9cd83729a2faf5e7ca1cc0']",[],1.0,0ffee3ba8e615ad22535e7f771690a28,ab41313cfec25328b20865eb1388e0a2,h2,,1855.454594,10.0.2.15,55823,216.58.201.74,443,tcp,2.10343899999998,529.0,3968.0,SF,True,False,0,ShADadFf,13,1057,17,4652,ssl,0
1856.606706,Cc8mX94IIYkJKdzsej,10.0.2.15,55826,216.58.201.74,443,TLSv12,TLS_ECDHE_RSA_WITH_AES_128_GCM_SHA256,x25519,ajax.googleapis.com,False,True,CsxknGIti,"['0ca616f3b5a49ded9af60777a33ae7119bfd6de6a815dbee0b64d5d69491aa06', '9f630426df1d8abfd80ace98871ba833ab9742cb34838de2b5285ed54c0c7dcc', '3c35cc963eb004451323d3275d05b353235053490d9cd83729a2faf5e7ca1cc0']",[],1.0,0ffee3ba8e615ad22535e7f771690a28,ab41313cfec25328b20865eb1388e0a2,h2,,1855.708342,10.0.2.15,55826,216.58.201.74,443,tcp,1.860453000000006,529.0,3968.0,RSTO,True,False,0,ShADadFR,13,1057,16,4612,ssl,0
1831.711473,CDJRmG3HS7d0Zd2Wh3,10.0.2.15,55786,52.17.100.63,443,TLSv12,TLS_ECDHE_RSA_WITH_AES_128_GCM_SHA256,secp256r1,bcp.crwdcntrl.net,False,True,CsxknGIi,"['131513af4a65033acc7234be892849a35819b02b70aba4c428c133a0a88fdd2e', '973a41276ffd01e027a2aad49e34c37846d3e976ff6a620b6712e33832041aa6', '3a2fbe92891e57fe05d57087f48e730f17e5a5f53ef403d618e5b74d7a7e6ecb', 'c3846bf24b9e93ca64274c0ec67c1ecc5e024ffcacd2d74019350e81fe546ae4']",[],1.0,0ffee3ba8e615ad22535e7f771690a28,303951d4c50efb2e991652225a6f02b1,,,1828.575118,10.0.2.15,55786,52.17.100.63,443,tcp,29.063002000000097,320.0,5268.0,RSTO,True,False,0,ShADadTR,13,858,13,5792,ssl,0
1867.347558,CFouVlx9Kfe4M5cKi,10.0.2.15,55828,104.20.6.102,443,TLSv12,TLS_ECDHE_ECDSA_WITH_AES_128_GCM_SHA256,,img.gocdn.online,True,True,CsiI,,,,1a5fe5677b0e4fbbc854e8908225637d,96681175a9547081bf3d417f1a572091,http/1.1,,1866.83763,10.0.2.15,55828,104.20.6.102,443,tcp,136.22120799999993,1440.0,107113.0,SF,True,False,0,ShADadTTFf,79,4620,146,112957,ssl,0
1867.598246,C0pUlT2xFMYW1F77Yk,10.0.2.15,55829,104.20.6.102,443,TLSv12,TLS_ECDHE_ECDSA_WITH_AES_128_GCM_SHA256,,img.gocdn.online,True,True,CsiI,,,,1a5fe5677b0e4fbbc854e8908225637d,96681175a9547081bf3d417f1a572091,http/1.1,,1867.351432,10.0.2.15,55829,104.20.6.102,443,tcp,138.805515,1453.0,170231.0,SF,True,False,0,ShADadTTFf,110,5873,208,178555,ssl,0
1868.82131,CMWdKm1OryZLINL301,10.0.2.15,55827,104.20.6.102,443,TLSv12,TLS_ECDHE_ECDSA_WITH_AES_128_GCM_SHA256,,img.gocdn.online,True,True,CsiI,,,,1a5fe5677b0e4fbbc854e8908225637d,96681175a9547081bf3d417f1a572091,http/1.1,,1866.824184,10.0.2.15,55827,104.20.6.102,443,tcp,9.35319000000004,599.0,152.0,SF,True,False,0,ShADadFf,7,887,7,436,ssl,0
1880.131641,CtnTjv2a9J4Q1eNhsc,10.0.2.15,56972,64.58.116.134,443,TLSv12,TLS_ECDHE_RSA_WITH_AES_256_GCM_SHA384,secp256r1,c.mgid.com,False,True,CsxknGIti,"['1bd5ce3406a4db24599dd1c61b47ecef42bbf6a4d452e6fbd2b5eeca22c367b2', '973a41276ffd01e027a2aad49e34c37846d3e976ff6a620b6712e33832041aa6', '3a2fbe92891e57fe05d57087f48e730f17e5a5f53ef403d618e5b74d7a7e6ecb', 'c3846bf24b9e93ca64274c0ec67c1ecc5e024ffcacd2d74019350e81fe546ae4']",[],1.0,0ffee3ba8e615ad22535e7f771690a28,a39e18564e32e1822751c4af0bfba817,h2,,1879.390273,10.0.2.15,56972,64.58.116.134,443,tcp,1.556051000000025,524.0,5552.0,RSTO,True,False,0,ShADadFR,12,1012,16,6196,ssl,0
1880.132829,Cl1XZ42YqU3SLqQt9c,10.0.2.15,56971,64.58.116.134,443,TLSv12,TLS_ECDHE_RSA_WITH_AES_256_GCM_SHA384,secp256r1,c.mgid.com,False,True,CsxknGIti,"['1bd5ce3406a4db24599dd1c61b47ecef42bbf6a4d452e6fbd2b5eeca22c367b2', '973a41276ffd01e027a2aad49e34c37846d3e976ff6a620b6712e33832041aa6', '3a2fbe92891e57fe05d57087f48e730f17e5a5f53ef403d618e5b74d7a7e6ecb', 'c3846bf24b9e93ca64274c0ec67c1ecc5e024ffcacd2d74019350e81fe546ae4']",[],1.0,0ffee3ba8e615ad22535e7f771690a28,a39e18564e32e1822751c4af0bfba817,h2,,1879.389734,10.0.2.15,56971,64.58.116.134,443,tcp,1.637235999999802,524.0,5552.0,RSTO,True,False,0,ShADadFR,12,1012,16,6196,ssl,0
1880.240637,CiAzVQVKTRjVgq6q8,10.0.2.15,56973,64.58.116.134,443,TLSv12,TLS_ECDHE_RSA_WITH_AES_256_GCM_SHA384,secp256r1,c.mgid.com,False,True,CsxknGIti,"['1bd5ce3406a4db24599dd1c61b47ecef42bbf6a4d452e6fbd2b5eeca22c367b2', '973a41276ffd01e027a2aad49e34c37846d3e976ff6a620b6712e33832041aa6', '3a2fbe92891e57fe05d57087f48e730f17e5a5f53ef403d618e5b74d7a7e6ecb', 'c3846bf24b9e93ca64274c0ec67c1ecc5e024ffcacd2d74019350e81fe546ae4']",[],1.0,0ffee3ba8e615ad22535e7f771690a28,a39e18564e32e1822751c4af0bfba817,h2,,1879.64343,10.0.2.15,56973,64.58.116.134,443,tcp,1.751974000000018,524.0,5552.0,RSTO,True,False,0,ShADadFR,10,932,13,6076,ssl,0
1881.547026,CxSFO92sGDyB0X1Uhb,10.0.2.15,56974,172.217.23.237,443,TLSv12,TLS_ECDHE_RSA_WITH_AES_128_GCM_SHA256,x25519,accounts.google.com,False,True,CsxknGIti,"['db115550b0150d52e887a39b4b96793248152b63f300461c73a507e588f3f749', '9f630426df1d8abfd80ace98871ba833ab9742cb34838de2b5285ed54c0c7dcc', '3c35cc963eb004451323d3275d05b353235053490d9cd83729a2faf5e7ca1cc0']",[],1.0,0ffee3ba8e615ad22535e7f771690a28,ab41313cfec25328b20865eb1388e0a2,h2,,1881.306253,10.0.2.15,56974,172.217.23.237,443,tcp,167.05791999999997,1313.0,4810.0,SF,True,False,0,ShADadFf,21,2161,25,5814,ssl,0
1882.034447,ChxLUQ1tWLPB3Qr7I2,10.0.2.15,56975,172.217.23.227,443,TLSv12,TLS_ECDHE_ECDSA_WITH_AES_128_GCM_SHA256,x25519,ssl.gstatic.com,False,True,CsxknGIti,"['11ddd329046367c19b32ffdb02ed308de129de4d6ffcf95856d7bd6a7accfba9', '9f630426df1d8abfd80ace98871ba833ab9742cb34838de2b5285ed54c0c7dcc', '3c35cc963eb004451323d3275d05b353235053490d9cd83729a2faf5e7ca1cc0']",[],1.0,0ffee3ba8e615ad22535e7f771690a28,84480cf8cf0e732666092640e581e1a5,h2,,1882.004894,10.0.2.15,56975,172.217.23.227,443,tcp,162.30575900000008,655.0,4514.0,SF,True,False,0,ShADadFf,18,1383,22,5398,ssl,0
1898.630753,CNGfN5294i0eLrXqm9,10.0.2.15,57000,159.122.19.164,443,TLSv12,TLS_ECDHE_RSA_WITH_AES_128_GCM_SHA256,secp256r1,api.mixpanel.com,False,True,CsxknGIti,"['229a96c70c6d8b2936b27ac8653884f7e9fa2fcfe8f007b03aed4728877f4903', 'e6683e88315cd1cb403c0cea490f7c4b4c82c91cd485037489aadbaa90839f61']",[],1.0,0ffee3ba8e615ad22535e7f771690a28,ccc514751b175866924439bdbb5bba34,,,1897.994979,10.0.2.15,57000,159.122.19.164,443,tcp,8.337687999999844,350.0,3431.0,SF,True,False,0,ShADadFf,10,758,12,3915,ssl,0
1898.626496,C1PiCD2d6GidgUTLy7,10.0.2.15,56999,159.122.19.164,443,TLSv12,TLS_ECDHE_RSA_WITH_AES_128_GCM_SHA256,secp256r1,api.mixpanel.com,False,True,CsxknGIti,"['229a96c70c6d8b2936b27ac8653884f7e9fa2fcfe8f007b03aed4728877f4903', 'e6683e88315cd1cb403c0cea490f7c4b4c82c91cd485037489aadbaa90839f61']",[],1.0,0ffee3ba8e615ad22535e7f771690a28,ccc514751b175866924439bdbb5bba34,,,1897.993036,10.0.2.15,56999,159.122.19.164,443,tcp,67.69930999999997,4006.0,3955.0,SF,True,False,0,ShADadTfF,18,4740,21,4799,ssl,0
1898.856475,Cabzan2O1z7pPFJKA2,10.0.2.15,57001,159.122.19.164,443,TLSv12,TLS_ECDHE_RSA_WITH_AES_128_GCM_SHA256,secp256r1,api.mixpanel.com,False,True,CsxknGIti,"['229a96c70c6d8b2936b27ac8653884f7e9fa2fcfe8f007b03aed4728877f4903', 'e6683e88315cd1cb403c0cea490f7c4b4c82c91cd485037489aadbaa90839f61']",[],1.0,0ffee3ba8e615ad22535e7f771690a28,ccc514751b175866924439bdbb5bba34,,,1898.249165,10.0.2.15,57001,159.122.19.164,443,tcp,8.083386000000019,350.0,3431.0,SF,True,False,0,ShADadFf,10,758,12,3915,ssl,0
1906.818967,CMFy0F2o2mvgeND4nj,10.0.2.15,57012,95.101.250.34,443,TLSv12,TLS_ECDHE_RSA_WITH_AES_256_GCM_SHA384,secp256r1,use.typekit.net,False,True,CsxknGIti,"['a023403dd8cfbb6a4de86bc4fc5926cf3d96ed52280ca0c8f64937c50ff66c73', 'eae72eb454bf6c3977ebd289e970b2f5282949190093d0d26f98d0f0d6a9cf17']",[],1.0,0ffee3ba8e615ad22535e7f771690a28,2b33c1374db4ddf06942f92373c0b54b,h2,,1906.300319,10.0.2.15,57012,95.101.250.34,443,tcp,78.57797600000004,2218.0,287398.0,SF,True,False,0,ShADadfF,123,7146,290,299002,ssl,0
1906.850374,Ccus214hy6cLTHkvw6,10.0.2.15,57013,95.101.250.34,443,TLSv12,TLS_ECDHE_RSA_WITH_AES_256_GCM_SHA384,secp256r1,use.typekit.net,False,True,CsxknGIti,"['a023403dd8cfbb6a4de86bc4fc5926cf3d96ed52280ca0c8f64937c50ff66c73', 'eae72eb454bf6c3977ebd289e970b2f5282949190093d0d26f98d0f0d6a9cf17']",[],1.0,0ffee3ba8e615ad22535e7f771690a28,2b33c1374db4ddf06942f92373c0b54b,h2,,1906.561001,10.0.2.15,57013,95.101.250.34,443,tcp,1.428380000000061,527.0,3921.0,RSTO,True,False,0,ShADadFR,9,895,10,4325,ssl,0
1907.415524,CskYGq28iy31VolOi6,10.0.2.15,57015,23.74.201.41,443,TLSv12,TLS_ECDHE_RSA_WITH_AES_256_GCM_SHA384,secp256r1,www.avast.com,False,True,CsxknGIti,"['0dcb5c596746ad053e725c93d4153db9b512fe8156d375936d52722ff08eb686', '403e062a2653059113285baf80a0d4ae422c848c9f78fad01fc94bc5b87fef1a']",[],1.0,0ffee3ba8e615ad22535e7f771690a28,2b33c1374db4ddf06942f92373c0b54b,h2,,1906.929524,10.0.2.15,57015,23.74.201.41,443,tcp,134.29290000000017,1590.0,34186.0,SF,True,False,0,ShADadFf,40,3198,60,36590,ssl,0
1907.419068,CMVemL3tgKyI2sJMHi,10.0.2.15,57014,23.74.201.41,443,TLSv12,TLS_ECDHE_RSA_WITH_AES_256_GCM_SHA384,secp256r1,www.avast.com,False,True,CsxknGIti,"['0dcb5c596746ad053e725c93d4153db9b512fe8156d375936d52722ff08eb686', '403e062a2653059113285baf80a0d4ae422c848c9f78fad01fc94bc5b87fef1a']",[],1.0,0ffee3ba8e615ad22535e7f771690a28,2b33c1374db4ddf06942f92373c0b54b,h2,,1906.927209,10.0.2.15,57014,23.74.201.41,443,tcp,4.903803000000153,556.0,4368.0,SF,True,False,0,ShADadFfRr,13,1084,16,5012,ssl,0
1907.890516,CRkdQi29ElRr9jnBq,10.0.2.15,57016,23.74.201.41,443,TLSv12,TLS_ECDHE_RSA_WITH_AES_256_GCM_SHA384,secp256r1,www.avast.com,False,True,CsxknGIti,"['0dcb5c596746ad053e725c93d4153db9b512fe8156d375936d52722ff08eb686', '403e062a2653059113285baf80a0d4ae422c848c9f78fad01fc94bc5b87fef1a']",[],1.0,0ffee3ba8e615ad22535e7f771690a28,2b33c1374db4ddf06942f92373c0b54b,h2,,1907.184207,10.0.2.15,57016,23.74.201.41,443,tcp,3.726484000000027,556.0,4337.0,RSTR,True,False,0,ShADadRr,12,1044,13,4861,ssl,0
1916.902425,CvOzvM2Pp48Dcz6fJ3,10.0.2.15,57048,172.217.23.238,443,TLSv12,TLS_ECDHE_RSA_WITH_AES_128_GCM_SHA256,x25519,www.google-analytics.com,False,True,CsxknGIti,"['31ed45c3400fc5f9a84dfaa0a6f6171369876ed4e2da669ee7f8edbe3593bf6b', '9f630426df1d8abfd80ace98871ba833ab9742cb34838de2b5285ed54c0c7dcc', '3c35cc963eb004451323d3275d05b353235053490d9cd83729a2faf5e7ca1cc0']",[],1.0,0ffee3ba8e615ad22535e7f771690a28,ab41313cfec25328b20865eb1388e0a2,h2,,1916.791832,10.0.2.15,57048,172.217.23.238,443,tcp,10.357818999999836,1179.0,17140.0,SF,True,False,0,ShADadFf,26,2227,42,18824,ssl,0
1916.91142,CEvaOT2lhVyAkgzm23,10.0.2.15,57046,172.217.23.226,443,TLSv12,TLS_ECDHE_RSA_WITH_AES_128_GCM_SHA256,x25519,securepubads.g.doubleclick.net,False,True,CsxknGIti,"['a32ffddd76f9e7debbfc9a37b38d2ef86039b30a10d7c45ab8223d149cf99699', '9f630426df1d8abfd80ace98871ba833ab9742cb34838de2b5285ed54c0c7dcc', '3c35cc963eb004451323d3275d05b353235053490d9cd83729a2faf5e7ca1cc0']",[],1.0,0ffee3ba8e615ad22535e7f771690a28,ab41313cfec25328b20865eb1388e0a2,h2,,1916.790747,10.0.2.15,57046,172.217.23.226,443,tcp,124.04478599999992,1043.0,129508.0,SF,True,False,0,ShADadFf,105,5251,192,137192,ssl,0
1917.747846,CPJR6Z1UtVb2lh5CI,10.0.2.15,57052,95.100.190.12,443,TLSv12,TLS_ECDHE_RSA_WITH_AES_256_GCM_SHA384,secp256r1,static2.avast.com,False,True,CsxknGIti,"['e171520542204b50c337b4e02943135a92215fd0f74871d80f938dada84c2fc1', '19400be5b7a31fb733917700789d2f0a2471c0c9d506c0e504c06c16d7cb17c0', '7431e5f4c3c1ce4690774f0b61e05440883ba9a01ed00ba6abd7806ed3b118cf']",[],1.0,0ffee3ba8e615ad22535e7f771690a28,2b33c1374db4ddf06942f92373c0b54b,http/1.1,,1916.888729,10.0.2.15,57052,95.100.190.12,443,tcp,124.35329499999987,3992.0,143205.0,SF,True,False,0,ShADadTFf,87,7488,177,150289,ssl,0
1917.751991,CEeQqKrJSjsnTgZck,10.0.2.15,57051,95.100.190.12,443,TLSv12,TLS_ECDHE_RSA_WITH_AES_256_GCM_SHA384,secp256r1,static2.avast.com,False,True,CsxknGIti,"['e171520542204b50c337b4e02943135a92215fd0f74871d80f938dada84c2fc1', '19400be5b7a31fb733917700789d2f0a2471c0c9d506c0e504c06c16d7cb17c0', '7431e5f4c3c1ce4690774f0b61e05440883ba9a01ed00ba6abd7806ed3b118cf']",[],1.0,0ffee3ba8e615ad22535e7f771690a28,2b33c1374db4ddf06942f92373c0b54b,http/1.1,,1916.886905,10.0.2.15,57051,95.100.190.12,443,tcp,123.94367699999998,3970.0,26121.0,SF,True,False,0,ShADadTFRfr,43,5706,57,28405,ssl,0
1913.207004,C80RUm2I11FCnw6Ur6,10.0.2.15,57034,162.247.242.20,443,TLSv12,TLS_DHE_RSA_WITH_AES_256_CBC_SHA,,bam.nr-data.net,False,True,CsxknGIi,"['e7489ed1f465ba2b3ce0faef3a43a3895cd097733dbb5b713df8b299270ca145', '074541ecdf88ed992ed5ade3ecddef27a26ba1b44480a195c0a8dadae2521d8e']",[],1.0,0ffee3ba8e615ad22535e7f771690a28,d90fa179c9daf35598ed8341272118f7,,,1911.75799,10.0.2.15,57034,162.247.242.20,443,tcp,11.650699000000031,491.0,3476.0,SF,True,False,0,ShADadFf,10,899,10,3880,ssl,0
1917.755057,CEEZeS2stf5d99fUx7,10.0.2.15,57049,95.100.190.12,443,TLSv12,TLS_ECDHE_RSA_WITH_AES_256_GCM_SHA384,secp256r1,static.avast.com,False,True,CsxknGIti,"['e171520542204b50c337b4e02943135a92215fd0f74871d80f938dada84c2fc1', '19400be5b7a31fb733917700789d2f0a2471c0c9d506c0e504c06c16d7cb17c0', '7431e5f4c3c1ce4690774f0b61e05440883ba9a01ed00ba6abd7806ed3b118cf']",[],1.0,0ffee3ba8e615ad22535e7f771690a28,2b33c1374db4ddf06942f92373c0b54b,http/1.1,,1916.881077,10.0.2.15,57049,95.100.190.12,443,tcp,129.28080999999997,659.0,5126.0,SF,True,False,0,ShADadTTFRfr,25,1678,28,6250,ssl,0
1917.762753,CPwxH13lNW7Gxqv6P8,10.0.2.15,57050,95.100.190.12,443,TLSv12,TLS_ECDHE_RSA_WITH_AES_256_GCM_SHA384,secp256r1,static2.avast.com,False,True,CsxknGIti,"['e171520542204b50c337b4e02943135a92215fd0f74871d80f938dada84c2fc1', '19400be5b7a31fb733917700789d2f0a2471c0c9d506c0e504c06c16d7cb17c0', '7431e5f4c3c1ce4690774f0b61e05440883ba9a01ed00ba6abd7806ed3b118cf']",[],1.0,0ffee3ba8e615ad22535e7f771690a28,2b33c1374db4ddf06942f92373c0b54b,http/1.1,,1916.883288,10.0.2.15,57050,95.100.190.12,443,tcp,123.4977080000001,3840.0,261540.0,SF,True,False,0,ShADadTFRfr,157,10135,324,274504,ssl,0
1912.563144,CIHfGm3qrrfKO9ttIe,10.0.2.15,57029,162.247.242.20,443,TLSv12,TLS_DHE_RSA_WITH_AES_256_CBC_SHA,,bam.nr-data.net,False,True,CsxknGIi,"['e7489ed1f465ba2b3ce0faef3a43a3895cd097733dbb5b713df8b299270ca145', '074541ecdf88ed992ed5ade3ecddef27a26ba1b44480a195c0a8dadae2521d8e']",[],1.0,0ffee3ba8e615ad22535e7f771690a28,d90fa179c9daf35598ed8341272118f7,,,1911.484063,10.0.2.15,57029,162.247.242.20,443,tcp,106.34660699999996,1440.0,3609.0,SF,True,False,0,ShADadTfF,20,2257,21,4453,ssl,0
1914.792201,CakbiR3BS5Tk7r59nd,10.0.2.15,57036,172.217.23.226,443,TLSv12,TLS_ECDHE_RSA_WITH_AES_128_GCM_SHA256,x25519,securepubads.g.doubleclick.net,False,True,CsxknGIti,"['a32ffddd76f9e7debbfc9a37b38d2ef86039b30a10d7c45ab8223d149cf99699', '9f630426df1d8abfd80ace98871ba833ab9742cb34838de2b5285ed54c0c7dcc', '3c35cc963eb004451323d3275d05b353235053490d9cd83729a2faf5e7ca1cc0']",[],1.0,0ffee3ba8e615ad22535e7f771690a28,ab41313cfec25328b20865eb1388e0a2,h2,,1912.901361,10.0.2.15,57036,172.217.23.226,443,tcp,13.18407400000001,842.0,22956.0,RSTR,True,False,0,ShADadFRRRr,30,2050,42,24640,ssl,0
1917.773658,CBRICQzrEJWwrbcFh,10.0.2.15,57055,95.100.190.12,443,TLSv12,TLS_ECDHE_RSA_WITH_AES_256_GCM_SHA384,secp256r1,static2.avast.com,False,True,CsxknGIti,"['e171520542204b50c337b4e02943135a92215fd0f74871d80f938dada84c2fc1', '19400be5b7a31fb733917700789d2f0a2471c0c9d506c0e504c06c16d7cb17c0', '7431e5f4c3c1ce4690774f0b61e05440883ba9a01ed00ba6abd7806ed3b118cf']",[],1.0,0ffee3ba8e615ad22535e7f771690a28,2b33c1374db4ddf06942f92373c0b54b,http/1.1,,1916.892285,10.0.2.15,57055,95.100.190.12,443,tcp,124.31135000000016,3362.0,350437.0,SF,True,False,0,ShADadTFRfr,224,12337,440,368041,ssl,0
1917.775068,Cv9XQF14xPHD29ceE9,10.0.2.15,57054,95.100.190.12,443,TLSv12,TLS_ECDHE_RSA_WITH_AES_256_GCM_SHA384,secp256r1,static2.avast.com,False,True,CsxknGIti,"['e171520542204b50c337b4e02943135a92215fd0f74871d80f938dada84c2fc1', '19400be5b7a31fb733917700789d2f0a2471c0c9d506c0e504c06c16d7cb17c0', '7431e5f4c3c1ce4690774f0b61e05440883ba9a01ed00ba6abd7806ed3b118cf']",[],1.0,0ffee3ba8e615ad22535e7f771690a28,2b33c1374db4ddf06942f92373c0b54b,http/1.1,,1916.891311,10.0.2.15,57054,95.100.190.12,443,tcp,124.08875899999998,3739.0,184403.0,SF,True,False,0,ShADadTFf,126,8794,229,193567,ssl,0
1917.780329,COwGa83mF5aC1s0v98,10.0.2.15,57053,95.100.190.12,443,TLSv12,TLS_ECDHE_RSA_WITH_AES_256_GCM_SHA384,secp256r1,static2.avast.com,False,True,CsxknGIti,"['e171520542204b50c337b4e02943135a92215fd0f74871d80f938dada84c2fc1', '19400be5b7a31fb733917700789d2f0a2471c0c9d506c0e504c06c16d7cb17c0', '7431e5f4c3c1ce4690774f0b61e05440883ba9a01ed00ba6abd7806ed3b118cf']",[],1.0,0ffee3ba8e615ad22535e7f771690a28,2b33c1374db4ddf06942f92373c0b54b,http/1.1,,1916.890218,10.0.2.15,57053,95.100.190.12,443,tcp,124.341903,4511.0,73601.0,SF,True,False,0,ShADadTFRfr,70,7327,113,78125,ssl,0
1918.936562,CRs8Kt471xZnOetgUh,10.0.2.15,57057,34.205.241.170,443,TLSv12,TLS_ECDHE_RSA_WITH_AES_128_GCM_SHA256,secp256r1,platform.instagram.com,False,True,CsxknGIti,"['75f97496eafd0cbf253c16a154838631116569e35c96831f9720036d048f93a4', '19400be5b7a31fb733917700789d2f0a2471c0c9d506c0e504c06c16d7cb17c0']",[],1.0,0ffee3ba8e615ad22535e7f771690a28,b898351eb5e266aefd3723d466935494,h2,,1917.624122,10.0.2.15,57057,34.205.241.170,443,tcp,42.71550500000012,857.0,4229.0,SF,True,False,0,ShADadfF,17,1545,18,4953,ssl,0
1919.794228,CuplBb3jKQchmShgxk,10.0.2.15,57063,31.13.71.7,443,TLSv12,TLS_ECDHE_ECDSA_WITH_AES_128_GCM_SHA256,secp256r1,connect.facebook.net,False,True,CsxknGIti,"['152151b387412a95ab90fd4664f2d98880408e9e43913124e4c91226a483386b', '19400be5b7a31fb733917700789d2f0a2471c0c9d506c0e504c06c16d7cb17c0']",[],1.0,0ffee3ba8e615ad22535e7f771690a28,2d1eb5817ece335c24904f516ad5da12,h2,,1917.852163,10.0.2.15,57063,31.13.71.7,443,tcp,101.88901899999996,963.0,129781.0,SF,True,False,0,ShADadfF,69,3731,110,134185,ssl,0
1920.698458,Co9cIm3nWler5aPgl7,10.0.2.15,57067,54.247.99.148,443,TLSv12,TLS_ECDHE_RSA_WITH_AES_128_GCM_SHA256,secp256r1,d.adroll.com,False,True,CsxknGIi,"['30d9e6a96455a203c6d0e675630de083191a9ec88b4ede4851365088792e1417', 'e6683e88315cd1cb403c0cea490f7c4b4c82c91cd485037489aadbaa90839f61', 'ff856a2d251dcd88d36656f450126798cfabaade40799c722de4d2b5db36a73a']",[],1.0,0ffee3ba8e615ad22535e7f771690a28,303951d4c50efb2e991652225a6f02b1,,,1918.892507,10.0.2.15,57067,54.247.99.148,443,tcp,7.280266999999867,315.0,4104.0,RSTO,True,False,0,ShADadFR,8,643,8,4428,ssl,0
1919.799421,CQAclrpNkM5mq6761,10.0.2.15,57062,172.217.23.238,443,TLSv12,TLS_ECDHE_ECDSA_WITH_AES_128_GCM_SHA256,,safebrowsing.google.com,False,False,Cs,,,,0ffee3ba8e615ad22535e7f771690a28,84480cf8cf0e732666092640e581e1a5,h2,,1917.842868,10.0.2.15,57062,172.217.23.238,443,tcp,3.8498520000000553,200.0,1420.0,RSTO,True,False,0,ShADaFdR,5,408,4,1584,ssl,0
1926.224919,CtbKv445qE9q5Q5Edf,10.0.2.15,57082,54.217.215.61,443,TLSv12,TLS_ECDHE_RSA_WITH_AES_128_GCM_SHA256,secp256r1,d.adroll.com,False,True,CsxknGIi,"['30d9e6a96455a203c6d0e675630de083191a9ec88b4ede4851365088792e1417', 'e6683e88315cd1cb403c0cea490f7c4b4c82c91cd485037489aadbaa90839f61', 'ff856a2d251dcd88d36656f450126798cfabaade40799c722de4d2b5db36a73a']",[],1.0,0ffee3ba8e615ad22535e7f771690a28,303951d4c50efb2e991652225a6f02b1,,,1922.772663,10.0.2.15,57082,54.217.215.61,443,tcp,11.716442000000145,346.0,4135.0,SF,True,False,0,ShAaDdFfRr,12,842,13,4659,ssl,0
1930.85399,CG5FG4qG4oyaAWjy9,10.0.2.15,57086,172.217.23.232,443,TLSv12,TLS_ECDHE_RSA_WITH_AES_128_GCM_SHA256,x25519,www.googletagmanager.com,False,True,CsxknGIti,"['31ed45c3400fc5f9a84dfaa0a6f6171369876ed4e2da669ee7f8edbe3593bf6b', '9f630426df1d8abfd80ace98871ba833ab9742cb34838de2b5285ed54c0c7dcc', '3c35cc963eb004451323d3275d05b353235053490d9cd83729a2faf5e7ca1cc0']",[],1.0,0ffee3ba8e615ad22535e7f771690a28,ab41313cfec25328b20865eb1388e0a2,h2,,1929.631838,10.0.2.15,57086,172.217.23.232,443,tcp,111.348207,871.0,46810.0,SF,True,False,0,ShADadFf,48,2799,81,50054,ssl,0
1931.051556,CoNNDO3rzjUdnk7I6b,10.0.2.15,57087,95.100.190.12,443,TLSv12,TLS_ECDHE_RSA_WITH_AES_256_GCM_SHA384,secp256r1,static2.avast.com,False,True,CsxknGIti,"['e171520542204b50c337b4e02943135a92215fd0f74871d80f938dada84c2fc1', '19400be5b7a31fb733917700789d2f0a2471c0c9d506c0e504c06c16d7cb17c0', '7431e5f4c3c1ce4690774f0b61e05440883ba9a01ed00ba6abd7806ed3b118cf']",[],1.0,0ffee3ba8e615ad22535e7f771690a28,2b33c1374db4ddf06942f92373c0b54b,http/1.1,,1930.070167,10.0.2.15,57087,95.100.190.12,443,tcp,111.58050099999993,813.0,54102.0,SF,True,False,0,ShADadTTFf,44,2591,84,57466,ssl,0
1932.745505,C4kRd2863eELK1CZh,10.0.2.15,57091,95.100.190.12,443,TLSv12,TLS_ECDHE_RSA_WITH_AES_256_GCM_SHA384,,static2.avast.com,True,True,CsiI,,,,1a5fe5677b0e4fbbc854e8908225637d,410b9bedaf65dd26c6fe547154d60db4,http/1.1,,1932.234693,10.0.2.15,57091,95.100.190.12,443,tcp,113.27541999999994,1061.0,48730.0,RSTO,True,False,0,ShADadTFR,43,2798,71,51574,ssl,0
1932.749044,CVmAT41QBLqhjBx8L4,10.0.2.15,57090,95.100.190.12,443,TLSv12,TLS_ECDHE_RSA_WITH_AES_256_GCM_SHA384,,static2.avast.com,True,True,CsiI,,,,1a5fe5677b0e4fbbc854e8908225637d,410b9bedaf65dd26c6fe547154d60db4,http/1.1,,1932.233804,10.0.2.15,57090,95.100.190.12,443,tcp,113.14831800000002,1059.0,48159.0,SF,True,False,0,ShADadTFf,47,2956,71,51003,ssl,0
1932.750839,CO9YHRtWlPgIZrT0c,10.0.2.15,57089,95.100.190.12,443,TLSv12,TLS_ECDHE_RSA_WITH_AES_256_GCM_SHA384,,static2.avast.com,True,True,CsiI,,,,1a5fe5677b0e4fbbc854e8908225637d,410b9bedaf65dd26c6fe547154d60db4,http/1.1,,1932.233265,10.0.2.15,57089,95.100.190.12,443,tcp,113.25619499999992,1058.0,50116.0,SF,True,False,0,ShADadTFf,44,2835,72,53000,ssl,0
1932.75479,CqIy6x3igyQfZUSmJ5,10.0.2.15,57088,95.100.190.12,443,TLSv12,TLS_ECDHE_RSA_WITH_AES_256_GCM_SHA384,,static2.avast.com,True,True,CsiI,,,,1a5fe5677b0e4fbbc854e8908225637d,410b9bedaf65dd26c6fe547154d60db4,http/1.1,,1932.232342,10.0.2.15,57088,95.100.190.12,443,tcp,9.209192999999914,599.0,183.0,SF,True,False,0,ShADadFfRr,8,927,9,547,ssl,0
1933.447248,CBVIkF435oF1deaZA5,10.0.2.15,57098,95.100.190.12,443,TLSv12,TLS_ECDHE_RSA_WITH_AES_256_GCM_SHA384,,static2.avast.com,True,True,CsiI,,,,1a5fe5677b0e4fbbc854e8908225637d,410b9bedaf65dd26c6fe547154d60db4,http/1.1,,1932.629329,10.0.2.15,57098,95.100.190.12,443,tcp,23.59507299999996,599.0,183.0,SF,True,False,0,ShADadFTfRr,9,968,10,587,ssl,0
1933.548094,CVlT3929DlFRZfGfPi,10.0.2.15,57101,95.100.190.12,443,TLSv12,TLS_ECDHE_RSA_WITH_AES_256_GCM_SHA384,,static2.avast.com,True,True,CsiI,,,,1a5fe5677b0e4fbbc854e8908225637d,410b9bedaf65dd26c6fe547154d60db4,http/1.1,,1932.641955,10.0.2.15,57101,95.100.190.12,443,tcp,23.72587099999987,599.0,183.0,SF,True,False,0,ShADadFTfRr,9,968,10,587,ssl,0
1933.5536,CAa0Ds3t3xsYIFPXS7,10.0.2.15,57100,95.100.190.12,443,TLSv12,TLS_ECDHE_RSA_WITH_AES_256_GCM_SHA384,,static2.avast.com,True,True,CsiI,,,,1a5fe5677b0e4fbbc854e8908225637d,410b9bedaf65dd26c6fe547154d60db4,http/1.1,,1932.636855,10.0.2.15,57100,95.100.190.12,443,tcp,23.710710000000063,599.0,183.0,SF,True,False,0,ShADadFTfRr,9,968,10,587,ssl,0
1933.56151,CoLoPl1z8WPxoMRDj5,10.0.2.15,57099,95.100.190.12,443,TLSv12,TLS_ECDHE_RSA_WITH_AES_256_GCM_SHA384,,static2.avast.com,True,True,CsiI,,,,1a5fe5677b0e4fbbc854e8908225637d,410b9bedaf65dd26c6fe547154d60db4,http/1.1,,1932.632918,10.0.2.15,57099,95.100.190.12,443,tcp,8.805828999999903,599.0,183.0,SF,True,False,0,ShADadFfRr,8,927,9,547,ssl,0
1933.144273,C2RhQB33ZhtjScPTnc,10.0.2.15,57096,52.7.47.199,443,TLSv12,TLS_ECDHE_RSA_WITH_AES_128_GCM_SHA256,secp256r1,www.civicscience.com,False,True,CsxknGIi,"['dc8d413e8c2468384b9d5638a8624d2c505ecf57000227cc094cba40f1d44f11', 'e6683e88315cd1cb403c0cea490f7c4b4c82c91cd485037489aadbaa90839f61']",[],1.0,0ffee3ba8e615ad22535e7f771690a28,303951d4c50efb2e991652225a6f02b1,,,1932.581974,10.0.2.15,57096,52.7.47.199,443,tcp,85.22270400000002,1271.0,74669.0,SF,True,False,0,ShADadTFf,59,3645,110,79073,ssl,0
1923.100763,C6z38q42pvQaQFcB2l,10.0.2.15,57071,172.217.23.238,443,TLSv12,TLS_ECDHE_ECDSA_WITH_AES_128_GCM_SHA256,x25519,safebrowsing.google.com,False,False,CsxknGI,"['11ddd329046367c19b32ffdb02ed308de129de4d6ffcf95856d7bd6a7accfba9', '9f630426df1d8abfd80ace98871ba833ab9742cb34838de2b5285ed54c0c7dcc', '3c35cc963eb004451323d3275d05b353235053490d9cd83729a2faf5e7ca1cc0']",[],1.0,0ffee3ba8e615ad22535e7f771690a28,84480cf8cf0e732666092640e581e1a5,h2,,1920.237307,10.0.2.15,57071,172.217.23.238,443,tcp,16.14907099999982,456.0,4024.0,SF,True,False,0,ShADadfF,9,824,9,4388,ssl,0
1938.218668,CtLuNV0LtPkXI6pgi,10.0.2.15,57107,52.7.47.199,443,TLSv12,TLS_ECDHE_RSA_WITH_AES_128_GCM_SHA256,,www.civicscience.com,True,True,CsiI,,,,0ffee3ba8e615ad22535e7f771690a28,303951d4c50efb2e991652225a6f02b1,,,1934.579078,10.0.2.15,57107,52.7.47.199,443,tcp,17.62253499999997,311.0,176.0,RSTO,True,False,0,ShADadFR,8,647,7,460,ssl,0
1942.378304,CQwWXH175yh7InmhT9,10.0.2.15,57110,46.51.197.89,443,TLSv12,TLS_ECDHE_RSA_WITH_AES_128_GCM_SHA256,secp256r1,duckduckgo.com,False,True,CsxuknGIti,"['153e5cf27252fa4c0112d99d43839a4f6587ebd1a90099dd9b031e64ace70d9c', '154c433c491929c5ef686e838e323664a00e6a0d822ccc958fb4dab03e49a08f']",[],1.0,0ffee3ba8e615ad22535e7f771690a28,76cc3e2d3028143b23ec18e27dbd7ca9,h2,,1941.395233,10.0.2.15,57110,46.51.197.89,443,tcp,48.58804299999997,3224.0,506045.0,SF,True,False,0,ShADadFf,291,14872,607,530329,ssl,0
1942.469248,C9X1Ts4RtxLViY6Yql,10.0.2.15,57111,46.51.197.89,443,TLSv12,TLS_ECDHE_RSA_WITH_AES_128_GCM_SHA256,secp256r1,duckduckgo.com,False,True,CsxuknGIti,"['153e5cf27252fa4c0112d99d43839a4f6587ebd1a90099dd9b031e64ace70d9c', '154c433c491929c5ef686e838e323664a00e6a0d822ccc958fb4dab03e49a08f']",[],1.0,0ffee3ba8e615ad22535e7f771690a28,76cc3e2d3028143b23ec18e27dbd7ca9,h2,,1941.396182,10.0.2.15,57111,46.51.197.89,443,tcp,4.586857000000009,526.0,3763.0,RSTO,True,False,0,ShADadFR,10,934,10,4167,ssl,0
1944.901533,CxTST91tBdc31wjqz3,10.0.2.15,57113,216.137.61.131,443,TLSv12,TLS_ECDHE_RSA_WITH_AES_128_GCM_SHA256,secp256r1,dnn506yrbagrg.cloudfront.net,False,True,CsxuknGIti,"['90c0937808b31877df6c4a5c743c99325d974624be3735faa5078cf73d4fd205', 'eae72eb454bf6c3977ebd289e970b2f5282949190093d0d26f98d0f0d6a9cf17']",[],1.0,0ffee3ba8e615ad22535e7f771690a28,76cc3e2d3028143b23ec18e27dbd7ca9,http/1.1,,1944.148665,10.0.2.15,57113,216.137.61.131,443,tcp,97.59430300000008,1156.0,6096.0,SF,True,False,0,ShADadTFf,23,2092,26,7140,ssl,0
1947.272424,CawQrm2Mh3H0pxX8Kg,10.0.2.15,57117,104.94.52.246,443,TLSv12,TLS_ECDHE_RSA_WITH_AES_256_GCM_SHA384,secp256r1,cdn2.hubspot.net,False,True,CsxknGIti,"['88651d4a7377987c2531cd885c254d547255d7774ef59dfeb8be8924ebd3d8ea', '19400be5b7a31fb733917700789d2f0a2471c0c9d506c0e504c06c16d7cb17c0']",[],1.0,0ffee3ba8e615ad22535e7f771690a28,2b33c1374db4ddf06942f92373c0b54b,http/1.1,,1946.772194,10.0.2.15,57117,104.94.52.246,443,tcp,7.648130000000037,350.0,3961.0,RSTO,True,False,0,ShADadFR,10,758,12,4445,ssl,0
1947.416773,C2MCkz3DHIYDif0chb,10.0.2.15,57118,104.94.52.246,443,TLSv12,TLS_ECDHE_RSA_WITH_AES_256_GCM_SHA384,secp256r1,cdn2.hubspot.net,False,True,CsxknGIti,"['88651d4a7377987c2531cd885c254d547255d7774ef59dfeb8be8924ebd3d8ea', '19400be5b7a31fb733917700789d2f0a2471c0c9d506c0e504c06c16d7cb17c0']",[],1.0,0ffee3ba8e615ad22535e7f771690a28,2b33c1374db4ddf06942f92373c0b54b,http/1.1,,1947.029496,10.0.2.15,57118,104.94.52.246,443,tcp,7.404996999999867,350.0,3961.0,RSTO,True,False,0,ShADadFR,10,758,12,4445,ssl,0
1946.119954,C3WwmA190QXpbZpbld,10.0.2.15,57114,104.94.52.246,443,TLSv12,TLS_ECDHE_RSA_WITH_AES_256_GCM_SHA384,secp256r1,cdn2.hubspot.net,False,True,CsxknGIti,"['88651d4a7377987c2531cd885c254d547255d7774ef59dfeb8be8924ebd3d8ea', '19400be5b7a31fb733917700789d2f0a2471c0c9d506c0e504c06c16d7cb17c0']",[],1.0,0ffee3ba8e615ad22535e7f771690a28,2b33c1374db4ddf06942f92373c0b54b,http/1.1,,1945.436355,10.0.2.15,57114,104.94.52.246,443,tcp,95.955244,729.0,25095.0,SF,True,False,0,ShADadTFf,33,2065,49,27059,ssl,0
1946.43519,CVgarAzxMokKC6wol,10.0.2.15,57116,104.94.52.246,443,TLSv12,TLS_ECDHE_RSA_WITH_AES_256_GCM_SHA384,secp256r1,cdn2.hubspot.net,False,True,CsxknGIti,"['88651d4a7377987c2531cd885c254d547255d7774ef59dfeb8be8924ebd3d8ea', '19400be5b7a31fb733917700789d2f0a2471c0c9d506c0e504c06c16d7cb17c0']",[],1.0,0ffee3ba8e615ad22535e7f771690a28,2b33c1374db4ddf06942f92373c0b54b,http/1.1,,1945.441502,10.0.2.15,57116,104.94.52.246,443,tcp,95.92681500000003,690.0,24271.0,RSTO,True,False,0,ShADadTFR,27,1786,42,25955,ssl,0
1946.431157,Cl8ONP2RbTOihrynx1,10.0.2.15,57115,104.94.52.246,443,TLSv12,TLS_ECDHE_RSA_WITH_AES_256_GCM_SHA384,secp256r1,cdn2.hubspot.net,False,True,CsxknGIti,"['88651d4a7377987c2531cd885c254d547255d7774ef59dfeb8be8924ebd3d8ea', '19400be5b7a31fb733917700789d2f0a2471c0c9d506c0e504c06c16d7cb17c0']",[],1.0,0ffee3ba8e615ad22535e7f771690a28,2b33c1374db4ddf06942f92373c0b54b,http/1.1,,1945.438093,10.0.2.15,57115,104.94.52.246,443,tcp,95.74784900000007,697.0,16998.0,SF,True,False,0,ShADadTFf,22,1593,31,18242,ssl,0
1943.020049,CrYqKSZjOvMrjyj6,10.0.2.15,57112,176.34.155.20,443,TLSv12,TLS_ECDHE_RSA_WITH_AES_128_GCM_SHA256,secp256r1,duckduckgo.com,False,True,CsxuknGIti,"['153e5cf27252fa4c0112d99d43839a4f6587ebd1a90099dd9b031e64ace70d9c', '154c433c491929c5ef686e838e323664a00e6a0d822ccc958fb4dab03e49a08f']",[],1.0,0ffee3ba8e615ad22535e7f771690a28,76cc3e2d3028143b23ec18e27dbd7ca9,h2,,1941.697781,10.0.2.15,57112,176.34.155.20,443,tcp,6.922894999999926,526.0,3694.0,SF,True,False,0,ShADadFfRr,11,974,12,4178,ssl,0
1950.449681,Cf0zqny9QC12p3nTe,10.0.2.15,57127,172.217.23.238,443,TLSv12,TLS_ECDHE_RSA_WITH_AES_128_GCM_SHA256,,www.google-analytics.com,True,True,CsiI,,,,1a5fe5677b0e4fbbc854e8908225637d,67619a80665d7ab92d1041b1d11f9164,h2,,1950.192346,10.0.2.15,57127,172.217.23.238,443,tcp,91.56725000000006,2397.0,43639.0,SF,True,False,0,ShADadFf,53,4525,89,47203,ssl,0
1923.191455,CqvY4M3YsKVI0gbzvh,10.0.2.15,57069,107.23.222.244,443,TLSv12,TLS_ECDHE_RSA_WITH_AES_128_GCM_SHA256,secp256r1,platform.instagram.com,False,True,CsxknGIti,"['75f97496eafd0cbf253c16a154838631116569e35c96831f9720036d048f93a4', '19400be5b7a31fb733917700789d2f0a2471c0c9d506c0e504c06c16d7cb17c0']",[],1.0,0ffee3ba8e615ad22535e7f771690a28,b898351eb5e266aefd3723d466935494,h2,,1920.235398,10.0.2.15,57069,107.23.222.244,443,tcp,30.58544299999994,534.0,4264.0,RSTR,True,False,0,ShADadFRr,11,982,12,4748,ssl,0
1950.453681,CDLSWmVH2jsrHvDmb,10.0.2.15,57126,93.184.220.113,443,TLSv12,TLS_ECDHE_RSA_WITH_AES_128_GCM_SHA256,secp256r1,tags.crwdcntrl.net,False,True,CsxuknGIti,"['01abac41ff2430a09d598802a0878a768bc327b04a083fa1ec8335474a3e52aa', '154c433c491929c5ef686e838e323664a00e6a0d822ccc958fb4dab03e49a08f', '4348a0e9444c78cb265e058d5e8944b4d84f9662bd26db257f8934a443c70161']",[],1.0,0ffee3ba8e615ad22535e7f771690a28,49b45fc1ab090aa3a159778313fc9b9e,h2,,1950.191581,10.0.2.15,57126,93.184.220.113,443,tcp,91.33490899999993,896.0,16224.0,RSTO,True,False,0,ShADadFR,23,1824,35,17628,ssl,0
1950.507333,CjhEpXkBZUUnpibP6,10.0.2.15,57125,52.210.15.176,443,TLSv12,TLS_ECDHE_RSA_WITH_AES_128_GCM_SHA256,secp256r1,ad.crwdcntrl.net,False,True,CsxknGIi,"['131513af4a65033acc7234be892849a35819b02b70aba4c428c133a0a88fdd2e', '973a41276ffd01e027a2aad49e34c37846d3e976ff6a620b6712e33832041aa6', '3a2fbe92891e57fe05d57087f48e730f17e5a5f53ef403d618e5b74d7a7e6ecb', 'c3846bf24b9e93ca64274c0ec67c1ecc5e024ffcacd2d74019350e81fe546ae4']",[],1.0,0ffee3ba8e615ad22535e7f771690a28,303951d4c50efb2e991652225a6f02b1,,,1950.190968,10.0.2.15,57125,52.210.15.176,443,tcp,63.08198499999981,677.0,5681.0,SF,True,False,0,ShADadTFf,16,1330,20,6485,ssl,0
1952.127064,C332pq2vSVytRYlCTe,10.0.2.15,57131,52.210.15.176,443,TLSv12,TLS_ECDHE_RSA_WITH_AES_128_GCM_SHA256,secp256r1,ad.crwdcntrl.net,False,True,CsxknGIi,"['131513af4a65033acc7234be892849a35819b02b70aba4c428c133a0a88fdd2e', '973a41276ffd01e027a2aad49e34c37846d3e976ff6a620b6712e33832041aa6', '3a2fbe92891e57fe05d57087f48e730f17e5a5f53ef403d618e5b74d7a7e6ecb', 'c3846bf24b9e93ca64274c0ec67c1ecc5e024ffcacd2d74019350e81fe546ae4']",[],1.0,0ffee3ba8e615ad22535e7f771690a28,303951d4c50efb2e991652225a6f02b1,,,1951.702774,10.0.2.15,57131,52.210.15.176,443,tcp,7.242179999999962,350.0,5299.0,RSTO,True,False,0,ShADadFR,11,798,13,5823,ssl,0
1958.792293,C8VgglvzV4O7Od2n6,10.0.2.15,57160,74.125.206.154,443,TLSv12,TLS_ECDHE_RSA_WITH_AES_128_GCM_SHA256,,stats.g.doubleclick.net,True,True,CsiI,,,,1a5fe5677b0e4fbbc854e8908225637d,67619a80665d7ab92d1041b1d11f9164,h2,,1958.376455,10.0.2.15,57160,74.125.206.154,443,tcp,82.60356200000001,1710.0,1889.0,SF,True,False,0,ShADadFf,19,2478,23,2813,ssl,0
1957.816314,Cx46374wocmvjjEXH6,10.0.2.15,57128,52.210.15.176,443,TLSv12,TLS_ECDHE_RSA_WITH_AES_128_GCM_SHA256,,ad.crwdcntrl.net,True,True,CsiI,,,,0ffee3ba8e615ad22535e7f771690a28,303951d4c50efb2e991652225a6f02b1,,,1957.426159,10.0.2.15,57128,52.210.15.176,443,tcp,14.998667999999952,307.0,176.0,RSTO,True,False,0,^hADadFR,6,547,7,460,ssl,0
1962.412382,C1Vrjv2W76s0TIYam8,10.0.2.15,57177,13.107.21.200,443,TLSv12,TLS_ECDHE_RSA_WITH_AES_256_CBC_SHA,secp384r1,bat.bing.com,False,True,CsxuknGIi,"['80c4440580dbd55b228f41e6c88a51ecdbb998b5d32d12acd31ce25518d37128', '2399983e99703ebd01cea466c10799810c4ba62a8d61b88170a334dcd61bb20f']",[],1.0,0ffee3ba8e615ad22535e7f771690a28,4fd467dd264720762ffe286277c00f57,,,1960.347265,10.0.2.15,57177,13.107.21.200,443,tcp,9.3546859999999,424.0,6880.0,SF,True,False,0,ShADadFf,12,912,16,7524,ssl,0
1960.868827,Cgowc03uRfTh0INY8f,10.0.2.15,57175,13.107.21.200,443,TLSv12,TLS_ECDHE_RSA_WITH_AES_256_CBC_SHA,secp384r1,bat.bing.com,False,True,CsxuknGIi,"['80c4440580dbd55b228f41e6c88a51ecdbb998b5d32d12acd31ce25518d37128', '2399983e99703ebd01cea466c10799810c4ba62a8d61b88170a334dcd61bb20f']",[],1.0,0ffee3ba8e615ad22535e7f771690a28,4fd467dd264720762ffe286277c00f57,,,1960.024976,10.0.2.15,57175,13.107.21.200,443,tcp,7.512388000000101,371.0,6880.0,SF,True,False,0,ShADadFf,10,779,11,7324,ssl,0
1962.403127,CIEzSs1AWKpZNhFugb,10.0.2.15,57176,77.75.77.243,443,TLSv12,TLS_ECDHE_RSA_WITH_AES_128_GCM_SHA256,secp256r1,c.imedia.cz,False,True,CsxknGIti,"['f6d8eb113dbeec8dd7ab27e0a486c4dff7bb0e58e776fc7750db0461ad907574', 'b7a8af2a4a43f0a86b15604de6461209c9cd76894d8b0748bc99d9a797013bb0']",[],1.0,0ffee3ba8e615ad22535e7f771690a28,8d2a028aa94425f76ced7826b1f39039,http/1.1,,1960.342477,10.0.2.15,57176,77.75.77.243,443,tcp,7.198162000000138,314.0,3394.0,SF,True,False,0,ShADadFf,10,722,11,3838,ssl,0
1963.27479,CppSUC77hDUCIOZ5d,10.0.2.15,57184,46.4.62.212,443,TLSv12,TLS_ECDHE_RSA_WITH_AES_128_GCM_SHA256,secp256r1,t.av.st,False,True,CsxknGIti,"['8638c9761091e60baf966fe5aa3d9b7845c61de14e3de74a29bb39d40942fb65', '21eb37ab4cf6ef8965ec1766409ca76b8b2e03f2d1a388df734208e86deee679', '7431e5f4c3c1ce4690774f0b61e05440883ba9a01ed00ba6abd7806ed3b118cf', '19400be5b7a31fb733917700789d2f0a2471c0c9d506c0e504c06c16d7cb17c0']",[],1.0,0ffee3ba8e615ad22535e7f771690a28,389ed42c02ebecc32e73aa31def07e14,,,1962.160397,10.0.2.15,57184,46.4.62.212,443,tcp,79.4807659999999,2103.0,6345.0,SF,True,False,0,ShADadTFf,21,2956,23,7269,ssl,0
1963.821843,CUQt8J2tmI1uEGTkb6,10.0.2.15,57179,74.125.206.157,443,TLSv12,TLS_ECDHE_RSA_WITH_AES_128_GCM_SHA256,x25519,stats.g.doubleclick.net,False,True,CsxknGIti,"['8d80516b26a9002a020bc551f01c44620d0d726476e4babc515dc5c82f0555b5', '9f630426df1d8abfd80ace98871ba833ab9742cb34838de2b5285ed54c0c7dcc', '3c35cc963eb004451323d3275d05b353235053490d9cd83729a2faf5e7ca1cc0']",[],1.0,0ffee3ba8e615ad22535e7f771690a28,ab41313cfec25328b20865eb1388e0a2,h2,,1961.108073,10.0.2.15,57179,74.125.206.157,443,tcp,80.27359799999999,947.0,4527.0,SF,True,False,0,ShADadFf,20,1755,24,5491,ssl,0
1964.218325,C29jKr2smYD1HYRns2,10.0.2.15,57178,77.75.77.243,443,TLSv12,TLS_ECDHE_RSA_WITH_AES_128_GCM_SHA256,secp256r1,c.imedia.cz,False,True,CsxknGIti,"['f6d8eb113dbeec8dd7ab27e0a486c4dff7bb0e58e776fc7750db0461ad907574', 'b7a8af2a4a43f0a86b15604de6461209c9cd76894d8b0748bc99d9a797013bb0']",[],1.0,0ffee3ba8e615ad22535e7f771690a28,8d2a028aa94425f76ced7826b1f39039,http/1.1,,1960.622875,10.0.2.15,57178,77.75.77.243,443,tcp,11.548587999999882,345.0,3394.0,SF,True,False,0,ShADadFf,11,793,12,3878,ssl,0
1964.859401,CvZgFt7xcRs0eYITg,10.0.2.15,57187,172.217.23.226,443,TLSv12,TLS_ECDHE_RSA_WITH_AES_128_GCM_SHA256,x25519,googleads.g.doubleclick.net,False,True,CsxknGIti,"['a32ffddd76f9e7debbfc9a37b38d2ef86039b30a10d7c45ab8223d149cf99699', '9f630426df1d8abfd80ace98871ba833ab9742cb34838de2b5285ed54c0c7dcc', '3c35cc963eb004451323d3275d05b353235053490d9cd83729a2faf5e7ca1cc0']",[],1.0,0ffee3ba8e615ad22535e7f771690a28,ab41313cfec25328b20865eb1388e0a2,h2,,1962.40482,10.0.2.15,57187,172.217.23.226,443,tcp,5.342779000000064,297.0,4047.0,RSTO,True,False,0,ShADadR,9,665,10,4451,ssl,0
1964.61698,CnOSc41MDWUjFZZR7,10.0.2.15,57183,172.217.23.226,443,TLSv12,TLS_ECDHE_RSA_WITH_AES_128_GCM_SHA256,x25519,googleads.g.doubleclick.net,False,True,CsxknGIti,"['a32ffddd76f9e7debbfc9a37b38d2ef86039b30a10d7c45ab8223d149cf99699', '9f630426df1d8abfd80ace98871ba833ab9742cb34838de2b5285ed54c0c7dcc', '3c35cc963eb004451323d3275d05b353235053490d9cd83729a2faf5e7ca1cc0']",[],1.0,0ffee3ba8e615ad22535e7f771690a28,ab41313cfec25328b20865eb1388e0a2,h2,,1961.752149,10.0.2.15,57183,172.217.23.226,443,tcp,5.996422000000166,297.0,4047.0,RSTO,True,False,0,ShADadR,9,665,10,4451,ssl,0
1966.418315,C6fvI44gnqTOjpImQ6,10.0.2.15,57195,74.125.206.157,443,TLSv12,TLS_ECDHE_RSA_WITH_AES_128_GCM_SHA256,x25519,stats.g.doubleclick.net,False,True,CsxknGIti,"['8d80516b26a9002a020bc551f01c44620d0d726476e4babc515dc5c82f0555b5', '9f630426df1d8abfd80ace98871ba833ab9742cb34838de2b5285ed54c0c7dcc', '3c35cc963eb004451323d3275d05b353235053490d9cd83729a2faf5e7ca1cc0']",[],1.0,0ffee3ba8e615ad22535e7f771690a28,ab41313cfec25328b20865eb1388e0a2,h2,,1963.030648,10.0.2.15,57195,74.125.206.157,443,tcp,11.03924700000016,855.0,4481.0,SF,True,False,0,ShADadFf,18,1583,21,5325,ssl,0
1966.916074,CXRpu32EiMWERdO4W9,10.0.2.15,57188,46.4.62.212,443,TLSv12,TLS_ECDHE_RSA_WITH_AES_128_GCM_SHA256,secp256r1,t.av.st,False,True,CsxknGIti,"['8638c9761091e60baf966fe5aa3d9b7845c61de14e3de74a29bb39d40942fb65', '21eb37ab4cf6ef8965ec1766409ca76b8b2e03f2d1a388df734208e86deee679', '7431e5f4c3c1ce4690774f0b61e05440883ba9a01ed00ba6abd7806ed3b118cf', '19400be5b7a31fb733917700789d2f0a2471c0c9d506c0e504c06c16d7cb17c0']",[],1.0,0ffee3ba8e615ad22535e7f771690a28,389ed42c02ebecc32e73aa31def07e14,,,1963.018078,10.0.2.15,57188,46.4.62.212,443,tcp,9.960904999999912,341.0,5825.0,SF,True,False,0,ShADadFf,13,877,14,6389,ssl,0
1961.728636,Cy8a4E2xFjDB9T67a9,10.0.2.15,57169,31.13.69.197,443,TLSv12,TLS_ECDHE_ECDSA_WITH_AES_128_GCM_SHA256,secp256r1,graph.facebook.com,False,True,CsxknGIti,"['152151b387412a95ab90fd4664f2d98880408e9e43913124e4c91226a483386b', '19400be5b7a31fb733917700789d2f0a2471c0c9d506c0e504c06c16d7cb17c0']",[],1.0,0ffee3ba8e615ad22535e7f771690a28,2d1eb5817ece335c24904f516ad5da12,h2,,1960.007679,10.0.2.15,57169,31.13.69.197,443,tcp,75.98597500000005,1727.0,4938.0,SF,True,False,0,ShADadfF,12,2215,16,5582,ssl,0
1974.218086,C1q25QcioQFq6evh2,10.0.2.15,57201,172.217.23.238,443,TLSv12,TLS_ECDHE_ECDSA_WITH_AES_128_GCM_SHA256,x25519,safebrowsing.google.com,False,True,CsxknGIti,"['11ddd329046367c19b32ffdb02ed308de129de4d6ffcf95856d7bd6a7accfba9', '9f630426df1d8abfd80ace98871ba833ab9742cb34838de2b5285ed54c0c7dcc', '3c35cc963eb004451323d3275d05b353235053490d9cd83729a2faf5e7ca1cc0']",[],1.0,0ffee3ba8e615ad22535e7f771690a28,84480cf8cf0e732666092640e581e1a5,h2,,1973.960911,10.0.2.15,57201,172.217.23.238,443,tcp,67.75460800000019,23841.0,5356.0,SF,True,False,0,ShADadFf,33,25169,35,6760,ssl,0
1974.244878,CxSqGsFQ1Rb9a2w1i,10.0.2.15,57200,176.34.125.208,443,TLSv12,TLS_ECDHE_RSA_WITH_AES_128_GCM_SHA256,secp256r1,px.spiceworks.com,False,True,CsxknGIi,"['64839da1ec89cc99e3d6f390b4af5f5c758ef74461ad7bad5551fafcbb4581c6', 'eae72eb454bf6c3977ebd289e970b2f5282949190093d0d26f98d0f0d6a9cf17', '8420dfbe376f414bf4c0a81e6936d24ccc03f304835b86c7a39142fca723a689']",[],1.0,0ffee3ba8e615ad22535e7f771690a28,303951d4c50efb2e991652225a6f02b1,,,1973.959027,10.0.2.15,57200,176.34.125.208,443,tcp,66.46158999999989,1141.0,4989.0,SF,True,False,0,ShADadTFfRr,21,1994,23,5913,ssl,0
1974.247197,CvTp2C4Rr9SVKcthrg,10.0.2.15,57199,176.34.125.208,443,TLSv12,TLS_ECDHE_RSA_WITH_AES_128_GCM_SHA256,secp256r1,px.spiceworks.com,False,True,CsxknGIi,"['64839da1ec89cc99e3d6f390b4af5f5c758ef74461ad7bad5551fafcbb4581c6', 'eae72eb454bf6c3977ebd289e970b2f5282949190093d0d26f98d0f0d6a9cf17', '8420dfbe376f414bf4c0a81e6936d24ccc03f304835b86c7a39142fca723a689']",[],1.0,0ffee3ba8e615ad22535e7f771690a28,303951d4c50efb2e991652225a6f02b1,,,1973.955511,10.0.2.15,57199,176.34.125.208,443,tcp,7.016101000000162,351.0,4384.0,SF,True,False,0,ShADadFfRr,11,799,14,4948,ssl,0
1976.377688,CU61nK2vkjxV5MOhlf,10.0.2.15,57212,13.107.21.200,443,TLSv12,TLS_ECDHE_RSA_WITH_AES_256_CBC_SHA,secp384r1,bat.bing.com,False,True,CsxuknGIi,"['80c4440580dbd55b228f41e6c88a51ecdbb998b5d32d12acd31ce25518d37128', '2399983e99703ebd01cea466c10799810c4ba62a8d61b88170a334dcd61bb20f']",[],1.0,0ffee3ba8e615ad22535e7f771690a28,4fd467dd264720762ffe286277c00f57,,,1976.303611,10.0.2.15,57212,13.107.21.200,443,tcp,64.03978899999993,1053.0,7253.0,SF,True,False,0,ShADadTFf,19,1827,22,8137,ssl,0
1976.577006,CCJD2O2F5lSysSWDkj,10.0.2.15,57210,13.107.21.200,443,TLSv12,TLS_ECDHE_RSA_WITH_AES_256_CBC_SHA,secp384r1,bat.bing.com,False,True,CsxuknGIi,"['80c4440580dbd55b228f41e6c88a51ecdbb998b5d32d12acd31ce25518d37128', '2399983e99703ebd01cea466c10799810c4ba62a8d61b88170a334dcd61bb20f']",[],1.0,0ffee3ba8e615ad22535e7f771690a28,4fd467dd264720762ffe286277c00f57,,,1976.301509,10.0.2.15,57210,13.107.21.200,443,tcp,63.92104200000017,1309.0,7285.0,SF,True,False,0,ShADadTFf,18,2042,20,8089,ssl,0
1976.579333,Cfd2QA47VbZDXUD4Yj,10.0.2.15,57209,172.217.23.194,443,TLSv12,TLS_ECDHE_RSA_WITH_AES_128_GCM_SHA256,x25519,www.googleadservices.com,False,True,CsxknGIti,"['33c13616ade5804cb64668e7fede6e1ef8141ce96a24e69910dfdd83efac1907', '9f630426df1d8abfd80ace98871ba833ab9742cb34838de2b5285ed54c0c7dcc', '3c35cc963eb004451323d3275d05b353235053490d9cd83729a2faf5e7ca1cc0']",[],1.0,0ffee3ba8e615ad22535e7f771690a28,ab41313cfec25328b20865eb1388e0a2,h2,,1976.30074,10.0.2.15,57209,172.217.23.194,443,tcp,64.114642,572.0,3895.0,SF,True,False,0,ShADadFf,13,1100,15,4499,ssl,0
1977.780488,C1MsY04X6Zx68zQTof,10.0.2.15,57213,172.217.23.238,443,TLSv12,TLS_ECDHE_ECDSA_WITH_AES_128_GCM_SHA256,x25519,safebrowsing-cache.google.com,False,True,CsxknGIti,"['11ddd329046367c19b32ffdb02ed308de129de4d6ffcf95856d7bd6a7accfba9', '9f630426df1d8abfd80ace98871ba833ab9742cb34838de2b5285ed54c0c7dcc', '3c35cc963eb004451323d3275d05b353235053490d9cd83729a2faf5e7ca1cc0']",[],1.0,0ffee3ba8e615ad22535e7f771690a28,84480cf8cf0e732666092640e581e1a5,h2,,1976.346286,10.0.2.15,57213,172.217.23.238,443,tcp,63.89077599999996,1573.0,7319.0,SF,True,False,0,ShADadFf,27,2661,33,8643,ssl,0
1979.178661,C7ikpj1gANHtPEN6i1,10.0.2.15,57222,172.217.23.238,443,TLSv12,TLS_ECDHE_ECDSA_WITH_AES_128_GCM_SHA256,x25519,safebrowsing-cache.google.com,False,True,CsxknGIti,"['11ddd329046367c19b32ffdb02ed308de129de4d6ffcf95856d7bd6a7accfba9', '9f630426df1d8abfd80ace98871ba833ab9742cb34838de2b5285ed54c0c7dcc', '3c35cc963eb004451323d3275d05b353235053490d9cd83729a2faf5e7ca1cc0']",[],1.0,0ffee3ba8e615ad22535e7f771690a28,84480cf8cf0e732666092640e581e1a5,h2,,1978.413182,10.0.2.15,57222,172.217.23.238,443,tcp,4.46928899999989,539.0,4438.0,RSTO,True,False,0,ShADadFR,12,1027,14,5002,ssl,0
1983.722014,CuoBJ13ttN9JHvp8t9,10.0.2.15,57224,172.217.23.226,443,TLSv12,TLS_ECDHE_RSA_WITH_AES_128_GCM_SHA256,x25519,googleads.g.doubleclick.net,False,True,CsxknGIti,"['a32ffddd76f9e7debbfc9a37b38d2ef86039b30a10d7c45ab8223d149cf99699', '9f630426df1d8abfd80ace98871ba833ab9742cb34838de2b5285ed54c0c7dcc', '3c35cc963eb004451323d3275d05b353235053490d9cd83729a2faf5e7ca1cc0']",[],1.0,0ffee3ba8e615ad22535e7f771690a28,ab41313cfec25328b20865eb1388e0a2,h2,,1981.270367,10.0.2.15,57224,172.217.23.226,443,tcp,60.445080999999846,2047.0,7176.0,SF,True,False,0,ShADadFf,19,2815,23,8100,ssl,0
1985.050742,CfskGY2AHLrnAmFUq1,10.0.2.15,57226,77.75.77.243,443,TLSv12,TLS_ECDHE_RSA_WITH_AES_128_GCM_SHA256,,c.imedia.cz,True,True,CsiI,,,,1a5fe5677b0e4fbbc854e8908225637d,7bee5c1d424b7e5f943b06983bb11422,http/1.1,,1981.761127,10.0.2.15,57226,77.75.77.243,443,tcp,11.921765999999934,1484.0,2182.0,SF,True,False,0,ShADadFf,11,1932,12,2666,ssl,0
1985.05161,CTZ6Zv16vMkJr24q0l,10.0.2.15,57225,77.75.77.243,443,TLSv12,TLS_ECDHE_RSA_WITH_AES_128_GCM_SHA256,secp256r1,c.imedia.cz,False,True,CsxknGIti,"['f6d8eb113dbeec8dd7ab27e0a486c4dff7bb0e58e776fc7750db0461ad907574', 'b7a8af2a4a43f0a86b15604de6461209c9cd76894d8b0748bc99d9a797013bb0']",[],1.0,1a5fe5677b0e4fbbc854e8908225637d,8d2a028aa94425f76ced7826b1f39039,http/1.1,,1981.755684,10.0.2.15,57225,77.75.77.243,443,tcp,9.930119999999988,674.0,3394.0,SF,True,False,0,ShADadFf,10,1082,10,3798,ssl,0
1985.052516,Ci9FEdcXDwqsr7xx5,10.0.2.15,57227,31.13.77.36,443,TLSv12,TLS_ECDHE_ECDSA_WITH_AES_128_GCM_SHA256,secp256r1,www.facebook.com,False,True,CsxknGIti,"['152151b387412a95ab90fd4664f2d98880408e9e43913124e4c91226a483386b', '19400be5b7a31fb733917700789d2f0a2471c0c9d506c0e504c06c16d7cb17c0']",[],1.0,0ffee3ba8e615ad22535e7f771690a28,2d1eb5817ece335c24904f516ad5da12,h2,,1983.738801,10.0.2.15,57227,31.13.77.36,443,tcp,58.5647570000001,1358.0,4311.0,RSTO,True,False,0,ShADadFR,15,1966,18,5035,ssl,0
1988.501836,Co1Vxo2BHgYZdIXUG3,10.0.2.15,57230,77.75.77.243,443,TLSv12,TLS_ECDHE_RSA_WITH_AES_128_GCM_SHA256,secp256r1,c.imedia.cz,False,True,CsxknGIti,"['f6d8eb113dbeec8dd7ab27e0a486c4dff7bb0e58e776fc7750db0461ad907574', 'b7a8af2a4a43f0a86b15604de6461209c9cd76894d8b0748bc99d9a797013bb0']",[],1.0,1a5fe5677b0e4fbbc854e8908225637d,8d2a028aa94425f76ced7826b1f39039,http/1.1,,1987.586256,10.0.2.15,57230,77.75.77.243,443,tcp,7.162617999999838,674.0,3394.0,SF,True,False,0,ShADadFf,9,1042,10,3798,ssl,0
1989.31123,CvNCan3zy3uaOKoqFb,10.0.2.15,57232,172.217.23.228,443,TLSv12,TLS_ECDHE_RSA_WITH_AES_128_GCM_SHA256,x25519,www.google.com,False,True,CsxknGIti,"['956e194960c68ac27a798b9de5f275ac1b0d80576783cff18c752250b5f1f519', '9f630426df1d8abfd80ace98871ba833ab9742cb34838de2b5285ed54c0c7dcc', '3c35cc963eb004451323d3275d05b353235053490d9cd83729a2faf5e7ca1cc0']",[],1.0,0ffee3ba8e615ad22535e7f771690a28,ab41313cfec25328b20865eb1388e0a2,h2,,1989.101684,10.0.2.15,57232,172.217.23.228,443,tcp,51.03694100000007,3450.0,10671.0,SF,True,False,0,ShADadFf,21,4298,29,11835,ssl,0
1998.655974,CasmJX19n4pUjU20T5,10.0.2.15,57240,176.34.155.20,443,TLSv12,TLS_ECDHE_RSA_WITH_AES_128_GCM_SHA256,secp256r1,duckduckgo.com,False,True,CsxuknGIti,"['153e5cf27252fa4c0112d99d43839a4f6587ebd1a90099dd9b031e64ace70d9c', '154c433c491929c5ef686e838e323664a00e6a0d822ccc958fb4dab03e49a08f']",[],1.0,0ffee3ba8e615ad22535e7f771690a28,76cc3e2d3028143b23ec18e27dbd7ca9,h2,,1998.358844,10.0.2.15,57240,176.34.155.20,443,tcp,43.20932999999991,3616.0,195869.0,SF,True,False,0,ShADadFf,162,10104,290,207473,ssl,0
2002.862842,CvYH354QDoZYcPn0s8,10.0.2.15,57261,172.217.23.227,443,TLSv12,TLS_ECDHE_RSA_WITH_AES_128_GCM_SHA256,x25519,www.google.cz,False,True,CsxknGIti,"['635ff633f6427d8bb4cff322e016a54fd8da246e8392221d6a58ae24f13c6119', '9f630426df1d8abfd80ace98871ba833ab9742cb34838de2b5285ed54c0c7dcc', '3c35cc963eb004451323d3275d05b353235053490d9cd83729a2faf5e7ca1cc0']",[],1.0,0ffee3ba8e615ad22535e7f771690a28,ab41313cfec25328b20865eb1388e0a2,h2,,2000.705627,10.0.2.15,57261,172.217.23.227,443,tcp,43.631081,2541.0,4363.0,SF,True,False,0,ShADadFf,16,3189,18,5087,ssl,0
2003.142489,CNceWHx0ksoItzdj5,10.0.2.15,57262,172.217.23.227,443,TLSv12,TLS_ECDHE_RSA_WITH_AES_128_GCM_SHA256,x25519,www.google.cz,False,True,CsxknGIti,"['635ff633f6427d8bb4cff322e016a54fd8da246e8392221d6a58ae24f13c6119', '9f630426df1d8abfd80ace98871ba833ab9742cb34838de2b5285ed54c0c7dcc', '3c35cc963eb004451323d3275d05b353235053490d9cd83729a2faf5e7ca1cc0']",[],1.0,0ffee3ba8e615ad22535e7f771690a28,ab41313cfec25328b20865eb1388e0a2,h2,,2000.967506,10.0.2.15,57262,172.217.23.227,443,tcp,8.374160999999958,1643.0,4234.0,SF,True,False,0,ShADadFf,16,2291,20,5038,ssl,0
2012.503084,C2P7hx1tyJyns6AQ41,10.0.2.15,57273,72.3.209.144,443,TLSv12,TLS_RSA_WITH_AES_128_CBC_SHA,,pastemagazine.com,False,True,CsxunGIi,"['69426eca305f9778a1560eda198c0128a022f2f0d74d59e08bd70fabb2cca5bc', '973a41276ffd01e027a2aad49e34c37846d3e976ff6a620b6712e33832041aa6', '3a2fbe92891e57fe05d57087f48e730f17e5a5f53ef403d618e5b74d7a7e6ecb']",[],1.0,0ffee3ba8e615ad22535e7f771690a28,b6524266dc13c28824145a7e4830cca9,,,2012.327043,10.0.2.15,57273,72.3.209.144,443,tcp,1.065346999999974,962.0,6227.0,SF,True,False,0,ShADadfF,11,1410,16,6871,ssl,0
2013.830624,C5CJAvGBwmFICH5g2,10.0.2.15,57274,54.229.110.205,443,TLSv12,TLS_ECDHE_RSA_WITH_AES_128_GCM_SHA256,secp256r1,images.duckduckgo.com,False,True,CsxuknGIti,"['153e5cf27252fa4c0112d99d43839a4f6587ebd1a90099dd9b031e64ace70d9c', '154c433c491929c5ef686e838e323664a00e6a0d822ccc958fb4dab03e49a08f']",[],1.0,0ffee3ba8e615ad22535e7f771690a28,49b45fc1ab090aa3a159778313fc9b9e,h2,,2013.770598,10.0.2.15,57274,54.229.110.205,443,tcp,26.57277799999997,1259.0,20512.0,SF,True,False,0,ShADadFf,27,2347,43,22236,ssl,0
2013.833222,CPEEQX29g1CtTitmJe,10.0.2.15,57275,54.229.110.205,443,TLSv12,TLS_ECDHE_RSA_WITH_AES_128_GCM_SHA256,secp256r1,images.duckduckgo.com,False,True,CsxuknGIti,"['153e5cf27252fa4c0112d99d43839a4f6587ebd1a90099dd9b031e64ace70d9c', '154c433c491929c5ef686e838e323664a00e6a0d822ccc958fb4dab03e49a08f']",[],1.0,0ffee3ba8e615ad22535e7f771690a28,49b45fc1ab090aa3a159778313fc9b9e,h2,,2013.771849,10.0.2.15,57275,54.229.110.205,443,tcp,2.184924000000137,899.0,15570.0,SF,True,False,0,ShADadFf,23,1827,35,16974,ssl,0
2013.880511,CQELY92gK4NGCRWsF4,10.0.2.15,57279,54.229.110.205,443,TLSv12,TLS_ECDHE_RSA_WITH_AES_128_GCM_SHA256,secp256r1,images.duckduckgo.com,False,True,CsxuknGIti,"['153e5cf27252fa4c0112d99d43839a4f6587ebd1a90099dd9b031e64ace70d9c', '154c433c491929c5ef686e838e323664a00e6a0d822ccc958fb4dab03e49a08f']",[],1.0,0ffee3ba8e615ad22535e7f771690a28,49b45fc1ab090aa3a159778313fc9b9e,h2,,2013.777806,10.0.2.15,57279,54.229.110.205,443,tcp,2.323838999999907,899.0,8583.0,SF,True,False,0,ShADadFf,17,1587,23,9507,ssl,0
2013.867831,Cj9ONA3R1aLyX7SlMc,10.0.2.15,57278,54.229.110.205,443,TLSv12,TLS_ECDHE_RSA_WITH_AES_128_GCM_SHA256,secp256r1,images.duckduckgo.com,False,True,CsxuknGIti,"['153e5cf27252fa4c0112d99d43839a4f6587ebd1a90099dd9b031e64ace70d9c', '154c433c491929c5ef686e838e323664a00e6a0d822ccc958fb4dab03e49a08f']",[],1.0,0ffee3ba8e615ad22535e7f771690a28,49b45fc1ab090aa3a159778313fc9b9e,h2,,2013.77612,10.0.2.15,57278,54.229.110.205,443,tcp,2.503928999999971,899.0,8750.0,SF,True,False,0,ShADadFf,19,1667,25,9754,ssl,0
2013.855297,CxzUoP1MZxIxviPBH,10.0.2.15,57277,54.229.110.205,443,TLSv12,TLS_ECDHE_RSA_WITH_AES_128_GCM_SHA256,secp256r1,images.duckduckgo.com,False,True,CsxuknGIti,"['153e5cf27252fa4c0112d99d43839a4f6587ebd1a90099dd9b031e64ace70d9c', '154c433c491929c5ef686e838e323664a00e6a0d822ccc958fb4dab03e49a08f']",[],1.0,0ffee3ba8e615ad22535e7f771690a28,49b45fc1ab090aa3a159778313fc9b9e,h2,,2013.774577,10.0.2.15,57277,54.229.110.205,443,tcp,2.630646000000069,899.0,9709.0,SF,True,False,0,ShADadFf,19,1667,27,10793,ssl,0
2013.858046,ClPaIf3SFcC9urlssd,10.0.2.15,57276,54.229.110.205,443,TLSv12,TLS_ECDHE_RSA_WITH_AES_128_GCM_SHA256,secp256r1,images.duckduckgo.com,False,True,CsxuknGIti,"['153e5cf27252fa4c0112d99d43839a4f6587ebd1a90099dd9b031e64ace70d9c', '154c433c491929c5ef686e838e323664a00e6a0d822ccc958fb4dab03e49a08f']",[],1.0,0ffee3ba8e615ad22535e7f771690a28,49b45fc1ab090aa3a159778313fc9b9e,h2,,2013.773172,10.0.2.15,57276,54.229.110.205,443,tcp,2.741034000000127,900.0,14925.0,SF,True,False,0,ShADadFf,23,1828,32,16209,ssl,0
2018.62199,CRRHGq1Q8nXDal51Ad,10.0.2.15,57296,72.3.209.144,443,TLSv12,TLS_RSA_WITH_AES_128_CBC_SHA,,www.pastemagazine.com,False,True,CsxunGIi,"['69426eca305f9778a1560eda198c0128a022f2f0d74d59e08bd70fabb2cca5bc', '973a41276ffd01e027a2aad49e34c37846d3e976ff6a620b6712e33832041aa6', '3a2fbe92891e57fe05d57087f48e730f17e5a5f53ef403d618e5b74d7a7e6ecb']",[],1.0,0ffee3ba8e615ad22535e7f771690a28,b6524266dc13c28824145a7e4830cca9,,,2017.845848,10.0.2.15,57296,72.3.209.144,443,tcp,24.01055600000018,1355.0,287480.0,SF,True,False,0,ShADadFf,188,8883,372,302364,ssl,0
2018.875023,CJZEWP1RbrWaYSHXIi,10.0.2.15,57291,95.101.250.34,443,TLSv12,TLS_ECDHE_RSA_WITH_AES_256_GCM_SHA384,,use.typekit.net,True,True,CsiI,,,,1a5fe5677b0e4fbbc854e8908225637d,410b9bedaf65dd26c6fe547154d60db4,h2,,2017.835744,10.0.2.15,57291,95.101.250.34,443,tcp,23.732402999999977,2499.0,283884.0,SF,True,False,0,ShADadFfRr,160,8907,324,296848,ssl,0
2020.010965,ClI5jT2pkWxOWXlsk,10.0.2.15,57300,72.3.209.144,443,TLSv12,TLS_RSA_WITH_AES_128_CBC_SHA,,www.pastemagazine.com,False,True,CsxunGIi,"['69426eca305f9778a1560eda198c0128a022f2f0d74d59e08bd70fabb2cca5bc', '973a41276ffd01e027a2aad49e34c37846d3e976ff6a620b6712e33832041aa6', '3a2fbe92891e57fe05d57087f48e730f17e5a5f53ef403d618e5b74d7a7e6ecb']",[],1.0,0ffee3ba8e615ad22535e7f771690a28,b6524266dc13c28824145a7e4830cca9,,,2018.51937,10.0.2.15,57300,72.3.209.144,443,tcp,23.58169700000008,966.0,188218.0,SF,True,False,0,ShADadFf,130,6174,249,198182,ssl,0
2030.922836,CrFdOQW9d1dIb0pt6,10.0.2.15,57313,72.3.209.144,443,TLSv12,TLS_RSA_WITH_AES_128_CBC_SHA,,www.pastemagazine.com,True,True,CsiI,,,,0ffee3ba8e615ad22535e7f771690a28,a1566b9b2088f39c864bcf8c34468cdc,,,2030.418075,10.0.2.15,57313,72.3.209.144,443,tcp,10.417300999999952,731.0,4330.0,SF,True,False,0,ShADadFf,11,1179,11,4774,ssl,0
2030.910422,CFWiY841CauN5sQuwe,10.0.2.15,57311,95.100.186.87,443,TLSv12,TLS_ECDHE_RSA_WITH_AES_256_GCM_SHA384,secp256r1,cdnapisec.kaltura.com,False,True,CsxknGIti,"['e1adeddcf663776a5c6ad37dd9c30a791738def3babcb0564efae4ba47a9a01f', 'eae72eb454bf6c3977ebd289e970b2f5282949190093d0d26f98d0f0d6a9cf17', '8420dfbe376f414bf4c0a81e6936d24ccc03f304835b86c7a39142fca723a689']",[],1.0,0ffee3ba8e615ad22535e7f771690a28,2b33c1374db4ddf06942f92373c0b54b,http/1.1,,2028.057821,10.0.2.15,57311,95.100.186.87,443,tcp,14.971678999999996,728.0,26682.0,SF,True,False,0,ShADadFRfr,21,1576,35,28086,ssl,0
2030.924007,CCK07X2HIs4NALFbxb,10.0.2.15,57314,95.100.186.87,443,TLSv12,TLS_ECDHE_RSA_WITH_AES_256_GCM_SHA384,secp256r1,cdnapisec.kaltura.com,False,True,CsxknGIti,"['e1adeddcf663776a5c6ad37dd9c30a791738def3babcb0564efae4ba47a9a01f', 'eae72eb454bf6c3977ebd289e970b2f5282949190093d0d26f98d0f0d6a9cf17', '8420dfbe376f414bf4c0a81e6936d24ccc03f304835b86c7a39142fca723a689']",[],1.0,0ffee3ba8e615ad22535e7f771690a28,2b33c1374db4ddf06942f92373c0b54b,http/1.1,,2030.419687,10.0.2.15,57314,95.100.186.87,443,tcp,9.970233000000007,355.0,4829.0,SF,True,False,0,ShADadFRfr,11,803,15,5433,ssl,0
2030.899252,Cs2Wmn1F47fiMt97qh,10.0.2.15,57312,173.241.240.220,443,TLSv12,TLS_ECDHE_RSA_WITH_AES_128_GCM_SHA256,secp256r1,paste-d.openx.net,False,True,CsxknGIi,"['ab7de06ea7a3de3225f335667d38750434931049f9e9cb0cb4a9caf5df22819c', '074541ecdf88ed992ed5ade3ecddef27a26ba1b44480a195c0a8dadae2521d8e']",[],1.0,0ffee3ba8e615ad22535e7f771690a28,699a80bdb17efe157c861f92c5bf5d1d,,,2028.061791,10.0.2.15,57312,173.241.240.220,443,tcp,14.335653999999977,766.0,21523.0,SF,True,False,0,ShADadFfRr,20,1574,33,22847,ssl,0
2039.877534,CnLvYh3AyWsSZozjqe,10.0.2.15,57326,74.125.206.157,443,TLSv12,TLS_ECDHE_RSA_WITH_AES_128_GCM_SHA256,,stats.g.doubleclick.net,True,True,CsiI,,,,1a5fe5677b0e4fbbc854e8908225637d,67619a80665d7ab92d1041b1d11f9164,h2,,2039.638773,10.0.2.15,57326,74.125.206.157,443,tcp,169.02384300000017,1276.0,1217.0,RSTO,True,False,0,ShADadFR,16,1924,18,1941,ssl,0
2039.894112,CkDIouW49Iiw7Xae,10.0.2.15,57330,172.217.23.238,443,TLSv12,TLS_ECDHE_RSA_WITH_AES_128_GCM_SHA256,,www.google-analytics.com,True,True,CsiI,,,,1a5fe5677b0e4fbbc854e8908225637d,67619a80665d7ab92d1041b1d11f9164,h2,,2039.644073,10.0.2.15,57330,172.217.23.238,443,tcp,204.86826299999984,1424.0,751.0,SF,True,False,0,ShADadFf,18,2152,20,1555,ssl,0
2040.156034,ClkDdS3TrkBSgAltd4,10.0.2.15,57334,34.198.69.129,443,TLSv12,TLS_ECDHE_RSA_WITH_AES_128_GCM_SHA256,secp256r1,platform.instagram.com,False,True,CsxknGIti,"['75f97496eafd0cbf253c16a154838631116569e35c96831f9720036d048f93a4', '19400be5b7a31fb733917700789d2f0a2471c0c9d506c0e504c06c16d7cb17c0']",[],1.0,0ffee3ba8e615ad22535e7f771690a28,b898351eb5e266aefd3723d466935494,h2,,2039.658216,10.0.2.15,57334,34.198.69.129,443,tcp,39.84044199999994,857.0,23324.0,SF,True,False,0,ShADadfF,26,1905,41,24968,ssl,0
2040.360812,C9t6au4JDulcR6cz55,10.0.2.15,57339,54.247.66.94,443,TLSv12,TLS_ECDHE_RSA_WITH_AES_128_GCM_SHA256,secp256r1,d.adroll.com,False,True,CsxknGIi,"['30d9e6a96455a203c6d0e675630de083191a9ec88b4ede4851365088792e1417', 'e6683e88315cd1cb403c0cea490f7c4b4c82c91cd485037489aadbaa90839f61', 'ff856a2d251dcd88d36656f450126798cfabaade40799c722de4d2b5db36a73a']",[],1.0,0ffee3ba8e615ad22535e7f771690a28,303951d4c50efb2e991652225a6f02b1,,,2039.736434,10.0.2.15,57339,54.247.66.94,443,tcp,5.951510000000098,856.0,4876.0,RSTO,True,False,0,ShADadFR,10,1264,11,5320,ssl,0
2040.227865,C1NpGe1Spyhm4EFH8k,10.0.2.15,57335,157.240.11.22,443,TLSv12,TLS_ECDHE_ECDSA_WITH_AES_128_GCM_SHA256,secp256r1,connect.facebook.net,False,True,CsxknGIti,"['152151b387412a95ab90fd4664f2d98880408e9e43913124e4c91226a483386b', '19400be5b7a31fb733917700789d2f0a2471c0c9d506c0e504c06c16d7cb17c0']",[],1.0,0ffee3ba8e615ad22535e7f771690a28,2d1eb5817ece335c24904f516ad5da12,h2,,2039.659255,10.0.2.15,57335,157.240.11.22,443,tcp,83.82693100000006,897.0,66302.0,SF,True,False,0,ShADadFf,36,2345,63,68826,ssl,0
2040.958805,CGnw6k1ePJ6paTnGed,10.0.2.15,57340,34.198.69.129,443,TLSv12,TLS_ECDHE_RSA_WITH_AES_128_GCM_SHA256,secp256r1,platform.instagram.com,False,True,CsxknGIti,"['75f97496eafd0cbf253c16a154838631116569e35c96831f9720036d048f93a4', '19400be5b7a31fb733917700789d2f0a2471c0c9d506c0e504c06c16d7cb17c0']",[],1.0,0ffee3ba8e615ad22535e7f771690a28,b898351eb5e266aefd3723d466935494,h2,,2039.920332,10.0.2.15,57340,34.198.69.129,443,tcp,5.15936499999998,534.0,4149.0,RSTO,True,False,0,ShADadFR,10,942,10,4553,ssl,0
2040.995698,C5fu9q3RnpFDgBDRud,10.0.2.15,57341,157.240.11.22,443,TLSv12,TLS_ECDHE_ECDSA_WITH_AES_128_GCM_SHA256,secp256r1,connect.facebook.net,False,True,CsxknGIti,"['152151b387412a95ab90fd4664f2d98880408e9e43913124e4c91226a483386b', '19400be5b7a31fb733917700789d2f0a2471c0c9d506c0e504c06c16d7cb17c0']",[],1.0,0ffee3ba8e615ad22535e7f771690a28,2d1eb5817ece335c24904f516ad5da12,h2,,2039.922648,10.0.2.15,57341,157.240.11.22,443,tcp,5.161499000000049,532.0,3827.0,RSTO,True,False,0,ShADadFR,10,940,10,4231,ssl,0
2043.485426,Ci8GU2Rv4Q5CMzeb8,10.0.2.15,57354,72.3.209.144,443,TLSv12,TLS_RSA_WITH_AES_128_CBC_SHA,,www.pastemagazine.com,True,True,CsiI,,,,0ffee3ba8e615ad22535e7f771690a28,a1566b9b2088f39c864bcf8c34468cdc,,,2041.751199,10.0.2.15,57354,72.3.209.144,443,tcp,245.20485900000017,4878.0,359255.0,SF,True,False,0,ShADadTTFf,242,14581,468,377979,ssl,0
2044.452976,COXALF36jsAKD0OEm1,10.0.2.15,57323,54.247.66.94,443,TLSv12,TLS_ECDHE_RSA_WITH_AES_128_GCM_SHA256,,d.adroll.com,True,True,CsiI,,,,0ffee3ba8e615ad22535e7f771690a28,303951d4c50efb2e991652225a6f02b1,,,2039.430902,10.0.2.15,57323,54.247.66.94,443,tcp,12.048367999999757,303.0,176.0,RSTO,True,False,0,ShADadFR,8,639,7,460,ssl,0
2043.072027,CQiq2kVx9zeV4u921,10.0.2.15,57352,23.74.190.213,443,TLSv12,TLS_ECDHE_RSA_WITH_AES_256_GCM_SHA384,secp256r1,cdn.pastemagazine.com,False,True,CsxknGIti,"['af9398777d585db898e894402d28937cf1ee69640d9377ca945fd19246646c67', '973a41276ffd01e027a2aad49e34c37846d3e976ff6a620b6712e33832041aa6']",[],1.0,0ffee3ba8e615ad22535e7f771690a28,2b33c1374db4ddf06942f92373c0b54b,http/1.1,,2041.41408,10.0.2.15,57352,23.74.190.213,443,tcp,101.89556300000004,3088.0,537250.0,RSTO,True,False,0,ShADadTFR,207,11378,509,557614,ssl,0
2043.074361,CYWGWS2KG9HXL6Lx5,10.0.2.15,57351,23.74.190.213,443,TLSv12,TLS_ECDHE_RSA_WITH_AES_256_GCM_SHA384,secp256r1,cdn.pastemagazine.com,False,True,CsxknGIti,"['af9398777d585db898e894402d28937cf1ee69640d9377ca945fd19246646c67', '973a41276ffd01e027a2aad49e34c37846d3e976ff6a620b6712e33832041aa6']",[],1.0,0ffee3ba8e615ad22535e7f771690a28,2b33c1374db4ddf06942f92373c0b54b,http/1.1,,2041.409551,10.0.2.15,57351,23.74.190.213,443,tcp,99.66559399999984,2255.0,876647.0,RSTO,True,False,0,ShADadTFR,388,17785,913,913171,ssl,0
2043.360039,Ck3L0I1BzccJQvonHk,10.0.2.15,57355,23.74.190.213,443,TLSv12,TLS_ECDHE_RSA_WITH_AES_256_GCM_SHA384,secp256r1,cdn.pastemagazine.com,False,True,CsxknGIti,"['af9398777d585db898e894402d28937cf1ee69640d9377ca945fd19246646c67', '973a41276ffd01e027a2aad49e34c37846d3e976ff6a620b6712e33832041aa6']",[],1.0,0ffee3ba8e615ad22535e7f771690a28,2b33c1374db4ddf06942f92373c0b54b,http/1.1,,2041.753072,10.0.2.15,57355,23.74.190.213,443,tcp,98.52289100000009,2336.0,746734.0,RSTO,True,False,0,ShADadTFR,396,18186,836,780178,ssl,0
2043.371999,CSaYE43WQzOOmdK8Jk,10.0.2.15,57356,23.74.190.213,443,TLSv12,TLS_ECDHE_RSA_WITH_AES_256_GCM_SHA384,secp256r1,cdn.pastemagazine.com,False,True,CsxknGIti,"['af9398777d585db898e894402d28937cf1ee69640d9377ca945fd19246646c67', '973a41276ffd01e027a2aad49e34c37846d3e976ff6a620b6712e33832041aa6']",[],1.0,0ffee3ba8e615ad22535e7f771690a28,2b33c1374db4ddf06942f92373c0b54b,http/1.1,,2041.757122,10.0.2.15,57356,23.74.190.213,443,tcp,98.93640099999992,2355.0,725835.0,RSTO,True,False,0,ShADadTFR,347,16244,780,757039,ssl,0
2047.738388,CSQYgp1b9gRMq9Er1c,10.0.2.15,57383,95.100.191.4,443,TLSv12,TLS_ECDHE_RSA_WITH_AES_256_GCM_SHA384,,sb.scorecardresearch.com,True,True,CsiI,,,,1a5fe5677b0e4fbbc854e8908225637d,410b9bedaf65dd26c6fe547154d60db4,http/1.1,,2047.70263,10.0.2.15,57383,95.100.191.4,443,tcp,93.3652599999998,1757.0,706.0,RSTO,True,False,0,ShADadTFR,18,2493,18,1430,ssl,0
2048.773426,CqkAKO1JHJuE5OE31f,10.0.2.15,57387,95.100.186.87,443,TLSv12,TLS_ECDHE_RSA_WITH_AES_256_GCM_SHA384,,cdnapisec.kaltura.com,True,True,CsiI,,,,1a5fe5677b0e4fbbc854e8908225637d,410b9bedaf65dd26c6fe547154d60db4,http/1.1,,2048.34657,10.0.2.15,57387,95.100.186.87,443,tcp,132.8737289999999,966.0,2764.0,RSTO,True,False,0,ShADadTTFR,22,1866,22,3648,ssl,0
2048.776416,CnuWsY3R69WryyCvhf,10.0.2.15,57386,95.100.186.87,443,TLSv12,TLS_ECDHE_RSA_WITH_AES_256_GCM_SHA384,,cdnapisec.kaltura.com,True,True,CsiI,,,,1a5fe5677b0e4fbbc854e8908225637d,410b9bedaf65dd26c6fe547154d60db4,http/1.1,,2048.342485,10.0.2.15,57386,95.100.186.87,443,tcp,228.56298100000004,1443.0,24647.0,RSTO,True,False,0,ShADadTTFR,45,3272,57,26931,ssl,0
2048.779345,C7dFRj2p8QWEmmLWXj,10.0.2.15,57390,95.100.186.87,443,TLSv12,TLS_ECDHE_RSA_WITH_AES_256_GCM_SHA384,,cdnapisec.kaltura.com,True,True,CsiI,,,,1a5fe5677b0e4fbbc854e8908225637d,410b9bedaf65dd26c6fe547154d60db4,http/1.1,,2048.371088,10.0.2.15,57390,95.100.186.87,443,tcp,131.5911000000001,966.0,2742.0,RSTO,True,False,0,ShADadTTFR,22,1866,22,3626,ssl,0
2048.804448,Cwcssx2hg86KgbO3e3,10.0.2.15,57389,95.100.186.87,443,TLSv12,TLS_ECDHE_RSA_WITH_AES_256_GCM_SHA384,,cdnapisec.kaltura.com,True,True,CsiI,,,,1a5fe5677b0e4fbbc854e8908225637d,410b9bedaf65dd26c6fe547154d60db4,http/1.1,,2048.369687,10.0.2.15,57389,95.100.186.87,443,tcp,131.5059940000001,966.0,2703.0,SF,True,False,0,ShADadTTFRfr,23,1906,24,3667,ssl,0
2048.806689,CyVPGl2vxpqqmHPZ3,10.0.2.15,57388,95.100.186.87,443,TLSv12,TLS_ECDHE_RSA_WITH_AES_256_GCM_SHA384,,cdnapisec.kaltura.com,True,True,CsiI,,,,1a5fe5677b0e4fbbc854e8908225637d,410b9bedaf65dd26c6fe547154d60db4,http/1.1,,2048.358625,10.0.2.15,57388,95.100.186.87,443,tcp,131.69596,966.0,2755.0,SF,True,False,0,ShADadTTFfRr,23,1906,24,3719,ssl,0
2048.83574,ClxlIl4jrNv0Ryf7N,10.0.2.15,57391,95.100.186.87,443,TLSv12,TLS_ECDHE_RSA_WITH_AES_256_GCM_SHA384,,cdnapisec.kaltura.com,True,True,CsiI,,,,1a5fe5677b0e4fbbc854e8908225637d,410b9bedaf65dd26c6fe547154d60db4,http/1.1,,2048.373746,10.0.2.15,57391,95.100.186.87,443,tcp,131.63011799999958,966.0,2722.0,RSTO,True,False,0,ShADadTTFR,22,1866,22,3606,ssl,0
2049.00396,CTahbEfnv8hsYgDu2,10.0.2.15,57395,95.100.186.87,443,TLSv12,TLS_ECDHE_RSA_WITH_AES_256_GCM_SHA384,,cdnapisec.kaltura.com,True,True,CsiI,,,,1a5fe5677b0e4fbbc854e8908225637d,410b9bedaf65dd26c6fe547154d60db4,http/1.1,,2048.617649,10.0.2.15,57395,95.100.186.87,443,tcp,131.45612000000028,966.0,2681.0,RSTO,True,False,0,ShADadTTFR,22,1866,22,3565,ssl,0
2049.004706,C9zhDn159nW5sfX25b,10.0.2.15,57396,95.100.186.87,443,TLSv12,TLS_ECDHE_RSA_WITH_AES_256_GCM_SHA384,,cdnapisec.kaltura.com,True,True,CsiI,,,,1a5fe5677b0e4fbbc854e8908225637d,410b9bedaf65dd26c6fe547154d60db4,http/1.1,,2048.619798,10.0.2.15,57396,95.100.186.87,443,tcp,131.40237099999968,966.0,2663.0,RSTO,True,False,0,ShADadTTFR,22,1866,22,3547,ssl,0
2049.005762,CdI43ZhbcCiiDvIp1,10.0.2.15,57397,95.100.186.87,443,TLSv12,TLS_ECDHE_RSA_WITH_AES_256_GCM_SHA384,,cdnapisec.kaltura.com,True,True,CsiI,,,,1a5fe5677b0e4fbbc854e8908225637d,410b9bedaf65dd26c6fe547154d60db4,http/1.1,,2048.620764,10.0.2.15,57397,95.100.186.87,443,tcp,8.447340000000167,599.0,183.0,SF,True,False,0,ShADadFfRr,8,927,9,547,ssl,0
2049.02842,CYiBEu4U1x7q1v5H2a,10.0.2.15,57400,95.100.186.87,443,TLSv12,TLS_ECDHE_RSA_WITH_AES_256_GCM_SHA384,,cdnapisec.kaltura.com,True,True,CsiI,,,,1a5fe5677b0e4fbbc854e8908225637d,410b9bedaf65dd26c6fe547154d60db4,http/1.1,,2048.62996,10.0.2.15,57400,95.100.186.87,443,tcp,8.393439999999828,599.0,183.0,SF,True,False,0,ShADadFRfr,8,927,9,547,ssl,0
2049.040373,Cq7Zsh10rdXoRBZuXk,10.0.2.15,57399,95.100.186.87,443,TLSv12,TLS_ECDHE_RSA_WITH_AES_256_GCM_SHA384,,cdnapisec.kaltura.com,True,True,CsiI,,,,1a5fe5677b0e4fbbc854e8908225637d,410b9bedaf65dd26c6fe547154d60db4,http/1.1,,2048.625163,10.0.2.15,57399,95.100.186.87,443,tcp,8.430826999999681,599.0,183.0,RSTO,True,False,0,ShADadFR,7,887,7,467,ssl,0
2049.040782,C2Xtqh3Qg5OR0Qvbwc,10.0.2.15,57398,95.100.186.87,443,TLSv12,TLS_ECDHE_RSA_WITH_AES_256_GCM_SHA384,,cdnapisec.kaltura.com,True,True,CsiI,,,,1a5fe5677b0e4fbbc854e8908225637d,410b9bedaf65dd26c6fe547154d60db4,http/1.1,,2048.623806,10.0.2.15,57398,95.100.186.87,443,tcp,8.403488999999809,599.0,183.0,SF,True,False,0,ShADadFfRr,8,927,9,547,ssl,0
2049.234333,CInFhG1ZtsVqmEQPo4,10.0.2.15,57403,23.74.190.213,443,TLSv12,TLS_ECDHE_RSA_WITH_AES_256_GCM_SHA384,,cdn.pastemagazine.com,True,True,CsiI,,,,1a5fe5677b0e4fbbc854e8908225637d,410b9bedaf65dd26c6fe547154d60db4,http/1.1,,2048.774493,10.0.2.15,57403,23.74.190.213,443,tcp,60.11122999999998,983.0,445347.0,SF,True,False,0,ShADadTFf,227,10073,484,464711,ssl,0
2049.270485,CLg2sW129s33qrS2Hd,10.0.2.15,57404,23.74.190.213,443,TLSv12,TLS_ECDHE_RSA_WITH_AES_256_GCM_SHA384,,cdn.pastemagazine.com,True,True,CsiI,,,,1a5fe5677b0e4fbbc854e8908225637d,410b9bedaf65dd26c6fe547154d60db4,http/1.1,,2048.775349,10.0.2.15,57404,23.74.190.213,443,tcp,96.45452999999998,1763.0,739811.0,RSTO,True,False,0,ShADadTFR,360,16173,809,772175,ssl,0
2048.964289,CaaEIx3QNcHkXkskje,10.0.2.15,57392,54.192.93.125,443,TLSv12,TLS_ECDHE_RSA_WITH_AES_128_GCM_SHA256,secp256r1,rules.quantcount.com,False,True,CsxuknGIti,"['7d39ee69bdac843654f44bb3164a243b3e8c527019b6225992e5d36771f19e8f', '19400be5b7a31fb733917700789d2f0a2471c0c9d506c0e504c06c16d7cb17c0']",[],1.0,0ffee3ba8e615ad22535e7f771690a28,76cc3e2d3028143b23ec18e27dbd7ca9,h2,,2048.465449,10.0.2.15,57392,54.192.93.125,443,tcp,79.32451100000026,850.0,4343.0,RSTO,True,False,0,ShADadFR,16,1498,19,5107,ssl,0
2048.989149,CMo1Q7ZOkLrDmHns,10.0.2.15,57394,173.241.240.220,443,TLSv12,TLS_ECDHE_RSA_WITH_AES_128_GCM_SHA256,secp256r1,paste-d.openx.net,False,True,CsxknGIi,"['ab7de06ea7a3de3225f335667d38750434931049f9e9cb0cb4a9caf5df22819c', '074541ecdf88ed992ed5ade3ecddef27a26ba1b44480a195c0a8dadae2521d8e']",[],1.0,0ffee3ba8e615ad22535e7f771690a28,699a80bdb17efe157c861f92c5bf5d1d,,,2048.495562,10.0.2.15,57394,173.241.240.220,443,tcp,57.73132499999974,2843.0,6109.0,SF,True,False,0,ShADadTfF,17,3535,22,6993,ssl,0
2049.936591,CHkJ9xVYH7Mn791kg,10.0.2.15,57406,23.74.190.213,443,TLSv12,TLS_ECDHE_RSA_WITH_AES_256_GCM_SHA384,,cdn.pastemagazine.com,True,True,CsiI,,,,1a5fe5677b0e4fbbc854e8908225637d,410b9bedaf65dd26c6fe547154d60db4,http/1.1,,2049.063841,10.0.2.15,57406,23.74.190.213,443,tcp,90.60174499999994,3837.0,636335.0,RSTR,True,False,0,ShADadFRr,286,15285,642,662019,ssl,0
2049.957393,CdpLTJBdwyqJPf1R1,10.0.2.15,57407,23.74.190.213,443,TLSv12,TLS_ECDHE_RSA_WITH_AES_256_GCM_SHA384,,cdn.pastemagazine.com,True,True,CsiI,,,,1a5fe5677b0e4fbbc854e8908225637d,410b9bedaf65dd26c6fe547154d60db4,http/1.1,,2049.06437,10.0.2.15,57407,23.74.190.213,443,tcp,256.2864559999998,2162.0,839728.0,SF,True,False,0,ShADadTFTf,412,18668,950,877732,ssl,0
2049.149314,C7RzlXH5mfaKMcd4j,10.0.2.15,57401,54.192.93.125,443,TLSv12,TLS_ECDHE_RSA_WITH_AES_128_GCM_SHA256,secp256r1,rules.quantcount.com,False,True,CsxuknGIti,"['7d39ee69bdac843654f44bb3164a243b3e8c527019b6225992e5d36771f19e8f', '19400be5b7a31fb733917700789d2f0a2471c0c9d506c0e504c06c16d7cb17c0']",[],1.0,0ffee3ba8e615ad22535e7f771690a28,76cc3e2d3028143b23ec18e27dbd7ca9,h2,,2048.719095,10.0.2.15,57401,54.192.93.125,443,tcp,2.399033000000145,532.0,3793.0,RSTO,True,False,0,ShADadFR,10,940,11,4237,ssl,0
2047.37437,Cgbp1M1SHiKZnA3FI8,10.0.2.15,57366,72.3.209.144,443,TLSv12,TLS_RSA_WITH_AES_128_CBC_SHA,,www.pastemagazine.com,True,True,CsiI,,,,0ffee3ba8e615ad22535e7f771690a28,a1566b9b2088f39c864bcf8c34468cdc,,,2045.855769,10.0.2.15,57366,72.3.209.144,443,tcp,241.8174160000001,3551.0,52115.0,SF,True,False,0,ShADadTTFf,69,6337,94,55879,ssl,0
2047.413721,CKjkGy3FprkswsYL1i,10.0.2.15,57367,72.3.209.144,443,TLSv12,TLS_RSA_WITH_AES_128_CBC_SHA,,www.pastemagazine.com,True,True,CsiI,,,,0ffee3ba8e615ad22535e7f771690a28,a1566b9b2088f39c864bcf8c34468cdc,,,2045.857249,10.0.2.15,57367,72.3.209.144,443,tcp,232.6062730000001,1989.0,97592.0,SF,True,False,0,ShADadTTfF,90,5614,156,103836,ssl,0
2043.146586,CXRvmu1E5VuP3t8Gb2,10.0.2.15,57349,72.3.209.144,443,TLSv12,TLS_RSA_WITH_AES_128_CBC_SHA,,www.pastemagazine.com,False,True,CsxunGIi,"['69426eca305f9778a1560eda198c0128a022f2f0d74d59e08bd70fabb2cca5bc', '973a41276ffd01e027a2aad49e34c37846d3e976ff6a620b6712e33832041aa6', '3a2fbe92891e57fe05d57087f48e730f17e5a5f53ef403d618e5b74d7a7e6ecb']",[],1.0,0ffee3ba8e615ad22535e7f771690a28,b6524266dc13c28824145a7e4830cca9,,,2041.401049,10.0.2.15,57349,72.3.209.144,443,tcp,102.47684600000002,982.0,13010.0,RSTO,True,False,0,ShADadTFR,22,1875,25,14014,ssl,0
2047.3187,CdoK6o2MYbbcVHubP,10.0.2.15,57365,72.3.209.144,443,TLSv12,TLS_RSA_WITH_AES_128_CBC_SHA,,www.pastemagazine.com,True,True,CsiI,,,,0ffee3ba8e615ad22535e7f771690a28,a1566b9b2088f39c864bcf8c34468cdc,,,2045.602426,10.0.2.15,57365,72.3.209.144,443,tcp,97.12804800000004,1280.0,40694.0,RSTO,True,False,0,ShADadTFR,44,3050,58,43018,ssl,0
2049.178392,Co0cUL3nQ9Pn3NCfLf,10.0.2.15,57402,173.241.240.220,443,TLSv12,TLS_ECDHE_RSA_WITH_AES_128_GCM_SHA256,secp256r1,paste-d.openx.net,False,True,CsxknGIi,"['ab7de06ea7a3de3225f335667d38750434931049f9e9cb0cb4a9caf5df22819c', '074541ecdf88ed992ed5ade3ecddef27a26ba1b44480a195c0a8dadae2521d8e']",[],1.0,0ffee3ba8e615ad22535e7f771690a28,699a80bdb17efe157c861f92c5bf5d1d,,,2048.749792,10.0.2.15,57402,173.241.240.220,443,tcp,8.256159000000025,383.0,3093.0,RSTO,True,False,0,ShADadFR,9,751,9,3457,ssl,0
2043.151217,CbDwG127Zns7AHX0Bc,10.0.2.15,57350,72.3.209.144,443,TLSv12,TLS_RSA_WITH_AES_128_CBC_SHA,,www.pastemagazine.com,False,True,CsxunGIi,"['69426eca305f9778a1560eda198c0128a022f2f0d74d59e08bd70fabb2cca5bc', '973a41276ffd01e027a2aad49e34c37846d3e976ff6a620b6712e33832041aa6', '3a2fbe92891e57fe05d57087f48e730f17e5a5f53ef403d618e5b74d7a7e6ecb']",[],1.0,0ffee3ba8e615ad22535e7f771690a28,b6524266dc13c28824145a7e4830cca9,,,2041.405139,10.0.2.15,57350,72.3.209.144,443,tcp,98.87906599999997,1483.0,42435.0,RSTR,True,False,0,ShADadTFRr,39,3057,60,44839,ssl,0
2047.570421,Csrd6i4diF31KqlPYi,10.0.2.15,57370,172.217.23.238,443,TLSv12,TLS_ECDHE_RSA_WITH_AES_128_GCM_SHA256,x25519,www.google-analytics.com,False,True,CsxknGIti,"['31ed45c3400fc5f9a84dfaa0a6f6171369876ed4e2da669ee7f8edbe3593bf6b', '9f630426df1d8abfd80ace98871ba833ab9742cb34838de2b5285ed54c0c7dcc', '3c35cc963eb004451323d3275d05b353235053490d9cd83729a2faf5e7ca1cc0']",[],1.0,0ffee3ba8e615ad22535e7f771690a28,ab41313cfec25328b20865eb1388e0a2,h2,,2046.716148,10.0.2.15,57370,172.217.23.238,443,tcp,295.11034299999983,3751.0,23023.0,SF,True,False,0,ShADadFf,49,5719,68,25747,ssl,0
2043.460044,CrtNgN13xZZeZ38cBi,10.0.2.15,57353,72.3.209.144,443,TLSv12,TLS_RSA_WITH_AES_128_CBC_SHA,,www.pastemagazine.com,False,True,CsxunGIi,"['69426eca305f9778a1560eda198c0128a022f2f0d74d59e08bd70fabb2cca5bc', '973a41276ffd01e027a2aad49e34c37846d3e976ff6a620b6712e33832041aa6', '3a2fbe92891e57fe05d57087f48e730f17e5a5f53ef403d618e5b74d7a7e6ecb']",[],1.0,0ffee3ba8e615ad22535e7f771690a28,b6524266dc13c28824145a7e4830cca9,,,2041.74793,10.0.2.15,57353,72.3.209.144,443,tcp,12.522601000000122,625.0,5710.0,SF,True,False,0,ShADadFf,11,1073,12,6194,ssl,0
2047.590283,C7syMk37tH5cL03Mpf,10.0.2.15,57371,74.125.206.157,443,TLSv12,TLS_ECDHE_RSA_WITH_AES_128_GCM_SHA256,x25519,stats.g.doubleclick.net,False,True,CsxknGIti,"['8d80516b26a9002a020bc551f01c44620d0d726476e4babc515dc5c82f0555b5', '9f630426df1d8abfd80ace98871ba833ab9742cb34838de2b5285ed54c0c7dcc', '3c35cc963eb004451323d3275d05b353235053490d9cd83729a2faf5e7ca1cc0']",[],1.0,0ffee3ba8e615ad22535e7f771690a28,ab41313cfec25328b20865eb1388e0a2,h2,,2046.718121,10.0.2.15,57371,74.125.206.157,443,tcp,294.9850819999999,2072.0,5815.0,SF,True,False,0,ShADadFf,32,3360,40,7419,ssl,0
2047.536105,CYg5Km3dAh6Xtaex3l,10.0.2.15,57369,74.125.206.157,443,TLSv12,TLS_ECDHE_RSA_WITH_AES_128_GCM_SHA256,x25519,stats.g.doubleclick.net,False,True,CsxknGIti,"['8d80516b26a9002a020bc551f01c44620d0d726476e4babc515dc5c82f0555b5', '9f630426df1d8abfd80ace98871ba833ab9742cb34838de2b5285ed54c0c7dcc', '3c35cc963eb004451323d3275d05b353235053490d9cd83729a2faf5e7ca1cc0']",[],1.0,0ffee3ba8e615ad22535e7f771690a28,ab41313cfec25328b20865eb1388e0a2,h2,,2046.464037,10.0.2.15,57369,74.125.206.157,443,tcp,10.310692000000245,966.0,4481.0,SF,True,False,0,ShADadFf,15,1574,17,5165,ssl,0
2047.495596,CCj5KM3pCPzGpaDS2,10.0.2.15,57368,172.217.23.238,443,TLSv12,TLS_ECDHE_RSA_WITH_AES_128_GCM_SHA256,x25519,www.google-analytics.com,False,True,CsxknGIti,"['31ed45c3400fc5f9a84dfaa0a6f6171369876ed4e2da669ee7f8edbe3593bf6b', '9f630426df1d8abfd80ace98871ba833ab9742cb34838de2b5285ed54c0c7dcc', '3c35cc963eb004451323d3275d05b353235053490d9cd83729a2faf5e7ca1cc0']",[],1.0,0ffee3ba8e615ad22535e7f771690a28,ab41313cfec25328b20865eb1388e0a2,h2,,2046.460876,10.0.2.15,57368,172.217.23.238,443,tcp,10.31393900000012,1013.0,4436.0,SF,True,False,0,ShADadFf,14,1581,16,5080,ssl,0
2047.316584,CEwMLD2WxIS5gsxWYi,10.0.2.15,57364,72.3.209.144,443,TLSv12,TLS_RSA_WITH_AES_128_CBC_SHA,,www.pastemagazine.com,False,True,CsxunGIi,"['69426eca305f9778a1560eda198c0128a022f2f0d74d59e08bd70fabb2cca5bc', '973a41276ffd01e027a2aad49e34c37846d3e976ff6a620b6712e33832041aa6', '3a2fbe92891e57fe05d57087f48e730f17e5a5f53ef403d618e5b74d7a7e6ecb']",[],1.0,0ffee3ba8e615ad22535e7f771690a28,b6524266dc13c28824145a7e4830cca9,,,2045.60066,10.0.2.15,57364,72.3.209.144,443,tcp,235.02901999999995,1755.0,96017.0,SF,True,False,0,ShADadTTfF,87,5261,146,101861,ssl,0
2055.226476,C6Jq3M2LbhRVgLKZ6a,10.0.2.15,57415,23.111.9.30,443,TLSv12,TLS_ECDHE_RSA_WITH_AES_128_GCM_SHA256,secp256r1,asset.pagefair.com,False,True,CsxknGIti,"['ae10e02cf02c9ca412fa82ecb3598aa529b426c5d50ed00f75c5d9f42db77551', 'b9f2164323638dce0b92218b43c41c1b2b2696389329db19f5cf7ad49b5cb372', '1a5174980a294a528a110726d5855650266c48d9883bea692b67b6d726da98c5']",[],1.0,0ffee3ba8e615ad22535e7f771690a28,8d2a028aa94425f76ced7826b1f39039,http/1.1,,2052.873008,10.0.2.15,57415,23.111.9.30,443,tcp,11.468976999999995,321.0,4908.0,SF,True,False,0,ShADadFRfr,9,689,11,5352,ssl,0
2063.588957,CbpfM14R3ywPm3JT6l,10.0.2.15,57440,172.217.23.228,443,TLSv12,TLS_ECDHE_RSA_WITH_AES_128_GCM_SHA256,,www.google.com,True,True,CsiI,,,,1a5fe5677b0e4fbbc854e8908225637d,67619a80665d7ab92d1041b1d11f9164,h2,,2062.007904,10.0.2.15,57440,172.217.23.228,443,tcp,296.459883,7186.0,191384.0,RSTO,True,False,0,ShADadFR,187,14674,337,204868,ssl,0
2054.932917,CFasoO1X13ntULJv8j,10.0.2.15,57414,23.111.11.222,443,TLSv12,TLS_ECDHE_RSA_WITH_AES_128_GCM_SHA256,secp256r1,asset.pagefair.net,False,True,CsxknGIti,"['ed8b36827d8bf7d471524d36def7e2d212f45a8e2b263143d3be400b6813055e', 'b9f2164323638dce0b92218b43c41c1b2b2696389329db19f5cf7ad49b5cb372', '1a5174980a294a528a110726d5855650266c48d9883bea692b67b6d726da98c5']",[],1.0,0ffee3ba8e615ad22535e7f771690a28,8d2a028aa94425f76ced7826b1f39039,http/1.1,,2052.469533,10.0.2.15,57414,23.111.11.222,443,tcp,19.24519999999984,630.0,5468.0,SF,True,False,0,ShADadfF,10,1038,13,5992,ssl,0
2055.219676,Csz4od2OSbdxyVLW1e,10.0.2.15,57416,23.111.11.222,443,TLSv12,TLS_ECDHE_RSA_WITH_AES_128_GCM_SHA256,secp256r1,asset.pagefair.net,False,True,CsxknGIti,"['ed8b36827d8bf7d471524d36def7e2d212f45a8e2b263143d3be400b6813055e', 'b9f2164323638dce0b92218b43c41c1b2b2696389329db19f5cf7ad49b5cb372', '1a5174980a294a528a110726d5855650266c48d9883bea692b67b6d726da98c5']",[],1.0,0ffee3ba8e615ad22535e7f771690a28,8d2a028aa94425f76ced7826b1f39039,http/1.1,,2052.876198,10.0.2.15,57416,23.111.11.222,443,tcp,15.65170500000022,321.0,4908.0,SF,True,False,0,ShADadFfRr,11,769,13,5432,ssl,0
2064.039898,CgGRZLxgT3obL64qg,10.0.2.15,57442,172.217.23.228,443,TLSv12,TLS_ECDHE_RSA_WITH_AES_128_GCM_SHA256,,www.google.com,True,True,CsiI,,,,1a5fe5677b0e4fbbc854e8908225637d,67619a80665d7ab92d1041b1d11f9164,h2,,2062.266119,10.0.2.15,57442,172.217.23.228,443,tcp,16.788050999999996,808.0,212.0,RSTO,True,False,0,ShADaTdFR,10,1217,10,616,ssl,0
2071.74439,CPS9d6166h0SXAUkq9,10.0.2.15,57458,172.217.23.226,443,TLSv12,TLS_ECDHE_RSA_WITH_AES_128_GCM_SHA256,x25519,www.googletagservices.com,False,True,CsxknGIti,"['a32ffddd76f9e7debbfc9a37b38d2ef86039b30a10d7c45ab8223d149cf99699', '9f630426df1d8abfd80ace98871ba833ab9742cb34838de2b5285ed54c0c7dcc', '3c35cc963eb004451323d3275d05b353235053490d9cd83729a2faf5e7ca1cc0']",[],1.0,0ffee3ba8e615ad22535e7f771690a28,ab41313cfec25328b20865eb1388e0a2,h2,,2071.352942,10.0.2.15,57458,172.217.23.226,443,tcp,112.3471239999999,1110.0,4516.0,RSTO,True,False,0,ShADadFR,20,1918,27,5600,ssl,0
2058.23429,CrIZSW2LbgQqId1T2d,10.0.2.15,57420,172.217.23.226,443,,,,www.googletagservices.com,False,False,C,,,,0ffee3ba8e615ad22535e7f771690a28,,,,2055.230444,10.0.2.15,57420,172.217.23.226,443,tcp,15.906572000000324,202.0,0.0,SF,True,False,0,ShADaTfF,6,451,5,204,ssl,0
2058.473312,CtDRzI1ZaJ43lgfy16,10.0.2.15,57426,172.217.23.226,443,,,,www.googletagservices.com,False,False,C,,,,0ffee3ba8e615ad22535e7f771690a28,,,,2055.48883,10.0.2.15,57426,172.217.23.226,443,tcp,16.22148200000038,202.0,0.0,SF,True,False,0,ShADaTfF,6,451,5,204,ssl,0
2058.346583,CmaqmN1EyAy3vJ7k24,10.0.2.15,57423,173.241.240.220,443,TLSv12,TLS_ECDHE_RSA_WITH_AES_128_GCM_SHA256,secp256r1,paste-d.openx.net,False,True,CsxknGIi,"['ab7de06ea7a3de3225f335667d38750434931049f9e9cb0cb4a9caf5df22819c', '074541ecdf88ed992ed5ade3ecddef27a26ba1b44480a195c0a8dadae2521d8e']",[],1.0,0ffee3ba8e615ad22535e7f771690a28,699a80bdb17efe157c861f92c5bf5d1d,,,2055.350888,10.0.2.15,57423,173.241.240.220,443,tcp,56.65554299999985,1245.0,3270.0,SF,True,False,0,ShADaTdfF,13,1776,15,3874,ssl,0
2058.77957,C7oukLOTGek14mxp1,10.0.2.15,57432,173.241.240.220,443,TLSv12,TLS_ECDHE_RSA_WITH_AES_128_GCM_SHA256,secp256r1,paste-d.openx.net,False,True,CsxknGIi,"['ab7de06ea7a3de3225f335667d38750434931049f9e9cb0cb4a9caf5df22819c', '074541ecdf88ed992ed5ade3ecddef27a26ba1b44480a195c0a8dadae2521d8e']",[],1.0,0ffee3ba8e615ad22535e7f771690a28,699a80bdb17efe157c861f92c5bf5d1d,,,2055.671166,10.0.2.15,57432,173.241.240.220,443,tcp,50.04627699999992,1245.0,3270.0,SF,True,False,0,ShADadTfF,13,1784,14,3834,ssl,0
2058.780146,Co7cAI2eZUZBhC5j77,10.0.2.15,57431,173.241.240.220,443,TLSv12,TLS_ECDHE_RSA_WITH_AES_128_GCM_SHA256,secp256r1,paste-d.openx.net,False,True,CsxknGIi,"['ab7de06ea7a3de3225f335667d38750434931049f9e9cb0cb4a9caf5df22819c', '074541ecdf88ed992ed5ade3ecddef27a26ba1b44480a195c0a8dadae2521d8e']",[],1.0,0ffee3ba8e615ad22535e7f771690a28,699a80bdb17efe157c861f92c5bf5d1d,,,2055.612111,10.0.2.15,57431,173.241.240.220,443,tcp,50.09120900000016,1245.0,3241.0,SF,True,False,0,ShADadTfF,13,1784,14,3805,ssl,0
2072.114207,CUe0dY2bV7Le42lAQa,10.0.2.15,57459,172.217.23.226,443,TLSv12,TLS_ECDHE_RSA_WITH_AES_128_GCM_SHA256,x25519,www.googletagservices.com,False,True,CsxknGIti,"['a32ffddd76f9e7debbfc9a37b38d2ef86039b30a10d7c45ab8223d149cf99699', '9f630426df1d8abfd80ace98871ba833ab9742cb34838de2b5285ed54c0c7dcc', '3c35cc963eb004451323d3275d05b353235053490d9cd83729a2faf5e7ca1cc0']",[],1.0,0ffee3ba8e615ad22535e7f771690a28,ab41313cfec25328b20865eb1388e0a2,h2,,2071.611201,10.0.2.15,57459,172.217.23.226,443,tcp,6.821729999999661,504.0,3949.0,RSTO,True,False,0,ShADadFR,10,912,10,4353,ssl,0
2058.568366,CPePAB2457f5uE5KXf,10.0.2.15,57425,173.241.240.220,443,TLSv12,TLS_ECDHE_RSA_WITH_AES_128_GCM_SHA256,secp256r1,paste-d.openx.net,False,True,CsxknGIi,"['ab7de06ea7a3de3225f335667d38750434931049f9e9cb0cb4a9caf5df22819c', '074541ecdf88ed992ed5ade3ecddef27a26ba1b44480a195c0a8dadae2521d8e']",[],1.0,0ffee3ba8e615ad22535e7f771690a28,699a80bdb17efe157c861f92c5bf5d1d,,,2055.436048,10.0.2.15,57425,173.241.240.220,443,tcp,73.66616599999998,1244.0,3270.0,SF,True,False,0,ShADaTdFf,16,1905,16,3914,ssl,0
2058.777443,CvFce12fDb4yUnogAf,10.0.2.15,57430,173.241.240.220,443,TLSv12,TLS_ECDHE_RSA_WITH_AES_128_GCM_SHA256,secp256r1,paste-d.openx.net,False,True,CsxknGIi,"['ab7de06ea7a3de3225f335667d38750434931049f9e9cb0cb4a9caf5df22819c', '074541ecdf88ed992ed5ade3ecddef27a26ba1b44480a195c0a8dadae2521d8e']",[],1.0,0ffee3ba8e615ad22535e7f771690a28,699a80bdb17efe157c861f92c5bf5d1d,,,2055.601902,10.0.2.15,57430,173.241.240.220,443,tcp,50.11795699999993,1244.0,3241.0,SF,True,False,0,ShADadTfF,13,1783,13,3765,ssl,0
2063.693944,CliV4i4OxAWa89auna,10.0.2.15,57441,54.173.31.185,443,TLSv12,TLS_ECDHE_RSA_WITH_AES_128_GCM_SHA256,secp256r1,static.uniregistry.net,False,True,CsxknGIti,"['978b5b4fae9416dd9213b42bcd9d13f375e79056b175ff6c0f8d4db977ecc36d', '25847d668eb4f04fdd40b12b6b0740c567da7d024308eb6c2c96fe41d9de218d']",[],1.0,0ffee3ba8e615ad22535e7f771690a28,389ed42c02ebecc32e73aa31def07e14,,,2062.010362,10.0.2.15,57441,54.173.31.185,443,tcp,99.33292299999994,1219.0,311738.0,SF,True,False,0,ShADadTFf,197,9112,378,326862,ssl,0
2058.776479,C80EtaSJypzda3wcl,10.0.2.15,57433,173.241.240.220,443,TLSv12,TLS_ECDHE_RSA_WITH_AES_128_GCM_SHA256,secp256r1,paste-d.openx.net,False,True,CsxknGIi,"['ab7de06ea7a3de3225f335667d38750434931049f9e9cb0cb4a9caf5df22819c', '074541ecdf88ed992ed5ade3ecddef27a26ba1b44480a195c0a8dadae2521d8e']",[],1.0,0ffee3ba8e615ad22535e7f771690a28,699a80bdb17efe157c861f92c5bf5d1d,,,2055.690614,10.0.2.15,57433,173.241.240.220,443,tcp,62.15943799999968,1244.0,3241.0,SF,True,False,0,ShADaTdFf,15,1864,15,3845,ssl,0
2058.681341,CBOVRW3CEC9HY3OOI6,10.0.2.15,57429,173.241.240.220,443,TLSv12,TLS_ECDHE_RSA_WITH_AES_128_GCM_SHA256,secp256r1,paste-d.openx.net,False,True,CsxknGIi,"['ab7de06ea7a3de3225f335667d38750434931049f9e9cb0cb4a9caf5df22819c', '074541ecdf88ed992ed5ade3ecddef27a26ba1b44480a195c0a8dadae2521d8e']",[],1.0,0ffee3ba8e615ad22535e7f771690a28,699a80bdb17efe157c861f92c5bf5d1d,,,2055.59994,10.0.2.15,57429,173.241.240.220,443,tcp,64.03617899999972,1244.0,3270.0,SF,True,False,0,ShADaTdfF,15,1864,15,3874,ssl,0
2058.575583,CYep6e1zKSRvoZsWui,10.0.2.15,57427,95.172.94.38,443,TLSv12,TLS_ECDHE_RSA_WITH_AES_128_GCM_SHA256,secp256r1,pixel.quantserve.com,False,True,CsxknGIti,"['7d39ee69bdac843654f44bb3164a243b3e8c527019b6225992e5d36771f19e8f', '19400be5b7a31fb733917700789d2f0a2471c0c9d506c0e504c06c16d7cb17c0']",[],1.0,0ffee3ba8e615ad22535e7f771690a28,ccc514751b175866924439bdbb5bba34,,,2055.542008,10.0.2.15,57427,95.172.94.38,443,tcp,27.07241500000009,1432.0,3637.0,SF,True,False,0,ShADaTdfF,15,2049,14,4201,ssl,0
2058.629053,CxrlkF4kxLdaPCjup9,10.0.2.15,57428,95.172.94.38,443,TLSv12,TLS_ECDHE_RSA_WITH_AES_128_GCM_SHA256,secp256r1,pixel.quantserve.com,False,False,CsxknGI,"['7d39ee69bdac843654f44bb3164a243b3e8c527019b6225992e5d36771f19e8f', '19400be5b7a31fb733917700789d2f0a2471c0c9d506c0e504c06c16d7cb17c0']",[],1.0,0ffee3ba8e615ad22535e7f771690a28,ccc514751b175866924439bdbb5bba34,,,2055.543715,10.0.2.15,57428,95.172.94.38,443,tcp,20.342309000000117,323.0,3050.0,SF,True,False,0,ShADadTfF,11,780,11,3494,ssl,0
2079.115785,Cpx8onoG1zCJPvznl,10.0.2.15,57462,157.240.11.22,443,TLSv12,TLS_ECDHE_ECDSA_WITH_AES_128_GCM_SHA256,secp256r1,connect.facebook.net,False,True,CsxknGIti,"['152151b387412a95ab90fd4664f2d98880408e9e43913124e4c91226a483386b', '19400be5b7a31fb733917700789d2f0a2471c0c9d506c0e504c06c16d7cb17c0']",[],1.0,0ffee3ba8e615ad22535e7f771690a28,2d1eb5817ece335c24904f516ad5da12,h2,,2078.895913,10.0.2.15,57462,157.240.11.22,443,tcp,262.49812999999995,1043.0,68157.0,RSTO,True,False,0,^hADadFR,46,2883,71,71001,ssl,0
2078.852146,CklECc1rrqvqFPgSfa,10.0.2.15,57460,172.217.23.226,443,,,,securepubads.g.doubleclick.net,False,False,C,,,,0ffee3ba8e615ad22535e7f771690a28,,,,2078.844962,10.0.2.15,57460,172.217.23.226,443,tcp,10.636312000000087,207.0,0.0,SF,True,False,0,^hADaTfF,5,408,5,204,ssl,0
2090.856437,ChorABUlgIGbejt5a,10.0.2.15,57491,172.217.23.226,443,TLSv12,TLS_ECDHE_RSA_WITH_AES_128_GCM_SHA256,x25519,securepubads.g.doubleclick.net,False,True,CsxknGIti,"['a32ffddd76f9e7debbfc9a37b38d2ef86039b30a10d7c45ab8223d149cf99699', '9f630426df1d8abfd80ace98871ba833ab9742cb34838de2b5285ed54c0c7dcc', '3c35cc963eb004451323d3275d05b353235053490d9cd83729a2faf5e7ca1cc0']",[],1.0,0ffee3ba8e615ad22535e7f771690a28,ab41313cfec25328b20865eb1388e0a2,h2,,2089.781263,10.0.2.15,57491,172.217.23.226,443,tcp,252.03197,11423.0,207689.0,SF,True,False,0,ShADadFf,140,17031,265,218293,ssl,0
2091.099638,CnFmIh4IO0VVX7fCcj,10.0.2.15,57493,172.217.23.226,443,TLSv12,TLS_ECDHE_RSA_WITH_AES_128_GCM_SHA256,x25519,securepubads.g.doubleclick.net,False,True,CsxknGIti,"['a32ffddd76f9e7debbfc9a37b38d2ef86039b30a10d7c45ab8223d149cf99699', '9f630426df1d8abfd80ace98871ba833ab9742cb34838de2b5285ed54c0c7dcc', '3c35cc963eb004451323d3275d05b353235053490d9cd83729a2faf5e7ca1cc0']",[],1.0,0ffee3ba8e615ad22535e7f771690a28,ab41313cfec25328b20865eb1388e0a2,h2,,2090.034435,10.0.2.15,57493,172.217.23.226,443,tcp,9.606604999999943,1392.0,15524.0,SF,True,False,0,ShADadFf,20,2200,30,16728,ssl,0
2064.143928,CY19zx3DteW6hxpHM,10.0.2.15,57443,54.173.31.185,443,TLSv12,TLS_ECDHE_RSA_WITH_AES_128_GCM_SHA256,secp256r1,static.uniregistry.net,False,True,CsxknGIti,"['978b5b4fae9416dd9213b42bcd9d13f375e79056b175ff6c0f8d4db977ecc36d', '25847d668eb4f04fdd40b12b6b0740c567da7d024308eb6c2c96fe41d9de218d']",[],1.0,0ffee3ba8e615ad22535e7f771690a28,389ed42c02ebecc32e73aa31def07e14,,,2062.267532,10.0.2.15,57443,54.173.31.185,443,tcp,35.132074999999986,325.0,3183.0,SF,True,False,0,ShADaTdFRfr,12,816,13,3707,ssl,0
2058.345984,CSRMGD3oJNVXxjD3L,10.0.2.15,57421,173.241.240.220,443,TLSv12,TLS_ECDHE_RSA_WITH_AES_128_GCM_SHA256,secp256r1,paste-d.openx.net,False,False,CsxknGI,"['ab7de06ea7a3de3225f335667d38750434931049f9e9cb0cb4a9caf5df22819c', '074541ecdf88ed992ed5ade3ecddef27a26ba1b44480a195c0a8dadae2521d8e']",[],1.0,0ffee3ba8e615ad22535e7f771690a28,699a80bdb17efe157c861f92c5bf5d1d,,,2055.340415,10.0.2.15,57421,173.241.240.220,443,tcp,37.60631599999988,1245.0,2826.0,SF,True,False,0,ShADaTdfF,12,1743,11,3270,ssl,0
2058.376422,CJ3O8D3Jr5WJex7qpc,10.0.2.15,57424,173.241.240.220,443,TLSv12,TLS_ECDHE_RSA_WITH_AES_128_GCM_SHA256,secp256r1,paste-d.openx.net,False,False,CsxknGI,"['ab7de06ea7a3de3225f335667d38750434931049f9e9cb0cb4a9caf5df22819c', '074541ecdf88ed992ed5ade3ecddef27a26ba1b44480a195c0a8dadae2521d8e']",[],1.0,0ffee3ba8e615ad22535e7f771690a28,699a80bdb17efe157c861f92c5bf5d1d,,,2055.416613,10.0.2.15,57424,173.241.240.220,443,tcp,37.999181000000135,1245.0,2826.0,SF,True,False,0,ShADaTdfF,11,1695,11,3270,ssl,0
2058.347109,CZ9VY129F4nQ4MMuP8,10.0.2.15,57422,173.241.240.220,443,TLSv12,TLS_ECDHE_RSA_WITH_AES_128_GCM_SHA256,secp256r1,paste-d.openx.net,False,False,CsxknGI,"['ab7de06ea7a3de3225f335667d38750434931049f9e9cb0cb4a9caf5df22819c', '074541ecdf88ed992ed5ade3ecddef27a26ba1b44480a195c0a8dadae2521d8e']",[],1.0,0ffee3ba8e615ad22535e7f771690a28,699a80bdb17efe157c861f92c5bf5d1d,,,2055.349329,10.0.2.15,57422,173.241.240.220,443,tcp,38.06691099999989,1245.0,2826.0,SF,True,False,0,ShADaTdfF,11,1695,11,3270,ssl,0
2054.928001,Ckh0OS2RUk9AhPkj6h,10.0.2.15,57413,23.111.9.30,443,TLSv12,TLS_ECDHE_RSA_WITH_AES_128_GCM_SHA256,secp256r1,asset.pagefair.com,False,True,CsxknGIti,"['ae10e02cf02c9ca412fa82ecb3598aa529b426c5d50ed00f75c5d9f42db77551', 'b9f2164323638dce0b92218b43c41c1b2b2696389329db19f5cf7ad49b5cb372', '1a5174980a294a528a110726d5855650266c48d9883bea692b67b6d726da98c5']",[],1.0,0ffee3ba8e615ad22535e7f771690a28,8d2a028aa94425f76ced7826b1f39039,http/1.1,,2052.467858,10.0.2.15,57413,23.111.9.30,443,tcp,55.12173500000017,668.0,10264.0,SF,True,False,0,ShADadTfF,15,1280,17,10948,ssl,0
2105.698261,Cy3zZtFibW9NvIDgj,10.0.2.15,57511,172.217.23.225,443,TLSv12,TLS_ECDHE_RSA_WITH_AES_128_GCM_SHA256,x25519,tpc.googlesyndication.com,False,True,CsxknGIti,"['1a04953b8e7e73c9260dd8ebc167433d66e5c2dd13da8be4a7be677086cfb34c', '9f630426df1d8abfd80ace98871ba833ab9742cb34838de2b5285ed54c0c7dcc', '3c35cc963eb004451323d3275d05b353235053490d9cd83729a2faf5e7ca1cc0']",[],1.0,0ffee3ba8e615ad22535e7f771690a28,ab41313cfec25328b20865eb1388e0a2,h2,,2101.809739,10.0.2.15,57511,172.217.23.225,443,tcp,239.93214500000025,2388.0,408017.0,SF,True,False,0,ShADadFf,266,13044,521,428861,ssl,0
2105.913826,CzTqKc31vSSsbYXY4c,10.0.2.15,57512,172.217.23.226,443,TLSv12,TLS_ECDHE_ECDSA_WITH_AES_128_GCM_SHA256,x25519,pagead2.googlesyndication.com,False,True,CsxknGIti,"['7dab2c14c2154b93fe35063ca1c26a233a78ca71cbb2bca391546edc16638392', '9f630426df1d8abfd80ace98871ba833ab9742cb34838de2b5285ed54c0c7dcc', '3c35cc963eb004451323d3275d05b353235053490d9cd83729a2faf5e7ca1cc0']",[],1.0,0ffee3ba8e615ad22535e7f771690a28,84480cf8cf0e732666092640e581e1a5,h2,,2101.823601,10.0.2.15,57512,172.217.23.226,443,tcp,13.447671999999784,510.0,4299.0,RSTO,True,False,0,ShADadFR,11,966,11,4743,ssl,0
2105.884312,Cs2xryAxnR6YIY5Qe,10.0.2.15,57513,172.217.23.225,443,TLSv12,TLS_ECDHE_RSA_WITH_AES_128_GCM_SHA256,x25519,tpc.googlesyndication.com,False,True,CsxknGIti,"['1a04953b8e7e73c9260dd8ebc167433d66e5c2dd13da8be4a7be677086cfb34c', '9f630426df1d8abfd80ace98871ba833ab9742cb34838de2b5285ed54c0c7dcc', '3c35cc963eb004451323d3275d05b353235053490d9cd83729a2faf5e7ca1cc0']",[],1.0,0ffee3ba8e615ad22535e7f771690a28,ab41313cfec25328b20865eb1388e0a2,h2,,2102.193457,10.0.2.15,57513,172.217.23.225,443,tcp,13.689577999999983,504.0,3817.0,RSTR,True,False,0,ShADadFRr,12,1000,12,4301,ssl,0
2105.90417,CO5fBLPocFPRGzef6,10.0.2.15,57514,172.217.23.226,443,TLSv12,TLS_ECDHE_ECDSA_WITH_AES_128_GCM_SHA256,x25519,pagead2.googlesyndication.com,False,True,CsxknGIti,"['7dab2c14c2154b93fe35063ca1c26a233a78ca71cbb2bca391546edc16638392', '9f630426df1d8abfd80ace98871ba833ab9742cb34838de2b5285ed54c0c7dcc', '3c35cc963eb004451323d3275d05b353235053490d9cd83729a2faf5e7ca1cc0']",[],1.0,0ffee3ba8e615ad22535e7f771690a28,84480cf8cf0e732666092640e581e1a5,h2,,2102.194318,10.0.2.15,57514,172.217.23.226,443,tcp,24.104233000000026,510.0,4379.0,RSTO,True,False,0,ShADadFR,12,1006,13,4903,ssl,0
2111.593027,CZFzsn2evdHRvyxndb,10.0.2.15,57526,172.217.23.238,443,TLSv12,TLS_ECDHE_RSA_WITH_AES_128_GCM_SHA256,,apis.google.com,True,True,CsiI,,,,1a5fe5677b0e4fbbc854e8908225637d,67619a80665d7ab92d1041b1d11f9164,h2,,2106.318121,10.0.2.15,57526,172.217.23.238,443,tcp,235.41399600000025,1354.0,767.0,SF,True,False,0,ShADadFf,20,2170,21,1611,ssl,0
2111.605544,CHgjTJ19uCoMssdhY2,10.0.2.15,57530,172.217.23.238,443,TLSv12,TLS_ECDHE_RSA_WITH_AES_128_GCM_SHA256,,apis.google.com,True,True,CsiI,,,,1a5fe5677b0e4fbbc854e8908225637d,67619a80665d7ab92d1041b1d11f9164,h2,,2106.5749,10.0.2.15,57530,172.217.23.238,443,tcp,21.32246399999985,808.0,212.0,RSTO,True,False,0,ShADadFR,10,1224,9,576,ssl,0
2114.252922,CG1ZGn1DVRbCmPVMSi,10.0.2.15,57531,23.111.11.222,443,TLSv12,TLS_ECDHE_RSA_WITH_AES_128_GCM_SHA256,,asset.pagefair.net,True,True,CsiI,,,,1a5fe5677b0e4fbbc854e8908225637d,7bee5c1d424b7e5f943b06983bb11422,http/1.1,,2114.238459,10.0.2.15,57531,23.111.11.222,443,tcp,37.4465409999998,923.0,869.0,SF,True,False,0,^hADadTFfRr,10,1325,12,1353,ssl,0
2114.443875,Cl1xFeab64lFLi6ub,10.0.2.15,57534,23.111.11.222,443,TLSv12,TLS_ECDHE_RSA_WITH_AES_128_GCM_SHA256,,asset.pagefair.net,True,True,CsiI,,,,1a5fe5677b0e4fbbc854e8908225637d,7bee5c1d424b7e5f943b06983bb11422,http/1.1,,2114.429943,10.0.2.15,57534,23.111.11.222,443,tcp,32.30007599999999,599.0,152.0,SF,True,False,0,^hADadFTf,8,921,9,516,ssl,0
2115.686616,CbUremAv9Ey6KIrDj,10.0.2.15,57537,172.217.23.234,443,TLSv12,TLS_ECDHE_RSA_WITH_AES_128_GCM_SHA256,x25519,fonts.googleapis.com,False,False,CsxknGI,"['0ca616f3b5a49ded9af60777a33ae7119bfd6de6a815dbee0b64d5d69491aa06', '9f630426df1d8abfd80ace98871ba833ab9742cb34838de2b5285ed54c0c7dcc', '3c35cc963eb004451323d3275d05b353235053490d9cd83729a2faf5e7ca1cc0']",[],1.0,0ffee3ba8e615ad22535e7f771690a28,ab41313cfec25328b20865eb1388e0a2,h2,,2115.683648,10.0.2.15,57537,172.217.23.234,443,tcp,13.938282999999956,664.0,3570.0,SF,True,False,0,^hADaTdfF,10,1065,13,4094,ssl,0
2114.748959,CjMF384mbt0ZZ1wY9b,10.0.2.15,57536,23.111.9.30,443,TLSv12,TLS_ECDHE_RSA_WITH_AES_128_GCM_SHA256,secp256r1,asset.pagefair.com,False,True,CsxknGIti,"['ae10e02cf02c9ca412fa82ecb3598aa529b426c5d50ed00f75c5d9f42db77551', 'b9f2164323638dce0b92218b43c41c1b2b2696389329db19f5cf7ad49b5cb372', '1a5174980a294a528a110726d5855650266c48d9883bea692b67b6d726da98c5']",[],1.0,1a5fe5677b0e4fbbc854e8908225637d,8d2a028aa94425f76ced7826b1f39039,http/1.1,,2114.746747,10.0.2.15,57536,23.111.9.30,443,tcp,28.77785399999993,643.0,4908.0,RSTO,True,False,0,^hADaTdFR,10,1045,13,5432,ssl,0
2140.282298,COgyiC3RBRJzXyW7k9,10.0.2.15,57552,54.173.31.185,443,TLSv12,TLS_ECDHE_RSA_WITH_AES_128_GCM_SHA256,secp256r1,static.uniregistry.net,False,True,CsxknGIti,"['978b5b4fae9416dd9213b42bcd9d13f375e79056b175ff6c0f8d4db977ecc36d', '25847d668eb4f04fdd40b12b6b0740c567da7d024308eb6c2c96fe41d9de218d']",[],1.0,0ffee3ba8e615ad22535e7f771690a28,389ed42c02ebecc32e73aa31def07e14,,,2140.278348,10.0.2.15,57552,54.173.31.185,443,tcp,7.138828000000103,356.0,3183.0,SF,True,False,0,^hADadFf,10,756,11,3627,ssl,0
2113.762207,CHKAH22ckEt15oGt15,10.0.2.15,57533,23.111.9.30,443,TLSv12,TLS_ECDHE_RSA_WITH_AES_128_GCM_SHA256,secp256r1,asset.pagefair.com,False,False,Csxkn,"['ae10e02cf02c9ca412fa82ecb3598aa529b426c5d50ed00f75c5d9f42db77551', 'b9f2164323638dce0b92218b43c41c1b2b2696389329db19f5cf7ad49b5cb372', '1a5174980a294a528a110726d5855650266c48d9883bea692b67b6d726da98c5']",[],1.0,1a5fe5677b0e4fbbc854e8908225637d,8d2a028aa94425f76ced7826b1f39039,http/1.1,,2113.7484,10.0.2.15,57533,23.111.9.30,443,tcp,26.439706000000115,517.0,4650.0,RSTR,True,False,0,^hADadTFRr,9,878,11,5094,ssl,0
2114.305586,Cjwm5wMPpdeWomIOa,10.0.2.15,57532,23.111.9.30,443,TLSv12,TLS_ECDHE_RSA_WITH_AES_128_GCM_SHA256,secp256r1,asset.pagefair.com,False,True,CsxknGIti,"['ae10e02cf02c9ca412fa82ecb3598aa529b426c5d50ed00f75c5d9f42db77551', 'b9f2164323638dce0b92218b43c41c1b2b2696389329db19f5cf7ad49b5cb372', '1a5174980a294a528a110726d5855650266c48d9883bea692b67b6d726da98c5']",[],1.0,1a5fe5677b0e4fbbc854e8908225637d,8d2a028aa94425f76ced7826b1f39039,http/1.1,,2114.302998,10.0.2.15,57532,23.111.9.30,443,tcp,32.05547499999966,1001.0,4908.0,RSTO,True,False,0,^hADadTFR,9,1362,11,5352,ssl,0
2114.808955,CiuOLT1Me4xFy34xOl,10.0.2.15,57535,23.111.9.30,443,TLSv12,TLS_ECDHE_RSA_WITH_AES_128_GCM_SHA256,secp256r1,asset.pagefair.com,False,True,CsxknGIti,"['ae10e02cf02c9ca412fa82ecb3598aa529b426c5d50ed00f75c5d9f42db77551', 'b9f2164323638dce0b92218b43c41c1b2b2696389329db19f5cf7ad49b5cb372', '1a5174980a294a528a110726d5855650266c48d9883bea692b67b6d726da98c5']",[],1.0,1a5fe5677b0e4fbbc854e8908225637d,8d2a028aa94425f76ced7826b1f39039,http/1.1,,2114.766775,10.0.2.15,57535,23.111.9.30,443,tcp,32.403553999999986,643.0,4908.0,RSTO,True,False,0,^hADaTdFR,11,1086,15,5512,ssl,0
2123.01693,CN4kbF4rLv9iGvhcB8,10.0.2.15,57542,54.173.31.185,443,TLSv12,TLS_ECDHE_RSA_WITH_AES_128_GCM_SHA256,secp256r1,static.uniregistry.net,False,True,CsxknGIti,"['978b5b4fae9416dd9213b42bcd9d13f375e79056b175ff6c0f8d4db977ecc36d', '25847d668eb4f04fdd40b12b6b0740c567da7d024308eb6c2c96fe41d9de218d']",[],1.0,0ffee3ba8e615ad22535e7f771690a28,389ed42c02ebecc32e73aa31def07e14,,,2122.555986,10.0.2.15,57542,54.173.31.185,443,tcp,95.79311899999992,844.0,68421.0,SF,True,False,0,ShADaTdFf,56,3100,100,72425,ssl,0
2137.835762,CuIckN6MoDevGbutk,10.0.2.15,57548,172.217.23.226,443,TLSv12,TLS_ECDHE_RSA_WITH_AES_128_GCM_SHA256,,adx.g.doubleclick.net,False,False,Cs,,,,0ffee3ba8e615ad22535e7f771690a28,ab41313cfec25328b20865eb1388e0a2,h2,,2137.825925,10.0.2.15,57548,172.217.23.226,443,tcp,5.457787999999709,198.0,1420.0,RSTO,True,False,0,^hADaFdR,4,358,4,1584,ssl,0
2152.450807,C2grEw1gRwH4CwnNb6,10.0.2.15,57563,173.241.240.220,443,TLSv12,TLS_ECDHE_RSA_WITH_AES_128_GCM_SHA256,secp256r1,paste-d.openx.net,False,True,CsxknGIi,"['ab7de06ea7a3de3225f335667d38750434931049f9e9cb0cb4a9caf5df22819c', '074541ecdf88ed992ed5ade3ecddef27a26ba1b44480a195c0a8dadae2521d8e']",[],1.0,0ffee3ba8e615ad22535e7f771690a28,699a80bdb17efe157c861f92c5bf5d1d,,,2148.761007,10.0.2.15,57563,173.241.240.220,443,tcp,11.526561000000129,383.0,3124.0,SF,True,False,0,ShADadFfRr,11,839,12,3608,ssl,0
2139.24082,CTL2Bi3f67fNaAbBM1,10.0.2.15,57549,172.217.23.226,443,,,,adx.g.doubleclick.net,False,False,C,,,,0ffee3ba8e615ad22535e7f771690a28,,,,2138.82341,10.0.2.15,57549,172.217.23.226,443,tcp,12.510619000000132,198.0,0.0,SF,True,False,0,^hADaTfF,5,399,5,204,ssl,0
2152.756645,CBsdOIO57aE9Ds3di,10.0.2.15,57562,72.3.209.144,443,TLSv12,TLS_RSA_WITH_AES_128_CBC_SHA,,www.pastemagazine.com,False,True,CsxunGIi,"['69426eca305f9778a1560eda198c0128a022f2f0d74d59e08bd70fabb2cca5bc', '973a41276ffd01e027a2aad49e34c37846d3e976ff6a620b6712e33832041aa6', '3a2fbe92891e57fe05d57087f48e730f17e5a5f53ef403d618e5b74d7a7e6ecb']",[],1.0,0ffee3ba8e615ad22535e7f771690a28,b6524266dc13c28824145a7e4830cca9,,,2148.759424,10.0.2.15,57562,72.3.209.144,443,tcp,11.26407700000027,572.0,5710.0,RSTO,True,False,0,ShADadR,10,988,11,6154,ssl,0
2152.581499,CTmQhZ3h2Dj6EWlHlc,10.0.2.15,57561,72.3.209.144,443,TLSv12,TLS_RSA_WITH_AES_128_CBC_SHA,,www.pastemagazine.com,False,True,CsxunGIi,"['69426eca305f9778a1560eda198c0128a022f2f0d74d59e08bd70fabb2cca5bc', '973a41276ffd01e027a2aad49e34c37846d3e976ff6a620b6712e33832041aa6', '3a2fbe92891e57fe05d57087f48e730f17e5a5f53ef403d618e5b74d7a7e6ecb']",[],1.0,0ffee3ba8e615ad22535e7f771690a28,b6524266dc13c28824145a7e4830cca9,,,2148.750238,10.0.2.15,57561,72.3.209.144,443,tcp,11.40139599999975,572.0,5710.0,RSTO,True,False,0,ShADadFR,11,1028,12,6194,ssl,0
2163.728952,CnfwCAMhTBTfhQ45g,10.0.2.15,57565,173.241.240.220,443,TLSv12,TLS_ECDHE_RSA_WITH_AES_128_GCM_SHA256,secp256r1,paste-d.openx.net,False,True,CsxknGIi,"['ab7de06ea7a3de3225f335667d38750434931049f9e9cb0cb4a9caf5df22819c', '074541ecdf88ed992ed5ade3ecddef27a26ba1b44480a195c0a8dadae2521d8e']",[],1.0,0ffee3ba8e615ad22535e7f771690a28,699a80bdb17efe157c861f92c5bf5d1d,,,2163.287932,10.0.2.15,57565,173.241.240.220,443,tcp,41.40963099999999,7382.0,7822.0,SF,True,False,0,ShADadTFf,23,8312,33,9146,ssl,0
2166.005532,CodBAn1j1CrqVKyTA5,10.0.2.15,57568,23.111.9.30,443,TLSv12,TLS_ECDHE_RSA_WITH_AES_128_GCM_SHA256,secp256r1,asset.pagefair.com,False,True,CsxknGIti,"['ae10e02cf02c9ca412fa82ecb3598aa529b426c5d50ed00f75c5d9f42db77551', 'b9f2164323638dce0b92218b43c41c1b2b2696389329db19f5cf7ad49b5cb372', '1a5174980a294a528a110726d5855650266c48d9883bea692b67b6d726da98c5']",[],1.0,0ffee3ba8e615ad22535e7f771690a28,8d2a028aa94425f76ced7826b1f39039,http/1.1,,2165.866361,10.0.2.15,57568,23.111.9.30,443,tcp,5.002744000000348,684.0,5656.0,SF,True,False,0,ShADadFf,11,1132,16,6300,ssl,0
2166.00678,CV30PU2M6nNmkLbFc6,10.0.2.15,57567,23.111.11.222,443,TLSv12,TLS_ECDHE_RSA_WITH_AES_128_GCM_SHA256,secp256r1,asset.pagefair.net,False,True,CsxknGIti,"['ed8b36827d8bf7d471524d36def7e2d212f45a8e2b263143d3be400b6813055e', 'b9f2164323638dce0b92218b43c41c1b2b2696389329db19f5cf7ad49b5cb372', '1a5174980a294a528a110726d5855650266c48d9883bea692b67b6d726da98c5']",[],1.0,1a5fe5677b0e4fbbc854e8908225637d,8d2a028aa94425f76ced7826b1f39039,http/1.1,,2165.853012,10.0.2.15,57567,23.111.11.222,443,tcp,5.049922000000151,972.0,5656.0,SF,True,False,0,ShADadFf,11,1420,16,6300,ssl,0
2166.644903,CHQUZCrynUVQARgB4,10.0.2.15,57570,23.111.9.30,443,TLSv12,TLS_ECDHE_RSA_WITH_AES_128_GCM_SHA256,,asset.pagefair.com,True,True,CsiI,,,,1a5fe5677b0e4fbbc854e8908225637d,7bee5c1d424b7e5f943b06983bb11422,http/1.1,,2166.520135,10.0.2.15,57570,23.111.9.30,443,tcp,4.9637409999995725,925.0,715.0,SF,True,False,0,ShADadFf,8,1253,9,1079,ssl,0
2165.872472,Cmlzvx2cAGd9iLGMh7,10.0.2.15,57566,95.172.94.60,443,TLSv12,TLS_ECDHE_RSA_WITH_AES_128_GCM_SHA256,secp256r1,pixel.quantserve.com,False,True,CsxknGIti,"['7d39ee69bdac843654f44bb3164a243b3e8c527019b6225992e5d36771f19e8f', '19400be5b7a31fb733917700789d2f0a2471c0c9d506c0e504c06c16d7cb17c0']",[],1.0,0ffee3ba8e615ad22535e7f771690a28,ccc514751b175866924439bdbb5bba34,,,2165.77318,10.0.2.15,57566,95.172.94.60,443,tcp,2.065806999999949,1446.0,3637.0,SF,True,False,0,ShADadfF,11,1894,14,4201,ssl,0
2167.190741,C0EpYr3eneemcz7RD1,10.0.2.15,57569,23.111.9.30,443,TLSv12,TLS_ECDHE_RSA_WITH_AES_128_GCM_SHA256,,asset.pagefair.com,True,True,CsiI,,,,1a5fe5677b0e4fbbc854e8908225637d,7bee5c1d424b7e5f943b06983bb11422,http/1.1,,2165.869435,10.0.2.15,57569,23.111.9.30,443,tcp,11.258074999999735,599.0,152.0,SF,True,False,0,ShADadFf,7,887,7,436,ssl,0
2168.449363,Crd2piHqqqbFqRFL2,10.0.2.15,57581,23.74.190.213,443,TLSv12,TLS_ECDHE_RSA_WITH_AES_256_GCM_SHA384,,cdn.pastemagazine.com,True,True,CsiI,,,,1a5fe5677b0e4fbbc854e8908225637d,410b9bedaf65dd26c6fe547154d60db4,http/1.1,,2168.228726,10.0.2.15,57581,23.74.190.213,443,tcp,86.16646800000035,1117.0,376266.0,RSTO,True,False,0,ShADadTFR,221,9968,445,394070,ssl,0
2168.241035,CUARu24XHmj7eEc6h6,10.0.2.15,57573,173.241.240.220,443,TLSv12,TLS_ECDHE_RSA_WITH_AES_128_GCM_SHA256,secp256r1,paste-d.openx.net,False,True,CsxknGIi,"['ab7de06ea7a3de3225f335667d38750434931049f9e9cb0cb4a9caf5df22819c', '074541ecdf88ed992ed5ade3ecddef27a26ba1b44480a195c0a8dadae2521d8e']",[],1.0,0ffee3ba8e615ad22535e7f771690a28,699a80bdb17efe157c861f92c5bf5d1d,,,2168.119405,10.0.2.15,57573,173.241.240.220,443,tcp,33.72205500000018,1250.0,3241.0,SF,True,False,0,ShADadTFf,12,1740,14,3805,ssl,0
2168.242733,CHuR7w1PKSWLup6DYg,10.0.2.15,57572,173.241.240.220,443,TLSv12,TLS_ECDHE_RSA_WITH_AES_128_GCM_SHA256,secp256r1,paste-d.openx.net,False,True,CsxknGIi,"['ab7de06ea7a3de3225f335667d38750434931049f9e9cb0cb4a9caf5df22819c', '074541ecdf88ed992ed5ade3ecddef27a26ba1b44480a195c0a8dadae2521d8e']",[],1.0,0ffee3ba8e615ad22535e7f771690a28,699a80bdb17efe157c861f92c5bf5d1d,,,2168.117365,10.0.2.15,57572,173.241.240.220,443,tcp,33.74013500000001,1250.0,3270.0,SF,True,False,0,ShADadTFf,12,1740,15,3874,ssl,0
2168.452102,CZKmUc13mlj0b7z8L5,10.0.2.15,57580,23.74.190.213,443,TLSv12,TLS_ECDHE_RSA_WITH_AES_256_GCM_SHA384,,cdn.pastemagazine.com,True,True,CsiI,,,,1a5fe5677b0e4fbbc854e8908225637d,410b9bedaf65dd26c6fe547154d60db4,http/1.1,,2168.22599,10.0.2.15,57580,23.74.190.213,443,tcp,53.56709799999999,1099.0,216599.0,RSTO,True,False,0,ShADadTFR,120,5908,247,226483,ssl,0
2168.454401,Cv47hc1lFSbxPfPct2,10.0.2.15,57579,23.74.190.213,443,TLSv12,TLS_ECDHE_RSA_WITH_AES_256_GCM_SHA384,,cdn.pastemagazine.com,True,True,CsiI,,,,1a5fe5677b0e4fbbc854e8908225637d,410b9bedaf65dd26c6fe547154d60db4,http/1.1,,2168.22272,10.0.2.15,57579,23.74.190.213,443,tcp,173.62285599999996,2658.0,598827.0,RSTO,True,False,0,ShADadTFR,360,17075,731,628071,ssl,0
2168.457769,CxGMRc2MwcuLEOWeZ6,10.0.2.15,57578,23.74.190.213,443,TLSv12,TLS_ECDHE_RSA_WITH_AES_256_GCM_SHA384,,cdn.pastemagazine.com,True,True,CsiI,,,,1a5fe5677b0e4fbbc854e8908225637d,410b9bedaf65dd26c6fe547154d60db4,http/1.1,,2168.220702,10.0.2.15,57578,23.74.190.213,443,tcp,55.7199999999998,1130.0,225176.0,RSTO,True,False,0,ShADadTFR,97,5020,215,233780,ssl,0
2168.45947,Cs1hRN2r2Y0Ft5Z9ie,10.0.2.15,57577,23.74.190.213,443,TLSv12,TLS_ECDHE_RSA_WITH_AES_256_GCM_SHA384,,cdn.pastemagazine.com,True,True,CsiI,,,,1a5fe5677b0e4fbbc854e8908225637d,410b9bedaf65dd26c6fe547154d60db4,http/1.1,,2168.219183,10.0.2.15,57577,23.74.190.213,443,tcp,173.46245899999985,2108.0,545160.0,RSTO,True,False,0,ShADadTTFR,302,14206,645,570964,ssl,0
2168.244479,CTUt6uLuDdaVGvt5c,10.0.2.15,57571,173.241.240.220,443,TLSv12,TLS_ECDHE_RSA_WITH_AES_128_GCM_SHA256,secp256r1,paste-d.openx.net,False,True,CsxknGIi,"['ab7de06ea7a3de3225f335667d38750434931049f9e9cb0cb4a9caf5df22819c', '074541ecdf88ed992ed5ade3ecddef27a26ba1b44480a195c0a8dadae2521d8e']",[],1.0,0ffee3ba8e615ad22535e7f771690a28,699a80bdb17efe157c861f92c5bf5d1d,,,2168.113972,10.0.2.15,57571,173.241.240.220,443,tcp,33.748491999999715,1250.0,3241.0,SF,True,False,0,ShADadTFf,12,1740,14,3805,ssl,0
2168.460861,C1HLu51vRdaCH1Wsn6,10.0.2.15,57576,23.74.190.213,443,TLSv12,TLS_ECDHE_RSA_WITH_AES_256_GCM_SHA384,,cdn.pastemagazine.com,True,True,CsiI,,,,1a5fe5677b0e4fbbc854e8908225637d,410b9bedaf65dd26c6fe547154d60db4,http/1.1,,2168.216988,10.0.2.15,57576,23.74.190.213,443,tcp,175.5034639999999,1597.0,262970.0,RSTO,True,False,0,ShADadTTFR,148,7538,293,274694,ssl,0
2168.334973,Cljr9I2sWgbzESIQHh,10.0.2.15,57574,173.241.240.220,443,TLSv12,TLS_ECDHE_RSA_WITH_AES_128_GCM_SHA256,secp256r1,paste-d.openx.net,False,True,CsxknGIi,"['ab7de06ea7a3de3225f335667d38750434931049f9e9cb0cb4a9caf5df22819c', '074541ecdf88ed992ed5ade3ecddef27a26ba1b44480a195c0a8dadae2521d8e']",[],1.0,0ffee3ba8e615ad22535e7f771690a28,699a80bdb17efe157c861f92c5bf5d1d,,,2168.121111,10.0.2.15,57574,173.241.240.220,443,tcp,33.87992200000008,1249.0,3241.0,SF,True,False,0,ShADadTfF,12,1739,14,3805,ssl,0
2168.337389,CWRnS01RJDWcxxU1Of,10.0.2.15,57575,173.241.240.220,443,TLSv12,TLS_ECDHE_RSA_WITH_AES_128_GCM_SHA256,secp256r1,paste-d.openx.net,False,True,CsxknGIi,"['ab7de06ea7a3de3225f335667d38750434931049f9e9cb0cb4a9caf5df22819c', '074541ecdf88ed992ed5ade3ecddef27a26ba1b44480a195c0a8dadae2521d8e']",[],1.0,0ffee3ba8e615ad22535e7f771690a28,699a80bdb17efe157c861f92c5bf5d1d,,,2168.122132,10.0.2.15,57575,173.241.240.220,443,tcp,33.74331600000005,1249.0,3241.0,SF,True,False,0,ShADadTFf,12,1739,13,3765,ssl,0
2180.212797,CDlwI518AqcXPe6rqb,10.0.2.15,57597,159.122.19.195,443,TLSv12,TLS_ECDHE_RSA_WITH_AES_128_GCM_SHA256,secp256r1,api.mixpanel.com,False,True,CsxknGIti,"['229a96c70c6d8b2936b27ac8653884f7e9fa2fcfe8f007b03aed4728877f4903', 'e6683e88315cd1cb403c0cea490f7c4b4c82c91cd485037489aadbaa90839f61']",[],1.0,0ffee3ba8e615ad22535e7f771690a28,ccc514751b175866924439bdbb5bba34,,,2175.653979,10.0.2.15,57597,159.122.19.195,443,tcp,12.38862999999992,350.0,3431.0,SF,True,False,0,ShADadFf,11,806,12,3915,ssl,0
2180.25915,Cb20Kj1KWkCe1Rbo1,10.0.2.15,57596,159.122.19.195,443,TLSv12,TLS_ECDHE_RSA_WITH_AES_128_GCM_SHA256,secp256r1,api.mixpanel.com,False,True,CsxknGIti,"['229a96c70c6d8b2936b27ac8653884f7e9fa2fcfe8f007b03aed4728877f4903', 'e6683e88315cd1cb403c0cea490f7c4b4c82c91cd485037489aadbaa90839f61']",[],1.0,0ffee3ba8e615ad22535e7f771690a28,ccc514751b175866924439bdbb5bba34,,,2175.652793,10.0.2.15,57596,159.122.19.195,443,tcp,12.321717999999692,350.0,3431.0,SF,True,False,0,ShADadFf,11,806,12,3915,ssl,0
2179.975361,C3y5Sl1tgvds4QFqr8,10.0.2.15,57593,159.122.19.195,443,TLSv12,TLS_ECDHE_RSA_WITH_AES_128_GCM_SHA256,secp256r1,api.mixpanel.com,False,True,CsxknGIti,"['229a96c70c6d8b2936b27ac8653884f7e9fa2fcfe8f007b03aed4728877f4903', 'e6683e88315cd1cb403c0cea490f7c4b4c82c91cd485037489aadbaa90839f61']",[],1.0,0ffee3ba8e615ad22535e7f771690a28,ccc514751b175866924439bdbb5bba34,,,2175.393927,10.0.2.15,57593,159.122.19.195,443,tcp,12.574031000000105,350.0,3431.0,SF,True,False,0,ShADadFf,11,806,12,3915,ssl,0
2179.917559,Cpl3w73tUzyBiBtAV,10.0.2.15,57595,159.122.19.195,443,TLSv12,TLS_ECDHE_RSA_WITH_AES_128_GCM_SHA256,secp256r1,api.mixpanel.com,False,True,CsxknGIti,"['229a96c70c6d8b2936b27ac8653884f7e9fa2fcfe8f007b03aed4728877f4903', 'e6683e88315cd1cb403c0cea490f7c4b4c82c91cd485037489aadbaa90839f61']",[],1.0,0ffee3ba8e615ad22535e7f771690a28,ccc514751b175866924439bdbb5bba34,,,2175.397878,10.0.2.15,57595,159.122.19.195,443,tcp,71.2648049999998,4006.0,3955.0,SF,True,False,0,ShADadTFf,20,4828,22,4839,ssl,0
2180.087208,CPGD0e2jFJppomqnF1,10.0.2.15,57594,159.122.19.195,443,TLSv12,TLS_ECDHE_RSA_WITH_AES_128_GCM_SHA256,secp256r1,api.mixpanel.com,False,True,CsxknGIti,"['229a96c70c6d8b2936b27ac8653884f7e9fa2fcfe8f007b03aed4728877f4903', 'e6683e88315cd1cb403c0cea490f7c4b4c82c91cd485037489aadbaa90839f61']",[],1.0,0ffee3ba8e615ad22535e7f771690a28,ccc514751b175866924439bdbb5bba34,,,2175.39604,10.0.2.15,57594,159.122.19.195,443,tcp,12.552364000000123,350.0,3431.0,SF,True,False,0,ShADadFf,11,806,10,3835,ssl,0
2182.13344,CPCWkPdpVOaXmNox,10.0.2.15,57601,172.217.23.234,443,TLSv12,TLS_ECDHE_RSA_WITH_AES_128_GCM_SHA256,x25519,fonts.googleapis.com,False,True,CsxknGIti,"['0ca616f3b5a49ded9af60777a33ae7119bfd6de6a815dbee0b64d5d69491aa06', '9f630426df1d8abfd80ace98871ba833ab9742cb34838de2b5285ed54c0c7dcc', '3c35cc963eb004451323d3275d05b353235053490d9cd83729a2faf5e7ca1cc0']",[],1.0,0ffee3ba8e615ad22535e7f771690a28,ab41313cfec25328b20865eb1388e0a2,h2,,2181.475979,10.0.2.15,57601,172.217.23.234,443,tcp,160.28390900000022,1097.0,5615.0,SF,True,False,0,ShADadFf,23,2025,30,6819,ssl,0
2179.973434,Cu6VYD18qhpOvSzq8k,10.0.2.15,57592,159.122.19.195,443,TLSv12,TLS_ECDHE_RSA_WITH_AES_128_GCM_SHA256,secp256r1,api.mixpanel.com,False,True,CsxknGIti,"['229a96c70c6d8b2936b27ac8653884f7e9fa2fcfe8f007b03aed4728877f4903', 'e6683e88315cd1cb403c0cea490f7c4b4c82c91cd485037489aadbaa90839f61']",[],1.0,0ffee3ba8e615ad22535e7f771690a28,ccc514751b175866924439bdbb5bba34,,,2175.392129,10.0.2.15,57592,159.122.19.195,443,tcp,33.666785000000345,4037.0,3431.0,SF,True,False,0,ShADadTFf,16,4695,15,4035,ssl,0
2187.993922,C7QM2z2lz1tycskXGf,10.0.2.15,57609,172.217.23.226,443,TLSv12,TLS_ECDHE_RSA_WITH_AES_128_GCM_SHA256,,googleads.g.doubleclick.net,True,True,CsiI,,,,1a5fe5677b0e4fbbc854e8908225637d,67619a80665d7ab92d1041b1d11f9164,h2,,2185.717009,10.0.2.15,57609,172.217.23.226,443,tcp,154.39891799999987,12240.0,2121.0,RSTO,True,False,0,ShADadFR,94,16008,107,6405,ssl,0
2184.505371,CtkuFZeX28TMlVSF8,10.0.2.15,57605,173.203.15.238,443,TLSv12,TLS_ECDHE_RSA_WITH_AES_256_GCM_SHA384,secp256r1,www.carid.com,False,True,CsxknGIti,"['e5cca0b6024d09656670446591ed4334f88ebb38bd518c779ecbbf3b3a9feac1', 'eae72eb454bf6c3977ebd289e970b2f5282949190093d0d26f98d0f0d6a9cf17']",[],1.0,0ffee3ba8e615ad22535e7f771690a28,a39e18564e32e1822751c4af0bfba817,h2,,2183.227301,10.0.2.15,57605,173.203.15.238,443,tcp,156.34890900000028,6816.0,175639.0,RSTR,True,False,0,ShADadRr,131,12064,192,183323,ssl,0
2184.527151,Cbwr6F40hPi17bRhyg,10.0.2.15,57606,173.203.15.238,443,TLSv12,TLS_ECDHE_RSA_WITH_AES_256_GCM_SHA384,secp256r1,www.carid.com,False,True,CsxknGIti,"['e5cca0b6024d09656670446591ed4334f88ebb38bd518c779ecbbf3b3a9feac1', 'eae72eb454bf6c3977ebd289e970b2f5282949190093d0d26f98d0f0d6a9cf17']",[],1.0,0ffee3ba8e615ad22535e7f771690a28,a39e18564e32e1822751c4af0bfba817,h2,,2183.233259,10.0.2.15,57606,173.203.15.238,443,tcp,9.927482000000056,525.0,3813.0,RSTO,True,False,0,ShADadFR,10,933,11,4257,ssl,0
2189.819674,C8q8oY2dSJZIOOKWb3,10.0.2.15,57611,172.217.23.194,443,TLSv12,TLS_ECDHE_RSA_WITH_AES_128_GCM_SHA256,x25519,cm.g.doubleclick.net,False,True,CsxknGIti,"['a32ffddd76f9e7debbfc9a37b38d2ef86039b30a10d7c45ab8223d149cf99699', '9f630426df1d8abfd80ace98871ba833ab9742cb34838de2b5285ed54c0c7dcc', '3c35cc963eb004451323d3275d05b353235053490d9cd83729a2faf5e7ca1cc0']",[],1.0,0ffee3ba8e615ad22535e7f771690a28,ab41313cfec25328b20865eb1388e0a2,h2,,2188.558329,10.0.2.15,57611,172.217.23.194,443,tcp,68.38483099999985,547.0,4131.0,SF,True,False,0,ShADadFRfr,14,1115,16,4775,ssl,0
2186.917183,CcT6Yb2H6qDEgoPZ5a,10.0.2.15,57608,172.217.23.226,443,,,,adx.g.doubleclick.net,False,False,C,,,,0ffee3ba8e615ad22535e7f771690a28,,,,2185.092897,10.0.2.15,57608,172.217.23.226,443,tcp,14.439829999999802,198.0,0.0,SF,True,False,0,ShADaTfF,6,447,5,204,ssl,0
2207.408986,C1o1AK18br4WP91dtg,10.0.2.15,57614,172.217.23.227,443,TLSv12,TLS_ECDHE_ECDSA_WITH_AES_128_GCM_SHA256,,fonts.gstatic.com,True,True,CsiI,,,,1a5fe5677b0e4fbbc854e8908225637d,c23237dbea656869600e48dfbd00ab7b,h2,,2206.252156,10.0.2.15,57614,172.217.23.227,443,tcp,135.51591000000008,1383.0,26158.0,SF,True,False,0,ShADadFf,27,2471,42,27842,ssl,0
2208.698599,ChckhQ11znAT1o0DK5,10.0.2.15,57615,172.217.23.226,443,TLSv12,TLS_ECDHE_ECDSA_WITH_AES_128_GCM_SHA256,,pagead2.googlesyndication.com,True,True,CsiI,,,,1a5fe5677b0e4fbbc854e8908225637d,c23237dbea656869600e48dfbd00ab7b,h2,,2207.950577,10.0.2.15,57615,172.217.23.226,443,tcp,133.81542499999978,1324.0,338.0,SF,True,False,0,ShADadFf,17,2012,19,1102,ssl,0
2210.987354,CLkWy54AMAWD0CAKC9,10.0.2.15,57618,162.247.242.20,443,TLSv12,TLS_DHE_RSA_WITH_AES_256_CBC_SHA,,bam.nr-data.net,False,True,CsxknGIi,"['e7489ed1f465ba2b3ce0faef3a43a3895cd097733dbb5b713df8b299270ca145', '074541ecdf88ed992ed5ade3ecddef27a26ba1b44480a195c0a8dadae2521d8e']",[],1.0,0ffee3ba8e615ad22535e7f771690a28,d90fa179c9daf35598ed8341272118f7,,,2208.792551,10.0.2.15,57618,162.247.242.20,443,tcp,13.357174000000214,491.0,3476.0,SF,True,False,0,ShADadFf,9,859,10,3880,ssl,0
2209.900308,CGxKLz1iPzxEaumLP4,10.0.2.15,57617,162.247.242.18,443,TLSv12,TLS_DHE_RSA_WITH_AES_256_CBC_SHA,,bam.nr-data.net,False,True,CsxknGIi,"['e7489ed1f465ba2b3ce0faef3a43a3895cd097733dbb5b713df8b299270ca145', '074541ecdf88ed992ed5ade3ecddef27a26ba1b44480a195c0a8dadae2521d8e']",[],1.0,0ffee3ba8e615ad22535e7f771690a28,d90fa179c9daf35598ed8341272118f7,,,2208.489169,10.0.2.15,57617,162.247.242.18,443,tcp,14.433372999999849,491.0,3476.0,SF,True,False,0,ShADadFf,9,859,10,3880,ssl,0
2209.863699,CXpqfS3jE1lvWwL0gg,10.0.2.15,57616,162.247.242.18,443,TLSv12,TLS_DHE_RSA_WITH_AES_256_CBC_SHA,,bam.nr-data.net,False,False,CsxknGI,"['e7489ed1f465ba2b3ce0faef3a43a3895cd097733dbb5b713df8b299270ca145', '074541ecdf88ed992ed5ade3ecddef27a26ba1b44480a195c0a8dadae2521d8e']",[],1.0,0ffee3ba8e615ad22535e7f771690a28,d90fa179c9daf35598ed8341272118f7,,,2208.483707,10.0.2.15,57616,162.247.242.18,443,tcp,15.0607600000003,438.0,3401.0,SF,True,False,0,ShADadfF,8,766,7,3685,ssl,0
2244.928499,CsMkAj4hHMxjCWC4wf,10.0.2.15,57635,95.172.94.60,443,TLSv12,TLS_ECDHE_RSA_WITH_AES_128_GCM_SHA256,,pixel.quantserve.com,True,True,CsiI,,,,1a5fe5677b0e4fbbc854e8908225637d,fbe78c619e7ea20046131294ad087f05,,,2244.289816,10.0.2.15,57635,95.172.94.60,443,tcp,1.5201149999998051,1704.0,482.0,SF,True,False,0,ShADadfF,9,2072,9,846,ssl,0
2245.135737,CXj6Kg1ufSV7iNgQ8g,10.0.2.15,57637,95.100.191.4,443,TLSv12,TLS_ECDHE_RSA_WITH_AES_256_GCM_SHA384,,sb.scorecardresearch.com,True,True,CsiI,,,,1a5fe5677b0e4fbbc854e8908225637d,410b9bedaf65dd26c6fe547154d60db4,http/1.1,,2244.909941,10.0.2.15,57637,95.100.191.4,443,tcp,96.72852199999988,1685.0,737.0,RSTO,True,False,0,ShADadTFR,20,2502,20,1541,ssl,0
2245.185831,CIRuH94XlUMCEy4Syi,10.0.2.15,57638,95.100.191.4,443,TLSv12,TLS_ECDHE_RSA_WITH_AES_256_GCM_SHA384,,sb.scorecardresearch.com,True,True,CsiI,,,,1a5fe5677b0e4fbbc854e8908225637d,410b9bedaf65dd26c6fe547154d60db4,http/1.1,,2245.027919,10.0.2.15,57638,95.100.191.4,443,tcp,7.391560000000027,599.0,183.0,SF,True,False,0,ShADadFRfr,8,927,9,547,ssl,0
2245.056659,Cj33ss1hRbqUygTQT8,10.0.2.15,57636,173.241.240.220,443,TLSv12,TLS_ECDHE_RSA_WITH_AES_128_GCM_SHA256,secp256r1,paste-d.openx.net,False,True,CsxknGIi,"['ab7de06ea7a3de3225f335667d38750434931049f9e9cb0cb4a9caf5df22819c', '074541ecdf88ed992ed5ade3ecddef27a26ba1b44480a195c0a8dadae2521d8e']",[],1.0,0ffee3ba8e615ad22535e7f771690a28,699a80bdb17efe157c861f92c5bf5d1d,,,2244.363742,10.0.2.15,57636,173.241.240.220,443,tcp,42.44104400000015,2909.0,6129.0,SF,True,False,0,ShADadTfF,17,3600,22,7013,ssl,0
2245.420278,ClHXh5L9AqaONmF09,10.0.2.15,57639,173.241.240.220,443,TLSv12,TLS_ECDHE_RSA_WITH_AES_128_GCM_SHA256,secp256r1,paste-d.openx.net,False,True,CsxknGIi,"['ab7de06ea7a3de3225f335667d38750434931049f9e9cb0cb4a9caf5df22819c', '074541ecdf88ed992ed5ade3ecddef27a26ba1b44480a195c0a8dadae2521d8e']",[],1.0,0ffee3ba8e615ad22535e7f771690a28,699a80bdb17efe157c861f92c5bf5d1d,,,2245.031329,10.0.2.15,57639,173.241.240.220,443,tcp,40.01409899999999,2147.0,3632.0,SF,True,False,0,ShADadTFf,15,2758,19,4396,ssl,0
1735.839246,CzUSoD4VYAcvFAFUsc,10.0.2.15,55675,34.249.129.150,443,,,,ml314.com,False,False,C,,,,0ffee3ba8e615ad22535e7f771690a28,,,,1735.428516,10.0.2.15,55675,34.249.129.150,443,tcp,214.62653,186.0,0.0,SF,True,False,0,ShADaTTFf,25,1214,24,964,ssl,0
2248.806052,CzpcwI3Cih4esGoLWi,10.0.2.15,57647,173.241.240.220,443,TLSv12,TLS_ECDHE_RSA_WITH_AES_128_GCM_SHA256,secp256r1,paste-d.openx.net,False,True,CsxknGIi,"['ab7de06ea7a3de3225f335667d38750434931049f9e9cb0cb4a9caf5df22819c', '074541ecdf88ed992ed5ade3ecddef27a26ba1b44480a195c0a8dadae2521d8e']",[],1.0,0ffee3ba8e615ad22535e7f771690a28,699a80bdb17efe157c861f92c5bf5d1d,,,2247.706879,10.0.2.15,57647,173.241.240.220,443,tcp,35.395296000000144,3044.0,3965.0,SF,True,False,0,ShADadTfF,15,3654,19,4729,ssl,0
2248.782828,C4S8p4157yvXWalCNd,10.0.2.15,57646,173.241.240.220,443,TLSv12,TLS_ECDHE_RSA_WITH_AES_128_GCM_SHA256,secp256r1,paste-d.openx.net,False,True,CsxknGIi,"['ab7de06ea7a3de3225f335667d38750434931049f9e9cb0cb4a9caf5df22819c', '074541ecdf88ed992ed5ade3ecddef27a26ba1b44480a195c0a8dadae2521d8e']",[],1.0,0ffee3ba8e615ad22535e7f771690a28,699a80bdb17efe157c861f92c5bf5d1d,,,2247.676015,10.0.2.15,57646,173.241.240.220,443,tcp,36.67711700000018,3045.0,3965.0,SF,True,False,0,ShADadTFf,17,3736,20,4769,ssl,0
1735.859179,Cxn49NDLxbRTpk3sl,10.0.2.15,55676,34.249.129.150,443,,,,ml314.com,False,False,C,,,,0ffee3ba8e615ad22535e7f771690a28,,,,1735.430129,10.0.2.15,55676,34.249.129.150,443,tcp,217.92700999999988,186.0,0.0,SF,True,False,0,ShADaTTFf,25,1214,24,964,ssl,0
2248.601663,Czqkht34bDl6KNAEra,10.0.2.15,57644,172.217.23.226,443,TLSv12,TLS_ECDHE_RSA_WITH_AES_128_GCM_SHA256,,www.googletagservices.com,True,True,CsiI,,,,1a5fe5677b0e4fbbc854e8908225637d,67619a80665d7ab92d1041b1d11f9164,h2,,2247.671305,10.0.2.15,57644,172.217.23.226,443,tcp,94.15222300000003,892.0,338.0,SF,True,False,0,ShADadFf,13,1420,15,942,ssl,0
2248.716976,CJZBYVMlREtvPPyQ2,10.0.2.15,57645,173.241.240.220,443,TLSv12,TLS_ECDHE_RSA_WITH_AES_128_GCM_SHA256,secp256r1,paste-d.openx.net,False,True,CsxknGIi,"['ab7de06ea7a3de3225f335667d38750434931049f9e9cb0cb4a9caf5df22819c', '074541ecdf88ed992ed5ade3ecddef27a26ba1b44480a195c0a8dadae2521d8e']",[],1.0,0ffee3ba8e615ad22535e7f771690a28,699a80bdb17efe157c861f92c5bf5d1d,,,2247.674647,10.0.2.15,57645,173.241.240.220,443,tcp,40.50145500000008,1250.0,3270.0,SF,True,False,0,ShADadTfF,13,1781,15,3874,ssl,0
2248.96884,CvhWUN3oi96hSuf6Ej,10.0.2.15,57648,173.241.240.220,443,TLSv12,TLS_ECDHE_RSA_WITH_AES_128_GCM_SHA256,secp256r1,paste-d.openx.net,False,True,CsxknGIi,"['ab7de06ea7a3de3225f335667d38750434931049f9e9cb0cb4a9caf5df22819c', '074541ecdf88ed992ed5ade3ecddef27a26ba1b44480a195c0a8dadae2521d8e']",[],1.0,0ffee3ba8e615ad22535e7f771690a28,699a80bdb17efe157c861f92c5bf5d1d,,,2247.72391,10.0.2.15,57648,173.241.240.220,443,tcp,40.45435799999996,1249.0,3270.0,SF,True,False,0,ShADadTfF,14,1820,16,3914,ssl,0
2264.88085,C9ULyz4N7F127QdoMb,10.0.2.15,57651,31.13.71.36,443,TLSv12,TLS_ECDHE_ECDSA_WITH_AES_128_GCM_SHA256,secp256r1,www.facebook.com,False,True,CsxknGIti,"['152151b387412a95ab90fd4664f2d98880408e9e43913124e4c91226a483386b', '19400be5b7a31fb733917700789d2f0a2471c0c9d506c0e504c06c16d7cb17c0']",[],1.0,0ffee3ba8e615ad22535e7f771690a28,2d1eb5817ece335c24904f516ad5da12,h2,,2264.644751,10.0.2.15,57651,31.13.71.36,443,tcp,66.82778700000017,1125.0,4203.0,RSTO,True,False,0,ShADadFR,16,1773,20,5007,ssl,0
2265.545021,CFawZ33lJQL185hZQa,10.0.2.15,57653,37.157.6.252,443,TLSv12,TLS_RSA_WITH_AES_128_CBC_SHA,,c1.adform.net,False,True,CsxnGIti,"['c797ebebc4c6b85477e07004ca47b456ab2c29d706eabb0c9bbb1909c1a8e0d6', '074541ecdf88ed992ed5ade3ecddef27a26ba1b44480a195c0a8dadae2521d8e']",[],1.0,0ffee3ba8e615ad22535e7f771690a28,bab73237c9b5b0009cbcca812de9ef1b,http/1.1,,2265.193817,10.0.2.15,57653,37.157.6.252,443,tcp,8.62620300000026,585.0,3669.0,SF,True,False,0,ShADadFf,10,993,12,4153,ssl,0
2266.003208,CdFXOdJtu8rjpY1Hf,10.0.2.15,57655,13.107.21.200,443,TLSv12,TLS_ECDHE_RSA_WITH_AES_256_CBC_SHA,secp384r1,bat.bing.com,False,True,CsxuknGIi,"['80c4440580dbd55b228f41e6c88a51ecdbb998b5d32d12acd31ce25518d37128', '2399983e99703ebd01cea466c10799810c4ba62a8d61b88170a334dcd61bb20f']",[],1.0,0ffee3ba8e615ad22535e7f771690a28,4fd467dd264720762ffe286277c00f57,,,2265.703059,10.0.2.15,57655,13.107.21.200,443,tcp,8.000632000000223,456.0,6880.0,SF,True,False,0,ShADadFf,12,944,16,7524,ssl,0
2265.983853,ChxDki4KQpGhvGNwF8,10.0.2.15,57654,13.107.21.200,443,TLSv12,TLS_ECDHE_RSA_WITH_AES_256_CBC_SHA,secp384r1,bat.bing.com,False,True,CsxuknGIi,"['80c4440580dbd55b228f41e6c88a51ecdbb998b5d32d12acd31ce25518d37128', '2399983e99703ebd01cea466c10799810c4ba62a8d61b88170a334dcd61bb20f']",[],1.0,0ffee3ba8e615ad22535e7f771690a28,4fd467dd264720762ffe286277c00f57,,,2265.701101,10.0.2.15,57654,13.107.21.200,443,tcp,65.51646699999992,1309.0,7285.0,SF,True,False,0,ShADadTfF,20,2123,24,8249,ssl,0
2265.174113,CNE0T615CNJRJABes7,10.0.2.15,57652,37.157.6.252,443,TLSv12,TLS_RSA_WITH_AES_128_CBC_SHA,,c1.adform.net,False,True,CsxnGIti,"['c797ebebc4c6b85477e07004ca47b456ab2c29d706eabb0c9bbb1909c1a8e0d6', '074541ecdf88ed992ed5ade3ecddef27a26ba1b44480a195c0a8dadae2521d8e']",[],1.0,0ffee3ba8e615ad22535e7f771690a28,bab73237c9b5b0009cbcca812de9ef1b,http/1.1,,2264.829315,10.0.2.15,57652,37.157.6.252,443,tcp,22.785451000000197,1118.0,4026.0,SF,True,False,0,ShADadTFf,12,1607,14,4590,ssl,0
2266.007445,C56T6TE8yhf9eJ08b,10.0.2.15,57656,13.107.21.200,443,TLSv12,TLS_ECDHE_RSA_WITH_AES_256_CBC_SHA,secp384r1,bat.bing.com,False,True,CsxuknGIi,"['80c4440580dbd55b228f41e6c88a51ecdbb998b5d32d12acd31ce25518d37128', '2399983e99703ebd01cea466c10799810c4ba62a8d61b88170a334dcd61bb20f']",[],1.0,0ffee3ba8e615ad22535e7f771690a28,4fd467dd264720762ffe286277c00f57,,,2265.704829,10.0.2.15,57656,13.107.21.200,443,tcp,7.987847000000329,456.0,6880.0,SF,True,False,0,ShADadFf,13,984,16,7524,ssl,0
2267.216748,CUAkku15qEgEaPBqgc,10.0.2.15,57650,172.217.23.194,443,TLSv12,TLS_ECDHE_RSA_WITH_AES_128_GCM_SHA256,,www.googleadservices.com,True,True,CsiI,,,,1a5fe5677b0e4fbbc854e8908225637d,67619a80665d7ab92d1041b1d11f9164,h2,,2262.953885,10.0.2.15,57650,172.217.23.194,443,tcp,78.6543630000001,892.0,338.0,SF,True,False,0,ShADadFf,15,1508,15,942,ssl,0
2266.870296,CFocXC4rheD2EjjkVl,10.0.2.15,57657,13.107.21.200,443,TLSv12,TLS_ECDHE_RSA_WITH_AES_256_CBC_SHA,secp384r1,bat.bing.com,False,True,CsxuknGIi,"['80c4440580dbd55b228f41e6c88a51ecdbb998b5d32d12acd31ce25518d37128', '2399983e99703ebd01cea466c10799810c4ba62a8d61b88170a334dcd61bb20f']",[],1.0,0ffee3ba8e615ad22535e7f771690a28,4fd467dd264720762ffe286277c00f57,,,2266.000668,10.0.2.15,57657,13.107.21.200,443,tcp,9.151096000000052,456.0,6880.0,SF,True,False,0,ShADadFf,13,984,16,7524,ssl,0
2271.393769,C6HEhf2UPCEgwQotPd,10.0.2.15,57665,52.4.134.209,443,TLSv12,TLS_ECDHE_RSA_WITH_AES_128_GCM_SHA256,secp256r1,log.pinterest.com,False,True,CsxknGIi,"['d1ab179db88a34a8c788897bd5b599cba4cfcc5de8a3b9b2349135779e8f2092', '19400be5b7a31fb733917700789d2f0a2471c0c9d506c0e504c06c16d7cb17c0']",[],1.0,0ffee3ba8e615ad22535e7f771690a28,303951d4c50efb2e991652225a6f02b1,,,2270.067215,10.0.2.15,57665,52.4.134.209,443,tcp,7.854166999999961,351.0,3647.0,RSTO,True,False,0,ShADadFR,11,799,11,4091,ssl,0
2277.067701,Cbc2Q14LYRmLsNQSy9,10.0.2.15,57672,52.20.90.81,443,TLSv12,TLS_ECDHE_RSA_WITH_AES_128_GCM_SHA256,secp256r1,www.civicscience.com,False,True,CsxknGIi,"['dc8d413e8c2468384b9d5638a8624d2c505ecf57000227cc094cba40f1d44f11', 'e6683e88315cd1cb403c0cea490f7c4b4c82c91cd485037489aadbaa90839f61']",[],1.0,0ffee3ba8e615ad22535e7f771690a28,303951d4c50efb2e991652225a6f02b1,,,2273.732727,10.0.2.15,57672,52.20.90.81,443,tcp,12.199131999999736,354.0,3054.0,RSTO,True,False,0,ShADadFR,11,810,12,3538,ssl,0
2277.284371,CvY0Zv21rwOKM17Ma,10.0.2.15,57675,93.184.220.113,443,TLSv12,TLS_ECDHE_RSA_WITH_AES_128_GCM_SHA256,secp256r1,tags.crwdcntrl.net,False,True,CsxuknGIti,"['01abac41ff2430a09d598802a0878a768bc327b04a083fa1ec8335474a3e52aa', '154c433c491929c5ef686e838e323664a00e6a0d822ccc958fb4dab03e49a08f', '4348a0e9444c78cb265e058d5e8944b4d84f9662bd26db257f8934a443c70161']",[],1.0,0ffee3ba8e615ad22535e7f771690a28,49b45fc1ab090aa3a159778313fc9b9e,h2,,2277.008938,10.0.2.15,57675,93.184.220.113,443,tcp,64.2330179999999,850.0,16207.0,RSTO,True,False,0,ShADadFR,25,1858,37,17691,ssl,0
2272.860053,CpdQIrpYVGuilCjca,10.0.2.15,57671,52.20.90.81,443,TLSv12,TLS_ECDHE_RSA_WITH_AES_128_GCM_SHA256,secp256r1,www.civicscience.com,False,True,CsxknGIi,"['dc8d413e8c2468384b9d5638a8624d2c505ecf57000227cc094cba40f1d44f11', 'e6683e88315cd1cb403c0cea490f7c4b4c82c91cd485037489aadbaa90839f61']",[],1.0,0ffee3ba8e615ad22535e7f771690a28,303951d4c50efb2e991652225a6f02b1,,,2271.432795,10.0.2.15,57671,52.20.90.81,443,tcp,27.40370199999961,790.0,15254.0,RSTR,True,False,0,ShADadFRr,21,1638,27,16338,ssl,0
2278.329323,CjztZi1r7ILNe0Yvce,10.0.2.15,57680,52.210.15.176,443,TLSv12,TLS_ECDHE_RSA_WITH_AES_128_GCM_SHA256,secp256r1,ad.crwdcntrl.net,False,True,CsxknGIi,"['131513af4a65033acc7234be892849a35819b02b70aba4c428c133a0a88fdd2e', '973a41276ffd01e027a2aad49e34c37846d3e976ff6a620b6712e33832041aa6', '3a2fbe92891e57fe05d57087f48e730f17e5a5f53ef403d618e5b74d7a7e6ecb', 'c3846bf24b9e93ca64274c0ec67c1ecc5e024ffcacd2d74019350e81fe546ae4']",[],1.0,0ffee3ba8e615ad22535e7f771690a28,303951d4c50efb2e991652225a6f02b1,,,2277.434449,10.0.2.15,57680,52.210.15.176,443,tcp,64.24279100000012,740.0,5681.0,RSTO,True,False,0,ShADadTFR,17,1433,20,6485,ssl,0
2278.334654,CMBnq75ipM3vwCf52,10.0.2.15,57679,52.210.15.176,443,TLSv12,TLS_ECDHE_RSA_WITH_AES_128_GCM_SHA256,secp256r1,ad.crwdcntrl.net,False,True,CsxknGIi,"['131513af4a65033acc7234be892849a35819b02b70aba4c428c133a0a88fdd2e', '973a41276ffd01e027a2aad49e34c37846d3e976ff6a620b6712e33832041aa6', '3a2fbe92891e57fe05d57087f48e730f17e5a5f53ef403d618e5b74d7a7e6ecb', 'c3846bf24b9e93ca64274c0ec67c1ecc5e024ffcacd2d74019350e81fe546ae4']",[],1.0,0ffee3ba8e615ad22535e7f771690a28,303951d4c50efb2e991652225a6f02b1,,,2277.432725,10.0.2.15,57679,52.210.15.176,443,tcp,9.487779000000046,382.0,5299.0,SF,True,False,0,ShADadFRfr,12,870,15,5903,ssl,0
2279.711911,CTOZTf2k732pTzpXn6,10.0.2.15,57682,172.217.23.226,443,TLSv12,TLS_ECDHE_RSA_WITH_AES_128_GCM_SHA256,,securepubads.g.doubleclick.net,True,True,CsiI,,,,1a5fe5677b0e4fbbc854e8908225637d,67619a80665d7ab92d1041b1d11f9164,h2,,2279.0236,10.0.2.15,57682,172.217.23.226,443,tcp,62.650854999999865,1118.0,63090.0,SF,True,False,0,ShADadFf,46,2966,84,66454,ssl,0
2279.718373,CgmScB4hUsy24fcFRe,10.0.2.15,57683,172.217.23.238,443,TLSv12,TLS_ECDHE_RSA_WITH_AES_128_GCM_SHA256,,www.google-analytics.com,True,True,CsiI,,,,1a5fe5677b0e4fbbc854e8908225637d,67619a80665d7ab92d1041b1d11f9164,h2,,2279.397708,10.0.2.15,57683,172.217.23.238,443,tcp,62.227362000000085,2257.0,31103.0,SF,True,False,0,ShADadFf,34,3625,54,33267,ssl,0
2289.117317,Ce5ICG4ODxPCj4uJxg,10.0.2.15,57702,74.125.206.157,443,TLSv12,TLS_ECDHE_RSA_WITH_AES_128_GCM_SHA256,,stats.g.doubleclick.net,True,True,CsiI,,,,1a5fe5677b0e4fbbc854e8908225637d,67619a80665d7ab92d1041b1d11f9164,h2,,2289.083847,10.0.2.15,57702,74.125.206.157,443,tcp,52.55034599999999,1325.0,812.0,SF,True,False,0,ShADadFf,16,1973,21,1656,ssl,0
2293.507022,CrUvZx3m3GcU3AYl3l,10.0.2.15,57703,31.13.71.7,443,TLSv12,TLS_ECDHE_ECDSA_WITH_AES_128_GCM_SHA256,,connect.facebook.net,True,True,CsiI,,,,1a5fe5677b0e4fbbc854e8908225637d,96681175a9547081bf3d417f1a572091,h2,,2293.287485,10.0.2.15,57703,31.13.71.7,443,tcp,48.08360900000025,1100.0,63856.0,RSTO,True,False,0,ShADadFR,34,2468,61,66300,ssl,0
2294.062207,CprQDa1L6xkGVzjs9b,10.0.2.15,57705,172.217.23.238,443,TLSv12,TLS_ECDHE_RSA_WITH_AES_128_GCM_SHA256,x25519,apis.google.com,False,True,CsxknGIti,"['60db1a0e0585e4ded4482713fe44b119971d4535489a302ea33ca305b774f781', '9f630426df1d8abfd80ace98871ba833ab9742cb34838de2b5285ed54c0c7dcc', '3c35cc963eb004451323d3275d05b353235053490d9cd83729a2faf5e7ca1cc0']",[],1.0,0ffee3ba8e615ad22535e7f771690a28,ab41313cfec25328b20865eb1388e0a2,h2,,2293.458584,10.0.2.15,57705,172.217.23.238,443,tcp,48.05087000000003,861.0,21392.0,SF,True,False,0,ShADadFf,28,1989,43,23116,ssl,0
2298.991132,CHoN0c49c2RdxthwP5,10.0.2.15,57718,52.4.134.209,443,TLSv12,TLS_ECDHE_RSA_WITH_AES_128_GCM_SHA256,secp256r1,log.pinterest.com,False,True,CsxknGIi,"['d1ab179db88a34a8c788897bd5b599cba4cfcc5de8a3b9b2349135779e8f2092', '19400be5b7a31fb733917700789d2f0a2471c0c9d506c0e504c06c16d7cb17c0']",[],1.0,0ffee3ba8e615ad22535e7f771690a28,303951d4c50efb2e991652225a6f02b1,,,2297.401569,10.0.2.15,57718,52.4.134.209,443,tcp,8.229503000000022,351.0,3647.0,RSTO,True,False,0,ShADadFR,10,759,12,4131,ssl,0
2304.50938,CZs6Td4oV2Wogeprlh,10.0.2.15,57738,31.13.77.6,443,TLSv12,TLS_ECDHE_ECDSA_WITH_AES_128_GCM_SHA256,secp256r1,graph.facebook.com,False,True,CsxknGIti,"['152151b387412a95ab90fd4664f2d98880408e9e43913124e4c91226a483386b', '19400be5b7a31fb733917700789d2f0a2471c0c9d506c0e504c06c16d7cb17c0']",[],1.0,0ffee3ba8e615ad22535e7f771690a28,2d1eb5817ece335c24904f516ad5da12,h2,,2302.231221,10.0.2.15,57738,31.13.77.6,443,tcp,39.15049200000021,1800.0,3952.0,RSTO,True,False,0,ShADadFR,16,2448,18,4676,ssl,0
2306.17264,CzMN732uJ5583YbsE9,10.0.2.15,57744,31.13.77.6,443,TLSv12,TLS_ECDHE_ECDSA_WITH_AES_128_GCM_SHA256,secp256r1,graph.facebook.com,False,True,CsxknGIti,"['152151b387412a95ab90fd4664f2d98880408e9e43913124e4c91226a483386b', '19400be5b7a31fb733917700789d2f0a2471c0c9d506c0e504c06c16d7cb17c0']",[],1.0,0ffee3ba8e615ad22535e7f771690a28,2d1eb5817ece335c24904f516ad5da12,h2,,2304.452386,10.0.2.15,57744,31.13.77.6,443,tcp,3.732610999999906,530.0,3746.0,RSTO,True,False,0,ShADadFR,10,938,10,4150,ssl,0
1712.589672,CIfTaa4KA7cKjDeD1,10.0.2.15,55661,52.222.172.103,443,,,,cdn.babator.com,False,False,C,,,,0ffee3ba8e615ad22535e7f771690a28,,,,1712.251914,10.0.2.15,55661,52.222.172.103,443,tcp,315.8338450000001,192.0,0.0,SF,True,False,0,^hADaTTFf,35,1623,35,1404,ssl,0
1722.701456,C0DDcA3KY8Iv9Fs3C6,10.0.2.15,55672,216.137.61.131,443,,,,d1lqe9temigv1p.cloudfront.net,False,False,C,,,,0ffee3ba8e615ad22535e7f771690a28,,,,1718.838756,10.0.2.15,55672,216.137.61.131,443,tcp,309.3521759999999,206.0,0.0,SF,True,False,0,ShADaTTFf,36,1692,34,1364,ssl,0
2332.108717,CX8Qud4sH8kZGAdaQj,10.0.2.15,57787,72.3.209.144,443,TLSv12,TLS_RSA_WITH_AES_128_CBC_SHA,,www.pastemagazine.com,False,True,CsxunGIi,"['69426eca305f9778a1560eda198c0128a022f2f0d74d59e08bd70fabb2cca5bc', '973a41276ffd01e027a2aad49e34c37846d3e976ff6a620b6712e33832041aa6', '3a2fbe92891e57fe05d57087f48e730f17e5a5f53ef403d618e5b74d7a7e6ecb']",[],1.0,0ffee3ba8e615ad22535e7f771690a28,b6524266dc13c28824145a7e4830cca9,,,2331.409654,10.0.2.15,57787,72.3.209.144,443,tcp,7.52618399999983,1366.0,7165.0,RSTO,True,False,0,ShADadR,11,1814,13,7689,ssl,0
2338.621984,C2jkpo20LMcWgi6HAa,10.0.2.15,57791,95.172.94.60,443,TLSv12,TLS_ECDHE_RSA_WITH_AES_128_GCM_SHA256,,pixel.quantserve.com,True,False,Csi,,,,1a5fe5677b0e4fbbc854e8908225637d,fbe78c619e7ea20046131294ad087f05,,,2336.498149,10.0.2.15,57791,95.172.94.60,443,tcp,3.895472000000154,517.0,137.0,RSTO,True,False,0,ShADaFdR,5,725,4,301,ssl,0
2337.72989,CbdFUFwoKivWn3th5,10.0.2.15,57789,23.253.185.2,443,TLSv12,TLS_ECDHE_RSA_WITH_AES_256_GCM_SHA384,,mygarage-api.carid.com,False,False,Cs,,,,0ffee3ba8e615ad22535e7f771690a28,758945630046fd37070521b8544d1fe8,,,2336.068427,10.0.2.15,57789,23.253.185.2,443,tcp,3.395826999999826,199.0,1380.0,RSTO,True,False,0,ShADaFdR,5,407,4,1544,ssl,0
2335.964464,C6TEzh2wXudJtW4Hv4,10.0.2.15,57786,72.3.209.144,443,,,,www.pastemagazine.com,False,False,C,,,,0ffee3ba8e615ad22535e7f771690a28,,,,2331.155922,10.0.2.15,57786,72.3.209.144,443,tcp,8.781234999999924,230.0,1460.0,RSTO,True,False,0,ShADadFR,7,526,6,1704,ssl,0
2337.710576,CQrpkL2ZVWO59MrRja,10.0.2.15,57788,23.253.185.2,443,TLSv12,TLS_ECDHE_RSA_WITH_AES_256_GCM_SHA384,,mygarage-api.carid.com,False,False,Cs,,,,0ffee3ba8e615ad22535e7f771690a28,758945630046fd37070521b8544d1fe8,,,2336.067144,10.0.2.15,57788,23.253.185.2,443,tcp,5.862701999999899,199.0,1420.0,RSTO,True,False,0,ShADaFdR,5,407,4,1584,ssl,0
2338.418322,C8CZ834kJfFHStIRYi,10.0.2.15,57790,23.253.185.2,443,TLSv12,TLS_ECDHE_RSA_WITH_AES_256_GCM_SHA384,,mygarage-api.carid.com,False,False,Cs,,,,0ffee3ba8e615ad22535e7f771690a28,758945630046fd37070521b8544d1fe8,,,2336.411365,10.0.2.15,57790,23.253.185.2,443,tcp,4.359609999999975,199.0,1380.0,RSTO,True,False,0,ShADaFdR,5,407,4,1544,ssl,0
2338.658299,CLuhIDUgrdKMd4327,10.0.2.15,57792,173.241.240.220,443,TLSv12,TLS_ECDHE_RSA_WITH_AES_128_GCM_SHA256,,paste-d.openx.net,False,False,Cs,,,,0ffee3ba8e615ad22535e7f771690a28,699a80bdb17efe157c861f92c5bf5d1d,,,2336.520723,10.0.2.15,57792,173.241.240.220,443,tcp,6.337908999999854,226.0,1420.0,RSTO,True,False,0,ShADaFdR,5,434,4,1584,ssl,0
2351.568022,CXtHlvCkMclTwp8m9,10.0.2.15,57802,52.24.78.153,443,TLSv12,TLS_ECDHE_RSA_WITH_AES_128_GCM_SHA256,secp256r1,self-repair.mozilla.org,False,True,CsxknGIi,"['6048d4ea4c8bf84c9334da751b6c54a30bbbc195bdba429684208e65ec81a72b', '403e062a2653059113285baf80a0d4ae422c848c9f78fad01fc94bc5b87fef1a']",[],1.0,0ffee3ba8e615ad22535e7f771690a28,303951d4c50efb2e991652225a6f02b1,,,2351.351039,10.0.2.15,57802,52.24.78.153,443,tcp,67.43923199999972,3847.0,11850.0,SF,True,False,0,ShADadTFf,25,4861,32,13134,ssl,0
2352.437669,CgGK4l4nJo2rYBxEze,10.0.2.15,57804,54.192.93.169,443,TLSv12,TLS_ECDHE_RSA_WITH_AES_128_GCM_SHA256,secp256r1,normandy-cloudfront.cdn.mozilla.net,False,True,CsxuknGIti,"['6442cb8d30d303bc67c685ba319e9497aa39aeffc3caca9a707f151071ab3ca8', '154c433c491929c5ef686e838e323664a00e6a0d822ccc958fb4dab03e49a08f']",[],1.0,0ffee3ba8e615ad22535e7f771690a28,76cc3e2d3028143b23ec18e27dbd7ca9,http/1.1,,2352.403435,10.0.2.15,57804,54.192.93.169,443,tcp,6.765998999999738,369.0,3710.0,SF,True,False,0,ShADadFf,10,777,12,4194,ssl,0
2353.700842,CTsbZX23InUS2VgRmi,10.0.2.15,57806,54.192.93.169,443,TLSv12,TLS_ECDHE_RSA_WITH_AES_128_GCM_SHA256,secp256r1,normandy-cloudfront.cdn.mozilla.net,False,True,CsxuknGIti,"['6442cb8d30d303bc67c685ba319e9497aa39aeffc3caca9a707f151071ab3ca8', '154c433c491929c5ef686e838e323664a00e6a0d822ccc958fb4dab03e49a08f']",[],1.0,0ffee3ba8e615ad22535e7f771690a28,76cc3e2d3028143b23ec18e27dbd7ca9,http/1.1,,2353.674036,10.0.2.15,57806,54.192.93.169,443,tcp,5.788045000000238,369.0,3710.0,SF,True,False,0,ShADadFf,10,777,12,4194,ssl,0
2354.005994,CAGLIeLYlZJF02xqf,10.0.2.15,57809,151.101.113.52,443,TLSv12,TLS_ECDHE_RSA_WITH_AES_128_GCM_SHA256,secp256r1,www.curbed.com,False,True,CsxuknGIti,"['6d3af7e454dd1d20a2d77cac999feb04584a2c5c67d62bafa97b4f67194e4141', 'e0c2ebd1f6bad4feaae31a3107e69abee902db38b9dfbe33f0570bda3494c20a']",[],1.0,0ffee3ba8e615ad22535e7f771690a28,860fcf58fd757e26aa8911e5eaff6b53,h2,,2353.987245,10.0.2.15,57809,151.101.113.52,443,tcp,88.96242100000018,3132.0,171288.0,RSTO,True,False,0,ShADadFR,121,7980,235,180692,ssl,0
2355.209596,C7URPG35YqjRJTwdl,10.0.2.15,57812,151.101.112.124,443,TLSv12,TLS_ECDHE_RSA_WITH_AES_128_GCM_SHA256,secp256r1,cdn0.vox-cdn.com,False,True,CsxuknGIti,"['6d3af7e454dd1d20a2d77cac999feb04584a2c5c67d62bafa97b4f67194e4141', 'e0c2ebd1f6bad4feaae31a3107e69abee902db38b9dfbe33f0570bda3494c20a']",[],1.0,0ffee3ba8e615ad22535e7f771690a28,860fcf58fd757e26aa8911e5eaff6b53,h2,,2354.899321,10.0.2.15,57812,151.101.112.124,443,tcp,15.261909000000289,806.0,48987.0,RSTO,True,False,0,ShDadAFR,44,2574,80,52191,ssl,0
2355.193239,Cr3MS52Et4Fa4hRRr3,10.0.2.15,57811,151.101.112.124,443,TLSv12,TLS_ECDHE_RSA_WITH_AES_128_GCM_SHA256,secp256r1,cdn0.vox-cdn.com,False,True,CsxuknGIti,"['6d3af7e454dd1d20a2d77cac999feb04584a2c5c67d62bafa97b4f67194e4141', 'e0c2ebd1f6bad4feaae31a3107e69abee902db38b9dfbe33f0570bda3494c20a']",[],1.0,0ffee3ba8e615ad22535e7f771690a28,860fcf58fd757e26aa8911e5eaff6b53,h2,,2354.898838,10.0.2.15,57811,151.101.112.124,443,tcp,85.50012500000003,1979.0,212217.0,RSTO,True,False,0,ShADadFR,124,6947,260,222621,ssl,0
2355.224248,Cr757N3lsBdEw9Ro3b,10.0.2.15,57813,172.217.23.226,443,TLSv12,TLS_ECDHE_RSA_WITH_AES_128_GCM_SHA256,x25519,www.googletagservices.com,False,True,CsxknGIti,"['a32ffddd76f9e7debbfc9a37b38d2ef86039b30a10d7c45ab8223d149cf99699', '9f630426df1d8abfd80ace98871ba833ab9742cb34838de2b5285ed54c0c7dcc', '3c35cc963eb004451323d3275d05b353235053490d9cd83729a2faf5e7ca1cc0']",[],1.0,0ffee3ba8e615ad22535e7f771690a28,ab41313cfec25328b20865eb1388e0a2,h2,,2354.932469,10.0.2.15,57813,172.217.23.226,443,tcp,85.40640600000006,5185.0,14326.0,SF,True,False,0,ShADadFf,41,6833,55,16530,ssl,0
2355.244137,CTYLBDUccZleTC9ua,10.0.2.15,57815,151.101.112.175,443,TLSv12,TLS_ECDHE_RSA_WITH_AES_128_GCM_SHA256,secp256r1,cdn.krxd.net,False,True,CsxuknGIti,"['08db83c9326d7da362a1d5b13d2c2eb3f30a9c28c65a16e8f0f5cbdfc0a6dc6d', '4b7334e1d8999822bafa8ff6888125389b18a4e5ab26ffa624c7f68fdc81f0cb']",[],1.0,0ffee3ba8e615ad22535e7f771690a28,860fcf58fd757e26aa8911e5eaff6b53,http/1.1,,2354.940347,10.0.2.15,57815,151.101.112.175,443,tcp,53.106165999999575,1093.0,87157.0,RSTO,True,False,0,ShADadTFR,59,3462,101,91201,ssl,0
2355.244934,CNchBk3PrOXd7ciLBk,10.0.2.15,57814,54.192.95.240,443,TLSv12,TLS_ECDHE_RSA_WITH_AES_128_GCM_SHA256,secp256r1,c.amazon-adsystem.com,False,True,CsxuknGIti,"['b9b6df199f4c187e935549f2cf7a972566e5ff1bb034df67cdd6e10969007dd2', 'eae72eb454bf6c3977ebd289e970b2f5282949190093d0d26f98d0f0d6a9cf17']",[],1.0,0ffee3ba8e615ad22535e7f771690a28,76cc3e2d3028143b23ec18e27dbd7ca9,http/1.1,,2354.937527,10.0.2.15,57814,54.192.95.240,443,tcp,84.25597100000005,1182.0,11376.0,SF,True,False,0,ShADadTFf,25,2197,32,12660,ssl,0
2355.645187,ChjdSo8r9F82t46b4,10.0.2.15,57817,151.101.112.175,443,TLSv12,TLS_ECDHE_RSA_WITH_AES_128_GCM_SHA256,secp256r1,cdn.krxd.net,False,True,CsxuknGIti,"['08db83c9326d7da362a1d5b13d2c2eb3f30a9c28c65a16e8f0f5cbdfc0a6dc6d', '4b7334e1d8999822bafa8ff6888125389b18a4e5ab26ffa624c7f68fdc81f0cb']",[],1.0,0ffee3ba8e615ad22535e7f771690a28,860fcf58fd757e26aa8911e5eaff6b53,http/1.1,,2355.165236,10.0.2.15,57817,151.101.112.175,443,tcp,7.145093000000088,346.0,5726.0,RSTO,True,False,0,ShADadFR,11,794,14,6290,ssl,0
2355.612919,CNwEpRnppS1cnN8I5,10.0.2.15,57816,54.192.95.240,443,TLSv12,TLS_ECDHE_RSA_WITH_AES_128_GCM_SHA256,secp256r1,c.amazon-adsystem.com,False,True,CsxuknGIti,"['b9b6df199f4c187e935549f2cf7a972566e5ff1bb034df67cdd6e10969007dd2', 'eae72eb454bf6c3977ebd289e970b2f5282949190093d0d26f98d0f0d6a9cf17']",[],1.0,0ffee3ba8e615ad22535e7f771690a28,76cc3e2d3028143b23ec18e27dbd7ca9,http/1.1,,2355.164533,10.0.2.15,57816,54.192.95.240,443,tcp,7.126773999999841,355.0,5176.0,SF,True,False,0,ShADadFf,10,763,11,5620,ssl,0
2355.162438,CiQm5J1Jz4Drbz8C9i,10.0.2.15,57810,151.101.112.124,443,TLSv12,TLS_ECDHE_RSA_WITH_AES_128_GCM_SHA256,secp256r1,optimize-stats.voxmedia.com,False,True,CsxuknGIti,"['6d3af7e454dd1d20a2d77cac999feb04584a2c5c67d62bafa97b4f67194e4141', 'e0c2ebd1f6bad4feaae31a3107e69abee902db38b9dfbe33f0570bda3494c20a']",[],1.0,0ffee3ba8e615ad22535e7f771690a28,860fcf58fd757e26aa8911e5eaff6b53,h2,,2354.857838,10.0.2.15,57810,151.101.112.124,443,tcp,137.64905700000008,4685.0,358325.0,RSTO,True,False,0,ShADadFR,224,13653,435,375729,ssl,0
2356.521176,CSEeDC2kfii3u6imC6,10.0.2.15,57818,151.101.112.124,443,TLSv12,TLS_ECDHE_RSA_WITH_AES_128_GCM_SHA256,secp256r1,cdn0.vox-cdn.com,False,True,CsxuknGIti,"['6d3af7e454dd1d20a2d77cac999feb04584a2c5c67d62bafa97b4f67194e4141', 'e0c2ebd1f6bad4feaae31a3107e69abee902db38b9dfbe33f0570bda3494c20a']",[],1.0,0ffee3ba8e615ad22535e7f771690a28,860fcf58fd757e26aa8911e5eaff6b53,h2,,2355.353805,10.0.2.15,57818,151.101.112.124,443,tcp,3.896863999999823,528.0,5088.0,RSTO,True,False,0,ShADadFR,11,976,14,5652,ssl,0
2357.755404,CTkV0z1qEGzQ9uZtJb,10.0.2.15,57823,151.101.112.129,443,TLSv12,TLS_ECDHE_RSA_WITH_AES_128_GCM_SHA256,secp256r1,s.skimresources.com,False,True,CsxknGIti,"['ca5c57bee6ab21c055dcdbe8ad25feef6d1764a92e2aaaadb5d55fb667c3f8ac', '19400be5b7a31fb733917700789d2f0a2471c0c9d506c0e504c06c16d7cb17c0']",[],1.0,0ffee3ba8e615ad22535e7f771690a28,5bf3945147163753a854e165090c4120,http/1.1,,2356.5865,10.0.2.15,57823,151.101.112.129,443,tcp,83.67525599999999,1125.0,25969.0,RSTO,True,False,0,ShADadTFR,30,2339,41,27613,ssl,0
2357.811971,CnHZ332tz2NmKxhY3a,10.0.2.15,57824,151.101.112.129,443,TLSv12,TLS_ECDHE_RSA_WITH_AES_128_GCM_SHA256,secp256r1,s.skimresources.com,False,True,CsxknGIti,"['ca5c57bee6ab21c055dcdbe8ad25feef6d1764a92e2aaaadb5d55fb667c3f8ac', '19400be5b7a31fb733917700789d2f0a2471c0c9d506c0e504c06c16d7cb17c0']",[],1.0,0ffee3ba8e615ad22535e7f771690a28,5bf3945147163753a854e165090c4120,http/1.1,,2356.587188,10.0.2.15,57824,151.101.112.129,443,tcp,7.676612000000205,322.0,4970.0,RSTO,True,False,0,ShADadFR,8,650,9,5334,ssl,0
2356.66249,CLr6Ka4pu4hPE2XxJa,10.0.2.15,57819,54.192.95.240,443,TLSv12,TLS_ECDHE_RSA_WITH_AES_128_GCM_SHA256,secp256r1,c.amazon-adsystem.com,False,True,CsxuknGIti,"['b9b6df199f4c187e935549f2cf7a972566e5ff1bb034df67cdd6e10969007dd2', 'eae72eb454bf6c3977ebd289e970b2f5282949190093d0d26f98d0f0d6a9cf17']",[],1.0,0ffee3ba8e615ad22535e7f771690a28,76cc3e2d3028143b23ec18e27dbd7ca9,http/1.1,,2355.417616,10.0.2.15,57819,54.192.95.240,443,tcp,10.920047999999952,324.0,5176.0,SF,True,False,0,ShADadFfRr,9,692,11,5620,ssl,0
2356.99817,CgEi8N2aqpnqp3HvY6,10.0.2.15,57822,151.101.112.124,443,TLSv12,TLS_ECDHE_RSA_WITH_AES_128_GCM_SHA256,secp256r1,cdn0.vox-cdn.com,False,True,CsxuknGIti,"['6d3af7e454dd1d20a2d77cac999feb04584a2c5c67d62bafa97b4f67194e4141', 'e0c2ebd1f6bad4feaae31a3107e69abee902db38b9dfbe33f0570bda3494c20a']",[],1.0,0ffee3ba8e615ad22535e7f771690a28,860fcf58fd757e26aa8911e5eaff6b53,h2,,2355.865452,10.0.2.15,57822,151.101.112.124,443,tcp,11.838830000000144,530.0,5147.0,RSTO,True,False,0,ShADadFR,10,938,12,5631,ssl,0
2356.797491,Cz1mdYO44PkY4apO,10.0.2.15,57821,151.101.112.124,443,TLSv12,TLS_ECDHE_RSA_WITH_AES_128_GCM_SHA256,secp256r1,cdn0.vox-cdn.com,False,True,CsxuknGIti,"['6d3af7e454dd1d20a2d77cac999feb04584a2c5c67d62bafa97b4f67194e4141', 'e0c2ebd1f6bad4feaae31a3107e69abee902db38b9dfbe33f0570bda3494c20a']",[],1.0,0ffee3ba8e615ad22535e7f771690a28,860fcf58fd757e26aa8911e5eaff6b53,h2,,2355.61228,10.0.2.15,57821,151.101.112.124,443,tcp,12.095920000000206,528.0,5088.0,RSTO,True,False,0,ShADadFR,10,936,11,5532,ssl,0
2356.642135,CMZYLd26AfthCFzrT7,10.0.2.15,57820,151.101.112.175,443,TLSv12,TLS_ECDHE_RSA_WITH_AES_128_GCM_SHA256,secp256r1,cdn.krxd.net,False,True,CsxuknGIti,"['08db83c9326d7da362a1d5b13d2c2eb3f30a9c28c65a16e8f0f5cbdfc0a6dc6d', '4b7334e1d8999822bafa8ff6888125389b18a4e5ab26ffa624c7f68fdc81f0cb']",[],1.0,0ffee3ba8e615ad22535e7f771690a28,860fcf58fd757e26aa8911e5eaff6b53,http/1.1,,2355.418036,10.0.2.15,57820,151.101.112.175,443,tcp,13.696418999999878,315.0,5695.0,RSTO,True,False,0,ShADadFR,8,643,9,6059,ssl,0
2367.852967,CB43U44H0ZvE3uxTg3,10.0.2.15,57854,52.94.218.7,443,TLSv12,TLS_ECDHE_RSA_WITH_AES_128_GCM_SHA256,secp256r1,aax.amazon-adsystem.com,False,True,CsxuknGIi,"['0b4e7df09d4f64b59af32ee16a71ad7d8947ded5f2a2bd4acfcc9f187fdf36c9', 'eae72eb454bf6c3977ebd289e970b2f5282949190093d0d26f98d0f0d6a9cf17']",[],1.0,0ffee3ba8e615ad22535e7f771690a28,2b1f517a72b7346c86d59ef328167d49,,,2364.368305,10.0.2.15,57854,52.94.218.7,443,tcp,75.34880699999985,1350.0,5280.0,SF,True,False,0,ShADadTFf,19,2132,19,6044,ssl,0
2366.44141,C3hphI1vsi4NtlI4A4,10.0.2.15,57835,151.101.112.124,443,TLSv12,TLS_ECDHE_RSA_WITH_AES_128_GCM_SHA256,secp256r1,fonts.voxmedia.com,False,True,CsxuknGIti,"['6d3af7e454dd1d20a2d77cac999feb04584a2c5c67d62bafa97b4f67194e4141', 'e0c2ebd1f6bad4feaae31a3107e69abee902db38b9dfbe33f0570bda3494c20a']",[],1.0,0ffee3ba8e615ad22535e7f771690a28,860fcf58fd757e26aa8911e5eaff6b53,h2,,2363.925398,10.0.2.15,57835,151.101.112.124,443,tcp,10.650226000000202,532.0,5147.0,RSTO,True,False,0,ShADadFR,12,1020,15,5751,ssl,0
2357.849073,CzCWTk1iQfvYRCC0rh,10.0.2.15,57825,151.101.112.124,443,TLSv12,TLS_ECDHE_RSA_WITH_AES_128_GCM_SHA256,secp256r1,phonograph2.voxmedia.com,False,True,CsxuknGIti,"['6d3af7e454dd1d20a2d77cac999feb04584a2c5c67d62bafa97b4f67194e4141', 'e0c2ebd1f6bad4feaae31a3107e69abee902db38b9dfbe33f0570bda3494c20a']",[],1.0,0ffee3ba8e615ad22535e7f771690a28,860fcf58fd757e26aa8911e5eaff6b53,h2,,2356.587697,10.0.2.15,57825,151.101.112.124,443,tcp,93.6643640000002,584.0,5193.0,RSTO,True,False,0,ShADadFR,12,1072,14,5757,ssl,0
2367.272212,ClXrxs2LslwGL9Nrtg,10.0.2.15,57846,151.101.112.124,443,TLSv12,TLS_ECDHE_RSA_WITH_AES_128_GCM_SHA256,secp256r1,fonts.voxmedia.com,False,True,CsxuknGIti,"['6d3af7e454dd1d20a2d77cac999feb04584a2c5c67d62bafa97b4f67194e4141', 'e0c2ebd1f6bad4feaae31a3107e69abee902db38b9dfbe33f0570bda3494c20a']",[],1.0,0ffee3ba8e615ad22535e7f771690a28,860fcf58fd757e26aa8911e5eaff6b53,h2,,2364.177809,10.0.2.15,57846,151.101.112.124,443,tcp,11.526752000000217,532.0,5178.0,RSTR,True,False,0,ShADadFRr,14,1108,17,5862,ssl,0
2366.810015,CEovFn1Q0PcXu0HQHg,10.0.2.15,57842,185.33.222.187,443,TLSv12,TLS_ECDHE_RSA_WITH_AES_256_GCM_SHA384,secp256r1,secure.adnxs.com,False,True,CsxuknGIti,"['5b081650e8034418a37504ce0820892be5a66474578207711eb688243fe1a8f2', '074541ecdf88ed992ed5ade3ecddef27a26ba1b44480a195c0a8dadae2521d8e']",[],1.0,0ffee3ba8e615ad22535e7f771690a28,d53e4608f956df65bb2b8a8c4d3b025d,,,2364.033359,10.0.2.15,57842,185.33.222.187,443,tcp,25.012326999999917,2767.0,8142.0,SF,True,False,0,ShADadTFf,16,3416,22,9026,ssl,0
2366.81775,CLePL5L4dX8VMjspe,10.0.2.15,57844,185.33.222.187,443,TLSv12,TLS_ECDHE_RSA_WITH_AES_256_GCM_SHA384,secp256r1,secure.adnxs.com,False,True,CsxuknGIti,"['5b081650e8034418a37504ce0820892be5a66474578207711eb688243fe1a8f2', '074541ecdf88ed992ed5ade3ecddef27a26ba1b44480a195c0a8dadae2521d8e']",[],1.0,0ffee3ba8e615ad22535e7f771690a28,d53e4608f956df65bb2b8a8c4d3b025d,,,2364.035058,10.0.2.15,57844,185.33.222.187,443,tcp,25.33236500000021,2786.0,8142.0,SF,True,False,0,ShADadfF,14,3354,19,8906,ssl,0
2374.210468,CMjNgh4VGZ1tuzTP3b,10.0.2.15,57855,52.94.218.7,443,TLSv12,TLS_ECDHE_RSA_WITH_AES_128_GCM_SHA256,,aax.amazon-adsystem.com,True,True,CsiI,,,,0ffee3ba8e615ad22535e7f771690a28,c6227321ea7621862dc7b7351771a62c,,,2373.637628,10.0.2.15,57855,52.94.218.7,443,tcp,11.917935999999829,314.0,141.0,SF,True,False,0,ShADadFf,7,602,7,425,ssl,0
2367.564799,CqCKvO2cvG98gyqoT8,10.0.2.15,57852,185.33.222.187,443,TLSv12,TLS_ECDHE_RSA_WITH_AES_256_GCM_SHA384,secp256r1,secure.adnxs.com,False,True,CsxuknGIti,"['5b081650e8034418a37504ce0820892be5a66474578207711eb688243fe1a8f2', '074541ecdf88ed992ed5ade3ecddef27a26ba1b44480a195c0a8dadae2521d8e']",[],1.0,0ffee3ba8e615ad22535e7f771690a28,d53e4608f956df65bb2b8a8c4d3b025d,,,2364.303062,10.0.2.15,57852,185.33.222.187,443,tcp,10.9692,319.0,4867.0,RSTO,True,False,0,ShADadFR,11,775,11,5311,ssl,0
2357.872689,CvZycq2kBtF6bOp4Z8,10.0.2.15,57826,151.101.112.124,443,TLSv12,TLS_ECDHE_RSA_WITH_AES_128_GCM_SHA256,secp256r1,phonograph2.voxmedia.com,False,True,CsxuknGIti,"['6d3af7e454dd1d20a2d77cac999feb04584a2c5c67d62bafa97b4f67194e4141', 'e0c2ebd1f6bad4feaae31a3107e69abee902db38b9dfbe33f0570bda3494c20a']",[],1.0,0ffee3ba8e615ad22535e7f771690a28,860fcf58fd757e26aa8911e5eaff6b53,h2,,2356.588278,10.0.2.15,57826,151.101.112.124,443,tcp,21.918760999999904,538.0,5178.0,RSTO,True,False,0,ShADadFR,10,946,12,5662,ssl,0
2366.647875,C1AXfH17kU5iQusYSj,10.0.2.15,57838,172.217.23.232,443,TLSv12,TLS_ECDHE_RSA_WITH_AES_128_GCM_SHA256,x25519,www.googletagmanager.com,False,True,CsxknGIti,"['31ed45c3400fc5f9a84dfaa0a6f6171369876ed4e2da669ee7f8edbe3593bf6b', '9f630426df1d8abfd80ace98871ba833ab9742cb34838de2b5285ed54c0c7dcc', '3c35cc963eb004451323d3275d05b353235053490d9cd83729a2faf5e7ca1cc0']",[],1.0,0ffee3ba8e615ad22535e7f771690a28,ab41313cfec25328b20865eb1388e0a2,h2,,2363.991665,10.0.2.15,57838,172.217.23.232,443,tcp,42.065920000000006,772.0,32919.0,RSTR,True,False,0,ShADadRr,30,1980,44,34683,ssl,0
2058.968597,CK5sOd4nVlgLClM0ma,10.0.2.15,57434,95.172.94.38,443,TLSv12,TLS_ECDHE_RSA_WITH_AES_128_GCM_SHA256,secp256r1,pixel.quantserve.com,False,False,CsxknGI,"['7d39ee69bdac843654f44bb3164a243b3e8c527019b6225992e5d36771f19e8f', '19400be5b7a31fb733917700789d2f0a2471c0c9d506c0e504c06c16d7cb17c0']",[],1.0,0ffee3ba8e615ad22535e7f771690a28,ccc514751b175866924439bdbb5bba34,,,2055.795033,10.0.2.15,57434,95.172.94.38,443,tcp,19.996955999999955,323.0,3050.0,SF,True,False,0,ShADadFTf,10,740,9,3414,ssl,0
2370.257408,CPNxu53pir0QiFmMnh,10.0.2.15,57856,172.217.23.226,443,TLSv12,TLS_ECDHE_RSA_WITH_AES_128_GCM_SHA256,x25519,securepubads.g.doubleclick.net,False,True,CsxknGIti,"['a32ffddd76f9e7debbfc9a37b38d2ef86039b30a10d7c45ab8223d149cf99699', '9f630426df1d8abfd80ace98871ba833ab9742cb34838de2b5285ed54c0c7dcc', '3c35cc963eb004451323d3275d05b353235053490d9cd83729a2faf5e7ca1cc0']",[],1.0,0ffee3ba8e615ad22535e7f771690a28,ab41313cfec25328b20865eb1388e0a2,h2,,2370.250413,10.0.2.15,57856,172.217.23.226,443,tcp,9.696563999999851,511.0,4101.0,SF,True,False,0,^hADadFfRr,10,911,13,4625,ssl,0
2367.430898,CnBPrl30tWVAKofKUh,10.0.2.15,57848,172.217.23.232,443,TLSv12,TLS_ECDHE_RSA_WITH_AES_128_GCM_SHA256,x25519,www.googletagmanager.com,False,True,CsxknGIti,"['31ed45c3400fc5f9a84dfaa0a6f6171369876ed4e2da669ee7f8edbe3593bf6b', '9f630426df1d8abfd80ace98871ba833ab9742cb34838de2b5285ed54c0c7dcc', '3c35cc963eb004451323d3275d05b353235053490d9cd83729a2faf5e7ca1cc0']",[],1.0,0ffee3ba8e615ad22535e7f771690a28,ab41313cfec25328b20865eb1388e0a2,h2,,2364.244243,10.0.2.15,57848,172.217.23.232,443,tcp,16.982645000000048,534.0,4069.0,RSTO,True,False,0,ShADadFR,14,1110,14,4633,ssl,0
2367.56874,CtGa3c3Zhabw86baqi,10.0.2.15,57851,185.33.222.187,443,TLSv12,TLS_ECDHE_RSA_WITH_AES_256_GCM_SHA384,secp256r1,secure.adnxs.com,False,True,CsxuknGIti,"['5b081650e8034418a37504ce0820892be5a66474578207711eb688243fe1a8f2', '074541ecdf88ed992ed5ade3ecddef27a26ba1b44480a195c0a8dadae2521d8e']",[],1.0,0ffee3ba8e615ad22535e7f771690a28,d53e4608f956df65bb2b8a8c4d3b025d,,,2364.300433,10.0.2.15,57851,185.33.222.187,443,tcp,13.807080000000042,319.0,4867.0,RSTO,True,False,0,ShADadFR,11,775,11,5311,ssl,0
2367.625213,C5PN5m23nS0Z37RjO,10.0.2.15,57853,185.33.222.187,443,TLSv12,TLS_ECDHE_RSA_WITH_AES_256_GCM_SHA384,secp256r1,secure.adnxs.com,False,True,CsxuknGIti,"['5b081650e8034418a37504ce0820892be5a66474578207711eb688243fe1a8f2', '074541ecdf88ed992ed5ade3ecddef27a26ba1b44480a195c0a8dadae2521d8e']",[],1.0,0ffee3ba8e615ad22535e7f771690a28,d53e4608f956df65bb2b8a8c4d3b025d,,,2364.304476,10.0.2.15,57853,185.33.222.187,443,tcp,13.875037000000248,319.0,4867.0,RSTO,True,False,0,ShADadFR,11,775,12,5351,ssl,0
2366.945631,ChbEDw4Kkvk1zNAdA6,10.0.2.15,57845,34.252.96.187,443,TLSv12,TLS_ECDHE_RSA_WITH_AES_128_GCM_SHA256,secp256r1,apex.go.sonobi.com,False,False,CsxknGI,"['e29320cc54226aee4e56a43ee6fa79b553ecc35d18a9349c38a98f6d62047255', '973a41276ffd01e027a2aad49e34c37846d3e976ff6a620b6712e33832041aa6', '3a2fbe92891e57fe05d57087f48e730f17e5a5f53ef403d618e5b74d7a7e6ecb', 'c3846bf24b9e93ca64274c0ec67c1ecc5e024ffcacd2d74019350e81fe546ae4']",[],1.0,0ffee3ba8e615ad22535e7f771690a28,303951d4c50efb2e991652225a6f02b1,,,2364.097391,10.0.2.15,57845,34.252.96.187,443,tcp,9.8882150000004,321.0,5216.0,SF,True,False,0,ShADadfF,9,689,11,5660,ssl,0
2370.387489,CvJRJj3fwJ0Unz8bS4,10.0.2.15,57857,172.217.23.226,443,TLSv12,TLS_ECDHE_RSA_WITH_AES_128_GCM_SHA256,x25519,securepubads.g.doubleclick.net,False,True,CsxknGIti,"['a32ffddd76f9e7debbfc9a37b38d2ef86039b30a10d7c45ab8223d149cf99699', '9f630426df1d8abfd80ace98871ba833ab9742cb34838de2b5285ed54c0c7dcc', '3c35cc963eb004451323d3275d05b353235053490d9cd83729a2faf5e7ca1cc0']",[],1.0,0ffee3ba8e615ad22535e7f771690a28,ab41313cfec25328b20865eb1388e0a2,h2,,2365.494777,10.0.2.15,57857,172.217.23.226,443,tcp,13.740287999999964,511.0,4021.0,RSTO,True,False,0,ShADadFR,11,967,11,4465,ssl,0
2371.426363,Ct81oe2N910U0iTvZ1,10.0.2.15,57858,62.67.193.21,443,TLSv12,TLS_RSA_WITH_AES_256_CBC_SHA,,fastlane.rubiconproject.com,False,True,CsxnGIi,"['323de379ee34a94e415f63b56183d0d5d0e5a863f4ac89f97dc40ae81cc021c8', '154c433c491929c5ef686e838e323664a00e6a0d822ccc958fb4dab03e49a08f']",[],1.0,0ffee3ba8e615ad22535e7f771690a28,0a917d753018dad73d9899ace370f8d8,,,2371.419731,10.0.2.15,57858,62.67.193.21,443,tcp,28.695794000000205,4844.0,6953.0,SF,True,False,0,^hADadTFf,15,5445,16,7597,ssl,0
2366.614792,C24YLU2gBDcvgE60xc,10.0.2.15,57837,173.241.240.220,443,TLSv12,TLS_ECDHE_RSA_WITH_AES_128_GCM_SHA256,secp256r1,sbnationbidder-d.openx.net,False,True,CsxknGIi,"['ab7de06ea7a3de3225f335667d38750434931049f9e9cb0cb4a9caf5df22819c', '074541ecdf88ed992ed5ade3ecddef27a26ba1b44480a195c0a8dadae2521d8e']",[],1.0,0ffee3ba8e615ad22535e7f771690a28,699a80bdb17efe157c861f92c5bf5d1d,,,2363.964251,10.0.2.15,57837,173.241.240.220,443,tcp,60.37950600000022,2596.0,12985.0,SF,True,False,0,ShADadTfF,23,3527,28,14109,ssl,0
2371.520666,CE8QduQLBkrgkRSmk,10.0.2.15,57862,62.67.193.21,443,TLSv12,TLS_RSA_WITH_AES_256_CBC_SHA,,fastlane.rubiconproject.com,False,True,CsxnGIi,"['323de379ee34a94e415f63b56183d0d5d0e5a863f4ac89f97dc40ae81cc021c8', '154c433c491929c5ef686e838e323664a00e6a0d822ccc958fb4dab03e49a08f']",[],1.0,0ffee3ba8e615ad22535e7f771690a28,0a917d753018dad73d9899ace370f8d8,,,2371.488011,10.0.2.15,57862,62.67.193.21,443,tcp,24.16387699999996,4828.0,6921.0,SF,True,False,0,^hADadFf,12,5308,14,7485,ssl,0
2371.522699,CgRYsA4NQtM7qrtCXd,10.0.2.15,57861,62.67.193.21,443,TLSv12,TLS_RSA_WITH_AES_256_CBC_SHA,,fastlane.rubiconproject.com,False,True,CsxnGIi,"['323de379ee34a94e415f63b56183d0d5d0e5a863f4ac89f97dc40ae81cc021c8', '154c433c491929c5ef686e838e323664a00e6a0d822ccc958fb4dab03e49a08f']",[],1.0,0ffee3ba8e615ad22535e7f771690a28,0a917d753018dad73d9899ace370f8d8,,,2371.489388,10.0.2.15,57861,62.67.193.21,443,tcp,30.62892499999998,4828.0,7065.0,SF,True,False,0,^hADadTFf,14,5389,16,7709,ssl,0
2371.526952,CJ0DT12fYVzspn8Zh,10.0.2.15,57860,62.67.193.21,443,TLSv12,TLS_RSA_WITH_AES_256_CBC_SHA,,fastlane.rubiconproject.com,False,True,CsxnGIi,"['323de379ee34a94e415f63b56183d0d5d0e5a863f4ac89f97dc40ae81cc021c8', '154c433c491929c5ef686e838e323664a00e6a0d822ccc958fb4dab03e49a08f']",[],1.0,0ffee3ba8e615ad22535e7f771690a28,0a917d753018dad73d9899ace370f8d8,,,2371.482229,10.0.2.15,57860,62.67.193.21,443,tcp,60.2529499999996,4828.0,4457.0,RSTO,True,False,0,^hADadTFR,16,5472,17,5141,ssl,0
2371.53393,CrSEl1vh53mc0JF2a,10.0.2.15,57863,95.101.245.177,443,TLSv12,TLS_ECDHE_RSA_WITH_AES_256_GCM_SHA384,secp256r1,as-sec.casalemedia.com,False,True,CsxknGIti,"['089b510ac565aa1b2f05236cba3421cb755641c1bd4eeb25a856954a4c1d7cfb', '074541ecdf88ed992ed5ade3ecddef27a26ba1b44480a195c0a8dadae2521d8e']",[],1.0,0ffee3ba8e615ad22535e7f771690a28,2b33c1374db4ddf06942f92373c0b54b,http/1.1,,2366.517733,10.0.2.15,57863,95.101.245.177,443,tcp,28.96698199999992,4138.0,3963.0,SF,True,False,0,ShADadTfF,14,4715,14,4527,ssl,0
2371.606026,CBOB9C1tlrwpU4YSBe,10.0.2.15,57864,62.67.193.21,443,TLSv12,TLS_RSA_WITH_AES_256_CBC_SHA,,fastlane.rubiconproject.com,False,True,CsxnGIi,"['323de379ee34a94e415f63b56183d0d5d0e5a863f4ac89f97dc40ae81cc021c8', '154c433c491929c5ef686e838e323664a00e6a0d822ccc958fb4dab03e49a08f']",[],1.0,0ffee3ba8e615ad22535e7f771690a28,0a917d753018dad73d9899ace370f8d8,,,2371.593849,10.0.2.15,57864,62.67.193.21,443,tcp,278.91978500000005,599.0,2719.0,SF,True,False,0,^hADadFTTf,33,1945,35,4123,ssl,0
2371.643354,CN2Y671diuEFeFjcB6,10.0.2.15,57865,62.67.193.21,443,TLSv12,TLS_RSA_WITH_AES_256_CBC_SHA,,fastlane.rubiconproject.com,False,True,CsxnGIi,"['323de379ee34a94e415f63b56183d0d5d0e5a863f4ac89f97dc40ae81cc021c8', '154c433c491929c5ef686e838e323664a00e6a0d822ccc958fb4dab03e49a08f']",[],1.0,0ffee3ba8e615ad22535e7f771690a28,0a917d753018dad73d9899ace370f8d8,,,2371.618798,10.0.2.15,57865,62.67.193.21,443,tcp,14.940571999999976,599.0,2719.0,SF,True,False,0,^hADadFf,7,879,9,3083,ssl,0
2371.649624,CkLeLgkEroZeiYoAj,10.0.2.15,57867,62.67.193.21,443,TLSv12,TLS_RSA_WITH_AES_256_CBC_SHA,,fastlane.rubiconproject.com,False,True,CsxnGIi,"['323de379ee34a94e415f63b56183d0d5d0e5a863f4ac89f97dc40ae81cc021c8', '154c433c491929c5ef686e838e323664a00e6a0d822ccc958fb4dab03e49a08f']",[],1.0,0ffee3ba8e615ad22535e7f771690a28,0a917d753018dad73d9899ace370f8d8,,,2371.624474,10.0.2.15,57867,62.67.193.21,443,tcp,29.97202399999969,599.0,2719.0,SF,True,False,0,^hADadFTf,8,920,10,3123,ssl,0
2366.301489,CSfvhz2PAboXqDJHxg,10.0.2.15,57834,34.252.96.187,443,TLSv12,TLS_ECDHE_RSA_WITH_AES_128_GCM_SHA256,secp256r1,apex.go.sonobi.com,False,False,CsxknGI,"['e29320cc54226aee4e56a43ee6fa79b553ecc35d18a9349c38a98f6d62047255', '973a41276ffd01e027a2aad49e34c37846d3e976ff6a620b6712e33832041aa6', '3a2fbe92891e57fe05d57087f48e730f17e5a5f53ef403d618e5b74d7a7e6ecb', 'c3846bf24b9e93ca64274c0ec67c1ecc5e024ffcacd2d74019350e81fe546ae4']",[],1.0,0ffee3ba8e615ad22535e7f771690a28,303951d4c50efb2e991652225a6f02b1,,,2363.841125,10.0.2.15,57834,34.252.96.187,443,tcp,13.24820499999987,321.0,5216.0,SF,True,False,0,ShADadfF,10,729,10,5620,ssl,0
2371.71071,CYqcs44x4Gt1y3UrW6,10.0.2.15,57866,62.67.193.21,443,TLSv12,TLS_RSA_WITH_AES_256_CBC_SHA,,fastlane.rubiconproject.com,False,True,CsxnGIi,"['323de379ee34a94e415f63b56183d0d5d0e5a863f4ac89f97dc40ae81cc021c8', '154c433c491929c5ef686e838e323664a00e6a0d822ccc958fb4dab03e49a08f']",[],1.0,0ffee3ba8e615ad22535e7f771690a28,0a917d753018dad73d9899ace370f8d8,,,2371.6822,10.0.2.15,57866,62.67.193.21,443,tcp,32.39134699999977,599.0,2719.0,SF,True,False,0,^hADadFTf,9,961,11,3163,ssl,0
2371.854816,CJrTRQ3HQNQwIZsyXf,10.0.2.15,57870,95.101.245.177,443,TLSv12,TLS_ECDHE_RSA_WITH_AES_256_GCM_SHA384,secp256r1,as-sec.casalemedia.com,False,True,CsxknGIti,"['089b510ac565aa1b2f05236cba3421cb755641c1bd4eeb25a856954a4c1d7cfb', '074541ecdf88ed992ed5ade3ecddef27a26ba1b44480a195c0a8dadae2521d8e']",[],1.0,0ffee3ba8e615ad22535e7f771690a28,2b33c1374db4ddf06942f92373c0b54b,http/1.1,,2371.841031,10.0.2.15,57870,95.101.245.177,443,tcp,10.63984900000014,325.0,3932.0,RSTO,True,False,0,^hADadFR,7,605,8,4256,ssl,0
2371.907333,CjTNbM2qzYLeBCfyS4,10.0.2.15,57871,95.101.252.144,443,TLSv12,TLS_ECDHE_RSA_WITH_AES_256_GCM_SHA384,secp256r1,z.moatads.com,False,True,CsxknGIti,"['435a847bccecae336a1a751c2209ae3f32a8cda1aae8b0da90f1755f7ede9adc', 'e6683e88315cd1cb403c0cea490f7c4b4c82c91cd485037489aadbaa90839f61', '3c35cc963eb004451323d3275d05b353235053490d9cd83729a2faf5e7ca1cc0']",[],1.0,0ffee3ba8e615ad22535e7f771690a28,2b33c1374db4ddf06942f92373c0b54b,http/1.1,,2366.874783,10.0.2.15,57871,95.101.252.144,443,tcp,15.648617999999717,316.0,4207.0,RSTO,True,False,0,ShADadFR,9,692,8,4531,ssl,0
2375.57072,CokknzJzU4p2c8MI,10.0.2.15,57878,54.192.94.69,443,TLSv12,TLS_ECDHE_RSA_WITH_AES_128_GCM_SHA256,secp256r1,hello.myfonts.net,False,True,CsxuknGIti,"['a9e59cd27eb38d0f61ce6e637134801eb19d1546c4ed6545da1e5d20c859d120', '973a41276ffd01e027a2aad49e34c37846d3e976ff6a620b6712e33832041aa6', '3a2fbe92891e57fe05d57087f48e730f17e5a5f53ef403d618e5b74d7a7e6ecb', 'c3846bf24b9e93ca64274c0ec67c1ecc5e024ffcacd2d74019350e81fe546ae4']",[],1.0,0ffee3ba8e615ad22535e7f771690a28,76cc3e2d3028143b23ec18e27dbd7ca9,http/1.1,,2374.456183,10.0.2.15,57878,54.192.94.69,443,tcp,65.35905700000012,735.0,7735.0,SF,True,False,0,ShADadTFf,17,1427,18,8459,ssl,0
2375.656207,C1MVbb20SEjOOISCti,10.0.2.15,57879,54.192.94.69,443,TLSv12,TLS_ECDHE_RSA_WITH_AES_128_GCM_SHA256,secp256r1,hello.myfonts.net,False,True,CsxuknGIti,"['a9e59cd27eb38d0f61ce6e637134801eb19d1546c4ed6545da1e5d20c859d120', '973a41276ffd01e027a2aad49e34c37846d3e976ff6a620b6712e33832041aa6', '3a2fbe92891e57fe05d57087f48e730f17e5a5f53ef403d618e5b74d7a7e6ecb', 'c3846bf24b9e93ca64274c0ec67c1ecc5e024ffcacd2d74019350e81fe546ae4']",[],1.0,0ffee3ba8e615ad22535e7f771690a28,76cc3e2d3028143b23ec18e27dbd7ca9,http/1.1,,2374.45803,10.0.2.15,57879,54.192.94.69,443,tcp,8.805626000000302,320.0,7226.0,RSTO,True,False,0,ShADadFR,9,688,10,7630,ssl,0
2371.441077,CGWLri2tF9R3n2FUV4,10.0.2.15,57859,62.67.193.21,443,TLSv12,TLS_RSA_WITH_AES_256_CBC_SHA,,fastlane.rubiconproject.com,False,True,CsxnGIi,"['323de379ee34a94e415f63b56183d0d5d0e5a863f4ac89f97dc40ae81cc021c8', '154c433c491929c5ef686e838e323664a00e6a0d822ccc958fb4dab03e49a08f']",[],1.0,0ffee3ba8e615ad22535e7f771690a28,0a917d753018dad73d9899ace370f8d8,,,2371.431296,10.0.2.15,57859,62.67.193.21,443,tcp,92.6311179999998,4844.0,4132.0,RSTO,True,False,0,^hADadTFR,17,5531,18,4856,ssl,0
2375.822401,Cnuh89uX3FiMMPJQ7,10.0.2.15,57880,52.30.58.217,443,TLSv12,TLS_ECDHE_RSA_WITH_AES_128_GCM_SHA256,secp256r1,r.skimresources.com,False,True,CsxknGIi,"['caa8c2f1a990107a717080115f60a4a96012ff04d07014ab0c049da6d3c7e3ff', 'f55f9ffcb83c73453261601c7e044db15a0f034b93c05830f28635ef889cf670', '87dcd4dc74640a322cd205552506d1be64f12596258096544986b4850bc72706', '28689b30e4c306aab53b027b29e36ad6dd1dcf4b953994482ca84bdc1ecac996']",[],1.0,0ffee3ba8e615ad22535e7f771690a28,303951d4c50efb2e991652225a6f02b1,,,2374.582474,10.0.2.15,57880,52.30.58.217,443,tcp,9.433186000000203,322.0,5111.0,RSTO,True,False,0,ShADadFR,8,650,9,5475,ssl,0
2366.795448,C4JKxE4rnf0qMkwwD9,10.0.2.15,57843,185.33.222.187,443,TLSv12,TLS_ECDHE_RSA_WITH_AES_256_GCM_SHA384,secp256r1,secure.adnxs.com,False,True,CsxuknGIti,"['5b081650e8034418a37504ce0820892be5a66474578207711eb688243fe1a8f2', '074541ecdf88ed992ed5ade3ecddef27a26ba1b44480a195c0a8dadae2521d8e']",[],1.0,0ffee3ba8e615ad22535e7f771690a28,d53e4608f956df65bb2b8a8c4d3b025d,,,2364.034304,10.0.2.15,57843,185.33.222.187,443,tcp,47.77237800000012,2766.0,12250.0,SF,True,False,0,ShADadTfF,19,3535,24,13214,ssl,0
2366.654355,CeEa0RNmMoFp6K3Sc,10.0.2.15,57839,172.217.23.232,443,TLSv12,TLS_ECDHE_RSA_WITH_AES_128_GCM_SHA256,x25519,www.googletagmanager.com,False,False,CsxknGI,"['31ed45c3400fc5f9a84dfaa0a6f6171369876ed4e2da669ee7f8edbe3593bf6b', '9f630426df1d8abfd80ace98871ba833ab9742cb34838de2b5285ed54c0c7dcc', '3c35cc963eb004451323d3275d05b353235053490d9cd83729a2faf5e7ca1cc0']",[],1.0,0ffee3ba8e615ad22535e7f771690a28,ab41313cfec25328b20865eb1388e0a2,h2,,2363.992209,10.0.2.15,57839,172.217.23.232,443,tcp,19.13980300000003,457.0,3671.0,SF,True,False,0,ShADadfF,9,825,9,4035,ssl,0
2375.585277,CgoRZzdElDsSGAmyj,10.0.2.15,57877,173.203.15.238,443,TLSv12,TLS_ECDHE_RSA_WITH_AES_256_GCM_SHA384,secp256r1,www.carid.com,False,True,CsxknGIti,"['e5cca0b6024d09656670446591ed4334f88ebb38bd518c779ecbbf3b3a9feac1', 'eae72eb454bf6c3977ebd289e970b2f5282949190093d0d26f98d0f0d6a9cf17']",[],1.0,0ffee3ba8e615ad22535e7f771690a28,a39e18564e32e1822751c4af0bfba817,h2,,2374.278477,10.0.2.15,57877,173.203.15.238,443,tcp,66.21742700000004,882.0,44673.0,SF,True,False,0,ShADadFf,36,2330,47,46557,ssl,0
2371.713346,CFkFje3fygxYGjy41k,10.0.2.15,57868,62.67.193.21,443,TLSv12,TLS_RSA_WITH_AES_256_CBC_SHA,,fastlane.rubiconproject.com,False,True,CsxnGIi,"['323de379ee34a94e415f63b56183d0d5d0e5a863f4ac89f97dc40ae81cc021c8', '154c433c491929c5ef686e838e323664a00e6a0d822ccc958fb4dab03e49a08f']",[],1.0,0ffee3ba8e615ad22535e7f771690a28,0a917d753018dad73d9899ace370f8d8,,,2371.679765,10.0.2.15,57868,62.67.193.21,443,tcp,47.4018860000001,599.0,2719.0,SF,True,False,0,^hADadTFf,10,1002,12,3203,ssl,0
2366.443962,Chmxfu107eFXQbhXDb,10.0.2.15,57836,151.101.112.124,443,TLSv12,TLS_ECDHE_RSA_WITH_AES_128_GCM_SHA256,secp256r1,fonts.voxmedia.com,False,True,CsxuknGIti,"['6d3af7e454dd1d20a2d77cac999feb04584a2c5c67d62bafa97b4f67194e4141', 'e0c2ebd1f6bad4feaae31a3107e69abee902db38b9dfbe33f0570bda3494c20a']",[],1.0,0ffee3ba8e615ad22535e7f771690a28,860fcf58fd757e26aa8911e5eaff6b53,h2,,2363.926836,10.0.2.15,57836,151.101.112.124,443,tcp,28.007280999999693,532.0,5147.0,RSTO,True,False,0,ShADadTFR,14,1101,15,5751,ssl,0
2385.03279,CFwJSDOATbuOPV9Z9,10.0.2.15,57902,151.101.113.108,443,TLSv12,TLS_ECDHE_RSA_WITH_AES_128_GCM_SHA256,secp256r1,acdn.adnxs.com,False,True,CsxuknGIti,"['a5760412fe8dc77ba83e5ba531d4ccb590842bab7d15560c5b9681bce87ae512', '4b7334e1d8999822bafa8ff6888125389b18a4e5ab26ffa624c7f68fdc81f0cb']",[],1.0,0ffee3ba8e615ad22535e7f771690a28,860fcf58fd757e26aa8911e5eaff6b53,http/1.1,,2380.176762,10.0.2.15,57902,151.101.113.108,443,tcp,60.043685000000096,2821.0,6229.0,SF,True,False,0,ShADadTFfRr,21,3681,23,7153,ssl,0
2387.021004,CZV5VO28fnCXNyPBah,10.0.2.15,57907,95.101.252.144,443,TLSv12,TLS_ECDHE_RSA_WITH_AES_256_GCM_SHA384,secp256r1,z.moatads.com,False,True,CsxknGIti,"['435a847bccecae336a1a751c2209ae3f32a8cda1aae8b0da90f1755f7ede9adc', 'e6683e88315cd1cb403c0cea490f7c4b4c82c91cd485037489aadbaa90839f61', '3c35cc963eb004451323d3275d05b353235053490d9cd83729a2faf5e7ca1cc0']",[],1.0,0ffee3ba8e615ad22535e7f771690a28,2b33c1374db4ddf06942f92373c0b54b,http/1.1,,2387.010999,10.0.2.15,57907,95.101.252.144,443,tcp,8.76946399999997,347.0,4238.0,RSTO,True,False,0,^hADadFR,8,667,10,4642,ssl,0
2367.521124,CAGXxhfIZpNaCjOEi,10.0.2.15,57849,185.33.222.187,443,TLSv12,TLS_ECDHE_RSA_WITH_AES_256_GCM_SHA384,secp256r1,secure.adnxs.com,False,True,CsxuknGIti,"['5b081650e8034418a37504ce0820892be5a66474578207711eb688243fe1a8f2', '074541ecdf88ed992ed5ade3ecddef27a26ba1b44480a195c0a8dadae2521d8e']",[],1.0,0ffee3ba8e615ad22535e7f771690a28,d53e4608f956df65bb2b8a8c4d3b025d,,,2364.29662,10.0.2.15,57849,185.33.222.187,443,tcp,29.26816800000006,319.0,4867.0,RSTO,True,False,0,ShADadFTR,12,816,12,5351,ssl,0
2390.557495,C6MsjOZTNVqrCDhx8,10.0.2.15,57924,54.194.99.187,443,TLSv12,TLS_ECDHE_RSA_WITH_AES_128_GCM_SHA256,secp256r1,p.skimresources.com,False,True,CsxknGIi,"['1a611f2a3f3fdc248d84b3738af1c96f26d3141bbc74ed02f544728bf0a5d068', '154c433c491929c5ef686e838e323664a00e6a0d822ccc958fb4dab03e49a08f']",[],1.0,0ffee3ba8e615ad22535e7f771690a28,303951d4c50efb2e991652225a6f02b1,,,2390.077188,10.0.2.15,57924,54.194.99.187,443,tcp,50.11551199999985,1903.0,3718.0,RSTO,True,False,0,ShADadTFR,17,2595,18,4442,ssl,0
2393.478826,C7Mub32nkLOQKgNeyg,10.0.2.15,57915,151.101.112.249,443,TLSv12,TLS_ECDHE_RSA_WITH_AES_128_GCM_SHA256,secp256r1,static.chartbeat.com,False,True,CsxuknGIti,"['ca5c57bee6ab21c055dcdbe8ad25feef6d1764a92e2aaaadb5d55fb667c3f8ac', '19400be5b7a31fb733917700789d2f0a2471c0c9d506c0e504c06c16d7cb17c0']",[],1.0,0ffee3ba8e615ad22535e7f771690a28,860fcf58fd757e26aa8911e5eaff6b53,http/1.1,,2388.575635,10.0.2.15,57915,151.101.112.249,443,tcp,51.16460499999994,670.0,8769.0,SF,True,False,0,ShADadTFfRr,20,1490,25,9773,ssl,0
2393.483778,CUDz233AluUc3Xnmlk,10.0.2.15,57925,173.241.240.220,443,TLSv12,TLS_ECDHE_RSA_WITH_AES_128_GCM_SHA256,secp256r1,sbnationbidder-d.openx.net,False,True,CsxknGIi,"['ab7de06ea7a3de3225f335667d38750434931049f9e9cb0cb4a9caf5df22819c', '074541ecdf88ed992ed5ade3ecddef27a26ba1b44480a195c0a8dadae2521d8e']",[],1.0,0ffee3ba8e615ad22535e7f771690a28,699a80bdb17efe157c861f92c5bf5d1d,,,2391.606107,10.0.2.15,57925,173.241.240.220,443,tcp,33.20650100000012,1895.0,3270.0,SF,True,False,0,ShADadTfF,13,2425,16,3914,ssl,0
2358.603984,CW0OW02mVxUGsJks9h,10.0.2.15,57827,151.101.112.129,443,TLSv12,TLS_ECDHE_RSA_WITH_AES_128_GCM_SHA256,secp256r1,s.skimresources.com,False,True,CsxknGIti,"['ca5c57bee6ab21c055dcdbe8ad25feef6d1764a92e2aaaadb5d55fb667c3f8ac', '19400be5b7a31fb733917700789d2f0a2471c0c9d506c0e504c06c16d7cb17c0']",[],1.0,0ffee3ba8e615ad22535e7f771690a28,5bf3945147163753a854e165090c4120,http/1.1,,2356.851213,10.0.2.15,57827,151.101.112.129,443,tcp,37.85408600000028,322.0,4970.0,RSTO,True,False,0,ShADaTdFR,11,773,12,5454,ssl,0
2358.60578,CTJSoh3MhYILfJ8xf1,10.0.2.15,57828,151.101.112.124,443,TLSv12,TLS_ECDHE_RSA_WITH_AES_128_GCM_SHA256,secp256r1,phonograph2.voxmedia.com,False,True,CsxuknGIti,"['6d3af7e454dd1d20a2d77cac999feb04584a2c5c67d62bafa97b4f67194e4141', 'e0c2ebd1f6bad4feaae31a3107e69abee902db38b9dfbe33f0570bda3494c20a']",[],1.0,0ffee3ba8e615ad22535e7f771690a28,860fcf58fd757e26aa8911e5eaff6b53,h2,,2356.851732,10.0.2.15,57828,151.101.112.124,443,tcp,38.498917999999776,538.0,5178.0,RSTR,True,False,0,ShADaTdFRr,13,1068,16,5822,ssl,0
2393.489734,CHlN7T358koOjfbQg5,10.0.2.15,57926,173.241.240.220,443,TLSv12,TLS_ECDHE_RSA_WITH_AES_128_GCM_SHA256,secp256r1,sbnationbidder-d.openx.net,False,True,CsxknGIi,"['ab7de06ea7a3de3225f335667d38750434931049f9e9cb0cb4a9caf5df22819c', '074541ecdf88ed992ed5ade3ecddef27a26ba1b44480a195c0a8dadae2521d8e']",[],1.0,0ffee3ba8e615ad22535e7f771690a28,699a80bdb17efe157c861f92c5bf5d1d,,,2391.678681,10.0.2.15,57926,173.241.240.220,443,tcp,39.8698260000001,1927.0,3270.0,SF,True,False,0,ShADadTfF,14,2498,17,3954,ssl,0
2393.492976,CTVj6C1EYS4lbwT08k,10.0.2.15,57927,173.241.240.220,443,TLSv12,TLS_ECDHE_RSA_WITH_AES_128_GCM_SHA256,secp256r1,sbnationbidder-d.openx.net,False,True,CsxknGIi,"['ab7de06ea7a3de3225f335667d38750434931049f9e9cb0cb4a9caf5df22819c', '074541ecdf88ed992ed5ade3ecddef27a26ba1b44480a195c0a8dadae2521d8e']",[],1.0,0ffee3ba8e615ad22535e7f771690a28,699a80bdb17efe157c861f92c5bf5d1d,,,2391.695365,10.0.2.15,57927,173.241.240.220,443,tcp,34.045532000000094,1979.0,3270.0,SF,True,False,0,ShADadTfF,14,2550,17,3954,ssl,0
2380.175256,ChEMiz37DfjJ6MITY7,10.0.2.15,57872,151.101.113.52,443,TLSv12,TLS_ECDHE_RSA_WITH_AES_128_GCM_SHA256,secp256r1,auth.voxmedia.com,False,True,CsxuknGIti,"['6d3af7e454dd1d20a2d77cac999feb04584a2c5c67d62bafa97b4f67194e4141', 'e0c2ebd1f6bad4feaae31a3107e69abee902db38b9dfbe33f0570bda3494c20a']",[],1.0,0ffee3ba8e615ad22535e7f771690a28,860fcf58fd757e26aa8911e5eaff6b53,h2,,2380.161915,10.0.2.15,57872,151.101.113.52,443,tcp,15.47669199999973,531.0,5178.0,RSTR,True,False,0,^hADadFRr,11,971,15,5782,ssl,0
2394.396753,CWLTDP3roq50xLEJFa,10.0.2.15,57939,173.241.240.143,443,TLSv12,TLS_ECDHE_RSA_WITH_AES_128_GCM_SHA256,secp256r1,us-u.openx.net,False,True,CsxknGIi,"['ab7de06ea7a3de3225f335667d38750434931049f9e9cb0cb4a9caf5df22819c', '074541ecdf88ed992ed5ade3ecddef27a26ba1b44480a195c0a8dadae2521d8e']",[],1.0,0ffee3ba8e615ad22535e7f771690a28,699a80bdb17efe157c861f92c5bf5d1d,,,2393.57656,10.0.2.15,57939,173.241.240.143,443,tcp,46.70387799999981,2438.0,4963.0,RSTO,True,False,0,ShADadTFR,20,3248,23,5887,ssl,0
2379.178026,CwTXhUm1F5rumDPM1,10.0.2.15,57873,151.101.113.52,443,TLSv12,TLS_ECDHE_RSA_WITH_AES_128_GCM_SHA256,secp256r1,auth.voxmedia.com,False,True,CsxuknGIti,"['6d3af7e454dd1d20a2d77cac999feb04584a2c5c67d62bafa97b4f67194e4141', 'e0c2ebd1f6bad4feaae31a3107e69abee902db38b9dfbe33f0570bda3494c20a']",[],1.0,0ffee3ba8e615ad22535e7f771690a28,860fcf58fd757e26aa8911e5eaff6b53,h2,,2379.172372,10.0.2.15,57873,151.101.113.52,443,tcp,17.19756899999993,531.0,5147.0,RSTO,True,False,0,^hADadTFR,12,1012,15,5751,ssl,0
2396.035395,CGHyH63Vm0yX6ZoEm6,10.0.2.15,57943,95.101.245.177,443,TLSv12,TLS_ECDHE_RSA_WITH_AES_256_GCM_SHA384,,as-sec.casalemedia.com,True,True,CsiI,,,,1a5fe5677b0e4fbbc854e8908225637d,410b9bedaf65dd26c6fe547154d60db4,http/1.1,,2395.489726,10.0.2.15,57943,95.101.245.177,443,tcp,44.57525000000032,4412.0,4472.0,RSTO,True,False,0,ShADadTFR,16,5063,17,5156,ssl,0
2366.754526,CpaXuz4izUAQQPoIr3,10.0.2.15,57840,185.33.222.187,443,TLSv12,TLS_ECDHE_RSA_WITH_AES_256_GCM_SHA384,secp256r1,secure.adnxs.com,False,True,CsxuknGIti,"['5b081650e8034418a37504ce0820892be5a66474578207711eb688243fe1a8f2', '074541ecdf88ed992ed5ade3ecddef27a26ba1b44480a195c0a8dadae2521d8e']",[],1.0,0ffee3ba8e615ad22535e7f771690a28,d53e4608f956df65bb2b8a8c4d3b025d,,,2364.031683,10.0.2.15,57840,185.33.222.187,443,tcp,34.66615899999988,2786.0,8142.0,SF,True,False,0,ShADadTfF,15,3395,18,8866,ssl,0
2395.662836,CxXRJT2OvAXpb5oBvb,10.0.2.15,57930,173.241.240.220,443,TLSv12,TLS_ECDHE_RSA_WITH_AES_128_GCM_SHA256,secp256r1,sbnationbidder-d.openx.net,False,True,CsxknGIi,"['ab7de06ea7a3de3225f335667d38750434931049f9e9cb0cb4a9caf5df22819c', '074541ecdf88ed992ed5ade3ecddef27a26ba1b44480a195c0a8dadae2521d8e']",[],1.0,0ffee3ba8e615ad22535e7f771690a28,699a80bdb17efe157c861f92c5bf5d1d,,,2391.948915,10.0.2.15,57930,173.241.240.220,443,tcp,10.219156999999996,392.0,3124.0,SF,True,False,0,ShADadFRfr,12,888,14,3688,ssl,0
2395.406692,CFoUgQn43hB53f8Cb,10.0.2.15,57928,173.241.240.220,443,TLSv12,TLS_ECDHE_RSA_WITH_AES_128_GCM_SHA256,secp256r1,sbnationbidder-d.openx.net,False,True,CsxknGIi,"['ab7de06ea7a3de3225f335667d38750434931049f9e9cb0cb4a9caf5df22819c', '074541ecdf88ed992ed5ade3ecddef27a26ba1b44480a195c0a8dadae2521d8e']",[],1.0,0ffee3ba8e615ad22535e7f771690a28,699a80bdb17efe157c861f92c5bf5d1d,,,2391.860691,10.0.2.15,57928,173.241.240.220,443,tcp,10.280661000000237,392.0,3124.0,SF,True,False,0,ShADadFRfr,12,888,14,3688,ssl,0
2396.380179,Cds2MDcQJYS2vFSP2,10.0.2.15,57944,95.101.245.177,443,TLSv12,TLS_ECDHE_RSA_WITH_AES_256_GCM_SHA384,,as-sec.casalemedia.com,True,True,CsiI,,,,1a5fe5677b0e4fbbc854e8908225637d,410b9bedaf65dd26c6fe547154d60db4,http/1.1,,2395.76798,10.0.2.15,57944,95.101.245.177,443,tcp,7.68091000000004,599.0,183.0,RSTO,True,False,0,ShADadFR,7,887,7,467,ssl,0
2396.383088,C6UFnmVUhnb3xcCi,10.0.2.15,57945,185.33.222.187,443,TLSv12,TLS_ECDHE_RSA_WITH_AES_256_GCM_SHA384,,secure.adnxs.com,True,True,CsiI,,,,1a5fe5677b0e4fbbc854e8908225637d,266bd998df907f9d5064d7f4c208b200,,,2395.771919,10.0.2.15,57945,185.33.222.187,443,tcp,15.02762100000018,2986.0,1027.0,SF,True,False,0,ShADadfF,9,3354,10,1431,ssl,0
2393.389852,CS3aq63cry3lJlWHG2,10.0.2.15,57914,172.217.23.226,443,TLSv12,TLS_ECDHE_RSA_WITH_AES_128_GCM_SHA256,x25519,adx.g.doubleclick.net,False,True,CsxknGIti,"['a32ffddd76f9e7debbfc9a37b38d2ef86039b30a10d7c45ab8223d149cf99699', '9f630426df1d8abfd80ace98871ba833ab9742cb34838de2b5285ed54c0c7dcc', '3c35cc963eb004451323d3275d05b353235053490d9cd83729a2faf5e7ca1cc0']",[],1.0,0ffee3ba8e615ad22535e7f771690a28,ab41313cfec25328b20865eb1388e0a2,h2,,2388.553115,10.0.2.15,57914,172.217.23.226,443,tcp,9.84254299999975,502.0,4085.0,RSTO,True,False,0,ShADadFR,12,998,15,4689,ssl,0
2396.699437,CDiDVt4XFGUqtPuB2h,10.0.2.15,57946,185.33.222.187,443,TLSv12,TLS_ECDHE_RSA_WITH_AES_256_GCM_SHA384,,secure.adnxs.com,True,True,CsiI,,,,1a5fe5677b0e4fbbc854e8908225637d,266bd998df907f9d5064d7f4c208b200,,,2396.041374,10.0.2.15,57946,185.33.222.187,443,tcp,7.533725000000231,599.0,141.0,SF,True,False,0,ShADadFf,7,887,7,425,ssl,0
2392.855875,CzVcVz1j7OFdWN24Og,10.0.2.15,57913,172.217.23.226,443,TLSv12,TLS_ECDHE_RSA_WITH_AES_128_GCM_SHA256,x25519,adx.g.doubleclick.net,False,True,CsxknGIti,"['a32ffddd76f9e7debbfc9a37b38d2ef86039b30a10d7c45ab8223d149cf99699', '9f630426df1d8abfd80ace98871ba833ab9742cb34838de2b5285ed54c0c7dcc', '3c35cc963eb004451323d3275d05b353235053490d9cd83729a2faf5e7ca1cc0']",[],1.0,0ffee3ba8e615ad22535e7f771690a28,ab41313cfec25328b20865eb1388e0a2,h2,,2388.300012,10.0.2.15,57913,172.217.23.226,443,tcp,13.585667999999714,502.0,4085.0,RSTO,True,False,0,ShADadFR,12,998,13,4609,ssl,0
2386.606061,CVScOlbEe49Y1HKTi,10.0.2.15,57903,95.101.252.144,443,TLSv12,TLS_ECDHE_RSA_WITH_AES_256_GCM_SHA384,secp256r1,z.moatads.com,False,True,CsxknGIti,"['435a847bccecae336a1a751c2209ae3f32a8cda1aae8b0da90f1755f7ede9adc', 'e6683e88315cd1cb403c0cea490f7c4b4c82c91cd485037489aadbaa90839f61', '3c35cc963eb004451323d3275d05b353235053490d9cd83729a2faf5e7ca1cc0']",[],1.0,0ffee3ba8e615ad22535e7f771690a28,2b33c1374db4ddf06942f92373c0b54b,http/1.1,,2386.603537,10.0.2.15,57903,95.101.252.144,443,tcp,53.05713900000001,668.0,73884.0,SF,True,False,0,^hADadTFRfr,43,2391,83,77208,ssl,0
2396.382058,CVyHYA45kCVxqQWvQd,10.0.2.15,57931,151.101.112.124,443,TLSv12,TLS_ECDHE_RSA_WITH_AES_128_GCM_SHA256,secp256r1,fonts.voxmedia.com,False,True,CsxuknGIti,"['6d3af7e454dd1d20a2d77cac999feb04584a2c5c67d62bafa97b4f67194e4141', 'e0c2ebd1f6bad4feaae31a3107e69abee902db38b9dfbe33f0570bda3494c20a']",[],1.0,0ffee3ba8e615ad22535e7f771690a28,860fcf58fd757e26aa8911e5eaff6b53,h2,,2392.804288,10.0.2.15,57931,151.101.112.124,443,tcp,47.61179800000036,916.0,54812.0,RSTO,True,False,0,ShADadFR,45,2732,77,57896,ssl,0
2379.310017,Ce7HH72gKHBGakgh3f,10.0.2.15,57890,173.203.15.238,443,TLSv12,TLS_ECDHE_RSA_WITH_AES_256_GCM_SHA384,secp256r1,www.carid.com,False,True,CsxknGIti,"['e5cca0b6024d09656670446591ed4334f88ebb38bd518c779ecbbf3b3a9feac1', 'eae72eb454bf6c3977ebd289e970b2f5282949190093d0d26f98d0f0d6a9cf17']",[],1.0,0ffee3ba8e615ad22535e7f771690a28,a39e18564e32e1822751c4af0bfba817,h2,,2375.734442,10.0.2.15,57890,173.203.15.238,443,tcp,23.26043800000025,525.0,3813.0,SF,True,False,0,ShADadFRfr,12,1021,12,4297,ssl,0
2396.968468,CWl1Bv11qxaxZBO1Gj,10.0.2.15,57937,173.241.240.143,443,TLSv12,TLS_ECDHE_RSA_WITH_AES_128_GCM_SHA256,secp256r1,us-u.openx.net,False,True,CsxknGIi,"['ab7de06ea7a3de3225f335667d38750434931049f9e9cb0cb4a9caf5df22819c', '074541ecdf88ed992ed5ade3ecddef27a26ba1b44480a195c0a8dadae2521d8e']",[],1.0,0ffee3ba8e615ad22535e7f771690a28,699a80bdb17efe157c861f92c5bf5d1d,,,2393.318777,10.0.2.15,57937,173.241.240.143,443,tcp,9.650152000000162,380.0,3124.0,SF,True,False,0,ShADadFfRr,12,876,13,3648,ssl,0
2395.40425,CBqdcX3GgG941fbFP7,10.0.2.15,57929,173.241.240.220,443,TLSv12,TLS_ECDHE_RSA_WITH_AES_128_GCM_SHA256,secp256r1,sbnationbidder-d.openx.net,False,True,CsxknGIi,"['ab7de06ea7a3de3225f335667d38750434931049f9e9cb0cb4a9caf5df22819c', '074541ecdf88ed992ed5ade3ecddef27a26ba1b44480a195c0a8dadae2521d8e']",[],1.0,0ffee3ba8e615ad22535e7f771690a28,699a80bdb17efe157c861f92c5bf5d1d,,,2391.933301,10.0.2.15,57929,173.241.240.220,443,tcp,10.193072999999911,392.0,3093.0,RSTO,True,False,0,ShADadFR,10,808,10,3497,ssl,0
2371.801055,CyyMc717POR5NGSrik,10.0.2.15,57869,95.101.252.144,443,TLSv12,TLS_ECDHE_RSA_WITH_AES_256_GCM_SHA384,secp256r1,z.moatads.com,False,False,CsxknGI,"['435a847bccecae336a1a751c2209ae3f32a8cda1aae8b0da90f1755f7ede9adc', 'e6683e88315cd1cb403c0cea490f7c4b4c82c91cd485037489aadbaa90839f61', '3c35cc963eb004451323d3275d05b353235053490d9cd83729a2faf5e7ca1cc0']",[],1.0,0ffee3ba8e615ad22535e7f771690a28,2b33c1374db4ddf06942f92373c0b54b,http/1.1,,2371.7965,10.0.2.15,57869,95.101.252.144,443,tcp,23.47116700000015,316.0,3965.0,SF,True,False,0,^hADaTdfF,9,678,11,4409,ssl,0
2399.265644,C0vREa4g9SiSiPvY4b,10.0.2.15,57922,54.194.99.187,443,TLSv12,TLS_ECDHE_RSA_WITH_AES_128_GCM_SHA256,,p.skimresources.com,True,True,CsiI,,,,0ffee3ba8e615ad22535e7f771690a28,303951d4c50efb2e991652225a6f02b1,,,2398.872742,10.0.2.15,57922,54.194.99.187,443,tcp,7.854714000000058,310.0,176.0,RSTO,True,False,0,ShADadFR,7,598,7,460,ssl,0
2398.880141,Ctaped1p9s64kbza44,10.0.2.15,57950,172.217.23.228,443,TLSv12,TLS_ECDHE_RSA_WITH_AES_128_GCM_SHA256,x25519,www.google.com,False,True,CsxknGIti,"['956e194960c68ac27a798b9de5f275ac1b0d80576783cff18c752250b5f1f519', '9f630426df1d8abfd80ace98871ba833ab9742cb34838de2b5285ed54c0c7dcc', '3c35cc963eb004451323d3275d05b353235053490d9cd83729a2faf5e7ca1cc0']",[],1.0,0ffee3ba8e615ad22535e7f771690a28,ab41313cfec25328b20865eb1388e0a2,h2,,2397.099963,10.0.2.15,57950,172.217.23.228,443,tcp,43.276540999999725,562.0,3875.0,SF,True,False,0,ShADadFf,15,1170,18,4599,ssl,0
2399.419797,CwWyE749qWxCp3AMo4,10.0.2.15,57956,151.101.112.175,443,TLSv12,TLS_ECDHE_RSA_WITH_AES_128_GCM_SHA256,,cdn.krxd.net,True,True,CsiI,,,,1a5fe5677b0e4fbbc854e8908225637d,1d0e57c6ae42e9204defa51e5e1cdc4c,http/1.1,,2398.887316,10.0.2.15,57956,151.101.112.175,443,tcp,40.40189499999997,2781.0,13109.0,RSTO,True,False,0,ShADadTFR,21,3631,26,14153,ssl,0
2366.777581,CTNtWH1U7t81Y236qe,10.0.2.15,57841,185.33.222.187,443,TLSv12,TLS_ECDHE_RSA_WITH_AES_256_GCM_SHA384,secp256r1,secure.adnxs.com,False,True,CsxuknGIti,"['5b081650e8034418a37504ce0820892be5a66474578207711eb688243fe1a8f2', '074541ecdf88ed992ed5ade3ecddef27a26ba1b44480a195c0a8dadae2521d8e']",[],1.0,0ffee3ba8e615ad22535e7f771690a28,d53e4608f956df65bb2b8a8c4d3b025d,,,2364.032666,10.0.2.15,57841,185.33.222.187,443,tcp,49.26861599999984,2787.0,12265.0,SF,True,False,0,ShADadTFf,21,3637,28,13389,ssl,0
2399.901423,CxlrqU3NY137QRAr7l,10.0.2.15,57923,54.194.99.187,443,TLSv12,TLS_ECDHE_RSA_WITH_AES_128_GCM_SHA256,,p.skimresources.com,True,True,CsiI,,,,0ffee3ba8e615ad22535e7f771690a28,303951d4c50efb2e991652225a6f02b1,,,2399.092734,10.0.2.15,57923,54.194.99.187,443,tcp,8.526104000000032,310.0,176.0,SF,True,False,0,ShADadFfRr,8,638,9,540,ssl,0
2399.083752,C7MCQM1lJ6nDzoav9i,10.0.2.15,57952,185.29.133.224,443,TLSv12,TLS_ECDHE_RSA_WITH_AES_128_GCM_SHA256,secp256r1,sync.mathtag.com,False,True,CsxknGIti,"['82e454f53aa3be8b62d47779e364161287a2de0a1ce9e3b37243ae64bd7d7906', '154c433c491929c5ef686e838e323664a00e6a0d822ccc958fb4dab03e49a08f']",[],1.0,0ffee3ba8e615ad22535e7f771690a28,389ed42c02ebecc32e73aa31def07e14,,,2397.269663,10.0.2.15,57952,185.29.133.224,443,tcp,43.05923900000016,1340.0,3660.0,SF,True,False,0,ShADadTFf,14,1911,16,4304,ssl,0
2400.272456,CSUUeS1yK3oMPBrxo2,10.0.2.15,57958,151.101.112.175,443,TLSv12,TLS_ECDHE_RSA_WITH_AES_128_GCM_SHA256,,cdn.krxd.net,True,True,CsiI,,,,1a5fe5677b0e4fbbc854e8908225637d,1d0e57c6ae42e9204defa51e5e1cdc4c,http/1.1,,2399.192772,10.0.2.15,57958,151.101.112.175,443,tcp,8.396005999999943,599.0,191.0,RSTO,True,False,0,ShADadFR,7,887,7,475,ssl,0
2396.459268,CtDw8MRZJVIdhBFI9,10.0.2.15,57933,151.101.112.124,443,TLSv12,TLS_ECDHE_RSA_WITH_AES_128_GCM_SHA256,secp256r1,fonts.voxmedia.com,False,True,CsxuknGIti,"['6d3af7e454dd1d20a2d77cac999feb04584a2c5c67d62bafa97b4f67194e4141', 'e0c2ebd1f6bad4feaae31a3107e69abee902db38b9dfbe33f0570bda3494c20a']",[],1.0,0ffee3ba8e615ad22535e7f771690a28,860fcf58fd757e26aa8911e5eaff6b53,h2,,2392.814998,10.0.2.15,57933,151.101.112.124,443,tcp,13.43154000000004,916.0,52546.0,RSTO,True,False,0,ShADadFR,43,2652,77,55630,ssl,0
2399.111032,CqNk653fvzRNhjLAak,10.0.2.15,57951,8.30.11.14,443,TLSv12,TLS_DHE_RSA_WITH_AES_256_CBC_SHA,,sync.1rx.io,False,True,CsxknGIi,"['a6d6212e891902d3452e6aa1363c98fd50370873cf2238e90bfd7e9c433318a9', 'e6683e88315cd1cb403c0cea490f7c4b4c82c91cd485037489aadbaa90839f61']",[],1.0,0ffee3ba8e615ad22535e7f771690a28,d90fa179c9daf35598ed8341272118f7,,,2397.187565,10.0.2.15,57951,8.30.11.14,443,tcp,12.267248999999993,940.0,3641.0,SF,True,False,0,ShADadfF,12,1428,12,4125,ssl,0
2397.741608,Ctfkdh26gKmFRCfHQl,10.0.2.15,57947,216.58.201.98,443,TLSv12,TLS_ECDHE_RSA_WITH_AES_128_GCM_SHA256,x25519,cm.g.doubleclick.net,False,True,CsxknGIti,"['a32ffddd76f9e7debbfc9a37b38d2ef86039b30a10d7c45ab8223d149cf99699', '9f630426df1d8abfd80ace98871ba833ab9742cb34838de2b5285ed54c0c7dcc', '3c35cc963eb004451323d3275d05b353235053490d9cd83729a2faf5e7ca1cc0']",[],1.0,0ffee3ba8e615ad22535e7f771690a28,ab41313cfec25328b20865eb1388e0a2,h2,,2396.47607,10.0.2.15,57947,216.58.201.98,443,tcp,43.85596399999986,984.0,4959.0,SF,True,False,0,ShADadFf,17,1672,20,5763,ssl,0
2396.461139,CDUNk92WQNJeEqWCca,10.0.2.15,57932,151.101.112.124,443,TLSv12,TLS_ECDHE_RSA_WITH_AES_128_GCM_SHA256,secp256r1,fonts.voxmedia.com,False,True,CsxuknGIti,"['6d3af7e454dd1d20a2d77cac999feb04584a2c5c67d62bafa97b4f67194e4141', 'e0c2ebd1f6bad4feaae31a3107e69abee902db38b9dfbe33f0570bda3494c20a']",[],1.0,0ffee3ba8e615ad22535e7f771690a28,860fcf58fd757e26aa8911e5eaff6b53,h2,,2392.807188,10.0.2.15,57932,151.101.112.124,443,tcp,10.872352999999748,916.0,45197.0,RSTO,True,False,0,ShADadFR,41,2572,73,48121,ssl,0
2399.963041,CbEOYl2Axsm9Ul6I1f,10.0.2.15,57957,176.34.177.133,443,TLSv12,TLS_ECDHE_RSA_WITH_AES_128_GCM_SHA256,secp256r1,match.adsrvr.org,False,True,CsxknGIi,"['eb6a61e357a3b2f8e2ab4cc809f2088543de4475bcacfe6122f6dbe82d9b7c38', '58ea0688b7909aaa8eaaa2fff36f3bbe8f4a2ad03bd70243b3903469db4890f7']",[],1.0,0ffee3ba8e615ad22535e7f771690a28,303951d4c50efb2e991652225a6f02b1,,,2399.082293,10.0.2.15,57957,176.34.177.133,443,tcp,40.407702999999856,5451.0,9331.0,RSTO,True,False,0,ShADadTFR,21,6301,26,10375,ssl,0
2396.720981,CVVw0X140Y6yz2VUke,10.0.2.15,57935,151.101.112.124,443,TLSv12,TLS_ECDHE_RSA_WITH_AES_128_GCM_SHA256,secp256r1,fonts.voxmedia.com,False,True,CsxuknGIti,"['6d3af7e454dd1d20a2d77cac999feb04584a2c5c67d62bafa97b4f67194e4141', 'e0c2ebd1f6bad4feaae31a3107e69abee902db38b9dfbe33f0570bda3494c20a']",[],1.0,0ffee3ba8e615ad22535e7f771690a28,860fcf58fd757e26aa8911e5eaff6b53,h2,,2393.066569,10.0.2.15,57935,151.101.112.124,443,tcp,9.501471999999922,530.0,5088.0,RSTO,True,False,0,ShADadFR,11,986,11,5532,ssl,0
2387.502405,Co49Bz26Hrpm1HDiX5,10.0.2.15,57909,104.122.84.96,443,TLSv12,TLS_ECDHE_RSA_WITH_AES_256_GCM_SHA384,secp256r1,aa.com,False,True,CsxknGIti,"['c6ec710cdbca4af044304617182ba229084db920b77795d1c6e6263be1284d14', '75c5b3f01fd1f51a2c447ab7c785d72e69fa9c472c08571e7eadf3b8eabae70c', '6b143c2005d5539cc22eab5f772db2a9fe87467feffa07fcf0a9f7d28274ca7a']",[],1.0,0ffee3ba8e615ad22535e7f771690a28,2b33c1374db4ddf06942f92373c0b54b,http/1.1,,2383.373971,10.0.2.15,57909,104.122.84.96,443,tcp,19.28469300000006,309.0,6508.0,RSTO,True,False,0,ShADadFR,10,725,10,6912,ssl,0
2386.301036,C5RSBt1VvpigUCIaOl,10.0.2.15,57906,151.101.113.108,443,TLSv12,TLS_ECDHE_RSA_WITH_AES_128_GCM_SHA256,secp256r1,acdn.adnxs.com,False,True,CsxuknGIti,"['a5760412fe8dc77ba83e5ba531d4ccb590842bab7d15560c5b9681bce87ae512', '4b7334e1d8999822bafa8ff6888125389b18a4e5ab26ffa624c7f68fdc81f0cb']",[],1.0,0ffee3ba8e615ad22535e7f771690a28,860fcf58fd757e26aa8911e5eaff6b53,http/1.1,,2386.298123,10.0.2.15,57906,151.101.113.108,443,tcp,16.386551999999938,317.0,4993.0,RSTO,True,False,0,^hADadFR,9,677,12,5477,ssl,0
2396.721807,CMh5Xe1Ilrf1sjyXJg,10.0.2.15,57934,151.101.112.124,443,TLSv12,TLS_ECDHE_RSA_WITH_AES_128_GCM_SHA256,secp256r1,fonts.voxmedia.com,False,True,CsxuknGIti,"['6d3af7e454dd1d20a2d77cac999feb04584a2c5c67d62bafa97b4f67194e4141', 'e0c2ebd1f6bad4feaae31a3107e69abee902db38b9dfbe33f0570bda3494c20a']",[],1.0,0ffee3ba8e615ad22535e7f771690a28,860fcf58fd757e26aa8911e5eaff6b53,h2,,2393.065903,10.0.2.15,57934,151.101.112.124,443,tcp,9.622781000000032,530.0,5088.0,RSTO,True,False,0,ShADadFR,11,986,11,5532,ssl,0
2401.794405,Ctpipe48DA1CtdChrc,10.0.2.15,57953,8.30.11.14,443,TLSv12,TLS_DHE_RSA_WITH_AES_256_CBC_SHA,,sync.1rx.io,False,True,CsxknGIi,"['a6d6212e891902d3452e6aa1363c98fd50370873cf2238e90bfd7e9c433318a9', 'e6683e88315cd1cb403c0cea490f7c4b4c82c91cd485037489aadbaa90839f61']",[],1.0,0ffee3ba8e615ad22535e7f771690a28,d90fa179c9daf35598ed8341272118f7,,,2397.446932,10.0.2.15,57953,8.30.11.14,443,tcp,5.782942000000276,402.0,3204.0,RSTO,True,False,0,ShADadFR,9,778,10,3608,ssl,0
2402.561758,Cb5Ced3uSluRxcnDWb,10.0.2.15,57955,176.34.177.133,443,TLSv12,TLS_ECDHE_RSA_WITH_AES_128_GCM_SHA256,secp256r1,match.adsrvr.org,False,True,CsxknGIi,"['eb6a61e357a3b2f8e2ab4cc809f2088543de4475bcacfe6122f6dbe82d9b7c38', '58ea0688b7909aaa8eaaa2fff36f3bbe8f4a2ad03bd70243b3903469db4890f7']",[],1.0,0ffee3ba8e615ad22535e7f771690a28,303951d4c50efb2e991652225a6f02b1,,,2398.587137,10.0.2.15,57955,176.34.177.133,443,tcp,10.632654000000002,350.0,3188.0,SF,True,False,0,ShADadFfRr,12,846,14,3752,ssl,0
2402.99842,Cg5RDD2tzJqSBIxsF5,10.0.2.15,57969,173.241.240.143,443,TLSv12,TLS_ECDHE_RSA_WITH_AES_128_GCM_SHA256,secp256r1,us-u.openx.net,False,True,CsxknGIi,"['ab7de06ea7a3de3225f335667d38750434931049f9e9cb0cb4a9caf5df22819c', '074541ecdf88ed992ed5ade3ecddef27a26ba1b44480a195c0a8dadae2521d8e']",[],1.0,0ffee3ba8e615ad22535e7f771690a28,699a80bdb17efe157c861f92c5bf5d1d,,,2402.791705,10.0.2.15,57969,173.241.240.143,443,tcp,31.872955999999704,848.0,3284.0,SF,True,False,0,ShADadTFf,12,1338,15,3888,ssl,0
2403.58174,CSyIQZ2AbLN0NJv4Tk,10.0.2.15,57971,173.241.240.143,443,TLSv12,TLS_ECDHE_RSA_WITH_AES_128_GCM_SHA256,secp256r1,us-u.openx.net,False,True,CsxknGIi,"['ab7de06ea7a3de3225f335667d38750434931049f9e9cb0cb4a9caf5df22819c', '074541ecdf88ed992ed5ade3ecddef27a26ba1b44480a195c0a8dadae2521d8e']",[],1.0,0ffee3ba8e615ad22535e7f771690a28,699a80bdb17efe157c861f92c5bf5d1d,,,2403.158393,10.0.2.15,57971,173.241.240.143,443,tcp,32.658785999999964,814.0,3284.0,SF,True,False,0,ShADadTfF,12,1304,15,3888,ssl,0
2403.792551,COOm1miBnlSTGyq2,10.0.2.15,57973,173.241.240.143,443,TLSv12,TLS_ECDHE_RSA_WITH_AES_128_GCM_SHA256,secp256r1,us-u.openx.net,False,True,CsxknGIi,"['ab7de06ea7a3de3225f335667d38750434931049f9e9cb0cb4a9caf5df22819c', '074541ecdf88ed992ed5ade3ecddef27a26ba1b44480a195c0a8dadae2521d8e']",[],1.0,0ffee3ba8e615ad22535e7f771690a28,699a80bdb17efe157c861f92c5bf5d1d,,,2403.41415,10.0.2.15,57973,173.241.240.143,443,tcp,6.889415999999983,348.0,3124.0,SF,True,False,0,ShADadFfRr,10,756,12,3608,ssl,0
2375.288982,CvZAok34hUOR8FU7oh,10.0.2.15,57876,52.30.58.217,443,TLSv12,TLS_ECDHE_RSA_WITH_AES_128_GCM_SHA256,secp256r1,r.skimresources.com,False,True,CsxknGIi,"['caa8c2f1a990107a717080115f60a4a96012ff04d07014ab0c049da6d3c7e3ff', 'f55f9ffcb83c73453261601c7e044db15a0f034b93c05830f28635ef889cf670', '87dcd4dc74640a322cd205552506d1be64f12596258096544986b4850bc72706', '28689b30e4c306aab53b027b29e36ad6dd1dcf4b953994482ca84bdc1ecac996']",[],1.0,0ffee3ba8e615ad22535e7f771690a28,303951d4c50efb2e991652225a6f02b1,,,2374.277222,10.0.2.15,57876,52.30.58.217,443,tcp,65.57156299999997,1790.0,6056.0,RSTO,True,False,0,ShADadTFR,16,2443,18,6780,ssl,0
2401.496555,CXYGz32Fq8LjQVI0Fe,10.0.2.15,57954,185.29.133.224,443,TLSv12,TLS_ECDHE_RSA_WITH_AES_128_GCM_SHA256,,sync.mathtag.com,True,False,Csi,,,,1a5fe5677b0e4fbbc854e8908225637d,fbe78c619e7ea20046131294ad087f05,,,2397.52996,10.0.2.15,57954,185.29.133.224,443,tcp,4.813842000000022,517.0,137.0,RSTO,True,False,0,ShADaFdR,6,773,4,301,ssl,0
2402.604875,CNtsQJdpOSsDW3Vge,10.0.2.15,57963,149.174.28.143,443,TLSv12,TLS_RSA_WITH_AES_128_CBC_SHA,,ox.pxl.ace.advertising.com,False,True,CsxnGIi,"['0026705123888b480ac204691f51c7389a495443f5416a6256fe704260d381d5', '3b0cc20384ad7f24eb438f2b80c63ebe003f7f215b8877e418ebb0484028db57', '6b143c2005d5539cc22eab5f772db2a9fe87467feffa07fcf0a9f7d28274ca7a']",[],1.0,0ffee3ba8e615ad22535e7f771690a28,5397c414a9ebeaff1bf18b70ca22eaa0,,,2401.574555,10.0.2.15,57963,149.174.28.143,443,tcp,38.07830599999989,2043.0,5014.0,SF,True,False,0,ShADadTFf,13,2573,14,5578,ssl,0
2396.761571,CATrgh1ewF7U0iiWU2,10.0.2.15,57936,151.101.112.124,443,TLSv12,TLS_ECDHE_RSA_WITH_AES_128_GCM_SHA256,secp256r1,fonts.voxmedia.com,False,True,CsxuknGIti,"['6d3af7e454dd1d20a2d77cac999feb04584a2c5c67d62bafa97b4f67194e4141', 'e0c2ebd1f6bad4feaae31a3107e69abee902db38b9dfbe33f0570bda3494c20a']",[],1.0,0ffee3ba8e615ad22535e7f771690a28,860fcf58fd757e26aa8911e5eaff6b53,h2,,2393.06882,10.0.2.15,57936,151.101.112.124,443,tcp,16.007164000000103,530.0,5088.0,RSTO,True,False,0,ShADadFR,11,986,11,5532,ssl,0
2406.5887,CLenel1PzT71H4n0Gf,10.0.2.15,57967,46.228.164.11,443,TLSv12,TLS_RSA_WITH_AES_128_CBC_SHA,,ad.turn.com,False,True,CsxnGIti,"['331de231c71d6e7597ac717a3ade18b10f51eea0ce4b3c9c75144a7b5ce9e2cf', '154c433c491929c5ef686e838e323664a00e6a0d822ccc958fb4dab03e49a08f']",[],1.0,0ffee3ba8e615ad22535e7f771690a28,7224c92f21d262b619e105efd1055cf7,,,2401.987476,10.0.2.15,57967,46.228.164.11,443,tcp,15.525758000000224,583.0,3151.0,SF,True,False,0,ShADadFfRr,11,1039,11,3595,ssl,0
2407.439365,CT8rkR9qssyFbrdpg,10.0.2.15,57975,54.213.76.99,443,TLSv12,TLS_ECDHE_RSA_WITH_AES_128_GCM_SHA256,secp256r1,incoming.telemetry.mozilla.org,False,True,CsxknGIi,"['63eb34876cbd2ebbc3b254961d96cdafb00f28719229f61e27b19a2510929012', '154c433c491929c5ef686e838e323664a00e6a0d822ccc958fb4dab03e49a08f']",[],1.0,0ffee3ba8e615ad22535e7f771690a28,303951d4c50efb2e991652225a6f02b1,,,2405.998013,10.0.2.15,57975,54.213.76.99,443,tcp,33.68978599999991,6432.0,3219.0,SF,True,False,0,ShADadTFfRr,19,7202,20,4023,ssl,0
2398.553271,CiAeTCyeECYPunkl8,10.0.2.15,57948,216.58.201.98,443,TLSv12,TLS_ECDHE_RSA_WITH_AES_128_GCM_SHA256,x25519,cm.g.doubleclick.net,False,True,CsxknGIti,"['a32ffddd76f9e7debbfc9a37b38d2ef86039b30a10d7c45ab8223d149cf99699', '9f630426df1d8abfd80ace98871ba833ab9742cb34838de2b5285ed54c0c7dcc', '3c35cc963eb004451323d3275d05b353235053490d9cd83729a2faf5e7ca1cc0']",[],1.0,0ffee3ba8e615ad22535e7f771690a28,ab41313cfec25328b20865eb1388e0a2,h2,,2396.801405,10.0.2.15,57948,216.58.201.98,443,tcp,21.747388999999657,991.0,4343.0,SF,True,False,0,ShADadFf,14,1559,16,4987,ssl,0
2408.346861,CG9A2qmEuqRONwAAa,10.0.2.15,57976,74.117.199.102,443,TLSv12,TLS_RSA_WITH_AES_128_CBC_SHA,,ad.afy11.net,False,True,CsxnGIi,"['df372679efacdb1f9a0c7dbf85a94ce4804efa99c8bf3531183265bf8e95b359', '973a41276ffd01e027a2aad49e34c37846d3e976ff6a620b6712e33832041aa6', '3a2fbe92891e57fe05d57087f48e730f17e5a5f53ef403d618e5b74d7a7e6ecb']",[],1.0,0ffee3ba8e615ad22535e7f771690a28,561f6f4eb311a85575d2d0a0a8232333,,,2406.539418,10.0.2.15,57976,74.117.199.102,443,tcp,10.207096999999976,941.0,4408.0,SF,True,False,0,ShADadfF,10,1349,12,4892,ssl,0
2408.383973,C6I8MA26qzfqvcuqvb,10.0.2.15,57979,172.227.14.131,443,TLSv12,TLS_ECDHE_RSA_WITH_AES_256_GCM_SHA384,secp256r1,pixel.mathtag.com,False,True,CsxknGIti,"['dad7322918175c978839e369a6708cf9f6b603a4af4f31cdef2956cf7785c40e', 'eae72eb454bf6c3977ebd289e970b2f5282949190093d0d26f98d0f0d6a9cf17', '8420dfbe376f414bf4c0a81e6936d24ccc03f304835b86c7a39142fca723a689']",[],1.0,0ffee3ba8e615ad22535e7f771690a28,2b33c1374db4ddf06942f92373c0b54b,http/1.1,,2406.807213,10.0.2.15,57979,172.227.14.131,443,tcp,15.484002000000146,351.0,4822.0,RSTO,True,False,0,ShADadFR,10,759,11,5266,ssl,0
2398.702484,CgZrOP1j6tL51JVj71,10.0.2.15,57949,172.217.23.228,443,TLSv12,TLS_ECDHE_RSA_WITH_AES_128_GCM_SHA256,x25519,www.google.com,False,True,CsxknGIti,"['956e194960c68ac27a798b9de5f275ac1b0d80576783cff18c752250b5f1f519', '9f630426df1d8abfd80ace98871ba833ab9742cb34838de2b5285ed54c0c7dcc', '3c35cc963eb004451323d3275d05b353235053490d9cd83729a2faf5e7ca1cc0']",[],1.0,0ffee3ba8e615ad22535e7f771690a28,ab41313cfec25328b20865eb1388e0a2,h2,,2396.84824,10.0.2.15,57949,172.217.23.228,443,tcp,19.78489000000036,1158.0,4139.0,SF,True,False,0,ShADadFf,16,1806,19,4903,ssl,0
2409.484264,CQ3z763EexXDbeWZ4f,10.0.2.15,57983,172.217.23.238,443,TLSv12,TLS_ECDHE_RSA_WITH_AES_128_GCM_SHA256,x25519,www.google-analytics.com,False,True,CsxknGIti,"['31ed45c3400fc5f9a84dfaa0a6f6171369876ed4e2da669ee7f8edbe3593bf6b', '9f630426df1d8abfd80ace98871ba833ab9742cb34838de2b5285ed54c0c7dcc', '3c35cc963eb004451323d3275d05b353235053490d9cd83729a2faf5e7ca1cc0']",[],1.0,0ffee3ba8e615ad22535e7f771690a28,ab41313cfec25328b20865eb1388e0a2,h2,,2408.293333,10.0.2.15,57983,172.217.23.238,443,tcp,32.09371800000008,1960.0,4612.0,SF,True,False,0,ShADadFf,23,2888,31,5856,ssl,0
2408.663154,CC97594ykLNZwcwbKl,10.0.2.15,57978,74.117.199.102,443,TLSv12,TLS_RSA_WITH_AES_128_CBC_SHA,,ad.afy11.net,False,True,CsxnGIi,"['df372679efacdb1f9a0c7dbf85a94ce4804efa99c8bf3531183265bf8e95b359', '973a41276ffd01e027a2aad49e34c37846d3e976ff6a620b6712e33832041aa6', '3a2fbe92891e57fe05d57087f48e730f17e5a5f53ef403d618e5b74d7a7e6ecb']",[],1.0,0ffee3ba8e615ad22535e7f771690a28,561f6f4eb311a85575d2d0a0a8232333,,,2406.806726,10.0.2.15,57978,74.117.199.102,443,tcp,12.23061800000005,584.0,3907.0,SF,True,False,0,ShADadFf,9,952,10,4311,ssl,0
2367.543009,CbGaXx2ympbUJMXUL4,10.0.2.15,57850,185.33.222.187,443,TLSv12,TLS_ECDHE_RSA_WITH_AES_256_GCM_SHA384,secp256r1,secure.adnxs.com,False,True,CsxuknGIti,"['5b081650e8034418a37504ce0820892be5a66474578207711eb688243fe1a8f2', '074541ecdf88ed992ed5ade3ecddef27a26ba1b44480a195c0a8dadae2521d8e']",[],1.0,0ffee3ba8e615ad22535e7f771690a28,d53e4608f956df65bb2b8a8c4d3b025d,,,2364.298259,10.0.2.15,57850,185.33.222.187,443,tcp,50.71654699999999,319.0,4867.0,RSTO,True,False,0,ShADadTFR,14,898,14,5431,ssl,0
2408.124935,Cq1dTR1yaJSSTjLHbd,10.0.2.15,57977,172.227.14.131,443,TLSv12,TLS_ECDHE_RSA_WITH_AES_256_GCM_SHA384,secp256r1,pixel.mathtag.com,False,True,CsxknGIti,"['dad7322918175c978839e369a6708cf9f6b603a4af4f31cdef2956cf7785c40e', 'eae72eb454bf6c3977ebd289e970b2f5282949190093d0d26f98d0f0d6a9cf17', '8420dfbe376f414bf4c0a81e6936d24ccc03f304835b86c7a39142fca723a689']",[],1.0,0ffee3ba8e615ad22535e7f771690a28,2b33c1374db4ddf06942f92373c0b54b,http/1.1,,2406.539989,10.0.2.15,57977,172.227.14.131,443,tcp,32.61185700000033,1286.0,5297.0,RSTO,True,False,0,ShADadTFR,14,1855,15,5901,ssl,0
2409.199366,C1npRgghvQoY4OJql,10.0.2.15,57982,52.11.31.31,443,TLSv12,TLS_ECDHE_RSA_WITH_AES_128_GCM_SHA256,secp256r1,incoming.telemetry.mozilla.org,False,True,CsxknGIi,"['63eb34876cbd2ebbc3b254961d96cdafb00f28719229f61e27b19a2510929012', '154c433c491929c5ef686e838e323664a00e6a0d822ccc958fb4dab03e49a08f']",[],1.0,0ffee3ba8e615ad22535e7f771690a28,303951d4c50efb2e991652225a6f02b1,,,2407.892464,10.0.2.15,57982,52.11.31.31,443,tcp,7.1583630000000085,333.0,3032.0,RSTO,True,False,0,ShADadFR,8,661,8,3356,ssl,0
2389.151817,CsnRTO2IWlHNuGMjh4,10.0.2.15,57912,172.227.89.134,443,,,,ads.rubiconproject.com,False,False,C,,,,0ffee3ba8e615ad22535e7f771690a28,,,,2385.16357,10.0.2.15,57912,172.227.89.134,443,tcp,25.937790999999837,199.0,0.0,SF,True,False,0,ShADaTfF,8,537,6,244,ssl,0
2411.418034,CNX6WR3cAz4ln0AAnc,10.0.2.15,58008,151.101.112.249,443,TLSv12,TLS_ECDHE_RSA_WITH_AES_128_GCM_SHA256,,static.chartbeat.com,True,True,CsiI,,,,1a5fe5677b0e4fbbc854e8908225637d,1d0e57c6ae42e9204defa51e5e1cdc4c,http/1.1,,2409.854591,10.0.2.15,58008,151.101.112.249,443,tcp,10.125203000000056,599.0,191.0,RSTO,True,False,0,ShADadFR,7,887,7,475,ssl,0
2387.164936,C6VzrK2C66lmgmGbd5,10.0.2.15,57908,104.122.84.96,443,TLSv12,TLS_ECDHE_RSA_WITH_AES_256_GCM_SHA384,secp256r1,aa.com,False,False,CsxknGI,"['c6ec710cdbca4af044304617182ba229084db920b77795d1c6e6263be1284d14', '75c5b3f01fd1f51a2c447ab7c785d72e69fa9c472c08571e7eadf3b8eabae70c', '6b143c2005d5539cc22eab5f772db2a9fe87467feffa07fcf0a9f7d28274ca7a']",[],1.0,0ffee3ba8e615ad22535e7f771690a28,2b33c1374db4ddf06942f92373c0b54b,http/1.1,,2383.102475,10.0.2.15,57908,104.122.84.96,443,tcp,28.08063399999992,724.0,6282.0,SF,True,False,0,ShADadTfF,12,1221,12,6766,ssl,0
2409.937055,CThWlj289ZfZzVlcDh,10.0.2.15,57985,95.101.245.177,443,TLSv12,TLS_ECDHE_RSA_WITH_AES_256_GCM_SHA384,secp256r1,ssum-sec.casalemedia.com,False,True,CsxknGIti,"['089b510ac565aa1b2f05236cba3421cb755641c1bd4eeb25a856954a4c1d7cfb', '074541ecdf88ed992ed5ade3ecddef27a26ba1b44480a195c0a8dadae2521d8e']",[],1.0,0ffee3ba8e615ad22535e7f771690a28,2b33c1374db4ddf06942f92373c0b54b,http/1.1,,2408.457453,10.0.2.15,57985,95.101.245.177,443,tcp,30.725843000000168,2911.0,5129.0,SF,True,False,0,ShADadTFfRr,15,3520,16,5773,ssl,0
2376.850032,CLAzBkZ261OVVBoq1,10.0.2.15,57883,54.192.94.69,443,TLSv12,TLS_ECDHE_RSA_WITH_AES_128_GCM_SHA256,secp256r1,hello.myfonts.net,False,True,CsxuknGIti,"['a9e59cd27eb38d0f61ce6e637134801eb19d1546c4ed6545da1e5d20c859d120', '973a41276ffd01e027a2aad49e34c37846d3e976ff6a620b6712e33832041aa6', '3a2fbe92891e57fe05d57087f48e730f17e5a5f53ef403d618e5b74d7a7e6ecb', 'c3846bf24b9e93ca64274c0ec67c1ecc5e024ffcacd2d74019350e81fe546ae4']",[],1.0,0ffee3ba8e615ad22535e7f771690a28,76cc3e2d3028143b23ec18e27dbd7ca9,http/1.1,,2374.76584,10.0.2.15,57883,54.192.94.69,443,tcp,42.35759300000018,320.0,7226.0,SF,True,False,0,ShADadFTfRr,13,851,15,7830,ssl,0
2410.633207,CkaWPC12UBARR02Wcd,10.0.2.15,58002,54.210.16.248,443,TLSv12,TLS_ECDHE_RSA_WITH_AES_128_GCM_SHA256,secp256r1,idsync.rlcdn.com,False,True,CsxknGIi,"['7c75ac9ac997d5af7e63eee4070015e373d07d15fa206505a14434fb86a90686', '973a41276ffd01e027a2aad49e34c37846d3e976ff6a620b6712e33832041aa6', '3a2fbe92891e57fe05d57087f48e730f17e5a5f53ef403d618e5b74d7a7e6ecb', 'c3846bf24b9e93ca64274c0ec67c1ecc5e024ffcacd2d74019350e81fe546ae4']",[],1.0,0ffee3ba8e615ad22535e7f771690a28,303951d4c50efb2e991652225a6f02b1,,,2409.154236,10.0.2.15,58002,54.210.16.248,443,tcp,30.24258400000008,1349.0,6393.0,RSTO,True,False,0,ShADadTFR,13,1878,14,6957,ssl,0
2408.578629,C1q6oV34Q7K2up5nWb,10.0.2.15,57981,54.247.81.29,443,TLSv12,TLS_ECDHE_RSA_WITH_AES_128_GCM_SHA256,secp256r1,beacon.krxd.net,False,False,CsxknGI,"['801848f55bb97f055d1e2f3f6c8094cf12d7b6285a7ed7c20bf39440c6cb5f8e', '973a41276ffd01e027a2aad49e34c37846d3e976ff6a620b6712e33832041aa6', '3a2fbe92891e57fe05d57087f48e730f17e5a5f53ef403d618e5b74d7a7e6ecb', 'c3846bf24b9e93ca64274c0ec67c1ecc5e024ffcacd2d74019350e81fe546ae4']",[],1.0,0ffee3ba8e615ad22535e7f771690a28,303951d4c50efb2e991652225a6f02b1,,,2407.201538,10.0.2.15,57981,54.247.81.29,443,tcp,6.874382000000423,318.0,5191.0,SF,True,False,0,ShADadfF,8,646,9,5555,ssl,0
2410.904735,CMYkP63NSNOaIQsd5d,10.0.2.15,58005,54.210.16.248,443,TLSv12,TLS_ECDHE_RSA_WITH_AES_128_GCM_SHA256,secp256r1,idsync.rlcdn.com,False,True,CsxknGIi,"['7c75ac9ac997d5af7e63eee4070015e373d07d15fa206505a14434fb86a90686', '973a41276ffd01e027a2aad49e34c37846d3e976ff6a620b6712e33832041aa6', '3a2fbe92891e57fe05d57087f48e730f17e5a5f53ef403d618e5b74d7a7e6ecb', 'c3846bf24b9e93ca64274c0ec67c1ecc5e024ffcacd2d74019350e81fe546ae4']",[],1.0,0ffee3ba8e615ad22535e7f771690a28,303951d4c50efb2e991652225a6f02b1,,,2409.410509,10.0.2.15,58005,54.210.16.248,443,tcp,9.832810000000336,319.0,5244.0,RSTO,True,False,0,ShADadFR,8,647,9,5608,ssl,0
2410.56877,CuXcJz1jxSpFQEOY9d,10.0.2.15,57996,54.214.47.183,443,TLSv12,TLS_ECDHE_RSA_WITH_AES_128_GCM_SHA256,secp256r1,ag.innovid.com,False,True,CsxknGIi,"['9d0da0ae792ff4d61a54ac8b250de8ed90ae3ad2bef1f9c297f4f353e16d454d', 'bc3f03a436240edba5f83714f6f677e34b37f9b1f0c08c1e558d981e279e8209']",[],1.0,0ffee3ba8e615ad22535e7f771690a28,303951d4c50efb2e991652225a6f02b1,,,2408.846857,10.0.2.15,57996,54.214.47.183,443,tcp,10.433403999999882,317.0,2773.0,RSTO,True,False,0,ShADadFR,7,605,7,3057,ssl,0
2412.811215,CLXi0ODJtrFKRG9Dj,10.0.2.15,58017,172.217.23.226,443,TLSv12,TLS_ECDHE_RSA_WITH_AES_128_GCM_SHA256,x25519,googleads.g.doubleclick.net,False,True,CsxknGIti,"['a32ffddd76f9e7debbfc9a37b38d2ef86039b30a10d7c45ab8223d149cf99699', '9f630426df1d8abfd80ace98871ba833ab9742cb34838de2b5285ed54c0c7dcc', '3c35cc963eb004451323d3275d05b353235053490d9cd83729a2faf5e7ca1cc0']",[],1.0,0ffee3ba8e615ad22535e7f771690a28,ab41313cfec25328b20865eb1388e0a2,h2,,2410.175659,10.0.2.15,58017,172.217.23.226,443,tcp,9.734241999999997,508.0,4047.0,RSTO,True,False,0,ShADadFR,11,956,12,4531,ssl,0
2410.569802,CUcKNv4gkDZTefzVFh,10.0.2.15,58000,172.217.23.238,443,TLSv12,TLS_ECDHE_RSA_WITH_AES_128_GCM_SHA256,x25519,www.google-analytics.com,False,True,CsxknGIti,"['31ed45c3400fc5f9a84dfaa0a6f6171369876ed4e2da669ee7f8edbe3593bf6b', '9f630426df1d8abfd80ace98871ba833ab9742cb34838de2b5285ed54c0c7dcc', '3c35cc963eb004451323d3275d05b353235053490d9cd83729a2faf5e7ca1cc0']",[],1.0,0ffee3ba8e615ad22535e7f771690a28,ab41313cfec25328b20865eb1388e0a2,h2,,2408.962541,10.0.2.15,58000,172.217.23.238,443,tcp,11.98199300000033,503.0,3933.0,RSTO,True,False,0,ShADadFR,10,911,11,4377,ssl,0
2410.281975,CqHt2G40p8UikH392h,10.0.2.15,57993,172.217.23.238,443,TLSv12,TLS_ECDHE_RSA_WITH_AES_128_GCM_SHA256,x25519,www.google-analytics.com,False,True,CsxknGIti,"['31ed45c3400fc5f9a84dfaa0a6f6171369876ed4e2da669ee7f8edbe3593bf6b', '9f630426df1d8abfd80ace98871ba833ab9742cb34838de2b5285ed54c0c7dcc', '3c35cc963eb004451323d3275d05b353235053490d9cd83729a2faf5e7ca1cc0']",[],1.0,0ffee3ba8e615ad22535e7f771690a28,ab41313cfec25328b20865eb1388e0a2,h2,,2408.709321,10.0.2.15,57993,172.217.23.238,443,tcp,12.672688999999991,503.0,3989.0,RSTO,True,False,0,ShADadFR,10,911,11,4433,ssl,0
2410.554189,Cpt6n63VcNynq5lINi,10.0.2.15,57991,169.47.30.64,443,TLSv12,TLS_RSA_WITH_AES_256_CBC_SHA,,stags.bluekai.com,False,True,CsxnGIi,"['f3e2a1e01c5e2e8f20022b198cde61baf841fcf748c4639eea3fd3db4785c81d', 'e0898ad662474b9f753c79bea878031c9a5d634a49edd6310b960ab023c02c0e']",[],1.0,0ffee3ba8e615ad22535e7f771690a28,f4fb99c318cd91a4dfff259227ba977b,http/1.1,,2408.705664,10.0.2.15,57991,169.47.30.64,443,tcp,30.70882799999981,1090.0,3716.0,SF,True,False,0,ShADadTFfRr,13,1619,16,4360,ssl,0
2410.570268,CUtyRU46NE36lyIe9,10.0.2.15,57999,169.47.30.64,443,TLSv12,TLS_RSA_WITH_AES_256_CBC_SHA,,stags.bluekai.com,False,True,CsxnGIi,"['f3e2a1e01c5e2e8f20022b198cde61baf841fcf748c4639eea3fd3db4785c81d', 'e0898ad662474b9f753c79bea878031c9a5d634a49edd6310b960ab023c02c0e']",[],1.0,0ffee3ba8e615ad22535e7f771690a28,f4fb99c318cd91a4dfff259227ba977b,http/1.1,,2408.962058,10.0.2.15,57999,169.47.30.64,443,tcp,16.5092810000001,589.0,3050.0,SF,True,False,0,ShADadFf,11,1037,11,3494,ssl,0
2416.672873,CQzauu45eFPmol7k63,10.0.2.15,58024,54.76.253.20,443,TLSv12,TLS_ECDHE_RSA_WITH_AES_128_GCM_SHA256,secp256r1,p.skimresources.com,False,True,CsxknGIi,"['1a611f2a3f3fdc248d84b3738af1c96f26d3141bbc74ed02f544728bf0a5d068', '154c433c491929c5ef686e838e323664a00e6a0d822ccc958fb4dab03e49a08f']",[],1.0,0ffee3ba8e615ad22535e7f771690a28,303951d4c50efb2e991652225a6f02b1,,,2416.579583,10.0.2.15,58024,54.76.253.20,443,tcp,9.929352999999992,353.0,3032.0,RSTO,True,False,0,^hADadFR,9,713,12,3516,ssl,0
2416.557532,Cb5XAq1z81USoe19A3,10.0.2.15,58044,54.228.243.159,443,TLSv12,TLS_ECDHE_RSA_WITH_AES_128_GCM_SHA256,secp256r1,s.thebrighttag.com,False,True,CsxknGIti,"['580ae33f386ad898ea077ea63de3b629646f7ca01c5e69f745d30ed28b9096e3', 'eae72eb454bf6c3977ebd289e970b2f5282949190093d0d26f98d0f0d6a9cf17', '8420dfbe376f414bf4c0a81e6936d24ccc03f304835b86c7a39142fca723a689']",[],1.0,0ffee3ba8e615ad22535e7f771690a28,ccc514751b175866924439bdbb5bba34,,,2411.817133,10.0.2.15,58044,54.228.243.159,443,tcp,27.451942000000145,1213.0,5209.0,SF,True,False,0,ShADadTFf,15,1830,15,5813,ssl,0
2410.904117,Ce4f6s3HnYiAHMS9p1,10.0.2.15,58006,54.247.81.29,443,TLSv12,TLS_ECDHE_RSA_WITH_AES_128_GCM_SHA256,secp256r1,beacon.krxd.net,False,False,CsxknGI,"['801848f55bb97f055d1e2f3f6c8094cf12d7b6285a7ed7c20bf39440c6cb5f8e', '973a41276ffd01e027a2aad49e34c37846d3e976ff6a620b6712e33832041aa6', '3a2fbe92891e57fe05d57087f48e730f17e5a5f53ef403d618e5b74d7a7e6ecb', 'c3846bf24b9e93ca64274c0ec67c1ecc5e024ffcacd2d74019350e81fe546ae4']",[],1.0,0ffee3ba8e615ad22535e7f771690a28,303951d4c50efb2e991652225a6f02b1,,,2409.490267,10.0.2.15,58006,54.247.81.29,443,tcp,7.836236999999983,730.0,5191.0,SF,True,False,0,ShADadfF,9,1098,10,5595,ssl,0
2418.385262,CJI9Uw2wDRtM7nNs25,10.0.2.15,58053,95.100.191.4,443,TLSv12,TLS_ECDHE_RSA_WITH_AES_256_GCM_SHA384,secp256r1,sb.scorecardresearch.com,False,True,CsxknGIti,"['a523ef18d09457b0fe5084a65e99053ed280f9473c38bc9ddade90f9ae25f115', '111006378afbe8e99bb02ba87390ca429fca2773f74d7f7eb5744f5ddf68014b', '4f32d5dc00f715250abcc486511e37f501a899deb3bf7ea8adbbd3aef1c412da']",[],1.0,0ffee3ba8e615ad22535e7f771690a28,2b33c1374db4ddf06942f92373c0b54b,http/1.1,,2414.084536,10.0.2.15,58053,95.100.191.4,443,tcp,25.17275900000004,773.0,5537.0,RSTO,True,False,0,ShADadTFR,13,1310,14,6101,ssl,0
2410.158181,CtA9v12zHc0AOlSMwc,10.0.2.15,57987,172.217.23.238,443,TLSv12,TLS_ECDHE_RSA_WITH_AES_128_GCM_SHA256,x25519,www.google-analytics.com,False,True,CsxknGIti,"['31ed45c3400fc5f9a84dfaa0a6f6171369876ed4e2da669ee7f8edbe3593bf6b', '9f630426df1d8abfd80ace98871ba833ab9742cb34838de2b5285ed54c0c7dcc', '3c35cc963eb004451323d3275d05b353235053490d9cd83729a2faf5e7ca1cc0']",[],1.0,0ffee3ba8e615ad22535e7f771690a28,ab41313cfec25328b20865eb1388e0a2,h2,,2408.556836,10.0.2.15,57987,172.217.23.238,443,tcp,32.35117199999968,1084.0,4436.0,SF,True,False,0,ShADadFf,16,1732,20,5240,ssl,0
2418.368683,C05UCl35u1xlONfZRb,10.0.2.15,58069,146.132.3.2,443,TLSv12,TLS_ECDHE_RSA_WITH_AES_128_GCM_SHA256,secp256r1,beacon.walmart.com,False,True,CsxknGIti,"['15409be2bcc44b1bfcdbecd88577352af1cfcc053e40dbfe9972ed2a167bd853', '74ef335e5e18788307fb9d89cb704bec112abd23487dbff41c4ded5070f241d9', 'ebd41040e4bb3ec742c9e381d31ef2a41a48b6685c96e7cef3c1df6cd4331c99']",[],1.0,0ffee3ba8e615ad22535e7f771690a28,2b57f9dbfe8cbbe32fb9886c41c7bb20,h2,,2416.858536,10.0.2.15,58069,146.132.3.2,443,tcp,23.640904999999748,1953.0,5321.0,RSTO,True,False,0,ShADadFR,16,2601,18,6045,ssl,0
2416.558397,CyhBmF2TaG0VfH42d7,10.0.2.15,58023,107.22.192.108,443,TLSv12,TLS_ECDHE_RSA_WITH_AES_128_GCM_SHA256,secp256r1,tap.rubiconproject.com,False,True,CsxknGIi,"['323de379ee34a94e415f63b56183d0d5d0e5a863f4ac89f97dc40ae81cc021c8', '154c433c491929c5ef686e838e323664a00e6a0d822ccc958fb4dab03e49a08f']",[],1.0,0ffee3ba8e615ad22535e7f771690a28,303951d4c50efb2e991652225a6f02b1,,,2416.517616,10.0.2.15,58023,107.22.192.108,443,tcp,11.690572999999858,356.0,3068.0,RSTO,True,False,0,^hADadFR,9,716,11,3512,ssl,0
2410.244984,CuN5Ho39clpO6KEBJ7,10.0.2.15,57989,172.217.23.238,443,TLSv12,TLS_ECDHE_RSA_WITH_AES_128_GCM_SHA256,x25519,www.google-analytics.com,False,True,CsxknGIti,"['31ed45c3400fc5f9a84dfaa0a6f6171369876ed4e2da669ee7f8edbe3593bf6b', '9f630426df1d8abfd80ace98871ba833ab9742cb34838de2b5285ed54c0c7dcc', '3c35cc963eb004451323d3275d05b353235053490d9cd83729a2faf5e7ca1cc0']",[],1.0,0ffee3ba8e615ad22535e7f771690a28,ab41313cfec25328b20865eb1388e0a2,h2,,2408.65179,10.0.2.15,57989,172.217.23.238,443,tcp,32.20652599999994,1057.0,4436.0,SF,True,False,0,ShADadFf,16,1705,19,5200,ssl,0
2418.501077,COYEDj8V8MsvYFBU7,10.0.2.15,58050,209.197.3.19,443,TLSv12,TLS_ECDHE_RSA_WITH_AES_128_GCM_SHA256,secp256r1,servedby.flashtalking.com,False,True,CsxuknGIti,"['7549769e2f25b91f9a298d65a84318336c920895fb2b18a462b53558a6f3edb7', '074541ecdf88ed992ed5ade3ecddef27a26ba1b44480a195c0a8dadae2521d8e', '3c35cc963eb004451323d3275d05b353235053490d9cd83729a2faf5e7ca1cc0']",[],1.0,0ffee3ba8e615ad22535e7f771690a28,a9f50de6377ae7c6dbaabc53f089ac30,,,2414.077759,10.0.2.15,58050,209.197.3.19,443,tcp,11.03226900000027,833.0,5468.0,SF,True,False,0,ShADadfF,11,1289,12,5952,ssl,0
2410.279632,CfA5ah1IxOtUJXyWha,10.0.2.15,57992,172.217.23.238,443,TLSv12,TLS_ECDHE_RSA_WITH_AES_128_GCM_SHA256,x25519,www.google-analytics.com,False,True,CsxknGIti,"['31ed45c3400fc5f9a84dfaa0a6f6171369876ed4e2da669ee7f8edbe3593bf6b', '9f630426df1d8abfd80ace98871ba833ab9742cb34838de2b5285ed54c0c7dcc', '3c35cc963eb004451323d3275d05b353235053490d9cd83729a2faf5e7ca1cc0']",[],1.0,0ffee3ba8e615ad22535e7f771690a28,ab41313cfec25328b20865eb1388e0a2,h2,,2408.707615,10.0.2.15,57992,172.217.23.238,443,tcp,14.25983700000006,503.0,4031.0,RSTR,True,False,0,ShADadFRr,11,951,12,4515,ssl,0
2410.555149,C2m3l41zjosDFtTvXe,10.0.2.15,57997,172.217.23.238,443,TLSv12,TLS_ECDHE_RSA_WITH_AES_128_GCM_SHA256,x25519,www.google-analytics.com,False,True,CsxknGIti,"['31ed45c3400fc5f9a84dfaa0a6f6171369876ed4e2da669ee7f8edbe3593bf6b', '9f630426df1d8abfd80ace98871ba833ab9742cb34838de2b5285ed54c0c7dcc', '3c35cc963eb004451323d3275d05b353235053490d9cd83729a2faf5e7ca1cc0']",[],1.0,0ffee3ba8e615ad22535e7f771690a28,ab41313cfec25328b20865eb1388e0a2,h2,,2408.916991,10.0.2.15,57997,172.217.23.238,443,tcp,14.068641999999729,503.0,3933.0,RSTO,True,False,0,ShADadFR,10,911,10,4337,ssl,0
2418.503848,CzEwXC1tr1osKErsR2,10.0.2.15,58054,95.100.191.4,443,TLSv12,TLS_ECDHE_RSA_WITH_AES_256_GCM_SHA384,secp256r1,sb.scorecardresearch.com,False,True,CsxknGIti,"['a523ef18d09457b0fe5084a65e99053ed280f9473c38bc9ddade90f9ae25f115', '111006378afbe8e99bb02ba87390ca429fca2773f74d7f7eb5744f5ddf68014b', '4f32d5dc00f715250abcc486511e37f501a899deb3bf7ea8adbbd3aef1c412da']",[],1.0,0ffee3ba8e615ad22535e7f771690a28,2b33c1374db4ddf06942f92373c0b54b,http/1.1,,2414.085135,10.0.2.15,58054,95.100.191.4,443,tcp,25.24047900000005,865.0,5476.0,RSTO,True,False,0,ShADadTFR,14,1442,14,6040,ssl,0
2410.316544,CWaBNf2bpvHQenrGQg,10.0.2.15,57995,172.217.23.238,443,TLSv12,TLS_ECDHE_RSA_WITH_AES_128_GCM_SHA256,x25519,www.google-analytics.com,False,True,CsxknGIti,"['31ed45c3400fc5f9a84dfaa0a6f6171369876ed4e2da669ee7f8edbe3593bf6b', '9f630426df1d8abfd80ace98871ba833ab9742cb34838de2b5285ed54c0c7dcc', '3c35cc963eb004451323d3275d05b353235053490d9cd83729a2faf5e7ca1cc0']",[],1.0,0ffee3ba8e615ad22535e7f771690a28,ab41313cfec25328b20865eb1388e0a2,h2,,2408.799752,10.0.2.15,57995,172.217.23.238,443,tcp,14.41914799999995,503.0,3989.0,RSTR,True,False,0,ShADadFRr,11,951,12,4473,ssl,0
2402.525105,Cxl4G64wsfJbTdmspg,10.0.2.15,57964,46.228.164.11,443,TLSv12,TLS_RSA_WITH_AES_128_CBC_SHA,,ad.turn.com,False,False,CsxnGI,"['331de231c71d6e7597ac717a3ade18b10f51eea0ce4b3c9c75144a7b5ce9e2cf', '154c433c491929c5ef686e838e323664a00e6a0d822ccc958fb4dab03e49a08f']",[],1.0,0ffee3ba8e615ad22535e7f771690a28,7224c92f21d262b619e105efd1055cf7,,,2401.575859,10.0.2.15,57964,46.228.164.11,443,tcp,16.666811999999936,530.0,2571.0,SF,True,False,0,ShADadTfF,9,899,9,2935,ssl,0
2418.501844,Cur9sZ3lxpsE8NgCp3,10.0.2.15,58051,54.72.169.137,443,TLSv12,TLS_ECDHE_RSA_WITH_AES_128_GCM_SHA256,secp256r1,aa.agkn.com,False,True,CsxknGIi,"['6276692c71c92a1d4e20d2a713b64c6aa863418031441e2a74bcda8e8dbb04f4', 'e6683e88315cd1cb403c0cea490f7c4b4c82c91cd485037489aadbaa90839f61', '3c35cc963eb004451323d3275d05b353235053490d9cd83729a2faf5e7ca1cc0']",[],1.0,0ffee3ba8e615ad22535e7f771690a28,76c691f46143bf86e2d1bb73c6187767,,,2414.083039,10.0.2.15,58051,54.72.169.137,443,tcp,10.522719000000052,859.0,4573.0,SF,True,False,0,ShADadfF,12,1355,13,5097,ssl,0
2408.544753,C32zDQHc8qjWc1Tg5,10.0.2.15,57980,54.247.81.29,443,TLSv12,TLS_ECDHE_RSA_WITH_AES_128_GCM_SHA256,secp256r1,beacon.krxd.net,False,False,CsxknGI,"['801848f55bb97f055d1e2f3f6c8094cf12d7b6285a7ed7c20bf39440c6cb5f8e', '973a41276ffd01e027a2aad49e34c37846d3e976ff6a620b6712e33832041aa6', '3a2fbe92891e57fe05d57087f48e730f17e5a5f53ef403d618e5b74d7a7e6ecb', 'c3846bf24b9e93ca64274c0ec67c1ecc5e024ffcacd2d74019350e81fe546ae4']",[],1.0,0ffee3ba8e615ad22535e7f771690a28,303951d4c50efb2e991652225a6f02b1,,,2406.940744,10.0.2.15,57980,54.247.81.29,443,tcp,12.196907999999894,318.0,5191.0,SF,True,False,0,ShADaTdfF,8,647,9,5555,ssl,0
2410.569412,CMCzUm15Jabo37TBX9,10.0.2.15,57998,52.17.59.20,443,TLSv12,TLS_ECDHE_RSA_WITH_AES_128_GCM_SHA256,secp256r1,dx.bigsea.weborama.com,False,False,CsxknGI,"['1b1580ce393b212ece6e9a6e069f38b743cb9453e47fc30b3a8dac0f42e52fad', '973a41276ffd01e027a2aad49e34c37846d3e976ff6a620b6712e33832041aa6', '3a2fbe92891e57fe05d57087f48e730f17e5a5f53ef403d618e5b74d7a7e6ecb', 'c3846bf24b9e93ca64274c0ec67c1ecc5e024ffcacd2d74019350e81fe546ae4']",[],1.0,0ffee3ba8e615ad22535e7f771690a28,303951d4c50efb2e991652225a6f02b1,,,2408.917407,10.0.2.15,57998,52.17.59.20,443,tcp,10.436576999999945,325.0,5235.0,SF,True,False,0,ShADadfF,8,653,10,5639,ssl,0
2418.503093,CuxAyPZCFMeetAi7f,10.0.2.15,58052,52.16.232.111,443,TLSv12,TLS_ECDHE_RSA_WITH_AES_128_GCM_SHA256,secp256r1,sync.tidaltv.com,False,True,CsxknGIi,"['b3a7a82e9e63dea9eecd7e5fe40cc24709aaf6fe932ca4a4032003078648af08', '973a41276ffd01e027a2aad49e34c37846d3e976ff6a620b6712e33832041aa6', '3a2fbe92891e57fe05d57087f48e730f17e5a5f53ef403d618e5b74d7a7e6ecb', 'c3846bf24b9e93ca64274c0ec67c1ecc5e024ffcacd2d74019350e81fe546ae4']",[],1.0,0ffee3ba8e615ad22535e7f771690a28,303951d4c50efb2e991652225a6f02b1,,,2414.083621,10.0.2.15,58052,52.16.232.111,443,tcp,40.748513,809.0,5989.0,SF,True,False,0,ShADadTFfRr,16,1467,17,6673,ssl,0
2423.508016,Cs67ku4Ff2JEeXHIz8,10.0.2.15,58090,151.101.112.239,443,TLSv12,TLS_ECDHE_RSA_WITH_AES_128_GCM_SHA256,secp256r1,pixel.condenastdigital.com,False,True,CsxuknGIti,"['1f6281d65491dc78b50d47bdad2d42cb79b91e451024c4d64dfdf42477c26aed', '74ef335e5e18788307fb9d89cb704bec112abd23487dbff41c4ded5070f241d9']",[],1.0,0ffee3ba8e615ad22535e7f771690a28,860fcf58fd757e26aa8911e5eaff6b53,http/1.1,,2420.909913,10.0.2.15,58090,151.101.112.239,443,tcp,19.93164299999989,1143.0,16222.0,SF,True,False,0,ShADadTFfRr,21,1992,33,17546,ssl,0
2418.60897,CT4Nha32unjT2UxvAc,10.0.2.15,58055,95.172.94.13,443,TLSv12,TLS_ECDHE_RSA_WITH_AES_128_GCM_SHA256,secp256r1,pixel.quantserve.com,False,True,CsxknGIti,"['7d39ee69bdac843654f44bb3164a243b3e8c527019b6225992e5d36771f19e8f', '19400be5b7a31fb733917700789d2f0a2471c0c9d506c0e504c06c16d7cb17c0']",[],1.0,0ffee3ba8e615ad22535e7f771690a28,ccc514751b175866924439bdbb5bba34,,,2414.168268,10.0.2.15,58055,95.172.94.13,443,tcp,12.442007000000103,909.0,3670.0,SF,True,False,0,ShADadfF,12,1405,12,4154,ssl,0
2413.234487,CCajxN3gQLP7AzCrN,10.0.2.15,58020,34.249.129.150,443,TLSv12,TLS_ECDHE_RSA_WITH_AES_128_GCM_SHA256,secp256r1,ml314.com,False,True,CsxknGIi,"['350428d86863ba92425e23f0c8836ec422cc4b56220a31ec2255d8f6e9f2c779', '02ab57e4e67a0cb48dd2ff34830e8ac40f4476fb08ca6be3f5cd846f646840f0', '4f32d5dc00f715250abcc486511e37f501a899deb3bf7ea8adbbd3aef1c412da', '687fa451382278fff0c8b11f8d43d576671c6eb2bceab413fb83d965d06d2ff2']",[],1.0,0ffee3ba8e615ad22535e7f771690a28,303951d4c50efb2e991652225a6f02b1,,,2410.260741,10.0.2.15,58020,34.249.129.150,443,tcp,20.76658399999997,714.0,7364.0,RSTR,True,False,0,ShADadFRr,16,1362,19,8128,ssl,0
2415.780873,CDO93944guhQCcEnsl,10.0.2.15,58027,35.164.98.49,443,TLSv12,TLS_ECDHE_RSA_WITH_AES_128_GCM_SHA256,secp256r1,r.nexac.com,False,True,CsxknGIi,"['bc4819dd106ce16807631b229f5929e7b98674e09684b1b849b244a459d761d3', 'eae72eb454bf6c3977ebd289e970b2f5282949190093d0d26f98d0f0d6a9cf17']",[],1.0,0ffee3ba8e615ad22535e7f771690a28,303951d4c50efb2e991652225a6f02b1,,,2410.967181,10.0.2.15,58027,35.164.98.49,443,tcp,29.371635999999853,832.0,3678.0,SF,True,False,0,ShADadTFfRr,15,1449,16,4322,ssl,0
2415.813365,CZODSMDUBmsRgLuwi,10.0.2.15,58028,35.164.98.49,443,TLSv12,TLS_ECDHE_RSA_WITH_AES_128_GCM_SHA256,secp256r1,r.nexac.com,False,True,CsxknGIi,"['bc4819dd106ce16807631b229f5929e7b98674e09684b1b849b244a459d761d3', 'eae72eb454bf6c3977ebd289e970b2f5282949190093d0d26f98d0f0d6a9cf17']",[],1.0,0ffee3ba8e615ad22535e7f771690a28,303951d4c50efb2e991652225a6f02b1,,,2410.969608,10.0.2.15,58028,35.164.98.49,443,tcp,28.911445000000185,832.0,3678.0,RSTO,True,False,0,ShADadTFR,14,1409,14,4242,ssl,0
2416.912517,CtSnOs1VxdTXWCWjM6,10.0.2.15,58026,35.164.98.49,443,TLSv12,TLS_ECDHE_RSA_WITH_AES_128_GCM_SHA256,secp256r1,r.nexac.com,False,True,CsxknGIi,"['bc4819dd106ce16807631b229f5929e7b98674e09684b1b849b244a459d761d3', 'eae72eb454bf6c3977ebd289e970b2f5282949190093d0d26f98d0f0d6a9cf17']",[],1.0,0ffee3ba8e615ad22535e7f771690a28,303951d4c50efb2e991652225a6f02b1,,,2416.898277,10.0.2.15,58026,35.164.98.49,443,tcp,11.19785200000024,345.0,3401.0,SF,True,False,0,^hADadFfRr,10,745,14,3965,ssl,0
2415.812032,C42M4J3G03raGtn7P6,10.0.2.15,58029,35.164.98.49,443,TLSv12,TLS_ECDHE_RSA_WITH_AES_128_GCM_SHA256,secp256r1,r.nexac.com,False,True,CsxknGIi,"['bc4819dd106ce16807631b229f5929e7b98674e09684b1b849b244a459d761d3', 'eae72eb454bf6c3977ebd289e970b2f5282949190093d0d26f98d0f0d6a9cf17']",[],1.0,0ffee3ba8e615ad22535e7f771690a28,303951d4c50efb2e991652225a6f02b1,,,2410.970168,10.0.2.15,58029,35.164.98.49,443,tcp,29.460485999999943,832.0,3678.0,SF,True,False,0,ShADadTFRfr,15,1449,16,4322,ssl,0
2418.811472,C1Dkbn4rBVoyLp06Z1,10.0.2.15,58056,209.197.3.19,443,TLSv12,TLS_ECDHE_RSA_WITH_AES_128_GCM_SHA256,secp256r1,servedby.flashtalking.com,False,True,CsxuknGIti,"['7549769e2f25b91f9a298d65a84318336c920895fb2b18a462b53558a6f3edb7', '074541ecdf88ed992ed5ade3ecddef27a26ba1b44480a195c0a8dadae2521d8e', '3c35cc963eb004451323d3275d05b353235053490d9cd83729a2faf5e7ca1cc0']",[],1.0,0ffee3ba8e615ad22535e7f771690a28,a9f50de6377ae7c6dbaabc53f089ac30,,,2414.331501,10.0.2.15,58056,209.197.3.19,443,tcp,11.357160000000022,328.0,5437.0,RSTO,True,False,0,ShADadFR,9,704,9,5801,ssl,0
2418.956534,Ciixpr9SrVYIHBja7,10.0.2.15,58058,52.16.232.111,443,TLSv12,TLS_ECDHE_RSA_WITH_AES_128_GCM_SHA256,secp256r1,sync.tidaltv.com,False,True,CsxknGIi,"['b3a7a82e9e63dea9eecd7e5fe40cc24709aaf6fe932ca4a4032003078648af08', '973a41276ffd01e027a2aad49e34c37846d3e976ff6a620b6712e33832041aa6', '3a2fbe92891e57fe05d57087f48e730f17e5a5f53ef403d618e5b74d7a7e6ecb', 'c3846bf24b9e93ca64274c0ec67c1ecc5e024ffcacd2d74019350e81fe546ae4']",[],1.0,0ffee3ba8e615ad22535e7f771690a28,303951d4c50efb2e991652225a6f02b1,,,2414.349762,10.0.2.15,58058,52.16.232.111,443,tcp,14.377680000000057,350.0,5280.0,RSTO,True,False,0,ShADadFR,11,806,11,5724,ssl,0
2415.617047,CyNIqg1ePYvbTr7S3e,10.0.2.15,58035,34.249.129.150,443,TLSv12,TLS_ECDHE_RSA_WITH_AES_128_GCM_SHA256,secp256r1,ml314.com,False,True,CsxknGIi,"['350428d86863ba92425e23f0c8836ec422cc4b56220a31ec2255d8f6e9f2c779', '02ab57e4e67a0cb48dd2ff34830e8ac40f4476fb08ca6be3f5cd846f646840f0', '4f32d5dc00f715250abcc486511e37f501a899deb3bf7ea8adbbd3aef1c412da', '687fa451382278fff0c8b11f8d43d576671c6eb2bceab413fb83d965d06d2ff2']",[],1.0,0ffee3ba8e615ad22535e7f771690a28,303951d4c50efb2e991652225a6f02b1,,,2410.984759,10.0.2.15,58035,34.249.129.150,443,tcp,20.440480000000207,343.0,5935.0,RSTO,True,False,0,ShADadFR,14,919,14,6499,ssl,0
2415.578546,Crdf591UyFgTumzFp7,10.0.2.15,58036,216.52.1.12,443,TLSv12,TLS_ECDHE_RSA_WITH_AES_128_GCM_SHA256,secp256r1,loadm.exelator.com,False,True,CsxknGIti,"['df7c62f472c1d3b0d062e9ed1c65f67a88aad738cc232a6b40b55a446e9092f9', '973a41276ffd01e027a2aad49e34c37846d3e976ff6a620b6712e33832041aa6', '3a2fbe92891e57fe05d57087f48e730f17e5a5f53ef403d618e5b74d7a7e6ecb', 'c3846bf24b9e93ca64274c0ec67c1ecc5e024ffcacd2d74019350e81fe546ae4']",[],1.0,0ffee3ba8e615ad22535e7f771690a28,ccc514751b175866924439bdbb5bba34,,,2410.985343,10.0.2.15,58036,216.52.1.12,443,tcp,20.495742999999948,352.0,5433.0,SF,True,False,0,ShADadFf,13,888,13,5957,ssl,0
2415.910646,CE4M8x3SfGZWHIjvUg,10.0.2.15,58030,35.164.98.49,443,TLSv12,TLS_ECDHE_RSA_WITH_AES_128_GCM_SHA256,secp256r1,r.nexac.com,False,True,CsxknGIi,"['bc4819dd106ce16807631b229f5929e7b98674e09684b1b849b244a459d761d3', 'eae72eb454bf6c3977ebd289e970b2f5282949190093d0d26f98d0f0d6a9cf17']",[],1.0,0ffee3ba8e615ad22535e7f771690a28,303951d4c50efb2e991652225a6f02b1,,,2410.970716,10.0.2.15,58030,35.164.98.49,443,tcp,17.564148000000387,345.0,3401.0,RSTO,True,False,0,ShADadFR,12,841,12,3885,ssl,0
2415.996555,CUwB2n2RQiTSICDRK2,10.0.2.15,58040,107.22.192.108,443,TLSv12,TLS_ECDHE_RSA_WITH_AES_128_GCM_SHA256,secp256r1,tap.rubiconproject.com,False,True,CsxknGIi,"['323de379ee34a94e415f63b56183d0d5d0e5a863f4ac89f97dc40ae81cc021c8', '154c433c491929c5ef686e838e323664a00e6a0d822ccc958fb4dab03e49a08f']",[],1.0,0ffee3ba8e615ad22535e7f771690a28,303951d4c50efb2e991652225a6f02b1,,,2411.022128,10.0.2.15,58040,107.22.192.108,443,tcp,21.08428499999991,4524.0,3602.0,SF,True,False,0,ShADadFRfr,16,5180,18,4326,ssl,0
2415.702844,C0Uu4736My5M8uWxe3,10.0.2.15,58034,204.236.239.173,443,TLSv12,TLS_ECDHE_RSA_WITH_AES_128_GCM_SHA256,secp256r1,usermatch.krxd.net,False,True,CsxknGIi,"['801848f55bb97f055d1e2f3f6c8094cf12d7b6285a7ed7c20bf39440c6cb5f8e', '973a41276ffd01e027a2aad49e34c37846d3e976ff6a620b6712e33832041aa6', '3a2fbe92891e57fe05d57087f48e730f17e5a5f53ef403d618e5b74d7a7e6ecb', 'c3846bf24b9e93ca64274c0ec67c1ecc5e024ffcacd2d74019350e81fe546ae4']",[],1.0,0ffee3ba8e615ad22535e7f771690a28,303951d4c50efb2e991652225a6f02b1,,,2410.977089,10.0.2.15,58034,204.236.239.173,443,tcp,14.944668000000092,321.0,5242.0,RSTO,True,False,0,ShADadFR,9,697,9,5606,ssl,0
2418.965249,CACOaa4gXRlCm2aX71,10.0.2.15,58059,95.100.191.4,443,TLSv12,TLS_ECDHE_RSA_WITH_AES_256_GCM_SHA384,secp256r1,sb.scorecardresearch.com,False,True,CsxknGIti,"['a523ef18d09457b0fe5084a65e99053ed280f9473c38bc9ddade90f9ae25f115', '111006378afbe8e99bb02ba87390ca429fca2773f74d7f7eb5744f5ddf68014b', '4f32d5dc00f715250abcc486511e37f501a899deb3bf7ea8adbbd3aef1c412da']",[],1.0,0ffee3ba8e615ad22535e7f771690a28,2b33c1374db4ddf06942f92373c0b54b,http/1.1,,2414.369549,10.0.2.15,58059,95.100.191.4,443,tcp,11.762515999999778,327.0,5168.0,RSTO,True,False,0,ShADadFR,9,703,9,5532,ssl,0
2413.215085,C4yN13GnKr1SNzyae,10.0.2.15,58021,216.52.1.12,443,TLSv12,TLS_ECDHE_RSA_WITH_AES_128_GCM_SHA256,secp256r1,loadm.exelator.com,False,True,CsxknGIti,"['df7c62f472c1d3b0d062e9ed1c65f67a88aad738cc232a6b40b55a446e9092f9', '973a41276ffd01e027a2aad49e34c37846d3e976ff6a620b6712e33832041aa6', '3a2fbe92891e57fe05d57087f48e730f17e5a5f53ef403d618e5b74d7a7e6ecb', 'c3846bf24b9e93ca64274c0ec67c1ecc5e024ffcacd2d74019350e81fe546ae4']",[],1.0,0ffee3ba8e615ad22535e7f771690a28,ccc514751b175866924439bdbb5bba34,,,2410.267071,10.0.2.15,58021,216.52.1.12,443,tcp,21.982456999999613,3588.0,5433.0,SF,True,False,0,ShADadFf,15,4196,17,6117,ssl,0
2419.029954,CjXFzL3rzMq2wPJkvl,10.0.2.15,58061,95.172.94.13,443,TLSv12,TLS_ECDHE_RSA_WITH_AES_128_GCM_SHA256,secp256r1,pixel.quantserve.com,False,True,CsxknGIti,"['7d39ee69bdac843654f44bb3164a243b3e8c527019b6225992e5d36771f19e8f', '19400be5b7a31fb733917700789d2f0a2471c0c9d506c0e504c06c16d7cb17c0']",[],1.0,0ffee3ba8e615ad22535e7f771690a28,ccc514751b175866924439bdbb5bba34,,,2414.492219,10.0.2.15,58061,95.172.94.13,443,tcp,11.803047999999762,323.0,3292.0,RSTO,True,False,0,ShADadFR,9,699,8,3616,ssl,0
2424.450022,CRN2CD3KhTGUSY7BB,10.0.2.15,58103,191.236.16.12,443,TLSv12,TLS_ECDHE_RSA_WITH_AES_256_CBC_SHA,secp256r1,kr.ixiaa.com,False,True,CsxknGIi,"['0b239b737d74dc7bc7259c78c17de4c0b5765c74c311d0915e4c442292e574fb', '19400be5b7a31fb733917700789d2f0a2471c0c9d506c0e504c06c16d7cb17c0']",[],1.0,0ffee3ba8e615ad22535e7f771690a28,20992b30dc416d990d2dc152223779ba,,,2423.931233,10.0.2.15,58103,191.236.16.12,443,tcp,8.417995000000246,339.0,3074.0,SF,True,False,0,ShADadFf,9,707,11,3518,ssl,0
2415.904758,CLmxzK1YYpiv2i5Ufe,10.0.2.15,58031,35.164.98.49,443,TLSv12,TLS_ECDHE_RSA_WITH_AES_128_GCM_SHA256,secp256r1,r.nexac.com,False,True,CsxknGIi,"['bc4819dd106ce16807631b229f5929e7b98674e09684b1b849b244a459d761d3', 'eae72eb454bf6c3977ebd289e970b2f5282949190093d0d26f98d0f0d6a9cf17']",[],1.0,0ffee3ba8e615ad22535e7f771690a28,303951d4c50efb2e991652225a6f02b1,,,2410.971569,10.0.2.15,58031,35.164.98.49,443,tcp,19.827466000000182,832.0,3647.0,RSTO,True,False,0,ShADadFR,13,1368,12,4131,ssl,0
2424.607587,CB0MtG2f8sGaIWYCdf,10.0.2.15,58091,151.101.112.239,443,TLSv12,TLS_ECDHE_RSA_WITH_AES_128_GCM_SHA256,secp256r1,pixel.condenastdigital.com,False,True,CsxuknGIti,"['1f6281d65491dc78b50d47bdad2d42cb79b91e451024c4d64dfdf42477c26aed', '74ef335e5e18788307fb9d89cb704bec112abd23487dbff41c4ded5070f241d9']",[],1.0,0ffee3ba8e615ad22535e7f771690a28,860fcf58fd757e26aa8911e5eaff6b53,http/1.1,,2421.176339,10.0.2.15,58091,151.101.112.239,443,tcp,12.394136999999771,360.0,5779.0,RSTO,True,False,0,ShADadFR,12,856,14,6343,ssl,0
2410.633974,CjHfkR2zZFnty6AUf4,10.0.2.15,58003,54.247.81.29,443,TLSv12,TLS_ECDHE_RSA_WITH_AES_128_GCM_SHA256,secp256r1,beacon.krxd.net,False,False,CsxknGI,"['801848f55bb97f055d1e2f3f6c8094cf12d7b6285a7ed7c20bf39440c6cb5f8e', '973a41276ffd01e027a2aad49e34c37846d3e976ff6a620b6712e33832041aa6', '3a2fbe92891e57fe05d57087f48e730f17e5a5f53ef403d618e5b74d7a7e6ecb', 'c3846bf24b9e93ca64274c0ec67c1ecc5e024ffcacd2d74019350e81fe546ae4']",[],1.0,0ffee3ba8e615ad22535e7f771690a28,303951d4c50efb2e991652225a6f02b1,,,2409.226793,10.0.2.15,58003,54.247.81.29,443,tcp,12.624694999999974,318.0,5191.0,SF,True,False,0,ShADadfF,10,726,10,5595,ssl,0
2410.279091,Cehaqo261GMqTxa70a,10.0.2.15,57990,52.17.59.20,443,TLSv12,TLS_ECDHE_RSA_WITH_AES_128_GCM_SHA256,secp256r1,dx.bigsea.weborama.com,False,False,CsxknGI,"['1b1580ce393b212ece6e9a6e069f38b743cb9453e47fc30b3a8dac0f42e52fad', '973a41276ffd01e027a2aad49e34c37846d3e976ff6a620b6712e33832041aa6', '3a2fbe92891e57fe05d57087f48e730f17e5a5f53ef403d618e5b74d7a7e6ecb', 'c3846bf24b9e93ca64274c0ec67c1ecc5e024ffcacd2d74019350e81fe546ae4']",[],1.0,0ffee3ba8e615ad22535e7f771690a28,303951d4c50efb2e991652225a6f02b1,,,2408.655136,10.0.2.15,57990,52.17.59.20,443,tcp,13.878141000000142,325.0,5235.0,SF,True,False,0,ShADadfF,10,733,10,5639,ssl,0
2388.935189,CIR2cNWI1swL4uIOd,10.0.2.15,57911,172.227.89.134,443,TLSv12,TLS_ECDHE_RSA_WITH_AES_256_GCM_SHA384,secp256r1,ads.rubiconproject.com,False,False,CsxknGI,"['9ba4a5e102d4f9c6913572ee857994305f65669d98e7e45ccee8b31f39508065', '154c433c491929c5ef686e838e323664a00e6a0d822ccc958fb4dab03e49a08f']",[],1.0,0ffee3ba8e615ad22535e7f771690a28,2b33c1374db4ddf06942f92373c0b54b,http/1.1,,2384.904294,10.0.2.15,57911,172.227.89.134,443,tcp,37.632374000000254,4273.0,2973.0,SF,True,False,0,ShADaTdfF,14,4851,13,3497,ssl,0
2416.534756,CwiNr25EujibrOyx8,10.0.2.15,58043,54.247.81.29,443,TLSv12,TLS_ECDHE_RSA_WITH_AES_128_GCM_SHA256,secp256r1,beacon.krxd.net,False,False,CsxknGI,"['801848f55bb97f055d1e2f3f6c8094cf12d7b6285a7ed7c20bf39440c6cb5f8e', '973a41276ffd01e027a2aad49e34c37846d3e976ff6a620b6712e33832041aa6', '3a2fbe92891e57fe05d57087f48e730f17e5a5f53ef403d618e5b74d7a7e6ecb', 'c3846bf24b9e93ca64274c0ec67c1ecc5e024ffcacd2d74019350e81fe546ae4']",[],1.0,0ffee3ba8e615ad22535e7f771690a28,303951d4c50efb2e991652225a6f02b1,,,2411.526748,10.0.2.15,58043,54.247.81.29,443,tcp,11.242911999999706,318.0,5191.0,SF,True,False,0,ShADadfF,11,774,12,5675,ssl,0
2409.789527,CsHZXD33HZoOY7EcUj,10.0.2.15,57984,172.217.23.238,443,TLSv12,TLS_ECDHE_RSA_WITH_AES_128_GCM_SHA256,x25519,www.google-analytics.com,False,False,CsxknGI,"['31ed45c3400fc5f9a84dfaa0a6f6171369876ed4e2da669ee7f8edbe3593bf6b', '9f630426df1d8abfd80ace98871ba833ab9742cb34838de2b5285ed54c0c7dcc', '3c35cc963eb004451323d3275d05b353235053490d9cd83729a2faf5e7ca1cc0']",[],1.0,0ffee3ba8e615ad22535e7f771690a28,ab41313cfec25328b20865eb1388e0a2,h2,,2408.42484,10.0.2.15,57984,172.217.23.238,443,tcp,14.369496999999685,958.0,3671.0,SF,True,False,0,ShADadfF,10,1366,10,4075,ssl,0
2409.956636,CJq1Kj27dQVNFb4nt5,10.0.2.15,57986,172.217.23.238,443,TLSv12,TLS_ECDHE_RSA_WITH_AES_128_GCM_SHA256,x25519,www.google-analytics.com,False,False,CsxknGI,"['31ed45c3400fc5f9a84dfaa0a6f6171369876ed4e2da669ee7f8edbe3593bf6b', '9f630426df1d8abfd80ace98871ba833ab9742cb34838de2b5285ed54c0c7dcc', '3c35cc963eb004451323d3275d05b353235053490d9cd83729a2faf5e7ca1cc0']",[],1.0,0ffee3ba8e615ad22535e7f771690a28,ab41313cfec25328b20865eb1388e0a2,h2,,2408.549575,10.0.2.15,57986,172.217.23.238,443,tcp,14.389204999999947,962.0,3671.0,SF,True,False,0,ShADadfF,10,1370,11,4115,ssl,0
2426.053658,ChTzmF2LYhOQYtN7Kl,10.0.2.15,58109,209.197.3.19,443,TLSv12,TLS_ECDHE_RSA_WITH_AES_128_GCM_SHA256,,servedby.flashtalking.com,True,True,CsiI,,,,1a5fe5677b0e4fbbc854e8908225637d,c6227321ea7621862dc7b7351771a62c,,,2425.134057,10.0.2.15,58109,209.197.3.19,443,tcp,7.075822999999673,1104.0,172.0,RSTO,True,False,0,ShADadFR,8,1432,8,496,ssl,0
2419.548347,C8Jtcw1BbyxeKpPljj,10.0.2.15,58062,72.21.206.140,443,TLSv12,TLS_ECDHE_RSA_WITH_AES_128_GCM_SHA256,secp256r1,s.amazon-adsystem.com,False,True,CsxuknGIi,"['7aa9c626df008ae871a1102a89e399d8a8937c96bfc3007e75c63e21494df449', 'eae72eb454bf6c3977ebd289e970b2f5282949190093d0d26f98d0f0d6a9cf17']",[],1.0,0ffee3ba8e615ad22535e7f771690a28,2b1f517a72b7346c86d59ef328167d49,,,2415.13586,10.0.2.15,58062,72.21.206.140,443,tcp,25.13881900000024,731.0,5429.0,SF,True,False,0,ShADadTFf,13,1268,14,5993,ssl,0
2412.791724,CoJGPyCVJo1hVuGn2,10.0.2.15,58014,35.164.98.49,443,TLSv12,TLS_ECDHE_RSA_WITH_AES_128_GCM_SHA256,secp256r1,r.nexac.com,False,True,CsxknGIi,"['bc4819dd106ce16807631b229f5929e7b98674e09684b1b849b244a459d761d3', 'eae72eb454bf6c3977ebd289e970b2f5282949190093d0d26f98d0f0d6a9cf17']",[],1.0,0ffee3ba8e615ad22535e7f771690a28,303951d4c50efb2e991652225a6f02b1,,,2410.133089,10.0.2.15,58014,35.164.98.49,443,tcp,21.61576800000012,832.0,3647.0,RSTO,True,False,0,ShADadFR,12,1320,12,4131,ssl,0
2410.284021,C0epebkr8Fj6wAS45,10.0.2.15,57994,95.101.245.177,443,TLSv12,TLS_ECDHE_RSA_WITH_AES_256_GCM_SHA384,secp256r1,ssum-sec.casalemedia.com,False,False,CsxknGI,"['089b510ac565aa1b2f05236cba3421cb755641c1bd4eeb25a856954a4c1d7cfb', '074541ecdf88ed992ed5ade3ecddef27a26ba1b44480a195c0a8dadae2521d8e']",[],1.0,0ffee3ba8e615ad22535e7f771690a28,2b33c1374db4ddf06942f92373c0b54b,http/1.1,,2408.713259,10.0.2.15,57994,95.101.245.177,443,tcp,14.801998999999796,327.0,3690.0,SF,True,False,0,ShADadFf,8,655,8,4014,ssl,0
2418.966675,CooOcf1So4tidFlHh8,10.0.2.15,58070,54.247.81.29,443,TLSv12,TLS_ECDHE_RSA_WITH_AES_128_GCM_SHA256,secp256r1,beacon.krxd.net,False,False,CsxknGI,"['801848f55bb97f055d1e2f3f6c8094cf12d7b6285a7ed7c20bf39440c6cb5f8e', '973a41276ffd01e027a2aad49e34c37846d3e976ff6a620b6712e33832041aa6', '3a2fbe92891e57fe05d57087f48e730f17e5a5f53ef403d618e5b74d7a7e6ecb', 'c3846bf24b9e93ca64274c0ec67c1ecc5e024ffcacd2d74019350e81fe546ae4']",[],1.0,0ffee3ba8e615ad22535e7f771690a28,303951d4c50efb2e991652225a6f02b1,,,2417.356468,10.0.2.15,58070,54.247.81.29,443,tcp,6.375399000000016,318.0,5191.0,SF,True,False,0,ShADadfF,8,646,9,5555,ssl,0
2419.180518,CiInEf2UdztpgAQoWf,10.0.2.15,58071,54.247.81.29,443,TLSv12,TLS_ECDHE_RSA_WITH_AES_128_GCM_SHA256,secp256r1,beacon.krxd.net,False,False,CsxknGI,"['801848f55bb97f055d1e2f3f6c8094cf12d7b6285a7ed7c20bf39440c6cb5f8e', '973a41276ffd01e027a2aad49e34c37846d3e976ff6a620b6712e33832041aa6', '3a2fbe92891e57fe05d57087f48e730f17e5a5f53ef403d618e5b74d7a7e6ecb', 'c3846bf24b9e93ca64274c0ec67c1ecc5e024ffcacd2d74019350e81fe546ae4']",[],1.0,0ffee3ba8e615ad22535e7f771690a28,303951d4c50efb2e991652225a6f02b1,,,2417.612295,10.0.2.15,58071,54.247.81.29,443,tcp,6.12085100000013,318.0,5191.0,SF,True,False,0,ShADadfF,8,646,9,5555,ssl,0
2420.552457,CAKfci3PVjWLN67qwe,10.0.2.15,58063,72.21.206.140,443,TLSv12,TLS_ECDHE_RSA_WITH_AES_128_GCM_SHA256,secp256r1,s.amazon-adsystem.com,False,True,CsxuknGIi,"['7aa9c626df008ae871a1102a89e399d8a8937c96bfc3007e75c63e21494df449', 'eae72eb454bf6c3977ebd289e970b2f5282949190093d0d26f98d0f0d6a9cf17']",[],1.0,0ffee3ba8e615ad22535e7f771690a28,2b1f517a72b7346c86d59ef328167d49,,,2420.477684,10.0.2.15,58063,72.21.206.140,443,tcp,8.996715000000222,324.0,5056.0,RSTO,True,False,0,^hADadFR,7,604,9,5420,ssl,0
2421.6509,C32Dg82HtiUmDSB9W7,10.0.2.15,58073,74.125.206.155,443,TLSv12,TLS_ECDHE_RSA_WITH_AES_128_GCM_SHA256,x25519,stats.g.doubleclick.net,False,True,CsxknGIti,"['8d80516b26a9002a020bc551f01c44620d0d726476e4babc515dc5c82f0555b5', '9f630426df1d8abfd80ace98871ba833ab9742cb34838de2b5285ed54c0c7dcc', '3c35cc963eb004451323d3275d05b353235053490d9cd83729a2faf5e7ca1cc0']",[],1.0,0ffee3ba8e615ad22535e7f771690a28,ab41313cfec25328b20865eb1388e0a2,h2,,2418.726109,10.0.2.15,58073,74.125.206.155,443,tcp,11.203949999999622,293.0,3949.0,RSTO,True,False,0,ShADadFR,8,621,8,4273,ssl,0
2421.653719,C7FTeb2ROm9Oc6VNBi,10.0.2.15,58072,74.125.206.155,443,TLSv12,TLS_ECDHE_RSA_WITH_AES_128_GCM_SHA256,x25519,stats.g.doubleclick.net,False,True,CsxknGIti,"['8d80516b26a9002a020bc551f01c44620d0d726476e4babc515dc5c82f0555b5', '9f630426df1d8abfd80ace98871ba833ab9742cb34838de2b5285ed54c0c7dcc', '3c35cc963eb004451323d3275d05b353235053490d9cd83729a2faf5e7ca1cc0']",[],1.0,0ffee3ba8e615ad22535e7f771690a28,ab41313cfec25328b20865eb1388e0a2,h2,,2418.725529,10.0.2.15,58072,74.125.206.155,443,tcp,11.401414000000386,293.0,3949.0,RSTO,True,False,0,ShADadFR,8,621,8,4273,ssl,0
2415.758568,CgsXky2Gh0BgFMpWwj,10.0.2.15,58039,54.247.81.29,443,TLSv12,TLS_ECDHE_RSA_WITH_AES_128_GCM_SHA256,secp256r1,beacon.krxd.net,False,False,CsxknGI,"['801848f55bb97f055d1e2f3f6c8094cf12d7b6285a7ed7c20bf39440c6cb5f8e', '973a41276ffd01e027a2aad49e34c37846d3e976ff6a620b6712e33832041aa6', '3a2fbe92891e57fe05d57087f48e730f17e5a5f53ef403d618e5b74d7a7e6ecb', 'c3846bf24b9e93ca64274c0ec67c1ecc5e024ffcacd2d74019350e81fe546ae4']",[],1.0,0ffee3ba8e615ad22535e7f771690a28,303951d4c50efb2e991652225a6f02b1,,,2411.001954,10.0.2.15,58039,54.247.81.29,443,tcp,14.474267000000054,318.0,5191.0,SF,True,False,0,ShADadfF,11,774,10,5595,ssl,0
2418.957993,Cd3sdr1U3OSxumYPFk,10.0.2.15,58060,95.100.191.4,443,TLSv12,TLS_ECDHE_RSA_WITH_AES_256_GCM_SHA384,secp256r1,sb.scorecardresearch.com,False,False,CsxknGI,"['a523ef18d09457b0fe5084a65e99053ed280f9473c38bc9ddade90f9ae25f115', '111006378afbe8e99bb02ba87390ca429fca2773f74d7f7eb5744f5ddf68014b', '4f32d5dc00f715250abcc486511e37f501a899deb3bf7ea8adbbd3aef1c412da']",[],1.0,0ffee3ba8e615ad22535e7f771690a28,2b33c1374db4ddf06942f92373c0b54b,http/1.1,,2414.370865,10.0.2.15,58060,95.100.191.4,443,tcp,11.350358000000142,327.0,4926.0,SF,True,False,0,ShADadFf,9,703,9,5290,ssl,0
2418.877404,CcOln21bIUtd5xcD45,10.0.2.15,58057,54.72.169.137,443,TLSv12,TLS_ECDHE_RSA_WITH_AES_128_GCM_SHA256,secp256r1,aa.agkn.com,False,False,CsxknGIi,"['6276692c71c92a1d4e20d2a713b64c6aa863418031441e2a74bcda8e8dbb04f4', 'e6683e88315cd1cb403c0cea490f7c4b4c82c91cd485037489aadbaa90839f61', '3c35cc963eb004451323d3275d05b353235053490d9cd83729a2faf5e7ca1cc0']",[],1.0,0ffee3ba8e615ad22535e7f771690a28,76c691f46143bf86e2d1bb73c6187767,,,2414.346823,10.0.2.15,58057,54.72.169.137,443,tcp,11.820373000000018,314.0,3976.0,RSTO,True,False,0,ShADadFR,9,690,8,4300,ssl,0
2422.025316,CYEYC12TNsxi3CZVyc,10.0.2.15,58075,74.125.206.155,443,TLSv12,TLS_ECDHE_RSA_WITH_AES_128_GCM_SHA256,x25519,stats.g.doubleclick.net,False,True,CsxknGIti,"['8d80516b26a9002a020bc551f01c44620d0d726476e4babc515dc5c82f0555b5', '9f630426df1d8abfd80ace98871ba833ab9742cb34838de2b5285ed54c0c7dcc', '3c35cc963eb004451323d3275d05b353235053490d9cd83729a2faf5e7ca1cc0']",[],1.0,0ffee3ba8e615ad22535e7f771690a28,ab41313cfec25328b20865eb1388e0a2,h2,,2419.071931,10.0.2.15,58075,74.125.206.155,443,tcp,12.952657000000272,502.0,3949.0,RSTO,True,False,0,ShADadFR,10,910,10,4353,ssl,0
2422.091095,CUpc0tI2igEPjtf8b,10.0.2.15,58074,54.247.81.29,443,,,,beacon.krxd.net,False,False,C,,,,0ffee3ba8e615ad22535e7f771690a28,,,,2419.069314,10.0.2.15,58074,54.247.81.29,443,tcp,8.127120999999988,192.0,0.0,SF,True,False,0,ShADafF,5,400,4,164,ssl,0
2422.678733,Cuctxz1eZ71MMgD7h8,10.0.2.15,58078,54.247.81.29,443,,,,beacon.krxd.net,False,False,C,,,,0ffee3ba8e615ad22535e7f771690a28,,,,2419.394545,10.0.2.15,58078,54.247.81.29,443,tcp,7.971133999999893,192.0,0.0,SF,True,False,0,ShADafF,5,400,4,164,ssl,0
2422.084091,CIeiVVL3MxhktaPAb,10.0.2.15,58076,74.125.206.155,443,TLSv12,TLS_ECDHE_RSA_WITH_AES_128_GCM_SHA256,x25519,stats.g.doubleclick.net,False,True,CsxknGIti,"['8d80516b26a9002a020bc551f01c44620d0d726476e4babc515dc5c82f0555b5', '9f630426df1d8abfd80ace98871ba833ab9742cb34838de2b5285ed54c0c7dcc', '3c35cc963eb004451323d3275d05b353235053490d9cd83729a2faf5e7ca1cc0']",[],1.0,0ffee3ba8e615ad22535e7f771690a28,ab41313cfec25328b20865eb1388e0a2,h2,,2419.072415,10.0.2.15,58076,74.125.206.155,443,tcp,25.57336799999985,571.0,4085.0,SF,True,False,0,ShADadFRfr,15,1179,17,4769,ssl,0
2429.554718,CDk2au48CXgmxvYzxf,10.0.2.15,58116,209.197.3.19,443,TLSv12,TLS_ECDHE_RSA_WITH_AES_128_GCM_SHA256,,servedby.flashtalking.com,True,True,CsiI,,,,1a5fe5677b0e4fbbc854e8908225637d,c6227321ea7621862dc7b7351771a62c,,,2426.479996,10.0.2.15,58116,209.197.3.19,443,tcp,9.91300799999999,599.0,141.0,SF,True,False,0,ShADadFf,7,887,7,425,ssl,0
2422.671694,Cq12fDoQPYSUg4xmf,10.0.2.15,58068,146.132.3.2,443,TLSv12,TLS_ECDHE_RSA_WITH_AES_128_GCM_SHA256,,beacon.walmart.com,False,False,Cs,,,,0ffee3ba8e615ad22535e7f771690a28,2b57f9dbfe8cbbe32fb9886c41c7bb20,h2,,2422.399627,10.0.2.15,58068,146.132.3.2,443,tcp,5.662536000000273,195.0,1420.0,RSTO,True,False,0,^hADaFdR,4,355,4,1584,ssl,0
2414.089961,Cdr34D3lOy8kCorEnf,10.0.2.15,58022,178.250.0.101,443,TLSv12,TLS_RSA_WITH_AES_128_CBC_SHA,,cas.fr.eu.criteo.com,False,False,CsxnGI,"['8a258857ae6b43509c5769d79be153d2c41426a6c9fbdc79a626f601ad13560d', 'eae72eb454bf6c3977ebd289e970b2f5282949190093d0d26f98d0f0d6a9cf17', '8420dfbe376f414bf4c0a81e6936d24ccc03f304835b86c7a39142fca723a689']",[],1.0,0ffee3ba8e615ad22535e7f771690a28,5dcc087b1a1d0a5b0658981a7e8b2c3c,,,2410.34614,10.0.2.15,58022,178.250.0.101,443,tcp,18.14818299999979,539.0,4338.0,SF,True,False,0,ShADadfF,9,915,9,4702,ssl,0
2415.450478,CPUvVh1QbmgINxNs5,10.0.2.15,58032,172.217.23.226,443,TLSv12,TLS_ECDHE_RSA_WITH_AES_128_GCM_SHA256,x25519,googleads.g.doubleclick.net,False,False,CsxknGI,"['a32ffddd76f9e7debbfc9a37b38d2ef86039b30a10d7c45ab8223d149cf99699', '9f630426df1d8abfd80ace98871ba833ab9742cb34838de2b5285ed54c0c7dcc', '3c35cc963eb004451323d3275d05b353235053490d9cd83729a2faf5e7ca1cc0']",[],1.0,0ffee3ba8e615ad22535e7f771690a28,ab41313cfec25328b20865eb1388e0a2,h2,,2410.972724,10.0.2.15,58032,172.217.23.226,443,tcp,17.527333,477.0,3687.0,SF,True,False,0,ShADadfF,10,893,9,4051,ssl,0
2415.658714,CNAbL22Iwq3dJaWJJk,10.0.2.15,58025,31.13.66.5,443,TLSv12,TLS_ECDHE_ECDSA_WITH_AES_128_GCM_SHA256,secp256r1,connect.facebook.net,False,True,CsxknGIti,"['152151b387412a95ab90fd4664f2d98880408e9e43913124e4c91226a483386b', '19400be5b7a31fb733917700789d2f0a2471c0c9d506c0e504c06c16d7cb17c0']",[],1.0,0ffee3ba8e615ad22535e7f771690a28,2d1eb5817ece335c24904f516ad5da12,h2,,2410.964189,10.0.2.15,58025,31.13.66.5,443,tcp,32.00072,859.0,6503.0,RSTO,True,False,0,ShADadFR,18,1595,19,7267,ssl,0
2410.277041,ClqMii4SGGqcBR3Bsi,10.0.2.15,57988,54.214.47.183,443,TLSv12,TLS_ECDHE_RSA_WITH_AES_128_GCM_SHA256,secp256r1,ag.innovid.com,False,True,CsxknGIi,"['9d0da0ae792ff4d61a54ac8b250de8ed90ae3ad2bef1f9c297f4f353e16d454d', 'bc3f03a436240edba5f83714f6f677e34b37f9b1f0c08c1e558d981e279e8209']",[],1.0,0ffee3ba8e615ad22535e7f771690a28,303951d4c50efb2e991652225a6f02b1,,,2408.581674,10.0.2.15,57988,54.214.47.183,443,tcp,25.656997000000047,689.0,2773.0,RSTO,True,False,0,ShADadTFR,9,1058,9,3137,ssl,0
2422.786474,CyhakN1TPj8tGWGmlb,10.0.2.15,58084,95.172.94.31,443,TLSv12,TLS_ECDHE_RSA_WITH_AES_128_GCM_SHA256,,secure.quantserve.com,False,False,Cs,,,,0ffee3ba8e615ad22535e7f771690a28,ccc514751b175866924439bdbb5bba34,,,2420.064909,10.0.2.15,58084,95.172.94.31,443,tcp,9.43879199999992,198.0,1460.0,RSTR,True,False,0,ShADaFdRr,6,446,6,1704,ssl,0
2426.008424,CLt65W3vKAx6Omcww6,10.0.2.15,58107,54.247.81.29,443,TLSv12,TLS_ECDHE_RSA_WITH_AES_128_GCM_SHA256,secp256r1,beacon.krxd.net,False,False,CsxknGI,"['801848f55bb97f055d1e2f3f6c8094cf12d7b6285a7ed7c20bf39440c6cb5f8e', '973a41276ffd01e027a2aad49e34c37846d3e976ff6a620b6712e33832041aa6', '3a2fbe92891e57fe05d57087f48e730f17e5a5f53ef403d618e5b74d7a7e6ecb', 'c3846bf24b9e93ca64274c0ec67c1ecc5e024ffcacd2d74019350e81fe546ae4']",[],1.0,0ffee3ba8e615ad22535e7f771690a28,303951d4c50efb2e991652225a6f02b1,,,2424.819571,10.0.2.15,58107,54.247.81.29,443,tcp,4.761743000000024,793.0,5191.0,SF,True,False,0,ShADadFf,9,1161,10,5595,ssl,0
2422.791653,CS8LHD1n3QAdWCWEUj,10.0.2.15,58082,188.125.66.34,443,TLSv12,TLS_ECDHE_RSA_WITH_AES_128_GCM_SHA256,,cms.analytics.yahoo.com,False,False,Cs,,,,0ffee3ba8e615ad22535e7f771690a28,b898351eb5e266aefd3723d466935494,http/1.1,,2420.037801,10.0.2.15,58082,188.125.66.34,443,tcp,9.61706200000026,200.0,1460.0,RSTR,True,False,0,ShADaFdRr,6,448,6,1704,ssl,0
2423.059553,CkX2Io4kH8Sc4qUExd,10.0.2.15,58088,54.192.93.137,443,TLSv12,TLS_ECDHE_RSA_WITH_AES_128_GCM_SHA256,,px.surveywall-api.survata.com,False,False,Cs,,,,0ffee3ba8e615ad22535e7f771690a28,76cc3e2d3028143b23ec18e27dbd7ca9,http/1.1,,2420.483881,10.0.2.15,58088,54.192.93.137,443,tcp,9.260195999999723,206.0,1460.0,RSTR,True,False,0,ShADaFdRr,6,454,6,1704,ssl,0
2431.838495,CT7GJrLaKVbTpN6R7,10.0.2.15,58127,172.217.23.226,443,TLSv12,TLS_ECDHE_ECDSA_WITH_AES_128_GCM_SHA256,x25519,pagead2.googlesyndication.com,False,True,CsxknGIti,"['7dab2c14c2154b93fe35063ca1c26a233a78ca71cbb2bca391546edc16638392', '9f630426df1d8abfd80ace98871ba833ab9742cb34838de2b5285ed54c0c7dcc', '3c35cc963eb004451323d3275d05b353235053490d9cd83729a2faf5e7ca1cc0']",[],1.0,0ffee3ba8e615ad22535e7f771690a28,84480cf8cf0e732666092640e581e1a5,h2,,2428.334433,10.0.2.15,58127,172.217.23.226,443,tcp,9.170133999999962,510.0,4380.0,RSTO,True,False,0,ShADadFR,13,1046,13,4904,ssl,0
2422.793448,CBVRMe27VUwjW9OG8e,10.0.2.15,58081,54.243.125.211,443,TLSv12,TLS_ECDHE_RSA_WITH_AES_128_GCM_SHA256,,pxl.jivox.com,False,False,Cs,,,,0ffee3ba8e615ad22535e7f771690a28,303951d4c50efb2e991652225a6f02b1,,,2420.036486,10.0.2.15,58081,54.243.125.211,443,tcp,10.032967999999984,190.0,1460.0,RSTR,True,False,0,ShADaFdRr,6,438,6,1704,ssl,0
2431.589013,C71iAzJU5mJmUpyBh,10.0.2.15,58126,172.217.23.226,443,TLSv12,TLS_ECDHE_ECDSA_WITH_AES_128_GCM_SHA256,x25519,pagead2.googlesyndication.com,False,True,CsxknGIti,"['7dab2c14c2154b93fe35063ca1c26a233a78ca71cbb2bca391546edc16638392', '9f630426df1d8abfd80ace98871ba833ab9742cb34838de2b5285ed54c0c7dcc', '3c35cc963eb004451323d3275d05b353235053490d9cd83729a2faf5e7ca1cc0']",[],1.0,0ffee3ba8e615ad22535e7f771690a28,84480cf8cf0e732666092640e581e1a5,h2,,2428.07257,10.0.2.15,58126,172.217.23.226,443,tcp,8.343982000000324,510.0,4381.0,RSTO,True,False,0,ShADadFR,12,1006,11,4825,ssl,0
2434.394828,Cx75uAQAkjXd99vCd,10.0.2.15,58130,54.175.198.52,443,TLSv12,TLS_ECDHE_RSA_WITH_AES_128_GCM_SHA256,secp256r1,4d.condenastdigital.com,False,True,CsxknGIi,"['387cdd4e90ba264d0ad925de1ea8fe943a827599b515520fd9ccb855f7610c9b', 'f55f9ffcb83c73453261601c7e044db15a0f034b93c05830f28635ef889cf670', '87dcd4dc74640a322cd205552506d1be64f12596258096544986b4850bc72706', '28689b30e4c306aab53b027b29e36ad6dd1dcf4b953994482ca84bdc1ecac996']",[],1.0,0ffee3ba8e615ad22535e7f771690a28,303951d4c50efb2e991652225a6f02b1,,,2431.839966,10.0.2.15,58130,54.175.198.52,443,tcp,9.37752300000011,707.0,5896.0,RSTO,True,False,0,ShADadFR,12,1195,15,6500,ssl,0
2434.396877,CI5E3Q2O02GeOOJze8,10.0.2.15,58131,54.175.198.52,443,TLSv12,TLS_ECDHE_RSA_WITH_AES_128_GCM_SHA256,secp256r1,4d.condenastdigital.com,False,True,CsxknGIi,"['387cdd4e90ba264d0ad925de1ea8fe943a827599b515520fd9ccb855f7610c9b', 'f55f9ffcb83c73453261601c7e044db15a0f034b93c05830f28635ef889cf670', '87dcd4dc74640a322cd205552506d1be64f12596258096544986b4850bc72706', '28689b30e4c306aab53b027b29e36ad6dd1dcf4b953994482ca84bdc1ecac996']",[],1.0,0ffee3ba8e615ad22535e7f771690a28,303951d4c50efb2e991652225a6f02b1,,,2431.840968,10.0.2.15,58131,54.175.198.52,443,tcp,7.661975999999868,707.0,5896.0,RSTO,True,False,0,ShADadFR,12,1195,15,6500,ssl,0
2426.010771,CAZGq72iYIbUY3nE88,10.0.2.15,58092,54.247.81.29,443,TLSv12,TLS_ECDHE_RSA_WITH_AES_128_GCM_SHA256,secp256r1,beacon.krxd.net,False,False,CsxknGI,"['801848f55bb97f055d1e2f3f6c8094cf12d7b6285a7ed7c20bf39440c6cb5f8e', '973a41276ffd01e027a2aad49e34c37846d3e976ff6a620b6712e33832041aa6', '3a2fbe92891e57fe05d57087f48e730f17e5a5f53ef403d618e5b74d7a7e6ecb', 'c3846bf24b9e93ca64274c0ec67c1ecc5e024ffcacd2d74019350e81fe546ae4']",[],1.0,0ffee3ba8e615ad22535e7f771690a28,303951d4c50efb2e991652225a6f02b1,,,2422.099169,10.0.2.15,58092,54.247.81.29,443,tcp,9.103880000000116,720.0,5191.0,SF,True,False,0,ShADadFf,10,1136,10,5595,ssl,0
2426.234739,CiySC018kvmDWSte99,10.0.2.15,58111,54.247.81.29,443,TLSv12,TLS_ECDHE_RSA_WITH_AES_128_GCM_SHA256,secp256r1,beacon.krxd.net,False,False,CsxknGI,"['801848f55bb97f055d1e2f3f6c8094cf12d7b6285a7ed7c20bf39440c6cb5f8e', '973a41276ffd01e027a2aad49e34c37846d3e976ff6a620b6712e33832041aa6', '3a2fbe92891e57fe05d57087f48e730f17e5a5f53ef403d618e5b74d7a7e6ecb', 'c3846bf24b9e93ca64274c0ec67c1ecc5e024ffcacd2d74019350e81fe546ae4']",[],1.0,0ffee3ba8e615ad22535e7f771690a28,303951d4c50efb2e991652225a6f02b1,,,2425.135698,10.0.2.15,58111,54.247.81.29,443,tcp,6.082282999999734,740.0,5191.0,SF,True,False,0,ShADadFf,9,1108,10,5595,ssl,0
2431.587904,CXIoJi4ge0AODbAPZg,10.0.2.15,58124,54.247.81.29,443,TLSv12,TLS_ECDHE_RSA_WITH_AES_128_GCM_SHA256,secp256r1,beacon.krxd.net,False,True,CsxknGIi,"['801848f55bb97f055d1e2f3f6c8094cf12d7b6285a7ed7c20bf39440c6cb5f8e', '973a41276ffd01e027a2aad49e34c37846d3e976ff6a620b6712e33832041aa6', '3a2fbe92891e57fe05d57087f48e730f17e5a5f53ef403d618e5b74d7a7e6ecb', 'c3846bf24b9e93ca64274c0ec67c1ecc5e024ffcacd2d74019350e81fe546ae4']",[],1.0,0ffee3ba8e615ad22535e7f771690a28,303951d4c50efb2e991652225a6f02b1,,,2427.901889,10.0.2.15,58124,54.247.81.29,443,tcp,9.951276999999664,349.0,5273.0,RSTO,True,False,0,ShADadFR,12,845,14,5837,ssl,0
2428.175007,Cug8Je29IDXRiDbWvj,10.0.2.15,58112,54.247.81.29,443,TLSv12,TLS_ECDHE_RSA_WITH_AES_128_GCM_SHA256,,beacon.krxd.net,False,False,Cs,,,,0ffee3ba8e615ad22535e7f771690a28,303951d4c50efb2e991652225a6f02b1,,,2426.092635,10.0.2.15,58112,54.247.81.29,443,tcp,5.485263999999915,192.0,1420.0,RSTO,True,False,0,ShADaFdR,5,400,4,1584,ssl,0
2413.290582,ClqldL13VLInwlsK2,10.0.2.15,58019,204.236.239.173,443,,,,usermatch.krxd.net,False,False,C,,,,0ffee3ba8e615ad22535e7f771690a28,,,,2410.259576,10.0.2.15,58019,204.236.239.173,443,tcp,22.3376360000002,195.0,0.0,SF,True,False,0,ShADaTFf,7,492,5,204,ssl,0
2423.058963,CB2qVW9ka1jUpMFhb,10.0.2.15,58087,95.172.94.31,443,TLSv12,TLS_ECDHE_RSA_WITH_AES_128_GCM_SHA256,secp256r1,secure.quantserve.com,False,True,CsxknGIti,"['7d39ee69bdac843654f44bb3164a243b3e8c527019b6225992e5d36771f19e8f', '19400be5b7a31fb733917700789d2f0a2471c0c9d506c0e504c06c16d7cb17c0']",[],1.0,0ffee3ba8e615ad22535e7f771690a28,ccc514751b175866924439bdbb5bba34,,,2420.326721,10.0.2.15,58087,95.172.94.31,443,tcp,17.59054500000002,324.0,3292.0,RSTO,True,False,0,ShADadFR,9,692,9,3656,ssl,0
2423.057887,C66gsYprnbZxhVL3g,10.0.2.15,58085,54.243.125.211,443,TLSv12,TLS_ECDHE_RSA_WITH_AES_128_GCM_SHA256,secp256r1,pxl.jivox.com,False,True,CsxknGIi,"['3a06a5ee0102dc658c26dac79bbc62b6ab86b6a3cd1bf664895a53032464836a', 'bc3f03a436240edba5f83714f6f677e34b37f9b1f0c08c1e558d981e279e8209', '3c35cc963eb004451323d3275d05b353235053490d9cd83729a2faf5e7ca1cc0']",[],1.0,0ffee3ba8e615ad22535e7f771690a28,303951d4c50efb2e991652225a6f02b1,,,2420.290137,10.0.2.15,58085,54.243.125.211,443,tcp,17.82225900000003,316.0,3702.0,SF,True,False,0,ShADadFRfr,11,764,14,4266,ssl,0
2423.230235,CMGbyV131XrAbrK1H6,10.0.2.15,58089,54.192.93.137,443,TLSv12,TLS_ECDHE_RSA_WITH_AES_128_GCM_SHA256,secp256r1,px.surveywall-api.survata.com,False,True,CsxuknGIti,"['f24aa69d85fb214f16ea6c7063989b9b3fe4831672d38313dd41c94bfab2a739', '02ab57e4e67a0cb48dd2ff34830e8ac40f4476fb08ca6be3f5cd846f646840f0', '4f32d5dc00f715250abcc486511e37f501a899deb3bf7ea8adbbd3aef1c412da']",[],1.0,0ffee3ba8e615ad22535e7f771690a28,76cc3e2d3028143b23ec18e27dbd7ca9,http/1.1,,2420.743101,10.0.2.15,58089,54.192.93.137,443,tcp,17.83339500000011,332.0,5554.0,SF,True,False,0,ShADadFfRr,12,820,14,6118,ssl,0
2436.21735,COE9rx16ZU9P2RIfxg,10.0.2.15,58133,54.175.198.52,443,TLSv12,TLS_ECDHE_RSA_WITH_AES_128_GCM_SHA256,secp256r1,4d.condenastdigital.com,False,True,CsxknGIi,"['387cdd4e90ba264d0ad925de1ea8fe943a827599b515520fd9ccb855f7610c9b', 'f55f9ffcb83c73453261601c7e044db15a0f034b93c05830f28635ef889cf670', '87dcd4dc74640a322cd205552506d1be64f12596258096544986b4850bc72706', '28689b30e4c306aab53b027b29e36ad6dd1dcf4b953994482ca84bdc1ecac996']",[],1.0,0ffee3ba8e615ad22535e7f771690a28,303951d4c50efb2e991652225a6f02b1,,,2432.097328,10.0.2.15,58133,54.175.198.52,443,tcp,6.533615000000282,326.0,5060.0,RSTO,True,False,0,ShADadR,8,662,8,5384,ssl,0
2436.208181,Ccx6TKcwOJRlla8r4,10.0.2.15,58132,54.175.198.52,443,TLSv12,TLS_ECDHE_RSA_WITH_AES_128_GCM_SHA256,secp256r1,4d.condenastdigital.com,False,True,CsxknGIi,"['387cdd4e90ba264d0ad925de1ea8fe943a827599b515520fd9ccb855f7610c9b', 'f55f9ffcb83c73453261601c7e044db15a0f034b93c05830f28635ef889cf670', '87dcd4dc74640a322cd205552506d1be64f12596258096544986b4850bc72706', '28689b30e4c306aab53b027b29e36ad6dd1dcf4b953994482ca84bdc1ecac996']",[],1.0,0ffee3ba8e615ad22535e7f771690a28,303951d4c50efb2e991652225a6f02b1,,,2432.095995,10.0.2.15,58132,54.175.198.52,443,tcp,6.594972999999754,326.0,5060.0,RSTO,True,False,0,ShADadFR,9,702,9,5424,ssl,0
2437.446739,CfygwM1RTqRvUPLlBd,10.0.2.15,58134,79.125.117.125,443,TLSv12,TLS_ECDHE_RSA_WITH_AES_128_GCM_SHA256,secp256r1,s.thebrighttag.com,False,True,CsxknGIti,"['580ae33f386ad898ea077ea63de3b629646f7ca01c5e69f745d30ed28b9096e3', 'eae72eb454bf6c3977ebd289e970b2f5282949190093d0d26f98d0f0d6a9cf17', '8420dfbe376f414bf4c0a81e6936d24ccc03f304835b86c7a39142fca723a689']",[],1.0,0ffee3ba8e615ad22535e7f771690a28,ccc514751b175866924439bdbb5bba34,,,2433.132366,10.0.2.15,58134,79.125.117.125,443,tcp,5.587521000000379,321.0,4516.0,RSTO,True,False,0,ShADadFR,9,697,10,4920,ssl,0
2438.329471,CsAyyX1t1t1Qpi2Rf9,10.0.2.15,58149,172.217.23.232,443,TLSv12,TLS_ECDHE_RSA_WITH_AES_128_GCM_SHA256,,www.googletagmanager.com,True,True,CsiI,,,,1a5fe5677b0e4fbbc854e8908225637d,67619a80665d7ab92d1041b1d11f9164,h2,,2437.537335,10.0.2.15,58149,172.217.23.232,443,tcp,2.986637999999857,808.0,254.0,RSTR,True,False,0,ShADadFRr,10,1216,11,698,ssl,0
2427.422064,CQDnkfsGL2ZkcHW49,10.0.2.15,58093,54.247.81.29,443,TLSv12,TLS_ECDHE_RSA_WITH_AES_128_GCM_SHA256,,beacon.krxd.net,False,False,Cs,,,,0ffee3ba8e615ad22535e7f771690a28,303951d4c50efb2e991652225a6f02b1,,,2422.79726,10.0.2.15,58093,54.247.81.29,443,tcp,8.117775000000165,192.0,1420.0,RSTO,True,False,0,ShADaFdR,6,448,4,1584,ssl,0
2428.049203,CRKuZ1rcMR4GavT9f,10.0.2.15,58094,172.227.89.134,443,TLSv12,TLS_ECDHE_RSA_WITH_AES_256_GCM_SHA384,,ads.rubiconproject.com,False,False,Cs,,,,0ffee3ba8e615ad22535e7f771690a28,2b33c1374db4ddf06942f92373c0b54b,http/1.1,,2423.060426,10.0.2.15,58094,172.227.89.134,443,tcp,8.453884000000016,199.0,1420.0,RSTO,True,False,0,ShADaFdR,6,455,4,1584,ssl,0
2430.103036,CdLvBq1RX1fnGtmaB6,10.0.2.15,58117,54.247.81.29,443,TLSv12,TLS_ECDHE_RSA_WITH_AES_128_GCM_SHA256,secp256r1,beacon.krxd.net,False,False,CsxknGI,"['801848f55bb97f055d1e2f3f6c8094cf12d7b6285a7ed7c20bf39440c6cb5f8e', '973a41276ffd01e027a2aad49e34c37846d3e976ff6a620b6712e33832041aa6', '3a2fbe92891e57fe05d57087f48e730f17e5a5f53ef403d618e5b74d7a7e6ecb', 'c3846bf24b9e93ca64274c0ec67c1ecc5e024ffcacd2d74019350e81fe546ae4']",[],1.0,0ffee3ba8e615ad22535e7f771690a28,303951d4c50efb2e991652225a6f02b1,,,2426.891881,10.0.2.15,58117,54.247.81.29,443,tcp,8.425507999999809,318.0,5191.0,SF,True,False,0,ShADadfF,11,774,12,5675,ssl,0
2428.61297,CK9Pzm1MFCiJEUf7oe,10.0.2.15,58097,172.227.89.134,443,TLSv12,TLS_ECDHE_RSA_WITH_AES_256_GCM_SHA384,secp256r1,ads.rubiconproject.com,False,False,CsxknGI,"['9ba4a5e102d4f9c6913572ee857994305f65669d98e7e45ccee8b31f39508065', '154c433c491929c5ef686e838e323664a00e6a0d822ccc958fb4dab03e49a08f']",[],1.0,0ffee3ba8e615ad22535e7f771690a28,2b33c1374db4ddf06942f92373c0b54b,http/1.1,,2428.594142,10.0.2.15,58097,172.227.89.134,443,tcp,7.328214000000116,325.0,2973.0,SF,True,False,0,^hADadFf,7,605,8,3297,ssl,0
2412.293812,Cctp1J2fN4dFTgweof,10.0.2.15,58013,35.164.98.49,443,TLSv12,TLS_ECDHE_RSA_WITH_AES_128_GCM_SHA256,,r.nexac.com,False,False,Cs,,,,0ffee3ba8e615ad22535e7f771690a28,303951d4c50efb2e991652225a6f02b1,,,2410.119637,10.0.2.15,58013,35.164.98.49,443,tcp,25.188376000000066,188.0,1420.0,RSTO,True,False,0,ShADaTFdR,6,437,5,1624,ssl,0
2413.168043,Cl7Vk24vWcCycZEIFf,10.0.2.15,58015,35.164.98.49,443,TLSv12,TLS_ECDHE_RSA_WITH_AES_128_GCM_SHA256,,r.nexac.com,False,False,Cs,,,,0ffee3ba8e615ad22535e7f771690a28,303951d4c50efb2e991652225a6f02b1,,,2410.137052,10.0.2.15,58015,35.164.98.49,443,tcp,24.690434000000096,188.0,1420.0,RSTO,True,False,0,ShADaTFdR,7,485,5,1624,ssl,0
2413.256085,C4JQHW1RoNGVZoXF2f,10.0.2.15,58016,35.164.98.49,443,TLSv12,TLS_ECDHE_RSA_WITH_AES_128_GCM_SHA256,,r.nexac.com,False,False,Cs,,,,0ffee3ba8e615ad22535e7f771690a28,303951d4c50efb2e991652225a6f02b1,,,2410.13913,10.0.2.15,58016,35.164.98.49,443,tcp,25.157141000000134,188.0,1420.0,RSTO,True,False,0,ShADaTFdR,7,485,5,1624,ssl,0
2431.590074,CpzMy83ZKDYflRXD3e,10.0.2.15,58125,54.247.81.29,443,TLSv12,TLS_ECDHE_RSA_WITH_AES_128_GCM_SHA256,secp256r1,beacon.krxd.net,False,False,CsxknGI,"['801848f55bb97f055d1e2f3f6c8094cf12d7b6285a7ed7c20bf39440c6cb5f8e', '973a41276ffd01e027a2aad49e34c37846d3e976ff6a620b6712e33832041aa6', '3a2fbe92891e57fe05d57087f48e730f17e5a5f53ef403d618e5b74d7a7e6ecb', 'c3846bf24b9e93ca64274c0ec67c1ecc5e024ffcacd2d74019350e81fe546ae4']",[],1.0,0ffee3ba8e615ad22535e7f771690a28,303951d4c50efb2e991652225a6f02b1,,,2427.902588,10.0.2.15,58125,54.247.81.29,443,tcp,8.443467999999939,318.0,5191.0,SF,True,False,0,ShADadfF,10,734,12,5675,ssl,0
2430.691232,CWUpI93CP526d2v4L9,10.0.2.15,58122,54.247.81.29,443,TLSv12,TLS_ECDHE_RSA_WITH_AES_128_GCM_SHA256,secp256r1,beacon.krxd.net,False,False,CsxknGI,"['801848f55bb97f055d1e2f3f6c8094cf12d7b6285a7ed7c20bf39440c6cb5f8e', '973a41276ffd01e027a2aad49e34c37846d3e976ff6a620b6712e33832041aa6', '3a2fbe92891e57fe05d57087f48e730f17e5a5f53ef403d618e5b74d7a7e6ecb', 'c3846bf24b9e93ca64274c0ec67c1ecc5e024ffcacd2d74019350e81fe546ae4']",[],1.0,0ffee3ba8e615ad22535e7f771690a28,303951d4c50efb2e991652225a6f02b1,,,2427.397092,10.0.2.15,58122,54.247.81.29,443,tcp,9.007608999999777,318.0,5191.0,SF,True,False,0,ShADadfF,10,734,11,5635,ssl,0
2440.865984,CawIQk2qTWbda3RBw2,10.0.2.15,58156,151.101.112.175,443,TLSv12,TLS_ECDHE_RSA_WITH_AES_128_GCM_SHA256,,cdn.krxd.net,True,True,CsiI,,,,1a5fe5677b0e4fbbc854e8908225637d,1d0e57c6ae42e9204defa51e5e1cdc4c,http/1.1,,2439.356105,10.0.2.15,58156,151.101.112.175,443,tcp,8.660964000000149,599.0,191.0,SF,True,False,0,ShADadFRfr,8,927,9,555,ssl,0
2440.901909,CiYNG7logFxCjTZEd,10.0.2.15,58157,151.101.112.175,443,TLSv12,TLS_ECDHE_RSA_WITH_AES_128_GCM_SHA256,,cdn.krxd.net,True,True,CsiI,,,,1a5fe5677b0e4fbbc854e8908225637d,1d0e57c6ae42e9204defa51e5e1cdc4c,http/1.1,,2439.532764,10.0.2.15,58157,151.101.112.175,443,tcp,8.419652999999926,599.0,191.0,SF,True,False,0,ShADadFRfr,8,927,9,555,ssl,0
2441.138166,CahpsR2Xqm5MhlIoT6,10.0.2.15,58164,95.100.191.4,443,TLSv12,TLS_ECDHE_RSA_WITH_AES_256_GCM_SHA384,,sb.scorecardresearch.com,True,True,CsiI,,,,1a5fe5677b0e4fbbc854e8908225637d,410b9bedaf65dd26c6fe547154d60db4,http/1.1,,2439.972977,10.0.2.15,58164,95.100.191.4,443,tcp,176.6890370000001,2578.0,1075.0,RSTO,True,False,0,ShADadTTFR,28,3721,28,2199,ssl,0
2441.460626,C0WgWR17oLtNN33Y38,10.0.2.15,58171,95.100.191.4,443,TLSv12,TLS_ECDHE_RSA_WITH_AES_256_GCM_SHA384,,sb.scorecardresearch.com,True,True,CsiI,,,,1a5fe5677b0e4fbbc854e8908225637d,410b9bedaf65dd26c6fe547154d60db4,http/1.1,,2440.235146,10.0.2.15,58171,95.100.191.4,443,tcp,9.759520000000066,599.0,183.0,SF,True,False,0,ShADadFRfr,8,927,9,547,ssl,0
2440.428365,C0M4kc1RoQJaOyYkui,10.0.2.15,58151,95.172.94.31,443,TLSv12,TLS_ECDHE_RSA_WITH_AES_128_GCM_SHA256,secp256r1,secure.quantserve.com,False,True,CsxknGIti,"['7d39ee69bdac843654f44bb3164a243b3e8c527019b6225992e5d36771f19e8f', '19400be5b7a31fb733917700789d2f0a2471c0c9d506c0e504c06c16d7cb17c0']",[],1.0,0ffee3ba8e615ad22535e7f771690a28,ccc514751b175866924439bdbb5bba34,,,2438.668097,10.0.2.15,58151,95.172.94.31,443,tcp,10.716338999999609,957.0,9097.0,SF,True,False,0,ShADadfF,13,1485,16,9741,ssl,0
2440.443758,CR2WWz3i9K8u765eY6,10.0.2.15,58152,95.172.94.31,443,TLSv12,TLS_ECDHE_RSA_WITH_AES_128_GCM_SHA256,secp256r1,secure.quantserve.com,False,True,CsxknGIti,"['7d39ee69bdac843654f44bb3164a243b3e8c527019b6225992e5d36771f19e8f', '19400be5b7a31fb733917700789d2f0a2471c0c9d506c0e504c06c16d7cb17c0']",[],1.0,0ffee3ba8e615ad22535e7f771690a28,ccc514751b175866924439bdbb5bba34,,,2438.66927,10.0.2.15,58152,95.172.94.31,443,tcp,11.934179000000311,355.0,3323.0,SF,True,False,0,ShADadFRfr,11,803,14,3887,ssl,0
2441.748876,CMEyFSln8ysUzRrV5,10.0.2.15,58172,151.101.112.124,443,TLSv12,TLS_ECDHE_RSA_WITH_AES_128_GCM_SHA256,,cdn0.vox-cdn.com,True,True,CsiI,,,,1a5fe5677b0e4fbbc854e8908225637d,1d0e57c6ae42e9204defa51e5e1cdc4c,h2,,2440.57719,10.0.2.15,58172,151.101.112.124,443,tcp,208.24337400000013,4792.0,187274.0,RSTO,True,False,0,ShADadFR,159,11160,275,198278,ssl,0
2442.10892,CjNK6D1BZeT3dIiEVj,10.0.2.15,58173,172.217.23.238,443,TLSv12,TLS_ECDHE_RSA_WITH_AES_128_GCM_SHA256,,www.google-analytics.com,True,True,CsiI,,,,1a5fe5677b0e4fbbc854e8908225637d,67619a80665d7ab92d1041b1d11f9164,h2,,2440.778889,10.0.2.15,58173,172.217.23.238,443,tcp,208.0210429999997,10140.0,3610.0,SF,True,False,0,ShADadFf,57,12428,70,6414,ssl,0
2443.766703,C3T1DIjKlRxDBP0Xa,10.0.2.15,58192,54.175.198.52,443,TLSv12,TLS_ECDHE_RSA_WITH_AES_128_GCM_SHA256,,4d.condenastdigital.com,True,True,CsiI,,,,0ffee3ba8e615ad22535e7f771690a28,303951d4c50efb2e991652225a6f02b1,,,2442.122043,10.0.2.15,58192,54.175.198.52,443,tcp,72.90818800000034,1197.0,1624.0,SF,True,False,0,ShADadTFf,16,1851,17,2308,ssl,0
2443.763429,C0f6HX1aouCxWbGAe7,10.0.2.15,58193,34.252.96.187,443,TLSv12,TLS_ECDHE_RSA_WITH_AES_128_GCM_SHA256,secp256r1,apex.go.sonobi.com,False,True,CsxknGIi,"['e29320cc54226aee4e56a43ee6fa79b553ecc35d18a9349c38a98f6d62047255', '973a41276ffd01e027a2aad49e34c37846d3e976ff6a620b6712e33832041aa6', '3a2fbe92891e57fe05d57087f48e730f17e5a5f53ef403d618e5b74d7a7e6ecb', 'c3846bf24b9e93ca64274c0ec67c1ecc5e024ffcacd2d74019350e81fe546ae4']",[],1.0,0ffee3ba8e615ad22535e7f771690a28,303951d4c50efb2e991652225a6f02b1,,,2442.128964,10.0.2.15,58193,34.252.96.187,443,tcp,9.383535999999822,1559.0,7437.0,SF,True,False,0,ShADadFf,12,2047,17,8121,ssl,0
2443.792474,C9JPW51ZRYnwk9DFsg,10.0.2.15,58194,52.206.139.182,443,TLSv12,TLS_ECDHE_RSA_WITH_AES_128_GCM_SHA256,secp256r1,infinityid.condenastdigital.com,False,True,CsxknGIi,"['387cdd4e90ba264d0ad925de1ea8fe943a827599b515520fd9ccb855f7610c9b', 'f55f9ffcb83c73453261601c7e044db15a0f034b93c05830f28635ef889cf670', '87dcd4dc74640a322cd205552506d1be64f12596258096544986b4850bc72706', '28689b30e4c306aab53b027b29e36ad6dd1dcf4b953994482ca84bdc1ecac996']",[],1.0,0ffee3ba8e615ad22535e7f771690a28,303951d4c50efb2e991652225a6f02b1,,,2442.155285,10.0.2.15,58194,52.206.139.182,443,tcp,68.038454,1149.0,5735.0,SF,True,False,0,ShADadTFf,17,1843,21,6579,ssl,0
2440.734591,CLBYWC3PRQalvJThRd,10.0.2.15,58155,95.172.94.31,443,TLSv12,TLS_ECDHE_RSA_WITH_AES_128_GCM_SHA256,secp256r1,secure.quantserve.com,False,True,CsxknGIti,"['7d39ee69bdac843654f44bb3164a243b3e8c527019b6225992e5d36771f19e8f', '19400be5b7a31fb733917700789d2f0a2471c0c9d506c0e504c06c16d7cb17c0']",[],1.0,0ffee3ba8e615ad22535e7f771690a28,ccc514751b175866924439bdbb5bba34,,,2438.979661,10.0.2.15,58155,95.172.94.31,443,tcp,11.404295000000277,355.0,3323.0,SF,True,False,0,ShADadFfRr,11,803,12,3807,ssl,0
2443.808746,CiAAeq1H67sb2zJe1l,10.0.2.15,58195,52.206.139.182,443,TLSv12,TLS_ECDHE_RSA_WITH_AES_128_GCM_SHA256,secp256r1,infinityid.condenastdigital.com,False,True,CsxknGIi,"['387cdd4e90ba264d0ad925de1ea8fe943a827599b515520fd9ccb855f7610c9b', 'f55f9ffcb83c73453261601c7e044db15a0f034b93c05830f28635ef889cf670', '87dcd4dc74640a322cd205552506d1be64f12596258096544986b4850bc72706', '28689b30e4c306aab53b027b29e36ad6dd1dcf4b953994482ca84bdc1ecac996']",[],1.0,0ffee3ba8e615ad22535e7f771690a28,303951d4c50efb2e991652225a6f02b1,,,2442.205821,10.0.2.15,58195,52.206.139.182,443,tcp,67.96381999999994,1149.0,5735.0,SF,True,False,0,ShADadTFf,16,1802,20,6539,ssl,0
2442.302254,CpuQUD35miMZiHlyyh,10.0.2.15,58174,151.101.112.124,443,TLSv12,TLS_ECDHE_RSA_WITH_AES_128_GCM_SHA256,,cdn0.vox-cdn.com,True,True,CsiI,,,,1a5fe5677b0e4fbbc854e8908225637d,1d0e57c6ae42e9204defa51e5e1cdc4c,h2,,2440.841458,10.0.2.15,58174,151.101.112.124,443,tcp,5.123598000000129,808.0,213.0,RSTO,True,False,0,ShADadFR,9,1176,9,577,ssl,0
2441.010311,CluXdt1LUYJjr2G78g,10.0.2.15,58161,62.67.193.21,443,TLSv12,TLS_RSA_WITH_AES_256_CBC_SHA,,fastlane.rubiconproject.com,False,True,CsxnGIi,"['323de379ee34a94e415f63b56183d0d5d0e5a863f4ac89f97dc40ae81cc021c8', '154c433c491929c5ef686e838e323664a00e6a0d822ccc958fb4dab03e49a08f']",[],1.0,0ffee3ba8e615ad22535e7f771690a28,0a917d753018dad73d9899ace370f8d8,,,2439.893038,10.0.2.15,58161,62.67.193.21,443,tcp,20.967521000000037,5164.0,4052.0,SF,True,False,0,ShADadTFf,14,5733,14,4616,ssl,0
2444.235093,CDRa8c3VXwtT7I2Ok9,10.0.2.15,58208,172.217.23.238,443,TLSv12,TLS_ECDHE_ECDSA_WITH_AES_128_GCM_SHA256,x25519,www.youtube.com,False,True,CsxknGIti,"['11ddd329046367c19b32ffdb02ed308de129de4d6ffcf95856d7bd6a7accfba9', '9f630426df1d8abfd80ace98871ba833ab9742cb34838de2b5285ed54c0c7dcc', '3c35cc963eb004451323d3275d05b353235053490d9cd83729a2faf5e7ca1cc0']",[],1.0,0ffee3ba8e615ad22535e7f771690a28,84480cf8cf0e732666092640e581e1a5,h2,,2443.761284,10.0.2.15,58208,172.217.23.238,443,tcp,10.459965999999897,1033.0,17600.0,SF,True,False,0,ShADadFf,25,2041,36,19044,ssl,0
2440.992684,CcNBTa1H5mBln0cI3j,10.0.2.15,58159,62.67.193.21,443,TLSv12,TLS_RSA_WITH_AES_256_CBC_SHA,,fastlane.rubiconproject.com,False,True,CsxnGIi,"['323de379ee34a94e415f63b56183d0d5d0e5a863f4ac89f97dc40ae81cc021c8', '154c433c491929c5ef686e838e323664a00e6a0d822ccc958fb4dab03e49a08f']",[],1.0,0ffee3ba8e615ad22535e7f771690a28,0a917d753018dad73d9899ace370f8d8,,,2439.873986,10.0.2.15,58159,62.67.193.21,443,tcp,21.05693399999973,5180.0,9897.0,SF,True,False,0,ShADadTFf,17,5869,19,10661,ssl,0
2441.008094,CuHyfc1M0gHm9enxD,10.0.2.15,58160,62.67.193.21,443,TLSv12,TLS_RSA_WITH_AES_256_CBC_SHA,,fastlane.rubiconproject.com,False,True,CsxnGIi,"['323de379ee34a94e415f63b56183d0d5d0e5a863f4ac89f97dc40ae81cc021c8', '154c433c491929c5ef686e838e323664a00e6a0d822ccc958fb4dab03e49a08f']",[],1.0,0ffee3ba8e615ad22535e7f771690a28,0a917d753018dad73d9899ace370f8d8,,,2439.883939,10.0.2.15,58160,62.67.193.21,443,tcp,20.96088400000008,5180.0,6729.0,SF,True,False,0,ShADadTFf,15,5789,16,7373,ssl,0
2441.013392,CJ97BsO5gc5kiYW01,10.0.2.15,58162,62.67.193.21,443,TLSv12,TLS_RSA_WITH_AES_256_CBC_SHA,,fastlane.rubiconproject.com,False,True,CsxnGIi,"['323de379ee34a94e415f63b56183d0d5d0e5a863f4ac89f97dc40ae81cc021c8', '154c433c491929c5ef686e838e323664a00e6a0d822ccc958fb4dab03e49a08f']",[],1.0,0ffee3ba8e615ad22535e7f771690a28,0a917d753018dad73d9899ace370f8d8,,,2439.897429,10.0.2.15,58162,62.67.193.21,443,tcp,20.924427999999807,5164.0,6713.0,SF,True,False,0,ShADadTFf,15,5773,16,7357,ssl,0
2442.468232,Cj0r7G3hNboyzkBGQ5,10.0.2.15,58180,95.101.245.177,443,TLSv12,TLS_ECDHE_RSA_WITH_AES_256_GCM_SHA384,,as-sec.casalemedia.com,True,True,CsiI,,,,1a5fe5677b0e4fbbc854e8908225637d,410b9bedaf65dd26c6fe547154d60db4,http/1.1,,2440.962345,10.0.2.15,58180,95.101.245.177,443,tcp,135.21840599999996,4603.0,3324.0,RSTO,True,False,0,ShADadTTFR,24,5583,25,4328,ssl,0
2444.871691,CZxEOz2SteApTzSEE7,10.0.2.15,58210,151.101.113.52,443,TLSv12,TLS_ECDHE_RSA_WITH_AES_128_GCM_SHA256,,www.curbed.com,True,True,CsiI,,,,1a5fe5677b0e4fbbc854e8908225637d,1d0e57c6ae42e9204defa51e5e1cdc4c,h2,,2444.190896,10.0.2.15,58210,151.101.113.52,443,tcp,204.74098700000013,2419.0,3039.0,RSTO,True,False,0,ShADadFR,22,3307,23,3963,ssl,0
2441.10807,C71u7ldKKbrX9Og12,10.0.2.15,58163,62.67.193.21,443,TLSv12,TLS_RSA_WITH_AES_256_CBC_SHA,,fastlane.rubiconproject.com,False,True,CsxnGIi,"['323de379ee34a94e415f63b56183d0d5d0e5a863f4ac89f97dc40ae81cc021c8', '154c433c491929c5ef686e838e323664a00e6a0d822ccc958fb4dab03e49a08f']",[],1.0,0ffee3ba8e615ad22535e7f771690a28,0a917d753018dad73d9899ace370f8d8,,,2439.939956,10.0.2.15,58163,62.67.193.21,443,tcp,20.975970999999845,5164.0,9849.0,SF,True,False,0,ShADadTFf,17,5853,20,10653,ssl,0
2441.245223,Cek0hd4G5jDIeKk7p5,10.0.2.15,58168,62.67.193.21,443,TLSv12,TLS_RSA_WITH_AES_256_CBC_SHA,,fastlane.rubiconproject.com,False,True,CsxnGIi,"['323de379ee34a94e415f63b56183d0d5d0e5a863f4ac89f97dc40ae81cc021c8', '154c433c491929c5ef686e838e323664a00e6a0d822ccc958fb4dab03e49a08f']",[],1.0,0ffee3ba8e615ad22535e7f771690a28,0a917d753018dad73d9899ace370f8d8,,,2440.153103,10.0.2.15,58168,62.67.193.21,443,tcp,9.73617699999977,631.0,2719.0,SF,True,False,0,ShADadFf,9,999,9,3083,ssl,0
2441.240899,CKftuc3LXVTPc3XwRl,10.0.2.15,58167,62.67.193.21,443,TLSv12,TLS_RSA_WITH_AES_256_CBC_SHA,,fastlane.rubiconproject.com,False,True,CsxnGIi,"['323de379ee34a94e415f63b56183d0d5d0e5a863f4ac89f97dc40ae81cc021c8', '154c433c491929c5ef686e838e323664a00e6a0d822ccc958fb4dab03e49a08f']",[],1.0,0ffee3ba8e615ad22535e7f771690a28,0a917d753018dad73d9899ace370f8d8,,,2440.1515,10.0.2.15,58167,62.67.193.21,443,tcp,9.599407000000156,631.0,2719.0,SF,True,False,0,ShADadFf,9,999,9,3083,ssl,0
2444.871029,Cs3QvbFUJubkGgz6b,10.0.2.15,58209,172.217.23.238,443,TLSv12,TLS_ECDHE_ECDSA_WITH_AES_128_GCM_SHA256,x25519,www.youtube.com,False,True,CsxknGIti,"['11ddd329046367c19b32ffdb02ed308de129de4d6ffcf95856d7bd6a7accfba9', '9f630426df1d8abfd80ace98871ba833ab9742cb34838de2b5285ed54c0c7dcc', '3c35cc963eb004451323d3275d05b353235053490d9cd83729a2faf5e7ca1cc0']",[],1.0,0ffee3ba8e615ad22535e7f771690a28,84480cf8cf0e732666092640e581e1a5,h2,,2444.107524,10.0.2.15,58209,172.217.23.238,443,tcp,7.383040000000165,525.0,4422.0,SF,True,False,0,ShADadFf,14,1093,17,5106,ssl,0
2445.239708,C78tTa1bIwIcNGw9Ld,10.0.2.15,58212,95.101.252.144,443,TLSv12,TLS_ECDHE_RSA_WITH_AES_256_GCM_SHA384,,z.moatads.com,True,True,CsiI,,,,1a5fe5677b0e4fbbc854e8908225637d,410b9bedaf65dd26c6fe547154d60db4,http/1.1,,2444.585471,10.0.2.15,58212,95.101.252.144,443,tcp,133.29124000000002,1056.0,55759.0,RSTO,True,False,0,ShADadTTFR,51,3116,81,59003,ssl,0
2441.239305,CodS4T30tI62HyZz22,10.0.2.15,58166,62.67.193.21,443,TLSv12,TLS_RSA_WITH_AES_256_CBC_SHA,,fastlane.rubiconproject.com,False,True,CsxnGIi,"['323de379ee34a94e415f63b56183d0d5d0e5a863f4ac89f97dc40ae81cc021c8', '154c433c491929c5ef686e838e323664a00e6a0d822ccc958fb4dab03e49a08f']",[],1.0,0ffee3ba8e615ad22535e7f771690a28,0a917d753018dad73d9899ace370f8d8,,,2440.130039,10.0.2.15,58166,62.67.193.21,443,tcp,9.760365999999976,631.0,2719.0,SF,True,False,0,ShADadFf,9,999,9,3083,ssl,0
2441.318418,CDIfN93hH6kXo41Vqd,10.0.2.15,58169,62.67.193.21,443,TLSv12,TLS_RSA_WITH_AES_256_CBC_SHA,,fastlane.rubiconproject.com,False,True,CsxnGIi,"['323de379ee34a94e415f63b56183d0d5d0e5a863f4ac89f97dc40ae81cc021c8', '154c433c491929c5ef686e838e323664a00e6a0d822ccc958fb4dab03e49a08f']",[],1.0,0ffee3ba8e615ad22535e7f771690a28,0a917d753018dad73d9899ace370f8d8,,,2440.153978,10.0.2.15,58169,62.67.193.21,443,tcp,9.679685000000063,631.0,2719.0,SF,True,False,0,ShADadFf,9,999,9,3083,ssl,0
2444.93872,CXVU6P2NOvhKfU1mo1,10.0.2.15,58211,95.100.180.160,443,TLSv12,TLS_ECDHE_RSA_WITH_AES_256_GCM_SHA384,secp256r1,static.yieldmo.com,False,True,CsxknGIti,"['3e79d4e75f800e9c46a5b8b71b34127c98bbdaf9d65d67312a3dc2335dfaa6ae', 'eae72eb454bf6c3977ebd289e970b2f5282949190093d0d26f98d0f0d6a9cf17', '8420dfbe376f414bf4c0a81e6936d24ccc03f304835b86c7a39142fca723a689']",[],1.0,0ffee3ba8e615ad22535e7f771690a28,2b33c1374db4ddf06942f92373c0b54b,http/1.1,,2444.370237,10.0.2.15,58211,95.100.180.160,443,tcp,134.7450920000001,770.0,33880.0,RSTO,True,False,0,ShADadTTFR,45,2590,64,36444,ssl,0
2441.236304,CdvVbG11arf3JCZk51,10.0.2.15,58165,173.241.240.220,443,TLSv12,TLS_ECDHE_RSA_WITH_AES_128_GCM_SHA256,secp256r1,sbnationbidder-d.openx.net,False,True,CsxknGIi,"['ab7de06ea7a3de3225f335667d38750434931049f9e9cb0cb4a9caf5df22819c', '074541ecdf88ed992ed5ade3ecddef27a26ba1b44480a195c0a8dadae2521d8e']",[],1.0,0ffee3ba8e615ad22535e7f771690a28,699a80bdb17efe157c861f92c5bf5d1d,,,2440.026923,10.0.2.15,58165,173.241.240.220,443,tcp,9.97242099999994,392.0,3093.0,RSTO,True,False,0,ShADadFR,9,760,9,3457,ssl,0
2442.825873,CDYpLM27Jl1KytSqEa,10.0.2.15,58181,172.217.23.238,443,TLSv12,TLS_ECDHE_RSA_WITH_AES_128_GCM_SHA256,,www.google-analytics.com,True,True,CsiI,,,,1a5fe5677b0e4fbbc854e8908225637d,67619a80665d7ab92d1041b1d11f9164,h2,,2441.050343,10.0.2.15,58181,172.217.23.238,443,tcp,19.903596000000107,1574.0,659.0,SF,True,False,0,ShADadFf,12,2062,14,1223,ssl,0
2442.528648,Cs5Xbs3scEbaw36qO3,10.0.2.15,58177,37.252.172.40,443,TLSv12,TLS_ECDHE_RSA_WITH_AES_256_GCM_SHA384,secp256r1,secure.adnxs.com,False,True,CsxuknGIti,"['5b081650e8034418a37504ce0820892be5a66474578207711eb688243fe1a8f2', '074541ecdf88ed992ed5ade3ecddef27a26ba1b44480a195c0a8dadae2521d8e']",[],1.0,0ffee3ba8e615ad22535e7f771690a28,d53e4608f956df65bb2b8a8c4d3b025d,,,2440.958904,10.0.2.15,58177,37.252.172.40,443,tcp,21.66285500000004,5325.0,8996.0,SF,True,False,0,ShADadfF,17,6013,21,9840,ssl,0
2441.397518,CVBlry1paoRobP5ay7,10.0.2.15,58170,62.67.193.21,443,TLSv12,TLS_RSA_WITH_AES_256_CBC_SHA,,fastlane.rubiconproject.com,False,True,CsxnGIi,"['323de379ee34a94e415f63b56183d0d5d0e5a863f4ac89f97dc40ae81cc021c8', '154c433c491929c5ef686e838e323664a00e6a0d822ccc958fb4dab03e49a08f']",[],1.0,0ffee3ba8e615ad22535e7f771690a28,0a917d753018dad73d9899ace370f8d8,,,2440.214619,10.0.2.15,58170,62.67.193.21,443,tcp,10.155203000000256,631.0,2719.0,SF,True,False,0,ShADadFf,9,999,9,3083,ssl,0
2443.117267,CBpfip11my9bNpgAVd,10.0.2.15,58189,95.101.245.177,443,TLSv12,TLS_ECDHE_RSA_WITH_AES_256_GCM_SHA384,,as-sec.casalemedia.com,True,True,CsiI,,,,1a5fe5677b0e4fbbc854e8908225637d,410b9bedaf65dd26c6fe547154d60db4,http/1.1,,2441.253579,10.0.2.15,58189,95.101.245.177,443,tcp,9.353354999999738,599.0,152.0,SF,True,False,0,ShADadFf,7,887,7,436,ssl,0
2442.464841,Czfn7kPLlnFzGySwl,10.0.2.15,58176,37.252.172.40,443,TLSv12,TLS_ECDHE_RSA_WITH_AES_256_GCM_SHA384,secp256r1,secure.adnxs.com,False,True,CsxuknGIti,"['5b081650e8034418a37504ce0820892be5a66474578207711eb688243fe1a8f2', '074541ecdf88ed992ed5ade3ecddef27a26ba1b44480a195c0a8dadae2521d8e']",[],1.0,0ffee3ba8e615ad22535e7f771690a28,d53e4608f956df65bb2b8a8c4d3b025d,,,2440.9567,10.0.2.15,58176,37.252.172.40,443,tcp,19.691021999999972,2927.0,8141.0,SF,True,False,0,ShADadfF,14,3495,19,8905,ssl,0
2442.464159,ChhmnA1ysmbEAfnet1,10.0.2.15,58175,37.252.172.40,443,TLSv12,TLS_ECDHE_RSA_WITH_AES_256_GCM_SHA384,secp256r1,secure.adnxs.com,False,True,CsxuknGIti,"['5b081650e8034418a37504ce0820892be5a66474578207711eb688243fe1a8f2', '074541ecdf88ed992ed5ade3ecddef27a26ba1b44480a195c0a8dadae2521d8e']",[],1.0,0ffee3ba8e615ad22535e7f771690a28,d53e4608f956df65bb2b8a8c4d3b025d,,,2440.954783,10.0.2.15,58175,37.252.172.40,443,tcp,19.66117499999973,2927.0,8142.0,SF,True,False,0,ShADadfF,15,3535,20,8946,ssl,0
2446.4133,C0WN1M1TdmjXvyDI9,10.0.2.15,58214,172.227.14.131,443,TLSv12,TLS_ECDHE_RSA_WITH_AES_256_GCM_SHA384,,pixel.mathtag.com,True,True,CsiI,,,,1a5fe5677b0e4fbbc854e8908225637d,410b9bedaf65dd26c6fe547154d60db4,http/1.1,,2445.410415,10.0.2.15,58214,172.227.14.131,443,tcp,134.67105900000024,1588.0,658.0,RSTO,True,False,0,ShADadTTFR,21,2448,21,1502,ssl,0
2446.431732,CrxIYr3GlOKd7XxUe6,10.0.2.15,58198,151.101.112.124,443,TLSv12,TLS_ECDHE_RSA_WITH_AES_128_GCM_SHA256,,optimize-stats.voxmedia.com,True,True,CsiI,,,,1a5fe5677b0e4fbbc854e8908225637d,1d0e57c6ae42e9204defa51e5e1cdc4c,h2,,2442.427113,10.0.2.15,58198,151.101.112.124,443,tcp,9.772459999999684,779.0,244.0,SF,True,False,0,ShADadFRfr,11,1235,11,688,ssl,0
2446.446009,CVrBlv4MaAA4jZFGDd,10.0.2.15,58216,95.101.252.144,443,TLSv12,TLS_ECDHE_RSA_WITH_AES_256_GCM_SHA384,,z.moatads.com,True,True,CsiI,,,,1a5fe5677b0e4fbbc854e8908225637d,410b9bedaf65dd26c6fe547154d60db4,http/1.1,,2445.411847,10.0.2.15,58216,95.101.252.144,443,tcp,15.479115999999976,599.0,183.0,RSTO,True,False,0,ShADadTFR,8,928,8,507,ssl,0
2446.433118,CzOliM1h0ZeGLWdksh,10.0.2.15,58197,34.252.96.187,443,TLSv12,TLS_ECDHE_RSA_WITH_AES_128_GCM_SHA256,,apex.go.sonobi.com,True,True,CsiI,,,,0ffee3ba8e615ad22535e7f771690a28,303951d4c50efb2e991652225a6f02b1,,,2442.425797,10.0.2.15,58197,34.252.96.187,443,tcp,12.7057420000001,278.0,176.0,SF,True,False,0,ShADadFf,8,614,7,460,ssl,0
2446.700252,C1sAnv3HHrVCyU5Yd3,10.0.2.15,58201,52.94.218.7,443,TLSv12,TLS_ECDHE_RSA_WITH_AES_128_GCM_SHA256,,aax.amazon-adsystem.com,True,True,CsiI,,,,0ffee3ba8e615ad22535e7f771690a28,c6227321ea7621862dc7b7351771a62c,,,2442.526003,10.0.2.15,58201,52.94.218.7,443,tcp,72.68302500000027,1392.0,395.0,SF,True,False,0,ShADadTfF,16,2054,15,999,ssl,0
2446.695246,CEa39F21C1rzGcurD3,10.0.2.15,58200,52.206.139.182,443,TLSv12,TLS_ECDHE_RSA_WITH_AES_128_GCM_SHA256,,infinityid.condenastdigital.com,True,True,CsiI,,,,0ffee3ba8e615ad22535e7f771690a28,303951d4c50efb2e991652225a6f02b1,,,2442.469826,10.0.2.15,58200,52.206.139.182,443,tcp,18.44887800000015,322.0,176.0,SF,True,False,0,ShADadTFfRr,10,739,10,580,ssl,0
2446.435846,CkZLvg40yrUK8JCpVl,10.0.2.15,58217,52.29.72.232,443,TLSv12,TLS_ECDHE_RSA_WITH_AES_128_GCM_SHA256,secp256r1,i.w55c.net,False,True,CsxknGIi,"['0bd7d69c79989e5e7b2c423a48d41a2811a16dcd05e5951d2ede09e59583579d', 'd9e0c64ab27a64d79cccf42a34ec75a251a7e543353c19e984a70eb2f546cdff']",[],1.0,0ffee3ba8e615ad22535e7f771690a28,303951d4c50efb2e991652225a6f02b1,,,2445.41315,10.0.2.15,58217,52.29.72.232,443,tcp,70.55545800000027,1094.0,3700.0,SF,True,False,0,ShADadTFf,17,1788,18,4424,ssl,0
2446.677594,CVf57vY9UIZp4RTNd,10.0.2.15,58196,54.175.198.52,443,TLSv12,TLS_ECDHE_RSA_WITH_AES_128_GCM_SHA256,,4d.condenastdigital.com,True,True,CsiI,,,,0ffee3ba8e615ad22535e7f771690a28,303951d4c50efb2e991652225a6f02b1,,,2442.408651,10.0.2.15,58196,54.175.198.52,443,tcp,18.590930999999728,314.0,176.0,RSTO,True,False,0,ShADadTFR,10,731,8,500,ssl,0
2446.687969,CdOkNN2KZtVD7fBFof,10.0.2.15,58199,52.206.139.182,443,TLSv12,TLS_ECDHE_RSA_WITH_AES_128_GCM_SHA256,,infinityid.condenastdigital.com,True,True,CsiI,,,,0ffee3ba8e615ad22535e7f771690a28,303951d4c50efb2e991652225a6f02b1,,,2442.452859,10.0.2.15,58199,52.206.139.182,443,tcp,18.584152999999787,322.0,176.0,RSTO,True,False,0,ShADadTFR,10,739,8,500,ssl,0
2446.453243,C4XU3O2zGy0x5FbBZa,10.0.2.15,58215,74.117.199.102,443,TLSv12,TLS_RSA_WITH_AES_128_CBC_SHA,,ad.afy11.net,False,True,CsxnGIi,"['df372679efacdb1f9a0c7dbf85a94ce4804efa99c8bf3531183265bf8e95b359', '973a41276ffd01e027a2aad49e34c37846d3e976ff6a620b6712e33832041aa6', '3a2fbe92891e57fe05d57087f48e730f17e5a5f53ef403d618e5b74d7a7e6ecb']",[],1.0,0ffee3ba8e615ad22535e7f771690a28,561f6f4eb311a85575d2d0a0a8232333,,,2445.411183,10.0.2.15,58215,74.117.199.102,443,tcp,10.428495999999996,1037.0,4408.0,SF,True,False,0,ShADadfF,11,1485,12,4892,ssl,0
2443.4001,CWLoQp3FpK781grxrd,10.0.2.15,58191,157.240.11.35,443,TLSv12,TLS_ECDHE_ECDSA_WITH_AES_128_GCM_SHA256,secp256r1,www.facebook.com,False,True,CsxknGIti,"['152151b387412a95ab90fd4664f2d98880408e9e43913124e4c91226a483386b', '19400be5b7a31fb733917700789d2f0a2471c0c9d506c0e504c06c16d7cb17c0']",[],1.0,0ffee3ba8e615ad22535e7f771690a28,2d1eb5817ece335c24904f516ad5da12,h2,,2441.466307,10.0.2.15,58191,157.240.11.35,443,tcp,10.603240999999798,559.0,3942.0,RSTR,True,False,0,ShADadfRr,14,1127,16,4586,ssl,0
2443.398416,CcxRCu1puOGvKpg4b,10.0.2.15,58190,157.240.11.35,443,TLSv12,TLS_ECDHE_ECDSA_WITH_AES_128_GCM_SHA256,secp256r1,www.facebook.com,False,True,CsxknGIti,"['152151b387412a95ab90fd4664f2d98880408e9e43913124e4c91226a483386b', '19400be5b7a31fb733917700789d2f0a2471c0c9d506c0e504c06c16d7cb17c0']",[],1.0,0ffee3ba8e615ad22535e7f771690a28,2d1eb5817ece335c24904f516ad5da12,h2,,2441.463899,10.0.2.15,58190,157.240.11.35,443,tcp,10.59629700000005,559.0,3942.0,RSTO,True,False,0,ShADadfR,14,1127,15,4546,ssl,0
2442.972076,CTZ6zE1lJ2Tt1famak,10.0.2.15,58184,37.252.172.40,443,TLSv12,TLS_ECDHE_RSA_WITH_AES_256_GCM_SHA384,secp256r1,secure.adnxs.com,False,True,CsxuknGIti,"['5b081650e8034418a37504ce0820892be5a66474578207711eb688243fe1a8f2', '074541ecdf88ed992ed5ade3ecddef27a26ba1b44480a195c0a8dadae2521d8e']",[],1.0,0ffee3ba8e615ad22535e7f771690a28,d53e4608f956df65bb2b8a8c4d3b025d,,,2441.211138,10.0.2.15,58184,37.252.172.40,443,tcp,10.56185400000004,350.0,4867.0,SF,True,False,0,ShADadFf,10,758,11,5311,ssl,0
2447.685157,CqIz4S1vlwdHnEvIVl,10.0.2.15,58219,199.96.57.6,443,TLSv12,TLS_ECDHE_RSA_WITH_AES_128_GCM_SHA256,secp256r1,platform.twitter.com,False,True,CsxuknGIti,"['03836d502e2fb8a9f4cc51e912b5e69c5f72393c36e0ed751d7fb22118adb56e', '19400be5b7a31fb733917700789d2f0a2471c0c9d506c0e504c06c16d7cb17c0']",[],1.0,0ffee3ba8e615ad22535e7f771690a28,76cc3e2d3028143b23ec18e27dbd7ca9,http/1.1,,2445.853703,10.0.2.15,58219,199.96.57.6,443,tcp,18.39908499999956,1035.0,11579.0,SF,True,False,0,ShADadTfF,15,1644,21,12423,ssl,0
2447.744871,CT0GJz4ntpU17hZpI8,10.0.2.15,58218,151.101.112.124,443,TLSv12,TLS_ECDHE_RSA_WITH_AES_128_GCM_SHA256,secp256r1,cdn2.vox-cdn.com,False,True,CsxuknGIti,"['6d3af7e454dd1d20a2d77cac999feb04584a2c5c67d62bafa97b4f67194e4141', 'e0c2ebd1f6bad4feaae31a3107e69abee902db38b9dfbe33f0570bda3494c20a']",[],1.0,0ffee3ba8e615ad22535e7f771690a28,860fcf58fd757e26aa8911e5eaff6b53,h2,,2445.85107,10.0.2.15,58218,151.101.112.124,443,tcp,9.682579999999689,530.0,5178.0,SF,True,False,0,ShADadFRfr,12,1018,15,5782,ssl,0
2443.184163,Cmqk112AQ6dQx44Zr1,10.0.2.15,58188,37.252.172.40,443,TLSv12,TLS_ECDHE_RSA_WITH_AES_256_GCM_SHA384,secp256r1,secure.adnxs.com,False,True,CsxuknGIti,"['5b081650e8034418a37504ce0820892be5a66474578207711eb688243fe1a8f2', '074541ecdf88ed992ed5ade3ecddef27a26ba1b44480a195c0a8dadae2521d8e']",[],1.0,0ffee3ba8e615ad22535e7f771690a28,d53e4608f956df65bb2b8a8c4d3b025d,,,2441.252058,10.0.2.15,58188,37.252.172.40,443,tcp,18.26574600000004,350.0,4867.0,SF,True,False,0,ShADadFf,12,838,13,5391,ssl,0
2443.159237,Csfgih2vuuwRlTBt15,10.0.2.15,58187,37.252.172.40,443,TLSv12,TLS_ECDHE_RSA_WITH_AES_256_GCM_SHA384,secp256r1,secure.adnxs.com,False,True,CsxuknGIti,"['5b081650e8034418a37504ce0820892be5a66474578207711eb688243fe1a8f2', '074541ecdf88ed992ed5ade3ecddef27a26ba1b44480a195c0a8dadae2521d8e']",[],1.0,0ffee3ba8e615ad22535e7f771690a28,d53e4608f956df65bb2b8a8c4d3b025d,,,2441.250528,10.0.2.15,58187,37.252.172.40,443,tcp,18.492243000000144,350.0,4867.0,SF,True,False,0,ShADadFf,13,878,13,5391,ssl,0
2443.185076,CI3aYd4r0CTHu8Bm3h,10.0.2.15,58186,37.252.172.40,443,TLSv12,TLS_ECDHE_RSA_WITH_AES_256_GCM_SHA384,secp256r1,secure.adnxs.com,False,True,CsxuknGIti,"['5b081650e8034418a37504ce0820892be5a66474578207711eb688243fe1a8f2', '074541ecdf88ed992ed5ade3ecddef27a26ba1b44480a195c0a8dadae2521d8e']",[],1.0,0ffee3ba8e615ad22535e7f771690a28,d53e4608f956df65bb2b8a8c4d3b025d,,,2441.248987,10.0.2.15,58186,37.252.172.40,443,tcp,19.73178400000006,350.0,4867.0,SF,True,False,0,ShADadFf,12,838,12,5351,ssl,0
2447.414285,CpJe1H3H66TFXqfnVj,10.0.2.15,58203,151.101.112.124,443,TLSv12,TLS_ECDHE_RSA_WITH_AES_128_GCM_SHA256,,optimize-stats.voxmedia.com,True,True,CsiI,,,,1a5fe5677b0e4fbbc854e8908225637d,1d0e57c6ae42e9204defa51e5e1cdc4c,h2,,2442.712273,10.0.2.15,58203,151.101.112.124,443,tcp,10.630613999999696,779.0,244.0,SF,True,False,0,ShADadFfRr,12,1275,11,688,ssl,0
2447.684057,CdwPWy3OHFe6FDjwC9,10.0.2.15,58204,52.94.218.7,443,TLSv12,TLS_ECDHE_RSA_WITH_AES_128_GCM_SHA256,,aax.amazon-adsystem.com,True,True,CsiI,,,,0ffee3ba8e615ad22535e7f771690a28,c6227321ea7621862dc7b7351771a62c,,,2442.781255,10.0.2.15,58204,52.94.218.7,443,tcp,13.420696000000136,314.0,141.0,SF,True,False,0,ShADadFf,9,690,7,425,ssl,0
2451.107925,Ca884t4ElLa5OkBjNc,10.0.2.15,58230,54.247.81.29,443,TLSv12,TLS_ECDHE_RSA_WITH_AES_128_GCM_SHA256,,beacon.krxd.net,True,True,CsiI,,,,0ffee3ba8e615ad22535e7f771690a28,303951d4c50efb2e991652225a6f02b1,,,2448.917491,10.0.2.15,58230,54.247.81.29,443,tcp,8.369017999999869,756.0,145.0,SF,True,False,0,ShADadfF,9,1124,8,469,ssl,0
2451.109067,C1gz6oMkJc5Xc8x6g,10.0.2.15,58229,151.101.112.175,443,TLSv12,TLS_ECDHE_RSA_WITH_AES_128_GCM_SHA256,,cdn.krxd.net,True,True,CsiI,,,,1a5fe5677b0e4fbbc854e8908225637d,1d0e57c6ae42e9204defa51e5e1cdc4c,http/1.1,,2448.915984,10.0.2.15,58229,151.101.112.175,443,tcp,133.19931999999972,1084.0,952.0,RSTO,True,False,0,ShADadTTFR,22,1984,21,1796,ssl,0
2447.740241,CiLQ2Z2FVeCk9ALcw8,10.0.2.15,58205,95.101.245.55,443,TLSv12,TLS_ECDHE_RSA_WITH_AES_256_GCM_SHA384,secp256r1,widgets.outbrain.com,False,True,CsxknGIti,"['51ad7b30860dee6d7a5b351d2867ea37788e07893f3c69f2dc13d82bdf31f7ec', 'eae72eb454bf6c3977ebd289e970b2f5282949190093d0d26f98d0f0d6a9cf17', '8420dfbe376f414bf4c0a81e6936d24ccc03f304835b86c7a39142fca723a689']",[],1.0,0ffee3ba8e615ad22535e7f771690a28,2b33c1374db4ddf06942f92373c0b54b,http/1.1,,2442.840691,10.0.2.15,58205,95.101.245.55,443,tcp,160.51778300000024,6142.0,33007.0,SF,True,False,0,ShADadTTFfRr,47,8051,63,35531,ssl,0
2442.96738,ClBXEXggZt6vlJbWb,10.0.2.15,58185,37.252.172.40,443,TLSv12,TLS_ECDHE_RSA_WITH_AES_256_GCM_SHA384,secp256r1,secure.adnxs.com,False,True,CsxuknGIti,"['5b081650e8034418a37504ce0820892be5a66474578207711eb688243fe1a8f2', '074541ecdf88ed992ed5ade3ecddef27a26ba1b44480a195c0a8dadae2521d8e']",[],1.0,0ffee3ba8e615ad22535e7f771690a28,d53e4608f956df65bb2b8a8c4d3b025d,,,2441.211725,10.0.2.15,58185,37.252.172.40,443,tcp,15.291928999999982,350.0,4867.0,SF,True,False,0,ShADadFf,12,838,14,5431,ssl,0
2451.1242,CRHZcu47aIBo6UXKal,10.0.2.15,58226,8.30.11.14,443,TLSv12,TLS_DHE_RSA_WITH_AES_256_CBC_SHA,,sync.rhythmxchange.com,False,True,CsxknGIi,['16a576075d4fef1058181588867951e160e4252759a5866320fc4741d49919bf'],[],1.0,0ffee3ba8e615ad22535e7f771690a28,d90fa179c9daf35598ed8341272118f7,,,2448.912865,10.0.2.15,58226,8.30.11.14,443,tcp,17.420546000000286,855.0,2794.0,SF,True,False,0,ShADadfF,11,1303,12,3278,ssl,0
2451.111689,ClK6jk3KnFsdaGRfkg,10.0.2.15,58228,199.96.57.6,443,TLSv12,TLS_ECDHE_RSA_WITH_AES_128_GCM_SHA256,secp256r1,platform.twitter.com,False,True,CsxuknGIti,"['03836d502e2fb8a9f4cc51e912b5e69c5f72393c36e0ed751d7fb22118adb56e', '19400be5b7a31fb733917700789d2f0a2471c0c9d506c0e504c06c16d7cb17c0']",[],1.0,0ffee3ba8e615ad22535e7f771690a28,76cc3e2d3028143b23ec18e27dbd7ca9,http/1.1,,2448.914542,10.0.2.15,58228,199.96.57.6,443,tcp,12.227288000000044,354.0,4447.0,SF,True,False,0,ShADadFfRr,12,842,14,5011,ssl,0
2451.113871,CXFu1QQTdlKw4BH88,10.0.2.15,58227,151.101.112.124,443,TLSv12,TLS_ECDHE_RSA_WITH_AES_128_GCM_SHA256,secp256r1,cdn2.vox-cdn.com,False,True,CsxuknGIti,"['6d3af7e454dd1d20a2d77cac999feb04584a2c5c67d62bafa97b4f67194e4141', 'e0c2ebd1f6bad4feaae31a3107e69abee902db38b9dfbe33f0570bda3494c20a']",[],1.0,0ffee3ba8e615ad22535e7f771690a28,860fcf58fd757e26aa8911e5eaff6b53,h2,,2448.913998,10.0.2.15,58227,151.101.112.124,443,tcp,7.596763999999894,530.0,5178.0,SF,True,False,0,ShADadFRfr,14,1098,18,5902,ssl,0
2450.894748,C778E3wMlxO6ybIa7,10.0.2.15,58225,74.117.199.102,443,TLSv12,TLS_RSA_WITH_AES_128_CBC_SHA,,ad.afy11.net,False,True,CsxnGIi,"['df372679efacdb1f9a0c7dbf85a94ce4804efa99c8bf3531183265bf8e95b359', '973a41276ffd01e027a2aad49e34c37846d3e976ff6a620b6712e33832041aa6', '3a2fbe92891e57fe05d57087f48e730f17e5a5f53ef403d618e5b74d7a7e6ecb']",[],1.0,0ffee3ba8e615ad22535e7f771690a28,561f6f4eb311a85575d2d0a0a8232333,,,2448.905368,10.0.2.15,58225,74.117.199.102,443,tcp,12.147309999999834,1037.0,4520.0,SF,True,False,0,ShADadfF,11,1485,12,5004,ssl,0
2447.94767,CMeEH32rI8z4Xc444,10.0.2.15,58207,95.101.245.55,443,TLSv12,TLS_ECDHE_RSA_WITH_AES_256_GCM_SHA384,secp256r1,widgets.outbrain.com,False,True,CsxknGIti,"['51ad7b30860dee6d7a5b351d2867ea37788e07893f3c69f2dc13d82bdf31f7ec', 'eae72eb454bf6c3977ebd289e970b2f5282949190093d0d26f98d0f0d6a9cf17', '8420dfbe376f414bf4c0a81e6936d24ccc03f304835b86c7a39142fca723a689']",[],1.0,0ffee3ba8e615ad22535e7f771690a28,2b33c1374db4ddf06942f92373c0b54b,http/1.1,,2443.182122,10.0.2.15,58207,95.101.245.55,443,tcp,18.83667299999979,354.0,4833.0,RSTO,True,False,0,ShADadFR,12,850,11,5277,ssl,0
2452.714018,CMYckk34QD8mwwFrF9,10.0.2.15,58222,52.30.58.217,443,TLSv12,TLS_ECDHE_RSA_WITH_AES_128_GCM_SHA256,,r.skimresources.com,True,True,CsiI,,,,0ffee3ba8e615ad22535e7f771690a28,303951d4c50efb2e991652225a6f02b1,,,2448.064859,10.0.2.15,58222,52.30.58.217,443,tcp,67.87469999999985,1937.0,1090.0,SF,True,False,0,ShADadTFf,16,2599,16,1734,ssl,0
2452.715697,CiRtPp3K4sbY6IsIq,10.0.2.15,58224,54.194.99.187,443,TLSv12,TLS_ECDHE_RSA_WITH_AES_128_GCM_SHA256,,p.skimresources.com,True,True,CsiI,,,,0ffee3ba8e615ad22535e7f771690a28,303951d4c50efb2e991652225a6f02b1,,,2448.112753,10.0.2.15,58224,54.194.99.187,443,tcp,67.86673500000006,1108.0,519.0,SF,True,False,0,ShADadTFf,15,1730,15,1123,ssl,0
2452.717007,CTBqu73tZASKL9AJv4,10.0.2.15,58223,54.194.99.187,443,TLSv12,TLS_ECDHE_RSA_WITH_AES_128_GCM_SHA256,,p.skimresources.com,True,True,CsiI,,,,0ffee3ba8e615ad22535e7f771690a28,303951d4c50efb2e991652225a6f02b1,,,2448.112228,10.0.2.15,58223,54.194.99.187,443,tcp,69.15829900000017,1108.0,519.0,SF,True,False,0,ShADadTFf,15,1730,15,1123,ssl,0
2452.881205,CIKyIX2CmoxrLkZo34,10.0.2.15,58246,146.132.3.2,443,TLSv12,TLS_ECDHE_RSA_WITH_AES_128_GCM_SHA256,,beacon.walmart.com,True,True,CsiI,,,,1a5fe5677b0e4fbbc854e8908225637d,7bee5c1d424b7e5f943b06983bb11422,h2,,2452.435662,10.0.2.15,58246,146.132.3.2,443,tcp,40.44757000000027,2255.0,702.0,SF,True,False,0,ShADadfF,12,2743,14,1266,ssl,0
2452.917491,ChpdIo7AbznSc4xe9,10.0.2.15,58244,72.21.206.140,443,TLSv12,TLS_ECDHE_RSA_WITH_AES_128_GCM_SHA256,,s.amazon-adsystem.com,True,True,CsiI,,,,0ffee3ba8e615ad22535e7f771690a28,c6227321ea7621862dc7b7351771a62c,,,2452.416902,10.0.2.15,58244,72.21.206.140,443,tcp,71.83222299999989,711.0,545.0,SF,True,False,0,ShADadTfF,14,1285,15,1149,ssl,0
2430.662252,CuqgdYdZLXvG9utK5,10.0.2.15,58121,54.247.81.29,443,TLSv12,TLS_ECDHE_RSA_WITH_AES_128_GCM_SHA256,secp256r1,beacon.krxd.net,False,False,CsxknGI,"['801848f55bb97f055d1e2f3f6c8094cf12d7b6285a7ed7c20bf39440c6cb5f8e', '973a41276ffd01e027a2aad49e34c37846d3e976ff6a620b6712e33832041aa6', '3a2fbe92891e57fe05d57087f48e730f17e5a5f53ef403d618e5b74d7a7e6ecb', 'c3846bf24b9e93ca64274c0ec67c1ecc5e024ffcacd2d74019350e81fe546ae4']",[],1.0,0ffee3ba8e615ad22535e7f771690a28,303951d4c50efb2e991652225a6f02b1,,,2427.39624,10.0.2.15,58121,54.247.81.29,443,tcp,20.7385119999999,318.0,5191.0,SF,True,False,0,ShADadTfF,10,735,11,5635,ssl,0
2452.891013,CKRldO1jVIUVKSAcbg,10.0.2.15,58245,35.164.98.49,443,TLSv12,TLS_ECDHE_RSA_WITH_AES_128_GCM_SHA256,,r.nexac.com,True,True,CsiI,,,,0ffee3ba8e615ad22535e7f771690a28,303951d4c50efb2e991652225a6f02b1,,,2452.424558,10.0.2.15,58245,35.164.98.49,443,tcp,65.61297699999977,812.0,453.0,SF,True,False,0,ShADadTFf,15,1426,15,1057,ssl,0
2452.925385,Cw4mTo2HjX2dSLA7Pe,10.0.2.15,58243,35.164.98.49,443,TLSv12,TLS_ECDHE_RSA_WITH_AES_128_GCM_SHA256,,r.nexac.com,True,True,CsiI,,,,0ffee3ba8e615ad22535e7f771690a28,303951d4c50efb2e991652225a6f02b1,,,2452.416328,10.0.2.15,58243,35.164.98.49,443,tcp,65.61719700000003,812.0,453.0,SF,True,False,0,ShADadTFf,15,1426,15,1057,ssl,0
2452.927154,C5mrTxpGYIPhM25uj,10.0.2.15,58232,95.101.245.177,443,TLSv12,TLS_ECDHE_RSA_WITH_AES_256_GCM_SHA384,,ssum-sec.casalemedia.com,True,True,CsiI,,,,1a5fe5677b0e4fbbc854e8908225637d,410b9bedaf65dd26c6fe547154d60db4,http/1.1,,2451.474228,10.0.2.15,58232,95.101.245.177,443,tcp,131.69141899999977,3206.0,1349.0,SF,True,False,0,ShADadTTFfRr,24,4186,24,2313,ssl,0
2452.931142,CVWFcn3nbL6A9L3J8c,10.0.2.15,58234,54.210.16.248,443,TLSv12,TLS_ECDHE_RSA_WITH_AES_128_GCM_SHA256,,idsync.rlcdn.com,True,True,CsiI,,,,0ffee3ba8e615ad22535e7f771690a28,303951d4c50efb2e991652225a6f02b1,,,2451.478177,10.0.2.15,58234,54.210.16.248,443,tcp,142.88365599999997,3548.0,3875.0,SF,True,False,0,ShADadTTFf,24,4528,25,4879,ssl,0
2452.931772,Cel3mq1zGGJ0cbA6k,10.0.2.15,58242,95.172.94.13,443,TLSv12,TLS_ECDHE_RSA_WITH_AES_128_GCM_SHA256,,pixel.quantserve.com,True,True,CsiI,,,,1a5fe5677b0e4fbbc854e8908225637d,fbe78c619e7ea20046131294ad087f05,,,2452.405853,10.0.2.15,58242,95.172.94.13,443,tcp,7.912433999999848,1208.0,515.0,SF,True,False,0,ShADadfF,9,1576,9,879,ssl,0
2452.932596,C1AU2t3WgRb1k2H2jh,10.0.2.15,58241,95.100.191.4,443,TLSv12,TLS_ECDHE_RSA_WITH_AES_256_GCM_SHA384,,sb.scorecardresearch.com,True,True,CsiI,,,,1a5fe5677b0e4fbbc854e8908225637d,410b9bedaf65dd26c6fe547154d60db4,http/1.1,,2452.402897,10.0.2.15,58241,95.100.191.4,443,tcp,6.575631000000158,599.0,183.0,SF,True,False,0,ShADadFRfr,9,967,9,547,ssl,0
2452.933634,CQn7hX2LHtjSDynQQc,10.0.2.15,58240,209.197.3.19,443,TLSv12,TLS_ECDHE_RSA_WITH_AES_128_GCM_SHA256,,servedby.flashtalking.com,True,True,CsiI,,,,1a5fe5677b0e4fbbc854e8908225637d,c6227321ea7621862dc7b7351771a62c,,,2452.400777,10.0.2.15,58240,209.197.3.19,443,tcp,7.607625000000098,1127.0,822.0,SF,True,False,0,ShADadfF,9,1495,9,1186,ssl,0
2452.936788,CH1YVKPvptY0BBo2a,10.0.2.15,58238,107.22.192.108,443,TLSv12,TLS_ECDHE_RSA_WITH_AES_128_GCM_SHA256,,tap.rubiconproject.com,True,True,CsiI,,,,0ffee3ba8e615ad22535e7f771690a28,303951d4c50efb2e991652225a6f02b1,,,2452.384921,10.0.2.15,58238,107.22.192.108,443,tcp,65.6627410000001,4504.0,710.0,SF,True,False,0,ShADadTFf,16,5158,17,1394,ssl,0
2452.938521,C6MGT7220bnWB86Qik,10.0.2.15,58237,34.249.129.150,443,TLSv12,TLS_ECDHE_RSA_WITH_AES_128_GCM_SHA256,,ml314.com,True,True,CsiI,,,,0ffee3ba8e615ad22535e7f771690a28,303951d4c50efb2e991652225a6f02b1,,,2452.383381,10.0.2.15,58237,34.249.129.150,443,tcp,82.73613999999998,2260.0,13113.0,SF,True,False,0,ShADadTFf,24,3234,32,14397,ssl,0
2452.909643,Cq5WlhfZMXuuA4S9i,10.0.2.15,58233,169.47.30.64,443,TLSv12,TLS_RSA_WITH_AES_256_CBC_SHA,,stags.bluekai.com,False,True,CsxnGIi,"['f3e2a1e01c5e2e8f20022b198cde61baf841fcf748c4639eea3fd3db4785c81d', 'e0898ad662474b9f753c79bea878031c9a5d634a49edd6310b960ab023c02c0e']",[],1.0,0ffee3ba8e615ad22535e7f771690a28,f4fb99c318cd91a4dfff259227ba977b,http/1.1,,2451.475189,10.0.2.15,58233,169.47.30.64,443,tcp,39.25705400000015,1037.0,3716.0,SF,True,False,0,ShADadTfF,14,1608,17,4400,ssl,0
2452.92626,CS8e3Z32uW61GNNrBa,10.0.2.15,58235,216.52.1.12,443,TLSv12,TLS_ECDHE_RSA_WITH_AES_128_GCM_SHA256,secp256r1,loadm.exelator.com,False,True,CsxknGIti,"['df7c62f472c1d3b0d062e9ed1c65f67a88aad738cc232a6b40b55a446e9092f9', '973a41276ffd01e027a2aad49e34c37846d3e976ff6a620b6712e33832041aa6', '3a2fbe92891e57fe05d57087f48e730f17e5a5f53ef403d618e5b74d7a7e6ecb', 'c3846bf24b9e93ca64274c0ec67c1ecc5e024ffcacd2d74019350e81fe546ae4']",[],1.0,1a5fe5677b0e4fbbc854e8908225637d,ccc514751b175866924439bdbb5bba34,,,2451.530888,10.0.2.15,58235,216.52.1.12,443,tcp,9.982394000000111,3933.0,6271.0,SF,True,False,0,ShADadfF,14,4501,18,6995,ssl,0
2453.183107,C3DFMJ2JeiI3SAEmz6,10.0.2.15,58247,35.164.98.49,443,TLSv12,TLS_ECDHE_RSA_WITH_AES_128_GCM_SHA256,,r.nexac.com,True,True,CsiI,,,,0ffee3ba8e615ad22535e7f771690a28,303951d4c50efb2e991652225a6f02b1,,,2452.477969,10.0.2.15,58247,35.164.98.49,443,tcp,65.58389799999986,812.0,453.0,SF,True,False,0,ShADadTFf,14,1386,15,1057,ssl,0
2452.940774,CMMsK34I9MSDaao5jl,10.0.2.15,58248,54.192.93.137,443,TLSv12,TLS_ECDHE_RSA_WITH_AES_128_GCM_SHA256,secp256r1,px.surveywall-api.survata.com,False,True,CsxuknGIti,"['f24aa69d85fb214f16ea6c7063989b9b3fe4831672d38313dd41c94bfab2a739', '02ab57e4e67a0cb48dd2ff34830e8ac40f4476fb08ca6be3f5cd846f646840f0', '4f32d5dc00f715250abcc486511e37f501a899deb3bf7ea8adbbd3aef1c412da']",[],1.0,0ffee3ba8e615ad22535e7f771690a28,76cc3e2d3028143b23ec18e27dbd7ca9,http/1.1,,2452.480942,10.0.2.15,58248,54.192.93.137,443,tcp,126.30521799999995,743.0,6286.0,SF,True,False,0,ShADadTTFf,23,1682,27,7370,ssl,0
2452.934279,CVDn5p2LGJajM1FSm7,10.0.2.15,58239,79.125.117.125,443,TLSv12,TLS_ECDHE_RSA_WITH_AES_128_GCM_SHA256,secp256r1,s.thebrighttag.com,False,True,CsxknGIti,"['580ae33f386ad898ea077ea63de3b629646f7ca01c5e69f745d30ed28b9096e3', 'eae72eb454bf6c3977ebd289e970b2f5282949190093d0d26f98d0f0d6a9cf17', '8420dfbe376f414bf4c0a81e6936d24ccc03f304835b86c7a39142fca723a689']",[],1.0,0ffee3ba8e615ad22535e7f771690a28,ccc514751b175866924439bdbb5bba34,,,2452.387727,10.0.2.15,58239,79.125.117.125,443,tcp,74.45704700000033,1236.0,5240.0,SF,True,False,0,ShADadTFf,17,1930,20,6044,ssl,0
2452.939624,C8iabF30M8peOIU7Rg,10.0.2.15,58236,204.236.239.173,443,TLSv12,TLS_ECDHE_RSA_WITH_AES_128_GCM_SHA256,secp256r1,usermatch.krxd.net,False,True,CsxknGIi,"['801848f55bb97f055d1e2f3f6c8094cf12d7b6285a7ed7c20bf39440c6cb5f8e', '973a41276ffd01e027a2aad49e34c37846d3e976ff6a620b6712e33832041aa6', '3a2fbe92891e57fe05d57087f48e730f17e5a5f53ef403d618e5b74d7a7e6ecb', 'c3846bf24b9e93ca64274c0ec67c1ecc5e024ffcacd2d74019350e81fe546ae4']",[],1.0,0ffee3ba8e615ad22535e7f771690a28,303951d4c50efb2e991652225a6f02b1,,,2452.375363,10.0.2.15,58236,204.236.239.173,443,tcp,74.62956200000008,736.0,5663.0,SF,True,False,0,ShADadTFf,19,1510,21,6507,ssl,0
2442.468811,CHNNCA1T9tX9MG1uk4,10.0.2.15,58178,37.252.172.40,443,TLSv12,TLS_ECDHE_RSA_WITH_AES_256_GCM_SHA384,secp256r1,secure.adnxs.com,False,True,CsxuknGIti,"['5b081650e8034418a37504ce0820892be5a66474578207711eb688243fe1a8f2', '074541ecdf88ed992ed5ade3ecddef27a26ba1b44480a195c0a8dadae2521d8e']",[],1.0,0ffee3ba8e615ad22535e7f771690a28,d53e4608f956df65bb2b8a8c4d3b025d,,,2440.960042,10.0.2.15,58178,37.252.172.40,443,tcp,24.12242699999979,2906.0,8140.0,SF,True,False,0,ShADadfF,17,3594,21,8984,ssl,0
2440.953977,CUhxaR30oe42LKyr92,10.0.2.15,58158,173.241.240.220,443,TLSv12,TLS_ECDHE_RSA_WITH_AES_128_GCM_SHA256,secp256r1,sbnationbidder-d.openx.net,False,True,CsxknGIi,"['ab7de06ea7a3de3225f335667d38750434931049f9e9cb0cb4a9caf5df22819c', '074541ecdf88ed992ed5ade3ecddef27a26ba1b44480a195c0a8dadae2521d8e']",[],1.0,0ffee3ba8e615ad22535e7f771690a28,699a80bdb17efe157c861f92c5bf5d1d,,,2439.773034,10.0.2.15,58158,173.241.240.220,443,tcp,54.08000300000003,6044.0,14048.0,SF,True,False,0,ShADadTfF,26,7095,35,15452,ssl,0
2452.928658,CA6SuF3k1gLrCbZCE1,10.0.2.15,58231,54.214.47.183,443,TLSv12,TLS_ECDHE_RSA_WITH_AES_128_GCM_SHA256,secp256r1,ag.innovid.com,False,True,CsxknGIi,"['9d0da0ae792ff4d61a54ac8b250de8ed90ae3ad2bef1f9c297f4f353e16d454d', 'bc3f03a436240edba5f83714f6f677e34b37f9b1f0c08c1e558d981e279e8209']",[],1.0,0ffee3ba8e615ad22535e7f771690a28,303951d4c50efb2e991652225a6f02b1,,,2451.473612,10.0.2.15,58231,54.214.47.183,443,tcp,75.44675900000038,743.0,3123.0,SF,True,False,0,ShADadTFf,16,1397,18,3847,ssl,0
2423.057008,Ch34LM1y1n5Ahxy9og,10.0.2.15,58086,188.125.66.34,443,TLSv12,TLS_ECDHE_RSA_WITH_AES_128_GCM_SHA256,secp256r1,cms.analytics.yahoo.com,False,True,CsxknGIti,"['09288344a9b65850c4353a2d0fb8ab911595408ae9f317b605232560f3d1a45b', 'eae72eb454bf6c3977ebd289e970b2f5282949190093d0d26f98d0f0d6a9cf17', '8420dfbe376f414bf4c0a81e6936d24ccc03f304835b86c7a39142fca723a689']",[],1.0,0ffee3ba8e615ad22535e7f771690a28,b898351eb5e266aefd3723d466935494,http/1.1,,2420.291973,10.0.2.15,58086,188.125.66.34,443,tcp,34.80518299999994,326.0,4851.0,SF,True,False,0,ShADadFTRfr,12,815,14,5415,ssl,0
2442.527786,C6yiUG1D3x5taAwpVi,10.0.2.15,58179,37.252.172.40,443,TLSv12,TLS_ECDHE_RSA_WITH_AES_256_GCM_SHA384,secp256r1,secure.adnxs.com,False,True,CsxuknGIti,"['5b081650e8034418a37504ce0820892be5a66474578207711eb688243fe1a8f2', '074541ecdf88ed992ed5ade3ecddef27a26ba1b44480a195c0a8dadae2521d8e']",[],1.0,0ffee3ba8e615ad22535e7f771690a28,d53e4608f956df65bb2b8a8c4d3b025d,,,2440.960999,10.0.2.15,58179,37.252.172.40,443,tcp,24.576618999999937,2926.0,8140.0,SF,True,False,0,ShADadfF,16,3574,20,8944,ssl,0
2456.78069,COnWms2i4WBlfPZQdg,10.0.2.15,58252,54.194.99.187,443,TLSv12,TLS_ECDHE_RSA_WITH_AES_128_GCM_SHA256,,p.skimresources.com,True,True,CsiI,,,,0ffee3ba8e615ad22535e7f771690a28,303951d4c50efb2e991652225a6f02b1,,,2456.484994,10.0.2.15,58252,54.194.99.187,443,tcp,7.420893999999862,310.0,176.0,SF,True,False,0,ShADadFfRr,8,638,9,540,ssl,0
2456.785609,C11NGt9eMm8gTKfAf,10.0.2.15,58251,54.194.99.187,443,TLSv12,TLS_ECDHE_RSA_WITH_AES_128_GCM_SHA256,,p.skimresources.com,True,True,CsiI,,,,0ffee3ba8e615ad22535e7f771690a28,303951d4c50efb2e991652225a6f02b1,,,2456.483979,10.0.2.15,58251,54.194.99.187,443,tcp,7.386642999999822,310.0,176.0,SF,True,False,0,ShADadFfRr,8,638,9,540,ssl,0
2456.786269,CB8vgO2nOdMubm4Vu,10.0.2.15,58250,52.30.58.217,443,TLSv12,TLS_ECDHE_RSA_WITH_AES_128_GCM_SHA256,,r.skimresources.com,True,True,CsiI,,,,0ffee3ba8e615ad22535e7f771690a28,303951d4c50efb2e991652225a6f02b1,,,2456.483461,10.0.2.15,58250,52.30.58.217,443,tcp,7.393794000000071,310.0,176.0,SF,True,False,0,ShADadFRfr,8,638,9,540,ssl,0
2456.805191,CilcXR19k0XNxAN9od,10.0.2.15,58249,95.172.94.13,443,TLSv12,TLS_ECDHE_RSA_WITH_AES_128_GCM_SHA256,,pixel.quantserve.com,True,True,CsiI,,,,1a5fe5677b0e4fbbc854e8908225637d,fbe78c619e7ea20046131294ad087f05,,,2456.482617,10.0.2.15,58249,95.172.94.13,443,tcp,5.029681999999866,1997.0,482.0,SF,True,False,0,ShADadfF,8,2325,9,846,ssl,0
2443.186767,C0BhvI2PzSfk9CbKV8,10.0.2.15,58183,157.240.11.35,443,TLSv12,TLS_ECDHE_ECDSA_WITH_AES_128_GCM_SHA256,secp256r1,www.facebook.com,False,True,CsxknGIti,"['152151b387412a95ab90fd4664f2d98880408e9e43913124e4c91226a483386b', '19400be5b7a31fb733917700789d2f0a2471c0c9d506c0e504c06c16d7cb17c0']",[],1.0,0ffee3ba8e615ad22535e7f771690a28,2d1eb5817ece335c24904f516ad5da12,h2,,2441.202538,10.0.2.15,58183,157.240.11.35,443,tcp,85.98220200000014,1460.0,4418.0,SF,True,False,0,ShADadfF,15,2068,19,5182,ssl,0
2429.679412,C1PHLf4M60nPwxKyL9,10.0.2.15,58100,191.236.16.12,443,TLSv12,TLS_ECDHE_RSA_WITH_AES_256_CBC_SHA,secp256r1,kr.ixiaa.com,False,True,CsxknGIi,"['0b239b737d74dc7bc7259c78c17de4c0b5765c74c311d0915e4c442292e574fb', '19400be5b7a31fb733917700789d2f0a2471c0c9d506c0e504c06c16d7cb17c0']",[],1.0,0ffee3ba8e615ad22535e7f771690a28,20992b30dc416d990d2dc152223779ba,,,2429.467219,10.0.2.15,58100,191.236.16.12,443,tcp,32.829907999999705,392.0,3074.0,SF,True,False,0,^hADadTFf,11,834,12,3558,ssl,0
2461.521154,CywrypUM9gWJjpo1g,10.0.2.15,58253,172.217.23.238,443,TLSv12,TLS_ECDHE_ECDSA_WITH_AES_128_GCM_SHA256,,www.youtube.com,True,True,CsiI,,,,1a5fe5677b0e4fbbc854e8908225637d,c23237dbea656869600e48dfbd00ab7b,h2,,2460.809404,10.0.2.15,58253,172.217.23.238,443,tcp,188.0399979999997,1574.0,18225.0,SF,True,False,0,ShADadFf,29,2742,43,19949,ssl,0
2462.203832,CMI6ib45ZLawtaWfO7,10.0.2.15,58254,54.247.81.29,443,TLSv12,TLS_ECDHE_RSA_WITH_AES_128_GCM_SHA256,,beacon.krxd.net,True,True,CsiI,,,,0ffee3ba8e615ad22535e7f771690a28,303951d4c50efb2e991652225a6f02b1,,,2461.734825,10.0.2.15,58254,54.247.81.29,443,tcp,8.150293000000147,2971.0,1769.0,SF,True,False,0,ShADadFf,14,3539,14,2333,ssl,0
2462.349018,CD0RQV1q1ZmQJPQuXb,10.0.2.15,58260,54.247.81.29,443,TLSv12,TLS_ECDHE_RSA_WITH_AES_128_GCM_SHA256,,beacon.krxd.net,True,True,CsiI,,,,0ffee3ba8e615ad22535e7f771690a28,303951d4c50efb2e991652225a6f02b1,,,2462.076389,10.0.2.15,58260,54.247.81.29,443,tcp,9.13048800000024,2158.0,1769.0,SF,True,False,0,ShADadfF,14,2726,14,2333,ssl,0
2462.35321,CFynZG1AHBz7xFC6Q5,10.0.2.15,58258,54.247.81.29,443,TLSv12,TLS_ECDHE_RSA_WITH_AES_128_GCM_SHA256,,beacon.krxd.net,True,True,CsiI,,,,0ffee3ba8e615ad22535e7f771690a28,303951d4c50efb2e991652225a6f02b1,,,2462.055786,10.0.2.15,58258,54.247.81.29,443,tcp,4.982202000000143,1200.0,1239.0,SF,True,False,0,ShADadFf,10,1608,11,1683,ssl,0
2462.35737,Cyha2q1lWFlBJJjQsh,10.0.2.15,58257,54.247.81.29,443,TLSv12,TLS_ECDHE_RSA_WITH_AES_128_GCM_SHA256,,beacon.krxd.net,True,True,CsiI,,,,0ffee3ba8e615ad22535e7f771690a28,303951d4c50efb2e991652225a6f02b1,,,2462.007478,10.0.2.15,58257,54.247.81.29,443,tcp,5.055780000000141,1226.0,1238.0,SF,True,False,0,ShADadFf,11,1674,11,1682,ssl,0
2462.618639,Ch3MXG2B6qshp9bixe,10.0.2.15,58261,151.101.112.84,443,TLSv12,TLS_ECDHE_RSA_WITH_AES_128_GCM_SHA256,secp256r1,widgets.pinterest.com,False,True,CsxuknGIti,"['f4e51395ad2a5748284f72c5726b0c36d004a1400672e97a04aaa66629a6dbd0', '19400be5b7a31fb733917700789d2f0a2471c0c9d506c0e504c06c16d7cb17c0']",[],1.0,0ffee3ba8e615ad22535e7f771690a28,860fcf58fd757e26aa8911e5eaff6b53,http/1.1,,2462.369169,10.0.2.15,58261,151.101.112.84,443,tcp,129.01410399999986,1139.0,5133.0,RSTO,True,False,0,ShADadTTFR,25,2159,26,6177,ssl,0
2462.34416,CPbtOG2rTYxHPdrg61,10.0.2.15,58255,52.205.73.52,443,TLSv12,TLS_ECDHE_RSA_WITH_AES_128_GCM_SHA256,secp256r1,capture.condenastdigital.com,False,True,CsxknGIi,"['387cdd4e90ba264d0ad925de1ea8fe943a827599b515520fd9ccb855f7610c9b', 'f55f9ffcb83c73453261601c7e044db15a0f034b93c05830f28635ef889cf670', '87dcd4dc74640a322cd205552506d1be64f12596258096544986b4850bc72706', '28689b30e4c306aab53b027b29e36ad6dd1dcf4b953994482ca84bdc1ecac996']",[],1.0,0ffee3ba8e615ad22535e7f771690a28,303951d4c50efb2e991652225a6f02b1,,,2461.820852,10.0.2.15,58255,52.205.73.52,443,tcp,65.694344,1347.0,5335.0,SF,True,False,0,ShADadTFf,16,2001,20,6139,ssl,0
2412.141734,ChaCv61I5Pa6ao0R09,10.0.2.15,58010,31.13.66.5,443,TLSv12,TLS_ECDHE_ECDSA_WITH_AES_128_GCM_SHA256,,connect.facebook.net,False,False,Cs,,,,0ffee3ba8e615ad22535e7f771690a28,2d1eb5817ece335c24904f516ad5da12,h2,,2410.107169,10.0.2.15,58010,31.13.66.5,443,tcp,47.05597500000022,197.0,1410.0,RSTO,True,False,0,ShADaTFdR,8,528,7,1694,ssl,0
2463.248226,CTpKgb2DYuTAP0lih,10.0.2.15,58265,54.247.81.29,443,TLSv12,TLS_ECDHE_RSA_WITH_AES_128_GCM_SHA256,,beacon.krxd.net,True,True,CsiI,,,,0ffee3ba8e615ad22535e7f771690a28,303951d4c50efb2e991652225a6f02b1,,,2462.606874,10.0.2.15,58265,54.247.81.29,443,tcp,5.16188000000011,1184.0,1238.0,SF,True,False,0,ShADadFf,10,1592,11,1682,ssl,0
2463.252266,CS18u7t1Uq2S33Bt1,10.0.2.15,58264,54.247.81.29,443,TLSv12,TLS_ECDHE_RSA_WITH_AES_128_GCM_SHA256,,beacon.krxd.net,True,True,CsiI,,,,0ffee3ba8e615ad22535e7f771690a28,303951d4c50efb2e991652225a6f02b1,,,2462.60591,10.0.2.15,58264,54.247.81.29,443,tcp,5.149829999999838,1179.0,1238.0,SF,True,False,0,ShADadFf,10,1587,11,1682,ssl,0
2462.562398,C8pS5H1Tq0cYmhVQX4,10.0.2.15,58259,31.13.74.1,443,TLSv12,TLS_ECDHE_ECDSA_WITH_AES_128_GCM_SHA256,secp256r1,api.facebook.com,False,True,CsxknGIti,"['152151b387412a95ab90fd4664f2d98880408e9e43913124e4c91226a483386b', '19400be5b7a31fb733917700789d2f0a2471c0c9d506c0e504c06c16d7cb17c0']",[],1.0,0ffee3ba8e615ad22535e7f771690a28,2d1eb5817ece335c24904f516ad5da12,h2,,2462.066304,10.0.2.15,58259,31.13.74.1,443,tcp,67.80216100000007,932.0,4543.0,SF,True,False,0,ShADadfF,15,1540,18,5267,ssl,0
2463.246205,CaFMmy2aLaM9f65ug3,10.0.2.15,58266,173.241.240.143,443,TLSv12,TLS_ECDHE_RSA_WITH_AES_128_GCM_SHA256,secp256r1,us-u.openx.net,False,True,CsxknGIi,"['ab7de06ea7a3de3225f335667d38750434931049f9e9cb0cb4a9caf5df22819c', '074541ecdf88ed992ed5ade3ecddef27a26ba1b44480a195c0a8dadae2521d8e']",[],1.0,0ffee3ba8e615ad22535e7f771690a28,699a80bdb17efe157c861f92c5bf5d1d,,,2462.627272,10.0.2.15,58266,173.241.240.143,443,tcp,32.65767899999992,925.0,3751.0,SF,True,False,0,ShADadTfF,12,1415,14,4315,ssl,0
2463.245039,CQ8C0x1kNIMBvhZmZg,10.0.2.15,58262,199.16.156.241,443,TLSv12,TLS_ECDHE_RSA_WITH_AES_128_GCM_SHA256,secp256r1,syndication.twitter.com,False,True,CsxknGIti,"['75e85da383dbf4ced92713e6768c061d0aca2ee11ea14e2a1486adb26098b2de', '19400be5b7a31fb733917700789d2f0a2471c0c9d506c0e504c06c16d7cb17c0']",[],1.0,0ffee3ba8e615ad22535e7f771690a28,8d2a028aa94425f76ced7826b1f39039,h2,,2462.603578,10.0.2.15,58262,199.16.156.241,443,tcp,186.393341,6099.0,5043.0,RSTO,True,False,0,ShADadFR,26,7147,28,6167,ssl,0
2463.253823,CdEb0x2aB1TyCBNmea,10.0.2.15,58263,68.232.35.172,443,TLSv12,TLS_ECDHE_RSA_WITH_AES_128_GCM_SHA256,secp256r1,cdn.syndication.twimg.com,False,True,CsxuknGIti,"['498dfbfa068ce7e3252a308f9578608d3df2d287b5b9284571f7d3ed43ba3ab0', '19400be5b7a31fb733917700789d2f0a2471c0c9d506c0e504c06c16d7cb17c0', '7431e5f4c3c1ce4690774f0b61e05440883ba9a01ed00ba6abd7806ed3b118cf']",[],1.0,0ffee3ba8e615ad22535e7f771690a28,76cc3e2d3028143b23ec18e27dbd7ca9,http/1.1,,2462.605266,10.0.2.15,58263,68.232.35.172,443,tcp,130.29830300000003,856.0,10649.0,RSTO,True,False,0,ShADadTTFR,27,1956,32,11933,ssl,0
2463.256106,CCBKit38hqueoO3H4e,10.0.2.15,58270,62.67.193.91,443,TLSv12,TLS_RSA_WITH_AES_256_CBC_SHA,,token.rubiconproject.com,False,True,CsxnGIi,"['323de379ee34a94e415f63b56183d0d5d0e5a863f4ac89f97dc40ae81cc021c8', '154c433c491929c5ef686e838e323664a00e6a0d822ccc958fb4dab03e49a08f']",[],1.0,0ffee3ba8e615ad22535e7f771690a28,0a917d753018dad73d9899ace370f8d8,,,2462.646764,10.0.2.15,58270,62.67.193.91,443,tcp,103.3494209999999,4825.0,3140.0,SF,True,False,0,ShADadTTfF,23,5763,23,4064,ssl,0
2463.257285,CZHjOw16VkRrqEZJHi,10.0.2.15,58269,173.241.240.220,443,TLSv12,TLS_ECDHE_RSA_WITH_AES_128_GCM_SHA256,secp256r1,sbnationbidder-d.openx.net,False,True,CsxknGIi,"['ab7de06ea7a3de3225f335667d38750434931049f9e9cb0cb4a9caf5df22819c', '074541ecdf88ed992ed5ade3ecddef27a26ba1b44480a195c0a8dadae2521d8e']",[],1.0,0ffee3ba8e615ad22535e7f771690a28,699a80bdb17efe157c861f92c5bf5d1d,,,2462.637857,10.0.2.15,58269,173.241.240.220,443,tcp,33.178747999999814,2020.0,3270.0,SF,True,False,0,ShADadTfF,14,2590,15,3874,ssl,0
2463.259186,CBSYD04kfH6yDFQFA8,10.0.2.15,58267,173.241.240.220,443,TLSv12,TLS_ECDHE_RSA_WITH_AES_128_GCM_SHA256,secp256r1,sbnationbidder-d.openx.net,False,True,CsxknGIi,"['ab7de06ea7a3de3225f335667d38750434931049f9e9cb0cb4a9caf5df22819c', '074541ecdf88ed992ed5ade3ecddef27a26ba1b44480a195c0a8dadae2521d8e']",[],1.0,0ffee3ba8e615ad22535e7f771690a28,699a80bdb17efe157c861f92c5bf5d1d,,,2462.629846,10.0.2.15,58267,173.241.240.220,443,tcp,8.450197000000117,392.0,3124.0,SF,True,False,0,ShADadFfRr,10,800,12,3608,ssl,0
2463.258234,CX18cq2RV9djvHT304,10.0.2.15,58268,173.241.240.220,443,TLSv12,TLS_ECDHE_RSA_WITH_AES_128_GCM_SHA256,secp256r1,sbnationbidder-d.openx.net,False,True,CsxknGIi,"['ab7de06ea7a3de3225f335667d38750434931049f9e9cb0cb4a9caf5df22819c', '074541ecdf88ed992ed5ade3ecddef27a26ba1b44480a195c0a8dadae2521d8e']",[],1.0,0ffee3ba8e615ad22535e7f771690a28,699a80bdb17efe157c861f92c5bf5d1d,,,2462.637326,10.0.2.15,58268,173.241.240.220,443,tcp,8.44700899999998,392.0,3124.0,SF,True,False,0,ShADadFfRr,11,840,12,3608,ssl,0
2412.296394,CfStQv39XK2SN4fOD2,10.0.2.15,58012,35.164.98.49,443,TLSv12,TLS_ECDHE_RSA_WITH_AES_128_GCM_SHA256,,r.nexac.com,False,False,Cs,,,,0ffee3ba8e615ad22535e7f771690a28,303951d4c50efb2e991652225a6f02b1,,,2410.119056,10.0.2.15,58012,35.164.98.49,443,tcp,49.40074899999991,188.0,1460.0,RSTR,True,False,0,ShADaTFdRr,10,600,10,1864,ssl,0
2464.386495,CrSIbN16zXzz4jlcma,10.0.2.15,58272,216.58.201.98,443,TLSv12,TLS_ECDHE_RSA_WITH_AES_128_GCM_SHA256,,cm.g.doubleclick.net,True,True,CsiI,,,,1a5fe5677b0e4fbbc854e8908225637d,67619a80665d7ab92d1041b1d11f9164,h2,,2463.327352,10.0.2.15,58272,216.58.201.98,443,tcp,185.5042620000004,1371.0,1279.0,SF,True,False,0,ShADadFf,20,2179,21,2123,ssl,0
2464.388101,Cb22Z930QQR6DWphx5,10.0.2.15,58271,176.34.177.133,443,TLSv12,TLS_ECDHE_RSA_WITH_AES_128_GCM_SHA256,,match.adsrvr.org,True,True,CsiI,,,,0ffee3ba8e615ad22535e7f771690a28,303951d4c50efb2e991652225a6f02b1,,,2463.260118,10.0.2.15,58271,176.34.177.133,443,tcp,64.52271500000006,2850.0,3139.0,SF,True,False,0,ShADadTFf,18,3584,20,3943,ssl,0
2464.389481,CWm6Rk1CUyCoJFetza,10.0.2.15,58273,151.101.112.68,443,TLSv12,TLS_ECDHE_RSA_WITH_AES_128_GCM_SHA256,secp256r1,odb.outbrain.com,False,True,CsxuknGIti,"['5090ac914b8591c2225e175eac7f86d7e187347a6426dac49a652a30bf3cadfe', '74ef335e5e18788307fb9d89cb704bec112abd23487dbff41c4ded5070f241d9']",[],1.0,0ffee3ba8e615ad22535e7f771690a28,860fcf58fd757e26aa8911e5eaff6b53,http/1.1,,2463.400229,10.0.2.15,58273,151.101.112.68,443,tcp,130.41813600000023,2491.0,18355.0,SF,True,False,0,ShADadTTFfRr,34,3871,45,20159,ssl,0
2412.205719,CCownQ3sXxFs5m449i,10.0.2.15,58011,35.164.98.49,443,TLSv12,TLS_ECDHE_RSA_WITH_AES_128_GCM_SHA256,,r.nexac.com,False,False,Cs,,,,0ffee3ba8e615ad22535e7f771690a28,303951d4c50efb2e991652225a6f02b1,,,2410.115091,10.0.2.15,58011,35.164.98.49,443,tcp,48.39130399999976,188.0,1420.0,RSTO,True,False,0,ShADaTFdR,8,519,7,1704,ssl,0
2443.187458,CZBONR2AoTTqtOMtkl,10.0.2.15,58182,157.240.11.35,443,TLSv12,TLS_ECDHE_ECDSA_WITH_AES_128_GCM_SHA256,secp256r1,www.facebook.com,False,True,CsxknGIti,"['152151b387412a95ab90fd4664f2d98880408e9e43913124e4c91226a483386b', '19400be5b7a31fb733917700789d2f0a2471c0c9d506c0e504c06c16d7cb17c0']",[],1.0,0ffee3ba8e615ad22535e7f771690a28,2d1eb5817ece335c24904f516ad5da12,h2,,2441.199666,10.0.2.15,58182,157.240.11.35,443,tcp,29.557988999999907,1182.0,4203.0,SF,True,False,0,ShADadFfRr,15,1790,18,4927,ssl,0
2470.217287,COwX5t42wkyrQODax1,10.0.2.15,58289,172.217.23.226,443,TLSv12,TLS_ECDHE_RSA_WITH_AES_128_GCM_SHA256,,googleads.g.doubleclick.net,True,True,CsiI,,,,1a5fe5677b0e4fbbc854e8908225637d,67619a80665d7ab92d1041b1d11f9164,h2,,2469.199604,10.0.2.15,58289,172.217.23.226,443,tcp,133.74646500000017,1821.0,1733.0,RSTO,True,False,0,ShADadFR,19,2589,20,2537,ssl,0
2476.679344,CRjdhx4FJRWhIwHlEc,10.0.2.15,58311,95.101.245.55,443,TLSv12,TLS_ECDHE_RSA_WITH_AES_256_GCM_SHA384,,widgets.outbrain.com,True,True,CsiI,,,,1a5fe5677b0e4fbbc854e8908225637d,410b9bedaf65dd26c6fe547154d60db4,http/1.1,,2472.964379,10.0.2.15,58311,95.101.245.55,443,tcp,21.291631999999936,599.0,183.0,RSTO,True,False,0,ShADadFR,8,935,7,467,ssl,0
2476.684308,CPhOGT1V12nsjIWZJl,10.0.2.15,58322,199.96.57.6,443,TLSv12,TLS_ECDHE_RSA_WITH_AES_128_GCM_SHA256,,platform.twitter.com,True,True,CsiI,,,,1a5fe5677b0e4fbbc854e8908225637d,d199ba0af2b08e204c73d6d81a1fd260,http/1.1,,2473.061787,10.0.2.15,58322,199.96.57.6,443,tcp,14.814375999999813,599.0,187.0,SF,True,False,0,ShADadFfRr,9,975,9,551,ssl,0
2476.683402,CgpfXGKJEYS20yYve,10.0.2.15,58323,8.30.11.14,443,TLSv12,TLS_DHE_RSA_WITH_AES_256_CBC_SHA,,sync.1rx.io,True,True,CsiI,,,,0ffee3ba8e615ad22535e7f771690a28,d90fa179c9daf35598ed8341272118f7,,,2473.062822,10.0.2.15,58323,8.30.11.14,443,tcp,15.349185999999918,348.0,165.0,SF,True,False,0,ShADadFf,9,724,7,449,ssl,0
2476.445329,Cf2CbX35ApeL5bEPK6,10.0.2.15,58307,95.101.245.55,443,TLSv12,TLS_ECDHE_RSA_WITH_AES_256_GCM_SHA384,secp256r1,images.outbrain.com,False,True,CsxknGIti,"['51ad7b30860dee6d7a5b351d2867ea37788e07893f3c69f2dc13d82bdf31f7ec', 'eae72eb454bf6c3977ebd289e970b2f5282949190093d0d26f98d0f0d6a9cf17', '8420dfbe376f414bf4c0a81e6936d24ccc03f304835b86c7a39142fca723a689']",[],1.0,0ffee3ba8e615ad22535e7f771690a28,2b33c1374db4ddf06942f92373c0b54b,http/1.1,,2472.856183,10.0.2.15,58307,95.101.245.55,443,tcp,155.3909990000002,2361.0,109118.0,SF,True,False,0,ShADadTTFfRr,84,5750,147,115002,ssl,0
2476.446289,CYkwzi4CSxc04jmO96,10.0.2.15,58306,95.101.245.55,443,TLSv12,TLS_ECDHE_RSA_WITH_AES_256_GCM_SHA384,secp256r1,images.outbrain.com,False,True,CsxknGIti,"['51ad7b30860dee6d7a5b351d2867ea37788e07893f3c69f2dc13d82bdf31f7ec', 'eae72eb454bf6c3977ebd289e970b2f5282949190093d0d26f98d0f0d6a9cf17', '8420dfbe376f414bf4c0a81e6936d24ccc03f304835b86c7a39142fca723a689']",[],1.0,0ffee3ba8e615ad22535e7f771690a28,2b33c1374db4ddf06942f92373c0b54b,http/1.1,,2472.850203,10.0.2.15,58306,95.101.245.55,443,tcp,72.40466800000013,2361.0,201782.0,RSTR,True,False,0,ShADadTFRr,125,7379,237,211266,ssl,0
2474.092584,Ci35ir209gAaiuZKng,10.0.2.15,58302,199.96.57.6,443,TLSv12,TLS_ECDHE_RSA_WITH_AES_128_GCM_SHA256,,platform.twitter.com,True,True,CsiI,,,,1a5fe5677b0e4fbbc854e8908225637d,d199ba0af2b08e204c73d6d81a1fd260,http/1.1,,2471.889677,10.0.2.15,58302,199.96.57.6,443,tcp,34.73068999999987,1250.0,1576.0,RSTO,True,False,0,ShADadFTR,9,1619,9,1940,ssl,0
2477.570634,CBbWGA4mZC9XT5ozZi,10.0.2.15,58331,95.101.245.55,443,TLSv12,TLS_ECDHE_RSA_WITH_AES_256_GCM_SHA384,,widgets.outbrain.com,True,True,CsiI,,,,1a5fe5677b0e4fbbc854e8908225637d,410b9bedaf65dd26c6fe547154d60db4,http/1.1,,2473.228356,10.0.2.15,58331,95.101.245.55,443,tcp,20.91692299999977,599.0,152.0,SF,True,False,0,ShADadFf,9,975,7,436,ssl,0
2476.444695,CvTd7E4RVfwRcIsIZh,10.0.2.15,58308,95.101.245.55,443,TLSv12,TLS_ECDHE_RSA_WITH_AES_256_GCM_SHA384,secp256r1,images.outbrain.com,False,True,CsxknGIti,"['51ad7b30860dee6d7a5b351d2867ea37788e07893f3c69f2dc13d82bdf31f7ec', 'eae72eb454bf6c3977ebd289e970b2f5282949190093d0d26f98d0f0d6a9cf17', '8420dfbe376f414bf4c0a81e6936d24ccc03f304835b86c7a39142fca723a689']",[],1.0,0ffee3ba8e615ad22535e7f771690a28,2b33c1374db4ddf06942f92373c0b54b,http/1.1,,2472.859042,10.0.2.15,58308,95.101.245.55,443,tcp,149.43604300000015,2361.0,40888.0,SF,True,False,0,ShADadTTFfRr,41,4030,61,43332,ssl,0
2474.237127,CGxdWw1uK1qfC55gcl,10.0.2.15,58303,8.30.11.14,443,TLSv12,TLS_DHE_RSA_WITH_AES_256_CBC_SHA,,sync.1rx.io,True,True,CsiI,,,,0ffee3ba8e615ad22535e7f771690a28,d90fa179c9daf35598ed8341272118f7,,,2471.891411,10.0.2.15,58303,8.30.11.14,443,tcp,26.96720400000004,865.0,165.0,SF,True,False,0,ShADadfF,8,1193,8,489,ssl,0
2476.446935,CQfwrsXXSx0eip572,10.0.2.15,58305,95.101.245.55,443,TLSv12,TLS_ECDHE_RSA_WITH_AES_256_GCM_SHA384,secp256r1,images.outbrain.com,False,True,CsxknGIti,"['51ad7b30860dee6d7a5b351d2867ea37788e07893f3c69f2dc13d82bdf31f7ec', 'eae72eb454bf6c3977ebd289e970b2f5282949190093d0d26f98d0f0d6a9cf17', '8420dfbe376f414bf4c0a81e6936d24ccc03f304835b86c7a39142fca723a689']",[],1.0,0ffee3ba8e615ad22535e7f771690a28,2b33c1374db4ddf06942f92373c0b54b,http/1.1,,2472.841435,10.0.2.15,58305,95.101.245.55,443,tcp,72.33013500000015,2361.0,270522.0,RSTR,True,False,0,ShADadTFRr,162,8859,323,283446,ssl,0
2476.443856,CoGxNV17422YFQRzk1,10.0.2.15,58342,176.34.108.105,443,TLSv12,TLS_ECDHE_RSA_WITH_AES_128_GCM_SHA256,secp256r1,beacon.krxd.net,False,False,CsxknGI,"['801848f55bb97f055d1e2f3f6c8094cf12d7b6285a7ed7c20bf39440c6cb5f8e', '973a41276ffd01e027a2aad49e34c37846d3e976ff6a620b6712e33832041aa6', '3a2fbe92891e57fe05d57087f48e730f17e5a5f53ef403d618e5b74d7a7e6ecb', 'c3846bf24b9e93ca64274c0ec67c1ecc5e024ffcacd2d74019350e81fe546ae4']",[],1.0,0ffee3ba8e615ad22535e7f771690a28,303951d4c50efb2e991652225a6f02b1,,,2475.733747,10.0.2.15,58342,176.34.108.105,443,tcp,3.756112999999914,318.0,5191.0,SF,True,False,0,ShADadfF,9,686,11,5635,ssl,0
2476.685346,C7DnUh4SqwsAjJC0S4,10.0.2.15,58321,37.252.172.12,443,TLSv12,TLS_ECDHE_RSA_WITH_AES_256_GCM_SHA384,secp256r1,ib.adnxs.com,False,True,CsxuknGIti,"['5b081650e8034418a37504ce0820892be5a66474578207711eb688243fe1a8f2', '074541ecdf88ed992ed5ade3ecddef27a26ba1b44480a195c0a8dadae2521d8e']",[],1.0,0ffee3ba8e615ad22535e7f771690a28,d53e4608f956df65bb2b8a8c4d3b025d,,,2473.061288,10.0.2.15,58321,37.252.172.12,443,tcp,11.568168000000242,315.0,4867.0,RSTO,True,False,0,ShADadFR,10,731,9,5231,ssl,0
2476.686163,Ceshzx3dC4XzrYM6bf,10.0.2.15,58320,66.117.28.86,443,TLSv12,TLS_RSA_WITH_AES_256_CBC_SHA,,cm.everesttech.net,False,True,CsxnGIi,"['1dcf86c8106d52ccf4a9dc98a6c36a11671533906cb9e1c517075b65df21e850', '154c433c491929c5ef686e838e323664a00e6a0d822ccc958fb4dab03e49a08f']",[],1.0,0ffee3ba8e615ad22535e7f771690a28,759968158b0e1df906786a4b8c44bf39,http/1.1,,2473.060427,10.0.2.15,58320,66.117.28.86,443,tcp,15.466707000000042,590.0,2720.0,SF,True,False,0,ShADadFf,10,1006,9,3084,ssl,0
2476.692348,CRvdFa3uBjKFNOSb02,10.0.2.15,58325,95.101.245.55,443,TLSv12,TLS_ECDHE_RSA_WITH_AES_256_GCM_SHA384,secp256r1,images.outbrain.com,False,True,CsxknGIti,"['51ad7b30860dee6d7a5b351d2867ea37788e07893f3c69f2dc13d82bdf31f7ec', 'eae72eb454bf6c3977ebd289e970b2f5282949190093d0d26f98d0f0d6a9cf17', '8420dfbe376f414bf4c0a81e6936d24ccc03f304835b86c7a39142fca723a689']",[],1.0,0ffee3ba8e615ad22535e7f771690a28,2b33c1374db4ddf06942f92373c0b54b,http/1.1,,2473.106752,10.0.2.15,58325,95.101.245.55,443,tcp,11.734106999999767,322.0,4802.0,RSTO,True,False,0,ShADadFR,9,698,9,5166,ssl,0
2476.678622,CMBypm3k5fLbOiznQc,10.0.2.15,58309,95.101.245.55,443,TLSv12,TLS_ECDHE_RSA_WITH_AES_256_GCM_SHA384,secp256r1,images.outbrain.com,False,True,CsxknGIti,"['51ad7b30860dee6d7a5b351d2867ea37788e07893f3c69f2dc13d82bdf31f7ec', 'eae72eb454bf6c3977ebd289e970b2f5282949190093d0d26f98d0f0d6a9cf17', '8420dfbe376f414bf4c0a81e6936d24ccc03f304835b86c7a39142fca723a689']",[],1.0,0ffee3ba8e615ad22535e7f771690a28,2b33c1374db4ddf06942f92373c0b54b,http/1.1,,2472.859809,10.0.2.15,58309,95.101.245.55,443,tcp,150.36430699999983,2361.0,98780.0,SF,True,False,0,ShADadTTFfRr,70,5189,133,104104,ssl,0
2476.690365,CUC5tZ18PaeJ7Ph26d,10.0.2.15,58318,54.236.2.205,443,TLSv12,TLS_ECDHE_RSA_WITH_AES_128_GCM_SHA256,secp256r1,cmi.netseer.com,False,True,CsxknGIi,"['1f01a20974849628eabbf3c6b0fd2b0c557f5e536ad5a6da918ff3ac1f6efd93', '154c433c491929c5ef686e838e323664a00e6a0d822ccc958fb4dab03e49a08f']",[],1.0,0ffee3ba8e615ad22535e7f771690a28,303951d4c50efb2e991652225a6f02b1,,,2473.058897,10.0.2.15,58318,54.236.2.205,443,tcp,22.87507800000003,349.0,3037.0,SF,True,False,0,ShADadFTfRr,13,886,13,3561,ssl,0
2476.938565,ClWiXG1SomC6CDalX2,10.0.2.15,58324,172.217.23.238,443,TLSv12,TLS_ECDHE_ECDSA_WITH_AES_128_GCM_SHA256,x25519,i.ytimg.com,False,True,CsxknGIti,"['11ddd329046367c19b32ffdb02ed308de129de4d6ffcf95856d7bd6a7accfba9', '9f630426df1d8abfd80ace98871ba833ab9742cb34838de2b5285ed54c0c7dcc', '3c35cc963eb004451323d3275d05b353235053490d9cd83729a2faf5e7ca1cc0']",[],1.0,0ffee3ba8e615ad22535e7f771690a28,84480cf8cf0e732666092640e581e1a5,h2,,2473.063728,10.0.2.15,58324,172.217.23.238,443,tcp,21.95253700000012,521.0,4406.0,RSTO,True,False,0,ShADadFR,13,1057,13,4930,ssl,0
2476.940927,CqfCW92xV6kEv18Gw5,10.0.2.15,58326,95.101.245.55,443,TLSv12,TLS_ECDHE_RSA_WITH_AES_256_GCM_SHA384,secp256r1,images.outbrain.com,False,True,CsxknGIti,"['51ad7b30860dee6d7a5b351d2867ea37788e07893f3c69f2dc13d82bdf31f7ec', 'eae72eb454bf6c3977ebd289e970b2f5282949190093d0d26f98d0f0d6a9cf17', '8420dfbe376f414bf4c0a81e6936d24ccc03f304835b86c7a39142fca723a689']",[],1.0,0ffee3ba8e615ad22535e7f771690a28,2b33c1374db4ddf06942f92373c0b54b,http/1.1,,2473.124415,10.0.2.15,58326,95.101.245.55,443,tcp,12.483527999999753,322.0,4802.0,RSTO,True,False,0,ShADadFR,10,738,9,5166,ssl,0
2476.941525,Ckc8K53pp8fH5R8hrf,10.0.2.15,58327,95.101.245.55,443,TLSv12,TLS_ECDHE_RSA_WITH_AES_256_GCM_SHA384,secp256r1,images.outbrain.com,False,True,CsxknGIti,"['51ad7b30860dee6d7a5b351d2867ea37788e07893f3c69f2dc13d82bdf31f7ec', 'eae72eb454bf6c3977ebd289e970b2f5282949190093d0d26f98d0f0d6a9cf17', '8420dfbe376f414bf4c0a81e6936d24ccc03f304835b86c7a39142fca723a689']",[],1.0,0ffee3ba8e615ad22535e7f771690a28,2b33c1374db4ddf06942f92373c0b54b,http/1.1,,2473.137145,10.0.2.15,58327,95.101.245.55,443,tcp,12.49835099999973,322.0,4802.0,RSTO,True,False,0,ShADadFR,10,738,9,5166,ssl,0
2476.939766,ChPQyA3Vht6kd63h73,10.0.2.15,58316,34.250.165.9,443,TLSv12,TLS_ECDHE_RSA_WITH_AES_128_GCM_SHA256,secp256r1,rtb.gumgum.com,False,True,CsxknGIi,"['ed199485c625cfd14423817d43792d4cfc1c600ad8a64b65541ade9942f03808', 'f55f9ffcb83c73453261601c7e044db15a0f034b93c05830f28635ef889cf670', '87dcd4dc74640a322cd205552506d1be64f12596258096544986b4850bc72706', '28689b30e4c306aab53b027b29e36ad6dd1dcf4b953994482ca84bdc1ecac996']",[],1.0,0ffee3ba8e615ad22535e7f771690a28,303951d4c50efb2e991652225a6f02b1,,,2473.055475,10.0.2.15,58316,34.250.165.9,443,tcp,15.672255999999834,348.0,5071.0,SF,True,False,0,ShADadFfRr,12,844,13,5595,ssl,0
2476.680781,CvLW151wyzcgBeTeNe,10.0.2.15,58310,95.101.245.55,443,TLSv12,TLS_ECDHE_RSA_WITH_AES_256_GCM_SHA384,secp256r1,images.outbrain.com,False,True,CsxknGIti,"['51ad7b30860dee6d7a5b351d2867ea37788e07893f3c69f2dc13d82bdf31f7ec', 'eae72eb454bf6c3977ebd289e970b2f5282949190093d0d26f98d0f0d6a9cf17', '8420dfbe376f414bf4c0a81e6936d24ccc03f304835b86c7a39142fca723a689']",[],1.0,0ffee3ba8e615ad22535e7f771690a28,2b33c1374db4ddf06942f92373c0b54b,http/1.1,,2472.960667,10.0.2.15,58310,95.101.245.55,443,tcp,151.35865700000022,2361.0,101742.0,SF,True,False,0,ShADadTTFfRr,67,5069,124,106706,ssl,0
2474.075815,CCizw01Xdd8WJsM6Je,10.0.2.15,58299,23.74.202.62,443,TLSv12,TLS_ECDHE_RSA_WITH_AES_256_GCM_SHA384,secp256r1,px.owneriq.net,False,True,CsxknGIti,"['83446d8f7bc004110c087ef0703d1503c46455cb96409cbbaacf1a78c7c0072d', '074541ecdf88ed992ed5ade3ecddef27a26ba1b44480a195c0a8dadae2521d8e']",[],1.0,0ffee3ba8e615ad22535e7f771690a28,2b33c1374db4ddf06942f92373c0b54b,http/1.1,,2471.884947,10.0.2.15,58299,23.74.202.62,443,tcp,22.113608000000117,851.0,4259.0,SF,True,False,0,ShADadfF,10,1259,11,4703,ssl,0
2474.239659,CkDRLU2yRgaPBd51E6,10.0.2.15,58297,64.124.217.61,443,,,,um2.eqads.com,False,False,C,,,,0ffee3ba8e615ad22535e7f771690a28,,,,2471.882622,10.0.2.15,58297,64.124.217.61,443,tcp,10.347541999999976,190.0,0.0,SF,True,False,0,ShADafF,5,398,4,164,ssl,0
2474.23783,Cn8BepupfRUxHYc76,10.0.2.15,58300,66.117.28.86,443,TLSv12,TLS_RSA_WITH_AES_256_CBC_SHA,,cm.everesttech.net,False,True,CsxnGIi,"['1dcf86c8106d52ccf4a9dc98a6c36a11671533906cb9e1c517075b65df21e850', '154c433c491929c5ef686e838e323664a00e6a0d822ccc958fb4dab03e49a08f']",[],1.0,0ffee3ba8e615ad22535e7f771690a28,759968158b0e1df906786a4b8c44bf39,http/1.1,,2471.887461,10.0.2.15,58300,66.117.28.86,443,tcp,41.61250800000016,1155.0,3061.0,SF,True,False,0,ShADadTFf,12,1645,13,3585,ssl,0
2471.488899,CLlGgW1OrsWB478on9,10.0.2.15,58290,172.217.23.230,443,TLSv12,TLS_ECDHE_RSA_WITH_AES_128_GCM_SHA256,x25519,static.doubleclick.net,False,False,CsxknGI,"['378a6c73f6dec1c6bc563fa8eda92c3e9ce61b893db7685686c41f33ab89931c', '9f630426df1d8abfd80ace98871ba833ab9742cb34838de2b5285ed54c0c7dcc', '3c35cc963eb004451323d3275d05b353235053490d9cd83729a2faf5e7ca1cc0']",[],1.0,0ffee3ba8e615ad22535e7f771690a28,ab41313cfec25328b20865eb1388e0a2,h2,,2470.020958,10.0.2.15,58290,172.217.23.230,443,tcp,13.0048240000001,847.0,3722.0,SF,True,False,0,ShADadfF,10,1255,10,4126,ssl,0
2474.216749,Cy20l71kpaJPybB1Ab,10.0.2.15,58301,37.252.172.12,443,TLSv12,TLS_ECDHE_RSA_WITH_AES_256_GCM_SHA384,secp256r1,ib.adnxs.com,False,True,CsxuknGIti,"['5b081650e8034418a37504ce0820892be5a66474578207711eb688243fe1a8f2', '074541ecdf88ed992ed5ade3ecddef27a26ba1b44480a195c0a8dadae2521d8e']",[],1.0,0ffee3ba8e615ad22535e7f771690a28,d53e4608f956df65bb2b8a8c4d3b025d,,,2471.888073,10.0.2.15,58301,37.252.172.12,443,tcp,28.27001999999993,2769.0,5836.0,SF,True,False,0,ShADaTdfF,14,3339,16,6480,ssl,0
2476.681381,CPzBvXhlmThIudvg3,10.0.2.15,58312,74.201.198.77,443,TLSv12,TLS_ECDHE_RSA_WITH_AES_256_GCM_SHA384,secp256r1,log.outbrain.com,False,False,CsxknGI,"['aa42330390d2a62c0a2d68badbe7c094502c278a5cb7c670b365d165d0dc75fc', 'b7a8af2a4a43f0a86b15604de6461209c9cd76894d8b0748bc99d9a797013bb0']",[],1.0,0ffee3ba8e615ad22535e7f771690a28,758945630046fd37070521b8544d1fe8,,,2473.042625,10.0.2.15,58312,74.201.198.77,443,tcp,11.265733000000182,2427.0,3346.0,SF,True,False,0,ShADadfF,11,2883,10,3750,ssl,0
2476.691325,CJj2cv2R2OsehQqRe9,10.0.2.15,58317,64.124.217.61,443,TLSv12,TLS_ECDHE_RSA_WITH_AES_256_GCM_SHA384,secp256r1,um2.eqads.com,False,False,CsxknGI,"['c52ead0dae04bcd96755f86e80a4d067fb264d82624c893f6a47b4676ab1e8ce', '154c433c491929c5ef686e838e323664a00e6a0d822ccc958fb4dab03e49a08f']",[],1.0,0ffee3ba8e615ad22535e7f771690a28,e35df3e00ca4ef31d42b34bebaa2f86e,,,2473.056589,10.0.2.15,58317,64.124.217.61,443,tcp,11.416846000000078,316.0,2913.0,SF,True,False,0,ShADadfF,9,692,8,3237,ssl,0
2476.68788,CHL7uz3pkxDjMEclVg,10.0.2.15,58319,23.74.202.62,443,TLSv12,TLS_ECDHE_RSA_WITH_AES_256_GCM_SHA384,secp256r1,px.owneriq.net,False,True,CsxknGIti,"['83446d8f7bc004110c087ef0703d1503c46455cb96409cbbaacf1a78c7c0072d', '074541ecdf88ed992ed5ade3ecddef27a26ba1b44480a195c0a8dadae2521d8e']",[],1.0,0ffee3ba8e615ad22535e7f771690a28,2b33c1374db4ddf06942f92373c0b54b,http/1.1,,2473.059579,10.0.2.15,58319,23.74.202.62,443,tcp,25.23242399999981,348.0,3465.0,RSTO,True,False,0,ShADadFR,12,844,11,3909,ssl,0
2474.24091,C5dOnE2uguEIhjENIh,10.0.2.15,58304,172.217.23.238,443,TLSv12,TLS_ECDHE_ECDSA_WITH_AES_128_GCM_SHA256,x25519,i.ytimg.com,False,False,CsxknGI,"['11ddd329046367c19b32ffdb02ed308de129de4d6ffcf95856d7bd6a7accfba9', '9f630426df1d8abfd80ace98871ba833ab9742cb34838de2b5285ed54c0c7dcc', '3c35cc963eb004451323d3275d05b353235053490d9cd83729a2faf5e7ca1cc0']",[],1.0,0ffee3ba8e615ad22535e7f771690a28,84480cf8cf0e732666092640e581e1a5,h2,,2472.204343,10.0.2.15,58304,172.217.23.238,443,tcp,12.507372000000032,693.0,4025.0,SF,True,False,0,ShADadfF,10,1101,10,4429,ssl,0
2477.564766,CMHL8Q3lOpd4IC7ptg,10.0.2.15,58328,95.101.245.55,443,TLSv12,TLS_ECDHE_RSA_WITH_AES_256_GCM_SHA384,secp256r1,images.outbrain.com,False,True,CsxknGIti,"['51ad7b30860dee6d7a5b351d2867ea37788e07893f3c69f2dc13d82bdf31f7ec', 'eae72eb454bf6c3977ebd289e970b2f5282949190093d0d26f98d0f0d6a9cf17', '8420dfbe376f414bf4c0a81e6936d24ccc03f304835b86c7a39142fca723a689']",[],1.0,0ffee3ba8e615ad22535e7f771690a28,2b33c1374db4ddf06942f92373c0b54b,http/1.1,,2473.13837,10.0.2.15,58328,95.101.245.55,443,tcp,26.293916999999965,353.0,4833.0,RSTO,True,False,0,ShADadFR,13,889,12,5317,ssl,0
2490.322747,CRqyb3PH5cQ4YA1Al,10.0.2.15,58380,37.252.167.202,443,TLSv12,TLS_ECDHE_RSA_WITH_AES_256_GCM_SHA384,secp256r1,rb.adnxs.com,False,True,CsxknGIti,"['5b081650e8034418a37504ce0820892be5a66474578207711eb688243fe1a8f2', '074541ecdf88ed992ed5ade3ecddef27a26ba1b44480a195c0a8dadae2521d8e']",[],1.0,0ffee3ba8e615ad22535e7f771690a28,e35df3e00ca4ef31d42b34bebaa2f86e,,,2489.191972,10.0.2.15,58380,37.252.167.202,443,tcp,16.231284999999843,3436.0,3880.0,SF,True,False,0,ShADadFf,14,4004,14,4444,ssl,0
2474.238681,C1Ve5Z14xRJ0uZ7jQf,10.0.2.15,58298,54.236.2.205,443,TLSv12,TLS_ECDHE_RSA_WITH_AES_128_GCM_SHA256,secp256r1,cmi.netseer.com,False,True,CsxknGIi,"['1f01a20974849628eabbf3c6b0fd2b0c557f5e536ad5a6da918ff3ac1f6efd93', '154c433c491929c5ef686e838e323664a00e6a0d822ccc958fb4dab03e49a08f']",[],1.0,0ffee3ba8e615ad22535e7f771690a28,303951d4c50efb2e991652225a6f02b1,,,2471.884184,10.0.2.15,58298,54.236.2.205,443,tcp,83.15100699999994,1241.0,3336.0,SF,True,False,0,ShADadTFf,16,1895,18,4060,ssl,0
2490.328662,CfipgB4abvxOrEKloe,10.0.2.15,58379,172.217.23.238,443,TLSv12,TLS_ECDHE_ECDSA_WITH_AES_128_GCM_SHA256,x25519,youtubei.youtube.com,False,True,CsxknGIti,"['11ddd329046367c19b32ffdb02ed308de129de4d6ffcf95856d7bd6a7accfba9', '9f630426df1d8abfd80ace98871ba833ab9742cb34838de2b5285ed54c0c7dcc', '3c35cc963eb004451323d3275d05b353235053490d9cd83729a2faf5e7ca1cc0']",[],1.0,0ffee3ba8e615ad22535e7f771690a28,84480cf8cf0e732666092640e581e1a5,h2,,2489.173216,10.0.2.15,58379,172.217.23.238,443,tcp,159.73989200000003,2226.0,30505.0,SF,True,False,0,ShADadFf,39,3794,57,32789,ssl,0
2477.578526,CqfZpk47EsJ8qaGvr2,10.0.2.15,58330,95.101.245.55,443,TLSv12,TLS_ECDHE_RSA_WITH_AES_256_GCM_SHA384,secp256r1,images.outbrain.com,False,False,CsxknGI,"['51ad7b30860dee6d7a5b351d2867ea37788e07893f3c69f2dc13d82bdf31f7ec', 'eae72eb454bf6c3977ebd289e970b2f5282949190093d0d26f98d0f0d6a9cf17', '8420dfbe376f414bf4c0a81e6936d24ccc03f304835b86c7a39142fca723a689']",[],1.0,0ffee3ba8e615ad22535e7f771690a28,2b33c1374db4ddf06942f92373c0b54b,http/1.1,,2473.225613,10.0.2.15,58330,95.101.245.55,443,tcp,16.499915999999757,322.0,4560.0,SF,True,False,0,ShADadFf,9,698,9,4924,ssl,0
2474.079849,CnBwSX2TdR25I77C75,10.0.2.15,58296,34.250.165.9,443,TLSv12,TLS_ECDHE_RSA_WITH_AES_128_GCM_SHA256,secp256r1,rtb.gumgum.com,False,True,CsxknGIi,"['ed199485c625cfd14423817d43792d4cfc1c600ad8a64b65541ade9942f03808', 'f55f9ffcb83c73453261601c7e044db15a0f034b93c05830f28635ef889cf670', '87dcd4dc74640a322cd205552506d1be64f12596258096544986b4850bc72706', '28689b30e4c306aab53b027b29e36ad6dd1dcf4b953994482ca84bdc1ecac996']",[],1.0,0ffee3ba8e615ad22535e7f771690a28,303951d4c50efb2e991652225a6f02b1,,,2471.881687,10.0.2.15,58296,34.250.165.9,443,tcp,82.47241399999984,919.0,5345.0,SF,True,False,0,ShADadTFRfr,20,1732,22,6229,ssl,0
2494.000042,Czxpi01GN3k8zdsCZg,10.0.2.15,58387,74.125.206.154,443,TLSv12,TLS_ECDHE_RSA_WITH_AES_128_GCM_SHA256,x25519,bid.g.doubleclick.net,False,True,CsxknGIti,"['8d80516b26a9002a020bc551f01c44620d0d726476e4babc515dc5c82f0555b5', '9f630426df1d8abfd80ace98871ba833ab9742cb34838de2b5285ed54c0c7dcc', '3c35cc963eb004451323d3275d05b353235053490d9cd83729a2faf5e7ca1cc0']",[],1.0,0ffee3ba8e615ad22535e7f771690a28,ab41313cfec25328b20865eb1388e0a2,h2,,2492.072139,10.0.2.15,58387,74.125.206.154,443,tcp,156.7700920000002,1331.0,4527.0,SF,True,False,0,ShADadFf,22,2219,24,5491,ssl,0
2493.822904,CZxgB54TPtcKZJYti5,10.0.2.15,58386,37.252.167.202,443,TLSv12,TLS_ECDHE_RSA_WITH_AES_256_GCM_SHA384,secp256r1,rb.adnxs.com,False,True,CsxknGIti,"['5b081650e8034418a37504ce0820892be5a66474578207711eb688243fe1a8f2', '074541ecdf88ed992ed5ade3ecddef27a26ba1b44480a195c0a8dadae2521d8e']",[],1.0,0ffee3ba8e615ad22535e7f771690a28,e35df3e00ca4ef31d42b34bebaa2f86e,,,2491.353569,10.0.2.15,58386,37.252.167.202,443,tcp,14.856886999999915,3919.0,3458.0,RSTO,True,False,0,ShADadFR,13,4447,13,3982,ssl,0
2500.156665,COhT9f37dzXO6MZsOk,10.0.2.15,58390,54.192.94.69,443,TLSv12,TLS_ECDHE_RSA_WITH_AES_128_GCM_SHA256,,hello.myfonts.net,True,True,CsiI,,,,1a5fe5677b0e4fbbc854e8908225637d,d199ba0af2b08e204c73d6d81a1fd260,http/1.1,,2497.859374,10.0.2.15,58390,54.192.94.69,443,tcp,141.7764790000001,1053.0,696.0,SF,True,False,0,ShADadTTfF,21,1913,21,1540,ssl,0
2478.098162,Cn7J3o1XdJlVCyWJZd,10.0.2.15,58332,74.201.198.77,443,TLSv12,TLS_ECDHE_RSA_WITH_AES_256_GCM_SHA384,secp256r1,log.outbrain.com,False,False,CsxknGI,"['aa42330390d2a62c0a2d68badbe7c094502c278a5cb7c670b365d165d0dc75fc', 'b7a8af2a4a43f0a86b15604de6461209c9cd76894d8b0748bc99d9a797013bb0']",[],1.0,0ffee3ba8e615ad22535e7f771690a28,758945630046fd37070521b8544d1fe8,,,2473.302587,10.0.2.15,58332,74.201.198.77,443,tcp,28.298265999999785,319.0,3346.0,SF,True,False,0,ShADadfF,10,735,8,3670,ssl,0
2476.942522,CENLa52A9FyxtMkTrh,10.0.2.15,58329,95.101.245.55,443,TLSv12,TLS_ECDHE_RSA_WITH_AES_256_GCM_SHA384,secp256r1,images.outbrain.com,False,False,CsxknGI,"['51ad7b30860dee6d7a5b351d2867ea37788e07893f3c69f2dc13d82bdf31f7ec', 'eae72eb454bf6c3977ebd289e970b2f5282949190093d0d26f98d0f0d6a9cf17', '8420dfbe376f414bf4c0a81e6936d24ccc03f304835b86c7a39142fca723a689']",[],1.0,0ffee3ba8e615ad22535e7f771690a28,2b33c1374db4ddf06942f92373c0b54b,http/1.1,,2473.140572,10.0.2.15,58329,95.101.245.55,443,tcp,41.48388900000009,322.0,4560.0,SF,True,False,0,ShADadTfF,12,820,11,5004,ssl,0
2515.989299,CAAHJN1KB5RMpOwkD1,10.0.2.15,58413,172.217.23.238,443,TLSv12,TLS_ECDHE_ECDSA_WITH_AES_128_GCM_SHA256,x25519,youtubei.youtube.com,False,True,CsxknGIti,"['11ddd329046367c19b32ffdb02ed308de129de4d6ffcf95856d7bd6a7accfba9', '9f630426df1d8abfd80ace98871ba833ab9742cb34838de2b5285ed54c0c7dcc', '3c35cc963eb004451323d3275d05b353235053490d9cd83729a2faf5e7ca1cc0']",[],1.0,0ffee3ba8e615ad22535e7f771690a28,84480cf8cf0e732666092640e581e1a5,h2,,2515.353203,10.0.2.15,58413,172.217.23.238,443,tcp,133.60334399999965,2492.0,5543.0,SF,True,False,0,ShADadFf,20,3300,24,6507,ssl,0
2513.942463,CeHp48BzPV1EMdcRl,10.0.2.15,58407,66.117.28.68,443,TLSv12,TLS_RSA_WITH_AES_256_CBC_SHA,,pixel.everesttech.net,False,True,CsxnGIi,"['1dcf86c8106d52ccf4a9dc98a6c36a11671533906cb9e1c517075b65df21e850', '154c433c491929c5ef686e838e323664a00e6a0d822ccc958fb4dab03e49a08f']",[],1.0,0ffee3ba8e615ad22535e7f771690a28,759968158b0e1df906786a4b8c44bf39,http/1.1,,2512.103172,10.0.2.15,58407,66.117.28.68,443,tcp,35.65793399999984,1158.0,3173.0,SF,True,False,0,ShADadTFf,12,1647,12,3657,ssl,0
2514.535022,CA0vkV2D43sO3gpmR4,10.0.2.15,58409,173.241.240.143,443,TLSv12,TLS_ECDHE_RSA_WITH_AES_128_GCM_SHA256,secp256r1,us-u.openx.net,False,True,CsxknGIi,"['ab7de06ea7a3de3225f335667d38750434931049f9e9cb0cb4a9caf5df22819c', '074541ecdf88ed992ed5ade3ecddef27a26ba1b44480a195c0a8dadae2521d8e']",[],1.0,0ffee3ba8e615ad22535e7f771690a28,699a80bdb17efe157c861f92c5bf5d1d,,,2512.292129,10.0.2.15,58409,173.241.240.143,443,tcp,54.97556900000018,842.0,3284.0,SF,True,False,0,ShADadTFf,14,1414,16,3928,ssl,0
2517.218359,CBlAeo4L0LXl4Kcqu1,10.0.2.15,58417,172.217.23.238,443,TLSv12,TLS_ECDHE_ECDSA_WITH_AES_128_GCM_SHA256,x25519,youtubei.youtube.com,False,True,CsxknGIti,"['11ddd329046367c19b32ffdb02ed308de129de4d6ffcf95856d7bd6a7accfba9', '9f630426df1d8abfd80ace98871ba833ab9742cb34838de2b5285ed54c0c7dcc', '3c35cc963eb004451323d3275d05b353235053490d9cd83729a2faf5e7ca1cc0']",[],1.0,0ffee3ba8e615ad22535e7f771690a28,84480cf8cf0e732666092640e581e1a5,h2,,2515.610195,10.0.2.15,58417,172.217.23.238,443,tcp,11.192949999999655,499.0,4343.0,RSTO,True,False,0,ShADadFR,10,907,10,4747,ssl,0
2527.483785,CIRUcl3VqTPqT7lqN6,10.0.2.15,58425,199.96.57.6,443,TLSv12,TLS_ECDHE_RSA_WITH_AES_128_GCM_SHA256,,platform.twitter.com,True,True,CsiI,,,,1a5fe5677b0e4fbbc854e8908225637d,d199ba0af2b08e204c73d6d81a1fd260,http/1.1,,2527.068096,10.0.2.15,58425,199.96.57.6,443,tcp,13.312254999999825,1292.0,10965.0,SF,True,False,0,ShADadfF,12,1780,16,11609,ssl,0
2527.657599,CvNZ8p27sxaK8i0Tle,10.0.2.15,58424,8.30.11.14,443,TLSv12,TLS_DHE_RSA_WITH_AES_256_CBC_SHA,,sync.1rx.io,True,True,CsiI,,,,0ffee3ba8e615ad22535e7f771690a28,d90fa179c9daf35598ed8341272118f7,,,2527.064595,10.0.2.15,58424,8.30.11.14,443,tcp,12.177082000000157,865.0,458.0,SF,True,False,0,ShADadfF,9,1233,9,822,ssl,0
2514.131077,Cmn1lxjAzMr03lWS8,10.0.2.15,58406,52.17.249.178,443,TLSv12,TLS_ECDHE_RSA_WITH_AES_128_GCM_SHA256,secp256r1,bcp.crwdcntrl.net,False,True,CsxknGIi,"['131513af4a65033acc7234be892849a35819b02b70aba4c428c133a0a88fdd2e', '973a41276ffd01e027a2aad49e34c37846d3e976ff6a620b6712e33832041aa6', '3a2fbe92891e57fe05d57087f48e730f17e5a5f53ef403d618e5b74d7a7e6ecb', 'c3846bf24b9e93ca64274c0ec67c1ecc5e024ffcacd2d74019350e81fe546ae4']",[],1.0,0ffee3ba8e615ad22535e7f771690a28,303951d4c50efb2e991652225a6f02b1,,,2512.102539,10.0.2.15,58406,52.17.249.178,443,tcp,84.41320899999982,2635.0,5653.0,SF,True,False,0,ShADadTFf,19,3408,21,6497,ssl,0
2528.206229,C6hNwA4Cqf4Ay9XJni,10.0.2.15,58426,151.101.112.124,443,TLSv12,TLS_ECDHE_RSA_WITH_AES_128_GCM_SHA256,,fonts.voxmedia.com,True,True,CsiI,,,,1a5fe5677b0e4fbbc854e8908225637d,1d0e57c6ae42e9204defa51e5e1cdc4c,h2,,2527.452126,10.0.2.15,58426,151.101.112.124,443,tcp,121.37670200000002,1209.0,54755.0,SF,True,False,0,ShADadFfRr,44,2977,79,57919,ssl,0
2528.523384,CP8R5t04zJ4gor1vj,10.0.2.15,58428,151.101.112.124,443,TLSv12,TLS_ECDHE_RSA_WITH_AES_128_GCM_SHA256,,fonts.voxmedia.com,True,True,CsiI,,,,1a5fe5677b0e4fbbc854e8908225637d,1d0e57c6ae42e9204defa51e5e1cdc4c,h2,,2527.71396,10.0.2.15,58428,151.101.112.124,443,tcp,3.967005999999855,808.0,213.0,RSTO,True,False,0,ShADadFR,9,1176,9,577,ssl,0
2514.126184,CLgIK019zNnkh3ZnQl,10.0.2.15,58408,173.241.240.143,443,TLSv12,TLS_ECDHE_RSA_WITH_AES_128_GCM_SHA256,secp256r1,us-u.openx.net,False,True,CsxknGIi,"['ab7de06ea7a3de3225f335667d38750434931049f9e9cb0cb4a9caf5df22819c', '074541ecdf88ed992ed5ade3ecddef27a26ba1b44480a195c0a8dadae2521d8e']",[],1.0,0ffee3ba8e615ad22535e7f771690a28,699a80bdb17efe157c861f92c5bf5d1d,,,2512.103993,10.0.2.15,58408,173.241.240.143,443,tcp,33.45114100000001,874.0,3224.0,SF,True,False,0,ShADadTfF,13,1403,13,3748,ssl,0
2185.866748,CG8Qq13I2s9RNrD6d8,10.0.2.15,57607,173.203.15.238,443,,,,www.carid.com,False,False,C,,,,0ffee3ba8e615ad22535e7f771690a28,,,,2183.583288,10.0.2.15,57607,173.203.15.238,443,tcp,53.911203000000114,190.0,0.0,SF,True,False,0,ShADaTFf,9,562,8,324,ssl,0
2549.738974,CaMaRT2MzvgRyg4df7,10.0.2.15,58453,199.96.57.6,443,TLSv12,TLS_ECDHE_RSA_WITH_AES_128_GCM_SHA256,,platform.twitter.com,True,True,CsiI,,,,1a5fe5677b0e4fbbc854e8908225637d,d199ba0af2b08e204c73d6d81a1fd260,http/1.1,,2548.191386,10.0.2.15,58453,199.96.57.6,443,tcp,12.359328000000003,599.0,187.0,RSTO,True,False,0,ShADadFR,8,927,7,471,ssl,0
2551.155118,CLKKnkidXty9y33S,10.0.2.15,58456,8.30.11.14,443,TLSv12,TLS_DHE_RSA_WITH_AES_256_CBC_SHA,,sync.1rx.io,True,True,CsiI,,,,0ffee3ba8e615ad22535e7f771690a28,d90fa179c9daf35598ed8341272118f7,,,2549.973151,10.0.2.15,58456,8.30.11.14,443,tcp,10.637940000000071,348.0,165.0,SF,True,False,0,ShADadFf,7,636,7,449,ssl,0
2549.73796,CPnVc11fvmipH4lFc5,10.0.2.15,58448,151.101.112.124,443,TLSv12,TLS_ECDHE_RSA_WITH_AES_128_GCM_SHA256,secp256r1,volume.vox-cdn.com,False,True,CsxuknGIti,"['6d3af7e454dd1d20a2d77cac999feb04584a2c5c67d62bafa97b4f67194e4141', 'e0c2ebd1f6bad4feaae31a3107e69abee902db38b9dfbe33f0570bda3494c20a']",[],1.0,0ffee3ba8e615ad22535e7f771690a28,860fcf58fd757e26aa8911e5eaff6b53,h2,,2545.316691,10.0.2.15,58448,151.101.112.124,443,tcp,9.75614399999995,532.0,5178.0,RSTO,True,False,0,ShADadFR,14,1108,16,5822,ssl,0
2555.179694,ChVWz01rijfMfUSH35,10.0.2.15,58470,172.217.23.228,443,TLSv12,TLS_ECDHE_RSA_WITH_AES_128_GCM_SHA256,,www.google.com,True,True,CsiI,,,,1a5fe5677b0e4fbbc854e8908225637d,67619a80665d7ab92d1041b1d11f9164,h2,,2554.904781,10.0.2.15,58470,172.217.23.228,443,tcp,94.01153099999964,1817.0,7832.0,SF,True,False,0,ShADadFf,25,2825,31,9076,ssl,0
2555.181468,CtFSzB1WMUCd5Lv1ed,10.0.2.15,58468,172.227.109.39,443,TLSv12,TLS_ECDHE_RSA_WITH_AES_256_GCM_SHA384,secp256r1,seal.geotrust.com,False,True,CsxknGIti,"['b90a089064e405a2b568121afabaf50f3b88901b8cc3bff5015e78d05343336a', '95b09d02122fa8ae6235780f6ea6503e767ac021a0874fe831ce803a50ea8fd7']",[],1.0,0ffee3ba8e615ad22535e7f771690a28,2b33c1374db4ddf06942f92373c0b54b,http/1.1,,2554.903427,10.0.2.15,58468,172.227.109.39,443,tcp,93.87167099999988,1060.0,10366.0,RSTO,True,False,0,ShADadTFR,24,2385,28,11490,ssl,0
2582.211564,CwQAUq4jUatbTn8qQc,10.0.2.15,58507,172.217.23.202,443,TLSv12,TLS_ECDHE_RSA_WITH_AES_128_GCM_SHA256,x25519,www.googleapis.com,False,True,CsxknGIti,"['0ca616f3b5a49ded9af60777a33ae7119bfd6de6a815dbee0b64d5d69491aa06', '9f630426df1d8abfd80ace98871ba833ab9742cb34838de2b5285ed54c0c7dcc', '3c35cc963eb004451323d3275d05b353235053490d9cd83729a2faf5e7ca1cc0']",[],1.0,0ffee3ba8e615ad22535e7f771690a28,ab41313cfec25328b20865eb1388e0a2,h2,,2581.074327,10.0.2.15,58507,172.217.23.202,443,tcp,67.74262700000008,799.0,4122.0,SF,True,False,0,ShADadFf,15,1407,18,4846,ssl,0
2582.431251,Ck2Efx1m4Mshq7vMud,10.0.2.15,58508,172.217.23.202,443,TLSv12,TLS_ECDHE_RSA_WITH_AES_128_GCM_SHA256,x25519,www.googleapis.com,False,True,CsxknGIti,"['0ca616f3b5a49ded9af60777a33ae7119bfd6de6a815dbee0b64d5d69491aa06', '9f630426df1d8abfd80ace98871ba833ab9742cb34838de2b5285ed54c0c7dcc', '3c35cc963eb004451323d3275d05b353235053490d9cd83729a2faf5e7ca1cc0']",[],1.0,0ffee3ba8e615ad22535e7f771690a28,ab41313cfec25328b20865eb1388e0a2,h2,,2581.499844,10.0.2.15,58508,172.217.23.202,443,tcp,3.4871980000002623,528.0,3968.0,RSTO,True,False,0,ShADadFR,13,1056,15,4572,ssl,0
2582.554205,Cbt9gn1GdggoFDQR1,10.0.2.15,58509,172.217.23.202,443,TLSv12,TLS_ECDHE_RSA_WITH_AES_128_GCM_SHA256,x25519,www.googleapis.com,False,True,CsxknGIti,"['0ca616f3b5a49ded9af60777a33ae7119bfd6de6a815dbee0b64d5d69491aa06', '9f630426df1d8abfd80ace98871ba833ab9742cb34838de2b5285ed54c0c7dcc', '3c35cc963eb004451323d3275d05b353235053490d9cd83729a2faf5e7ca1cc0']",[],1.0,0ffee3ba8e615ad22535e7f771690a28,ab41313cfec25328b20865eb1388e0a2,h2,,2581.753116,10.0.2.15,58509,172.217.23.202,443,tcp,3.925235000000157,528.0,3968.0,RSTR,True,False,0,ShADadFRRRr,14,1096,17,4652,ssl,0
2621.101172,Cidu9Z2LtBDEgDvJai,10.0.2.15,58558,172.217.23.226,443,TLSv12,TLS_ECDHE_RSA_WITH_AES_128_GCM_SHA256,x25519,securepubads.g.doubleclick.net,False,True,CsxknGIti,"['a32ffddd76f9e7debbfc9a37b38d2ef86039b30a10d7c45ab8223d149cf99699', '9f630426df1d8abfd80ace98871ba833ab9742cb34838de2b5285ed54c0c7dcc', '3c35cc963eb004451323d3275d05b353235053490d9cd83729a2faf5e7ca1cc0']",[],1.0,0ffee3ba8e615ad22535e7f771690a28,ab41313cfec25328b20865eb1388e0a2,h2,,2620.175106,10.0.2.15,58558,172.217.23.226,443,tcp,29.02472099999977,4331.0,88608.0,SF,True,False,0,ShADadFf,81,7579,128,93732,ssl,0
2621.622389,CUgtIR2NGshrpMDhUe,10.0.2.15,58561,172.217.23.226,443,TLSv12,TLS_ECDHE_RSA_WITH_AES_128_GCM_SHA256,x25519,securepubads.g.doubleclick.net,False,True,CsxknGIti,"['a32ffddd76f9e7debbfc9a37b38d2ef86039b30a10d7c45ab8223d149cf99699', '9f630426df1d8abfd80ace98871ba833ab9742cb34838de2b5285ed54c0c7dcc', '3c35cc963eb004451323d3275d05b353235053490d9cd83729a2faf5e7ca1cc0']",[],1.0,0ffee3ba8e615ad22535e7f771690a28,ab41313cfec25328b20865eb1388e0a2,h2,,2620.417604,10.0.2.15,58561,172.217.23.226,443,tcp,2.8700099999996382,509.0,4021.0,RSTO,True,False,0,ShADadFR,10,917,11,4465,ssl,0
2622.568115,C91c9i42izOuZgz1F8,10.0.2.15,58566,172.217.23.194,443,TLSv12,TLS_ECDHE_RSA_WITH_AES_128_GCM_SHA256,x25519,googleads.g.doubleclick.net,False,True,CsxknGIti,"['a32ffddd76f9e7debbfc9a37b38d2ef86039b30a10d7c45ab8223d149cf99699', '9f630426df1d8abfd80ace98871ba833ab9742cb34838de2b5285ed54c0c7dcc', '3c35cc963eb004451323d3275d05b353235053490d9cd83729a2faf5e7ca1cc0']",[],1.0,0ffee3ba8e615ad22535e7f771690a28,ab41313cfec25328b20865eb1388e0a2,h2,,2621.473678,10.0.2.15,58566,172.217.23.194,443,tcp,27.47826600000008,1482.0,15695.0,SF,True,False,0,ShADadFf,26,2530,38,17219,ssl,0
2632.072299,ClBoAW3uZJo87kFOE,10.0.2.15,58618,151.101.114.12,443,TLSv12,TLS_ECDHE_RSA_WITH_AES_128_GCM_SHA256,secp256r1,localfusion.secure.ownlocal.com,False,True,CsxuknGIti,"['54257afb7ef0d5d777408317498bd6d87f1a45306914f731ddfb7cbbd2771615', '02ab57e4e67a0cb48dd2ff34830e8ac40f4476fb08ca6be3f5cd846f646840f0', '4f32d5dc00f715250abcc486511e37f501a899deb3bf7ea8adbbd3aef1c412da', '687fa451382278fff0c8b11f8d43d576671c6eb2bceab413fb83d965d06d2ff2']",[],1.0,0ffee3ba8e615ad22535e7f771690a28,860fcf58fd757e26aa8911e5eaff6b53,h2,,2630.171832,10.0.2.15,58618,151.101.114.12,443,tcp,18.72185399999989,909.0,262818.0,RSTO,True,False,0,ShADadFR,163,7437,337,276302,ssl,0
2632.073789,Co6X0Q3YrR7Wzt2L2j,10.0.2.15,58617,151.101.114.12,443,TLSv12,TLS_ECDHE_RSA_WITH_AES_128_GCM_SHA256,secp256r1,localfusion.secure.ownlocal.com,False,True,CsxuknGIti,"['54257afb7ef0d5d777408317498bd6d87f1a45306914f731ddfb7cbbd2771615', '02ab57e4e67a0cb48dd2ff34830e8ac40f4476fb08ca6be3f5cd846f646840f0', '4f32d5dc00f715250abcc486511e37f501a899deb3bf7ea8adbbd3aef1c412da', '687fa451382278fff0c8b11f8d43d576671c6eb2bceab413fb83d965d06d2ff2']",[],1.0,0ffee3ba8e615ad22535e7f771690a28,860fcf58fd757e26aa8911e5eaff6b53,h2,,2630.17117,10.0.2.15,58617,151.101.114.12,443,tcp,9.44582300000002,866.0,11575.0,SF,True,False,0,ShADadFfRr,19,1634,27,12659,ssl,0
2632.074408,CGAMUl2nJYrfYs8sO7,10.0.2.15,58616,151.101.114.12,443,TLSv12,TLS_ECDHE_RSA_WITH_AES_128_GCM_SHA256,secp256r1,localfusion.secure.ownlocal.com,False,True,CsxuknGIti,"['54257afb7ef0d5d777408317498bd6d87f1a45306914f731ddfb7cbbd2771615', '02ab57e4e67a0cb48dd2ff34830e8ac40f4476fb08ca6be3f5cd846f646840f0', '4f32d5dc00f715250abcc486511e37f501a899deb3bf7ea8adbbd3aef1c412da', '687fa451382278fff0c8b11f8d43d576671c6eb2bceab413fb83d965d06d2ff2']",[],1.0,0ffee3ba8e615ad22535e7f771690a28,860fcf58fd757e26aa8911e5eaff6b53,h2,,2630.170273,10.0.2.15,58616,151.101.114.12,443,tcp,14.659803999999896,920.0,47308.0,RSTR,True,False,0,ShADadFRr,41,2568,73,50232,ssl,0
2632.075336,CsRtBm1sH4FVgO2rm9,10.0.2.15,58615,216.137.61.221,443,TLSv12,TLS_ECDHE_RSA_WITH_AES_128_GCM_SHA256,secp256r1,d12j9jiosu7f.cloudfront.net,False,True,CsxuknGIti,"['90c0937808b31877df6c4a5c743c99325d974624be3735faa5078cf73d4fd205', 'eae72eb454bf6c3977ebd289e970b2f5282949190093d0d26f98d0f0d6a9cf17']",[],1.0,0ffee3ba8e615ad22535e7f771690a28,76cc3e2d3028143b23ec18e27dbd7ca9,h2,,2630.169322,10.0.2.15,58615,216.137.61.221,443,tcp,16.966799999999694,895.0,158668.0,RSTR,True,False,0,ShADadFRRrRR,115,5503,219,167432,ssl,0
2632.075916,C8vkWr4lo2JkSw1sWj,10.0.2.15,58614,172.217.23.238,443,TLSv12,TLS_ECDHE_RSA_WITH_AES_128_GCM_SHA256,x25519,www.google-analytics.com,False,True,CsxknGIti,"['31ed45c3400fc5f9a84dfaa0a6f6171369876ed4e2da669ee7f8edbe3593bf6b', '9f630426df1d8abfd80ace98871ba833ab9742cb34838de2b5285ed54c0c7dcc', '3c35cc963eb004451323d3275d05b353235053490d9cd83729a2faf5e7ca1cc0']",[],1.0,0ffee3ba8e615ad22535e7f771690a28,ab41313cfec25328b20865eb1388e0a2,h2,,2630.166913,10.0.2.15,58614,172.217.23.238,443,tcp,6.417167000000063,505.0,4069.0,RSTO,True,False,0,ShADadFR,11,953,13,4593,ssl,0
2632.076883,CHdz8h38u3NjMnlz0k,10.0.2.15,58613,172.217.23.238,443,TLSv12,TLS_ECDHE_RSA_WITH_AES_128_GCM_SHA256,x25519,www.google-analytics.com,False,True,CsxknGIti,"['31ed45c3400fc5f9a84dfaa0a6f6171369876ed4e2da669ee7f8edbe3593bf6b', '9f630426df1d8abfd80ace98871ba833ab9742cb34838de2b5285ed54c0c7dcc', '3c35cc963eb004451323d3275d05b353235053490d9cd83729a2faf5e7ca1cc0']",[],1.0,0ffee3ba8e615ad22535e7f771690a28,ab41313cfec25328b20865eb1388e0a2,h2,,2630.165966,10.0.2.15,58613,172.217.23.238,443,tcp,6.423099999999977,505.0,4069.0,RSTO,True,False,0,ShADadFR,11,953,12,4553,ssl,0
2632.942898,C4iN5R3xZNFNflUj1f,10.0.2.15,58629,37.252.167.202,443,TLSv12,TLS_ECDHE_RSA_WITH_AES_256_GCM_SHA384,,rb.adnxs.com,True,True,CsiI,,,,1a5fe5677b0e4fbbc854e8908225637d,364ff14b04ef93c3b4cfa429d729c0d9,,,2631.97051,10.0.2.15,58629,37.252.167.202,443,tcp,16.343673999999737,8633.0,1496.0,SF,True,False,0,ShADadFf,18,9361,17,2180,ssl,0
2634.491399,CPMHdk3MpoEy8iYT71,10.0.2.15,58635,172.217.23.228,443,TLSv12,TLS_ECDHE_RSA_WITH_AES_128_GCM_SHA256,x25519,www.google.com,False,True,CsxknGIti,"['956e194960c68ac27a798b9de5f275ac1b0d80576783cff18c752250b5f1f519', '9f630426df1d8abfd80ace98871ba833ab9742cb34838de2b5285ed54c0c7dcc', '3c35cc963eb004451323d3275d05b353235053490d9cd83729a2faf5e7ca1cc0']",[],1.0,0ffee3ba8e615ad22535e7f771690a28,ab41313cfec25328b20865eb1388e0a2,h2,,2634.149252,10.0.2.15,58635,172.217.23.228,443,tcp,14.662476999999852,1477.0,5971.0,SF,True,False,0,ShADadFf,18,2205,22,6855,ssl,0
2635.923424,CljNVy2npYNElZYlfd,10.0.2.15,58636,37.252.167.202,443,TLSv12,TLS_ECDHE_RSA_WITH_AES_256_GCM_SHA384,,rb.adnxs.com,True,True,CsiI,,,,1a5fe5677b0e4fbbc854e8908225637d,364ff14b04ef93c3b4cfa429d729c0d9,,,2635.135683,10.0.2.15,58636,37.252.167.202,443,tcp,13.1895770000001,4198.0,590.0,SF,True,False,0,ShADadFf,12,4686,11,1034,ssl,0
2637.725855,CEZvwd2LAMSaHwS9U3,10.0.2.15,58639,37.252.167.202,443,TLSv12,TLS_ECDHE_RSA_WITH_AES_256_GCM_SHA384,,rb.adnxs.com,True,True,CsiI,,,,1a5fe5677b0e4fbbc854e8908225637d,364ff14b04ef93c3b4cfa429d729c0d9,,,2635.994378,10.0.2.15,58639,37.252.167.202,443,tcp,8.27940000000035,1781.0,590.0,RSTO,True,False,0,ShADadFR,8,2109,8,914,ssl,0
2638.999,CDIWNC34baykbmv6Hh,10.0.2.15,58641,37.252.167.202,443,TLSv12,TLS_ECDHE_RSA_WITH_AES_256_GCM_SHA384,,rb.adnxs.com,True,True,CsiI,,,,1a5fe5677b0e4fbbc854e8908225637d,364ff14b04ef93c3b4cfa429d729c0d9,,,2637.634263,10.0.2.15,58641,37.252.167.202,443,tcp,7.853791999999885,599.0,137.0,SF,True,False,0,ShADadFf,7,887,7,421,ssl,0
2638.996606,CuUeBAUhkvz53JDLg,10.0.2.15,58640,37.252.167.202,443,TLSv12,TLS_ECDHE_RSA_WITH_AES_256_GCM_SHA384,,rb.adnxs.com,True,True,CsiI,,,,1a5fe5677b0e4fbbc854e8908225637d,364ff14b04ef93c3b4cfa429d729c0d9,,,2637.632805,10.0.2.15,58640,37.252.167.202,443,tcp,7.855342999999721,599.0,137.0,SF,True,False,0,ShADadFf,7,887,7,421,ssl,0
2641.915544,Ca9ninH6gkjg8H8vl,10.0.2.15,58681,172.217.23.194,443,TLSv12,TLS_ECDHE_RSA_WITH_AES_128_GCM_SHA256,x25519,www.googletagservices.com,False,True,CsxknGIti,"['a32ffddd76f9e7debbfc9a37b38d2ef86039b30a10d7c45ab8223d149cf99699', '9f630426df1d8abfd80ace98871ba833ab9742cb34838de2b5285ed54c0c7dcc', '3c35cc963eb004451323d3275d05b353235053490d9cd83729a2faf5e7ca1cc0']",[],1.0,0ffee3ba8e615ad22535e7f771690a28,ab41313cfec25328b20865eb1388e0a2,h2,,2641.219327,10.0.2.15,58681,172.217.23.194,443,tcp,6.107978000000003,506.0,4085.0,RSTO,True,False,0,ShADadFR,11,954,14,4649,ssl,0
2642.779276,C7T9433E5rjGgNPB1j,10.0.2.15,58654,37.252.167.202,443,TLSv12,TLS_ECDHE_RSA_WITH_AES_256_GCM_SHA384,,rb.adnxs.com,True,True,CsiI,,,,1a5fe5677b0e4fbbc854e8908225637d,364ff14b04ef93c3b4cfa429d729c0d9,,,2638.818705,10.0.2.15,58654,37.252.167.202,443,tcp,9.85986899999989,599.0,137.0,SF,True,False,0,ShADadFf,9,975,7,421,ssl,0
2642.006922,CN8BYK1ePORFkBwo5c,10.0.2.15,58691,172.217.23.225,443,TLSv12,TLS_ECDHE_RSA_WITH_AES_128_GCM_SHA256,x25519,tpc.googlesyndication.com,False,True,CsxknGIti,"['1a04953b8e7e73c9260dd8ebc167433d66e5c2dd13da8be4a7be677086cfb34c', '9f630426df1d8abfd80ace98871ba833ab9742cb34838de2b5285ed54c0c7dcc', '3c35cc963eb004451323d3275d05b353235053490d9cd83729a2faf5e7ca1cc0']",[],1.0,0ffee3ba8e615ad22535e7f771690a28,ab41313cfec25328b20865eb1388e0a2,h2,,2641.314802,10.0.2.15,58691,172.217.23.225,443,tcp,3.916541999999936,295.0,3761.0,RSTO,True,False,0,ShADadFR,8,623,8,4085,ssl,0
2644.627786,CELN2D471sN8YTJ3A1,10.0.2.15,58701,172.217.23.225,443,TLSv12,TLS_ECDHE_RSA_WITH_AES_128_GCM_SHA256,x25519,tpc.googlesyndication.com,False,True,CsxknGIti,"['1a04953b8e7e73c9260dd8ebc167433d66e5c2dd13da8be4a7be677086cfb34c', '9f630426df1d8abfd80ace98871ba833ab9742cb34838de2b5285ed54c0c7dcc', '3c35cc963eb004451323d3275d05b353235053490d9cd83729a2faf5e7ca1cc0']",[],1.0,0ffee3ba8e615ad22535e7f771690a28,ab41313cfec25328b20865eb1388e0a2,h2,,2642.351166,10.0.2.15,58701,172.217.23.225,443,tcp,4.08687000000009,535.0,3897.0,RSTO,True,False,0,ShADadFR,12,1023,15,4501,ssl,0
2644.603207,CUwkVu3U0fWH0ftWtc,10.0.2.15,58698,172.217.23.225,443,TLSv12,TLS_ECDHE_RSA_WITH_AES_128_GCM_SHA256,x25519,tpc.googlesyndication.com,False,True,CsxknGIti,"['1a04953b8e7e73c9260dd8ebc167433d66e5c2dd13da8be4a7be677086cfb34c', '9f630426df1d8abfd80ace98871ba833ab9742cb34838de2b5285ed54c0c7dcc', '3c35cc963eb004451323d3275d05b353235053490d9cd83729a2faf5e7ca1cc0']",[],1.0,0ffee3ba8e615ad22535e7f771690a28,ab41313cfec25328b20865eb1388e0a2,h2,,2642.34968,10.0.2.15,58698,172.217.23.225,443,tcp,6.44683299999997,573.0,3897.0,SF,True,False,0,ShADadFf,15,1181,16,4541,ssl,0
2644.625403,Cgud3P3T2Q1Tfnf4Bg,10.0.2.15,58703,172.217.23.225,443,TLSv12,TLS_ECDHE_RSA_WITH_AES_128_GCM_SHA256,x25519,tpc.googlesyndication.com,False,True,CsxknGIti,"['1a04953b8e7e73c9260dd8ebc167433d66e5c2dd13da8be4a7be677086cfb34c', '9f630426df1d8abfd80ace98871ba833ab9742cb34838de2b5285ed54c0c7dcc', '3c35cc963eb004451323d3275d05b353235053490d9cd83729a2faf5e7ca1cc0']",[],1.0,0ffee3ba8e615ad22535e7f771690a28,ab41313cfec25328b20865eb1388e0a2,h2,,2642.352326,10.0.2.15,58703,172.217.23.225,443,tcp,4.085266000000047,535.0,3897.0,RSTO,True,False,0,ShADadFR,13,1063,15,4501,ssl,0
2644.626621,ClXSER1r50IGIfVmPh,10.0.2.15,58702,172.217.23.225,443,TLSv12,TLS_ECDHE_RSA_WITH_AES_128_GCM_SHA256,x25519,tpc.googlesyndication.com,False,True,CsxknGIti,"['1a04953b8e7e73c9260dd8ebc167433d66e5c2dd13da8be4a7be677086cfb34c', '9f630426df1d8abfd80ace98871ba833ab9742cb34838de2b5285ed54c0c7dcc', '3c35cc963eb004451323d3275d05b353235053490d9cd83729a2faf5e7ca1cc0']",[],1.0,0ffee3ba8e615ad22535e7f771690a28,ab41313cfec25328b20865eb1388e0a2,h2,,2642.351616,10.0.2.15,58702,172.217.23.225,443,tcp,4.091413000000102,535.0,3897.0,RSTO,True,False,0,ShADadFR,12,1023,14,4461,ssl,0
2644.552872,CJJT2vef45yJ5FxHc,10.0.2.15,58659,52.45.68.116,443,TLSv12,TLS_ECDHE_RSA_WITH_AES_128_GCM_SHA256,secp256r1,www.gomnlt.com,False,True,CsxknGIi,"['cdc330fc64fdc260b026cf9ed51e38ed2258001666aaaaf9b78a92de1b84456f', 'f55f9ffcb83c73453261601c7e044db15a0f034b93c05830f28635ef889cf670', '87dcd4dc74640a322cd205552506d1be64f12596258096544986b4850bc72706', '28689b30e4c306aab53b027b29e36ad6dd1dcf4b953994482ca84bdc1ecac996']",[],1.0,0ffee3ba8e615ad22535e7f771690a28,303951d4c50efb2e991652225a6f02b1,,,2638.988103,10.0.2.15,58659,52.45.68.116,443,tcp,10.425838999999996,348.0,5081.0,RSTO,True,False,0,ShADadFR,12,844,13,5605,ssl,0
2641.919205,CZ2p0o2w8Y3Un9e7Dh,10.0.2.15,58682,172.217.23.230,443,TLSv12,TLS_ECDHE_RSA_WITH_AES_128_GCM_SHA256,x25519,ad.doubleclick.net,False,True,CsxknGIti,"['378a6c73f6dec1c6bc563fa8eda92c3e9ce61b893db7685686c41f33ab89931c', '9f630426df1d8abfd80ace98871ba833ab9742cb34838de2b5285ed54c0c7dcc', '3c35cc963eb004451323d3275d05b353235053490d9cd83729a2faf5e7ca1cc0']",[],1.0,0ffee3ba8e615ad22535e7f771690a28,ab41313cfec25328b20865eb1388e0a2,h2,,2641.256953,10.0.2.15,58682,172.217.23.230,443,tcp,7.644048000000112,940.0,4120.0,SF,True,False,0,ShADadFf,15,1548,18,4844,ssl,0
2645.57846,CdO4sk3Pvi6TNtvpV1,10.0.2.15,58708,172.217.23.227,443,TLSv12,TLS_ECDHE_RSA_WITH_AES_128_GCM_SHA256,x25519,www.google.cz,False,True,CsxknGIti,"['635ff633f6427d8bb4cff322e016a54fd8da246e8392221d6a58ae24f13c6119', '9f630426df1d8abfd80ace98871ba833ab9742cb34838de2b5285ed54c0c7dcc', '3c35cc963eb004451323d3275d05b353235053490d9cd83729a2faf5e7ca1cc0']",[],1.0,0ffee3ba8e615ad22535e7f771690a28,ab41313cfec25328b20865eb1388e0a2,h2,,2642.762065,10.0.2.15,58708,172.217.23.227,443,tcp,6.469622000000072,523.0,3864.0,RSTO,True,False,0,ShADadFR,12,1011,15,4468,ssl,0
2641.965356,CJvhNc3E1QTlPxTEM1,10.0.2.15,58685,172.217.23.225,443,TLSv12,TLS_ECDHE_RSA_WITH_AES_128_GCM_SHA256,x25519,tpc.googlesyndication.com,False,True,CsxknGIti,"['1a04953b8e7e73c9260dd8ebc167433d66e5c2dd13da8be4a7be677086cfb34c', '9f630426df1d8abfd80ace98871ba833ab9742cb34838de2b5285ed54c0c7dcc', '3c35cc963eb004451323d3275d05b353235053490d9cd83729a2faf5e7ca1cc0']",[],1.0,0ffee3ba8e615ad22535e7f771690a28,ab41313cfec25328b20865eb1388e0a2,h2,,2641.310559,10.0.2.15,58685,172.217.23.225,443,tcp,5.556360999999924,295.0,3817.0,RSTO,True,False,0,ShADadFR,8,623,10,4221,ssl,0
2641.967564,C76Eit3Gmvqe4VefG6,10.0.2.15,58686,172.217.23.225,443,TLSv12,TLS_ECDHE_RSA_WITH_AES_128_GCM_SHA256,x25519,tpc.googlesyndication.com,False,True,CsxknGIti,"['1a04953b8e7e73c9260dd8ebc167433d66e5c2dd13da8be4a7be677086cfb34c', '9f630426df1d8abfd80ace98871ba833ab9742cb34838de2b5285ed54c0c7dcc', '3c35cc963eb004451323d3275d05b353235053490d9cd83729a2faf5e7ca1cc0']",[],1.0,0ffee3ba8e615ad22535e7f771690a28,ab41313cfec25328b20865eb1388e0a2,h2,,2641.311336,10.0.2.15,58686,172.217.23.225,443,tcp,5.654279999999744,295.0,3761.0,RSTO,True,False,0,ShADadFR,8,623,10,4165,ssl,0
2641.981096,CBltXwbmpoWnYiXzg,10.0.2.15,58687,172.217.23.225,443,TLSv12,TLS_ECDHE_RSA_WITH_AES_128_GCM_SHA256,x25519,tpc.googlesyndication.com,False,True,CsxknGIti,"['1a04953b8e7e73c9260dd8ebc167433d66e5c2dd13da8be4a7be677086cfb34c', '9f630426df1d8abfd80ace98871ba833ab9742cb34838de2b5285ed54c0c7dcc', '3c35cc963eb004451323d3275d05b353235053490d9cd83729a2faf5e7ca1cc0']",[],1.0,0ffee3ba8e615ad22535e7f771690a28,ab41313cfec25328b20865eb1388e0a2,h2,,2641.312089,10.0.2.15,58687,172.217.23.225,443,tcp,6.282215000000178,295.0,3761.0,RSTO,True,False,0,ShADadFR,8,623,9,4125,ssl,0
2641.984898,CJA5Rf30mrQOFawakc,10.0.2.15,58689,172.217.23.225,443,TLSv12,TLS_ECDHE_RSA_WITH_AES_128_GCM_SHA256,x25519,tpc.googlesyndication.com,False,True,CsxknGIti,"['1a04953b8e7e73c9260dd8ebc167433d66e5c2dd13da8be4a7be677086cfb34c', '9f630426df1d8abfd80ace98871ba833ab9742cb34838de2b5285ed54c0c7dcc', '3c35cc963eb004451323d3275d05b353235053490d9cd83729a2faf5e7ca1cc0']",[],1.0,0ffee3ba8e615ad22535e7f771690a28,ab41313cfec25328b20865eb1388e0a2,h2,,2641.313206,10.0.2.15,58689,172.217.23.225,443,tcp,6.289762000000337,295.0,3761.0,RSTO,True,False,0,ShADadFR,8,623,10,4165,ssl,0
2643.330068,CrSBEH1dHMebvs0Qlj,10.0.2.15,58660,37.252.167.202,443,TLSv12,TLS_ECDHE_RSA_WITH_AES_256_GCM_SHA384,,rb.adnxs.com,True,True,CsiI,,,,1a5fe5677b0e4fbbc854e8908225637d,364ff14b04ef93c3b4cfa429d729c0d9,,,2639.00387,10.0.2.15,58660,37.252.167.202,443,tcp,10.192465999999968,599.0,137.0,SF,True,False,0,ShADadFf,8,935,7,421,ssl,0
2641.990906,CPRgmg1IJfTXQzZfGh,10.0.2.15,58690,172.217.23.225,443,TLSv12,TLS_ECDHE_RSA_WITH_AES_128_GCM_SHA256,x25519,tpc.googlesyndication.com,False,True,CsxknGIti,"['1a04953b8e7e73c9260dd8ebc167433d66e5c2dd13da8be4a7be677086cfb34c', '9f630426df1d8abfd80ace98871ba833ab9742cb34838de2b5285ed54c0c7dcc', '3c35cc963eb004451323d3275d05b353235053490d9cd83729a2faf5e7ca1cc0']",[],1.0,0ffee3ba8e615ad22535e7f771690a28,ab41313cfec25328b20865eb1388e0a2,h2,,2641.314021,10.0.2.15,58690,172.217.23.225,443,tcp,6.315005999999812,295.0,3859.0,SF,True,False,0,ShADadFfRr,10,703,13,4383,ssl,0
2644.079769,ChzyWs3KFMZy7Xcxjl,10.0.2.15,58672,37.252.167.202,443,TLSv12,TLS_ECDHE_RSA_WITH_AES_256_GCM_SHA384,,rb.adnxs.com,True,True,CsiI,,,,1a5fe5677b0e4fbbc854e8908225637d,364ff14b04ef93c3b4cfa429d729c0d9,,,2639.077157,10.0.2.15,58672,37.252.167.202,443,tcp,19.236786999999826,599.0,137.0,SF,True,False,0,ShADadFf,8,935,7,421,ssl,0
2642.355226,COsNT047yVrIIYClj7,10.0.2.15,58693,172.217.23.227,443,TLSv12,TLS_ECDHE_RSA_WITH_AES_128_GCM_SHA256,x25519,www.google.cz,False,False,Csxkn,"['635ff633f6427d8bb4cff322e016a54fd8da246e8392221d6a58ae24f13c6119', '9f630426df1d8abfd80ace98871ba833ab9742cb34838de2b5285ed54c0c7dcc', '3c35cc963eb004451323d3275d05b353235053490d9cd83729a2faf5e7ca1cc0']",[],1.0,0ffee3ba8e615ad22535e7f771690a28,ab41313cfec25328b20865eb1388e0a2,h2,,2641.612169,10.0.2.15,58693,172.217.23.227,443,tcp,2.617021000000022,190.0,3482.0,RSTO,True,False,0,ShADadR,6,438,5,3686,ssl,0
2644.555797,CGcvBD2GCkfnGSq1Ni,10.0.2.15,58697,172.217.23.225,443,TLSv12,TLS_ECDHE_RSA_WITH_AES_128_GCM_SHA256,x25519,tpc.googlesyndication.com,False,True,CsxknGIti,"['1a04953b8e7e73c9260dd8ebc167433d66e5c2dd13da8be4a7be677086cfb34c', '9f630426df1d8abfd80ace98871ba833ab9742cb34838de2b5285ed54c0c7dcc', '3c35cc963eb004451323d3275d05b353235053490d9cd83729a2faf5e7ca1cc0']",[],1.0,0ffee3ba8e615ad22535e7f771690a28,ab41313cfec25328b20865eb1388e0a2,h2,,2642.349168,10.0.2.15,58697,172.217.23.225,443,tcp,7.227450999999746,504.0,3761.0,RSTO,True,False,0,ShADadFR,10,912,10,4165,ssl,0
2642.720931,COfxWV1Mr10CTzwmch,10.0.2.15,58694,52.45.68.116,443,TLSv12,TLS_ECDHE_RSA_WITH_AES_128_GCM_SHA256,,www.gomnlt.com,False,False,Cs,,,,0ffee3ba8e615ad22535e7f771690a28,303951d4c50efb2e991652225a6f02b1,,,2641.725296,10.0.2.15,58694,52.45.68.116,443,tcp,2.916631000000052,191.0,1460.0,RSTR,True,False,0,ShADaFdRr,6,439,6,1704,ssl,0
2644.549418,CKjWu42D0fa1kBhJbi,10.0.2.15,58699,172.217.23.225,443,TLSv12,TLS_ECDHE_RSA_WITH_AES_128_GCM_SHA256,x25519,tpc.googlesyndication.com,False,True,CsxknGIti,"['1a04953b8e7e73c9260dd8ebc167433d66e5c2dd13da8be4a7be677086cfb34c', '9f630426df1d8abfd80ace98871ba833ab9742cb34838de2b5285ed54c0c7dcc', '3c35cc963eb004451323d3275d05b353235053490d9cd83729a2faf5e7ca1cc0']",[],1.0,0ffee3ba8e615ad22535e7f771690a28,ab41313cfec25328b20865eb1388e0a2,h2,,2642.350128,10.0.2.15,58699,172.217.23.225,443,tcp,7.324990999999954,806.0,3761.0,RSTO,True,False,0,ShADadFR,12,1294,12,4245,ssl,0
2644.550787,CZu45f2XCnZFc5hA1d,10.0.2.15,58696,172.217.23.194,443,TLSv12,TLS_ECDHE_RSA_WITH_AES_128_GCM_SHA256,x25519,www.googletagservices.com,False,True,CsxknGIti,"['a32ffddd76f9e7debbfc9a37b38d2ef86039b30a10d7c45ab8223d149cf99699', '9f630426df1d8abfd80ace98871ba833ab9742cb34838de2b5285ed54c0c7dcc', '3c35cc963eb004451323d3275d05b353235053490d9cd83729a2faf5e7ca1cc0']",[],1.0,0ffee3ba8e615ad22535e7f771690a28,ab41313cfec25328b20865eb1388e0a2,h2,,2642.236875,10.0.2.15,58696,172.217.23.194,443,tcp,7.467830000000049,504.0,3949.0,RSTO,True,False,0,ShADadFR,10,912,10,4353,ssl,0
2676.365426,CwLzlz39nfTL1qNBt4,10.0.2.15,58745,192.30.31.84,443,TLSv12,TLS_ECDHE_RSA_WITH_AES_128_GCM_SHA256,secp256r1,www.verizon.com,False,True,CsxuknGIti,"['85ff027ac6b085be4ab251298e22e72dde0b2d6dbc009075b0e115572571d5ef', '403e062a2653059113285baf80a0d4ae422c848c9f78fad01fc94bc5b87fef1a', '7431e5f4c3c1ce4690774f0b61e05440883ba9a01ed00ba6abd7806ed3b118cf']",[],1.0,0ffee3ba8e615ad22535e7f771690a28,49b45fc1ab090aa3a159778313fc9b9e,http/1.1,,2675.69432,10.0.2.15,58745,192.30.31.84,443,tcp,129.76383799999985,1118.0,7975.0,RSTO,True,False,0,ShADadTTFR,24,2097,30,9179,ssl,0
2676.048041,Cuekf44v5yJleN5OQf,10.0.2.15,58744,192.30.31.84,443,TLSv12,TLS_ECDHE_RSA_WITH_AES_128_GCM_SHA256,secp256r1,www.verizon.com,False,True,CsxuknGIti,"['85ff027ac6b085be4ab251298e22e72dde0b2d6dbc009075b0e115572571d5ef', '403e062a2653059113285baf80a0d4ae422c848c9f78fad01fc94bc5b87fef1a', '7431e5f4c3c1ce4690774f0b61e05440883ba9a01ed00ba6abd7806ed3b118cf']",[],1.0,0ffee3ba8e615ad22535e7f771690a28,49b45fc1ab090aa3a159778313fc9b9e,http/1.1,,2675.440235,10.0.2.15,58744,192.30.31.84,443,tcp,142.50407700000005,856.0,9609.0,RSTO,True,False,0,ShADadTTFR,27,1957,29,10773,ssl,0
2677.946164,C6hUZC3dBklyQlWFz5,10.0.2.15,58751,172.217.23.230,443,TLSv12,TLS_ECDHE_RSA_WITH_AES_128_GCM_SHA256,x25519,ad.doubleclick.net,False,True,CsxknGIti,"['378a6c73f6dec1c6bc563fa8eda92c3e9ce61b893db7685686c41f33ab89931c', '9f630426df1d8abfd80ace98871ba833ab9742cb34838de2b5285ed54c0c7dcc', '3c35cc963eb004451323d3275d05b353235053490d9cd83729a2faf5e7ca1cc0']",[],1.0,0ffee3ba8e615ad22535e7f771690a28,ab41313cfec25328b20865eb1388e0a2,h2,,2677.564519,10.0.2.15,58751,172.217.23.230,443,tcp,143.63627600000018,2008.0,5432.0,SF,True,False,0,ShADadFfRr,28,3136,36,6876,ssl,0
2678.115259,CtYI6O3By5shCsb3Dk,10.0.2.15,58756,192.30.31.84,443,TLSv12,TLS_ECDHE_RSA_WITH_AES_128_GCM_SHA256,secp256r1,www.verizon.com,False,True,CsxuknGIti,"['85ff027ac6b085be4ab251298e22e72dde0b2d6dbc009075b0e115572571d5ef', '403e062a2653059113285baf80a0d4ae422c848c9f78fad01fc94bc5b87fef1a', '7431e5f4c3c1ce4690774f0b61e05440883ba9a01ed00ba6abd7806ed3b118cf']",[],1.0,1a5fe5677b0e4fbbc854e8908225637d,49b45fc1ab090aa3a159778313fc9b9e,http/1.1,,2677.783919,10.0.2.15,58756,192.30.31.84,443,tcp,129.847988,1289.0,8120.0,RSTO,True,False,0,ShADadTTFR,26,2349,31,9364,ssl,0
2678.153287,CA2QEi3UGky8ifo66a,10.0.2.15,58757,172.217.23.230,443,TLSv12,TLS_ECDHE_RSA_WITH_AES_128_GCM_SHA256,x25519,ad.doubleclick.net,False,True,CsxknGIti,"['378a6c73f6dec1c6bc563fa8eda92c3e9ce61b893db7685686c41f33ab89931c', '9f630426df1d8abfd80ace98871ba833ab9742cb34838de2b5285ed54c0c7dcc', '3c35cc963eb004451323d3275d05b353235053490d9cd83729a2faf5e7ca1cc0']",[],1.0,0ffee3ba8e615ad22535e7f771690a28,ab41313cfec25328b20865eb1388e0a2,h2,,2677.819653,10.0.2.15,58757,172.217.23.230,443,tcp,3.452060999999958,497.0,3984.0,RSTO,True,False,0,ShADadFR,10,905,12,4468,ssl,0
2678.187421,CxgRQg4uAMbHOdWNg9,10.0.2.15,58761,95.101.250.34,443,TLSv12,TLS_ECDHE_RSA_WITH_AES_256_GCM_SHA384,secp256r1,use.typekit.net,False,True,CsxknGIti,"['a023403dd8cfbb6a4de86bc4fc5926cf3d96ed52280ca0c8f64937c50ff66c73', 'eae72eb454bf6c3977ebd289e970b2f5282949190093d0d26f98d0f0d6a9cf17']",[],1.0,0ffee3ba8e615ad22535e7f771690a28,2b33c1374db4ddf06942f92373c0b54b,h2,,2677.933782,10.0.2.15,58761,95.101.250.34,443,tcp,199.3556800000001,734.0,4196.0,RSTO,True,False,0,ShADadFR,19,1502,23,5120,ssl,0
2679.213829,CPMUDM0PCdpXmCKDg,10.0.2.15,58764,192.30.31.84,443,TLSv12,TLS_ECDHE_RSA_WITH_AES_128_GCM_SHA256,secp256r1,www.verizon.com,False,True,CsxuknGIti,"['85ff027ac6b085be4ab251298e22e72dde0b2d6dbc009075b0e115572571d5ef', '403e062a2653059113285baf80a0d4ae422c848c9f78fad01fc94bc5b87fef1a', '7431e5f4c3c1ce4690774f0b61e05440883ba9a01ed00ba6abd7806ed3b118cf']",[],1.0,1a5fe5677b0e4fbbc854e8908225637d,49b45fc1ab090aa3a159778313fc9b9e,http/1.1,,2678.039824,10.0.2.15,58764,192.30.31.84,443,tcp,8.821091000000251,674.0,6302.0,RSTO,True,False,0,ShADadFR,11,1122,12,6786,ssl,0
2679.636496,CzaBJa3PKVdehJO7Il,10.0.2.15,58765,140.108.21.103,443,TLSv12,TLS_RSA_WITH_3DES_EDE_CBC_SHA,,collaborateext.verizon.com,False,True,CsxnGIi,"['4a9182c9c441248a74003415a6acaf151df0b6536ada863f680d0a9986119237', '675c1c5dbb08e9fa2c817b86d5fc896810349a2f47dd64938a2baca64997c8bb']",[],1.0,0ffee3ba8e615ad22535e7f771690a28,ccf031939aa8979b73a604c356f7fd68,,,2678.147811,10.0.2.15,58765,140.108.21.103,443,tcp,132.55627600000025,1099.0,68830.0,SF,True,False,0,ShADadTTFf,60,3519,107,73114,ssl,0
2680.178674,CYMvOX2NwqZFhk7a67,10.0.2.15,58768,140.108.21.103,443,TLSv12,TLS_RSA_WITH_3DES_EDE_CBC_SHA,,collaborateext.verizon.com,False,True,CsxnGIi,"['4a9182c9c441248a74003415a6acaf151df0b6536ada863f680d0a9986119237', '675c1c5dbb08e9fa2c817b86d5fc896810349a2f47dd64938a2baca64997c8bb']",[],1.0,0ffee3ba8e615ad22535e7f771690a28,ccf031939aa8979b73a604c356f7fd68,,,2678.413527,10.0.2.15,58768,140.108.21.103,443,tcp,9.465392000000064,566.0,2893.0,SF,True,False,0,ShADadFf,9,934,9,3257,ssl,0
2681.357419,CV306R3C8BqsF9JNR1,10.0.2.15,58769,199.38.164.154,443,TLSv12,TLS_RSA_WITH_AES_128_CBC_SHA,,vz.xp1.ru4.com,False,True,CsxnGIi,"['16c759d78a3b6d4ef3d63d9f2bf19037443328f7801e9ef1250ce09b4819f181', '4829e606691f5e55b448587d5c0999b0da5dd31c1273e35738cb92e53cd788e1', '16af57a9f676b0ab126095aa5ebadef22ab31119d644ac95cd4b93dbf3f26aeb']",[],1.0,0ffee3ba8e615ad22535e7f771690a28,5dcc087b1a1d0a5b0658981a7e8b2c3c,,,2679.511682,10.0.2.15,58769,199.38.164.154,443,tcp,6.493492999999944,586.0,3213.0,RSTO,True,False,0,ShADadFR,9,954,9,3577,ssl,0
2682.02112,CsH8pp4WCEr6fEa406,10.0.2.15,58770,199.38.164.154,443,TLSv12,TLS_RSA_WITH_AES_128_CBC_SHA,,vz.xp1.ru4.com,False,True,CsxnGIi,"['16c759d78a3b6d4ef3d63d9f2bf19037443328f7801e9ef1250ce09b4819f181', '4829e606691f5e55b448587d5c0999b0da5dd31c1273e35738cb92e53cd788e1', '16af57a9f676b0ab126095aa5ebadef22ab31119d644ac95cd4b93dbf3f26aeb']",[],1.0,0ffee3ba8e615ad22535e7f771690a28,5dcc087b1a1d0a5b0658981a7e8b2c3c,,,2679.784003,10.0.2.15,58770,199.38.164.154,443,tcp,6.499688999999762,586.0,3213.0,RSTO,True,False,0,ShADadFR,9,954,9,3577,ssl,0
2688.792762,Ceen5b1HzCEX4JoQl7,10.0.2.15,58799,162.251.148.152,443,TLSv12,TLS_RSA_WITH_AES_256_CBC_SHA,,verizon.inq.com,False,True,CsxnGIi,"['8684346040866b1f5e656abbfbfa71f9f2ed528fe71e627bbc77bd74ec76aaab', '074541ecdf88ed992ed5ade3ecddef27a26ba1b44480a195c0a8dadae2521d8e', '074541ecdf88ed992ed5ade3ecddef27a26ba1b44480a195c0a8dadae2521d8e']",[],1.0,0ffee3ba8e615ad22535e7f771690a28,0a917d753018dad73d9899ace370f8d8,,,2688.617667,10.0.2.15,58799,162.251.148.152,443,tcp,123.449478,976.0,12771.0,SF,True,False,0,ShADadTTFf,26,2036,31,14015,ssl,0
2686.203863,CakOWF3epBlFH96lZ2,10.0.2.15,58786,193.0.160.185,443,TLSv12,TLS_RSA_WITH_AES_256_CBC_SHA,,s.xp1.ru4.com,False,True,CsxnGIi,"['9dc8766eb86ef0cda935ff045fe43b6b401b8dff8cb5066bdb89ca3f2b92a0ca', '154c433c491929c5ef686e838e323664a00e6a0d822ccc958fb4dab03e49a08f']",[],1.0,0ffee3ba8e615ad22535e7f771690a28,0a917d753018dad73d9899ace370f8d8,,,2684.034858,10.0.2.15,58786,193.0.160.185,443,tcp,12.234437999999956,1278.0,3146.0,SF,True,False,0,ShADadfF,10,1686,11,3590,ssl,0
2686.384107,CcK4kp1odAVs3M2wL,10.0.2.15,58788,193.0.160.185,443,TLSv12,TLS_RSA_WITH_AES_256_CBC_SHA,,s.xp1.ru4.com,False,True,CsxnGIi,"['9dc8766eb86ef0cda935ff045fe43b6b401b8dff8cb5066bdb89ca3f2b92a0ca', '154c433c491929c5ef686e838e323664a00e6a0d822ccc958fb4dab03e49a08f']",[],1.0,0ffee3ba8e615ad22535e7f771690a28,0a917d753018dad73d9899ace370f8d8,,,2684.288836,10.0.2.15,58788,193.0.160.185,443,tcp,12.17122900000004,585.0,2677.0,SF,True,False,0,ShADadFf,9,953,9,3041,ssl,0
2696.828795,Cr6eqK3wtKeWoZUd9i,10.0.2.15,58866,192.33.31.77,443,TLSv12,TLS_ECDHE_RSA_WITH_AES_128_GCM_SHA256,secp256r1,www.edmunds.com,False,True,CsxknGIti,"['ec141301fd7e7405784cd80b681fff84cab7cfb275ecc8b4f5bf84d33328335a', '4b7334e1d8999822bafa8ff6888125389b18a4e5ab26ffa624c7f68fdc81f0cb']",[],1.0,0ffee3ba8e615ad22535e7f771690a28,b898351eb5e266aefd3723d466935494,http/1.1,,2696.79741,10.0.2.15,58866,192.33.31.77,443,tcp,34.01058299999977,4348.0,61765.0,SF,True,False,0,ShADadTFfRr,50,6358,92,65449,ssl,0
2697.35528,CLBFpD3gmVoJSa7ZLi,10.0.2.15,58868,192.33.31.77,443,TLSv12,TLS_ECDHE_RSA_WITH_AES_128_GCM_SHA256,,www.edmunds.com,True,True,CsiI,,,,1a5fe5677b0e4fbbc854e8908225637d,7bee5c1d424b7e5f943b06983bb11422,http/1.1,,2697.310925,10.0.2.15,58868,192.33.31.77,443,tcp,34.123541999999816,2742.0,21113.0,RSTO,True,False,0,ShADadTFR,24,3712,37,22597,ssl,0
2694.824894,CYAX6F1d6uEAUzhKl5,10.0.2.15,58836,50.19.124.162,443,TLSv12,TLS_ECDHE_RSA_WITH_AES_128_GCM_SHA256,secp256r1,vop.sundaysky.com,False,True,CsxknGIi,"['390264c1cb6889d214d387539c833b7920fe4b01eac544cc03b0682ba31f2fd6', '154c433c491929c5ef686e838e323664a00e6a0d822ccc958fb4dab03e49a08f']",[],1.0,0ffee3ba8e615ad22535e7f771690a28,303951d4c50efb2e991652225a6f02b1,,,2693.210894,10.0.2.15,58836,50.19.124.162,443,tcp,9.2266810000001,351.0,3035.0,SF,True,False,0,ShADadFfRr,11,799,12,3519,ssl,0
2367.402966,Co5DGM1L0dYXLpQnoj,10.0.2.15,57847,173.241.240.220,443,TLSv12,TLS_ECDHE_RSA_WITH_AES_128_GCM_SHA256,secp256r1,sbnationbidder-d.openx.net,False,False,CsxknGI,"['ab7de06ea7a3de3225f335667d38750434931049f9e9cb0cb4a9caf5df22819c', '074541ecdf88ed992ed5ade3ecddef27a26ba1b44480a195c0a8dadae2521d8e']",[],1.0,0ffee3ba8e615ad22535e7f771690a28,699a80bdb17efe157c861f92c5bf5d1d,,,2364.215504,10.0.2.15,57847,173.241.240.220,443,tcp,34.85617600000023,329.0,2826.0,SF,True,False,0,ShADadTFf,11,787,10,3230,ssl,0
2698.161857,Ci5uhb2JE0pzVPf5C3,10.0.2.15,58869,54.192.93.166,443,TLSv12,TLS_ECDHE_RSA_WITH_AES_128_GCM_SHA256,secp256r1,cdn.ed.edmunds-media.com,False,True,CsxuknGIti,"['b26269a5ee8e46dc0933963003cba5089d5057708c0b9790bba1b83f7e9227d3', 'f55f9ffcb83c73453261601c7e044db15a0f034b93c05830f28635ef889cf670', '87dcd4dc74640a322cd205552506d1be64f12596258096544986b4850bc72706', '28689b30e4c306aab53b027b29e36ad6dd1dcf4b953994482ca84bdc1ecac996']",[],1.0,0ffee3ba8e615ad22535e7f771690a28,76cc3e2d3028143b23ec18e27dbd7ca9,http/1.1,,2697.953003,10.0.2.15,58869,54.192.93.166,443,tcp,124.59658899999975,1049.0,13175.0,SF,True,False,0,ShADadTTfF,27,2148,34,14539,ssl,0
2698.248057,CApfYi2YjOGcEQ6kfa,10.0.2.15,58846,95.101.250.34,443,TLSv12,TLS_ECDHE_RSA_WITH_AES_256_GCM_SHA384,secp256r1,use.typekit.net,False,True,CsxknGIti,"['a023403dd8cfbb6a4de86bc4fc5926cf3d96ed52280ca0c8f64937c50ff66c73', 'eae72eb454bf6c3977ebd289e970b2f5282949190093d0d26f98d0f0d6a9cf17']",[],1.0,0ffee3ba8e615ad22535e7f771690a28,2b33c1374db4ddf06942f92373c0b54b,h2,,2695.044417,10.0.2.15,58846,95.101.250.34,443,tcp,259.6355819999999,6084.0,340899.0,SF,True,False,0,ShADadFf,255,16300,442,358583,ssl,0
2698.268602,CH1M4j2a2SOwv2a5ab,10.0.2.15,58870,192.33.31.183,443,TLSv12,TLS_ECDHE_RSA_WITH_AES_128_GCM_SHA256,secp256r1,services.edmunds-media.com,False,True,CsxknGIti,"['ec141301fd7e7405784cd80b681fff84cab7cfb275ecc8b4f5bf84d33328335a', '4b7334e1d8999822bafa8ff6888125389b18a4e5ab26ffa624c7f68fdc81f0cb']",[],1.0,0ffee3ba8e615ad22535e7f771690a28,b898351eb5e266aefd3723d466935494,h2,,2698.12588,10.0.2.15,58870,192.33.31.183,443,tcp,323.95091,8718.0,2038951.0,SF,True,False,0,ShADadFf,949,46686,2261,2129395,ssl,0
2698.297018,CTGSIt1Yc3YiMj8cPj,10.0.2.15,58871,192.33.31.183,443,TLSv12,TLS_ECDHE_RSA_WITH_AES_128_GCM_SHA256,secp256r1,services.edmunds-media.com,False,True,CsxknGIti,"['ec141301fd7e7405784cd80b681fff84cab7cfb275ecc8b4f5bf84d33328335a', '4b7334e1d8999822bafa8ff6888125389b18a4e5ab26ffa624c7f68fdc81f0cb']",[],1.0,0ffee3ba8e615ad22535e7f771690a28,b898351eb5e266aefd3723d466935494,h2,,2698.128363,10.0.2.15,58871,192.33.31.183,443,tcp,6.417863000000125,891.0,23229.0,SF,True,False,0,ShADadFf,27,1979,44,24993,ssl,0
2698.296429,CUt6d41WshZJhOt0vd,10.0.2.15,58872,192.33.31.183,443,TLSv12,TLS_ECDHE_RSA_WITH_AES_128_GCM_SHA256,secp256r1,services.edmunds-media.com,False,True,CsxknGIti,"['ec141301fd7e7405784cd80b681fff84cab7cfb275ecc8b4f5bf84d33328335a', '4b7334e1d8999822bafa8ff6888125389b18a4e5ab26ffa624c7f68fdc81f0cb']",[],1.0,0ffee3ba8e615ad22535e7f771690a28,b898351eb5e266aefd3723d466935494,h2,,2698.129714,10.0.2.15,58872,192.33.31.183,443,tcp,6.458258999999998,890.0,23290.0,SF,True,False,0,ShADadFf,22,1778,36,24734,ssl,0
2694.597991,Csy8os3CCboy2jdZAd,10.0.2.15,58833,50.19.124.162,443,TLSv12,TLS_ECDHE_RSA_WITH_AES_128_GCM_SHA256,,vop.sundaysky.com,False,False,Csx,"['390264c1cb6889d214d387539c833b7920fe4b01eac544cc03b0682ba31f2fd6', '154c433c491929c5ef686e838e323664a00e6a0d822ccc958fb4dab03e49a08f']",[],1.0,0ffee3ba8e615ad22535e7f771690a28,303951d4c50efb2e991652225a6f02b1,,,2692.952405,10.0.2.15,58833,50.19.124.162,443,tcp,4.314680999999837,194.0,2880.0,RSTR,True,False,0,ShADaFdRr,7,482,8,3204,ssl,0
2698.30063,CaTdtYlCFjeVy3nt8,10.0.2.15,58875,192.33.31.183,443,TLSv12,TLS_ECDHE_RSA_WITH_AES_128_GCM_SHA256,secp256r1,services.edmunds-media.com,False,True,CsxknGIti,"['ec141301fd7e7405784cd80b681fff84cab7cfb275ecc8b4f5bf84d33328335a', '4b7334e1d8999822bafa8ff6888125389b18a4e5ab26ffa624c7f68fdc81f0cb']",[],1.0,0ffee3ba8e615ad22535e7f771690a28,b898351eb5e266aefd3723d466935494,h2,,2698.138465,10.0.2.15,58875,192.33.31.183,443,tcp,6.351586000000225,887.0,22689.0,SF,True,False,0,ShADadFf,22,1775,37,24173,ssl,0
2700.949492,CFusBOUYCbqHXXfO5,10.0.2.15,58877,54.192.93.166,443,TLSv12,TLS_ECDHE_RSA_WITH_AES_128_GCM_SHA256,,cdn.ed.edmunds-media.com,True,True,CsiI,,,,1a5fe5677b0e4fbbc854e8908225637d,d199ba0af2b08e204c73d6d81a1fd260,http/1.1,,2699.265393,10.0.2.15,58877,54.192.93.166,443,tcp,235.94486199999983,1821.0,67091.0,SF,True,False,0,ShADadTTFRfr,62,4328,96,70935,ssl,0
2700.9508,CgE39g3m3rxmPs6FMf,10.0.2.15,58876,54.192.93.166,443,TLSv12,TLS_ECDHE_RSA_WITH_AES_128_GCM_SHA256,,cdn.ed.edmunds-media.com,True,True,CsiI,,,,1a5fe5677b0e4fbbc854e8908225637d,d199ba0af2b08e204c73d6d81a1fd260,http/1.1,,2699.254389,10.0.2.15,58876,54.192.93.166,443,tcp,136.57768899999974,938.0,7563.0,SF,True,False,0,ShADadTTfF,22,1838,26,8607,ssl,0
2698.303922,CQW9033ow5MJZvhdJc,10.0.2.15,58874,192.33.31.183,443,TLSv12,TLS_ECDHE_RSA_WITH_AES_128_GCM_SHA256,secp256r1,services.edmunds-media.com,False,True,CsxknGIti,"['ec141301fd7e7405784cd80b681fff84cab7cfb275ecc8b4f5bf84d33328335a', '4b7334e1d8999822bafa8ff6888125389b18a4e5ab26ffa624c7f68fdc81f0cb']",[],1.0,0ffee3ba8e615ad22535e7f771690a28,b898351eb5e266aefd3723d466935494,h2,,2698.135824,10.0.2.15,58874,192.33.31.183,443,tcp,15.198582999999871,885.0,22848.0,SF,True,False,0,ShADadFf,27,1973,41,24492,ssl,0
2701.152065,C24EYa4zOsAk5lMcRh,10.0.2.15,58878,54.192.93.166,443,TLSv12,TLS_ECDHE_RSA_WITH_AES_128_GCM_SHA256,,cdn.ed.edmunds-media.com,True,True,CsiI,,,,1a5fe5677b0e4fbbc854e8908225637d,d199ba0af2b08e204c73d6d81a1fd260,http/1.1,,2699.438418,10.0.2.15,58878,54.192.93.166,443,tcp,167.78863699999965,1332.0,52645.0,SF,True,False,0,ShADadTTfF,57,3634,94,56409,ssl,0
2701.155882,CIQZW345PQWRgqZQEi,10.0.2.15,58879,54.192.93.166,443,TLSv12,TLS_ECDHE_RSA_WITH_AES_128_GCM_SHA256,,cdn.ed.edmunds-media.com,True,True,CsiI,,,,1a5fe5677b0e4fbbc854e8908225637d,d199ba0af2b08e204c73d6d81a1fd260,http/1.1,,2699.442062,10.0.2.15,58879,54.192.93.166,443,tcp,168.41789500000004,1261.0,65902.0,SF,True,False,0,ShADadTTfF,62,3763,103,70026,ssl,0
2701.158117,Ck2S6B7hOhiT4zCZc,10.0.2.15,58880,54.192.93.166,443,TLSv12,TLS_ECDHE_RSA_WITH_AES_128_GCM_SHA256,,cdn.ed.edmunds-media.com,True,True,CsiI,,,,1a5fe5677b0e4fbbc854e8908225637d,d199ba0af2b08e204c73d6d81a1fd260,http/1.1,,2699.445041,10.0.2.15,58880,54.192.93.166,443,tcp,138.057417,910.0,23648.0,SF,True,False,0,ShADadTTfF,30,2130,43,25372,ssl,0
2698.306014,CDZ4gvFVyDIT0q1z7,10.0.2.15,58873,192.33.31.183,443,TLSv12,TLS_ECDHE_RSA_WITH_AES_128_GCM_SHA256,secp256r1,services.edmunds-media.com,False,True,CsxknGIti,"['ec141301fd7e7405784cd80b681fff84cab7cfb275ecc8b4f5bf84d33328335a', '4b7334e1d8999822bafa8ff6888125389b18a4e5ab26ffa624c7f68fdc81f0cb']",[],1.0,0ffee3ba8e615ad22535e7f771690a28,b898351eb5e266aefd3723d466935494,h2,,2698.133118,10.0.2.15,58873,192.33.31.183,443,tcp,15.558619999999792,892.0,22832.0,SF,True,False,0,ShADadFf,26,1940,40,24436,ssl,0
2701.281713,CUaEBslzM3MFzQJOe,10.0.2.15,58881,54.192.93.166,443,TLSv12,TLS_ECDHE_RSA_WITH_AES_128_GCM_SHA256,,cdn.ed.edmunds-media.com,True,True,CsiI,,,,1a5fe5677b0e4fbbc854e8908225637d,d199ba0af2b08e204c73d6d81a1fd260,http/1.1,,2699.695644,10.0.2.15,58881,54.192.93.166,443,tcp,7.610400999999911,599.0,156.0,SF,True,False,0,ShADadFf,7,887,7,440,ssl,0
2701.319201,C67Y9P3B4HjuCdPhZ1,10.0.2.15,58882,54.192.93.166,443,TLSv12,TLS_ECDHE_RSA_WITH_AES_128_GCM_SHA256,,cdn.ed.edmunds-media.com,True,True,CsiI,,,,1a5fe5677b0e4fbbc854e8908225637d,d199ba0af2b08e204c73d6d81a1fd260,http/1.1,,2699.69828,10.0.2.15,58882,54.192.93.166,443,tcp,12.876557000000048,599.0,156.0,SF,True,False,0,ShADadFf,7,887,7,440,ssl,0
2701.324075,CaDuVY1HzjeHoxJm3f,10.0.2.15,58883,54.192.93.166,443,TLSv12,TLS_ECDHE_RSA_WITH_AES_128_GCM_SHA256,,cdn.ed.edmunds-media.com,True,True,CsiI,,,,1a5fe5677b0e4fbbc854e8908225637d,d199ba0af2b08e204c73d6d81a1fd260,http/1.1,,2699.699458,10.0.2.15,58883,54.192.93.166,443,tcp,12.878095999999914,599.0,156.0,SF,True,False,0,ShADadFf,7,887,7,440,ssl,0
2703.600522,CIvpke3GDEwnJysolk,10.0.2.15,58885,192.33.31.183,443,TLSv12,TLS_ECDHE_RSA_WITH_AES_128_GCM_SHA256,secp256r1,static.ed.edmunds-media.com,False,True,CsxknGIti,"['ec141301fd7e7405784cd80b681fff84cab7cfb275ecc8b4f5bf84d33328335a', '4b7334e1d8999822bafa8ff6888125389b18a4e5ab26ffa624c7f68fdc81f0cb']",[],1.0,0ffee3ba8e615ad22535e7f771690a28,b898351eb5e266aefd3723d466935494,h2,,2701.000672,10.0.2.15,58885,192.33.31.183,443,tcp,16.5213719999997,541.0,19883.0,SF,True,False,0,ShADadFf,15,1149,23,20807,ssl,0
2703.60107,ChLLr73DA4iwKHLI83,10.0.2.15,58884,192.33.31.183,443,TLSv12,TLS_ECDHE_RSA_WITH_AES_128_GCM_SHA256,secp256r1,static.ed.edmunds-media.com,False,True,CsxknGIti,"['ec141301fd7e7405784cd80b681fff84cab7cfb275ecc8b4f5bf84d33328335a', '4b7334e1d8999822bafa8ff6888125389b18a4e5ab26ffa624c7f68fdc81f0cb']",[],1.0,0ffee3ba8e615ad22535e7f771690a28,b898351eb5e266aefd3723d466935494,h2,,2701.000089,10.0.2.15,58884,192.33.31.183,443,tcp,17.430288999999902,541.0,19883.0,SF,True,False,0,ShADadFf,15,1149,23,20807,ssl,0
2703.601622,CyqSMuWceRWFflZMa,10.0.2.15,58886,192.33.31.183,443,TLSv12,TLS_ECDHE_RSA_WITH_AES_128_GCM_SHA256,secp256r1,static.ed.edmunds-media.com,False,True,CsxknGIti,"['ec141301fd7e7405784cd80b681fff84cab7cfb275ecc8b4f5bf84d33328335a', '4b7334e1d8999822bafa8ff6888125389b18a4e5ab26ffa624c7f68fdc81f0cb']",[],1.0,0ffee3ba8e615ad22535e7f771690a28,b898351eb5e266aefd3723d466935494,h2,,2701.001374,10.0.2.15,58886,192.33.31.183,443,tcp,17.42919699999993,541.0,19883.0,SF,True,False,0,ShADadFf,15,1149,23,20807,ssl,0
2713.211479,Ck12RpkkKmGMlK52b,10.0.2.15,58911,52.20.90.81,443,TLSv12,TLS_ECDHE_RSA_WITH_AES_128_GCM_SHA256,secp256r1,www.civicscience.com,False,True,CsxknGIi,"['dc8d413e8c2468384b9d5638a8624d2c505ecf57000227cc094cba40f1d44f11', 'e6683e88315cd1cb403c0cea490f7c4b4c82c91cd485037489aadbaa90839f61']",[],1.0,0ffee3ba8e615ad22535e7f771690a28,303951d4c50efb2e991652225a6f02b1,,,2711.053014,10.0.2.15,58911,52.20.90.81,443,tcp,31.221317999999883,790.0,50254.0,RSTO,True,False,0,ShADadFR,38,2318,61,52698,ssl,0
2716.993317,CvNxUU1FMgVQdmlSLa,10.0.2.15,58914,172.217.23.194,443,TLSv12,TLS_ECDHE_RSA_WITH_AES_128_GCM_SHA256,x25519,www.googletagservices.com,False,True,CsxknGIti,"['a32ffddd76f9e7debbfc9a37b38d2ef86039b30a10d7c45ab8223d149cf99699', '9f630426df1d8abfd80ace98871ba833ab9742cb34838de2b5285ed54c0c7dcc', '3c35cc963eb004451323d3275d05b353235053490d9cd83729a2faf5e7ca1cc0']",[],1.0,0ffee3ba8e615ad22535e7f771690a28,ab41313cfec25328b20865eb1388e0a2,h2,,2716.457261,10.0.2.15,58914,172.217.23.194,443,tcp,125.3364929999998,26241.0,73483.0,SF,True,False,0,ShADadFf,125,31249,179,80647,ssl,0
2716.912257,CCoNSt4K1mpXIiFKji,10.0.2.15,58913,52.20.90.81,443,TLSv12,TLS_ECDHE_RSA_WITH_AES_128_GCM_SHA256,secp256r1,www.civicscience.com,False,True,CsxknGIi,"['dc8d413e8c2468384b9d5638a8624d2c505ecf57000227cc094cba40f1d44f11', 'e6683e88315cd1cb403c0cea490f7c4b4c82c91cd485037489aadbaa90839f61']",[],1.0,0ffee3ba8e615ad22535e7f771690a28,303951d4c50efb2e991652225a6f02b1,,,2713.170471,10.0.2.15,58913,52.20.90.81,443,tcp,10.749802000000273,354.0,3054.0,SF,True,False,0,ShADadFfRr,12,850,13,3578,ssl,0
2717.431959,CpgKnL1TNq4bNbhb9j,10.0.2.15,58915,172.217.23.232,443,TLSv12,TLS_ECDHE_RSA_WITH_AES_128_GCM_SHA256,,www.googletagmanager.com,True,True,CsiI,,,,1a5fe5677b0e4fbbc854e8908225637d,67619a80665d7ab92d1041b1d11f9164,h2,,2716.905864,10.0.2.15,58915,172.217.23.232,443,tcp,200.891024,1185.0,45911.0,SF,True,False,0,ShADadFf,45,2993,78,49035,ssl,0
2718.540089,CydoIH1IF4bedDCpJj,10.0.2.15,58918,172.217.23.234,443,TLSv12,TLS_ECDHE_RSA_WITH_AES_128_GCM_SHA256,x25519,fonts.googleapis.com,False,True,CsxknGIti,"['0ca616f3b5a49ded9af60777a33ae7119bfd6de6a815dbee0b64d5d69491aa06', '9f630426df1d8abfd80ace98871ba833ab9742cb34838de2b5285ed54c0c7dcc', '3c35cc963eb004451323d3275d05b353235053490d9cd83729a2faf5e7ca1cc0']",[],1.0,0ffee3ba8e615ad22535e7f771690a28,ab41313cfec25328b20865eb1388e0a2,h2,,2717.679443,10.0.2.15,58918,172.217.23.234,443,tcp,239.2447229999998,942.0,5276.0,SF,True,False,0,ShADadFf,21,1790,24,6240,ssl,0
2718.539576,CiMhHx3UPDo5Xepb3c,10.0.2.15,58919,172.217.23.234,443,TLSv12,TLS_ECDHE_RSA_WITH_AES_128_GCM_SHA256,x25519,fonts.googleapis.com,False,True,CsxknGIti,"['0ca616f3b5a49ded9af60777a33ae7119bfd6de6a815dbee0b64d5d69491aa06', '9f630426df1d8abfd80ace98871ba833ab9742cb34838de2b5285ed54c0c7dcc', '3c35cc963eb004451323d3275d05b353235053490d9cd83729a2faf5e7ca1cc0']",[],1.0,0ffee3ba8e615ad22535e7f771690a28,ab41313cfec25328b20865eb1388e0a2,h2,,2717.685366,10.0.2.15,58919,172.217.23.234,443,tcp,14.770787999999811,839.0,3968.0,RSTO,True,False,0,ShADadFR,15,1447,16,4612,ssl,0
2721.462552,CiM3st1H25chHOLffk,10.0.2.15,58931,54.175.14.248,443,TLSv12,TLS_ECDHE_RSA_WITH_AES_128_GCM_SHA256,secp256r1,udm.edmunds.com,False,True,CsxknGIi,"['705ab567d859371ec5fd6ecbe1ac4f33250b60d55c8598238761e04551163b7e', '111006378afbe8e99bb02ba87390ca429fca2773f74d7f7eb5744f5ddf68014b', '4f32d5dc00f715250abcc486511e37f501a899deb3bf7ea8adbbd3aef1c412da']",[],1.0,0ffee3ba8e615ad22535e7f771690a28,303951d4c50efb2e991652225a6f02b1,,,2720.422263,10.0.2.15,58931,54.175.14.248,443,tcp,10.16982300000018,349.0,4989.0,SF,True,False,0,ShADadFfRr,12,837,13,5513,ssl,0
2721.341373,CjM4sf253BzYoOXAAd,10.0.2.15,58930,54.175.14.248,443,TLSv12,TLS_ECDHE_RSA_WITH_AES_128_GCM_SHA256,secp256r1,udm.edmunds.com,False,True,CsxknGIi,"['705ab567d859371ec5fd6ecbe1ac4f33250b60d55c8598238761e04551163b7e', '111006378afbe8e99bb02ba87390ca429fca2773f74d7f7eb5744f5ddf68014b', '4f32d5dc00f715250abcc486511e37f501a899deb3bf7ea8adbbd3aef1c412da']",[],1.0,0ffee3ba8e615ad22535e7f771690a28,303951d4c50efb2e991652225a6f02b1,,,2720.162666,10.0.2.15,58930,54.175.14.248,443,tcp,10.443227999999635,349.0,4989.0,SF,True,False,0,ShADadFfRr,12,837,13,5513,ssl,0
2723.840365,ChKQ9t3LPCxxWMynp1,10.0.2.15,58940,52.17.249.178,443,TLSv12,TLS_ECDHE_RSA_WITH_AES_128_GCM_SHA256,secp256r1,ad.crwdcntrl.net,False,True,CsxknGIi,"['131513af4a65033acc7234be892849a35819b02b70aba4c428c133a0a88fdd2e', '973a41276ffd01e027a2aad49e34c37846d3e976ff6a620b6712e33832041aa6', '3a2fbe92891e57fe05d57087f48e730f17e5a5f53ef403d618e5b74d7a7e6ecb', 'c3846bf24b9e93ca64274c0ec67c1ecc5e024ffcacd2d74019350e81fe546ae4']",[],1.0,0ffee3ba8e615ad22535e7f771690a28,303951d4c50efb2e991652225a6f02b1,,,2723.680304,10.0.2.15,58940,52.17.249.178,443,tcp,80.98790700000018,677.0,5681.0,SF,True,False,0,ShADadTfF,18,1412,22,6565,ssl,0
2723.842839,C2D5qk1WPLtRW82U49,10.0.2.15,58941,93.184.220.113,443,TLSv12,TLS_ECDHE_RSA_WITH_AES_128_GCM_SHA256,secp256r1,tags.crwdcntrl.net,False,True,CsxuknGIti,"['01abac41ff2430a09d598802a0878a768bc327b04a083fa1ec8335474a3e52aa', '154c433c491929c5ef686e838e323664a00e6a0d822ccc958fb4dab03e49a08f', '4348a0e9444c78cb265e058d5e8944b4d84f9662bd26db257f8934a443c70161']",[],1.0,0ffee3ba8e615ad22535e7f771690a28,49b45fc1ab090aa3a159778313fc9b9e,h2,,2723.754694,10.0.2.15,58941,93.184.220.113,443,tcp,182.2525999999998,879.0,16363.0,SF,True,False,0,ShADadfF,26,1927,40,17967,ssl,0
2720.94654,Cix8D84VULuR2TiN7j,10.0.2.15,58929,54.175.14.248,443,TLSv12,TLS_ECDHE_RSA_WITH_AES_128_GCM_SHA256,secp256r1,udm.edmunds.com,False,True,CsxknGIi,"['705ab567d859371ec5fd6ecbe1ac4f33250b60d55c8598238761e04551163b7e', '111006378afbe8e99bb02ba87390ca429fca2773f74d7f7eb5744f5ddf68014b', '4f32d5dc00f715250abcc486511e37f501a899deb3bf7ea8adbbd3aef1c412da']",[],1.0,0ffee3ba8e615ad22535e7f771690a28,303951d4c50efb2e991652225a6f02b1,,,2719.833811,10.0.2.15,58929,54.175.14.248,443,tcp,7.992871999999807,349.0,4989.0,SF,True,False,0,ShADadFfRr,11,797,13,5513,ssl,0
2703.969076,Cfw7SA1SxVlqCX6Yo,10.0.2.15,58887,192.33.31.183,443,TLSv12,TLS_ECDHE_RSA_WITH_AES_128_GCM_SHA256,secp256r1,static.ed.edmunds-media.com,False,True,CsxknGIti,"['ec141301fd7e7405784cd80b681fff84cab7cfb275ecc8b4f5bf84d33328335a', '4b7334e1d8999822bafa8ff6888125389b18a4e5ab26ffa624c7f68fdc81f0cb']",[],1.0,0ffee3ba8e615ad22535e7f771690a28,b898351eb5e266aefd3723d466935494,h2,,2701.257298,10.0.2.15,58887,192.33.31.183,443,tcp,31.517785000000003,541.0,19892.0,SF,True,False,0,ShADadFf,16,1189,24,20856,ssl,0
2723.606494,C3ZaJ62W0ZSEU3ITFc,10.0.2.15,58932,192.33.31.183,443,TLSv12,TLS_ECDHE_RSA_WITH_AES_128_GCM_SHA256,secp256r1,static.ed.edmunds-media.com,False,True,CsxknGIti,"['ec141301fd7e7405784cd80b681fff84cab7cfb275ecc8b4f5bf84d33328335a', '4b7334e1d8999822bafa8ff6888125389b18a4e5ab26ffa624c7f68fdc81f0cb']",[],1.0,0ffee3ba8e615ad22535e7f771690a28,b898351eb5e266aefd3723d466935494,h2,,2721.781939,10.0.2.15,58932,192.33.31.183,443,tcp,240.63312300000007,1646.0,79353.0,SF,True,False,0,ShADadFf,58,3974,91,82997,ssl,0
2726.375527,CdfSXQ1e2NYsp3pB23,10.0.2.15,58946,172.217.23.238,443,TLSv12,TLS_ECDHE_RSA_WITH_AES_128_GCM_SHA256,,www.google-analytics.com,True,True,CsiI,,,,1a5fe5677b0e4fbbc854e8908225637d,67619a80665d7ab92d1041b1d11f9164,h2,,2726.028658,10.0.2.15,58946,172.217.23.238,443,tcp,84.33791099999962,1269.0,29598.0,RSTO,True,False,0,ShADadFR,27,2357,39,31162,ssl,0
2720.922842,CcEN9o2ZrWgiUwlPwl,10.0.2.15,58928,54.175.14.248,443,TLSv12,TLS_ECDHE_RSA_WITH_AES_128_GCM_SHA256,secp256r1,udm.edmunds.com,False,True,CsxknGIi,"['705ab567d859371ec5fd6ecbe1ac4f33250b60d55c8598238761e04551163b7e', '111006378afbe8e99bb02ba87390ca429fca2773f74d7f7eb5744f5ddf68014b', '4f32d5dc00f715250abcc486511e37f501a899deb3bf7ea8adbbd3aef1c412da']",[],1.0,0ffee3ba8e615ad22535e7f771690a28,303951d4c50efb2e991652225a6f02b1,,,2719.832403,10.0.2.15,58928,54.175.14.248,443,tcp,9.478484000000208,764.0,4958.0,RSTO,True,False,0,ShADadFR,9,1132,10,5362,ssl,0
2727.594204,C2mjGu3mk28BgfGXO1,10.0.2.15,58951,151.101.112.143,443,TLSv12,TLS_ECDHE_RSA_WITH_AES_128_GCM_SHA256,secp256r1,www.upworthy.com,False,True,CsxuknGIti,"['52fc1597547a52e9a880d37a1a04ee0f9860516731ec316dab3ba7d3641678c4', '74ef335e5e18788307fb9d89cb704bec112abd23487dbff41c4ded5070f241d9']",[],1.0,0ffee3ba8e615ad22535e7f771690a28,860fcf58fd757e26aa8911e5eaff6b53,http/1.1,,2726.388166,10.0.2.15,58951,151.101.112.143,443,tcp,10.083337000000029,620.0,6599.0,SF,True,False,0,ShADadfF,10,1028,12,7083,ssl,0
2727.597142,Cpvqjz4PdR6rTUKOZa,10.0.2.15,58948,151.101.112.143,443,TLSv12,TLS_ECDHE_RSA_WITH_AES_128_GCM_SHA256,secp256r1,www.upworthy.com,False,True,CsxuknGIti,"['52fc1597547a52e9a880d37a1a04ee0f9860516731ec316dab3ba7d3641678c4', '74ef335e5e18788307fb9d89cb704bec112abd23487dbff41c4ded5070f241d9']",[],1.0,0ffee3ba8e615ad22535e7f771690a28,860fcf58fd757e26aa8911e5eaff6b53,http/1.1,,2726.381788,10.0.2.15,58948,151.101.112.143,443,tcp,8.185839999999644,319.0,5778.0,RSTO,True,False,0,ShADadFR,8,647,9,6142,ssl,0
2727.984002,CrcIlEdUFgEWgAQS3,10.0.2.15,58955,151.101.112.143,443,TLSv12,TLS_ECDHE_RSA_WITH_AES_128_GCM_SHA256,secp256r1,www.upworthy.com,False,True,CsxuknGIti,"['52fc1597547a52e9a880d37a1a04ee0f9860516731ec316dab3ba7d3641678c4', '74ef335e5e18788307fb9d89cb704bec112abd23487dbff41c4ded5070f241d9']",[],1.0,0ffee3ba8e615ad22535e7f771690a28,860fcf58fd757e26aa8911e5eaff6b53,http/1.1,,2726.655312,10.0.2.15,58955,151.101.112.143,443,tcp,8.395443000000341,319.0,5778.0,RSTO,True,False,0,ShADadFR,8,647,9,6142,ssl,0
2733.084014,CgHZg42MrwdlQaSOC3,10.0.2.15,58975,172.217.23.238,443,TLSv12,TLS_ECDHE_RSA_WITH_AES_128_GCM_SHA256,,www.google-analytics.com,True,True,CsiI,,,,1a5fe5677b0e4fbbc854e8908225637d,67619a80665d7ab92d1041b1d11f9164,h2,,2729.326396,10.0.2.15,58975,172.217.23.238,443,tcp,286.81710699999985,18790.0,5579.0,RSTO,True,False,0,ShADadFR,65,21406,85,8983,ssl,0
2736.216102,C26ViBhlVA8Hyf09f,10.0.2.15,58981,192.33.31.77,443,TLSv12,TLS_ECDHE_RSA_WITH_AES_128_GCM_SHA256,,www.edmunds.com,True,True,CsiI,,,,1a5fe5677b0e4fbbc854e8908225637d,7bee5c1d424b7e5f943b06983bb11422,http/1.1,,2732.255955,10.0.2.15,58981,192.33.31.77,443,tcp,144.41178499999978,3634.0,41251.0,SF,True,False,0,ShADadTTfF,39,5221,54,43415,ssl,0
2735.654696,CmVtU23dz9TGN4kLfj,10.0.2.15,58976,172.217.23.238,443,TLSv12,TLS_ECDHE_RSA_WITH_AES_128_GCM_SHA256,,www.google-analytics.com,True,True,CsiI,,,,1a5fe5677b0e4fbbc854e8908225637d,67619a80665d7ab92d1041b1d11f9164,h2,,2735.650911,10.0.2.15,58976,172.217.23.238,443,tcp,16.894364999999652,1721.0,659.0,SF,True,False,0,^hADadFf,11,2161,15,1263,ssl,0
2730.624824,CcLrA9JhnWEoANjL4,10.0.2.15,58969,95.101.241.136,443,TLSv12,TLS_ECDHE_RSA_WITH_AES_256_GCM_SHA384,secp256r1,cdn.optimizely.com,False,True,CsxuknGIti,"['66f2989ea8d8daad5f7510b047626245f8d89d5a9ad6afec0c9dec62f0de05e9', 'eae72eb454bf6c3977ebd289e970b2f5282949190093d0d26f98d0f0d6a9cf17', '8420dfbe376f414bf4c0a81e6936d24ccc03f304835b86c7a39142fca723a689']",[],1.0,0ffee3ba8e615ad22535e7f771690a28,9a31479427499ded4d3656a260298ec7,h2,,2727.769304,10.0.2.15,58969,95.101.241.136,443,tcp,216.47775,691.0,6660.0,RSTO,True,False,0,ShADadFR,18,1419,20,7464,ssl,0
2739.074426,Cs3cmY2bp3NxnBWiX9,10.0.2.15,59007,172.217.23.238,443,TLSv12,TLS_ECDHE_ECDSA_WITH_AES_128_GCM_SHA256,,www.youtube.com,True,True,CsiI,,,,1a5fe5677b0e4fbbc854e8908225637d,c23237dbea656869600e48dfbd00ab7b,h2,,2736.495507,10.0.2.15,59007,172.217.23.238,443,tcp,15.252652000000126,1103.0,156.0,SF,True,False,0,ShADadfF,10,1511,10,560,ssl,0
2739.599325,Cb7XW12FGLH07PL2gk,10.0.2.15,59008,172.217.23.238,443,TLSv12,TLS_ECDHE_ECDSA_WITH_AES_128_GCM_SHA256,,www.youtube.com,True,True,CsiI,,,,1a5fe5677b0e4fbbc854e8908225637d,c23237dbea656869600e48dfbd00ab7b,h2,,2736.749308,10.0.2.15,59008,172.217.23.238,443,tcp,9.828105999999934,808.0,212.0,RSTO,True,False,0,ShADadFR,9,1176,9,576,ssl,0
2740.345971,CXXF4p33QKuF6ZOtj1,10.0.2.15,59015,172.217.23.228,443,TLSv12,TLS_ECDHE_RSA_WITH_AES_128_GCM_SHA256,,www.google.com,True,True,CsiI,,,,1a5fe5677b0e4fbbc854e8908225637d,67619a80665d7ab92d1041b1d11f9164,h2,,2737.552618,10.0.2.15,59015,172.217.23.228,443,tcp,15.60030000000006,2132.0,156.0,SF,True,False,0,ShADadfF,11,2580,11,600,ssl,0
2737.656665,CxWNXF2T4r4fY1LKLb,10.0.2.15,58986,80.252.91.52,443,TLSv12,TLS_RSA_WITH_AES_256_CBC_SHA,,bs.serving-sys.com,False,True,CsxnGIi,"['da83f8402756964819e846696c134edb748ee8801ff17fcfd761d886058327c8', '3f3af9c9cc2c7599ef8f6dd7ca516cfc1797d7d12002254f3bfd0d4d0fe9de86']",[],1.0,0ffee3ba8e615ad22535e7f771690a28,0a917d753018dad73d9899ace370f8d8,,,2734.054153,10.0.2.15,58986,80.252.91.52,443,tcp,26.62352999999985,1603.0,4747.0,SF,True,False,0,ShADadFTf,13,2140,13,5271,ssl,0
2737.667357,CN5zd6lCQq4HfWxjj,10.0.2.15,58985,80.252.91.52,443,TLSv12,TLS_RSA_WITH_AES_256_CBC_SHA,,bs.serving-sys.com,False,True,CsxnGIi,"['da83f8402756964819e846696c134edb748ee8801ff17fcfd761d886058327c8', '3f3af9c9cc2c7599ef8f6dd7ca516cfc1797d7d12002254f3bfd0d4d0fe9de86']",[],1.0,0ffee3ba8e615ad22535e7f771690a28,0a917d753018dad73d9899ace370f8d8,,,2734.050629,10.0.2.15,58985,80.252.91.52,443,tcp,30.999387000000297,1651.0,3574.0,SF,True,False,0,ShADadTfF,12,2148,12,4058,ssl,0
2737.667839,CoPx12IunZC7rtELh,10.0.2.15,58984,80.252.91.52,443,TLSv12,TLS_RSA_WITH_AES_256_CBC_SHA,,bs.serving-sys.com,False,True,CsxnGIi,"['da83f8402756964819e846696c134edb748ee8801ff17fcfd761d886058327c8', '3f3af9c9cc2c7599ef8f6dd7ca516cfc1797d7d12002254f3bfd0d4d0fe9de86']",[],1.0,0ffee3ba8e615ad22535e7f771690a28,0a917d753018dad73d9899ace370f8d8,,,2734.048993,10.0.2.15,58984,80.252.91.52,443,tcp,30.99994400000014,1651.0,3574.0,SF,True,False,0,ShADadTfF,13,2188,12,4058,ssl,0
2740.632622,CCTuSs4VibsT0kJiy1,10.0.2.15,59017,172.217.23.228,443,TLSv12,TLS_ECDHE_RSA_WITH_AES_128_GCM_SHA256,,www.google.com,True,True,CsiI,,,,1a5fe5677b0e4fbbc854e8908225637d,67619a80665d7ab92d1041b1d11f9164,h2,,2737.804649,10.0.2.15,59017,172.217.23.228,443,tcp,15.695271999999932,1851.0,156.0,SF,True,False,0,ShADadfF,10,2259,10,560,ssl,0
2737.729848,Cibpak2eiMgrIPkR2b,10.0.2.15,58989,69.172.216.55,443,TLSv12,TLS_ECDHE_RSA_WITH_AES_128_GCM_SHA256,secp256r1,pixel.adsafeprotected.com,False,True,CsxknGIti,"['2883331a8fbeed598390c6c5e24f65c9c90ce58027c1b02b57604432120f5e4f', 'bc3f03a436240edba5f83714f6f677e34b37f9b1f0c08c1e558d981e279e8209']",[],1.0,0ffee3ba8e615ad22535e7f771690a28,ccc514751b175866924439bdbb5bba34,,,2734.057631,10.0.2.15,58989,69.172.216.55,443,tcp,74.80336099999977,662.0,3356.0,SF,True,False,0,ShADadTfF,16,1323,16,4000,ssl,0
2730.062355,CAg5uk323ta4Z3LGf6,10.0.2.15,58959,95.101.241.136,443,TLSv12,TLS_ECDHE_RSA_WITH_AES_256_GCM_SHA384,secp256r1,cdn.optimizely.com,False,True,CsxuknGIti,"['66f2989ea8d8daad5f7510b047626245f8d89d5a9ad6afec0c9dec62f0de05e9', 'eae72eb454bf6c3977ebd289e970b2f5282949190093d0d26f98d0f0d6a9cf17', '8420dfbe376f414bf4c0a81e6936d24ccc03f304835b86c7a39142fca723a689']",[],1.0,0ffee3ba8e615ad22535e7f771690a28,9a31479427499ded4d3656a260298ec7,h2,,2727.465247,10.0.2.15,58959,95.101.241.136,443,tcp,26.52470799999992,751.0,6508.0,RSTO,True,False,0,ShADadfR,17,1439,18,7232,ssl,0
2744.167292,CjvePn2Av5656th18f,10.0.2.15,58980,192.33.31.77,443,TLSv12,TLS_ECDHE_RSA_WITH_AES_128_GCM_SHA256,,www.edmunds.com,True,True,CsiI,,,,1a5fe5677b0e4fbbc854e8908225637d,7bee5c1d424b7e5f943b06983bb11422,http/1.1,,2741.091037,10.0.2.15,58980,192.33.31.77,443,tcp,12.918354999999792,599.0,152.0,SF,True,False,0,ShADadFf,7,887,7,436,ssl,0
2744.943605,CPEoP01elu1kpBbwf7,10.0.2.15,59027,172.217.23.225,443,TLSv12,TLS_ECDHE_RSA_WITH_AES_128_GCM_SHA256,x25519,tpc.googlesyndication.com,False,True,CsxknGIti,"['1a04953b8e7e73c9260dd8ebc167433d66e5c2dd13da8be4a7be677086cfb34c', '9f630426df1d8abfd80ace98871ba833ab9742cb34838de2b5285ed54c0c7dcc', '3c35cc963eb004451323d3275d05b353235053490d9cd83729a2faf5e7ca1cc0']",[],1.0,0ffee3ba8e615ad22535e7f771690a28,ab41313cfec25328b20865eb1388e0a2,h2,,2744.917616,10.0.2.15,59027,172.217.23.225,443,tcp,286.8599799999997,1171.0,270551.0,SF,True,False,0,ShADadFfRr,176,8219,343,284275,ssl,0
2739.053107,C9guo7320yzRhsEPZ6,10.0.2.15,58998,80.252.91.52,443,TLSv12,TLS_RSA_WITH_AES_256_CBC_SHA,,bs.serving-sys.com,False,True,CsxnGIi,"['da83f8402756964819e846696c134edb748ee8801ff17fcfd761d886058327c8', '3f3af9c9cc2c7599ef8f6dd7ca516cfc1797d7d12002254f3bfd0d4d0fe9de86']",[],1.0,0ffee3ba8e615ad22535e7f771690a28,0a917d753018dad73d9899ace370f8d8,,,2734.642602,10.0.2.15,58998,80.252.91.52,443,tcp,11.093951000000288,590.0,2673.0,SF,True,False,0,ShADadFf,10,1006,9,3037,ssl,0
2739.050157,Ckluge2sPfJnw3baRj,10.0.2.15,58999,80.252.91.52,443,TLSv12,TLS_RSA_WITH_AES_256_CBC_SHA,,bs.serving-sys.com,False,True,CsxnGIi,"['da83f8402756964819e846696c134edb748ee8801ff17fcfd761d886058327c8', '3f3af9c9cc2c7599ef8f6dd7ca516cfc1797d7d12002254f3bfd0d4d0fe9de86']",[],1.0,0ffee3ba8e615ad22535e7f771690a28,0a917d753018dad73d9899ace370f8d8,,,2734.643052,10.0.2.15,58999,80.252.91.52,443,tcp,11.367604999999912,590.0,2673.0,SF,True,False,0,ShADadFf,10,1006,9,3037,ssl,0
2739.038228,CZoMXD411RmtBwgr32,10.0.2.15,59000,69.172.216.55,443,TLSv12,TLS_ECDHE_RSA_WITH_AES_128_GCM_SHA256,secp256r1,pixel.adsafeprotected.com,False,True,CsxknGIti,"['2883331a8fbeed598390c6c5e24f65c9c90ce58027c1b02b57604432120f5e4f', 'bc3f03a436240edba5f83714f6f677e34b37f9b1f0c08c1e558d981e279e8209']",[],1.0,0ffee3ba8e615ad22535e7f771690a28,ccc514751b175866924439bdbb5bba34,,,2734.643672,10.0.2.15,59000,69.172.216.55,443,tcp,10.850774999999883,328.0,2976.0,RSTO,True,False,0,ShADadFR,8,664,7,3260,ssl,0
2739.061864,Ceze6z4dDWhNbfc7J6,10.0.2.15,58997,80.252.91.52,443,TLSv12,TLS_RSA_WITH_AES_256_CBC_SHA,,bs.serving-sys.com,False,True,CsxnGIi,"['da83f8402756964819e846696c134edb748ee8801ff17fcfd761d886058327c8', '3f3af9c9cc2c7599ef8f6dd7ca516cfc1797d7d12002254f3bfd0d4d0fe9de86']",[],1.0,0ffee3ba8e615ad22535e7f771690a28,0a917d753018dad73d9899ace370f8d8,,,2734.642064,10.0.2.15,58997,80.252.91.52,443,tcp,11.453299999999672,590.0,2673.0,SF,True,False,0,ShADadFf,10,1006,9,3037,ssl,0
2745.947755,C2rNEz4ujjuhjkPZHf,10.0.2.15,59020,74.125.206.155,443,TLSv12,TLS_ECDHE_RSA_WITH_AES_128_GCM_SHA256,,stats.g.doubleclick.net,True,True,CsiI,,,,1a5fe5677b0e4fbbc854e8908225637d,67619a80665d7ab92d1041b1d11f9164,h2,,2742.720441,10.0.2.15,59020,74.125.206.155,443,tcp,457.1963820000001,2772.0,3734.0,SF,True,False,0,ShADadFf,42,4468,47,5618,ssl,0
2737.673708,C0m1LMtzaFClIMlAk,10.0.2.15,58988,69.172.216.55,443,TLSv12,TLS_ECDHE_RSA_WITH_AES_128_GCM_SHA256,secp256r1,pixel.adsafeprotected.com,False,True,CsxknGIti,"['2883331a8fbeed598390c6c5e24f65c9c90ce58027c1b02b57604432120f5e4f', 'bc3f03a436240edba5f83714f6f677e34b37f9b1f0c08c1e558d981e279e8209']",[],1.0,0ffee3ba8e615ad22535e7f771690a28,8d2a028aa94425f76ced7826b1f39039,http/1.1,,2734.056386,10.0.2.15,58988,69.172.216.55,443,tcp,12.887944999999943,662.0,3371.0,SF,True,False,0,ShADadfF,10,1078,11,3815,ssl,0
2737.684844,CKPGcmuGEzVIMcPJd,10.0.2.15,58987,69.172.216.55,443,TLSv12,TLS_ECDHE_RSA_WITH_AES_128_GCM_SHA256,secp256r1,pixel.adsafeprotected.com,False,True,CsxknGIti,"['2883331a8fbeed598390c6c5e24f65c9c90ce58027c1b02b57604432120f5e4f', 'bc3f03a436240edba5f83714f6f677e34b37f9b1f0c08c1e558d981e279e8209']",[],1.0,0ffee3ba8e615ad22535e7f771690a28,8d2a028aa94425f76ced7826b1f39039,http/1.1,,2734.055102,10.0.2.15,58987,69.172.216.55,443,tcp,13.945650000000114,662.0,3371.0,SF,True,False,0,ShADadfF,10,1078,11,3815,ssl,0
2737.025337,Cweizh4fR6DoXJvmK,10.0.2.15,58983,151.101.112.69,443,TLSv12,TLS_ECDHE_RSA_WITH_AES_128_GCM_SHA256,secp256r1,edw.edmunds.com,False,True,CsxuknGIti,"['47a1469b14083af8cd208ab763b1ec6770cf9829f4a47a0f61f529d53b50eb6e', '74ef335e5e18788307fb9d89cb704bec112abd23487dbff41c4ded5070f241d9']",[],1.0,0ffee3ba8e615ad22535e7f771690a28,860fcf58fd757e26aa8911e5eaff6b53,http/1.1,,2733.25124,10.0.2.15,58983,151.101.112.69,443,tcp,14.460149999999883,318.0,7438.0,RSTO,True,False,0,ShADadFR,13,854,14,8002,ssl,0
2735.692887,CIhroRy1YXoF7rske,10.0.2.15,58978,151.101.112.69,443,TLSv12,TLS_ECDHE_RSA_WITH_AES_128_GCM_SHA256,secp256r1,edw.edmunds.com,False,True,CsxuknGIti,"['47a1469b14083af8cd208ab763b1ec6770cf9829f4a47a0f61f529d53b50eb6e', '74ef335e5e18788307fb9d89cb704bec112abd23487dbff41c4ded5070f241d9']",[],1.0,0ffee3ba8e615ad22535e7f771690a28,860fcf58fd757e26aa8911e5eaff6b53,http/1.1,,2731.541363,10.0.2.15,58978,151.101.112.69,443,tcp,135.56622000000016,5705.0,8587.0,SF,True,False,0,ShADadTFfRr,31,6970,32,9871,ssl,0
2740.695456,CuRytm4fU5VljUlrT8,10.0.2.15,59003,178.250.2.82,443,TLSv12,TLS_RSA_WITH_AES_128_CBC_SHA,,sslwidget.criteo.com,False,True,CsxnGIi,"['b0337c4f8b2eca88eca4de5aad8cba6d249c58c7a69f2d4b680e5adae991d2ac', 'eae72eb454bf6c3977ebd289e970b2f5282949190093d0d26f98d0f0d6a9cf17', '8420dfbe376f414bf4c0a81e6936d24ccc03f304835b86c7a39142fca723a689']",[],1.0,0ffee3ba8e615ad22535e7f771690a28,5dcc087b1a1d0a5b0658981a7e8b2c3c,,,2740.660547,10.0.2.15,59003,178.250.2.82,443,tcp,33.618218999999954,3589.0,4026.0,SF,True,False,0,^hADadTfF,13,4111,14,4590,ssl,0
2730.628581,CLQazq3ildMLdEdTXh,10.0.2.15,58970,172.217.23.238,443,TLSv12,TLS_ECDHE_RSA_WITH_AES_128_GCM_SHA256,x25519,apis.google.com,False,False,CsxknGI,"['60db1a0e0585e4ded4482713fe44b119971d4535489a302ea33ca305b774f781', '9f630426df1d8abfd80ace98871ba833ab9742cb34838de2b5285ed54c0c7dcc', '3c35cc963eb004451323d3275d05b353235053490d9cd83729a2faf5e7ca1cc0']",[],1.0,0ffee3ba8e615ad22535e7f771690a28,ab41313cfec25328b20865eb1388e0a2,h2,,2727.769879,10.0.2.15,58970,172.217.23.238,443,tcp,17.035617000000002,448.0,3500.0,SF,True,False,0,ShADadfF,9,816,9,3864,ssl,0
2741.122314,CTmwHZ3wLhdBqo6H8g,10.0.2.15,59005,178.250.2.82,443,TLSv12,TLS_RSA_WITH_AES_128_CBC_SHA,,sslwidget.criteo.com,False,True,CsxnGIi,"['b0337c4f8b2eca88eca4de5aad8cba6d249c58c7a69f2d4b680e5adae991d2ac', 'eae72eb454bf6c3977ebd289e970b2f5282949190093d0d26f98d0f0d6a9cf17', '8420dfbe376f414bf4c0a81e6936d24ccc03f304835b86c7a39142fca723a689']",[],1.0,0ffee3ba8e615ad22535e7f771690a28,5dcc087b1a1d0a5b0658981a7e8b2c3c,,,2741.072424,10.0.2.15,59005,178.250.2.82,443,tcp,14.32839100000001,592.0,4026.0,SF,True,False,0,^hADadFf,9,952,10,4430,ssl,0
2730.063126,C6q5aQ1NFGsdkE3mb,10.0.2.15,58958,95.101.241.136,443,TLSv12,TLS_ECDHE_RSA_WITH_AES_256_GCM_SHA384,secp256r1,cdn.optimizely.com,False,False,CsxuknGI,"['66f2989ea8d8daad5f7510b047626245f8d89d5a9ad6afec0c9dec62f0de05e9', 'eae72eb454bf6c3977ebd289e970b2f5282949190093d0d26f98d0f0d6a9cf17', '8420dfbe376f414bf4c0a81e6936d24ccc03f304835b86c7a39142fca723a689']",[],1.0,0ffee3ba8e615ad22535e7f771690a28,9a31479427499ded4d3656a260298ec7,h2,,2727.45763,10.0.2.15,58958,95.101.241.136,443,tcp,19.69152200000008,530.0,6189.0,SF,True,False,0,ShADadFf,13,1058,14,6753,ssl,0
2739.03688,CxFtsa2lrNHvHUSSbj,10.0.2.15,59001,69.172.216.55,443,TLSv12,TLS_ECDHE_RSA_WITH_AES_128_GCM_SHA256,secp256r1,pixel.adsafeprotected.com,False,False,Csxkn,"['2883331a8fbeed598390c6c5e24f65c9c90ce58027c1b02b57604432120f5e4f', 'bc3f03a436240edba5f83714f6f677e34b37f9b1f0c08c1e558d981e279e8209']",[],1.0,0ffee3ba8e615ad22535e7f771690a28,8d2a028aa94425f76ced7826b1f39039,http/1.1,,2734.645157,10.0.2.15,59001,69.172.216.55,443,tcp,14.89749299999994,202.0,2733.0,SF,True,False,0,ShADadFfRr,9,578,8,3057,ssl,0
2730.05014,CGIMm016WhM365PBr8,10.0.2.15,58960,172.217.23.238,443,TLSv12,TLS_ECDHE_RSA_WITH_AES_128_GCM_SHA256,x25519,apis.google.com,False,False,CsxknGI,"['60db1a0e0585e4ded4482713fe44b119971d4535489a302ea33ca305b774f781', '9f630426df1d8abfd80ace98871ba833ab9742cb34838de2b5285ed54c0c7dcc', '3c35cc963eb004451323d3275d05b353235053490d9cd83729a2faf5e7ca1cc0']",[],1.0,0ffee3ba8e615ad22535e7f771690a28,ab41313cfec25328b20865eb1388e0a2,h2,,2727.472043,10.0.2.15,58960,172.217.23.238,443,tcp,23.277767999999924,285.0,3500.0,SF,True,False,0,ShADaTdfF,10,694,9,3864,ssl,0
2740.342356,Cyj9fv34zqrh1dBrP8,10.0.2.15,59014,172.217.23.227,443,TLSv12,TLS_ECDHE_ECDSA_WITH_AES_128_GCM_SHA256,x25519,www.gstatic.com,False,False,CsxknGI,"['11ddd329046367c19b32ffdb02ed308de129de4d6ffcf95856d7bd6a7accfba9', '9f630426df1d8abfd80ace98871ba833ab9742cb34838de2b5285ed54c0c7dcc', '3c35cc963eb004451323d3275d05b353235053490d9cd83729a2faf5e7ca1cc0']",[],1.0,0ffee3ba8e615ad22535e7f771690a28,84480cf8cf0e732666092640e581e1a5,h2,,2737.406996,10.0.2.15,59014,172.217.23.227,443,tcp,15.251536999999644,649.0,4024.0,SF,True,False,0,ShADadfF,10,1057,10,4428,ssl,0
2739.033767,C6pI6B4iO6B2zz50d,10.0.2.15,59002,69.172.216.55,443,TLSv12,TLS_ECDHE_RSA_WITH_AES_128_GCM_SHA256,secp256r1,pixel.adsafeprotected.com,False,False,Csxkn,"['2883331a8fbeed598390c6c5e24f65c9c90ce58027c1b02b57604432120f5e4f', 'bc3f03a436240edba5f83714f6f677e34b37f9b1f0c08c1e558d981e279e8209']",[],1.0,0ffee3ba8e615ad22535e7f771690a28,8d2a028aa94425f76ced7826b1f39039,http/1.1,,2734.645952,10.0.2.15,59002,69.172.216.55,443,tcp,14.92078100000026,202.0,2733.0,RSTO,True,False,0,ShADadFR,8,538,6,2977,ssl,0
2736.698875,CBKgpd3xU0JGSxF42,10.0.2.15,58982,151.101.112.69,443,TLSv12,TLS_ECDHE_RSA_WITH_AES_128_GCM_SHA256,secp256r1,edw.edmunds.com,False,True,CsxuknGIti,"['47a1469b14083af8cd208ab763b1ec6770cf9829f4a47a0f61f529d53b50eb6e', '74ef335e5e18788307fb9d89cb704bec112abd23487dbff41c4ded5070f241d9']",[],1.0,0ffee3ba8e615ad22535e7f771690a28,860fcf58fd757e26aa8911e5eaff6b53,http/1.1,,2732.998705,10.0.2.15,58982,151.101.112.69,443,tcp,137.10969699999987,14165.0,10088.0,RSTO,True,False,0,ShADadTFR,39,15748,40,11692,ssl,0
2740.46506,C5WWYG1k6uV0VD0lgk,10.0.2.15,59016,172.217.23.227,443,TLSv12,TLS_ECDHE_ECDSA_WITH_AES_128_GCM_SHA256,x25519,www.gstatic.com,False,False,CsxknGI,"['11ddd329046367c19b32ffdb02ed308de129de4d6ffcf95856d7bd6a7accfba9', '9f630426df1d8abfd80ace98871ba833ab9742cb34838de2b5285ed54c0c7dcc', '3c35cc963eb004451323d3275d05b353235053490d9cd83729a2faf5e7ca1cc0']",[],1.0,0ffee3ba8e615ad22535e7f771690a28,84480cf8cf0e732666092640e581e1a5,h2,,2737.687798,10.0.2.15,59016,172.217.23.227,443,tcp,15.57806900000014,494.0,4024.0,SF,True,False,0,ShADadFf,10,902,10,4428,ssl,0
2755.60746,CVPucC4pzYUGBmmzPd,10.0.2.15,59038,151.101.112.69,443,TLSv12,TLS_ECDHE_RSA_WITH_AES_128_GCM_SHA256,,edw.edmunds.com,True,True,CsiI,,,,1a5fe5677b0e4fbbc854e8908225637d,1d0e57c6ae42e9204defa51e5e1cdc4c,http/1.1,,2752.101871,10.0.2.15,59038,151.101.112.69,443,tcp,25.01372500000025,599.0,191.0,SF,True,False,0,ShADadFTfRr,10,1016,10,595,ssl,0
2753.161646,CM5XIr3p4Dwc0A0f9d,10.0.2.15,59034,185.57.60.186,443,TLSv12,TLS_ECDHE_ECDSA_WITH_AES_256_GCM_SHA384,secp256r1,tapestry.tapad.com,False,True,CsxknGIti,"['2e07c3eefcc0f914e58014ebb73641b122d04bc44d3fa4319f90ab3d10159da4', '93a07898d89b2cca166ba6f1f8a14138ce43828e491b831926bc8247d391cc72', '9f43d52e808c20aff69e02faac205aac684e6975213d6620fac64bde5fcab4bc', '1465fa205397b876faa6f0a9958e5590e40fcc7faa4fb7c2c8677521fb5fb658', '2e2861289b5ccedecae4c31bf262e0fb0c29b6c1530573442731ca65d821e901']",[],1.0,0ffee3ba8e615ad22535e7f771690a28,5590a2023cffab2c8ace569bfb23fab1,,,2749.132216,10.0.2.15,59034,185.57.60.186,443,tcp,15.28040400000009,352.0,6519.0,SF,True,False,0,ShADadFf,14,928,14,7083,ssl,0
2753.273825,Cw34mm4hMQ7VbQOaWj,10.0.2.15,59036,185.57.60.186,443,TLSv12,TLS_ECDHE_ECDSA_WITH_AES_256_GCM_SHA384,secp256r1,tapestry.tapad.com,False,True,CsxknGIti,"['2e07c3eefcc0f914e58014ebb73641b122d04bc44d3fa4319f90ab3d10159da4', '93a07898d89b2cca166ba6f1f8a14138ce43828e491b831926bc8247d391cc72', '9f43d52e808c20aff69e02faac205aac684e6975213d6620fac64bde5fcab4bc', '1465fa205397b876faa6f0a9958e5590e40fcc7faa4fb7c2c8677521fb5fb658', '2e2861289b5ccedecae4c31bf262e0fb0c29b6c1530573442731ca65d821e901']",[],1.0,0ffee3ba8e615ad22535e7f771690a28,5590a2023cffab2c8ace569bfb23fab1,,,2749.4069,10.0.2.15,59036,185.57.60.186,443,tcp,15.137908000000152,352.0,6520.0,SF,True,False,0,ShADadFf,13,888,14,7084,ssl,0
2755.952991,C7wyseCCCmMTON8N,10.0.2.15,59042,169.47.30.64,443,TLSv12,TLS_RSA_WITH_AES_256_CBC_SHA,,tags.bluekai.com,False,True,CsxnGIi,"['f3e2a1e01c5e2e8f20022b198cde61baf841fcf748c4639eea3fd3db4785c81d', 'e0898ad662474b9f753c79bea878031c9a5d634a49edd6310b960ab023c02c0e']",[],1.0,0ffee3ba8e615ad22535e7f771690a28,f4fb99c318cd91a4dfff259227ba977b,http/1.1,,2752.217138,10.0.2.15,59042,169.47.30.64,443,tcp,49.69238700000005,1196.0,3668.0,SF,True,False,0,ShADadTfF,15,1815,15,4272,ssl,0
2755.970025,Cj9jEob9d9mMblZLb,10.0.2.15,59041,31.13.65.36,443,TLSv12,TLS_ECDHE_ECDSA_WITH_AES_128_GCM_SHA256,secp256r1,www.facebook.com,False,True,CsxknGIti,"['152151b387412a95ab90fd4664f2d98880408e9e43913124e4c91226a483386b', '19400be5b7a31fb733917700789d2f0a2471c0c9d506c0e504c06c16d7cb17c0']",[],1.0,0ffee3ba8e615ad22535e7f771690a28,2d1eb5817ece335c24904f516ad5da12,h2,,2752.18137,10.0.2.15,59041,31.13.65.36,443,tcp,218.2503630000001,4683.0,385321.0,SF,True,False,0,ShADadFfRRrR,184,12059,323,398245,ssl,0
2755.711363,CvCZTU2sVGIjhmLZVa,10.0.2.15,59039,172.217.23.194,443,TLSv12,TLS_ECDHE_RSA_WITH_AES_128_GCM_SHA256,x25519,www.googleadservices.com,False,True,CsxknGIti,"['33c13616ade5804cb64668e7fede6e1ef8141ce96a24e69910dfdd83efac1907', '9f630426df1d8abfd80ace98871ba833ab9742cb34838de2b5285ed54c0c7dcc', '3c35cc963eb004451323d3275d05b353235053490d9cd83729a2faf5e7ca1cc0']",[],1.0,0ffee3ba8e615ad22535e7f771690a28,ab41313cfec25328b20865eb1388e0a2,h2,,2752.109174,10.0.2.15,59039,172.217.23.194,443,tcp,209.33283200000005,710.0,4033.0,SF,True,False,0,ShADadFfRr,21,1566,21,4877,ssl,0
2760.730157,C6XL8WhHL5zqBNII2,10.0.2.15,59048,46.137.125.133,443,TLSv12,TLS_ECDHE_RSA_WITH_AES_128_GCM_SHA256,secp256r1,insight.adsrvr.org,False,True,CsxknGIi,"['eb6a61e357a3b2f8e2ab4cc809f2088543de4475bcacfe6122f6dbe82d9b7c38', '58ea0688b7909aaa8eaaa2fff36f3bbe8f4a2ad03bd70243b3903469db4890f7']",[],1.0,0ffee3ba8e615ad22535e7f771690a28,303951d4c50efb2e991652225a6f02b1,,,2755.986374,10.0.2.15,59048,46.137.125.133,443,tcp,83.75949899999978,2880.0,5961.0,SF,True,False,0,ShADadTFf,21,3742,21,6805,ssl,0
2761.201597,C8DolN3slP6l6RVtai,10.0.2.15,59057,172.217.23.227,443,TLSv12,TLS_ECDHE_ECDSA_WITH_AES_128_GCM_SHA256,x25519,fonts.gstatic.com,False,True,CsxknGIti,"['11ddd329046367c19b32ffdb02ed308de129de4d6ffcf95856d7bd6a7accfba9', '9f630426df1d8abfd80ace98871ba833ab9742cb34838de2b5285ed54c0c7dcc', '3c35cc963eb004451323d3275d05b353235053490d9cd83729a2faf5e7ca1cc0']",[],1.0,0ffee3ba8e615ad22535e7f771690a28,84480cf8cf0e732666092640e581e1a5,h2,,2760.519102,10.0.2.15,59057,172.217.23.227,443,tcp,200.9644119999998,1081.0,21405.0,SF,True,False,0,ShADadFf,32,2369,47,23289,ssl,0
2761.197495,C3VDsfoGwgvZ78Nl,10.0.2.15,59049,46.137.125.133,443,TLSv12,TLS_ECDHE_RSA_WITH_AES_128_GCM_SHA256,secp256r1,insight.adsrvr.org,False,True,CsxknGIi,"['eb6a61e357a3b2f8e2ab4cc809f2088543de4475bcacfe6122f6dbe82d9b7c38', '58ea0688b7909aaa8eaaa2fff36f3bbe8f4a2ad03bd70243b3903469db4890f7']",[],1.0,0ffee3ba8e615ad22535e7f771690a28,303951d4c50efb2e991652225a6f02b1,,,2756.243185,10.0.2.15,59049,46.137.125.133,443,tcp,11.182752000000164,352.0,3188.0,RSTO,True,False,0,ShADadFR,10,768,10,3592,ssl,0
2762.542833,ChRmiR3hW9B588kmjj,10.0.2.15,59061,172.217.23.227,443,TLSv12,TLS_ECDHE_ECDSA_WITH_AES_128_GCM_SHA256,x25519,fonts.gstatic.com,False,True,CsxknGIti,"['11ddd329046367c19b32ffdb02ed308de129de4d6ffcf95856d7bd6a7accfba9', '9f630426df1d8abfd80ace98871ba833ab9742cb34838de2b5285ed54c0c7dcc', '3c35cc963eb004451323d3275d05b353235053490d9cd83729a2faf5e7ca1cc0']",[],1.0,0ffee3ba8e615ad22535e7f771690a28,84480cf8cf0e732666092640e581e1a5,h2,,2761.53083,10.0.2.15,59061,172.217.23.227,443,tcp,26.04443599999968,897.0,17735.0,SF,True,False,0,ShADadFf,22,1785,29,18899,ssl,0
2744.04678,CGnZ0V25Zh5URnTY9d,10.0.2.15,58979,151.101.112.69,443,TLSv12,TLS_ECDHE_RSA_WITH_AES_128_GCM_SHA256,secp256r1,edw.edmunds.com,False,True,CsxuknGIti,"['47a1469b14083af8cd208ab763b1ec6770cf9829f4a47a0f61f529d53b50eb6e', '74ef335e5e18788307fb9d89cb704bec112abd23487dbff41c4ded5070f241d9']",[],1.0,0ffee3ba8e615ad22535e7f771690a28,860fcf58fd757e26aa8911e5eaff6b53,http/1.1,,2740.882716,10.0.2.15,58979,151.101.112.69,443,tcp,24.563096999999743,318.0,7438.0,SF,True,False,0,ShADadFTfRr,14,887,17,8122,ssl,0
2763.666837,CvkoB1444tyBICr5Uc,10.0.2.15,59065,23.21.88.33,443,TLSv12,TLS_ECDHE_RSA_WITH_AES_128_GCM_SHA256,secp256r1,analytics.upworthy.com,False,True,CsxknGIi,"['df1e13a8f76b9a1b850cfd5a04a27dd1a810ab417405c93b584bb9b6cd0b9480', '02ab57e4e67a0cb48dd2ff34830e8ac40f4476fb08ca6be3f5cd846f646840f0', '4f32d5dc00f715250abcc486511e37f501a899deb3bf7ea8adbbd3aef1c412da']",[],1.0,0ffee3ba8e615ad22535e7f771690a28,303951d4c50efb2e991652225a6f02b1,,,2762.39688,10.0.2.15,59065,23.21.88.33,443,tcp,8.701426000000083,1316.0,5132.0,RSTO,True,False,0,ShADadFR,11,1764,13,5656,ssl,0
2766.884504,CFHGRALgNlhlccuXc,10.0.2.15,59090,172.217.23.228,443,TLSv12,TLS_ECDHE_RSA_WITH_AES_128_GCM_SHA256,,www.google.com,True,True,CsiI,,,,1a5fe5677b0e4fbbc854e8908225637d,67619a80665d7ab92d1041b1d11f9164,h2,,2766.782211,10.0.2.15,59090,172.217.23.228,443,tcp,744.5111729999999,11223.0,107202.0,SF,True,False,0,ShADadFf,129,16391,200,115206,ssl,0
2753.774126,CGt6JY3Idpn2gTmnVg,10.0.2.15,59037,69.172.216.58,443,TLSv12,TLS_ECDHE_RSA_WITH_AES_128_GCM_SHA256,secp256r1,static.adsafeprotected.com,False,True,CsxknGIti,"['2883331a8fbeed598390c6c5e24f65c9c90ce58027c1b02b57604432120f5e4f', 'bc3f03a436240edba5f83714f6f677e34b37f9b1f0c08c1e558d981e279e8209']",[],1.0,0ffee3ba8e615ad22535e7f771690a28,8d2a028aa94425f76ced7826b1f39039,http/1.1,,2749.603939,10.0.2.15,59037,69.172.216.58,443,tcp,26.453668000000107,329.0,3007.0,RSTO,True,False,0,ShADadFTR,10,746,9,3371,ssl,0
2757.349415,C4XK6dPzWz9cm36Qi,10.0.2.15,59047,52.52.191.193,443,TLSv12,TLS_ECDHE_RSA_WITH_AES_128_GCM_SHA256,secp256r1,dt.cobaltgroup.com,False,True,CsxknGIi,"['daf930fef27224a506df5954ad745d330fa628eb1cdd2a55b346c07d81a6b72b', 'f55f9ffcb83c73453261601c7e044db15a0f034b93c05830f28635ef889cf670', '87dcd4dc74640a322cd205552506d1be64f12596258096544986b4850bc72706', '28689b30e4c306aab53b027b29e36ad6dd1dcf4b953994482ca84bdc1ecac996']",[],1.0,0ffee3ba8e615ad22535e7f771690a28,303951d4c50efb2e991652225a6f02b1,,,2752.812812,10.0.2.15,59047,52.52.191.193,443,tcp,24.198370000000068,321.0,5089.0,RSTO,True,False,0,ShADadFTR,10,738,10,5493,ssl,0
2751.752416,Ca2aqn4ntggSk5oI0e,10.0.2.15,59031,69.172.216.58,443,TLSv12,TLS_ECDHE_RSA_WITH_AES_128_GCM_SHA256,secp256r1,static.adsafeprotected.com,False,True,CsxknGIti,"['2883331a8fbeed598390c6c5e24f65c9c90ce58027c1b02b57604432120f5e4f', 'bc3f03a436240edba5f83714f6f677e34b37f9b1f0c08c1e558d981e279e8209']",[],1.0,0ffee3ba8e615ad22535e7f771690a28,8d2a028aa94425f76ced7826b1f39039,http/1.1,,2748.029251,10.0.2.15,59031,69.172.216.58,443,tcp,29.591402000000016,642.0,3381.0,SF,True,False,0,ShADadTfF,11,1099,12,3865,ssl,0
2767.668639,Cu77mD16DZr9QWKN68,10.0.2.15,59092,23.21.88.33,443,TLSv12,TLS_ECDHE_RSA_WITH_AES_128_GCM_SHA256,,analytics.upworthy.com,True,False,Csi,,,,0ffee3ba8e615ad22535e7f771690a28,303951d4c50efb2e991652225a6f02b1,,,2767.02141,10.0.2.15,59092,23.21.88.33,443,tcp,4.959517000000233,231.0,145.0,RSTO,True,False,0,ShADaFdR,5,439,4,309,ssl,0
2764.420156,CsBCDq3un9Ap3CWfw5,10.0.2.15,59054,172.217.23.227,443,TLSv12,TLS_ECDHE_ECDSA_WITH_AES_128_GCM_SHA256,x25519,fonts.gstatic.com,False,False,CsxknGI,"['11ddd329046367c19b32ffdb02ed308de129de4d6ffcf95856d7bd6a7accfba9', '9f630426df1d8abfd80ace98871ba833ab9742cb34838de2b5285ed54c0c7dcc', '3c35cc963eb004451323d3275d05b353235053490d9cd83729a2faf5e7ca1cc0']",[],1.0,0ffee3ba8e615ad22535e7f771690a28,84480cf8cf0e732666092640e581e1a5,h2,,2760.512416,10.0.2.15,59054,172.217.23.227,443,tcp,14.704560000000129,496.0,4025.0,SF,True,False,0,ShADadFf,11,952,11,4469,ssl,0
2764.444709,Cjn7l43flYe29PGYkb,10.0.2.15,59056,172.217.23.227,443,TLSv12,TLS_ECDHE_ECDSA_WITH_AES_128_GCM_SHA256,x25519,fonts.gstatic.com,False,False,CsxknGI,"['11ddd329046367c19b32ffdb02ed308de129de4d6ffcf95856d7bd6a7accfba9', '9f630426df1d8abfd80ace98871ba833ab9742cb34838de2b5285ed54c0c7dcc', '3c35cc963eb004451323d3275d05b353235053490d9cd83729a2faf5e7ca1cc0']",[],1.0,0ffee3ba8e615ad22535e7f771690a28,84480cf8cf0e732666092640e581e1a5,h2,,2760.518429,10.0.2.15,59056,172.217.23.227,443,tcp,14.75256999999965,496.0,4024.0,SF,True,False,0,ShADadFf,12,992,12,4508,ssl,0
2764.373337,CGUI6q3G9b82j6uAWd,10.0.2.15,59052,172.217.23.227,443,TLSv12,TLS_ECDHE_ECDSA_WITH_AES_128_GCM_SHA256,x25519,fonts.gstatic.com,False,False,CsxknGI,"['11ddd329046367c19b32ffdb02ed308de129de4d6ffcf95856d7bd6a7accfba9', '9f630426df1d8abfd80ace98871ba833ab9742cb34838de2b5285ed54c0c7dcc', '3c35cc963eb004451323d3275d05b353235053490d9cd83729a2faf5e7ca1cc0']",[],1.0,0ffee3ba8e615ad22535e7f771690a28,84480cf8cf0e732666092640e581e1a5,h2,,2760.508065,10.0.2.15,59052,172.217.23.227,443,tcp,15.476028999999926,782.0,4024.0,SF,True,False,0,ShADadfF,11,1238,11,4468,ssl,0
2764.378712,CVtHYB4LsyirE41c3,10.0.2.15,59053,172.217.23.227,443,TLSv12,TLS_ECDHE_ECDSA_WITH_AES_128_GCM_SHA256,x25519,fonts.gstatic.com,False,False,CsxknGI,"['11ddd329046367c19b32ffdb02ed308de129de4d6ffcf95856d7bd6a7accfba9', '9f630426df1d8abfd80ace98871ba833ab9742cb34838de2b5285ed54c0c7dcc', '3c35cc963eb004451323d3275d05b353235053490d9cd83729a2faf5e7ca1cc0']",[],1.0,0ffee3ba8e615ad22535e7f771690a28,84480cf8cf0e732666092640e581e1a5,h2,,2760.511331,10.0.2.15,59053,172.217.23.227,443,tcp,15.563770999999631,496.0,4022.0,SF,True,False,0,ShADadFf,11,952,10,4426,ssl,0
2766.350632,Cy7Dms1DtZKTUhBlbd,10.0.2.15,59076,52.85.185.217,443,TLSv12,TLS_ECDHE_RSA_WITH_AES_128_GCM_SHA256,,edge.api.brightcove.com,False,False,Cs,,,,0ffee3ba8e615ad22535e7f771690a28,76cc3e2d3028143b23ec18e27dbd7ca9,http/1.1,,2764.50354,10.0.2.15,59076,52.85.185.217,443,tcp,10.0249859999999,200.0,1420.0,RSTO,True,False,0,ShADaFdR,5,408,4,1584,ssl,0
2778.152841,ChqUKB2FFVRk3jSvLb,10.0.2.15,59083,23.21.88.33,443,TLSv12,TLS_ECDHE_RSA_WITH_AES_128_GCM_SHA256,,analytics.upworthy.com,True,True,CsiI,,,,0ffee3ba8e615ad22535e7f771690a28,303951d4c50efb2e991652225a6f02b1,,,2775.777593,10.0.2.15,59083,23.21.88.33,443,tcp,43.36242400000037,1737.0,744.0,RSTO,True,False,0,ShADadTFR,12,2227,12,1228,ssl,0
2765.029138,CNmeIn38dmLdxxvyRj,10.0.2.15,59055,172.217.23.227,443,TLSv12,TLS_ECDHE_ECDSA_WITH_AES_128_GCM_SHA256,x25519,fonts.gstatic.com,False,False,CsxknGI,"['11ddd329046367c19b32ffdb02ed308de129de4d6ffcf95856d7bd6a7accfba9', '9f630426df1d8abfd80ace98871ba833ab9742cb34838de2b5285ed54c0c7dcc', '3c35cc963eb004451323d3275d05b353235053490d9cd83729a2faf5e7ca1cc0']",[],1.0,0ffee3ba8e615ad22535e7f771690a28,84480cf8cf0e732666092640e581e1a5,h2,,2760.513883,10.0.2.15,59055,172.217.23.227,443,tcp,17.507788999999775,287.0,4024.0,SF,True,False,0,ShADadfF,9,663,8,4348,ssl,0
2756.168942,CCvvkC4s6QMlrV0ri3,10.0.2.15,59043,52.52.191.193,443,,,,dt.cobaltgroup.com,False,False,C,,,,0ffee3ba8e615ad22535e7f771690a28,,,,2752.40271,10.0.2.15,59043,52.52.191.193,443,tcp,26.07406200000014,195.0,0.0,SF,True,False,0,ShADaTfF,8,533,6,244,ssl,0
2776.949675,CcZyR5235LdVWUrCm,10.0.2.15,59051,54.175.14.248,443,TLSv12,TLS_ECDHE_RSA_WITH_AES_128_GCM_SHA256,,udm.edmunds.com,True,True,CsiI,,,,0ffee3ba8e615ad22535e7f771690a28,303951d4c50efb2e991652225a6f02b1,,,2776.939916,10.0.2.15,59051,54.175.14.248,443,tcp,105.21065700000008,1267.0,1025.0,SF,True,False,0,^hADadTFf,16,1915,19,1789,ssl,0
2756.516901,C9Nhuc4oZNin7sC8ll,10.0.2.15,59045,31.13.65.36,443,TLSv12,TLS_ECDHE_ECDSA_WITH_AES_128_GCM_SHA256,secp256r1,www.facebook.com,False,True,CsxknGIti,"['152151b387412a95ab90fd4664f2d98880408e9e43913124e4c91226a483386b', '19400be5b7a31fb733917700789d2f0a2471c0c9d506c0e504c06c16d7cb17c0']",[],1.0,0ffee3ba8e615ad22535e7f771690a28,2d1eb5817ece335c24904f516ad5da12,h2,,2752.447615,10.0.2.15,59045,31.13.65.36,443,tcp,99.641169,1133.0,4171.0,RSTO,True,False,0,ShADaTdFR,19,1911,20,4975,ssl,0
2756.533994,C4NGpC4R2Vq7VNIGze,10.0.2.15,59046,169.47.30.64,443,TLSv12,TLS_RSA_WITH_AES_256_CBC_SHA,,tags.bluekai.com,False,True,CsxnGIi,"['f3e2a1e01c5e2e8f20022b198cde61baf841fcf748c4639eea3fd3db4785c81d', 'e0898ad662474b9f753c79bea878031c9a5d634a49edd6310b960ab023c02c0e']",[],1.0,0ffee3ba8e615ad22535e7f771690a28,f4fb99c318cd91a4dfff259227ba977b,http/1.1,,2752.495411,10.0.2.15,59046,169.47.30.64,443,tcp,36.961689000000206,588.0,3050.0,SF,True,False,0,ShADaTdFf,12,1086,12,3534,ssl,0
2778.224661,CgIiAZ2CFWL8vej5Lk,10.0.2.15,59100,172.217.23.227,443,TLSv12,TLS_ECDHE_ECDSA_WITH_AES_128_GCM_SHA256,x25519,www.gstatic.com,False,True,CsxknGIti,"['11ddd329046367c19b32ffdb02ed308de129de4d6ffcf95856d7bd6a7accfba9', '9f630426df1d8abfd80ace98871ba833ab9742cb34838de2b5285ed54c0c7dcc', '3c35cc963eb004451323d3275d05b353235053490d9cd83729a2faf5e7ca1cc0']",[],1.0,0ffee3ba8e615ad22535e7f771690a28,84480cf8cf0e732666092640e581e1a5,h2,,2777.739105,10.0.2.15,59100,172.217.23.227,443,tcp,233.62850499999968,1045.0,51538.0,SF,True,False,0,^hADadFf,52,3125,87,55022,ssl,0
2778.22588,CffYyg1yMOu1NPuSf6,10.0.2.15,59099,172.217.23.238,443,TLSv12,TLS_ECDHE_RSA_WITH_AES_128_GCM_SHA256,x25519,apis.google.com,False,True,CsxknGIti,"['60db1a0e0585e4ded4482713fe44b119971d4535489a302ea33ca305b774f781', '9f630426df1d8abfd80ace98871ba833ab9742cb34838de2b5285ed54c0c7dcc', '3c35cc963eb004451323d3275d05b353235053490d9cd83729a2faf5e7ca1cc0']",[],1.0,0ffee3ba8e615ad22535e7f771690a28,ab41313cfec25328b20865eb1388e0a2,h2,,2777.734779,10.0.2.15,59099,172.217.23.238,443,tcp,206.8040550000001,1570.0,20973.0,RSTO,True,False,0,^hADadFR,36,3010,50,22977,ssl,0
2778.230116,CGt1ru2eEhkCHWCY44,10.0.2.15,59097,31.13.70.7,443,TLSv12,TLS_ECDHE_ECDSA_WITH_AES_128_GCM_SHA256,secp256r1,connect.facebook.net,False,True,CsxknGIti,"['152151b387412a95ab90fd4664f2d98880408e9e43913124e4c91226a483386b', '19400be5b7a31fb733917700789d2f0a2471c0c9d506c0e504c06c16d7cb17c0']",[],1.0,0ffee3ba8e615ad22535e7f771690a28,2d1eb5817ece335c24904f516ad5da12,h2,,2778.012526,10.0.2.15,59097,31.13.70.7,443,tcp,460.4243900000001,1598.0,76985.0,SF,True,False,0,^hADadfF,77,4678,128,82109,ssl,0
2785.084352,CdtD6r145kG7OHcmIl,10.0.2.15,59125,151.101.112.69,443,TLSv12,TLS_ECDHE_RSA_WITH_AES_128_GCM_SHA256,,edw.edmunds.com,True,True,CsiI,,,,1a5fe5677b0e4fbbc854e8908225637d,1d0e57c6ae42e9204defa51e5e1cdc4c,http/1.1,,2780.557823,10.0.2.15,59125,151.101.112.69,443,tcp,18.59457299999985,599.0,191.0,RSTO,True,False,0,ShADadFR,8,935,7,475,ssl,0
2784.809905,CMCXi83tMGWR2qhUE1,10.0.2.15,59124,151.101.112.69,443,TLSv12,TLS_ECDHE_RSA_WITH_AES_128_GCM_SHA256,,edw.edmunds.com,True,True,CsiI,,,,1a5fe5677b0e4fbbc854e8908225637d,1d0e57c6ae42e9204defa51e5e1cdc4c,http/1.1,,2780.301146,10.0.2.15,59124,151.101.112.69,443,tcp,18.997213999999985,599.0,191.0,RSTO,True,False,0,ShADadFR,8,935,7,475,ssl,0
2784.78974,CepYjY3yVZvoVsodgl,10.0.2.15,59106,151.101.112.69,443,TLSv12,TLS_ECDHE_RSA_WITH_AES_128_GCM_SHA256,,edw.edmunds.com,True,True,CsiI,,,,1a5fe5677b0e4fbbc854e8908225637d,1d0e57c6ae42e9204defa51e5e1cdc4c,http/1.1,,2780.257783,10.0.2.15,59106,151.101.112.69,443,tcp,17.919750000000022,599.0,191.0,RSTO,True,False,0,ShADadFR,7,887,7,475,ssl,0
2782.735275,CdPDlZ22ZWK6rY9ve8,10.0.2.15,59120,151.101.112.69,443,TLSv12,TLS_ECDHE_RSA_WITH_AES_128_GCM_SHA256,,edw.edmunds.com,True,True,CsiI,,,,1a5fe5677b0e4fbbc854e8908225637d,1d0e57c6ae42e9204defa51e5e1cdc4c,http/1.1,,2778.84898,10.0.2.15,59120,151.101.112.69,443,tcp,198.06199799999968,4854.0,957.0,RSTO,True,False,0,ShADadTTFR,31,6128,30,2161,ssl,0
2784.309289,CnuncKs25Hm2FxN9k,10.0.2.15,59122,151.101.112.69,443,TLSv12,TLS_ECDHE_RSA_WITH_AES_128_GCM_SHA256,,edw.edmunds.com,True,True,CsiI,,,,1a5fe5677b0e4fbbc854e8908225637d,1d0e57c6ae42e9204defa51e5e1cdc4c,http/1.1,,2779.901496,10.0.2.15,59122,151.101.112.69,443,tcp,197.00764200000003,21181.0,4021.0,SF,True,False,0,ShADadTTFfRr,51,23252,51,6065,ssl,0
2784.319053,ChMs9M2uT855sozN0e,10.0.2.15,59105,151.101.112.69,443,TLSv12,TLS_ECDHE_RSA_WITH_AES_128_GCM_SHA256,,edw.edmunds.com,True,True,CsiI,,,,1a5fe5677b0e4fbbc854e8908225637d,1d0e57c6ae42e9204defa51e5e1cdc4c,http/1.1,,2780.01783,10.0.2.15,59105,151.101.112.69,443,tcp,200.66086600000017,6815.0,1340.0,RSTO,True,False,0,ShADadTTFR,32,8120,32,2624,ssl,0
2784.796148,CnJUD02LLkLM5nu3U9,10.0.2.15,59123,151.101.112.69,443,TLSv12,TLS_ECDHE_RSA_WITH_AES_128_GCM_SHA256,,edw.edmunds.com,True,True,CsiI,,,,1a5fe5677b0e4fbbc854e8908225637d,1d0e57c6ae42e9204defa51e5e1cdc4c,http/1.1,,2780.157012,10.0.2.15,59123,151.101.112.69,443,tcp,20.8442,599.0,191.0,RSTO,True,False,0,ShADadFR,8,935,7,475,ssl,0
2787.789543,CoW7M44S0PVO7bAhw7,10.0.2.15,59128,54.175.14.248,443,TLSv12,TLS_ECDHE_RSA_WITH_AES_128_GCM_SHA256,,udm.edmunds.com,True,True,CsiI,,,,0ffee3ba8e615ad22535e7f771690a28,303951d4c50efb2e991652225a6f02b1,,,2787.782322,10.0.2.15,59128,54.175.14.248,443,tcp,14.504069000000072,306.0,176.0,RSTO,True,False,0,^hADadFR,6,546,7,460,ssl,0
2783.164314,CoOV3B251mB4696tkg,10.0.2.15,59121,151.101.112.69,443,TLSv12,TLS_ECDHE_RSA_WITH_AES_128_GCM_SHA256,,edw.edmunds.com,True,True,CsiI,,,,1a5fe5677b0e4fbbc854e8908225637d,1d0e57c6ae42e9204defa51e5e1cdc4c,http/1.1,,2779.105102,10.0.2.15,59121,151.101.112.69,443,tcp,385.3250790000002,6771.0,926.0,SF,True,False,0,ShADadTFTf,51,8862,50,2930,ssl,0
2777.382427,CxrvWo4WBiM9SyoXCh,10.0.2.15,59081,52.85.185.217,443,TLSv12,TLS_ECDHE_RSA_WITH_AES_128_GCM_SHA256,secp256r1,edge.api.brightcove.com,False,True,CsxuknGIti,"['5a485673f682d9438438285ed19b200096def1fede6ef96602106df26e033424', 'f55f9ffcb83c73453261601c7e044db15a0f034b93c05830f28635ef889cf670', '87dcd4dc74640a322cd205552506d1be64f12596258096544986b4850bc72706', '28689b30e4c306aab53b027b29e36ad6dd1dcf4b953994482ca84bdc1ecac996']",[],1.0,0ffee3ba8e615ad22535e7f771690a28,76cc3e2d3028143b23ec18e27dbd7ca9,http/1.1,,2775.577376,10.0.2.15,59081,52.85.185.217,443,tcp,20.6930669999997,326.0,5750.0,RSTO,True,False,0,ShADadFR,10,734,11,6194,ssl,0
2778.227476,CP7WKr4uXUgLtrcn6e,10.0.2.15,59098,184.73.241.26,443,TLSv12,TLS_ECDHE_RSA_WITH_AES_128_GCM_SHA256,secp256r1,analytics.upworthy.com,False,True,CsxknGIi,"['df1e13a8f76b9a1b850cfd5a04a27dd1a810ab417405c93b584bb9b6cd0b9480', '02ab57e4e67a0cb48dd2ff34830e8ac40f4476fb08ca6be3f5cd846f646840f0', '4f32d5dc00f715250abcc486511e37f501a899deb3bf7ea8adbbd3aef1c412da']",[],1.0,0ffee3ba8e615ad22535e7f771690a28,303951d4c50efb2e991652225a6f02b1,,,2777.964779,10.0.2.15,59098,184.73.241.26,443,tcp,20.23738000000003,325.0,4848.0,RSTO,True,False,0,^hADadFR,9,685,11,5292,ssl,0
2789.132088,CI9CBxkabuEnnut31,10.0.2.15,59129,172.217.23.227,443,TLSv12,TLS_ECDHE_RSA_WITH_AES_128_GCM_SHA256,x25519,www.google.cz,False,True,CsxknGIti,"['635ff633f6427d8bb4cff322e016a54fd8da246e8392221d6a58ae24f13c6119', '9f630426df1d8abfd80ace98871ba833ab9742cb34838de2b5285ed54c0c7dcc', '3c35cc963eb004451323d3275d05b353235053490d9cd83729a2faf5e7ca1cc0']",[],1.0,0ffee3ba8e615ad22535e7f771690a28,ab41313cfec25328b20865eb1388e0a2,h2,,2784.605832,10.0.2.15,59129,172.217.23.227,443,tcp,236.8254509999997,1751.0,4372.0,SF,True,False,0,ShADadFf,22,2647,24,5336,ssl,0
2783.718748,C9hTBv21fOs8U6LOae,10.0.2.15,59103,172.217.23.238,443,TLSv12,TLS_ECDHE_RSA_WITH_AES_128_GCM_SHA256,x25519,apis.google.com,False,False,CsxknGI,"['60db1a0e0585e4ded4482713fe44b119971d4535489a302ea33ca305b774f781', '9f630426df1d8abfd80ace98871ba833ab9742cb34838de2b5285ed54c0c7dcc', '3c35cc963eb004451323d3275d05b353235053490d9cd83729a2faf5e7ca1cc0']",[],1.0,0ffee3ba8e615ad22535e7f771690a28,ab41313cfec25328b20865eb1388e0a2,h2,,2779.63944,10.0.2.15,59103,172.217.23.238,443,tcp,18.29776700000002,494.0,3500.0,SF,True,False,0,ShADadFf,11,942,11,3944,ssl,0
2755.970692,CkrFNhSViJ7zn93Pa,10.0.2.15,59040,54.210.65.106,443,TLSv12,TLS_ECDHE_RSA_WITH_AES_128_GCM_SHA256,secp256r1,s.nexac.com,False,True,CsxknGIi,"['bc4819dd106ce16807631b229f5929e7b98674e09684b1b849b244a459d761d3', 'eae72eb454bf6c3977ebd289e970b2f5282949190093d0d26f98d0f0d6a9cf17']",[],1.0,0ffee3ba8e615ad22535e7f771690a28,303951d4c50efb2e991652225a6f02b1,,,2752.153809,10.0.2.15,59040,54.210.65.106,443,tcp,118.0188830000002,794.0,3766.0,SF,True,False,0,ShADaTdTFf,22,1700,24,4730,ssl,0
2783.722915,CYvUh63lxKhInmu6q5,10.0.2.15,59104,172.217.23.227,443,TLSv12,TLS_ECDHE_ECDSA_WITH_AES_128_GCM_SHA256,x25519,www.gstatic.com,False,False,CsxknGI,"['11ddd329046367c19b32ffdb02ed308de129de4d6ffcf95856d7bd6a7accfba9', '9f630426df1d8abfd80ace98871ba833ab9742cb34838de2b5285ed54c0c7dcc', '3c35cc963eb004451323d3275d05b353235053490d9cd83729a2faf5e7ca1cc0']",[],1.0,0ffee3ba8e615ad22535e7f771690a28,84480cf8cf0e732666092640e581e1a5,h2,,2779.634595,10.0.2.15,59104,172.217.23.227,443,tcp,22.173177000000123,285.0,4024.0,SF,True,False,0,ShADadfF,9,653,8,4348,ssl,0
2789.395724,CmkqzA1OvhfCQJYfLi,10.0.2.15,59131,172.217.23.227,443,TLSv12,TLS_ECDHE_RSA_WITH_AES_128_GCM_SHA256,x25519,www.google.cz,False,False,CsxknGI,"['635ff633f6427d8bb4cff322e016a54fd8da246e8392221d6a58ae24f13c6119', '9f630426df1d8abfd80ace98871ba833ab9742cb34838de2b5285ed54c0c7dcc', '3c35cc963eb004451323d3275d05b353235053490d9cd83729a2faf5e7ca1cc0']",[],1.0,0ffee3ba8e615ad22535e7f771690a28,ab41313cfec25328b20865eb1388e0a2,h2,,2784.994853,10.0.2.15,59131,172.217.23.227,443,tcp,17.33762499999966,492.0,3482.0,SF,True,False,0,ShADadFf,11,948,10,3886,ssl,0
2789.175263,C8rcnzHMmDHLyn7k9,10.0.2.15,59130,172.217.23.227,443,TLSv12,TLS_ECDHE_RSA_WITH_AES_128_GCM_SHA256,x25519,www.google.cz,False,False,CsxknGI,"['635ff633f6427d8bb4cff322e016a54fd8da246e8392221d6a58ae24f13c6119', '9f630426df1d8abfd80ace98871ba833ab9742cb34838de2b5285ed54c0c7dcc', '3c35cc963eb004451323d3275d05b353235053490d9cd83729a2faf5e7ca1cc0']",[],1.0,0ffee3ba8e615ad22535e7f771690a28,ab41313cfec25328b20865eb1388e0a2,h2,,2784.6134,10.0.2.15,59130,172.217.23.227,443,tcp,17.73779599999989,1563.0,3482.0,SF,True,False,0,ShADaTdfF,11,2020,11,3926,ssl,0
2753.160503,CmFlszVVi3GbuRxpl,10.0.2.15,59035,185.57.60.186,443,TLSv12,TLS_ECDHE_ECDSA_WITH_AES_256_GCM_SHA384,secp256r1,tapestry.tapad.com,False,True,CsxknGIti,"['2e07c3eefcc0f914e58014ebb73641b122d04bc44d3fa4319f90ab3d10159da4', '93a07898d89b2cca166ba6f1f8a14138ce43828e491b831926bc8247d391cc72', '9f43d52e808c20aff69e02faac205aac684e6975213d6620fac64bde5fcab4bc', '1465fa205397b876faa6f0a9958e5590e40fcc7faa4fb7c2c8677521fb5fb658', '2e2861289b5ccedecae4c31bf262e0fb0c29b6c1530573442731ca65d821e901']",[],1.0,0ffee3ba8e615ad22535e7f771690a28,5590a2023cffab2c8ace569bfb23fab1,,,2749.133428,10.0.2.15,59035,185.57.60.186,443,tcp,66.5853619999998,1174.0,7416.0,SF,True,False,0,ShADadTfF,18,1914,21,8260,ssl,0
2784.18915,C1RCFg2AJrQFqLe429,10.0.2.15,59101,31.13.70.7,443,TLSv12,TLS_ECDHE_ECDSA_WITH_AES_128_GCM_SHA256,secp256r1,connect.facebook.net,False,True,CsxknGIti,"['152151b387412a95ab90fd4664f2d98880408e9e43913124e4c91226a483386b', '19400be5b7a31fb733917700789d2f0a2471c0c9d506c0e504c06c16d7cb17c0']",[],1.0,0ffee3ba8e615ad22535e7f771690a28,2d1eb5817ece335c24904f516ad5da12,h2,,2779.639085,10.0.2.15,59101,31.13.70.7,443,tcp,32.04779600000029,768.0,3827.0,RSTO,True,False,0,ShADadFR,12,1256,12,4311,ssl,0
2790.354923,CCviam1LpqlY5gQxtf,10.0.2.15,59133,172.217.23.227,443,TLSv12,TLS_ECDHE_RSA_WITH_AES_128_GCM_SHA256,x25519,www.google.cz,False,False,CsxknGI,"['635ff633f6427d8bb4cff322e016a54fd8da246e8392221d6a58ae24f13c6119', '9f630426df1d8abfd80ace98871ba833ab9742cb34838de2b5285ed54c0c7dcc', '3c35cc963eb004451323d3275d05b353235053490d9cd83729a2faf5e7ca1cc0']",[],1.0,0ffee3ba8e615ad22535e7f771690a28,ab41313cfec25328b20865eb1388e0a2,h2,,2787.235717,10.0.2.15,59133,172.217.23.227,443,tcp,20.92812499999991,492.0,3482.0,SF,True,False,0,ShADadFf,10,900,10,3886,ssl,0
2790.359784,CkClBn3qDgYcIJ1CHa,10.0.2.15,59107,178.250.2.82,443,TLSv12,TLS_RSA_WITH_AES_128_CBC_SHA,,sslwidget.criteo.com,False,False,Cs,,,,0ffee3ba8e615ad22535e7f771690a28,5dcc087b1a1d0a5b0658981a7e8b2c3c,,,2790.308544,10.0.2.15,59107,178.250.2.82,443,tcp,17.96898400000009,229.0,2920.0,SF,True,False,0,^hADadfF,6,469,8,3244,ssl,0
2790.564267,CLpWsV13Lx4vFj16rl,10.0.2.15,59134,172.217.23.227,443,TLSv12,TLS_ECDHE_RSA_WITH_AES_128_GCM_SHA256,x25519,www.google.cz,False,False,CsxknGI,"['635ff633f6427d8bb4cff322e016a54fd8da246e8392221d6a58ae24f13c6119', '9f630426df1d8abfd80ace98871ba833ab9742cb34838de2b5285ed54c0c7dcc', '3c35cc963eb004451323d3275d05b353235053490d9cd83729a2faf5e7ca1cc0']",[],1.0,0ffee3ba8e615ad22535e7f771690a28,ab41313cfec25328b20865eb1388e0a2,h2,,2787.494486,10.0.2.15,59134,172.217.23.227,443,tcp,21.12771500000008,492.0,3482.0,SF,True,False,0,ShADadFf,11,948,10,3886,ssl,0
2784.311423,CvwzHW3JHkN28LpVCa,10.0.2.15,59102,184.73.241.26,443,TLSv12,TLS_ECDHE_RSA_WITH_AES_128_GCM_SHA256,secp256r1,analytics.upworthy.com,False,True,CsxknGIi,"['df1e13a8f76b9a1b850cfd5a04a27dd1a810ab417405c93b584bb9b6cd0b9480', '02ab57e4e67a0cb48dd2ff34830e8ac40f4476fb08ca6be3f5cd846f646840f0', '4f32d5dc00f715250abcc486511e37f501a899deb3bf7ea8adbbd3aef1c412da']",[],1.0,0ffee3ba8e615ad22535e7f771690a28,303951d4c50efb2e991652225a6f02b1,,,2779.622266,10.0.2.15,59102,184.73.241.26,443,tcp,36.78423599999997,325.0,4848.0,RSTO,True,False,0,ShADadTFR,11,774,12,5332,ssl,0
2756.307007,Cpyus24GFli0V33j5,10.0.2.15,59044,54.210.65.106,443,TLSv12,TLS_ECDHE_RSA_WITH_AES_128_GCM_SHA256,secp256r1,s.nexac.com,False,True,CsxknGIi,"['bc4819dd106ce16807631b229f5929e7b98674e09684b1b849b244a459d761d3', 'eae72eb454bf6c3977ebd289e970b2f5282949190093d0d26f98d0f0d6a9cf17']",[],1.0,0ffee3ba8e615ad22535e7f771690a28,303951d4c50efb2e991652225a6f02b1,,,2752.430935,10.0.2.15,59044,54.210.65.106,443,tcp,64.52296700000034,314.0,3401.0,SF,True,False,0,ShADaTdFfRr,17,1015,17,4085,ssl,0
2818.991474,CFuGlDPw2Qqo3Qeq7,10.0.2.15,59142,172.217.23.230,443,TLSv12,TLS_ECDHE_RSA_WITH_AES_128_GCM_SHA256,,ad.doubleclick.net,True,True,CsiI,,,,1a5fe5677b0e4fbbc854e8908225637d,67619a80665d7ab92d1041b1d11f9164,h2,,2818.447037,10.0.2.15,59142,172.217.23.230,443,tcp,194.28190700000005,1600.0,1021.0,SF,True,False,0,ShADadFf,21,2448,25,2025,ssl,0
2819.439555,C4xlJC4s4HCH7zIlg,10.0.2.15,59143,82.199.68.73,443,TLSv12,TLS_RSA_WITH_AES_256_CBC_SHA,,bs.serving-sys.com,False,True,CsxnGIi,"['da83f8402756964819e846696c134edb748ee8801ff17fcfd761d886058327c8', '3f3af9c9cc2c7599ef8f6dd7ca516cfc1797d7d12002254f3bfd0d4d0fe9de86']",[],1.0,0ffee3ba8e615ad22535e7f771690a28,0a917d753018dad73d9899ace370f8d8,,,2818.705195,10.0.2.15,59143,82.199.68.73,443,tcp,17.125202000000172,1747.0,4779.0,SF,True,False,0,ShADadTfF,12,2236,13,5303,ssl,0
2796.499903,CD5lEtRurWtqdRJ8g,10.0.2.15,59132,172.217.23.227,443,TLSv12,TLS_ECDHE_RSA_WITH_AES_128_GCM_SHA256,x25519,www.google.cz,False,False,CsxknGI,"['635ff633f6427d8bb4cff322e016a54fd8da246e8392221d6a58ae24f13c6119', '9f630426df1d8abfd80ace98871ba833ab9742cb34838de2b5285ed54c0c7dcc', '3c35cc963eb004451323d3275d05b353235053490d9cd83729a2faf5e7ca1cc0']",[],1.0,0ffee3ba8e615ad22535e7f771690a28,ab41313cfec25328b20865eb1388e0a2,h2,,2795.456418,10.0.2.15,59132,172.217.23.227,443,tcp,20.89568199999985,492.0,3482.0,SF,True,False,0,ShADadFf,10,900,10,3886,ssl,0
2820.499125,CnBjKF24EslDM7vOd6,10.0.2.15,59145,82.199.68.73,443,TLSv12,TLS_RSA_WITH_AES_256_CBC_SHA,,bs.serving-sys.com,False,True,CsxnGIi,"['da83f8402756964819e846696c134edb748ee8801ff17fcfd761d886058327c8', '3f3af9c9cc2c7599ef8f6dd7ca516cfc1797d7d12002254f3bfd0d4d0fe9de86']",[],1.0,0ffee3ba8e615ad22535e7f771690a28,0a917d753018dad73d9899ace370f8d8,,,2819.49293,10.0.2.15,59145,82.199.68.73,443,tcp,7.065715000000182,590.0,2673.0,SF,True,False,0,ShADadFf,9,958,9,3037,ssl,0
2820.500835,CpVGwJ3AZ5IFZnI9U6,10.0.2.15,59144,69.172.216.55,443,TLSv12,TLS_ECDHE_RSA_WITH_AES_128_GCM_SHA256,secp256r1,pixel.adsafeprotected.com,False,True,CsxknGIti,"['2883331a8fbeed598390c6c5e24f65c9c90ce58027c1b02b57604432120f5e4f', 'bc3f03a436240edba5f83714f6f677e34b37f9b1f0c08c1e558d981e279e8209']",[],1.0,1a5fe5677b0e4fbbc854e8908225637d,ccc514751b175866924439bdbb5bba34,,,2819.489649,10.0.2.15,59144,69.172.216.55,443,tcp,7.062507000000096,674.0,2976.0,SF,True,False,0,ShADadFf,10,1082,10,3380,ssl,0
2820.619702,Cgo7mN3XUun36QCGp3,10.0.2.15,59146,69.172.216.55,443,TLSv12,TLS_ECDHE_RSA_WITH_AES_128_GCM_SHA256,secp256r1,pixel.adsafeprotected.com,False,True,CsxknGIti,"['2883331a8fbeed598390c6c5e24f65c9c90ce58027c1b02b57604432120f5e4f', 'bc3f03a436240edba5f83714f6f677e34b37f9b1f0c08c1e558d981e279e8209']",[],1.0,1a5fe5677b0e4fbbc854e8908225637d,8d2a028aa94425f76ced7826b1f39039,http/1.1,,2819.813719,10.0.2.15,59146,69.172.216.55,443,tcp,6.752841999999873,674.0,3007.0,SF,True,False,0,ShADadFf,9,1042,10,3411,ssl,0
2819.487856,Ck7NKq4OFwnvRQwC19,10.0.2.15,59141,69.172.216.55,443,TLSv12,TLS_ECDHE_RSA_WITH_AES_128_GCM_SHA256,secp256r1,pixel.adsafeprotected.com,False,True,CsxknGIti,"['2883331a8fbeed598390c6c5e24f65c9c90ce58027c1b02b57604432120f5e4f', 'bc3f03a436240edba5f83714f6f677e34b37f9b1f0c08c1e558d981e279e8209']",[],1.0,1a5fe5677b0e4fbbc854e8908225637d,ccc514751b175866924439bdbb5bba34,,,2818.446107,10.0.2.15,59141,69.172.216.55,443,tcp,69.65420799999993,987.0,3356.0,SF,True,False,0,ShADadTfF,15,1601,17,4040,ssl,0
2823.915629,CqayQv4LkDekB973a6,10.0.2.15,59153,185.57.60.186,443,TLSv12,TLS_ECDHE_ECDSA_WITH_AES_256_GCM_SHA384,,tapestry.tapad.com,True,True,CsiI,,,,1a5fe5677b0e4fbbc854e8908225637d,a8e0da2f607d2a3c1956f56afc6da012,,,2822.992339,10.0.2.15,59153,185.57.60.186,443,tcp,8.612579000000096,599.0,137.0,SF,True,False,0,ShADadFf,7,887,7,421,ssl,0
2823.867395,CKeNHx3TBL4N8gJ6Jh,10.0.2.15,59151,185.57.60.186,443,TLSv12,TLS_ECDHE_ECDSA_WITH_AES_256_GCM_SHA384,,tapestry.tapad.com,True,True,CsiI,,,,1a5fe5677b0e4fbbc854e8908225637d,a8e0da2f607d2a3c1956f56afc6da012,,,2822.98977,10.0.2.15,59151,185.57.60.186,443,tcp,8.433576999999786,1431.0,1033.0,SF,True,False,0,ShADadFf,8,1759,9,1397,ssl,0
2823.984372,C4DuVj1qdteF3fpfOb,10.0.2.15,59154,185.57.60.186,443,TLSv12,TLS_ECDHE_ECDSA_WITH_AES_256_GCM_SHA384,,tapestry.tapad.com,True,True,CsiI,,,,1a5fe5677b0e4fbbc854e8908225637d,a8e0da2f607d2a3c1956f56afc6da012,,,2823.259544,10.0.2.15,59154,185.57.60.186,443,tcp,8.418713000000025,599.0,137.0,SF,True,False,0,ShADadFf,7,887,7,421,ssl,0
2781.986776,CEqcm24o1u4U9eCYkl,10.0.2.15,59119,50.16.85.103,443,TLSv12,TLS_ECDHE_RSA_WITH_AES_128_GCM_SHA256,,udm.edmunds.com,False,False,Cs,,,,0ffee3ba8e615ad22535e7f771690a28,303951d4c50efb2e991652225a6f02b1,,,2778.265853,10.0.2.15,59119,50.16.85.103,443,tcp,38.21299100000033,192.0,4340.0,RSTO,True,False,0,ShADadTFR,12,690,10,4744,ssl,0
2824.185889,CW9ln13tzHDEYMPLS,10.0.2.15,59148,152.163.66.131,443,TLSv12,TLS_RSA_WITH_AES_128_CBC_SHA,,adserver.adtechus.com,False,True,CsxnGIi,"['44ece7e30b43e443909ae7a302f38efd8870eb688ae56b799946ce3cf62fbf0a', '3b0cc20384ad7f24eb438f2b80c63ebe003f7f215b8877e418ebb0484028db57', '6b143c2005d5539cc22eab5f772db2a9fe87467feffa07fcf0a9f7d28274ca7a']",[],1.0,0ffee3ba8e615ad22535e7f771690a28,5397c414a9ebeaff1bf18b70ca22eaa0,,,2822.986787,10.0.2.15,59148,152.163.66.131,443,tcp,8.700128000000404,593.0,4386.0,SF,True,False,0,ShADadFf,10,1001,12,4870,ssl,0
2824.153125,CaHaTb1n5qIymwt0yj,10.0.2.15,59150,152.163.66.131,443,TLSv12,TLS_RSA_WITH_AES_128_CBC_SHA,,adserver.adtechus.com,False,True,CsxnGIi,"['44ece7e30b43e443909ae7a302f38efd8870eb688ae56b799946ce3cf62fbf0a', '3b0cc20384ad7f24eb438f2b80c63ebe003f7f215b8877e418ebb0484028db57', '6b143c2005d5539cc22eab5f772db2a9fe87467feffa07fcf0a9f7d28274ca7a']",[],1.0,0ffee3ba8e615ad22535e7f771690a28,5397c414a9ebeaff1bf18b70ca22eaa0,,,2822.989255,10.0.2.15,59150,152.163.66.131,443,tcp,2.546089999999822,540.0,4386.0,RSTO,True,False,0,ShADadFR,8,868,9,4750,ssl,0
2824.194493,Cfpy4T24MYHVe6mfdj,10.0.2.15,59152,152.163.66.131,443,TLSv12,TLS_RSA_WITH_AES_128_CBC_SHA,,adserver.adtechus.com,False,True,CsxnGIi,"['44ece7e30b43e443909ae7a302f38efd8870eb688ae56b799946ce3cf62fbf0a', '3b0cc20384ad7f24eb438f2b80c63ebe003f7f215b8877e418ebb0484028db57', '6b143c2005d5539cc22eab5f772db2a9fe87467feffa07fcf0a9f7d28274ca7a']",[],1.0,0ffee3ba8e615ad22535e7f771690a28,5397c414a9ebeaff1bf18b70ca22eaa0,,,2822.991215,10.0.2.15,59152,152.163.66.131,443,tcp,8.702699999999822,593.0,4386.0,SF,True,False,0,ShADadFf,10,1001,12,4870,ssl,0
2824.601014,C4R68A4MI23y0MpD49,10.0.2.15,59155,152.163.66.131,443,TLSv12,TLS_RSA_WITH_AES_128_CBC_SHA,,adserver.adtechus.com,False,True,CsxnGIi,"['44ece7e30b43e443909ae7a302f38efd8870eb688ae56b799946ce3cf62fbf0a', '3b0cc20384ad7f24eb438f2b80c63ebe003f7f215b8877e418ebb0484028db57', '6b143c2005d5539cc22eab5f772db2a9fe87467feffa07fcf0a9f7d28274ca7a']",[],1.0,0ffee3ba8e615ad22535e7f771690a28,5397c414a9ebeaff1bf18b70ca22eaa0,,,2823.917256,10.0.2.15,59155,152.163.66.131,443,tcp,15.887990999999602,1611.0,10102.0,SF,True,False,0,ShADadFf,15,2219,20,10906,ssl,0
2825.085807,C6Q0ej41ERxTdPmR6j,10.0.2.15,59156,152.163.66.131,443,TLSv12,TLS_RSA_WITH_AES_128_CBC_SHA,,adserver.adtechus.com,False,True,CsxnGIi,"['44ece7e30b43e443909ae7a302f38efd8870eb688ae56b799946ce3cf62fbf0a', '3b0cc20384ad7f24eb438f2b80c63ebe003f7f215b8877e418ebb0484028db57', '6b143c2005d5539cc22eab5f772db2a9fe87467feffa07fcf0a9f7d28274ca7a']",[],1.0,0ffee3ba8e615ad22535e7f771690a28,5397c414a9ebeaff1bf18b70ca22eaa0,,,2824.32991,10.0.2.15,59156,152.163.66.131,443,tcp,8.21241000000009,593.0,4386.0,SF,True,False,0,ShADadFf,10,1001,12,4870,ssl,0
2825.993818,Cnqiyd1G3VI06XJIB8,10.0.2.15,59157,69.172.216.58,443,TLSv12,TLS_ECDHE_RSA_WITH_AES_128_GCM_SHA256,,static.adsafeprotected.com,True,True,CsiI,,,,1a5fe5677b0e4fbbc854e8908225637d,7bee5c1d424b7e5f943b06983bb11422,http/1.1,,2825.591531,10.0.2.15,59157,69.172.216.58,443,tcp,11.555930999999871,599.0,152.0,SF,True,False,0,ShADadFf,7,887,7,436,ssl,0
2826.883184,CfyKtxR9RMS6Iwdb4,10.0.2.15,59164,52.28.153.152,443,TLSv12,TLS_ECDHE_RSA_WITH_AES_128_GCM_SHA256,secp256r1,t.myvisualiq.net,False,True,CsxknGIti,"['fe91e29980f948dadec7222d7cc8921d5d827d93449643d48965668007bc6d25', '02ab57e4e67a0cb48dd2ff34830e8ac40f4476fb08ca6be3f5cd846f646840f0', '4f32d5dc00f715250abcc486511e37f501a899deb3bf7ea8adbbd3aef1c412da']",[],1.0,0ffee3ba8e615ad22535e7f771690a28,ccc514751b175866924439bdbb5bba34,,,2826.687348,10.0.2.15,59164,52.28.153.152,443,tcp,68.12672599999996,1008.0,5397.0,SF,True,False,0,ShADadTFf,17,1702,19,6161,ssl,0
2827.253935,CaiMwf10uWP9evjbP8,10.0.2.15,59165,52.28.153.152,443,TLSv12,TLS_ECDHE_RSA_WITH_AES_128_GCM_SHA256,secp256r1,t.myvisualiq.net,False,True,CsxknGIti,"['fe91e29980f948dadec7222d7cc8921d5d827d93449643d48965668007bc6d25', '02ab57e4e67a0cb48dd2ff34830e8ac40f4476fb08ca6be3f5cd846f646840f0', '4f32d5dc00f715250abcc486511e37f501a899deb3bf7ea8adbbd3aef1c412da']",[],1.0,0ffee3ba8e615ad22535e7f771690a28,ccc514751b175866924439bdbb5bba34,,,2826.896882,10.0.2.15,59165,52.28.153.152,443,tcp,10.238863000000038,350.0,5009.0,SF,True,False,0,ShADadFf,10,758,11,5453,ssl,0
2820.639119,ChBAbu4khAoZvzPe7f,10.0.2.15,59147,82.199.68.73,443,TLSv12,TLS_RSA_WITH_AES_256_CBC_SHA,,bs.serving-sys.com,False,False,Csxn,"['da83f8402756964819e846696c134edb748ee8801ff17fcfd761d886058327c8', '3f3af9c9cc2c7599ef8f6dd7ca516cfc1797d7d12002254f3bfd0d4d0fe9de86']",[],1.0,0ffee3ba8e615ad22535e7f771690a28,0a917d753018dad73d9899ace370f8d8,,,2819.814382,10.0.2.15,59147,82.199.68.73,443,tcp,2.943333000000166,195.0,2598.0,RSTO,True,False,0,ShADadR,5,403,4,2762,ssl,0
2791.938696,CImHK31LC9QCPI0Ts3,10.0.2.15,59108,178.250.2.82,443,TLSv12,TLS_RSA_WITH_AES_128_CBC_SHA,,sslwidget.criteo.com,False,False,CsxnGI,"['b0337c4f8b2eca88eca4de5aad8cba6d249c58c7a69f2d4b680e5adae991d2ac', 'eae72eb454bf6c3977ebd289e970b2f5282949190093d0d26f98d0f0d6a9cf17', '8420dfbe376f414bf4c0a81e6936d24ccc03f304835b86c7a39142fca723a689']",[],1.0,0ffee3ba8e615ad22535e7f771690a28,5dcc087b1a1d0a5b0658981a7e8b2c3c,,,2791.934081,10.0.2.15,59108,178.250.2.82,443,tcp,30.825055000000248,571.0,3951.0,SF,True,False,0,^hADadTfF,8,892,10,4355,ssl,0
2832.074655,CqxGejVgI7tlFekc6,10.0.2.15,59170,159.253.128.188,443,TLSv12,TLS_ECDHE_RSA_WITH_AES_256_GCM_SHA384,secp384r1,um.simpli.fi,False,True,CsxuknGIi,"['dca88e44b4969994c9a552ec37078ef61bc6bc25ee7a84aa3eb4d5e446018a58', '154c433c491929c5ef686e838e323664a00e6a0d822ccc958fb4dab03e49a08f']",[],1.0,0ffee3ba8e615ad22535e7f771690a28,2464432ec440b95b36263230c3148d11,http/1.1,,2831.047566,10.0.2.15,59170,159.253.128.188,443,tcp,8.374420999999984,833.0,4782.0,SF,True,False,0,ShADadFf,11,1281,14,5346,ssl,0
2832.075646,CQ3gVN36vJwDCgomQ9,10.0.2.15,59169,159.253.128.188,443,TLSv12,TLS_ECDHE_RSA_WITH_AES_256_GCM_SHA384,secp384r1,um.simpli.fi,False,True,CsxuknGIi,"['dca88e44b4969994c9a552ec37078ef61bc6bc25ee7a84aa3eb4d5e446018a58', '154c433c491929c5ef686e838e323664a00e6a0d822ccc958fb4dab03e49a08f']",[],1.0,0ffee3ba8e615ad22535e7f771690a28,2464432ec440b95b36263230c3148d11,http/1.1,,2831.044094,10.0.2.15,59169,159.253.128.188,443,tcp,11.599280000000364,378.0,4018.0,SF,True,False,0,ShADadFf,10,786,12,4502,ssl,0
2832.076292,C17Q3k2QkCiGSalFdj,10.0.2.15,59183,208.146.36.220,443,TLSv12,TLS_ECDHE_RSA_WITH_AES_256_GCM_SHA384,secp256r1,rp.gwallet.com,False,True,CsxknGIti,"['0c294bffff4c5704168ebbacc49e77745caf228b0f9c52d4f82759d5823f40d2', '19400be5b7a31fb733917700789d2f0a2471c0c9d506c0e504c06c16d7cb17c0']",[],1.0,0ffee3ba8e615ad22535e7f771690a28,e35df3e00ca4ef31d42b34bebaa2f86e,,,2831.060719,10.0.2.15,59183,208.146.36.220,443,tcp,8.096807999999783,826.0,3259.0,SF,True,False,0,ShADadFf,11,1274,13,3783,ssl,0
2832.079736,C8BXwaoRKxptcQwXb,10.0.2.15,59178,192.229.233.248,443,TLSv12,TLS_ECDHE_RSA_WITH_AES_128_GCM_SHA256,secp256r1,aka-cdn.adtechus.com,False,True,CsxuknGIti,"['7b8038dc03690801ab36d08929c5ea4ff3fbe5f9a93eea0303f2389f77dc3089', '154c433c491929c5ef686e838e323664a00e6a0d822ccc958fb4dab03e49a08f']",[],1.0,0ffee3ba8e615ad22535e7f771690a28,49b45fc1ab090aa3a159778313fc9b9e,h2,,2831.056704,10.0.2.15,59178,192.229.233.248,443,tcp,205.42676699999996,1113.0,4276.0,SF,True,False,0,ShADadfF,21,1961,24,5240,ssl,0
2832.080264,C3xNbW37G9TCUt3mte,10.0.2.15,59177,192.229.233.248,443,TLSv12,TLS_ECDHE_RSA_WITH_AES_128_GCM_SHA256,secp256r1,aka-cdn.adtechus.com,False,True,CsxuknGIti,"['7b8038dc03690801ab36d08929c5ea4ff3fbe5f9a93eea0303f2389f77dc3089', '154c433c491929c5ef686e838e323664a00e6a0d822ccc958fb4dab03e49a08f']",[],1.0,0ffee3ba8e615ad22535e7f771690a28,49b45fc1ab090aa3a159778313fc9b9e,h2,,2831.055549,10.0.2.15,59177,192.229.233.248,443,tcp,6.217173000000002,532.0,3689.0,RSTO,True,False,0,ShADadFR,10,940,10,4093,ssl,0
2832.077167,CQNwtr3LvumzZvrv3l,10.0.2.15,59181,54.165.9.36,443,TLSv12,TLS_ECDHE_RSA_WITH_AES_128_GCM_SHA256,secp256r1,atpixelus.alephd.com,False,True,CsxknGIi,"['018c48e69b3389c1a6ee04c16881dd90cd1998492b0c23dc9b245c1969465efb', 'b9f2164323638dce0b92218b43c41c1b2b2696389329db19f5cf7ad49b5cb372', '1a5174980a294a528a110726d5855650266c48d9883bea692b67b6d726da98c5']",[],1.0,0ffee3ba8e615ad22535e7f771690a28,303951d4c50efb2e991652225a6f02b1,,,2831.059549,10.0.2.15,59181,54.165.9.36,443,tcp,8.432636999999886,922.0,4954.0,SF,True,False,0,ShADadFfRr,13,1450,14,5518,ssl,0
2832.078105,Cif85W2x0gNBwAV5j6,10.0.2.15,59180,209.15.36.31,443,TLSv12,TLS_ECDHE_RSA_WITH_AES_256_CBC_SHA,secp256r1,pixel-a.sitescout.com,False,True,CsxknGIti,"['f015d4c86fc456a1d84bc3afa7ddb630a34da324037bb1cc3206209a00eae6e4', 'bc3f03a436240edba5f83714f6f677e34b37f9b1f0c08c1e558d981e279e8209']",[],1.0,0ffee3ba8e615ad22535e7f771690a28,63a37e7be22df054d1f448fc0c28b98f,,,2831.058518,10.0.2.15,59180,209.15.36.31,443,tcp,8.589242000000013,1062.0,3304.0,SF,True,False,0,ShADadFfRr,11,1510,12,3788,ssl,0
2832.078658,CXf8ut4GZbKmgMll89,10.0.2.15,59179,209.15.36.31,443,TLSv12,TLS_ECDHE_RSA_WITH_AES_256_CBC_SHA,secp256r1,pixel-a.sitescout.com,False,True,CsxknGIti,"['f015d4c86fc456a1d84bc3afa7ddb630a34da324037bb1cc3206209a00eae6e4', 'bc3f03a436240edba5f83714f6f677e34b37f9b1f0c08c1e558d981e279e8209']",[],1.0,0ffee3ba8e615ad22535e7f771690a28,63a37e7be22df054d1f448fc0c28b98f,,,2831.057593,10.0.2.15,59179,209.15.36.31,443,tcp,8.100064000000202,401.0,3272.0,SF,True,False,0,ShADadFfRr,10,809,11,3716,ssl,0
2832.083079,CSbzNq37JgfAAZMcC4,10.0.2.15,59174,152.163.56.2,443,TLSv12,TLS_RSA_WITH_AES_128_CBC_SHA,,ums.adtechus.com,False,True,CsxnGIi,"['7b2c77faa1292406517208a89d1914155f3b7d6323c20c805f51a4f07b5e97b3', '19400be5b7a31fb733917700789d2f0a2471c0c9d506c0e504c06c16d7cb17c0']",[],1.0,0ffee3ba8e615ad22535e7f771690a28,5397c414a9ebeaff1bf18b70ca22eaa0,,,2831.053126,10.0.2.15,59174,152.163.56.2,443,tcp,7.104774000000361,535.0,3266.0,RSTO,True,False,0,ShADadFR,8,863,8,3590,ssl,0
2832.086252,Cd3XwE3aInuecN7Whg,10.0.2.15,59173,152.163.56.2,443,TLSv12,TLS_RSA_WITH_AES_128_CBC_SHA,,ums.adtechus.com,False,True,CsxnGIi,"['7b2c77faa1292406517208a89d1914155f3b7d6323c20c805f51a4f07b5e97b3', '19400be5b7a31fb733917700789d2f0a2471c0c9d506c0e504c06c16d7cb17c0']",[],1.0,0ffee3ba8e615ad22535e7f771690a28,5397c414a9ebeaff1bf18b70ca22eaa0,,,2831.052491,10.0.2.15,59173,152.163.56.2,443,tcp,7.120762999999897,535.0,3266.0,RSTO,True,False,0,ShADadFR,8,863,8,3590,ssl,0
2832.088593,CHrHaH3oFkowg1Njcj,10.0.2.15,59172,152.163.56.2,443,TLSv12,TLS_RSA_WITH_AES_128_CBC_SHA,,ums.adtechus.com,False,True,CsxnGIi,"['7b2c77faa1292406517208a89d1914155f3b7d6323c20c805f51a4f07b5e97b3', '19400be5b7a31fb733917700789d2f0a2471c0c9d506c0e504c06c16d7cb17c0']",[],1.0,0ffee3ba8e615ad22535e7f771690a28,5397c414a9ebeaff1bf18b70ca22eaa0,,,2831.051654,10.0.2.15,59172,152.163.56.2,443,tcp,7.125096000000212,535.0,3266.0,RSTO,True,False,0,ShADadFR,8,863,8,3590,ssl,0
2832.089164,C1NMAR2CNPwsoKo6Z,10.0.2.15,59171,152.163.56.2,443,TLSv12,TLS_RSA_WITH_AES_128_CBC_SHA,,ums.adtechus.com,False,True,CsxnGIi,"['7b2c77faa1292406517208a89d1914155f3b7d6323c20c805f51a4f07b5e97b3', '19400be5b7a31fb733917700789d2f0a2471c0c9d506c0e504c06c16d7cb17c0']",[],1.0,0ffee3ba8e615ad22535e7f771690a28,5397c414a9ebeaff1bf18b70ca22eaa0,,,2831.050466,10.0.2.15,59171,152.163.56.2,443,tcp,12.737174999999752,588.0,3266.0,SF,True,False,0,ShADadFf,10,996,10,3670,ssl,0
2833.362084,CSYdee2xLSuJZFgtWi,10.0.2.15,59189,46.228.164.11,443,TLSv12,TLS_RSA_WITH_AES_128_CBC_SHA,,ad.turn.com,False,True,CsxnGIti,"['331de231c71d6e7597ac717a3ade18b10f51eea0ce4b3c9c75144a7b5ce9e2cf', '154c433c491929c5ef686e838e323664a00e6a0d822ccc958fb4dab03e49a08f']",[],1.0,1a5fe5677b0e4fbbc854e8908225637d,7224c92f21d262b619e105efd1055cf7,,,2831.363657,10.0.2.15,59189,46.228.164.11,443,tcp,11.423659999999929,859.0,3151.0,SF,True,False,0,ShADadfF,8,1187,10,3555,ssl,0
2833.13295,C215uh2lKj1Y5SSjK5,10.0.2.15,59187,152.163.56.2,443,TLSv12,TLS_RSA_WITH_AES_128_CBC_SHA,,ums.adtechus.com,False,True,CsxnGIi,"['7b2c77faa1292406517208a89d1914155f3b7d6323c20c805f51a4f07b5e97b3', '19400be5b7a31fb733917700789d2f0a2471c0c9d506c0e504c06c16d7cb17c0']",[],1.0,0ffee3ba8e615ad22535e7f771690a28,5397c414a9ebeaff1bf18b70ca22eaa0,,,2831.362344,10.0.2.15,59187,152.163.56.2,443,tcp,11.557060000000092,588.0,3266.0,SF,True,False,0,ShADadFf,10,996,10,3670,ssl,0
2833.316399,CyANMI295VFiNr0uXf,10.0.2.15,59184,74.117.199.102,443,TLSv12,TLS_RSA_WITH_AES_128_CBC_SHA,,ad.afy11.net,False,True,CsxnGIi,"['df372679efacdb1f9a0c7dbf85a94ce4804efa99c8bf3531183265bf8e95b359', '973a41276ffd01e027a2aad49e34c37846d3e976ff6a620b6712e33832041aa6', '3a2fbe92891e57fe05d57087f48e730f17e5a5f53ef403d618e5b74d7a7e6ecb']",[],1.0,0ffee3ba8e615ad22535e7f771690a28,561f6f4eb311a85575d2d0a0a8232333,,,2831.068181,10.0.2.15,59184,74.117.199.102,443,tcp,8.105393999999706,563.0,3907.0,SF,True,False,0,ShADadFfRr,9,931,10,4311,ssl,0
2833.333096,Csd7cZ3bJO0pFO6Fpi,10.0.2.15,59194,74.117.199.102,443,TLSv12,TLS_RSA_WITH_AES_128_CBC_SHA,,ad.afy11.net,False,True,CsxnGIi,"['df372679efacdb1f9a0c7dbf85a94ce4804efa99c8bf3531183265bf8e95b359', '973a41276ffd01e027a2aad49e34c37846d3e976ff6a620b6712e33832041aa6', '3a2fbe92891e57fe05d57087f48e730f17e5a5f53ef403d618e5b74d7a7e6ecb']",[],1.0,0ffee3ba8e615ad22535e7f771690a28,561f6f4eb311a85575d2d0a0a8232333,,,2831.367738,10.0.2.15,59194,74.117.199.102,443,tcp,12.905236999999945,616.0,3907.0,SF,True,False,0,ShADadFf,10,1024,10,4311,ssl,0
2833.358961,CnL2za44EHyUSLhrAh,10.0.2.15,59192,54.165.9.36,443,TLSv12,TLS_ECDHE_RSA_WITH_AES_128_GCM_SHA256,secp256r1,atpixelus.alephd.com,False,True,CsxknGIi,"['018c48e69b3389c1a6ee04c16881dd90cd1998492b0c23dc9b245c1969465efb', 'b9f2164323638dce0b92218b43c41c1b2b2696389329db19f5cf7ad49b5cb372', '1a5174980a294a528a110726d5855650266c48d9883bea692b67b6d726da98c5']",[],1.0,0ffee3ba8e615ad22535e7f771690a28,303951d4c50efb2e991652225a6f02b1,,,2831.366381,10.0.2.15,59192,54.165.9.36,443,tcp,7.818958000000293,323.0,4738.0,SF,True,False,0,ShADadFfRr,10,731,11,5182,ssl,0
2833.364176,CfVju7HMWAT46h5Ah,10.0.2.15,59195,151.101.114.49,443,TLSv12,TLS_ECDHE_RSA_WITH_AES_128_GCM_SHA256,secp256r1,match.basebanner.com,False,True,CsxknGIti,"['616201b321a7fbf29cdd2ef2f8a26b658f3bef77e44122fb259c9a445cb59046', '4b7334e1d8999822bafa8ff6888125389b18a4e5ab26ffa624c7f68fdc81f0cb']",[],1.0,0ffee3ba8e615ad22535e7f771690a28,5bf3945147163753a854e165090c4120,h2,,2831.839356,10.0.2.15,59195,151.101.114.49,443,tcp,7.605536000000029,323.0,5422.0,SF,True,False,0,ShADadFRfr,11,771,13,5946,ssl,0
2833.365145,Cd5VDW3x8O2YjUnuL6,10.0.2.15,59196,104.199.82.59,443,TLSv12,TLS_ECDHE_RSA_WITH_AES_128_GCM_SHA256,secp256r1,x.bidswitch.net,False,True,CsxknGIti,"['6710fb217b2e1c9d2a9394e53e369972943bb04823ae76a38f0ed2d28ac778a4', '02ab57e4e67a0cb48dd2ff34830e8ac40f4476fb08ca6be3f5cd846f646840f0', '4f32d5dc00f715250abcc486511e37f501a899deb3bf7ea8adbbd3aef1c412da', '687fa451382278fff0c8b11f8d43d576671c6eb2bceab413fb83d965d06d2ff2']",[],1.0,0ffee3ba8e615ad22535e7f771690a28,ccc514751b175866924439bdbb5bba34,,,2831.862639,10.0.2.15,59196,104.199.82.59,443,tcp,7.590964999999869,318.0,6094.0,RSTO,True,False,0,ShADadFR,9,686,10,6498,ssl,0
2833.36324,C1BiF82VicOiEPlkF2,10.0.2.15,59188,152.163.56.2,443,TLSv12,TLS_RSA_WITH_AES_128_CBC_SHA,,ums.adtechus.com,False,True,CsxnGIi,"['7b2c77faa1292406517208a89d1914155f3b7d6323c20c805f51a4f07b5e97b3', '19400be5b7a31fb733917700789d2f0a2471c0c9d506c0e504c06c16d7cb17c0']",[],1.0,0ffee3ba8e615ad22535e7f771690a28,5397c414a9ebeaff1bf18b70ca22eaa0,,,2831.363025,10.0.2.15,59188,152.163.56.2,443,tcp,12.424536999999871,588.0,3266.0,SF,True,False,0,ShADadFf,10,996,10,3670,ssl,0
2839.929792,Cpe7EE3CLHEhVl67Ca,10.0.2.15,59200,204.2.197.204,443,TLSv12,TLS_ECDHE_RSA_WITH_AES_256_GCM_SHA384,secp256r1,idpix.media6degrees.com,False,True,CsxknGIti,"['eda54f898187cafbe2a8bb8b08d81dd485262caab20c22583cfceaf596eba60f', '02ab57e4e67a0cb48dd2ff34830e8ac40f4476fb08ca6be3f5cd846f646840f0', '4f32d5dc00f715250abcc486511e37f501a899deb3bf7ea8adbbd3aef1c412da', '687fa451382278fff0c8b11f8d43d576671c6eb2bceab413fb83d965d06d2ff2']",[],1.0,0ffee3ba8e615ad22535e7f771690a28,e35df3e00ca4ef31d42b34bebaa2f86e,,,2835.876541,10.0.2.15,59200,204.2.197.204,443,tcp,11.194520999999895,357.0,6187.0,RSTO,True,False,0,ShADadFR,12,853,14,6751,ssl,0
2833.319901,CNeyn03GXH7tEb8lgi,10.0.2.15,59185,159.253.128.188,443,TLSv12,TLS_ECDHE_RSA_WITH_AES_256_GCM_SHA384,secp384r1,um.simpli.fi,False,True,CsxuknGIi,"['dca88e44b4969994c9a552ec37078ef61bc6bc25ee7a84aa3eb4d5e446018a58', '154c433c491929c5ef686e838e323664a00e6a0d822ccc958fb4dab03e49a08f']",[],1.0,0ffee3ba8e615ad22535e7f771690a28,2464432ec440b95b36263230c3148d11,http/1.1,,2831.32101,10.0.2.15,59185,159.253.128.188,443,tcp,9.161902999999713,347.0,4018.0,SF,True,False,0,ShADadFfRr,9,715,10,4422,ssl,0
2833.360813,CScu8d3ooaieylR699,10.0.2.15,59190,192.229.233.248,443,TLSv12,TLS_ECDHE_RSA_WITH_AES_128_GCM_SHA256,secp256r1,aka-cdn.adtechus.com,False,True,CsxuknGIti,"['7b8038dc03690801ab36d08929c5ea4ff3fbe5f9a93eea0303f2389f77dc3089', '154c433c491929c5ef686e838e323664a00e6a0d822ccc958fb4dab03e49a08f']",[],1.0,0ffee3ba8e615ad22535e7f771690a28,49b45fc1ab090aa3a159778313fc9b9e,h2,,2831.364623,10.0.2.15,59190,192.229.233.248,443,tcp,9.682940000000144,532.0,3797.0,SF,True,False,0,ShADadfF,10,940,12,4281,ssl,0
2833.131732,CzSU0N3alYXCpbtVI6,10.0.2.15,59186,152.163.56.2,443,TLSv12,TLS_RSA_WITH_AES_128_CBC_SHA,,ums.adtechus.com,False,True,CsxnGIi,"['7b2c77faa1292406517208a89d1914155f3b7d6323c20c805f51a4f07b5e97b3', '19400be5b7a31fb733917700789d2f0a2471c0c9d506c0e504c06c16d7cb17c0']",[],1.0,0ffee3ba8e615ad22535e7f771690a28,5397c414a9ebeaff1bf18b70ca22eaa0,,,2831.360748,10.0.2.15,59186,152.163.56.2,443,tcp,12.215400999999927,588.0,3266.0,SF,True,False,0,ShADadFf,10,996,10,3670,ssl,0
2833.338616,CQdqCFKDyIYdZtkH3,10.0.2.15,59193,208.146.36.220,443,TLSv12,TLS_ECDHE_RSA_WITH_AES_256_GCM_SHA384,secp256r1,rp.gwallet.com,False,True,CsxknGIti,"['0c294bffff4c5704168ebbacc49e77745caf228b0f9c52d4f82759d5823f40d2', '19400be5b7a31fb733917700789d2f0a2471c0c9d506c0e504c06c16d7cb17c0']",[],1.0,0ffee3ba8e615ad22535e7f771690a28,e35df3e00ca4ef31d42b34bebaa2f86e,,,2831.366922,10.0.2.15,59193,208.146.36.220,443,tcp,9.875142999999753,317.0,3259.0,RSTO,True,False,0,ShADadFR,8,645,8,3583,ssl,0
2835.773389,CA8EgXdFgKnIWixka,10.0.2.15,59198,204.2.197.204,443,TLSv12,TLS_ECDHE_RSA_WITH_AES_256_GCM_SHA384,,idpix.media6degrees.com,False,False,Cs,,,,0ffee3ba8e615ad22535e7f771690a28,e35df3e00ca4ef31d42b34bebaa2f86e,,,2832.711197,10.0.2.15,59198,204.2.197.204,443,tcp,5.6299699999999575,200.0,1460.0,RSTR,True,False,0,ShADaFdRr,6,448,6,1704,ssl,0
2833.312575,CZfbCp2XTT9LRlNIWd,10.0.2.15,59182,54.165.9.36,443,TLSv12,TLS_ECDHE_RSA_WITH_AES_128_GCM_SHA256,,atpixelus.alephd.com,False,False,Cs,,,,0ffee3ba8e615ad22535e7f771690a28,303951d4c50efb2e991652225a6f02b1,,,2831.060152,10.0.2.15,59182,54.165.9.36,443,tcp,7.323958999999832,197.0,2840.0,RSTR,True,False,0,ShADaFdRr,6,445,6,3084,ssl,0
2833.360194,CXctxh3KdeqFCYKq7a,10.0.2.15,59191,209.15.36.31,443,TLSv12,TLS_ECDHE_RSA_WITH_AES_256_CBC_SHA,secp256r1,pixel-a.sitescout.com,False,False,CsxknGI,"['f015d4c86fc456a1d84bc3afa7ddb630a34da324037bb1cc3206209a00eae6e4', 'bc3f03a436240edba5f83714f6f677e34b37f9b1f0c08c1e558d981e279e8209']",[],1.0,0ffee3ba8e615ad22535e7f771690a28,63a37e7be22df054d1f448fc0c28b98f,,,2831.36551,10.0.2.15,59191,209.15.36.31,443,tcp,10.009603999999854,348.0,2708.0,SF,True,False,0,ShADadfF,7,636,7,2992,ssl,0
2844.915744,CG1qv3QjWeONWL7l,10.0.2.15,59216,152.163.66.131,443,TLSv12,TLS_RSA_WITH_AES_128_CBC_SHA,,adserver.adtechus.com,True,True,CsiI,,,,0ffee3ba8e615ad22535e7f771690a28,5397c414a9ebeaff1bf18b70ca22eaa0,,,2843.547674,10.0.2.15,59216,152.163.66.131,443,tcp,27.65038400000003,838.0,3065.0,SF,True,False,0,ShADadTfF,11,1287,13,3589,ssl,0
2844.963174,Clb9E74CP3Gxgo6bK4,10.0.2.15,59214,152.163.66.131,443,TLSv12,TLS_RSA_WITH_AES_128_CBC_SHA,,adserver.adtechus.com,True,True,CsiI,,,,0ffee3ba8e615ad22535e7f771690a28,5397c414a9ebeaff1bf18b70ca22eaa0,,,2843.543037,10.0.2.15,59214,152.163.66.131,443,tcp,9.467305000000124,358.0,154.0,SF,True,False,0,ShADadFf,8,686,8,478,ssl,0
2832.082208,CVcFg02MBL8c4YPY82,10.0.2.15,59175,46.228.164.11,443,TLSv12,TLS_RSA_WITH_AES_128_CBC_SHA,,ad.turn.com,False,False,CsxnGI,"['331de231c71d6e7597ac717a3ade18b10f51eea0ce4b3c9c75144a7b5ce9e2cf', '154c433c491929c5ef686e838e323664a00e6a0d822ccc958fb4dab03e49a08f']",[],1.0,1a5fe5677b0e4fbbc854e8908225637d,7224c92f21d262b619e105efd1055cf7,,,2831.054054,10.0.2.15,59175,46.228.164.11,443,tcp,10.540804999999636,859.0,2571.0,SF,True,False,0,ShADadfF,7,1147,7,2855,ssl,0
2844.041403,Ce21B42oie7af7U1s9,10.0.2.15,59209,172.217.23.194,443,TLSv12,TLS_ECDHE_ECDSA_WITH_AES_128_GCM_SHA256,x25519,pagead2.googlesyndication.com,False,True,CsxknGIti,"['7dab2c14c2154b93fe35063ca1c26a233a78ca71cbb2bca391546edc16638392', '9f630426df1d8abfd80ace98871ba833ab9742cb34838de2b5285ed54c0c7dcc', '3c35cc963eb004451323d3275d05b353235053490d9cd83729a2faf5e7ca1cc0']",[],1.0,0ffee3ba8e615ad22535e7f771690a28,84480cf8cf0e732666092640e581e1a5,h2,,2843.230131,10.0.2.15,59209,172.217.23.194,443,tcp,192.0065120000004,2507.0,5518.0,SF,True,False,0,ShADadfF,29,3675,38,7042,ssl,0
2845.182932,CJ8yuFxRjSTqzSAlk,10.0.2.15,59220,172.217.23.226,443,TLSv12,TLS_ECDHE_RSA_WITH_AES_128_GCM_SHA256,,securepubads.g.doubleclick.net,True,True,CsiI,,,,1a5fe5677b0e4fbbc854e8908225637d,67619a80665d7ab92d1041b1d11f9164,h2,,2843.926063,10.0.2.15,59220,172.217.23.226,443,tcp,9.987059999999929,808.0,254.0,RSTR,True,False,0,ShADadFRr,10,1216,11,698,ssl,0
2845.324892,CuivkA4UUR5xvD7UE5,10.0.2.15,59219,152.163.66.131,443,TLSv12,TLS_RSA_WITH_AES_128_CBC_SHA,,adserver.adtechus.com,True,True,CsiI,,,,0ffee3ba8e615ad22535e7f771690a28,5397c414a9ebeaff1bf18b70ca22eaa0,,,2843.804656,10.0.2.15,59219,152.163.66.131,443,tcp,9.220617000000402,358.0,154.0,SF,True,False,0,ShADadFf,8,686,8,478,ssl,0
2832.081368,CMfR3b15yRewAF9fEe,10.0.2.15,59176,46.228.164.11,443,TLSv12,TLS_RSA_WITH_AES_128_CBC_SHA,,ad.turn.com,False,False,Csxn,"['331de231c71d6e7597ac717a3ade18b10f51eea0ce4b3c9c75144a7b5ce9e2cf', '154c433c491929c5ef686e838e323664a00e6a0d822ccc958fb4dab03e49a08f']",[],1.0,1a5fe5677b0e4fbbc854e8908225637d,7224c92f21d262b619e105efd1055cf7,,,2831.054696,10.0.2.15,59176,46.228.164.11,443,tcp,7.969049999999697,517.0,2571.0,RSTO,True,False,0,ShADadFR,7,805,6,2815,ssl,0
2845.019713,CVEkYD46YGsl0x9mPe,10.0.2.15,59217,172.217.23.226,443,TLSv12,TLS_ECDHE_RSA_WITH_AES_128_GCM_SHA256,,securepubads.g.doubleclick.net,True,True,CsiI,,,,1a5fe5677b0e4fbbc854e8908225637d,67619a80665d7ab92d1041b1d11f9164,h2,,2843.670036,10.0.2.15,59217,172.217.23.226,443,tcp,283.0068150000002,4818.0,10349.0,RSTO,True,False,0,ShADadFR,26,5866,36,11793,ssl,0
2856.681966,CL6A5Cw1V9F9XOeQf,10.0.2.15,59228,159.253.128.188,443,TLSv12,TLS_ECDHE_RSA_WITH_AES_256_GCM_SHA384,,um.simpli.fi,True,True,CsiI,,,,0ffee3ba8e615ad22535e7f771690a28,02096378b3237b7e4b9a2cd08715cf34,http/1.1,,2855.932327,10.0.2.15,59228,159.253.128.188,443,tcp,124.92179699999996,758.0,920.0,SF,True,False,0,ShADadTTFf,21,1618,21,1764,ssl,0
2856.759144,CdjB762Jlf7HFqQqQl,10.0.2.15,59227,54.165.9.36,443,TLSv12,TLS_ECDHE_RSA_WITH_AES_128_GCM_SHA256,,atpixelus.alephd.com,True,True,CsiI,,,,0ffee3ba8e615ad22535e7f771690a28,303951d4c50efb2e991652225a6f02b1,,,2855.916341,10.0.2.15,59227,54.165.9.36,443,tcp,13.658438999999817,848.0,397.0,SF,True,False,0,ShADadFf,8,1176,9,761,ssl,0
2856.795429,CJnJyE2Huj0FlxzZBe,10.0.2.15,59231,152.163.56.2,443,TLSv12,TLS_RSA_WITH_AES_128_CBC_SHA,,ums.adtechus.com,True,True,CsiI,,,,0ffee3ba8e615ad22535e7f771690a28,5397c414a9ebeaff1bf18b70ca22eaa0,,,2855.941699,10.0.2.15,59231,152.163.56.2,443,tcp,20.052384000000075,1334.0,830.0,SF,True,False,0,ShADadTfF,12,1823,14,1394,ssl,0
2856.682741,Cv0cnD2lKC9ZndwuJ3,10.0.2.15,59234,208.146.36.220,443,TLSv12,TLS_ECDHE_RSA_WITH_AES_256_GCM_SHA384,secp256r1,rp.gwallet.com,False,True,CsxknGIti,"['0c294bffff4c5704168ebbacc49e77745caf228b0f9c52d4f82759d5823f40d2', '19400be5b7a31fb733917700789d2f0a2471c0c9d506c0e504c06c16d7cb17c0']",[],1.0,1a5fe5677b0e4fbbc854e8908225637d,e35df3e00ca4ef31d42b34bebaa2f86e,,,2855.946689,10.0.2.15,59234,208.146.36.220,443,tcp,67.07035900000028,1121.0,3857.0,SF,True,False,0,ShADadTfF,17,1815,20,4661,ssl,0
2856.836237,CSgIkk2yhXvFpwpata,10.0.2.15,59233,152.163.56.2,443,TLSv12,TLS_RSA_WITH_AES_128_CBC_SHA,,ums.adtechus.com,True,True,CsiI,,,,0ffee3ba8e615ad22535e7f771690a28,5397c414a9ebeaff1bf18b70ca22eaa0,,,2855.94558,10.0.2.15,59233,152.163.56.2,443,tcp,5.155245999999806,1419.0,724.0,RSTO,True,False,0,ShADadFR,11,1867,11,1168,ssl,0
2856.82924,C2PnR31PZ1cMFw4npa,10.0.2.15,59232,152.163.56.2,443,TLSv12,TLS_RSA_WITH_AES_128_CBC_SHA,,ums.adtechus.com,True,True,CsiI,,,,0ffee3ba8e615ad22535e7f771690a28,5397c414a9ebeaff1bf18b70ca22eaa0,,,2855.94436,10.0.2.15,59232,152.163.56.2,443,tcp,18.009165999999823,913.0,596.0,SF,True,False,0,ShADadTfF,10,1322,11,1040,ssl,0
2856.690405,CQLEYu20ovOAj0Nol5,10.0.2.15,59237,151.101.114.49,443,TLSv12,TLS_ECDHE_RSA_WITH_AES_128_GCM_SHA256,secp256r1,match.basebanner.com,False,True,CsxknGIti,"['616201b321a7fbf29cdd2ef2f8a26b658f3bef77e44122fb259c9a445cb59046', '4b7334e1d8999822bafa8ff6888125389b18a4e5ab26ffa624c7f68fdc81f0cb']",[],1.0,0ffee3ba8e615ad22535e7f771690a28,5bf3945147163753a854e165090c4120,h2,,2855.979105,10.0.2.15,59237,151.101.114.49,443,tcp,190.509427,1034.0,6091.0,RSTO,True,False,0,ShADadFR,21,1882,25,7095,ssl,0
2856.683624,CsNLaxtlhMFbF6zY7,10.0.2.15,59230,46.228.164.11,443,TLSv12,TLS_RSA_WITH_AES_128_CBC_SHA,,ad.turn.com,False,True,CsxnGIti,"['331de231c71d6e7597ac717a3ade18b10f51eea0ce4b3c9c75144a7b5ce9e2cf', '154c433c491929c5ef686e838e323664a00e6a0d822ccc958fb4dab03e49a08f']",[],1.0,1a5fe5677b0e4fbbc854e8908225637d,7224c92f21d262b619e105efd1055cf7,,,2855.940783,10.0.2.15,59230,46.228.164.11,443,tcp,8.057157000000188,1376.0,7081.0,SF,True,False,0,ShADadFf,10,1784,14,7645,ssl,0
2856.749596,CNN5K9GDNQ5KETXy,10.0.2.15,59235,104.199.82.59,443,TLSv12,TLS_ECDHE_RSA_WITH_AES_128_GCM_SHA256,secp256r1,x.bidswitch.net,False,True,CsxknGIti,"['6710fb217b2e1c9d2a9394e53e369972943bb04823ae76a38f0ed2d28ac778a4', '02ab57e4e67a0cb48dd2ff34830e8ac40f4476fb08ca6be3f5cd846f646840f0', '4f32d5dc00f715250abcc486511e37f501a899deb3bf7ea8adbbd3aef1c412da', '687fa451382278fff0c8b11f8d43d576671c6eb2bceab413fb83d965d06d2ff2']",[],1.0,0ffee3ba8e615ad22535e7f771690a28,ccc514751b175866924439bdbb5bba34,,,2855.951363,10.0.2.15,59235,104.199.82.59,443,tcp,67.29995899999994,761.0,6517.0,SF,True,False,0,ShADadTfF,17,1455,20,7321,ssl,0
2856.849943,CSF23OuMgnk6Vhox2,10.0.2.15,59229,209.15.36.31,443,TLSv12,TLS_ECDHE_RSA_WITH_AES_256_CBC_SHA,secp256r1,pixel-a.sitescout.com,False,True,CsxknGIti,"['f015d4c86fc456a1d84bc3afa7ddb630a34da324037bb1cc3206209a00eae6e4', 'bc3f03a436240edba5f83714f6f677e34b37f9b1f0c08c1e558d981e279e8209']",[],1.0,1a5fe5677b0e4fbbc854e8908225637d,63a37e7be22df054d1f448fc0c28b98f,,,2855.938377,10.0.2.15,59229,209.15.36.31,443,tcp,8.368577000000187,1328.0,3800.0,SF,True,False,0,ShADadfF,9,1696,12,4284,ssl,0
2857.172468,CsQn8B1YxrxucDjJ19,10.0.2.15,59238,74.117.199.102,443,TLSv12,TLS_RSA_WITH_AES_128_CBC_SHA,,ad.afy11.net,False,True,CsxnGIi,"['df372679efacdb1f9a0c7dbf85a94ce4804efa99c8bf3531183265bf8e95b359', '973a41276ffd01e027a2aad49e34c37846d3e976ff6a620b6712e33832041aa6', '3a2fbe92891e57fe05d57087f48e730f17e5a5f53ef403d618e5b74d7a7e6ecb']",[],1.0,0ffee3ba8e615ad22535e7f771690a28,561f6f4eb311a85575d2d0a0a8232333,,,2855.984064,10.0.2.15,59238,74.117.199.102,443,tcp,6.409002999999757,1021.0,4520.0,SF,True,False,0,ShADadFfRr,11,1469,13,5044,ssl,0
2856.812315,C7UIE511uwk9KDwL0e,10.0.2.15,59236,204.2.197.204,443,TLSv12,TLS_ECDHE_RSA_WITH_AES_256_GCM_SHA384,secp256r1,idpix.media6degrees.com,False,True,CsxknGIti,"['eda54f898187cafbe2a8bb8b08d81dd485262caab20c22583cfceaf596eba60f', '02ab57e4e67a0cb48dd2ff34830e8ac40f4476fb08ca6be3f5cd846f646840f0', '4f32d5dc00f715250abcc486511e37f501a899deb3bf7ea8adbbd3aef1c412da', '687fa451382278fff0c8b11f8d43d576671c6eb2bceab413fb83d965d06d2ff2']",[],1.0,1a5fe5677b0e4fbbc854e8908225637d,e35df3e00ca4ef31d42b34bebaa2f86e,,,2855.953091,10.0.2.15,59236,204.2.197.204,443,tcp,4.305556000000251,1174.0,6507.0,SF,True,False,0,ShADadfF,13,1702,17,7191,ssl,0
2859.936777,CNkEcP2Hk3Bw11JEoh,10.0.2.15,59245,54.165.9.36,443,TLSv12,TLS_ECDHE_RSA_WITH_AES_128_GCM_SHA256,,atpixelus.alephd.com,True,True,CsiI,,,,0ffee3ba8e615ad22535e7f771690a28,303951d4c50efb2e991652225a6f02b1,,,2856.174096,10.0.2.15,59245,54.165.9.36,443,tcp,11.726826999999956,311.0,176.0,SF,True,False,0,ShADadFRfr,9,687,9,540,ssl,0
2860.264529,CFUUH01DkkVJpQyCh2,10.0.2.15,59252,208.146.36.220,443,TLSv12,TLS_ECDHE_RSA_WITH_AES_256_GCM_SHA384,secp256r1,rp.gwallet.com,False,True,CsxknGIti,"['0c294bffff4c5704168ebbacc49e77745caf228b0f9c52d4f82759d5823f40d2', '19400be5b7a31fb733917700789d2f0a2471c0c9d506c0e504c06c16d7cb17c0']",[],1.0,1a5fe5677b0e4fbbc854e8908225637d,e35df3e00ca4ef31d42b34bebaa2f86e,,,2856.258133,10.0.2.15,59252,208.146.36.220,443,tcp,15.757567000000108,674.0,3259.0,SF,True,False,0,ShADadFf,11,1130,10,3663,ssl,0
2860.065873,CcXk7in8F2ylg7nSc,10.0.2.15,59248,46.228.164.11,443,TLSv12,TLS_RSA_WITH_AES_128_CBC_SHA,,ad.turn.com,False,True,CsxnGIti,"['331de231c71d6e7597ac717a3ade18b10f51eea0ce4b3c9c75144a7b5ce9e2cf', '154c433c491929c5ef686e838e323664a00e6a0d822ccc958fb4dab03e49a08f']",[],1.0,1a5fe5677b0e4fbbc854e8908225637d,7224c92f21d262b619e105efd1055cf7,,,2856.203687,10.0.2.15,59248,46.228.164.11,443,tcp,11.458783999999923,912.0,3151.0,RSTR,True,False,0,ShADadfRr,12,1408,11,3595,ssl,0
2860.085458,C4fqbU1cO9y3r409th,10.0.2.15,59251,152.163.56.2,443,TLSv12,TLS_RSA_WITH_AES_128_CBC_SHA,,ums.adtechus.com,True,False,Csi,,,,0ffee3ba8e615ad22535e7f771690a28,5397c414a9ebeaff1bf18b70ca22eaa0,,,2856.229769,10.0.2.15,59251,152.163.56.2,443,tcp,6.019457999999759,225.0,85.0,RSTO,True,False,0,ShADaFdR,6,481,4,249,ssl,0
2860.077974,CEBtxJ2Y06W8bEhB87,10.0.2.15,59249,152.163.56.2,443,TLSv12,TLS_RSA_WITH_AES_128_CBC_SHA,,ums.adtechus.com,True,False,Csi,,,,0ffee3ba8e615ad22535e7f771690a28,5397c414a9ebeaff1bf18b70ca22eaa0,,,2856.221889,10.0.2.15,59249,152.163.56.2,443,tcp,6.016615999999885,225.0,85.0,RSTO,True,False,0,ShADaFdR,6,481,4,249,ssl,0
2861.769453,C2Nysk1r0i4cR1FOO8,10.0.2.15,59256,74.117.199.102,443,TLSv12,TLS_RSA_WITH_AES_128_CBC_SHA,,ad.afy11.net,False,True,CsxnGIi,"['df372679efacdb1f9a0c7dbf85a94ce4804efa99c8bf3531183265bf8e95b359', '973a41276ffd01e027a2aad49e34c37846d3e976ff6a620b6712e33832041aa6', '3a2fbe92891e57fe05d57087f48e730f17e5a5f53ef403d618e5b74d7a7e6ecb']",[],1.0,0ffee3ba8e615ad22535e7f771690a28,561f6f4eb311a85575d2d0a0a8232333,,,2856.268097,10.0.2.15,59256,74.117.199.102,443,tcp,13.303141999999752,616.0,3907.0,SF,True,False,0,ShADadFf,11,1072,10,4311,ssl,0
2860.088593,C7oCzKJzgCq4TTede,10.0.2.15,59250,152.163.56.2,443,TLSv12,TLS_RSA_WITH_AES_128_CBC_SHA,,ums.adtechus.com,True,False,Csi,,,,0ffee3ba8e615ad22535e7f771690a28,5397c414a9ebeaff1bf18b70ca22eaa0,,,2856.228569,10.0.2.15,59250,152.163.56.2,443,tcp,6.08280700000023,225.0,154.0,RSTR,True,False,0,ShADaFdRr,7,521,6,398,ssl,0
2861.164556,CMH4E41lRnOP96gS6c,10.0.2.15,59254,204.2.197.204,443,TLSv12,TLS_ECDHE_RSA_WITH_AES_256_GCM_SHA384,secp256r1,idpix.media6degrees.com,False,True,CsxknGIti,"['eda54f898187cafbe2a8bb8b08d81dd485262caab20c22583cfceaf596eba60f', '02ab57e4e67a0cb48dd2ff34830e8ac40f4476fb08ca6be3f5cd846f646840f0', '4f32d5dc00f715250abcc486511e37f501a899deb3bf7ea8adbbd3aef1c412da', '687fa451382278fff0c8b11f8d43d576671c6eb2bceab413fb83d965d06d2ff2']",[],1.0,1a5fe5677b0e4fbbc854e8908225637d,e35df3e00ca4ef31d42b34bebaa2f86e,,,2856.261954,10.0.2.15,59254,204.2.197.204,443,tcp,12.353823999999804,643.0,6156.0,RSTO,True,False,0,ShADadFR,10,1059,10,6560,ssl,0
2867.327439,CcVEfs4MaSkVukmNId,10.0.2.15,59276,199.96.57.6,443,TLSv12,TLS_ECDHE_RSA_WITH_AES_128_GCM_SHA256,,platform.twitter.com,True,True,CsiI,,,,1a5fe5677b0e4fbbc854e8908225637d,d199ba0af2b08e204c73d6d81a1fd260,http/1.1,,2864.317346,10.0.2.15,59276,199.96.57.6,443,tcp,10.381945000000089,599.0,187.0,SF,True,False,0,ShADadFfRr,8,927,9,551,ssl,0
2866.478092,CzEB5s1MnGZ8JeUax6,10.0.2.15,59274,151.101.112.134,443,TLSv12,TLS_ECDHE_RSA_WITH_AES_128_GCM_SHA256,secp256r1,ign-cz.disqus.com,False,True,CsxuknGIti,"['72fccfb0423eeaf4a935114758c42ae52c971a55e6226361bf3b672459c93599', '154c433c491929c5ef686e838e323664a00e6a0d822ccc958fb4dab03e49a08f']",[],1.0,0ffee3ba8e615ad22535e7f771690a28,860fcf58fd757e26aa8911e5eaff6b53,http/1.1,,2864.258592,10.0.2.15,59274,151.101.112.134,443,tcp,133.9002700000001,1608.0,6001.0,SF,True,False,0,ShADadTTFfRr,27,2708,30,7205,ssl,0
2867.331208,CR8x3hs9ox1qZl6Y,10.0.2.15,59279,151.101.112.134,443,TLSv12,TLS_ECDHE_RSA_WITH_AES_128_GCM_SHA256,secp256r1,ign-cz.disqus.com,False,True,CsxuknGIti,"['72fccfb0423eeaf4a935114758c42ae52c971a55e6226361bf3b672459c93599', '154c433c491929c5ef686e838e323664a00e6a0d822ccc958fb4dab03e49a08f']",[],1.0,0ffee3ba8e615ad22535e7f771690a28,860fcf58fd757e26aa8911e5eaff6b53,http/1.1,,2864.532826,10.0.2.15,59279,151.101.112.134,443,tcp,162.9503169999998,2179.0,26232.0,RSTO,True,False,0,ShADadTTFR,40,3801,54,28396,ssl,0
2870.261178,CWVbmx2MN6VPdu5LQb,10.0.2.15,59287,151.101.112.134,443,TLSv12,TLS_ECDHE_RSA_WITH_AES_128_GCM_SHA256,,ign-cz.disqus.com,True,True,CsiI,,,,1a5fe5677b0e4fbbc854e8908225637d,1d0e57c6ae42e9204defa51e5e1cdc4c,http/1.1,,2869.269407,10.0.2.15,59287,151.101.112.134,443,tcp,130.4645290000003,1305.0,1004.0,RSTO,True,False,0,ShADadTTFR,21,2165,21,1848,ssl,0
2870.611271,Cb1JGt1KdIB5skIyNc,10.0.2.15,59288,151.101.112.134,443,TLSv12,TLS_ECDHE_RSA_WITH_AES_128_GCM_SHA256,,ign-cz.disqus.com,True,True,CsiI,,,,1a5fe5677b0e4fbbc854e8908225637d,1d0e57c6ae42e9204defa51e5e1cdc4c,http/1.1,,2869.529602,10.0.2.15,59288,151.101.112.134,443,tcp,11.022023999999874,599.0,191.0,SF,True,False,0,ShADadFRfr,8,927,9,555,ssl,0
2860.076383,CEkhVF3RBBIOvJ0BAg,10.0.2.15,59247,209.15.36.31,443,TLSv12,TLS_ECDHE_RSA_WITH_AES_256_CBC_SHA,,pixel-a.sitescout.com,False,False,Cs,,,,1a5fe5677b0e4fbbc854e8908225637d,63a37e7be22df054d1f448fc0c28b98f,,,2856.200754,10.0.2.15,59247,209.15.36.31,443,tcp,6.027777000000242,517.0,1420.0,RSTO,True,False,0,ShADaFdR,6,773,4,1584,ssl,0
2871.867378,CJ388G1Xn2ev3eWg6g,10.0.2.15,59299,31.13.84.4,443,TLSv12,TLS_ECDHE_ECDSA_WITH_AES_128_GCM_SHA256,secp256r1,scontent-vie1-1.xx.fbcdn.net,False,True,CsxknGIti,"['152151b387412a95ab90fd4664f2d98880408e9e43913124e4c91226a483386b', '19400be5b7a31fb733917700789d2f0a2471c0c9d506c0e504c06c16d7cb17c0']",[],1.0,0ffee3ba8e615ad22535e7f771690a28,2d1eb5817ece335c24904f516ad5da12,h2,,2870.614772,10.0.2.15,59299,31.13.84.4,443,tcp,18.273357000000036,881.0,5953.0,SF,True,False,0,ShADadFfRr,19,1649,23,6877,ssl,0
2871.875344,CizfRuQx9Z5viW6ek,10.0.2.15,59298,68.232.35.172,443,TLSv12,TLS_ECDHE_RSA_WITH_AES_128_GCM_SHA256,secp256r1,cdn.syndication.twimg.com,False,True,CsxuknGIti,"['498dfbfa068ce7e3252a308f9578608d3df2d287b5b9284571f7d3ed43ba3ab0', '19400be5b7a31fb733917700789d2f0a2471c0c9d506c0e504c06c16d7cb17c0', '7431e5f4c3c1ce4690774f0b61e05440883ba9a01ed00ba6abd7806ed3b118cf']",[],1.0,0ffee3ba8e615ad22535e7f771690a28,76cc3e2d3028143b23ec18e27dbd7ca9,http/1.1,,2870.613775,10.0.2.15,59298,68.232.35.172,443,tcp,10.557420000000093,391.0,5789.0,SF,True,False,0,ShADadFRfr,11,839,13,6313,ssl,0
2873.644207,CyCd5aaBsjsGihxe,10.0.2.15,59303,151.101.112.134,443,TLSv12,TLS_ECDHE_RSA_WITH_AES_128_GCM_SHA256,,ign-cz.disqus.com,True,True,CsiI,,,,1a5fe5677b0e4fbbc854e8908225637d,1d0e57c6ae42e9204defa51e5e1cdc4c,http/1.1,,2871.882198,10.0.2.15,59303,151.101.112.134,443,tcp,13.847579000000223,599.0,191.0,RSTO,True,False,0,ShADadFR,7,887,7,475,ssl,0
2871.846073,CeXQza2wFWb3V2i4lj,10.0.2.15,59282,199.16.156.201,443,TLSv12,TLS_ECDHE_RSA_WITH_AES_128_GCM_SHA256,secp256r1,syndication.twitter.com,False,True,CsxknGIti,"['75e85da383dbf4ced92713e6768c061d0aca2ee11ea14e2a1486adb26098b2de', '19400be5b7a31fb733917700789d2f0a2471c0c9d506c0e504c06c16d7cb17c0']",[],1.0,0ffee3ba8e615ad22535e7f771690a28,8d2a028aa94425f76ced7826b1f39039,h2,,2867.543704,10.0.2.15,59282,199.16.156.201,443,tcp,88.79151000000002,1432.0,4743.0,RSTO,True,False,0,ShADadFR,20,2248,24,5707,ssl,0
2871.578085,Cyxdbs2CHTPZzaUS8g,10.0.2.15,59296,31.13.84.4,443,TLSv12,TLS_ECDHE_ECDSA_WITH_AES_128_GCM_SHA256,secp256r1,scontent-vie1-1.xx.fbcdn.net,False,True,CsxknGIti,"['152151b387412a95ab90fd4664f2d98880408e9e43913124e4c91226a483386b', '19400be5b7a31fb733917700789d2f0a2471c0c9d506c0e504c06c16d7cb17c0']",[],1.0,0ffee3ba8e615ad22535e7f771690a28,2d1eb5817ece335c24904f516ad5da12,h2,,2870.339254,10.0.2.15,59296,31.13.84.4,443,tcp,17.20179199999984,880.0,6223.0,SF,True,False,0,ShADadFfRr,17,1568,20,7027,ssl,0
2871.556778,Clt70D4YLRuzP5Yoxj,10.0.2.15,59297,31.13.84.4,443,TLSv12,TLS_ECDHE_ECDSA_WITH_AES_128_GCM_SHA256,secp256r1,scontent-vie1-1.xx.fbcdn.net,False,True,CsxknGIti,"['152151b387412a95ab90fd4664f2d98880408e9e43913124e4c91226a483386b', '19400be5b7a31fb733917700789d2f0a2471c0c9d506c0e504c06c16d7cb17c0']",[],1.0,0ffee3ba8e615ad22535e7f771690a28,2d1eb5817ece335c24904f516ad5da12,h2,,2870.351887,10.0.2.15,59297,31.13.84.4,443,tcp,18.27732100000003,879.0,5891.0,RSTO,True,False,0,ShADadFR,16,1527,19,6655,ssl,0
2871.580128,CvqUZP2dvP8iTLkuch,10.0.2.15,59295,31.13.84.4,443,TLSv12,TLS_ECDHE_ECDSA_WITH_AES_128_GCM_SHA256,secp256r1,scontent-vie1-1.xx.fbcdn.net,False,True,CsxknGIti,"['152151b387412a95ab90fd4664f2d98880408e9e43913124e4c91226a483386b', '19400be5b7a31fb733917700789d2f0a2471c0c9d506c0e504c06c16d7cb17c0']",[],1.0,0ffee3ba8e615ad22535e7f771690a28,2d1eb5817ece335c24904f516ad5da12,h2,,2870.335062,10.0.2.15,59295,31.13.84.4,443,tcp,18.08404100000007,881.0,5702.0,RSTR,True,False,0,ShADadFRr,17,1569,21,6546,ssl,0
2871.585809,Cw0jENYl6vJHM4s8b,10.0.2.15,59293,31.13.84.4,443,TLSv12,TLS_ECDHE_ECDSA_WITH_AES_128_GCM_SHA256,secp256r1,scontent-vie1-1.xx.fbcdn.net,False,True,CsxknGIti,"['152151b387412a95ab90fd4664f2d98880408e9e43913124e4c91226a483386b', '19400be5b7a31fb733917700789d2f0a2471c0c9d506c0e504c06c16d7cb17c0']",[],1.0,0ffee3ba8e615ad22535e7f771690a28,2d1eb5817ece335c24904f516ad5da12,h2,,2870.332305,10.0.2.15,59293,31.13.84.4,443,tcp,81.94040600000017,1045.0,8705.0,SF,True,False,0,ShADadfF,20,1853,23,9629,ssl,0
2871.580706,CnPzEAkWTnTILX7Vb,10.0.2.15,59294,31.13.84.4,443,TLSv12,TLS_ECDHE_ECDSA_WITH_AES_128_GCM_SHA256,secp256r1,scontent-vie1-1.xx.fbcdn.net,False,True,CsxknGIti,"['152151b387412a95ab90fd4664f2d98880408e9e43913124e4c91226a483386b', '19400be5b7a31fb733917700789d2f0a2471c0c9d506c0e504c06c16d7cb17c0']",[],1.0,0ffee3ba8e615ad22535e7f771690a28,2d1eb5817ece335c24904f516ad5da12,h2,,2870.333409,10.0.2.15,59294,31.13.84.4,443,tcp,28.55500100000017,885.0,21863.0,RSTO,True,False,0,ShADadFR,22,1773,30,23067,ssl,0
2872.755945,CM7nv62HQZ9nSm9rP4,10.0.2.15,59302,151.101.112.134,443,TLSv12,TLS_ECDHE_RSA_WITH_AES_128_GCM_SHA256,,ign-cz.disqus.com,True,True,CsiI,,,,1a5fe5677b0e4fbbc854e8908225637d,1d0e57c6ae42e9204defa51e5e1cdc4c,http/1.1,,2871.265759,10.0.2.15,59302,151.101.112.134,443,tcp,9.957334000000174,599.0,191.0,SF,True,False,0,ShADadFfRr,9,967,9,555,ssl,0
2871.59405,CxFF5B1axbnHOv6Cg6,10.0.2.15,59292,31.13.84.4,443,TLSv12,TLS_ECDHE_ECDSA_WITH_AES_128_GCM_SHA256,secp256r1,scontent-vie1-1.xx.fbcdn.net,False,True,CsxknGIti,"['152151b387412a95ab90fd4664f2d98880408e9e43913124e4c91226a483386b', '19400be5b7a31fb733917700789d2f0a2471c0c9d506c0e504c06c16d7cb17c0']",[],1.0,0ffee3ba8e615ad22535e7f771690a28,2d1eb5817ece335c24904f516ad5da12,h2,,2870.330392,10.0.2.15,59292,31.13.84.4,443,tcp,18.58200100000022,888.0,5217.0,SF,True,False,0,ShADadFfRr,18,1616,21,6061,ssl,0
2874.541734,CrO3gqNQBTFP0gnSh,10.0.2.15,59307,104.16.78.166,443,TLSv12,TLS_ECDHE_ECDSA_WITH_AES_128_GCM_SHA256,secp256r1,c.disquscdn.com,False,True,CsxuknGIti,"['53e68e341f9d8a1de2a1f9425f2c3a86f9a00fce8df33513d92fbe6b1b3e5a3d', 'cd6c108a0e641f2ca122aaa6d03f826759cae7c6f800eabf76dc48b67cd083ce', '9573862ac0b4b125168810ea3fd101ae2eb0bb15f61fc0e6da7a2a38b85a89e8']",[],1.0,0ffee3ba8e615ad22535e7f771690a28,7d3eb4120cd50e889bcd3f3783be0f82,h2,,2874.099947,10.0.2.15,59307,104.16.78.166,443,tcp,91.56905199999984,850.0,7610.0,SF,True,False,0,ShADadFf,20,1658,23,8534,ssl,0
2871.835141,C01pB01Z0BNqbYwtd8,10.0.2.15,59301,31.13.84.4,443,TLSv12,TLS_ECDHE_ECDSA_WITH_AES_128_GCM_SHA256,secp256r1,scontent-vie1-1.xx.fbcdn.net,False,True,CsxknGIti,"['152151b387412a95ab90fd4664f2d98880408e9e43913124e4c91226a483386b', '19400be5b7a31fb733917700789d2f0a2471c0c9d506c0e504c06c16d7cb17c0']",[],1.0,0ffee3ba8e615ad22535e7f771690a28,2d1eb5817ece335c24904f516ad5da12,h2,,2870.621755,10.0.2.15,59301,31.13.84.4,443,tcp,18.275574999999662,888.0,5929.0,SF,True,False,0,ShADadFfRr,18,1616,21,6773,ssl,0
2871.853382,CX62sZ1IH5f5X9CR1j,10.0.2.15,59300,31.13.84.4,443,TLSv12,TLS_ECDHE_ECDSA_WITH_AES_128_GCM_SHA256,secp256r1,scontent-vie1-1.xx.fbcdn.net,False,True,CsxknGIti,"['152151b387412a95ab90fd4664f2d98880408e9e43913124e4c91226a483386b', '19400be5b7a31fb733917700789d2f0a2471c0c9d506c0e504c06c16d7cb17c0']",[],1.0,0ffee3ba8e615ad22535e7f771690a28,2d1eb5817ece335c24904f516ad5da12,h2,,2870.615239,10.0.2.15,59300,31.13.84.4,443,tcp,18.28714300000001,888.0,6003.0,RSTO,True,False,0,ShADadFR,17,1576,19,6767,ssl,0
2874.549714,CYjuYR1Q8bqqOeJu6g,10.0.2.15,59305,104.16.78.166,443,TLSv12,TLS_ECDHE_ECDSA_WITH_AES_128_GCM_SHA256,secp256r1,c.disquscdn.com,False,True,CsxuknGIti,"['53e68e341f9d8a1de2a1f9425f2c3a86f9a00fce8df33513d92fbe6b1b3e5a3d', 'cd6c108a0e641f2ca122aaa6d03f826759cae7c6f800eabf76dc48b67cd083ce', '9573862ac0b4b125168810ea3fd101ae2eb0bb15f61fc0e6da7a2a38b85a89e8']",[],1.0,0ffee3ba8e615ad22535e7f771690a28,7d3eb4120cd50e889bcd3f3783be0f82,h2,,2874.097112,10.0.2.15,59305,104.16.78.166,443,tcp,14.303980000000138,803.0,6424.0,SF,True,False,0,ShADadFf,18,1531,19,7188,ssl,0
2874.554012,C8E55C1LPPXIE7ynXe,10.0.2.15,59304,104.16.78.166,443,TLSv12,TLS_ECDHE_ECDSA_WITH_AES_128_GCM_SHA256,secp256r1,c.disquscdn.com,False,True,CsxuknGIti,"['53e68e341f9d8a1de2a1f9425f2c3a86f9a00fce8df33513d92fbe6b1b3e5a3d', 'cd6c108a0e641f2ca122aaa6d03f826759cae7c6f800eabf76dc48b67cd083ce', '9573862ac0b4b125168810ea3fd101ae2eb0bb15f61fc0e6da7a2a38b85a89e8']",[],1.0,0ffee3ba8e615ad22535e7f771690a28,7d3eb4120cd50e889bcd3f3783be0f82,h2,,2874.09591,10.0.2.15,59304,104.16.78.166,443,tcp,14.593628999999964,803.0,5605.0,SF,True,False,0,ShADadFf,17,1491,20,6409,ssl,0
2874.831931,CC0rya1OEodudCn0Qf,10.0.2.15,59323,104.16.78.166,443,TLSv12,TLS_ECDHE_ECDSA_WITH_AES_128_GCM_SHA256,secp256r1,c.disquscdn.com,False,True,CsxuknGIti,"['53e68e341f9d8a1de2a1f9425f2c3a86f9a00fce8df33513d92fbe6b1b3e5a3d', 'cd6c108a0e641f2ca122aaa6d03f826759cae7c6f800eabf76dc48b67cd083ce', '9573862ac0b4b125168810ea3fd101ae2eb0bb15f61fc0e6da7a2a38b85a89e8']",[],1.0,0ffee3ba8e615ad22535e7f771690a28,7d3eb4120cd50e889bcd3f3783be0f82,h2,,2874.366197,10.0.2.15,59323,104.16.78.166,443,tcp,14.312980000000152,803.0,7031.0,SF,True,False,0,ShADadFf,18,1531,20,7835,ssl,0
2874.724801,CGUbbk1klypJgFqDUg,10.0.2.15,59310,104.16.78.166,443,TLSv12,TLS_ECDHE_ECDSA_WITH_AES_128_GCM_SHA256,secp256r1,c.disquscdn.com,False,True,CsxuknGIti,"['53e68e341f9d8a1de2a1f9425f2c3a86f9a00fce8df33513d92fbe6b1b3e5a3d', 'cd6c108a0e641f2ca122aaa6d03f826759cae7c6f800eabf76dc48b67cd083ce', '9573862ac0b4b125168810ea3fd101ae2eb0bb15f61fc0e6da7a2a38b85a89e8']",[],1.0,0ffee3ba8e615ad22535e7f771690a28,7d3eb4120cd50e889bcd3f3783be0f82,h2,,2874.110843,10.0.2.15,59310,104.16.78.166,443,tcp,14.943103000000065,804.0,7008.0,SF,True,False,0,ShADadFf,18,1532,21,7852,ssl,0
2874.725358,Cecwi12ppsTRyA51k2,10.0.2.15,59309,104.16.78.166,443,TLSv12,TLS_ECDHE_ECDSA_WITH_AES_128_GCM_SHA256,secp256r1,c.disquscdn.com,False,True,CsxuknGIti,"['53e68e341f9d8a1de2a1f9425f2c3a86f9a00fce8df33513d92fbe6b1b3e5a3d', 'cd6c108a0e641f2ca122aaa6d03f826759cae7c6f800eabf76dc48b67cd083ce', '9573862ac0b4b125168810ea3fd101ae2eb0bb15f61fc0e6da7a2a38b85a89e8']",[],1.0,0ffee3ba8e615ad22535e7f771690a28,7d3eb4120cd50e889bcd3f3783be0f82,h2,,2874.102875,10.0.2.15,59309,104.16.78.166,443,tcp,15.452197999999951,804.0,7586.0,SF,True,False,0,ShADadFf,17,1492,20,8390,ssl,0
2874.727988,CKk8Sw22Tsb2bhxhmk,10.0.2.15,59308,104.16.78.166,443,TLSv12,TLS_ECDHE_ECDSA_WITH_AES_128_GCM_SHA256,secp256r1,c.disquscdn.com,False,True,CsxuknGIti,"['53e68e341f9d8a1de2a1f9425f2c3a86f9a00fce8df33513d92fbe6b1b3e5a3d', 'cd6c108a0e641f2ca122aaa6d03f826759cae7c6f800eabf76dc48b67cd083ce', '9573862ac0b4b125168810ea3fd101ae2eb0bb15f61fc0e6da7a2a38b85a89e8']",[],1.0,0ffee3ba8e615ad22535e7f771690a28,7d3eb4120cd50e889bcd3f3783be0f82,h2,,2874.101034,10.0.2.15,59308,104.16.78.166,443,tcp,14.945198000000346,804.0,6477.0,SF,True,False,0,ShADadFf,16,1452,20,7281,ssl,0
2872.642572,CMDCutHWGrByGxRVb,10.0.2.15,59284,199.16.156.201,443,TLSv12,TLS_ECDHE_RSA_WITH_AES_128_GCM_SHA256,secp256r1,syndication.twitter.com,False,True,CsxknGIti,"['75e85da383dbf4ced92713e6768c061d0aca2ee11ea14e2a1486adb26098b2de', '19400be5b7a31fb733917700789d2f0a2471c0c9d506c0e504c06c16d7cb17c0']",[],1.0,0ffee3ba8e615ad22535e7f771690a28,8d2a028aa94425f76ced7826b1f39039,h2,,2868.235607,10.0.2.15,59284,199.16.156.201,443,tcp,17.116138999999748,566.0,3940.0,RSTO,True,False,0,ShADadFR,13,1102,13,4464,ssl,0
2874.912074,CF46fSEogYKTalla6,10.0.2.15,59322,104.16.78.166,443,TLSv12,TLS_ECDHE_ECDSA_WITH_AES_128_GCM_SHA256,secp256r1,c.disquscdn.com,False,True,CsxuknGIti,"['53e68e341f9d8a1de2a1f9425f2c3a86f9a00fce8df33513d92fbe6b1b3e5a3d', 'cd6c108a0e641f2ca122aaa6d03f826759cae7c6f800eabf76dc48b67cd083ce', '9573862ac0b4b125168810ea3fd101ae2eb0bb15f61fc0e6da7a2a38b85a89e8']",[],1.0,0ffee3ba8e615ad22535e7f771690a28,7d3eb4120cd50e889bcd3f3783be0f82,h2,,2874.365259,10.0.2.15,59322,104.16.78.166,443,tcp,11.626933000000008,802.0,6870.0,SF,True,False,0,ShADadFf,16,1450,21,7714,ssl,0
2872.641745,Clw2ET3vaajZcaUeb,10.0.2.15,59285,151.101.112.134,443,TLSv12,TLS_ECDHE_RSA_WITH_AES_128_GCM_SHA256,,ign-cz.disqus.com,True,True,CsiI,,,,1a5fe5677b0e4fbbc854e8908225637d,1d0e57c6ae42e9204defa51e5e1cdc4c,http/1.1,,2868.236694,10.0.2.15,59285,151.101.112.134,443,tcp,40.58932199999981,599.0,191.0,SF,True,False,0,ShADaTdFfRr,12,1098,12,675,ssl,0
2871.555803,CBrz5F42vOXdtxjdVj,10.0.2.15,59291,68.232.35.172,443,TLSv12,TLS_ECDHE_RSA_WITH_AES_128_GCM_SHA256,secp256r1,cdn.syndication.twimg.com,False,True,CsxuknGIti,"['498dfbfa068ce7e3252a308f9578608d3df2d287b5b9284571f7d3ed43ba3ab0', '19400be5b7a31fb733917700789d2f0a2471c0c9d506c0e504c06c16d7cb17c0', '7431e5f4c3c1ce4690774f0b61e05440883ba9a01ed00ba6abd7806ed3b118cf']",[],1.0,0ffee3ba8e615ad22535e7f771690a28,76cc3e2d3028143b23ec18e27dbd7ca9,http/1.1,,2870.270003,10.0.2.15,59291,68.232.35.172,443,tcp,158.88402499999984,880.0,6732.0,SF,True,False,0,ShADadTTFRfr,31,2143,35,8136,ssl,0
2879.607239,CnuPTy1IYWiNpXM1ti,10.0.2.15,59336,151.101.112.249,443,TLSv12,TLS_ECDHE_RSA_WITH_AES_128_GCM_SHA256,secp256r1,a.disquscdn.com,False,True,CsxuknGIti,"['ca5c57bee6ab21c055dcdbe8ad25feef6d1764a92e2aaaadb5d55fb667c3f8ac', '19400be5b7a31fb733917700789d2f0a2471c0c9d506c0e504c06c16d7cb17c0']",[],1.0,0ffee3ba8e615ad22535e7f771690a28,860fcf58fd757e26aa8911e5eaff6b53,http/1.1,,2878.50986,10.0.2.15,59336,151.101.112.249,443,tcp,13.416257999999743,665.0,7630.0,RSTO,True,False,0,ShADadR,10,1073,11,8074,ssl,0
2896.307222,C4c3wD14aYSGPlThY4,10.0.2.15,59352,34.198.45.105,443,TLSv12,TLS_ECDHE_RSA_WITH_AES_128_GCM_SHA256,secp256r1,apis.ign.com,False,True,CsxknGIi,"['5b45008a5d422d7098c4e7c9f33a88589cfb2eff7ad8c4e1b2e73f7a0f5ff0cf', 'eae72eb454bf6c3977ebd289e970b2f5282949190093d0d26f98d0f0d6a9cf17', '8420dfbe376f414bf4c0a81e6936d24ccc03f304835b86c7a39142fca723a689']",[],1.0,0ffee3ba8e615ad22535e7f771690a28,303951d4c50efb2e991652225a6f02b1,,,2895.61553,10.0.2.15,59352,34.198.45.105,443,tcp,3.878924000000097,315.0,4385.0,SF,True,False,0,ShADadFRfr,10,723,13,4909,ssl,0
2896.308093,CwWnEA2goD5Ju40D95,10.0.2.15,59351,54.152.83.34,443,TLSv12,TLS_ECDHE_RSA_WITH_AES_128_GCM_SHA256,x25519,img.litix.io,False,True,CsxknGIti,"['6ff5687566871d4a0d6b29a4e08b39ee3546555a5301b99b73620a0eb3b1eb22', '25847d668eb4f04fdd40b12b6b0740c567da7d024308eb6c2c96fe41d9de218d']",[],1.0,0ffee3ba8e615ad22535e7f771690a28,2b57f9dbfe8cbbe32fb9886c41c7bb20,h2,,2895.467317,10.0.2.15,59351,54.152.83.34,443,tcp,3.153899999999794,282.0,3095.0,RSTO,True,False,0,ShADadR,7,570,7,3379,ssl,0
2896.310057,CxtZ9r9NL21pIYVcd,10.0.2.15,59349,34.198.45.105,443,TLSv12,TLS_ECDHE_RSA_WITH_AES_128_GCM_SHA256,secp256r1,apis.ign.com,False,True,CsxknGIi,"['5b45008a5d422d7098c4e7c9f33a88589cfb2eff7ad8c4e1b2e73f7a0f5ff0cf', 'eae72eb454bf6c3977ebd289e970b2f5282949190093d0d26f98d0f0d6a9cf17', '8420dfbe376f414bf4c0a81e6936d24ccc03f304835b86c7a39142fca723a689']",[],1.0,0ffee3ba8e615ad22535e7f771690a28,303951d4c50efb2e991652225a6f02b1,,,2895.334191,10.0.2.15,59349,34.198.45.105,443,tcp,8.810072000000218,346.0,4385.0,RSTO,True,False,0,ShADadFR,11,794,12,4869,ssl,0
2897.358097,C0JxWY25pvIpv3xQi5,10.0.2.15,59353,54.152.83.34,443,TLSv12,TLS_ECDHE_RSA_WITH_AES_128_GCM_SHA256,x25519,img.litix.io,False,True,CsxknGIti,"['6ff5687566871d4a0d6b29a4e08b39ee3546555a5301b99b73620a0eb3b1eb22', '25847d668eb4f04fdd40b12b6b0740c567da7d024308eb6c2c96fe41d9de218d']",[],1.0,0ffee3ba8e615ad22535e7f771690a28,2b57f9dbfe8cbbe32fb9886c41c7bb20,h2,,2896.115126,10.0.2.15,59353,54.152.83.34,443,tcp,2.515131999999994,282.0,3095.0,RSTO,True,False,0,ShADadR,7,570,8,3419,ssl,0
2898.364273,C7XdFB47wWyi2n4643,10.0.2.15,59356,54.152.83.34,443,TLSv12,TLS_ECDHE_RSA_WITH_AES_128_GCM_SHA256,x25519,img.litix.io,False,True,CsxknGIti,"['6ff5687566871d4a0d6b29a4e08b39ee3546555a5301b99b73620a0eb3b1eb22', '25847d668eb4f04fdd40b12b6b0740c567da7d024308eb6c2c96fe41d9de218d']",[],1.0,0ffee3ba8e615ad22535e7f771690a28,2b57f9dbfe8cbbe32fb9886c41c7bb20,h2,,2897.676496,10.0.2.15,59356,54.152.83.34,443,tcp,3.366950999999972,522.0,3133.0,RSTO,True,False,0,ShADadFR,12,1010,13,3657,ssl,0
2899.887821,CFppm314dPbT5rczU4,10.0.2.15,59363,54.152.83.34,443,TLSv12,TLS_ECDHE_RSA_WITH_AES_128_GCM_SHA256,x25519,img.litix.io,False,True,CsxknGIti,"['6ff5687566871d4a0d6b29a4e08b39ee3546555a5301b99b73620a0eb3b1eb22', '25847d668eb4f04fdd40b12b6b0740c567da7d024308eb6c2c96fe41d9de218d']",[],1.0,0ffee3ba8e615ad22535e7f771690a28,2b57f9dbfe8cbbe32fb9886c41c7bb20,h2,,2898.028666,10.0.2.15,59363,54.152.83.34,443,tcp,5.659277999999631,522.0,3133.0,RSTO,True,False,0,ShADadFR,12,1010,13,3657,ssl,0
2898.365568,CMZyzS2QFDUtDbmqy5,10.0.2.15,59355,54.152.83.34,443,TLSv12,TLS_ECDHE_RSA_WITH_AES_128_GCM_SHA256,x25519,img.litix.io,False,True,CsxknGIti,"['6ff5687566871d4a0d6b29a4e08b39ee3546555a5301b99b73620a0eb3b1eb22', '25847d668eb4f04fdd40b12b6b0740c567da7d024308eb6c2c96fe41d9de218d']",[],1.0,0ffee3ba8e615ad22535e7f771690a28,2b57f9dbfe8cbbe32fb9886c41c7bb20,h2,,2897.672472,10.0.2.15,59355,54.152.83.34,443,tcp,186.067579,698.0,3348.0,SF,True,False,0,ShADadFfRr,20,1506,23,4272,ssl,0
2913.685813,CW5c4s460d2dtKkJK3,10.0.2.15,59384,151.101.192.134,443,TLSv12,TLS_ECDHE_RSA_WITH_AES_128_GCM_SHA256,secp256r1,disqus.com,False,True,CsxuknGIti,"['72fccfb0423eeaf4a935114758c42ae52c971a55e6226361bf3b672459c93599', '154c433c491929c5ef686e838e323664a00e6a0d822ccc958fb4dab03e49a08f']",[],1.0,0ffee3ba8e615ad22535e7f771690a28,860fcf58fd757e26aa8911e5eaff6b53,http/1.1,,2911.417342,10.0.2.15,59384,151.101.192.134,443,tcp,11.214620999999624,344.0,3697.0,RSTO,True,False,0,ShADadFR,10,752,11,4141,ssl,0
2913.09992,CZ3Rd32YLvYjbHFsGf,10.0.2.15,59382,151.101.192.134,443,TLSv12,TLS_ECDHE_RSA_WITH_AES_128_GCM_SHA256,secp256r1,disqus.com,False,True,CsxuknGIti,"['72fccfb0423eeaf4a935114758c42ae52c971a55e6226361bf3b672459c93599', '154c433c491929c5ef686e838e323664a00e6a0d822ccc958fb4dab03e49a08f']",[],1.0,0ffee3ba8e615ad22535e7f771690a28,860fcf58fd757e26aa8911e5eaff6b53,http/1.1,,2911.049183,10.0.2.15,59382,151.101.192.134,443,tcp,11.566280000000006,344.0,3697.0,RSTO,True,False,0,ShADadFR,10,752,10,4101,ssl,0
2919.497332,CSzJ1JnhEkSYBU29h,10.0.2.15,59397,31.13.74.52,443,TLSv12,TLS_ECDHE_RSA_WITH_AES_128_GCM_SHA256,secp256r1,scontent.cdninstagram.com,False,True,CsxknGIti,"['75f97496eafd0cbf253c16a154838631116569e35c96831f9720036d048f93a4', '19400be5b7a31fb733917700789d2f0a2471c0c9d506c0e504c06c16d7cb17c0']",[],1.0,0ffee3ba8e615ad22535e7f771690a28,b898351eb5e266aefd3723d466935494,h2,,2918.81243,10.0.2.15,59397,31.13.74.52,443,tcp,114.08549600000016,1835.0,148355.0,SF,True,False,0,ShADadfF,72,4723,131,153599,ssl,0
2919.497956,CRyPFJ2QnfDBdHm9K5,10.0.2.15,59396,31.13.74.52,443,TLSv12,TLS_ECDHE_RSA_WITH_AES_128_GCM_SHA256,secp256r1,scontent.cdninstagram.com,False,True,CsxknGIti,"['75f97496eafd0cbf253c16a154838631116569e35c96831f9720036d048f93a4', '19400be5b7a31fb733917700789d2f0a2471c0c9d506c0e504c06c16d7cb17c0']",[],1.0,0ffee3ba8e615ad22535e7f771690a28,b898351eb5e266aefd3723d466935494,h2,,2918.81127,10.0.2.15,59396,31.13.74.52,443,tcp,38.547485999999935,885.0,5665.0,RSTO,True,False,0,ShADadFR,17,1573,18,6389,ssl,0
2919.498522,CH3h8T33tLWEgXOJQ3,10.0.2.15,59395,31.13.74.52,443,TLSv12,TLS_ECDHE_RSA_WITH_AES_128_GCM_SHA256,secp256r1,scontent.cdninstagram.com,False,True,CsxknGIti,"['75f97496eafd0cbf253c16a154838631116569e35c96831f9720036d048f93a4', '19400be5b7a31fb733917700789d2f0a2471c0c9d506c0e504c06c16d7cb17c0']",[],1.0,0ffee3ba8e615ad22535e7f771690a28,b898351eb5e266aefd3723d466935494,h2,,2918.808418,10.0.2.15,59395,31.13.74.52,443,tcp,38.63388499999974,884.0,5655.0,RSTO,True,False,0,ShADadFR,17,1572,18,6379,ssl,0
2919.500822,CWP008pBnkcv6wOHg,10.0.2.15,59394,31.13.74.52,443,TLSv12,TLS_ECDHE_RSA_WITH_AES_128_GCM_SHA256,secp256r1,scontent.cdninstagram.com,False,True,CsxknGIti,"['75f97496eafd0cbf253c16a154838631116569e35c96831f9720036d048f93a4', '19400be5b7a31fb733917700789d2f0a2471c0c9d506c0e504c06c16d7cb17c0']",[],1.0,0ffee3ba8e615ad22535e7f771690a28,b898351eb5e266aefd3723d466935494,h2,,2918.807503,10.0.2.15,59394,31.13.74.52,443,tcp,38.68146900000011,883.0,5655.0,RSTO,True,False,0,ShADadFR,17,1571,18,6379,ssl,0
2913.084266,ChI2mh4ImNC8hB4Ia1,10.0.2.15,59383,151.101.192.134,443,TLSv12,TLS_ECDHE_RSA_WITH_AES_128_GCM_SHA256,,disqus.com,False,False,Cs,,,,0ffee3ba8e615ad22535e7f771690a28,860fcf58fd757e26aa8911e5eaff6b53,http/1.1,,2911.050819,10.0.2.15,59383,151.101.192.134,443,tcp,12.516076999999768,187.0,1460.0,RSTR,True,False,0,ShADaFdRr,6,435,6,1704,ssl,0
2923.652267,CEjVnY3sC0rHMJRW2b,10.0.2.15,59426,152.163.66.131,443,TLSv12,TLS_RSA_WITH_AES_128_CBC_SHA,,adserver.adtechus.com,True,True,CsiI,,,,0ffee3ba8e615ad22535e7f771690a28,5397c414a9ebeaff1bf18b70ca22eaa0,,,2921.877084,10.0.2.15,59426,152.163.66.131,443,tcp,33.63996099999986,859.0,207.0,SF,True,False,0,ShADaTdFfRr,12,1349,13,731,ssl,0
2923.653239,Cn3M3b2V79PdedK5j2,10.0.2.15,59425,152.163.66.131,443,TLSv12,TLS_RSA_WITH_AES_128_CBC_SHA,,adserver.adtechus.com,True,True,CsiI,,,,0ffee3ba8e615ad22535e7f771690a28,5397c414a9ebeaff1bf18b70ca22eaa0,,,2921.874464,10.0.2.15,59425,152.163.66.131,443,tcp,36.42156900000009,859.0,207.0,SF,True,False,0,ShADaTdFfRr,12,1349,13,731,ssl,0
2923.655392,CMaRLQ2jfwmlvOIjIf,10.0.2.15,59423,152.163.66.131,443,TLSv12,TLS_RSA_WITH_AES_128_CBC_SHA,,adserver.adtechus.com,True,True,CsiI,,,,0ffee3ba8e615ad22535e7f771690a28,5397c414a9ebeaff1bf18b70ca22eaa0,,,2921.868958,10.0.2.15,59423,152.163.66.131,443,tcp,35.001670000000104,859.0,207.0,SF,True,False,0,ShADaTdFfRr,12,1349,13,731,ssl,0
2923.6544,CSfef94YsAat5oUIye,10.0.2.15,59424,152.163.66.131,443,TLSv12,TLS_RSA_WITH_AES_128_CBC_SHA,,adserver.adtechus.com,True,True,CsiI,,,,0ffee3ba8e615ad22535e7f771690a28,5397c414a9ebeaff1bf18b70ca22eaa0,,,2921.873453,10.0.2.15,59424,152.163.66.131,443,tcp,40.55510800000002,859.0,719.0,RSTO,True,False,0,ShADaTdFR,12,1350,12,1203,ssl,0
2919.496547,CVYDrl3oIjKnCsLzGe,10.0.2.15,59398,31.13.74.52,443,TLSv12,TLS_ECDHE_RSA_WITH_AES_128_GCM_SHA256,secp256r1,scontent.cdninstagram.com,False,True,CsxknGIti,"['75f97496eafd0cbf253c16a154838631116569e35c96831f9720036d048f93a4', '19400be5b7a31fb733917700789d2f0a2471c0c9d506c0e504c06c16d7cb17c0']",[],1.0,0ffee3ba8e615ad22535e7f771690a28,b898351eb5e266aefd3723d466935494,h2,,2918.813952,10.0.2.15,59398,31.13.74.52,443,tcp,37.80983500000002,885.0,12625.0,RSTO,True,False,0,ShADadFR,18,1613,21,13469,ssl,0
2919.495406,Cc3NEw3d9yWFBFF4Hj,10.0.2.15,59393,31.13.74.52,443,TLSv12,TLS_ECDHE_RSA_WITH_AES_128_GCM_SHA256,secp256r1,scontent.cdninstagram.com,False,True,CsxknGIti,"['75f97496eafd0cbf253c16a154838631116569e35c96831f9720036d048f93a4', '19400be5b7a31fb733917700789d2f0a2471c0c9d506c0e504c06c16d7cb17c0']",[],1.0,0ffee3ba8e615ad22535e7f771690a28,b898351eb5e266aefd3723d466935494,h2,,2918.806359,10.0.2.15,59393,31.13.74.52,443,tcp,34.669351000000006,847.0,5575.0,RSTO,True,False,0,ShADadTFR,15,1456,16,6219,ssl,0
2942.722838,CUP3tAGXq94Sj8gLd,10.0.2.15,59472,152.163.66.131,443,TLSv12,TLS_RSA_WITH_AES_128_CBC_SHA,,adserver.adtechus.com,True,False,Csi,,,,0ffee3ba8e615ad22535e7f771690a28,5397c414a9ebeaff1bf18b70ca22eaa0,,,2942.518884,10.0.2.15,59472,152.163.66.131,443,tcp,11.376300999999785,230.0,154.0,RSTR,True,False,0,^hADaFdRr,5,430,6,398,ssl,0
2942.565143,C4Aej22RtbAyRDG09k,10.0.2.15,59469,152.163.66.131,443,TLSv12,TLS_RSA_WITH_AES_128_CBC_SHA,,adserver.adtechus.com,True,False,Csi,,,,0ffee3ba8e615ad22535e7f771690a28,5397c414a9ebeaff1bf18b70ca22eaa0,,,2942.299608,10.0.2.15,59469,152.163.66.131,443,tcp,11.434180000000197,230.0,85.0,RSTO,True,False,0,^hADaFdR,4,390,4,249,ssl,0
2942.563808,CUrFJ84qAx2HjnNMQg,10.0.2.15,59470,152.163.66.131,443,TLSv12,TLS_RSA_WITH_AES_128_CBC_SHA,,adserver.adtechus.com,True,False,Csi,,,,0ffee3ba8e615ad22535e7f771690a28,5397c414a9ebeaff1bf18b70ca22eaa0,,,2942.318851,10.0.2.15,59470,152.163.66.131,443,tcp,11.278801999999814,230.0,85.0,RSTO,True,False,0,^hADaFdR,4,390,4,249,ssl,0
2942.723628,CZF3nB1tlbD682Ggj6,10.0.2.15,59471,152.163.66.131,443,TLSv12,TLS_RSA_WITH_AES_128_CBC_SHA,,adserver.adtechus.com,True,False,Csi,,,,0ffee3ba8e615ad22535e7f771690a28,5397c414a9ebeaff1bf18b70ca22eaa0,,,2942.530083,10.0.2.15,59471,152.163.66.131,443,tcp,11.569234000000051,230.0,85.0,RSTO,True,False,0,^hADaFdR,4,390,4,249,ssl,0
2959.431804,ChY70w2qnvDCFotdc4,10.0.2.15,59578,152.163.66.131,443,TLSv12,TLS_RSA_WITH_AES_128_CBC_SHA,,adserver.adtechus.com,True,True,CsiI,,,,0ffee3ba8e615ad22535e7f771690a28,5397c414a9ebeaff1bf18b70ca22eaa0,,,2955.283512,10.0.2.15,59578,152.163.66.131,443,tcp,10.339931999999862,358.0,154.0,SF,True,False,0,ShADadFf,8,694,7,438,ssl,0
2959.419553,CFwK8g2PAWJ5iSDul4,10.0.2.15,59576,152.163.66.131,443,TLSv12,TLS_RSA_WITH_AES_128_CBC_SHA,,adserver.adtechus.com,True,True,CsiI,,,,0ffee3ba8e615ad22535e7f771690a28,5397c414a9ebeaff1bf18b70ca22eaa0,,,2955.229566,10.0.2.15,59576,152.163.66.131,443,tcp,10.425072999999884,358.0,154.0,SF,True,False,0,ShADadFf,9,734,8,478,ssl,0
2963.489513,CVEiBi3vgVeEqYefn4,10.0.2.15,59565,152.163.66.131,443,TLSv12,TLS_RSA_WITH_AES_128_CBC_SHA,,adserver.adtechus.com,True,True,CsiI,,,,0ffee3ba8e615ad22535e7f771690a28,5397c414a9ebeaff1bf18b70ca22eaa0,,,2962.101989,10.0.2.15,59565,152.163.66.131,443,tcp,7.660746000000017,358.0,154.0,SF,True,False,0,ShADadFf,8,686,8,478,ssl,0
2963.491935,Cvni391kJJ2vc38D54,10.0.2.15,59564,152.163.66.131,443,TLSv12,TLS_RSA_WITH_AES_128_CBC_SHA,,adserver.adtechus.com,True,True,CsiI,,,,0ffee3ba8e615ad22535e7f771690a28,5397c414a9ebeaff1bf18b70ca22eaa0,,,2962.134353,10.0.2.15,59564,152.163.66.131,443,tcp,7.606033000000025,358.0,154.0,SF,True,False,0,ShADadFf,8,686,8,478,ssl,0
2974.691898,CJArSZt8OKMxw2dsl,10.0.2.15,59585,192.33.31.77,443,TLSv12,TLS_ECDHE_RSA_WITH_AES_128_GCM_SHA256,secp256r1,www.edmunds.com,False,True,CsxknGIti,"['ec141301fd7e7405784cd80b681fff84cab7cfb275ecc8b4f5bf84d33328335a', '4b7334e1d8999822bafa8ff6888125389b18a4e5ab26ffa624c7f68fdc81f0cb']",[],1.0,0ffee3ba8e615ad22535e7f771690a28,b898351eb5e266aefd3723d466935494,http/1.1,,2974.155941,10.0.2.15,59585,192.33.31.77,443,tcp,121.11329100000012,737.0,53548.0,SF,True,False,0,ShADadTTFf,43,2476,74,56512,ssl,0
2977.906525,CvrrU5460gf1M4zrTb,10.0.2.15,59587,192.33.31.77,443,TLSv12,TLS_ECDHE_RSA_WITH_AES_128_GCM_SHA256,,www.edmunds.com,True,True,CsiI,,,,1a5fe5677b0e4fbbc854e8908225637d,7bee5c1d424b7e5f943b06983bb11422,http/1.1,,2977.853315,10.0.2.15,59587,192.33.31.77,443,tcp,117.42366800000036,2297.0,21722.0,SF,True,False,0,ShADadTTFf,30,3516,41,23366,ssl,0
2978.315549,CNPTyT29y2nbXmzCCi,10.0.2.15,59588,192.33.31.183,443,TLSv12,TLS_ECDHE_RSA_WITH_AES_128_GCM_SHA256,secp256r1,services.edmunds-media.com,False,True,CsxknGIti,"['ec141301fd7e7405784cd80b681fff84cab7cfb275ecc8b4f5bf84d33328335a', '4b7334e1d8999822bafa8ff6888125389b18a4e5ab26ffa624c7f68fdc81f0cb']",[],1.0,0ffee3ba8e615ad22535e7f771690a28,b898351eb5e266aefd3723d466935494,h2,,2978.2685,10.0.2.15,59588,192.33.31.183,443,tcp,225.6290610000001,3811.0,606095.0,SF,True,False,0,ShADadFf,419,20579,810,638499,ssl,0
2979.113581,CbT7e21m2GFewnCOWd,10.0.2.15,59586,192.33.31.77,443,TLSv12,TLS_ECDHE_RSA_WITH_AES_128_GCM_SHA256,,www.edmunds.com,True,True,CsiI,,,,1a5fe5677b0e4fbbc854e8908225637d,7bee5c1d424b7e5f943b06983bb11422,http/1.1,,2975.469091,10.0.2.15,59586,192.33.31.77,443,tcp,11.757602000000134,599.0,152.0,SF,True,False,0,ShADadFf,8,935,7,436,ssl,0
2978.32061,C4ay5hJVLeel1rSJh,10.0.2.15,59589,192.33.31.183,443,TLSv12,TLS_ECDHE_RSA_WITH_AES_128_GCM_SHA256,secp256r1,services.edmunds-media.com,False,True,CsxknGIti,"['ec141301fd7e7405784cd80b681fff84cab7cfb275ecc8b4f5bf84d33328335a', '4b7334e1d8999822bafa8ff6888125389b18a4e5ab26ffa624c7f68fdc81f0cb']",[],1.0,0ffee3ba8e615ad22535e7f771690a28,b898351eb5e266aefd3723d466935494,h2,,2978.270399,10.0.2.15,59589,192.33.31.183,443,tcp,3.728676000000177,913.0,23229.0,SF,True,False,0,ShADadFf,22,1801,39,24793,ssl,0
2978.338132,CuhnSZa7tKYuacDrl,10.0.2.15,59592,192.33.31.183,443,TLSv12,TLS_ECDHE_RSA_WITH_AES_128_GCM_SHA256,secp256r1,services.edmunds-media.com,False,True,CsxknGIti,"['ec141301fd7e7405784cd80b681fff84cab7cfb275ecc8b4f5bf84d33328335a', '4b7334e1d8999822bafa8ff6888125389b18a4e5ab26ffa624c7f68fdc81f0cb']",[],1.0,0ffee3ba8e615ad22535e7f771690a28,b898351eb5e266aefd3723d466935494,h2,,2978.27565,10.0.2.15,59592,192.33.31.183,443,tcp,4.459558000000016,907.0,22848.0,SF,True,False,0,ShADadFf,20,1715,37,24332,ssl,0
2978.343891,C8ysVjbfKKR9uylEk,10.0.2.15,59591,192.33.31.183,443,TLSv12,TLS_ECDHE_RSA_WITH_AES_128_GCM_SHA256,secp256r1,services.edmunds-media.com,False,True,CsxknGIti,"['ec141301fd7e7405784cd80b681fff84cab7cfb275ecc8b4f5bf84d33328335a', '4b7334e1d8999822bafa8ff6888125389b18a4e5ab26ffa624c7f68fdc81f0cb']",[],1.0,0ffee3ba8e615ad22535e7f771690a28,b898351eb5e266aefd3723d466935494,h2,,2978.273771,10.0.2.15,59591,192.33.31.183,443,tcp,4.496752999999899,914.0,22832.0,SF,True,False,0,ShADadFf,22,1802,38,24356,ssl,0
2978.346904,CCN6nv14AlUKI2hce,10.0.2.15,59590,192.33.31.183,443,TLSv12,TLS_ECDHE_RSA_WITH_AES_128_GCM_SHA256,secp256r1,services.edmunds-media.com,False,True,CsxknGIti,"['ec141301fd7e7405784cd80b681fff84cab7cfb275ecc8b4f5bf84d33328335a', '4b7334e1d8999822bafa8ff6888125389b18a4e5ab26ffa624c7f68fdc81f0cb']",[],1.0,0ffee3ba8e615ad22535e7f771690a28,b898351eb5e266aefd3723d466935494,h2,,2978.271898,10.0.2.15,59590,192.33.31.183,443,tcp,4.5019470000002,912.0,23289.0,SF,True,False,0,ShADadFf,22,1800,39,24853,ssl,0
2978.377308,CeNpA02iJKxqIMuw4j,10.0.2.15,59593,192.33.31.183,443,TLSv12,TLS_ECDHE_RSA_WITH_AES_128_GCM_SHA256,secp256r1,services.edmunds-media.com,False,True,CsxknGIti,"['ec141301fd7e7405784cd80b681fff84cab7cfb275ecc8b4f5bf84d33328335a', '4b7334e1d8999822bafa8ff6888125389b18a4e5ab26ffa624c7f68fdc81f0cb']",[],1.0,0ffee3ba8e615ad22535e7f771690a28,b898351eb5e266aefd3723d466935494,h2,,2978.27737,10.0.2.15,59593,192.33.31.183,443,tcp,6.262301000000207,909.0,22687.0,SF,True,False,0,ShADadFf,21,1757,36,24131,ssl,0
2980.342492,CHPb2q0xhwNTH0Qu2,10.0.2.15,59596,192.33.31.183,443,TLSv12,TLS_ECDHE_RSA_WITH_AES_128_GCM_SHA256,,static.ed.edmunds-media.com,True,True,CsiI,,,,1a5fe5677b0e4fbbc854e8908225637d,7bee5c1d424b7e5f943b06983bb11422,h2,,2979.255451,10.0.2.15,59596,192.33.31.183,443,tcp,6.802752999999939,779.0,253.0,RSTO,True,False,0,ShADadFR,8,1107,9,617,ssl,0
2980.341622,Cgzvxk2QTR2YtV0WSk,10.0.2.15,59594,54.192.93.28,443,TLSv12,TLS_ECDHE_RSA_WITH_AES_128_GCM_SHA256,secp256r1,venom-assets.edmunds-media.com,False,True,CsxuknGIti,"['b26269a5ee8e46dc0933963003cba5089d5057708c0b9790bba1b83f7e9227d3', 'f55f9ffcb83c73453261601c7e044db15a0f034b93c05830f28635ef889cf670', '87dcd4dc74640a322cd205552506d1be64f12596258096544986b4850bc72706', '28689b30e4c306aab53b027b29e36ad6dd1dcf4b953994482ca84bdc1ecac996']",[],1.0,0ffee3ba8e615ad22535e7f771690a28,76cc3e2d3028143b23ec18e27dbd7ca9,h2,,2979.250047,10.0.2.15,59594,54.192.93.28,443,tcp,220.6541990000001,1844.0,354955.0,SF,True,False,0,ShADadFf,244,11612,472,373839,ssl,0
2980.343544,CnRnzD0rynfWZ2zth,10.0.2.15,59595,54.192.93.28,443,TLSv12,TLS_ECDHE_RSA_WITH_AES_128_GCM_SHA256,secp256r1,venom-assets.edmunds-media.com,False,True,CsxuknGIti,"['b26269a5ee8e46dc0933963003cba5089d5057708c0b9790bba1b83f7e9227d3', 'f55f9ffcb83c73453261601c7e044db15a0f034b93c05830f28635ef889cf670', '87dcd4dc74640a322cd205552506d1be64f12596258096544986b4850bc72706', '28689b30e4c306aab53b027b29e36ad6dd1dcf4b953994482ca84bdc1ecac996']",[],1.0,0ffee3ba8e615ad22535e7f771690a28,76cc3e2d3028143b23ec18e27dbd7ca9,h2,,2979.251048,10.0.2.15,59595,54.192.93.28,443,tcp,11.526867000000038,865.0,18827.0,SF,True,False,0,ShADadFf,21,1713,32,20111,ssl,0
2981.971382,CkJ3YJ16IgcYD6RJ18,10.0.2.15,59598,192.33.31.183,443,TLSv12,TLS_ECDHE_RSA_WITH_AES_128_GCM_SHA256,,static.ed.edmunds-media.com,True,True,CsiI,,,,1a5fe5677b0e4fbbc854e8908225637d,7bee5c1d424b7e5f943b06983bb11422,h2,,2980.513728,10.0.2.15,59598,192.33.31.183,443,tcp,17.473034000000098,779.0,253.0,SF,True,False,0,ShADadFf,8,1107,9,617,ssl,0
2980.345078,CwyWZ94LUrWacbt63k,10.0.2.15,59597,54.192.93.166,443,TLSv12,TLS_ECDHE_RSA_WITH_AES_128_GCM_SHA256,secp256r1,cdn.ed.edmunds-media.com,False,True,CsxuknGIti,"['b26269a5ee8e46dc0933963003cba5089d5057708c0b9790bba1b83f7e9227d3', 'f55f9ffcb83c73453261601c7e044db15a0f034b93c05830f28635ef889cf670', '87dcd4dc74640a322cd205552506d1be64f12596258096544986b4850bc72706', '28689b30e4c306aab53b027b29e36ad6dd1dcf4b953994482ca84bdc1ecac996']",[],1.0,0ffee3ba8e615ad22535e7f771690a28,76cc3e2d3028143b23ec18e27dbd7ca9,http/1.1,,2979.292102,10.0.2.15,59597,54.192.93.166,443,tcp,122.52493600000024,763.0,8387.0,SF,True,False,0,ShADadTTFf,24,1742,26,9431,ssl,0
2982.011294,Cm8Iak34YYT7ND6G7,10.0.2.15,59602,216.58.201.66,443,TLSv12,TLS_ECDHE_RSA_WITH_AES_128_GCM_SHA256,x25519,www.googletagservices.com,False,True,CsxknGIti,"['a32ffddd76f9e7debbfc9a37b38d2ef86039b30a10d7c45ab8223d149cf99699', '9f630426df1d8abfd80ace98871ba833ab9742cb34838de2b5285ed54c0c7dcc', '3c35cc963eb004451323d3275d05b353235053490d9cd83729a2faf5e7ca1cc0']",[],1.0,0ffee3ba8e615ad22535e7f771690a28,ab41313cfec25328b20865eb1388e0a2,h2,,2980.80082,10.0.2.15,59602,216.58.201.66,443,tcp,281.003675,1639.0,12270.0,RSTO,True,False,0,ShADadFR,34,3007,44,14034,ssl,0
2982.011971,COTsIyG2r23EYmTw1,10.0.2.15,59601,54.192.93.166,443,TLSv12,TLS_ECDHE_RSA_WITH_AES_128_GCM_SHA256,secp256r1,cdn.ed.edmunds-media.com,False,True,CsxuknGIti,"['b26269a5ee8e46dc0933963003cba5089d5057708c0b9790bba1b83f7e9227d3', 'f55f9ffcb83c73453261601c7e044db15a0f034b93c05830f28635ef889cf670', '87dcd4dc74640a322cd205552506d1be64f12596258096544986b4850bc72706', '28689b30e4c306aab53b027b29e36ad6dd1dcf4b953994482ca84bdc1ecac996']",[],1.0,0ffee3ba8e615ad22535e7f771690a28,76cc3e2d3028143b23ec18e27dbd7ca9,http/1.1,,2980.643021,10.0.2.15,59601,54.192.93.166,443,tcp,6.479174000000057,327.0,5772.0,RSTO,True,False,0,ShADadFR,8,655,9,6136,ssl,0
2984.175371,C7FE1N3BJvYhrDRLqi,10.0.2.15,59603,216.58.201.66,443,TLSv12,TLS_ECDHE_RSA_WITH_AES_128_GCM_SHA256,x25519,www.googletagservices.com,False,True,CsxknGIti,"['a32ffddd76f9e7debbfc9a37b38d2ef86039b30a10d7c45ab8223d149cf99699', '9f630426df1d8abfd80ace98871ba833ab9742cb34838de2b5285ed54c0c7dcc', '3c35cc963eb004451323d3275d05b353235053490d9cd83729a2faf5e7ca1cc0']",[],1.0,0ffee3ba8e615ad22535e7f771690a28,ab41313cfec25328b20865eb1388e0a2,h2,,2982.043921,10.0.2.15,59603,216.58.201.66,443,tcp,7.103705999999875,535.0,4085.0,RSTO,True,False,0,ShADadFR,12,1023,13,4609,ssl,0
2986.505355,CPUxp21LN9N3XR8Jl3,10.0.2.15,59604,104.16.85.27,443,TLSv12,TLS_ECDHE_RSA_WITH_AES_128_GCM_SHA256,secp256r1,www.redbubble.com,False,True,CsxknGIti,"['0635eeb913f20b27a754318b435a36716ab01c442c57951b35c9ef102d564f1e', '403e062a2653059113285baf80a0d4ae422c848c9f78fad01fc94bc5b87fef1a']",[],1.0,0ffee3ba8e615ad22535e7f771690a28,b898351eb5e266aefd3723d466935494,h2,,2983.480487,10.0.2.15,59604,104.16.85.27,443,tcp,7.507288000000244,864.0,30050.0,SF,True,False,0,ShADadFf,32,2160,48,31974,ssl,0
2990.685675,CnW2G93kSMVKDZMUT8,10.0.2.15,59613,216.137.61.78,443,TLSv12,TLS_ECDHE_RSA_WITH_AES_128_GCM_SHA256,secp256r1,d3spquiph2sexc.cloudfront.net,False,True,CsxuknGIti,"['90c0937808b31877df6c4a5c743c99325d974624be3735faa5078cf73d4fd205', 'eae72eb454bf6c3977ebd289e970b2f5282949190093d0d26f98d0f0d6a9cf17']",[],1.0,0ffee3ba8e615ad22535e7f771690a28,76cc3e2d3028143b23ec18e27dbd7ca9,h2,,2990.050433,10.0.2.15,59613,216.137.61.78,443,tcp,304.4715860000001,4486.0,1761158.0,SF,True,False,0,ShADadFf,954,42654,2097,1845042,ssl,0
2990.703877,CJncSu3CR0LKVFBfj3,10.0.2.15,59615,216.137.61.78,443,TLSv12,TLS_ECDHE_RSA_WITH_AES_128_GCM_SHA256,secp256r1,d3spquiph2sexc.cloudfront.net,False,True,CsxuknGIti,"['90c0937808b31877df6c4a5c743c99325d974624be3735faa5078cf73d4fd205', 'eae72eb454bf6c3977ebd289e970b2f5282949190093d0d26f98d0f0d6a9cf17']",[],1.0,0ffee3ba8e615ad22535e7f771690a28,76cc3e2d3028143b23ec18e27dbd7ca9,h2,,2990.051444,10.0.2.15,59615,216.137.61.78,443,tcp,19.17045399999961,870.0,52935.0,SF,True,False,0,ShADadFf,43,2598,77,56019,ssl,0
2990.690758,CJ65xCEqS0s1G2Q8i,10.0.2.15,59614,216.137.61.78,443,TLSv12,TLS_ECDHE_RSA_WITH_AES_128_GCM_SHA256,secp256r1,d3spquiph2sexc.cloudfront.net,False,True,CsxuknGIti,"['90c0937808b31877df6c4a5c743c99325d974624be3735faa5078cf73d4fd205', 'eae72eb454bf6c3977ebd289e970b2f5282949190093d0d26f98d0f0d6a9cf17']",[],1.0,0ffee3ba8e615ad22535e7f771690a28,76cc3e2d3028143b23ec18e27dbd7ca9,h2,,2990.050958,10.0.2.15,59614,216.137.61.78,443,tcp,22.24264100000028,867.0,37781.0,SF,True,False,0,ShADadFf,36,2315,61,40225,ssl,0
2990.742352,CrCtvpIqPnrRxnYF2,10.0.2.15,59616,216.137.61.78,443,TLSv12,TLS_ECDHE_RSA_WITH_AES_128_GCM_SHA256,secp256r1,d3spquiph2sexc.cloudfront.net,False,True,CsxuknGIti,"['90c0937808b31877df6c4a5c743c99325d974624be3735faa5078cf73d4fd205', 'eae72eb454bf6c3977ebd289e970b2f5282949190093d0d26f98d0f0d6a9cf17']",[],1.0,0ffee3ba8e615ad22535e7f771690a28,76cc3e2d3028143b23ec18e27dbd7ca9,h2,,2990.052258,10.0.2.15,59616,216.137.61.78,443,tcp,22.295052999999825,867.0,58202.0,SF,True,False,0,ShADadFf,44,2635,78,61326,ssl,0
2990.771673,CFg2UrPGGSINubN23,10.0.2.15,59618,216.137.61.78,443,TLSv12,TLS_ECDHE_RSA_WITH_AES_128_GCM_SHA256,secp256r1,d3spquiph2sexc.cloudfront.net,False,True,CsxuknGIti,"['90c0937808b31877df6c4a5c743c99325d974624be3735faa5078cf73d4fd205', 'eae72eb454bf6c3977ebd289e970b2f5282949190093d0d26f98d0f0d6a9cf17']",[],1.0,0ffee3ba8e615ad22535e7f771690a28,76cc3e2d3028143b23ec18e27dbd7ca9,h2,,2990.053633,10.0.2.15,59618,216.137.61.78,443,tcp,10.64871600000015,876.0,11748.0,SF,True,False,0,ShADadFf,17,1564,24,12712,ssl,0
2990.767864,CvUffd3wEQPr5vEj55,10.0.2.15,59617,216.137.61.78,443,TLSv12,TLS_ECDHE_RSA_WITH_AES_128_GCM_SHA256,secp256r1,d3spquiph2sexc.cloudfront.net,False,True,CsxuknGIti,"['90c0937808b31877df6c4a5c743c99325d974624be3735faa5078cf73d4fd205', 'eae72eb454bf6c3977ebd289e970b2f5282949190093d0d26f98d0f0d6a9cf17']",[],1.0,0ffee3ba8e615ad22535e7f771690a28,76cc3e2d3028143b23ec18e27dbd7ca9,h2,,2990.052992,10.0.2.15,59617,216.137.61.78,443,tcp,9.732065000000148,867.0,10145.0,SF,True,False,0,ShADadFf,18,1595,24,11109,ssl,0
2990.878165,CykADb4B1iPOc2ByV9,10.0.2.15,59619,216.137.61.78,443,TLSv12,TLS_ECDHE_RSA_WITH_AES_128_GCM_SHA256,secp256r1,d3spquiph2sexc.cloudfront.net,False,True,CsxuknGIti,"['90c0937808b31877df6c4a5c743c99325d974624be3735faa5078cf73d4fd205', 'eae72eb454bf6c3977ebd289e970b2f5282949190093d0d26f98d0f0d6a9cf17']",[],1.0,0ffee3ba8e615ad22535e7f771690a28,76cc3e2d3028143b23ec18e27dbd7ca9,h2,,2990.304509,10.0.2.15,59619,216.137.61.78,443,tcp,10.072374999999738,874.0,11328.0,SF,True,False,0,ShADadFf,18,1602,25,12332,ssl,0
2990.923864,C6dSgd39eYnUrv4epl,10.0.2.15,59624,216.137.61.78,443,TLSv12,TLS_ECDHE_RSA_WITH_AES_128_GCM_SHA256,secp256r1,d3spquiph2sexc.cloudfront.net,False,True,CsxuknGIti,"['90c0937808b31877df6c4a5c743c99325d974624be3735faa5078cf73d4fd205', 'eae72eb454bf6c3977ebd289e970b2f5282949190093d0d26f98d0f0d6a9cf17']",[],1.0,0ffee3ba8e615ad22535e7f771690a28,76cc3e2d3028143b23ec18e27dbd7ca9,h2,,2990.31433,10.0.2.15,59624,216.137.61.78,443,tcp,9.96732499999962,880.0,6208.0,SF,True,False,0,ShADadFf,16,1528,22,7092,ssl,0
2990.92531,Cbh6DN2Tg9svIudEEl,10.0.2.15,59623,216.137.61.78,443,TLSv12,TLS_ECDHE_RSA_WITH_AES_128_GCM_SHA256,secp256r1,d3spquiph2sexc.cloudfront.net,False,True,CsxuknGIti,"['90c0937808b31877df6c4a5c743c99325d974624be3735faa5078cf73d4fd205', 'eae72eb454bf6c3977ebd289e970b2f5282949190093d0d26f98d0f0d6a9cf17']",[],1.0,0ffee3ba8e615ad22535e7f771690a28,76cc3e2d3028143b23ec18e27dbd7ca9,h2,,2990.307035,10.0.2.15,59623,216.137.61.78,443,tcp,11.814882000000123,865.0,6440.0,SF,True,False,0,ShADadFf,14,1433,17,7124,ssl,0
2990.927408,CsGgwH3u9vIl2nCKlg,10.0.2.15,59622,216.137.61.78,443,TLSv12,TLS_ECDHE_RSA_WITH_AES_128_GCM_SHA256,secp256r1,d3spquiph2sexc.cloudfront.net,False,True,CsxuknGIti,"['90c0937808b31877df6c4a5c743c99325d974624be3735faa5078cf73d4fd205', 'eae72eb454bf6c3977ebd289e970b2f5282949190093d0d26f98d0f0d6a9cf17']",[],1.0,0ffee3ba8e615ad22535e7f771690a28,76cc3e2d3028143b23ec18e27dbd7ca9,h2,,2990.306216,10.0.2.15,59622,216.137.61.78,443,tcp,11.815783999999894,865.0,6650.0,SF,True,False,0,ShADadFf,14,1433,17,7334,ssl,0
2990.928143,CMDX6y3xjShiwYbhW,10.0.2.15,59621,216.137.61.78,443,TLSv12,TLS_ECDHE_RSA_WITH_AES_128_GCM_SHA256,secp256r1,d3spquiph2sexc.cloudfront.net,False,True,CsxuknGIti,"['90c0937808b31877df6c4a5c743c99325d974624be3735faa5078cf73d4fd205', 'eae72eb454bf6c3977ebd289e970b2f5282949190093d0d26f98d0f0d6a9cf17']",[],1.0,0ffee3ba8e615ad22535e7f771690a28,76cc3e2d3028143b23ec18e27dbd7ca9,h2,,2990.305489,10.0.2.15,59621,216.137.61.78,443,tcp,28.00660199999993,864.0,94007.0,SF,True,False,0,ShADadFf,64,3432,121,98851,ssl,0
2990.932897,CBOxIUU43zowSxSAf,10.0.2.15,59620,216.137.61.78,443,TLSv12,TLS_ECDHE_RSA_WITH_AES_128_GCM_SHA256,secp256r1,d3spquiph2sexc.cloudfront.net,False,True,CsxuknGIti,"['90c0937808b31877df6c4a5c743c99325d974624be3735faa5078cf73d4fd205', 'eae72eb454bf6c3977ebd289e970b2f5282949190093d0d26f98d0f0d6a9cf17']",[],1.0,0ffee3ba8e615ad22535e7f771690a28,76cc3e2d3028143b23ec18e27dbd7ca9,h2,,2990.304979,10.0.2.15,59620,216.137.61.78,443,tcp,27.40662199999997,865.0,148919.0,SF,True,False,0,ShADadFf,95,4673,192,156603,ssl,0
2991.217351,CkP5xZ23lSOTlVOlYa,10.0.2.15,59629,216.137.61.78,443,TLSv12,TLS_ECDHE_RSA_WITH_AES_128_GCM_SHA256,secp256r1,d3spquiph2sexc.cloudfront.net,False,True,CsxuknGIti,"['90c0937808b31877df6c4a5c743c99325d974624be3735faa5078cf73d4fd205', 'eae72eb454bf6c3977ebd289e970b2f5282949190093d0d26f98d0f0d6a9cf17']",[],1.0,0ffee3ba8e615ad22535e7f771690a28,76cc3e2d3028143b23ec18e27dbd7ca9,h2,,2990.432958,10.0.2.15,59629,216.137.61.78,443,tcp,203.42147000000023,1380.0,31101.0,SF,True,False,0,ShADadFf,33,2708,53,33225,ssl,0
2991.217859,CySCSC3bAhjVFgoYjh,10.0.2.15,59628,216.137.61.78,443,TLSv12,TLS_ECDHE_RSA_WITH_AES_128_GCM_SHA256,secp256r1,d3spquiph2sexc.cloudfront.net,False,True,CsxuknGIti,"['90c0937808b31877df6c4a5c743c99325d974624be3735faa5078cf73d4fd205', 'eae72eb454bf6c3977ebd289e970b2f5282949190093d0d26f98d0f0d6a9cf17']",[],1.0,0ffee3ba8e615ad22535e7f771690a28,76cc3e2d3028143b23ec18e27dbd7ca9,h2,,2990.432457,10.0.2.15,59628,216.137.61.78,443,tcp,15.123167000000194,882.0,12367.0,SF,True,False,0,ShADadFf,16,1530,22,13251,ssl,0
2991.218337,CaIZki2mgWqbrWgbMf,10.0.2.15,59627,216.137.61.78,443,TLSv12,TLS_ECDHE_RSA_WITH_AES_128_GCM_SHA256,secp256r1,d3spquiph2sexc.cloudfront.net,False,True,CsxuknGIti,"['90c0937808b31877df6c4a5c743c99325d974624be3735faa5078cf73d4fd205', 'eae72eb454bf6c3977ebd289e970b2f5282949190093d0d26f98d0f0d6a9cf17']",[],1.0,0ffee3ba8e615ad22535e7f771690a28,76cc3e2d3028143b23ec18e27dbd7ca9,h2,,2990.431947,10.0.2.15,59627,216.137.61.78,443,tcp,23.218570999999883,883.0,7032.0,SF,True,False,0,ShADadFf,16,1531,19,7796,ssl,0
2991.219323,C6gdfx1tKqAtAnZOKi,10.0.2.15,59626,216.137.61.78,443,TLSv12,TLS_ECDHE_RSA_WITH_AES_128_GCM_SHA256,secp256r1,d3spquiph2sexc.cloudfront.net,False,True,CsxuknGIti,"['90c0937808b31877df6c4a5c743c99325d974624be3735faa5078cf73d4fd205', 'eae72eb454bf6c3977ebd289e970b2f5282949190093d0d26f98d0f0d6a9cf17']",[],1.0,0ffee3ba8e615ad22535e7f771690a28,76cc3e2d3028143b23ec18e27dbd7ca9,h2,,2990.431133,10.0.2.15,59626,216.137.61.78,443,tcp,21.878082000000177,883.0,194540.0,SF,True,False,0,ShADadFf,111,5331,232,203824,ssl,0
2991.219756,CaOL7d2VQVbOlzxHe4,10.0.2.15,59625,216.137.61.78,443,TLSv12,TLS_ECDHE_RSA_WITH_AES_128_GCM_SHA256,secp256r1,d3spquiph2sexc.cloudfront.net,False,True,CsxuknGIti,"['90c0937808b31877df6c4a5c743c99325d974624be3735faa5078cf73d4fd205', 'eae72eb454bf6c3977ebd289e970b2f5282949190093d0d26f98d0f0d6a9cf17']",[],1.0,0ffee3ba8e615ad22535e7f771690a28,76cc3e2d3028143b23ec18e27dbd7ca9,h2,,2990.430423,10.0.2.15,59625,216.137.61.78,443,tcp,23.024409000000105,889.0,10890.0,SF,True,False,0,ShADadFf,15,1497,19,11654,ssl,0
2991.504113,C4C7j61jpltsY3NV14,10.0.2.15,59630,216.137.61.78,443,TLSv12,TLS_ECDHE_RSA_WITH_AES_128_GCM_SHA256,secp256r1,d3spquiph2sexc.cloudfront.net,False,True,CsxuknGIti,"['90c0937808b31877df6c4a5c743c99325d974624be3735faa5078cf73d4fd205', 'eae72eb454bf6c3977ebd289e970b2f5282949190093d0d26f98d0f0d6a9cf17']",[],1.0,0ffee3ba8e615ad22535e7f771690a28,76cc3e2d3028143b23ec18e27dbd7ca9,h2,,2990.696001,10.0.2.15,59630,216.137.61.78,443,tcp,4.929248000000371,541.0,5193.0,RSTO,True,False,0,ShADadFR,10,949,11,5637,ssl,0
2991.50924,CSCLlg45FVOQfQaYGc,10.0.2.15,59634,216.137.61.78,443,TLSv12,TLS_ECDHE_RSA_WITH_AES_128_GCM_SHA256,secp256r1,d3spquiph2sexc.cloudfront.net,False,True,CsxuknGIti,"['90c0937808b31877df6c4a5c743c99325d974624be3735faa5078cf73d4fd205', 'eae72eb454bf6c3977ebd289e970b2f5282949190093d0d26f98d0f0d6a9cf17']",[],1.0,0ffee3ba8e615ad22535e7f771690a28,76cc3e2d3028143b23ec18e27dbd7ca9,h2,,2990.698157,10.0.2.15,59634,216.137.61.78,443,tcp,6.089229000000159,541.0,5262.0,RSTO,True,False,0,ShADadFR,10,949,11,5706,ssl,0
2991.512481,CWz0x31bj5M0Frpeca,10.0.2.15,59633,216.137.61.78,443,TLSv12,TLS_ECDHE_RSA_WITH_AES_128_GCM_SHA256,secp256r1,d3spquiph2sexc.cloudfront.net,False,True,CsxuknGIti,"['90c0937808b31877df6c4a5c743c99325d974624be3735faa5078cf73d4fd205', 'eae72eb454bf6c3977ebd289e970b2f5282949190093d0d26f98d0f0d6a9cf17']",[],1.0,0ffee3ba8e615ad22535e7f771690a28,76cc3e2d3028143b23ec18e27dbd7ca9,h2,,2990.697695,10.0.2.15,59633,216.137.61.78,443,tcp,6.128429000000324,541.0,5262.0,RSTO,True,False,0,ShADadFR,10,949,11,5706,ssl,0
2991.51455,CiYY7I2kvgqiXbKHW9,10.0.2.15,59632,216.137.61.78,443,TLSv12,TLS_ECDHE_RSA_WITH_AES_128_GCM_SHA256,secp256r1,d3spquiph2sexc.cloudfront.net,False,True,CsxuknGIti,"['90c0937808b31877df6c4a5c743c99325d974624be3735faa5078cf73d4fd205', 'eae72eb454bf6c3977ebd289e970b2f5282949190093d0d26f98d0f0d6a9cf17']",[],1.0,0ffee3ba8e615ad22535e7f771690a28,76cc3e2d3028143b23ec18e27dbd7ca9,h2,,2990.69692,10.0.2.15,59632,216.137.61.78,443,tcp,6.453448000000208,541.0,5262.0,RSTO,True,False,0,ShADadFR,11,989,11,5706,ssl,0
2991.516616,Cnr6NE1JFMLU0wFj1l,10.0.2.15,59631,216.137.61.78,443,TLSv12,TLS_ECDHE_RSA_WITH_AES_128_GCM_SHA256,secp256r1,d3spquiph2sexc.cloudfront.net,False,True,CsxuknGIti,"['90c0937808b31877df6c4a5c743c99325d974624be3735faa5078cf73d4fd205', 'eae72eb454bf6c3977ebd289e970b2f5282949190093d0d26f98d0f0d6a9cf17']",[],1.0,0ffee3ba8e615ad22535e7f771690a28,76cc3e2d3028143b23ec18e27dbd7ca9,h2,,2990.696501,10.0.2.15,59631,216.137.61.78,443,tcp,6.662600000000111,541.0,5262.0,RSTO,True,False,0,ShADadFR,11,989,11,5706,ssl,0
2986.678937,CZ7nMf1aqVEZjwVpg3,10.0.2.15,59605,104.16.85.27,443,TLSv12,TLS_ECDHE_RSA_WITH_AES_128_GCM_SHA256,secp256r1,www.redbubble.com,False,False,CsxuknGI,"['0635eeb913f20b27a754318b435a36716ab01c442c57951b35c9ef102d564f1e', '403e062a2653059113285baf80a0d4ae422c848c9f78fad01fc94bc5b87fef1a']",[],1.0,0ffee3ba8e615ad22535e7f771690a28,76cc3e2d3028143b23ec18e27dbd7ca9,h2,,2983.743054,10.0.2.15,59605,104.16.85.27,443,tcp,18.612091999999848,483.0,4158.0,SF,True,False,0,ShADadfF,9,851,11,4602,ssl,0
3012.987906,C0Blf4sXsLpHkXqrd,10.0.2.15,59637,172.217.23.238,443,TLSv12,TLS_ECDHE_RSA_WITH_AES_128_GCM_SHA256,,www.google-analytics.com,True,True,CsiI,,,,1a5fe5677b0e4fbbc854e8908225637d,67619a80665d7ab92d1041b1d11f9164,h2,,3011.943571,10.0.2.15,59637,172.217.23.238,443,tcp,283.44635000000017,6644.0,6527.0,SF,True,False,0,ShADadFf,57,8932,76,9571,ssl,0
3013.239197,CSkWbA1X4cFuqP9tb,10.0.2.15,59638,172.217.23.238,443,TLSv12,TLS_ECDHE_RSA_WITH_AES_128_GCM_SHA256,,www.google-analytics.com,True,True,CsiI,,,,1a5fe5677b0e4fbbc854e8908225637d,67619a80665d7ab92d1041b1d11f9164,h2,,3012.21056,10.0.2.15,59638,172.217.23.238,443,tcp,5.47329099999979,808.0,212.0,RSTO,True,False,0,ShADadFR,9,1176,9,576,ssl,0
3012.390789,CEjxnb4hgcPrFfvLta,10.0.2.15,59635,68.232.35.237,443,TLSv12,TLS_ECDHE_RSA_WITH_AES_128_GCM_SHA256,secp256r1,ih0.redbubble.net,False,True,CsxuknGIti,"['7f23cf41c3a01a7cd89cfac908661d1ea87d9031aa63f00c8ffbb3eef791af45', '19400be5b7a31fb733917700789d2f0a2471c0c9d506c0e504c06c16d7cb17c0', '7431e5f4c3c1ce4690774f0b61e05440883ba9a01ed00ba6abd7806ed3b118cf']",[],1.0,0ffee3ba8e615ad22535e7f771690a28,49b45fc1ab090aa3a159778313fc9b9e,h2,,3011.465312,10.0.2.15,59635,68.232.35.237,443,tcp,238.2568000000001,13334.0,1990695.0,SF,True,False,0,ShADadfF,1193,61062,2554,2092859,ssl,0
3013.501246,CZput81mmpCTFUSUpc,10.0.2.15,59639,172.217.23.232,443,TLSv12,TLS_ECDHE_RSA_WITH_AES_128_GCM_SHA256,,www.googletagmanager.com,True,True,CsiI,,,,1a5fe5677b0e4fbbc854e8908225637d,67619a80665d7ab92d1041b1d11f9164,h2,,3012.540308,10.0.2.15,59639,172.217.23.232,443,tcp,184.91838199999984,1232.0,30468.0,SF,True,False,0,ShADadfF,37,2720,62,32952,ssl,0
3013.814012,Cna9s44Zh87FUZyFhl,10.0.2.15,59640,172.217.23.232,443,TLSv12,TLS_ECDHE_RSA_WITH_AES_128_GCM_SHA256,,www.googletagmanager.com,True,True,CsiI,,,,1a5fe5677b0e4fbbc854e8908225637d,67619a80665d7ab92d1041b1d11f9164,h2,,3012.811136,10.0.2.15,59640,172.217.23.232,443,tcp,6.00126500000033,808.0,212.0,RSTO,True,False,0,ShADadFR,9,1176,9,576,ssl,0
3012.970841,CjiaIe2Kz4MGoLeM28,10.0.2.15,59636,68.232.35.237,443,TLSv12,TLS_ECDHE_RSA_WITH_AES_128_GCM_SHA256,secp256r1,ih0.redbubble.net,False,True,CsxuknGIti,"['7f23cf41c3a01a7cd89cfac908661d1ea87d9031aa63f00c8ffbb3eef791af45', '19400be5b7a31fb733917700789d2f0a2471c0c9d506c0e504c06c16d7cb17c0', '7431e5f4c3c1ce4690774f0b61e05440883ba9a01ed00ba6abd7806ed3b118cf']",[],1.0,0ffee3ba8e615ad22535e7f771690a28,49b45fc1ab090aa3a159778313fc9b9e,h2,,3011.72646,10.0.2.15,59636,68.232.35.237,443,tcp,4.698450000000321,529.0,4720.0,RSTO,True,False,0,ShADadFR,10,937,11,5164,ssl,0
3013.912248,CpJHUxEiUwm8TOV18,10.0.2.15,59641,216.58.201.106,443,TLSv12,TLS_ECDHE_RSA_WITH_AES_128_GCM_SHA256,x25519,ajax.googleapis.com,False,True,CsxknGIti,"['0ca616f3b5a49ded9af60777a33ae7119bfd6de6a815dbee0b64d5d69491aa06', '9f630426df1d8abfd80ace98871ba833ab9742cb34838de2b5285ed54c0c7dcc', '3c35cc963eb004451323d3275d05b353235053490d9cd83729a2faf5e7ca1cc0']",[],1.0,0ffee3ba8e615ad22535e7f771690a28,ab41313cfec25328b20865eb1388e0a2,h2,,3012.908596,10.0.2.15,59641,216.58.201.106,443,tcp,193.10303399999972,979.0,10058.0,SF,True,False,0,ShADadFf,23,1907,30,11262,ssl,0
3024.49274,CViTmvnG27djdP3N8,10.0.2.15,59644,104.16.85.27,443,TLSv12,TLS_ECDHE_RSA_WITH_AES_128_GCM_SHA256,,www.redbubble.com,True,True,CsiI,,,,1a5fe5677b0e4fbbc854e8908225637d,7bee5c1d424b7e5f943b06983bb11422,h2,,3023.834314,10.0.2.15,59644,104.16.85.27,443,tcp,284.5901859999999,9830.0,184639.0,SF,True,False,0,ShADadFf,118,14558,214,193203,ssl,0
3018.329473,Cg8pjL3FJrkcQqEjbc,10.0.2.15,59642,104.16.85.27,443,,,,www.redbubble.com,False,False,C,,,,1a5fe5677b0e4fbbc854e8908225637d,,,,3015.46979,10.0.2.15,59642,104.16.85.27,443,tcp,7.725683000000117,517.0,0.0,SF,True,False,0,ShADafF,5,725,4,164,ssl,0
3018.709454,C2WE031UjBpBJ0UvL4,10.0.2.15,59643,104.16.85.27,443,,,,www.redbubble.com,False,False,C,,,,1a5fe5677b0e4fbbc854e8908225637d,,,,3015.725125,10.0.2.15,59643,104.16.85.27,443,tcp,8.070666999999958,517.0,0.0,SF,True,False,0,ShADafF,5,725,4,164,ssl,0
3036.586384,CFfvxv4jgt4YXDvrCi,10.0.2.15,59646,199.96.57.6,443,TLSv12,TLS_ECDHE_RSA_WITH_AES_128_GCM_SHA256,,platform.twitter.com,True,True,CsiI,,,,1a5fe5677b0e4fbbc854e8908225637d,d199ba0af2b08e204c73d6d81a1fd260,http/1.1,,3035.000609,10.0.2.15,59646,199.96.57.6,443,tcp,3.4515379999998,1223.0,573.0,SF,True,False,0,ShADadfF,7,1511,8,897,ssl,0
3037.780091,CcYTniyNnI0jwjOl9,10.0.2.15,59647,199.96.57.6,443,TLSv12,TLS_ECDHE_RSA_WITH_AES_128_GCM_SHA256,,platform.twitter.com,True,True,CsiI,,,,1a5fe5677b0e4fbbc854e8908225637d,d199ba0af2b08e204c73d6d81a1fd260,http/1.1,,3037.177785,10.0.2.15,59647,199.96.57.6,443,tcp,7.070232999999916,599.0,187.0,SF,True,False,0,ShADadFfRr,8,927,9,551,ssl,0
3052.380315,CZQUot3q5KnUh1kXxb,10.0.2.15,59648,151.101.112.207,443,TLSv12,TLS_ECDHE_RSA_WITH_AES_128_GCM_SHA256,secp256r1,js-agent.newrelic.com,False,True,CsxuknGIti,"['ca070501b7e46f43787e9ec2f2d3e72c170cd1881f8200e63bdae1b6ded39ed9', '74ef335e5e18788307fb9d89cb704bec112abd23487dbff41c4ded5070f241d9']",[],1.0,0ffee3ba8e615ad22535e7f771690a28,860fcf58fd757e26aa8911e5eaff6b53,http/1.1,,3052.196525,10.0.2.15,59648,151.101.112.207,443,tcp,114.32383500000014,800.0,6983.0,RSTO,True,False,0,ShADadTTFR,25,1819,29,8147,ssl,0
3052.458556,CSheVN2bofVvjNMDwl,10.0.2.15,59649,52.85.189.105,443,TLSv12,TLS_ECDHE_RSA_WITH_AES_128_GCM_SHA256,secp256r1,cdn.siftscience.com,False,True,CsxuknGIti,"['b749ef44fbb2b93373456032305620e19f2e72b85beb5287b9a2234b178e2aff', '154c433c491929c5ef686e838e323664a00e6a0d822ccc958fb4dab03e49a08f']",[],1.0,0ffee3ba8e615ad22535e7f771690a28,76cc3e2d3028143b23ec18e27dbd7ca9,http/1.1,,3052.266555,10.0.2.15,59649,52.85.189.105,443,tcp,115.59484699999985,685.0,21846.0,SF,True,False,0,ShADadTTFf,34,2064,49,23810,ssl,0
3052.57409,CAE3kr2fWNX9SK8MI9,10.0.2.15,59650,52.85.189.105,443,TLSv12,TLS_ECDHE_RSA_WITH_AES_128_GCM_SHA256,secp256r1,cdn.siftscience.com,False,True,CsxuknGIti,"['b749ef44fbb2b93373456032305620e19f2e72b85beb5287b9a2234b178e2aff', '154c433c491929c5ef686e838e323664a00e6a0d822ccc958fb4dab03e49a08f']",[],1.0,0ffee3ba8e615ad22535e7f771690a28,76cc3e2d3028143b23ec18e27dbd7ca9,http/1.1,,3052.410642,10.0.2.15,59650,52.85.189.105,443,tcp,5.157177000000047,353.0,3693.0,SF,True,False,0,ShADadFf,10,761,12,4177,ssl,0
3052.61524,Ck16sjT8ME2VLlmp9,10.0.2.15,59651,95.100.185.157,443,TLSv12,TLS_ECDHE_RSA_WITH_AES_256_GCM_SHA384,secp256r1,s.adroll.com,False,True,CsxknGIti,"['d38e7a401fb763e3303599f758931f9093f5e3664f1e5488e26fd64dc8f8a63a', 'eae72eb454bf6c3977ebd289e970b2f5282949190093d0d26f98d0f0d6a9cf17', '8420dfbe376f414bf4c0a81e6936d24ccc03f304835b86c7a39142fca723a689']",[],1.0,0ffee3ba8e615ad22535e7f771690a28,2b33c1374db4ddf06942f92373c0b54b,http/1.1,,3052.413842,10.0.2.15,59651,95.100.185.157,443,tcp,115.40403700000024,782.0,5297.0,SF,True,False,0,ShADadTTFRfr,24,1761,28,6421,ssl,0
3052.692225,Ccejra8SUn2HRiaAa,10.0.2.15,59652,95.100.185.157,443,TLSv12,TLS_ECDHE_RSA_WITH_AES_256_GCM_SHA384,secp256r1,s.adroll.com,False,True,CsxknGIti,"['d38e7a401fb763e3303599f758931f9093f5e3664f1e5488e26fd64dc8f8a63a', 'eae72eb454bf6c3977ebd289e970b2f5282949190093d0d26f98d0f0d6a9cf17', '8420dfbe376f414bf4c0a81e6936d24ccc03f304835b86c7a39142fca723a689']",[],1.0,0ffee3ba8e615ad22535e7f771690a28,2b33c1374db4ddf06942f92373c0b54b,http/1.1,,3052.414415,10.0.2.15,59652,95.100.185.157,443,tcp,5.17195300000003,346.0,4844.0,SF,True,False,0,ShADadFfRr,12,834,15,5448,ssl,0
3052.927982,CPvOyU2RZUsvWyPBD7,10.0.2.15,59653,95.100.185.157,443,TLSv12,TLS_ECDHE_RSA_WITH_AES_256_GCM_SHA384,secp256r1,s.adroll.com,False,True,CsxknGIti,"['d38e7a401fb763e3303599f758931f9093f5e3664f1e5488e26fd64dc8f8a63a', 'eae72eb454bf6c3977ebd289e970b2f5282949190093d0d26f98d0f0d6a9cf17', '8420dfbe376f414bf4c0a81e6936d24ccc03f304835b86c7a39142fca723a689']",[],1.0,0ffee3ba8e615ad22535e7f771690a28,2b33c1374db4ddf06942f92373c0b54b,http/1.1,,3052.666305,10.0.2.15,59653,95.100.185.157,443,tcp,118.95500300000003,744.0,7793.0,SF,True,False,0,ShADadTTFfRr,27,1843,32,9077,ssl,0
3053.853761,CrRI1X3ePuu9sBA2gi,10.0.2.15,59659,162.247.242.19,443,TLSv12,TLS_DHE_RSA_WITH_AES_256_CBC_SHA,,bam.nr-data.net,False,True,CsxknGIi,"['e7489ed1f465ba2b3ce0faef3a43a3895cd097733dbb5b713df8b299270ca145', '074541ecdf88ed992ed5ade3ecddef27a26ba1b44480a195c0a8dadae2521d8e']",[],1.0,0ffee3ba8e615ad22535e7f771690a28,d90fa179c9daf35598ed8341272118f7,,,3053.292181,10.0.2.15,59659,162.247.242.19,443,tcp,100.42258600000014,1312.0,3785.0,SF,True,False,0,ShADadTfF,20,2129,21,4629,ssl,0
3053.884486,CrPNcZ01Jgs1Mzhsd,10.0.2.15,59663,162.247.242.19,443,TLSv12,TLS_DHE_RSA_WITH_AES_256_CBC_SHA,,bam.nr-data.net,False,True,CsxknGIi,"['e7489ed1f465ba2b3ce0faef3a43a3895cd097733dbb5b713df8b299270ca145', '074541ecdf88ed992ed5ade3ecddef27a26ba1b44480a195c0a8dadae2521d8e']",[],1.0,0ffee3ba8e615ad22535e7f771690a28,d90fa179c9daf35598ed8341272118f7,,,3053.359435,10.0.2.15,59663,162.247.242.19,443,tcp,6.969755000000077,459.0,3476.0,SF,True,False,0,ShADadFf,9,827,10,3880,ssl,0
3054.196754,CSgjv41PnnVQJnrXJ8,10.0.2.15,59664,162.247.242.19,443,TLSv12,TLS_DHE_RSA_WITH_AES_256_CBC_SHA,,bam.nr-data.net,False,True,CsxknGIi,"['e7489ed1f465ba2b3ce0faef3a43a3895cd097733dbb5b713df8b299270ca145', '074541ecdf88ed992ed5ade3ecddef27a26ba1b44480a195c0a8dadae2521d8e']",[],1.0,0ffee3ba8e615ad22535e7f771690a28,d90fa179c9daf35598ed8341272118f7,,,3053.619779,10.0.2.15,59664,162.247.242.19,443,tcp,6.666147999999794,459.0,3476.0,SF,True,False,0,ShADadFf,9,827,10,3880,ssl,0
3054.395508,CBPmgaN2o3yee44r3,10.0.2.15,59665,54.175.246.215,443,TLSv12,TLS_ECDHE_RSA_WITH_AES_128_GCM_SHA256,secp256r1,hexagon-analytics.com,False,True,CsxknGIti,"['37083212b7c42bf6fdd364cd36a6f6f2ee0b31ac33b096f2ea38636d18774c5f', '154c433c491929c5ef686e838e323664a00e6a0d822ccc958fb4dab03e49a08f']",[],1.0,0ffee3ba8e615ad22535e7f771690a28,8d2a028aa94425f76ced7826b1f39039,h2,,3054.124108,10.0.2.15,59665,54.175.246.215,443,tcp,184.98947700000008,694.0,3444.0,SF,True,False,0,ShADadFf,18,1422,21,4288,ssl,0
3054.498045,CgKyV535SyMyJPHSk4,10.0.2.15,59667,54.228.206.91,443,TLSv12,TLS_ECDHE_RSA_WITH_AES_128_GCM_SHA256,secp256r1,d.adroll.com,False,True,CsxknGIi,"['30d9e6a96455a203c6d0e675630de083191a9ec88b4ede4851365088792e1417', 'e6683e88315cd1cb403c0cea490f7c4b4c82c91cd485037489aadbaa90839f61', 'ff856a2d251dcd88d36656f450126798cfabaade40799c722de4d2b5db36a73a']",[],1.0,0ffee3ba8e615ad22535e7f771690a28,303951d4c50efb2e991652225a6f02b1,,,3054.384163,10.0.2.15,59667,54.228.206.91,443,tcp,71.7352719999999,2714.0,7712.0,SF,True,False,0,ShADadTFf,23,3648,28,8836,ssl,0
3054.500391,C9KnyE2vssY2VhtvC4,10.0.2.15,59668,54.228.206.91,443,TLSv12,TLS_ECDHE_RSA_WITH_AES_128_GCM_SHA256,secp256r1,d.adroll.com,False,True,CsxknGIi,"['30d9e6a96455a203c6d0e675630de083191a9ec88b4ede4851365088792e1417', 'e6683e88315cd1cb403c0cea490f7c4b4c82c91cd485037489aadbaa90839f61', 'ff856a2d251dcd88d36656f450126798cfabaade40799c722de4d2b5db36a73a']",[],1.0,0ffee3ba8e615ad22535e7f771690a28,303951d4c50efb2e991652225a6f02b1,,,3054.385163,10.0.2.15,59668,54.228.206.91,443,tcp,67.94227300000011,2373.0,7373.0,SF,True,False,0,ShADadTFf,21,3227,28,8497,ssl,0
3054.597566,C0haNN61fLt4rh4di,10.0.2.15,59669,54.175.246.215,443,TLSv12,TLS_ECDHE_RSA_WITH_AES_128_GCM_SHA256,secp256r1,hexagon-analytics.com,False,True,CsxknGIti,"['37083212b7c42bf6fdd364cd36a6f6f2ee0b31ac33b096f2ea38636d18774c5f', '154c433c491929c5ef686e838e323664a00e6a0d822ccc958fb4dab03e49a08f']",[],1.0,0ffee3ba8e615ad22535e7f771690a28,8d2a028aa94425f76ced7826b1f39039,h2,,3054.386197,10.0.2.15,59669,54.175.246.215,443,tcp,3.200195000000349,564.0,3352.0,SF,True,False,0,ShADadFfRr,13,1092,17,4036,ssl,0
3054.394345,CV3IjJ3Q7gicilQuSc,10.0.2.15,59666,54.175.246.215,443,TLSv12,TLS_ECDHE_RSA_WITH_AES_128_GCM_SHA256,secp256r1,hexagon-analytics.com,False,True,CsxknGIti,"['37083212b7c42bf6fdd364cd36a6f6f2ee0b31ac33b096f2ea38636d18774c5f', '154c433c491929c5ef686e838e323664a00e6a0d822ccc958fb4dab03e49a08f']",[],1.0,0ffee3ba8e615ad22535e7f771690a28,8d2a028aa94425f76ced7826b1f39039,h2,,3054.126387,10.0.2.15,59666,54.175.246.215,443,tcp,4.383026000000427,1208.0,3647.0,SF,True,False,0,ShADadFf,15,1816,19,4411,ssl,0
3058.262051,CWbsBlsnjDGpz3f0b,10.0.2.15,59691,54.228.206.91,443,TLSv12,TLS_ECDHE_RSA_WITH_AES_128_GCM_SHA256,,d.adroll.com,True,True,CsiI,,,,0ffee3ba8e615ad22535e7f771690a28,303951d4c50efb2e991652225a6f02b1,,,3057.678395,10.0.2.15,59691,54.228.206.91,443,tcp,64.61363100000017,678.0,989.0,SF,True,False,0,ShADadTFf,14,1252,15,1593,ssl,0
3058.26266,CkktCU2tXTukMWliV1,10.0.2.15,59688,54.228.206.91,443,TLSv12,TLS_ECDHE_RSA_WITH_AES_128_GCM_SHA256,,d.adroll.com,True,True,CsiI,,,,0ffee3ba8e615ad22535e7f771690a28,303951d4c50efb2e991652225a6f02b1,,,3057.662118,10.0.2.15,59688,54.228.206.91,443,tcp,64.66095299999961,678.0,665.0,SF,True,False,0,ShADadTFf,14,1252,15,1269,ssl,0
3058.263584,CviUts1IgDM3qUlq09,10.0.2.15,59690,54.228.206.91,443,TLSv12,TLS_ECDHE_RSA_WITH_AES_128_GCM_SHA256,,d.adroll.com,True,True,CsiI,,,,0ffee3ba8e615ad22535e7f771690a28,303951d4c50efb2e991652225a6f02b1,,,3057.668695,10.0.2.15,59690,54.228.206.91,443,tcp,64.6444660000002,678.0,847.0,SF,True,False,0,ShADadTFf,14,1252,16,1491,ssl,0
3058.265235,CMoNnJ2DiTj9Xdzmq,10.0.2.15,59689,54.228.206.91,443,TLSv12,TLS_ECDHE_RSA_WITH_AES_128_GCM_SHA256,,d.adroll.com,True,True,CsiI,,,,0ffee3ba8e615ad22535e7f771690a28,303951d4c50efb2e991652225a6f02b1,,,3057.666325,10.0.2.15,59689,54.228.206.91,443,tcp,64.710059,678.0,853.0,SF,True,False,0,ShADadTFf,14,1252,15,1457,ssl,0
3058.387135,CLXP1T7D9fSU6Z5x3,10.0.2.15,59692,185.33.222.236,443,TLSv12,TLS_ECDHE_RSA_WITH_AES_256_GCM_SHA384,secp256r1,secure.adnxs.com,False,True,CsxuknGIti,"['5b081650e8034418a37504ce0820892be5a66474578207711eb688243fe1a8f2', '074541ecdf88ed992ed5ade3ecddef27a26ba1b44480a195c0a8dadae2521d8e']",[],1.0,0ffee3ba8e615ad22535e7f771690a28,d53e4608f956df65bb2b8a8c4d3b025d,,,3058.223848,10.0.2.15,59692,185.33.222.236,443,tcp,10.860771000000112,2744.0,7828.0,SF,True,False,0,ShADadfF,15,3352,21,8672,ssl,0
3058.320936,CLXOcqomPh1x03ZG,10.0.2.15,59693,216.58.201.66,443,TLSv12,TLS_ECDHE_RSA_WITH_AES_128_GCM_SHA256,x25519,googleads.g.doubleclick.net,False,True,CsxknGIti,"['a32ffddd76f9e7debbfc9a37b38d2ef86039b30a10d7c45ab8223d149cf99699', '9f630426df1d8abfd80ace98871ba833ab9742cb34838de2b5285ed54c0c7dcc', '3c35cc963eb004451323d3275d05b353235053490d9cd83729a2faf5e7ca1cc0']",[],1.0,0ffee3ba8e615ad22535e7f771690a28,ab41313cfec25328b20865eb1388e0a2,h2,,3058.22546,10.0.2.15,59693,216.58.201.66,443,tcp,370.9989379999997,3064.0,9252.0,SF,True,False,0,ShADadFf,40,4672,49,11216,ssl,0
3058.862726,Crzyj2XJV55WW9Sn5,10.0.2.15,59699,185.33.222.236,443,TLSv12,TLS_ECDHE_RSA_WITH_AES_256_GCM_SHA384,secp256r1,secure.adnxs.com,False,True,CsxuknGIti,"['5b081650e8034418a37504ce0820892be5a66474578207711eb688243fe1a8f2', '074541ecdf88ed992ed5ade3ecddef27a26ba1b44480a195c0a8dadae2521d8e']",[],1.0,0ffee3ba8e615ad22535e7f771690a28,d53e4608f956df65bb2b8a8c4d3b025d,,,3058.521704,10.0.2.15,59699,185.33.222.236,443,tcp,7.115317999999661,350.0,4867.0,SF,True,False,0,ShADadFf,11,798,14,5431,ssl,0
3058.911775,CLFJ582ikkEQbGCJee,10.0.2.15,59700,185.33.222.236,443,TLSv12,TLS_ECDHE_RSA_WITH_AES_256_GCM_SHA384,secp256r1,secure.adnxs.com,False,True,CsxuknGIti,"['5b081650e8034418a37504ce0820892be5a66474578207711eb688243fe1a8f2', '074541ecdf88ed992ed5ade3ecddef27a26ba1b44480a195c0a8dadae2521d8e']",[],1.0,0ffee3ba8e615ad22535e7f771690a28,d53e4608f956df65bb2b8a8c4d3b025d,,,3058.524064,10.0.2.15,59700,185.33.222.236,443,tcp,7.094844999999623,350.0,4867.0,SF,True,False,0,ShADadFf,11,798,14,5431,ssl,0
3058.589638,CnGFkK3Rl2SnrnjRt4,10.0.2.15,59696,62.51.0.45,443,TLSv12,TLS_RSA_WITH_AES_128_CBC_SHA,,ums.adtech.de,False,True,CsxnGIi,"['83dc825a285d75874ad3093d3c109950d638be3a813b789cebec11ec6396cc8f', '3b0cc20384ad7f24eb438f2b80c63ebe003f7f215b8877e418ebb0484028db57', '6b143c2005d5539cc22eab5f772db2a9fe87467feffa07fcf0a9f7d28274ca7a']",[],1.0,0ffee3ba8e615ad22535e7f771690a28,5397c414a9ebeaff1bf18b70ca22eaa0,,,3058.29518,10.0.2.15,59696,62.51.0.45,443,tcp,17.974267000000054,1001.0,4251.0,SF,True,False,0,ShADadTfF,12,1490,15,4855,ssl,0
3058.565705,Ckdc9n1m01oaDzUzR8,10.0.2.15,59694,185.33.222.236,443,TLSv12,TLS_ECDHE_RSA_WITH_AES_256_GCM_SHA384,secp256r1,secure.adnxs.com,False,True,CsxuknGIti,"['5b081650e8034418a37504ce0820892be5a66474578207711eb688243fe1a8f2', '074541ecdf88ed992ed5ade3ecddef27a26ba1b44480a195c0a8dadae2521d8e']",[],1.0,0ffee3ba8e615ad22535e7f771690a28,d53e4608f956df65bb2b8a8c4d3b025d,,,3058.266947,10.0.2.15,59694,185.33.222.236,443,tcp,13.299638999999845,2744.0,7828.0,SF,True,False,0,ShADadTfF,16,3393,22,8712,ssl,0
3058.710616,CE1QWx2h9OBUB24t4,10.0.2.15,59698,62.67.193.75,443,TLSv12,TLS_RSA_WITH_AES_256_CBC_SHA,,pixel.rubiconproject.com,False,True,CsxnGIi,"['323de379ee34a94e415f63b56183d0d5d0e5a863f4ac89f97dc40ae81cc021c8', '154c433c491929c5ef686e838e323664a00e6a0d822ccc958fb4dab03e49a08f']",[],1.0,0ffee3ba8e615ad22535e7f771690a28,0a917d753018dad73d9899ace370f8d8,,,3058.391095,10.0.2.15,59698,62.67.193.75,443,tcp,117.35105699999986,5849.0,4921.0,SF,True,False,0,ShADadTTFf,25,6868,25,5925,ssl,0
3058.574313,CXfyq24netuIwI8nyg,10.0.2.15,59695,185.33.222.236,443,TLSv12,TLS_ECDHE_RSA_WITH_AES_256_GCM_SHA384,secp256r1,secure.adnxs.com,False,True,CsxuknGIti,"['5b081650e8034418a37504ce0820892be5a66474578207711eb688243fe1a8f2', '074541ecdf88ed992ed5ade3ecddef27a26ba1b44480a195c0a8dadae2521d8e']",[],1.0,0ffee3ba8e615ad22535e7f771690a28,d53e4608f956df65bb2b8a8c4d3b025d,,,3058.268328,10.0.2.15,59695,185.33.222.236,443,tcp,7.32957499999975,350.0,4867.0,SF,True,False,0,ShADadFf,11,798,14,5431,ssl,0
3058.709427,CTQOUpxIGJX7J0jE2,10.0.2.15,59697,62.51.0.45,443,TLSv12,TLS_RSA_WITH_AES_128_CBC_SHA,,ums.adtech.de,False,True,CsxnGIi,"['83dc825a285d75874ad3093d3c109950d638be3a813b789cebec11ec6396cc8f', '3b0cc20384ad7f24eb438f2b80c63ebe003f7f215b8877e418ebb0484028db57', '6b143c2005d5539cc22eab5f772db2a9fe87467feffa07fcf0a9f7d28274ca7a']",[],1.0,0ffee3ba8e615ad22535e7f771690a28,5397c414a9ebeaff1bf18b70ca22eaa0,,,3058.389726,10.0.2.15,59697,62.51.0.45,443,tcp,7.202298000000155,585.0,4001.0,SF,True,False,0,ShADadFf,10,993,12,4485,ssl,0
3059.574966,CJsaO52lqghArGpJa3,10.0.2.15,59707,173.241.240.143,443,TLSv12,TLS_ECDHE_RSA_WITH_AES_128_GCM_SHA256,secp256r1,us-u.openx.net,False,True,CsxknGIi,"['ab7de06ea7a3de3225f335667d38750434931049f9e9cb0cb4a9caf5df22819c', '074541ecdf88ed992ed5ade3ecddef27a26ba1b44480a195c0a8dadae2521d8e']",[],1.0,0ffee3ba8e615ad22535e7f771690a28,699a80bdb17efe157c861f92c5bf5d1d,,,3059.065097,10.0.2.15,59707,173.241.240.143,443,tcp,32.90012399999978,836.0,3255.0,SF,True,False,0,ShADadTfF,12,1326,14,3819,ssl,0
3059.411858,C1UkuI2WgHRyokw3L8,10.0.2.15,59705,95.101.245.177,443,TLSv12,TLS_ECDHE_RSA_WITH_AES_256_GCM_SHA384,secp256r1,dsum-sec.casalemedia.com,False,True,CsxknGIti,"['089b510ac565aa1b2f05236cba3421cb755641c1bd4eeb25a856954a4c1d7cfb', '074541ecdf88ed992ed5ade3ecddef27a26ba1b44480a195c0a8dadae2521d8e']",[],1.0,0ffee3ba8e615ad22535e7f771690a28,2b33c1374db4ddf06942f92373c0b54b,http/1.1,,3058.958532,10.0.2.15,59705,95.101.245.177,443,tcp,117.78500799999983,2935.0,6845.0,RSTO,True,False,0,ShADadTTFR,24,3914,28,7969,ssl,0
3059.573848,C4XR863TQRtT6ntqn1,10.0.2.15,59706,52.72.103.161,443,TLSv12,TLS_ECDHE_RSA_WITH_AES_128_GCM_SHA256,secp256r1,idsync.rlcdn.com,False,True,CsxknGIi,"['7c75ac9ac997d5af7e63eee4070015e373d07d15fa206505a14434fb86a90686', '973a41276ffd01e027a2aad49e34c37846d3e976ff6a620b6712e33832041aa6', '3a2fbe92891e57fe05d57087f48e730f17e5a5f53ef403d618e5b74d7a7e6ecb', 'c3846bf24b9e93ca64274c0ec67c1ecc5e024ffcacd2d74019350e81fe546ae4']",[],1.0,0ffee3ba8e615ad22535e7f771690a28,303951d4c50efb2e991652225a6f02b1,,,3059.006648,10.0.2.15,59706,52.72.103.161,443,tcp,68.44813900000008,1397.0,6405.0,SF,True,False,0,ShADadTFf,18,2131,21,7249,ssl,0
3059.815719,CsD4Io4mGckavA11Z1,10.0.2.15,59709,173.241.240.143,443,TLSv12,TLS_ECDHE_RSA_WITH_AES_128_GCM_SHA256,secp256r1,us-u.openx.net,False,True,CsxknGIi,"['ab7de06ea7a3de3225f335667d38750434931049f9e9cb0cb4a9caf5df22819c', '074541ecdf88ed992ed5ade3ecddef27a26ba1b44480a195c0a8dadae2521d8e']",[],1.0,0ffee3ba8e615ad22535e7f771690a28,699a80bdb17efe157c861f92c5bf5d1d,,,3059.317805,10.0.2.15,59709,173.241.240.143,443,tcp,6.73107600000003,380.0,3124.0,SF,True,False,0,ShADadFfRr,10,788,12,3608,ssl,0
3061.80503,CONdby30piMHttJLdf,10.0.2.15,59703,95.101.245.177,443,TLSv12,TLS_ECDHE_RSA_WITH_AES_256_GCM_SHA384,,dsum-sec.casalemedia.com,True,True,CsiI,,,,1a5fe5677b0e4fbbc854e8908225637d,410b9bedaf65dd26c6fe547154d60db4,http/1.1,,3058.703501,10.0.2.15,59703,95.101.245.177,443,tcp,8.541243000000122,599.0,183.0,SF,True,False,0,ShADadFfRr,9,975,9,547,ssl,0
3061.807012,CMuGx84zLVu72rN6P4,10.0.2.15,59702,62.67.193.75,443,TLSv12,TLS_RSA_WITH_AES_256_CBC_SHA,,pixel.rubiconproject.com,False,True,CsxnGIi,"['323de379ee34a94e415f63b56183d0d5d0e5a863f4ac89f97dc40ae81cc021c8', '154c433c491929c5ef686e838e323664a00e6a0d822ccc958fb4dab03e49a08f']",[],1.0,0ffee3ba8e615ad22535e7f771690a28,0a917d753018dad73d9899ace370f8d8,,,3058.650564,10.0.2.15,59702,62.67.193.75,443,tcp,8.573597999999947,628.0,2719.0,SF,True,False,0,ShADadFf,10,1044,9,3083,ssl,0
3061.808516,C2k4OI33AHOgCCIXu,10.0.2.15,59701,62.51.0.45,443,TLSv12,TLS_RSA_WITH_AES_128_CBC_SHA,,ums.adtech.de,False,True,CsxnGIi,"['83dc825a285d75874ad3093d3c109950d638be3a813b789cebec11ec6396cc8f', '3b0cc20384ad7f24eb438f2b80c63ebe003f7f215b8877e418ebb0484028db57', '6b143c2005d5539cc22eab5f772db2a9fe87467feffa07fcf0a9f7d28274ca7a']",[],1.0,0ffee3ba8e615ad22535e7f771690a28,5397c414a9ebeaff1bf18b70ca22eaa0,,,3058.648732,10.0.2.15,59701,62.51.0.45,443,tcp,8.570388000000094,585.0,4001.0,SF,True,False,0,ShADadFf,11,1041,12,4485,ssl,0
3059.915096,CPJLevhVhugT7oaug,10.0.2.15,59708,52.72.103.161,443,TLSv12,TLS_ECDHE_RSA_WITH_AES_128_GCM_SHA256,secp256r1,idsync.rlcdn.com,False,True,CsxknGIi,"['7c75ac9ac997d5af7e63eee4070015e373d07d15fa206505a14434fb86a90686', '973a41276ffd01e027a2aad49e34c37846d3e976ff6a620b6712e33832041aa6', '3a2fbe92891e57fe05d57087f48e730f17e5a5f53ef403d618e5b74d7a7e6ecb', 'c3846bf24b9e93ca64274c0ec67c1ecc5e024ffcacd2d74019350e81fe546ae4']",[],1.0,0ffee3ba8e615ad22535e7f771690a28,303951d4c50efb2e991652225a6f02b1,,,3059.259018,10.0.2.15,59708,52.72.103.161,443,tcp,6.868303999999625,350.0,5275.0,SF,True,False,0,ShADadFfRr,12,838,15,5879,ssl,0
3060.962511,C9Ncwt4YWq1Z454Ka,10.0.2.15,59712,198.47.127.15,443,TLSv12,TLS_RSA_WITH_3DES_EDE_CBC_SHA,,simage2.pubmatic.com,False,True,CsxnGIi,"['cff54ceae5bc84cde0613894d40cbecfeede547bfdef6b9458b626c348f09d84', '111006378afbe8e99bb02ba87390ca429fca2773f74d7f7eb5744f5ddf68014b', '4f32d5dc00f715250abcc486511e37f501a899deb3bf7ea8adbbd3aef1c412da']",[],1.0,0ffee3ba8e615ad22535e7f771690a28,ccf031939aa8979b73a604c356f7fd68,,,3060.215207,10.0.2.15,59712,198.47.127.15,443,tcp,5.453948999999739,4949.0,5556.0,SF,True,False,0,ShADadFf,15,5557,19,6320,ssl,0
3062.136362,CAeYPkzPwuTmBLomc,10.0.2.15,59704,31.13.77.36,443,TLSv12,TLS_ECDHE_ECDSA_WITH_AES_128_GCM_SHA256,secp256r1,www.facebook.com,False,True,CsxknGIti,"['152151b387412a95ab90fd4664f2d98880408e9e43913124e4c91226a483386b', '19400be5b7a31fb733917700789d2f0a2471c0c9d506c0e504c06c16d7cb17c0']",[],1.0,0ffee3ba8e615ad22535e7f771690a28,2d1eb5817ece335c24904f516ad5da12,h2,,3058.705005,10.0.2.15,59704,31.13.77.36,443,tcp,268.1085500000004,2141.0,4866.0,SF,True,False,0,ShADadfF,25,3157,30,6070,ssl,0
3060.800392,C0czGVmYaDpf0USTd,10.0.2.15,59711,217.12.15.83,443,TLSv12,TLS_ECDHE_RSA_WITH_AES_128_GCM_SHA256,secp256r1,ads.yahoo.com,False,True,CsxknGIti,"['aaab982de106f191dd3d06d3f44eada0b8a2b0a6692636e9ff628a677f3eb65c', 'eae72eb454bf6c3977ebd289e970b2f5282949190093d0d26f98d0f0d6a9cf17']",[],1.0,0ffee3ba8e615ad22535e7f771690a28,389ed42c02ebecc32e73aa31def07e14,,,3059.842622,10.0.2.15,59711,217.12.15.83,443,tcp,20.084057999999917,783.0,4181.0,SF,True,False,0,ShADadTFf,12,1272,13,4705,ssl,0
3062.547823,CP46v41ieFYR79xV41,10.0.2.15,59725,185.33.222.8,443,TLSv12,TLS_ECDHE_RSA_WITH_AES_256_GCM_SHA384,secp256r1,ib.adnxs.com,False,True,CsxuknGIti,"['5b081650e8034418a37504ce0820892be5a66474578207711eb688243fe1a8f2', '074541ecdf88ed992ed5ade3ecddef27a26ba1b44480a195c0a8dadae2521d8e']",[],1.0,0ffee3ba8e615ad22535e7f771690a28,d53e4608f956df65bb2b8a8c4d3b025d,,,3062.293492,10.0.2.15,59725,185.33.222.8,443,tcp,12.254681000000346,2808.0,7829.0,SF,True,False,0,ShADadTFf,15,3417,22,8713,ssl,0
3061.365669,CxBOKjFqudwXsi1oc,10.0.2.15,59716,198.47.127.15,443,TLSv12,TLS_RSA_WITH_3DES_EDE_CBC_SHA,,simage2.pubmatic.com,False,True,CsxnGIi,"['cff54ceae5bc84cde0613894d40cbecfeede547bfdef6b9458b626c348f09d84', '111006378afbe8e99bb02ba87390ca429fca2773f74d7f7eb5744f5ddf68014b', '4f32d5dc00f715250abcc486511e37f501a899deb3bf7ea8adbbd3aef1c412da']",[],1.0,0ffee3ba8e615ad22535e7f771690a28,ccf031939aa8979b73a604c356f7fd68,,,3060.47354,10.0.2.15,59716,198.47.127.15,443,tcp,6.785766999999851,560.0,4567.0,SF,True,False,0,ShADadFf,10,968,11,5011,ssl,0
3060.181348,CYKQxd11UZjn6S3mCf,10.0.2.15,59710,217.12.15.83,443,TLSv12,TLS_ECDHE_RSA_WITH_AES_128_GCM_SHA256,secp256r1,ads.yahoo.com,False,True,CsxknGIti,"['aaab982de106f191dd3d06d3f44eada0b8a2b0a6692636e9ff628a677f3eb65c', 'eae72eb454bf6c3977ebd289e970b2f5282949190093d0d26f98d0f0d6a9cf17']",[],1.0,0ffee3ba8e615ad22535e7f771690a28,389ed42c02ebecc32e73aa31def07e14,,,3059.567557,10.0.2.15,59710,217.12.15.83,443,tcp,20.07634200000029,858.0,3938.0,SF,True,False,0,ShADadTfF,11,1307,15,4542,ssl,0
3063.736262,CZsq253ugnTfirGoYf,10.0.2.15,59728,172.217.23.227,443,TLSv12,TLS_ECDHE_RSA_WITH_AES_128_GCM_SHA256,,www.google.cz,True,True,CsiI,,,,1a5fe5677b0e4fbbc854e8908225637d,67619a80665d7ab92d1041b1d11f9164,h2,,3063.554465,10.0.2.15,59728,172.217.23.227,443,tcp,380.9717579999997,5029.0,1825.0,SF,True,False,0,ShADadFf,36,6477,43,3549,ssl,0
3063.922594,CDpJJt4aDbK6yftbk4,10.0.2.15,59721,185.33.222.8,443,TLSv12,TLS_ECDHE_RSA_WITH_AES_256_GCM_SHA384,,ib.adnxs.com,True,True,CsiI,,,,1a5fe5677b0e4fbbc854e8908225637d,266bd998df907f9d5064d7f4c208b200,,,3060.82723,10.0.2.15,59721,185.33.222.8,443,tcp,8.659497000000101,599.0,141.0,SF,True,False,0,ShADadFf,8,935,7,425,ssl,0
3064.186487,CtiXEC2lF1PYwePNk5,10.0.2.15,59722,104.199.107.210,443,TLSv12,TLS_ECDHE_RSA_WITH_AES_128_GCM_SHA256,secp256r1,x.bidswitch.net,False,True,CsxknGIti,"['6710fb217b2e1c9d2a9394e53e369972943bb04823ae76a38f0ed2d28ac778a4', '02ab57e4e67a0cb48dd2ff34830e8ac40f4476fb08ca6be3f5cd846f646840f0', '4f32d5dc00f715250abcc486511e37f501a899deb3bf7ea8adbbd3aef1c412da', '687fa451382278fff0c8b11f8d43d576671c6eb2bceab413fb83d965d06d2ff2']",[],1.0,0ffee3ba8e615ad22535e7f771690a28,ccc514751b175866924439bdbb5bba34,,,3061.143773,10.0.2.15,59722,104.199.107.210,443,tcp,3.202998000000207,835.0,6445.0,RSTO,True,False,0,ShADadFR,10,1243,13,6969,ssl,0
3064.065284,CHE9623leRjB4GQBx,10.0.2.15,59729,173.203.15.238,443,TLSv12,TLS_ECDHE_RSA_WITH_AES_256_GCM_SHA384,secp256r1,www.carid.com,False,True,CsxknGIti,"['e5cca0b6024d09656670446591ed4334f88ebb38bd518c779ecbbf3b3a9feac1', 'eae72eb454bf6c3977ebd289e970b2f5282949190093d0d26f98d0f0d6a9cf17']",[],1.0,0ffee3ba8e615ad22535e7f771690a28,a39e18564e32e1822751c4af0bfba817,h2,,3063.767902,10.0.2.15,59729,173.203.15.238,443,tcp,289.2104690000001,10426.0,374606.0,SF,True,False,0,ShADadFf,265,21034,398,390530,ssl,0
3064.480614,Cvfhoj37wfjQlYb941,10.0.2.15,59731,104.16.227.229,443,TLSv12,TLS_ECDHE_RSA_WITH_AES_128_GCM_SHA256,secp256r1,www-0.redbubble.com,False,True,CsxknGIti,"['d085bc9974d3fcb1002f95418b84a1c6f0da978080c494c6b7aa8f353add34ad', '154c433c491929c5ef686e838e323664a00e6a0d822ccc958fb4dab03e49a08f']",[],1.0,0ffee3ba8e615ad22535e7f771690a28,b898351eb5e266aefd3723d466935494,h2,,3064.444383,10.0.2.15,59731,104.16.227.229,443,tcp,202.25247799999988,1256.0,134198.0,SF,True,False,0,ShADadFf,87,4744,164,140762,ssl,0
3064.587687,CszMJz3uuAQscdbYve,10.0.2.15,59734,172.217.23.194,443,TLSv12,TLS_ECDHE_RSA_WITH_AES_128_GCM_SHA256,,www.googleadservices.com,True,True,CsiI,,,,1a5fe5677b0e4fbbc854e8908225637d,67619a80665d7ab92d1041b1d11f9164,h2,,3064.479696,10.0.2.15,59734,172.217.23.194,443,tcp,176.06473200000028,984.0,444.0,SF,True,False,0,ShADadfF,16,1632,19,1208,ssl,0
3064.586902,ClWd4Y3otqieYU4ePd,10.0.2.15,59732,172.217.23.238,443,TLSv12,TLS_ECDHE_ECDSA_WITH_AES_128_GCM_SHA256,x25519,www.googlecommerce.com,False,True,CsxknGIti,"['11ddd329046367c19b32ffdb02ed308de129de4d6ffcf95856d7bd6a7accfba9', '9f630426df1d8abfd80ace98871ba833ab9742cb34838de2b5285ed54c0c7dcc', '3c35cc963eb004451323d3275d05b353235053490d9cd83729a2faf5e7ca1cc0']",[],1.0,0ffee3ba8e615ad22535e7f771690a28,84480cf8cf0e732666092640e581e1a5,h2,,3064.47276,10.0.2.15,59732,172.217.23.238,443,tcp,236.37250300000005,1282.0,6898.0,SF,True,False,0,ShADadFf,27,2370,34,8262,ssl,0
3064.586088,C8EL7z1KkLhUo0ckZd,10.0.2.15,59730,68.232.35.237,443,TLSv12,TLS_ECDHE_RSA_WITH_AES_128_GCM_SHA256,secp256r1,ih1.redbubble.net,False,True,CsxuknGIti,"['7f23cf41c3a01a7cd89cfac908661d1ea87d9031aa63f00c8ffbb3eef791af45', '19400be5b7a31fb733917700789d2f0a2471c0c9d506c0e504c06c16d7cb17c0', '7431e5f4c3c1ce4690774f0b61e05440883ba9a01ed00ba6abd7806ed3b118cf']",[],1.0,0ffee3ba8e615ad22535e7f771690a28,49b45fc1ab090aa3a159778313fc9b9e,h2,,3064.443319,10.0.2.15,59730,68.232.35.237,443,tcp,1.287776000000121,531.0,4832.0,SF,True,False,0,ShADadFRfr,12,1019,17,5516,ssl,0
3064.767552,CziQwX2XvOx0SZhdJa,10.0.2.15,59733,158.69.52.117,443,TLSv12,TLS_ECDHE_RSA_WITH_AES_256_GCM_SHA384,secp256r1,usage.trackjs.com,False,True,CsxknGIti,"['4e0ef818d70799f2c53717823a231d0c507d7203d80134fb1ddb52b26bcbe503', 'bc3f03a436240edba5f83714f6f677e34b37f9b1f0c08c1e558d981e279e8209']",[],1.0,0ffee3ba8e615ad22535e7f771690a28,e35df3e00ca4ef31d42b34bebaa2f86e,,,3064.478456,10.0.2.15,59733,158.69.52.117,443,tcp,72.9285630000004,1247.0,3499.0,SF,True,False,0,ShADadTfF,18,1981,20,4303,ssl,0
3067.264932,CEqQWl1kWRCRF2LKX7,10.0.2.15,59740,68.232.35.237,443,TLSv12,TLS_ECDHE_RSA_WITH_AES_128_GCM_SHA256,secp256r1,icarus.redbubble.net,False,True,CsxuknGIti,"['7f23cf41c3a01a7cd89cfac908661d1ea87d9031aa63f00c8ffbb3eef791af45', '19400be5b7a31fb733917700789d2f0a2471c0c9d506c0e504c06c16d7cb17c0', '7431e5f4c3c1ce4690774f0b61e05440883ba9a01ed00ba6abd7806ed3b118cf']",[],1.0,0ffee3ba8e615ad22535e7f771690a28,49b45fc1ab090aa3a159778313fc9b9e,h2,,3066.867982,10.0.2.15,59740,68.232.35.237,443,tcp,182.85048899999992,1102.0,5008.0,SF,True,False,0,ShADadfF,21,1950,26,6052,ssl,0
3067.281253,Cc4rwEaWWCGnlDW2b,10.0.2.15,59742,68.232.35.237,443,TLSv12,TLS_ECDHE_RSA_WITH_AES_128_GCM_SHA256,secp256r1,icarus.redbubble.net,False,True,CsxuknGIti,"['7f23cf41c3a01a7cd89cfac908661d1ea87d9031aa63f00c8ffbb3eef791af45', '19400be5b7a31fb733917700789d2f0a2471c0c9d506c0e504c06c16d7cb17c0', '7431e5f4c3c1ce4690774f0b61e05440883ba9a01ed00ba6abd7806ed3b118cf']",[],1.0,0ffee3ba8e615ad22535e7f771690a28,49b45fc1ab090aa3a159778313fc9b9e,h2,,3066.868995,10.0.2.15,59742,68.232.35.237,443,tcp,1.468076999999993,532.0,4801.0,RSTO,True,False,0,ShADadFR,11,980,14,5365,ssl,0
3067.287228,CL4QhT2zpWUdUH62B9,10.0.2.15,59743,68.232.35.237,443,TLSv12,TLS_ECDHE_RSA_WITH_AES_128_GCM_SHA256,secp256r1,icarus.redbubble.net,False,True,CsxuknGIti,"['7f23cf41c3a01a7cd89cfac908661d1ea87d9031aa63f00c8ffbb3eef791af45', '19400be5b7a31fb733917700789d2f0a2471c0c9d506c0e504c06c16d7cb17c0', '7431e5f4c3c1ce4690774f0b61e05440883ba9a01ed00ba6abd7806ed3b118cf']",[],1.0,0ffee3ba8e615ad22535e7f771690a28,49b45fc1ab090aa3a159778313fc9b9e,h2,,3066.869474,10.0.2.15,59743,68.232.35.237,443,tcp,1.905447000000094,532.0,4720.0,RSTO,True,False,0,ShADadFR,11,980,14,5284,ssl,0
3069.215121,CSj41O22c5Z4DKPUT1,10.0.2.15,59752,172.217.23.238,443,TLSv12,TLS_ECDHE_RSA_WITH_AES_128_GCM_SHA256,,www.google-analytics.com,True,True,CsiI,,,,1a5fe5677b0e4fbbc854e8908225637d,67619a80665d7ab92d1041b1d11f9164,h2,,3069.192925,10.0.2.15,59752,172.217.23.238,443,tcp,197.01006400000009,2113.0,15236.0,RSTO,True,False,0,ShADadFR,32,3401,42,16920,ssl,0
3070.999653,CLEZQ4RbKo2dYcfAl,10.0.2.15,59720,104.199.82.59,443,TLSv12,TLS_ECDHE_RSA_WITH_AES_128_GCM_SHA256,,x.bidswitch.net,True,True,CsiI,,,,1a5fe5677b0e4fbbc854e8908225637d,fbe78c619e7ea20046131294ad087f05,,,3069.834292,10.0.2.15,59720,104.199.82.59,443,tcp,7.502246000000014,599.0,137.0,SF,True,False,0,ShADadFf,7,887,7,421,ssl,0
3068.906865,CPXmk83qxpD6ICpmx1,10.0.2.15,59747,151.101.112.84,443,TLSv12,TLS_ECDHE_RSA_WITH_AES_128_GCM_SHA256,secp256r1,ct.pinterest.com,False,True,CsxuknGIti,"['f4e51395ad2a5748284f72c5726b0c36d004a1400672e97a04aaa66629a6dbd0', '19400be5b7a31fb733917700789d2f0a2471c0c9d506c0e504c06c16d7cb17c0']",[],1.0,0ffee3ba8e615ad22535e7f771690a28,860fcf58fd757e26aa8911e5eaff6b53,http/1.1,,3068.27809,10.0.2.15,59747,151.101.112.84,443,tcp,7.50497600000017,350.0,4393.0,RSTO,True,False,0,ShADadFR,10,758,10,4797,ssl,0
3068.906067,C6MQGcunZoM57efUg,10.0.2.15,59748,151.101.112.175,443,TLSv12,TLS_ECDHE_RSA_WITH_AES_128_GCM_SHA256,secp256r1,www.dwin1.com,False,True,CsxuknGIti,"['08db83c9326d7da362a1d5b13d2c2eb3f30a9c28c65a16e8f0f5cbdfc0a6dc6d', '4b7334e1d8999822bafa8ff6888125389b18a4e5ab26ffa624c7f68fdc81f0cb']",[],1.0,0ffee3ba8e615ad22535e7f771690a28,860fcf58fd757e26aa8911e5eaff6b53,http/1.1,,3068.278613,10.0.2.15,59748,151.101.112.175,443,tcp,7.49754299999995,347.0,5742.0,RSTO,True,False,0,ShADadFR,10,755,11,6186,ssl,0
3068.860966,CPGJbe2ofy8Xj3NWxi,10.0.2.15,59745,95.172.94.62,443,TLSv12,TLS_ECDHE_RSA_WITH_AES_128_GCM_SHA256,secp256r1,secure.quantserve.com,False,True,CsxknGIti,"['7d39ee69bdac843654f44bb3164a243b3e8c527019b6225992e5d36771f19e8f', '19400be5b7a31fb733917700789d2f0a2471c0c9d506c0e504c06c16d7cb17c0']",[],1.0,0ffee3ba8e615ad22535e7f771690a28,ccc514751b175866924439bdbb5bba34,,,3068.173979,10.0.2.15,59745,95.172.94.62,443,tcp,7.582855999999992,355.0,3323.0,RSTO,True,False,0,ShADadFR,10,763,10,3727,ssl,0
3068.907637,CzK8Fq3PUsHFc11to,10.0.2.15,59746,52.48.175.49,443,TLSv12,TLS_ECDHE_RSA_WITH_AES_128_GCM_SHA256,secp256r1,5109.xg4ken.com,False,True,CsxknGIi,"['82d55ae79e311a42ec71b45eb2d4486b1f3dc7e501d9f61490507277dad162c3', '973a41276ffd01e027a2aad49e34c37846d3e976ff6a620b6712e33832041aa6', '3a2fbe92891e57fe05d57087f48e730f17e5a5f53ef403d618e5b74d7a7e6ecb', 'c3846bf24b9e93ca64274c0ec67c1ecc5e024ffcacd2d74019350e81fe546ae4']",[],1.0,0ffee3ba8e615ad22535e7f771690a28,303951d4c50efb2e991652225a6f02b1,,,3068.277564,10.0.2.15,59746,52.48.175.49,443,tcp,7.495774999999867,349.0,5279.0,SF,True,False,0,ShADadFfRr,11,797,13,5803,ssl,0
3069.449428,CtLrKr3b4oYwyDtX2l,10.0.2.15,59751,31.13.65.7,443,TLSv12,TLS_ECDHE_ECDSA_WITH_AES_128_GCM_SHA256,secp256r1,connect.facebook.net,False,True,CsxknGIti,"['152151b387412a95ab90fd4664f2d98880408e9e43913124e4c91226a483386b', '19400be5b7a31fb733917700789d2f0a2471c0c9d506c0e504c06c16d7cb17c0']",[],1.0,0ffee3ba8e615ad22535e7f771690a28,2d1eb5817ece335c24904f516ad5da12,h2,,3069.186066,10.0.2.15,59751,31.13.65.7,443,tcp,192.96071799999984,1053.0,14285.0,RSTO,True,False,0,ShADadFR,26,2101,30,15489,ssl,0
3071.50355,CTMqZfVn5K9nqh7Q4,10.0.2.15,59753,204.79.197.200,443,TLSv12,TLS_ECDHE_RSA_WITH_AES_256_CBC_SHA,secp384r1,bat.bing.com,False,True,CsxuknGIi,"['80c4440580dbd55b228f41e6c88a51ecdbb998b5d32d12acd31ce25518d37128', '2399983e99703ebd01cea466c10799810c4ba62a8d61b88170a334dcd61bb20f']",[],1.0,0ffee3ba8e615ad22535e7f771690a28,4fd467dd264720762ffe286277c00f57,,,3070.978541,10.0.2.15,59753,204.79.197.200,443,tcp,72.10762900000009,1506.0,11695.0,SF,True,False,0,ShADadTfF,23,2440,29,12859,ssl,0
3067.280104,Cz9Ddp1GJsdhNGDyBi,10.0.2.15,59741,68.232.35.237,443,TLSv12,TLS_ECDHE_RSA_WITH_AES_128_GCM_SHA256,secp256r1,icarus.redbubble.net,False,False,Csxukn,"['7f23cf41c3a01a7cd89cfac908661d1ea87d9031aa63f00c8ffbb3eef791af45', '19400be5b7a31fb733917700789d2f0a2471c0c9d506c0e504c06c16d7cb17c0', '7431e5f4c3c1ce4690774f0b61e05440883ba9a01ed00ba6abd7806ed3b118cf']",[],1.0,0ffee3ba8e615ad22535e7f771690a28,49b45fc1ab090aa3a159778313fc9b9e,h2,,3066.868518,10.0.2.15,59741,68.232.35.237,443,tcp,0.818003999999746,197.0,4478.0,RSTO,True,False,0,ShADadFR,8,525,10,4882,ssl,0
3071.766994,CbbGuz2xjid3VlMfRc,10.0.2.15,59754,52.216.82.99,443,TLSv12,TLS_ECDHE_RSA_WITH_AES_128_GCM_SHA256,secp256r1,s3.amazonaws.com,False,True,CsxknGIi,"['6be2c04e442c0aa126e2e374c248fc093077df1a3810867decdfea113add4357', 'f9690880819f06cdcc0b2f224b207f2af6003fb57339b8679a160fa95208d62d']",[],1.0,0ffee3ba8e615ad22535e7f771690a28,ea615e28cb25adfb2f261151eab3314f,,,3071.261851,10.0.2.15,59754,52.216.82.99,443,tcp,23.287477999999737,630.0,40104.0,SF,True,False,0,ShADadFf,33,1958,58,42428,ssl,0
3072.398846,CLT48YSiuMbKAWN2e,10.0.2.15,59755,172.217.23.194,443,TLSv12,TLS_ECDHE_RSA_WITH_AES_128_GCM_SHA256,x25519,www.googleadservices.com,False,True,CsxknGIti,"['33c13616ade5804cb64668e7fede6e1ef8141ce96a24e69910dfdd83efac1907', '9f630426df1d8abfd80ace98871ba833ab9742cb34838de2b5285ed54c0c7dcc', '3c35cc963eb004451323d3275d05b353235053490d9cd83729a2faf5e7ca1cc0']",[],1.0,0ffee3ba8e615ad22535e7f771690a28,ab41313cfec25328b20865eb1388e0a2,h2,,3071.528913,10.0.2.15,59755,172.217.23.194,443,tcp,5.835493000000042,505.0,3857.0,RSTR,True,False,0,ShADadFRRrR,12,993,13,4381,ssl,0
3077.736486,C2dNkC2SiyUIYwI9Jl,10.0.2.15,59767,172.217.23.228,443,TLSv12,TLS_ECDHE_RSA_WITH_AES_128_GCM_SHA256,,www.google.com,True,True,CsiI,,,,1a5fe5677b0e4fbbc854e8908225637d,67619a80665d7ab92d1041b1d11f9164,h2,,3077.438719,10.0.2.15,59767,172.217.23.228,443,tcp,188.69453399999972,2147.0,3208.0,RSTO,True,False,0,ShADadFR,22,3035,26,4252,ssl,0
3073.268572,C8uJ904iWWJn971jil,10.0.2.15,59757,204.79.197.200,443,TLSv12,TLS_ECDHE_RSA_WITH_AES_256_CBC_SHA,secp384r1,bat.bing.com,False,True,CsxuknGIi,"['80c4440580dbd55b228f41e6c88a51ecdbb998b5d32d12acd31ce25518d37128', '2399983e99703ebd01cea466c10799810c4ba62a8d61b88170a334dcd61bb20f']",[],1.0,0ffee3ba8e615ad22535e7f771690a28,4fd467dd264720762ffe286277c00f57,,,3071.705735,10.0.2.15,59757,204.79.197.200,443,tcp,7.82724300000018,424.0,6880.0,SF,True,False,0,ShADadFf,10,832,12,7364,ssl,0
3078.528138,C4E5Fa4iS6uurs0Fy9,10.0.2.15,59770,31.13.77.36,443,TLSv12,TLS_ECDHE_ECDSA_WITH_AES_128_GCM_SHA256,secp256r1,www.facebook.com,False,True,CsxknGIti,"['152151b387412a95ab90fd4664f2d98880408e9e43913124e4c91226a483386b', '19400be5b7a31fb733917700789d2f0a2471c0c9d506c0e504c06c16d7cb17c0']",[],1.0,0ffee3ba8e615ad22535e7f771690a28,2d1eb5817ece335c24904f516ad5da12,h2,,3077.850598,10.0.2.15,59770,31.13.77.36,443,tcp,188.78514399999997,1017.0,4405.0,RSTO,True,False,0,ShADadFR,20,1825,23,5329,ssl,0
3075.132738,CowvJq2Jvdkxdkzuck,10.0.2.15,59764,192.225.158.1,443,TLSv12,TLS_ECDHE_RSA_WITH_AES_128_GCM_SHA256,secp256r1,h.online-metrix.net,False,True,CsxknGIti,"['2f4dcd0b12ed0818ae3046eb9bde342a90f9f581e2062a07fe1fc1cf96360065', '973a41276ffd01e027a2aad49e34c37846d3e976ff6a620b6712e33832041aa6', '3a2fbe92891e57fe05d57087f48e730f17e5a5f53ef403d618e5b74d7a7e6ecb', 'c3846bf24b9e93ca64274c0ec67c1ecc5e024ffcacd2d74019350e81fe546ae4']",[],1.0,0ffee3ba8e615ad22535e7f771690a28,389ed42c02ebecc32e73aa31def07e14,,,3072.915951,10.0.2.15,59764,192.225.158.1,443,tcp,9.11008700000002,353.0,5500.0,RSTO,True,False,0,ShADadFR,10,761,11,5944,ssl,0
3075.13629,CTsGL04Jihz6xHQl2i,10.0.2.15,59765,192.225.158.1,443,TLSv12,TLS_ECDHE_RSA_WITH_AES_128_GCM_SHA256,secp256r1,h.online-metrix.net,False,True,CsxknGIti,"['2f4dcd0b12ed0818ae3046eb9bde342a90f9f581e2062a07fe1fc1cf96360065', '973a41276ffd01e027a2aad49e34c37846d3e976ff6a620b6712e33832041aa6', '3a2fbe92891e57fe05d57087f48e730f17e5a5f53ef403d618e5b74d7a7e6ecb', 'c3846bf24b9e93ca64274c0ec67c1ecc5e024ffcacd2d74019350e81fe546ae4']",[],1.0,0ffee3ba8e615ad22535e7f771690a28,389ed42c02ebecc32e73aa31def07e14,,,3072.916717,10.0.2.15,59765,192.225.158.1,443,tcp,9.135784999999942,353.0,5500.0,RSTO,True,False,0,ShADadFR,10,761,11,5944,ssl,0
3074.955405,CGN1eH1LzGwToDAQgi,10.0.2.15,59759,192.225.158.1,443,TLSv12,TLS_ECDHE_RSA_WITH_AES_128_GCM_SHA256,secp256r1,h.online-metrix.net,False,True,CsxknGIti,"['2f4dcd0b12ed0818ae3046eb9bde342a90f9f581e2062a07fe1fc1cf96360065', '973a41276ffd01e027a2aad49e34c37846d3e976ff6a620b6712e33832041aa6', '3a2fbe92891e57fe05d57087f48e730f17e5a5f53ef403d618e5b74d7a7e6ecb', 'c3846bf24b9e93ca64274c0ec67c1ecc5e024ffcacd2d74019350e81fe546ae4']",[],1.0,0ffee3ba8e615ad22535e7f771690a28,389ed42c02ebecc32e73aa31def07e14,,,3072.657232,10.0.2.15,59759,192.225.158.1,443,tcp,12.52565800000002,740.0,6385.0,SF,True,False,0,ShADadfF,11,1188,15,6989,ssl,0
3079.16738,CA2MhD2eJobPUAAxR7,10.0.2.15,59772,31.13.77.36,443,TLSv12,TLS_ECDHE_ECDSA_WITH_AES_128_GCM_SHA256,secp256r1,www.facebook.com,False,True,CsxknGIti,"['152151b387412a95ab90fd4664f2d98880408e9e43913124e4c91226a483386b', '19400be5b7a31fb733917700789d2f0a2471c0c9d506c0e504c06c16d7cb17c0']",[],1.0,0ffee3ba8e615ad22535e7f771690a28,2d1eb5817ece335c24904f516ad5da12,h2,,3078.434695,10.0.2.15,59772,31.13.77.36,443,tcp,4.629958999999872,559.0,3864.0,RSTO,True,False,0,ShADadFR,12,1047,13,4388,ssl,0
3074.966376,Cq56m23o0ETQpd1wEf,10.0.2.15,59760,192.225.158.1,443,TLSv12,TLS_ECDHE_RSA_WITH_AES_128_GCM_SHA256,secp256r1,h.online-metrix.net,False,True,CsxknGIti,"['2f4dcd0b12ed0818ae3046eb9bde342a90f9f581e2062a07fe1fc1cf96360065', '973a41276ffd01e027a2aad49e34c37846d3e976ff6a620b6712e33832041aa6', '3a2fbe92891e57fe05d57087f48e730f17e5a5f53ef403d618e5b74d7a7e6ecb', 'c3846bf24b9e93ca64274c0ec67c1ecc5e024ffcacd2d74019350e81fe546ae4']",[],1.0,0ffee3ba8e615ad22535e7f771690a28,389ed42c02ebecc32e73aa31def07e14,,,3072.659216,10.0.2.15,59760,192.225.158.1,443,tcp,9.909551000000192,322.0,5469.0,RSTO,True,False,0,ShADadFR,10,730,12,5953,ssl,0
3075.076244,CLOdzp1pqcPruLYk9d,10.0.2.15,59763,192.225.158.1,443,TLSv12,TLS_ECDHE_RSA_WITH_AES_128_GCM_SHA256,secp256r1,h.online-metrix.net,False,True,CsxknGIti,"['2f4dcd0b12ed0818ae3046eb9bde342a90f9f581e2062a07fe1fc1cf96360065', '973a41276ffd01e027a2aad49e34c37846d3e976ff6a620b6712e33832041aa6', '3a2fbe92891e57fe05d57087f48e730f17e5a5f53ef403d618e5b74d7a7e6ecb', 'c3846bf24b9e93ca64274c0ec67c1ecc5e024ffcacd2d74019350e81fe546ae4']",[],1.0,0ffee3ba8e615ad22535e7f771690a28,389ed42c02ebecc32e73aa31def07e14,,,3072.91397,10.0.2.15,59763,192.225.158.1,443,tcp,10.266106000000036,322.0,5500.0,SF,True,False,0,ShADadFfRr,9,690,11,5944,ssl,0
3081.649704,CMpZTp4Hq5dzBQ7L91,10.0.2.15,59786,74.125.206.154,443,TLSv12,TLS_ECDHE_RSA_WITH_AES_128_GCM_SHA256,x25519,stats.g.doubleclick.net,False,True,CsxknGIti,"['8d80516b26a9002a020bc551f01c44620d0d726476e4babc515dc5c82f0555b5', '9f630426df1d8abfd80ace98871ba833ab9742cb34838de2b5285ed54c0c7dcc', '3c35cc963eb004451323d3275d05b353235053490d9cd83729a2faf5e7ca1cc0']",[],1.0,0ffee3ba8e615ad22535e7f771690a28,ab41313cfec25328b20865eb1388e0a2,h2,,3080.884373,10.0.2.15,59786,74.125.206.154,443,tcp,185.4675360000001,1049.0,5057.0,RSTO,True,False,0,ShADadFR,21,1897,24,6021,ssl,0
3082.614902,CJiBgi4QV6kUuSPIP7,10.0.2.15,59787,23.253.185.2,443,TLSv12,TLS_ECDHE_RSA_WITH_AES_256_GCM_SHA384,secp256r1,mygarage-api.carid.com,False,True,CsxknGIti,"['b77cdcceff84fcfd4632b267e69b3a8056957fb134b98eb8da8446b42f910946', '973a41276ffd01e027a2aad49e34c37846d3e976ff6a620b6712e33832041aa6', '3a2fbe92891e57fe05d57087f48e730f17e5a5f53ef403d618e5b74d7a7e6ecb', 'c3846bf24b9e93ca64274c0ec67c1ecc5e024ffcacd2d74019350e81fe546ae4']",[],1.0,0ffee3ba8e615ad22535e7f771690a28,758945630046fd37070521b8544d1fe8,,,3081.581669,10.0.2.15,59787,23.253.185.2,443,tcp,34.78127599999971,808.0,5767.0,SF,True,False,0,ShADadTFf,13,1339,16,6411,ssl,0
3083.188774,ChnOvQ2qhWasxcnC1d,10.0.2.15,59788,172.217.23.227,443,TLSv12,TLS_ECDHE_RSA_WITH_AES_128_GCM_SHA256,,www.google.cz,True,True,CsiI,,,,1a5fe5677b0e4fbbc854e8908225637d,67619a80665d7ab92d1041b1d11f9164,h2,,3082.455713,10.0.2.15,59788,172.217.23.227,443,tcp,183.746936,1955.0,800.0,RSTO,True,False,0,ShADadFR,18,2683,20,1604,ssl,0
3083.194497,CpJM6D1eW7RP313AAj,10.0.2.15,59791,172.217.23.227,443,TLSv12,TLS_ECDHE_RSA_WITH_AES_128_GCM_SHA256,,www.google.cz,True,True,CsiI,,,,1a5fe5677b0e4fbbc854e8908225637d,67619a80665d7ab92d1041b1d11f9164,h2,,3083.079303,10.0.2.15,59791,172.217.23.227,443,tcp,0.821835000000191,808.0,292.0,RSTO,True,False,0,ShADadFR,9,1176,10,696,ssl,0
3083.092923,CMoJeGRyG0vcwjWL4,10.0.2.15,59777,74.125.206.157,443,TLSv12,TLS_ECDHE_RSA_WITH_AES_128_GCM_SHA256,x25519,stats.g.doubleclick.net,False,True,CsxknGIti,"['8d80516b26a9002a020bc551f01c44620d0d726476e4babc515dc5c82f0555b5', '9f630426df1d8abfd80ace98871ba833ab9742cb34838de2b5285ed54c0c7dcc', '3c35cc963eb004451323d3275d05b353235053490d9cd83729a2faf5e7ca1cc0']",[],1.0,0ffee3ba8e615ad22535e7f771690a28,ab41313cfec25328b20865eb1388e0a2,h2,,3079.081044,10.0.2.15,59777,74.125.206.157,443,tcp,5.193033999999898,324.0,4047.0,SF,True,False,0,ShADadFf,10,740,11,4491,ssl,0
3083.122822,CFcIEC2HUfl1RZC9G9,10.0.2.15,59778,74.125.206.157,443,TLSv12,TLS_ECDHE_RSA_WITH_AES_128_GCM_SHA256,x25519,stats.g.doubleclick.net,False,True,CsxknGIti,"['8d80516b26a9002a020bc551f01c44620d0d726476e4babc515dc5c82f0555b5', '9f630426df1d8abfd80ace98871ba833ab9742cb34838de2b5285ed54c0c7dcc', '3c35cc963eb004451323d3275d05b353235053490d9cd83729a2faf5e7ca1cc0']",[],1.0,0ffee3ba8e615ad22535e7f771690a28,ab41313cfec25328b20865eb1388e0a2,h2,,3079.082591,10.0.2.15,59778,74.125.206.157,443,tcp,5.149785000000065,324.0,4047.0,SF,True,False,0,ShADadFf,11,780,11,4491,ssl,0
3083.066505,CUchbT2t9iHjbFfN01,10.0.2.15,59780,50.121.73.21,443,TLSv12,TLS_DHE_RSA_WITH_AES_256_CBC_SHA,,frontier.com,False,True,CsxknGIi,"['314e88eaccbc4b5a13502c27fe102f80587f1e2c37096fe5647b883c9363e1a9', '13efb39a2f6654e8c67bd04f4c6d4c90cd6cab5091bcedc73787f6b77d3d3fe7', '6b143c2005d5539cc22eab5f772db2a9fe87467feffa07fcf0a9f7d28274ca7a', '73c176434f1bc6d5adf45b0e76e727287c8de57616c1e6e6141a2b2cbc7d8e4c']",[],1.0,0ffee3ba8e615ad22535e7f771690a28,38759e3bb980b0ca6bf7f22837b8582f,,,3079.314556,10.0.2.15,59780,50.121.73.21,443,tcp,84.84001900000021,7385.0,159744.0,SF,True,False,0,ShADadTFf,92,11083,147,165628,ssl,0
3073.214955,Cx4R3u3x0qqM1IyCO5,10.0.2.15,59756,52.216.82.99,443,TLSv12,TLS_ECDHE_RSA_WITH_AES_128_GCM_SHA256,secp256r1,s3.amazonaws.com,False,False,CsxknGIi,"['6be2c04e442c0aa126e2e374c248fc093077df1a3810867decdfea113add4357', 'f9690880819f06cdcc0b2f224b207f2af6003fb57339b8679a160fa95208d62d']",[],1.0,0ffee3ba8e615ad22535e7f771690a28,ea615e28cb25adfb2f261151eab3314f,,,3071.531617,10.0.2.15,59756,52.216.82.99,443,tcp,7.3895279999997,319.0,3101.0,RSTO,True,False,0,ShADadFR,8,647,9,3465,ssl,0
3083.571384,C4cpm84PJwrBsUoIzl,10.0.2.15,59792,23.253.185.2,443,TLSv12,TLS_ECDHE_RSA_WITH_AES_256_GCM_SHA384,secp256r1,mygarage-api.carid.com,False,True,CsxknGIti,"['b77cdcceff84fcfd4632b267e69b3a8056957fb134b98eb8da8446b42f910946', '973a41276ffd01e027a2aad49e34c37846d3e976ff6a620b6712e33832041aa6', '3a2fbe92891e57fe05d57087f48e730f17e5a5f53ef403d618e5b74d7a7e6ecb', 'c3846bf24b9e93ca64274c0ec67c1ecc5e024ffcacd2d74019350e81fe546ae4']",[],1.0,1a5fe5677b0e4fbbc854e8908225637d,758945630046fd37070521b8544d1fe8,,,3083.18402,10.0.2.15,59792,23.253.185.2,443,tcp,9.080426999999872,674.0,5454.0,SF,True,False,0,ShADadFf,10,1082,11,5898,ssl,0
3085.572837,CgX0rs18fOG1MZv1W7,10.0.2.15,59776,50.121.73.21,443,TLSv12,TLS_DHE_RSA_WITH_AES_256_CBC_SHA,,frontier.com,True,True,CsiI,,,,0ffee3ba8e615ad22535e7f771690a28,38759e3bb980b0ca6bf7f22837b8582f,,,3085.570772,10.0.2.15,59776,50.121.73.21,443,tcp,200.6391880000001,14731.0,160351.0,RSTR,True,False,0,^hADadTTFRr,110,19141,170,167155,ssl,0
3085.527095,CWorFd2b4SsaGJxPGj,10.0.2.15,59775,50.121.73.21,443,TLSv12,TLS_DHE_RSA_WITH_AES_256_CBC_SHA,,frontier.com,True,True,CsiI,,,,0ffee3ba8e615ad22535e7f771690a28,38759e3bb980b0ca6bf7f22837b8582f,,,3085.525037,10.0.2.15,59775,50.121.73.21,443,tcp,47.64333100000022,4725.0,72285.0,SF,True,False,0,^hADadTFf,49,6686,72,75169,ssl,0
3085.715141,CbadwPzK7A61sitFa,10.0.2.15,59798,192.225.158.1,443,TLSv12,TLS_ECDHE_RSA_WITH_AES_128_GCM_SHA256,,h.online-metrix.net,True,True,CsiI,,,,1a5fe5677b0e4fbbc854e8908225637d,fbe78c619e7ea20046131294ad087f05,,,3085.21797,10.0.2.15,59798,192.225.158.1,443,tcp,5.074802999999974,1068.0,656.0,RSTO,True,False,0,ShADadFR,9,1436,9,1020,ssl,0
3085.750108,Cil89K2M6BUoTaVDnc,10.0.2.15,59797,192.225.158.1,443,TLSv12,TLS_ECDHE_RSA_WITH_AES_128_GCM_SHA256,,h.online-metrix.net,True,True,CsiI,,,,1a5fe5677b0e4fbbc854e8908225637d,fbe78c619e7ea20046131294ad087f05,,,3085.217107,10.0.2.15,59797,192.225.158.1,443,tcp,8.507650000000012,599.0,168.0,RSTO,True,False,0,ShADadFR,7,887,7,452,ssl,0
3086.183548,CWaOGpBqXwZlztq1f,10.0.2.15,59799,192.225.158.1,443,TLSv12,TLS_ECDHE_RSA_WITH_AES_128_GCM_SHA256,,h.online-metrix.net,True,True,CsiI,,,,1a5fe5677b0e4fbbc854e8908225637d,fbe78c619e7ea20046131294ad087f05,,,3085.477303,10.0.2.15,59799,192.225.158.1,443,tcp,8.23593899999969,599.0,168.0,SF,True,False,0,ShADadFfRr,8,927,9,532,ssl,0
3086.907419,CN7q1d2KHURI4Uj7L3,10.0.2.15,59801,50.121.73.21,443,TLSv12,TLS_DHE_RSA_WITH_AES_256_CBC_SHA,,frontier.com,True,True,CsiI,,,,0ffee3ba8e615ad22535e7f771690a28,38759e3bb980b0ca6bf7f22837b8582f,,,3086.487046,10.0.2.15,59801,50.121.73.21,443,tcp,58.91331799999989,3611.0,58999.0,SF,True,False,0,ShADadTFf,45,5421,66,61643,ssl,0
3086.908009,CmhUIf28Q8cEwglv1,10.0.2.15,59800,50.121.73.21,443,TLSv12,TLS_DHE_RSA_WITH_AES_256_CBC_SHA,,frontier.com,True,True,CsiI,,,,0ffee3ba8e615ad22535e7f771690a28,38759e3bb980b0ca6bf7f22837b8582f,,,3086.481194,10.0.2.15,59800,50.121.73.21,443,tcp,44.003177999999934,1980.0,55700.0,SF,True,False,0,ShADadTFf,38,3509,55,57904,ssl,0
3086.908741,CY5cwv1D4nYm9HkTFa,10.0.2.15,59802,50.121.73.21,443,TLSv12,TLS_DHE_RSA_WITH_AES_256_CBC_SHA,,frontier.com,True,True,CsiI,,,,0ffee3ba8e615ad22535e7f771690a28,38759e3bb980b0ca6bf7f22837b8582f,,,3086.487596,10.0.2.15,59802,50.121.73.21,443,tcp,475.8755180000003,26814.0,223157.0,SF,True,False,0,ShADadTTfF,185,34254,263,233681,ssl,0
3074.950778,CiYReil84MzULXech,10.0.2.15,59758,192.225.158.1,443,TLSv12,TLS_ECDHE_RSA_WITH_AES_128_GCM_SHA256,secp256r1,h.online-metrix.net,False,True,CsxknGIti,"['2f4dcd0b12ed0818ae3046eb9bde342a90f9f581e2062a07fe1fc1cf96360065', '973a41276ffd01e027a2aad49e34c37846d3e976ff6a620b6712e33832041aa6', '3a2fbe92891e57fe05d57087f48e730f17e5a5f53ef403d618e5b74d7a7e6ecb', 'c3846bf24b9e93ca64274c0ec67c1ecc5e024ffcacd2d74019350e81fe546ae4']",[],1.0,0ffee3ba8e615ad22535e7f771690a28,389ed42c02ebecc32e73aa31def07e14,,,3072.65665,10.0.2.15,59758,192.225.158.1,443,tcp,20.546789999999877,740.0,5988.0,SF,True,False,0,ShADadTfF,11,1189,13,6512,ssl,0
3087.497919,CZahJbvWLckhUNdHd,10.0.2.15,59803,23.65.208.91,443,TLSv12,TLS_ECDHE_RSA_WITH_AES_256_CBC_SHA,secp256r1,se.monetate.net,False,True,CsxknGIti,"['355b3d34d4ed4f7e0683e19de814d369b4dd838117c62d433c28358649da8d91', '154c433c491929c5ef686e838e323664a00e6a0d822ccc958fb4dab03e49a08f']",[],1.0,0ffee3ba8e615ad22535e7f771690a28,fe287a22c1814c37634a40cc81430145,http/1.1,,3086.871749,10.0.2.15,59803,23.65.208.91,443,tcp,123.69389600000022,736.0,7709.0,RSTO,True,False,0,ShADadTTFR,25,1755,29,8873,ssl,0
3087.505028,C9qrXX2UEpALIUh7d6,10.0.2.15,59810,95.101.246.111,443,TLSv12,TLS_ECDHE_RSA_WITH_AES_256_GCM_SHA384,secp256r1,assets.adobedtm.com,False,True,CsxknGIti,"['195638e0ba8dff74d467b663a7e4afb9c011e8887f275192576ea167c7887e41', '19400be5b7a31fb733917700789d2f0a2471c0c9d506c0e504c06c16d7cb17c0']",[],1.0,0ffee3ba8e615ad22535e7f771690a28,2b33c1374db4ddf06942f92373c0b54b,http/1.1,,3086.909765,10.0.2.15,59810,95.101.246.111,443,tcp,277.10801900000024,3712.0,50009.0,SF,True,False,0,ShADadTTFfRr,65,6345,90,53613,ssl,0
3075.251845,C1sGdZtikTtBv3pV9,10.0.2.15,59766,172.217.23.194,443,TLSv12,TLS_ECDHE_RSA_WITH_AES_128_GCM_SHA256,x25519,www.googleadservices.com,False,False,CsxknGI,"['33c13616ade5804cb64668e7fede6e1ef8141ce96a24e69910dfdd83efac1907', '9f630426df1d8abfd80ace98871ba833ab9742cb34838de2b5285ed54c0c7dcc', '3c35cc963eb004451323d3275d05b353235053490d9cd83729a2faf5e7ca1cc0']",[],1.0,0ffee3ba8e615ad22535e7f771690a28,ab41313cfec25328b20865eb1388e0a2,h2,,3073.369363,10.0.2.15,59766,172.217.23.194,443,tcp,13.796262000000295,474.0,3497.0,SF,True,False,0,ShADadfF,9,842,9,3861,ssl,0
3087.538904,CFlBVg2V1hQhfjsSC1,10.0.2.15,59805,54.192.93.39,443,TLSv12,TLS_ECDHE_RSA_WITH_AES_128_GCM_SHA256,secp256r1,cdn.cohesionapps.com,False,True,CsxknGIti,"['861fda9542145f155f826be321a1f3a0881299282618b3bcfc15f1d3cb9f92e7', 'f55f9ffcb83c73453261601c7e044db15a0f034b93c05830f28635ef889cf670', '87dcd4dc74640a322cd205552506d1be64f12596258096544986b4850bc72706', '28689b30e4c306aab53b027b29e36ad6dd1dcf4b953994482ca84bdc1ecac996']",[],1.0,0ffee3ba8e615ad22535e7f771690a28,b898351eb5e266aefd3723d466935494,h2,,3086.879583,10.0.2.15,59805,54.192.93.39,443,tcp,232.524144,940.0,142786.0,SF,True,False,0,ShADadFf,84,4308,161,149230,ssl,0
3087.543575,Cl22434nCbMpLkqG91,10.0.2.15,59804,95.101.246.111,443,TLSv12,TLS_ECDHE_RSA_WITH_AES_256_GCM_SHA384,secp256r1,assets.adobedtm.com,False,True,CsxknGIti,"['195638e0ba8dff74d467b663a7e4afb9c011e8887f275192576ea167c7887e41', '19400be5b7a31fb733917700789d2f0a2471c0c9d506c0e504c06c16d7cb17c0']",[],1.0,0ffee3ba8e615ad22535e7f771690a28,2b33c1374db4ddf06942f92373c0b54b,http/1.1,,3086.87821,10.0.2.15,59804,95.101.246.111,443,tcp,9.934720000000198,353.0,3821.0,RSTO,True,False,0,ShADadFR,10,761,10,4225,ssl,0
3087.524095,CRwTrv31run3dk8ZM3,10.0.2.15,59809,216.137.61.121,443,TLSv12,TLS_ECDHE_RSA_WITH_AES_128_GCM_SHA256,secp256r1,d2w3zkq33l1i26.cloudfront.net,False,True,CsxuknGIti,"['90c0937808b31877df6c4a5c743c99325d974624be3735faa5078cf73d4fd205', 'eae72eb454bf6c3977ebd289e970b2f5282949190093d0d26f98d0f0d6a9cf17']",[],1.0,0ffee3ba8e615ad22535e7f771690a28,76cc3e2d3028143b23ec18e27dbd7ca9,http/1.1,,3086.905221,10.0.2.15,59809,216.137.61.121,443,tcp,7.6821789999999055,363.0,5199.0,SF,True,False,0,ShADadFf,11,811,11,5643,ssl,0
3087.53017,C8E5OZ3iJxoEqrbhLh,10.0.2.15,59808,216.137.61.121,443,TLSv12,TLS_ECDHE_RSA_WITH_AES_128_GCM_SHA256,secp256r1,d2w3zkq33l1i26.cloudfront.net,False,True,CsxuknGIti,"['90c0937808b31877df6c4a5c743c99325d974624be3735faa5078cf73d4fd205', 'eae72eb454bf6c3977ebd289e970b2f5282949190093d0d26f98d0f0d6a9cf17']",[],1.0,0ffee3ba8e615ad22535e7f771690a28,76cc3e2d3028143b23ec18e27dbd7ca9,http/1.1,,3086.904,10.0.2.15,59808,216.137.61.121,443,tcp,7.6744920000001,363.0,5199.0,SF,True,False,0,ShADadFf,11,811,11,5643,ssl,0
3087.535698,CKkzZKYpYHmOvqZ4b,10.0.2.15,59807,216.137.61.121,443,TLSv12,TLS_ECDHE_RSA_WITH_AES_128_GCM_SHA256,secp256r1,d2w3zkq33l1i26.cloudfront.net,False,True,CsxuknGIti,"['90c0937808b31877df6c4a5c743c99325d974624be3735faa5078cf73d4fd205', 'eae72eb454bf6c3977ebd289e970b2f5282949190093d0d26f98d0f0d6a9cf17']",[],1.0,0ffee3ba8e615ad22535e7f771690a28,76cc3e2d3028143b23ec18e27dbd7ca9,http/1.1,,3086.90342,10.0.2.15,59807,216.137.61.121,443,tcp,7.679309000000103,363.0,5199.0,SF,True,False,0,ShADadFf,11,811,11,5643,ssl,0
3087.698855,C2JTP74z0fAuQNTK4d,10.0.2.15,59806,52.202.224.255,443,TLSv12,TLS_ECDHE_RSA_WITH_AES_128_GCM_SHA256,secp256r1,pnapi0.invoca.net,False,True,CsxknGIi,"['9ad8b7f78ddd17496974be62b7849739f402d6d1a63ce8283c0e3f69dcb9a256', '973a41276ffd01e027a2aad49e34c37846d3e976ff6a620b6712e33832041aa6', '3a2fbe92891e57fe05d57087f48e730f17e5a5f53ef403d618e5b74d7a7e6ecb', 'c3846bf24b9e93ca64274c0ec67c1ecc5e024ffcacd2d74019350e81fe546ae4']",[],1.0,0ffee3ba8e615ad22535e7f771690a28,303951d4c50efb2e991652225a6f02b1,,,3086.881035,10.0.2.15,59806,52.202.224.255,443,tcp,125.211006,662.0,16970.0,RSTO,True,False,0,ShADadTTFR,28,1801,35,18374,ssl,0
3090.69859,C3KNl31Yp1m4aiRYsk,10.0.2.15,59818,94.31.29.55,443,TLSv12,TLS_ECDHE_RSA_WITH_AES_128_GCM_SHA256,secp256r1,maxcdn.bootstrapcdn.com,False,True,CsxknGIti,"['dc5627a252c252d6d6f680d52001ccf439f2ff2633c9f766d6d5ab6e85ee6433', 'e6683e88315cd1cb403c0cea490f7c4b4c82c91cd485037489aadbaa90839f61']",[],1.0,0ffee3ba8e615ad22535e7f771690a28,8d2a028aa94425f76ced7826b1f39039,h2,,3088.176776,10.0.2.15,59818,94.31.29.55,443,tcp,206.314308,917.0,10454.0,SF,True,False,0,ShADadFf,24,1885,28,11578,ssl,0
3090.699658,CDQ1IZ2JyJC9jYu2C4,10.0.2.15,59817,198.232.125.81,443,TLSv12,TLS_ECDHE_RSA_WITH_AES_128_GCM_SHA256,secp256r1,cdn.rawgit.com,False,True,CsxknGIti,"['02ac37edc23b77cfbfd2b4571cb5f8f7c96dc32ba1a3d40f2ce9241ebfb66f2e', '02ab57e4e67a0cb48dd2ff34830e8ac40f4476fb08ca6be3f5cd846f646840f0', '4f32d5dc00f715250abcc486511e37f501a899deb3bf7ea8adbbd3aef1c412da']",[],1.0,0ffee3ba8e615ad22535e7f771690a28,8d2a028aa94425f76ced7826b1f39039,h2,,3088.17586,10.0.2.15,59817,198.232.125.81,443,tcp,83.03036500000007,829.0,31158.0,SF,True,False,0,ShADadfF,35,2237,54,33322,ssl,0
3090.713609,CqIUUl19WqZtfT2st7,10.0.2.15,59819,198.232.125.113,443,TLSv12,TLS_ECDHE_RSA_WITH_AES_128_GCM_SHA256,secp256r1,code.jquery.com,False,True,CsxuknGIti,"['7b63a6dc9511ee7cdbf74a01a00ec40c9d2c39e68a61a90607ff590740ab369a', 'ee793643199474ed60efdc8ccde4d37445921683593aa751bbf8ee491a391e97', 'ebd41040e4bb3ec742c9e381d31ef2a41a48b6685c96e7cef3c1df6cd4331c99']",[],1.0,0ffee3ba8e615ad22535e7f771690a28,49b45fc1ab090aa3a159778313fc9b9e,h2,,3088.177268,10.0.2.15,59819,198.232.125.113,443,tcp,53.676444000000174,775.0,13380.0,SF,True,False,0,ShADadfF,16,1423,24,14344,ssl,0
3090.710673,CQRWK53Oq7VtZtDln6,10.0.2.15,59811,23.65.208.91,443,TLSv12,TLS_ECDHE_RSA_WITH_AES_256_CBC_SHA,secp256r1,se.monetate.net,False,True,CsxknGIti,"['355b3d34d4ed4f7e0683e19de814d369b4dd838117c62d433c28358649da8d91', '154c433c491929c5ef686e838e323664a00e6a0d822ccc958fb4dab03e49a08f']",[],1.0,0ffee3ba8e615ad22535e7f771690a28,fe287a22c1814c37634a40cc81430145,http/1.1,,3088.041245,10.0.2.15,59811,23.65.208.91,443,tcp,11.07293000000027,395.0,3256.0,RSTO,True,False,0,ShADadFR,10,803,10,3660,ssl,0
3094.004788,C40EWM2UpmyBTkbfs7,10.0.2.15,59823,54.192.93.39,443,TLSv12,TLS_ECDHE_RSA_WITH_AES_128_GCM_SHA256,,cdn.cohesionapps.com,True,True,CsiI,,,,1a5fe5677b0e4fbbc854e8908225637d,7bee5c1d424b7e5f943b06983bb11422,h2,,3090.715395,10.0.2.15,59823,54.192.93.39,443,tcp,5.8033809999997175,808.0,215.0,RSTO,True,False,0,ShADadFR,9,1176,9,579,ssl,0
3074.952824,CgFgJ13QbzAb8w2hF2,10.0.2.15,59761,192.225.158.1,443,TLSv12,TLS_ECDHE_RSA_WITH_AES_128_GCM_SHA256,secp256r1,h.online-metrix.net,False,True,CsxknGIti,"['2f4dcd0b12ed0818ae3046eb9bde342a90f9f581e2062a07fe1fc1cf96360065', '973a41276ffd01e027a2aad49e34c37846d3e976ff6a620b6712e33832041aa6', '3a2fbe92891e57fe05d57087f48e730f17e5a5f53ef403d618e5b74d7a7e6ecb', 'c3846bf24b9e93ca64274c0ec67c1ecc5e024ffcacd2d74019350e81fe546ae4']",[],1.0,0ffee3ba8e615ad22535e7f771690a28,389ed42c02ebecc32e73aa31def07e14,,,3072.660984,10.0.2.15,59761,192.225.158.1,443,tcp,31.39466799999991,735.0,26793.0,SF,True,False,0,ShADadTfF,23,1664,34,28157,ssl,0
3090.711785,CcRO3z1LlDkN8vRnr9,10.0.2.15,59821,54.192.93.7,443,TLSv12,TLS_ECDHE_RSA_WITH_AES_128_GCM_SHA256,secp256r1,cdn.invoca.solutions,False,True,CsxknGIti,"['effffd212b20ba7469439f04b9fbadb9ea8dc620faf9bc5f64bd9cdb30fd8928', '973a41276ffd01e027a2aad49e34c37846d3e976ff6a620b6712e33832041aa6']",[],1.0,0ffee3ba8e615ad22535e7f771690a28,b898351eb5e266aefd3723d466935494,http/1.1,,3088.18073,10.0.2.15,59821,54.192.93.7,443,tcp,127.01733999999988,669.0,14318.0,SF,True,False,0,ShADadTTFf,31,1928,38,15842,ssl,0
3094.011127,CJoKMB1DWe0i6risU4,10.0.2.15,59822,23.65.208.91,443,TLSv12,TLS_ECDHE_RSA_WITH_AES_256_CBC_SHA,,se.monetate.net,True,True,CsiI,,,,1a5fe5677b0e4fbbc854e8908225637d,41e3ddb961f1fc640e74b5e068567626,http/1.1,,3090.714727,10.0.2.15,59822,23.65.208.91,443,tcp,12.92506400000002,645.0,229.0,SF,True,False,0,ShADadFRfr,9,1013,9,593,ssl,0
3075.062316,C77uoo15EArbt2lwUd,10.0.2.15,59762,192.225.158.1,443,TLSv12,TLS_ECDHE_RSA_WITH_AES_128_GCM_SHA256,,h.online-metrix.net,False,False,Cs,,,,0ffee3ba8e615ad22535e7f771690a28,389ed42c02ebecc32e73aa31def07e14,,,3072.662065,10.0.2.15,59762,192.225.158.1,443,tcp,13.734562000000096,196.0,1420.0,RSTO,True,False,0,ShADaTFdR,6,445,5,1624,ssl,0
3094.001293,CctULC3debUl5x57J1,10.0.2.15,59824,104.19.196.102,443,TLSv12,TLS_ECDHE_ECDSA_WITH_AES_128_GCM_SHA256,secp256r1,cdnjs.cloudflare.com,False,True,CsxuknGIti,"['288a62410b9a17d44ccccf0ca447daaee0f3c7bcd3e0cb6d4f24ef85d2dbfdd0', 'cd6c108a0e641f2ca122aaa6d03f826759cae7c6f800eabf76dc48b67cd083ce', '9573862ac0b4b125168810ea3fd101ae2eb0bb15f61fc0e6da7a2a38b85a89e8']",[],1.0,0ffee3ba8e615ad22535e7f771690a28,7d3eb4120cd50e889bcd3f3783be0f82,h2,,3090.716389,10.0.2.15,59824,104.19.196.102,443,tcp,373.5605269999997,1465.0,47808.0,SF,True,False,0,ShADadFf,48,3393,68,50532,ssl,0
3094.009092,CbtGKp4iVMJnPs4Znb,10.0.2.15,59828,198.232.125.81,443,TLSv12,TLS_ECDHE_RSA_WITH_AES_128_GCM_SHA256,secp256r1,cdn.rawgit.com,False,True,CsxknGIti,"['02ac37edc23b77cfbfd2b4571cb5f8f7c96dc32ba1a3d40f2ce9241ebfb66f2e', '02ab57e4e67a0cb48dd2ff34830e8ac40f4476fb08ca6be3f5cd846f646840f0', '4f32d5dc00f715250abcc486511e37f501a899deb3bf7ea8adbbd3aef1c412da']",[],1.0,0ffee3ba8e615ad22535e7f771690a28,8d2a028aa94425f76ced7826b1f39039,h2,,3090.718792,10.0.2.15,59828,198.232.125.81,443,tcp,9.343496999999845,557.0,5158.0,RSTO,True,False,0,ShADadFR,12,1045,14,5722,ssl,0
3090.707862,C7yd1L1uuFiq2WFoz9,10.0.2.15,59813,104.19.196.102,443,,,,cdnjs.cloudflare.com,False,False,C,,,,0ffee3ba8e615ad22535e7f771690a28,,,,3088.050887,10.0.2.15,59813,104.19.196.102,443,tcp,4.050931000000219,197.0,0.0,SF,True,False,0,ShADafF,5,405,4,164,ssl,0
3090.70668,C79B1g27r66hg5KVEb,10.0.2.15,59814,104.19.196.102,443,,,,cdnjs.cloudflare.com,False,False,C,,,,0ffee3ba8e615ad22535e7f771690a28,,,,3088.057838,10.0.2.15,59814,104.19.196.102,443,tcp,4.044459999999617,197.0,0.0,SF,True,False,0,ShADafF,5,405,4,164,ssl,0
3090.705063,CfULae4ushbQJPMRrd,10.0.2.15,59815,104.19.196.102,443,,,,cdnjs.cloudflare.com,False,False,C,,,,0ffee3ba8e615ad22535e7f771690a28,,,,3088.060981,10.0.2.15,59815,104.19.196.102,443,tcp,4.042104000000108,197.0,0.0,SF,True,False,0,ShADafF,5,405,4,164,ssl,0
3090.704281,CkMjwq4B2U63SFLd52,10.0.2.15,59816,104.19.196.102,443,,,,cdnjs.cloudflare.com,False,False,C,,,,0ffee3ba8e615ad22535e7f771690a28,,,,3088.070338,10.0.2.15,59816,104.19.196.102,443,tcp,4.043353999999908,197.0,0.0,SF,True,False,0,ShADafF,5,405,4,164,ssl,0
3094.033836,CXdcwd2kzFOQAgd4A3,10.0.2.15,59829,94.31.29.55,443,TLSv12,TLS_ECDHE_RSA_WITH_AES_128_GCM_SHA256,secp256r1,maxcdn.bootstrapcdn.com,False,True,CsxknGIti,"['dc5627a252c252d6d6f680d52001ccf439f2ff2633c9f766d6d5ab6e85ee6433', 'e6683e88315cd1cb403c0cea490f7c4b4c82c91cd485037489aadbaa90839f61']",[],1.0,0ffee3ba8e615ad22535e7f771690a28,8d2a028aa94425f76ced7826b1f39039,h2,,3090.719353,10.0.2.15,59829,94.31.29.55,443,tcp,9.329247000000125,566.0,3332.0,RSTO,True,False,0,ShADadFR,11,1014,12,3816,ssl,0
3094.029591,CgSnh92wYGqUOT7iAi,10.0.2.15,59825,104.19.196.102,443,TLSv12,TLS_ECDHE_ECDSA_WITH_AES_128_GCM_SHA256,secp256r1,cdnjs.cloudflare.com,False,True,CsxuknGIti,"['288a62410b9a17d44ccccf0ca447daaee0f3c7bcd3e0cb6d4f24ef85d2dbfdd0', 'cd6c108a0e641f2ca122aaa6d03f826759cae7c6f800eabf76dc48b67cd083ce', '9573862ac0b4b125168810ea3fd101ae2eb0bb15f61fc0e6da7a2a38b85a89e8']",[],1.0,0ffee3ba8e615ad22535e7f771690a28,7d3eb4120cd50e889bcd3f3783be0f82,h2,,3090.716727,10.0.2.15,59825,104.19.196.102,443,tcp,6.782643000000007,532.0,3839.0,RSTO,True,False,0,ShADadR,10,940,11,4283,ssl,0
3094.03317,C8l2Ql1tE2oAkIAO9i,10.0.2.15,59830,198.232.125.113,443,TLSv12,TLS_ECDHE_RSA_WITH_AES_128_GCM_SHA256,secp256r1,code.jquery.com,False,True,CsxuknGIti,"['7b63a6dc9511ee7cdbf74a01a00ec40c9d2c39e68a61a90607ff590740ab369a', 'ee793643199474ed60efdc8ccde4d37445921683593aa751bbf8ee491a391e97', 'ebd41040e4bb3ec742c9e381d31ef2a41a48b6685c96e7cef3c1df6cd4331c99']",[],1.0,0ffee3ba8e615ad22535e7f771690a28,49b45fc1ab090aa3a159778313fc9b9e,h2,,3090.720074,10.0.2.15,59830,198.232.125.113,443,tcp,8.532384999999977,558.0,5606.0,RSTO,True,False,0,ShADadFR,12,1046,14,6170,ssl,0
3094.012889,CygxzU34Vs3iHYYK96,10.0.2.15,59827,104.19.196.102,443,TLSv12,TLS_ECDHE_ECDSA_WITH_AES_128_GCM_SHA256,secp256r1,cdnjs.cloudflare.com,False,True,CsxuknGIti,"['288a62410b9a17d44ccccf0ca447daaee0f3c7bcd3e0cb6d4f24ef85d2dbfdd0', 'cd6c108a0e641f2ca122aaa6d03f826759cae7c6f800eabf76dc48b67cd083ce', '9573862ac0b4b125168810ea3fd101ae2eb0bb15f61fc0e6da7a2a38b85a89e8']",[],1.0,0ffee3ba8e615ad22535e7f771690a28,7d3eb4120cd50e889bcd3f3783be0f82,h2,,3090.718022,10.0.2.15,59827,104.19.196.102,443,tcp,8.521356000000196,563.0,3878.0,RSTO,True,False,0,ShADadFR,12,1051,14,4442,ssl,0
3090.708612,CxDc9AuaGTTi8uHy2,10.0.2.15,59812,54.192.93.39,443,TLSv12,TLS_ECDHE_RSA_WITH_AES_128_GCM_SHA256,secp256r1,cdn.cohesionapps.com,False,True,CsxknGIti,"['861fda9542145f155f826be321a1f3a0881299282618b3bcfc15f1d3cb9f92e7', 'f55f9ffcb83c73453261601c7e044db15a0f034b93c05830f28635ef889cf670', '87dcd4dc74640a322cd205552506d1be64f12596258096544986b4850bc72706', '28689b30e4c306aab53b027b29e36ad6dd1dcf4b953994482ca84bdc1ecac996']",[],1.0,0ffee3ba8e615ad22535e7f771690a28,b898351eb5e266aefd3723d466935494,h2,,3088.045974,10.0.2.15,59812,54.192.93.39,443,tcp,11.229755999999725,563.0,5345.0,RSTO,True,False,0,ShADadFR,15,1171,17,6029,ssl,0
3094.019756,C0INAS9z34XT4S7t1,10.0.2.15,59826,104.19.196.102,443,TLSv12,TLS_ECDHE_ECDSA_WITH_AES_128_GCM_SHA256,secp256r1,cdnjs.cloudflare.com,False,True,CsxuknGIti,"['288a62410b9a17d44ccccf0ca447daaee0f3c7bcd3e0cb6d4f24ef85d2dbfdd0', 'cd6c108a0e641f2ca122aaa6d03f826759cae7c6f800eabf76dc48b67cd083ce', '9573862ac0b4b125168810ea3fd101ae2eb0bb15f61fc0e6da7a2a38b85a89e8']",[],1.0,0ffee3ba8e615ad22535e7f771690a28,7d3eb4120cd50e889bcd3f3783be0f82,h2,,3090.717212,10.0.2.15,59826,104.19.196.102,443,tcp,8.596948999999768,563.0,3878.0,RSTO,True,False,0,ShADadFR,11,1011,13,4402,ssl,0
3094.021993,C8DpVu2OCth7BKrzhl,10.0.2.15,59831,198.232.125.113,443,TLSv12,TLS_ECDHE_RSA_WITH_AES_128_GCM_SHA256,secp256r1,code.jquery.com,False,True,CsxuknGIti,"['7b63a6dc9511ee7cdbf74a01a00ec40c9d2c39e68a61a90607ff590740ab369a', 'ee793643199474ed60efdc8ccde4d37445921683593aa751bbf8ee491a391e97', 'ebd41040e4bb3ec742c9e381d31ef2a41a48b6685c96e7cef3c1df6cd4331c99']",[],1.0,0ffee3ba8e615ad22535e7f771690a28,49b45fc1ab090aa3a159778313fc9b9e,h2,,3090.720593,10.0.2.15,59831,198.232.125.113,443,tcp,8.610087000000021,558.0,5606.0,RSTO,True,False,0,ShADadFR,12,1046,14,6170,ssl,0
3094.025745,CtwUIM3HDvBOOdd01,10.0.2.15,59832,54.192.93.7,443,TLSv12,TLS_ECDHE_RSA_WITH_AES_128_GCM_SHA256,secp256r1,cdn.invoca.solutions,False,True,CsxknGIti,"['effffd212b20ba7469439f04b9fbadb9ea8dc620faf9bc5f64bd9cdb30fd8928', '973a41276ffd01e027a2aad49e34c37846d3e976ff6a620b6712e33832041aa6']",[],1.0,0ffee3ba8e615ad22535e7f771690a28,b898351eb5e266aefd3723d466935494,http/1.1,,3090.721084,10.0.2.15,59832,54.192.93.7,443,tcp,12.942812000000233,354.0,3261.0,SF,True,False,0,ShADadFf,10,762,10,3665,ssl,0
3090.712922,CPIZ9I3F6JJXYdvD41,10.0.2.15,59820,198.232.125.113,443,TLSv12,TLS_ECDHE_RSA_WITH_AES_128_GCM_SHA256,secp256r1,code.jquery.com,False,True,CsxuknGIti,"['7b63a6dc9511ee7cdbf74a01a00ec40c9d2c39e68a61a90607ff590740ab369a', 'ee793643199474ed60efdc8ccde4d37445921683593aa751bbf8ee491a391e97', 'ebd41040e4bb3ec742c9e381d31ef2a41a48b6685c96e7cef3c1df6cd4331c99']",[],1.0,0ffee3ba8e615ad22535e7f771690a28,49b45fc1ab090aa3a159778313fc9b9e,h2,,3088.178783,10.0.2.15,59820,198.232.125.113,443,tcp,16.24947599999996,790.0,83378.0,SF,True,False,0,ShADadFf,70,3598,127,88462,ssl,0
3108.068163,CETMTzjUrakHFyNb6,10.0.2.15,59836,95.172.94.62,443,TLSv12,TLS_ECDHE_RSA_WITH_AES_128_GCM_SHA256,,secure.quantserve.com,True,True,CsiI,,,,1a5fe5677b0e4fbbc854e8908225637d,fbe78c619e7ea20046131294ad087f05,,,3106.062397,10.0.2.15,59836,95.172.94.62,443,tcp,10.625788999999711,599.0,168.0,RSTO,True,False,0,ShADadFR,7,887,7,452,ssl,0
3108.146512,Cb5rIn1Rua7W7mMzkk,10.0.2.15,59837,52.48.175.49,443,TLSv12,TLS_ECDHE_RSA_WITH_AES_128_GCM_SHA256,,5109.xg4ken.com,True,True,CsiI,,,,0ffee3ba8e615ad22535e7f771690a28,303951d4c50efb2e991652225a6f02b1,,,3106.063713,10.0.2.15,59837,52.48.175.49,443,tcp,74.00443600000017,742.0,665.0,SF,True,False,0,ShADadTFf,14,1316,15,1269,ssl,0
3108.399491,CO6pwn2p7fS8ELB1de,10.0.2.15,59840,192.225.158.1,443,TLSv12,TLS_ECDHE_RSA_WITH_AES_128_GCM_SHA256,,h.online-metrix.net,True,True,CsiI,,,,1a5fe5677b0e4fbbc854e8908225637d,fbe78c619e7ea20046131294ad087f05,,,3106.201776,10.0.2.15,59840,192.225.158.1,443,tcp,48.69545900000003,1121.0,137.0,SF,True,False,0,ShADadTFf,12,1613,12,621,ssl,0
3108.673536,C7heQj4uigbZ71ROWc,10.0.2.15,59842,192.225.158.1,443,TLSv12,TLS_ECDHE_RSA_WITH_AES_128_GCM_SHA256,,h.online-metrix.net,True,True,CsiI,,,,1a5fe5677b0e4fbbc854e8908225637d,fbe78c619e7ea20046131294ad087f05,,,3106.461665,10.0.2.15,59842,192.225.158.1,443,tcp,13.15203900000006,599.0,168.0,RSTO,True,False,0,ShADadFR,7,887,7,452,ssl,0
3110.94031,CiRnYf4nSkSgYMdGL8,10.0.2.15,59858,151.101.112.84,443,TLSv12,TLS_ECDHE_RSA_WITH_AES_128_GCM_SHA256,,ct.pinterest.com,True,True,CsiI,,,,1a5fe5677b0e4fbbc854e8908225637d,1d0e57c6ae42e9204defa51e5e1cdc4c,http/1.1,,3109.124964,10.0.2.15,59858,151.101.112.84,443,tcp,34.62232099999983,2075.0,910.0,RSTO,True,False,0,ShADadTFR,13,2606,13,1434,ssl,0
3110.940811,CBNmDT10uJ03qCvDD1,10.0.2.15,59857,151.101.112.84,443,TLSv12,TLS_ECDHE_RSA_WITH_AES_128_GCM_SHA256,,ct.pinterest.com,True,True,CsiI,,,,1a5fe5677b0e4fbbc854e8908225637d,1d0e57c6ae42e9204defa51e5e1cdc4c,http/1.1,,3109.124506,10.0.2.15,59857,151.101.112.84,443,tcp,117.9375839999998,1205.0,566.0,SF,True,False,0,ShADadTTFfRr,21,2064,22,1450,ssl,0
3110.941219,CsBBZv33fwM9fStMQc,10.0.2.15,59856,151.101.112.84,443,TLSv12,TLS_ECDHE_RSA_WITH_AES_128_GCM_SHA256,,ct.pinterest.com,True,True,CsiI,,,,1a5fe5677b0e4fbbc854e8908225637d,1d0e57c6ae42e9204defa51e5e1cdc4c,http/1.1,,3109.123849,10.0.2.15,59856,151.101.112.84,443,tcp,11.372837999999774,599.0,191.0,SF,True,False,0,ShADadFfRr,8,927,9,555,ssl,0
3110.942053,CchVFP2l9qfHxpfteb,10.0.2.15,59859,188.125.66.33,443,TLSv12,TLS_ECDHE_RSA_WITH_AES_128_GCM_SHA256,secp256r1,sp.analytics.yahoo.com,False,True,CsxknGIti,"['a42bd5146a3d4010979322f493ea1cf3e1ba9033d64ae699935e6a6ad96bd3c4', '19400be5b7a31fb733917700789d2f0a2471c0c9d506c0e504c06c16d7cb17c0']",[],1.0,0ffee3ba8e615ad22535e7f771690a28,b898351eb5e266aefd3723d466935494,http/1.1,,3109.225154,10.0.2.15,59859,188.125.66.33,443,tcp,64.28831300000002,997.0,4417.0,SF,True,False,0,ShADadTfF,16,1650,19,5181,ssl,0
3109.602164,CYi60q3a3eoD0S50wb,10.0.2.15,59844,52.48.175.49,443,TLSv12,TLS_ECDHE_RSA_WITH_AES_128_GCM_SHA256,,5109.xg4ken.com,True,True,CsiI,,,,0ffee3ba8e615ad22535e7f771690a28,303951d4c50efb2e991652225a6f02b1,,,3108.103122,10.0.2.15,59844,52.48.175.49,443,tcp,11.664545999999971,306.0,176.0,RSTO,True,False,0,ShADadFR,8,634,7,460,ssl,0
3111.940741,CYxJle2LEfZH7tjxV,10.0.2.15,59867,172.217.23.238,443,TLSv12,TLS_ECDHE_RSA_WITH_AES_128_GCM_SHA256,,apis.google.com,True,True,CsiI,,,,1a5fe5677b0e4fbbc854e8908225637d,67619a80665d7ab92d1041b1d11f9164,h2,,3111.690967,10.0.2.15,59867,172.217.23.238,443,tcp,197.22224300000016,1662.0,23117.0,SF,True,False,0,ShADadFf,33,2990,48,25041,ssl,0
3111.871569,CUbcmC1GeO67bW5Hr9,10.0.2.15,59865,151.101.112.176,443,TLSv12,TLS_ECDHE_RSA_WITH_AES_128_GCM_SHA256,secp256r1,js.stripe.com,False,True,CsxuknGIti,"['eec0f9a12469a8512dde777258ca9bfc58adaf23dc79a4d5174a7bd9f718c8cd', '403e062a2653059113285baf80a0d4ae422c848c9f78fad01fc94bc5b87fef1a']",[],1.0,0ffee3ba8e615ad22535e7f771690a28,860fcf58fd757e26aa8911e5eaff6b53,h2,,3111.56018,10.0.2.15,59865,151.101.112.176,443,tcp,196.88203299999984,937.0,25476.0,RSTO,True,False,0,ShADadFR,30,2145,45,27280,ssl,0
3111.889367,CbRDjL3fOVqERpr7tj,10.0.2.15,59866,151.101.112.176,443,TLSv12,TLS_ECDHE_RSA_WITH_AES_128_GCM_SHA256,secp256r1,js.stripe.com,False,True,CsxuknGIti,"['eec0f9a12469a8512dde777258ca9bfc58adaf23dc79a4d5174a7bd9f718c8cd', '403e062a2653059113285baf80a0d4ae422c848c9f78fad01fc94bc5b87fef1a']",[],1.0,0ffee3ba8e615ad22535e7f771690a28,860fcf58fd757e26aa8911e5eaff6b53,h2,,3111.561895,10.0.2.15,59866,151.101.112.176,443,tcp,1.929184999999961,525.0,4674.0,RSTO,True,False,0,ShADadFR,11,973,13,5198,ssl,0
3110.072346,C6RPs44NdO9vKcE9U4,10.0.2.15,59848,151.101.112.175,443,TLSv12,TLS_ECDHE_RSA_WITH_AES_128_GCM_SHA256,,www.dwin1.com,True,True,CsiI,,,,1a5fe5677b0e4fbbc854e8908225637d,1d0e57c6ae42e9204defa51e5e1cdc4c,http/1.1,,3108.149392,10.0.2.15,59848,151.101.112.175,443,tcp,134.55338700000038,931.0,7481.0,SF,True,False,0,ShADadTTFfRr,26,1990,30,8685,ssl,0
3110.079625,CUmI7q4z9XJcBh6Muf,10.0.2.15,59849,151.101.112.175,443,TLSv12,TLS_ECDHE_RSA_WITH_AES_128_GCM_SHA256,,www.dwin1.com,True,True,CsiI,,,,1a5fe5677b0e4fbbc854e8908225637d,1d0e57c6ae42e9204defa51e5e1cdc4c,http/1.1,,3108.150414,10.0.2.15,59849,151.101.112.175,443,tcp,11.83188999999993,599.0,191.0,RSTO,True,False,0,ShADadFR,7,887,7,475,ssl,0
3108.135438,CJ4Ie34w0JFAWtBX68,10.0.2.15,59838,204.79.197.200,443,TLSv12,TLS_ECDHE_RSA_WITH_AES_256_CBC_SHA,secp384r1,bat.bing.com,False,True,CsxuknGIi,"['80c4440580dbd55b228f41e6c88a51ecdbb998b5d32d12acd31ce25518d37128', '2399983e99703ebd01cea466c10799810c4ba62a8d61b88170a334dcd61bb20f']",[],1.0,0ffee3ba8e615ad22535e7f771690a28,4fd467dd264720762ffe286277c00f57,,,3106.110278,10.0.2.15,59838,204.79.197.200,443,tcp,19.658802999999807,1245.0,7285.0,SF,True,False,0,ShADadfF,12,1733,14,7849,ssl,0
2752.507138,Cf4rNW2vp1QOhXaMmf,10.0.2.15,59032,69.172.216.58,443,TLSv12,TLS_ECDHE_RSA_WITH_AES_128_GCM_SHA256,secp256r1,static.adsafeprotected.com,False,False,CsxknGI,"['2883331a8fbeed598390c6c5e24f65c9c90ce58027c1b02b57604432120f5e4f', 'bc3f03a436240edba5f83714f6f677e34b37f9b1f0c08c1e558d981e279e8209']",[],1.0,0ffee3ba8e615ad22535e7f771690a28,8d2a028aa94425f76ced7826b1f39039,http/1.1,,2748.291248,10.0.2.15,59032,69.172.216.58,443,tcp,67.82157599999982,329.0,2733.0,SF,True,False,0,ShADadFTf,14,910,13,3257,ssl,0
2752.527072,CFvkKo3wKzCEUe7lf9,10.0.2.15,59033,69.172.216.58,443,TLSv12,TLS_ECDHE_RSA_WITH_AES_128_GCM_SHA256,secp256r1,static.adsafeprotected.com,False,False,CsxknGI,"['2883331a8fbeed598390c6c5e24f65c9c90ce58027c1b02b57604432120f5e4f', 'bc3f03a436240edba5f83714f6f677e34b37f9b1f0c08c1e558d981e279e8209']",[],1.0,0ffee3ba8e615ad22535e7f771690a28,8d2a028aa94425f76ced7826b1f39039,http/1.1,,2748.54983,10.0.2.15,59033,69.172.216.58,443,tcp,67.58914400000003,329.0,2733.0,SF,True,False,0,ShADadFTf,14,910,13,3257,ssl,0
3112.25644,CgvlUy4p3s7SJkPt86,10.0.2.15,59869,151.101.112.176,443,TLSv12,TLS_ECDHE_RSA_WITH_AES_128_GCM_SHA256,secp256r1,js.stripe.com,False,True,CsxuknGIti,"['eec0f9a12469a8512dde777258ca9bfc58adaf23dc79a4d5174a7bd9f718c8cd', '403e062a2653059113285baf80a0d4ae422c848c9f78fad01fc94bc5b87fef1a']",[],1.0,0ffee3ba8e615ad22535e7f771690a28,860fcf58fd757e26aa8911e5eaff6b53,h2,,3111.822396,10.0.2.15,59869,151.101.112.176,443,tcp,4.849845000000187,525.0,4674.0,RSTO,True,False,0,ShADadFR,11,973,14,5238,ssl,0
3109.546952,CzGzgq4GW5nh5YT0Tl,10.0.2.15,59843,204.79.197.200,443,,,,bat.bing.com,False,False,C,,,,0ffee3ba8e615ad22535e7f771690a28,,,,3108.102389,10.0.2.15,59843,204.79.197.200,443,tcp,3.58478500000001,189.0,0.0,SF,True,False,0,ShADafF,5,397,4,164,ssl,0
3113.637767,Cra1Sw3wyXCZQsmAt7,10.0.2.15,59860,151.101.112.84,443,TLSv12,TLS_ECDHE_RSA_WITH_AES_128_GCM_SHA256,,ct.pinterest.com,True,True,CsiI,,,,1a5fe5677b0e4fbbc854e8908225637d,1d0e57c6ae42e9204defa51e5e1cdc4c,http/1.1,,3109.38337,10.0.2.15,59860,151.101.112.84,443,tcp,12.474961999999778,599.0,191.0,RSTO,True,False,0,ShADadFR,8,935,7,475,ssl,0
3108.288086,CEocZa31WFVa2t8jn7,10.0.2.15,59841,54.192.93.241,443,TLSv12,TLS_ECDHE_RSA_WITH_AES_128_GCM_SHA256,secp256r1,cdn.branch.io,False,True,CsxuknGIti,"['3bd0acd0a1b69967511a615cdefae401fab35b10dd7c05c7642cbd6810b3e394', '154c433c491929c5ef686e838e323664a00e6a0d822ccc958fb4dab03e49a08f', '4348a0e9444c78cb265e058d5e8944b4d84f9662bd26db257f8934a443c70161']",[],1.0,0ffee3ba8e615ad22535e7f771690a28,76cc3e2d3028143b23ec18e27dbd7ca9,http/1.1,,3106.39782,10.0.2.15,59841,54.192.93.241,443,tcp,11.758053999999902,316.0,4623.0,RSTO,True,False,0,ShADadFR,8,644,9,4987,ssl,0
3110.528184,CM8Gfl4iG7b19K2Mii,10.0.2.15,59855,151.101.112.175,443,TLSv12,TLS_ECDHE_RSA_WITH_AES_128_GCM_SHA256,,www.dwin1.com,True,True,CsiI,,,,1a5fe5677b0e4fbbc854e8908225637d,1d0e57c6ae42e9204defa51e5e1cdc4c,http/1.1,,3108.4162,10.0.2.15,59855,151.101.112.175,443,tcp,13.082880999999816,599.0,191.0,RSTO,True,False,0,ShADadFR,7,887,7,475,ssl,0
3113.708588,Cviofc1K51QzpRPBqi,10.0.2.15,59861,151.101.112.84,443,TLSv12,TLS_ECDHE_RSA_WITH_AES_128_GCM_SHA256,,ct.pinterest.com,True,True,CsiI,,,,1a5fe5677b0e4fbbc854e8908225637d,1d0e57c6ae42e9204defa51e5e1cdc4c,http/1.1,,3109.383826,10.0.2.15,59861,151.101.112.84,443,tcp,12.400104999999712,599.0,191.0,RSTO,True,False,0,ShADadFR,8,935,7,475,ssl,0
3110.52725,C0GD2o26kqLNgNhCNa,10.0.2.15,59852,52.48.175.49,443,TLSv12,TLS_ECDHE_RSA_WITH_AES_128_GCM_SHA256,,5109.xg4ken.com,True,True,CsiI,,,,0ffee3ba8e615ad22535e7f771690a28,303951d4c50efb2e991652225a6f02b1,,,3108.370119,10.0.2.15,59852,52.48.175.49,443,tcp,13.512503999999808,306.0,176.0,SF,True,False,0,ShADadFfRr,8,634,9,540,ssl,0
3110.020877,CLCY0h2YFr6f4bhw9e,10.0.2.15,59846,104.16.84.55,443,,,,v2.zopim.com,False,False,C,,,,0ffee3ba8e615ad22535e7f771690a28,,,,3108.148068,10.0.2.15,59846,104.16.84.55,443,tcp,6.75796900000023,189.0,0.0,SF,True,False,0,ShADafF,5,397,4,164,ssl,0
3110.026919,C9AtDA1ok1Rg4YlEWd,10.0.2.15,59847,104.16.84.55,443,,,,v2.zopim.com,False,False,C,,,,0ffee3ba8e615ad22535e7f771690a28,,,,3108.148565,10.0.2.15,59847,104.16.84.55,443,tcp,6.844875000000229,189.0,0.0,SF,True,False,0,ShADafF,5,397,4,164,ssl,0
3110.529416,CxknuN2ycTivXnbtmh,10.0.2.15,59854,104.16.84.55,443,TLSv12,TLS_ECDHE_RSA_WITH_AES_128_GCM_SHA256,secp256r1,v2.zopim.com,False,True,CsxuknGIi,"['260fa90fe103a638014042f7e0d0a74c29d5014284e70d7e6344dd8505458574', '02ab57e4e67a0cb48dd2ff34830e8ac40f4476fb08ca6be3f5cd846f646840f0', '4f32d5dc00f715250abcc486511e37f501a899deb3bf7ea8adbbd3aef1c412da']",[],1.0,0ffee3ba8e615ad22535e7f771690a28,1d92b1ca39d82e415ee788b0324f6e25,h2,,3108.415695,10.0.2.15,59854,104.16.84.55,443,tcp,200.021941,685.0,5485.0,SF,True,False,0,ShADadFf,18,1413,20,6289,ssl,0
3110.530328,CNj61G1MscsU1WnJc8,10.0.2.15,59853,151.101.112.84,443,TLSv12,TLS_ECDHE_RSA_WITH_AES_128_GCM_SHA256,secp256r1,s.pinimg.com,False,True,CsxuknGIti,"['f4e51395ad2a5748284f72c5726b0c36d004a1400672e97a04aaa66629a6dbd0', '19400be5b7a31fb733917700789d2f0a2471c0c9d506c0e504c06c16d7cb17c0']",[],1.0,0ffee3ba8e615ad22535e7f771690a28,860fcf58fd757e26aa8911e5eaff6b53,http/1.1,,3108.415108,10.0.2.15,59853,151.101.112.84,443,tcp,13.394688999999744,315.0,4346.0,RSTO,True,False,0,ShADadFR,8,643,8,4670,ssl,0
3108.233198,C0IK1n2xl9DLiNtJR1,10.0.2.15,59839,54.192.93.241,443,TLSv12,TLS_ECDHE_RSA_WITH_AES_128_GCM_SHA256,secp256r1,cdn.branch.io,False,True,CsxuknGIti,"['3bd0acd0a1b69967511a615cdefae401fab35b10dd7c05c7642cbd6810b3e394', '154c433c491929c5ef686e838e323664a00e6a0d822ccc958fb4dab03e49a08f', '4348a0e9444c78cb265e058d5e8944b4d84f9662bd26db257f8934a443c70161']",[],1.0,0ffee3ba8e615ad22535e7f771690a28,76cc3e2d3028143b23ec18e27dbd7ca9,http/1.1,,3106.136462,10.0.2.15,59839,54.192.93.241,443,tcp,131.74503400000003,692.0,22747.0,SF,True,False,0,ShADadTTFf,36,2152,50,24751,ssl,0
3110.287302,CrQ9551mGCCXDrqrn6,10.0.2.15,59850,54.192.93.135,443,TLSv12,TLS_ECDHE_RSA_WITH_AES_128_GCM_SHA256,secp256r1,rules.quantcount.com,False,True,CsxuknGIti,"['7d39ee69bdac843654f44bb3164a243b3e8c527019b6225992e5d36771f19e8f', '19400be5b7a31fb733917700789d2f0a2471c0c9d506c0e504c06c16d7cb17c0']",[],1.0,0ffee3ba8e615ad22535e7f771690a28,76cc3e2d3028143b23ec18e27dbd7ca9,h2,,3108.264896,10.0.2.15,59850,54.192.93.135,443,tcp,215.77183999999988,966.0,4358.0,SF,True,False,0,ShADadFf,22,1854,24,5322,ssl,0
3116.73336,CE7jEN2TH5PMNL72s3,10.0.2.15,59863,54.192.93.135,443,TLSv12,TLS_ECDHE_RSA_WITH_AES_128_GCM_SHA256,secp256r1,rules.quantcount.com,False,True,CsxuknGIti,"['7d39ee69bdac843654f44bb3164a243b3e8c527019b6225992e5d36771f19e8f', '19400be5b7a31fb733917700789d2f0a2471c0c9d506c0e504c06c16d7cb17c0']",[],1.0,0ffee3ba8e615ad22535e7f771690a28,76cc3e2d3028143b23ec18e27dbd7ca9,h2,,3116.73143,10.0.2.15,59863,54.192.93.135,443,tcp,13.641266000000089,532.0,3793.0,RSTO,True,False,0,^hADadFR,9,892,10,4197,ssl,0
3110.423886,Ce32Jx2VblbinokBi8,10.0.2.15,59851,204.79.197.200,443,TLSv12,TLS_ECDHE_RSA_WITH_AES_256_CBC_SHA,secp384r1,bat.bing.com,False,True,CsxuknGIi,"['80c4440580dbd55b228f41e6c88a51ecdbb998b5d32d12acd31ce25518d37128', '2399983e99703ebd01cea466c10799810c4ba62a8d61b88170a334dcd61bb20f']",[],1.0,0ffee3ba8e615ad22535e7f771690a28,4fd467dd264720762ffe286277c00f57,,,3108.36783,10.0.2.15,59851,204.79.197.200,443,tcp,23.686056000000008,424.0,6880.0,SF,True,False,0,ShADadFf,12,912,15,7484,ssl,0
3130.523706,CuXsBp4qB4x23guLFe,10.0.2.15,59876,50.121.73.21,443,TLSv12,TLS_DHE_RSA_WITH_AES_256_CBC_SHA,,frontier.com,True,True,CsiI,,,,0ffee3ba8e615ad22535e7f771690a28,38759e3bb980b0ca6bf7f22837b8582f,,,3129.953519,10.0.2.15,59876,50.121.73.21,443,tcp,153.8325759999998,2545.0,281203.0,RSTO,True,False,0,ShADadTFR,129,7721,224,290167,ssl,0
3131.354087,CjEQIL2fB02mzLh2q,10.0.2.15,59877,50.121.73.21,443,TLSv12,TLS_DHE_RSA_WITH_AES_256_CBC_SHA,,frontier.com,True,True,CsiI,,,,0ffee3ba8e615ad22535e7f771690a28,38759e3bb980b0ca6bf7f22837b8582f,,,3130.210022,10.0.2.15,59877,50.121.73.21,443,tcp,221.5188009999997,13667.0,196301.0,SF,True,False,0,ShADadTTFf,121,18526,185,203705,ssl,0
3131.126742,CPWvNf3nWLCcMZLNQ3,10.0.2.15,59871,54.192.93.21,443,TLSv12,TLS_ECDHE_RSA_WITH_AES_128_GCM_SHA256,secp256r1,app.link,False,True,CsxuknGIti,"['bf371478ffb23a8de16b6f6f71f20fa19d3fc61ad5df7e151ade09bf77527b27', 'f55f9ffcb83c73453261601c7e044db15a0f034b93c05830f28635ef889cf670', '87dcd4dc74640a322cd205552506d1be64f12596258096544986b4850bc72706', '28689b30e4c306aab53b027b29e36ad6dd1dcf4b953994482ca84bdc1ecac996']",[],1.0,0ffee3ba8e615ad22535e7f771690a28,76cc3e2d3028143b23ec18e27dbd7ca9,http/1.1,,3127.575834,10.0.2.15,59871,54.192.93.21,443,tcp,126.86528199999977,1236.0,6792.0,SF,True,False,0,ShADadTTFf,26,2303,29,7956,ssl,0
3132.459201,CHhaLA22G0UIJv2olj,10.0.2.15,59872,50.121.73.21,443,TLSv12,TLS_DHE_RSA_WITH_AES_256_CBC_SHA,,frontier.com,True,True,CsiI,,,,0ffee3ba8e615ad22535e7f771690a28,38759e3bb980b0ca6bf7f22837b8582f,,,3128.375865,10.0.2.15,59872,50.121.73.21,443,tcp,160.4073760000001,10442.0,294417.0,SF,True,False,0,ShADadTTFf,142,16148,249,304381,ssl,0
3131.725997,CxKMHe3LJKclFDEnZ5,10.0.2.15,59878,95.172.94.50,443,TLSv12,TLS_ECDHE_RSA_WITH_AES_128_GCM_SHA256,secp256r1,pixel.quantserve.com,False,True,CsxknGIti,"['7d39ee69bdac843654f44bb3164a243b3e8c527019b6225992e5d36771f19e8f', '19400be5b7a31fb733917700789d2f0a2471c0c9d506c0e504c06c16d7cb17c0']",[],1.0,0ffee3ba8e615ad22535e7f771690a28,ccc514751b175866924439bdbb5bba34,,,3131.147118,10.0.2.15,59878,95.172.94.50,443,tcp,9.1010610000003,1205.0,3980.0,SF,True,False,0,ShADadfF,11,1653,14,4544,ssl,0
3131.742217,CQ7S832v97bBVRt7r1,10.0.2.15,59879,95.172.94.50,443,TLSv12,TLS_ECDHE_RSA_WITH_AES_128_GCM_SHA256,secp256r1,pixel.quantserve.com,False,True,CsxknGIti,"['7d39ee69bdac843654f44bb3164a243b3e8c527019b6225992e5d36771f19e8f', '19400be5b7a31fb733917700789d2f0a2471c0c9d506c0e504c06c16d7cb17c0']",[],1.0,0ffee3ba8e615ad22535e7f771690a28,ccc514751b175866924439bdbb5bba34,,,3131.148133,10.0.2.15,59879,95.172.94.50,443,tcp,10.319674999999734,354.0,3323.0,RSTO,True,False,0,ShADadFR,10,762,12,3807,ssl,0
3133.292051,CSNqNsz3qjzhnkv59,10.0.2.15,59874,50.121.73.21,443,TLSv12,TLS_DHE_RSA_WITH_AES_256_CBC_SHA,,frontier.com,True,True,CsiI,,,,0ffee3ba8e615ad22535e7f771690a28,38759e3bb980b0ca6bf7f22837b8582f,,,3128.632346,10.0.2.15,59874,50.121.73.21,443,tcp,329.6810270000001,31520.0,185170.0,SF,True,False,0,ShADadTTFf,149,37510,212,193654,ssl,0
3132.421394,CEMJcQKzgaYErceg,10.0.2.15,59873,54.192.93.21,443,TLSv12,TLS_ECDHE_RSA_WITH_AES_128_GCM_SHA256,secp256r1,app.link,False,True,CsxuknGIti,"['bf371478ffb23a8de16b6f6f71f20fa19d3fc61ad5df7e151ade09bf77527b27', 'f55f9ffcb83c73453261601c7e044db15a0f034b93c05830f28635ef889cf670', '87dcd4dc74640a322cd205552506d1be64f12596258096544986b4850bc72706', '28689b30e4c306aab53b027b29e36ad6dd1dcf4b953994482ca84bdc1ecac996']",[],1.0,0ffee3ba8e615ad22535e7f771690a28,76cc3e2d3028143b23ec18e27dbd7ca9,http/1.1,,3128.376853,10.0.2.15,59873,54.192.93.21,443,tcp,13.558788999999706,342.0,5698.0,SF,True,False,0,ShADadFf,10,758,11,6142,ssl,0
3132.428824,Cx9xR31nSzuoodKD6k,10.0.2.15,59880,34.199.25.170,443,TLSv12,TLS_ECDHE_RSA_WITH_AES_128_GCM_SHA256,secp256r1,server.fuse.analytics-engine.com,False,True,CsxknGIi,"['0504676232d102b2131b471917c814f2d154196278209632fbddf3be18743ff7', 'f55f9ffcb83c73453261601c7e044db15a0f034b93c05830f28635ef889cf670', '87dcd4dc74640a322cd205552506d1be64f12596258096544986b4850bc72706', '28689b30e4c306aab53b027b29e36ad6dd1dcf4b953994482ca84bdc1ecac996']",[],1.0,0ffee3ba8e615ad22535e7f771690a28,303951d4c50efb2e991652225a6f02b1,,,3131.35294,10.0.2.15,59880,34.199.25.170,443,tcp,30.23425599999973,2049.0,5721.0,SF,True,False,0,ShADadTFf,13,2578,15,6325,ssl,0
3135.52165,CjfY1S1V9s2XBM1itk,10.0.2.15,59884,54.192.93.21,443,TLSv12,TLS_ECDHE_RSA_WITH_AES_128_GCM_SHA256,,app.link,True,True,CsiI,,,,1a5fe5677b0e4fbbc854e8908225637d,d199ba0af2b08e204c73d6d81a1fd260,http/1.1,,3132.808032,10.0.2.15,59884,54.192.93.21,443,tcp,12.530295000000024,599.0,156.0,SF,True,False,0,ShADadFf,7,887,7,440,ssl,0
3132.635131,CER3QB2RC4hyA4iiue,10.0.2.15,59875,54.192.93.21,443,TLSv12,TLS_ECDHE_RSA_WITH_AES_128_GCM_SHA256,secp256r1,app.link,False,True,CsxuknGIti,"['bf371478ffb23a8de16b6f6f71f20fa19d3fc61ad5df7e151ade09bf77527b27', 'f55f9ffcb83c73453261601c7e044db15a0f034b93c05830f28635ef889cf670', '87dcd4dc74640a322cd205552506d1be64f12596258096544986b4850bc72706', '28689b30e4c306aab53b027b29e36ad6dd1dcf4b953994482ca84bdc1ecac996']",[],1.0,0ffee3ba8e615ad22535e7f771690a28,76cc3e2d3028143b23ec18e27dbd7ca9,http/1.1,,3128.632862,10.0.2.15,59875,54.192.93.21,443,tcp,11.382669999999962,311.0,5698.0,RSTO,True,False,0,ShADadFR,9,687,9,6062,ssl,0
3133.400687,CJwEU44bJyzAtbvp25,10.0.2.15,59883,54.192.93.199,443,TLSv12,TLS_ECDHE_RSA_WITH_AES_128_GCM_SHA256,secp256r1,cdn.preamp.io,False,True,CsxknGIti,"['395c0b0717589a714930d67a00521033a3bba5c3a17c142b334619ac8b4ae88b', '973a41276ffd01e027a2aad49e34c37846d3e976ff6a620b6712e33832041aa6', '3a2fbe92891e57fe05d57087f48e730f17e5a5f53ef403d618e5b74d7a7e6ecb', 'c3846bf24b9e93ca64274c0ec67c1ecc5e024ffcacd2d74019350e81fe546ae4']",[],1.0,0ffee3ba8e615ad22535e7f771690a28,b898351eb5e266aefd3723d466935494,http/1.1,,3131.982915,10.0.2.15,59883,54.192.93.199,443,tcp,235.739153,8963.0,335291.0,SF,True,False,0,ShADadTTfF,185,16389,385,350695,ssl,0
3110.029038,CfwX643Z8CahBjvIu9,10.0.2.15,59845,151.101.112.84,443,TLSv12,TLS_ECDHE_RSA_WITH_AES_128_GCM_SHA256,secp256r1,s.pinimg.com,False,True,CsxuknGIti,"['f4e51395ad2a5748284f72c5726b0c36d004a1400672e97a04aaa66629a6dbd0', '19400be5b7a31fb733917700789d2f0a2471c0c9d506c0e504c06c16d7cb17c0']",[],1.0,0ffee3ba8e615ad22535e7f771690a28,860fcf58fd757e26aa8911e5eaff6b53,http/1.1,,3108.147499,10.0.2.15,59845,151.101.112.84,443,tcp,169.26082999999971,680.0,5861.0,SF,True,False,0,ShADadTTFfRr,29,1862,31,7105,ssl,0
3123.802822,CLGSj71T03uZTITal9,10.0.2.15,59870,54.192.93.21,443,TLSv12,TLS_ECDHE_RSA_WITH_AES_128_GCM_SHA256,secp256r1,app.link,False,True,CsxuknGIti,"['bf371478ffb23a8de16b6f6f71f20fa19d3fc61ad5df7e151ade09bf77527b27', 'f55f9ffcb83c73453261601c7e044db15a0f034b93c05830f28635ef889cf670', '87dcd4dc74640a322cd205552506d1be64f12596258096544986b4850bc72706', '28689b30e4c306aab53b027b29e36ad6dd1dcf4b953994482ca84bdc1ecac996']",[],1.0,0ffee3ba8e615ad22535e7f771690a28,76cc3e2d3028143b23ec18e27dbd7ca9,http/1.1,,3123.006239,10.0.2.15,59870,54.192.93.21,443,tcp,139.70703300000014,789.0,6276.0,SF,True,False,0,ShADadTTFfRr,26,1849,30,7480,ssl,0
3132.486981,CuOV5G2vTefWah4Y6l,10.0.2.15,59881,95.172.94.50,443,TLSv12,TLS_ECDHE_RSA_WITH_AES_128_GCM_SHA256,secp256r1,pixel.quantserve.com,False,True,CsxknGIti,"['7d39ee69bdac843654f44bb3164a243b3e8c527019b6225992e5d36771f19e8f', '19400be5b7a31fb733917700789d2f0a2471c0c9d506c0e504c06c16d7cb17c0']",[],1.0,0ffee3ba8e615ad22535e7f771690a28,ccc514751b175866924439bdbb5bba34,,,3131.413901,10.0.2.15,59881,95.172.94.50,443,tcp,12.172771999999895,323.0,3323.0,SF,True,False,0,ShADadFRfr,9,691,10,3727,ssl,0
3137.62531,CJfeK8ZvsVClBK993,10.0.2.15,59888,54.192.93.106,443,TLSv12,TLS_ECDHE_RSA_WITH_AES_128_GCM_SHA256,secp256r1,cdn.preamp.io,False,True,CsxknGIti,"['395c0b0717589a714930d67a00521033a3bba5c3a17c142b334619ac8b4ae88b', '973a41276ffd01e027a2aad49e34c37846d3e976ff6a620b6712e33832041aa6', '3a2fbe92891e57fe05d57087f48e730f17e5a5f53ef403d618e5b74d7a7e6ecb', 'c3846bf24b9e93ca64274c0ec67c1ecc5e024ffcacd2d74019350e81fe546ae4']",[],1.0,0ffee3ba8e615ad22535e7f771690a28,b898351eb5e266aefd3723d466935494,http/1.1,,3133.798125,10.0.2.15,59888,54.192.93.106,443,tcp,11.366715000000111,316.0,5437.0,RSTO,True,False,0,ShADadFR,11,772,12,5921,ssl,0
3133.116314,CzTXwzbYpErvHzKu9,10.0.2.15,59882,34.199.25.170,443,TLSv12,TLS_ECDHE_RSA_WITH_AES_128_GCM_SHA256,secp256r1,server.fuse.analytics-engine.com,False,True,CsxknGIi,"['0504676232d102b2131b471917c814f2d154196278209632fbddf3be18743ff7', 'f55f9ffcb83c73453261601c7e044db15a0f034b93c05830f28635ef889cf670', '87dcd4dc74640a322cd205552506d1be64f12596258096544986b4850bc72706', '28689b30e4c306aab53b027b29e36ad6dd1dcf4b953994482ca84bdc1ecac996']",[],1.0,0ffee3ba8e615ad22535e7f771690a28,303951d4c50efb2e991652225a6f02b1,,,3131.617128,10.0.2.15,59882,34.199.25.170,443,tcp,13.79101300000002,335.0,5126.0,RSTR,True,False,0,ShADadFRr,10,743,12,5610,ssl,0
3143.611097,CEdXl13DVEZdDwgWNb,10.0.2.15,59897,54.230.94.137,443,TLSv12,TLS_ECDHE_RSA_WITH_AES_128_GCM_SHA256,secp256r1,api.branch.io,False,True,CsxuknGIti,"['3bd0acd0a1b69967511a615cdefae401fab35b10dd7c05c7642cbd6810b3e394', '154c433c491929c5ef686e838e323664a00e6a0d822ccc958fb4dab03e49a08f', '4348a0e9444c78cb265e058d5e8944b4d84f9662bd26db257f8934a443c70161']",[],1.0,0ffee3ba8e615ad22535e7f771690a28,76cc3e2d3028143b23ec18e27dbd7ca9,h2,,3142.779041,10.0.2.15,59897,54.230.94.137,443,tcp,191.95999500000016,686.0,4816.0,SF,True,False,0,ShADadFf,18,1414,20,5620,ssl,0
3114.046513,C2zbsa1LzdXtosYYJj,10.0.2.15,59862,188.125.66.33,443,TLSv12,TLS_ECDHE_RSA_WITH_AES_128_GCM_SHA256,secp256r1,sp.analytics.yahoo.com,False,True,CsxknGIti,"['a42bd5146a3d4010979322f493ea1cf3e1ba9033d64ae699935e6a6ad96bd3c4', '19400be5b7a31fb733917700789d2f0a2471c0c9d506c0e504c06c16d7cb17c0']",[],1.0,1a5fe5677b0e4fbbc854e8908225637d,b898351eb5e266aefd3723d466935494,http/1.1,,3109.480076,10.0.2.15,59862,188.125.66.33,443,tcp,37.69841600000018,643.0,4002.0,RSTO,True,False,0,ShADadFTR,11,1101,10,4406,ssl,0
3205.601035,CphDpw4OCOhexFEaxl,10.0.2.15,59927,104.94.35.91,443,TLSv12,TLS_RSA_WITH_AES_256_CBC_SHA,,www.icloud.com,False,True,CsxnGIti,"['91eddfd5a71fcc3d58d8c16d54477c6c35037bbb009e1dbde27c848afeb017df', '9e6bc5f9ecc52460e8edc02c644d1be1cb9f2316f41daf3b616a0b2058294b31']",[],1.0,0ffee3ba8e615ad22535e7f771690a28,bbf5e9acc56a56c8e3cad029c7e26f7e,http/1.1,,3205.374178,10.0.2.15,59927,104.94.35.91,443,tcp,186.75654399999985,1609.0,24258.0,SF,True,False,0,ShADadTTFfRr,46,3473,62,26742,ssl,0
3205.604159,CihUw84EGj0eFtFr08,10.0.2.15,59928,104.94.35.91,443,TLSv12,TLS_RSA_WITH_AES_256_CBC_SHA,,www.icloud.com,False,True,CsxnGIti,"['91eddfd5a71fcc3d58d8c16d54477c6c35037bbb009e1dbde27c848afeb017df', '9e6bc5f9ecc52460e8edc02c644d1be1cb9f2316f41daf3b616a0b2058294b31']",[],1.0,0ffee3ba8e615ad22535e7f771690a28,bbf5e9acc56a56c8e3cad029c7e26f7e,http/1.1,,3205.377852,10.0.2.15,59928,104.94.35.91,443,tcp,7.202628999999888,586.0,3571.0,RSTO,True,False,0,ShADadFR,10,994,12,4055,ssl,0
3206.201962,CkdaBw3bB4LEmFkMs2,10.0.2.15,59930,172.217.23.238,443,TLSv12,TLS_ECDHE_ECDSA_WITH_AES_128_GCM_SHA256,x25519,img.youtube.com,False,True,CsxknGIti,"['11ddd329046367c19b32ffdb02ed308de129de4d6ffcf95856d7bd6a7accfba9', '9f630426df1d8abfd80ace98871ba833ab9742cb34838de2b5285ed54c0c7dcc', '3c35cc963eb004451323d3275d05b353235053490d9cd83729a2faf5e7ca1cc0']",[],1.0,0ffee3ba8e615ad22535e7f771690a28,84480cf8cf0e732666092640e581e1a5,h2,,3205.626684,10.0.2.15,59930,172.217.23.238,443,tcp,202.56607200000008,1047.0,21396.0,SF,True,False,0,ShADadFfRr,34,2415,51,23440,ssl,0
3206.202901,CXQiwzP2Ewd0f9247,10.0.2.15,59929,151.101.112.222,443,TLSv12,TLS_ECDHE_RSA_WITH_AES_128_GCM_SHA256,secp256r1,gateway.answerscloud.com,False,True,CsxuknGIti,"['bc188825b3eb5f35ceda01a2d9259b4194035f2f53bdefd7f49be68c32851bcb', '19400be5b7a31fb733917700789d2f0a2471c0c9d506c0e504c06c16d7cb17c0']",[],1.0,0ffee3ba8e615ad22535e7f771690a28,860fcf58fd757e26aa8911e5eaff6b53,http/1.1,,3205.608785,10.0.2.15,59929,151.101.112.222,443,tcp,77.33007700000007,1012.0,46298.0,RSTO,True,False,0,ShADadTFR,40,2624,56,48542,ssl,0
3207.688582,CtKXnZ3mfpHqpAVp3b,10.0.2.15,59937,95.101.246.111,443,TLSv12,TLS_ECDHE_RSA_WITH_AES_256_GCM_SHA384,,assets.adobedtm.com,True,True,CsiI,,,,1a5fe5677b0e4fbbc854e8908225637d,410b9bedaf65dd26c6fe547154d60db4,http/1.1,,3206.803338,10.0.2.15,59937,95.101.246.111,443,tcp,146.94336299999986,1715.0,2014.0,SF,True,False,0,ShADadTTFfRr,25,2736,26,3058,ssl,0
3207.668767,CP7EIr4q2xysHasbua,10.0.2.15,59936,95.101.246.111,443,TLSv12,TLS_ECDHE_RSA_WITH_AES_256_GCM_SHA384,,assets.adobedtm.com,True,True,CsiI,,,,1a5fe5677b0e4fbbc854e8908225637d,410b9bedaf65dd26c6fe547154d60db4,http/1.1,,3206.802205,10.0.2.15,59936,95.101.246.111,443,tcp,160.22176200000013,2273.0,12235.0,SF,True,False,0,ShADadTTFRfr,31,3535,36,13679,ssl,0
3207.726346,CcS7Uv2dqJaQn8i4w1,10.0.2.15,59938,95.101.246.111,443,TLSv12,TLS_ECDHE_RSA_WITH_AES_256_GCM_SHA384,,assets.adobedtm.com,True,True,CsiI,,,,1a5fe5677b0e4fbbc854e8908225637d,410b9bedaf65dd26c6fe547154d60db4,http/1.1,,3206.804087,10.0.2.15,59938,95.101.246.111,443,tcp,7.363280999999915,599.0,183.0,RSTO,True,False,0,ShADadFR,7,887,7,467,ssl,0
3207.747389,CCUDWX3Z6kEjpiAKr9,10.0.2.15,59939,95.101.246.111,443,TLSv12,TLS_ECDHE_RSA_WITH_AES_256_GCM_SHA384,,assets.adobedtm.com,True,True,CsiI,,,,1a5fe5677b0e4fbbc854e8908225637d,410b9bedaf65dd26c6fe547154d60db4,http/1.1,,3206.813122,10.0.2.15,59939,95.101.246.111,443,tcp,7.363659000000098,599.0,183.0,RSTO,True,False,0,ShADadFR,7,887,7,467,ssl,0
3207.769979,Cbf07J38CvEeNZdik4,10.0.2.15,59940,95.101.246.111,443,TLSv12,TLS_ECDHE_RSA_WITH_AES_256_GCM_SHA384,,assets.adobedtm.com,True,True,CsiI,,,,1a5fe5677b0e4fbbc854e8908225637d,410b9bedaf65dd26c6fe547154d60db4,http/1.1,,3206.816653,10.0.2.15,59940,95.101.246.111,443,tcp,7.398157999999967,599.0,183.0,RSTO,True,False,0,ShADadFR,7,887,7,467,ssl,0
3206.938899,CDiDr327qfw1107mk8,10.0.2.15,59932,172.217.23.238,443,TLSv12,TLS_ECDHE_ECDSA_WITH_AES_128_GCM_SHA256,x25519,img.youtube.com,False,True,CsxknGIti,"['11ddd329046367c19b32ffdb02ed308de129de4d6ffcf95856d7bd6a7accfba9', '9f630426df1d8abfd80ace98871ba833ab9742cb34838de2b5285ed54c0c7dcc', '3c35cc963eb004451323d3275d05b353235053490d9cd83729a2faf5e7ca1cc0']",[],1.0,0ffee3ba8e615ad22535e7f771690a28,84480cf8cf0e732666092640e581e1a5,h2,,3206.211565,10.0.2.15,59932,172.217.23.238,443,tcp,5.986755999999787,525.0,4423.0,RSTO,True,False,0,ShADadFR,12,1013,15,5027,ssl,0
3207.027481,CAALFs2NYm4p2iNeLk,10.0.2.15,59933,172.217.23.232,443,TLSv12,TLS_ECDHE_RSA_WITH_AES_128_GCM_SHA256,x25519,ssl.google-analytics.com,False,True,CsxknGIti,"['31ed45c3400fc5f9a84dfaa0a6f6171369876ed4e2da669ee7f8edbe3593bf6b', '9f630426df1d8abfd80ace98871ba833ab9742cb34838de2b5285ed54c0c7dcc', '3c35cc963eb004451323d3275d05b353235053490d9cd83729a2faf5e7ca1cc0']",[],1.0,0ffee3ba8e615ad22535e7f771690a28,ab41313cfec25328b20865eb1388e0a2,h2,,3206.24024,10.0.2.15,59933,172.217.23.232,443,tcp,401.269221,1430.0,33391.0,SF,True,False,0,ShADadFf,43,3158,61,35835,ssl,0
3207.037587,CUfTuS2KLqHLcuF5C6,10.0.2.15,59934,151.101.112.222,443,TLSv12,TLS_ECDHE_RSA_WITH_AES_128_GCM_SHA256,secp256r1,gateway.answerscloud.com,False,True,CsxuknGIti,"['bc188825b3eb5f35ceda01a2d9259b4194035f2f53bdefd7f49be68c32851bcb', '19400be5b7a31fb733917700789d2f0a2471c0c9d506c0e504c06c16d7cb17c0']",[],1.0,0ffee3ba8e615ad22535e7f771690a28,860fcf58fd757e26aa8911e5eaff6b53,http/1.1,,3206.439218,10.0.2.15,59934,151.101.112.222,443,tcp,7.790129999999863,358.0,3813.0,RSTO,True,False,0,ShADadFR,10,766,12,4297,ssl,0
3208.156984,CsDDC44pCqxeQNrKLe,10.0.2.15,59944,95.101.246.111,443,TLSv12,TLS_ECDHE_RSA_WITH_AES_256_GCM_SHA384,,assets.adobedtm.com,True,True,CsiI,,,,1a5fe5677b0e4fbbc854e8908225637d,410b9bedaf65dd26c6fe547154d60db4,http/1.1,,3207.109986,10.0.2.15,59944,95.101.246.111,443,tcp,8.136344000000008,599.0,183.0,RSTO,True,False,0,ShADadFR,7,887,7,467,ssl,0
3206.61372,CHqlcV1xqmNRqrhM86,10.0.2.15,59931,151.101.112.222,443,TLSv12,TLS_ECDHE_RSA_WITH_AES_128_GCM_SHA256,secp256r1,gateway.answerscloud.com,False,True,CsxuknGIti,"['bc188825b3eb5f35ceda01a2d9259b4194035f2f53bdefd7f49be68c32851bcb', '19400be5b7a31fb733917700789d2f0a2471c0c9d506c0e504c06c16d7cb17c0']",[],1.0,0ffee3ba8e615ad22535e7f771690a28,860fcf58fd757e26aa8911e5eaff6b53,http/1.1,,3206.013138,10.0.2.15,59931,151.101.112.222,443,tcp,6.063557000000401,358.0,3813.0,SF,True,False,0,ShADadFRfr,11,806,13,4337,ssl,0
3211.179265,CaJomj3p0W4hPmCeXd,10.0.2.15,59945,95.101.246.111,443,TLSv12,TLS_ECDHE_RSA_WITH_AES_256_GCM_SHA384,,assets.adobedtm.com,True,True,CsiI,,,,1a5fe5677b0e4fbbc854e8908225637d,410b9bedaf65dd26c6fe547154d60db4,http/1.1,,3207.110401,10.0.2.15,59945,95.101.246.111,443,tcp,10.314142000000174,599.0,183.0,RSTO,True,False,0,ShADadFR,8,935,7,467,ssl,0
3213.646418,CEsVK81swT79dqX585,10.0.2.15,59958,17.248.147.149,443,TLSv12,TLS_ECDHE_RSA_WITH_AES_256_GCM_SHA384,secp256r1,edge.icloud.com,False,True,CsxknGIti,"['1aa750f7bdacb32f73ad5f46925e39f5b59175efdffc9e905635f69d7b26660f', '8420dfbe376f414bf4c0a81e6936d24ccc03f304835b86c7a39142fca723a689', 'eae72eb454bf6c3977ebd289e970b2f5282949190093d0d26f98d0f0d6a9cf17']",[],1.0,0ffee3ba8e615ad22535e7f771690a28,a39e18564e32e1822751c4af0bfba817,http/1.1,,3212.691851,10.0.2.15,59958,17.248.147.149,443,tcp,71.92870300000004,630.0,5435.0,SF,True,False,0,ShADadTfF,18,1364,20,6239,ssl,0
3213.946302,ChdDGq4ytmb0FNYAci,10.0.2.15,59959,104.94.35.91,443,TLSv12,TLS_RSA_WITH_AES_256_CBC_SHA,,icloud.cdn-apple.com,False,True,CsxnGIti,"['91eddfd5a71fcc3d58d8c16d54477c6c35037bbb009e1dbde27c848afeb017df', '9e6bc5f9ecc52460e8edc02c644d1be1cb9f2316f41daf3b616a0b2058294b31']",[],0.0,0ffee3ba8e615ad22535e7f771690a28,bbf5e9acc56a56c8e3cad029c7e26f7e,http/1.1,,3212.845528,10.0.2.15,59959,104.94.35.91,443,tcp,195.037104,3411.0,508518.0,SF,True,False,0,ShADadTTFRfr,364,17992,693,536242,ssl,0
3214.013741,C0YSiY2pjLUQFNxBs2,10.0.2.15,59960,17.248.147.149,443,TLSv12,TLS_ECDHE_RSA_WITH_AES_256_GCM_SHA384,secp256r1,edge.icloud.com,False,True,CsxknGIti,"['1aa750f7bdacb32f73ad5f46925e39f5b59175efdffc9e905635f69d7b26660f', '8420dfbe376f414bf4c0a81e6936d24ccc03f304835b86c7a39142fca723a689', 'eae72eb454bf6c3977ebd289e970b2f5282949190093d0d26f98d0f0d6a9cf17']",[],1.0,0ffee3ba8e615ad22535e7f771690a28,a39e18564e32e1822751c4af0bfba817,http/1.1,,3212.847292,10.0.2.15,59960,17.248.147.149,443,tcp,8.023212000000058,349.0,5051.0,SF,True,False,0,ShADadFf,10,757,11,5495,ssl,0
3214.136694,C8ywnP3JQxU3CmKYug,10.0.2.15,59961,104.94.35.91,443,TLSv12,TLS_RSA_WITH_AES_256_CBC_SHA,,icloud.cdn-apple.com,False,True,CsxnGIti,"['91eddfd5a71fcc3d58d8c16d54477c6c35037bbb009e1dbde27c848afeb017df', '9e6bc5f9ecc52460e8edc02c644d1be1cb9f2316f41daf3b616a0b2058294b31']",[],0.0,0ffee3ba8e615ad22535e7f771690a28,bbf5e9acc56a56c8e3cad029c7e26f7e,http/1.1,,3212.847799,10.0.2.15,59961,104.94.35.91,443,tcp,7.768428999999742,592.0,3571.0,SF,True,False,0,ShADadFfRr,11,1040,12,4055,ssl,0
3214.544388,CFxdGg4L32AJeJtAO9,10.0.2.15,59962,17.248.147.149,443,TLSv12,TLS_ECDHE_RSA_WITH_AES_256_GCM_SHA384,secp256r1,edge.icloud.com,False,True,CsxknGIti,"['1aa750f7bdacb32f73ad5f46925e39f5b59175efdffc9e905635f69d7b26660f', '8420dfbe376f414bf4c0a81e6936d24ccc03f304835b86c7a39142fca723a689', 'eae72eb454bf6c3977ebd289e970b2f5282949190093d0d26f98d0f0d6a9cf17']",[],1.0,0ffee3ba8e615ad22535e7f771690a28,a39e18564e32e1822751c4af0bfba817,http/1.1,,3213.103226,10.0.2.15,59962,17.248.147.149,443,tcp,6.840077999999721,349.0,5051.0,SF,True,False,0,ShADadFf,9,717,11,5495,ssl,0
3214.671644,CnyD9h3kSsEygfRAjj,10.0.2.15,59963,104.94.35.91,443,TLSv12,TLS_RSA_WITH_AES_256_CBC_SHA,,icloud.cdn-apple.com,False,True,CsxnGIti,"['91eddfd5a71fcc3d58d8c16d54477c6c35037bbb009e1dbde27c848afeb017df', '9e6bc5f9ecc52460e8edc02c644d1be1cb9f2316f41daf3b616a0b2058294b31']",[],0.0,0ffee3ba8e615ad22535e7f771690a28,bbf5e9acc56a56c8e3cad029c7e26f7e,http/1.1,,3213.106363,10.0.2.15,59963,104.94.35.91,443,tcp,7.147099000000253,592.0,3571.0,RSTO,True,False,0,ShADadFR,9,960,10,3975,ssl,0
3216.368912,CRzrFo34oHcSn28ark,10.0.2.15,59964,23.65.208.91,443,TLSv12,TLS_ECDHE_RSA_WITH_AES_256_CBC_SHA,,se.monetate.net,True,True,CsiI,,,,1a5fe5677b0e4fbbc854e8908225637d,41e3ddb961f1fc640e74b5e068567626,http/1.1,,3214.319508,10.0.2.15,59964,23.65.208.91,443,tcp,144.33151499999985,1018.0,47448.0,RSTO,True,False,0,ShADadTTFR,45,2839,73,50372,ssl,0
3216.693525,CmIMbc4nZNocqpFMv1,10.0.2.15,59965,23.65.208.91,443,TLSv12,TLS_ECDHE_RSA_WITH_AES_256_CBC_SHA,,se.monetate.net,True,True,CsiI,,,,1a5fe5677b0e4fbbc854e8908225637d,41e3ddb961f1fc640e74b5e068567626,http/1.1,,3214.709367,10.0.2.15,59965,23.65.208.91,443,tcp,8.10524200000009,645.0,229.0,RSTO,True,False,0,ShADadFR,7,933,7,513,ssl,0
3221.5949,C0Tm771fp1bcphQABc,10.0.2.15,59979,104.94.35.91,443,TLSv12,TLS_RSA_WITH_AES_256_CBC_SHA,,icloud.cdn-apple.com,False,True,CsxnGIti,"['91eddfd5a71fcc3d58d8c16d54477c6c35037bbb009e1dbde27c848afeb017df', '9e6bc5f9ecc52460e8edc02c644d1be1cb9f2316f41daf3b616a0b2058294b31']",[],0.0,0ffee3ba8e615ad22535e7f771690a28,bbf5e9acc56a56c8e3cad029c7e26f7e,http/1.1,,3220.454624,10.0.2.15,59979,104.94.35.91,443,tcp,208.29884300000003,2809.0,513522.0,SF,True,False,0,ShADadTTFfRr,264,13392,577,536606,ssl,0
3207.246296,C2OqVa3rFC2boohWGd,10.0.2.15,59935,172.217.23.232,443,TLSv12,TLS_ECDHE_RSA_WITH_AES_128_GCM_SHA256,x25519,ssl.google-analytics.com,False,False,CsxknGI,"['31ed45c3400fc5f9a84dfaa0a6f6171369876ed4e2da669ee7f8edbe3593bf6b', '9f630426df1d8abfd80ace98871ba833ab9742cb34838de2b5285ed54c0c7dcc', '3c35cc963eb004451323d3275d05b353235053490d9cd83729a2faf5e7ca1cc0']",[],1.0,0ffee3ba8e615ad22535e7f771690a28,ab41313cfec25328b20865eb1388e0a2,h2,,3206.621593,10.0.2.15,59935,172.217.23.232,443,tcp,11.505353000000014,503.0,3671.0,SF,True,False,0,ShADadFf,10,911,12,4155,ssl,0
3225.090168,C0L9MN2OQ4gIOVNUI8,10.0.2.15,59988,94.31.29.55,443,TLSv12,TLS_ECDHE_RSA_WITH_AES_128_GCM_SHA256,secp256r1,maxcdn.bootstrapcdn.com,False,True,CsxknGIti,"['dc5627a252c252d6d6f680d52001ccf439f2ff2633c9f766d6d5ab6e85ee6433', 'e6683e88315cd1cb403c0cea490f7c4b4c82c91cd485037489aadbaa90839f61']",[],1.0,0ffee3ba8e615ad22535e7f771690a28,8d2a028aa94425f76ced7826b1f39039,h2,,3223.92819,10.0.2.15,59988,94.31.29.55,443,tcp,447.35624199999984,1676.0,219484.0,SF,True,False,0,ShADadFf,146,7524,288,231008,ssl,0
3225.167548,CCDiRc2EI0MTrzQjVj,10.0.2.15,59991,172.217.23.238,443,TLSv12,TLS_ECDHE_ECDSA_WITH_AES_128_GCM_SHA256,x25519,cse.google.com,False,True,CsxknGIti,"['11ddd329046367c19b32ffdb02ed308de129de4d6ffcf95856d7bd6a7accfba9', '9f630426df1d8abfd80ace98871ba833ab9742cb34838de2b5285ed54c0c7dcc', '3c35cc963eb004451323d3275d05b353235053490d9cd83729a2faf5e7ca1cc0']",[],1.0,0ffee3ba8e615ad22535e7f771690a28,84480cf8cf0e732666092640e581e1a5,h2,,3225.087458,10.0.2.15,59991,172.217.23.238,443,tcp,209.00416200000015,1233.0,6808.0,SF,True,False,0,ShADadFf,23,2161,30,8012,ssl,0
3225.183768,C1VZP73Frlv8wpRee5,10.0.2.15,59992,172.217.23.238,443,TLSv12,TLS_ECDHE_ECDSA_WITH_AES_128_GCM_SHA256,x25519,cse.google.com,False,True,CsxknGIti,"['11ddd329046367c19b32ffdb02ed308de129de4d6ffcf95856d7bd6a7accfba9', '9f630426df1d8abfd80ace98871ba833ab9742cb34838de2b5285ed54c0c7dcc', '3c35cc963eb004451323d3275d05b353235053490d9cd83729a2faf5e7ca1cc0']",[],1.0,0ffee3ba8e615ad22535e7f771690a28,84480cf8cf0e732666092640e581e1a5,h2,,3225.08796,10.0.2.15,59992,172.217.23.238,443,tcp,3.127874000000247,524.0,4422.0,RSTO,True,False,0,ShADadFR,11,972,14,4986,ssl,0
3221.556224,CiBLMI31ftNgRCllHh,10.0.2.15,59977,104.94.35.91,443,TLSv12,TLS_RSA_WITH_AES_256_CBC_SHA,,icloud.cdn-apple.com,False,True,CsxnGIti,"['91eddfd5a71fcc3d58d8c16d54477c6c35037bbb009e1dbde27c848afeb017df', '9e6bc5f9ecc52460e8edc02c644d1be1cb9f2316f41daf3b616a0b2058294b31']",[],0.0,0ffee3ba8e615ad22535e7f771690a28,bbf5e9acc56a56c8e3cad029c7e26f7e,http/1.1,,3220.448385,10.0.2.15,59977,104.94.35.91,443,tcp,36.24589999999989,1418.0,297173.0,RSTR,True,False,0,ShADadTFRr,151,7467,333,310497,ssl,0
3221.562175,CkjYBQRr150Nxm732,10.0.2.15,59978,104.94.35.91,443,TLSv12,TLS_RSA_WITH_AES_256_CBC_SHA,,icloud.cdn-apple.com,False,True,CsxnGIti,"['91eddfd5a71fcc3d58d8c16d54477c6c35037bbb009e1dbde27c848afeb017df', '9e6bc5f9ecc52460e8edc02c644d1be1cb9f2316f41daf3b616a0b2058294b31']",[],0.0,0ffee3ba8e615ad22535e7f771690a28,bbf5e9acc56a56c8e3cad029c7e26f7e,http/1.1,,3220.451643,10.0.2.15,59978,104.94.35.91,443,tcp,34.065316000000166,1983.0,89644.0,RSTO,True,False,0,ShADadTR,69,4753,134,95008,ssl,0
3224.37258,CmeqDw3BDPscc7x00h,10.0.2.15,59980,104.94.35.91,443,TLSv12,TLS_RSA_WITH_AES_256_CBC_SHA,,icloud.cdn-apple.com,True,True,CsiI,,,,1a5fe5677b0e4fbbc854e8908225637d,f4fb99c318cd91a4dfff259227ba977b,http/1.1,,3220.564571,10.0.2.15,59980,104.94.35.91,443,tcp,12.006816000000072,645.0,229.0,SF,True,False,0,ShADadFRfr,9,1021,9,593,ssl,0
3224.373692,CdkeTIQmoO5FtrWT,10.0.2.15,59981,104.94.35.91,443,TLSv12,TLS_RSA_WITH_AES_256_CBC_SHA,,icloud.cdn-apple.com,True,True,CsiI,,,,1a5fe5677b0e4fbbc854e8908225637d,f4fb99c318cd91a4dfff259227ba977b,http/1.1,,3220.565085,10.0.2.15,59981,104.94.35.91,443,tcp,12.014512999999624,645.0,229.0,SF,True,False,0,ShADadFfRr,9,1021,9,593,ssl,0
3224.374467,CvEHmy1cBGIGO2cZKg,10.0.2.15,59982,104.94.35.91,443,TLSv12,TLS_RSA_WITH_AES_256_CBC_SHA,,icloud.cdn-apple.com,True,True,CsiI,,,,1a5fe5677b0e4fbbc854e8908225637d,f4fb99c318cd91a4dfff259227ba977b,http/1.1,,3220.565623,10.0.2.15,59982,104.94.35.91,443,tcp,11.210829000000103,645.0,229.0,RSTO,True,False,0,ShADadFR,8,981,7,513,ssl,0
3223.491503,CDxqih2AJEdL2G79nh,10.0.2.15,59987,198.232.125.113,443,TLSv12,TLS_ECDHE_RSA_WITH_AES_128_GCM_SHA256,secp256r1,code.jquery.com,False,True,CsxuknGIti,"['7b63a6dc9511ee7cdbf74a01a00ec40c9d2c39e68a61a90607ff590740ab369a', 'ee793643199474ed60efdc8ccde4d37445921683593aa751bbf8ee491a391e97', 'ebd41040e4bb3ec742c9e381d31ef2a41a48b6685c96e7cef3c1df6cd4331c99']",[],1.0,1a5fe5677b0e4fbbc854e8908225637d,49b45fc1ab090aa3a159778313fc9b9e,h2,,3222.606782,10.0.2.15,59987,198.232.125.113,443,tcp,398.04965600000014,1388.0,41158.0,SF,True,False,0,ShADadFf,41,3036,64,43722,ssl,0
3224.710259,CfkOYWLLt65dxKXDl,10.0.2.15,59985,104.94.35.91,443,TLSv12,TLS_RSA_WITH_AES_256_CBC_SHA,,icloud.cdn-apple.com,True,True,CsiI,,,,1a5fe5677b0e4fbbc854e8908225637d,f4fb99c318cd91a4dfff259227ba977b,http/1.1,,3220.822081,10.0.2.15,59985,104.94.35.91,443,tcp,11.6040780000003,645.0,229.0,SF,True,False,0,ShADadFfRr,9,1021,9,593,ssl,0
3224.712352,CNFP6gTL2rMdvuFqk,10.0.2.15,59984,104.94.35.91,443,TLSv12,TLS_RSA_WITH_AES_256_CBC_SHA,,icloud.cdn-apple.com,True,True,CsiI,,,,1a5fe5677b0e4fbbc854e8908225637d,f4fb99c318cd91a4dfff259227ba977b,http/1.1,,3220.821569,10.0.2.15,59984,104.94.35.91,443,tcp,11.690972999999758,645.0,229.0,RSTO,True,False,0,ShADadFR,8,981,7,513,ssl,0
3224.714404,CNILj41gsAB7um3PXl,10.0.2.15,59983,104.94.35.91,443,TLSv12,TLS_RSA_WITH_AES_256_CBC_SHA,,icloud.cdn-apple.com,True,True,CsiI,,,,1a5fe5677b0e4fbbc854e8908225637d,f4fb99c318cd91a4dfff259227ba977b,http/1.1,,3220.820813,10.0.2.15,59983,104.94.35.91,443,tcp,11.212842000000364,645.0,229.0,SF,True,False,0,ShADadFRfr,9,1021,9,593,ssl,0
3223.360752,ChSq671s7eDwDtj3n1,10.0.2.15,59986,198.232.125.81,443,TLSv12,TLS_ECDHE_RSA_WITH_AES_128_GCM_SHA256,secp256r1,cdn.rawgit.com,False,True,CsxknGIti,"['02ac37edc23b77cfbfd2b4571cb5f8f7c96dc32ba1a3d40f2ce9241ebfb66f2e', '02ab57e4e67a0cb48dd2ff34830e8ac40f4476fb08ca6be3f5cd846f646840f0', '4f32d5dc00f715250abcc486511e37f501a899deb3bf7ea8adbbd3aef1c412da']",[],1.0,1a5fe5677b0e4fbbc854e8908225637d,8d2a028aa94425f76ced7826b1f39039,h2,,3222.375443,10.0.2.15,59986,198.232.125.81,443,tcp,71.08170500000006,890.0,5206.0,SF,True,False,0,ShADadfF,13,1418,18,5930,ssl,0
3227.117065,CXB6v33Lv60BSaZPQb,10.0.2.15,59994,104.94.35.91,443,TLSv12,TLS_RSA_WITH_AES_256_CBC_SHA,,www.icloud.com,False,True,CsxnGIti,"['91eddfd5a71fcc3d58d8c16d54477c6c35037bbb009e1dbde27c848afeb017df', '9e6bc5f9ecc52460e8edc02c644d1be1cb9f2316f41daf3b616a0b2058294b31']",[],1.0,0ffee3ba8e615ad22535e7f771690a28,bbf5e9acc56a56c8e3cad029c7e26f7e,http/1.1,,3225.977962,10.0.2.15,59994,104.94.35.91,443,tcp,129.1304180000002,991.0,14056.0,RSTO,True,False,0,ShADadTTFR,27,2091,33,15380,ssl,0
3228.747727,CEqIS52BQ7hP3JOdz1,10.0.2.15,59999,104.94.35.91,443,TLSv12,TLS_RSA_WITH_AES_256_CBC_SHA,,www.icloud.com,False,True,CsxnGIti,"['91eddfd5a71fcc3d58d8c16d54477c6c35037bbb009e1dbde27c848afeb017df', '9e6bc5f9ecc52460e8edc02c644d1be1cb9f2316f41daf3b616a0b2058294b31']",[],1.0,0ffee3ba8e615ad22535e7f771690a28,bbf5e9acc56a56c8e3cad029c7e26f7e,http/1.1,,3227.239812,10.0.2.15,59999,104.94.35.91,443,tcp,10.63705600000003,586.0,3571.0,SF,True,False,0,ShADadFfRr,11,1034,12,4055,ssl,0
3231.100956,C7kKD713fLdudpOy6i,10.0.2.15,60001,185.34.188.197,443,TLSv12,TLS_ECDHE_RSA_WITH_AES_256_GCM_SHA384,secp256r1,smetrics.frontier.com,False,True,CsxknGIi,"['a7a82a2d9e41a83863685958ca391b35499265bbcf05d73bdb84310c7b8d6387', '19400be5b7a31fb733917700789d2f0a2471c0c9d506c0e504c06c16d7cb17c0']",[],1.0,0ffee3ba8e615ad22535e7f771690a28,959bfcf87532cbff1253e80a4ee81308,,,3228.850448,10.0.2.15,60001,185.34.188.197,443,tcp,40.67554500000006,3087.0,5030.0,SF,True,False,0,ShADadTFf,17,3777,18,5754,ssl,0
3231.102061,CKH2CC452WcPXwdNvl,10.0.2.15,60000,185.34.188.197,443,TLSv12,TLS_ECDHE_RSA_WITH_AES_256_GCM_SHA384,secp256r1,smetrics.frontier.com,False,True,CsxknGIi,"['a7a82a2d9e41a83863685958ca391b35499265bbcf05d73bdb84310c7b8d6387', '19400be5b7a31fb733917700789d2f0a2471c0c9d506c0e504c06c16d7cb17c0']",[],1.0,0ffee3ba8e615ad22535e7f771690a28,959bfcf87532cbff1253e80a4ee81308,,,3228.749209,10.0.2.15,60000,185.34.188.197,443,tcp,8.976763000000119,355.0,3109.0,SF,True,False,0,ShADadFf,10,763,13,3633,ssl,0
3231.861411,Crzb6W2eqqFnSynRFj,10.0.2.15,60004,52.85.185.214,443,TLSv12,TLS_ECDHE_RSA_WITH_AES_128_GCM_SHA256,secp256r1,js.adsrvr.org,False,True,CsxuknGIti,"['eb6a61e357a3b2f8e2ab4cc809f2088543de4475bcacfe6122f6dbe82d9b7c38', '58ea0688b7909aaa8eaaa2fff36f3bbe8f4a2ad03bd70243b3903469db4890f7']",[],1.0,0ffee3ba8e615ad22535e7f771690a28,76cc3e2d3028143b23ec18e27dbd7ca9,http/1.1,,3230.253269,10.0.2.15,60004,52.85.185.214,443,tcp,52.67905500000006,5541.0,13464.0,RSTR,True,False,0,ShADadTFRr,24,6512,31,14708,ssl,0
3231.861956,CUUqsrVt3ettICLmg,10.0.2.15,60003,52.85.185.214,443,TLSv12,TLS_ECDHE_RSA_WITH_AES_128_GCM_SHA256,secp256r1,js.adsrvr.org,False,True,CsxuknGIti,"['eb6a61e357a3b2f8e2ab4cc809f2088543de4475bcacfe6122f6dbe82d9b7c38', '58ea0688b7909aaa8eaaa2fff36f3bbe8f4a2ad03bd70243b3903469db4890f7']",[],1.0,0ffee3ba8e615ad22535e7f771690a28,76cc3e2d3028143b23ec18e27dbd7ca9,http/1.1,,3230.252174,10.0.2.15,60003,52.85.185.214,443,tcp,12.45738799999981,347.0,3994.0,SF,True,False,0,ShADadFf,10,755,12,4478,ssl,0
3231.862559,CezHVcPADRUpawLZb,10.0.2.15,60002,176.34.125.208,443,TLSv12,TLS_ECDHE_RSA_WITH_AES_128_GCM_SHA256,secp256r1,px.spiceworks.com,False,True,CsxknGIi,"['64839da1ec89cc99e3d6f390b4af5f5c758ef74461ad7bad5551fafcbb4581c6', 'eae72eb454bf6c3977ebd289e970b2f5282949190093d0d26f98d0f0d6a9cf17', '8420dfbe376f414bf4c0a81e6936d24ccc03f304835b86c7a39142fca723a689']",[],1.0,0ffee3ba8e615ad22535e7f771690a28,303951d4c50efb2e991652225a6f02b1,,,3230.251248,10.0.2.15,60002,176.34.125.208,443,tcp,71.28263199999992,665.0,4826.0,SF,True,False,0,ShADadTFf,18,1399,21,5670,ssl,0
3232.040736,CjEWK73LOgxv1Ek5Oj,10.0.2.15,60006,74.125.206.154,443,TLSv12,TLS_ECDHE_RSA_WITH_AES_128_GCM_SHA256,x25519,stats.g.doubleclick.net,False,True,CsxknGIti,"['8d80516b26a9002a020bc551f01c44620d0d726476e4babc515dc5c82f0555b5', '9f630426df1d8abfd80ace98871ba833ab9742cb34838de2b5285ed54c0c7dcc', '3c35cc963eb004451323d3275d05b353235053490d9cd83729a2faf5e7ca1cc0']",[],1.0,0ffee3ba8e615ad22535e7f771690a28,ab41313cfec25328b20865eb1388e0a2,h2,,3230.547006,10.0.2.15,60006,74.125.206.154,443,tcp,198.67201400000025,1250.0,4697.0,SF,True,False,0,ShADadFf,23,2178,27,5781,ssl,0
3232.061968,ChDC5v41NHTsrtktZk,10.0.2.15,60007,176.34.125.208,443,TLSv12,TLS_ECDHE_RSA_WITH_AES_128_GCM_SHA256,secp256r1,px.spiceworks.com,False,True,CsxknGIi,"['64839da1ec89cc99e3d6f390b4af5f5c758ef74461ad7bad5551fafcbb4581c6', 'eae72eb454bf6c3977ebd289e970b2f5282949190093d0d26f98d0f0d6a9cf17', '8420dfbe376f414bf4c0a81e6936d24ccc03f304835b86c7a39142fca723a689']",[],1.0,0ffee3ba8e615ad22535e7f771690a28,303951d4c50efb2e991652225a6f02b1,,,3230.547875,10.0.2.15,60007,176.34.125.208,443,tcp,9.364349999999831,351.0,4384.0,SF,True,False,0,ShADadFfRr,11,799,14,4948,ssl,0
3232.052347,CUJDlU2uXPBJXVQWsi,10.0.2.15,60005,176.34.125.208,443,TLSv12,TLS_ECDHE_RSA_WITH_AES_128_GCM_SHA256,secp256r1,px.spiceworks.com,False,True,CsxknGIi,"['64839da1ec89cc99e3d6f390b4af5f5c758ef74461ad7bad5551fafcbb4581c6', 'eae72eb454bf6c3977ebd289e970b2f5282949190093d0d26f98d0f0d6a9cf17', '8420dfbe376f414bf4c0a81e6936d24ccc03f304835b86c7a39142fca723a689']",[],1.0,0ffee3ba8e615ad22535e7f771690a28,303951d4c50efb2e991652225a6f02b1,,,3230.545822,10.0.2.15,60005,176.34.125.208,443,tcp,10.952675999999885,351.0,4384.0,RSTO,True,False,0,ShADadFR,11,799,13,4908,ssl,0
3232.342423,Cj301H1f4eLdJgxDt8,10.0.2.15,60008,104.20.28.223,443,TLSv12,TLS_ECDHE_ECDSA_WITH_AES_128_GCM_SHA256,secp256r1,viralthread.com,False,True,CsxuknGIti,"['bc3637373eb8623c39923f6cf42c1510079db2e038d6db7cd0c54fbc13c4dfd1', 'cd6c108a0e641f2ca122aaa6d03f826759cae7c6f800eabf76dc48b67cd083ce', '9573862ac0b4b125168810ea3fd101ae2eb0bb15f61fc0e6da7a2a38b85a89e8']",[],1.0,0ffee3ba8e615ad22535e7f771690a28,7d3eb4120cd50e889bcd3f3783be0f82,http/1.1,,3231.109505,10.0.2.15,60008,104.20.28.223,443,tcp,130.4768920000001,756.0,4285.0,SF,True,False,0,ShADadTTFf,24,1736,26,5329,ssl,0
3232.449385,CX8xdr4BpeUHupFCDe,10.0.2.15,60011,74.125.206.154,443,TLSv12,TLS_ECDHE_RSA_WITH_AES_128_GCM_SHA256,x25519,stats.g.doubleclick.net,False,True,CsxknGIti,"['8d80516b26a9002a020bc551f01c44620d0d726476e4babc515dc5c82f0555b5', '9f630426df1d8abfd80ace98871ba833ab9742cb34838de2b5285ed54c0c7dcc', '3c35cc963eb004451323d3275d05b353235053490d9cd83729a2faf5e7ca1cc0']",[],1.0,0ffee3ba8e615ad22535e7f771690a28,ab41313cfec25328b20865eb1388e0a2,h2,,3231.327526,10.0.2.15,60011,74.125.206.154,443,tcp,10.909794000000147,950.0,4481.0,SF,True,False,0,ShADadFf,16,1598,21,5325,ssl,0
3232.337307,CVK5cY3JZv6DL5xnI6,10.0.2.15,60009,185.34.188.197,443,TLSv12,TLS_ECDHE_RSA_WITH_AES_256_GCM_SHA384,secp256r1,smetrics.frontier.com,False,True,CsxknGIi,"['a7a82a2d9e41a83863685958ca391b35499265bbcf05d73bdb84310c7b8d6387', '19400be5b7a31fb733917700789d2f0a2471c0c9d506c0e504c06c16d7cb17c0']",[],1.0,0ffee3ba8e615ad22535e7f771690a28,959bfcf87532cbff1253e80a4ee81308,,,3231.110828,10.0.2.15,60009,185.34.188.197,443,tcp,7.538764000000356,355.0,3109.0,SF,True,False,0,ShADadFf,10,763,12,3593,ssl,0
3232.451486,CRWP0D2862mvXEKWie,10.0.2.15,60010,52.85.185.214,443,TLSv12,TLS_ECDHE_RSA_WITH_AES_128_GCM_SHA256,secp256r1,js.adsrvr.org,False,True,CsxuknGIti,"['eb6a61e357a3b2f8e2ab4cc809f2088543de4475bcacfe6122f6dbe82d9b7c38', '58ea0688b7909aaa8eaaa2fff36f3bbe8f4a2ad03bd70243b3903469db4890f7']",[],1.0,0ffee3ba8e615ad22535e7f771690a28,76cc3e2d3028143b23ec18e27dbd7ca9,http/1.1,,3231.326644,10.0.2.15,60010,52.85.185.214,443,tcp,11.368208999999752,347.0,3994.0,SF,True,False,0,ShADadFf,10,755,12,4478,ssl,0
3232.599086,CER6lf3bbhGF4LEvD1,10.0.2.15,60013,104.20.28.223,443,TLSv12,TLS_ECDHE_ECDSA_WITH_AES_128_GCM_SHA256,secp256r1,viralthread.com,False,True,CsxknGIti,"['bc3637373eb8623c39923f6cf42c1510079db2e038d6db7cd0c54fbc13c4dfd1', 'cd6c108a0e641f2ca122aaa6d03f826759cae7c6f800eabf76dc48b67cd083ce', '9573862ac0b4b125168810ea3fd101ae2eb0bb15f61fc0e6da7a2a38b85a89e8']",[],1.0,0ffee3ba8e615ad22535e7f771690a28,2d1eb5817ece335c24904f516ad5da12,http/1.1,,3231.365558,10.0.2.15,60013,104.20.28.223,443,tcp,11.2297480000002,349.0,3466.0,SF,True,False,0,ShADadFf,10,757,12,3950,ssl,0
3233.308477,CSU34z4983SKVWOzk1,10.0.2.15,60016,172.217.23.202,443,TLSv12,TLS_ECDHE_RSA_WITH_AES_128_GCM_SHA256,,www.googleapis.com,True,True,CsiI,,,,1a5fe5677b0e4fbbc854e8908225637d,67619a80665d7ab92d1041b1d11f9164,h2,,3232.335139,10.0.2.15,60016,172.217.23.202,443,tcp,320.24030200000016,1669.0,2328.0,SF,True,False,0,ShADadFf,28,2797,31,3572,ssl,0
3232.600896,C0RtOP1HV52XeAsc81,10.0.2.15,60014,52.85.189.191,443,TLSv12,TLS_ECDHE_RSA_WITH_AES_128_GCM_SHA256,secp256r1,script.crazyegg.com,False,True,CsxuknGIti,"['1eee9739d945fe3410cb4c33c5b3417fae8fbc2b218d29ac043d8b604d6db263', '154c433c491929c5ef686e838e323664a00e6a0d822ccc958fb4dab03e49a08f']",[],1.0,0ffee3ba8e615ad22535e7f771690a28,76cc3e2d3028143b23ec18e27dbd7ca9,http/1.1,,3231.516752,10.0.2.15,60014,52.85.189.191,443,tcp,125.70427400000015,646.0,8323.0,SF,True,False,0,ShADadTTfF,25,1665,30,9527,ssl,0
3232.601395,CeYKWN2rkGTy0Gf47d,10.0.2.15,60012,176.34.125.208,443,TLSv12,TLS_ECDHE_RSA_WITH_AES_128_GCM_SHA256,secp256r1,px.spiceworks.com,False,True,CsxknGIi,"['64839da1ec89cc99e3d6f390b4af5f5c758ef74461ad7bad5551fafcbb4581c6', 'eae72eb454bf6c3977ebd289e970b2f5282949190093d0d26f98d0f0d6a9cf17', '8420dfbe376f414bf4c0a81e6936d24ccc03f304835b86c7a39142fca723a689']",[],1.0,0ffee3ba8e615ad22535e7f771690a28,303951d4c50efb2e991652225a6f02b1,,,3231.329479,10.0.2.15,60012,176.34.125.208,443,tcp,11.268567000000075,351.0,4384.0,RSTO,True,False,0,ShADadFR,11,799,13,4908,ssl,0
3232.943402,CldmB24nv2IQsYDGo4,10.0.2.15,60015,52.85.189.191,443,TLSv12,TLS_ECDHE_RSA_WITH_AES_128_GCM_SHA256,secp256r1,script.crazyegg.com,False,True,CsxuknGIti,"['1eee9739d945fe3410cb4c33c5b3417fae8fbc2b218d29ac043d8b604d6db263', '154c433c491929c5ef686e838e323664a00e6a0d822ccc958fb4dab03e49a08f']",[],1.0,0ffee3ba8e615ad22535e7f771690a28,76cc3e2d3028143b23ec18e27dbd7ca9,http/1.1,,3231.772016,10.0.2.15,60015,52.85.189.191,443,tcp,10.937503000000106,353.0,3661.0,SF,True,False,0,ShADadFf,10,761,12,4145,ssl,0
3234.39154,CeKXHICRcqkmrryx1,10.0.2.15,60020,172.217.23.202,443,TLSv12,TLS_ECDHE_RSA_WITH_AES_128_GCM_SHA256,,www.googleapis.com,True,True,CsiI,,,,1a5fe5677b0e4fbbc854e8908225637d,67619a80665d7ab92d1041b1d11f9164,h2,,3232.944502,10.0.2.15,60020,172.217.23.202,443,tcp,5.052607999999964,808.0,292.0,RSTO,True,False,0,ShADadFR,10,1216,11,736,ssl,0
3233.679958,CiWSOS37qHsuGo8eS,10.0.2.15,60019,17.248.147.149,443,TLSv12,TLS_ECDHE_RSA_WITH_AES_256_GCM_SHA384,secp256r1,edge.icloud.com,False,True,CsxknGIti,"['1aa750f7bdacb32f73ad5f46925e39f5b59175efdffc9e905635f69d7b26660f', '8420dfbe376f414bf4c0a81e6936d24ccc03f304835b86c7a39142fca723a689', 'eae72eb454bf6c3977ebd289e970b2f5282949190093d0d26f98d0f0d6a9cf17']",[],1.0,0ffee3ba8e615ad22535e7f771690a28,a39e18564e32e1822751c4af0bfba817,http/1.1,,3232.603454,10.0.2.15,60019,17.248.147.149,443,tcp,70.91964800000005,673.0,5435.0,SF,True,False,0,ShADadTfF,16,1327,19,6199,ssl,0
3236.831932,Cf5JEv2FsUUier0lWc,10.0.2.15,60023,17.248.147.149,443,TLSv12,TLS_ECDHE_RSA_WITH_AES_256_GCM_SHA384,secp256r1,edge.icloud.com,False,True,CsxknGIti,"['1aa750f7bdacb32f73ad5f46925e39f5b59175efdffc9e905635f69d7b26660f', '8420dfbe376f414bf4c0a81e6936d24ccc03f304835b86c7a39142fca723a689', 'eae72eb454bf6c3977ebd289e970b2f5282949190093d0d26f98d0f0d6a9cf17']",[],1.0,0ffee3ba8e615ad22535e7f771690a28,a39e18564e32e1822751c4af0bfba817,http/1.1,,3235.023333,10.0.2.15,60023,17.248.147.149,443,tcp,7.809326999999939,349.0,5051.0,SF,True,False,0,ShADadFf,11,797,13,5575,ssl,0
3241.672646,CLwT8e4K36OFu2y4hg,10.0.2.15,60027,52.210.225.148,443,TLSv12,TLS_ECDHE_RSA_WITH_AES_256_GCM_SHA384,secp256r1,f.monetate.net,False,True,CsxknGIi,"['256584f4af438ca2fc51a9ae0ed08b561846941e41ce86f18b9b660fba8f1ccf', '154c433c491929c5ef686e838e323664a00e6a0d822ccc958fb4dab03e49a08f']",[],1.0,0ffee3ba8e615ad22535e7f771690a28,a9e3ed16ee3208291487c8d2aa2ad924,,,3241.093372,10.0.2.15,60027,52.210.225.148,443,tcp,8.530060000000049,823.0,4846.0,SF,True,False,0,ShADadfF,11,1271,13,5370,ssl,0
3241.673895,CfVhjvyAL9EfYlYEf,10.0.2.15,60026,52.210.225.148,443,TLSv12,TLS_ECDHE_RSA_WITH_AES_256_GCM_SHA384,secp256r1,f.monetate.net,False,True,CsxknGIi,"['256584f4af438ca2fc51a9ae0ed08b561846941e41ce86f18b9b660fba8f1ccf', '154c433c491929c5ef686e838e323664a00e6a0d822ccc958fb4dab03e49a08f']",[],1.0,0ffee3ba8e615ad22535e7f771690a28,a9e3ed16ee3208291487c8d2aa2ad924,,,3241.090758,10.0.2.15,60026,52.210.225.148,443,tcp,8.458364000000074,348.0,3252.0,SF,True,False,0,ShADadFRfr,12,836,16,3896,ssl,0
3243.081572,CaM4bjFgATsuBfen4,10.0.2.15,60030,95.100.185.88,443,TLSv12,TLS_ECDHE_RSA_WITH_AES_256_GCM_SHA384,secp256r1,secure-ds.serving-sys.com,False,True,CsxknGIti,"['93170a04e8e6d30cc7fe95b7ee0aa3de4bc16f069c1467fbf047462275e6a20c', 'eae72eb454bf6c3977ebd289e970b2f5282949190093d0d26f98d0f0d6a9cf17']",[],1.0,0ffee3ba8e615ad22535e7f771690a28,2b33c1374db4ddf06942f92373c0b54b,http/1.1,,3242.679506,10.0.2.15,60030,95.100.185.88,443,tcp,134.48997199999985,1136.0,15781.0,SF,True,False,0,ShADadTTFfRr,29,2316,36,17225,ssl,0
3243.082114,CUeA9k33tChizfnlQ4,10.0.2.15,60029,95.100.185.88,443,TLSv12,TLS_ECDHE_RSA_WITH_AES_256_GCM_SHA384,secp256r1,secure-ds.serving-sys.com,False,True,CsxknGIti,"['93170a04e8e6d30cc7fe95b7ee0aa3de4bc16f069c1467fbf047462275e6a20c', 'eae72eb454bf6c3977ebd289e970b2f5282949190093d0d26f98d0f0d6a9cf17']",[],1.0,0ffee3ba8e615ad22535e7f771690a28,2b33c1374db4ddf06942f92373c0b54b,http/1.1,,3242.672664,10.0.2.15,60029,95.100.185.88,443,tcp,11.754179999999906,359.0,3624.0,RSTO,True,False,0,ShADadFR,10,767,12,4108,ssl,0
3243.222839,C095hM2CjQRU1z0aB5,10.0.2.15,60028,54.246.120.193,443,TLSv12,TLS_ECDHE_RSA_WITH_AES_128_GCM_SHA256,secp256r1,insight.adsrvr.org,False,True,CsxknGIi,"['eb6a61e357a3b2f8e2ab4cc809f2088543de4475bcacfe6122f6dbe82d9b7c38', '58ea0688b7909aaa8eaaa2fff36f3bbe8f4a2ad03bd70243b3903469db4890f7']",[],1.0,0ffee3ba8e615ad22535e7f771690a28,303951d4c50efb2e991652225a6f02b1,,,3242.671694,10.0.2.15,60028,54.246.120.193,443,tcp,75.0848259999998,2982.0,6811.0,SF,True,False,0,ShADadTFf,19,3756,23,7735,ssl,0
3243.225016,CXyhAiUqWfZkYU2e6,10.0.2.15,60031,54.246.120.193,443,TLSv12,TLS_ECDHE_RSA_WITH_AES_128_GCM_SHA256,secp256r1,insight.adsrvr.org,False,True,CsxknGIi,"['eb6a61e357a3b2f8e2ab4cc809f2088543de4475bcacfe6122f6dbe82d9b7c38', '58ea0688b7909aaa8eaaa2fff36f3bbe8f4a2ad03bd70243b3903469db4890f7']",[],1.0,0ffee3ba8e615ad22535e7f771690a28,303951d4c50efb2e991652225a6f02b1,,,3242.680104,10.0.2.15,60031,54.246.120.193,443,tcp,8.861962999999832,352.0,3188.0,SF,True,False,0,ShADadFRfr,11,800,14,3752,ssl,0
3243.564031,C7czAr4IAA3wRqGiS2,10.0.2.15,60033,216.137.61.121,443,TLSv12,TLS_ECDHE_RSA_WITH_AES_128_GCM_SHA256,secp256r1,d2w3zkq33l1i26.cloudfront.net,False,True,CsxuknGIti,"['90c0937808b31877df6c4a5c743c99325d974624be3735faa5078cf73d4fd205', 'eae72eb454bf6c3977ebd289e970b2f5282949190093d0d26f98d0f0d6a9cf17']",[],1.0,0ffee3ba8e615ad22535e7f771690a28,76cc3e2d3028143b23ec18e27dbd7ca9,http/1.1,,3243.080087,10.0.2.15,60033,216.137.61.121,443,tcp,129.783453,1268.0,16874.0,SF,True,False,0,ShADadTTfF,32,2567,43,18598,ssl,0
3245.067546,CepkwlWLKsA19PQY8,10.0.2.15,60041,34.199.25.170,443,TLSv12,TLS_ECDHE_RSA_WITH_AES_128_GCM_SHA256,,server.fuse.analytics-engine.com,True,True,CsiI,,,,0ffee3ba8e615ad22535e7f771690a28,303951d4c50efb2e991652225a6f02b1,,,3243.569219,10.0.2.15,60041,34.199.25.170,443,tcp,29.70672999999988,1700.0,655.0,SF,True,False,0,ShADadTFf,11,2150,11,1099,ssl,0
3245.138501,CKXkjt3ioB1jZvZsXj,10.0.2.15,60043,34.199.25.170,443,TLSv12,TLS_ECDHE_RSA_WITH_AES_128_GCM_SHA256,,server.fuse.analytics-engine.com,True,True,CsiI,,,,0ffee3ba8e615ad22535e7f771690a28,303951d4c50efb2e991652225a6f02b1,,,3243.571003,10.0.2.15,60043,34.199.25.170,443,tcp,29.699145000000044,1700.0,656.0,SF,True,False,0,ShADadTFf,11,2150,11,1100,ssl,0
3245.187082,CmwNXewLxGCYqKDE,10.0.2.15,60044,34.199.25.170,443,TLSv12,TLS_ECDHE_RSA_WITH_AES_128_GCM_SHA256,,server.fuse.analytics-engine.com,True,True,CsiI,,,,0ffee3ba8e615ad22535e7f771690a28,303951d4c50efb2e991652225a6f02b1,,,3243.571781,10.0.2.15,60044,34.199.25.170,443,tcp,29.76948799999991,1703.0,656.0,SF,True,False,0,ShADadTFf,11,2153,11,1100,ssl,0
3245.18418,CsR0c44oW5LCL8w89,10.0.2.15,60042,34.199.25.170,443,TLSv12,TLS_ECDHE_RSA_WITH_AES_128_GCM_SHA256,,server.fuse.analytics-engine.com,True,True,CsiI,,,,0ffee3ba8e615ad22535e7f771690a28,303951d4c50efb2e991652225a6f02b1,,,3243.569953,10.0.2.15,60042,34.199.25.170,443,tcp,29.807382999999845,1703.0,656.0,SF,True,False,0,ShADadTFf,11,2153,11,1100,ssl,0
3245.176971,Cqqe9r31dYF0eUcxPa,10.0.2.15,60040,34.199.25.170,443,TLSv12,TLS_ECDHE_RSA_WITH_AES_128_GCM_SHA256,,server.fuse.analytics-engine.com,True,True,CsiI,,,,0ffee3ba8e615ad22535e7f771690a28,303951d4c50efb2e991652225a6f02b1,,,3243.568718,10.0.2.15,60040,34.199.25.170,443,tcp,29.80234299999984,1808.0,627.0,SF,True,False,0,ShADadTFf,12,2298,12,1111,ssl,0
3245.707751,Cf1aC13BePL31cPGE2,10.0.2.15,60046,172.217.23.238,443,TLSv12,TLS_ECDHE_ECDSA_WITH_AES_128_GCM_SHA256,,www.youtube.com,True,True,CsiI,,,,1a5fe5677b0e4fbbc854e8908225637d,c23237dbea656869600e48dfbd00ab7b,h2,,3243.574043,10.0.2.15,60046,172.217.23.238,443,tcp,391.8692259999998,1732.0,3406.0,SF,True,False,0,ShADadFf,31,2980,37,4890,ssl,0
3243.889207,ChrRuL38QJwKNyS6Qe,10.0.2.15,60038,172.217.23.238,443,TLSv12,TLS_ECDHE_ECDSA_WITH_AES_128_GCM_SHA256,x25519,clients1.google.com,False,True,CsxknGIti,"['11ddd329046367c19b32ffdb02ed308de129de4d6ffcf95856d7bd6a7accfba9', '9f630426df1d8abfd80ace98871ba833ab9742cb34838de2b5285ed54c0c7dcc', '3c35cc963eb004451323d3275d05b353235053490d9cd83729a2faf5e7ca1cc0']",[],1.0,0ffee3ba8e615ad22535e7f771690a28,84480cf8cf0e732666092640e581e1a5,h2,,3243.089721,10.0.2.15,60038,172.217.23.238,443,tcp,201.4498910000002,1092.0,4714.0,RSTO,True,False,0,ShADadFR,23,2020,25,5718,ssl,0
3245.718011,CVJyON2e5jVzDl9z52,10.0.2.15,60045,34.199.25.170,443,TLSv12,TLS_ECDHE_RSA_WITH_AES_128_GCM_SHA256,,server.fuse.analytics-engine.com,True,True,CsiI,,,,0ffee3ba8e615ad22535e7f771690a28,303951d4c50efb2e991652225a6f02b1,,,3243.573154,10.0.2.15,60045,34.199.25.170,443,tcp,29.783304999999928,1700.0,656.0,SF,True,False,0,ShADadTFf,12,2190,11,1100,ssl,0
3246.652773,CRwHQz1Lf892Ypklv7,10.0.2.15,60059,172.217.23.238,443,TLSv12,TLS_ECDHE_ECDSA_WITH_AES_128_GCM_SHA256,,www.youtube.com,True,True,CsiI,,,,1a5fe5677b0e4fbbc854e8908225637d,c23237dbea656869600e48dfbd00ab7b,h2,,3243.891309,10.0.2.15,60059,172.217.23.238,443,tcp,7.974201999999877,808.0,292.0,RSTO,True,False,0,ShADadFR,10,1216,11,736,ssl,0
3244.102879,CZ2em34s0cMGrPhZZ3,10.0.2.15,60037,54.231.81.120,443,TLSv12,TLS_ECDHE_RSA_WITH_AES_128_GCM_SHA256,secp256r1,gtrk.s3.amazonaws.com,False,True,CsxknGIi,"['659a3d7684850e6d664f5131f9f8765469b9c7017b7a0e206f8c1c9445cb1c69', 'f9690880819f06cdcc0b2f224b207f2af6003fb57339b8679a160fa95208d62d']",[],1.0,0ffee3ba8e615ad22535e7f771690a28,ea615e28cb25adfb2f261151eab3314f,,,3243.08611,10.0.2.15,60037,54.231.81.120,443,tcp,18.10429499999964,636.0,3485.0,SF,True,False,0,ShADadFf,11,1084,15,4089,ssl,0
3244.175599,CkfZh72KS0FenCWtKi,10.0.2.15,60036,54.231.81.120,443,TLSv12,TLS_ECDHE_RSA_WITH_AES_128_GCM_SHA256,secp256r1,gtrk.s3.amazonaws.com,False,True,CsxknGIi,"['659a3d7684850e6d664f5131f9f8765469b9c7017b7a0e206f8c1c9445cb1c69', 'f9690880819f06cdcc0b2f224b207f2af6003fb57339b8679a160fa95208d62d']",[],1.0,0ffee3ba8e615ad22535e7f771690a28,ea615e28cb25adfb2f261151eab3314f,,,3243.085129,10.0.2.15,60036,54.231.81.120,443,tcp,18.346752999999808,636.0,3485.0,SF,True,False,0,ShADadFf,11,1084,14,4049,ssl,0
3243.565101,CydfF73j0wHfY8KSe7,10.0.2.15,60032,216.137.61.121,443,TLSv12,TLS_ECDHE_RSA_WITH_AES_128_GCM_SHA256,secp256r1,d2w3zkq33l1i26.cloudfront.net,False,True,CsxuknGIti,"['90c0937808b31877df6c4a5c743c99325d974624be3735faa5078cf73d4fd205', 'eae72eb454bf6c3977ebd289e970b2f5282949190093d0d26f98d0f0d6a9cf17']",[],1.0,0ffee3ba8e615ad22535e7f771690a28,76cc3e2d3028143b23ec18e27dbd7ca9,http/1.1,,3243.078917,10.0.2.15,60032,216.137.61.121,443,tcp,10.736135000000104,363.0,5199.0,SF,True,False,0,ShADadFf,11,811,13,5723,ssl,0
3247.140382,CVYkSJ2oYDQeHMySAd,10.0.2.15,60054,34.199.25.170,443,TLSv12,TLS_ECDHE_RSA_WITH_AES_128_GCM_SHA256,,server.fuse.analytics-engine.com,True,True,CsiI,,,,0ffee3ba8e615ad22535e7f771690a28,303951d4c50efb2e991652225a6f02b1,,,3243.864663,10.0.2.15,60054,34.199.25.170,443,tcp,32.84205500000007,1700.0,656.0,SF,True,False,0,ShADadTFf,10,2110,11,1100,ssl,0
3247.146743,CsI6DZ1FbgKaqXGs17,10.0.2.15,60058,34.199.25.170,443,TLSv12,TLS_ECDHE_RSA_WITH_AES_128_GCM_SHA256,,server.fuse.analytics-engine.com,True,True,CsiI,,,,0ffee3ba8e615ad22535e7f771690a28,303951d4c50efb2e991652225a6f02b1,,,3243.884341,10.0.2.15,60058,34.199.25.170,443,tcp,32.807870000000094,1703.0,656.0,SF,True,False,0,ShADadTFf,10,2113,11,1100,ssl,0
3246.930494,C6gfbN1LHX7kwECX8l,10.0.2.15,60053,34.199.25.170,443,TLSv12,TLS_ECDHE_RSA_WITH_AES_128_GCM_SHA256,,server.fuse.analytics-engine.com,True,True,CsiI,,,,0ffee3ba8e615ad22535e7f771690a28,303951d4c50efb2e991652225a6f02b1,,,3243.862826,10.0.2.15,60053,34.199.25.170,443,tcp,33.71861600000011,1703.0,656.0,SF,True,False,0,ShADadTFf,11,2153,11,1100,ssl,0
3247.188422,CzacN81VRV3FD8HMtk,10.0.2.15,60057,34.199.25.170,443,TLSv12,TLS_ECDHE_RSA_WITH_AES_128_GCM_SHA256,,server.fuse.analytics-engine.com,True,True,CsiI,,,,0ffee3ba8e615ad22535e7f771690a28,303951d4c50efb2e991652225a6f02b1,,,3243.87965,10.0.2.15,60057,34.199.25.170,443,tcp,44.77856100000008,1700.0,656.0,SF,True,False,0,ShADadTFf,11,2151,12,1140,ssl,0
3247.188643,CMNAJOY5LhDeSGTKd,10.0.2.15,60056,34.199.25.170,443,TLSv12,TLS_ECDHE_RSA_WITH_AES_128_GCM_SHA256,,server.fuse.analytics-engine.com,True,True,CsiI,,,,0ffee3ba8e615ad22535e7f771690a28,303951d4c50efb2e991652225a6f02b1,,,3243.866588,10.0.2.15,60056,34.199.25.170,443,tcp,47.628040000000055,1703.0,656.0,SF,True,False,0,ShADadTFf,10,2113,11,1100,ssl,0
3247.189573,CESFYo392SEkZxSVjb,10.0.2.15,60055,34.199.25.170,443,TLSv12,TLS_ECDHE_RSA_WITH_AES_128_GCM_SHA256,,server.fuse.analytics-engine.com,True,True,CsiI,,,,0ffee3ba8e615ad22535e7f771690a28,303951d4c50efb2e991652225a6f02b1,,,3243.865153,10.0.2.15,60055,34.199.25.170,443,tcp,9.312704999999823,323.0,176.0,SF,True,False,0,ShADadFRfr,8,651,9,540,ssl,0
3243.948161,CyEf25aOknNVVMmX4,10.0.2.15,60039,216.137.61.121,443,TLSv12,TLS_ECDHE_RSA_WITH_AES_128_GCM_SHA256,secp256r1,d2w3zkq33l1i26.cloudfront.net,False,True,CsxuknGIti,"['90c0937808b31877df6c4a5c743c99325d974624be3735faa5078cf73d4fd205', 'eae72eb454bf6c3977ebd289e970b2f5282949190093d0d26f98d0f0d6a9cf17']",[],1.0,0ffee3ba8e615ad22535e7f771690a28,76cc3e2d3028143b23ec18e27dbd7ca9,http/1.1,,3243.226224,10.0.2.15,60039,216.137.61.121,443,tcp,10.398525999999949,363.0,5199.0,SF,True,False,0,ShADadFf,11,811,12,5683,ssl,0
3245.722574,CA6ANO2GbLDQBJxKbc,10.0.2.15,60051,172.217.23.238,443,TLSv12,TLS_ECDHE_ECDSA_WITH_AES_128_GCM_SHA256,x25519,clients1.google.com,False,True,CsxknGIti,"['11ddd329046367c19b32ffdb02ed308de129de4d6ffcf95856d7bd6a7accfba9', '9f630426df1d8abfd80ace98871ba833ab9742cb34838de2b5285ed54c0c7dcc', '3c35cc963eb004451323d3275d05b353235053490d9cd83729a2faf5e7ca1cc0']",[],1.0,0ffee3ba8e615ad22535e7f771690a28,84480cf8cf0e732666092640e581e1a5,h2,,3243.687607,10.0.2.15,60051,172.217.23.238,443,tcp,12.05163500000026,529.0,4422.0,RSTO,True,False,0,ShADadFR,12,1017,13,4946,ssl,0
3246.015002,CqtJgU3GrFguhik791,10.0.2.15,60052,216.137.61.121,443,TLSv12,TLS_ECDHE_RSA_WITH_AES_128_GCM_SHA256,secp256r1,d2w3zkq33l1i26.cloudfront.net,False,True,CsxuknGIti,"['90c0937808b31877df6c4a5c743c99325d974624be3735faa5078cf73d4fd205', 'eae72eb454bf6c3977ebd289e970b2f5282949190093d0d26f98d0f0d6a9cf17']",[],1.0,0ffee3ba8e615ad22535e7f771690a28,76cc3e2d3028143b23ec18e27dbd7ca9,http/1.1,,3243.688796,10.0.2.15,60052,216.137.61.121,443,tcp,11.485923000000184,363.0,5199.0,SF,True,False,0,ShADadFf,10,771,11,5643,ssl,0
3246.496171,CHM4wjYuRB1ENjcU8,10.0.2.15,60050,54.231.81.120,443,TLSv12,TLS_ECDHE_RSA_WITH_AES_128_GCM_SHA256,secp256r1,gtrk.s3.amazonaws.com,False,True,CsxknGIi,"['659a3d7684850e6d664f5131f9f8765469b9c7017b7a0e206f8c1c9445cb1c69', 'f9690880819f06cdcc0b2f224b207f2af6003fb57339b8679a160fa95208d62d']",[],1.0,0ffee3ba8e615ad22535e7f771690a28,ea615e28cb25adfb2f261151eab3314f,,,3243.686798,10.0.2.15,60050,54.231.81.120,443,tcp,12.544009999999616,355.0,3040.0,RSTO,True,False,0,ShADadFR,10,763,11,3484,ssl,0
3246.504929,C3iMYn1u2Suisfxbae,10.0.2.15,60049,54.231.81.120,443,TLSv12,TLS_ECDHE_RSA_WITH_AES_128_GCM_SHA256,secp256r1,gtrk.s3.amazonaws.com,False,True,CsxknGIi,"['659a3d7684850e6d664f5131f9f8765469b9c7017b7a0e206f8c1c9445cb1c69', 'f9690880819f06cdcc0b2f224b207f2af6003fb57339b8679a160fa95208d62d']",[],1.0,0ffee3ba8e615ad22535e7f771690a28,ea615e28cb25adfb2f261151eab3314f,,,3243.686098,10.0.2.15,60049,54.231.81.120,443,tcp,15.275832999999691,355.0,3040.0,RSTO,True,False,0,ShADadFR,10,763,11,3484,ssl,0
3249.700445,CJPReT311QQILvptVa,10.0.2.15,60065,63.111.4.18,443,TLSv12,TLS_DHE_RSA_WITH_AES_128_CBC_SHA,,internet.frontier.com,False,True,CsxknGIti,"['f36aa17a071c4069b75154b9882158a486bb4d50710201779613607d448000ea', '51cf0fffc3253fc013af786f95b190109f8c87f34dfd1cec44c45888789f5355']",[],1.0,0ffee3ba8e615ad22535e7f771690a28,b18612586998b47454e12d90e12021c2,,,3246.673101,10.0.2.15,60065,63.111.4.18,443,tcp,31.299160999999916,1345.0,3587.0,SF,True,False,0,ShADadTfF,11,1794,12,4071,ssl,0
3249.704574,C2k9bm4bYmTiIW03I6,10.0.2.15,60064,63.111.4.18,443,TLSv12,TLS_DHE_RSA_WITH_AES_128_CBC_SHA,,internet.frontier.com,False,True,CsxknGIti,"['f36aa17a071c4069b75154b9882158a486bb4d50710201779613607d448000ea', '51cf0fffc3253fc013af786f95b190109f8c87f34dfd1cec44c45888789f5355']",[],1.0,0ffee3ba8e615ad22535e7f771690a28,b18612586998b47454e12d90e12021c2,,,3246.672445,10.0.2.15,60064,63.111.4.18,443,tcp,24.550424999999905,1345.0,4861.0,SF,True,False,0,ShADadfF,11,1793,12,5345,ssl,0
3249.976735,C5MpbZ32G2UklqNsY2,10.0.2.15,60071,34.193.1.254,443,TLSv12,TLS_ECDHE_RSA_WITH_AES_128_GCM_SHA256,secp256r1,analytics.cohesionapps.com,False,True,CsxknGIi,"['403be41f95cfc48ca491ba95e2a808e96646138358f6246ab84704cf39589d69', 'f55f9ffcb83c73453261601c7e044db15a0f034b93c05830f28635ef889cf670', '87dcd4dc74640a322cd205552506d1be64f12596258096544986b4850bc72706', '28689b30e4c306aab53b027b29e36ad6dd1dcf4b953994482ca84bdc1ecac996']",[],1.0,0ffee3ba8e615ad22535e7f771690a28,303951d4c50efb2e991652225a6f02b1,,,3247.884108,10.0.2.15,60071,34.193.1.254,443,tcp,147.09832899999992,1736.0,5629.0,SF,True,False,0,ShADadTTFfRr,26,2796,27,6713,ssl,0
3252.715847,CShDmu1lkfgNnY5o53,10.0.2.15,60072,31.13.70.7,443,TLSv12,TLS_ECDHE_ECDSA_WITH_AES_128_GCM_SHA256,,connect.facebook.net,True,True,CsiI,,,,1a5fe5677b0e4fbbc854e8908225637d,96681175a9547081bf3d417f1a572091,h2,,3250.308078,10.0.2.15,60072,31.13.70.7,443,tcp,131.9069770000001,1113.0,1526.0,SF,True,False,0,ShADadfF,16,1761,19,2290,ssl,0
3252.719125,CvOCU62pH6tELhBVqg,10.0.2.15,60073,54.192.93.77,443,TLSv12,TLS_ECDHE_RSA_WITH_AES_128_GCM_SHA256,secp256r1,s.dpmsrv.com,False,True,CsxuknGIti,"['865982638125def097e2e0173308ed1abb868bfa56c8a3737b2d7dbf9afc2383', 'f55f9ffcb83c73453261601c7e044db15a0f034b93c05830f28635ef889cf670', '87dcd4dc74640a322cd205552506d1be64f12596258096544986b4850bc72706', '28689b30e4c306aab53b027b29e36ad6dd1dcf4b953994482ca84bdc1ecac996']",[],1.0,0ffee3ba8e615ad22535e7f771690a28,76cc3e2d3028143b23ec18e27dbd7ca9,http/1.1,,3250.730839,10.0.2.15,60073,54.192.93.77,443,tcp,131.1652680000002,810.0,54510.0,SF,True,False,0,ShADadTTfF,46,2669,71,57354,ssl,0
3253.907291,CKdzjZ2ZKbQ5zXQ5Y4,10.0.2.15,60076,63.111.4.18,443,TLSv12,TLS_DHE_RSA_WITH_AES_128_CBC_SHA,,internet.frontier.com,False,True,CsxknGIti,"['f36aa17a071c4069b75154b9882158a486bb4d50710201779613607d448000ea', '51cf0fffc3253fc013af786f95b190109f8c87f34dfd1cec44c45888789f5355']",[],1.0,0ffee3ba8e615ad22535e7f771690a28,b18612586998b47454e12d90e12021c2,,,3253.288071,10.0.2.15,60076,63.111.4.18,443,tcp,13.62081100000023,465.0,3587.0,SF,True,False,0,ShADadFfRr,11,913,14,4151,ssl,0
3253.900206,Cz0pnfDXfnb5BApxi,10.0.2.15,60082,104.20.27.223,443,TLSv12,TLS_ECDHE_ECDSA_WITH_AES_128_GCM_SHA256,secp256r1,www.viralthread.com,False,True,CsxuknGIti,"['bc3637373eb8623c39923f6cf42c1510079db2e038d6db7cd0c54fbc13c4dfd1', 'cd6c108a0e641f2ca122aaa6d03f826759cae7c6f800eabf76dc48b67cd083ce', '9573862ac0b4b125168810ea3fd101ae2eb0bb15f61fc0e6da7a2a38b85a89e8']",[],1.0,0ffee3ba8e615ad22535e7f771690a28,7d3eb4120cd50e889bcd3f3783be0f82,http/1.1,,3253.300421,10.0.2.15,60082,104.20.27.223,443,tcp,84.90451600000006,1182.0,65362.0,SF,True,False,0,ShADadTFf,41,2833,64,67926,ssl,0
3249.956123,C6qKng4iNaO2dST8V3,10.0.2.15,60068,54.192.93.31,443,TLSv12,TLS_ECDHE_RSA_WITH_AES_128_GCM_SHA256,secp256r1,web.filo.ai,False,True,CsxknGIti,"['e866d610ec7d928cda0f37a0dda0c25415b08a2c4283e75495163a0e7c55c61c', 'f55f9ffcb83c73453261601c7e044db15a0f034b93c05830f28635ef889cf670', '87dcd4dc74640a322cd205552506d1be64f12596258096544986b4850bc72706', '28689b30e4c306aab53b027b29e36ad6dd1dcf4b953994482ca84bdc1ecac996']",[],1.0,0ffee3ba8e615ad22535e7f771690a28,b898351eb5e266aefd3723d466935494,h2,,3247.879604,10.0.2.15,60068,54.192.93.31,443,tcp,211.05372099999977,927.0,8923.0,SF,True,False,0,ShADadFf,23,1855,26,9967,ssl,0
3249.960588,CKA1tW7pcsoqgAyG5,10.0.2.15,60067,54.192.93.31,443,TLSv12,TLS_ECDHE_RSA_WITH_AES_128_GCM_SHA256,secp256r1,web.filo.ai,False,True,CsxknGIti,"['e866d610ec7d928cda0f37a0dda0c25415b08a2c4283e75495163a0e7c55c61c', 'f55f9ffcb83c73453261601c7e044db15a0f034b93c05830f28635ef889cf670', '87dcd4dc74640a322cd205552506d1be64f12596258096544986b4850bc72706', '28689b30e4c306aab53b027b29e36ad6dd1dcf4b953994482ca84bdc1ecac996']",[],1.0,0ffee3ba8e615ad22535e7f771690a28,b898351eb5e266aefd3723d466935494,h2,,3247.875424,10.0.2.15,60067,54.192.93.31,443,tcp,22.47217300000011,772.0,6670.0,SF,True,False,0,ShADadFf,16,1420,18,7394,ssl,0
3253.900783,CurlrhMfyRjxVXat,10.0.2.15,60081,63.111.4.18,443,TLSv12,TLS_DHE_RSA_WITH_AES_128_CBC_SHA,,internet.frontier.com,False,True,CsxknGIti,"['f36aa17a071c4069b75154b9882158a486bb4d50710201779613607d448000ea', '51cf0fffc3253fc013af786f95b190109f8c87f34dfd1cec44c45888789f5355']",[],1.0,0ffee3ba8e615ad22535e7f771690a28,b18612586998b47454e12d90e12021c2,,,3253.299179,10.0.2.15,60081,63.111.4.18,443,tcp,17.92144899999994,1345.0,10205.0,SF,True,False,0,ShADadfF,13,1873,17,10889,ssl,0
3253.901876,Czfks8ztuwkXfsq9,10.0.2.15,60080,63.111.4.18,443,TLSv12,TLS_DHE_RSA_WITH_AES_128_CBC_SHA,,internet.frontier.com,False,True,CsxknGIti,"['f36aa17a071c4069b75154b9882158a486bb4d50710201779613607d448000ea', '51cf0fffc3253fc013af786f95b190109f8c87f34dfd1cec44c45888789f5355']",[],1.0,0ffee3ba8e615ad22535e7f771690a28,b18612586998b47454e12d90e12021c2,,,3253.297443,10.0.2.15,60080,63.111.4.18,443,tcp,13.130833000000166,465.0,3587.0,RSTO,True,False,0,ShADadFR,10,873,12,4071,ssl,0
3253.902483,CA7rEyoMN9YJmy9Rg,10.0.2.15,60079,63.111.4.18,443,TLSv12,TLS_DHE_RSA_WITH_AES_128_CBC_SHA,,internet.frontier.com,False,True,CsxknGIti,"['f36aa17a071c4069b75154b9882158a486bb4d50710201779613607d448000ea', '51cf0fffc3253fc013af786f95b190109f8c87f34dfd1cec44c45888789f5355']",[],1.0,0ffee3ba8e615ad22535e7f771690a28,b18612586998b47454e12d90e12021c2,,,3253.295536,10.0.2.15,60079,63.111.4.18,443,tcp,15.598247999999783,465.0,3587.0,RSTO,True,False,0,ShADadFR,10,873,11,4031,ssl,0
3253.902986,CEkURW1ntfnJiOjm7h,10.0.2.15,60078,63.111.4.18,443,TLSv12,TLS_DHE_RSA_WITH_AES_128_CBC_SHA,,internet.frontier.com,False,True,CsxknGIti,"['f36aa17a071c4069b75154b9882158a486bb4d50710201779613607d448000ea', '51cf0fffc3253fc013af786f95b190109f8c87f34dfd1cec44c45888789f5355']",[],1.0,0ffee3ba8e615ad22535e7f771690a28,b18612586998b47454e12d90e12021c2,,,3253.289655,10.0.2.15,60078,63.111.4.18,443,tcp,16.38982699999997,465.0,3587.0,RSTO,True,False,0,ShADadFR,10,873,12,4071,ssl,0
3249.953163,Cl6XH14Nx2y2FYrHUg,10.0.2.15,60069,34.193.1.254,443,TLSv12,TLS_ECDHE_RSA_WITH_AES_128_GCM_SHA256,secp256r1,analytics.cohesionapps.com,False,True,CsxknGIi,"['403be41f95cfc48ca491ba95e2a808e96646138358f6246ab84704cf39589d69', 'f55f9ffcb83c73453261601c7e044db15a0f034b93c05830f28635ef889cf670', '87dcd4dc74640a322cd205552506d1be64f12596258096544986b4850bc72706', '28689b30e4c306aab53b027b29e36ad6dd1dcf4b953994482ca84bdc1ecac996']",[],1.0,0ffee3ba8e615ad22535e7f771690a28,303951d4c50efb2e991652225a6f02b1,,,3247.880215,10.0.2.15,60069,34.193.1.254,443,tcp,147.10226799999964,1848.0,5629.0,SF,True,False,0,ShADadTTFfRr,26,2908,28,6753,ssl,0
3253.903582,CVMHaR3Voiw2PsnZaf,10.0.2.15,60077,63.111.4.18,443,TLSv12,TLS_DHE_RSA_WITH_AES_128_CBC_SHA,,internet.frontier.com,False,True,CsxknGIti,"['f36aa17a071c4069b75154b9882158a486bb4d50710201779613607d448000ea', '51cf0fffc3253fc013af786f95b190109f8c87f34dfd1cec44c45888789f5355']",[],1.0,0ffee3ba8e615ad22535e7f771690a28,b18612586998b47454e12d90e12021c2,,,3253.289096,10.0.2.15,60077,63.111.4.18,443,tcp,17.43288100000018,465.0,3587.0,RSTO,True,False,0,ShADadFR,10,873,12,4071,ssl,0
3249.981722,CI0ueZ9L4iNhQWOk7,10.0.2.15,60066,54.192.93.197,443,TLSv12,TLS_ECDHE_RSA_WITH_AES_128_GCM_SHA256,secp256r1,xe8wfu9lql.execute-api.us-east-1.amazonaws.com,False,True,CsxuknGIti,"['dd0d50fc17de645f32a912225072fb7d536e07e598210bf064567126c7b69f70', 'eae72eb454bf6c3977ebd289e970b2f5282949190093d0d26f98d0f0d6a9cf17']",[],1.0,0ffee3ba8e615ad22535e7f771690a28,76cc3e2d3028143b23ec18e27dbd7ca9,h2,,3247.868357,10.0.2.15,60066,54.192.93.197,443,tcp,43.91335100000015,1159.0,62959.0,SF,True,False,0,ShADadFf,54,3327,89,66523,ssl,0
3249.984223,CK2mYt3fQUezATlI57,10.0.2.15,60070,34.193.1.254,443,TLSv12,TLS_ECDHE_RSA_WITH_AES_128_GCM_SHA256,secp256r1,analytics.cohesionapps.com,False,True,CsxknGIi,"['403be41f95cfc48ca491ba95e2a808e96646138358f6246ab84704cf39589d69', 'f55f9ffcb83c73453261601c7e044db15a0f034b93c05830f28635ef889cf670', '87dcd4dc74640a322cd205552506d1be64f12596258096544986b4850bc72706', '28689b30e4c306aab53b027b29e36ad6dd1dcf4b953994482ca84bdc1ecac996']",[],1.0,0ffee3ba8e615ad22535e7f771690a28,303951d4c50efb2e991652225a6f02b1,,,3247.880978,10.0.2.15,60070,34.193.1.254,443,tcp,40.7064519999999,3332.0,6050.0,RSTO,True,False,0,ShADadTFR,16,3982,17,6734,ssl,0
3249.636528,CtfzgA2mHD3BmzSP5,10.0.2.15,60061,63.111.4.18,443,TLSv12,TLS_DHE_RSA_WITH_AES_128_CBC_SHA,,internet.frontier.com,False,True,CsxknGIti,"['f36aa17a071c4069b75154b9882158a486bb4d50710201779613607d448000ea', '51cf0fffc3253fc013af786f95b190109f8c87f34dfd1cec44c45888789f5355']",[],1.0,0ffee3ba8e615ad22535e7f771690a28,b18612586998b47454e12d90e12021c2,,,3246.666331,10.0.2.15,60061,63.111.4.18,443,tcp,28.97143499999993,1361.0,3587.0,SF,True,False,0,ShADadTfF,12,1850,13,4111,ssl,0
3249.713524,CTrxQmpoltTsmbVlf,10.0.2.15,60063,63.111.4.18,443,TLSv12,TLS_DHE_RSA_WITH_AES_128_CBC_SHA,,internet.frontier.com,False,True,CsxknGIti,"['f36aa17a071c4069b75154b9882158a486bb4d50710201779613607d448000ea', '51cf0fffc3253fc013af786f95b190109f8c87f34dfd1cec44c45888789f5355']",[],1.0,0ffee3ba8e615ad22535e7f771690a28,b18612586998b47454e12d90e12021c2,,,3246.671909,10.0.2.15,60063,63.111.4.18,443,tcp,30.758650999999645,1345.0,3587.0,SF,True,False,0,ShADadTfF,12,1834,13,4111,ssl,0
3249.637636,CKGQNQ2788TpJfrzDb,10.0.2.15,60062,63.111.4.18,443,TLSv12,TLS_DHE_RSA_WITH_AES_128_CBC_SHA,,internet.frontier.com,False,True,CsxknGIti,"['f36aa17a071c4069b75154b9882158a486bb4d50710201779613607d448000ea', '51cf0fffc3253fc013af786f95b190109f8c87f34dfd1cec44c45888789f5355']",[],1.0,0ffee3ba8e615ad22535e7f771690a28,b18612586998b47454e12d90e12021c2,,,3246.670962,10.0.2.15,60062,63.111.4.18,443,tcp,29.61332999999968,1361.0,3587.0,SF,True,False,0,ShADadTfF,12,1850,13,4111,ssl,0
3249.639436,CrB9Ew1aTiHjrLBjy6,10.0.2.15,60060,63.111.4.18,443,TLSv12,TLS_DHE_RSA_WITH_AES_128_CBC_SHA,,internet.frontier.com,False,True,CsxknGIti,"['f36aa17a071c4069b75154b9882158a486bb4d50710201779613607d448000ea', '51cf0fffc3253fc013af786f95b190109f8c87f34dfd1cec44c45888789f5355']",[],1.0,0ffee3ba8e615ad22535e7f771690a28,b18612586998b47454e12d90e12021c2,,,3246.66425,10.0.2.15,60060,63.111.4.18,443,tcp,22.43901500000038,1345.0,6765.0,SF,True,False,0,ShADadFf,13,1873,15,7369,ssl,0
3255.349766,C3vLec3R2WNZPkA93b,10.0.2.15,60075,199.16.156.201,443,TLSv12,TLS_ECDHE_RSA_WITH_AES_128_GCM_SHA256,,syndication.twitter.com,True,True,CsiI,,,,1a5fe5677b0e4fbbc854e8908225637d,7bee5c1d424b7e5f943b06983bb11422,h2,,3251.270583,10.0.2.15,60075,199.16.156.201,443,tcp,226.11903100000015,2195.0,1451.0,SF,True,False,0,ShADadFfRr,21,3051,24,2415,ssl,0
3255.1912,CDAQcB4T3B0VrGXQ89,10.0.2.15,60074,104.244.43.113,443,TLSv12,TLS_ECDHE_RSA_WITH_AES_128_GCM_SHA256,secp256r1,cdn.syndication.twimg.com,False,True,CsxuknGIti,"['9338063290465de85ffd7dfa8f0f6ea848447f66560443ad32bcb8665b3ffa18', '19400be5b7a31fb733917700789d2f0a2471c0c9d506c0e504c06c16d7cb17c0']",[],1.0,0ffee3ba8e615ad22535e7f771690a28,76cc3e2d3028143b23ec18e27dbd7ca9,http/1.1,,3251.269411,10.0.2.15,60074,104.244.43.113,443,tcp,24.03734799999984,824.0,7379.0,SF,True,False,0,ShADadfF,14,1400,16,8023,ssl,0
3266.251167,C8j2Ka4lyinX3edxei,10.0.2.15,60108,104.20.27.223,443,TLSv12,TLS_ECDHE_ECDSA_WITH_AES_128_GCM_SHA256,,www.viralthread.com,True,True,CsiI,,,,1a5fe5677b0e4fbbc854e8908225637d,96681175a9547081bf3d417f1a572091,http/1.1,,3262.83089,10.0.2.15,60108,104.20.27.223,443,tcp,84.00721799999974,4312.0,175740.0,RSTO,True,False,0,ShADadFR,112,8808,207,184024,ssl,0
3266.041212,Cvyp1Q9zao35SDIQf,10.0.2.15,60096,151.101.112.222,443,TLSv12,TLS_ECDHE_RSA_WITH_AES_128_GCM_SHA256,,gateway.answerscloud.com,True,True,CsiI,,,,1a5fe5677b0e4fbbc854e8908225637d,1d0e57c6ae42e9204defa51e5e1cdc4c,http/1.1,,3266.024703,10.0.2.15,60096,151.101.112.222,443,tcp,17.063392999999905,923.0,6649.0,SF,True,False,0,^hADadFfRr,14,1483,17,7333,ssl,0
3267.184212,CrXuLc0SrW9MflSW2,10.0.2.15,60094,151.101.112.222,443,TLSv12,TLS_ECDHE_RSA_WITH_AES_128_GCM_SHA256,,gateway.answerscloud.com,True,True,CsiI,,,,1a5fe5677b0e4fbbc854e8908225637d,1d0e57c6ae42e9204defa51e5e1cdc4c,http/1.1,,3266.711722,10.0.2.15,60094,151.101.112.222,443,tcp,16.299880999999914,924.0,5868.0,RSTR,True,False,0,^hADadFRr,12,1404,14,6432,ssl,0
3267.187111,CMZ5904U0IoZYArNL6,10.0.2.15,60092,104.94.35.91,443,TLSv12,TLS_RSA_WITH_AES_256_CBC_SHA,,icloud.cdn-apple.com,True,True,CsiI,,,,1a5fe5677b0e4fbbc854e8908225637d,f4fb99c318cd91a4dfff259227ba977b,http/1.1,,3266.701489,10.0.2.15,60092,104.94.35.91,443,tcp,141.18174599999975,1050.0,1066.0,RSTO,True,False,0,^hADadTTFR,20,1862,21,1910,ssl,0
3267.188573,CJRhVK3U3DHgTXHSN2,10.0.2.15,60091,104.94.35.91,443,TLSv12,TLS_RSA_WITH_AES_256_CBC_SHA,,icloud.cdn-apple.com,True,True,CsiI,,,,1a5fe5677b0e4fbbc854e8908225637d,f4fb99c318cd91a4dfff259227ba977b,http/1.1,,3266.701554,10.0.2.15,60091,104.94.35.91,443,tcp,141.0081799999998,1050.0,3445.0,SF,True,False,0,^hADadTTFf,21,1902,23,4369,ssl,0
3267.590026,CSrFRn2FJvmafi59Ak,10.0.2.15,60093,151.101.112.222,443,TLSv12,TLS_ECDHE_RSA_WITH_AES_128_GCM_SHA256,,gateway.answerscloud.com,True,True,CsiI,,,,1a5fe5677b0e4fbbc854e8908225637d,1d0e57c6ae42e9204defa51e5e1cdc4c,http/1.1,,3266.750772,10.0.2.15,60093,151.101.112.222,443,tcp,16.051046999999926,922.0,5868.0,RSTR,True,False,0,^hADadFRr,10,1322,13,6392,ssl,0
3267.190591,C0VSWq4yY8u6m6I6R1,10.0.2.15,60090,104.94.35.91,443,TLSv12,TLS_RSA_WITH_AES_256_CBC_SHA,,icloud.cdn-apple.com,True,True,CsiI,,,,1a5fe5677b0e4fbbc854e8908225637d,f4fb99c318cd91a4dfff259227ba977b,http/1.1,,3266.711745,10.0.2.15,60090,104.94.35.91,443,tcp,141.31112399999984,1050.0,14453.0,SF,True,False,0,^hADadTTFf,24,2022,31,15697,ssl,0
3267.192624,CXqvCg4Hi3j4nQBGZ9,10.0.2.15,60089,104.94.35.91,443,TLSv12,TLS_RSA_WITH_AES_256_CBC_SHA,,icloud.cdn-apple.com,True,True,CsiI,,,,1a5fe5677b0e4fbbc854e8908225637d,f4fb99c318cd91a4dfff259227ba977b,http/1.1,,3266.701576,10.0.2.15,60089,104.94.35.91,443,tcp,140.88575300000002,1034.0,4837.0,SF,True,False,0,^hADadTTFf,23,1966,24,5801,ssl,0
3267.19533,CGQUqB21Iv6RsSlc3b,10.0.2.15,60087,104.94.35.91,443,TLSv12,TLS_RSA_WITH_AES_256_CBC_SHA,,www.icloud.com,True,True,CsiI,,,,1a5fe5677b0e4fbbc854e8908225637d,f4fb99c318cd91a4dfff259227ba977b,http/1.1,,3266.701598,10.0.2.15,60087,104.94.35.91,443,tcp,15.553705999999693,645.0,176.0,SF,True,False,0,^hADadFf,7,925,7,460,ssl,0
3267.198337,C9KiIYeGuM4gDARm7,10.0.2.15,60086,104.94.35.91,443,TLSv12,TLS_RSA_WITH_AES_256_CBC_SHA,,icloud.cdn-apple.com,True,True,CsiI,,,,1a5fe5677b0e4fbbc854e8908225637d,f4fb99c318cd91a4dfff259227ba977b,http/1.1,,3266.701618,10.0.2.15,60086,104.94.35.91,443,tcp,141.00818600000002,1050.0,1781.0,SF,True,False,0,^hADadTTFf,22,1942,22,2665,ssl,0
3267.210614,Cp2pVZ2HI2ZFWDc494,10.0.2.15,60095,151.101.112.222,443,TLSv12,TLS_ECDHE_RSA_WITH_AES_128_GCM_SHA256,,gateway.answerscloud.com,True,True,CsiI,,,,1a5fe5677b0e4fbbc854e8908225637d,1d0e57c6ae42e9204defa51e5e1cdc4c,http/1.1,,3266.711659,10.0.2.15,60095,151.101.112.222,443,tcp,16.10526600000003,925.0,4408.0,RSTR,True,False,0,^hADadFRr,10,1325,12,4892,ssl,0
3269.052566,CrrsO01K2E81QucZJe,10.0.2.15,60105,151.101.112.222,443,TLSv12,TLS_ECDHE_RSA_WITH_AES_128_GCM_SHA256,,gateway.answerscloud.com,True,True,CsiI,,,,1a5fe5677b0e4fbbc854e8908225637d,1d0e57c6ae42e9204defa51e5e1cdc4c,http/1.1,,3268.582481,10.0.2.15,60105,151.101.112.222,443,tcp,10.596751999999924,599.0,191.0,SF,True,False,0,^hADadFfRr,7,879,9,555,ssl,0
3269.0565,CqOfCk29l3Wp3rzhhc,10.0.2.15,60100,104.94.35.91,443,TLSv12,TLS_RSA_WITH_AES_256_CBC_SHA,,icloud.cdn-apple.com,True,True,CsiI,,,,1a5fe5677b0e4fbbc854e8908225637d,f4fb99c318cd91a4dfff259227ba977b,http/1.1,,3268.549986,10.0.2.15,60100,104.94.35.91,443,tcp,137.4429500000001,1455.0,37945.0,SF,True,False,0,^hADadTTFRfr,45,3267,67,40629,ssl,0
3269.057102,CY4idr261LbrlgziL8,10.0.2.15,60104,151.101.112.222,443,TLSv12,TLS_ECDHE_RSA_WITH_AES_128_GCM_SHA256,,gateway.answerscloud.com,True,True,CsiI,,,,1a5fe5677b0e4fbbc854e8908225637d,1d0e57c6ae42e9204defa51e5e1cdc4c,http/1.1,,3268.658687,10.0.2.15,60104,151.101.112.222,443,tcp,11.25299300000006,599.0,191.0,RSTO,True,False,0,^hADadFR,6,839,7,475,ssl,0
3269.05797,CQV9wi1JqPci4Dk636,10.0.2.15,60103,151.101.112.222,443,TLSv12,TLS_ECDHE_RSA_WITH_AES_128_GCM_SHA256,,gateway.answerscloud.com,True,True,CsiI,,,,1a5fe5677b0e4fbbc854e8908225637d,1d0e57c6ae42e9204defa51e5e1cdc4c,http/1.1,,3268.526792,10.0.2.15,60103,151.101.112.222,443,tcp,11.806713999999827,599.0,191.0,SF,True,False,0,^hADadFRfr,8,919,9,555,ssl,0
3269.070546,ChfcgG456dOUhvQhS8,10.0.2.15,60102,104.94.35.91,443,TLSv12,TLS_RSA_WITH_AES_256_CBC_SHA,,icloud.cdn-apple.com,True,True,CsiI,,,,1a5fe5677b0e4fbbc854e8908225637d,f4fb99c318cd91a4dfff259227ba977b,http/1.1,,3268.530428,10.0.2.15,60102,104.94.35.91,443,tcp,141.657291,1455.0,3711.0,SF,True,False,0,^hADadTTFRfr,25,2467,29,4875,ssl,0
3271.690418,CyfHllTCSqVZDFoqk,10.0.2.15,60110,104.19.193.102,443,TLSv12,TLS_ECDHE_ECDSA_WITH_AES_128_GCM_SHA256,secp256r1,ajax.cloudflare.com,False,True,CsxuknGIti,"['288a62410b9a17d44ccccf0ca447daaee0f3c7bcd3e0cb6d4f24ef85d2dbfdd0', 'cd6c108a0e641f2ca122aaa6d03f826759cae7c6f800eabf76dc48b67cd083ce', '9573862ac0b4b125168810ea3fd101ae2eb0bb15f61fc0e6da7a2a38b85a89e8']",[],1.0,0ffee3ba8e615ad22535e7f771690a28,7d3eb4120cd50e889bcd3f3783be0f82,h2,,3266.870636,10.0.2.15,60110,104.19.193.102,443,tcp,13.082981000000018,533.0,3862.0,SF,True,False,0,ShADadFf,13,1069,15,4466,ssl,0
3269.053331,CnrdT43etSoAktrSfa,10.0.2.15,60099,104.94.35.91,443,TLSv12,TLS_RSA_WITH_AES_256_CBC_SHA,,icloud.cdn-apple.com,True,True,CsiI,,,,1a5fe5677b0e4fbbc854e8908225637d,f4fb99c318cd91a4dfff259227ba977b,http/1.1,,3268.610896,10.0.2.15,60099,104.94.35.91,443,tcp,141.5678829999997,1407.0,38340.0,RSTO,True,False,0,^hADadTTFR,44,3179,69,41104,ssl,0
3269.078967,C1LF7etOqhmq2utY,10.0.2.15,60106,151.101.112.222,443,TLSv12,TLS_ECDHE_RSA_WITH_AES_128_GCM_SHA256,,gateway.answerscloud.com,True,True,CsiI,,,,1a5fe5677b0e4fbbc854e8908225637d,1d0e57c6ae42e9204defa51e5e1cdc4c,http/1.1,,3268.649617,10.0.2.15,60106,151.101.112.222,443,tcp,12.223782000000028,599.0,191.0,RSTO,True,False,0,^hADadFR,7,879,7,475,ssl,0
3269.075211,C9jtYi2fXIkNZGHrj1,10.0.2.15,60101,104.94.35.91,443,TLSv12,TLS_RSA_WITH_AES_256_CBC_SHA,,icloud.cdn-apple.com,True,True,CsiI,,,,1a5fe5677b0e4fbbc854e8908225637d,f4fb99c318cd91a4dfff259227ba977b,http/1.1,,3268.601376,10.0.2.15,60101,104.94.35.91,443,tcp,141.56330200000002,1535.0,21732.0,SF,True,False,0,^hADadTTFfRr,35,2947,50,23736,ssl,0
3272.861771,CtT2dl1SDO5uqRnl7a,10.0.2.15,60112,159.253.146.101,443,TLSv12,TLS_ECDHE_RSA_WITH_AES_256_GCM_SHA384,secp256r1,c.fqtag.com,False,True,CsxknGIi,"['09db740aa202db179913c37393d12305dd749c8ef7ad7cde57d7b79a7fa1d92b', 'bc3f03a436240edba5f83714f6f677e34b37f9b1f0c08c1e558d981e279e8209', '3c35cc963eb004451323d3275d05b353235053490d9cd83729a2faf5e7ca1cc0']",[],1.0,0ffee3ba8e615ad22535e7f771690a28,1c9537b8108487575f2043b84071412d,http/1.1,,3267.217286,10.0.2.15,60112,159.253.146.101,443,tcp,19.898263000000043,727.0,3958.0,SF,True,False,0,ShADadfF,13,1263,14,4522,ssl,0
3266.873588,CWVKky19KriIEAnrq6,10.0.2.15,60109,104.20.27.223,443,TLSv12,TLS_ECDHE_ECDSA_WITH_AES_128_GCM_SHA256,,www.viralthread.com,True,True,CsiI,,,,1a5fe5677b0e4fbbc854e8908225637d,96681175a9547081bf3d417f1a572091,http/1.1,,3263.088593,10.0.2.15,60109,104.20.27.223,443,tcp,21.708752000000004,599.0,152.0,SF,True,False,0,ShADadFf,9,975,7,436,ssl,0
3272.870677,Cxl9ckumadSB9UKf7,10.0.2.15,60111,108.161.188.209,443,TLSv12,TLS_ECDHE_RSA_WITH_AES_128_GCM_SHA256,secp256r1,code.ionicframework.com,False,True,CsxuknGIti,"['4f97ad2ff73299f5651d853c1e2aafcf4830725ee6b633ef096511d5716992bb', 'ee793643199474ed60efdc8ccde4d37445921683593aa751bbf8ee491a391e97', 'ebd41040e4bb3ec742c9e381d31ef2a41a48b6685c96e7cef3c1df6cd4331c99']",[],1.0,0ffee3ba8e615ad22535e7f771690a28,49b45fc1ab090aa3a159778313fc9b9e,h2,,3267.211894,10.0.2.15,60111,108.161.188.209,443,tcp,207.85800999999992,963.0,16993.0,SF,True,False,0,ShADadFf,32,2259,42,18677,ssl,0
3269.055825,CDUi8u2grZmK6n2Sgk,10.0.2.15,60098,82.199.68.73,443,TLSv12,TLS_RSA_WITH_AES_256_CBC_SHA,,bs.serving-sys.com,False,True,CsxnGIi,"['da83f8402756964819e846696c134edb748ee8801ff17fcfd761d886058327c8', '3f3af9c9cc2c7599ef8f6dd7ca516cfc1797d7d12002254f3bfd0d4d0fe9de86']",[],1.0,0ffee3ba8e615ad22535e7f771690a28,0a917d753018dad73d9899ace370f8d8,,,3268.532327,10.0.2.15,60098,82.199.68.73,443,tcp,16.663610999999946,1539.0,6987.0,SF,True,False,0,^hADadFf,12,2019,14,7551,ssl,0
3282.763598,CmDEkbRRaIkuYkjf6,10.0.2.15,60114,159.253.146.101,443,TLSv12,TLS_ECDHE_RSA_WITH_AES_256_GCM_SHA384,,c.fqtag.com,True,True,CsiI,,,,0ffee3ba8e615ad22535e7f771690a28,410b9bedaf65dd26c6fe547154d60db4,http/1.1,,3280.222334,10.0.2.15,60114,159.253.146.101,443,tcp,11.338494999999966,271.0,424.0,SF,True,False,0,ShADadfF,8,599,8,748,ssl,0
3282.764197,CkO98nMIIsrYt6qjf,10.0.2.15,60113,104.19.193.102,443,TLSv12,TLS_ECDHE_ECDSA_WITH_AES_128_GCM_SHA256,,ajax.cloudflare.com,True,True,CsiI,,,,1a5fe5677b0e4fbbc854e8908225637d,96681175a9547081bf3d417f1a572091,h2,,3280.219722,10.0.2.15,60113,104.19.193.102,443,tcp,4.867155000000366,779.0,253.0,RSTO,True,False,0,ShADadFR,10,1187,9,617,ssl,0
3282.759045,CfU13N1zxpxdnD8aF,10.0.2.15,60117,104.244.46.7,443,TLSv12,TLS_ECDHE_RSA_WITH_AES_128_GCM_SHA256,secp256r1,pbs.twimg.com,False,True,CsxuknGIti,"['50151d00a5e95211d26e50279b716712b0f4ae2e122f5cb802ccc24f1616a48e', '19400be5b7a31fb733917700789d2f0a2471c0c9d506c0e504c06c16d7cb17c0']",[],1.0,0ffee3ba8e615ad22535e7f771690a28,76cc3e2d3028143b23ec18e27dbd7ca9,h2,,3280.226823,10.0.2.15,60117,104.244.46.7,443,tcp,11.093268999999964,347.0,4309.0,RSTO,True,False,0,ShADadFR,11,795,12,4793,ssl,0
3282.760476,CfMPZK1wbGHaLcHdqc,10.0.2.15,60116,104.244.46.7,443,TLSv12,TLS_ECDHE_RSA_WITH_AES_128_GCM_SHA256,secp256r1,pbs.twimg.com,False,True,CsxuknGIti,"['50151d00a5e95211d26e50279b716712b0f4ae2e122f5cb802ccc24f1616a48e', '19400be5b7a31fb733917700789d2f0a2471c0c9d506c0e504c06c16d7cb17c0']",[],1.0,0ffee3ba8e615ad22535e7f771690a28,76cc3e2d3028143b23ec18e27dbd7ca9,h2,,3280.225727,10.0.2.15,60116,104.244.46.7,443,tcp,10.953589000000193,347.0,4309.0,RSTO,True,False,0,ShADadFR,11,795,12,4793,ssl,0
3266.045051,CDzkXW1mmrhAkAyuRj,10.0.2.15,60088,172.217.23.238,443,TLSv12,TLS_ECDHE_ECDSA_WITH_AES_128_GCM_SHA256,x25519,s.ytimg.com,False,False,CsxknGI,"['11ddd329046367c19b32ffdb02ed308de129de4d6ffcf95856d7bd6a7accfba9', '9f630426df1d8abfd80ace98871ba833ab9742cb34838de2b5285ed54c0c7dcc', '3c35cc963eb004451323d3275d05b353235053490d9cd83729a2faf5e7ca1cc0']",[],1.0,0ffee3ba8e615ad22535e7f771690a28,84480cf8cf0e732666092640e581e1a5,h2,,3266.024819,10.0.2.15,60088,172.217.23.238,443,tcp,12.803102999999735,444.0,4024.0,SF,True,False,0,^hADadfF,8,764,9,4388,ssl,0
3282.762366,CZ4TlxUYJNnjKUrWg,10.0.2.15,60115,52.44.159.244,443,TLSv12,TLS_ECDHE_RSA_WITH_AES_128_GCM_SHA256,secp256r1,api.filo.ai,False,True,CsxknGIi,"['e866d610ec7d928cda0f37a0dda0c25415b08a2c4283e75495163a0e7c55c61c', 'f55f9ffcb83c73453261601c7e044db15a0f034b93c05830f28635ef889cf670', '87dcd4dc74640a322cd205552506d1be64f12596258096544986b4850bc72706', '28689b30e4c306aab53b027b29e36ad6dd1dcf4b953994482ca84bdc1ecac996']",[],1.0,0ffee3ba8e615ad22535e7f771690a28,303951d4c50efb2e991652225a6f02b1,,,3280.224677,10.0.2.15,60115,52.44.159.244,443,tcp,8.502348999999867,314.0,5065.0,RSTO,True,False,0,ShADadFR,10,722,12,5549,ssl,0
3282.920615,CQycXt30MYGY489618,10.0.2.15,60118,17.248.147.19,443,TLSv12,TLS_ECDHE_RSA_WITH_AES_256_GCM_SHA384,secp256r1,feedbackws.icloud.com,False,True,CsxknGIti,"['1aa750f7bdacb32f73ad5f46925e39f5b59175efdffc9e905635f69d7b26660f', '8420dfbe376f414bf4c0a81e6936d24ccc03f304835b86c7a39142fca723a689', 'eae72eb454bf6c3977ebd289e970b2f5282949190093d0d26f98d0f0d6a9cf17']",[],1.0,0ffee3ba8e615ad22535e7f771690a28,a39e18564e32e1822751c4af0bfba817,http/1.1,,3281.089224,10.0.2.15,60118,17.248.147.19,443,tcp,224.48926500000016,8463.0,13117.0,SF,True,False,0,ShADadTTfF,46,10327,49,15081,ssl,0
3269.055076,CQa3R942FGwhZNOBY7,10.0.2.15,60107,50.121.73.21,443,TLSv12,TLS_DHE_RSA_WITH_AES_256_CBC_SHA,,frontier.com,False,False,CsxknGI,"['314e88eaccbc4b5a13502c27fe102f80587f1e2c37096fe5647b883c9363e1a9', '13efb39a2f6654e8c67bd04f4c6d4c90cd6cab5091bcedc73787f6b77d3d3fe7', '6b143c2005d5539cc22eab5f772db2a9fe87467feffa07fcf0a9f7d28274ca7a', '73c176434f1bc6d5adf45b0e76e727287c8de57616c1e6e6141a2b2cbc7d8e4c']",[],1.0,0ffee3ba8e615ad22535e7f771690a28,38759e3bb980b0ca6bf7f22837b8582f,,,3268.823668,10.0.2.15,60107,50.121.73.21,443,tcp,14.114160000000084,403.0,6274.0,SF,True,False,0,^hADadfF,8,723,10,6678,ssl,0
3286.498716,CGnReO33lZAi3CQPjl,10.0.2.15,60119,63.111.4.18,443,TLSv12,TLS_DHE_RSA_WITH_AES_128_CBC_SHA,,internet.frontier.com,False,True,CsxknGIti,"['f36aa17a071c4069b75154b9882158a486bb4d50710201779613607d448000ea', '51cf0fffc3253fc013af786f95b190109f8c87f34dfd1cec44c45888789f5355']",[],1.0,1a5fe5677b0e4fbbc854e8908225637d,b18612586998b47454e12d90e12021c2,,,3285.186199,10.0.2.15,60119,63.111.4.18,443,tcp,24.4064699999999,1680.0,72241.0,SF,True,False,0,ShADadfF,57,3968,100,76245,ssl,0
3288.784519,CS0al84sTkxv7pqpK7,10.0.2.15,60120,63.111.4.18,443,TLSv12,TLS_DHE_RSA_WITH_AES_128_CBC_SHA,,internet.frontier.com,False,True,CsxknGIti,"['f36aa17a071c4069b75154b9882158a486bb4d50710201779613607d448000ea', '51cf0fffc3253fc013af786f95b190109f8c87f34dfd1cec44c45888789f5355']",[],1.0,1a5fe5677b0e4fbbc854e8908225637d,b18612586998b47454e12d90e12021c2,,,3286.502543,10.0.2.15,60120,63.111.4.18,443,tcp,15.36593300000004,1680.0,15901.0,SF,True,False,0,ShADadfF,19,2448,30,17105,ssl,0
3288.778267,C6UM7j3zEmfVS0FD7k,10.0.2.15,60121,63.111.4.18,443,TLSv12,TLS_DHE_RSA_WITH_AES_128_CBC_SHA,,internet.frontier.com,False,True,CsxknGIti,"['f36aa17a071c4069b75154b9882158a486bb4d50710201779613607d448000ea', '51cf0fffc3253fc013af786f95b190109f8c87f34dfd1cec44c45888789f5355']",[],1.0,1a5fe5677b0e4fbbc854e8908225637d,b18612586998b47454e12d90e12021c2,,,3287.120264,10.0.2.15,60121,63.111.4.18,443,tcp,14.629249999999956,1664.0,6333.0,SF,True,False,0,ShADadfF,12,2152,16,6977,ssl,0
3290.166691,C2qaJn4dylXnexzE54,10.0.2.15,60122,63.111.4.18,443,TLSv12,TLS_DHE_RSA_WITH_AES_128_CBC_SHA,,internet.frontier.com,False,True,CsxknGIti,"['f36aa17a071c4069b75154b9882158a486bb4d50710201779613607d448000ea', '51cf0fffc3253fc013af786f95b190109f8c87f34dfd1cec44c45888789f5355']",[],1.0,1a5fe5677b0e4fbbc854e8908225637d,b18612586998b47454e12d90e12021c2,,,3289.691709,10.0.2.15,60122,63.111.4.18,443,tcp,13.355477999999948,1664.0,14717.0,SF,True,False,0,ShADadfF,15,2272,20,15521,ssl,0
3292.165294,ClwBM72Y6X7QgVlj6h,10.0.2.15,60123,104.20.27.223,443,TLSv12,TLS_ECDHE_ECDSA_WITH_AES_128_GCM_SHA256,,www.viralthread.com,True,True,CsiI,,,,1a5fe5677b0e4fbbc854e8908225637d,96681175a9547081bf3d417f1a572091,http/1.1,,3291.310066,10.0.2.15,60123,104.20.27.223,443,tcp,53.80196500000011,5542.0,236626.0,RSTR,True,False,0,ShADadFRr,138,11070,255,246830,ssl,0
3295.594187,CLjpe52hePpRbKoLi2,10.0.2.15,60124,104.94.35.91,443,TLSv12,TLS_RSA_WITH_AES_256_CBC_SHA,,icloud.cdn-apple.com,True,True,CsiI,,,,1a5fe5677b0e4fbbc854e8908225637d,f4fb99c318cd91a4dfff259227ba977b,http/1.1,,3294.367316,10.0.2.15,60124,104.94.35.91,443,tcp,9.328083000000332,645.0,229.0,RSTO,True,False,0,ShADadFR,7,933,7,513,ssl,0
3296.564566,CJpDAb1JUfdRnC1Smb,10.0.2.15,60125,17.248.147.19,443,TLSv12,TLS_ECDHE_RSA_WITH_AES_256_GCM_SHA384,,feedbackws.icloud.com,True,True,CsiI,,,,1a5fe5677b0e4fbbc854e8908225637d,410b9bedaf65dd26c6fe547154d60db4,http/1.1,,3295.01005,10.0.2.15,60125,17.248.147.19,443,tcp,8.977791000000252,599.0,152.0,SF,True,False,0,ShADadFf,7,887,7,436,ssl,0
3296.876113,CAaatl1zI74khMlFli,10.0.2.15,60133,104.20.27.223,443,TLSv12,TLS_ECDHE_ECDSA_WITH_AES_128_GCM_SHA256,,www.viralthread.com,True,True,CsiI,,,,1a5fe5677b0e4fbbc854e8908225637d,96681175a9547081bf3d417f1a572091,http/1.1,,3295.170156,10.0.2.15,60133,104.20.27.223,443,tcp,50.27972,1007.0,116292.0,RSTO,True,False,0,ShADadTFR,74,3977,129,121456,ssl,0
3296.877016,CLmpjA4jOe2Hodnlye,10.0.2.15,60132,104.20.27.223,443,TLSv12,TLS_ECDHE_ECDSA_WITH_AES_128_GCM_SHA256,,www.viralthread.com,True,True,CsiI,,,,1a5fe5677b0e4fbbc854e8908225637d,96681175a9547081bf3d417f1a572091,http/1.1,,3295.166489,10.0.2.15,60132,104.20.27.223,443,tcp,50.23064899999963,3093.0,137567.0,RSTR,True,False,0,ShADadFRr,83,6421,153,143691,ssl,0
3296.771834,Ch4uqb2Zo9xLb7he94,10.0.2.15,60127,192.0.73.2,443,TLSv12,TLS_ECDHE_RSA_WITH_AES_128_GCM_SHA256,secp256r1,secure.gravatar.com,False,True,CsxuknGIti,"['8c28d16b374e8d7aa9a93222e609d5567bdfd728eb1f137fd1f5de9731f6ff2c', '973a41276ffd01e027a2aad49e34c37846d3e976ff6a620b6712e33832041aa6', '3a2fbe92891e57fe05d57087f48e730f17e5a5f53ef403d618e5b74d7a7e6ecb']",[],1.0,0ffee3ba8e615ad22535e7f771690a28,49b45fc1ab090aa3a159778313fc9b9e,h2,,3295.135382,10.0.2.15,60127,192.0.73.2,443,tcp,218.842639,961.0,10791.0,SF,True,False,0,ShADadFf,24,1929,28,11915,ssl,0
3296.562991,CJqPftQCJePOsj8b,10.0.2.15,60126,17.36.193.58,443,TLSv12,TLS_RSA_WITH_AES_128_CBC_SHA,,setup.icloud.com,False,True,CsxnGIi,"['67a97fd55ef7cfff292be4406cdba413e39b836b717e85356ecb0c383fffb348', 'ac2b922ecfd5e01711772fea8ed372de9d1e2245fce3f57a9cdbec77296a424b']",[],1.0,0ffee3ba8e615ad22535e7f771690a28,573a9f3f80037fb40d481e2054def5bb,,,3295.013583,10.0.2.15,60126,17.36.193.58,443,tcp,13.928323000000091,1105.0,5915.0,SF,True,False,0,ShADadFf,12,1593,13,6439,ssl,0
3296.772362,CfDGhy56t7Y3oc4J7,10.0.2.15,60128,192.0.73.2,443,TLSv12,TLS_ECDHE_RSA_WITH_AES_128_GCM_SHA256,secp256r1,secure.gravatar.com,False,True,CsxuknGIti,"['8c28d16b374e8d7aa9a93222e609d5567bdfd728eb1f137fd1f5de9731f6ff2c', '973a41276ffd01e027a2aad49e34c37846d3e976ff6a620b6712e33832041aa6', '3a2fbe92891e57fe05d57087f48e730f17e5a5f53ef403d618e5b74d7a7e6ecb']",[],1.0,0ffee3ba8e615ad22535e7f771690a28,49b45fc1ab090aa3a159778313fc9b9e,h2,,3295.137636,10.0.2.15,60128,192.0.73.2,443,tcp,27.541204000000107,824.0,8291.0,SF,True,False,0,ShADadFf,17,1512,20,9095,ssl,0
3296.878533,CZLsDT1RKvBQ23oSI1,10.0.2.15,60131,104.20.27.223,443,TLSv12,TLS_ECDHE_ECDSA_WITH_AES_128_GCM_SHA256,,www.viralthread.com,True,True,CsiI,,,,1a5fe5677b0e4fbbc854e8908225637d,96681175a9547081bf3d417f1a572091,http/1.1,,3295.146961,10.0.2.15,60131,104.20.27.223,443,tcp,49.537233000000015,2697.0,173161.0,RSTR,True,False,0,ShADadFRr,108,7025,206,181405,ssl,0
3296.880155,CdB0Yt2GreoC87KYY2,10.0.2.15,60130,192.0.73.2,443,TLSv12,TLS_ECDHE_RSA_WITH_AES_128_GCM_SHA256,secp256r1,secure.gravatar.com,False,True,CsxuknGIti,"['8c28d16b374e8d7aa9a93222e609d5567bdfd728eb1f137fd1f5de9731f6ff2c', '973a41276ffd01e027a2aad49e34c37846d3e976ff6a620b6712e33832041aa6', '3a2fbe92891e57fe05d57087f48e730f17e5a5f53ef403d618e5b74d7a7e6ecb']",[],1.0,0ffee3ba8e615ad22535e7f771690a28,49b45fc1ab090aa3a159778313fc9b9e,h2,,3295.144963,10.0.2.15,60130,192.0.73.2,443,tcp,29.59141899999986,823.0,11444.0,SF,True,False,0,ShADadFf,18,1551,22,12328,ssl,0
3296.881143,Cre7Ic3BPNVodp1JT1,10.0.2.15,60129,192.0.73.2,443,TLSv12,TLS_ECDHE_RSA_WITH_AES_128_GCM_SHA256,secp256r1,secure.gravatar.com,False,True,CsxuknGIti,"['8c28d16b374e8d7aa9a93222e609d5567bdfd728eb1f137fd1f5de9731f6ff2c', '973a41276ffd01e027a2aad49e34c37846d3e976ff6a620b6712e33832041aa6', '3a2fbe92891e57fe05d57087f48e730f17e5a5f53ef403d618e5b74d7a7e6ecb']",[],1.0,0ffee3ba8e615ad22535e7f771690a28,49b45fc1ab090aa3a159778313fc9b9e,h2,,3295.141395,10.0.2.15,60129,192.0.73.2,443,tcp,27.12763300000006,823.0,26185.0,SF,True,False,0,ShADadFf,25,1831,34,27549,ssl,0
3298.180125,CY68LLYnftkU1tIE,10.0.2.15,60134,188.125.66.33,443,TLSv12,TLS_ECDHE_RSA_WITH_AES_128_GCM_SHA256,secp256r1,sp.analytics.yahoo.com,False,True,CsxknGIti,"['a42bd5146a3d4010979322f493ea1cf3e1ba9033d64ae699935e6a6ad96bd3c4', '19400be5b7a31fb733917700789d2f0a2471c0c9d506c0e504c06c16d7cb17c0']",[],1.0,0ffee3ba8e615ad22535e7f771690a28,b898351eb5e266aefd3723d466935494,http/1.1,,3296.566444,10.0.2.15,60134,188.125.66.33,443,tcp,69.89069100000006,720.0,4475.0,SF,True,False,0,ShADadTfF,16,1373,18,5199,ssl,0
3305.621691,C0X69a4kDxNd9XcST1,10.0.2.15,60144,216.137.61.121,443,TLSv12,TLS_ECDHE_RSA_WITH_AES_128_GCM_SHA256,,d2w3zkq33l1i26.cloudfront.net,True,True,CsiI,,,,1a5fe5677b0e4fbbc854e8908225637d,d199ba0af2b08e204c73d6d81a1fd260,http/1.1,,3303.538505,10.0.2.15,60144,216.137.61.121,443,tcp,132.08293000000003,921.0,136738.0,SF,True,False,0,ShADadTfF,110,5338,201,144782,ssl,0
3305.640079,CoPpst2QYG2VsOwPSh,10.0.2.15,60150,94.31.29.55,443,TLSv12,TLS_ECDHE_RSA_WITH_AES_128_GCM_SHA256,,maxcdn.bootstrapcdn.com,True,True,CsiI,,,,1a5fe5677b0e4fbbc854e8908225637d,7bee5c1d424b7e5f943b06983bb11422,h2,,3304.549858,10.0.2.15,60150,94.31.29.55,443,tcp,210.815881,1338.0,12991.0,SF,True,False,0,ShADadFf,26,2386,35,14395,ssl,0
3305.625277,CFZrLMfB1Dek1gaJe,10.0.2.15,60147,50.121.73.21,443,TLSv12,TLS_DHE_RSA_WITH_AES_256_CBC_SHA,,frontier.com,True,True,CsiI,,,,0ffee3ba8e615ad22535e7f771690a28,38759e3bb980b0ca6bf7f22837b8582f,,,3303.551121,10.0.2.15,60147,50.121.73.21,443,tcp,14.77925899999991,1954.0,161.0,SF,True,False,0,ShADadfF,9,2322,9,525,ssl,0
3305.626885,CFw6RYLdzzjOh4WL6,10.0.2.15,60146,50.121.73.21,443,TLSv12,TLS_DHE_RSA_WITH_AES_256_CBC_SHA,,frontier.com,True,True,CsiI,,,,0ffee3ba8e615ad22535e7f771690a28,38759e3bb980b0ca6bf7f22837b8582f,,,3303.548304,10.0.2.15,60146,50.121.73.21,443,tcp,14.931215000000066,1938.0,161.0,SF,True,False,0,ShADadfF,9,2306,9,525,ssl,0
3305.628598,C0aTMo1D8WLfY43jBg,10.0.2.15,60145,50.121.73.21,443,TLSv12,TLS_DHE_RSA_WITH_AES_256_CBC_SHA,,frontier.com,True,True,CsiI,,,,0ffee3ba8e615ad22535e7f771690a28,38759e3bb980b0ca6bf7f22837b8582f,,,3303.547048,10.0.2.15,60145,50.121.73.21,443,tcp,14.61146800000006,1938.0,161.0,SF,True,False,0,ShADadfF,9,2306,9,525,ssl,0
3306.384633,CoqXQB38wghyox1Igi,10.0.2.15,60137,172.217.23.238,443,TLSv12,TLS_ECDHE_RSA_WITH_AES_128_GCM_SHA256,,www.google-analytics.com,True,True,CsiI,,,,1a5fe5677b0e4fbbc854e8908225637d,67619a80665d7ab92d1041b1d11f9164,h2,,3301.953728,10.0.2.15,60137,172.217.23.238,443,tcp,17.308607999999822,1230.0,156.0,SF,True,False,0,ShADadfF,11,1686,10,560,ssl,0
3306.386335,CPURll1RBGNWdqvG66,10.0.2.15,60141,159.253.146.101,443,TLSv12,TLS_ECDHE_RSA_WITH_AES_256_GCM_SHA384,,c.fqtag.com,True,True,CsiI,,,,0ffee3ba8e615ad22535e7f771690a28,410b9bedaf65dd26c6fe547154d60db4,http/1.1,,3301.965308,10.0.2.15,60141,159.253.146.101,443,tcp,14.610059999999976,715.0,152.0,SF,True,False,0,ShADadfF,9,1091,8,476,ssl,0
3306.888223,CWCxrW9wu1bPP9iD9,10.0.2.15,60152,172.217.23.238,443,TLSv12,TLS_ECDHE_RSA_WITH_AES_128_GCM_SHA256,,www.google-analytics.com,True,True,CsiI,,,,1a5fe5677b0e4fbbc854e8908225637d,67619a80665d7ab92d1041b1d11f9164,h2,,3305.416237,10.0.2.15,60152,172.217.23.238,443,tcp,4.704154000000017,808.0,254.0,RSTO,True,False,0,ShADadFR,10,1216,10,658,ssl,0
3307.08079,CdN7an4uL51pGh9sa4,10.0.2.15,60155,159.253.146.101,443,TLSv12,TLS_ECDHE_RSA_WITH_AES_256_GCM_SHA384,,c.fqtag.com,True,True,CsiI,,,,0ffee3ba8e615ad22535e7f771690a28,410b9bedaf65dd26c6fe547154d60db4,http/1.1,,3305.423014,10.0.2.15,60155,159.253.146.101,443,tcp,10.713722999999844,302.0,424.0,RSTO,True,False,0,ShADadFR,7,590,7,708,ssl,0
3306.38351,C8fZrn1O0xXWdcdpq6,10.0.2.15,60138,216.137.61.72,443,TLSv12,TLS_ECDHE_RSA_WITH_AES_128_GCM_SHA256,secp256r1,d3alqb8vzo7fun.cloudfront.net,False,True,CsxuknGIti,"['90c0937808b31877df6c4a5c743c99325d974624be3735faa5078cf73d4fd205', 'eae72eb454bf6c3977ebd289e970b2f5282949190093d0d26f98d0f0d6a9cf17']",[],1.0,0ffee3ba8e615ad22535e7f771690a28,76cc3e2d3028143b23ec18e27dbd7ca9,http/1.1,,3301.955283,10.0.2.15,60138,216.137.61.72,443,tcp,220.50935400000023,1143.0,35462.0,SF,True,False,0,ShADadTTFf,44,2938,56,37706,ssl,0
3306.388043,C010jz1B5FboLfluO1,10.0.2.15,60140,216.137.61.20,443,TLSv12,TLS_ECDHE_RSA_WITH_AES_128_GCM_SHA256,secp256r1,d31qbv1cthcecs.cloudfront.net,False,True,CsxuknGIti,"['90c0937808b31877df6c4a5c743c99325d974624be3735faa5078cf73d4fd205', 'eae72eb454bf6c3977ebd289e970b2f5282949190093d0d26f98d0f0d6a9cf17']",[],1.0,0ffee3ba8e615ad22535e7f771690a28,76cc3e2d3028143b23ec18e27dbd7ca9,http/1.1,,3301.964035,10.0.2.15,60140,216.137.61.20,443,tcp,16.823167000000012,363.0,5199.0,SF,True,False,0,ShADadFf,12,859,11,5643,ssl,0
3306.887056,CccLJgd1l6rn4XHOj,10.0.2.15,60153,216.137.61.72,443,TLSv12,TLS_ECDHE_RSA_WITH_AES_128_GCM_SHA256,secp256r1,d3alqb8vzo7fun.cloudfront.net,False,True,CsxuknGIti,"['90c0937808b31877df6c4a5c743c99325d974624be3735faa5078cf73d4fd205', 'eae72eb454bf6c3977ebd289e970b2f5282949190093d0d26f98d0f0d6a9cf17']",[],1.0,0ffee3ba8e615ad22535e7f771690a28,76cc3e2d3028143b23ec18e27dbd7ca9,http/1.1,,3305.419411,10.0.2.15,60153,216.137.61.72,443,tcp,17.152827000000343,363.0,5199.0,SF,True,False,0,ShADadFTf,12,852,12,5683,ssl,0
3309.583368,CiOqvd161eRmDpupKj,10.0.2.15,60161,17.36.193.58,443,TLSv12,TLS_RSA_WITH_AES_128_CBC_SHA,,setup.icloud.com,True,True,CsiI,,,,0ffee3ba8e615ad22535e7f771690a28,573a9f3f80037fb40d481e2054def5bb,,,3306.624289,10.0.2.15,60161,17.36.193.58,443,tcp,12.919087000000218,870.0,1238.0,RSTO,True,False,0,ShADadFR,9,1238,9,1602,ssl,0
3309.767436,C8ST0I1lZJzIw71AO3,10.0.2.15,60168,216.137.61.121,443,TLSv12,TLS_ECDHE_RSA_WITH_AES_128_GCM_SHA256,,d2w3zkq33l1i26.cloudfront.net,True,True,CsiI,,,,1a5fe5677b0e4fbbc854e8908225637d,d199ba0af2b08e204c73d6d81a1fd260,http/1.1,,3307.375787,10.0.2.15,60168,216.137.61.121,443,tcp,129.98588599999994,923.0,2461.0,SF,True,False,0,ShADadTTfF,20,1742,21,3305,ssl,0
3309.785014,CmBKzf31tZg6nvh2k3,10.0.2.15,60167,17.36.193.58,443,TLSv12,TLS_RSA_WITH_AES_128_CBC_SHA,,setup.icloud.com,True,True,CsiI,,,,0ffee3ba8e615ad22535e7f771690a28,573a9f3f80037fb40d481e2054def5bb,,,3307.221044,10.0.2.15,60167,17.36.193.58,443,tcp,12.259902000000238,353.0,161.0,SF,True,False,0,ShADadFf,8,681,8,485,ssl,0
3307.07782,CO83kA3jaYCunHFxDb,10.0.2.15,60154,216.137.61.20,443,TLSv12,TLS_ECDHE_RSA_WITH_AES_128_GCM_SHA256,secp256r1,d31qbv1cthcecs.cloudfront.net,False,True,CsxuknGIti,"['90c0937808b31877df6c4a5c743c99325d974624be3735faa5078cf73d4fd205', 'eae72eb454bf6c3977ebd289e970b2f5282949190093d0d26f98d0f0d6a9cf17']",[],1.0,0ffee3ba8e615ad22535e7f771690a28,76cc3e2d3028143b23ec18e27dbd7ca9,http/1.1,,3305.422412,10.0.2.15,60154,216.137.61.20,443,tcp,7.504942999999912,332.0,5199.0,RSTO,True,False,0,ShADadR,7,620,8,5523,ssl,0
3307.782005,CjqJbw1buzEw54MA5l,10.0.2.15,60156,172.217.23.227,443,TLSv12,TLS_ECDHE_ECDSA_WITH_AES_128_GCM_SHA256,,fonts.gstatic.com,True,True,CsiI,,,,1a5fe5677b0e4fbbc854e8908225637d,c23237dbea656869600e48dfbd00ab7b,h2,,3305.63219,10.0.2.15,60156,172.217.23.227,443,tcp,16.92019500000015,1236.0,156.0,SF,True,False,0,ShADadfF,11,1684,11,600,ssl,0
3316.581748,CQCgXk3MV3BqTHsWli,10.0.2.15,60180,104.20.27.223,443,TLSv12,TLS_ECDHE_ECDSA_WITH_AES_128_GCM_SHA256,,www.viralthread.com,True,True,CsiI,,,,1a5fe5677b0e4fbbc854e8908225637d,96681175a9547081bf3d417f1a572091,http/1.1,,3314.803433,10.0.2.15,60180,104.20.27.223,443,tcp,19.69755499999974,983.0,183.0,SF,True,False,0,ShADadTfF,8,1312,9,547,ssl,0
3313.102674,CP6OXpXWH66zuBVe6,10.0.2.15,60169,216.137.61.121,443,TLSv12,TLS_ECDHE_RSA_WITH_AES_128_GCM_SHA256,,d2w3zkq33l1i26.cloudfront.net,True,True,CsiI,,,,1a5fe5677b0e4fbbc854e8908225637d,d199ba0af2b08e204c73d6d81a1fd260,http/1.1,,3310.094843,10.0.2.15,60169,216.137.61.121,443,tcp,138.81977899999993,936.0,261844.0,SF,True,False,0,ShADadTfF,131,6192,291,273488,ssl,0
3305.641151,Cxq7dt3K0cPeSpG1Hl,10.0.2.15,60149,151.101.112.133,443,TLSv12,TLS_ECDHE_RSA_WITH_AES_128_GCM_SHA256,secp256r1,lipis.github.io,False,True,CsxuknGIti,"['d25d74b6e9af00715a4e5db82670492a0a6b910dc2febaf6bfa860c71437548f', '19400be5b7a31fb733917700789d2f0a2471c0c9d506c0e504c06c16d7cb17c0']",[],1.0,0ffee3ba8e615ad22535e7f771690a28,860fcf58fd757e26aa8911e5eaff6b53,http/1.1,,3304.547964,10.0.2.15,60149,151.101.112.133,443,tcp,139.9280550000003,717.0,8851.0,RSTO,True,False,0,ShADadTTFR,26,1777,28,9975,ssl,0
3308.639308,CSfuNA4pOh215WGGL9,10.0.2.15,60142,172.217.23.227,443,TLSv12,TLS_ECDHE_ECDSA_WITH_AES_128_GCM_SHA256,,fonts.gstatic.com,True,True,CsiI,,,,1a5fe5677b0e4fbbc854e8908225637d,c23237dbea656869600e48dfbd00ab7b,h2,,3308.451768,10.0.2.15,60142,172.217.23.227,443,tcp,14.642749000000094,1122.0,156.0,SF,True,False,0,^hADaTdfF,10,1523,11,600,ssl,0
3306.378423,CbH2h64qToivKESjwj,10.0.2.15,60139,216.137.61.20,443,TLSv12,TLS_ECDHE_RSA_WITH_AES_128_GCM_SHA256,secp256r1,d31qbv1cthcecs.cloudfront.net,False,True,CsxuknGIti,"['90c0937808b31877df6c4a5c743c99325d974624be3735faa5078cf73d4fd205', 'eae72eb454bf6c3977ebd289e970b2f5282949190093d0d26f98d0f0d6a9cf17']",[],1.0,0ffee3ba8e615ad22535e7f771690a28,76cc3e2d3028143b23ec18e27dbd7ca9,http/1.1,,3301.961837,10.0.2.15,60139,216.137.61.20,443,tcp,124.16358900000024,1152.0,6029.0,RSTO,True,False,0,ShADadTTFR,23,2098,24,6993,ssl,0
3305.63951,CAUWpe4oJNBV99Gqg4,10.0.2.15,60148,94.31.29.55,443,TLSv12,TLS_ECDHE_RSA_WITH_AES_128_GCM_SHA256,secp256r1,netdna.bootstrapcdn.com,False,True,CsxknGIti,"['dc5627a252c252d6d6f680d52001ccf439f2ff2633c9f766d6d5ab6e85ee6433', 'e6683e88315cd1cb403c0cea490f7c4b4c82c91cd485037489aadbaa90839f61']",[],1.0,0ffee3ba8e615ad22535e7f771690a28,8d2a028aa94425f76ced7826b1f39039,h2,,3304.546651,10.0.2.15,60148,94.31.29.55,443,tcp,87.70216699999992,583.0,3303.0,SF,True,False,0,ShADadFf,12,1071,13,3827,ssl,0
3319.136003,CDeYro1jABq37BE3Mi,10.0.2.15,60177,104.20.27.223,443,TLSv12,TLS_ECDHE_ECDSA_WITH_AES_128_GCM_SHA256,,www.viralthread.com,True,True,CsiI,,,,1a5fe5677b0e4fbbc854e8908225637d,96681175a9547081bf3d417f1a572091,http/1.1,,3318.985213,10.0.2.15,60177,104.20.27.223,443,tcp,28.537088999999924,2245.0,56592.0,RSTO,True,False,0,^hADadFR,37,3725,67,59276,ssl,0
3319.137086,CP5uDW37LTOwIBycSj,10.0.2.15,60178,216.137.61.121,443,TLSv12,TLS_ECDHE_RSA_WITH_AES_128_GCM_SHA256,,d2w3zkq33l1i26.cloudfront.net,True,True,CsiI,,,,1a5fe5677b0e4fbbc854e8908225637d,d199ba0af2b08e204c73d6d81a1fd260,http/1.1,,3319.045101,10.0.2.15,60178,216.137.61.121,443,tcp,128.3505879999998,952.0,337805.0,SF,True,False,0,^hADadTfF,165,7560,364,352369,ssl,0
3320.125613,CGs3rX2pfT4VzuMXdh,10.0.2.15,60183,159.253.146.101,443,TLSv12,TLS_ECDHE_RSA_WITH_AES_256_GCM_SHA384,,c.fqtag.com,True,True,CsiI,,,,0ffee3ba8e615ad22535e7f771690a28,410b9bedaf65dd26c6fe547154d60db4,http/1.1,,3316.908232,10.0.2.15,60183,159.253.146.101,443,tcp,8.679865999999947,715.0,152.0,SF,True,False,0,ShADadfF,8,1043,8,476,ssl,0
3320.293519,CYkAOf2qQi8iWCgwc7,10.0.2.15,60184,159.253.146.101,443,TLSv12,TLS_ECDHE_RSA_WITH_AES_256_GCM_SHA384,,c.fqtag.com,True,True,CsiI,,,,0ffee3ba8e615ad22535e7f771690a28,410b9bedaf65dd26c6fe547154d60db4,http/1.1,,3317.173048,10.0.2.15,60184,159.253.146.101,443,tcp,9.867866000000047,302.0,152.0,SF,True,False,0,ShADadFf,7,590,7,436,ssl,0
3323.55847,Cs2rNP2esFc5z0Wp81,10.0.2.15,60187,17.36.193.58,443,TLSv12,TLS_RSA_WITH_AES_128_CBC_SHA,,setup.icloud.com,True,True,CsiI,,,,0ffee3ba8e615ad22535e7f771690a28,573a9f3f80037fb40d481e2054def5bb,,,3319.843458,10.0.2.15,60187,17.36.193.58,443,tcp,14.082952000000205,870.0,1238.0,SF,True,False,0,ShADadFf,10,1286,10,1642,ssl,0
3308.65495,C0OoRD2nqqMfnLHkZi,10.0.2.15,60143,108.161.188.209,443,TLSv12,TLS_ECDHE_RSA_WITH_AES_128_GCM_SHA256,secp256r1,code.ionicframework.com,False,True,CsxuknGIti,"['4f97ad2ff73299f5651d853c1e2aafcf4830725ee6b633ef096511d5716992bb', 'ee793643199474ed60efdc8ccde4d37445921683593aa751bbf8ee491a391e97', 'ebd41040e4bb3ec742c9e381d31ef2a41a48b6685c96e7cef3c1df6cd4331c99']",[],1.0,0ffee3ba8e615ad22535e7f771690a28,49b45fc1ab090aa3a159778313fc9b9e,h2,,3308.474332,10.0.2.15,60143,108.161.188.209,443,tcp,18.20631100000037,535.0,6166.0,RSTO,True,False,0,^hADaTdFR,13,1056,16,6810,ssl,0
3325.6287,CLw4a53cVb0mt3zE1c,10.0.2.15,60190,17.36.193.58,443,TLSv12,TLS_RSA_WITH_AES_128_CBC_SHA,,setup.icloud.com,True,True,CsiI,,,,0ffee3ba8e615ad22535e7f771690a28,573a9f3f80037fb40d481e2054def5bb,,,3324.171727,10.0.2.15,60190,17.36.193.58,443,tcp,10.61189000000013,353.0,161.0,SF,True,False,0,ShADadFf,8,681,8,485,ssl,0
3308.653975,CDq6ta2vwxfB1CIiE1,10.0.2.15,60158,50.121.73.21,443,,,,frontier.com,False,False,C,,,,0ffee3ba8e615ad22535e7f771690a28,,,,3305.642426,10.0.2.15,60158,50.121.73.21,443,tcp,17.585863000000245,221.0,0.0,SF,True,False,0,ShADaTfF,6,470,5,204,ssl,0
3308.657469,CCSnoX18rdKEsI8Z3,10.0.2.15,60160,50.121.73.21,443,,,,frontier.com,False,False,C,,,,0ffee3ba8e615ad22535e7f771690a28,,,,3305.64409,10.0.2.15,60160,50.121.73.21,443,tcp,17.58486300000004,221.0,0.0,SF,True,False,0,ShADaTfF,6,470,5,204,ssl,0
3308.634006,CtcEYD30Qd5oR7iuNe,10.0.2.15,60159,50.121.73.21,443,,,,frontier.com,False,False,C,,,,0ffee3ba8e615ad22535e7f771690a28,,,,3305.643367,10.0.2.15,60159,50.121.73.21,443,tcp,17.585983999999826,221.0,0.0,SF,True,False,0,ShADaTfF,6,470,5,204,ssl,0
3327.712593,CiMUqZ3PpLTyQ1b3qi,10.0.2.15,60197,50.121.73.21,443,TLSv12,TLS_DHE_RSA_WITH_AES_256_CBC_SHA,,frontier.com,True,True,CsiI,,,,0ffee3ba8e615ad22535e7f771690a28,38759e3bb980b0ca6bf7f22837b8582f,,,3325.615971,10.0.2.15,60197,50.121.73.21,443,tcp,230.1793829999997,6721.0,40227.0,SF,True,False,0,ShADadTTfF,53,8869,67,42911,ssl,0
3327.828605,Csq031104QkpjcZYw7,10.0.2.15,60198,50.121.73.21,443,TLSv12,TLS_DHE_RSA_WITH_AES_256_CBC_SHA,,frontier.com,True,True,CsiI,,,,0ffee3ba8e615ad22535e7f771690a28,38759e3bb980b0ca6bf7f22837b8582f,,,3325.622626,10.0.2.15,60198,50.121.73.21,443,tcp,228.37484399999997,6785.0,6660.0,SF,True,False,0,ShADadTTfF,39,8373,43,8384,ssl,0
3327.831678,CPS0bl1dkVEpu9KHcf,10.0.2.15,60196,50.121.73.21,443,TLSv12,TLS_DHE_RSA_WITH_AES_256_CBC_SHA,,frontier.com,True,True,CsiI,,,,0ffee3ba8e615ad22535e7f771690a28,38759e3bb980b0ca6bf7f22837b8582f,,,3325.614207,10.0.2.15,60196,50.121.73.21,443,tcp,228.98590999999988,8358.0,35251.0,SF,True,False,0,ShADadTTfF,52,10465,65,37855,ssl,0
3326.364768,Cn3QrU7lGBqq6KGeh,10.0.2.15,60191,216.137.61.202,443,TLSv12,TLS_ECDHE_RSA_WITH_AES_128_GCM_SHA256,secp256r1,d5nxst8fruw4z.cloudfront.net,False,True,CsxuknGIti,"['90c0937808b31877df6c4a5c743c99325d974624be3735faa5078cf73d4fd205', 'eae72eb454bf6c3977ebd289e970b2f5282949190093d0d26f98d0f0d6a9cf17']",[],1.0,0ffee3ba8e615ad22535e7f771690a28,76cc3e2d3028143b23ec18e27dbd7ca9,http/1.1,,3324.985742,10.0.2.15,60191,216.137.61.202,443,tcp,129.25917500000014,1126.0,5786.0,SF,True,False,0,ShADadTTfF,22,2025,24,6750,ssl,0
3329.663343,CYIY7n3w7ebXz7mdId,10.0.2.15,60199,159.253.146.101,443,TLSv12,TLS_ECDHE_RSA_WITH_AES_256_GCM_SHA384,,c.fqtag.com,True,True,CsiI,,,,0ffee3ba8e615ad22535e7f771690a28,410b9bedaf65dd26c6fe547154d60db4,http/1.1,,3325.855919,10.0.2.15,60199,159.253.146.101,443,tcp,9.078575,302.0,152.0,SF,True,False,0,ShADadfF,8,638,7,436,ssl,0
3326.49738,Cdj5hf3fROKKjP4an6,10.0.2.15,60192,216.137.61.202,443,TLSv12,TLS_ECDHE_RSA_WITH_AES_128_GCM_SHA256,secp256r1,d5nxst8fruw4z.cloudfront.net,False,True,CsxuknGIti,"['90c0937808b31877df6c4a5c743c99325d974624be3735faa5078cf73d4fd205', 'eae72eb454bf6c3977ebd289e970b2f5282949190093d0d26f98d0f0d6a9cf17']",[],1.0,0ffee3ba8e615ad22535e7f771690a28,76cc3e2d3028143b23ec18e27dbd7ca9,http/1.1,,3324.988546,10.0.2.15,60192,216.137.61.202,443,tcp,8.593074999999772,331.0,5199.0,RSTO,True,False,0,ShADadFR,8,659,9,5563,ssl,0
3330.025483,CegTj61ZVDgucTEGCi,10.0.2.15,60200,50.121.73.21,443,TLSv12,TLS_DHE_RSA_WITH_AES_256_CBC_SHA,,frontier.com,True,True,CsiI,,,,0ffee3ba8e615ad22535e7f771690a28,38759e3bb980b0ca6bf7f22837b8582f,,,3325.873832,10.0.2.15,60200,50.121.73.21,443,tcp,14.7778559999997,1938.0,161.0,SF,True,False,0,ShADadfF,10,2354,9,525,ssl,0
3330.108803,Czxbhh1RC4Ifwgg2ef,10.0.2.15,60202,50.121.73.21,443,TLSv12,TLS_DHE_RSA_WITH_AES_256_CBC_SHA,,frontier.com,True,True,CsiI,,,,0ffee3ba8e615ad22535e7f771690a28,38759e3bb980b0ca6bf7f22837b8582f,,,3325.88193,10.0.2.15,60202,50.121.73.21,443,tcp,14.893121999999948,1938.0,161.0,SF,True,False,0,ShADadfF,10,2354,9,525,ssl,0
3325.952009,Chs7Se37yRz5MqD1ob,10.0.2.15,60189,54.171.13.9,443,TLSv12,TLS_ECDHE_RSA_WITH_AES_128_GCM_SHA256,secp256r1,api.permutive.com,False,True,CsxknGIi,"['84e009cd774ac41c504d4daf4fc88698d363ea84833bdb06c781d574ef7d5020', '154c433c491929c5ef686e838e323664a00e6a0d822ccc958fb4dab03e49a08f']",[],1.0,0ffee3ba8e615ad22535e7f771690a28,303951d4c50efb2e991652225a6f02b1,,,3321.778852,10.0.2.15,60189,54.171.13.9,443,tcp,27.68446700000004,1739.0,4373.0,RSTO,True,False,0,ShADadFR,14,2315,15,4977,ssl,0
3330.109997,CW1chL0cx33jBAq2e,10.0.2.15,60201,50.121.73.21,443,TLSv12,TLS_DHE_RSA_WITH_AES_256_CBC_SHA,,frontier.com,True,True,CsiI,,,,0ffee3ba8e615ad22535e7f771690a28,38759e3bb980b0ca6bf7f22837b8582f,,,3325.875614,10.0.2.15,60201,50.121.73.21,443,tcp,16.51943799999981,1938.0,161.0,SF,True,False,0,ShADadfF,10,2354,9,525,ssl,0
3327.690843,C8YIIr4PLr5xAqh7mf,10.0.2.15,60195,159.253.146.101,443,TLSv12,TLS_ECDHE_RSA_WITH_AES_256_GCM_SHA384,,c.fqtag.com,True,True,CsiI,,,,0ffee3ba8e615ad22535e7f771690a28,410b9bedaf65dd26c6fe547154d60db4,http/1.1,,3325.594147,10.0.2.15,60195,159.253.146.101,443,tcp,9.602330000000164,715.0,152.0,SF,True,False,0,ShADadfF,8,1043,8,476,ssl,0
3326.932979,Cq32aH1hDlIcLrwa86,10.0.2.15,60194,216.137.61.202,443,TLSv12,TLS_ECDHE_RSA_WITH_AES_128_GCM_SHA256,secp256r1,d5nxst8fruw4z.cloudfront.net,False,True,CsxuknGIti,"['90c0937808b31877df6c4a5c743c99325d974624be3735faa5078cf73d4fd205', 'eae72eb454bf6c3977ebd289e970b2f5282949190093d0d26f98d0f0d6a9cf17']",[],1.0,0ffee3ba8e615ad22535e7f771690a28,76cc3e2d3028143b23ec18e27dbd7ca9,http/1.1,,3325.452338,10.0.2.15,60194,216.137.61.202,443,tcp,9.114974000000077,331.0,5199.0,RSTO,True,False,0,ShADadFR,8,659,9,5563,ssl,0
3327.05903,CYQAin1SOgpiT4CEjd,10.0.2.15,60193,52.51.205.192,443,TLSv12,TLS_ECDHE_RSA_WITH_AES_128_GCM_SHA256,secp256r1,api.permutive.com,False,True,CsxknGIi,"['84e009cd774ac41c504d4daf4fc88698d363ea84833bdb06c781d574ef7d5020', '154c433c491929c5ef686e838e323664a00e6a0d822ccc958fb4dab03e49a08f']",[],1.0,0ffee3ba8e615ad22535e7f771690a28,303951d4c50efb2e991652225a6f02b1,,,3325.441987,10.0.2.15,60193,52.51.205.192,443,tcp,9.329224999999951,320.0,3010.0,RSTO,True,False,0,ShADadFR,8,648,8,3334,ssl,0
3335.527246,COsgkB1CFhehzOs74a,10.0.2.15,60213,159.253.146.101,443,TLSv12,TLS_ECDHE_RSA_WITH_AES_256_GCM_SHA384,,c.fqtag.com,True,True,CsiI,,,,0ffee3ba8e615ad22535e7f771690a28,410b9bedaf65dd26c6fe547154d60db4,http/1.1,,3335.442016,10.0.2.15,60213,159.253.146.101,443,tcp,5.843108999999913,684.0,1665.0,SF,True,False,0,ShADadfF,8,1012,10,2069,ssl,0
3333.66169,CA5Jgj883WLrVKFYb,10.0.2.15,60204,17.36.193.58,443,TLSv12,TLS_RSA_WITH_AES_128_CBC_SHA,,setup.icloud.com,True,True,CsiI,,,,0ffee3ba8e615ad22535e7f771690a28,573a9f3f80037fb40d481e2054def5bb,,,3333.652597,10.0.2.15,60204,17.36.193.58,443,tcp,132.71618200000012,870.0,1238.0,SF,True,False,0,^hADadTTFf,21,1722,22,2122,ssl,0
3334.199859,Ckw5PhrwGmP7JRcqd,10.0.2.15,60205,17.36.193.58,443,TLSv12,TLS_RSA_WITH_AES_128_CBC_SHA,,setup.icloud.com,True,True,CsiI,,,,0ffee3ba8e615ad22535e7f771690a28,573a9f3f80037fb40d481e2054def5bb,,,3334.12263,10.0.2.15,60205,17.36.193.58,443,tcp,16.562789000000066,353.0,161.0,SF,True,False,0,^hADadFTf,8,674,9,525,ssl,0
3339.350624,C1VoUE3EXYALblN5hb,10.0.2.15,60214,5.153.14.108,443,TLSv12,TLS_ECDHE_RSA_WITH_AES_256_GCM_SHA384,secp256r1,fqtag.com,False,True,CsxknGIi,"['09db740aa202db179913c37393d12305dd749c8ef7ad7cde57d7b79a7fa1d92b', 'bc3f03a436240edba5f83714f6f677e34b37f9b1f0c08c1e558d981e279e8209', '3c35cc963eb004451323d3275d05b353235053490d9cd83729a2faf5e7ca1cc0']",[],1.0,0ffee3ba8e615ad22535e7f771690a28,1c9537b8108487575f2043b84071412d,http/1.1,,3337.555844,10.0.2.15,60214,5.153.14.108,443,tcp,7.633664999999837,312.0,3686.0,RSTO,True,False,0,ShADadFR,8,640,8,4010,ssl,0
3339.358755,CmKXMP23wyHlaMVZy8,10.0.2.15,60215,5.153.14.108,443,TLSv12,TLS_ECDHE_RSA_WITH_AES_256_GCM_SHA384,secp256r1,fqtag.com,False,True,CsxknGIi,"['09db740aa202db179913c37393d12305dd749c8ef7ad7cde57d7b79a7fa1d92b', 'bc3f03a436240edba5f83714f6f677e34b37f9b1f0c08c1e558d981e279e8209', '3c35cc963eb004451323d3275d05b353235053490d9cd83729a2faf5e7ca1cc0']",[],1.0,0ffee3ba8e615ad22535e7f771690a28,1c9537b8108487575f2043b84071412d,http/1.1,,3337.55747,10.0.2.15,60215,5.153.14.108,443,tcp,7.756159000000025,312.0,3686.0,RSTO,True,False,0,ShADadFR,8,640,8,4010,ssl,0
3343.360857,Ch7whHjycB46WOtf8,10.0.2.15,60217,5.153.14.108,443,TLSv12,TLS_ECDHE_RSA_WITH_AES_256_GCM_SHA384,secp256r1,fqtag.com,False,True,CsxknGIi,"['09db740aa202db179913c37393d12305dd749c8ef7ad7cde57d7b79a7fa1d92b', 'bc3f03a436240edba5f83714f6f677e34b37f9b1f0c08c1e558d981e279e8209', '3c35cc963eb004451323d3275d05b353235053490d9cd83729a2faf5e7ca1cc0']",[],1.0,0ffee3ba8e615ad22535e7f771690a28,1c9537b8108487575f2043b84071412d,http/1.1,,3338.787591,10.0.2.15,60217,5.153.14.108,443,tcp,11.83150300000034,312.0,3958.0,SF,True,False,0,ShADadfF,11,768,13,4482,ssl,0
3343.581304,CaCBEw19U2y1pr1Ic4,10.0.2.15,60222,5.153.14.108,443,TLSv12,TLS_ECDHE_RSA_WITH_AES_256_GCM_SHA384,secp256r1,fqtag.com,False,True,CsxknGIi,"['09db740aa202db179913c37393d12305dd749c8ef7ad7cde57d7b79a7fa1d92b', 'bc3f03a436240edba5f83714f6f677e34b37f9b1f0c08c1e558d981e279e8209', '3c35cc963eb004451323d3275d05b353235053490d9cd83729a2faf5e7ca1cc0']",[],1.0,0ffee3ba8e615ad22535e7f771690a28,1c9537b8108487575f2043b84071412d,http/1.1,,3339.041266,10.0.2.15,60222,5.153.14.108,443,tcp,12.223684999999932,343.0,3958.0,SF,True,False,0,ShADadFfRr,12,839,14,4522,ssl,0
3343.380801,C7JVcw3GemszJfqofg,10.0.2.15,60216,5.153.14.108,443,TLSv12,TLS_ECDHE_RSA_WITH_AES_256_GCM_SHA384,secp256r1,fqtag.com,False,True,CsxknGIi,"['09db740aa202db179913c37393d12305dd749c8ef7ad7cde57d7b79a7fa1d92b', 'bc3f03a436240edba5f83714f6f677e34b37f9b1f0c08c1e558d981e279e8209', '3c35cc963eb004451323d3275d05b353235053490d9cd83729a2faf5e7ca1cc0']",[],1.0,0ffee3ba8e615ad22535e7f771690a28,1c9537b8108487575f2043b84071412d,http/1.1,,3338.785907,10.0.2.15,60216,5.153.14.108,443,tcp,13.07878299999993,343.0,3958.0,SF,True,False,0,ShADadFfRr,12,839,12,4442,ssl,0
3307.878571,CYTRcn1FPAjisBoPX9,10.0.2.15,60157,108.161.188.209,443,TLSv12,TLS_ECDHE_RSA_WITH_AES_128_GCM_SHA256,secp256r1,code.ionicframework.com,False,True,CsxuknGIti,"['4f97ad2ff73299f5651d853c1e2aafcf4830725ee6b633ef096511d5716992bb', 'ee793643199474ed60efdc8ccde4d37445921683593aa751bbf8ee491a391e97', 'ebd41040e4bb3ec742c9e381d31ef2a41a48b6685c96e7cef3c1df6cd4331c99']",[],1.0,0ffee3ba8e615ad22535e7f771690a28,49b45fc1ab090aa3a159778313fc9b9e,h2,,3305.633666,10.0.2.15,60157,108.161.188.209,443,tcp,316.4507669999998,1301.0,308736.0,SF,True,False,0,ShADadFf,164,7869,340,322340,ssl,0
3348.11682,Cfx5Kl2jQopgjuFHbf,10.0.2.15,60232,104.20.27.223,443,TLSv12,TLS_ECDHE_ECDSA_WITH_AES_128_GCM_SHA256,,www.viralthread.com,True,True,CsiI,,,,1a5fe5677b0e4fbbc854e8908225637d,96681175a9547081bf3d417f1a572091,http/1.1,,3347.288256,10.0.2.15,60232,104.20.27.223,443,tcp,7.81728000000021,599.0,152.0,SF,True,False,0,ShADadFf,8,927,7,436,ssl,0
3348.101415,CxdoNQ3IvxFI65SObd,10.0.2.15,60231,104.20.27.223,443,TLSv12,TLS_ECDHE_ECDSA_WITH_AES_128_GCM_SHA256,,www.viralthread.com,True,True,CsiI,,,,1a5fe5677b0e4fbbc854e8908225637d,96681175a9547081bf3d417f1a572091,http/1.1,,3347.287355,10.0.2.15,60231,104.20.27.223,443,tcp,74.87281600000006,3013.0,853218.0,RSTR,True,False,0,ShADadTWRr,395,18823,892,888902,ssl,0
3348.025102,CwaolE1SGyHqyT5yv4,10.0.2.15,60230,104.20.27.223,443,TLSv12,TLS_ECDHE_ECDSA_WITH_AES_128_GCM_SHA256,,www.viralthread.com,True,True,CsiI,,,,1a5fe5677b0e4fbbc854e8908225637d,96681175a9547081bf3d417f1a572091,http/1.1,,3347.286771,10.0.2.15,60230,104.20.27.223,443,tcp,74.87077499999987,3698.0,585568.0,RSTR,True,False,0,ShADadTRr,298,15628,666,612212,ssl,0
3348.131581,ClANjufye6LL6Pvh3,10.0.2.15,60233,104.20.27.223,443,TLSv12,TLS_ECDHE_ECDSA_WITH_AES_128_GCM_SHA256,,www.viralthread.com,True,True,CsiI,,,,1a5fe5677b0e4fbbc854e8908225637d,96681175a9547081bf3d417f1a572091,http/1.1,,3347.292503,10.0.2.15,60233,104.20.27.223,443,tcp,7.835446999999931,599.0,152.0,SF,True,False,0,ShADadFf,7,887,7,436,ssl,0
3347.707017,CoxTAr1EtejhieUt97,10.0.2.15,60229,17.171.11.86,443,TLSv12,TLS_RSA_WITH_AES_128_CBC_SHA,,idmsa.apple.com,False,True,CsxnGIi,"['bb1e969717e62c73ecda58c76ab0b96354b10c70df57b0b7fa6c262bec3b676d', '9e6bc5f9ecc52460e8edc02c644d1be1cb9f2316f41daf3b616a0b2058294b31', '8420dfbe376f414bf4c0a81e6936d24ccc03f304835b86c7a39142fca723a689']",[],1.0,0ffee3ba8e615ad22535e7f771690a28,573a9f3f80037fb40d481e2054def5bb,,,3346.686757,10.0.2.15,60229,17.171.11.86,443,tcp,8.314056000000164,587.0,4594.0,SF,True,False,0,ShADadFf,11,1035,14,5158,ssl,0
3347.705006,CZaJDQ3m2pyjkiUKM9,10.0.2.15,60228,17.171.11.86,443,TLSv12,TLS_RSA_WITH_AES_128_CBC_SHA,,idmsa.apple.com,False,True,CsxnGIi,"['bb1e969717e62c73ecda58c76ab0b96354b10c70df57b0b7fa6c262bec3b676d', '9e6bc5f9ecc52460e8edc02c644d1be1cb9f2316f41daf3b616a0b2058294b31', '8420dfbe376f414bf4c0a81e6936d24ccc03f304835b86c7a39142fca723a689']",[],1.0,0ffee3ba8e615ad22535e7f771690a28,573a9f3f80037fb40d481e2054def5bb,,,3346.560293,10.0.2.15,60228,17.171.11.86,443,tcp,238.40986500000008,5545.0,17354.0,SF,True,False,0,ShADadTTFf,44,7333,52,19438,ssl,0
3349.40963,C1GS6jRzkOoyz52Sh,10.0.2.15,60241,104.20.27.223,443,TLSv12,TLS_ECDHE_ECDSA_WITH_AES_128_GCM_SHA256,,www.viralthread.com,True,True,CsiI,,,,1a5fe5677b0e4fbbc854e8908225637d,96681175a9547081bf3d417f1a572091,http/1.1,,3347.977013,10.0.2.15,60241,104.20.27.223,443,tcp,8.691176999999698,599.0,152.0,SF,True,False,0,ShADadFf,7,887,7,436,ssl,0
3349.408296,CJ6E161ld3SxmGmKKg,10.0.2.15,60242,104.20.27.223,443,TLSv12,TLS_ECDHE_ECDSA_WITH_AES_128_GCM_SHA256,,www.viralthread.com,True,True,CsiI,,,,1a5fe5677b0e4fbbc854e8908225637d,96681175a9547081bf3d417f1a572091,http/1.1,,3347.978607,10.0.2.15,60242,104.20.27.223,443,tcp,8.691796999999951,599.0,152.0,SF,True,False,0,ShADadFf,7,887,7,436,ssl,0
3349.404925,CR6HdM2Mco2HTBu8ni,10.0.2.15,60238,52.51.205.192,443,TLSv12,TLS_ECDHE_RSA_WITH_AES_128_GCM_SHA256,secp256r1,api.permutive.com,False,True,CsxknGIi,"['84e009cd774ac41c504d4daf4fc88698d363ea84833bdb06c781d574ef7d5020', '154c433c491929c5ef686e838e323664a00e6a0d822ccc958fb4dab03e49a08f']",[],1.0,0ffee3ba8e615ad22535e7f771690a28,303951d4c50efb2e991652225a6f02b1,,,3347.709437,10.0.2.15,60238,52.51.205.192,443,tcp,74.5543889999999,6752.0,7049.0,RSTR,True,False,0,ShADadTFRr,25,7765,26,8093,ssl,0
3352.17185,CKlnjb27g9t7oiE3f5,10.0.2.15,60249,52.51.205.192,443,TLSv12,TLS_ECDHE_RSA_WITH_AES_128_GCM_SHA256,secp256r1,api.permutive.com,False,True,CsxknGIi,"['84e009cd774ac41c504d4daf4fc88698d363ea84833bdb06c781d574ef7d5020', '154c433c491929c5ef686e838e323664a00e6a0d822ccc958fb4dab03e49a08f']",[],1.0,0ffee3ba8e615ad22535e7f771690a28,303951d4c50efb2e991652225a6f02b1,,,3349.542494,10.0.2.15,60249,52.51.205.192,443,tcp,9.657226000000264,351.0,3041.0,SF,True,False,0,ShADadFfRr,11,799,13,3565,ssl,0
3350.990974,CgztTA2XOjluCCUIF9,10.0.2.15,60223,5.153.14.108,443,TLSv12,TLS_ECDHE_RSA_WITH_AES_256_GCM_SHA384,,fqtag.com,True,True,CsiI,,,,0ffee3ba8e615ad22535e7f771690a28,410b9bedaf65dd26c6fe547154d60db4,http/1.1,,3348.093955,10.0.2.15,60223,5.153.14.108,443,tcp,10.552879000000305,300.0,399.0,SF,True,False,0,ShADadFfRr,8,628,9,763,ssl,0
3356.907372,C8aedlwdbb3ahC2mh,10.0.2.15,60256,23.74.164.177,443,TLSv12,TLS_ECDHE_RSA_WITH_AES_256_CBC_SHA,secp256r1,appleid.cdn-apple.com,False,True,CsxknGIti,"['9647852ce7226b2487e754675efd192b58859ba0705e4770d541054d27b661b2', '9e6bc5f9ecc52460e8edc02c644d1be1cb9f2316f41daf3b616a0b2058294b31', '8420dfbe376f414bf4c0a81e6936d24ccc03f304835b86c7a39142fca723a689']",[],1.0,0ffee3ba8e615ad22535e7f771690a28,fe287a22c1814c37634a40cc81430145,http/1.1,,3355.698079,10.0.2.15,60256,23.74.164.177,443,tcp,8.315429000000222,401.0,5148.0,SF,True,False,0,ShADadFfRr,11,849,13,5672,ssl,0
3356.887236,CFSpvwJRSrStzbqD4,10.0.2.15,60254,23.74.164.177,443,TLSv12,TLS_ECDHE_RSA_WITH_AES_256_CBC_SHA,secp256r1,appleid.cdn-apple.com,False,True,CsxknGIti,"['9647852ce7226b2487e754675efd192b58859ba0705e4770d541054d27b661b2', '9e6bc5f9ecc52460e8edc02c644d1be1cb9f2316f41daf3b616a0b2058294b31', '8420dfbe376f414bf4c0a81e6936d24ccc03f304835b86c7a39142fca723a689']",[],1.0,0ffee3ba8e615ad22535e7f771690a28,fe287a22c1814c37634a40cc81430145,http/1.1,,3355.693065,10.0.2.15,60254,23.74.164.177,443,tcp,131.97064200000025,854.0,6892.0,SF,True,False,0,ShADadTTFf,23,1794,26,7936,ssl,0
3356.939776,CcpsiA4HKYbHOJiYta,10.0.2.15,60258,23.74.203.65,443,TLSv12,TLS_ECDHE_RSA_WITH_AES_256_GCM_SHA384,secp256r1,www.apple.com,False,True,CsxknGIti,"['80b0a7f188adcbdc14a5fbe1bda5195963356374c63b84090e520fa448981b2d', '9e6bc5f9ecc52460e8edc02c644d1be1cb9f2316f41daf3b616a0b2058294b31']",[],1.0,0ffee3ba8e615ad22535e7f771690a28,2b33c1374db4ddf06942f92373c0b54b,http/1.1,,3355.783619,10.0.2.15,60258,23.74.203.65,443,tcp,131.97283500000003,811.0,4826.0,SF,True,False,0,ShADadTTFfRr,25,1831,26,5870,ssl,0
3356.912723,CogbYk3cyLZ06XDiOb,10.0.2.15,60255,23.74.164.177,443,TLSv12,TLS_ECDHE_RSA_WITH_AES_256_CBC_SHA,secp256r1,appleid.cdn-apple.com,False,True,CsxknGIti,"['9647852ce7226b2487e754675efd192b58859ba0705e4770d541054d27b661b2', '9e6bc5f9ecc52460e8edc02c644d1be1cb9f2316f41daf3b616a0b2058294b31', '8420dfbe376f414bf4c0a81e6936d24ccc03f304835b86c7a39142fca723a689']",[],1.0,0ffee3ba8e615ad22535e7f771690a28,fe287a22c1814c37634a40cc81430145,http/1.1,,3355.696573,10.0.2.15,60255,23.74.164.177,443,tcp,8.805480999999872,401.0,5148.0,SF,True,False,0,ShADadFfRr,11,849,13,5672,ssl,0
3356.850106,CJUoNz158kpPo8Bsx7,10.0.2.15,60253,23.74.164.177,443,TLSv12,TLS_ECDHE_RSA_WITH_AES_256_CBC_SHA,secp256r1,appleid.cdn-apple.com,False,True,CsxknGIti,"['9647852ce7226b2487e754675efd192b58859ba0705e4770d541054d27b661b2', '9e6bc5f9ecc52460e8edc02c644d1be1cb9f2316f41daf3b616a0b2058294b31', '8420dfbe376f414bf4c0a81e6936d24ccc03f304835b86c7a39142fca723a689']",[],1.0,0ffee3ba8e615ad22535e7f771690a28,fe287a22c1814c37634a40cc81430145,http/1.1,,3355.691343,10.0.2.15,60253,23.74.164.177,443,tcp,169.83378399999992,1776.0,190129.0,SF,True,False,0,ShADadTTFf,130,6997,247,200013,ssl,0
3356.947925,Cox1sJ2swiS1uFDa03,10.0.2.15,60257,23.74.203.65,443,TLSv12,TLS_ECDHE_RSA_WITH_AES_256_GCM_SHA384,secp256r1,www.apple.com,False,True,CsxknGIti,"['80b0a7f188adcbdc14a5fbe1bda5195963356374c63b84090e520fa448981b2d', '9e6bc5f9ecc52460e8edc02c644d1be1cb9f2316f41daf3b616a0b2058294b31']",[],1.0,0ffee3ba8e615ad22535e7f771690a28,2b33c1374db4ddf06942f92373c0b54b,http/1.1,,3355.780705,10.0.2.15,60257,23.74.203.65,443,tcp,9.668283999999858,347.0,3754.0,RSTO,True,False,0,ShADadFR,10,755,10,4158,ssl,0
3359.306105,CVcWeu25t0FXyGRDxa,10.0.2.15,60266,172.217.23.238,443,TLSv12,TLS_ECDHE_RSA_WITH_AES_128_GCM_SHA256,,www.google-analytics.com,True,True,CsiI,,,,1a5fe5677b0e4fbbc854e8908225637d,67619a80665d7ab92d1041b1d11f9164,h2,,3357.805831,10.0.2.15,60266,172.217.23.238,443,tcp,9.218051999999716,599.0,254.0,SF,True,False,0,ShADadFf,8,927,8,578,ssl,0
3358.225029,COmJD52NNY1UKWSH1a,10.0.2.15,60259,23.74.164.177,443,TLSv12,TLS_ECDHE_RSA_WITH_AES_256_CBC_SHA,secp256r1,appleid.cdn-apple.com,False,True,CsxknGIti,"['9647852ce7226b2487e754675efd192b58859ba0705e4770d541054d27b661b2', '9e6bc5f9ecc52460e8edc02c644d1be1cb9f2316f41daf3b616a0b2058294b31', '8420dfbe376f414bf4c0a81e6936d24ccc03f304835b86c7a39142fca723a689']",[],1.0,0ffee3ba8e615ad22535e7f771690a28,fe287a22c1814c37634a40cc81430145,http/1.1,,3356.473897,10.0.2.15,60259,23.74.164.177,443,tcp,7.539556000000175,401.0,5148.0,SF,True,False,0,ShADadFfRr,11,849,13,5672,ssl,0
3358.404949,CsJsZu30nCDPbxFSeh,10.0.2.15,60260,23.74.164.177,443,TLSv12,TLS_ECDHE_RSA_WITH_AES_256_CBC_SHA,secp256r1,appleid.cdn-apple.com,False,True,CsxknGIti,"['9647852ce7226b2487e754675efd192b58859ba0705e4770d541054d27b661b2', '9e6bc5f9ecc52460e8edc02c644d1be1cb9f2316f41daf3b616a0b2058294b31', '8420dfbe376f414bf4c0a81e6936d24ccc03f304835b86c7a39142fca723a689']",[],1.0,0ffee3ba8e615ad22535e7f771690a28,fe287a22c1814c37634a40cc81430145,http/1.1,,3356.47701,10.0.2.15,60260,23.74.164.177,443,tcp,10.546934999999849,401.0,5148.0,SF,True,False,0,ShADadFfRr,11,849,13,5672,ssl,0
3358.406392,CSDTFg5du8cKI665g,10.0.2.15,60261,23.74.203.65,443,TLSv12,TLS_ECDHE_RSA_WITH_AES_256_GCM_SHA384,secp256r1,www.apple.com,False,True,CsxknGIti,"['80b0a7f188adcbdc14a5fbe1bda5195963356374c63b84090e520fa448981b2d', '9e6bc5f9ecc52460e8edc02c644d1be1cb9f2316f41daf3b616a0b2058294b31']",[],1.0,0ffee3ba8e615ad22535e7f771690a28,2b33c1374db4ddf06942f92373c0b54b,http/1.1,,3356.477645,10.0.2.15,60261,23.74.203.65,443,tcp,8.784607999999935,347.0,3754.0,SF,True,False,0,ShADadFfRr,11,795,12,4238,ssl,0
3359.00846,CJvut41Wp6VHFvnB5e,10.0.2.15,60262,54.192.93.155,443,TLSv12,TLS_ECDHE_RSA_WITH_AES_128_GCM_SHA256,secp256r1,native.sharethrough.com,False,True,CsxuknGIti,"['016adb8bf1adc1c6c272ebcf7e9afd3d3e5edf58d7c13536caef615154bbda38', '973a41276ffd01e027a2aad49e34c37846d3e976ff6a620b6712e33832041aa6', '3a2fbe92891e57fe05d57087f48e730f17e5a5f53ef403d618e5b74d7a7e6ecb', 'c3846bf24b9e93ca64274c0ec67c1ecc5e024ffcacd2d74019350e81fe546ae4']",[],1.0,0ffee3ba8e615ad22535e7f771690a28,76cc3e2d3028143b23ec18e27dbd7ca9,h2,,3357.17271,10.0.2.15,60262,54.192.93.155,443,tcp,29.812108999999964,877.0,76621.0,SF,True,False,0,ShADadFf,51,2925,91,80265,ssl,0
3359.305283,C4fqEp280hm6cUUEEa,10.0.2.15,60264,54.192.93.155,443,TLSv12,TLS_ECDHE_RSA_WITH_AES_128_GCM_SHA256,secp256r1,native.sharethrough.com,False,True,CsxuknGIti,"['016adb8bf1adc1c6c272ebcf7e9afd3d3e5edf58d7c13536caef615154bbda38', '973a41276ffd01e027a2aad49e34c37846d3e976ff6a620b6712e33832041aa6', '3a2fbe92891e57fe05d57087f48e730f17e5a5f53ef403d618e5b74d7a7e6ecb', 'c3846bf24b9e93ca64274c0ec67c1ecc5e024ffcacd2d74019350e81fe546ae4']",[],1.0,0ffee3ba8e615ad22535e7f771690a28,76cc3e2d3028143b23ec18e27dbd7ca9,h2,,3357.529823,10.0.2.15,60264,54.192.93.155,443,tcp,206.73770300000024,696.0,7446.0,SF,True,False,0,ShADadFf,19,1464,21,8290,ssl,0
3359.423794,CE9BwQ2lOrfzzvVhWl,10.0.2.15,60265,69.16.175.42,443,TLSv12,TLS_ECDHE_RSA_WITH_AES_128_GCM_SHA256,secp256r1,global.proper.io,False,True,CsxuknGIti,"['77ac9b9f56534062180d742dcd7779e0aa03a96d2d0c8560b034e1511de8eec1', 'e6683e88315cd1cb403c0cea490f7c4b4c82c91cd485037489aadbaa90839f61', '3c35cc963eb004451323d3275d05b353235053490d9cd83729a2faf5e7ca1cc0', '08297a4047dba23680c731db6e317653ca7848e1bebd3a0b0179a707f92cf178']",[],1.0,0ffee3ba8e615ad22535e7f771690a28,a9f50de6377ae7c6dbaabc53f089ac30,,,3357.530384,10.0.2.15,60265,69.16.175.42,443,tcp,9.486067999999705,350.0,6459.0,SF,True,False,0,ShADadFfRr,12,838,14,7023,ssl,0
3359.401642,Cx5JhA2OsylIeiZFef,10.0.2.15,60263,69.16.175.42,443,TLSv12,TLS_ECDHE_RSA_WITH_AES_128_GCM_SHA256,secp256r1,global.proper.io,False,True,CsxuknGIti,"['77ac9b9f56534062180d742dcd7779e0aa03a96d2d0c8560b034e1511de8eec1', 'e6683e88315cd1cb403c0cea490f7c4b4c82c91cd485037489aadbaa90839f61', '3c35cc963eb004451323d3275d05b353235053490d9cd83729a2faf5e7ca1cc0', '08297a4047dba23680c731db6e317653ca7848e1bebd3a0b0179a707f92cf178']",[],1.0,0ffee3ba8e615ad22535e7f771690a28,a9f50de6377ae7c6dbaabc53f089ac30,,,3357.207187,10.0.2.15,60263,69.16.175.42,443,tcp,13.481149000000189,691.0,60952.0,SF,True,False,0,ShADadfF,28,1819,59,63316,ssl,0
3361.822993,CCAAhI6tY59T06m22,10.0.2.15,60274,151.101.112.143,443,TLSv12,TLS_ECDHE_RSA_WITH_AES_128_GCM_SHA256,,www.upworthy.com,True,True,CsiI,,,,1a5fe5677b0e4fbbc854e8908225637d,1d0e57c6ae42e9204defa51e5e1cdc4c,http/1.1,,3360.426974,10.0.2.15,60274,151.101.112.143,443,tcp,11.804141000000072,599.0,191.0,SF,True,False,0,ShADadFfRr,8,927,9,555,ssl,0
3367.239183,CLea0S2IyJWkDXX4D7,10.0.2.15,60286,172.217.23.238,443,TLSv12,TLS_ECDHE_RSA_WITH_AES_128_GCM_SHA256,x25519,apis.google.com,False,True,CsxknGIti,"['60db1a0e0585e4ded4482713fe44b119971d4535489a302ea33ca305b774f781', '9f630426df1d8abfd80ace98871ba833ab9742cb34838de2b5285ed54c0c7dcc', '3c35cc963eb004451323d3275d05b353235053490d9cd83729a2faf5e7ca1cc0']",[],1.0,0ffee3ba8e615ad22535e7f771690a28,ab41313cfec25328b20865eb1388e0a2,h2,,3366.586785,10.0.2.15,60286,172.217.23.238,443,tcp,199.47421600000007,924.0,21497.0,SF,True,False,0,ShADadFf,32,2212,46,23341,ssl,0
3367.239933,CKqGYV3fP4affc8tn3,10.0.2.15,60285,172.217.23.238,443,TLSv12,TLS_ECDHE_RSA_WITH_AES_128_GCM_SHA256,x25519,apis.google.com,False,True,CsxknGIti,"['60db1a0e0585e4ded4482713fe44b119971d4535489a302ea33ca305b774f781', '9f630426df1d8abfd80ace98871ba833ab9742cb34838de2b5285ed54c0c7dcc', '3c35cc963eb004451323d3275d05b353235053490d9cd83729a2faf5e7ca1cc0']",[],1.0,0ffee3ba8e615ad22535e7f771690a28,ab41313cfec25328b20865eb1388e0a2,h2,,3366.58613,10.0.2.15,60285,172.217.23.238,443,tcp,6.83161199999995,525.0,3898.0,SF,True,False,0,ShADadFf,13,1053,14,4462,ssl,0
3367.472835,C9VvKT3W6G6Aq2qJM2,10.0.2.15,60281,151.101.112.143,443,TLSv12,TLS_ECDHE_RSA_WITH_AES_128_GCM_SHA256,secp256r1,www.upworthy.com,False,True,CsxuknGIti,"['52fc1597547a52e9a880d37a1a04ee0f9860516731ec316dab3ba7d3641678c4', '74ef335e5e18788307fb9d89cb704bec112abd23487dbff41c4ded5070f241d9']",[],1.0,0ffee3ba8e615ad22535e7f771690a28,860fcf58fd757e26aa8911e5eaff6b53,http/1.1,,3366.583581,10.0.2.15,60281,151.101.112.143,443,tcp,7.01004200000034,663.0,6599.0,SF,True,False,0,ShADadfF,10,1071,12,7083,ssl,0
3368.303583,CRc54V1l8dDNiMT9Fj,10.0.2.15,60290,151.101.112.143,443,TLSv12,TLS_ECDHE_RSA_WITH_AES_128_GCM_SHA256,secp256r1,www.upworthy.com,False,True,CsxuknGIti,"['52fc1597547a52e9a880d37a1a04ee0f9860516731ec316dab3ba7d3641678c4', '74ef335e5e18788307fb9d89cb704bec112abd23487dbff41c4ded5070f241d9']",[],1.0,0ffee3ba8e615ad22535e7f771690a28,860fcf58fd757e26aa8911e5eaff6b53,http/1.1,,3366.589457,10.0.2.15,60290,151.101.112.143,443,tcp,10.61034299999983,350.0,5809.0,RSTO,True,False,0,ShADadFR,11,798,14,6373,ssl,0
3367.468768,CcCZ4D2MWNBS4NWaq2,10.0.2.15,60282,95.101.241.136,443,TLSv12,TLS_ECDHE_RSA_WITH_AES_256_GCM_SHA384,secp256r1,cdn.optimizely.com,False,True,CsxuknGIti,"['66f2989ea8d8daad5f7510b047626245f8d89d5a9ad6afec0c9dec62f0de05e9', 'eae72eb454bf6c3977ebd289e970b2f5282949190093d0d26f98d0f0d6a9cf17', '8420dfbe376f414bf4c0a81e6936d24ccc03f304835b86c7a39142fca723a689']",[],1.0,0ffee3ba8e615ad22535e7f771690a28,9a31479427499ded4d3656a260298ec7,h2,,3366.584265,10.0.2.15,60282,95.101.241.136,443,tcp,199.60669899999996,903.0,87264.0,SF,True,False,0,ShADadFfRr,73,3831,130,92468,ssl,0
3371.623375,CgII8z2rls8PJB5K49,10.0.2.15,60319,151.101.112.143,443,TLSv12,TLS_ECDHE_RSA_WITH_AES_128_GCM_SHA256,,www.upworthy.com,True,True,CsiI,,,,1a5fe5677b0e4fbbc854e8908225637d,1d0e57c6ae42e9204defa51e5e1cdc4c,http/1.1,,3369.902983,10.0.2.15,60319,151.101.112.143,443,tcp,12.35330699999986,599.0,191.0,RSTO,True,False,0,ShADadFR,8,927,7,475,ssl,0
3369.16776,CDzgdZ2HXQkkW05ssh,10.0.2.15,60292,152.163.66.131,443,TLSv12,TLS_RSA_WITH_AES_128_CBC_SHA,,adserver.adtechus.com,False,True,CsxnGIi,"['44ece7e30b43e443909ae7a302f38efd8870eb688ae56b799946ce3cf62fbf0a', '3b0cc20384ad7f24eb438f2b80c63ebe003f7f215b8877e418ebb0484028db57', '6b143c2005d5539cc22eab5f772db2a9fe87467feffa07fcf0a9f7d28274ca7a']",[],1.0,0ffee3ba8e615ad22535e7f771690a28,5397c414a9ebeaff1bf18b70ca22eaa0,,,3366.802991,10.0.2.15,60292,152.163.66.131,443,tcp,25.95484099999976,1105.0,6529.0,SF,True,False,0,ShADadTfF,13,1634,18,7253,ssl,0
3371.456081,CMEPRd0HAykYYJSmg,10.0.2.15,60315,172.217.23.238,443,TLSv12,TLS_ECDHE_RSA_WITH_AES_128_GCM_SHA256,x25519,apis.google.com,False,True,CsxknGIti,"['60db1a0e0585e4ded4482713fe44b119971d4535489a302ea33ca305b774f781', '9f630426df1d8abfd80ace98871ba833ab9742cb34838de2b5285ed54c0c7dcc', '3c35cc963eb004451323d3275d05b353235053490d9cd83729a2faf5e7ca1cc0']",[],1.0,0ffee3ba8e615ad22535e7f771690a28,ab41313cfec25328b20865eb1388e0a2,h2,,3369.897866,10.0.2.15,60315,172.217.23.238,443,tcp,10.31183400000009,525.0,3898.0,RSTO,True,False,0,ShADadFR,13,1053,14,4462,ssl,0
3371.4619,COBhm11ACMpmHgn91e,10.0.2.15,60310,62.67.193.31,443,TLSv12,TLS_RSA_WITH_AES_256_CBC_SHA,,optimized-by.rubiconproject.com,False,True,CsxnGIi,"['323de379ee34a94e415f63b56183d0d5d0e5a863f4ac89f97dc40ae81cc021c8', '154c433c491929c5ef686e838e323664a00e6a0d822ccc958fb4dab03e49a08f']",[],1.0,0ffee3ba8e615ad22535e7f771690a28,0a917d753018dad73d9899ace370f8d8,,,3369.574265,10.0.2.15,60310,62.67.193.31,443,tcp,25.09291499999972,5168.0,9961.0,SF,True,False,0,ShADadFf,18,5896,23,10885,ssl,0
3371.466031,CcSxOF2JSR9UDicJlj,10.0.2.15,60308,62.67.193.31,443,TLSv12,TLS_RSA_WITH_AES_256_CBC_SHA,,optimized-by.rubiconproject.com,False,True,CsxnGIi,"['323de379ee34a94e415f63b56183d0d5d0e5a863f4ac89f97dc40ae81cc021c8', '154c433c491929c5ef686e838e323664a00e6a0d822ccc958fb4dab03e49a08f']",[],1.0,0ffee3ba8e615ad22535e7f771690a28,0a917d753018dad73d9899ace370f8d8,,,3369.560743,10.0.2.15,60308,62.67.193.31,443,tcp,25.22756900000013,5168.0,9913.0,SF,True,False,0,ShADadTFf,17,5857,20,10717,ssl,0
3371.475599,CTSXVq2mdHK3oJHvp5,10.0.2.15,60302,173.241.240.220,443,TLSv12,TLS_ECDHE_RSA_WITH_AES_128_GCM_SHA256,secp256r1,propermedia-d.openx.net,False,True,CsxknGIi,"['ab7de06ea7a3de3225f335667d38750434931049f9e9cb0cb4a9caf5df22819c', '074541ecdf88ed992ed5ade3ecddef27a26ba1b44480a195c0a8dadae2521d8e']",[],1.0,0ffee3ba8e615ad22535e7f771690a28,699a80bdb17efe157c861f92c5bf5d1d,,,3369.550846,10.0.2.15,60302,173.241.240.220,443,tcp,41.2913709999998,1024.0,3647.0,SF,True,False,0,ShADadTfF,12,1514,14,4211,ssl,0
3371.476155,Cvp9Ca3Dg4S0jb4uLg,10.0.2.15,60301,173.241.240.220,443,TLSv12,TLS_ECDHE_RSA_WITH_AES_128_GCM_SHA256,secp256r1,propermedia-d.openx.net,False,True,CsxknGIi,"['ab7de06ea7a3de3225f335667d38750434931049f9e9cb0cb4a9caf5df22819c', '074541ecdf88ed992ed5ade3ecddef27a26ba1b44480a195c0a8dadae2521d8e']",[],1.0,0ffee3ba8e615ad22535e7f771690a28,699a80bdb17efe157c861f92c5bf5d1d,,,3369.550153,10.0.2.15,60301,173.241.240.220,443,tcp,41.29265399999986,1024.0,3608.0,SF,True,False,0,ShADadTfF,12,1514,13,4132,ssl,0
3371.482675,CW1iqVAAlkHPJwdIc,10.0.2.15,60300,173.241.240.220,443,TLSv12,TLS_ECDHE_RSA_WITH_AES_128_GCM_SHA256,secp256r1,propermedia-d.openx.net,False,True,CsxknGIi,"['ab7de06ea7a3de3225f335667d38750434931049f9e9cb0cb4a9caf5df22819c', '074541ecdf88ed992ed5ade3ecddef27a26ba1b44480a195c0a8dadae2521d8e']",[],1.0,0ffee3ba8e615ad22535e7f771690a28,699a80bdb17efe157c861f92c5bf5d1d,,,3369.549377,10.0.2.15,60300,173.241.240.220,443,tcp,42.27878499999997,1024.0,3649.0,SF,True,False,0,ShADadTfF,13,1555,15,4253,ssl,0
3371.486725,C671jt5dSSxgfk8o2,10.0.2.15,60299,173.241.240.220,443,TLSv12,TLS_ECDHE_RSA_WITH_AES_128_GCM_SHA256,secp256r1,propermedia-d.openx.net,False,True,CsxknGIi,"['ab7de06ea7a3de3225f335667d38750434931049f9e9cb0cb4a9caf5df22819c', '074541ecdf88ed992ed5ade3ecddef27a26ba1b44480a195c0a8dadae2521d8e']",[],1.0,0ffee3ba8e615ad22535e7f771690a28,699a80bdb17efe157c861f92c5bf5d1d,,,3369.548364,10.0.2.15,60299,173.241.240.220,443,tcp,42.56695299999956,1022.0,3648.0,SF,True,False,0,ShADadTfF,12,1512,14,4212,ssl,0
3371.455161,CGzLfQ1IRwNsJB2Leb,10.0.2.15,60313,185.33.223.80,443,TLSv12,TLS_ECDHE_RSA_WITH_AES_256_GCM_SHA384,secp256r1,ib.adnxs.com,False,True,CsxuknGIti,"['5b081650e8034418a37504ce0820892be5a66474578207711eb688243fe1a8f2', '074541ecdf88ed992ed5ade3ecddef27a26ba1b44480a195c0a8dadae2521d8e']",[],1.0,0ffee3ba8e615ad22535e7f771690a28,d53e4608f956df65bb2b8a8c4d3b025d,,,3369.703681,10.0.2.15,60313,185.33.223.80,443,tcp,25.39316000000008,5688.0,14630.0,SF,True,False,0,ShADadfF,20,6496,27,15714,ssl,0
3371.456981,CCSNbn4GKvYALONa45,10.0.2.15,60314,185.33.223.80,443,TLSv12,TLS_ECDHE_RSA_WITH_AES_256_GCM_SHA384,secp256r1,ib.adnxs.com,False,True,CsxuknGIti,"['5b081650e8034418a37504ce0820892be5a66474578207711eb688243fe1a8f2', '074541ecdf88ed992ed5ade3ecddef27a26ba1b44480a195c0a8dadae2521d8e']",[],1.0,0ffee3ba8e615ad22535e7f771690a28,d53e4608f956df65bb2b8a8c4d3b025d,,,3369.706502,10.0.2.15,60314,185.33.223.80,443,tcp,25.390883999999915,5690.0,14595.0,SF,True,False,0,ShADadfF,21,6538,27,15679,ssl,0
3371.460343,C1tlSX2XJrR9sUqRy9,10.0.2.15,60312,62.67.193.31,443,TLSv12,TLS_RSA_WITH_AES_256_CBC_SHA,,optimized-by.rubiconproject.com,False,True,CsxnGIi,"['323de379ee34a94e415f63b56183d0d5d0e5a863f4ac89f97dc40ae81cc021c8', '154c433c491929c5ef686e838e323664a00e6a0d822ccc958fb4dab03e49a08f']",[],1.0,0ffee3ba8e615ad22535e7f771690a28,0a917d753018dad73d9899ace370f8d8,,,3369.576163,10.0.2.15,60312,62.67.193.31,443,tcp,25.21208499999966,5168.0,9945.0,SF,True,False,0,ShADadFf,17,5856,19,10709,ssl,0
3371.461126,CSp9iU3BnMD3nMyblh,10.0.2.15,60311,62.67.193.31,443,TLSv12,TLS_RSA_WITH_AES_256_CBC_SHA,,optimized-by.rubiconproject.com,False,True,CsxnGIi,"['323de379ee34a94e415f63b56183d0d5d0e5a863f4ac89f97dc40ae81cc021c8', '154c433c491929c5ef686e838e323664a00e6a0d822ccc958fb4dab03e49a08f']",[],1.0,0ffee3ba8e615ad22535e7f771690a28,0a917d753018dad73d9899ace370f8d8,,,3369.575016,10.0.2.15,60311,62.67.193.31,443,tcp,25.2907110000001,5168.0,9785.0,SF,True,False,0,ShADadFf,17,5856,18,10509,ssl,0
3371.46455,C795Fj13nz20n978h7,10.0.2.15,60309,62.67.193.31,443,TLSv12,TLS_RSA_WITH_AES_256_CBC_SHA,,optimized-by.rubiconproject.com,False,True,CsxnGIi,"['323de379ee34a94e415f63b56183d0d5d0e5a863f4ac89f97dc40ae81cc021c8', '154c433c491929c5ef686e838e323664a00e6a0d822ccc958fb4dab03e49a08f']",[],1.0,0ffee3ba8e615ad22535e7f771690a28,0a917d753018dad73d9899ace370f8d8,,,3369.573749,10.0.2.15,60309,62.67.193.31,443,tcp,25.295278999999937,5168.0,9929.0,SF,True,False,0,ShADadFf,17,5856,19,10693,ssl,0
3371.471753,C0pW2DnIlZME0Pgs2,10.0.2.15,60307,198.47.127.12,443,TLSv12,TLS_RSA_WITH_3DES_EDE_CBC_SHA,,bid.pubmatic.com,False,True,CsxnGIi,"['cff54ceae5bc84cde0613894d40cbecfeede547bfdef6b9458b626c348f09d84', '111006378afbe8e99bb02ba87390ca429fca2773f74d7f7eb5744f5ddf68014b', '4f32d5dc00f715250abcc486511e37f501a899deb3bf7ea8adbbd3aef1c412da']",[],1.0,0ffee3ba8e615ad22535e7f771690a28,ccf031939aa8979b73a604c356f7fd68,,,3369.559806,10.0.2.15,60307,198.47.127.12,443,tcp,135.44099099999994,5297.0,5996.0,SF,True,False,0,ShADadTTFf,29,6477,29,7160,ssl,0
3371.472877,CxBcjq3aT3A4BDjyg,10.0.2.15,60305,178.250.2.89,443,TLSv12,TLS_ECDHE_RSA_WITH_AES_256_GCM_SHA384,secp256r1,bidder.criteo.com,False,True,CsxknGIi,"['8f3e68e10b72a283264bf4bebc16df8faf6bc205e338c1094b651ce33d28f27c', 'eae72eb454bf6c3977ebd289e970b2f5282949190093d0d26f98d0f0d6a9cf17']",[],1.0,0ffee3ba8e615ad22535e7f771690a28,a9e3ed16ee3208291487c8d2aa2ad924,,,3369.556916,10.0.2.15,60305,178.250.2.89,443,tcp,20.909725999999864,3814.0,5387.0,SF,True,False,0,ShADadfF,14,4382,14,5951,ssl,0
3371.473557,CEFeXH5r5SGjfOt83,10.0.2.15,60304,173.241.240.220,443,TLSv12,TLS_ECDHE_RSA_WITH_AES_128_GCM_SHA256,secp256r1,propermedia-d.openx.net,False,True,CsxknGIi,"['ab7de06ea7a3de3225f335667d38750434931049f9e9cb0cb4a9caf5df22819c', '074541ecdf88ed992ed5ade3ecddef27a26ba1b44480a195c0a8dadae2521d8e']",[],1.0,0ffee3ba8e615ad22535e7f771690a28,699a80bdb17efe157c861f92c5bf5d1d,,,3369.556024,10.0.2.15,60304,173.241.240.220,443,tcp,43.42828800000007,1024.0,3608.0,SF,True,False,0,ShADadTfF,13,1554,13,4132,ssl,0
3371.474656,CTfbru1zY8BD9ueGL9,10.0.2.15,60303,173.241.240.220,443,TLSv12,TLS_ECDHE_RSA_WITH_AES_128_GCM_SHA256,secp256r1,propermedia-d.openx.net,False,True,CsxknGIi,"['ab7de06ea7a3de3225f335667d38750434931049f9e9cb0cb4a9caf5df22819c', '074541ecdf88ed992ed5ade3ecddef27a26ba1b44480a195c0a8dadae2521d8e']",[],1.0,0ffee3ba8e615ad22535e7f771690a28,699a80bdb17efe157c861f92c5bf5d1d,,,3369.551364,10.0.2.15,60303,173.241.240.220,443,tcp,43.74041100000022,1024.0,3648.0,SF,True,False,0,ShADadTfF,13,1554,14,4212,ssl,0
3375.365071,C0PO0y3J98nIcl6D5,10.0.2.15,60324,95.101.245.177,443,TLSv12,TLS_ECDHE_RSA_WITH_AES_256_GCM_SHA384,,as-sec.casalemedia.com,True,True,CsiI,,,,1a5fe5677b0e4fbbc854e8908225637d,410b9bedaf65dd26c6fe547154d60db4,http/1.1,,3371.180983,10.0.2.15,60324,95.101.245.177,443,tcp,11.101698999999826,599.0,183.0,RSTO,True,False,0,ShADadFR,9,975,7,467,ssl,0
3375.489106,ClN5vK19FPo25WBgHd,10.0.2.15,60327,173.241.240.220,443,TLSv12,TLS_ECDHE_RSA_WITH_AES_128_GCM_SHA256,secp256r1,propermedia-d.openx.net,False,True,CsxknGIi,"['ab7de06ea7a3de3225f335667d38750434931049f9e9cb0cb4a9caf5df22819c', '074541ecdf88ed992ed5ade3ecddef27a26ba1b44480a195c0a8dadae2521d8e']",[],1.0,0ffee3ba8e615ad22535e7f771690a28,699a80bdb17efe157c861f92c5bf5d1d,,,3371.189058,10.0.2.15,60327,173.241.240.220,443,tcp,12.630380999999945,357.0,3124.0,RSTO,True,False,0,ShADadFR,11,813,10,3528,ssl,0
3375.487784,C04SEp1ddwCtxX6q0l,10.0.2.15,60330,173.241.240.220,443,TLSv12,TLS_ECDHE_RSA_WITH_AES_128_GCM_SHA256,secp256r1,propermedia-d.openx.net,False,True,CsxknGIi,"['ab7de06ea7a3de3225f335667d38750434931049f9e9cb0cb4a9caf5df22819c', '074541ecdf88ed992ed5ade3ecddef27a26ba1b44480a195c0a8dadae2521d8e']",[],1.0,0ffee3ba8e615ad22535e7f771690a28,699a80bdb17efe157c861f92c5bf5d1d,,,3371.194033,10.0.2.15,60330,173.241.240.220,443,tcp,14.657027999999627,357.0,3093.0,RSTO,True,False,0,ShADadFR,11,813,10,3497,ssl,0
3374.941819,CRhlR8SxWdM2aQfd2,10.0.2.15,60341,185.33.222.16,443,TLSv12,TLS_ECDHE_RSA_WITH_AES_256_GCM_SHA384,secp256r1,ib.adnxs.com,False,True,CsxuknGIti,"['5b081650e8034418a37504ce0820892be5a66474578207711eb688243fe1a8f2', '074541ecdf88ed992ed5ade3ecddef27a26ba1b44480a195c0a8dadae2521d8e']",[],1.0,0ffee3ba8e615ad22535e7f771690a28,d53e4608f956df65bb2b8a8c4d3b025d,,,3373.911332,10.0.2.15,60341,185.33.222.16,443,tcp,23.06266699999969,8434.0,19548.0,SF,True,False,0,ShADadfF,26,9482,37,21032,ssl,0
3375.506851,CES4wP3TKakb9MZ4Uc,10.0.2.15,60334,62.67.193.31,443,TLSv12,TLS_RSA_WITH_AES_256_CBC_SHA,,optimized-by.rubiconproject.com,False,True,CsxnGIi,"['323de379ee34a94e415f63b56183d0d5d0e5a863f4ac89f97dc40ae81cc021c8', '154c433c491929c5ef686e838e323664a00e6a0d822ccc958fb4dab03e49a08f']",[],1.0,0ffee3ba8e615ad22535e7f771690a28,0a917d753018dad73d9899ace370f8d8,,,3371.216887,10.0.2.15,60334,62.67.193.31,443,tcp,22.197115999999824,603.0,2719.0,SF,True,False,0,ShADadTFf,11,1060,10,3123,ssl,0
3375.499243,CRxfFk11ZSTNxFpM14,10.0.2.15,60329,173.241.240.220,443,TLSv12,TLS_ECDHE_RSA_WITH_AES_128_GCM_SHA256,secp256r1,propermedia-d.openx.net,False,True,CsxknGIi,"['ab7de06ea7a3de3225f335667d38750434931049f9e9cb0cb4a9caf5df22819c', '074541ecdf88ed992ed5ade3ecddef27a26ba1b44480a195c0a8dadae2521d8e']",[],1.0,0ffee3ba8e615ad22535e7f771690a28,699a80bdb17efe157c861f92c5bf5d1d,,,3371.192421,10.0.2.15,60329,173.241.240.220,443,tcp,13.089893999999733,357.0,3124.0,SF,True,False,0,ShADadFfRr,11,813,11,3568,ssl,0
3375.508162,Cqw5aa2DES0r2ZBp27,10.0.2.15,60333,198.47.127.12,443,TLSv12,TLS_RSA_WITH_3DES_EDE_CBC_SHA,,bid.pubmatic.com,False,True,CsxnGIi,"['cff54ceae5bc84cde0613894d40cbecfeede547bfdef6b9458b626c348f09d84', '111006378afbe8e99bb02ba87390ca429fca2773f74d7f7eb5744f5ddf68014b', '4f32d5dc00f715250abcc486511e37f501a899deb3bf7ea8adbbd3aef1c412da']",[],1.0,0ffee3ba8e615ad22535e7f771690a28,ccf031939aa8979b73a604c356f7fd68,,,3371.197185,10.0.2.15,60333,198.47.127.12,443,tcp,14.006734999999937,556.0,4567.0,SF,True,False,0,ShADadFf,11,1012,11,5011,ssl,0
3375.509565,C1nIlVb2WQtgnV7H5,10.0.2.15,60332,62.67.193.31,443,TLSv12,TLS_RSA_WITH_AES_256_CBC_SHA,,optimized-by.rubiconproject.com,False,True,CsxnGIi,"['323de379ee34a94e415f63b56183d0d5d0e5a863f4ac89f97dc40ae81cc021c8', '154c433c491929c5ef686e838e323664a00e6a0d822ccc958fb4dab03e49a08f']",[],1.0,0ffee3ba8e615ad22535e7f771690a28,0a917d753018dad73d9899ace370f8d8,,,3371.196143,10.0.2.15,60332,62.67.193.31,443,tcp,23.199874999999796,603.0,2719.0,SF,True,False,0,ShADadTFf,11,1060,10,3123,ssl,0
3375.636382,C5caTj4CfjreXVpEz6,10.0.2.15,60337,62.67.193.31,443,TLSv12,TLS_RSA_WITH_AES_256_CBC_SHA,,optimized-by.rubiconproject.com,False,True,CsxnGIi,"['323de379ee34a94e415f63b56183d0d5d0e5a863f4ac89f97dc40ae81cc021c8', '154c433c491929c5ef686e838e323664a00e6a0d822ccc958fb4dab03e49a08f']",[],1.0,0ffee3ba8e615ad22535e7f771690a28,0a917d753018dad73d9899ace370f8d8,,,3371.233398,10.0.2.15,60337,62.67.193.31,443,tcp,22.73831300000029,603.0,2719.0,SF,True,False,0,ShADadTFf,11,1060,10,3123,ssl,0
3375.641849,CElZPy17jSZYrNjuje,10.0.2.15,60335,62.67.193.31,443,TLSv12,TLS_RSA_WITH_AES_256_CBC_SHA,,optimized-by.rubiconproject.com,False,True,CsxnGIi,"['323de379ee34a94e415f63b56183d0d5d0e5a863f4ac89f97dc40ae81cc021c8', '154c433c491929c5ef686e838e323664a00e6a0d822ccc958fb4dab03e49a08f']",[],1.0,0ffee3ba8e615ad22535e7f771690a28,0a917d753018dad73d9899ace370f8d8,,,3371.229047,10.0.2.15,60335,62.67.193.31,443,tcp,23.23552800000016,603.0,2719.0,SF,True,False,0,ShADadTFf,11,1060,10,3123,ssl,0
3375.50077,CLqMJH1FR6RsSyglf8,10.0.2.15,60325,5.10.75.178,443,TLSv12,TLS_ECDHE_RSA_WITH_AES_256_GCM_SHA384,secp256r1,ap.lijit.com,False,True,CsxknGIti,"['4e68dd8cc0ae3d809610dade80621e59f10433705355d9540c3a7fe52d0a4e51', '973a41276ffd01e027a2aad49e34c37846d3e976ff6a620b6712e33832041aa6', '3a2fbe92891e57fe05d57087f48e730f17e5a5f53ef403d618e5b74d7a7e6ecb', 'c3846bf24b9e93ca64274c0ec67c1ecc5e024ffcacd2d74019350e81fe546ae4']",[],1.0,0ffee3ba8e615ad22535e7f771690a28,758945630046fd37070521b8544d1fe8,,,3371.181583,10.0.2.15,60325,5.10.75.178,443,tcp,21.970666000000165,346.0,5669.0,SF,True,False,0,ShADadTFfRr,13,883,14,6233,ssl,0
3375.505365,CCEliU1GzjcwZWdQc2,10.0.2.15,60338,62.67.193.31,443,TLSv12,TLS_RSA_WITH_AES_256_CBC_SHA,,optimized-by.rubiconproject.com,False,True,CsxnGIi,"['323de379ee34a94e415f63b56183d0d5d0e5a863f4ac89f97dc40ae81cc021c8', '154c433c491929c5ef686e838e323664a00e6a0d822ccc958fb4dab03e49a08f']",[],1.0,0ffee3ba8e615ad22535e7f771690a28,0a917d753018dad73d9899ace370f8d8,,,3371.234276,10.0.2.15,60338,62.67.193.31,443,tcp,19.487604999999803,603.0,2719.0,SF,True,False,0,ShADadTFf,11,1060,10,3123,ssl,0
3375.489612,CiEnKF2qrjLoPuXvo9,10.0.2.15,60331,173.241.240.220,443,TLSv12,TLS_ECDHE_RSA_WITH_AES_128_GCM_SHA256,secp256r1,propermedia-d.openx.net,False,True,CsxknGIi,"['ab7de06ea7a3de3225f335667d38750434931049f9e9cb0cb4a9caf5df22819c', '074541ecdf88ed992ed5ade3ecddef27a26ba1b44480a195c0a8dadae2521d8e']",[],1.0,0ffee3ba8e615ad22535e7f771690a28,699a80bdb17efe157c861f92c5bf5d1d,,,3371.195108,10.0.2.15,60331,173.241.240.220,443,tcp,13.6857829999999,357.0,3093.0,RSTO,True,False,0,ShADadFR,10,773,9,3457,ssl,0
3375.506165,CrQdO41BymvIj3Fekg,10.0.2.15,60336,62.67.193.31,443,TLSv12,TLS_RSA_WITH_AES_256_CBC_SHA,,optimized-by.rubiconproject.com,False,True,CsxnGIi,"['323de379ee34a94e415f63b56183d0d5d0e5a863f4ac89f97dc40ae81cc021c8', '154c433c491929c5ef686e838e323664a00e6a0d822ccc958fb4dab03e49a08f']",[],1.0,0ffee3ba8e615ad22535e7f771690a28,0a917d753018dad73d9899ace370f8d8,,,3371.232229,10.0.2.15,60336,62.67.193.31,443,tcp,19.717998999999963,603.0,2719.0,SF,True,False,0,ShADadTFf,11,1060,10,3123,ssl,0
3375.503384,CCDXXsrfvAfbAFnK4,10.0.2.15,60339,52.94.218.7,443,TLSv12,TLS_ECDHE_RSA_WITH_AES_128_GCM_SHA256,secp256r1,aax.amazon-adsystem.com,False,True,CsxuknGIi,"['0b4e7df09d4f64b59af32ee16a71ad7d8947ded5f2a2bd4acfcc9f187fdf36c9', 'eae72eb454bf6c3977ebd289e970b2f5282949190093d0d26f98d0f0d6a9cf17']",[],1.0,0ffee3ba8e615ad22535e7f771690a28,2b1f517a72b7346c86d59ef328167d49,,,3371.234698,10.0.2.15,60339,52.94.218.7,443,tcp,12.938289999999595,389.0,5057.0,SF,True,False,0,ShADadFf,11,845,11,5501,ssl,0
3375.49987,Cjsr8C2jeIv1xEWqV5,10.0.2.15,60328,173.241.240.220,443,TLSv12,TLS_ECDHE_RSA_WITH_AES_128_GCM_SHA256,secp256r1,propermedia-d.openx.net,False,True,CsxknGIi,"['ab7de06ea7a3de3225f335667d38750434931049f9e9cb0cb4a9caf5df22819c', '074541ecdf88ed992ed5ade3ecddef27a26ba1b44480a195c0a8dadae2521d8e']",[],1.0,0ffee3ba8e615ad22535e7f771690a28,699a80bdb17efe157c861f92c5bf5d1d,,,3371.191146,10.0.2.15,60328,173.241.240.220,443,tcp,14.898883999999724,357.0,3124.0,SF,True,False,0,ShADadFfRr,11,813,11,3568,ssl,0
3375.498652,CthrgDyYofcwsFg1,10.0.2.15,60326,173.241.240.220,443,TLSv12,TLS_ECDHE_RSA_WITH_AES_128_GCM_SHA256,secp256r1,propermedia-d.openx.net,False,True,CsxknGIi,"['ab7de06ea7a3de3225f335667d38750434931049f9e9cb0cb4a9caf5df22819c', '074541ecdf88ed992ed5ade3ecddef27a26ba1b44480a195c0a8dadae2521d8e']",[],1.0,0ffee3ba8e615ad22535e7f771690a28,699a80bdb17efe157c861f92c5bf5d1d,,,3371.186124,10.0.2.15,60326,173.241.240.220,443,tcp,14.539244000000052,357.0,3124.0,SF,True,False,0,ShADadFRfr,12,853,13,3648,ssl,0
3374.93489,CtMzek3E9oTxm8qVI9,10.0.2.15,60342,178.250.2.89,443,TLSv12,TLS_ECDHE_RSA_WITH_AES_256_GCM_SHA384,secp256r1,bidder.criteo.com,False,True,CsxknGIi,"['8f3e68e10b72a283264bf4bebc16df8faf6bc205e338c1094b651ce33d28f27c', 'eae72eb454bf6c3977ebd289e970b2f5282949190093d0d26f98d0f0d6a9cf17']",[],1.0,0ffee3ba8e615ad22535e7f771690a28,a9e3ed16ee3208291487c8d2aa2ad924,,,3373.913534,10.0.2.15,60342,178.250.2.89,443,tcp,22.808419000000413,351.0,3101.0,SF,True,False,0,ShADadFTf,10,760,11,3545,ssl,0
3377.501949,Ci3XAt26STFi37XQTh,10.0.2.15,60344,172.217.23.238,443,TLSv12,TLS_ECDHE_ECDSA_WITH_AES_128_GCM_SHA256,x25519,www.youtube.com,False,True,CsxknGIti,"['11ddd329046367c19b32ffdb02ed308de129de4d6ffcf95856d7bd6a7accfba9', '9f630426df1d8abfd80ace98871ba833ab9742cb34838de2b5285ed54c0c7dcc', '3c35cc963eb004451323d3275d05b353235053490d9cd83729a2faf5e7ca1cc0']",[],1.0,0ffee3ba8e615ad22535e7f771690a28,84480cf8cf0e732666092640e581e1a5,h2,,3375.667892,10.0.2.15,60344,172.217.23.238,443,tcp,4.1627229999999145,285.0,4385.0,RSTO,True,False,0,ShADadR,8,613,9,4749,ssl,0
3371.488613,Cy89WJlsMctb106A6,10.0.2.15,60297,95.101.245.177,443,TLSv12,TLS_ECDHE_RSA_WITH_AES_256_GCM_SHA384,,as-sec.casalemedia.com,True,True,CsiI,,,,1a5fe5677b0e4fbbc854e8908225637d,410b9bedaf65dd26c6fe547154d60db4,http/1.1,,3369.546906,10.0.2.15,60297,95.101.245.177,443,tcp,135.2862030000001,3639.0,2903.0,SF,True,False,0,ShADadTTFfRr,24,4619,27,3987,ssl,0
3371.491927,CkysnA4ba8Yy5tB4Va,10.0.2.15,60321,52.94.218.7,443,TLSv12,TLS_ECDHE_RSA_WITH_AES_128_GCM_SHA256,secp256r1,aax.amazon-adsystem.com,False,True,CsxuknGIi,"['0b4e7df09d4f64b59af32ee16a71ad7d8947ded5f2a2bd4acfcc9f187fdf36c9', 'eae72eb454bf6c3977ebd289e970b2f5282949190093d0d26f98d0f0d6a9cf17']",[],1.0,0ffee3ba8e615ad22535e7f771690a28,2b1f517a72b7346c86d59ef328167d49,,,3369.907789,10.0.2.15,60321,52.94.218.7,443,tcp,85.7080960000003,1449.0,5311.0,SF,True,False,0,ShADadTfF,18,2184,20,6115,ssl,0
3371.487339,Cif2mr2U0SCWbCPUQk,10.0.2.15,60298,5.10.75.178,443,TLSv12,TLS_ECDHE_RSA_WITH_AES_256_GCM_SHA384,secp256r1,ap.lijit.com,False,True,CsxknGIti,"['4e68dd8cc0ae3d809610dade80621e59f10433705355d9540c3a7fe52d0a4e51', '973a41276ffd01e027a2aad49e34c37846d3e976ff6a620b6712e33832041aa6', '3a2fbe92891e57fe05d57087f48e730f17e5a5f53ef403d618e5b74d7a7e6ecb', 'c3846bf24b9e93ca64274c0ec67c1ecc5e024ffcacd2d74019350e81fe546ae4']",[],1.0,0ffee3ba8e615ad22535e7f771690a28,758945630046fd37070521b8544d1fe8,,,3369.547461,10.0.2.15,60298,5.10.75.178,443,tcp,36.11163600000009,3517.0,6314.0,SF,True,False,0,ShADadTfF,15,4127,17,6998,ssl,0
3374.915941,CsMoCVLKCdlVivyg3,10.0.2.15,60340,185.33.222.16,443,TLSv12,TLS_ECDHE_RSA_WITH_AES_256_GCM_SHA384,secp256r1,ib.adnxs.com,False,True,CsxuknGIti,"['5b081650e8034418a37504ce0820892be5a66474578207711eb688243fe1a8f2', '074541ecdf88ed992ed5ade3ecddef27a26ba1b44480a195c0a8dadae2521d8e']",[],1.0,0ffee3ba8e615ad22535e7f771690a28,d53e4608f956df65bb2b8a8c4d3b025d,,,3373.90863,10.0.2.15,60340,185.33.222.16,443,tcp,22.00570599999992,8432.0,16505.0,SF,True,False,0,ShADadfF,24,9400,32,17789,ssl,0
3376.66424,CmFZQc14Q6kasmcFqj,10.0.2.15,60343,172.217.23.226,443,TLSv12,TLS_ECDHE_RSA_WITH_AES_128_GCM_SHA256,,securepubads.g.doubleclick.net,True,True,CsiI,,,,1a5fe5677b0e4fbbc854e8908225637d,67619a80665d7ab92d1041b1d11f9164,h2,,3374.966311,10.0.2.15,60343,172.217.23.226,443,tcp,7.139263000000028,1114.0,63090.0,SF,True,False,0,ShADadFf,54,3282,104,67254,ssl,0
3382.979901,CzRDSY1G2kOZMyQOGe,10.0.2.15,60348,192.33.31.77,443,TLSv12,TLS_ECDHE_RSA_WITH_AES_128_GCM_SHA256,,www.edmunds.com,True,True,CsiI,,,,1a5fe5677b0e4fbbc854e8908225637d,7bee5c1d424b7e5f943b06983bb11422,http/1.1,,3381.402652,10.0.2.15,60348,192.33.31.77,443,tcp,188.7824589999996,2240.0,42457.0,SF,True,False,0,ShADadTTfF,54,4424,80,45661,ssl,0
3369.18055,CFmJLp1CMjw8Wajo9a,10.0.2.15,60294,185.33.223.80,443,TLSv12,TLS_ECDHE_RSA_WITH_AES_256_GCM_SHA384,secp256r1,ib.adnxs.com,False,True,CsxuknGIti,"['5b081650e8034418a37504ce0820892be5a66474578207711eb688243fe1a8f2', '074541ecdf88ed992ed5ade3ecddef27a26ba1b44480a195c0a8dadae2521d8e']",[],1.0,0ffee3ba8e615ad22535e7f771690a28,d53e4608f956df65bb2b8a8c4d3b025d,,,3366.806096,10.0.2.15,60294,185.33.223.80,443,tcp,30.44241600000032,5574.0,11469.0,SF,True,False,0,ShADadTfF,20,6384,27,12553,ssl,0
3369.177204,CyNofE2xldcKkDYtKg,10.0.2.15,60296,185.33.223.80,443,TLSv12,TLS_ECDHE_RSA_WITH_AES_256_GCM_SHA384,secp256r1,ib.adnxs.com,False,True,CsxuknGIti,"['5b081650e8034418a37504ce0820892be5a66474578207711eb688243fe1a8f2', '074541ecdf88ed992ed5ade3ecddef27a26ba1b44480a195c0a8dadae2521d8e']",[],1.0,0ffee3ba8e615ad22535e7f771690a28,d53e4608f956df65bb2b8a8c4d3b025d,,,3366.80779,10.0.2.15,60296,185.33.223.80,443,tcp,27.837384000000384,2945.0,8183.0,SF,True,False,0,ShADadTfF,16,3595,21,9027,ssl,0
3369.174184,CpUpuJ8jBcQKGoi51,10.0.2.15,60293,185.33.223.80,443,TLSv12,TLS_ECDHE_RSA_WITH_AES_256_GCM_SHA384,secp256r1,ib.adnxs.com,False,True,CsxuknGIti,"['5b081650e8034418a37504ce0820892be5a66474578207711eb688243fe1a8f2', '074541ecdf88ed992ed5ade3ecddef27a26ba1b44480a195c0a8dadae2521d8e']",[],1.0,0ffee3ba8e615ad22535e7f771690a28,d53e4608f956df65bb2b8a8c4d3b025d,,,3366.80495,10.0.2.15,60293,185.33.223.80,443,tcp,27.837201999999703,2945.0,9553.0,SF,True,False,0,ShADadTfF,17,3634,24,10517,ssl,0
3369.17878,CRCTB31ecDtmBCxV,10.0.2.15,60295,185.33.223.80,443,TLSv12,TLS_ECDHE_RSA_WITH_AES_256_GCM_SHA384,secp256r1,ib.adnxs.com,False,True,CsxuknGIti,"['5b081650e8034418a37504ce0820892be5a66474578207711eb688243fe1a8f2', '074541ecdf88ed992ed5ade3ecddef27a26ba1b44480a195c0a8dadae2521d8e']",[],1.0,0ffee3ba8e615ad22535e7f771690a28,d53e4608f956df65bb2b8a8c4d3b025d,,,3366.807183,10.0.2.15,60295,185.33.223.80,443,tcp,28.29216600000018,2944.0,9546.0,SF,True,False,0,ShADadTfF,15,3553,22,10430,ssl,0
3385.605055,CCQ8Z62IjFkSPelHAc,10.0.2.15,60355,192.33.31.77,443,TLSv12,TLS_ECDHE_RSA_WITH_AES_128_GCM_SHA256,,www.edmunds.com,True,True,CsiI,,,,1a5fe5677b0e4fbbc854e8908225637d,7bee5c1d424b7e5f943b06983bb11422,http/1.1,,3381.906033,10.0.2.15,60355,192.33.31.77,443,tcp,188.95132699999976,1338.0,21308.0,SF,True,False,0,ShADadTTfF,41,3011,54,23472,ssl,0
3387.882063,CQceaX3GIqJFMHVdq5,10.0.2.15,60367,192.33.31.77,443,TLSv12,TLS_ECDHE_RSA_WITH_AES_128_GCM_SHA256,,www.edmunds.com,True,True,CsiI,,,,1a5fe5677b0e4fbbc854e8908225637d,7bee5c1d424b7e5f943b06983bb11422,http/1.1,,3387.018174,10.0.2.15,60367,192.33.31.77,443,tcp,7.781171000000086,599.0,152.0,SF,True,False,0,ShADadFf,8,927,7,436,ssl,0
3368.304085,CuyNIx2vrRYopAPPf1,10.0.2.15,60289,95.101.241.136,443,TLSv12,TLS_ECDHE_RSA_WITH_AES_256_GCM_SHA384,secp256r1,cdn.optimizely.com,False,False,CsxuknGI,"['66f2989ea8d8daad5f7510b047626245f8d89d5a9ad6afec0c9dec62f0de05e9', 'eae72eb454bf6c3977ebd289e970b2f5282949190093d0d26f98d0f0d6a9cf17', '8420dfbe376f414bf4c0a81e6936d24ccc03f304835b86c7a39142fca723a689']",[],1.0,0ffee3ba8e615ad22535e7f771690a28,9a31479427499ded4d3656a260298ec7,h2,,3366.588856,10.0.2.15,60289,95.101.241.136,443,tcp,17.507424000000356,530.0,6189.0,SF,True,False,0,ShADadFf,11,978,15,6793,ssl,0
3395.095771,CAdqp1118ySAnaRnQc,10.0.2.15,60371,104.20.27.223,443,TLSv12,TLS_ECDHE_ECDSA_WITH_AES_128_GCM_SHA256,,www.viralthread.com,True,True,CsiI,,,,1a5fe5677b0e4fbbc854e8908225637d,96681175a9547081bf3d417f1a572091,http/1.1,,3394.25954,10.0.2.15,60371,104.20.27.223,443,tcp,154.92698299999984,5379.0,63286.0,SF,True,False,0,ShADadTTFf,56,7639,81,66530,ssl,0
3395.094204,CIANge1ru2vwkGHBy5,10.0.2.15,60369,104.20.27.223,443,TLSv12,TLS_ECDHE_ECDSA_WITH_AES_128_GCM_SHA256,,www.viralthread.com,True,True,CsiI,,,,1a5fe5677b0e4fbbc854e8908225637d,96681175a9547081bf3d417f1a572091,http/1.1,,3394.255113,10.0.2.15,60369,104.20.27.223,443,tcp,30.958752999999888,3914.0,302742.0,RSTO,True,False,0,ShADadTFR,186,11363,366,317386,ssl,0
3395.094751,CatxP42ej0qxiSOpS7,10.0.2.15,60368,104.20.27.223,443,TLSv12,TLS_ECDHE_ECDSA_WITH_AES_128_GCM_SHA256,,www.viralthread.com,True,True,CsiI,,,,1a5fe5677b0e4fbbc854e8908225637d,96681175a9547081bf3d417f1a572091,http/1.1,,3394.252777,10.0.2.15,60368,104.20.27.223,443,tcp,28.248889999999847,1390.0,237384.0,RSTR,True,False,0,ShADadFRr,132,6678,275,248388,ssl,0
3395.09638,CSl0czj2r9YkORgEg,10.0.2.15,60370,104.20.27.223,443,TLSv12,TLS_ECDHE_ECDSA_WITH_AES_128_GCM_SHA256,,www.viralthread.com,True,True,CsiI,,,,1a5fe5677b0e4fbbc854e8908225637d,96681175a9547081bf3d417f1a572091,http/1.1,,3394.258552,10.0.2.15,60370,104.20.27.223,443,tcp,154.8981920000001,3058.0,164613.0,SF,True,False,0,ShADadTTFf,107,7358,205,172817,ssl,0
3396.715527,Cs2VfT1R8iT1gRmTg9,10.0.2.15,60372,172.217.23.238,443,TLSv12,TLS_ECDHE_RSA_WITH_AES_128_GCM_SHA256,,www.google-analytics.com,True,True,CsiI,,,,1a5fe5677b0e4fbbc854e8908225637d,67619a80665d7ab92d1041b1d11f9164,h2,,3396.090814,10.0.2.15,60372,172.217.23.238,443,tcp,847.691468,12246.0,8101.0,SF,True,False,0,ShADadFf,103,16374,120,12905,ssl,0
3397.253256,CiXdbq1BmDF6EndWR8,10.0.2.15,60378,54.192.93.166,443,TLSv12,TLS_ECDHE_RSA_WITH_AES_128_GCM_SHA256,,cdn.ed.edmunds-media.com,True,True,CsiI,,,,1a5fe5677b0e4fbbc854e8908225637d,d199ba0af2b08e204c73d6d81a1fd260,http/1.1,,3396.441986,10.0.2.15,60378,54.192.93.166,443,tcp,126.44905400000016,973.0,2802.0,SF,True,False,0,ShADadTTfF,20,1792,21,3646,ssl,0
3397.245503,C4fz2x3LCxlCmRKUme,10.0.2.15,60375,54.192.93.166,443,TLSv12,TLS_ECDHE_RSA_WITH_AES_128_GCM_SHA256,,cdn.ed.edmunds-media.com,True,True,CsiI,,,,1a5fe5677b0e4fbbc854e8908225637d,d199ba0af2b08e204c73d6d81a1fd260,http/1.1,,3396.435868,10.0.2.15,60375,54.192.93.166,443,tcp,126.19966399999976,948.0,52253.0,SF,True,False,0,ShADadTTfF,44,2727,71,55097,ssl,0
3397.246801,CC1k7eB36gI5I7lb6,10.0.2.15,60374,192.33.31.183,443,TLSv12,TLS_ECDHE_RSA_WITH_AES_128_GCM_SHA256,,services.edmunds-media.com,True,True,CsiI,,,,1a5fe5677b0e4fbbc854e8908225637d,7bee5c1d424b7e5f943b06983bb11422,h2,,3396.423884,10.0.2.15,60374,192.33.31.183,443,tcp,262.9528610000002,7643.0,1503813.0,SF,True,False,0,ShADadFf,835,41051,1854,1577977,ssl,0
3397.24752,C4DpOW1Wjr8TvLZxWf,10.0.2.15,60373,54.192.93.166,443,TLSv12,TLS_ECDHE_RSA_WITH_AES_128_GCM_SHA256,,cdn.ed.edmunds-media.com,True,True,CsiI,,,,1a5fe5677b0e4fbbc854e8908225637d,d199ba0af2b08e204c73d6d81a1fd260,http/1.1,,3396.417976,10.0.2.15,60373,54.192.93.166,443,tcp,36.41560299999992,981.0,43143.0,SF,True,False,0,ShADadTFf,33,2311,53,45267,ssl,0
3397.254939,CCimvDycEpdooKm08,10.0.2.15,60377,54.192.93.166,443,TLSv12,TLS_ECDHE_RSA_WITH_AES_128_GCM_SHA256,,cdn.ed.edmunds-media.com,True,True,CsiI,,,,1a5fe5677b0e4fbbc854e8908225637d,7bee5c1d424b7e5f943b06983bb11422,http/1.1,,3396.438871,10.0.2.15,60377,54.192.93.166,443,tcp,126.595374,953.0,23608.0,SF,True,False,0,ShADadTTfF,27,2052,38,25132,ssl,0
3397.257654,CUn56J3xC0FOcmwQfk,10.0.2.15,60376,54.192.93.166,443,TLSv12,TLS_ECDHE_RSA_WITH_AES_128_GCM_SHA256,,cdn.ed.edmunds-media.com,True,True,CsiI,,,,1a5fe5677b0e4fbbc854e8908225637d,d199ba0af2b08e204c73d6d81a1fd260,http/1.1,,3396.436376,10.0.2.15,60376,54.192.93.166,443,tcp,127.5290399999999,978.0,60047.0,SF,True,False,0,ShADadTTfF,40,2596,67,62731,ssl,0
3399.250374,CS2sPs1ltCwoRp0WQg,10.0.2.15,60385,104.94.35.91,443,TLSv12,TLS_RSA_WITH_AES_256_CBC_SHA,,www.icloud.com,True,True,CsiI,,,,1a5fe5677b0e4fbbc854e8908225637d,f4fb99c318cd91a4dfff259227ba977b,http/1.1,,3397.55462,10.0.2.15,60385,104.94.35.91,443,tcp,128.16888300000028,1066.0,21887.0,SF,True,False,0,ShADadTTFfRr,29,2245,38,23411,ssl,0
3399.255329,CnVuVN2mFn5vUL82j2,10.0.2.15,60384,104.94.35.91,443,TLSv12,TLS_RSA_WITH_AES_256_CBC_SHA,,www.icloud.com,True,True,CsiI,,,,1a5fe5677b0e4fbbc854e8908225637d,f4fb99c318cd91a4dfff259227ba977b,http/1.1,,3397.553288,10.0.2.15,60384,104.94.35.91,443,tcp,142.20407399999976,1487.0,18527.0,SF,True,False,0,ShADadTTFf,30,2707,36,19971,ssl,0
3399.258263,C3PXsm3B0MnmCRmt2f,10.0.2.15,60383,104.94.35.91,443,TLSv12,TLS_RSA_WITH_AES_256_CBC_SHA,,www.icloud.com,True,True,CsiI,,,,1a5fe5677b0e4fbbc854e8908225637d,f4fb99c318cd91a4dfff259227ba977b,http/1.1,,3397.55146,10.0.2.15,60383,104.94.35.91,443,tcp,127.57607499999996,1066.0,2074.0,SF,True,False,0,ShADadTTFfRr,22,1965,23,2998,ssl,0
3399.263711,C6EEdQ2yd35XjHTw7a,10.0.2.15,60382,104.94.35.91,443,TLSv12,TLS_RSA_WITH_AES_256_CBC_SHA,,www.icloud.com,True,True,CsiI,,,,1a5fe5677b0e4fbbc854e8908225637d,f4fb99c318cd91a4dfff259227ba977b,http/1.1,,3397.549715,10.0.2.15,60382,104.94.35.91,443,tcp,127.57132499999987,1082.0,2730.0,SF,True,False,0,ShADadTTFfRr,23,2022,24,3694,ssl,0
3399.264299,Cco1YY1UnNyKTPWjFj,10.0.2.15,60381,104.94.35.91,443,TLSv12,TLS_RSA_WITH_AES_256_CBC_SHA,,www.icloud.com,True,True,CsiI,,,,1a5fe5677b0e4fbbc854e8908225637d,f4fb99c318cd91a4dfff259227ba977b,http/1.1,,3397.546569,10.0.2.15,60381,104.94.35.91,443,tcp,133.20366000000013,1066.0,5018.0,SF,True,False,0,ShADadTTFfRr,25,2086,27,6102,ssl,0
3399.26478,Cdz1wc3BWNbW7b4Ikj,10.0.2.15,60380,104.94.35.91,443,TLSv12,TLS_RSA_WITH_AES_256_CBC_SHA,,www.icloud.com,True,True,CsiI,,,,1a5fe5677b0e4fbbc854e8908225637d,f4fb99c318cd91a4dfff259227ba977b,http/1.1,,3397.542262,10.0.2.15,60380,104.94.35.91,443,tcp,133.07189500000004,1066.0,4581.0,SF,True,False,0,ShADadTTFf,23,2006,25,5585,ssl,0
3399.265726,CMeOp72eVIrvTatpFc,10.0.2.15,60379,192.33.31.183,443,TLSv12,TLS_ECDHE_RSA_WITH_AES_128_GCM_SHA256,,static.ed.edmunds-media.com,True,True,CsiI,,,,1a5fe5677b0e4fbbc854e8908225637d,7bee5c1d424b7e5f943b06983bb11422,h2,,3397.539218,10.0.2.15,60379,192.33.31.183,443,tcp,5.491242000000057,779.0,253.0,RSTO,True,False,0,ShADadFR,8,1107,9,617,ssl,0
3399.627833,CcW7jJ108FM7VomCnf,10.0.2.15,60393,95.101.246.111,443,TLSv12,TLS_ECDHE_RSA_WITH_AES_256_GCM_SHA384,,assets.adobedtm.com,True,True,CsiI,,,,1a5fe5677b0e4fbbc854e8908225637d,410b9bedaf65dd26c6fe547154d60db4,http/1.1,,3399.267184,10.0.2.15,60393,95.101.246.111,443,tcp,131.56351500000028,1186.0,756.0,SF,True,False,0,ShADadTTFfRr,23,2126,23,1680,ssl,0
3399.762209,CtHY4Eorg8hkT2gx3,10.0.2.15,60394,192.33.31.183,443,TLSv12,TLS_ECDHE_RSA_WITH_AES_128_GCM_SHA256,,static.ed.edmunds-media.com,True,True,CsiI,,,,1a5fe5677b0e4fbbc854e8908225637d,7bee5c1d424b7e5f943b06983bb11422,h2,,3399.286745,10.0.2.15,60394,192.33.31.183,443,tcp,4.482481999999891,779.0,253.0,RSTO,True,False,0,ShADadFR,9,1147,9,617,ssl,0
3399.871286,CP7c0g37dgwyX78Orh,10.0.2.15,60400,54.192.93.166,443,TLSv12,TLS_ECDHE_RSA_WITH_AES_128_GCM_SHA256,,cdn.ed.edmunds-media.com,True,True,CsiI,,,,1a5fe5677b0e4fbbc854e8908225637d,d199ba0af2b08e204c73d6d81a1fd260,http/1.1,,3399.299102,10.0.2.15,60400,54.192.93.166,443,tcp,124.82175899999991,981.0,7563.0,SF,True,False,0,ShADadTTfF,22,1880,25,8567,ssl,0
3400.07509,C2xpjz3uK6Ye2gnf1e,10.0.2.15,60402,95.101.246.111,443,TLSv12,TLS_ECDHE_RSA_WITH_AES_256_GCM_SHA384,,assets.adobedtm.com,True,True,CsiI,,,,1a5fe5677b0e4fbbc854e8908225637d,410b9bedaf65dd26c6fe547154d60db4,http/1.1,,3399.522462,10.0.2.15,60402,95.101.246.111,443,tcp,10.645222000000103,599.0,183.0,SF,True,False,0,ShADadFfRr,8,927,9,547,ssl,0
3399.628638,CHk8OEQDCoPCCek1,10.0.2.15,60392,23.65.208.91,443,TLSv12,TLS_ECDHE_RSA_WITH_AES_256_CBC_SHA,secp256r1,sb.monetate.net,False,True,CsxknGIti,"['355b3d34d4ed4f7e0683e19de814d369b4dd838117c62d433c28358649da8d91', '154c433c491929c5ef686e838e323664a00e6a0d822ccc958fb4dab03e49a08f']",[],1.0,0ffee3ba8e615ad22535e7f771690a28,fe287a22c1814c37634a40cc81430145,http/1.1,,3399.266761,10.0.2.15,60392,23.65.208.91,443,tcp,36.76265700000022,768.0,50241.0,RSTO,True,False,0,ShADadFR,36,2216,54,52405,ssl,0
3399.861727,CRCOfQ3ynegZLyuQJ,10.0.2.15,60399,23.74.164.177,443,TLSv12,TLS_ECDHE_RSA_WITH_AES_256_CBC_SHA,secp256r1,appleid.cdn-apple.com,False,True,CsxknGIti,"['9647852ce7226b2487e754675efd192b58859ba0705e4770d541054d27b661b2', '9e6bc5f9ecc52460e8edc02c644d1be1cb9f2316f41daf3b616a0b2058294b31', '8420dfbe376f414bf4c0a81e6936d24ccc03f304835b86c7a39142fca723a689']",[],1.0,0ffee3ba8e615ad22535e7f771690a28,fe287a22c1814c37634a40cc81430145,http/1.1,,3399.289833,10.0.2.15,60399,23.74.164.177,443,tcp,131.55686000000014,934.0,15057.0,SF,True,False,0,ShADadTTFfRr,27,2034,34,16421,ssl,0
3399.862681,ChnYfMlKvGKE2uYdb,10.0.2.15,60398,23.74.203.65,443,TLSv12,TLS_ECDHE_RSA_WITH_AES_256_GCM_SHA384,secp256r1,www.apple.com,False,True,CsxknGIti,"['80b0a7f188adcbdc14a5fbe1bda5195963356374c63b84090e520fa448981b2d', '9e6bc5f9ecc52460e8edc02c644d1be1cb9f2316f41daf3b616a0b2058294b31']",[],1.0,0ffee3ba8e615ad22535e7f771690a28,2b33c1374db4ddf06942f92373c0b54b,http/1.1,,3399.289383,10.0.2.15,60398,23.74.203.65,443,tcp,158.2148430000002,1276.0,19332.0,SF,True,False,0,ShADadTTFfRr,34,2657,42,21016,ssl,0
3399.864636,Co4bXb7yG8LHGeXNf,10.0.2.15,60397,23.74.203.65,443,TLSv12,TLS_ECDHE_RSA_WITH_AES_256_GCM_SHA384,secp256r1,www.apple.com,False,True,CsxknGIti,"['80b0a7f188adcbdc14a5fbe1bda5195963356374c63b84090e520fa448981b2d', '9e6bc5f9ecc52460e8edc02c644d1be1cb9f2316f41daf3b616a0b2058294b31']",[],1.0,0ffee3ba8e615ad22535e7f771690a28,2b33c1374db4ddf06942f92373c0b54b,http/1.1,,3399.28881,10.0.2.15,60397,23.74.203.65,443,tcp,38.9768210000002,817.0,86943.0,RSTR,True,False,0,ShADadFRr,49,2785,87,90427,ssl,0
3399.870039,Cr5vwI2HcPPo5I7Ste,10.0.2.15,60396,23.74.203.65,443,TLSv12,TLS_ECDHE_RSA_WITH_AES_256_GCM_SHA384,secp256r1,www.apple.com,False,True,CsxknGIti,"['80b0a7f188adcbdc14a5fbe1bda5195963356374c63b84090e520fa448981b2d', '9e6bc5f9ecc52460e8edc02c644d1be1cb9f2316f41daf3b616a0b2058294b31']",[],1.0,0ffee3ba8e615ad22535e7f771690a28,2b33c1374db4ddf06942f92373c0b54b,http/1.1,,3399.288223,10.0.2.15,60396,23.74.203.65,443,tcp,131.5623559999999,813.0,11363.0,SF,True,False,0,ShADadTTFRfr,28,1953,33,12687,ssl,0
3399.870828,CK3MqY3ts3Rsj5gLRl,10.0.2.15,60395,23.74.203.65,443,TLSv12,TLS_ECDHE_RSA_WITH_AES_256_GCM_SHA384,secp256r1,www.apple.com,False,True,CsxknGIti,"['80b0a7f188adcbdc14a5fbe1bda5195963356374c63b84090e520fa448981b2d', '9e6bc5f9ecc52460e8edc02c644d1be1cb9f2316f41daf3b616a0b2058294b31']",[],1.0,0ffee3ba8e615ad22535e7f771690a28,2b33c1374db4ddf06942f92373c0b54b,http/1.1,,3399.287751,10.0.2.15,60395,23.74.203.65,443,tcp,177.77865599999996,1762.0,1016783.0,RSTO,True,False,0,ShADadTWTFR,496,21623,1146,1062627,ssl,0
3401.058903,CEMnGx4SRn9OonvFue,10.0.2.15,60408,104.94.35.91,443,TLSv12,TLS_RSA_WITH_AES_256_CBC_SHA,,www.icloud.com,True,True,CsiI,,,,1a5fe5677b0e4fbbc854e8908225637d,f4fb99c318cd91a4dfff259227ba977b,http/1.1,,3399.88486,10.0.2.15,60408,104.94.35.91,443,tcp,157.61931699999968,1066.0,25380.0,SF,True,False,0,ShADadTTFfRr,33,2407,44,27144,ssl,0
3400.07358,CHmrNK1KMn3gwHKNEl,10.0.2.15,60401,23.65.208.91,443,TLSv12,TLS_ECDHE_RSA_WITH_AES_256_CBC_SHA,secp256r1,sb.monetate.net,False,True,CsxknGIti,"['355b3d34d4ed4f7e0683e19de814d369b4dd838117c62d433c28358649da8d91', '154c433c491929c5ef686e838e323664a00e6a0d822ccc958fb4dab03e49a08f']",[],1.0,0ffee3ba8e615ad22535e7f771690a28,fe287a22c1814c37634a40cc81430145,http/1.1,,3399.522462,10.0.2.15,60401,23.65.208.91,443,tcp,6.606342999999924,395.0,3256.0,SF,True,False,0,ShADadFfRr,11,843,12,3740,ssl,0
3401.061919,C5946q39XUV0nIAhu7,10.0.2.15,60406,104.94.35.91,443,TLSv12,TLS_RSA_WITH_AES_256_CBC_SHA,,www.icloud.com,True,True,CsiI,,,,1a5fe5677b0e4fbbc854e8908225637d,f4fb99c318cd91a4dfff259227ba977b,http/1.1,,3399.874155,10.0.2.15,60406,104.94.35.91,443,tcp,139.87831800000004,1066.0,10106.0,RSTO,True,False,0,ShADadTTFR,25,2086,27,11190,ssl,0
3401.064221,ClsOxBWJ6h2idsCDf,10.0.2.15,60403,104.94.35.91,443,TLSv12,TLS_RSA_WITH_AES_256_CBC_SHA,,www.icloud.com,True,True,CsiI,,,,1a5fe5677b0e4fbbc854e8908225637d,f4fb99c318cd91a4dfff259227ba977b,http/1.1,,3399.872435,10.0.2.15,60403,104.94.35.91,443,tcp,139.8779529999997,1066.0,3573.0,SF,True,False,0,ShADadTTFf,23,2006,23,4497,ssl,0
3401.06254,CcOmhh3IbBFO4Bymt3,10.0.2.15,60405,104.94.35.91,443,TLSv12,TLS_RSA_WITH_AES_256_CBC_SHA,,www.icloud.com,True,True,CsiI,,,,1a5fe5677b0e4fbbc854e8908225637d,f4fb99c318cd91a4dfff259227ba977b,http/1.1,,3399.873691,10.0.2.15,60405,104.94.35.91,443,tcp,139.88362600000028,1066.0,5589.0,SF,True,False,0,ShADadTTFf,24,2046,24,6553,ssl,0
3401.063238,CNHqZyjFulM6VJ3Fj,10.0.2.15,60404,104.94.35.91,443,TLSv12,TLS_RSA_WITH_AES_256_CBC_SHA,,www.icloud.com,True,True,CsiI,,,,1a5fe5677b0e4fbbc854e8908225637d,f4fb99c318cd91a4dfff259227ba977b,http/1.1,,3399.873162,10.0.2.15,60404,104.94.35.91,443,tcp,139.88613299999997,1066.0,2938.0,RSTO,True,False,0,ShADadTTFR,23,2006,22,3822,ssl,0
3401.061056,Ctt2r31WqYBFjueKE2,10.0.2.15,60407,104.94.35.91,443,TLSv12,TLS_RSA_WITH_AES_256_CBC_SHA,,www.icloud.com,True,True,CsiI,,,,1a5fe5677b0e4fbbc854e8908225637d,f4fb99c318cd91a4dfff259227ba977b,http/1.1,,3399.882343,10.0.2.15,60407,104.94.35.91,443,tcp,139.8748999999998,1066.0,2501.0,SF,True,False,0,ShADadTTFf,23,2006,22,3385,ssl,0
3404.329258,C8mGr63P4vrAS4BlD1,10.0.2.15,60388,23.74.203.65,443,TLSv12,TLS_ECDHE_RSA_WITH_AES_256_GCM_SHA384,,www.apple.com,True,True,CsiI,,,,1a5fe5677b0e4fbbc854e8908225637d,410b9bedaf65dd26c6fe547154d60db4,http/1.1,,3398.264077,10.0.2.15,60388,23.74.203.65,443,tcp,23.39765000000034,599.0,183.0,SF,True,False,0,ShADadFTfRr,11,1056,10,587,ssl,0
3404.329845,CXOFAr1r1QazYfGHil,10.0.2.15,60387,23.74.203.65,443,TLSv12,TLS_ECDHE_RSA_WITH_AES_256_GCM_SHA384,,www.apple.com,True,True,CsiI,,,,1a5fe5677b0e4fbbc854e8908225637d,410b9bedaf65dd26c6fe547154d60db4,http/1.1,,3398.263284,10.0.2.15,60387,23.74.203.65,443,tcp,23.401094999999717,599.0,183.0,SF,True,False,0,ShADadFTfRr,10,1016,10,587,ssl,0
3407.592948,CbSnR1oemLwqIiXE3,10.0.2.15,60413,5.153.14.108,443,TLSv12,TLS_ECDHE_RSA_WITH_AES_256_GCM_SHA384,,fqtag.com,True,True,CsiI,,,,0ffee3ba8e615ad22535e7f771690a28,410b9bedaf65dd26c6fe547154d60db4,http/1.1,,3406.049064,10.0.2.15,60413,5.153.14.108,443,tcp,16.104895000000397,1091.0,329.0,SF,True,False,0,ShADadfF,8,1419,9,693,ssl,0
3407.654656,C71wcC1A9lFsMKRVn1,10.0.2.15,60414,5.153.14.108,443,TLSv12,TLS_ECDHE_RSA_WITH_AES_256_GCM_SHA384,,fqtag.com,True,True,CsiI,,,,0ffee3ba8e615ad22535e7f771690a28,410b9bedaf65dd26c6fe547154d60db4,http/1.1,,3406.04969,10.0.2.15,60414,5.153.14.108,443,tcp,17.644294000000173,1138.0,329.0,SF,True,False,0,ShADadfF,8,1466,9,693,ssl,0
3404.32724,Cx6utI2j7Nbsmmyo7e,10.0.2.15,60390,23.74.164.177,443,TLSv12,TLS_ECDHE_RSA_WITH_AES_256_CBC_SHA,,appleid.cdn-apple.com,True,True,CsiI,,,,1a5fe5677b0e4fbbc854e8908225637d,41e3ddb961f1fc640e74b5e068567626,http/1.1,,3398.266493,10.0.2.15,60390,23.74.164.177,443,tcp,18.23446400000012,645.0,229.0,RSTO,True,False,0,ShADadFR,8,981,7,513,ssl,0
3404.328319,CIbME21G696U4dZLq3,10.0.2.15,60389,23.74.203.65,443,TLSv12,TLS_ECDHE_RSA_WITH_AES_256_GCM_SHA384,,www.apple.com,True,True,CsiI,,,,1a5fe5677b0e4fbbc854e8908225637d,410b9bedaf65dd26c6fe547154d60db4,http/1.1,,3398.265859,10.0.2.15,60389,23.74.203.65,443,tcp,18.33146699999997,599.0,183.0,SF,True,False,0,ShADadFfRr,9,975,9,547,ssl,0
3404.332687,CNAEWNmzMptOylpil,10.0.2.15,60386,23.74.203.65,443,TLSv12,TLS_ECDHE_RSA_WITH_AES_256_GCM_SHA384,,www.apple.com,True,True,CsiI,,,,1a5fe5677b0e4fbbc854e8908225637d,410b9bedaf65dd26c6fe547154d60db4,http/1.1,,3398.2625,10.0.2.15,60386,23.74.203.65,443,tcp,18.37520600000016,599.0,183.0,RSTO,True,False,0,ShADadFR,8,935,7,467,ssl,0
3404.479633,Capsr62Iviwb7XI1j7,10.0.2.15,60391,54.192.93.166,443,TLSv12,TLS_ECDHE_RSA_WITH_AES_128_GCM_SHA256,,cdn.ed.edmunds-media.com,True,True,CsiI,,,,1a5fe5677b0e4fbbc854e8908225637d,d199ba0af2b08e204c73d6d81a1fd260,http/1.1,,3398.559782,10.0.2.15,60391,54.192.93.166,443,tcp,26.071284000000105,599.0,156.0,SF,True,False,0,ShADadFTf,9,976,8,480,ssl,0
3410.46663,CESi0xBRcQCNgQJse,10.0.2.15,60418,172.217.23.227,443,TLSv12,TLS_ECDHE_ECDSA_WITH_AES_128_GCM_SHA256,,fonts.gstatic.com,True,True,CsiI,,,,1a5fe5677b0e4fbbc854e8908225637d,c23237dbea656869600e48dfbd00ab7b,h2,,3407.573155,10.0.2.15,60418,172.217.23.227,443,tcp,251.5847960000001,2526.0,135792.0,SF,True,False,0,ShADadFf,107,6814,204,143956,ssl,0
3410.283349,CZIdgs3xgkibR3zfj9,10.0.2.15,60412,172.217.23.227,443,TLSv12,TLS_ECDHE_ECDSA_WITH_AES_128_GCM_SHA256,,fonts.gstatic.com,True,True,CsiI,,,,1a5fe5677b0e4fbbc854e8908225637d,c23237dbea656869600e48dfbd00ab7b,h2,,3409.976633,10.0.2.15,60412,172.217.23.227,443,tcp,16.559917999999925,1212.0,292.0,SF,True,False,0,^hADadFRfr,12,1692,15,896,ssl,0
3408.674547,CT2jAR25HQMKaFLPdg,10.0.2.15,60409,205.234.175.175,443,TLSv12,TLS_ECDHE_RSA_WITH_AES_128_GCM_SHA256,secp256r1,delivery.adrecover.com,False,True,CsxuknGIti,"['67851d3a0b7634554e4957bfd45d5bb30c9a91c2e61c03d3f3a855ef2c0c60c2', '154c433c491929c5ef686e838e323664a00e6a0d822ccc958fb4dab03e49a08f']",[],1.0,0ffee3ba8e615ad22535e7f771690a28,49b45fc1ab090aa3a159778313fc9b9e,h2,,3403.377956,10.0.2.15,60409,205.234.175.175,443,tcp,19.95032900000024,886.0,16307.0,SF,True,False,0,ShADadFf,20,1702,25,17311,ssl,0
3408.686596,C2bxoz3eGGhtSTME12,10.0.2.15,60416,205.234.175.175,443,TLSv12,TLS_ECDHE_RSA_WITH_AES_128_GCM_SHA256,secp256r1,delivery.adrecover.com,False,True,CsxuknGIti,"['67851d3a0b7634554e4957bfd45d5bb30c9a91c2e61c03d3f3a855ef2c0c60c2', '154c433c491929c5ef686e838e323664a00e6a0d822ccc958fb4dab03e49a08f']",[],1.0,0ffee3ba8e615ad22535e7f771690a28,49b45fc1ab090aa3a159778313fc9b9e,h2,,3406.493016,10.0.2.15,60416,205.234.175.175,443,tcp,10.350785999999973,534.0,5347.0,RSTO,True,False,0,ShADadFR,11,982,11,5791,ssl,0
3410.464662,CmlbdG3HFjo2ZLsoFb,10.0.2.15,60422,5.153.14.108,443,TLSv12,TLS_ECDHE_RSA_WITH_AES_256_GCM_SHA384,,fqtag.com,True,True,CsiI,,,,0ffee3ba8e615ad22535e7f771690a28,410b9bedaf65dd26c6fe547154d60db4,http/1.1,,3407.575702,10.0.2.15,60422,5.153.14.108,443,tcp,12.352634999999736,300.0,152.0,SF,True,False,0,ShADadFf,7,588,7,436,ssl,0
3410.465433,CA2E3M1a3TmAYcW8z6,10.0.2.15,60421,5.153.14.108,443,TLSv12,TLS_ECDHE_RSA_WITH_AES_256_GCM_SHA384,,fqtag.com,True,True,CsiI,,,,0ffee3ba8e615ad22535e7f771690a28,410b9bedaf65dd26c6fe547154d60db4,http/1.1,,3407.575208,10.0.2.15,60421,5.153.14.108,443,tcp,12.347948999999971,300.0,152.0,SF,True,False,0,ShADadFf,7,588,7,436,ssl,0
3411.374791,C8BWBO3DU7UKsrwhK6,10.0.2.15,60424,157.240.3.35,443,TLSv12,TLS_ECDHE_ECDSA_WITH_AES_128_GCM_SHA256,secp256r1,www.facebook.com,False,True,CsxknGIti,"['152151b387412a95ab90fd4664f2d98880408e9e43913124e4c91226a483386b', '19400be5b7a31fb733917700789d2f0a2471c0c9d506c0e504c06c16d7cb17c0']",[],1.0,0ffee3ba8e615ad22535e7f771690a28,2d1eb5817ece335c24904f516ad5da12,h2,,3407.837779,10.0.2.15,60424,157.240.3.35,443,tcp,96.261387,1520.0,4067.0,SF,True,False,0,ShADadfF,20,2336,23,4991,ssl,0
3407.658796,CTpRcw4pKRbHckYBch,10.0.2.15,60415,188.125.66.33,443,TLSv12,TLS_ECDHE_RSA_WITH_AES_128_GCM_SHA256,secp256r1,sp.analytics.yahoo.com,False,True,CsxknGIti,"['a42bd5146a3d4010979322f493ea1cf3e1ba9033d64ae699935e6a6ad96bd3c4', '19400be5b7a31fb733917700789d2f0a2471c0c9d506c0e504c06c16d7cb17c0']",[],1.0,1a5fe5677b0e4fbbc854e8908225637d,b898351eb5e266aefd3723d466935494,http/1.1,,3406.050443,10.0.2.15,60415,188.125.66.33,443,tcp,81.55425400000013,1097.0,4475.0,SF,True,False,0,ShADadTfF,17,1791,19,5239,ssl,0
3419.095343,CkUsu62gtPLlhuAHFg,10.0.2.15,60427,172.217.23.194,443,TLSv12,TLS_ECDHE_RSA_WITH_AES_128_GCM_SHA256,,www.googletagservices.com,True,True,CsiI,,,,1a5fe5677b0e4fbbc854e8908225637d,67619a80665d7ab92d1041b1d11f9164,h2,,3414.162095,10.0.2.15,60427,172.217.23.194,443,tcp,19.8073059999997,1025.0,156.0,SF,True,False,0,ShADadfF,12,1521,10,560,ssl,0
3419.779584,CdgDaGCcXfWn0IQk,10.0.2.15,60428,17.171.11.86,443,TLSv12,TLS_RSA_WITH_AES_128_CBC_SHA,,idmsa.apple.com,True,True,CsiI,,,,0ffee3ba8e615ad22535e7f771690a28,573a9f3f80037fb40d481e2054def5bb,,,3415.42377,10.0.2.15,60428,17.171.11.86,443,tcp,142.12252000000035,1253.0,854.0,SF,True,False,0,ShADadTTFf,24,2242,23,1778,ssl,0
3410.128017,CFFmGR1qdXImnyJZ87,10.0.2.15,60411,34.192.57.154,443,TLSv12,TLS_ECDHE_RSA_WITH_AES_128_GCM_SHA256,,www.zergnet.com,False,False,Cs,,,,0ffee3ba8e615ad22535e7f771690a28,8d2a028aa94425f76ced7826b1f39039,h2,,3410.114014,10.0.2.15,60411,34.192.57.154,443,tcp,10.263424999999645,192.0,2840.0,RSTR,True,False,0,^hADaTFdRr,6,433,7,3124,ssl,0
3424.910298,CrnBDm4nqIVkzBUMn,10.0.2.15,60432,172.217.23.232,443,TLSv12,TLS_ECDHE_RSA_WITH_AES_128_GCM_SHA256,x25519,www.googletagmanager.com,False,True,CsxknGIti,"['31ed45c3400fc5f9a84dfaa0a6f6171369876ed4e2da669ee7f8edbe3593bf6b', '9f630426df1d8abfd80ace98871ba833ab9742cb34838de2b5285ed54c0c7dcc', '3c35cc963eb004451323d3275d05b353235053490d9cd83729a2faf5e7ca1cc0']",[],1.0,0ffee3ba8e615ad22535e7f771690a28,ab41313cfec25328b20865eb1388e0a2,h2,,3419.732288,10.0.2.15,60432,172.217.23.232,443,tcp,205.33852699999989,710.0,4207.0,SF,True,False,0,ShADadFf,22,1606,24,5171,ssl,0
3424.008202,CyhFeG1B9MgMjwprE7,10.0.2.15,60434,17.171.11.86,443,TLSv12,TLS_RSA_WITH_AES_128_CBC_SHA,,idmsa.apple.com,True,True,CsiI,,,,0ffee3ba8e615ad22535e7f771690a28,573a9f3f80037fb40d481e2054def5bb,,,3422.169986,10.0.2.15,60434,17.171.11.86,443,tcp,8.376087000000098,352.0,161.0,SF,True,False,0,ShADadFf,8,680,8,485,ssl,0
3410.466117,CTAmbb33G14YqNZKql,10.0.2.15,60420,178.250.2.67,443,TLSv12,TLS_RSA_WITH_AES_128_CBC_SHA,,gum.criteo.com,False,False,Cs,,,,0ffee3ba8e615ad22535e7f771690a28,5dcc087b1a1d0a5b0658981a7e8b2c3c,,,3407.574573,10.0.2.15,60420,178.250.2.67,443,tcp,17.369353000000046,191.0,2920.0,SF,True,False,0,ShADadFf,8,519,8,3244,ssl,0
3429.583309,CPl5NO14Y0X0aKddn9,10.0.2.15,60437,52.85.189.191,443,TLSv12,TLS_ECDHE_RSA_WITH_AES_128_GCM_SHA256,,script.crazyegg.com,True,True,CsiI,,,,1a5fe5677b0e4fbbc854e8908225637d,d199ba0af2b08e204c73d6d81a1fd260,http/1.1,,3428.592843,10.0.2.15,60437,52.85.189.191,443,tcp,122.32975600000007,971.0,558.0,SF,True,False,0,ShADadTTfF,19,1750,20,1362,ssl,0
3429.584005,CZhjzLL9TNMp37PUb,10.0.2.15,60436,52.85.185.214,443,TLSv12,TLS_ECDHE_RSA_WITH_AES_128_GCM_SHA256,,js.adsrvr.org,True,True,CsiI,,,,1a5fe5677b0e4fbbc854e8908225637d,d199ba0af2b08e204c73d6d81a1fd260,http/1.1,,3428.591859,10.0.2.15,60436,52.85.185.214,443,tcp,136.2044839999999,6191.0,2136.0,SF,True,False,0,ShADadTTfF,25,7211,26,3180,ssl,0
3429.584969,Cyz9Y43cQHq92fSOWe,10.0.2.15,60435,52.85.185.214,443,TLSv12,TLS_ECDHE_RSA_WITH_AES_128_GCM_SHA256,,js.adsrvr.org,True,True,CsiI,,,,1a5fe5677b0e4fbbc854e8908225637d,d199ba0af2b08e204c73d6d81a1fd260,http/1.1,,3428.590857,10.0.2.15,60435,52.85.185.214,443,tcp,7.400705000000016,599.0,156.0,SF,True,False,0,ShADadFf,7,887,7,440,ssl,0
3429.961497,CyAYF04YzsDwhFzKzb,10.0.2.15,60439,52.85.189.191,443,TLSv12,TLS_ECDHE_RSA_WITH_AES_128_GCM_SHA256,,script.crazyegg.com,True,True,CsiI,,,,1a5fe5677b0e4fbbc854e8908225637d,d199ba0af2b08e204c73d6d81a1fd260,http/1.1,,3428.804158,10.0.2.15,60439,52.85.189.191,443,tcp,7.174597000000176,599.0,156.0,SF,True,False,0,ShADadFf,7,887,7,440,ssl,0
3411.047618,CPJ8353YCc4msvTnNl,10.0.2.15,60419,157.240.3.35,443,TLSv12,TLS_ECDHE_ECDSA_WITH_AES_128_GCM_SHA256,,www.facebook.com,False,False,Cs,,,,0ffee3ba8e615ad22535e7f771690a28,2d1eb5817ece335c24904f516ad5da12,h2,,3407.573995,10.0.2.15,60419,157.240.3.35,443,tcp,15.428248999999596,193.0,1410.0,RSTO,True,False,0,ShADaFdR,5,401,4,1574,ssl,0
3420.37358,CdvCxz2leQmPWK0qfg,10.0.2.15,60426,172.217.23.232,443,TLSv12,TLS_ECDHE_RSA_WITH_AES_128_GCM_SHA256,x25519,www.googletagmanager.com,False,True,CsxknGIti,"['31ed45c3400fc5f9a84dfaa0a6f6171369876ed4e2da669ee7f8edbe3593bf6b', '9f630426df1d8abfd80ace98871ba833ab9742cb34838de2b5285ed54c0c7dcc', '3c35cc963eb004451323d3275d05b353235053490d9cd83729a2faf5e7ca1cc0']",[],1.0,0ffee3ba8e615ad22535e7f771690a28,ab41313cfec25328b20865eb1388e0a2,h2,,3420.242528,10.0.2.15,60426,172.217.23.232,443,tcp,18.803980999999567,795.0,49418.0,SF,True,False,0,^hADadFf,46,2635,78,52542,ssl,0
3430.684982,Cvx1171nYjCRaZcnYd,10.0.2.15,60440,52.85.189.191,443,TLSv12,TLS_ECDHE_RSA_WITH_AES_128_GCM_SHA256,,script.crazyegg.com,True,True,CsiI,,,,1a5fe5677b0e4fbbc854e8908225637d,d199ba0af2b08e204c73d6d81a1fd260,http/1.1,,3429.958749,10.0.2.15,60440,52.85.189.191,443,tcp,14.495824000000084,599.0,156.0,SF,True,False,0,ShADadTFf,8,928,8,480,ssl,0
3411.045672,CccLw6308STmvzPey3,10.0.2.15,60425,178.250.2.67,443,TLSv12,TLS_RSA_WITH_AES_128_CBC_SHA,,gum.criteo.com,False,True,CsxnGIi,"['b0337c4f8b2eca88eca4de5aad8cba6d249c58c7a69f2d4b680e5adae991d2ac', 'eae72eb454bf6c3977ebd289e970b2f5282949190093d0d26f98d0f0d6a9cf17', '8420dfbe376f414bf4c0a81e6936d24ccc03f304835b86c7a39142fca723a689']",[],1.0,0ffee3ba8e615ad22535e7f771690a28,5dcc087b1a1d0a5b0658981a7e8b2c3c,,,3407.838599,10.0.2.15,60425,178.250.2.67,443,tcp,27.150240999999824,586.0,4026.0,SF,True,False,0,ShADadTFf,11,1035,12,4510,ssl,0
3410.46753,C4JF4o1KCA337YGaf5,10.0.2.15,60417,34.192.57.154,443,TLSv12,TLS_ECDHE_RSA_WITH_AES_128_GCM_SHA256,secp256r1,www.zergnet.com,False,True,CsxknGIti,"['6bb71c054b49054320e40b3cbb1c46a1d63f3f9b84a24f3c756c0ab1d9229bf8', '973a41276ffd01e027a2aad49e34c37846d3e976ff6a620b6712e33832041aa6', '3a2fbe92891e57fe05d57087f48e730f17e5a5f53ef403d618e5b74d7a7e6ecb', 'c3846bf24b9e93ca64274c0ec67c1ecc5e024ffcacd2d74019350e81fe546ae4']",[],1.0,0ffee3ba8e615ad22535e7f771690a28,8d2a028aa94425f76ced7826b1f39039,h2,,3407.572587,10.0.2.15,60417,34.192.57.154,443,tcp,228.04455599999983,688.0,5692.0,SF,True,False,0,ShADadTFf,19,1457,22,6576,ssl,0
3434.9289,CldwQ74XkwHlzr1Wz3,10.0.2.15,60441,54.246.120.193,443,TLSv12,TLS_ECDHE_RSA_WITH_AES_128_GCM_SHA256,,insight.adsrvr.org,True,True,CsiI,,,,0ffee3ba8e615ad22535e7f771690a28,303951d4c50efb2e991652225a6f02b1,,,3434.041235,10.0.2.15,60441,54.246.120.193,443,tcp,64.30454499999996,3163.0,3813.0,SF,True,False,0,ShADadTFf,17,3857,20,4617,ssl,0
3434.93931,Cp5PS639xYyDheaQv6,10.0.2.15,60442,54.246.120.193,443,TLSv12,TLS_ECDHE_RSA_WITH_AES_128_GCM_SHA256,,insight.adsrvr.org,True,True,CsiI,,,,0ffee3ba8e615ad22535e7f771690a28,303951d4c50efb2e991652225a6f02b1,,,3434.044622,10.0.2.15,60442,54.246.120.193,443,tcp,10.452313000000231,309.0,176.0,RSTO,True,False,0,ShADadFR,7,597,7,460,ssl,0
3435.085955,C9ODZl14nhqBRTODic,10.0.2.15,60443,95.100.185.88,443,TLSv12,TLS_ECDHE_RSA_WITH_AES_256_GCM_SHA384,,secure-ds.serving-sys.com,True,True,CsiI,,,,1a5fe5677b0e4fbbc854e8908225637d,410b9bedaf65dd26c6fe547154d60db4,http/1.1,,3434.659044,10.0.2.15,60443,95.100.185.88,443,tcp,9.78481899999997,599.0,183.0,SF,True,False,0,ShADadFRfr,8,927,9,547,ssl,0
3435.973127,C0vEIP1YyL6resEsqe,10.0.2.15,60444,50.121.73.21,443,TLSv12,TLS_DHE_RSA_WITH_AES_256_CBC_SHA,,frontier.com,True,True,CsiI,,,,0ffee3ba8e615ad22535e7f771690a28,38759e3bb980b0ca6bf7f22837b8582f,,,3435.287184,10.0.2.15,60444,50.121.73.21,443,tcp,9.184713999999984,349.0,161.0,SF,True,False,0,ShADadFf,7,637,7,445,ssl,0
3436.187384,C5WSI6ZSuPphUoqde,10.0.2.15,60446,216.137.61.121,443,TLSv12,TLS_ECDHE_RSA_WITH_AES_128_GCM_SHA256,,d2w3zkq33l1i26.cloudfront.net,True,True,CsiI,,,,1a5fe5677b0e4fbbc854e8908225637d,d199ba0af2b08e204c73d6d81a1fd260,http/1.1,,3435.626794,10.0.2.15,60446,216.137.61.121,443,tcp,159.75477500000034,1959.0,321675.0,SF,True,False,0,ShADadTTfF,231,11220,435,339079,ssl,0
3436.190211,CNmG994HV99eBykOr4,10.0.2.15,60445,216.137.61.121,443,TLSv12,TLS_ECDHE_RSA_WITH_AES_128_GCM_SHA256,,d2w3zkq33l1i26.cloudfront.net,True,True,CsiI,,,,1a5fe5677b0e4fbbc854e8908225637d,d199ba0af2b08e204c73d6d81a1fd260,http/1.1,,3435.62588,10.0.2.15,60445,216.137.61.121,443,tcp,8.120920999999726,599.0,156.0,SF,True,False,0,ShADadFf,8,927,7,440,ssl,0
3410.464085,CpnKB02wSXVqNNwUkb,10.0.2.15,60423,188.125.66.33,443,TLSv12,TLS_ECDHE_RSA_WITH_AES_128_GCM_SHA256,secp256r1,sp.analytics.yahoo.com,False,True,CsxknGIti,"['a42bd5146a3d4010979322f493ea1cf3e1ba9033d64ae699935e6a6ad96bd3c4', '19400be5b7a31fb733917700789d2f0a2471c0c9d506c0e504c06c16d7cb17c0']",[],1.0,1a5fe5677b0e4fbbc854e8908225637d,b898351eb5e266aefd3723d466935494,http/1.1,,3407.576475,10.0.2.15,60423,188.125.66.33,443,tcp,36.92721000000029,674.0,4033.0,RSTO,True,False,0,ShADadTFR,13,1203,12,4517,ssl,0
3439.037994,CGj1McPplcPWsz69f,10.0.2.15,60447,216.137.61.121,443,TLSv12,TLS_ECDHE_RSA_WITH_AES_128_GCM_SHA256,,d2w3zkq33l1i26.cloudfront.net,True,True,CsiI,,,,1a5fe5677b0e4fbbc854e8908225637d,d199ba0af2b08e204c73d6d81a1fd260,http/1.1,,3437.924935,10.0.2.15,60447,216.137.61.121,443,tcp,9.929109000000151,599.0,156.0,SF,True,False,0,ShADadFf,8,927,7,440,ssl,0
3444.743214,CdyyFg22fzssFlwued,10.0.2.15,60454,52.54.167.26,443,TLSv12,TLS_ECDHE_RSA_WITH_AES_128_GCM_SHA256,secp256r1,udm.edmunds.com,False,True,CsxknGIi,"['705ab567d859371ec5fd6ecbe1ac4f33250b60d55c8598238761e04551163b7e', '111006378afbe8e99bb02ba87390ca429fca2773f74d7f7eb5744f5ddf68014b', '4f32d5dc00f715250abcc486511e37f501a899deb3bf7ea8adbbd3aef1c412da']",[],1.0,0ffee3ba8e615ad22535e7f771690a28,303951d4c50efb2e991652225a6f02b1,,,3442.957934,10.0.2.15,60454,52.54.167.26,443,tcp,72.94540599999982,1381.0,5838.0,SF,True,False,0,ShADadTFf,19,2155,21,6682,ssl,0
3445.101267,Csv5WP2sACtbzzJF94,10.0.2.15,60453,172.217.23.234,443,TLSv12,TLS_ECDHE_RSA_WITH_AES_128_GCM_SHA256,x25519,fonts.googleapis.com,False,True,CsxknGIti,"['0ca616f3b5a49ded9af60777a33ae7119bfd6de6a815dbee0b64d5d69491aa06', '9f630426df1d8abfd80ace98871ba833ab9742cb34838de2b5285ed54c0c7dcc', '3c35cc963eb004451323d3275d05b353235053490d9cd83729a2faf5e7ca1cc0']",[],1.0,0ffee3ba8e615ad22535e7f771690a28,ab41313cfec25328b20865eb1388e0a2,h2,,3442.952353,10.0.2.15,60453,172.217.23.234,443,tcp,7.222451000000092,819.0,5146.0,SF,True,False,0,ShADadFf,16,1467,21,5990,ssl,0
3445.109574,CIRLOWfA9oAPfLFY3,10.0.2.15,60452,172.217.23.234,443,TLSv12,TLS_ECDHE_RSA_WITH_AES_128_GCM_SHA256,x25519,fonts.googleapis.com,False,True,CsxknGIti,"['0ca616f3b5a49ded9af60777a33ae7119bfd6de6a815dbee0b64d5d69491aa06', '9f630426df1d8abfd80ace98871ba833ab9742cb34838de2b5285ed54c0c7dcc', '3c35cc963eb004451323d3275d05b353235053490d9cd83729a2faf5e7ca1cc0']",[],1.0,0ffee3ba8e615ad22535e7f771690a28,ab41313cfec25328b20865eb1388e0a2,h2,,3442.948168,10.0.2.15,60452,172.217.23.234,443,tcp,208.36621300000024,660.0,4060.0,SF,True,False,0,ShADadFf,19,1428,22,4944,ssl,0
3445.120643,CulPY8mihZGUYsaXj,10.0.2.15,60451,82.199.68.73,443,TLSv12,TLS_RSA_WITH_AES_256_CBC_SHA,,bs.serving-sys.com,False,True,CsxnGIi,"['da83f8402756964819e846696c134edb748ee8801ff17fcfd761d886058327c8', '3f3af9c9cc2c7599ef8f6dd7ca516cfc1797d7d12002254f3bfd0d4d0fe9de86']",[],1.0,0ffee3ba8e615ad22535e7f771690a28,0a917d753018dad73d9899ace370f8d8,,,3442.946243,10.0.2.15,60451,82.199.68.73,443,tcp,5.643961000000218,569.0,2673.0,SF,True,False,0,ShADadFf,8,897,8,2997,ssl,0
3445.133109,Csb8pt4999kLZAYDTl,10.0.2.15,60450,82.199.68.73,443,TLSv12,TLS_RSA_WITH_AES_256_CBC_SHA,,bs.serving-sys.com,False,True,CsxnGIi,"['da83f8402756964819e846696c134edb748ee8801ff17fcfd761d886058327c8', '3f3af9c9cc2c7599ef8f6dd7ca516cfc1797d7d12002254f3bfd0d4d0fe9de86']",[],1.0,0ffee3ba8e615ad22535e7f771690a28,0a917d753018dad73d9899ace370f8d8,,,3442.944855,10.0.2.15,60450,82.199.68.73,443,tcp,10.703182999999626,622.0,2673.0,SF,True,False,0,ShADadFf,9,990,9,3037,ssl,0
3448.444987,CD9DGP2CfcN0CHAUg8,10.0.2.15,60457,172.217.23.234,443,TLSv12,TLS_ECDHE_RSA_WITH_AES_128_GCM_SHA256,x25519,fonts.googleapis.com,False,True,CsxknGIti,"['0ca616f3b5a49ded9af60777a33ae7119bfd6de6a815dbee0b64d5d69491aa06', '9f630426df1d8abfd80ace98871ba833ab9742cb34838de2b5285ed54c0c7dcc', '3c35cc963eb004451323d3275d05b353235053490d9cd83729a2faf5e7ca1cc0']",[],1.0,0ffee3ba8e615ad22535e7f771690a28,ab41313cfec25328b20865eb1388e0a2,h2,,3443.759108,10.0.2.15,60457,172.217.23.234,443,tcp,8.700779999999668,530.0,3968.0,SF,True,False,0,ShADadFf,15,1146,16,4612,ssl,0
3448.864936,C0OIlO3LkCAAofeHt4,10.0.2.15,60456,82.199.68.73,443,TLSv12,TLS_RSA_WITH_AES_256_CBC_SHA,,bs.serving-sys.com,False,True,CsxnGIi,"['da83f8402756964819e846696c134edb748ee8801ff17fcfd761d886058327c8', '3f3af9c9cc2c7599ef8f6dd7ca516cfc1797d7d12002254f3bfd0d4d0fe9de86']",[],1.0,0ffee3ba8e615ad22535e7f771690a28,0a917d753018dad73d9899ace370f8d8,,,3443.758049,10.0.2.15,60456,82.199.68.73,443,tcp,14.007841999999982,622.0,2673.0,SF,True,False,0,ShADadFf,10,1038,9,3037,ssl,0
3449.840062,CUHipO3fARVeHC6byl,10.0.2.15,60458,50.16.85.103,443,TLSv12,TLS_ECDHE_RSA_WITH_AES_128_GCM_SHA256,secp256r1,udm.edmunds.com,False,True,CsxknGIi,"['705ab567d859371ec5fd6ecbe1ac4f33250b60d55c8598238761e04551163b7e', '111006378afbe8e99bb02ba87390ca429fca2773f74d7f7eb5744f5ddf68014b', '4f32d5dc00f715250abcc486511e37f501a899deb3bf7ea8adbbd3aef1c412da']",[],1.0,0ffee3ba8e615ad22535e7f771690a28,303951d4c50efb2e991652225a6f02b1,,,3447.757954,10.0.2.15,60458,50.16.85.103,443,tcp,8.803063999999722,349.0,4989.0,SF,True,False,0,ShADadFfRr,12,837,15,5593,ssl,0
3454.708191,CaYK9V3Mf2QdSEP1r1,10.0.2.15,60465,172.217.23.238,443,TLSv12,TLS_ECDHE_RSA_WITH_AES_128_GCM_SHA256,,www.google-analytics.com,True,True,CsiI,,,,1a5fe5677b0e4fbbc854e8908225637d,67619a80665d7ab92d1041b1d11f9164,h2,,3454.280705,10.0.2.15,60465,172.217.23.238,443,tcp,9.822153999999957,2996.0,16679.0,SF,True,False,0,ShADadFf,37,4484,50,18683,ssl,0
3454.708761,CwGrz33vAfXP4a6KM4,10.0.2.15,60464,178.250.2.74,443,TLSv12,TLS_ECDHE_RSA_WITH_AES_256_GCM_SHA384,secp256r1,static.criteo.net,False,True,CsxknGIi,"['a53dd8cd1b9752c487c3339127e3f77ac7434d43b66db4a373f9df5da010c22f', 'eae72eb454bf6c3977ebd289e970b2f5282949190093d0d26f98d0f0d6a9cf17']",[],1.0,0ffee3ba8e615ad22535e7f771690a28,a9e3ed16ee3208291487c8d2aa2ad924,,,3454.266908,10.0.2.15,60464,178.250.2.74,443,tcp,16.77821099999983,697.0,8189.0,SF,True,False,0,ShADadTfF,13,1226,16,8833,ssl,0
3454.710244,CC3n1B28levpn8IyR,10.0.2.15,60462,216.58.201.98,443,TLSv12,TLS_ECDHE_RSA_WITH_AES_128_GCM_SHA256,x25519,www.googleadservices.com,False,True,CsxknGIti,"['33c13616ade5804cb64668e7fede6e1ef8141ce96a24e69910dfdd83efac1907', '9f630426df1d8abfd80ace98871ba833ab9742cb34838de2b5285ed54c0c7dcc', '3c35cc963eb004451323d3275d05b353235053490d9cd83729a2faf5e7ca1cc0']",[],1.0,0ffee3ba8e615ad22535e7f771690a28,ab41313cfec25328b20865eb1388e0a2,h2,,3454.259479,10.0.2.15,60462,216.58.201.98,443,tcp,205.79757300000028,1021.0,13896.0,SF,True,False,0,ShADadFf,26,2069,37,15380,ssl,0
3454.706958,CZlPWJ1lKoAGtv4Ur2,10.0.2.15,60466,52.52.191.193,443,TLSv12,TLS_ECDHE_RSA_WITH_AES_128_GCM_SHA256,secp256r1,dt.cobaltgroup.com,False,True,CsxknGIi,"['daf930fef27224a506df5954ad745d330fa628eb1cdd2a55b346c07d81a6b72b', 'f55f9ffcb83c73453261601c7e044db15a0f034b93c05830f28635ef889cf670', '87dcd4dc74640a322cd205552506d1be64f12596258096544986b4850bc72706', '28689b30e4c306aab53b027b29e36ad6dd1dcf4b953994482ca84bdc1ecac996']",[],1.0,0ffee3ba8e615ad22535e7f771690a28,303951d4c50efb2e991652225a6f02b1,,,3454.284453,10.0.2.15,60466,52.52.191.193,443,tcp,21.96040499999981,741.0,6745.0,SF,True,False,0,ShADadTFf,14,1310,16,7389,ssl,0
3454.709473,Cllh8poLrQTz7QFla,10.0.2.15,60463,54.149.64.170,443,TLSv12,TLS_ECDHE_RSA_WITH_AES_128_GCM_SHA256,secp256r1,s.nexac.com,False,True,CsxknGIi,"['bc4819dd106ce16807631b229f5929e7b98674e09684b1b849b244a459d761d3', 'eae72eb454bf6c3977ebd289e970b2f5282949190093d0d26f98d0f0d6a9cf17']",[],1.0,0ffee3ba8e615ad22535e7f771690a28,303951d4c50efb2e991652225a6f02b1,,,3454.260036,10.0.2.15,60463,54.149.64.170,443,tcp,65.09863099999984,781.0,3766.0,SF,True,False,0,ShADadTFf,16,1435,18,4490,ssl,0
3454.718556,CPCtfy1DEgCLv5H3Th,10.0.2.15,60461,151.101.112.69,443,TLSv12,TLS_ECDHE_RSA_WITH_AES_128_GCM_SHA256,secp256r1,edw.edmunds.com,False,True,CsxuknGIti,"['47a1469b14083af8cd208ab763b1ec6770cf9829f4a47a0f61f529d53b50eb6e', '74ef335e5e18788307fb9d89cb704bec112abd23487dbff41c4ded5070f241d9']",[],1.0,0ffee3ba8e615ad22535e7f771690a28,860fcf58fd757e26aa8911e5eaff6b53,http/1.1,,3454.258931,10.0.2.15,60461,151.101.112.69,443,tcp,129.4068030000003,1359.0,7937.0,SF,True,False,0,ShADadTTFfRr,26,2419,31,9181,ssl,0
3457.73456,C78cU7Rh9KSpo6rM9,10.0.2.15,60471,151.101.112.69,443,TLSv12,TLS_ECDHE_RSA_WITH_AES_128_GCM_SHA256,,edw.edmunds.com,True,True,CsiI,,,,1a5fe5677b0e4fbbc854e8908225637d,1d0e57c6ae42e9204defa51e5e1cdc4c,http/1.1,,3455.653495,10.0.2.15,60471,151.101.112.69,443,tcp,129.14920100000018,1685.0,690.0,SF,True,False,0,ShADadTTFfRr,22,2585,23,1614,ssl,0
3457.735472,Cuwnju2sCxWPA7lzd6,10.0.2.15,60469,169.47.30.64,443,TLSv12,TLS_RSA_WITH_AES_256_CBC_SHA,,tags.bluekai.com,False,True,CsxnGIi,"['f3e2a1e01c5e2e8f20022b198cde61baf841fcf748c4639eea3fd3db4785c81d', 'e0898ad662474b9f753c79bea878031c9a5d634a49edd6310b960ab023c02c0e']",[],1.0,0ffee3ba8e615ad22535e7f771690a28,f4fb99c318cd91a4dfff259227ba977b,http/1.1,,3455.651484,10.0.2.15,60469,169.47.30.64,443,tcp,7.285242999999809,1185.0,3871.0,SF,True,False,0,ShADadFf,11,1633,14,4435,ssl,0
3457.89789,Cm8kPd1Pyv3llOkcP3,10.0.2.15,60468,54.149.64.170,443,TLSv12,TLS_ECDHE_RSA_WITH_AES_128_GCM_SHA256,,s.nexac.com,True,True,CsiI,,,,0ffee3ba8e615ad22535e7f771690a28,303951d4c50efb2e991652225a6f02b1,,,3455.650935,10.0.2.15,60468,54.149.64.170,443,tcp,10.717788999999811,302.0,176.0,SF,True,False,0,ShADadFfRr,8,630,9,540,ssl,0
3457.894111,CMvE0L1nPyFKpI7yy9,10.0.2.15,60470,157.240.3.35,443,TLSv12,TLS_ECDHE_ECDSA_WITH_AES_128_GCM_SHA256,secp256r1,www.facebook.com,False,True,CsxknGIti,"['152151b387412a95ab90fd4664f2d98880408e9e43913124e4c91226a483386b', '19400be5b7a31fb733917700789d2f0a2471c0c9d506c0e504c06c16d7cb17c0']",[],1.0,0ffee3ba8e615ad22535e7f771690a28,2d1eb5817ece335c24904f516ad5da12,h2,,3455.652321,10.0.2.15,60470,157.240.3.35,443,tcp,9.180582999999842,1111.0,4532.0,RSTR,True,False,0,ShADadfRr,19,1879,23,5456,ssl,0
3459.860261,C6i9j64PPiIJMNzZHa,10.0.2.15,60473,151.101.112.69,443,TLSv12,TLS_ECDHE_RSA_WITH_AES_128_GCM_SHA256,,edw.edmunds.com,True,True,CsiI,,,,1a5fe5677b0e4fbbc854e8908225637d,1d0e57c6ae42e9204defa51e5e1cdc4c,http/1.1,,3458.344499,10.0.2.15,60473,151.101.112.69,443,tcp,7.844973000000209,599.0,191.0,SF,True,False,0,ShADadFfRr,8,927,9,555,ssl,0
3459.852321,C1QZge3ee8VifhSm0f,10.0.2.15,60472,172.217.23.227,443,TLSv12,TLS_ECDHE_ECDSA_WITH_AES_128_GCM_SHA256,x25519,www.gstatic.com,False,True,CsxknGIti,"['11ddd329046367c19b32ffdb02ed308de129de4d6ffcf95856d7bd6a7accfba9', '9f630426df1d8abfd80ace98871ba833ab9742cb34838de2b5285ed54c0c7dcc', '3c35cc963eb004451323d3275d05b353235053490d9cd83729a2faf5e7ca1cc0']",[],1.0,0ffee3ba8e615ad22535e7f771690a28,84480cf8cf0e732666092640e581e1a5,h2,,3458.324339,10.0.2.15,60472,172.217.23.227,443,tcp,5.740036000000146,496.0,4422.0,RSTO,True,False,0,ShADadFR,11,944,13,4946,ssl,0
3460.801291,ChBNGp1aOM2b9i27Vh,10.0.2.15,60480,172.217.23.230,443,TLSv12,TLS_ECDHE_RSA_WITH_AES_128_GCM_SHA256,,ad.doubleclick.net,True,True,CsiI,,,,1a5fe5677b0e4fbbc854e8908225637d,67619a80665d7ab92d1041b1d11f9164,h2,,3460.040849,10.0.2.15,60480,172.217.23.230,443,tcp,199.724029,1483.0,1098.0,SF,True,False,0,ShADadFf,19,2251,22,1982,ssl,0
3460.800531,CviYIEZdfsdUWYQl,10.0.2.15,60474,82.199.68.73,443,TLSv12,TLS_RSA_WITH_AES_256_CBC_SHA,,bs.serving-sys.com,False,True,CsxnGIi,"['da83f8402756964819e846696c134edb748ee8801ff17fcfd761d886058327c8', '3f3af9c9cc2c7599ef8f6dd7ca516cfc1797d7d12002254f3bfd0d4d0fe9de86']",[],1.0,0ffee3ba8e615ad22535e7f771690a28,0a917d753018dad73d9899ace370f8d8,,,3460.036984,10.0.2.15,60474,82.199.68.73,443,tcp,4.079172000000199,537.0,2673.0,SF,True,False,0,ShADadFf,8,865,8,2997,ssl,0
3460.801976,Ck2bBH1vf9ioUiIts6,10.0.2.15,60479,69.172.216.55,443,TLSv12,TLS_ECDHE_RSA_WITH_AES_128_GCM_SHA256,secp256r1,pixel.adsafeprotected.com,False,True,CsxknGIti,"['2883331a8fbeed598390c6c5e24f65c9c90ce58027c1b02b57604432120f5e4f', 'bc3f03a436240edba5f83714f6f677e34b37f9b1f0c08c1e558d981e279e8209']",[],1.0,0ffee3ba8e615ad22535e7f771690a28,ccc514751b175866924439bdbb5bba34,,,3460.040286,10.0.2.15,60479,69.172.216.55,443,tcp,4.055998000000272,328.0,2976.0,SF,True,False,0,ShADadFf,8,656,9,3340,ssl,0
3460.807694,C2XckmWEQxRGfW1i8,10.0.2.15,60478,82.199.68.73,443,TLSv12,TLS_RSA_WITH_AES_256_CBC_SHA,,bs.serving-sys.com,False,True,CsxnGIi,"['da83f8402756964819e846696c134edb748ee8801ff17fcfd761d886058327c8', '3f3af9c9cc2c7599ef8f6dd7ca516cfc1797d7d12002254f3bfd0d4d0fe9de86']",[],1.0,0ffee3ba8e615ad22535e7f771690a28,0a917d753018dad73d9899ace370f8d8,,,3460.039631,10.0.2.15,60478,82.199.68.73,443,tcp,4.045450999999957,537.0,2673.0,SF,True,False,0,ShADadFf,8,865,8,2997,ssl,0
3460.80785,Cwavk83yQX7jvjm4xj,10.0.2.15,60477,69.172.216.55,443,TLSv12,TLS_ECDHE_RSA_WITH_AES_128_GCM_SHA256,secp256r1,pixel.adsafeprotected.com,False,True,CsxknGIti,"['2883331a8fbeed598390c6c5e24f65c9c90ce58027c1b02b57604432120f5e4f', 'bc3f03a436240edba5f83714f6f677e34b37f9b1f0c08c1e558d981e279e8209']",[],1.0,0ffee3ba8e615ad22535e7f771690a28,8d2a028aa94425f76ced7826b1f39039,http/1.1,,3460.038961,10.0.2.15,60477,69.172.216.55,443,tcp,4.074189999999817,328.0,3007.0,SF,True,False,0,ShADadFf,8,656,9,3371,ssl,0
3460.807874,CUWA4a32LpKppog4Fg,10.0.2.15,60476,82.199.68.73,443,TLSv12,TLS_RSA_WITH_AES_256_CBC_SHA,,bs.serving-sys.com,False,True,CsxnGIi,"['da83f8402756964819e846696c134edb748ee8801ff17fcfd761d886058327c8', '3f3af9c9cc2c7599ef8f6dd7ca516cfc1797d7d12002254f3bfd0d4d0fe9de86']",[],1.0,0ffee3ba8e615ad22535e7f771690a28,0a917d753018dad73d9899ace370f8d8,,,3460.038355,10.0.2.15,60476,82.199.68.73,443,tcp,4.054433999999674,537.0,2673.0,SF,True,False,0,ShADadFf,8,865,8,2997,ssl,0
3460.807907,CH43Ox2bilhlcbX3ba,10.0.2.15,60475,69.172.216.55,443,TLSv12,TLS_ECDHE_RSA_WITH_AES_128_GCM_SHA256,secp256r1,pixel.adsafeprotected.com,False,True,CsxknGIti,"['2883331a8fbeed598390c6c5e24f65c9c90ce58027c1b02b57604432120f5e4f', 'bc3f03a436240edba5f83714f6f677e34b37f9b1f0c08c1e558d981e279e8209']",[],1.0,0ffee3ba8e615ad22535e7f771690a28,8d2a028aa94425f76ced7826b1f39039,http/1.1,,3460.037789,10.0.2.15,60475,69.172.216.55,443,tcp,4.08734800000002,328.0,3007.0,SF,True,False,0,ShADadFf,8,656,9,3371,ssl,0
3462.310826,CyYpiF4JjLlI6Muxjl,10.0.2.15,60481,95.100.181.196,443,TLSv12,TLS_ECDHE_RSA_WITH_AES_256_GCM_SHA384,secp256r1,nodeassets.today.com,False,True,CsxknGIti,"['349e7d46a7f721faa56c8720994526228e0da3519423383d0410fbf7fcc9a847', 'eae72eb454bf6c3977ebd289e970b2f5282949190093d0d26f98d0f0d6a9cf17', '8420dfbe376f414bf4c0a81e6936d24ccc03f304835b86c7a39142fca723a689']",[],1.0,0ffee3ba8e615ad22535e7f771690a28,2b33c1374db4ddf06942f92373c0b54b,http/1.1,,3461.660324,10.0.2.15,60481,95.100.181.196,443,tcp,163.346227,1411.0,75181.0,RSTO,True,False,0,ShADadTTFR,59,3794,105,79385,ssl,0
3462.297139,CAmS5f3ACojqX4ClVb,10.0.2.15,60487,95.100.176.84,443,TLSv12,TLS_ECDHE_ECDSA_WITH_AES_256_GCM_SHA384,secp256r1,media1.s-nbcnews.com,False,True,CsxknGIti,"['c65dd70429d3978571143c466f2cf88569e28da3656ecf0eaa05bef429b796a9', '2e2861289b5ccedecae4c31bf262e0fb0c29b6c1530573442731ca65d821e901']",[],1.0,0ffee3ba8e615ad22535e7f771690a28,1f5a67caff68e3d312696e32f7396c70,http/1.1,,3461.677637,10.0.2.15,60487,95.100.176.84,443,tcp,191.0527490000004,2864.0,103725.0,RSTO,True,False,0,ShADadTTFR,83,6208,140,109329,ssl,0
3462.303785,CebY9QLkvcUu8DLnc,10.0.2.15,60484,95.100.181.196,443,TLSv12,TLS_ECDHE_RSA_WITH_AES_256_GCM_SHA384,secp256r1,nodeassets.today.com,False,True,CsxknGIti,"['349e7d46a7f721faa56c8720994526228e0da3519423383d0410fbf7fcc9a847', 'eae72eb454bf6c3977ebd289e970b2f5282949190093d0d26f98d0f0d6a9cf17', '8420dfbe376f414bf4c0a81e6936d24ccc03f304835b86c7a39142fca723a689']",[],1.0,0ffee3ba8e615ad22535e7f771690a28,2b33c1374db4ddf06942f92373c0b54b,http/1.1,,3461.675695,10.0.2.15,60484,95.100.181.196,443,tcp,163.3014149999999,1367.0,86153.0,RSTO,True,False,0,ShADadTTFR,54,3550,109,90517,ssl,0
3462.30733,CLEp51M8LfiqRUKDg,10.0.2.15,60483,95.100.181.196,443,TLSv12,TLS_ECDHE_RSA_WITH_AES_256_GCM_SHA384,secp256r1,nodeassets.today.com,False,True,CsxknGIti,"['349e7d46a7f721faa56c8720994526228e0da3519423383d0410fbf7fcc9a847', 'eae72eb454bf6c3977ebd289e970b2f5282949190093d0d26f98d0f0d6a9cf17', '8420dfbe376f414bf4c0a81e6936d24ccc03f304835b86c7a39142fca723a689']",[],1.0,0ffee3ba8e615ad22535e7f771690a28,2b33c1374db4ddf06942f92373c0b54b,http/1.1,,3461.674004,10.0.2.15,60483,95.100.181.196,443,tcp,173.27212499999996,1702.0,284252.0,RSTO,True,False,0,ShADadTTFR,135,7123,307,296536,ssl,0
3466.959901,CB81iz24NkxWLoFnmi,10.0.2.15,60493,50.121.73.21,443,TLSv12,TLS_DHE_RSA_WITH_AES_256_CBC_SHA,,frontier.com,False,True,CsxknGIi,"['314e88eaccbc4b5a13502c27fe102f80587f1e2c37096fe5647b883c9363e1a9', '13efb39a2f6654e8c67bd04f4c6d4c90cd6cab5091bcedc73787f6b77d3d3fe7', '6b143c2005d5539cc22eab5f772db2a9fe87467feffa07fcf0a9f7d28274ca7a', '73c176434f1bc6d5adf45b0e76e727287c8de57616c1e6e6141a2b2cbc7d8e4c']",[],1.0,0ffee3ba8e615ad22535e7f771690a28,38759e3bb980b0ca6bf7f22837b8582f,,,3466.142151,10.0.2.15,60493,50.121.73.21,443,tcp,31.51703099999986,1671.0,48838.0,SF,True,False,0,ShADadFf,29,2839,47,50722,ssl,0
3468.148753,C95BIG29WCecg1l2y3,10.0.2.15,60496,95.100.176.84,443,TLSv12,TLS_ECDHE_ECDSA_WITH_AES_256_GCM_SHA384,secp256r1,media4.s-nbcnews.com,False,True,CsxknGIti,"['c65dd70429d3978571143c466f2cf88569e28da3656ecf0eaa05bef429b796a9', '2e2861289b5ccedecae4c31bf262e0fb0c29b6c1530573442731ca65d821e901']",[],1.0,0ffee3ba8e615ad22535e7f771690a28,1f5a67caff68e3d312696e32f7396c70,http/1.1,,3467.804545,10.0.2.15,60496,95.100.176.84,443,tcp,167.04737999999998,1194.0,31165.0,RSTO,True,False,0,ShADadTTFR,40,2817,53,33289,ssl,0
3468.149376,CPK5wq9tkr1r7LWj5,10.0.2.15,60495,95.100.176.84,443,TLSv12,TLS_ECDHE_ECDSA_WITH_AES_256_GCM_SHA384,secp256r1,media4.s-nbcnews.com,False,True,CsxknGIti,"['c65dd70429d3978571143c466f2cf88569e28da3656ecf0eaa05bef429b796a9', '2e2861289b5ccedecae4c31bf262e0fb0c29b6c1530573442731ca65d821e901']",[],1.0,0ffee3ba8e615ad22535e7f771690a28,1f5a67caff68e3d312696e32f7396c70,http/1.1,,3467.803706,10.0.2.15,60495,95.100.176.84,443,tcp,133.94420599999967,751.0,8522.0,SF,True,False,0,ShADadTTFfRr,26,1812,31,9766,ssl,0
3468.538714,CGkjo14JZts1RmVDij,10.0.2.15,60501,95.100.176.84,443,TLSv12,TLS_ECDHE_ECDSA_WITH_AES_256_GCM_SHA384,,media1.s-nbcnews.com,True,True,CsiI,,,,1a5fe5677b0e4fbbc854e8908225637d,4560a2cba28d0d5a9c9208d56ff6b439,http/1.1,,3467.810795,10.0.2.15,60501,95.100.176.84,443,tcp,166.8668520000001,1868.0,119514.0,SF,True,False,0,ShADadTTFfRr,83,5210,152,125598,ssl,0
3468.541222,CLucl81P7E1y9PSFJ7,10.0.2.15,60500,95.100.176.84,443,TLSv12,TLS_ECDHE_ECDSA_WITH_AES_256_GCM_SHA384,,media1.s-nbcnews.com,True,True,CsiI,,,,1a5fe5677b0e4fbbc854e8908225637d,4560a2cba28d0d5a9c9208d56ff6b439,http/1.1,,3467.80941,10.0.2.15,60500,95.100.176.84,443,tcp,7.743351999999959,599.0,183.0,RSTO,True,False,0,ShADadFR,8,927,7,467,ssl,0
3468.719374,CpW41Bt8nOpsLl0Ve,10.0.2.15,60502,95.100.176.84,443,TLSv12,TLS_ECDHE_ECDSA_WITH_AES_256_GCM_SHA384,,media1.s-nbcnews.com,True,True,CsiI,,,,1a5fe5677b0e4fbbc854e8908225637d,4560a2cba28d0d5a9c9208d56ff6b439,http/1.1,,3467.811392,10.0.2.15,60502,95.100.176.84,443,tcp,16.04009700000006,599.0,183.0,SF,True,False,0,ShADadFfRr,8,927,9,547,ssl,0
3468.85545,CtrlZU2f513sVNWv5e,10.0.2.15,60510,95.100.181.196,443,TLSv12,TLS_ECDHE_RSA_WITH_AES_256_GCM_SHA384,,nodeassets.today.com,True,True,CsiI,,,,1a5fe5677b0e4fbbc854e8908225637d,410b9bedaf65dd26c6fe547154d60db4,http/1.1,,3468.395061,10.0.2.15,60510,95.100.181.196,443,tcp,13.51462599999968,599.0,183.0,SF,True,False,0,ShADadFfRr,8,927,9,547,ssl,0
3468.85635,CP7BzV3yaRA60KNI7j,10.0.2.15,60509,95.100.181.196,443,TLSv12,TLS_ECDHE_RSA_WITH_AES_256_GCM_SHA384,,nodeassets.today.com,True,True,CsiI,,,,1a5fe5677b0e4fbbc854e8908225637d,410b9bedaf65dd26c6fe547154d60db4,http/1.1,,3468.393557,10.0.2.15,60509,95.100.181.196,443,tcp,13.77569399999993,599.0,183.0,SF,True,False,0,ShADadFfRr,8,927,9,547,ssl,0
3468.856827,CfGzfc4EoeQjNqCO8k,10.0.2.15,60508,95.100.181.196,443,TLSv12,TLS_ECDHE_RSA_WITH_AES_256_GCM_SHA384,,nodeassets.today.com,True,True,CsiI,,,,1a5fe5677b0e4fbbc854e8908225637d,410b9bedaf65dd26c6fe547154d60db4,http/1.1,,3468.392998,10.0.2.15,60508,95.100.181.196,443,tcp,7.074802000000091,599.0,183.0,RSTO,True,False,0,ShADadFR,8,927,7,467,ssl,0
3468.541905,C44nfj2Vk6wmNS666,10.0.2.15,60499,95.100.176.84,443,TLSv12,TLS_ECDHE_ECDSA_WITH_AES_256_GCM_SHA384,secp256r1,media4.s-nbcnews.com,False,True,CsxknGIti,"['c65dd70429d3978571143c466f2cf88569e28da3656ecf0eaa05bef429b796a9', '2e2861289b5ccedecae4c31bf262e0fb0c29b6c1530573442731ca65d821e901']",[],1.0,0ffee3ba8e615ad22535e7f771690a28,1f5a67caff68e3d312696e32f7396c70,http/1.1,,3467.808497,10.0.2.15,60499,95.100.176.84,443,tcp,166.81183999999985,1212.0,68285.0,RSTO,True,False,0,ShADadTTFR,64,3794,101,72329,ssl,0
3468.542714,CpY0az4jlmRvVaXSdb,10.0.2.15,60498,95.100.176.84,443,TLSv12,TLS_ECDHE_ECDSA_WITH_AES_256_GCM_SHA384,secp256r1,media4.s-nbcnews.com,False,True,CsxknGIti,"['c65dd70429d3978571143c466f2cf88569e28da3656ecf0eaa05bef429b796a9', '2e2861289b5ccedecae4c31bf262e0fb0c29b6c1530573442731ca65d821e901']",[],1.0,0ffee3ba8e615ad22535e7f771690a28,1f5a67caff68e3d312696e32f7396c70,http/1.1,,3467.807436,10.0.2.15,60498,95.100.176.84,443,tcp,134.26944300000014,746.0,10726.0,SF,True,False,0,ShADadTTFfRr,26,1806,32,12010,ssl,0
3468.542714,C7etZi17UYy2hJtwie,10.0.2.15,60497,95.100.176.84,443,TLSv12,TLS_ECDHE_ECDSA_WITH_AES_256_GCM_SHA384,secp256r1,media4.s-nbcnews.com,False,True,CsxknGIti,"['c65dd70429d3978571143c466f2cf88569e28da3656ecf0eaa05bef429b796a9', '2e2861289b5ccedecae4c31bf262e0fb0c29b6c1530573442731ca65d821e901']",[],1.0,0ffee3ba8e615ad22535e7f771690a28,1f5a67caff68e3d312696e32f7396c70,http/1.1,,3467.806682,10.0.2.15,60497,95.100.176.84,443,tcp,134.27037900000005,746.0,10329.0,SF,True,False,0,ShADadTTFfRr,25,1766,31,11573,ssl,0
3468.858205,CLBTcy8T0u9izJdP8,10.0.2.15,60506,95.100.176.84,443,TLSv12,TLS_ECDHE_ECDSA_WITH_AES_256_GCM_SHA384,secp256r1,media2.s-nbcnews.com,False,True,CsxknGIti,"['c65dd70429d3978571143c466f2cf88569e28da3656ecf0eaa05bef429b796a9', '2e2861289b5ccedecae4c31bf262e0fb0c29b6c1530573442731ca65d821e901']",[],1.0,0ffee3ba8e615ad22535e7f771690a28,1f5a67caff68e3d312696e32f7396c70,http/1.1,,3468.391444,10.0.2.15,60506,95.100.176.84,443,tcp,166.28841600000032,1157.0,46036.0,RSTO,True,False,0,ShADadTTFR,50,3180,78,49160,ssl,0
3468.857441,C0hzxV2S7L6B6YkZTc,10.0.2.15,60507,95.100.176.84,443,TLSv12,TLS_ECDHE_ECDSA_WITH_AES_256_GCM_SHA384,secp256r1,media2.s-nbcnews.com,False,True,CsxknGIti,"['c65dd70429d3978571143c466f2cf88569e28da3656ecf0eaa05bef429b796a9', '2e2861289b5ccedecae4c31bf262e0fb0c29b6c1530573442731ca65d821e901']",[],1.0,0ffee3ba8e615ad22535e7f771690a28,1f5a67caff68e3d312696e32f7396c70,http/1.1,,3468.392087,10.0.2.15,60507,95.100.176.84,443,tcp,133.31503699999985,767.0,18388.0,SF,True,False,0,ShADadTTFfRr,29,1947,35,19792,ssl,0
3469.795553,CiRECsXbZWAIoaYp3,10.0.2.15,60514,95.100.176.84,443,TLSv12,TLS_ECDHE_ECDSA_WITH_AES_256_GCM_SHA384,secp256r1,media2.s-nbcnews.com,False,True,CsxknGIti,"['c65dd70429d3978571143c466f2cf88569e28da3656ecf0eaa05bef429b796a9', '2e2861289b5ccedecae4c31bf262e0fb0c29b6c1530573442731ca65d821e901']",[],1.0,0ffee3ba8e615ad22535e7f771690a28,1f5a67caff68e3d312696e32f7396c70,http/1.1,,3468.73985,10.0.2.15,60514,95.100.176.84,443,tcp,132.9849680000002,762.0,23673.0,SF,True,False,0,ShADadTTFfRr,38,2302,54,25837,ssl,0
3469.796056,CIZe504YquH32v9g9g,10.0.2.15,60513,95.100.176.84,443,TLSv12,TLS_ECDHE_ECDSA_WITH_AES_256_GCM_SHA384,secp256r1,media2.s-nbcnews.com,False,True,CsxknGIti,"['c65dd70429d3978571143c466f2cf88569e28da3656ecf0eaa05bef429b796a9', '2e2861289b5ccedecae4c31bf262e0fb0c29b6c1530573442731ca65d821e901']",[],1.0,0ffee3ba8e615ad22535e7f771690a28,1f5a67caff68e3d312696e32f7396c70,http/1.1,,3468.738922,10.0.2.15,60513,95.100.176.84,443,tcp,133.33830799999987,753.0,20030.0,SF,True,False,0,ShADadTTFfRr,37,2253,46,21874,ssl,0
3469.796829,CxNz4y2WxcfA0BhLz8,10.0.2.15,60512,95.100.176.84,443,TLSv12,TLS_ECDHE_ECDSA_WITH_AES_256_GCM_SHA384,secp256r1,media2.s-nbcnews.com,False,True,CsxknGIti,"['c65dd70429d3978571143c466f2cf88569e28da3656ecf0eaa05bef429b796a9', '2e2861289b5ccedecae4c31bf262e0fb0c29b6c1530573442731ca65d821e901']",[],1.0,0ffee3ba8e615ad22535e7f771690a28,1f5a67caff68e3d312696e32f7396c70,http/1.1,,3468.738264,10.0.2.15,60512,95.100.176.84,443,tcp,133.33743400000003,744.0,10466.0,SF,True,False,0,ShADadTTFfRr,26,1804,30,11670,ssl,0
3469.952943,CIr1O228nvaHcI775l,10.0.2.15,60515,104.16.204.165,443,TLSv12,TLS_ECDHE_ECDSA_WITH_AES_128_GCM_SHA256,secp256r1,cdn.onesignal.com,False,True,CsxuknGIti,"['b0ad6221b59460c2adbe8239f30a9330216428febc77fde6fbfef1529e8b6b5c', 'cd6c108a0e641f2ca122aaa6d03f826759cae7c6f800eabf76dc48b67cd083ce', '9573862ac0b4b125168810ea3fd101ae2eb0bb15f61fc0e6da7a2a38b85a89e8']",[],1.0,0ffee3ba8e615ad22535e7f771690a28,7d3eb4120cd50e889bcd3f3783be0f82,h2,,3468.860569,10.0.2.15,60515,104.16.204.165,443,tcp,269.35970899999984,1242.0,70924.0,SF,True,False,0,ShADadFf,55,3450,91,74568,ssl,0
3469.804071,CsEq632RUD1Z6CtMZ9,10.0.2.15,60511,95.100.176.84,443,TLSv12,TLS_ECDHE_ECDSA_WITH_AES_256_GCM_SHA384,secp256r1,media3.s-nbcnews.com,False,True,CsxknGIti,"['c65dd70429d3978571143c466f2cf88569e28da3656ecf0eaa05bef429b796a9', '2e2861289b5ccedecae4c31bf262e0fb0c29b6c1530573442731ca65d821e901']",[],1.0,0ffee3ba8e615ad22535e7f771690a28,1f5a67caff68e3d312696e32f7396c70,http/1.1,,3468.733604,10.0.2.15,60511,95.100.176.84,443,tcp,198.81228599999983,2884.0,225826.0,RSTO,True,False,0,ShADadTTFR,120,7708,247,235710,ssl,0
3476.570748,CCtRBc2Htns53mx2q7,10.0.2.15,60527,50.121.73.21,443,TLSv12,TLS_DHE_RSA_WITH_AES_256_CBC_SHA,,frontier.com,True,True,CsiI,,,,0ffee3ba8e615ad22535e7f771690a28,38759e3bb980b0ca6bf7f22837b8582f,,,3474.983979,10.0.2.15,60527,50.121.73.21,443,tcp,16.29626099999996,1175.0,51321.0,RSTO,True,False,0,ShADadFR,30,2383,48,53245,ssl,0
3476.571486,ChOC0f2MrUbups5YYb,10.0.2.15,60526,50.121.73.21,443,TLSv12,TLS_DHE_RSA_WITH_AES_256_CBC_SHA,,frontier.com,True,True,CsiI,,,,0ffee3ba8e615ad22535e7f771690a28,38759e3bb980b0ca6bf7f22837b8582f,,,3474.974994,10.0.2.15,60526,50.121.73.21,443,tcp,24.474569999999854,1532.0,10047.0,RSTO,True,False,0,ShADadFR,15,2140,17,10731,ssl,0
3476.588573,CRvb1n3OesHGoi5KH,10.0.2.15,60525,50.121.73.21,443,TLSv12,TLS_DHE_RSA_WITH_AES_256_CBC_SHA,,frontier.com,True,True,CsiI,,,,0ffee3ba8e615ad22535e7f771690a28,38759e3bb980b0ca6bf7f22837b8582f,,,3474.971943,10.0.2.15,60525,50.121.73.21,443,tcp,22.548145000000204,1532.0,7555.0,RSTR,True,False,0,ShADadFRr,15,2140,16,8199,ssl,0
3476.591015,C7kWRV3OPTwl9B17nj,10.0.2.15,60528,50.121.73.21,443,TLSv12,TLS_DHE_RSA_WITH_AES_256_CBC_SHA,,frontier.com,True,True,CsiI,,,,0ffee3ba8e615ad22535e7f771690a28,38759e3bb980b0ca6bf7f22837b8582f,,,3474.988166,10.0.2.15,60528,50.121.73.21,443,tcp,22.53184199999987,1564.0,6163.0,RSTR,True,False,0,ShADadFRr,15,2172,14,6727,ssl,0
3476.590468,CMwzrd1wwaB7XDohK1,10.0.2.15,60529,50.121.73.21,443,TLSv12,TLS_DHE_RSA_WITH_AES_256_CBC_SHA,,frontier.com,True,True,CsiI,,,,0ffee3ba8e615ad22535e7f771690a28,38759e3bb980b0ca6bf7f22837b8582f,,,3475.000057,10.0.2.15,60529,50.121.73.21,443,tcp,23.469029999999748,1516.0,22437.0,RSTO,True,False,0,ShADadFR,20,2324,27,23521,ssl,0
3469.940965,CtyARXCNEuBtS1b7j,10.0.2.15,60520,104.25.84.101,443,TLSv12,TLS_ECDHE_ECDSA_WITH_AES_128_GCM_SHA256,secp256r1,c.lytics.io,False,True,CsxknGIti,"['ecf6ee93b5d61c3fdab108d0dd37aed76c6e095c1bac72a7601fe4d9b4a3b3e0', 'cd6c108a0e641f2ca122aaa6d03f826759cae7c6f800eabf76dc48b67cd083ce', '9573862ac0b4b125168810ea3fd101ae2eb0bb15f61fc0e6da7a2a38b85a89e8']",[],1.0,0ffee3ba8e615ad22535e7f771690a28,2d1eb5817ece335c24904f516ad5da12,h2,,3468.868208,10.0.2.15,60520,104.25.84.101,443,tcp,269.335431,1115.0,16516.0,SF,True,False,0,ShADadFf,26,2163,32,17800,ssl,0
3477.546699,CMgWSeEb93xkzWFJf,10.0.2.15,60545,216.137.61.121,443,TLSv12,TLS_ECDHE_RSA_WITH_AES_128_GCM_SHA256,,d2w3zkq33l1i26.cloudfront.net,True,True,CsiI,,,,1a5fe5677b0e4fbbc854e8908225637d,d199ba0af2b08e204c73d6d81a1fd260,http/1.1,,3476.65712,10.0.2.15,60545,216.137.61.121,443,tcp,15.375512000000072,974.0,38440.0,RSTR,True,False,0,ShADadTFRr,33,2303,57,40724,ssl,0
3477.559176,CbViL73zknrXN72Mij,10.0.2.15,60544,216.137.61.121,443,TLSv12,TLS_ECDHE_RSA_WITH_AES_128_GCM_SHA256,,d2w3zkq33l1i26.cloudfront.net,True,True,CsiI,,,,1a5fe5677b0e4fbbc854e8908225637d,d199ba0af2b08e204c73d6d81a1fd260,http/1.1,,3476.655549,10.0.2.15,60544,216.137.61.121,443,tcp,123.72065599999996,959.0,332117.0,SF,True,False,0,ShADadTTfF,228,10098,452,350201,ssl,0
3477.585162,CDW48x4GSafKMMyGyg,10.0.2.15,60541,172.217.23.228,443,TLSv12,TLS_ECDHE_RSA_WITH_AES_128_GCM_SHA256,,www.google.com,True,True,CsiI,,,,1a5fe5677b0e4fbbc854e8908225637d,67619a80665d7ab92d1041b1d11f9164,h2,,3476.634117,10.0.2.15,60541,172.217.23.228,443,tcp,389.38096,1466.0,2322.0,SF,True,False,0,ShADadFf,28,2594,31,3566,ssl,0
3477.323691,CUOe083Vpp3pM4betg,10.0.2.15,60530,23.65.208.91,443,TLSv12,TLS_ECDHE_RSA_WITH_AES_256_CBC_SHA,secp256r1,se.monetate.net,False,True,CsxknGIti,"['355b3d34d4ed4f7e0683e19de814d369b4dd838117c62d433c28358649da8d91', '154c433c491929c5ef686e838e323664a00e6a0d822ccc958fb4dab03e49a08f']",[],1.0,0ffee3ba8e615ad22535e7f771690a28,fe287a22c1814c37634a40cc81430145,http/1.1,,3476.595556,10.0.2.15,60530,23.65.208.91,443,tcp,138.31783199999973,784.0,7709.0,SF,True,False,0,ShADadTTFfRr,26,1844,31,8953,ssl,0
3477.565711,CE9d0I1lTTs4OOCwFg,10.0.2.15,60543,54.192.93.39,443,TLSv12,TLS_ECDHE_RSA_WITH_AES_128_GCM_SHA256,secp256r1,cdn.cohesionapps.com,False,True,CsxknGIti,"['861fda9542145f155f826be321a1f3a0881299282618b3bcfc15f1d3cb9f92e7', 'f55f9ffcb83c73453261601c7e044db15a0f034b93c05830f28635ef889cf670', '87dcd4dc74640a322cd205552506d1be64f12596258096544986b4850bc72706', '28689b30e4c306aab53b027b29e36ad6dd1dcf4b953994482ca84bdc1ecac996']",[],1.0,0ffee3ba8e615ad22535e7f771690a28,b898351eb5e266aefd3723d466935494,h2,,3476.652569,10.0.2.15,60543,54.192.93.39,443,tcp,30.94749600000023,866.0,142608.0,SF,True,False,0,ShADadFf,110,5274,199,150572,ssl,0
3477.579592,CnSmrB167XxgX6gdHf,10.0.2.15,60542,198.232.125.81,443,TLSv12,TLS_ECDHE_RSA_WITH_AES_128_GCM_SHA256,secp256r1,cdn.rawgit.com,False,True,CsxknGIti,"['02ac37edc23b77cfbfd2b4571cb5f8f7c96dc32ba1a3d40f2ce9241ebfb66f2e', '02ab57e4e67a0cb48dd2ff34830e8ac40f4476fb08ca6be3f5cd846f646840f0', '4f32d5dc00f715250abcc486511e37f501a899deb3bf7ea8adbbd3aef1c412da']",[],1.0,0ffee3ba8e615ad22535e7f771690a28,8d2a028aa94425f76ced7826b1f39039,h2,,3476.637136,10.0.2.15,60542,198.232.125.81,443,tcp,53.95207300000038,847.0,31112.0,SF,True,False,0,ShADadfF,25,1855,39,32676,ssl,0
3477.588769,CVV0Sh1joHinDrEV42,10.0.2.15,60540,94.31.29.54,443,TLSv12,TLS_ECDHE_RSA_WITH_AES_128_GCM_SHA256,secp256r1,code.jquery.com,False,True,CsxuknGIti,"['7b63a6dc9511ee7cdbf74a01a00ec40c9d2c39e68a61a90607ff590740ab369a', 'ee793643199474ed60efdc8ccde4d37445921683593aa751bbf8ee491a391e97', 'ebd41040e4bb3ec742c9e381d31ef2a41a48b6685c96e7cef3c1df6cd4331c99']",[],1.0,0ffee3ba8e615ad22535e7f771690a28,49b45fc1ab090aa3a159778313fc9b9e,h2,,3476.627657,10.0.2.15,60540,94.31.29.54,443,tcp,22.55938999999989,854.0,83378.0,RSTR,True,False,0,ShADadRr,61,3302,108,87702,ssl,0
3477.313295,CKLxXvxLURcDhYFL2,10.0.2.15,60533,104.19.196.102,443,TLSv12,TLS_ECDHE_ECDSA_WITH_AES_128_GCM_SHA256,secp256r1,cdnjs.cloudflare.com,False,True,CsxuknGIti,"['288a62410b9a17d44ccccf0ca447daaee0f3c7bcd3e0cb6d4f24ef85d2dbfdd0', 'cd6c108a0e641f2ca122aaa6d03f826759cae7c6f800eabf76dc48b67cd083ce', '9573862ac0b4b125168810ea3fd101ae2eb0bb15f61fc0e6da7a2a38b85a89e8']",[],1.0,0ffee3ba8e615ad22535e7f771690a28,7d3eb4120cd50e889bcd3f3783be0f82,h2,,3476.613699,10.0.2.15,60533,104.19.196.102,443,tcp,26.36799599999995,872.0,16329.0,SF,True,False,0,ShADadFf,22,1760,28,17453,ssl,0
3477.595074,CspOnaOi0sYZ7uCT2,10.0.2.15,60539,94.31.29.54,443,TLSv12,TLS_ECDHE_RSA_WITH_AES_128_GCM_SHA256,secp256r1,code.jquery.com,False,True,CsxuknGIti,"['7b63a6dc9511ee7cdbf74a01a00ec40c9d2c39e68a61a90607ff590740ab369a', 'ee793643199474ed60efdc8ccde4d37445921683593aa751bbf8ee491a391e97', 'ebd41040e4bb3ec742c9e381d31ef2a41a48b6685c96e7cef3c1df6cd4331c99']",[],1.0,0ffee3ba8e615ad22535e7f771690a28,49b45fc1ab090aa3a159778313fc9b9e,h2,,3476.625715,10.0.2.15,60539,94.31.29.54,443,tcp,339.28287199999977,1194.0,98864.0,SF,True,False,0,ShADadFf,66,3842,112,103348,ssl,0
3477.313925,CWzhNGOi04nhDjI5k,10.0.2.15,60532,54.192.93.7,443,TLSv12,TLS_ECDHE_RSA_WITH_AES_128_GCM_SHA256,secp256r1,cdn.invoca.solutions,False,True,CsxknGIti,"['effffd212b20ba7469439f04b9fbadb9ea8dc620faf9bc5f64bd9cdb30fd8928', '973a41276ffd01e027a2aad49e34c37846d3e976ff6a620b6712e33832041aa6']",[],1.0,0ffee3ba8e615ad22535e7f771690a28,b898351eb5e266aefd3723d466935494,http/1.1,,3476.59903,10.0.2.15,60532,54.192.93.7,443,tcp,129.406387,681.0,14349.0,SF,True,False,0,ShADadTTfF,27,1780,32,15633,ssl,0
3477.318791,Ci3zb1yKiZK8FYwdk,10.0.2.15,60531,95.101.246.111,443,TLSv12,TLS_ECDHE_RSA_WITH_AES_256_GCM_SHA384,secp256r1,assets.adobedtm.com,False,True,CsxknGIti,"['195638e0ba8dff74d467b663a7e4afb9c011e8887f275192576ea167c7887e41', '19400be5b7a31fb733917700789d2f0a2471c0c9d506c0e504c06c16d7cb17c0']",[],1.0,0ffee3ba8e615ad22535e7f771690a28,2b33c1374db4ddf06942f92373c0b54b,http/1.1,,3476.597492,10.0.2.15,60531,95.101.246.111,443,tcp,14.66775000000007,784.0,29950.0,RSTR,True,False,0,ShADadFRRRr,28,1912,42,31634,ssl,0
3477.914445,CsWRNx43r4EKlb09g8,10.0.2.15,60536,104.19.196.102,443,TLSv12,TLS_ECDHE_ECDSA_WITH_AES_128_GCM_SHA256,secp256r1,cdnjs.cloudflare.com,False,True,CsxuknGIti,"['288a62410b9a17d44ccccf0ca447daaee0f3c7bcd3e0cb6d4f24ef85d2dbfdd0', 'cd6c108a0e641f2ca122aaa6d03f826759cae7c6f800eabf76dc48b67cd083ce', '9573862ac0b4b125168810ea3fd101ae2eb0bb15f61fc0e6da7a2a38b85a89e8']",[],1.0,0ffee3ba8e615ad22535e7f771690a28,7d3eb4120cd50e889bcd3f3783be0f82,h2,,3476.618698,10.0.2.15,60536,104.19.196.102,443,tcp,10.55764999999974,856.0,4547.0,SF,True,False,0,ShADadFf,17,1544,20,5351,ssl,0
3477.923017,CSV3Oo1k76KfP6gVl1,10.0.2.15,60535,104.19.196.102,443,TLSv12,TLS_ECDHE_ECDSA_WITH_AES_128_GCM_SHA256,secp256r1,cdnjs.cloudflare.com,False,True,CsxuknGIti,"['288a62410b9a17d44ccccf0ca447daaee0f3c7bcd3e0cb6d4f24ef85d2dbfdd0', 'cd6c108a0e641f2ca122aaa6d03f826759cae7c6f800eabf76dc48b67cd083ce', '9573862ac0b4b125168810ea3fd101ae2eb0bb15f61fc0e6da7a2a38b85a89e8']",[],1.0,0ffee3ba8e615ad22535e7f771690a28,7d3eb4120cd50e889bcd3f3783be0f82,h2,,3476.618216,10.0.2.15,60535,104.19.196.102,443,tcp,11.194589000000178,833.0,5976.0,SF,True,False,0,ShADadFf,17,1521,20,6780,ssl,0
3477.936817,C4vHXo47CkVwM72dI7,10.0.2.15,60534,104.19.196.102,443,TLSv12,TLS_ECDHE_ECDSA_WITH_AES_128_GCM_SHA256,secp256r1,cdnjs.cloudflare.com,False,True,CsxuknGIti,"['288a62410b9a17d44ccccf0ca447daaee0f3c7bcd3e0cb6d4f24ef85d2dbfdd0', 'cd6c108a0e641f2ca122aaa6d03f826759cae7c6f800eabf76dc48b67cd083ce', '9573862ac0b4b125168810ea3fd101ae2eb0bb15f61fc0e6da7a2a38b85a89e8']",[],1.0,0ffee3ba8e615ad22535e7f771690a28,7d3eb4120cd50e889bcd3f3783be0f82,h2,,3476.617134,10.0.2.15,60534,104.19.196.102,443,tcp,12.929181999999855,844.0,9195.0,SF,True,False,0,ShADadFf,18,1572,21,10039,ssl,0
3477.903901,CEuPYfA19yh0v0yQl,10.0.2.15,60537,52.202.224.255,443,TLSv12,TLS_ECDHE_RSA_WITH_AES_128_GCM_SHA256,secp256r1,pnapi0.invoca.net,False,True,CsxknGIi,"['9ad8b7f78ddd17496974be62b7849739f402d6d1a63ce8283c0e3f69dcb9a256', '973a41276ffd01e027a2aad49e34c37846d3e976ff6a620b6712e33832041aa6', '3a2fbe92891e57fe05d57087f48e730f17e5a5f53ef403d618e5b74d7a7e6ecb', 'c3846bf24b9e93ca64274c0ec67c1ecc5e024ffcacd2d74019350e81fe546ae4']",[],1.0,0ffee3ba8e615ad22535e7f771690a28,303951d4c50efb2e991652225a6f02b1,,,3476.619245,10.0.2.15,60537,52.202.224.255,443,tcp,133.9223710000001,674.0,16970.0,SF,True,False,0,ShADadTTFf,32,1974,42,18654,ssl,0
3511.653746,Cgmnp61r4r7MJ7m2q3,10.0.2.15,60575,95.100.176.84,443,TLSv12,TLS_ECDHE_ECDSA_WITH_AES_256_GCM_SHA384,,media1.s-nbcnews.com,True,True,CsiI,,,,1a5fe5677b0e4fbbc854e8908225637d,4560a2cba28d0d5a9c9208d56ff6b439,http/1.1,,3511.469279,10.0.2.15,60575,95.100.176.84,443,tcp,139.61251200000015,1036.0,21359.0,RSTO,True,False,0,ShADadTTFR,28,2177,37,22843,ssl,0
3511.654807,CDmuyO30mJMkfbwjTj,10.0.2.15,60574,95.100.176.84,443,TLSv12,TLS_ECDHE_ECDSA_WITH_AES_256_GCM_SHA384,,media1.s-nbcnews.com,True,True,CsiI,,,,1a5fe5677b0e4fbbc854e8908225637d,4560a2cba28d0d5a9c9208d56ff6b439,http/1.1,,3511.468028,10.0.2.15,60574,95.100.176.84,443,tcp,139.1819800000003,1025.0,22424.0,RSTO,True,False,0,ShADadTTFR,28,2165,39,23988,ssl,0
3511.655883,CaZwp5wuII2iul4Pi,10.0.2.15,60573,95.100.176.84,443,TLSv12,TLS_ECDHE_ECDSA_WITH_AES_256_GCM_SHA384,,media3.s-nbcnews.com,True,True,CsiI,,,,1a5fe5677b0e4fbbc854e8908225637d,4560a2cba28d0d5a9c9208d56ff6b439,http/1.1,,3511.46756,10.0.2.15,60573,95.100.176.84,443,tcp,138.84773700000005,1469.0,39336.0,RSTO,True,False,0,ShADadTTFR,44,3249,64,41900,ssl,0
3512.236467,CbcKgt4opKHk1Thy26,10.0.2.15,60578,95.100.176.84,443,TLSv12,TLS_ECDHE_ECDSA_WITH_AES_256_GCM_SHA384,,media3.s-nbcnews.com,True,True,CsiI,,,,1a5fe5677b0e4fbbc854e8908225637d,4560a2cba28d0d5a9c9208d56ff6b439,http/1.1,,3511.471468,10.0.2.15,60578,95.100.176.84,443,tcp,139.15517999999977,1017.0,30098.0,RSTO,True,False,0,ShADadTTFR,36,2477,51,32142,ssl,0
3512.238147,Cv6E1V2YcRHIx0d60i,10.0.2.15,60577,95.100.176.84,443,TLSv12,TLS_ECDHE_ECDSA_WITH_AES_256_GCM_SHA384,,media3.s-nbcnews.com,True,True,CsiI,,,,1a5fe5677b0e4fbbc854e8908225637d,4560a2cba28d0d5a9c9208d56ff6b439,http/1.1,,3511.470457,10.0.2.15,60577,95.100.176.84,443,tcp,139.28321300000016,1000.0,20426.0,RSTO,True,False,0,ShADadTTFR,29,2180,37,21910,ssl,0
3512.242457,CzccGU2JX4sMk1IJlf,10.0.2.15,60576,95.100.176.84,443,TLSv12,TLS_ECDHE_ECDSA_WITH_AES_256_GCM_SHA384,,media3.s-nbcnews.com,True,True,CsiI,,,,1a5fe5677b0e4fbbc854e8908225637d,4560a2cba28d0d5a9c9208d56ff6b439,http/1.1,,3511.469971,10.0.2.15,60576,95.100.176.84,443,tcp,141.3361399999999,1040.0,18797.0,RSTO,True,False,0,ShADadTTFR,28,2180,35,20201,ssl,0
3512.739562,CvzSpt2yc3IWap7Mx9,10.0.2.15,60584,95.100.176.84,443,TLSv12,TLS_ECDHE_ECDSA_WITH_AES_256_GCM_SHA384,,media1.s-nbcnews.com,True,True,CsiI,,,,1a5fe5677b0e4fbbc854e8908225637d,4560a2cba28d0d5a9c9208d56ff6b439,http/1.1,,3511.64594,10.0.2.15,60584,95.100.176.84,443,tcp,10.087828000000172,599.0,183.0,RSTO,True,False,0,ShADadFR,7,887,7,467,ssl,0
3511.651889,CfLoA93zRLAgTJFn84,10.0.2.15,60571,185.172.148.132,443,TLSv12,TLS_ECDHE_RSA_WITH_AES_256_GCM_SHA384,secp256r1,opensource.keycdn.com,False,True,CsxuknGIti,"['e367df86065816a19cd3d2273aad5debe79742cc590db5ead9aaebf2a9a453f6', '25847d668eb4f04fdd40b12b6b0740c567da7d024308eb6c2c96fe41d9de218d']",[],1.0,0ffee3ba8e615ad22535e7f771690a28,56b85db39191a25c7b51014bd797544e,h2,,3511.162332,10.0.2.15,60571,185.172.148.132,443,tcp,36.95999299999994,1009.0,180299.0,SF,True,False,0,ShADadfF,74,3977,177,187383,ssl,0
3512.549138,CvnZFXWGFcHgQM7zi,10.0.2.15,60582,95.100.181.196,443,TLSv12,TLS_ECDHE_RSA_WITH_AES_256_GCM_SHA384,,nodeassets.today.com,True,True,CsiI,,,,1a5fe5677b0e4fbbc854e8908225637d,410b9bedaf65dd26c6fe547154d60db4,http/1.1,,3511.629404,10.0.2.15,60582,95.100.181.196,443,tcp,10.109072000000197,599.0,183.0,RSTO,True,False,0,ShADadFR,7,887,7,467,ssl,0
3512.742646,CSBhgM3J5YPXEs2Nt,10.0.2.15,60583,95.100.176.84,443,TLSv12,TLS_ECDHE_ECDSA_WITH_AES_256_GCM_SHA384,,media1.s-nbcnews.com,True,True,CsiI,,,,1a5fe5677b0e4fbbc854e8908225637d,4560a2cba28d0d5a9c9208d56ff6b439,http/1.1,,3511.643738,10.0.2.15,60583,95.100.176.84,443,tcp,24.833318999999847,599.0,152.0,SF,True,False,0,ShADadFTf,8,928,8,476,ssl,0
3513.460421,CrLtCflWvuT3oiNmj,10.0.2.15,60592,104.154.79.29,443,TLSv12,TLS_ECDHE_RSA_WITH_AES_128_GCM_SHA256,secp256r1,api.lytics.io,False,True,CsxknGIti,"['2669921ac447f44f6125086d53c6456b49258e2c82c86d7b28a260656846fe02', 'e6683e88315cd1cb403c0cea490f7c4b4c82c91cd485037489aadbaa90839f61']",[],1.0,0ffee3ba8e615ad22535e7f771690a28,ccc514751b175866924439bdbb5bba34,,,3511.711886,10.0.2.15,60592,104.154.79.29,443,tcp,72.75961199999983,793.0,4002.0,SF,True,False,0,ShADadTfF,17,1487,18,4726,ssl,0
3513.458353,CSPDiy16xi7WuGLWaa,10.0.2.15,60591,104.154.79.29,443,TLSv12,TLS_ECDHE_RSA_WITH_AES_128_GCM_SHA256,secp256r1,api.lytics.io,False,True,CsxknGIti,"['2669921ac447f44f6125086d53c6456b49258e2c82c86d7b28a260656846fe02', 'e6683e88315cd1cb403c0cea490f7c4b4c82c91cd485037489aadbaa90839f61']",[],1.0,0ffee3ba8e615ad22535e7f771690a28,ccc514751b175866924439bdbb5bba34,,,3511.710396,10.0.2.15,60591,104.154.79.29,443,tcp,81.2158260000001,1721.0,32549.0,SF,True,False,0,ShADadTfF,28,2854,40,34153,ssl,0
3519.472723,CcgQX6OnYqoyFWVva,10.0.2.15,60608,95.100.176.84,443,TLSv12,TLS_ECDHE_ECDSA_WITH_AES_256_GCM_SHA384,,media3.s-nbcnews.com,True,True,CsiI,,,,1a5fe5677b0e4fbbc854e8908225637d,4560a2cba28d0d5a9c9208d56ff6b439,http/1.1,,3518.010724,10.0.2.15,60608,95.100.176.84,443,tcp,12.600878999999622,599.0,183.0,RSTO,True,False,0,ShADadTFR,8,928,8,507,ssl,0
3519.489297,C3MJpLS2MhJK2oD8b,10.0.2.15,60624,95.100.181.196,443,TLSv12,TLS_ECDHE_RSA_WITH_AES_256_GCM_SHA384,secp256r1,nodeassets.today.com,False,True,CsxknGIti,"['349e7d46a7f721faa56c8720994526228e0da3519423383d0410fbf7fcc9a847', 'eae72eb454bf6c3977ebd289e970b2f5282949190093d0d26f98d0f0d6a9cf17', '8420dfbe376f414bf4c0a81e6936d24ccc03f304835b86c7a39142fca723a689']",[],1.0,0ffee3ba8e615ad22535e7f771690a28,2b33c1374db4ddf06942f92373c0b54b,http/1.1,,3519.189611,10.0.2.15,60624,95.100.181.196,443,tcp,2.315193000000363,711.0,4794.0,RSTO,True,False,0,ShADadFR,9,1079,10,5198,ssl,0
3524.189361,CD0J8N1FGDGzy8VOu5,10.0.2.15,60585,95.100.176.84,443,TLSv12,TLS_ECDHE_ECDSA_WITH_AES_256_GCM_SHA384,,media3.s-nbcnews.com,True,True,CsiI,,,,1a5fe5677b0e4fbbc854e8908225637d,4560a2cba28d0d5a9c9208d56ff6b439,http/1.1,,3520.833179,10.0.2.15,60585,95.100.176.84,443,tcp,13.741264999999656,599.0,183.0,SF,True,False,0,ShADadFfRr,9,967,9,547,ssl,0
3525.812513,CipmMp1SXUUdv1iMy2,10.0.2.15,60613,95.100.181.196,443,TLSv12,TLS_ECDHE_RSA_WITH_AES_256_GCM_SHA384,secp256r1,nodeassets.today.com,False,True,CsxknGIti,"['349e7d46a7f721faa56c8720994526228e0da3519423383d0410fbf7fcc9a847', 'eae72eb454bf6c3977ebd289e970b2f5282949190093d0d26f98d0f0d6a9cf17', '8420dfbe376f414bf4c0a81e6936d24ccc03f304835b86c7a39142fca723a689']",[],1.0,0ffee3ba8e615ad22535e7f771690a28,2b33c1374db4ddf06942f92373c0b54b,http/1.1,,3525.506436,10.0.2.15,60613,95.100.181.196,443,tcp,13.438338999999814,354.0,4825.0,RSTO,True,False,0,^hADadFR,10,754,13,5349,ssl,0
3532.182514,CeUKtp4PzuAhBb7FH5,10.0.2.15,60665,104.16.208.165,443,TLSv12,TLS_ECDHE_ECDSA_WITH_AES_128_GCM_SHA256,secp256r1,foreverymom.onesignal.com,False,True,CsxuknGIti,"['b0ad6221b59460c2adbe8239f30a9330216428febc77fde6fbfef1529e8b6b5c', 'cd6c108a0e641f2ca122aaa6d03f826759cae7c6f800eabf76dc48b67cd083ce', '9573862ac0b4b125168810ea3fd101ae2eb0bb15f61fc0e6da7a2a38b85a89e8']",[],1.0,0ffee3ba8e615ad22535e7f771690a28,7d3eb4120cd50e889bcd3f3783be0f82,h2,,3530.256766,10.0.2.15,60665,104.16.208.165,443,tcp,8.157340000000204,539.0,3876.0,SF,True,False,0,ShADadFf,11,987,13,4400,ssl,0
3528.665762,Cv0RaN3JcSqT1OYNeb,10.0.2.15,60657,209.15.36.31,443,TLSv12,TLS_ECDHE_RSA_WITH_AES_256_CBC_SHA,secp256r1,pixel-a.sitescout.com,False,False,CsxknGI,"['f015d4c86fc456a1d84bc3afa7ddb630a34da324037bb1cc3206209a00eae6e4', 'bc3f03a436240edba5f83714f6f677e34b37f9b1f0c08c1e558d981e279e8209']",[],1.0,0ffee3ba8e615ad22535e7f771690a28,63a37e7be22df054d1f448fc0c28b98f,,,3526.889643,10.0.2.15,60657,209.15.36.31,443,tcp,6.502097999999933,380.0,2708.0,SF,True,False,0,ShADadfF,7,668,6,2952,ssl,0
3541.605493,CmlzNS2PjNhWLNT0i6,10.0.2.15,60672,172.217.23.194,443,TLSv12,TLS_ECDHE_RSA_WITH_AES_128_GCM_SHA256,x25519,googleads.g.doubleclick.net,False,True,CsxknGIti,"['a32ffddd76f9e7debbfc9a37b38d2ef86039b30a10d7c45ab8223d149cf99699', '9f630426df1d8abfd80ace98871ba833ab9742cb34838de2b5285ed54c0c7dcc', '3c35cc963eb004451323d3275d05b353235053490d9cd83729a2faf5e7ca1cc0']",[],1.0,0ffee3ba8e615ad22535e7f771690a28,ab41313cfec25328b20865eb1388e0a2,h2,,3540.847224,10.0.2.15,60672,172.217.23.194,443,tcp,2.928958999999849,297.0,4047.0,RSTO,True,False,0,ShADadFR,8,625,9,4411,ssl,0
3542.629872,CnMnu820ev6OwHUVPb,10.0.2.15,60679,31.13.73.36,443,TLSv12,TLS_ECDHE_ECDSA_WITH_AES_128_GCM_SHA256,,www.facebook.com,False,False,Cs,,,,0ffee3ba8e615ad22535e7f771690a28,2d1eb5817ece335c24904f516ad5da12,h2,,3541.195006,10.0.2.15,60679,31.13.73.36,443,tcp,3.176799000000301,193.0,2840.0,RSTR,True,False,0,ShADaFdRr,6,441,6,3084,ssl,0
3542.630522,CDVr3E1jIYESGlt7n6,10.0.2.15,60678,157.240.11.22,443,TLSv12,TLS_ECDHE_ECDSA_WITH_AES_128_GCM_SHA256,,connect.facebook.net,False,False,Cs,,,,0ffee3ba8e615ad22535e7f771690a28,2d1eb5817ece335c24904f516ad5da12,h2,,3541.192861,10.0.2.15,60678,157.240.11.22,443,tcp,3.185386000000107,197.0,1410.0,RSTO,True,False,0,ShADaFdR,5,405,4,1574,ssl,0
3554.12451,CgeSil132mMGdsbKi6,10.0.2.15,60697,31.13.66.52,443,TLSv12,TLS_ECDHE_RSA_WITH_AES_128_GCM_SHA256,secp256r1,scontent.cdninstagram.com,False,True,CsxknGIti,"['75f97496eafd0cbf253c16a154838631116569e35c96831f9720036d048f93a4', '19400be5b7a31fb733917700789d2f0a2471c0c9d506c0e504c06c16d7cb17c0']",[],1.0,0ffee3ba8e615ad22535e7f771690a28,b898351eb5e266aefd3723d466935494,h2,,3553.744242,10.0.2.15,60697,31.13.66.52,443,tcp,3.165216999999757,328.0,4165.0,RSTO,True,False,0,ShADadR,7,616,8,4489,ssl,0
3554.132501,C82t7148MWoRMQROl8,10.0.2.15,60696,31.13.66.52,443,TLSv12,TLS_ECDHE_RSA_WITH_AES_128_GCM_SHA256,secp256r1,scontent.cdninstagram.com,False,True,CsxknGIti,"['75f97496eafd0cbf253c16a154838631116569e35c96831f9720036d048f93a4', '19400be5b7a31fb733917700789d2f0a2471c0c9d506c0e504c06c16d7cb17c0']",[],1.0,0ffee3ba8e615ad22535e7f771690a28,b898351eb5e266aefd3723d466935494,h2,,3553.741128,10.0.2.15,60696,31.13.66.52,443,tcp,3.143461999999999,328.0,4165.0,RSTO,True,False,0,ShADadR,7,616,7,4449,ssl,0
3554.133628,Cuk4Ji1l2FhMTbrvab,10.0.2.15,60695,31.13.66.52,443,TLSv12,TLS_ECDHE_RSA_WITH_AES_128_GCM_SHA256,secp256r1,scontent.cdninstagram.com,False,True,CsxknGIti,"['75f97496eafd0cbf253c16a154838631116569e35c96831f9720036d048f93a4', '19400be5b7a31fb733917700789d2f0a2471c0c9d506c0e504c06c16d7cb17c0']",[],1.0,0ffee3ba8e615ad22535e7f771690a28,b898351eb5e266aefd3723d466935494,h2,,3553.739105,10.0.2.15,60695,31.13.66.52,443,tcp,3.124565000000075,328.0,4165.0,RSTO,True,False,0,ShADadR,7,616,7,4449,ssl,0
3554.134497,CtqBz3W3H6HpvMHy1,10.0.2.15,60700,31.13.66.52,443,TLSv12,TLS_ECDHE_RSA_WITH_AES_128_GCM_SHA256,secp256r1,scontent.cdninstagram.com,False,True,CsxknGIti,"['75f97496eafd0cbf253c16a154838631116569e35c96831f9720036d048f93a4', '19400be5b7a31fb733917700789d2f0a2471c0c9d506c0e504c06c16d7cb17c0']",[],1.0,0ffee3ba8e615ad22535e7f771690a28,b898351eb5e266aefd3723d466935494,h2,,3553.751848,10.0.2.15,60700,31.13.66.52,443,tcp,3.103801000000203,328.0,4165.0,RSTO,True,False,0,ShADadR,7,616,7,4449,ssl,0
3554.135983,C9GjwE4pWK3ktFfNpd,10.0.2.15,60698,31.13.66.52,443,TLSv12,TLS_ECDHE_RSA_WITH_AES_128_GCM_SHA256,secp256r1,scontent.cdninstagram.com,False,True,CsxknGIti,"['75f97496eafd0cbf253c16a154838631116569e35c96831f9720036d048f93a4', '19400be5b7a31fb733917700789d2f0a2471c0c9d506c0e504c06c16d7cb17c0']",[],1.0,0ffee3ba8e615ad22535e7f771690a28,b898351eb5e266aefd3723d466935494,h2,,3553.74844,10.0.2.15,60698,31.13.66.52,443,tcp,3.109465,328.0,4165.0,RSTO,True,False,0,ShADadR,8,656,8,4489,ssl,0
3554.135225,CN3fQK1FuhHw7Al7xk,10.0.2.15,60699,31.13.66.52,443,TLSv12,TLS_ECDHE_RSA_WITH_AES_128_GCM_SHA256,secp256r1,scontent.cdninstagram.com,False,True,CsxknGIti,"['75f97496eafd0cbf253c16a154838631116569e35c96831f9720036d048f93a4', '19400be5b7a31fb733917700789d2f0a2471c0c9d506c0e504c06c16d7cb17c0']",[],1.0,0ffee3ba8e615ad22535e7f771690a28,b898351eb5e266aefd3723d466935494,h2,,3553.749945,10.0.2.15,60699,31.13.66.52,443,tcp,3.119752000000062,328.0,4165.0,RSTO,True,False,0,ShADadR,8,656,8,4489,ssl,0
3564.661082,CmIxF42YtdDRBr7aJe,10.0.2.15,60712,87.248.118.23,443,TLSv12,TLS_ECDHE_RSA_WITH_AES_128_GCM_SHA256,secp256r1,s.yimg.com,False,True,CsxuknGIti,"['17c38c0774bea02f4d68cddbf13b5353fecf6187ce52c722477434573a17ee28', 'eae72eb454bf6c3977ebd289e970b2f5282949190093d0d26f98d0f0d6a9cf17']",[],1.0,0ffee3ba8e615ad22535e7f771690a28,76cc3e2d3028143b23ec18e27dbd7ca9,h2,,3564.251389,10.0.2.15,60712,87.248.118.23,443,tcp,365.3839589999998,1100.0,13293.0,SF,True,False,0,ShADadFf,27,2188,33,14617,ssl,0
3565.418848,CqXk2l49MSMBFMNyrd,10.0.2.15,60714,157.240.11.22,443,TLSv12,TLS_ECDHE_ECDSA_WITH_AES_128_GCM_SHA256,secp256r1,connect.facebook.net,False,True,CsxknGIti,"['152151b387412a95ab90fd4664f2d98880408e9e43913124e4c91226a483386b', '19400be5b7a31fb733917700789d2f0a2471c0c9d506c0e504c06c16d7cb17c0']",[],1.0,0ffee3ba8e615ad22535e7f771690a28,2d1eb5817ece335c24904f516ad5da12,h2,,3565.091165,10.0.2.15,60714,157.240.11.22,443,tcp,131.99251000000004,877.0,12940.0,SF,True,False,0,ShADadfF,19,1645,28,14064,ssl,0
3569.433249,CNxlg6EcnAfb0vKJ8,10.0.2.15,60727,95.101.241.136,443,TLSv12,TLS_ECDHE_RSA_WITH_AES_256_GCM_SHA384,,cdn.optimizely.com,True,True,CsiI,,,,1a5fe5677b0e4fbbc854e8908225637d,410b9bedaf65dd26c6fe547154d60db4,h2,,3568.826349,10.0.2.15,60727,95.101.241.136,443,tcp,379.396996,1577.0,136267.0,SF,True,False,0,ShADadFfRr,104,5745,185,143671,ssl,0
3570.359709,CftTHO3k8xLnSygRr3,10.0.2.15,60734,173.255.114.241,443,TLSv12,TLS_ECDHE_RSA_WITH_AES_128_GCM_SHA256,secp256r1,code.angularjs.org,False,True,CsxuknGIti,"['f1445fa6ee9343ac627b3a0bf8110e14997f0c67b838bedccc5780904f64d2e6', '02ab57e4e67a0cb48dd2ff34830e8ac40f4476fb08ca6be3f5cd846f646840f0', '4f32d5dc00f715250abcc486511e37f501a899deb3bf7ea8adbbd3aef1c412da', '687fa451382278fff0c8b11f8d43d576671c6eb2bceab413fb83d965d06d2ff2']",[],1.0,0ffee3ba8e615ad22535e7f771690a28,a9f50de6377ae7c6dbaabc53f089ac30,,,3569.708092,10.0.2.15,60734,173.255.114.241,443,tcp,39.16063000000031,659.0,246311.0,SF,True,False,0,ShADadTFf,98,4589,184,253675,ssl,0
3570.518165,CVQAyv3dHgAYvUajzl,10.0.2.15,60737,104.19.196.102,443,TLSv12,TLS_ECDHE_ECDSA_WITH_AES_128_GCM_SHA256,secp256r1,cdnjs.cloudflare.com,False,True,CsxuknGIti,"['288a62410b9a17d44ccccf0ca447daaee0f3c7bcd3e0cb6d4f24ef85d2dbfdd0', 'cd6c108a0e641f2ca122aaa6d03f826759cae7c6f800eabf76dc48b67cd083ce', '9573862ac0b4b125168810ea3fd101ae2eb0bb15f61fc0e6da7a2a38b85a89e8']",[],1.0,0ffee3ba8e615ad22535e7f771690a28,7d3eb4120cd50e889bcd3f3783be0f82,h2,,3569.729561,10.0.2.15,60737,104.19.196.102,443,tcp,213.11506199999985,1137.0,9707.0,SF,True,False,0,ShADadFf,23,2065,28,10831,ssl,0
3570.530636,CV2BfK1ILk1liSwxFl,10.0.2.15,60735,173.255.114.241,443,TLSv12,TLS_ECDHE_RSA_WITH_AES_128_GCM_SHA256,secp256r1,code.angularjs.org,False,True,CsxuknGIti,"['f1445fa6ee9343ac627b3a0bf8110e14997f0c67b838bedccc5780904f64d2e6', '02ab57e4e67a0cb48dd2ff34830e8ac40f4476fb08ca6be3f5cd846f646840f0', '4f32d5dc00f715250abcc486511e37f501a899deb3bf7ea8adbbd3aef1c412da', '687fa451382278fff0c8b11f8d43d576671c6eb2bceab413fb83d965d06d2ff2']",[],1.0,0ffee3ba8e615ad22535e7f771690a28,a9f50de6377ae7c6dbaabc53f089ac30,,,3569.717413,10.0.2.15,60735,173.255.114.241,443,tcp,66.28137100000004,634.0,17398.0,SF,True,False,0,ShADadTfF,20,1448,27,18482,ssl,0
3570.525857,C3pBgP253BhOiYKoJa,10.0.2.15,60736,173.255.114.241,443,TLSv12,TLS_ECDHE_RSA_WITH_AES_128_GCM_SHA256,secp256r1,code.angularjs.org,False,True,CsxuknGIti,"['f1445fa6ee9343ac627b3a0bf8110e14997f0c67b838bedccc5780904f64d2e6', '02ab57e4e67a0cb48dd2ff34830e8ac40f4476fb08ca6be3f5cd846f646840f0', '4f32d5dc00f715250abcc486511e37f501a899deb3bf7ea8adbbd3aef1c412da', '687fa451382278fff0c8b11f8d43d576671c6eb2bceab413fb83d965d06d2ff2']",[],1.0,0ffee3ba8e615ad22535e7f771690a28,a9f50de6377ae7c6dbaabc53f089ac30,,,3569.72899,10.0.2.15,60736,173.255.114.241,443,tcp,66.28753499999993,637.0,14366.0,SF,True,False,0,ShADadTfF,19,1410,24,15330,ssl,0
3577.351058,C7VJUZ2XnFdws9QKz3,10.0.2.15,60806,172.217.23.238,443,TLSv12,TLS_ECDHE_RSA_WITH_AES_128_GCM_SHA256,,apis.google.com,True,True,CsiI,,,,1a5fe5677b0e4fbbc854e8908225637d,67619a80665d7ab92d1041b1d11f9164,h2,,3576.061353,10.0.2.15,60806,172.217.23.238,443,tcp,333.35240799999974,2453.0,103729.0,SF,True,False,0,ShADadFf,69,5221,131,108973,ssl,0
3577.483748,CRUKhE1cT4mQxU1kp2,10.0.2.15,60810,172.217.23.226,443,TLSv12,TLS_ECDHE_RSA_WITH_AES_128_GCM_SHA256,,securepubads.g.doubleclick.net,True,True,CsiI,,,,1a5fe5677b0e4fbbc854e8908225637d,67619a80665d7ab92d1041b1d11f9164,h2,,3576.082812,10.0.2.15,60810,172.217.23.226,443,tcp,518.3841090000001,44754.0,258302.0,SF,True,False,0,ShADadFf,262,55242,453,276426,ssl,0
3577.600172,CLGBZ63lI9RzGBTJrb,10.0.2.15,60811,172.217.23.226,443,TLSv12,TLS_ECDHE_RSA_WITH_AES_128_GCM_SHA256,,securepubads.g.doubleclick.net,True,True,CsiI,,,,1a5fe5677b0e4fbbc854e8908225637d,67619a80665d7ab92d1041b1d11f9164,h2,,3576.345315,10.0.2.15,60811,172.217.23.226,443,tcp,7.807162000000062,808.0,254.0,RSTO,True,False,0,ShADadFR,9,1176,9,618,ssl,0
3577.370198,CNdDE83NdjLnWGTzTk,10.0.2.15,60801,107.21.101.241,443,TLSv12,TLS_ECDHE_RSA_WITH_AES_128_GCM_SHA256,secp256r1,1557470023.log.optimizely.com,False,True,CsxknGIi,"['720a04382d93aa8932b95cc755b9fbaab1b6a01d85399736cf4d5a4607e41172', '19400be5b7a31fb733917700789d2f0a2471c0c9d506c0e504c06c16d7cb17c0', '7431e5f4c3c1ce4690774f0b61e05440883ba9a01ed00ba6abd7806ed3b118cf']",[],1.0,0ffee3ba8e615ad22535e7f771690a28,303951d4c50efb2e991652225a6f02b1,,,3576.036666,10.0.2.15,60801,107.21.101.241,443,tcp,75.18933700000025,1037.0,5062.0,SF,True,False,0,ShADadTFf,17,1731,18,5786,ssl,0
3591.227754,CjHkhT33QJZpDyi78f,10.0.2.15,60767,107.21.101.241,443,TLSv12,TLS_ECDHE_RSA_WITH_AES_128_GCM_SHA256,,1557470023.log.optimizely.com,True,True,CsiI,,,,0ffee3ba8e615ad22535e7f771690a28,303951d4c50efb2e991652225a6f02b1,,,3584.771349,10.0.2.15,60767,107.21.101.241,443,tcp,16.340549999999894,320.0,176.0,SF,True,False,0,ShADadFfRr,8,648,9,540,ssl,0
3607.174647,CLXQrD1Ndd9Uz8ifF,10.0.2.15,60849,95.101.252.144,443,TLSv12,TLS_ECDHE_RSA_WITH_AES_256_GCM_SHA384,,z.moatads.com,True,True,CsiI,,,,1a5fe5677b0e4fbbc854e8908225637d,410b9bedaf65dd26c6fe547154d60db4,http/1.1,,3606.626023,10.0.2.15,60849,95.101.252.144,443,tcp,131.02569100000028,908.0,71435.0,SF,True,False,0,ShADadTTFfRr,43,2648,88,74959,ssl,0
3608.823059,Cd67qs1cGy72XxQVyk,10.0.2.15,60852,172.217.23.238,443,TLSv12,TLS_ECDHE_RSA_WITH_AES_128_GCM_SHA256,,apis.google.com,True,True,CsiI,,,,1a5fe5677b0e4fbbc854e8908225637d,67619a80665d7ab92d1041b1d11f9164,h2,,3607.721821,10.0.2.15,60852,172.217.23.238,443,tcp,1.96481999999969,808.0,292.0,SF,True,False,0,ShADadFf,10,1216,12,776,ssl,0
3612.615716,Cg4EQn9Cu6k4sZ0Vd,10.0.2.15,60864,151.101.112.143,443,TLSv12,TLS_ECDHE_RSA_WITH_AES_128_GCM_SHA256,,www.upworthy.com,True,True,CsiI,,,,1a5fe5677b0e4fbbc854e8908225637d,1d0e57c6ae42e9204defa51e5e1cdc4c,http/1.1,,3612.310981,10.0.2.15,60864,151.101.112.143,443,tcp,1.122180999999727,912.0,981.0,SF,True,False,0,ShADadfF,7,1200,8,1305,ssl,0
3612.622815,CeW9dy7rsVTMjXqN,10.0.2.15,60858,54.148.203.149,443,TLSv12,TLS_ECDHE_RSA_WITH_AES_128_GCM_SHA256,secp256r1,api.b2c.com,False,True,CsxknGIi,"['f031fdfc66c503afe860959473393d0e4cd0b54ed112304de2c3a48cf7c481f6', '973a41276ffd01e027a2aad49e34c37846d3e976ff6a620b6712e33832041aa6', '3a2fbe92891e57fe05d57087f48e730f17e5a5f53ef403d618e5b74d7a7e6ecb', 'c3846bf24b9e93ca64274c0ec67c1ecc5e024ffcacd2d74019350e81fe546ae4']",[],1.0,0ffee3ba8e615ad22535e7f771690a28,303951d4c50efb2e991652225a6f02b1,,,3612.146214,10.0.2.15,60858,54.148.203.149,443,tcp,76.74153100000012,626.0,10860.0,SF,True,False,0,ShADadTFf,20,1440,25,11864,ssl,0
3614.307292,CSYGsP3G3f9aMRH355,10.0.2.15,60869,172.217.23.238,443,TLSv12,TLS_ECDHE_RSA_WITH_AES_128_GCM_SHA256,,apis.google.com,True,True,CsiI,,,,1a5fe5677b0e4fbbc854e8908225637d,67619a80665d7ab92d1041b1d11f9164,h2,,3613.934722,10.0.2.15,60869,172.217.23.238,443,tcp,6.43807199999992,1111.0,9682.0,RSTR,True,False,0,ShADadRr,17,1799,22,10566,ssl,0
3614.615574,C35mux2Qax57WRvla,10.0.2.15,60866,95.101.241.136,443,TLSv12,TLS_ECDHE_RSA_WITH_AES_256_GCM_SHA384,,cdn.optimizely.com,True,True,CsiI,,,,1a5fe5677b0e4fbbc854e8908225637d,410b9bedaf65dd26c6fe547154d60db4,h2,,3613.923968,10.0.2.15,60866,95.101.241.136,443,tcp,76.24060299999974,1115.0,80887.0,SF,True,False,0,ShADadfF,42,2803,80,84091,ssl,0
3615.230449,C3J2mp2XwGu2PrqCOb,10.0.2.15,60870,172.217.23.237,443,TLSv12,TLS_ECDHE_RSA_WITH_AES_128_GCM_SHA256,x25519,accounts.google.com,False,True,CsxknGIti,"['db115550b0150d52e887a39b4b96793248152b63f300461c73a507e588f3f749', '9f630426df1d8abfd80ace98871ba833ab9742cb34838de2b5285ed54c0c7dcc', '3c35cc963eb004451323d3275d05b353235053490d9cd83729a2faf5e7ca1cc0']",[],1.0,0ffee3ba8e615ad22535e7f771690a28,ab41313cfec25328b20865eb1388e0a2,h2,,3614.617563,10.0.2.15,60870,172.217.23.237,443,tcp,314.7356530000002,2330.0,6718.0,SF,True,False,0,ShADadFf,33,3658,40,8322,ssl,0
3617.48061,CBcHXw14US3aqp2pT,10.0.2.15,60871,54.192.93.236,443,TLSv12,TLS_ECDHE_RSA_WITH_AES_128_GCM_SHA256,secp256r1,static.vilynx.com,False,True,CsxuknGIti,"['42129474f9d25ccc6f7e1b84fc04f3da4e25915c3fff7f06e2b6c811b580a097', '51cf0fffc3253fc013af786f95b190109f8c87f34dfd1cec44c45888789f5355', 'ff856a2d251dcd88d36656f450126798cfabaade40799c722de4d2b5db36a73a']",[],1.0,0ffee3ba8e615ad22535e7f771690a28,76cc3e2d3028143b23ec18e27dbd7ca9,h2,,3616.111798,10.0.2.15,60871,54.192.93.236,443,tcp,215.86930100000015,945.0,7231.0,SF,True,False,0,ShADadFf,21,1793,24,8195,ssl,0
3622.900022,CZ8CSiq2bQuORPRd6,10.0.2.15,60876,104.16.87.26,443,TLSv12,TLS_ECDHE_RSA_WITH_AES_128_GCM_SHA256,secp256r1,sc.tynt.com,False,True,CsxuknGIti,"['deb78a8322380fa2e86f5ceeebeefdfd36014e3c95bb89e773411b7d35ccf60f', '02ab57e4e67a0cb48dd2ff34830e8ac40f4476fb08ca6be3f5cd846f646840f0', '4f32d5dc00f715250abcc486511e37f501a899deb3bf7ea8adbbd3aef1c412da']",[],1.0,0ffee3ba8e615ad22535e7f771690a28,76cc3e2d3028143b23ec18e27dbd7ca9,h2,,3621.896405,10.0.2.15,60876,104.16.87.26,443,tcp,199.9795509999999,947.0,6995.0,SF,True,False,0,ShADadFf,21,1795,26,8039,ssl,0
3624.658164,C12Ljn1WxyCYooExQh,10.0.2.15,60879,95.101.252.144,443,TLSv12,TLS_ECDHE_RSA_WITH_AES_256_GCM_SHA384,secp256r1,px.moatads.com,False,True,CsxknGIti,"['435a847bccecae336a1a751c2209ae3f32a8cda1aae8b0da90f1755f7ede9adc', 'e6683e88315cd1cb403c0cea490f7c4b4c82c91cd485037489aadbaa90839f61', '3c35cc963eb004451323d3275d05b353235053490d9cd83729a2faf5e7ca1cc0']",[],1.0,0ffee3ba8e615ad22535e7f771690a28,2b33c1374db4ddf06942f92373c0b54b,http/1.1,,3622.903795,10.0.2.15,60879,95.101.252.144,443,tcp,144.64611100000002,2154.0,4676.0,SF,True,False,0,ShADadTTFfRr,27,3255,28,5800,ssl,0
3624.66113,CTQhYpziYc0Bypea6,10.0.2.15,60877,52.22.63.50,443,TLSv12,TLS_ECDHE_RSA_WITH_AES_128_GCM_SHA256,secp256r1,geo.moatads.com,False,True,CsxknGIi,"['a1f5b668b42edb358e83f7846b2d9b47b4c87d7ba7c20aecdceea13939a70e76', 'e6683e88315cd1cb403c0cea490f7c4b4c82c91cd485037489aadbaa90839f61']",[],1.0,0ffee3ba8e615ad22535e7f771690a28,303951d4c50efb2e991652225a6f02b1,,,3622.902353,10.0.2.15,60877,52.22.63.50,443,tcp,76.34413500000028,2039.0,3398.0,SF,True,False,0,ShADadTFf,17,2732,18,4122,ssl,0
3627.110583,CStwvM2ranNdjHcSKg,10.0.2.15,60898,95.101.252.144,443,TLSv12,TLS_ECDHE_RSA_WITH_AES_256_GCM_SHA384,secp256r1,px.moatads.com,False,True,CsxknGIti,"['435a847bccecae336a1a751c2209ae3f32a8cda1aae8b0da90f1755f7ede9adc', 'e6683e88315cd1cb403c0cea490f7c4b4c82c91cd485037489aadbaa90839f61', '3c35cc963eb004451323d3275d05b353235053490d9cd83729a2faf5e7ca1cc0']",[],1.0,0ffee3ba8e615ad22535e7f771690a28,2b33c1374db4ddf06942f92373c0b54b,http/1.1,,3625.950652,10.0.2.15,60898,95.101.252.144,443,tcp,141.57761500000015,1415.0,4676.0,SF,True,False,0,ShADadTTFfRr,26,2476,27,5760,ssl,0
3625.044999,CFYWkw1uhpPvfiifS6,10.0.2.15,60888,31.13.74.7,443,TLSv12,TLS_ECDHE_ECDSA_WITH_AES_128_GCM_SHA256,secp256r1,connect.facebook.net,False,True,CsxknGIti,"['152151b387412a95ab90fd4664f2d98880408e9e43913124e4c91226a483386b', '19400be5b7a31fb733917700789d2f0a2471c0c9d506c0e504c06c16d7cb17c0']",[],1.0,0ffee3ba8e615ad22535e7f771690a28,2d1eb5817ece335c24904f516ad5da12,h2,,3623.137105,10.0.2.15,60888,31.13.74.7,443,tcp,79.64813300000014,821.0,5153.0,SF,True,False,0,ShADadfF,16,1469,20,5957,ssl,0
3624.652212,CEygVn3y6vMt9aVSPk,10.0.2.15,60883,34.251.148.123,443,TLSv12,TLS_ECDHE_RSA_WITH_AES_128_GCM_SHA256,secp256r1,ml314.com,False,True,CsxknGIi,"['350428d86863ba92425e23f0c8836ec422cc4b56220a31ec2255d8f6e9f2c779', '02ab57e4e67a0cb48dd2ff34830e8ac40f4476fb08ca6be3f5cd846f646840f0', '4f32d5dc00f715250abcc486511e37f501a899deb3bf7ea8adbbd3aef1c412da', '687fa451382278fff0c8b11f8d43d576671c6eb2bceab413fb83d965d06d2ff2']",[],1.0,0ffee3ba8e615ad22535e7f771690a28,303951d4c50efb2e991652225a6f02b1,,,3622.907755,10.0.2.15,60883,34.251.148.123,443,tcp,76.33408299999974,1022.0,6920.0,SF,True,False,0,ShADadTFf,17,1715,19,7684,ssl,0
3624.66001,CcmAeFBszDfb2Bt55,10.0.2.15,60878,52.22.63.50,443,TLSv12,TLS_ECDHE_RSA_WITH_AES_128_GCM_SHA256,secp256r1,geo.moatads.com,False,True,CsxknGIi,"['a1f5b668b42edb358e83f7846b2d9b47b4c87d7ba7c20aecdceea13939a70e76', 'e6683e88315cd1cb403c0cea490f7c4b4c82c91cd485037489aadbaa90839f61']",[],1.0,0ffee3ba8e615ad22535e7f771690a28,303951d4c50efb2e991652225a6f02b1,,,3622.902987,10.0.2.15,60878,52.22.63.50,443,tcp,75.93690900000001,2048.0,3399.0,SF,True,False,0,ShADadTFf,17,2741,18,4123,ssl,0
3624.650847,Co1TfanBxdBqeyld5,10.0.2.15,60884,34.250.21.34,443,TLSv12,TLS_ECDHE_RSA_WITH_AES_128_GCM_SHA256,secp256r1,in.ml314.com,False,True,CsxknGIi,"['350428d86863ba92425e23f0c8836ec422cc4b56220a31ec2255d8f6e9f2c779', '02ab57e4e67a0cb48dd2ff34830e8ac40f4476fb08ca6be3f5cd846f646840f0', '4f32d5dc00f715250abcc486511e37f501a899deb3bf7ea8adbbd3aef1c412da', '687fa451382278fff0c8b11f8d43d576671c6eb2bceab413fb83d965d06d2ff2']",[],1.0,0ffee3ba8e615ad22535e7f771690a28,303951d4c50efb2e991652225a6f02b1,,,3622.908775,10.0.2.15,60884,34.250.21.34,443,tcp,76.85520799999995,699.0,6773.0,SF,True,False,0,ShADadTFf,17,1392,19,7537,ssl,0
3624.656522,CTqdyF2Om5LtzSHxOl,10.0.2.15,60881,52.22.63.50,443,TLSv12,TLS_ECDHE_RSA_WITH_AES_128_GCM_SHA256,secp256r1,geo.moatads.com,False,True,CsxknGIi,"['a1f5b668b42edb358e83f7846b2d9b47b4c87d7ba7c20aecdceea13939a70e76', 'e6683e88315cd1cb403c0cea490f7c4b4c82c91cd485037489aadbaa90839f61']",[],1.0,0ffee3ba8e615ad22535e7f771690a28,303951d4c50efb2e991652225a6f02b1,,,3622.905341,10.0.2.15,60881,52.22.63.50,443,tcp,76.6475919999998,2049.0,3399.0,SF,True,False,0,ShADadTFf,17,2742,18,4123,ssl,0
3624.665303,CqlJea2bpuu8k8AAoi,10.0.2.15,60892,52.211.21.195,443,TLSv12,TLS_ECDHE_RSA_WITH_AES_128_GCM_SHA256,secp256r1,cbsi.demdex.net,False,True,CsxknGIi,"['ab8f7b89fa3e472463832f1b07660350a24ba646789dce6dd09107fab1d86a12', '19400be5b7a31fb733917700789d2f0a2471c0c9d506c0e504c06c16d7cb17c0']",[],1.0,0ffee3ba8e615ad22535e7f771690a28,303951d4c50efb2e991652225a6f02b1,,,3623.140822,10.0.2.15,60892,52.211.21.195,443,tcp,240.14006900000004,14866.0,18515.0,SF,True,False,0,ShADadTTFf,54,17053,58,20839,ssl,0
3624.655578,CPUFjv3qxGmRfoQpVe,10.0.2.15,60882,52.22.63.50,443,TLSv12,TLS_ECDHE_RSA_WITH_AES_128_GCM_SHA256,secp256r1,geo.moatads.com,False,True,CsxknGIi,"['a1f5b668b42edb358e83f7846b2d9b47b4c87d7ba7c20aecdceea13939a70e76', 'e6683e88315cd1cb403c0cea490f7c4b4c82c91cd485037489aadbaa90839f61']",[],1.0,0ffee3ba8e615ad22535e7f771690a28,303951d4c50efb2e991652225a6f02b1,,,3622.90617,10.0.2.15,60882,52.22.63.50,443,tcp,75.93363999999974,2040.0,3399.0,SF,True,False,0,ShADadTFf,17,2733,18,4123,ssl,0
3624.657575,C7oWPs4IhHZjcpbyD4,10.0.2.15,60880,52.22.63.50,443,TLSv12,TLS_ECDHE_RSA_WITH_AES_128_GCM_SHA256,secp256r1,geo.moatads.com,False,True,CsxknGIi,"['a1f5b668b42edb358e83f7846b2d9b47b4c87d7ba7c20aecdceea13939a70e76', 'e6683e88315cd1cb403c0cea490f7c4b4c82c91cd485037489aadbaa90839f61']",[],1.0,0ffee3ba8e615ad22535e7f771690a28,303951d4c50efb2e991652225a6f02b1,,,3622.904823,10.0.2.15,60880,52.22.63.50,443,tcp,76.69518500000004,2050.0,3399.0,SF,True,False,0,ShADadTFf,17,2743,18,4123,ssl,0
3624.663639,CieTCa1hNDt1sm4Mj9,10.0.2.15,60886,95.101.252.144,443,TLSv12,TLS_ECDHE_RSA_WITH_AES_256_GCM_SHA384,secp256r1,px.moatads.com,False,True,CsxknGIti,"['435a847bccecae336a1a751c2209ae3f32a8cda1aae8b0da90f1755f7ede9adc', 'e6683e88315cd1cb403c0cea490f7c4b4c82c91cd485037489aadbaa90839f61', '3c35cc963eb004451323d3275d05b353235053490d9cd83729a2faf5e7ca1cc0']",[],1.0,0ffee3ba8e615ad22535e7f771690a28,2b33c1374db4ddf06942f92373c0b54b,http/1.1,,3622.910748,10.0.2.15,60886,95.101.252.144,443,tcp,144.6139680000001,1412.0,4676.0,SF,True,False,0,ShADadTTFfRr,25,2433,27,5760,ssl,0
3636.605454,CaQv1l3td23khtqWFc,10.0.2.15,60910,34.251.148.123,443,TLSv12,TLS_ECDHE_RSA_WITH_AES_128_GCM_SHA256,,ml314.com,True,True,CsiI,,,,0ffee3ba8e615ad22535e7f771690a28,303951d4c50efb2e991652225a6f02b1,,,3634.811675,10.0.2.15,60910,34.251.148.123,443,tcp,67.87631599999986,873.0,630.0,SF,True,False,0,ShADadTFf,15,1486,14,1194,ssl,0
3636.59368,CKVT88liiXOgo9Yh,10.0.2.15,60906,151.101.112.94,443,TLSv12,TLS_ECDHE_RSA_WITH_AES_128_GCM_SHA256,secp256r1,api.dailymotion.com,False,True,CsxuknGIti,"['a03ab20464cf783cd1f48aa582390ebcddfdebfbc611f569cb9bd9896312a41a', '19400be5b7a31fb733917700789d2f0a2471c0c9d506c0e504c06c16d7cb17c0']",[],1.0,0ffee3ba8e615ad22535e7f771690a28,860fcf58fd757e26aa8911e5eaff6b53,http/1.1,,3634.381838,10.0.2.15,60906,151.101.112.94,443,tcp,172.0985410000003,3002.0,15119.0,SF,True,False,0,ShADadTTFfRr,40,4623,45,16923,ssl,0
3636.604121,CaSoEtS8tuYi5F8Yb,10.0.2.15,60904,151.101.112.94,443,TLSv12,TLS_ECDHE_RSA_WITH_AES_128_GCM_SHA256,secp256r1,api.dailymotion.com,False,True,CsxuknGIti,"['a03ab20464cf783cd1f48aa582390ebcddfdebfbc611f569cb9bd9896312a41a', '19400be5b7a31fb733917700789d2f0a2471c0c9d506c0e504c06c16d7cb17c0']",[],1.0,0ffee3ba8e615ad22535e7f771690a28,860fcf58fd757e26aa8911e5eaff6b53,http/1.1,,3634.378919,10.0.2.15,60904,151.101.112.94,443,tcp,172.1597939999997,2466.0,16686.0,SF,True,False,0,ShADadTTFfRr,38,4007,44,18450,ssl,0
3636.607182,C28WraOL7Wcsp7zh4,10.0.2.15,60905,151.101.112.94,443,TLSv12,TLS_ECDHE_RSA_WITH_AES_128_GCM_SHA256,secp256r1,api.dailymotion.com,False,True,CsxuknGIti,"['a03ab20464cf783cd1f48aa582390ebcddfdebfbc611f569cb9bd9896312a41a', '19400be5b7a31fb733917700789d2f0a2471c0c9d506c0e504c06c16d7cb17c0']",[],1.0,0ffee3ba8e615ad22535e7f771690a28,860fcf58fd757e26aa8911e5eaff6b53,http/1.1,,3634.379535,10.0.2.15,60905,151.101.112.94,443,tcp,172.0803390000001,2868.0,18764.0,RSTO,True,False,0,ShADadTTFR,39,4449,46,20608,ssl,0
3636.905604,CNXghF4GCICMRYc7Zd,10.0.2.15,60907,151.101.112.94,443,TLSv12,TLS_ECDHE_RSA_WITH_AES_128_GCM_SHA256,secp256r1,api.dailymotion.com,False,True,CsxuknGIti,"['a03ab20464cf783cd1f48aa582390ebcddfdebfbc611f569cb9bd9896312a41a', '19400be5b7a31fb733917700789d2f0a2471c0c9d506c0e504c06c16d7cb17c0']",[],1.0,0ffee3ba8e615ad22535e7f771690a28,860fcf58fd757e26aa8911e5eaff6b53,http/1.1,,3634.387415,10.0.2.15,60907,151.101.112.94,443,tcp,16.393303999999716,353.0,3807.0,RSTO,True,False,0,ShADadFR,9,721,10,4211,ssl,0
3636.606579,CLmEai2vjFtDHlixJg,10.0.2.15,60909,151.101.112.94,443,TLSv12,TLS_ECDHE_RSA_WITH_AES_128_GCM_SHA256,secp256r1,api.dailymotion.com,False,True,CsxuknGIti,"['a03ab20464cf783cd1f48aa582390ebcddfdebfbc611f569cb9bd9896312a41a', '19400be5b7a31fb733917700789d2f0a2471c0c9d506c0e504c06c16d7cb17c0']",[],1.0,0ffee3ba8e615ad22535e7f771690a28,860fcf58fd757e26aa8911e5eaff6b53,http/1.1,,3634.811084,10.0.2.15,60909,151.101.112.94,443,tcp,171.63055799999984,3019.0,15648.0,SF,True,False,0,ShADadTTFfRr,38,4560,42,17332,ssl,0
3637.562453,CoU5dE23Ib5R0VSSV2,10.0.2.15,60922,52.28.153.152,443,TLSv12,TLS_ECDHE_RSA_WITH_AES_128_GCM_SHA256,secp256r1,t.myvisualiq.net,False,True,CsxknGIti,"['fe91e29980f948dadec7222d7cc8921d5d827d93449643d48965668007bc6d25', '02ab57e4e67a0cb48dd2ff34830e8ac40f4476fb08ca6be3f5cd846f646840f0', '4f32d5dc00f715250abcc486511e37f501a899deb3bf7ea8adbbd3aef1c412da']",[],1.0,0ffee3ba8e615ad22535e7f771690a28,ccc514751b175866924439bdbb5bba34,,,3636.027327,10.0.2.15,60922,52.28.153.152,443,tcp,79.80690700000014,831.0,5442.0,SF,True,False,0,ShADadTfF,19,1605,22,6326,ssl,0
3637.563435,CgL6CpN7NNf7qhvO2,10.0.2.15,60921,52.28.153.152,443,TLSv12,TLS_ECDHE_RSA_WITH_AES_128_GCM_SHA256,secp256r1,t.myvisualiq.net,False,True,CsxknGIti,"['fe91e29980f948dadec7222d7cc8921d5d827d93449643d48965668007bc6d25', '02ab57e4e67a0cb48dd2ff34830e8ac40f4476fb08ca6be3f5cd846f646840f0', '4f32d5dc00f715250abcc486511e37f501a899deb3bf7ea8adbbd3aef1c412da']",[],1.0,0ffee3ba8e615ad22535e7f771690a28,ccc514751b175866924439bdbb5bba34,,,3636.02559,10.0.2.15,60921,52.28.153.152,443,tcp,85.46307399999978,798.0,5439.0,SF,True,False,0,ShADadTfF,20,1613,23,6363,ssl,0
3637.659846,CcfNqr1zJT33hSQ4wa,10.0.2.15,60923,52.28.153.152,443,TLSv12,TLS_ECDHE_RSA_WITH_AES_128_GCM_SHA256,secp256r1,t.myvisualiq.net,False,True,CsxknGIti,"['fe91e29980f948dadec7222d7cc8921d5d827d93449643d48965668007bc6d25', '02ab57e4e67a0cb48dd2ff34830e8ac40f4476fb08ca6be3f5cd846f646840f0', '4f32d5dc00f715250abcc486511e37f501a899deb3bf7ea8adbbd3aef1c412da']",[],1.0,0ffee3ba8e615ad22535e7f771690a28,ccc514751b175866924439bdbb5bba34,,,3636.029192,10.0.2.15,60923,52.28.153.152,443,tcp,21.493398999999958,1346.0,5723.0,SF,True,False,0,ShADadFf,14,1914,16,6367,ssl,0
3641.742417,CO8Vza1p7R5L77POu9,10.0.2.15,60918,104.25.84.101,443,TLSv12,TLS_ECDHE_ECDSA_WITH_AES_128_GCM_SHA256,secp256r1,c.lytics.io,False,True,CsxknGIti,"['ecf6ee93b5d61c3fdab108d0dd37aed76c6e095c1bac72a7601fe4d9b4a3b3e0', 'cd6c108a0e641f2ca122aaa6d03f826759cae7c6f800eabf76dc48b67cd083ce', '9573862ac0b4b125168810ea3fd101ae2eb0bb15f61fc0e6da7a2a38b85a89e8']",[],1.0,0ffee3ba8e615ad22535e7f771690a28,2d1eb5817ece335c24904f516ad5da12,h2,,3640.928885,10.0.2.15,60918,104.25.84.101,443,tcp,6.572250000000167,314.0,4532.0,RSTO,True,False,0,^hADadFR,7,594,9,4896,ssl,0
3641.735418,CcFKub1mpWqw4UnHE1,10.0.2.15,60913,104.16.204.165,443,TLSv12,TLS_ECDHE_ECDSA_WITH_AES_128_GCM_SHA256,secp256r1,cdn.onesignal.com,False,True,CsxuknGIti,"['b0ad6221b59460c2adbe8239f30a9330216428febc77fde6fbfef1529e8b6b5c', 'cd6c108a0e641f2ca122aaa6d03f826759cae7c6f800eabf76dc48b67cd083ce', '9573862ac0b4b125168810ea3fd101ae2eb0bb15f61fc0e6da7a2a38b85a89e8']",[],1.0,0ffee3ba8e615ad22535e7f771690a28,7d3eb4120cd50e889bcd3f3783be0f82,h2,,3640.809961,10.0.2.15,60913,104.16.204.165,443,tcp,6.823873000000276,320.0,3751.0,RSTO,True,False,0,^hADadFR,7,600,8,4075,ssl,0
3639.10509,CALPI33WUBbc4ewf87,10.0.2.15,60920,185.57.60.186,443,TLSv12,TLS_ECDHE_ECDSA_WITH_AES_256_GCM_SHA384,secp256r1,tapestry.tapad.com,False,True,CsxknGIti,"['2e07c3eefcc0f914e58014ebb73641b122d04bc44d3fa4319f90ab3d10159da4', '93a07898d89b2cca166ba6f1f8a14138ce43828e491b831926bc8247d391cc72', '9f43d52e808c20aff69e02faac205aac684e6975213d6620fac64bde5fcab4bc', '1465fa205397b876faa6f0a9958e5590e40fcc7faa4fb7c2c8677521fb5fb658', '2e2861289b5ccedecae4c31bf262e0fb0c29b6c1530573442731ca65d821e901']",[],1.0,0ffee3ba8e615ad22535e7f771690a28,5590a2023cffab2c8ace569bfb23fab1,,,3636.024741,10.0.2.15,60920,185.57.60.186,443,tcp,20.99040399999967,858.0,7179.0,SF,True,False,0,ShADadfF,12,1346,14,7743,ssl,0
3651.662729,CODXx6Jyf2ysnMzc4,10.0.2.15,60930,35.157.74.177,443,TLSv12,TLS_ECDHE_RSA_WITH_AES_256_GCM_SHA384,secp256r1,ps.eyeota.net,False,True,CsxknGIti,"['608200e46ff5bc6d8861bd249d36caf3eacf610169db57ac062a2fea448f457a', '02ab57e4e67a0cb48dd2ff34830e8ac40f4476fb08ca6be3f5cd846f646840f0', '4f32d5dc00f715250abcc486511e37f501a899deb3bf7ea8adbbd3aef1c412da']",[],1.0,0ffee3ba8e615ad22535e7f771690a28,758945630046fd37070521b8544d1fe8,,,3648.162949,10.0.2.15,60930,35.157.74.177,443,tcp,11.687021000000186,700.0,5409.0,SF,True,False,0,ShADadFfRr,15,1316,18,6133,ssl,0
3652.625025,CVtXML3EP37lLSFsuj,10.0.2.15,60932,104.16.204.165,443,TLSv12,TLS_ECDHE_ECDSA_WITH_AES_128_GCM_SHA256,secp256r1,cdn.onesignal.com,False,True,CsxuknGIti,"['b0ad6221b59460c2adbe8239f30a9330216428febc77fde6fbfef1529e8b6b5c', 'cd6c108a0e641f2ca122aaa6d03f826759cae7c6f800eabf76dc48b67cd083ce', '9573862ac0b4b125168810ea3fd101ae2eb0bb15f61fc0e6da7a2a38b85a89e8']",[],1.0,0ffee3ba8e615ad22535e7f771690a28,7d3eb4120cd50e889bcd3f3783be0f82,h2,,3649.056397,10.0.2.15,60932,104.16.204.165,443,tcp,205.66780700000027,690.0,3951.0,SF,True,False,0,ShADadFf,20,1506,21,4795,ssl,0
3652.627984,CyNjYz2WXbu8MraA83,10.0.2.15,60935,104.25.84.101,443,TLSv12,TLS_ECDHE_ECDSA_WITH_AES_128_GCM_SHA256,secp256r1,c.lytics.io,False,True,CsxknGIti,"['ecf6ee93b5d61c3fdab108d0dd37aed76c6e095c1bac72a7601fe4d9b4a3b3e0', 'cd6c108a0e641f2ca122aaa6d03f826759cae7c6f800eabf76dc48b67cd083ce', '9573862ac0b4b125168810ea3fd101ae2eb0bb15f61fc0e6da7a2a38b85a89e8']",[],1.0,0ffee3ba8e615ad22535e7f771690a28,2d1eb5817ece335c24904f516ad5da12,h2,,3649.06791,10.0.2.15,60935,104.25.84.101,443,tcp,205.6263329999997,684.0,4732.0,SF,True,False,0,ShADadFf,20,1500,21,5576,ssl,0
3655.399786,CMiq7k21UiNkvXjzM1,10.0.2.15,60939,31.13.71.36,443,TLSv12,TLS_ECDHE_ECDSA_WITH_AES_128_GCM_SHA256,secp256r1,www.facebook.com,False,True,CsxknGIti,"['152151b387412a95ab90fd4664f2d98880408e9e43913124e4c91226a483386b', '19400be5b7a31fb733917700789d2f0a2471c0c9d506c0e504c06c16d7cb17c0']",[],1.0,0ffee3ba8e615ad22535e7f771690a28,2d1eb5817ece335c24904f516ad5da12,h2,,3654.541021,10.0.2.15,60939,31.13.71.36,443,tcp,7.215369999999893,319.0,3828.0,RSTO,True,False,0,ShADadR,8,647,8,4152,ssl,0
3659.759761,CDqlvl2pHeYPnF8ei8,10.0.2.15,60940,50.121.73.21,443,TLSv12,TLS_DHE_RSA_WITH_AES_256_CBC_SHA,,frontier.com,True,True,CsiI,,,,0ffee3ba8e615ad22535e7f771690a28,38759e3bb980b0ca6bf7f22837b8582f,,,3658.523081,10.0.2.15,60940,50.121.73.21,443,tcp,16.831673000000137,1159.0,32280.0,RSTO,True,False,0,ShADadFR,21,2007,33,33604,ssl,0
3666.272782,ClXWyk4XiAHYMRzNGb,10.0.2.15,60949,151.101.112.94,443,TLSv12,TLS_ECDHE_RSA_WITH_AES_128_GCM_SHA256,,api.dailymotion.com,True,True,CsiI,,,,1a5fe5677b0e4fbbc854e8908225637d,1d0e57c6ae42e9204defa51e5e1cdc4c,http/1.1,,3665.369822,10.0.2.15,60949,151.101.112.94,443,tcp,141.08689099999992,1135.0,2643.0,SF,True,False,0,ShADadTTFfRr,25,2156,25,3647,ssl,0
3666.272046,CeF27N2x7u4BLNMYB6,10.0.2.15,60950,151.101.112.94,443,TLSv12,TLS_ECDHE_RSA_WITH_AES_128_GCM_SHA256,,api.dailymotion.com,True,True,CsiI,,,,1a5fe5677b0e4fbbc854e8908225637d,1d0e57c6ae42e9204defa51e5e1cdc4c,http/1.1,,3665.370341,10.0.2.15,60950,151.101.112.94,443,tcp,141.13418500000034,1136.0,2685.0,SF,True,False,0,ShADadTTFfRr,25,2157,25,3689,ssl,0
3672.839866,Clci9s4C98JPNdnbX5,10.0.2.15,60956,50.121.73.21,443,TLSv12,TLS_DHE_RSA_WITH_AES_256_CBC_SHA,,frontier.com,True,True,CsiI,,,,0ffee3ba8e615ad22535e7f771690a28,38759e3bb980b0ca6bf7f22837b8582f,,,3668.737449,10.0.2.15,60956,50.121.73.21,443,tcp,15.11113099999966,349.0,161.0,SF,True,False,0,ShADadFf,8,685,7,445,ssl,0
3672.839893,CaZA4ohA1aFY0dpSa,10.0.2.15,60957,50.121.73.21,443,TLSv12,TLS_DHE_RSA_WITH_AES_256_CBC_SHA,,frontier.com,True,True,CsiI,,,,0ffee3ba8e615ad22535e7f771690a28,38759e3bb980b0ca6bf7f22837b8582f,,,3668.738384,10.0.2.15,60957,50.121.73.21,443,tcp,16.146565999999893,349.0,161.0,SF,True,False,0,ShADadFf,8,685,7,445,ssl,0
3672.839919,CH8brG1JKTJaMABJb2,10.0.2.15,60955,64.30.230.21,443,TLSv12,TLS_ECDHE_RSA_WITH_AES_256_GCM_SHA384,secp256r1,www.cbs.com,False,True,CsxknGIi,"['50c6456c7ca53b01209116a79303c3bb78d111514b76b4d14e6cb423eef84d01', '19400be5b7a31fb733917700789d2f0a2471c0c9d506c0e504c06c16d7cb17c0', '7431e5f4c3c1ce4690774f0b61e05440883ba9a01ed00ba6abd7806ed3b118cf']",[],1.0,0ffee3ba8e615ad22535e7f771690a28,d8ca8fec03c8093db1017ef2017076d0,http/1.1,,3668.720892,10.0.2.15,60955,64.30.230.21,443,tcp,189.3125560000003,11681.0,63977.0,SF,True,False,0,ShADadTTFf,59,14070,81,67221,ssl,0
3690.978741,Cj8eda3b1GTWeTSGEh,10.0.2.15,60979,64.30.230.21,443,TLSv12,TLS_ECDHE_RSA_WITH_AES_256_GCM_SHA384,,www.cbs.com,True,True,CsiI,,,,0ffee3ba8e615ad22535e7f771690a28,410b9bedaf65dd26c6fe547154d60db4,http/1.1,,3686.160892,10.0.2.15,60979,64.30.230.21,443,tcp,134.75173700000005,3056.0,942.0,SF,True,False,0,ShADadTTFf,24,4044,23,1866,ssl,0
3690.928012,C1p9H2qmcBDmuXaZ6,10.0.2.15,60981,64.30.230.21,443,TLSv12,TLS_ECDHE_RSA_WITH_AES_256_GCM_SHA384,,www.cbs.com,True,True,CsiI,,,,0ffee3ba8e615ad22535e7f771690a28,410b9bedaf65dd26c6fe547154d60db4,http/1.1,,3686.164791,10.0.2.15,60981,64.30.230.21,443,tcp,134.76699999999985,3031.0,802.0,SF,True,False,0,ShADadTTFf,24,4019,23,1726,ssl,0
3691.145628,C13IQkDVrTkePpE6l,10.0.2.15,60980,64.30.230.21,443,TLSv12,TLS_ECDHE_RSA_WITH_AES_256_GCM_SHA384,,www.cbs.com,True,True,CsiI,,,,0ffee3ba8e615ad22535e7f771690a28,410b9bedaf65dd26c6fe547154d60db4,http/1.1,,3686.164069,10.0.2.15,60980,64.30.230.21,443,tcp,135.7809299999999,3041.0,1072.0,SF,True,False,0,ShADadTTFf,23,3989,22,1956,ssl,0
3692.944953,CPpgFb1NOP4curmiwg,10.0.2.15,60986,64.30.230.21,443,TLSv12,TLS_ECDHE_RSA_WITH_AES_256_GCM_SHA384,,www.cbs.com,True,True,CsiI,,,,0ffee3ba8e615ad22535e7f771690a28,410b9bedaf65dd26c6fe547154d60db4,http/1.1,,3692.940172,10.0.2.15,60986,64.30.230.21,443,tcp,207.6591760000001,6048.0,27828.0,SF,True,False,0,^hADadTTFf,44,7827,59,30192,ssl,0
3692.926114,CDfBp12xU6tZAplaN1,10.0.2.15,60985,64.30.230.21,443,TLSv12,TLS_ECDHE_RSA_WITH_AES_256_GCM_SHA384,,www.cbs.com,True,True,CsiI,,,,0ffee3ba8e615ad22535e7f771690a28,410b9bedaf65dd26c6fe547154d60db4,http/1.1,,3692.918783,10.0.2.15,60985,64.30.230.21,443,tcp,147.1441289999998,8848.0,129017.0,SF,True,False,0,^hADadTTFf,92,12540,167,135701,ssl,0
3692.930656,CoQ6Go4Th44XSEa7V,10.0.2.15,60983,64.30.230.21,443,TLSv12,TLS_ECDHE_RSA_WITH_AES_256_GCM_SHA384,,www.cbs.com,True,True,CsiI,,,,0ffee3ba8e615ad22535e7f771690a28,410b9bedaf65dd26c6fe547154d60db4,http/1.1,,3692.918871,10.0.2.15,60983,64.30.230.21,443,tcp,136.0286860000001,3036.0,1026.0,SF,True,False,0,^hADadTTFf,22,3928,23,1950,ssl,0
3693.201309,C2vxbm6I7pgmXhd9k,10.0.2.15,60989,54.192.93.155,443,TLSv12,TLS_ECDHE_RSA_WITH_AES_128_GCM_SHA256,,native.sharethrough.com,True,True,CsiI,,,,1a5fe5677b0e4fbbc854e8908225637d,d199ba0af2b08e204c73d6d81a1fd260,h2,,3691.18691,10.0.2.15,60989,54.192.93.155,443,tcp,229.94403300000025,1319.0,69870.0,RSTO,True,False,0,ShADadFR,62,3807,100,73874,ssl,0
3693.198376,CPH8Nr3DBxkyBzFF5g,10.0.2.15,60984,64.30.230.21,443,TLSv12,TLS_ECDHE_RSA_WITH_AES_256_GCM_SHA384,,www.cbs.com,True,True,CsiI,,,,0ffee3ba8e615ad22535e7f771690a28,410b9bedaf65dd26c6fe547154d60db4,http/1.1,,3692.972967,10.0.2.15,60984,64.30.230.21,443,tcp,179.45261299999993,6059.0,49265.0,SF,True,False,0,^hADadTTFf,50,8073,78,52389,ssl,0
3691.135703,CMzgIe2nt4cujD7nWi,10.0.2.15,60982,216.239.120.246,443,TLSv12,TLS_ECDHE_RSA_WITH_AES_256_GCM_SHA384,secp256r1,dw.cbsi.com,False,True,CsxknGIi,"['46749ff43d5c8c5f0fe965eb4217820f76942794e8865755b1608c642c07c1c3', '19400be5b7a31fb733917700789d2f0a2471c0c9d506c0e504c06c16d7cb17c0', '7431e5f4c3c1ce4690774f0b61e05440883ba9a01ed00ba6abd7806ed3b118cf']",[],1.0,0ffee3ba8e615ad22535e7f771690a28,d8ca8fec03c8093db1017ef2017076d0,http/1.1,,3686.165613,10.0.2.15,60982,216.239.120.246,443,tcp,24.273351999999704,740.0,11452.0,SF,True,False,0,ShADadFf,18,1476,18,12176,ssl,0
3693.780814,COXAvY39EBakXOo92e,10.0.2.15,60990,54.192.93.155,443,TLSv12,TLS_ECDHE_RSA_WITH_AES_128_GCM_SHA256,,native.sharethrough.com,True,True,CsiI,,,,1a5fe5677b0e4fbbc854e8908225637d,d199ba0af2b08e204c73d6d81a1fd260,h2,,3691.445397,10.0.2.15,60990,54.192.93.155,443,tcp,9.029195000000072,808.0,150.0,SF,True,False,0,ShADadFf,10,1216,9,514,ssl,0
3684.940401,C5ZLi02Rv7AxqmVddh,10.0.2.15,60975,64.30.230.21,443,TLSv12,TLS_ECDHE_RSA_WITH_AES_256_GCM_SHA384,,www.cbs.com,True,True,CsiI,,,,0ffee3ba8e615ad22535e7f771690a28,410b9bedaf65dd26c6fe547154d60db4,http/1.1,,3684.937404,10.0.2.15,60975,64.30.230.21,443,tcp,14.685345000000323,302.0,152.0,SF,True,False,0,^hADaTdFf,8,623,9,516,ssl,0
3693.784243,CRaEma2i0oDQ8WRGe2,10.0.2.15,60993,172.227.90.39,443,TLSv12,TLS_ECDHE_RSA_WITH_AES_256_GCM_SHA384,secp256r1,tags.tiqcdn.com,False,True,CsxknGIti,"['7e8fd62c14d69461fddf483343c417dc554a94f50ebac750a020f48603cc1e95', 'eae72eb454bf6c3977ebd289e970b2f5282949190093d0d26f98d0f0d6a9cf17', '8420dfbe376f414bf4c0a81e6936d24ccc03f304835b86c7a39142fca723a689']",[],1.0,0ffee3ba8e615ad22535e7f771690a28,2b33c1374db4ddf06942f92373c0b54b,h2,,3691.940854,10.0.2.15,60993,172.227.90.39,443,tcp,245.32928900000024,1587.0,70497.0,SF,True,False,0,ShADadFfRr,64,4155,103,74621,ssl,0
3693.784725,CBIro43UDNqC8F68c4,10.0.2.15,60999,95.101.246.112,443,TLSv12,TLS_ECDHE_RSA_WITH_AES_256_GCM_SHA384,secp256r1,wwwimage-secure.cbsstatic.com,False,True,CsxknGIti,"['0921b094e8b427e49b90c45ec702268cc0b41886e9f9549abc840a9b51510532', '074541ecdf88ed992ed5ade3ecddef27a26ba1b44480a195c0a8dadae2521d8e']",[],1.0,0ffee3ba8e615ad22535e7f771690a28,2b33c1374db4ddf06942f92373c0b54b,http/1.1,,3692.005,10.0.2.15,60999,95.101.246.112,443,tcp,151.62624199999982,1163.0,15543.0,SF,True,False,0,ShADadTTFf,30,2384,35,16947,ssl,0
3693.785697,Cbp1M13XjWHEmaCD3i,10.0.2.15,60997,95.101.246.112,443,TLSv12,TLS_ECDHE_RSA_WITH_AES_256_GCM_SHA384,secp256r1,wwwimage-secure.cbsstatic.com,False,True,CsxknGIti,"['0921b094e8b427e49b90c45ec702268cc0b41886e9f9549abc840a9b51510532', '074541ecdf88ed992ed5ade3ecddef27a26ba1b44480a195c0a8dadae2521d8e']",[],1.0,0ffee3ba8e615ad22535e7f771690a28,2b33c1374db4ddf06942f92373c0b54b,http/1.1,,3692.001752,10.0.2.15,60997,95.101.246.112,443,tcp,159.780436,1177.0,26787.0,RSTO,True,False,0,ShADadTTFR,35,2599,43,28511,ssl,0
3693.783432,Co1a393rvNDeTuRt2b,10.0.2.15,60991,95.101.245.177,443,TLSv12,TLS_ECDHE_RSA_WITH_AES_256_GCM_SHA384,secp256r1,js-sec.indexww.com,False,True,CsxknGIti,"['089b510ac565aa1b2f05236cba3421cb755641c1bd4eeb25a856954a4c1d7cfb', '074541ecdf88ed992ed5ade3ecddef27a26ba1b44480a195c0a8dadae2521d8e']",[],1.0,0ffee3ba8e615ad22535e7f771690a28,2b33c1374db4ddf06942f92373c0b54b,http/1.1,,3691.902037,10.0.2.15,60991,95.101.245.177,443,tcp,15.245170000000144,352.0,3963.0,SF,True,False,0,ShADadFfRr,11,800,12,4447,ssl,0
3693.785201,CiCINrGE0Oc1Ti8Ud,10.0.2.15,60998,95.101.246.112,443,TLSv12,TLS_ECDHE_RSA_WITH_AES_256_GCM_SHA384,secp256r1,wwwimage-secure.cbsstatic.com,False,True,CsxknGIti,"['0921b094e8b427e49b90c45ec702268cc0b41886e9f9549abc840a9b51510532', '074541ecdf88ed992ed5ade3ecddef27a26ba1b44480a195c0a8dadae2521d8e']",[],1.0,0ffee3ba8e615ad22535e7f771690a28,2b33c1374db4ddf06942f92373c0b54b,http/1.1,,3692.003678,10.0.2.15,60998,95.101.246.112,443,tcp,159.79724299999998,1510.0,41758.0,RSTO,True,False,0,ShADadTTFR,49,3491,67,44442,ssl,0
3693.962445,CPjxGQ1y0SnUfV1tNg,10.0.2.15,61001,172.227.90.39,443,TLSv12,TLS_ECDHE_RSA_WITH_AES_256_GCM_SHA384,secp256r1,tags.tiqcdn.com,False,True,CsxknGIti,"['7e8fd62c14d69461fddf483343c417dc554a94f50ebac750a020f48603cc1e95', 'eae72eb454bf6c3977ebd289e970b2f5282949190093d0d26f98d0f0d6a9cf17', '8420dfbe376f414bf4c0a81e6936d24ccc03f304835b86c7a39142fca723a689']",[],1.0,0ffee3ba8e615ad22535e7f771690a28,2b33c1374db4ddf06942f92373c0b54b,h2,,3692.19875,10.0.2.15,61001,172.227.90.39,443,tcp,11.980043999999909,558.0,4922.0,RSTO,True,False,0,ShADadFR,13,1086,15,5526,ssl,0
3693.960156,Ce18DZ3PoRMeIcRS5j,10.0.2.15,61000,95.101.245.177,443,TLSv12,TLS_ECDHE_RSA_WITH_AES_256_GCM_SHA384,secp256r1,js-sec.indexww.com,False,True,CsxknGIti,"['089b510ac565aa1b2f05236cba3421cb755641c1bd4eeb25a856954a4c1d7cfb', '074541ecdf88ed992ed5ade3ecddef27a26ba1b44480a195c0a8dadae2521d8e']",[],1.0,0ffee3ba8e615ad22535e7f771690a28,2b33c1374db4ddf06942f92373c0b54b,http/1.1,,3692.166111,10.0.2.15,61000,95.101.245.177,443,tcp,14.9867720000002,352.0,3963.0,SF,True,False,0,ShADadFfRr,11,800,12,4447,ssl,0
3694.250469,ClHmaQ1Xw2FHliOBJe,10.0.2.15,61005,95.101.246.112,443,TLSv12,TLS_ECDHE_RSA_WITH_AES_256_GCM_SHA384,secp256r1,wwwimage-secure5.cbsstatic.com,False,True,CsxknGIti,"['0921b094e8b427e49b90c45ec702268cc0b41886e9f9549abc840a9b51510532', '074541ecdf88ed992ed5ade3ecddef27a26ba1b44480a195c0a8dadae2521d8e']",[],1.0,0ffee3ba8e615ad22535e7f771690a28,2b33c1374db4ddf06942f92373c0b54b,http/1.1,,3692.726228,10.0.2.15,61005,95.101.246.112,443,tcp,138.29608199999984,723.0,22341.0,SF,True,False,0,ShADadTTFfRr,31,1983,39,23905,ssl,0
3694.254252,CFFaC4331qu0JRLZh1,10.0.2.15,61004,95.101.246.112,443,TLSv12,TLS_ECDHE_RSA_WITH_AES_256_GCM_SHA384,secp256r1,wwwimage-secure5.cbsstatic.com,False,True,CsxknGIti,"['0921b094e8b427e49b90c45ec702268cc0b41886e9f9549abc840a9b51510532', '074541ecdf88ed992ed5ade3ecddef27a26ba1b44480a195c0a8dadae2521d8e']",[],1.0,0ffee3ba8e615ad22535e7f771690a28,2b33c1374db4ddf06942f92373c0b54b,http/1.1,,3692.468275,10.0.2.15,61004,95.101.246.112,443,tcp,12.195964000000004,364.0,4945.0,RSTO,True,False,0,ShADadFR,10,772,11,5389,ssl,0
3693.1966,Ch6BNp11fQ1rS7zaW2,10.0.2.15,60987,216.239.120.246,443,TLSv12,TLS_ECDHE_RSA_WITH_AES_256_GCM_SHA384,secp256r1,dw.cbsi.com,False,True,CsxknGIi,"['46749ff43d5c8c5f0fe965eb4217820f76942794e8865755b1608c642c07c1c3', '19400be5b7a31fb733917700789d2f0a2471c0c9d506c0e504c06c16d7cb17c0', '7431e5f4c3c1ce4690774f0b61e05440883ba9a01ed00ba6abd7806ed3b118cf']",[],1.0,0ffee3ba8e615ad22535e7f771690a28,d8ca8fec03c8093db1017ef2017076d0,http/1.1,,3692.972921,10.0.2.15,60987,216.239.120.246,443,tcp,6.44504199999983,314.0,4579.0,RSTO,True,False,0,^hADadFR,7,594,9,4943,ssl,0
3693.729367,CBEIiG1z4yJ26GNiX4,10.0.2.15,61003,95.101.246.112,443,TLSv12,TLS_ECDHE_RSA_WITH_AES_256_GCM_SHA384,secp256r1,wwwimage-secure.cbsstatic.com,False,True,CsxknGIti,"['0921b094e8b427e49b90c45ec702268cc0b41886e9f9549abc840a9b51510532', '074541ecdf88ed992ed5ade3ecddef27a26ba1b44480a195c0a8dadae2521d8e']",[],1.0,0ffee3ba8e615ad22535e7f771690a28,2b33c1374db4ddf06942f92373c0b54b,http/1.1,,3692.264756,10.0.2.15,61003,95.101.246.112,443,tcp,134.51608499999975,747.0,5468.0,RSTO,True,False,0,ShADadTTFR,24,1727,25,6472,ssl,0
3693.963659,Cb17891RvOvMhoIhwa,10.0.2.15,61002,95.101.246.112,443,TLSv12,TLS_ECDHE_RSA_WITH_AES_256_GCM_SHA384,secp256r1,wwwimage-secure.cbsstatic.com,False,True,CsxknGIti,"['0921b094e8b427e49b90c45ec702268cc0b41886e9f9549abc840a9b51510532', '074541ecdf88ed992ed5ade3ecddef27a26ba1b44480a195c0a8dadae2521d8e']",[],1.0,0ffee3ba8e615ad22535e7f771690a28,2b33c1374db4ddf06942f92373c0b54b,http/1.1,,3692.259242,10.0.2.15,61002,95.101.246.112,443,tcp,12.594755000000076,363.0,4945.0,SF,True,False,0,ShADadFfRr,12,851,13,5469,ssl,0
3693.786158,CwXzrP15neghOIIASa,10.0.2.15,60996,95.101.246.112,443,TLSv12,TLS_ECDHE_RSA_WITH_AES_256_GCM_SHA384,secp256r1,wwwimage-secure.cbsstatic.com,False,True,CsxknGIti,"['0921b094e8b427e49b90c45ec702268cc0b41886e9f9549abc840a9b51510532', '074541ecdf88ed992ed5ade3ecddef27a26ba1b44480a195c0a8dadae2521d8e']",[],1.0,0ffee3ba8e615ad22535e7f771690a28,2b33c1374db4ddf06942f92373c0b54b,http/1.1,,3691.998941,10.0.2.15,60996,95.101.246.112,443,tcp,12.841791000000285,363.0,4945.0,SF,True,False,0,ShADadFfRr,12,851,13,5469,ssl,0
3693.730573,C9Irqj2vwiAUIiqtp3,10.0.2.15,60995,95.101.246.112,443,TLSv12,TLS_ECDHE_RSA_WITH_AES_256_GCM_SHA384,secp256r1,wwwimage-secure.cbsstatic.com,False,True,CsxknGIti,"['0921b094e8b427e49b90c45ec702268cc0b41886e9f9549abc840a9b51510532', '074541ecdf88ed992ed5ade3ecddef27a26ba1b44480a195c0a8dadae2521d8e']",[],1.0,0ffee3ba8e615ad22535e7f771690a28,2b33c1374db4ddf06942f92373c0b54b,http/1.1,,3691.998493,10.0.2.15,60995,95.101.246.112,443,tcp,151.56393500000013,1136.0,44793.0,SF,True,False,0,ShADadTTFfRr,47,3037,68,47517,ssl,0
3693.737407,CXnoqJ1forXf1WAtV7,10.0.2.15,60994,95.101.246.112,443,TLSv12,TLS_ECDHE_RSA_WITH_AES_256_GCM_SHA384,secp256r1,wwwimage-secure.cbsstatic.com,False,True,CsxknGIti,"['0921b094e8b427e49b90c45ec702268cc0b41886e9f9549abc840a9b51510532', '074541ecdf88ed992ed5ade3ecddef27a26ba1b44480a195c0a8dadae2521d8e']",[],1.0,0ffee3ba8e615ad22535e7f771690a28,2b33c1374db4ddf06942f92373c0b54b,http/1.1,,3691.996748,10.0.2.15,60994,95.101.246.112,443,tcp,151.5912699999999,1155.0,134292.0,SF,True,False,0,ShADadTTFfRr,99,5136,179,141456,ssl,0
3693.782796,CDS1Tz2B5iroY9nHi1,10.0.2.15,60992,95.101.245.177,443,TLSv12,TLS_ECDHE_RSA_WITH_AES_256_GCM_SHA384,secp256r1,js-sec.indexww.com,False,True,CsxknGIti,"['089b510ac565aa1b2f05236cba3421cb755641c1bd4eeb25a856954a4c1d7cfb', '074541ecdf88ed992ed5ade3ecddef27a26ba1b44480a195c0a8dadae2521d8e']",[],1.0,0ffee3ba8e615ad22535e7f771690a28,2b33c1374db4ddf06942f92373c0b54b,http/1.1,,3691.904003,10.0.2.15,60992,95.101.245.177,443,tcp,139.16006100000004,665.0,23108.0,SF,True,False,0,ShADadTTFfRr,33,2005,43,24832,ssl,0
3699.59085,CccsU54vfnn2gNv758,10.0.2.15,61006,95.100.181.196,443,TLSv12,TLS_ECDHE_RSA_WITH_AES_256_GCM_SHA384,,nodeassets.today.com,True,True,CsiI,,,,1a5fe5677b0e4fbbc854e8908225637d,410b9bedaf65dd26c6fe547154d60db4,http/1.1,,3694.605273,10.0.2.15,61006,95.100.181.196,443,tcp,8.36658099999977,987.0,1612.0,RSTR,True,False,0,ShADadFRr,10,1403,10,2016,ssl,0
3700.495799,Cs9FLX1icaBtiG3lea,10.0.2.15,61008,95.100.189.14,443,TLSv12,TLS_ECDHE_RSA_WITH_AES_256_GCM_SHA384,secp256r1,c.betrad.com,False,True,CsxknGIti,"['7ef605453ea4270ffdf213446d71e9b95c17f98dcac16150fdb9c0cd67008f78', 'eae72eb454bf6c3977ebd289e970b2f5282949190093d0d26f98d0f0d6a9cf17', '8420dfbe376f414bf4c0a81e6936d24ccc03f304835b86c7a39142fca723a689']",[],1.0,0ffee3ba8e615ad22535e7f771690a28,2b33c1374db4ddf06942f92373c0b54b,http/1.1,,3698.491734,10.0.2.15,61008,95.100.189.14,443,tcp,11.81935999999996,346.0,4818.0,SF,True,False,0,ShADadFfRr,12,834,13,5342,ssl,0
3704.03488,CENKPi14cNsl53QwRj,10.0.2.15,61011,95.100.181.196,443,TLSv12,TLS_ECDHE_RSA_WITH_AES_256_GCM_SHA384,,nodeassets.today.com,True,True,CsiI,,,,1a5fe5677b0e4fbbc854e8908225637d,410b9bedaf65dd26c6fe547154d60db4,http/1.1,,3701.598877,10.0.2.15,61011,95.100.181.196,443,tcp,8.685359000000062,599.0,183.0,SF,True,False,0,ShADadFRfr,8,927,9,547,ssl,0
3700.327874,CjAPlc4TjOdT4ngFui,10.0.2.15,61009,95.100.176.84,443,TLSv12,TLS_ECDHE_ECDSA_WITH_AES_256_GCM_SHA384,secp256r1,media4.s-nbcnews.com,False,True,CsxknGIti,"['c65dd70429d3978571143c466f2cf88569e28da3656ecf0eaa05bef429b796a9', '2e2861289b5ccedecae4c31bf262e0fb0c29b6c1530573442731ca65d821e901']",[],1.0,0ffee3ba8e615ad22535e7f771690a28,1f5a67caff68e3d312696e32f7396c70,http/1.1,,3698.492714,10.0.2.15,61009,95.100.176.84,443,tcp,11.807671999999911,354.0,2806.0,RSTO,True,False,0,ShADadFR,10,762,9,3170,ssl,0
3711.552096,CHjBFT3gF97Rsjhdt4,10.0.2.15,61017,64.30.230.21,443,TLSv12,TLS_ECDHE_RSA_WITH_AES_256_GCM_SHA384,,www.cbs.com,True,True,CsiI,,,,0ffee3ba8e615ad22535e7f771690a28,410b9bedaf65dd26c6fe547154d60db4,http/1.1,,3709.901252,10.0.2.15,61017,64.30.230.21,443,tcp,16.400780999999824,302.0,152.0,SF,True,False,0,ShADadTFf,9,671,9,516,ssl,0
3711.555208,CEGmFl4EjPLH4JqRvd,10.0.2.15,61020,31.13.73.36,443,TLSv12,TLS_ECDHE_ECDSA_WITH_AES_128_GCM_SHA256,secp256r1,www.facebook.com,False,True,CsxknGIti,"['152151b387412a95ab90fd4664f2d98880408e9e43913124e4c91226a483386b', '19400be5b7a31fb733917700789d2f0a2471c0c9d506c0e504c06c16d7cb17c0']",[],1.0,0ffee3ba8e615ad22535e7f771690a28,2d1eb5817ece335c24904f516ad5da12,h2,,3709.911712,10.0.2.15,61020,31.13.73.36,443,tcp,25.24369999999999,1076.0,5128.0,RSTO,True,False,0,ShADadFR,15,1684,18,5852,ssl,0
3711.55613,CCERtSx3Mfs0J4d7k,10.0.2.15,61022,31.13.73.36,443,TLSv12,TLS_ECDHE_ECDSA_WITH_AES_128_GCM_SHA256,secp256r1,www.facebook.com,False,True,CsxknGIti,"['152151b387412a95ab90fd4664f2d98880408e9e43913124e4c91226a483386b', '19400be5b7a31fb733917700789d2f0a2471c0c9d506c0e504c06c16d7cb17c0']",[],1.0,0ffee3ba8e615ad22535e7f771690a28,2d1eb5817ece335c24904f516ad5da12,h2,,3710.185303,10.0.2.15,61022,31.13.73.36,443,tcp,251.3856649999998,2038.0,6092.0,SF,True,False,0,ShADadfF,26,3086,31,7336,ssl,0
3716.742159,C49xBb3WcgxCGW2x6b,10.0.2.15,61039,95.100.191.4,443,TLSv12,TLS_ECDHE_RSA_WITH_AES_256_GCM_SHA384,,sb.scorecardresearch.com,True,True,CsiI,,,,1a5fe5677b0e4fbbc854e8908225637d,410b9bedaf65dd26c6fe547154d60db4,http/1.1,,3715.41616,10.0.2.15,61039,95.100.191.4,443,tcp,136.35285899999965,1179.0,460.0,SF,True,False,0,ShADadTTFfRr,23,2120,24,1424,ssl,0
3716.742724,C6MXRr13BO6UwTpLg7,10.0.2.15,61038,216.239.120.246,443,TLSv12,TLS_ECDHE_RSA_WITH_AES_256_GCM_SHA384,,dw.cbsi.com,True,True,CsiI,,,,0ffee3ba8e615ad22535e7f771690a28,410b9bedaf65dd26c6fe547154d60db4,http/1.1,,3715.408251,10.0.2.15,61038,216.239.120.246,443,tcp,29.41149600000017,1218.0,525.0,SF,True,False,0,ShADadTFf,11,1667,11,969,ssl,0
3718.208796,C6QRMd4mfGqs4ArFV3,10.0.2.15,61033,216.239.120.246,443,TLSv12,TLS_ECDHE_RSA_WITH_AES_256_GCM_SHA384,,dw.cbsi.com,True,True,CsiI,,,,0ffee3ba8e615ad22535e7f771690a28,410b9bedaf65dd26c6fe547154d60db4,http/1.1,,3714.092764,10.0.2.15,61033,216.239.120.246,443,tcp,11.008393999999951,302.0,152.0,SF,True,False,0,ShADadFf,9,678,7,436,ssl,0
3718.509311,Cqk4e14thWIiR8S1V5,10.0.2.15,61026,23.21.173.157,443,TLSv12,TLS_ECDHE_RSA_WITH_AES_128_GCM_SHA256,secp256r1,1557470023.log.optimizely.com,False,True,CsxknGIi,"['720a04382d93aa8932b95cc755b9fbaab1b6a01d85399736cf4d5a4607e41172', '19400be5b7a31fb733917700789d2f0a2471c0c9d506c0e504c06c16d7cb17c0', '7431e5f4c3c1ce4690774f0b61e05440883ba9a01ed00ba6abd7806ed3b118cf']",[],1.0,0ffee3ba8e615ad22535e7f771690a28,303951d4c50efb2e991652225a6f02b1,,,3714.012623,10.0.2.15,61026,23.21.173.157,443,tcp,17.516483999999764,363.0,4105.0,SF,True,False,0,ShADadTFRfr,13,900,14,4669,ssl,0
3716.925491,Ckx2391bHvnbEaLOd3,10.0.2.15,61036,23.21.173.157,443,TLSv12,TLS_ECDHE_RSA_WITH_AES_128_GCM_SHA256,secp256r1,1557470023.log.optimizely.com,False,True,CsxknGIi,"['720a04382d93aa8932b95cc755b9fbaab1b6a01d85399736cf4d5a4607e41172', '19400be5b7a31fb733917700789d2f0a2471c0c9d506c0e504c06c16d7cb17c0', '7431e5f4c3c1ce4690774f0b61e05440883ba9a01ed00ba6abd7806ed3b118cf']",[],1.0,0ffee3ba8e615ad22535e7f771690a28,303951d4c50efb2e991652225a6f02b1,,,3715.229435,10.0.2.15,61036,23.21.173.157,443,tcp,71.44513999999981,1143.0,4545.0,SF,True,False,0,ShADadTFf,18,1877,18,5269,ssl,0
3717.772679,C8KtxR38fR0mXJ4rd7,10.0.2.15,61024,172.217.23.227,443,TLSv12,TLS_ECDHE_ECDSA_WITH_AES_128_GCM_SHA256,x25519,ssl.gstatic.com,False,True,CsxknGIti,"['11ddd329046367c19b32ffdb02ed308de129de4d6ffcf95856d7bd6a7accfba9', '9f630426df1d8abfd80ace98871ba833ab9742cb34838de2b5285ed54c0c7dcc', '3c35cc963eb004451323d3275d05b353235053490d9cd83729a2faf5e7ca1cc0']",[],1.0,0ffee3ba8e615ad22535e7f771690a28,84480cf8cf0e732666092640e581e1a5,h2,,3713.998379,10.0.2.15,61024,172.217.23.227,443,tcp,230.60361699999976,1419.0,9796.0,SF,True,False,0,ShADadFf,25,2435,31,11040,ssl,0
3723.936609,CsY2lw4UrS3FMFQBb3,10.0.2.15,61048,95.100.191.4,443,TLSv12,TLS_ECDHE_RSA_WITH_AES_256_GCM_SHA384,,sb.scorecardresearch.com,True,True,CsiI,,,,1a5fe5677b0e4fbbc854e8908225637d,410b9bedaf65dd26c6fe547154d60db4,http/1.1,,3718.587248,10.0.2.15,61048,95.100.191.4,443,tcp,13.096562000000176,599.0,183.0,SF,True,False,0,ShADadFfRr,9,975,9,547,ssl,0
3725.752404,C4EZjDA608VWR8Cod,10.0.2.15,61040,199.96.57.6,443,TLSv12,TLS_ECDHE_RSA_WITH_AES_128_GCM_SHA256,secp256r1,platform.twitter.com,False,True,CsxuknGIti,"['03836d502e2fb8a9f4cc51e912b5e69c5f72393c36e0ed751d7fb22118adb56e', '19400be5b7a31fb733917700789d2f0a2471c0c9d506c0e504c06c16d7cb17c0']",[],1.0,0ffee3ba8e615ad22535e7f771690a28,76cc3e2d3028143b23ec18e27dbd7ca9,http/1.1,,3725.231337,10.0.2.15,61040,199.96.57.6,443,tcp,19.15260199999966,1094.0,4889.0,SF,True,False,0,ShADadfF,12,1582,14,5453,ssl,0
3726.596281,CEZUHf1jgEz7QophO6,10.0.2.15,61049,178.250.2.67,443,TLSv12,TLS_RSA_WITH_AES_128_CBC_SHA,,gum.criteo.com,False,True,CsxnGIi,"['b0337c4f8b2eca88eca4de5aad8cba6d249c58c7a69f2d4b680e5adae991d2ac', 'eae72eb454bf6c3977ebd289e970b2f5282949190093d0d26f98d0f0d6a9cf17', '8420dfbe376f414bf4c0a81e6936d24ccc03f304835b86c7a39142fca723a689']",[],1.0,0ffee3ba8e615ad22535e7f771690a28,5dcc087b1a1d0a5b0658981a7e8b2c3c,,,3722.473597,10.0.2.15,61049,178.250.2.67,443,tcp,25.184151999999813,3519.0,4383.0,SF,True,False,0,ShADadTfF,15,4136,16,5027,ssl,0
3727.10691,CNaRzT1hfgs73RRD63,10.0.2.15,61050,199.96.57.6,443,TLSv12,TLS_ECDHE_RSA_WITH_AES_128_GCM_SHA256,secp256r1,platform.twitter.com,False,True,CsxuknGIti,"['03836d502e2fb8a9f4cc51e912b5e69c5f72393c36e0ed751d7fb22118adb56e', '19400be5b7a31fb733917700789d2f0a2471c0c9d506c0e504c06c16d7cb17c0']",[],1.0,0ffee3ba8e615ad22535e7f771690a28,76cc3e2d3028143b23ec18e27dbd7ca9,http/1.1,,3722.481369,10.0.2.15,61050,199.96.57.6,443,tcp,18.121403999999984,355.0,4447.0,SF,True,False,0,ShADadTfF,11,812,12,4931,ssl,0
3717.771027,CnSKSp4BVvxytoQ3Ph,10.0.2.15,61025,23.21.173.157,443,TLSv12,TLS_ECDHE_RSA_WITH_AES_128_GCM_SHA256,secp256r1,1557470023.log.optimizely.com,False,True,CsxknGIi,"['720a04382d93aa8932b95cc755b9fbaab1b6a01d85399736cf4d5a4607e41172', '19400be5b7a31fb733917700789d2f0a2471c0c9d506c0e504c06c16d7cb17c0', '7431e5f4c3c1ce4690774f0b61e05440883ba9a01ed00ba6abd7806ed3b118cf']",[],1.0,0ffee3ba8e615ad22535e7f771690a28,303951d4c50efb2e991652225a6f02b1,,,3714.010463,10.0.2.15,61025,23.21.173.157,443,tcp,21.28019300000005,363.0,4105.0,SF,True,False,0,ShADadTFfRr,13,900,14,4669,ssl,0
3727.099432,CckUkV2OUBY2aDf6e1,10.0.2.15,61051,138.108.96.100,443,TLSv12,TLS_DHE_RSA_WITH_AES_256_CBC_SHA,,secure-us.imrworldwide.com,False,True,CsxknGIi,"['56eaef0c87e42a128a7c9cd2d411ee09732eabcb28560a489f2476ef6483c001', 'eae72eb454bf6c3977ebd289e970b2f5282949190093d0d26f98d0f0d6a9cf17', '8420dfbe376f414bf4c0a81e6936d24ccc03f304835b86c7a39142fca723a689']",[],1.0,0ffee3ba8e615ad22535e7f771690a28,d90fa179c9daf35598ed8341272118f7,,,3722.488254,10.0.2.15,61051,138.108.96.100,443,tcp,27.915970000000016,470.0,4579.0,SF,True,False,0,ShADadTFf,13,1007,15,5183,ssl,0
3730.299872,ChwXAs4FX5ZzleM3v2,10.0.2.15,61058,31.13.70.52,443,TLSv12,TLS_ECDHE_RSA_WITH_AES_128_GCM_SHA256,secp256r1,scontent.cdninstagram.com,False,True,CsxknGIti,"['75f97496eafd0cbf253c16a154838631116569e35c96831f9720036d048f93a4', '19400be5b7a31fb733917700789d2f0a2471c0c9d506c0e504c06c16d7cb17c0']",[],1.0,0ffee3ba8e615ad22535e7f771690a28,b898351eb5e266aefd3723d466935494,h2,,3728.560248,10.0.2.15,61058,31.13.70.52,443,tcp,81.15570000000025,1941.0,216557.0,SF,True,False,0,ShADadfF,95,5749,178,223681,ssl,0
3730.30503,CW8DfH3zH057lGspCf,10.0.2.15,61060,31.13.70.52,443,TLSv12,TLS_ECDHE_RSA_WITH_AES_128_GCM_SHA256,secp256r1,scontent.cdninstagram.com,False,True,CsxknGIti,"['75f97496eafd0cbf253c16a154838631116569e35c96831f9720036d048f93a4', '19400be5b7a31fb733917700789d2f0a2471c0c9d506c0e504c06c16d7cb17c0']",[],1.0,0ffee3ba8e615ad22535e7f771690a28,b898351eb5e266aefd3723d466935494,h2,,3728.56397,10.0.2.15,61060,31.13.70.52,443,tcp,32.45598399999972,834.0,26745.0,SF,True,False,0,ShADadfF,23,1762,32,28029,ssl,0
3730.30147,C0RRBM1WsDYPuxg3P3,10.0.2.15,61059,31.13.70.52,443,TLSv12,TLS_ECDHE_RSA_WITH_AES_128_GCM_SHA256,secp256r1,scontent.cdninstagram.com,False,True,CsxknGIti,"['75f97496eafd0cbf253c16a154838631116569e35c96831f9720036d048f93a4', '19400be5b7a31fb733917700789d2f0a2471c0c9d506c0e504c06c16d7cb17c0']",[],1.0,0ffee3ba8e615ad22535e7f771690a28,b898351eb5e266aefd3723d466935494,h2,,3728.562637,10.0.2.15,61059,31.13.70.52,443,tcp,33.160613999999896,834.0,29476.0,SF,True,False,0,ShADadfF,23,1762,35,30880,ssl,0
3725.753928,CtSsOg33WrLYXPI9sj,10.0.2.15,61041,138.108.96.100,443,TLSv12,TLS_DHE_RSA_WITH_AES_256_CBC_SHA,,secure-us.imrworldwide.com,False,False,CsxknGI,"['56eaef0c87e42a128a7c9cd2d411ee09732eabcb28560a489f2476ef6483c001', 'eae72eb454bf6c3977ebd289e970b2f5282949190093d0d26f98d0f0d6a9cf17', '8420dfbe376f414bf4c0a81e6936d24ccc03f304835b86c7a39142fca723a689']",[],1.0,0ffee3ba8e615ad22535e7f771690a28,d90fa179c9daf35598ed8341272118f7,,,3725.168943,10.0.2.15,61041,138.108.96.100,443,tcp,11.06207399999994,417.0,4504.0,SF,True,False,0,^hADadfF,9,777,12,4988,ssl,0
3743.511665,CRillr273M0Kk7FfH,10.0.2.15,61092,152.163.66.131,443,TLSv12,TLS_RSA_WITH_AES_128_CBC_SHA,,adserver.adtechus.com,False,True,CsxnGIi,"['44ece7e30b43e443909ae7a302f38efd8870eb688ae56b799946ce3cf62fbf0a', '3b0cc20384ad7f24eb438f2b80c63ebe003f7f215b8877e418ebb0484028db57', '6b143c2005d5539cc22eab5f772db2a9fe87467feffa07fcf0a9f7d28274ca7a']",[],1.0,0ffee3ba8e615ad22535e7f771690a28,5397c414a9ebeaff1bf18b70ca22eaa0,,,3741.406298,10.0.2.15,61092,152.163.66.131,443,tcp,44.20031300000028,1478.0,5702.0,SF,True,False,0,ShADadTfF,15,2088,17,6386,ssl,0
3748.089508,Cro49w3MnkXucvVcs8,10.0.2.15,61102,216.58.201.98,443,TLSv12,TLS_ECDHE_RSA_WITH_AES_128_GCM_SHA256,x25519,www.googletagservices.com,False,True,CsxknGIti,"['a32ffddd76f9e7debbfc9a37b38d2ef86039b30a10d7c45ab8223d149cf99699', '9f630426df1d8abfd80ace98871ba833ab9742cb34838de2b5285ed54c0c7dcc', '3c35cc963eb004451323d3275d05b353235053490d9cd83729a2faf5e7ca1cc0']",[],1.0,0ffee3ba8e615ad22535e7f771690a28,ab41313cfec25328b20865eb1388e0a2,h2,,3746.827015,10.0.2.15,61102,216.58.201.98,443,tcp,215.25784900000008,973.0,5913.0,SF,True,False,0,ShADadTFf,24,1942,29,7077,ssl,0
3743.501537,C6OZrL1FJ2BRfJCZba,10.0.2.15,61093,152.163.66.131,443,TLSv12,TLS_RSA_WITH_AES_128_CBC_SHA,,adserver.adtechus.com,False,True,CsxnGIi,"['44ece7e30b43e443909ae7a302f38efd8870eb688ae56b799946ce3cf62fbf0a', '3b0cc20384ad7f24eb438f2b80c63ebe003f7f215b8877e418ebb0484028db57', '6b143c2005d5539cc22eab5f772db2a9fe87467feffa07fcf0a9f7d28274ca7a']",[],1.0,0ffee3ba8e615ad22535e7f771690a28,5397c414a9ebeaff1bf18b70ca22eaa0,,,3741.473209,10.0.2.15,61093,152.163.66.131,443,tcp,36.96668799999998,1478.0,5036.0,SF,True,False,0,ShADadTfF,14,2047,15,5640,ssl,0
3743.511693,C4YNe11O3xW9yPZuc2,10.0.2.15,61091,152.163.66.131,443,TLSv12,TLS_RSA_WITH_AES_128_CBC_SHA,,adserver.adtechus.com,False,True,CsxnGIi,"['44ece7e30b43e443909ae7a302f38efd8870eb688ae56b799946ce3cf62fbf0a', '3b0cc20384ad7f24eb438f2b80c63ebe003f7f215b8877e418ebb0484028db57', '6b143c2005d5539cc22eab5f772db2a9fe87467feffa07fcf0a9f7d28274ca7a']",[],1.0,0ffee3ba8e615ad22535e7f771690a28,5397c414a9ebeaff1bf18b70ca22eaa0,,,3741.404756,10.0.2.15,61091,152.163.66.131,443,tcp,45.45809499999996,1478.0,5702.0,SF,True,False,0,ShADadTfF,16,2128,18,6426,ssl,0
3743.511603,CmxzcEzVbyvF9moy1,10.0.2.15,61094,152.163.66.131,443,TLSv12,TLS_RSA_WITH_AES_128_CBC_SHA,,adserver.adtechus.com,False,True,CsxnGIi,"['44ece7e30b43e443909ae7a302f38efd8870eb688ae56b799946ce3cf62fbf0a', '3b0cc20384ad7f24eb438f2b80c63ebe003f7f215b8877e418ebb0484028db57', '6b143c2005d5539cc22eab5f772db2a9fe87467feffa07fcf0a9f7d28274ca7a']",[],1.0,0ffee3ba8e615ad22535e7f771690a28,5397c414a9ebeaff1bf18b70ca22eaa0,,,3741.479944,10.0.2.15,61094,152.163.66.131,443,tcp,49.51857399999972,2016.0,6315.0,SF,True,False,0,ShADadTfF,18,2745,18,7039,ssl,0
3751.118739,CBbkdh15BaE2SSKdx8,10.0.2.15,61106,172.217.23.238,443,TLSv12,TLS_ECDHE_RSA_WITH_AES_128_GCM_SHA256,,www.google-analytics.com,True,True,CsiI,,,,1a5fe5677b0e4fbbc854e8908225637d,67619a80665d7ab92d1041b1d11f9164,h2,,3748.797471,10.0.2.15,61106,172.217.23.238,443,tcp,214.6563970000002,2645.0,13801.0,SF,True,False,0,ShADadFf,36,4093,45,15605,ssl,0
3753.697678,CVCdi22wYWpEqyfOK5,10.0.2.15,61111,157.240.0.22,443,TLSv12,TLS_ECDHE_ECDSA_WITH_AES_128_GCM_SHA256,secp256r1,connect.facebook.net,False,True,CsxknGIti,"['152151b387412a95ab90fd4664f2d98880408e9e43913124e4c91226a483386b', '19400be5b7a31fb733917700789d2f0a2471c0c9d506c0e504c06c16d7cb17c0']",[],1.0,0ffee3ba8e615ad22535e7f771690a28,2d1eb5817ece335c24904f516ad5da12,h2,,3750.668376,10.0.2.15,61111,157.240.0.22,443,tcp,98.69679099999983,1155.0,89430.0,SF,True,False,0,ShADadTfF,52,3244,85,92834,ssl,0
3766.643541,CPWoIS24cTGCFb1PI4,10.0.2.15,61113,63.140.43.34,443,TLSv12,TLS_ECDHE_RSA_WITH_AES_256_GCM_SHA384,secp256r1,som.cbsi.com,False,True,CsxknGIi,"['a572afb0b4aaeb34ebbe47c85e883b1cf367cc09c530bb6bd7c706fefefd79fd', '19400be5b7a31fb733917700789d2f0a2471c0c9d506c0e504c06c16d7cb17c0']",[],1.0,0ffee3ba8e615ad22535e7f771690a28,959bfcf87532cbff1253e80a4ee81308,,,3765.311522,10.0.2.15,61113,63.140.43.34,443,tcp,29.43597200000022,2063.0,3616.0,SF,True,False,0,ShADadTFf,14,2632,16,4260,ssl,0
3766.889849,CEy42w1t1PwBzYotX,10.0.2.15,61114,54.148.203.149,443,TLSv12,TLS_ECDHE_RSA_WITH_AES_128_GCM_SHA256,,api.b2c.com,True,True,CsiI,,,,0ffee3ba8e615ad22535e7f771690a28,303951d4c50efb2e991652225a6f02b1,,,3765.312471,10.0.2.15,61114,54.148.203.149,443,tcp,63.80107199999975,596.0,5723.0,SF,True,False,0,ShADadTFf,15,1210,18,6447,ssl,0
3773.436817,CcQfv23YTGneFTAGOd,10.0.2.15,61130,209.244.156.19,443,TLSv12,TLS_RSA_WITH_AES_256_CBC_SHA,,www.insightexpressai.com,False,True,CsxunGIi,"['a1ad833dbb6575c4c4faa010972b3a03fd11b369fb51e0917d4f7d07f8cde31e', '111006378afbe8e99bb02ba87390ca429fca2773f74d7f7eb5744f5ddf68014b', '4f32d5dc00f715250abcc486511e37f501a899deb3bf7ea8adbbd3aef1c412da']",[],1.0,0ffee3ba8e615ad22535e7f771690a28,7912cd205ec78335aad5dd9a854c2eba,,,3772.663149,10.0.2.15,61130,209.244.156.19,443,tcp,12.941115000000082,1209.0,5660.0,SF,True,False,0,ShADadfF,11,1657,14,6224,ssl,0
3774.210774,CvYg8737ss8opggY3i,10.0.2.15,61132,95.101.253.252,443,TLSv12,TLS_ECDHE_RSA_WITH_AES_256_GCM_SHA384,secp256r1,zn_55bdrev4af0c1yl-cbs.siteintercept.qualtrics.com,False,True,CsxknGIti,"['549e0da80cc39c6d7cbe3eeb94565d533558c702c19bea5609256486b64d1cff', '154c433c491929c5ef686e838e323664a00e6a0d822ccc958fb4dab03e49a08f']",[],1.0,0ffee3ba8e615ad22535e7f771690a28,2b33c1374db4ddf06942f92373c0b54b,h2,,3772.895973,10.0.2.15,61132,95.101.253.252,443,tcp,213.110404,1204.0,14179.0,SF,True,False,0,ShADadFRfr,24,2172,34,15543,ssl,0
3776.607862,CG4Xzu1b5wPEpjO2ol,10.0.2.15,61133,216.58.201.72,443,TLSv12,TLS_ECDHE_RSA_WITH_AES_128_GCM_SHA256,x25519,ssl.google-analytics.com,False,True,CsxknGIti,"['31ed45c3400fc5f9a84dfaa0a6f6171369876ed4e2da669ee7f8edbe3593bf6b', '9f630426df1d8abfd80ace98871ba833ab9742cb34838de2b5285ed54c0c7dcc', '3c35cc963eb004451323d3275d05b353235053490d9cd83729a2faf5e7ca1cc0']",[],1.0,0ffee3ba8e615ad22535e7f771690a28,ab41313cfec25328b20865eb1388e0a2,h2,,3776.303797,10.0.2.15,61133,216.58.201.72,443,tcp,430.9589350000001,2276.0,57242.0,SF,True,False,0,ShADadFf,50,4284,83,60566,ssl,0
3783.177139,CwxJ6W3sHXV7x8OXr5,10.0.2.15,61141,172.217.23.226,443,TLSv12,TLS_ECDHE_RSA_WITH_AES_128_GCM_SHA256,,securepubads.g.doubleclick.net,True,True,CsiI,,,,1a5fe5677b0e4fbbc854e8908225637d,67619a80665d7ab92d1041b1d11f9164,h2,,3781.919865,10.0.2.15,61141,172.217.23.226,443,tcp,194.69139600000017,1205.0,384.0,SF,True,False,0,ShADadFf,18,1933,18,1108,ssl,0
3783.160945,CvLbaC4rbKW97jNSb1,10.0.2.15,61136,74.125.206.156,443,TLSv12,TLS_ECDHE_RSA_WITH_AES_128_GCM_SHA256,x25519,stats.g.doubleclick.net,False,True,CsxknGIti,"['8d80516b26a9002a020bc551f01c44620d0d726476e4babc515dc5c82f0555b5', '9f630426df1d8abfd80ace98871ba833ab9742cb34838de2b5285ed54c0c7dcc', '3c35cc963eb004451323d3275d05b353235053490d9cd83729a2faf5e7ca1cc0']",[],1.0,0ffee3ba8e615ad22535e7f771690a28,ab41313cfec25328b20865eb1388e0a2,h2,,3779.550056,10.0.2.15,61136,74.125.206.156,443,tcp,201.5878990000001,1198.0,4177.0,SF,True,False,0,ShADadFf,22,2094,22,5061,ssl,0
3784.76274,CNOwzt1eGKn1rOP7j9,10.0.2.15,61153,95.101.252.144,443,TLSv12,TLS_ECDHE_RSA_WITH_AES_256_GCM_SHA384,,z.moatads.com,True,True,CsiI,,,,1a5fe5677b0e4fbbc854e8908225637d,410b9bedaf65dd26c6fe547154d60db4,http/1.1,,3783.900979,10.0.2.15,61153,95.101.252.144,443,tcp,137.22837100000015,921.0,69444.0,SF,True,False,0,ShADadTTFfRr,56,3181,88,72968,ssl,0
3784.748777,CWSy921yEPxzcUs709,10.0.2.15,61152,69.172.216.55,443,TLSv12,TLS_ECDHE_RSA_WITH_AES_128_GCM_SHA256,secp256r1,pixel.adsafeprotected.com,False,True,CsxknGIti,"['2883331a8fbeed598390c6c5e24f65c9c90ce58027c1b02b57604432120f5e4f', 'bc3f03a436240edba5f83714f6f677e34b37f9b1f0c08c1e558d981e279e8209']",[],1.0,0ffee3ba8e615ad22535e7f771690a28,8d2a028aa94425f76ced7826b1f39039,http/1.1,,3783.89939,10.0.2.15,61152,69.172.216.55,443,tcp,16.466317999999774,696.0,52994.0,SF,True,False,0,ShADadfF,40,2304,68,55718,ssl,0
3783.405279,CCzbDE2MBvBvPVgHO6,10.0.2.15,61149,54.218.97.161,443,TLSv12,TLS_ECDHE_RSA_WITH_AES_128_GCM_SHA256,secp256r1,api-54-218-97-161.b2c.com,False,True,CsxknGIi,"['f031fdfc66c503afe860959473393d0e4cd0b54ed112304de2c3a48cf7c481f6', '973a41276ffd01e027a2aad49e34c37846d3e976ff6a620b6712e33832041aa6', '3a2fbe92891e57fe05d57087f48e730f17e5a5f53ef403d618e5b74d7a7e6ecb', 'c3846bf24b9e93ca64274c0ec67c1ecc5e024ffcacd2d74019350e81fe546ae4']",[],1.0,0ffee3ba8e615ad22535e7f771690a28,303951d4c50efb2e991652225a6f02b1,,,3782.096444,10.0.2.15,61149,54.218.97.161,443,tcp,103.35037200000032,2958.0,5938.0,SF,True,False,0,ShADadTfF,22,3854,24,6902,ssl,0
3783.304719,ClLlzr2RCI0rKobXxc,10.0.2.15,61145,54.218.97.161,443,TLSv12,TLS_ECDHE_RSA_WITH_AES_128_GCM_SHA256,secp256r1,api-54-218-97-161.b2c.com,False,True,CsxknGIi,"['f031fdfc66c503afe860959473393d0e4cd0b54ed112304de2c3a48cf7c481f6', '973a41276ffd01e027a2aad49e34c37846d3e976ff6a620b6712e33832041aa6', '3a2fbe92891e57fe05d57087f48e730f17e5a5f53ef403d618e5b74d7a7e6ecb', 'c3846bf24b9e93ca64274c0ec67c1ecc5e024ffcacd2d74019350e81fe546ae4']",[],1.0,0ffee3ba8e615ad22535e7f771690a28,303951d4c50efb2e991652225a6f02b1,,,3782.088362,10.0.2.15,61145,54.218.97.161,443,tcp,106.15896199999996,1795.0,6545.0,SF,True,False,0,ShADadTfF,25,2811,27,7629,ssl,0
3785.189682,C3q8Hh3EHxmWYejFTl,10.0.2.15,61164,172.217.23.228,443,TLSv12,TLS_ECDHE_RSA_WITH_AES_128_GCM_SHA256,,www.google.com,True,True,CsiI,,,,1a5fe5677b0e4fbbc854e8908225637d,67619a80665d7ab92d1041b1d11f9164,h2,,3784.062511,10.0.2.15,61164,172.217.23.228,443,tcp,17.885212000000138,1377.0,156.0,SF,True,False,0,ShADadfF,10,1785,10,560,ssl,0
3786.394205,CLJjzr2ctvyo2kZxi7,10.0.2.15,61150,172.217.23.225,443,TLSv12,TLS_ECDHE_RSA_WITH_AES_128_GCM_SHA256,,tpc.googlesyndication.com,True,True,CsiI,,,,1a5fe5677b0e4fbbc854e8908225637d,67619a80665d7ab92d1041b1d11f9164,h2,,3782.427808,10.0.2.15,61150,172.217.23.225,443,tcp,578.7182210000005,7543.0,311042.0,SF,True,False,0,ShADadFf,150,13559,351,325086,ssl,0
3784.751855,CVKaeyX4CiQmsOrs3,10.0.2.15,61162,31.13.65.7,443,TLSv12,TLS_ECDHE_ECDSA_WITH_AES_128_GCM_SHA256,secp256r1,staticxx.facebook.com,False,True,CsxknGIti,"['152151b387412a95ab90fd4664f2d98880408e9e43913124e4c91226a483386b', '19400be5b7a31fb733917700789d2f0a2471c0c9d506c0e504c06c16d7cb17c0']",[],1.0,0ffee3ba8e615ad22535e7f771690a28,2d1eb5817ece335c24904f516ad5da12,h2,,3783.913843,10.0.2.15,61162,31.13.65.7,443,tcp,17.666572000000087,535.0,3914.0,SF,True,False,0,ShADadFRfr,13,1063,16,4558,ssl,0
3785.187702,Cngjg42YUamDnwamce,10.0.2.15,61165,54.218.97.161,443,TLSv12,TLS_ECDHE_RSA_WITH_AES_128_GCM_SHA256,secp256r1,api-54-218-97-161.b2c.com,False,True,CsxknGIi,"['f031fdfc66c503afe860959473393d0e4cd0b54ed112304de2c3a48cf7c481f6', '973a41276ffd01e027a2aad49e34c37846d3e976ff6a620b6712e33832041aa6', '3a2fbe92891e57fe05d57087f48e730f17e5a5f53ef403d618e5b74d7a7e6ecb', 'c3846bf24b9e93ca64274c0ec67c1ecc5e024ffcacd2d74019350e81fe546ae4']",[],1.0,0ffee3ba8e615ad22535e7f771690a28,303951d4c50efb2e991652225a6f02b1,,,3784.067714,10.0.2.15,61165,54.218.97.161,443,tcp,86.79442600000039,1139.0,5938.0,SF,True,False,0,ShADadTFf,20,1954,22,6822,ssl,0
3784.7542,Chra571XXlr4UStN3k,10.0.2.15,61160,31.13.70.36,443,TLSv12,TLS_ECDHE_ECDSA_WITH_AES_128_GCM_SHA256,secp256r1,www.facebook.com,False,True,CsxknGIti,"['152151b387412a95ab90fd4664f2d98880408e9e43913124e4c91226a483386b', '19400be5b7a31fb733917700789d2f0a2471c0c9d506c0e504c06c16d7cb17c0']",[],1.0,0ffee3ba8e615ad22535e7f771690a28,2d1eb5817ece335c24904f516ad5da12,h2,,3783.908816,10.0.2.15,61160,31.13.70.36,443,tcp,199.5049180000001,1200.0,4381.0,RSTO,True,False,0,ShADadfR,23,2128,26,5425,ssl,0
3796.306113,CYQHSc3JZs31RTEoO8,10.0.2.15,61213,54.218.97.161,443,TLSv12,TLS_ECDHE_RSA_WITH_AES_128_GCM_SHA256,secp256r1,api-54-218-97-161.b2c.com,False,True,CsxknGIi,"['f031fdfc66c503afe860959473393d0e4cd0b54ed112304de2c3a48cf7c481f6', '973a41276ffd01e027a2aad49e34c37846d3e976ff6a620b6712e33832041aa6', '3a2fbe92891e57fe05d57087f48e730f17e5a5f53ef403d618e5b74d7a7e6ecb', 'c3846bf24b9e93ca64274c0ec67c1ecc5e024ffcacd2d74019350e81fe546ae4']",[],1.0,0ffee3ba8e615ad22535e7f771690a28,303951d4c50efb2e991652225a6f02b1,,,3791.770465,10.0.2.15,61213,54.218.97.161,443,tcp,15.532714999999826,359.0,5217.0,SF,True,False,0,ShADadTFf,12,848,15,5821,ssl,0
3796.382456,CKjXbWf0iGom84B4h,10.0.2.15,61212,54.218.97.161,443,TLSv12,TLS_ECDHE_RSA_WITH_AES_128_GCM_SHA256,secp256r1,api-54-218-97-161.b2c.com,False,True,CsxknGIi,"['f031fdfc66c503afe860959473393d0e4cd0b54ed112304de2c3a48cf7c481f6', '973a41276ffd01e027a2aad49e34c37846d3e976ff6a620b6712e33832041aa6', '3a2fbe92891e57fe05d57087f48e730f17e5a5f53ef403d618e5b74d7a7e6ecb', 'c3846bf24b9e93ca64274c0ec67c1ecc5e024ffcacd2d74019350e81fe546ae4']",[],1.0,0ffee3ba8e615ad22535e7f771690a28,303951d4c50efb2e991652225a6f02b1,,,3791.502164,10.0.2.15,61212,54.218.97.161,443,tcp,16.663544,359.0,5217.0,SF,True,False,0,ShADadTFf,13,888,15,5821,ssl,0
3796.987914,CEIdGp1HdG6UYKYpci,10.0.2.15,61169,172.217.23.230,443,TLSv12,TLS_ECDHE_RSA_WITH_AES_128_GCM_SHA256,,ad.doubleclick.net,True,True,CsiI,,,,1a5fe5677b0e4fbbc854e8908225637d,67619a80665d7ab92d1041b1d11f9164,h2,,3796.216278,10.0.2.15,61169,172.217.23.230,443,tcp,327.1576439999999,3246.0,37359.0,SF,True,False,0,ShADadFf,52,5334,80,40563,ssl,0
3793.342727,CbfOWfvCuyodwmWc3,10.0.2.15,61172,31.13.65.7,443,TLSv12,TLS_ECDHE_ECDSA_WITH_AES_128_GCM_SHA256,secp256r1,connect.facebook.net,False,True,CsxknGIti,"['152151b387412a95ab90fd4664f2d98880408e9e43913124e4c91226a483386b', '19400be5b7a31fb733917700789d2f0a2471c0c9d506c0e504c06c16d7cb17c0']",[],1.0,0ffee3ba8e615ad22535e7f771690a28,2d1eb5817ece335c24904f516ad5da12,h2,,3787.893147,10.0.2.15,61172,31.13.65.7,443,tcp,377.4666860000002,1141.0,129954.0,SF,True,False,0,ShADadfF,57,3437,117,134638,ssl,0
3793.821686,CpYLAI2w0E3cUWSGq4,10.0.2.15,61200,172.217.23.230,443,TLSv12,TLS_ECDHE_RSA_WITH_AES_128_GCM_SHA256,,ad.doubleclick.net,True,True,CsiI,,,,1a5fe5677b0e4fbbc854e8908225637d,67619a80665d7ab92d1041b1d11f9164,h2,,3791.404248,10.0.2.15,61200,172.217.23.230,443,tcp,12.782328000000234,1600.0,13232.0,SF,True,False,0,ShADadFf,20,2408,29,14396,ssl,0
3793.82076,Ckq7QE3OI2kwntQzkl,10.0.2.15,61151,172.217.23.238,443,TLSv12,TLS_ECDHE_ECDSA_WITH_AES_128_GCM_SHA256,x25519,safebrowsing.google.com,False,True,CsxknGIti,"['11ddd329046367c19b32ffdb02ed308de129de4d6ffcf95856d7bd6a7accfba9', '9f630426df1d8abfd80ace98871ba833ab9742cb34838de2b5285ed54c0c7dcc', '3c35cc963eb004451323d3275d05b353235053490d9cd83729a2faf5e7ca1cc0']",[],1.0,0ffee3ba8e615ad22535e7f771690a28,84480cf8cf0e732666092640e581e1a5,h2,,3791.580286,10.0.2.15,61151,172.217.23.238,443,tcp,206.327307,23972.0,5506.0,SF,True,False,0,ShADadFf,38,25500,41,7150,ssl,0
3798.768061,Cue5BX360nawthi823,10.0.2.15,61191,74.125.206.157,443,TLSv12,TLS_ECDHE_RSA_WITH_AES_128_GCM_SHA256,x25519,stats.g.doubleclick.net,False,True,CsxknGIti,"['8d80516b26a9002a020bc551f01c44620d0d726476e4babc515dc5c82f0555b5', '9f630426df1d8abfd80ace98871ba833ab9742cb34838de2b5285ed54c0c7dcc', '3c35cc963eb004451323d3275d05b353235053490d9cd83729a2faf5e7ca1cc0']",[],1.0,0ffee3ba8e615ad22535e7f771690a28,ab41313cfec25328b20865eb1388e0a2,h2,,3798.543382,10.0.2.15,61191,74.125.206.157,443,tcp,7.857437000000118,293.0,4047.0,RSTO,True,False,0,ShADadR,9,661,9,4411,ssl,0
3798.939116,CBMGDv4fjqQo0ntK5g,10.0.2.15,61189,95.101.253.252,443,TLSv12,TLS_ECDHE_RSA_WITH_AES_256_GCM_SHA384,secp256r1,siteintercept.qualtrics.com,False,True,CsxknGIti,"['549e0da80cc39c6d7cbe3eeb94565d533558c702c19bea5609256486b64d1cff', '154c433c491929c5ef686e838e323664a00e6a0d822ccc958fb4dab03e49a08f']",[],1.0,0ffee3ba8e615ad22535e7f771690a28,2b33c1374db4ddf06942f92373c0b54b,h2,,3798.50003,10.0.2.15,61189,95.101.253.252,443,tcp,6.6744519999997465,541.0,3690.0,SF,True,False,0,^hADadFfRr,12,1021,16,4334,ssl,0
3798.940225,CScRBg3D3aU9T56IDb,10.0.2.15,61223,54.218.97.161,443,TLSv12,TLS_ECDHE_RSA_WITH_AES_128_GCM_SHA256,secp256r1,api-54-218-97-161.b2c.com,False,True,CsxknGIi,"['f031fdfc66c503afe860959473393d0e4cd0b54ed112304de2c3a48cf7c481f6', '973a41276ffd01e027a2aad49e34c37846d3e976ff6a620b6712e33832041aa6', '3a2fbe92891e57fe05d57087f48e730f17e5a5f53ef403d618e5b74d7a7e6ecb', 'c3846bf24b9e93ca64274c0ec67c1ecc5e024ffcacd2d74019350e81fe546ae4']",[],1.0,0ffee3ba8e615ad22535e7f771690a28,303951d4c50efb2e991652225a6f02b1,,,3798.281863,10.0.2.15,61223,54.218.97.161,443,tcp,12.121973999999682,359.0,5217.0,SF,True,False,0,ShADadTFf,12,848,15,5821,ssl,0
3799.686195,CICKPq3Iutpv4bL7eh,10.0.2.15,61192,172.217.23.238,443,TLSv12,TLS_ECDHE_ECDSA_WITH_AES_128_GCM_SHA256,x25519,safebrowsing.google.com,False,True,CsxknGIti,"['11ddd329046367c19b32ffdb02ed308de129de4d6ffcf95856d7bd6a7accfba9', '9f630426df1d8abfd80ace98871ba833ab9742cb34838de2b5285ed54c0c7dcc', '3c35cc963eb004451323d3275d05b353235053490d9cd83729a2faf5e7ca1cc0']",[],1.0,0ffee3ba8e615ad22535e7f771690a28,84480cf8cf0e732666092640e581e1a5,h2,,3798.574781,10.0.2.15,61192,172.217.23.238,443,tcp,8.76155800000015,533.0,4422.0,SF,True,False,0,ShADadFf,13,1061,16,5066,ssl,0
3798.943139,CW30mI3Xemw4bVxOG8,10.0.2.15,61222,54.218.97.161,443,TLSv12,TLS_ECDHE_RSA_WITH_AES_128_GCM_SHA256,secp256r1,api-54-218-97-161.b2c.com,False,True,CsxknGIi,"['f031fdfc66c503afe860959473393d0e4cd0b54ed112304de2c3a48cf7c481f6', '973a41276ffd01e027a2aad49e34c37846d3e976ff6a620b6712e33832041aa6', '3a2fbe92891e57fe05d57087f48e730f17e5a5f53ef403d618e5b74d7a7e6ecb', 'c3846bf24b9e93ca64274c0ec67c1ecc5e024ffcacd2d74019350e81fe546ae4']",[],1.0,0ffee3ba8e615ad22535e7f771690a28,303951d4c50efb2e991652225a6f02b1,,,3798.281386,10.0.2.15,61222,54.218.97.161,443,tcp,12.887780999999904,359.0,5217.0,SF,True,False,0,ShADadTFf,12,848,15,5821,ssl,0
3789.849348,CUm2xEP3hLt0hM0jc,10.0.2.15,61137,31.13.65.7,443,TLSv12,TLS_ECDHE_ECDSA_WITH_AES_128_GCM_SHA256,secp256r1,connect.facebook.net,False,True,CsxknGIti,"['152151b387412a95ab90fd4664f2d98880408e9e43913124e4c91226a483386b', '19400be5b7a31fb733917700789d2f0a2471c0c9d506c0e504c06c16d7cb17c0']",[],1.0,0ffee3ba8e615ad22535e7f771690a28,2d1eb5817ece335c24904f516ad5da12,h2,,3788.761511,10.0.2.15,61137,31.13.65.7,443,tcp,17.587127999999666,323.0,3826.0,RSTO,True,False,0,ShADadR,8,651,7,4110,ssl,0
3796.308461,C9eMFoQX8xf88c31c,10.0.2.15,61214,95.101.253.252,443,TLSv12,TLS_ECDHE_RSA_WITH_AES_256_GCM_SHA384,secp256r1,siteintercept.qualtrics.com,False,True,CsxknGIti,"['549e0da80cc39c6d7cbe3eeb94565d533558c702c19bea5609256486b64d1cff', '154c433c491929c5ef686e838e323664a00e6a0d822ccc958fb4dab03e49a08f']",[],1.0,0ffee3ba8e615ad22535e7f771690a28,2b33c1374db4ddf06942f92373c0b54b,h2,,3791.771753,10.0.2.15,61214,95.101.253.252,443,tcp,9.489214000000176,541.0,3690.0,RSTO,True,False,0,ShADadFR,11,989,14,4254,ssl,0
3796.141944,CfKjsq2EICFrWnCYp5,10.0.2.15,61216,74.125.206.157,443,TLSv12,TLS_ECDHE_RSA_WITH_AES_128_GCM_SHA256,x25519,stats.g.doubleclick.net,False,True,CsxknGIti,"['8d80516b26a9002a020bc551f01c44620d0d726476e4babc515dc5c82f0555b5', '9f630426df1d8abfd80ace98871ba833ab9742cb34838de2b5285ed54c0c7dcc', '3c35cc963eb004451323d3275d05b353235053490d9cd83729a2faf5e7ca1cc0']",[],1.0,0ffee3ba8e615ad22535e7f771690a28,ab41313cfec25328b20865eb1388e0a2,h2,,3791.774866,10.0.2.15,61216,74.125.206.157,443,tcp,17.588558999999805,997.0,4481.0,SF,True,False,0,ShADadFf,17,1685,19,5245,ssl,0
3799.683875,CdH8093t95le5gn2Mb,10.0.2.15,61188,54.218.97.161,443,TLSv12,TLS_ECDHE_RSA_WITH_AES_128_GCM_SHA256,secp256r1,api-54-218-97-161.b2c.com,False,True,CsxknGIi,"['f031fdfc66c503afe860959473393d0e4cd0b54ed112304de2c3a48cf7c481f6', '973a41276ffd01e027a2aad49e34c37846d3e976ff6a620b6712e33832041aa6', '3a2fbe92891e57fe05d57087f48e730f17e5a5f53ef403d618e5b74d7a7e6ecb', 'c3846bf24b9e93ca64274c0ec67c1ecc5e024ffcacd2d74019350e81fe546ae4']",[],1.0,0ffee3ba8e615ad22535e7f771690a28,303951d4c50efb2e991652225a6f02b1,,,3798.531599,10.0.2.15,61188,54.218.97.161,443,tcp,12.934438000000227,359.0,5217.0,SF,True,False,0,ShADadTFf,11,808,14,5781,ssl,0
3839.729268,CpHsM71EepsYr5zHa9,10.0.2.15,61227,8.42.96.132,443,TLSv12,TLS_ECDHE_RSA_WITH_AES_256_CBC_SHA,secp521r1,www.roblox.com,False,True,CsxuknGIi,"['0bedfd203054410062e7bd5255d4ca29ceb407b8646ed3080435f1729fcf2a6a', '973a41276ffd01e027a2aad49e34c37846d3e976ff6a620b6712e33832041aa6']",[],1.0,0ffee3ba8e615ad22535e7f771690a28,4fd467dd264720762ffe286277c00f57,,,3839.609527,10.0.2.15,61227,8.42.96.132,443,tcp,101.4834780000001,1528.0,19169.0,SF,True,False,0,ShADadTfF,25,2545,38,20693,ssl,0
3840.787013,CkYDxz3ZTBSY2D8hi5,10.0.2.15,61228,172.217.23.228,443,TLSv12,TLS_ECDHE_RSA_WITH_AES_128_GCM_SHA256,,www.google.com,True,True,CsiI,,,,1a5fe5677b0e4fbbc854e8908225637d,67619a80665d7ab92d1041b1d11f9164,h2,,3840.747306,10.0.2.15,61228,172.217.23.228,443,tcp,649.1187810000001,13595.0,17786.0,SF,True,False,0,ShADadFf,103,17723,125,22790,ssl,0
3840.992943,CgBqGk2mNlXR5mSUb4,10.0.2.15,61229,172.217.23.234,443,TLSv12,TLS_ECDHE_RSA_WITH_AES_128_GCM_SHA256,,fonts.googleapis.com,True,True,CsiI,,,,1a5fe5677b0e4fbbc854e8908225637d,67619a80665d7ab92d1041b1d11f9164,h2,,3840.749344,10.0.2.15,61229,172.217.23.234,443,tcp,402.3759540000001,3439.0,110937.0,SF,True,False,0,ShADadFf,86,6887,156,117181,ssl,0
3841.001877,C7CLvr3nEKoTEUSWB7,10.0.2.15,61231,93.184.221.200,443,TLSv12,TLS_ECDHE_RSA_WITH_AES_128_GCM_SHA256,secp256r1,ajax.aspnetcdn.com,False,True,CsxuknGIti,"['c6919253ee0b0d6dfe373455fc39b03abeb5666f6303d84cc6eed99f1a254545', '2399983e99703ebd01cea466c10799810c4ba62a8d61b88170a334dcd61bb20f']",[],1.0,0ffee3ba8e615ad22535e7f771690a28,49b45fc1ab090aa3a159778313fc9b9e,h2,,3840.79181,10.0.2.15,61231,93.184.221.200,443,tcp,179.55015000000003,863.0,42114.0,SF,True,False,0,ShADadfF,33,2191,60,44518,ssl,0
3841.00239,C0uRR94KsqdZsW8FFh,10.0.2.15,61230,93.184.221.200,443,TLSv12,TLS_ECDHE_RSA_WITH_AES_128_GCM_SHA256,secp256r1,ajax.aspnetcdn.com,False,True,CsxuknGIti,"['c6919253ee0b0d6dfe373455fc39b03abeb5666f6303d84cc6eed99f1a254545', '2399983e99703ebd01cea466c10799810c4ba62a8d61b88170a334dcd61bb20f']",[],1.0,0ffee3ba8e615ad22535e7f771690a28,49b45fc1ab090aa3a159778313fc9b9e,h2,,3840.790679,10.0.2.15,61230,93.184.221.200,443,tcp,2.120973999999933,781.0,11539.0,SF,True,False,0,ShADadfF,15,1389,23,12463,ssl,0
3841.466633,C9YqTr2XVlONlHPHS2,10.0.2.15,61239,198.232.124.33,443,TLSv12,TLS_ECDHE_RSA_WITH_AES_128_GCM_SHA256,secp256r1,static.rbxcdn.com,False,True,CsxknGIti,"['7e8002550bfb288495e7816739160f4524b4636a08fb8f9ff028dcc280212533', 'd9e0c64ab27a64d79cccf42a34ec75a251a7e543353c19e984a70eb2f546cdff']",[],1.0,0ffee3ba8e615ad22535e7f771690a28,b898351eb5e266aefd3723d466935494,h2,,3841.031066,10.0.2.15,61239,198.232.124.33,443,tcp,21.39024500000005,1352.0,362286.0,SF,True,False,0,ShADadfF,181,8600,431,379530,ssl,0
3841.473037,CIdnPf4IrbdNxhgjza,10.0.2.15,61238,198.232.124.33,443,TLSv12,TLS_ECDHE_RSA_WITH_AES_128_GCM_SHA256,secp256r1,static.rbxcdn.com,False,True,CsxknGIti,"['7e8002550bfb288495e7816739160f4524b4636a08fb8f9ff028dcc280212533', 'd9e0c64ab27a64d79cccf42a34ec75a251a7e543353c19e984a70eb2f546cdff']",[],1.0,0ffee3ba8e615ad22535e7f771690a28,b898351eb5e266aefd3723d466935494,h2,,3841.030644,10.0.2.15,61238,198.232.124.33,443,tcp,5.290390000000116,825.0,44337.0,SF,True,False,0,ShADadFf,25,1833,54,46501,ssl,0
3841.477779,ChhXUH2P6XuHr4YHV9,10.0.2.15,61237,108.161.188.128,443,TLSv12,TLS_ECDHE_RSA_WITH_AES_128_GCM_SHA256,secp256r1,js.rbxcdn.com,False,True,CsxknGIti,"['7e8002550bfb288495e7816739160f4524b4636a08fb8f9ff028dcc280212533', 'd9e0c64ab27a64d79cccf42a34ec75a251a7e543353c19e984a70eb2f546cdff']",[],1.0,0ffee3ba8e615ad22535e7f771690a28,b898351eb5e266aefd3723d466935494,h2,,3841.03014,10.0.2.15,61237,108.161.188.128,443,tcp,10.153267000000142,799.0,11389.0,SF,True,False,0,ShADadFf,16,1447,23,12313,ssl,0
3841.479199,Cr4ZDknGxzb8Q9kBi,10.0.2.15,61236,108.161.188.128,443,TLSv12,TLS_ECDHE_RSA_WITH_AES_128_GCM_SHA256,secp256r1,js.rbxcdn.com,False,True,CsxknGIti,"['7e8002550bfb288495e7816739160f4524b4636a08fb8f9ff028dcc280212533', 'd9e0c64ab27a64d79cccf42a34ec75a251a7e543353c19e984a70eb2f546cdff']",[],1.0,0ffee3ba8e615ad22535e7f771690a28,b898351eb5e266aefd3723d466935494,h2,,3841.029593,10.0.2.15,61236,108.161.188.128,443,tcp,10.18367199999966,798.0,8929.0,SF,True,False,0,ShADadFf,15,1406,20,9733,ssl,0
3841.48347,CgQ0wz2uNb1i4Ym0f6,10.0.2.15,61235,108.161.188.128,443,TLSv12,TLS_ECDHE_RSA_WITH_AES_128_GCM_SHA256,secp256r1,js.rbxcdn.com,False,True,CsxknGIti,"['7e8002550bfb288495e7816739160f4524b4636a08fb8f9ff028dcc280212533', 'd9e0c64ab27a64d79cccf42a34ec75a251a7e543353c19e984a70eb2f546cdff']",[],1.0,0ffee3ba8e615ad22535e7f771690a28,b898351eb5e266aefd3723d466935494,h2,,3841.029112,10.0.2.15,61235,108.161.188.128,443,tcp,10.849177000000054,799.0,96763.0,SF,True,False,0,ShADadFf,37,2287,98,100687,ssl,0
3841.485626,Cfw3mlipduhBeKyEj,10.0.2.15,61234,108.161.188.128,443,TLSv12,TLS_ECDHE_RSA_WITH_AES_128_GCM_SHA256,secp256r1,js.rbxcdn.com,False,True,CsxknGIti,"['7e8002550bfb288495e7816739160f4524b4636a08fb8f9ff028dcc280212533', 'd9e0c64ab27a64d79cccf42a34ec75a251a7e543353c19e984a70eb2f546cdff']",[],1.0,0ffee3ba8e615ad22535e7f771690a28,b898351eb5e266aefd3723d466935494,h2,,3841.02864,10.0.2.15,61234,108.161.188.128,443,tcp,10.777450000000044,799.0,43664.0,SF,True,False,0,ShADadFf,27,1887,53,45788,ssl,0
3841.486627,CNIeVA1vN7RATrRl6a,10.0.2.15,61233,108.161.188.128,443,TLSv12,TLS_ECDHE_RSA_WITH_AES_128_GCM_SHA256,secp256r1,js.rbxcdn.com,False,True,CsxknGIti,"['7e8002550bfb288495e7816739160f4524b4636a08fb8f9ff028dcc280212533', 'd9e0c64ab27a64d79cccf42a34ec75a251a7e543353c19e984a70eb2f546cdff']",[],1.0,0ffee3ba8e615ad22535e7f771690a28,b898351eb5e266aefd3723d466935494,h2,,3841.027817,10.0.2.15,61233,108.161.188.128,443,tcp,11.745562999999947,798.0,11121.0,SF,True,False,0,ShADadFf,16,1446,22,12005,ssl,0
3841.488605,CU063g4ozFCB71tEha,10.0.2.15,61232,108.161.188.128,443,TLSv12,TLS_ECDHE_RSA_WITH_AES_128_GCM_SHA256,secp256r1,images.rbxcdn.com,False,True,CsxknGIti,"['7e8002550bfb288495e7816739160f4524b4636a08fb8f9ff028dcc280212533', 'd9e0c64ab27a64d79cccf42a34ec75a251a7e543353c19e984a70eb2f546cdff']",[],1.0,0ffee3ba8e615ad22535e7f771690a28,b898351eb5e266aefd3723d466935494,h2,,3841.020306,10.0.2.15,61232,108.161.188.128,443,tcp,67.6663510000003,577.0,3349.0,SF,True,False,0,ShADadFRfr,14,1145,15,3953,ssl,0
3842.282879,CqKqYf4XTCSDvQ9wC4,10.0.2.15,61245,108.161.188.128,443,TLSv12,TLS_ECDHE_RSA_WITH_AES_128_GCM_SHA256,secp256r1,images.rbxcdn.com,False,True,CsxknGIti,"['7e8002550bfb288495e7816739160f4524b4636a08fb8f9ff028dcc280212533', 'd9e0c64ab27a64d79cccf42a34ec75a251a7e543353c19e984a70eb2f546cdff']",[],1.0,0ffee3ba8e615ad22535e7f771690a28,b898351eb5e266aefd3723d466935494,h2,,3841.496457,10.0.2.15,61245,108.161.188.128,443,tcp,10.315477999999985,351.0,3265.0,SF,True,False,0,ShADadFf,9,719,10,3669,ssl,0
3842.010167,CAiTF61mZU1tEONSu9,10.0.2.15,61241,198.232.124.33,443,TLSv12,TLS_ECDHE_RSA_WITH_AES_128_GCM_SHA256,secp256r1,static.rbxcdn.com,False,True,CsxknGIti,"['7e8002550bfb288495e7816739160f4524b4636a08fb8f9ff028dcc280212533', 'd9e0c64ab27a64d79cccf42a34ec75a251a7e543353c19e984a70eb2f546cdff']",[],1.0,0ffee3ba8e615ad22535e7f771690a28,b898351eb5e266aefd3723d466935494,h2,,3841.36146,10.0.2.15,61241,198.232.124.33,443,tcp,4.695791000000099,560.0,3303.0,SF,True,False,0,ShADadFf,13,1088,14,3867,ssl,0
3842.010939,CBgOSg3oY2JIGVlkga,10.0.2.15,61240,198.232.124.33,443,TLSv12,TLS_ECDHE_RSA_WITH_AES_128_GCM_SHA256,secp256r1,static.rbxcdn.com,False,True,CsxknGIti,"['7e8002550bfb288495e7816739160f4524b4636a08fb8f9ff028dcc280212533', 'd9e0c64ab27a64d79cccf42a34ec75a251a7e543353c19e984a70eb2f546cdff']",[],1.0,0ffee3ba8e615ad22535e7f771690a28,b898351eb5e266aefd3723d466935494,h2,,3841.360934,10.0.2.15,61240,198.232.124.33,443,tcp,4.696339999999964,560.0,3303.0,SF,True,False,0,ShADadFf,13,1088,13,3827,ssl,0
3842.012098,CBcstW2QNCbhPI7Dre,10.0.2.15,61242,108.161.188.128,443,TLSv12,TLS_ECDHE_RSA_WITH_AES_128_GCM_SHA256,secp256r1,js.rbxcdn.com,False,True,CsxknGIti,"['7e8002550bfb288495e7816739160f4524b4636a08fb8f9ff028dcc280212533', 'd9e0c64ab27a64d79cccf42a34ec75a251a7e543353c19e984a70eb2f546cdff']",[],1.0,0ffee3ba8e615ad22535e7f771690a28,b898351eb5e266aefd3723d466935494,h2,,3841.362345,10.0.2.15,61242,108.161.188.128,443,tcp,4.694838999999774,556.0,3303.0,SF,True,False,0,ShADadFf,13,1084,14,3867,ssl,0
3842.462694,C8Rioa513cRXMfPA8,10.0.2.15,61246,108.161.188.128,443,TLSv12,TLS_ECDHE_RSA_WITH_AES_128_GCM_SHA256,secp256r1,js.rbxcdn.com,False,True,CsxknGIti,"['7e8002550bfb288495e7816739160f4524b4636a08fb8f9ff028dcc280212533', 'd9e0c64ab27a64d79cccf42a34ec75a251a7e543353c19e984a70eb2f546cdff']",[],1.0,0ffee3ba8e615ad22535e7f771690a28,b898351eb5e266aefd3723d466935494,h2,,3841.497671,10.0.2.15,61246,108.161.188.128,443,tcp,4.566162000000077,556.0,3303.0,SF,True,False,0,ShADadFf,12,1044,14,3867,ssl,0
3842.460272,Ca3VDs4NUTiR1mZdZ6,10.0.2.15,61249,108.161.188.128,443,TLSv12,TLS_ECDHE_RSA_WITH_AES_128_GCM_SHA256,secp256r1,js.rbxcdn.com,False,True,CsxknGIti,"['7e8002550bfb288495e7816739160f4524b4636a08fb8f9ff028dcc280212533', 'd9e0c64ab27a64d79cccf42a34ec75a251a7e543353c19e984a70eb2f546cdff']",[],1.0,0ffee3ba8e615ad22535e7f771690a28,b898351eb5e266aefd3723d466935494,h2,,3841.506909,10.0.2.15,61249,108.161.188.128,443,tcp,212.63705600000003,2103.0,1778597.0,SF,True,False,0,ShADadWFf,610,26511,1776,1849641,ssl,0
3842.461593,CCYLPiOujreogVMH5,10.0.2.15,61248,108.161.188.128,443,TLSv12,TLS_ECDHE_RSA_WITH_AES_128_GCM_SHA256,secp256r1,js.rbxcdn.com,False,True,CsxknGIti,"['7e8002550bfb288495e7816739160f4524b4636a08fb8f9ff028dcc280212533', 'd9e0c64ab27a64d79cccf42a34ec75a251a7e543353c19e984a70eb2f546cdff']",[],1.0,0ffee3ba8e615ad22535e7f771690a28,b898351eb5e266aefd3723d466935494,h2,,3841.505211,10.0.2.15,61248,108.161.188.128,443,tcp,4.709934999999859,556.0,3303.0,SF,True,False,0,ShADadFf,12,1044,13,3827,ssl,0
3842.462225,CesZc432mLIlRBYg22,10.0.2.15,61247,108.161.188.128,443,TLSv12,TLS_ECDHE_RSA_WITH_AES_128_GCM_SHA256,secp256r1,js.rbxcdn.com,False,True,CsxknGIti,"['7e8002550bfb288495e7816739160f4524b4636a08fb8f9ff028dcc280212533', 'd9e0c64ab27a64d79cccf42a34ec75a251a7e543353c19e984a70eb2f546cdff']",[],1.0,0ffee3ba8e615ad22535e7f771690a28,b898351eb5e266aefd3723d466935494,h2,,3841.499352,10.0.2.15,61247,108.161.188.128,443,tcp,4.601068000000396,556.0,3303.0,SF,True,False,0,ShADadFf,13,1084,15,3907,ssl,0
3852.341347,CWWpWn3sV0hX2gdqo7,10.0.2.15,61259,95.100.191.4,443,TLSv12,TLS_ECDHE_RSA_WITH_AES_256_GCM_SHA384,,sb.scorecardresearch.com,True,True,CsiI,,,,1a5fe5677b0e4fbbc854e8908225637d,410b9bedaf65dd26c6fe547154d60db4,http/1.1,,3852.010951,10.0.2.15,61259,95.100.191.4,443,tcp,125.90943499999958,1089.0,460.0,SF,True,False,0,ShADadTTFfRr,22,1989,23,1384,ssl,0
3852.341987,Cz4GHg3xLanpDPyqzb,10.0.2.15,61258,95.100.191.4,443,TLSv12,TLS_ECDHE_RSA_WITH_AES_256_GCM_SHA384,,sb.scorecardresearch.com,True,True,CsiI,,,,1a5fe5677b0e4fbbc854e8908225637d,410b9bedaf65dd26c6fe547154d60db4,http/1.1,,3852.008155,10.0.2.15,61258,95.100.191.4,443,tcp,6.837543000000096,599.0,183.0,SF,True,False,0,ShADadFfRr,8,927,9,547,ssl,0
3852.344082,CkQnHe2jH0gfrz4tql,10.0.2.15,61257,95.100.191.4,443,TLSv12,TLS_ECDHE_RSA_WITH_AES_256_GCM_SHA384,,sb.scorecardresearch.com,True,True,CsiI,,,,1a5fe5677b0e4fbbc854e8908225637d,410b9bedaf65dd26c6fe547154d60db4,http/1.1,,3852.006766,10.0.2.15,61257,95.100.191.4,443,tcp,6.838975000000119,599.0,183.0,SF,True,False,0,ShADadFfRr,8,927,9,547,ssl,0
3852.165876,CsdrwJ89cVUvkpMYf,10.0.2.15,61256,172.217.23.227,443,TLSv12,TLS_ECDHE_ECDSA_WITH_AES_128_GCM_SHA256,,fonts.gstatic.com,True,True,CsiI,,,,1a5fe5677b0e4fbbc854e8908225637d,c23237dbea656869600e48dfbd00ab7b,h2,,3852.006122,10.0.2.15,61256,172.217.23.227,443,tcp,621.432092,3514.0,183539.0,SF,True,False,0,ShADadFfRr,122,8402,236,192983,ssl,0
3371.472294,C8rQVc2myYRqow9fG9,10.0.2.15,60306,62.67.193.31,443,,,,optimized-by.rubiconproject.com,False,False,C,,,,0ffee3ba8e615ad22535e7f771690a28,,,,3369.558897,10.0.2.15,60306,62.67.193.31,443,tcp,184.33150000000023,208.0,0.0,SF,True,False,0,ShADaTFTf,22,1113,21,844,ssl,0
3852.646833,CM1jEZ24e5jQ3JSBxl,10.0.2.15,61261,74.125.206.157,443,TLSv12,TLS_ECDHE_RSA_WITH_AES_128_GCM_SHA256,,stats.g.doubleclick.net,True,True,CsiI,,,,1a5fe5677b0e4fbbc854e8908225637d,67619a80665d7ab92d1041b1d11f9164,h2,,3852.338064,10.0.2.15,61261,74.125.206.157,443,tcp,897.8562630000001,5728.0,7465.0,SF,True,False,0,ShADadFf,81,8976,95,11269,ssl,0
3852.340069,CDoNUa1ZQ3tCcvAcme,10.0.2.15,61260,8.42.96.23,443,TLSv12,TLS_ECDHE_RSA_WITH_AES_256_CBC_SHA,secp521r1,ecsv2.roblox.com,False,True,CsxuknGIi,"['0bedfd203054410062e7bd5255d4ca29ceb407b8646ed3080435f1729fcf2a6a', '973a41276ffd01e027a2aad49e34c37846d3e976ff6a620b6712e33832041aa6']",[],1.0,0ffee3ba8e615ad22535e7f771690a28,4fd467dd264720762ffe286277c00f57,,,3852.014604,10.0.2.15,61260,8.42.96.23,443,tcp,149.47540200000003,6665.0,7120.0,SF,True,False,0,ShADadTTfF,32,7965,36,8564,ssl,0
3854.567455,CHOtT43hQLBqtCHSj3,10.0.2.15,61263,8.42.96.23,443,TLSv12,TLS_ECDHE_RSA_WITH_AES_256_CBC_SHA,,ecsv2.roblox.com,True,True,CsiI,,,,0ffee3ba8e615ad22535e7f771690a28,96c9f2048f1e949c8bb9ad97c36c9eea,,,3853.910006,10.0.2.15,61263,8.42.96.23,443,tcp,7.226830000000064,353.0,165.0,SF,True,False,0,ShADadFf,7,641,7,449,ssl,0
3853.903875,CnnRxU2pzUPTTlUwti,10.0.2.15,61262,8.42.96.23,443,TLSv12,TLS_ECDHE_RSA_WITH_AES_256_CBC_SHA,secp521r1,ecsv2.roblox.com,False,True,CsxuknGIi,"['0bedfd203054410062e7bd5255d4ca29ceb407b8646ed3080435f1729fcf2a6a', '973a41276ffd01e027a2aad49e34c37846d3e976ff6a620b6712e33832041aa6']",[],1.0,0ffee3ba8e615ad22535e7f771690a28,4fd467dd264720762ffe286277c00f57,,,3852.35518,10.0.2.15,61262,8.42.96.23,443,tcp,7.64449999999988,464.0,4935.0,SF,True,False,0,ShADadFf,10,872,13,5459,ssl,0
3878.557427,CQZjkC2X3FPVHXhju4,10.0.2.15,61264,8.42.96.23,443,TLSv12,TLS_ECDHE_RSA_WITH_AES_256_CBC_SHA,,ecsv2.roblox.com,True,True,CsiI,,,,0ffee3ba8e615ad22535e7f771690a28,96c9f2048f1e949c8bb9ad97c36c9eea,,,3878.420003,10.0.2.15,61264,8.42.96.23,443,tcp,7.034778999999617,353.0,165.0,SF,True,False,0,ShADadFf,7,641,7,449,ssl,0
3891.179167,C6ySIH2y8XLzKpYS1f,10.0.2.15,61272,23.74.203.58,443,TLSv12,TLS_ECDHE_RSA_WITH_AES_256_GCM_SHA384,secp256r1,corp.roblox.com,False,True,CsxknGIti,"['d8e6c806afb6493da39b76ee485667095ea6ef7090eb6813055d2f748d7896a1', 'eae72eb454bf6c3977ebd289e970b2f5282949190093d0d26f98d0f0d6a9cf17']",[],1.0,0ffee3ba8e615ad22535e7f771690a28,2b33c1374db4ddf06942f92373c0b54b,http/1.1,,3890.75387,10.0.2.15,61272,23.74.203.58,443,tcp,156.59934999999996,15247.0,266575.0,SF,True,False,0,ShADadTTFfRr,153,21387,309,278939,ssl,0
3891.955927,CpHj4c3tnE2c7q29fj,10.0.2.15,61273,23.74.203.58,443,TLSv12,TLS_ECDHE_RSA_WITH_AES_256_GCM_SHA384,secp256r1,corp.roblox.com,False,True,CsxknGIti,"['d8e6c806afb6493da39b76ee485667095ea6ef7090eb6813055d2f748d7896a1', 'eae72eb454bf6c3977ebd289e970b2f5282949190093d0d26f98d0f0d6a9cf17']",[],1.0,0ffee3ba8e615ad22535e7f771690a28,2b33c1374db4ddf06942f92373c0b54b,http/1.1,,3891.338687,10.0.2.15,61273,23.74.203.58,443,tcp,160.62598900000012,5004.0,294605.0,SF,True,False,0,ShADadTTFfRr,158,11344,336,308049,ssl,0
3892.120145,CuQ0ks3CSKUMub6HHb,10.0.2.15,61274,23.74.203.58,443,TLSv12,TLS_ECDHE_RSA_WITH_AES_256_GCM_SHA384,secp256r1,corp.roblox.com,False,True,CsxknGIti,"['d8e6c806afb6493da39b76ee485667095ea6ef7090eb6813055d2f748d7896a1', 'eae72eb454bf6c3977ebd289e970b2f5282949190093d0d26f98d0f0d6a9cf17']",[],1.0,0ffee3ba8e615ad22535e7f771690a28,2b33c1374db4ddf06942f92373c0b54b,http/1.1,,3891.696659,10.0.2.15,61274,23.74.203.58,443,tcp,165.2456259999999,5086.0,449380.0,SF,True,False,0,ShADadTTFf,224,14066,498,469304,ssl,0
3894.919708,CF1w9YnQUyH4nmUNf,10.0.2.15,61282,23.74.203.58,443,TLSv12,TLS_ECDHE_RSA_WITH_AES_256_GCM_SHA384,,corp.roblox.com,True,True,CsiI,,,,1a5fe5677b0e4fbbc854e8908225637d,410b9bedaf65dd26c6fe547154d60db4,http/1.1,,3894.092343,10.0.2.15,61282,23.74.203.58,443,tcp,174.82136000000037,2892.0,1571763.0,SF,True,False,0,ShADadWTTFfRr,547,24792,1550,1633767,ssl,0
3894.927527,CSt8eo1q6uM7oCOXC7,10.0.2.15,61281,23.74.203.58,443,TLSv12,TLS_ECDHE_RSA_WITH_AES_256_GCM_SHA384,,corp.roblox.com,True,True,CsiI,,,,1a5fe5677b0e4fbbc854e8908225637d,410b9bedaf65dd26c6fe547154d60db4,http/1.1,,3894.091779,10.0.2.15,61281,23.74.203.58,443,tcp,157.8728540000002,12124.0,152856.0,SF,True,False,0,ShADadTTFfRr,85,15544,173,159780,ssl,0
3894.93122,CWHoY52xDHlrRDJXbg,10.0.2.15,61280,23.74.203.58,443,TLSv12,TLS_ECDHE_RSA_WITH_AES_256_GCM_SHA384,,corp.roblox.com,True,True,CsiI,,,,1a5fe5677b0e4fbbc854e8908225637d,410b9bedaf65dd26c6fe547154d60db4,http/1.1,,3894.09111,10.0.2.15,61280,23.74.203.58,443,tcp,174.81607200000008,2880.0,2861071.0,SF,True,False,0,ShADadWTTFf,1054,45060,2913,2977595,ssl,0
3907.746954,CPPBCq4rxvfgaROhE7,10.0.2.15,61283,172.217.23.238,443,TLSv12,TLS_ECDHE_ECDSA_WITH_AES_128_GCM_SHA256,,www.youtube.com,True,True,CsiI,,,,1a5fe5677b0e4fbbc854e8908225637d,c23237dbea656869600e48dfbd00ab7b,h2,,3907.716867,10.0.2.15,61283,172.217.23.238,443,tcp,439.08096399999977,6719.0,101829.0,SF,True,False,0,ShADadFf,97,10607,159,108193,ssl,0
3910.697433,C8cYVA2ruWctl26JF3,10.0.2.15,61284,172.217.23.238,443,TLSv12,TLS_ECDHE_ECDSA_WITH_AES_128_GCM_SHA256,x25519,s.ytimg.com,False,True,CsxknGIti,"['11ddd329046367c19b32ffdb02ed308de129de4d6ffcf95856d7bd6a7accfba9', '9f630426df1d8abfd80ace98871ba833ab9742cb34838de2b5285ed54c0c7dcc', '3c35cc963eb004451323d3275d05b353235053490d9cd83729a2faf5e7ca1cc0']",[],1.0,0ffee3ba8e615ad22535e7f771690a28,84480cf8cf0e732666092640e581e1a5,h2,,3909.717143,10.0.2.15,61284,172.217.23.238,443,tcp,213.2819140000001,651.0,4498.0,SF,True,False,0,ShADadFf,17,1339,21,5342,ssl,0
3924.32784,CzaibY3zxXCbd0zQgd,10.0.2.15,61290,172.217.23.238,443,TLSv12,TLS_ECDHE_ECDSA_WITH_AES_128_GCM_SHA256,x25519,s.youtube.com,False,True,CsxknGIti,"['11ddd329046367c19b32ffdb02ed308de129de4d6ffcf95856d7bd6a7accfba9', '9f630426df1d8abfd80ace98871ba833ab9742cb34838de2b5285ed54c0c7dcc', '3c35cc963eb004451323d3275d05b353235053490d9cd83729a2faf5e7ca1cc0']",[],1.0,0ffee3ba8e615ad22535e7f771690a28,84480cf8cf0e732666092640e581e1a5,h2,,3924.255608,10.0.2.15,61290,172.217.23.238,443,tcp,9.776245000000015,1797.0,4726.0,SF,True,False,0,^hADadFf,14,2357,18,5450,ssl,0
3924.339319,CyQXb31JoGZVPMVS96,10.0.2.15,61292,173.194.10.149,443,TLSv12,TLS_ECDHE_RSA_WITH_AES_128_GCM_SHA256,x25519,r16---sn-2gb7ln76.googlevideo.com,False,True,CsxknGIti,"['c85e43305f776b3e65aa6c477451213c4249f59cb0cb3c728c938962e9a5f69e', '9f630426df1d8abfd80ace98871ba833ab9742cb34838de2b5285ed54c0c7dcc', '3c35cc963eb004451323d3275d05b353235053490d9cd83729a2faf5e7ca1cc0']",[],1.0,0ffee3ba8e615ad22535e7f771690a28,e865964407dd4ac547ba71f0dce88e4f,,,3924.260916,10.0.2.15,61292,173.194.10.149,443,tcp,7.200723999999809,303.0,4999.0,SF,True,False,0,^hADadFfRr,8,623,11,5443,ssl,0
3924.270856,CsSGqV1RAxAffcJPte,10.0.2.15,61289,172.217.23.238,443,TLSv12,TLS_ECDHE_ECDSA_WITH_AES_128_GCM_SHA256,x25519,s.youtube.com,False,True,CsxknGIti,"['11ddd329046367c19b32ffdb02ed308de129de4d6ffcf95856d7bd6a7accfba9', '9f630426df1d8abfd80ace98871ba833ab9742cb34838de2b5285ed54c0c7dcc', '3c35cc963eb004451323d3275d05b353235053490d9cd83729a2faf5e7ca1cc0']",[],1.0,0ffee3ba8e615ad22535e7f771690a28,84480cf8cf0e732666092640e581e1a5,h2,,3924.251003,10.0.2.15,61289,172.217.23.238,443,tcp,45.85548599999993,12194.0,5757.0,RSTO,True,False,0,^hADadFR,41,13834,49,7721,ssl,0
3924.324075,CpAgE4Ha4UkowulOb,10.0.2.15,61291,172.217.23.238,443,TLSv12,TLS_ECDHE_ECDSA_WITH_AES_128_GCM_SHA256,x25519,s.youtube.com,False,True,CsxknGIti,"['11ddd329046367c19b32ffdb02ed308de129de4d6ffcf95856d7bd6a7accfba9', '9f630426df1d8abfd80ace98871ba833ab9742cb34838de2b5285ed54c0c7dcc', '3c35cc963eb004451323d3275d05b353235053490d9cd83729a2faf5e7ca1cc0']",[],1.0,0ffee3ba8e615ad22535e7f771690a28,84480cf8cf0e732666092640e581e1a5,h2,,3924.253978,10.0.2.15,61291,172.217.23.238,443,tcp,9.957484000000022,1552.0,4725.0,SF,True,False,0,^hADadFf,14,2112,17,5409,ssl,0
3924.338673,CLSmO73D62E2jzFWf1,10.0.2.15,61293,173.194.10.149,443,TLSv12,TLS_ECDHE_RSA_WITH_AES_128_GCM_SHA256,x25519,r16---sn-2gb7ln76.googlevideo.com,False,True,CsxknGIti,"['c85e43305f776b3e65aa6c477451213c4249f59cb0cb3c728c938962e9a5f69e', '9f630426df1d8abfd80ace98871ba833ab9742cb34838de2b5285ed54c0c7dcc', '3c35cc963eb004451323d3275d05b353235053490d9cd83729a2faf5e7ca1cc0']",[],1.0,0ffee3ba8e615ad22535e7f771690a28,e865964407dd4ac547ba71f0dce88e4f,,,3924.290753,10.0.2.15,61293,173.194.10.149,443,tcp,7.337718999999652,303.0,4999.0,RSTO,True,False,0,^hADadFR,7,583,9,5363,ssl,0
3924.687229,C1KYSLqHgZE0E3nCa,10.0.2.15,61297,172.217.23.238,443,TLSv12,TLS_ECDHE_ECDSA_WITH_AES_128_GCM_SHA256,x25519,s.youtube.com,False,True,CsxknGIti,"['11ddd329046367c19b32ffdb02ed308de129de4d6ffcf95856d7bd6a7accfba9', '9f630426df1d8abfd80ace98871ba833ab9742cb34838de2b5285ed54c0c7dcc', '3c35cc963eb004451323d3275d05b353235053490d9cd83729a2faf5e7ca1cc0']",[],1.0,0ffee3ba8e615ad22535e7f771690a28,84480cf8cf0e732666092640e581e1a5,h2,,3924.671892,10.0.2.15,61297,172.217.23.238,443,tcp,9.540111000000252,523.0,4406.0,RSTO,True,False,0,^hADadFR,11,963,13,4930,ssl,0
3924.688759,C83Of91e6OEPM3kbvf,10.0.2.15,61296,172.217.23.238,443,TLSv12,TLS_ECDHE_ECDSA_WITH_AES_128_GCM_SHA256,x25519,s.youtube.com,False,True,CsxknGIti,"['11ddd329046367c19b32ffdb02ed308de129de4d6ffcf95856d7bd6a7accfba9', '9f630426df1d8abfd80ace98871ba833ab9742cb34838de2b5285ed54c0c7dcc', '3c35cc963eb004451323d3275d05b353235053490d9cd83729a2faf5e7ca1cc0']",[],1.0,0ffee3ba8e615ad22535e7f771690a28,84480cf8cf0e732666092640e581e1a5,h2,,3924.572479,10.0.2.15,61296,172.217.23.238,443,tcp,9.945274000000154,523.0,4405.0,RSTO,True,False,0,^hADadFR,11,963,13,4929,ssl,0
3925.205751,CuMob422UjyMu3qtm4,10.0.2.15,61304,173.194.150.231,443,TLSv12,TLS_ECDHE_RSA_WITH_AES_128_GCM_SHA256,x25519,r1---sn-2gb7sn7s.googlevideo.com,False,True,CsxknGIti,"['c85e43305f776b3e65aa6c477451213c4249f59cb0cb3c728c938962e9a5f69e', '9f630426df1d8abfd80ace98871ba833ab9742cb34838de2b5285ed54c0c7dcc', '3c35cc963eb004451323d3275d05b353235053490d9cd83729a2faf5e7ca1cc0']",[],1.0,0ffee3ba8e615ad22535e7f771690a28,e865964407dd4ac547ba71f0dce88e4f,,,3921.981777,10.0.2.15,61304,173.194.150.231,443,tcp,11.474838999999974,333.0,4999.0,SF,True,False,0,ShADadFf,11,789,11,5443,ssl,0
3925.201671,CByIci4l62bwo3Jpu7,10.0.2.15,61303,172.217.23.238,443,TLSv12,TLS_ECDHE_ECDSA_WITH_AES_128_GCM_SHA256,x25519,s.youtube.com,False,True,CsxknGIti,"['11ddd329046367c19b32ffdb02ed308de129de4d6ffcf95856d7bd6a7accfba9', '9f630426df1d8abfd80ace98871ba833ab9742cb34838de2b5285ed54c0c7dcc', '3c35cc963eb004451323d3275d05b353235053490d9cd83729a2faf5e7ca1cc0']",[],1.0,0ffee3ba8e615ad22535e7f771690a28,84480cf8cf0e732666092640e581e1a5,h2,,3921.977186,10.0.2.15,61303,172.217.23.238,443,tcp,12.535209000000124,523.0,4405.0,RSTO,True,False,0,ShADadFR,13,1059,12,4889,ssl,0
3925.204719,CxylAj4T6io78krjK3,10.0.2.15,61305,173.194.150.231,443,TLSv12,TLS_ECDHE_RSA_WITH_AES_128_GCM_SHA256,x25519,r1---sn-2gb7sn7s.googlevideo.com,False,True,CsxknGIti,"['c85e43305f776b3e65aa6c477451213c4249f59cb0cb3c728c938962e9a5f69e', '9f630426df1d8abfd80ace98871ba833ab9742cb34838de2b5285ed54c0c7dcc', '3c35cc963eb004451323d3275d05b353235053490d9cd83729a2faf5e7ca1cc0']",[],1.0,0ffee3ba8e615ad22535e7f771690a28,e865964407dd4ac547ba71f0dce88e4f,,,3921.998475,10.0.2.15,61305,173.194.150.231,443,tcp,10.922754000000168,302.0,4999.0,RSTO,True,False,0,ShADadR,9,678,8,5323,ssl,0
3931.412185,CwM58b4o7l6I1UNgg6,10.0.2.15,61310,172.217.23.238,443,TLSv12,TLS_ECDHE_ECDSA_WITH_AES_128_GCM_SHA256,x25519,redirector.googlevideo.com,False,True,CsxknGIti,"['11ddd329046367c19b32ffdb02ed308de129de4d6ffcf95856d7bd6a7accfba9', '9f630426df1d8abfd80ace98871ba833ab9742cb34838de2b5285ed54c0c7dcc', '3c35cc963eb004451323d3275d05b353235053490d9cd83729a2faf5e7ca1cc0']",[],1.0,0ffee3ba8e615ad22535e7f771690a28,84480cf8cf0e732666092640e581e1a5,h2,,3927.720731,10.0.2.15,61310,172.217.23.238,443,tcp,15.187045000000126,2781.0,7209.0,SF,True,False,0,ShADadFf,22,3677,24,8173,ssl,0
3931.464443,C7Eomg2dMgtj72dsSg,10.0.2.15,61311,172.217.23.238,443,TLSv12,TLS_ECDHE_ECDSA_WITH_AES_128_GCM_SHA256,x25519,redirector.googlevideo.com,False,True,CsxknGIti,"['11ddd329046367c19b32ffdb02ed308de129de4d6ffcf95856d7bd6a7accfba9', '9f630426df1d8abfd80ace98871ba833ab9742cb34838de2b5285ed54c0c7dcc', '3c35cc963eb004451323d3275d05b353235053490d9cd83729a2faf5e7ca1cc0']",[],1.0,0ffee3ba8e615ad22535e7f771690a28,84480cf8cf0e732666092640e581e1a5,h2,,3927.721218,10.0.2.15,61311,172.217.23.238,443,tcp,15.467572000000018,1429.0,5687.0,SF,True,False,0,ShADadFf,19,2205,19,6451,ssl,0
3925.799578,Cusc6d2r5yi0wulMRi,10.0.2.15,61307,172.217.23.238,443,TLSv12,TLS_ECDHE_ECDSA_WITH_AES_128_GCM_SHA256,x25519,s.youtube.com,False,True,CsxknGIti,"['11ddd329046367c19b32ffdb02ed308de129de4d6ffcf95856d7bd6a7accfba9', '9f630426df1d8abfd80ace98871ba833ab9742cb34838de2b5285ed54c0c7dcc', '3c35cc963eb004451323d3275d05b353235053490d9cd83729a2faf5e7ca1cc0']",[],1.0,0ffee3ba8e615ad22535e7f771690a28,84480cf8cf0e732666092640e581e1a5,h2,,3922.269247,10.0.2.15,61307,172.217.23.238,443,tcp,12.295627999999851,523.0,4407.0,RSTO,True,False,0,ShADadFR,13,1059,12,4891,ssl,0
3925.676758,CXLKHT18x9wK8wRdwl,10.0.2.15,61306,173.194.184.11,443,TLSv12,TLS_ECDHE_RSA_WITH_AES_128_GCM_SHA256,x25519,r5---sn-p5qs7nel.googlevideo.com,False,True,CsxknGIti,"['bb87a13535a9eb3a68afb1f5d6a4f802429819b59315ba7cbf60837a93c91bb1', '9f630426df1d8abfd80ace98871ba833ab9742cb34838de2b5285ed54c0c7dcc', '3c35cc963eb004451323d3275d05b353235053490d9cd83729a2faf5e7ca1cc0']",[],1.0,0ffee3ba8e615ad22535e7f771690a28,e865964407dd4ac547ba71f0dce88e4f,,,3922.203717,10.0.2.15,61306,173.194.184.11,443,tcp,13.804677000000083,333.0,4999.0,SF,True,False,0,ShADadFf,11,789,11,5443,ssl,0
3925.550502,CIk191OWN2vTI6FFh,10.0.2.15,61302,173.194.184.11,443,TLSv12,TLS_ECDHE_RSA_WITH_AES_128_GCM_SHA256,,r5---sn-p5qs7nel.googlevideo.com,False,False,Cs,,,,0ffee3ba8e615ad22535e7f771690a28,e865964407dd4ac547ba71f0dce88e4f,,,3921.950807,10.0.2.15,61302,173.194.184.11,443,tcp,6.774556999999732,209.0,2864.0,RSTR,True,False,0,ShADaFdRr,8,545,8,3188,ssl,0
3932.937984,CnIZnX1kxp7xslRS0j,10.0.2.15,61322,172.217.23.238,443,TLSv12,TLS_ECDHE_ECDSA_WITH_AES_128_GCM_SHA256,,youtubei.youtube.com,True,True,CsiI,,,,1a5fe5677b0e4fbbc854e8908225637d,c23237dbea656869600e48dfbd00ab7b,h2,,3928.799457,10.0.2.15,61322,172.217.23.238,443,tcp,219.02706399999988,5436.0,3454.0,SF,True,False,0,ShADadFf,30,6652,35,4858,ssl,0
3932.711333,C3s1NlJduOryTVooj,10.0.2.15,61314,172.217.23.238,443,TLSv12,TLS_ECDHE_ECDSA_WITH_AES_128_GCM_SHA256,x25519,redirector.googlevideo.com,False,True,CsxknGIti,"['11ddd329046367c19b32ffdb02ed308de129de4d6ffcf95856d7bd6a7accfba9', '9f630426df1d8abfd80ace98871ba833ab9742cb34838de2b5285ed54c0c7dcc', '3c35cc963eb004451323d3275d05b353235053490d9cd83729a2faf5e7ca1cc0']",[],1.0,0ffee3ba8e615ad22535e7f771690a28,84480cf8cf0e732666092640e581e1a5,h2,,3928.116094,10.0.2.15,61314,172.217.23.238,443,tcp,11.216824999999972,574.0,4422.0,SF,True,False,0,ShADadFf,14,1150,14,4986,ssl,0
3932.695839,CMt8k115dicVwjmZ5f,10.0.2.15,61313,172.217.23.238,443,TLSv12,TLS_ECDHE_ECDSA_WITH_AES_128_GCM_SHA256,x25519,redirector.googlevideo.com,False,True,CsxknGIti,"['11ddd329046367c19b32ffdb02ed308de129de4d6ffcf95856d7bd6a7accfba9', '9f630426df1d8abfd80ace98871ba833ab9742cb34838de2b5285ed54c0c7dcc', '3c35cc963eb004451323d3275d05b353235053490d9cd83729a2faf5e7ca1cc0']",[],1.0,0ffee3ba8e615ad22535e7f771690a28,84480cf8cf0e732666092640e581e1a5,h2,,3928.114118,10.0.2.15,61313,172.217.23.238,443,tcp,10.908883999999944,574.0,4423.0,SF,True,False,0,ShADadFf,15,1190,15,5027,ssl,0
3932.701757,CRWLE32owBypLCrlug,10.0.2.15,61312,172.217.23.238,443,TLSv12,TLS_ECDHE_ECDSA_WITH_AES_128_GCM_SHA256,x25519,redirector.googlevideo.com,False,True,CsxknGIti,"['11ddd329046367c19b32ffdb02ed308de129de4d6ffcf95856d7bd6a7accfba9', '9f630426df1d8abfd80ace98871ba833ab9742cb34838de2b5285ed54c0c7dcc', '3c35cc963eb004451323d3275d05b353235053490d9cd83729a2faf5e7ca1cc0']",[],1.0,0ffee3ba8e615ad22535e7f771690a28,84480cf8cf0e732666092640e581e1a5,h2,,3928.098701,10.0.2.15,61312,172.217.23.238,443,tcp,11.23147999999992,574.0,4422.0,SF,True,False,0,ShADadFf,15,1190,15,5026,ssl,0
3932.710131,CVWS3k1ta6NMKhVFu2,10.0.2.15,61315,172.217.23.238,443,TLSv12,TLS_ECDHE_ECDSA_WITH_AES_128_GCM_SHA256,x25519,redirector.googlevideo.com,False,True,CsxknGIti,"['11ddd329046367c19b32ffdb02ed308de129de4d6ffcf95856d7bd6a7accfba9', '9f630426df1d8abfd80ace98871ba833ab9742cb34838de2b5285ed54c0c7dcc', '3c35cc963eb004451323d3275d05b353235053490d9cd83729a2faf5e7ca1cc0']",[],1.0,0ffee3ba8e615ad22535e7f771690a28,84480cf8cf0e732666092640e581e1a5,h2,,3928.126397,10.0.2.15,61315,172.217.23.238,443,tcp,10.508976000000075,536.0,4422.0,RSTO,True,False,0,ShADadFR,13,1072,12,4906,ssl,0
3932.981752,CmWNsWR6uNF6yKJ1l,10.0.2.15,61324,172.217.23.238,443,TLSv12,TLS_ECDHE_ECDSA_WITH_AES_128_GCM_SHA256,x25519,redirector.googlevideo.com,False,True,CsxknGIti,"['11ddd329046367c19b32ffdb02ed308de129de4d6ffcf95856d7bd6a7accfba9', '9f630426df1d8abfd80ace98871ba833ab9742cb34838de2b5285ed54c0c7dcc', '3c35cc963eb004451323d3275d05b353235053490d9cd83729a2faf5e7ca1cc0']",[],1.0,0ffee3ba8e615ad22535e7f771690a28,84480cf8cf0e732666092640e581e1a5,h2,,3928.801562,10.0.2.15,61324,172.217.23.238,443,tcp,9.86794800000007,536.0,4422.0,RSTO,True,False,0,ShADadFR,13,1072,13,4946,ssl,0
3932.965216,C7hRD72aN90vsQtsyg,10.0.2.15,61323,172.217.23.238,443,TLSv12,TLS_ECDHE_ECDSA_WITH_AES_128_GCM_SHA256,x25519,redirector.googlevideo.com,False,True,CsxknGIti,"['11ddd329046367c19b32ffdb02ed308de129de4d6ffcf95856d7bd6a7accfba9', '9f630426df1d8abfd80ace98871ba833ab9742cb34838de2b5285ed54c0c7dcc', '3c35cc963eb004451323d3275d05b353235053490d9cd83729a2faf5e7ca1cc0']",[],1.0,0ffee3ba8e615ad22535e7f771690a28,84480cf8cf0e732666092640e581e1a5,h2,,3928.800965,10.0.2.15,61323,172.217.23.238,443,tcp,13.888930999999957,327.0,4385.0,SF,True,False,0,ShADadFf,11,783,12,4869,ssl,0
3932.7048,CK1MTicKIfP6Y1kfg,10.0.2.15,61316,34.196.225.131,443,TLSv12,TLS_ECDHE_RSA_WITH_AES_128_GCM_SHA256,secp256r1,authoritynutrition.com,False,True,CsxuknGIti,"['cb5643bf513dae53b903ff1757450f4242bc5debf21017b0847052b5d817619b', 'eae72eb454bf6c3977ebd289e970b2f5282949190093d0d26f98d0f0d6a9cf17']",[],1.0,0ffee3ba8e615ad22535e7f771690a28,49b45fc1ab090aa3a159778313fc9b9e,http/1.1,,3928.157937,10.0.2.15,61316,34.196.225.131,443,tcp,31.60084199999983,1581.0,31387.0,SF,True,False,0,ShADadfF,22,2477,37,32871,ssl,0
3932.975288,C3Y6Oa37oc7G5SNUHj,10.0.2.15,61325,34.196.225.131,443,TLSv12,TLS_ECDHE_RSA_WITH_AES_128_GCM_SHA256,secp256r1,authoritynutrition.com,False,True,CsxuknGIti,"['cb5643bf513dae53b903ff1757450f4242bc5debf21017b0847052b5d817619b', 'eae72eb454bf6c3977ebd289e970b2f5282949190093d0d26f98d0f0d6a9cf17']",[],1.0,0ffee3ba8e615ad22535e7f771690a28,49b45fc1ab090aa3a159778313fc9b9e,http/1.1,,3928.802028,10.0.2.15,61325,34.196.225.131,443,tcp,14.685559000000012,325.0,5569.0,SF,True,False,0,ShADadfF,11,781,13,6093,ssl,0
3925.029695,CCnH9Z2rOCNo4VJlK3,10.0.2.15,61301,173.194.150.231,443,TLSv12,TLS_ECDHE_RSA_WITH_AES_128_GCM_SHA256,,r1---sn-2gb7sn7s.googlevideo.com,False,False,Cs,,,,0ffee3ba8e615ad22535e7f771690a28,e865964407dd4ac547ba71f0dce88e4f,,,3921.431238,10.0.2.15,61301,173.194.150.231,443,tcp,6.522134999999707,209.0,1420.0,RSTO,True,False,0,ShDaFdR,5,425,4,1584,ssl,0
3925.038522,CLbs03eq6zl7nHUs5,10.0.2.15,61300,173.194.150.231,443,TLSv12,TLS_ECDHE_RSA_WITH_AES_128_GCM_SHA256,,r1---sn-2gb7sn7s.googlevideo.com,False,False,Cs,,,,0ffee3ba8e615ad22535e7f771690a28,e865964407dd4ac547ba71f0dce88e4f,,,3921.430309,10.0.2.15,61300,173.194.150.231,443,tcp,6.548256999999921,209.0,1420.0,RSTO,True,False,0,ShADaFdR,6,465,4,1584,ssl,0
3929.268971,CSULfxHvq98eUdzug,10.0.2.15,61309,172.217.23.238,443,TLSv12,TLS_ECDHE_ECDSA_WITH_AES_128_GCM_SHA256,,redirector.googlevideo.com,False,False,Cs,,,,0ffee3ba8e615ad22535e7f771690a28,84480cf8cf0e732666092640e581e1a5,h2,,3926.284681,10.0.2.15,61309,172.217.23.238,443,tcp,8.247089999999844,203.0,1420.0,RSTO,True,False,0,ShADadR,4,371,3,1544,ssl,0
3929.268387,CtYesv46vQ5c6ax6Va,10.0.2.15,61308,172.217.23.238,443,TLSv12,TLS_ECDHE_ECDSA_WITH_AES_128_GCM_SHA256,,redirector.googlevideo.com,False,False,Cs,,,,0ffee3ba8e615ad22535e7f771690a28,84480cf8cf0e732666092640e581e1a5,h2,,3926.273032,10.0.2.15,61308,172.217.23.238,443,tcp,8.259121999999934,203.0,1420.0,RSTO,True,False,0,ShADadR,4,371,3,1544,ssl,0
3944.933747,C3EHiVj1rbf5ENjMc,10.0.2.15,61351,94.31.29.32,443,TLSv12,TLS_ECDHE_RSA_WITH_AES_128_GCM_SHA256,secp256r1,cdn.authoritynutrition.com,False,True,CsxknGIti,"['cb5643bf513dae53b903ff1757450f4242bc5debf21017b0847052b5d817619b', 'eae72eb454bf6c3977ebd289e970b2f5282949190093d0d26f98d0f0d6a9cf17']",[],1.0,0ffee3ba8e615ad22535e7f771690a28,b898351eb5e266aefd3723d466935494,h2,,3944.017249,10.0.2.15,61351,94.31.29.32,443,tcp,9.464540999999826,850.0,13385.0,SF,True,False,0,ShADadFf,18,1578,26,14429,ssl,0
3944.93482,Cr1XgH1123czegLX4b,10.0.2.15,61350,94.31.29.32,443,TLSv12,TLS_ECDHE_RSA_WITH_AES_128_GCM_SHA256,secp256r1,cdn.authoritynutrition.com,False,True,CsxknGIti,"['cb5643bf513dae53b903ff1757450f4242bc5debf21017b0847052b5d817619b', 'eae72eb454bf6c3977ebd289e970b2f5282949190093d0d26f98d0f0d6a9cf17']",[],1.0,0ffee3ba8e615ad22535e7f771690a28,b898351eb5e266aefd3723d466935494,h2,,3944.01653,10.0.2.15,61350,94.31.29.32,443,tcp,9.86120000000028,852.0,12374.0,SF,True,False,0,ShADadFf,18,1580,25,13378,ssl,0
3944.936173,CsHpsz2ek6RfutqHC2,10.0.2.15,61349,94.31.29.32,443,TLSv12,TLS_ECDHE_RSA_WITH_AES_128_GCM_SHA256,secp256r1,cdn.authoritynutrition.com,False,True,CsxknGIti,"['cb5643bf513dae53b903ff1757450f4242bc5debf21017b0847052b5d817619b', 'eae72eb454bf6c3977ebd289e970b2f5282949190093d0d26f98d0f0d6a9cf17']",[],1.0,0ffee3ba8e615ad22535e7f771690a28,b898351eb5e266aefd3723d466935494,h2,,3944.015405,10.0.2.15,61349,94.31.29.32,443,tcp,10.163579000000029,856.0,13002.0,SF,True,False,0,ShADadFf,18,1584,25,14006,ssl,0
3944.93851,CjTzTR1xxlkc1qVkF6,10.0.2.15,61348,94.31.29.32,443,TLSv12,TLS_ECDHE_RSA_WITH_AES_128_GCM_SHA256,secp256r1,cdn.authoritynutrition.com,False,True,CsxknGIti,"['cb5643bf513dae53b903ff1757450f4242bc5debf21017b0847052b5d817619b', 'eae72eb454bf6c3977ebd289e970b2f5282949190093d0d26f98d0f0d6a9cf17']",[],1.0,0ffee3ba8e615ad22535e7f771690a28,b898351eb5e266aefd3723d466935494,h2,,3944.014771,10.0.2.15,61348,94.31.29.32,443,tcp,49.92468899999994,7127.0,444305.0,SF,True,False,0,ShADadfF,198,15055,481,463549,ssl,0
3944.950118,C5MKZJ3lzMoazMPKJd,10.0.2.15,61347,94.31.29.32,443,TLSv12,TLS_ECDHE_RSA_WITH_AES_128_GCM_SHA256,secp256r1,cdn.authoritynutrition.com,False,True,CsxknGIti,"['cb5643bf513dae53b903ff1757450f4242bc5debf21017b0847052b5d817619b', 'eae72eb454bf6c3977ebd289e970b2f5282949190093d0d26f98d0f0d6a9cf17']",[],1.0,0ffee3ba8e615ad22535e7f771690a28,b898351eb5e266aefd3723d466935494,h2,,3944.013457,10.0.2.15,61347,94.31.29.32,443,tcp,8.760553999999956,846.0,9812.0,SF,True,False,0,ShADadFf,17,1534,24,10776,ssl,0
3944.952226,COzaCRDi4kBgJhidl,10.0.2.15,61346,94.31.29.32,443,TLSv12,TLS_ECDHE_RSA_WITH_AES_128_GCM_SHA256,secp256r1,cdn.authoritynutrition.com,False,True,CsxknGIti,"['cb5643bf513dae53b903ff1757450f4242bc5debf21017b0847052b5d817619b', 'eae72eb454bf6c3977ebd289e970b2f5282949190093d0d26f98d0f0d6a9cf17']",[],1.0,0ffee3ba8e615ad22535e7f771690a28,b898351eb5e266aefd3723d466935494,h2,,3944.012418,10.0.2.15,61346,94.31.29.32,443,tcp,9.025311000000327,844.0,8717.0,SF,True,False,0,ShADadFf,17,1532,22,9601,ssl,0
3944.955514,CEEW2b1sICdlexTx8,10.0.2.15,61345,104.16.204.165,443,TLSv12,TLS_ECDHE_ECDSA_WITH_AES_128_GCM_SHA256,secp256r1,cdn.onesignal.com,False,True,CsxuknGIti,"['b0ad6221b59460c2adbe8239f30a9330216428febc77fde6fbfef1529e8b6b5c', 'cd6c108a0e641f2ca122aaa6d03f826759cae7c6f800eabf76dc48b67cd083ce', '9573862ac0b4b125168810ea3fd101ae2eb0bb15f61fc0e6da7a2a38b85a89e8']",[],1.0,0ffee3ba8e615ad22535e7f771690a28,7d3eb4120cd50e889bcd3f3783be0f82,h2,,3944.011752,10.0.2.15,61345,104.16.204.165,443,tcp,204.3704760000005,768.0,3998.0,SF,True,False,0,ShADadFf,21,1616,23,4922,ssl,0
3944.96037,C7b706ftXQq9AY6Z5,10.0.2.15,61344,74.125.108.21,443,TLSv12,TLS_ECDHE_RSA_WITH_AES_128_GCM_SHA256,x25519,r16---sn-c0q7ln76.googlevideo.com,False,True,CsxknGIti,"['c85e43305f776b3e65aa6c477451213c4249f59cb0cb3c728c938962e9a5f69e', '9f630426df1d8abfd80ace98871ba833ab9742cb34838de2b5285ed54c0c7dcc', '3c35cc963eb004451323d3275d05b353235053490d9cd83729a2faf5e7ca1cc0']",[],1.0,0ffee3ba8e615ad22535e7f771690a28,e865964407dd4ac547ba71f0dce88e4f,,,3944.01089,10.0.2.15,61344,74.125.108.21,443,tcp,3.294656999999915,334.0,4999.0,SF,True,False,0,ShADadFf,11,782,13,5523,ssl,0
3944.962142,CcahKq3ILWlMvdUmY7,10.0.2.15,61343,74.125.108.21,443,TLSv12,TLS_ECDHE_RSA_WITH_AES_128_GCM_SHA256,x25519,r16---sn-c0q7ln76.googlevideo.com,False,True,CsxknGIti,"['c85e43305f776b3e65aa6c477451213c4249f59cb0cb3c728c938962e9a5f69e', '9f630426df1d8abfd80ace98871ba833ab9742cb34838de2b5285ed54c0c7dcc', '3c35cc963eb004451323d3275d05b353235053490d9cd83729a2faf5e7ca1cc0']",[],1.0,0ffee3ba8e615ad22535e7f771690a28,e865964407dd4ac547ba71f0dce88e4f,,,3944.009976,10.0.2.15,61343,74.125.108.21,443,tcp,3.286960000000363,334.0,4999.0,SF,True,False,0,ShADadFf,12,822,14,5563,ssl,0
3946.427512,CeM5Lb4hE87nKLL0s,10.0.2.15,61353,172.217.23.238,443,TLSv12,TLS_ECDHE_ECDSA_WITH_AES_128_GCM_SHA256,,redirector.googlevideo.com,True,True,CsiI,,,,1a5fe5677b0e4fbbc854e8908225637d,c23237dbea656869600e48dfbd00ab7b,h2,,3944.966613,10.0.2.15,61353,172.217.23.238,443,tcp,2.304630999999972,599.0,254.0,RSTR,True,False,0,ShADadRr,8,927,7,538,ssl,0
3946.430552,Crm4n63hSXovfHYbc8,10.0.2.15,61352,74.125.108.21,443,TLSv12,TLS_ECDHE_RSA_WITH_AES_128_GCM_SHA256,x25519,r16---sn-c0q7ln76.googlevideo.com,False,True,CsxknGIti,"['c85e43305f776b3e65aa6c477451213c4249f59cb0cb3c728c938962e9a5f69e', '9f630426df1d8abfd80ace98871ba833ab9742cb34838de2b5285ed54c0c7dcc', '3c35cc963eb004451323d3275d05b353235053490d9cd83729a2faf5e7ca1cc0']",[],1.0,0ffee3ba8e615ad22535e7f771690a28,e865964407dd4ac547ba71f0dce88e4f,,,3944.93249,10.0.2.15,61352,74.125.108.21,443,tcp,9.519287000000077,334.0,4999.0,SF,True,False,0,ShADadFf,10,742,11,5443,ssl,0
3954.502007,CRQrzG3BvHmJFzptZ3,10.0.2.15,61360,173.194.150.231,443,TLSv12,TLS_ECDHE_RSA_WITH_AES_128_GCM_SHA256,,r1---sn-2gb7sn7s.googlevideo.com,True,True,CsiI,,,,1a5fe5677b0e4fbbc854e8908225637d,31664de10b10b9eac390e9757a087b29,,,3954.142777,10.0.2.15,61360,173.194.150.231,443,tcp,2.837155000000166,1735.0,1296.0,SF,True,False,0,ShADadFf,10,2143,9,1660,ssl,0
3954.503192,C0mxWg2Fg47ybyZ0Xb,10.0.2.15,61359,173.194.150.231,443,TLSv12,TLS_ECDHE_RSA_WITH_AES_128_GCM_SHA256,,r1---sn-2gb7sn7s.googlevideo.com,True,True,CsiI,,,,1a5fe5677b0e4fbbc854e8908225637d,31664de10b10b9eac390e9757a087b29,,,3954.141781,10.0.2.15,61359,173.194.150.231,443,tcp,7.32753700000012,599.0,147.0,SF,True,False,0,ShADadFf,8,927,7,431,ssl,0
3954.501283,Cy91Uw454rGkx3wIV2,10.0.2.15,61361,173.194.10.149,443,TLSv12,TLS_ECDHE_RSA_WITH_AES_128_GCM_SHA256,x25519,r16---sn-2gb7ln76.googlevideo.com,False,True,CsxknGIti,"['c85e43305f776b3e65aa6c477451213c4249f59cb0cb3c728c938962e9a5f69e', '9f630426df1d8abfd80ace98871ba833ab9742cb34838de2b5285ed54c0c7dcc', '3c35cc963eb004451323d3275d05b353235053490d9cd83729a2faf5e7ca1cc0']",[],1.0,0ffee3ba8e615ad22535e7f771690a28,e865964407dd4ac547ba71f0dce88e4f,,,3954.144898,10.0.2.15,61361,173.194.10.149,443,tcp,3.397762999999941,334.0,4999.0,SF,True,False,0,ShADadFf,12,822,14,5563,ssl,0
3954.50589,CtM20JFara6y1HWz1,10.0.2.15,61357,74.125.108.21,443,TLSv12,TLS_ECDHE_RSA_WITH_AES_128_GCM_SHA256,,r16---sn-c0q7ln76.googlevideo.com,True,True,CsiI,,,,1a5fe5677b0e4fbbc854e8908225637d,31664de10b10b9eac390e9757a087b29,,,3954.139858,10.0.2.15,61357,74.125.108.21,443,tcp,2.555652000000009,1698.0,45971.0,RSTR,True,False,0,ShADadFRr,38,3226,63,48495,ssl,0
3954.504855,Cp6T3B2FNOa28IZjbk,10.0.2.15,61358,173.194.10.149,443,TLSv12,TLS_ECDHE_RSA_WITH_AES_128_GCM_SHA256,x25519,r16---sn-2gb7ln76.googlevideo.com,False,True,CsxknGIti,"['c85e43305f776b3e65aa6c477451213c4249f59cb0cb3c728c938962e9a5f69e', '9f630426df1d8abfd80ace98871ba833ab9742cb34838de2b5285ed54c0c7dcc', '3c35cc963eb004451323d3275d05b353235053490d9cd83729a2faf5e7ca1cc0']",[],1.0,0ffee3ba8e615ad22535e7f771690a28,e865964407dd4ac547ba71f0dce88e4f,,,3954.140948,10.0.2.15,61358,173.194.10.149,443,tcp,6.820274999999583,334.0,4999.0,SF,True,False,0,ShADadFf,12,822,14,5563,ssl,0
3954.800951,C1Lbvf1F6jhWQnk6Cd,10.0.2.15,61355,54.192.93.233,443,TLSv12,TLS_ECDHE_RSA_WITH_AES_128_GCM_SHA256,secp256r1,get.exitintel.com,False,True,CsxuknGIti,"['bbf2ee56eb2a018ea1e998965d74f16468074b4943ea5cdd8cc96f72f5e3f118', '02ab57e4e67a0cb48dd2ff34830e8ac40f4476fb08ca6be3f5cd846f646840f0', '4f32d5dc00f715250abcc486511e37f501a899deb3bf7ea8adbbd3aef1c412da', '687fa451382278fff0c8b11f8d43d576671c6eb2bceab413fb83d965d06d2ff2']",[],1.0,0ffee3ba8e615ad22535e7f771690a28,76cc3e2d3028143b23ec18e27dbd7ca9,http/1.1,,3954.136383,10.0.2.15,61355,54.192.93.233,443,tcp,123.62153399999988,647.0,28396.0,SF,True,False,0,ShADadTTfF,38,2186,56,30640,ssl,0
3954.801689,C44oGj2AVZL1BlN5D3,10.0.2.15,61354,54.192.93.233,443,TLSv12,TLS_ECDHE_RSA_WITH_AES_128_GCM_SHA256,secp256r1,get.exitintel.com,False,True,CsxuknGIti,"['bbf2ee56eb2a018ea1e998965d74f16468074b4943ea5cdd8cc96f72f5e3f118', '02ab57e4e67a0cb48dd2ff34830e8ac40f4476fb08ca6be3f5cd846f646840f0', '4f32d5dc00f715250abcc486511e37f501a899deb3bf7ea8adbbd3aef1c412da', '687fa451382278fff0c8b11f8d43d576671c6eb2bceab413fb83d965d06d2ff2']",[],1.0,0ffee3ba8e615ad22535e7f771690a28,76cc3e2d3028143b23ec18e27dbd7ca9,http/1.1,,3954.136349,10.0.2.15,61354,54.192.93.233,443,tcp,6.701738000000205,351.0,6584.0,SF,True,False,0,ShADadFf,13,879,16,7228,ssl,0
3955.90196,CWoRx84INkivuuCdv8,10.0.2.15,61366,173.194.150.231,443,TLSv12,TLS_ECDHE_RSA_WITH_AES_128_GCM_SHA256,,r1---sn-2gb7sn7s.googlevideo.com,True,True,CsiI,,,,1a5fe5677b0e4fbbc854e8908225637d,31664de10b10b9eac390e9757a087b29,,,3954.803761,10.0.2.15,61366,173.194.150.231,443,tcp,6.663958000000093,599.0,147.0,SF,True,False,0,ShADadFf,8,927,7,431,ssl,0
3955.903549,C0cfZK3o2vurgzP969,10.0.2.15,61365,54.192.93.233,443,TLSv12,TLS_ECDHE_RSA_WITH_AES_128_GCM_SHA256,secp256r1,get.exitintel.com,False,True,CsxuknGIti,"['bbf2ee56eb2a018ea1e998965d74f16468074b4943ea5cdd8cc96f72f5e3f118', '02ab57e4e67a0cb48dd2ff34830e8ac40f4476fb08ca6be3f5cd846f646840f0', '4f32d5dc00f715250abcc486511e37f501a899deb3bf7ea8adbbd3aef1c412da', '687fa451382278fff0c8b11f8d43d576671c6eb2bceab413fb83d965d06d2ff2']",[],1.0,0ffee3ba8e615ad22535e7f771690a28,76cc3e2d3028143b23ec18e27dbd7ca9,http/1.1,,3954.802955,10.0.2.15,61365,54.192.93.233,443,tcp,6.701303999999709,351.0,6584.0,SF,True,False,0,ShADadFf,11,799,15,7188,ssl,0
3955.907594,CfEqAu3VXuHqdb4Ekj,10.0.2.15,61363,74.125.108.21,443,TLSv12,TLS_ECDHE_RSA_WITH_AES_128_GCM_SHA256,,r16---sn-c0q7ln76.googlevideo.com,True,True,CsiI,,,,1a5fe5677b0e4fbbc854e8908225637d,31664de10b10b9eac390e9757a087b29,,,3954.474546,10.0.2.15,61363,74.125.108.21,443,tcp,15.49553300000025,6147.0,504573.0,RSTR,True,False,0,ShADadRr,181,13395,540,526177,ssl,0
3955.908512,Cv7NMH21rDO56GpZL6,10.0.2.15,61364,172.217.23.238,443,TLSv12,TLS_ECDHE_ECDSA_WITH_AES_128_GCM_SHA256,,redirector.googlevideo.com,True,True,CsiI,,,,1a5fe5677b0e4fbbc854e8908225637d,c23237dbea656869600e48dfbd00ab7b,h2,,3954.485063,10.0.2.15,61364,172.217.23.238,443,tcp,6.106570999999803,1704.0,1520.0,SF,True,False,0,ShADadFf,14,2272,16,2164,ssl,0
3956.212925,CCrHk70IErd6uI0I,10.0.2.15,61367,173.194.10.149,443,TLSv12,TLS_ECDHE_RSA_WITH_AES_128_GCM_SHA256,x25519,r16---sn-2gb7ln76.googlevideo.com,False,True,CsxknGIti,"['c85e43305f776b3e65aa6c477451213c4249f59cb0cb3c728c938962e9a5f69e', '9f630426df1d8abfd80ace98871ba833ab9742cb34838de2b5285ed54c0c7dcc', '3c35cc963eb004451323d3275d05b353235053490d9cd83729a2faf5e7ca1cc0']",[],1.0,0ffee3ba8e615ad22535e7f771690a28,e865964407dd4ac547ba71f0dce88e4f,,,3954.8046,10.0.2.15,61367,173.194.10.149,443,tcp,8.225917000000209,334.0,4999.0,SF,True,False,0,ShADadFf,10,742,13,5523,ssl,0
3962.25143,CMyHag4xMUg0LrkXG1,10.0.2.15,61371,172.217.23.238,443,TLSv12,TLS_ECDHE_ECDSA_WITH_AES_128_GCM_SHA256,,redirector.googlevideo.com,True,True,CsiI,,,,1a5fe5677b0e4fbbc854e8908225637d,c23237dbea656869600e48dfbd00ab7b,h2,,3962.049862,10.0.2.15,61371,172.217.23.238,443,tcp,200.44187500000044,3779.0,4015.0,SF,True,False,0,ShADadFf,28,4907,32,5299,ssl,0
3962.263976,CKeJdT19uEP3mzIZDa,10.0.2.15,61374,74.125.108.21,443,TLSv12,TLS_ECDHE_RSA_WITH_AES_128_GCM_SHA256,,r16---sn-c0q7ln76.googlevideo.com,True,True,CsiI,,,,1a5fe5677b0e4fbbc854e8908225637d,31664de10b10b9eac390e9757a087b29,,,3962.10777,10.0.2.15,61374,74.125.108.21,443,tcp,33.460267999999814,1696.0,1279.0,SF,True,False,0,ShADadTfF,12,2186,11,1723,ssl,0
3962.264465,CkFwhS1TlbtD2Dk7oh,10.0.2.15,61373,74.125.108.21,443,TLSv12,TLS_ECDHE_RSA_WITH_AES_128_GCM_SHA256,,r16---sn-c0q7ln76.googlevideo.com,True,True,CsiI,,,,1a5fe5677b0e4fbbc854e8908225637d,31664de10b10b9eac390e9757a087b29,,,3962.102811,10.0.2.15,61373,74.125.108.21,443,tcp,7.245275999999649,599.0,147.0,SF,True,False,0,ShADadFf,8,927,7,431,ssl,0
3962.115764,CfkNS52noGUkqUrLwi,10.0.2.15,61369,52.44.155.169,443,TLSv12,TLS_ECDHE_RSA_WITH_AES_256_GCM_SHA384,secp256r1,getitfree.us,False,True,CsxknGIti,"['b51f2c14ea8dd26b030df28c5fe7d2711419d8dcf9115c4ae9691608e55a3528', '25847d668eb4f04fdd40b12b6b0740c567da7d024308eb6c2c96fe41d9de218d']",[],1.0,0ffee3ba8e615ad22535e7f771690a28,a39e18564e32e1822751c4af0bfba817,h2,,3961.574088,10.0.2.15,61369,52.44.155.169,443,tcp,158.4098450000006,7344.0,1184400.0,SF,True,False,0,ShADadfF,427,24432,1188,1231924,ssl,0
3962.119723,C7txjE3cgL2maFJc19,10.0.2.15,61370,52.44.155.169,443,TLSv12,TLS_ECDHE_RSA_WITH_AES_256_GCM_SHA384,secp256r1,getitfree.us,False,True,CsxknGIti,"['b51f2c14ea8dd26b030df28c5fe7d2711419d8dcf9115c4ae9691608e55a3528', '25847d668eb4f04fdd40b12b6b0740c567da7d024308eb6c2c96fe41d9de218d']",[],1.0,0ffee3ba8e615ad22535e7f771690a28,a39e18564e32e1822751c4af0bfba817,h2,,3961.574657,10.0.2.15,61370,52.44.155.169,443,tcp,4.959513999999672,555.0,3263.0,SF,True,False,0,ShADadFf,12,1043,14,3827,ssl,0
3963.0227,CsTgv43YpZrG9meCJj,10.0.2.15,61372,34.196.225.131,443,TLSv12,TLS_ECDHE_RSA_WITH_AES_128_GCM_SHA256,secp256r1,authoritynutrition.com,False,True,CsxuknGIti,"['cb5643bf513dae53b903ff1757450f4242bc5debf21017b0847052b5d817619b', 'eae72eb454bf6c3977ebd289e970b2f5282949190093d0d26f98d0f0d6a9cf17']",[],1.0,1a5fe5677b0e4fbbc854e8908225637d,49b45fc1ab090aa3a159778313fc9b9e,http/1.1,,3962.064068,10.0.2.15,61372,34.196.225.131,443,tcp,75.46775099999968,1672.0,22067.0,SF,True,False,0,ShADadTfF,24,2646,38,23591,ssl,0
3963.050252,CcNvDiWlLs1uaGT7h,10.0.2.15,61375,34.196.225.131,443,TLSv12,TLS_ECDHE_RSA_WITH_AES_128_GCM_SHA256,secp256r1,authoritynutrition.com,False,True,CsxuknGIti,"['cb5643bf513dae53b903ff1757450f4242bc5debf21017b0847052b5d817619b', 'eae72eb454bf6c3977ebd289e970b2f5282949190093d0d26f98d0f0d6a9cf17']",[],1.0,1a5fe5677b0e4fbbc854e8908225637d,49b45fc1ab090aa3a159778313fc9b9e,http/1.1,,3962.109176,10.0.2.15,61375,34.196.225.131,443,tcp,7.337076000000252,674.0,5538.0,SF,True,False,0,ShADadFf,12,1162,14,6102,ssl,0
3966.14976,CxeyZ82ZDUWwfIIyA6,10.0.2.15,61380,173.194.10.149,443,TLSv12,TLS_ECDHE_RSA_WITH_AES_128_GCM_SHA256,,r16---sn-2gb7ln76.googlevideo.com,True,True,CsiI,,,,1a5fe5677b0e4fbbc854e8908225637d,31664de10b10b9eac390e9757a087b29,,,3965.138782,10.0.2.15,61380,173.194.10.149,443,tcp,33.28229099999999,1737.0,1279.0,SF,True,False,0,ShADadTfF,12,2228,12,1763,ssl,0
3966.158545,CWMN9M135TPM3BI6Ib,10.0.2.15,61383,173.194.10.149,443,TLSv12,TLS_ECDHE_RSA_WITH_AES_128_GCM_SHA256,,r16---sn-2gb7ln76.googlevideo.com,True,True,CsiI,,,,1a5fe5677b0e4fbbc854e8908225637d,31664de10b10b9eac390e9757a087b29,,,3965.140765,10.0.2.15,61383,173.194.10.149,443,tcp,33.28277900000012,1735.0,1293.0,SF,True,False,0,ShADadTfF,12,2226,12,1777,ssl,0
3966.159242,CtsdCI2tcWNQ6YD1Qb,10.0.2.15,61382,173.194.10.149,443,TLSv12,TLS_ECDHE_RSA_WITH_AES_128_GCM_SHA256,,r16---sn-2gb7ln76.googlevideo.com,True,True,CsiI,,,,1a5fe5677b0e4fbbc854e8908225637d,31664de10b10b9eac390e9757a087b29,,,3965.139928,10.0.2.15,61382,173.194.10.149,443,tcp,7.268439999999828,599.0,147.0,SF,True,False,0,ShADadFf,7,887,7,431,ssl,0
3966.159825,CsSoFOn6JivuGyz5l,10.0.2.15,61381,173.194.10.149,443,TLSv12,TLS_ECDHE_RSA_WITH_AES_128_GCM_SHA256,,r16---sn-2gb7ln76.googlevideo.com,True,True,CsiI,,,,1a5fe5677b0e4fbbc854e8908225637d,31664de10b10b9eac390e9757a087b29,,,3965.139251,10.0.2.15,61381,173.194.10.149,443,tcp,7.20067999999992,599.0,147.0,SF,True,False,0,ShADadFf,7,887,7,431,ssl,0
3967.130683,CHrUoX1ONQGKwsHwu7,10.0.2.15,61384,74.125.108.235,443,TLSv12,TLS_ECDHE_RSA_WITH_AES_128_GCM_SHA256,x25519,r6---sn-c0q7lnel.googlevideo.com,False,True,CsxknGIti,"['c85e43305f776b3e65aa6c477451213c4249f59cb0cb3c728c938962e9a5f69e', '9f630426df1d8abfd80ace98871ba833ab9742cb34838de2b5285ed54c0c7dcc', '3c35cc963eb004451323d3275d05b353235053490d9cd83729a2faf5e7ca1cc0']",[],1.0,0ffee3ba8e615ad22535e7f771690a28,e865964407dd4ac547ba71f0dce88e4f,,,3966.427731,10.0.2.15,61384,74.125.108.235,443,tcp,3.544418999999834,302.0,4999.0,RSTO,True,False,0,ShADadR,7,590,8,5323,ssl,0
3967.129864,CeUIL61aNvBe2R9LXi,10.0.2.15,61385,74.125.108.235,443,TLSv12,TLS_ECDHE_RSA_WITH_AES_128_GCM_SHA256,x25519,r6---sn-c0q7lnel.googlevideo.com,False,True,CsxknGIti,"['c85e43305f776b3e65aa6c477451213c4249f59cb0cb3c728c938962e9a5f69e', '9f630426df1d8abfd80ace98871ba833ab9742cb34838de2b5285ed54c0c7dcc', '3c35cc963eb004451323d3275d05b353235053490d9cd83729a2faf5e7ca1cc0']",[],1.0,0ffee3ba8e615ad22535e7f771690a28,e865964407dd4ac547ba71f0dce88e4f,,,3966.447002,10.0.2.15,61385,74.125.108.235,443,tcp,3.5294670000002952,302.0,4999.0,RSTO,True,False,0,ShADadFR,8,630,10,5403,ssl,0
3967.131392,Cl8O4T2HnBvEmFRl8,10.0.2.15,61386,172.217.23.226,443,TLSv12,TLS_ECDHE_RSA_WITH_AES_128_GCM_SHA256,x25519,www.googleadservices.com,False,True,CsxknGIti,"['33c13616ade5804cb64668e7fede6e1ef8141ce96a24e69910dfdd83efac1907', '9f630426df1d8abfd80ace98871ba833ab9742cb34838de2b5285ed54c0c7dcc', '3c35cc963eb004451323d3275d05b353235053490d9cd83729a2faf5e7ca1cc0']",[],1.0,0ffee3ba8e615ad22535e7f771690a28,ab41313cfec25328b20865eb1388e0a2,h2,,3966.448827,10.0.2.15,61386,172.217.23.226,443,tcp,3.62739399999964,294.0,3857.0,RSTO,True,False,0,ShADadFR,8,622,9,4221,ssl,0
3971.631612,CbdhGLbRAG1QlTfI8,10.0.2.15,61389,173.194.150.231,443,TLSv12,TLS_ECDHE_RSA_WITH_AES_128_GCM_SHA256,,r1---sn-2gb7sn7s.googlevideo.com,True,True,CsiI,,,,1a5fe5677b0e4fbbc854e8908225637d,31664de10b10b9eac390e9757a087b29,,,3971.482979,10.0.2.15,61389,173.194.150.231,443,tcp,6.43730800000003,599.0,147.0,SF,True,False,0,ShADadFf,7,887,7,431,ssl,0
3971.63304,CLlN134jDU9qQef2Qg,10.0.2.15,61388,173.194.150.231,443,TLSv12,TLS_ECDHE_RSA_WITH_AES_128_GCM_SHA256,,r1---sn-2gb7sn7s.googlevideo.com,True,True,CsiI,,,,1a5fe5677b0e4fbbc854e8908225637d,31664de10b10b9eac390e9757a087b29,,,3971.48127,10.0.2.15,61388,173.194.150.231,443,tcp,6.425972000000002,599.0,147.0,SF,True,False,0,ShADadFf,7,887,7,431,ssl,0
3973.020444,CNtEsn433TiVUJjHFg,10.0.2.15,61393,54.192.95.240,443,TLSv12,TLS_ECDHE_RSA_WITH_AES_128_GCM_SHA256,,c.amazon-adsystem.com,True,True,CsiI,,,,1a5fe5677b0e4fbbc854e8908225637d,d199ba0af2b08e204c73d6d81a1fd260,http/1.1,,3971.614596,10.0.2.15,61393,54.192.95.240,443,tcp,126.14359000000012,1010.0,584.0,SF,True,False,0,ShADadTTfF,20,1829,20,1388,ssl,0
3973.021536,C528vC1vtIdqDsCqra,10.0.2.15,61394,54.192.95.240,443,TLSv12,TLS_ECDHE_RSA_WITH_AES_128_GCM_SHA256,,c.amazon-adsystem.com,True,True,CsiI,,,,1a5fe5677b0e4fbbc854e8908225637d,d199ba0af2b08e204c73d6d81a1fd260,http/1.1,,3971.786789,10.0.2.15,61394,54.192.95.240,443,tcp,6.900002999999742,599.0,156.0,SF,True,False,0,ShADadFf,8,927,7,440,ssl,0
3972.77304,C0eCNB26HXEWDtp0z8,10.0.2.15,61390,104.16.16.194,443,TLSv12,TLS_ECDHE_ECDSA_WITH_AES_128_GCM_SHA256,secp256r1,app.clickfunnels.com,False,True,CsxuknGIti,"['b2d9532a33ea15ade7e5c9cf878ba53b7305ab544af68275efaad5adbc55f53a', 'cd6c108a0e641f2ca122aaa6d03f826759cae7c6f800eabf76dc48b67cd083ce', '9573862ac0b4b125168810ea3fd101ae2eb0bb15f61fc0e6da7a2a38b85a89e8']",[],1.0,0ffee3ba8e615ad22535e7f771690a28,7d3eb4120cd50e889bcd3f3783be0f82,h2,,3971.56109,10.0.2.15,61390,104.16.16.194,443,tcp,199.76340299999995,936.0,5712.0,SF,True,False,0,ShADadFf,20,1744,24,6676,ssl,0
3972.79086,ClJJdi2eMuFg7Hudrg,10.0.2.15,61391,104.16.16.194,443,TLSv12,TLS_ECDHE_ECDSA_WITH_AES_128_GCM_SHA256,secp256r1,app.clickfunnels.com,False,True,CsxuknGIti,"['b2d9532a33ea15ade7e5c9cf878ba53b7305ab544af68275efaad5adbc55f53a', 'cd6c108a0e641f2ca122aaa6d03f826759cae7c6f800eabf76dc48b67cd083ce', '9573862ac0b4b125168810ea3fd101ae2eb0bb15f61fc0e6da7a2a38b85a89e8']",[],1.0,0ffee3ba8e615ad22535e7f771690a28,7d3eb4120cd50e889bcd3f3783be0f82,h2,,3971.57509,10.0.2.15,61391,104.16.16.194,443,tcp,3.4860920000000992,532.0,3842.0,RSTO,True,False,0,ShADadR,9,900,10,4246,ssl,0
3973.679166,Ca8Mip4VriTL9bZ9dd,10.0.2.15,61397,54.192.95.240,443,TLSv12,TLS_ECDHE_RSA_WITH_AES_128_GCM_SHA256,,c.amazon-adsystem.com,True,True,CsiI,,,,1a5fe5677b0e4fbbc854e8908225637d,d199ba0af2b08e204c73d6d81a1fd260,http/1.1,,3972.041457,10.0.2.15,61397,54.192.95.240,443,tcp,8.945222000000285,599.0,156.0,SF,True,False,0,ShADadFf,8,927,7,440,ssl,0
3973.02255,Ca24L24QkvkCSydk95,10.0.2.15,61396,104.16.16.194,443,TLSv12,TLS_ECDHE_ECDSA_WITH_AES_128_GCM_SHA256,secp256r1,app.clickfunnels.com,False,True,CsxuknGIti,"['b2d9532a33ea15ade7e5c9cf878ba53b7305ab544af68275efaad5adbc55f53a', 'cd6c108a0e641f2ca122aaa6d03f826759cae7c6f800eabf76dc48b67cd083ce', '9573862ac0b4b125168810ea3fd101ae2eb0bb15f61fc0e6da7a2a38b85a89e8']",[],1.0,0ffee3ba8e615ad22535e7f771690a28,7d3eb4120cd50e889bcd3f3783be0f82,h2,,3971.830682,10.0.2.15,61396,104.16.16.194,443,tcp,4.12160300000005,563.0,3880.0,RSTR,True,False,0,ShADadRr,12,1051,13,4404,ssl,0
3975.079288,CIEpDD1hDGcg87LRR7,10.0.2.15,61399,31.13.74.36,443,TLSv12,TLS_ECDHE_ECDSA_WITH_AES_128_GCM_SHA256,secp256r1,www.facebook.com,False,True,CsxknGIti,"['152151b387412a95ab90fd4664f2d98880408e9e43913124e4c91226a483386b', '19400be5b7a31fb733917700789d2f0a2471c0c9d506c0e504c06c16d7cb17c0']",[],1.0,0ffee3ba8e615ad22535e7f771690a28,2d1eb5817ece335c24904f516ad5da12,h2,,3972.793754,10.0.2.15,61399,31.13.74.36,443,tcp,237.8649449999998,4802.0,230249.0,SF,True,False,0,ShADadfF,115,9410,209,238613,ssl,0
3975.271855,Ctl43p2EouK0uYbfOh,10.0.2.15,61400,31.13.74.36,443,TLSv12,TLS_ECDHE_ECDSA_WITH_AES_128_GCM_SHA256,secp256r1,www.facebook.com,False,True,CsxknGIti,"['152151b387412a95ab90fd4664f2d98880408e9e43913124e4c91226a483386b', '19400be5b7a31fb733917700789d2f0a2471c0c9d506c0e504c06c16d7cb17c0']",[],1.0,0ffee3ba8e615ad22535e7f771690a28,2d1eb5817ece335c24904f516ad5da12,h2,,3973.914322,10.0.2.15,61400,31.13.74.36,443,tcp,4.472840999999789,1070.0,5125.0,SF,True,False,0,ShADadFfRr,15,1678,20,5929,ssl,0
3977.167248,CrCWuN1VVanVAINrqi,10.0.2.15,61408,52.94.216.48,443,TLSv12,TLS_ECDHE_RSA_WITH_AES_128_GCM_SHA256,secp256r1,aax-cpm.amazon-adsystem.com,False,True,CsxuknGIi,"['0b4e7df09d4f64b59af32ee16a71ad7d8947ded5f2a2bd4acfcc9f187fdf36c9', 'eae72eb454bf6c3977ebd289e970b2f5282949190093d0d26f98d0f0d6a9cf17']",[],1.0,0ffee3ba8e615ad22535e7f771690a28,2b1f517a72b7346c86d59ef328167d49,,,3976.816959,10.0.2.15,61408,52.94.216.48,443,tcp,66.26352799999995,866.0,5558.0,SF,True,False,0,ShADadTfF,17,1560,20,6362,ssl,0
3977.169191,CbcSM82x0CPGTXwxM2,10.0.2.15,61407,52.94.216.48,443,TLSv12,TLS_ECDHE_RSA_WITH_AES_128_GCM_SHA256,secp256r1,aax-cpm.amazon-adsystem.com,False,True,CsxuknGIi,"['0b4e7df09d4f64b59af32ee16a71ad7d8947ded5f2a2bd4acfcc9f187fdf36c9', 'eae72eb454bf6c3977ebd289e970b2f5282949190093d0d26f98d0f0d6a9cf17']",[],1.0,0ffee3ba8e615ad22535e7f771690a28,2b1f517a72b7346c86d59ef328167d49,,,3976.816475,10.0.2.15,61407,52.94.216.48,443,tcp,66.26351799999975,866.0,5541.0,SF,True,False,0,ShADadTfF,17,1560,20,6345,ssl,0
3977.170033,CTK8XgtZsFeT5jnjc,10.0.2.15,61406,52.94.216.48,443,TLSv12,TLS_ECDHE_RSA_WITH_AES_128_GCM_SHA256,secp256r1,aax-cpm.amazon-adsystem.com,False,True,CsxuknGIi,"['0b4e7df09d4f64b59af32ee16a71ad7d8947ded5f2a2bd4acfcc9f187fdf36c9', 'eae72eb454bf6c3977ebd289e970b2f5282949190093d0d26f98d0f0d6a9cf17']",[],1.0,0ffee3ba8e615ad22535e7f771690a28,2b1f517a72b7346c86d59ef328167d49,,,3976.815977,10.0.2.15,61406,52.94.216.48,443,tcp,6.527291999999761,361.0,5057.0,SF,True,False,0,ShADadFf,10,769,11,5501,ssl,0
3977.171452,CPyEqe2zdr4XzlgQca,10.0.2.15,61405,52.94.216.48,443,TLSv12,TLS_ECDHE_RSA_WITH_AES_128_GCM_SHA256,secp256r1,aax-cpm.amazon-adsystem.com,False,True,CsxuknGIi,"['0b4e7df09d4f64b59af32ee16a71ad7d8947ded5f2a2bd4acfcc9f187fdf36c9', 'eae72eb454bf6c3977ebd289e970b2f5282949190093d0d26f98d0f0d6a9cf17']",[],1.0,0ffee3ba8e615ad22535e7f771690a28,2b1f517a72b7346c86d59ef328167d49,,,3976.815217,10.0.2.15,61405,52.94.216.48,443,tcp,6.50329499999998,361.0,5057.0,SF,True,False,0,ShADadFf,10,769,12,5541,ssl,0
3978.404601,CEMzlJ2lKio16FvM3,10.0.2.15,61410,107.23.134.227,443,TLSv12,TLS_ECDHE_RSA_WITH_AES_128_GCM_SHA256,secp256r1,sp.alcmpn.com,False,True,CsxknGIti,"['ebff9fe60567c85f965c81d3d6d2ed35df520b47614d2ea76802433c866bf96f', 'f55f9ffcb83c73453261601c7e044db15a0f034b93c05830f28635ef889cf670', '87dcd4dc74640a322cd205552506d1be64f12596258096544986b4850bc72706', '28689b30e4c306aab53b027b29e36ad6dd1dcf4b953994482ca84bdc1ecac996']",[],1.0,0ffee3ba8e615ad22535e7f771690a28,8d2a028aa94425f76ced7826b1f39039,h2,,3977.906722,10.0.2.15,61410,107.23.134.227,443,tcp,2.163687999999638,556.0,5335.0,SF,True,False,0,ShADadFf,13,1084,15,5939,ssl,0
3978.403685,CPF6zvkIe3HUN4ws2,10.0.2.15,61409,107.23.134.227,443,TLSv12,TLS_ECDHE_RSA_WITH_AES_128_GCM_SHA256,secp256r1,sp.alcmpn.com,False,True,CsxknGIti,"['ebff9fe60567c85f965c81d3d6d2ed35df520b47614d2ea76802433c866bf96f', 'f55f9ffcb83c73453261601c7e044db15a0f034b93c05830f28635ef889cf670', '87dcd4dc74640a322cd205552506d1be64f12596258096544986b4850bc72706', '28689b30e4c306aab53b027b29e36ad6dd1dcf4b953994482ca84bdc1ecac996']",[],1.0,0ffee3ba8e615ad22535e7f771690a28,8d2a028aa94425f76ced7826b1f39039,h2,,3977.906195,10.0.2.15,61409,107.23.134.227,443,tcp,270.77045299999963,1335.0,16573.0,SF,True,False,0,ShADadFf,29,2503,38,18097,ssl,0
3979.280579,CoghPs3giHuaxc6ezi,10.0.2.15,61415,216.137.61.20,443,TLSv12,TLS_ECDHE_RSA_WITH_AES_128_GCM_SHA256,,d31qbv1cthcecs.cloudfront.net,True,True,CsiI,,,,1a5fe5677b0e4fbbc854e8908225637d,d199ba0af2b08e204c73d6d81a1fd260,http/1.1,,3978.792455,10.0.2.15,61415,216.137.61.20,443,tcp,196.19410700000023,1340.0,1017.0,SF,True,False,0,ShADadTTfF,28,2486,29,2181,ssl,0
3979.279535,CPQjwc3ldsQYunCZo3,10.0.2.15,61414,95.172.94.27,443,TLSv12,TLS_ECDHE_RSA_WITH_AES_128_GCM_SHA256,secp256r1,secure.quantserve.com,False,True,CsxknGIti,"['7d39ee69bdac843654f44bb3164a243b3e8c527019b6225992e5d36771f19e8f', '19400be5b7a31fb733917700789d2f0a2471c0c9d506c0e504c06c16d7cb17c0']",[],1.0,0ffee3ba8e615ad22535e7f771690a28,ccc514751b175866924439bdbb5bba34,,,3978.790224,10.0.2.15,61414,95.172.94.27,443,tcp,6.427200999999968,355.0,3323.0,SF,True,False,0,ShADadFfRr,11,803,13,3847,ssl,0
3979.41629,CCU8NJ1NBTsjckU0A7,10.0.2.15,61416,216.137.61.20,443,TLSv12,TLS_ECDHE_RSA_WITH_AES_128_GCM_SHA256,,d31qbv1cthcecs.cloudfront.net,True,True,CsiI,,,,1a5fe5677b0e4fbbc854e8908225637d,d199ba0af2b08e204c73d6d81a1fd260,http/1.1,,3979.075538,10.0.2.15,61416,216.137.61.20,443,tcp,6.141821000000164,599.0,156.0,SF,True,False,0,ShADadFf,8,927,7,440,ssl,0
3980.086277,CJBVIM1NPNIWEMHBLk,10.0.2.15,61419,31.13.66.5,443,TLSv12,TLS_ECDHE_ECDSA_WITH_AES_128_GCM_SHA256,secp256r1,staticxx.facebook.com,False,True,CsxknGIti,"['152151b387412a95ab90fd4664f2d98880408e9e43913124e4c91226a483386b', '19400be5b7a31fb733917700789d2f0a2471c0c9d506c0e504c06c16d7cb17c0']",[],1.0,0ffee3ba8e615ad22535e7f771690a28,2d1eb5817ece335c24904f516ad5da12,h2,,3979.42115,10.0.2.15,61419,31.13.66.5,443,tcp,2.310901999999714,504.0,3913.0,SF,True,False,0,ShADadfF,10,912,11,4357,ssl,0
3980.090747,C4vpEiNFwwT8cq8Ef,10.0.2.15,61418,23.253.41.115,443,TLSv12,TLS_ECDHE_RSA_WITH_AES_256_GCM_SHA384,secp256r1,api.autopilothq.com,False,True,CsxknGIti,"['6c6ac72c7769c53a345949f77704dfac3e6f1f5436aa6ad5365228ae55eafc5c', '02ab57e4e67a0cb48dd2ff34830e8ac40f4476fb08ca6be3f5cd846f646840f0', '4f32d5dc00f715250abcc486511e37f501a899deb3bf7ea8adbbd3aef1c412da', '687fa451382278fff0c8b11f8d43d576671c6eb2bceab413fb83d965d06d2ff2']",[],1.0,0ffee3ba8e615ad22535e7f771690a28,758945630046fd37070521b8544d1fe8,,,3979.282541,10.0.2.15,61418,23.253.41.115,443,tcp,4.278439000000162,917.0,6376.0,SF,True,False,0,ShADadfF,11,1365,14,6940,ssl,0
3980.091791,C6Dx3LCIyS6o8q0pd,10.0.2.15,61417,23.253.41.115,443,TLSv12,TLS_ECDHE_RSA_WITH_AES_256_GCM_SHA384,secp256r1,api.autopilothq.com,False,True,CsxknGIti,"['6c6ac72c7769c53a345949f77704dfac3e6f1f5436aa6ad5365228ae55eafc5c', '02ab57e4e67a0cb48dd2ff34830e8ac40f4476fb08ca6be3f5cd846f646840f0', '4f32d5dc00f715250abcc486511e37f501a899deb3bf7ea8adbbd3aef1c412da', '687fa451382278fff0c8b11f8d43d576671c6eb2bceab413fb83d965d06d2ff2']",[],1.0,0ffee3ba8e615ad22535e7f771690a28,758945630046fd37070521b8544d1fe8,,,3979.281868,10.0.2.15,61417,23.253.41.115,443,tcp,6.559162999999899,322.0,6376.0,SF,True,False,0,ShADadfF,10,730,13,6900,ssl,0
3981.324485,CdCSxT14dQogy57ew3,10.0.2.15,61420,54.192.93.135,443,TLSv12,TLS_ECDHE_RSA_WITH_AES_128_GCM_SHA256,,rules.quantcount.com,True,True,CsiI,,,,1a5fe5677b0e4fbbc854e8908225637d,d199ba0af2b08e204c73d6d81a1fd260,h2,,3981.084266,10.0.2.15,61420,54.192.93.135,443,tcp,287.35405900000023,1417.0,1113.0,SF,True,False,0,ShADadFf,22,2305,24,2077,ssl,0
3981.320885,CkEnNB4iV3m8LVMHR,10.0.2.15,61422,173.241.240.220,443,TLSv12,TLS_ECDHE_RSA_WITH_AES_128_GCM_SHA256,secp256r1,snigel-d.openx.net,False,True,CsxknGIi,"['ab7de06ea7a3de3225f335667d38750434931049f9e9cb0cb4a9caf5df22819c', '074541ecdf88ed992ed5ade3ecddef27a26ba1b44480a195c0a8dadae2521d8e']",[],1.0,0ffee3ba8e615ad22535e7f771690a28,699a80bdb17efe157c861f92c5bf5d1d,,,3981.085288,10.0.2.15,61422,173.241.240.220,443,tcp,4.933632999999645,1448.0,25992.0,SF,True,False,0,ShADadFfRr,19,2216,36,27436,ssl,0
3981.321981,Cjwver3gtpH1GgkjY5,10.0.2.15,61421,173.241.240.220,443,TLSv12,TLS_ECDHE_RSA_WITH_AES_128_GCM_SHA256,secp256r1,snigel-d.openx.net,False,True,CsxknGIi,"['ab7de06ea7a3de3225f335667d38750434931049f9e9cb0cb4a9caf5df22819c', '074541ecdf88ed992ed5ade3ecddef27a26ba1b44480a195c0a8dadae2521d8e']",[],1.0,0ffee3ba8e615ad22535e7f771690a28,699a80bdb17efe157c861f92c5bf5d1d,,,3981.084772,10.0.2.15,61421,173.241.240.220,443,tcp,6.318610999999692,352.0,3124.0,SF,True,False,0,ShADadFfRr,10,760,11,3568,ssl,0
3981.725862,CIq5RO1hAeRXjzUtLc,10.0.2.15,61426,216.137.61.202,443,TLSv12,TLS_ECDHE_RSA_WITH_AES_128_GCM_SHA256,,d5nxst8fruw4z.cloudfront.net,True,True,CsiI,,,,1a5fe5677b0e4fbbc854e8908225637d,d199ba0af2b08e204c73d6d81a1fd260,http/1.1,,3981.339256,10.0.2.15,61426,216.137.61.202,443,tcp,196.03753099999997,2358.0,1299.0,SF,True,False,0,ShADadTTfF,28,3504,29,2463,ssl,0
3981.874485,C2SyXq3fRTEWMHJny7,10.0.2.15,61424,34.206.209.18,443,TLSv12,TLS_ECDHE_RSA_WITH_AES_128_GCM_SHA256,secp256r1,mpnv2-prod-c.alcmpn.com,False,True,CsxknGIti,"['ebff9fe60567c85f965c81d3d6d2ed35df520b47614d2ea76802433c866bf96f', 'f55f9ffcb83c73453261601c7e044db15a0f034b93c05830f28635ef889cf670', '87dcd4dc74640a322cd205552506d1be64f12596258096544986b4850bc72706', '28689b30e4c306aab53b027b29e36ad6dd1dcf4b953994482ca84bdc1ecac996']",[],1.0,0ffee3ba8e615ad22535e7f771690a28,8d2a028aa94425f76ced7826b1f39039,h2,,3981.337766,10.0.2.15,61424,34.206.209.18,443,tcp,2.707922000000053,537.0,5351.0,SF,True,False,0,ShADadFf,13,1065,16,5995,ssl,0
3981.875746,CBRxxHbtiDkVa0Pw7,10.0.2.15,61423,34.206.209.18,443,TLSv12,TLS_ECDHE_RSA_WITH_AES_128_GCM_SHA256,secp256r1,mpnv2-prod-c.alcmpn.com,False,True,CsxknGIti,"['ebff9fe60567c85f965c81d3d6d2ed35df520b47614d2ea76802433c866bf96f', 'f55f9ffcb83c73453261601c7e044db15a0f034b93c05830f28635ef889cf670', '87dcd4dc74640a322cd205552506d1be64f12596258096544986b4850bc72706', '28689b30e4c306aab53b027b29e36ad6dd1dcf4b953994482ca84bdc1ecac996']",[],1.0,0ffee3ba8e615ad22535e7f771690a28,8d2a028aa94425f76ced7826b1f39039,h2,,3981.337003,10.0.2.15,61423,34.206.209.18,443,tcp,2.71641899999986,537.0,5351.0,SF,True,False,0,ShADadFf,12,1025,13,5875,ssl,0
3984.245665,CDhinw24aZaJkYW5tl,10.0.2.15,61433,172.217.23.227,443,TLSv12,TLS_ECDHE_ECDSA_WITH_AES_128_GCM_SHA256,,www.gstatic.com,True,True,CsiI,,,,1a5fe5677b0e4fbbc854e8908225637d,c23237dbea656869600e48dfbd00ab7b,h2,,3983.273597,10.0.2.15,61433,172.217.23.227,443,tcp,284.71173599999975,2143.0,3280.0,SF,True,False,0,ShADadFf,25,3151,28,4404,ssl,0
3984.243222,C7FrPc3fFsY2e72XQd,10.0.2.15,61434,172.217.23.226,443,TLSv12,TLS_ECDHE_RSA_WITH_AES_128_GCM_SHA256,x25519,cm.g.doubleclick.net,False,True,CsxknGIti,"['a32ffddd76f9e7debbfc9a37b38d2ef86039b30a10d7c45ab8223d149cf99699', '9f630426df1d8abfd80ace98871ba833ab9742cb34838de2b5285ed54c0c7dcc', '3c35cc963eb004451323d3275d05b353235053490d9cd83729a2faf5e7ca1cc0']",[],1.0,0ffee3ba8e615ad22535e7f771690a28,ab41313cfec25328b20865eb1388e0a2,h2,,3983.27459,10.0.2.15,61434,172.217.23.226,443,tcp,585.7917100000004,8908.0,7590.0,SF,True,False,0,ShADadFf,62,11396,73,10514,ssl,0
3984.830816,CIE6bs25b8381UUm5j,10.0.2.15,61435,178.250.2.71,443,TLSv12,TLS_RSA_WITH_AES_128_CBC_SHA,,cas.criteo.com,False,True,CsxnGIi,"['b0337c4f8b2eca88eca4de5aad8cba6d249c58c7a69f2d4b680e5adae991d2ac', 'eae72eb454bf6c3977ebd289e970b2f5282949190093d0d26f98d0f0d6a9cf17', '8420dfbe376f414bf4c0a81e6936d24ccc03f304835b86c7a39142fca723a689']",[],1.0,0ffee3ba8e615ad22535e7f771690a28,5dcc087b1a1d0a5b0658981a7e8b2c3c,,,3983.937817,10.0.2.15,61435,178.250.2.71,443,tcp,2.268645999999989,3663.0,8127.0,SF,True,False,0,ShADadFf,13,4191,17,8811,ssl,0
3985.61864,CGqoAS1O4d3k6kVSV2,10.0.2.15,61437,95.172.94.41,443,TLSv12,TLS_ECDHE_RSA_WITH_AES_128_GCM_SHA256,secp256r1,pixel.quantserve.com,False,True,CsxknGIti,"['7d39ee69bdac843654f44bb3164a243b3e8c527019b6225992e5d36771f19e8f', '19400be5b7a31fb733917700789d2f0a2471c0c9d506c0e504c06c16d7cb17c0']",[],1.0,0ffee3ba8e615ad22535e7f771690a28,ccc514751b175866924439bdbb5bba34,,,3984.833001,10.0.2.15,61437,95.172.94.41,443,tcp,2.215665000000172,1255.0,3637.0,SF,True,False,0,ShADadfF,11,1703,13,4161,ssl,0
3985.620588,CqkmqJ2Bwz8EwA6Gw8,10.0.2.15,61436,95.172.94.41,443,TLSv12,TLS_ECDHE_RSA_WITH_AES_128_GCM_SHA256,secp256r1,pixel.quantserve.com,False,True,CsxknGIti,"['7d39ee69bdac843654f44bb3164a243b3e8c527019b6225992e5d36771f19e8f', '19400be5b7a31fb733917700789d2f0a2471c0c9d506c0e504c06c16d7cb17c0']",[],1.0,0ffee3ba8e615ad22535e7f771690a28,ccc514751b175866924439bdbb5bba34,,,3984.832483,10.0.2.15,61436,95.172.94.41,443,tcp,7.673939999999675,354.0,3323.0,SF,True,False,0,ShADadFfRr,10,762,12,3807,ssl,0
3988.445809,CORBt8gzvK6bTX34b,10.0.2.15,61442,23.253.41.115,443,TLSv12,TLS_ECDHE_RSA_WITH_AES_256_GCM_SHA384,,api.autopilothq.com,True,True,CsiI,,,,1a5fe5677b0e4fbbc854e8908225637d,364ff14b04ef93c3b4cfa429d729c0d9,,,3988.325849,10.0.2.15,61442,23.253.41.115,443,tcp,0.983365000000048,1160.0,1542.0,SF,True,False,0,ShADadfF,7,1448,9,1906,ssl,0
3988.600622,CDng6049jVrAf7wwy3,10.0.2.15,61443,104.94.36.191,443,TLSv12,TLS_ECDHE_RSA_WITH_AES_256_GCM_SHA384,secp256r1,www.bodybuilding.com,False,True,CsxknGIti,"['1a25443134f62393318f2928ecc98d61b28ebb84297ec7e1dbc0603da7f69e85', '074541ecdf88ed992ed5ade3ecddef27a26ba1b44480a195c0a8dadae2521d8e']",[],1.0,0ffee3ba8e615ad22535e7f771690a28,2b33c1374db4ddf06942f92373c0b54b,h2,,3988.577708,10.0.2.15,61443,104.94.36.191,443,tcp,351.47061100000064,14109.0,1737880.0,SF,True,False,0,ShADadtWFfRr,568,36837,1676,1806344,ssl,0
3990.068153,CQzKfi47zUqsHpSPNd,10.0.2.15,61444,23.253.41.115,443,TLSv12,TLS_ECDHE_RSA_WITH_AES_256_GCM_SHA384,,api.autopilothq.com,True,True,CsiI,,,,1a5fe5677b0e4fbbc854e8908225637d,364ff14b04ef93c3b4cfa429d729c0d9,,,3989.933306,10.0.2.15,61444,23.253.41.115,443,tcp,1.799322000000302,1130.0,44686.0,SF,True,False,0,ShADadfF,20,1938,49,46650,ssl,0
3990.911707,CAoxa2ZI36wl8Em9f,10.0.2.15,61445,95.101.241.136,443,TLSv12,TLS_ECDHE_RSA_WITH_AES_256_GCM_SHA384,,cdn.optimizely.com,True,True,CsiI,,,,1a5fe5677b0e4fbbc854e8908225637d,410b9bedaf65dd26c6fe547154d60db4,h2,,3990.680756,10.0.2.15,61445,95.101.241.136,443,tcp,206.2335170000001,1234.0,210905.0,SF,True,False,0,ShADadFfRr,127,6322,265,221509,ssl,0
3992.255521,CD7ImR3TfInmzGMrUl,10.0.2.15,61447,104.94.54.111,443,TLSv12,TLS_ECDHE_RSA_WITH_AES_256_GCM_SHA384,secp256r1,artifacts.bbcomcdn.com,False,True,CsxknGIti,"['4d67a6d33870fff50fa8086053fedca8f21d39c1fe2fa85a0f9b85649330cc29', '074541ecdf88ed992ed5ade3ecddef27a26ba1b44480a195c0a8dadae2521d8e']",[],1.0,0ffee3ba8e615ad22535e7f771690a28,2b33c1374db4ddf06942f92373c0b54b,h2,,3991.324941,10.0.2.15,61447,104.94.54.111,443,tcp,9.680850000000191,808.0,9177.0,SF,True,False,0,ShADadFRfr,19,1576,26,10221,ssl,0
3992.256442,COw8QB18d74CaRRVml,10.0.2.15,61446,104.94.54.111,443,TLSv12,TLS_ECDHE_RSA_WITH_AES_256_GCM_SHA384,secp256r1,artifacts.bbcomcdn.com,False,True,CsxknGIti,"['4d67a6d33870fff50fa8086053fedca8f21d39c1fe2fa85a0f9b85649330cc29', '074541ecdf88ed992ed5ade3ecddef27a26ba1b44480a195c0a8dadae2521d8e']",[],1.0,0ffee3ba8e615ad22535e7f771690a28,2b33c1374db4ddf06942f92373c0b54b,h2,,3991.323452,10.0.2.15,61446,104.94.54.111,443,tcp,323.80381999999963,11503.0,1291082.0,RSTO,True,False,0,ShADadWFR,451,29551,1282,1342366,ssl,0
3992.258095,CGrJbA2aHVaKfOmj92,10.0.2.15,61450,104.94.54.111,443,TLSv12,TLS_ECDHE_RSA_WITH_AES_256_GCM_SHA384,secp256r1,artifacts.bbcomcdn.com,False,True,CsxknGIti,"['4d67a6d33870fff50fa8086053fedca8f21d39c1fe2fa85a0f9b85649330cc29', '074541ecdf88ed992ed5ade3ecddef27a26ba1b44480a195c0a8dadae2521d8e']",[],1.0,0ffee3ba8e615ad22535e7f771690a28,2b33c1374db4ddf06942f92373c0b54b,h2,,3991.326839,10.0.2.15,61450,104.94.54.111,443,tcp,11.816461000000343,832.0,14886.0,SF,True,False,0,ShADadFfRr,24,1800,35,16290,ssl,0
3994.400766,Cqyrcn4N0snX98hht7,10.0.2.15,61456,216.58.212.163,443,TLSv12,TLS_ECDHE_ECDSA_WITH_AES_128_GCM_SHA256,x25519,csi.gstatic.com,False,True,CsxknGIti,"['11ddd329046367c19b32ffdb02ed308de129de4d6ffcf95856d7bd6a7accfba9', '9f630426df1d8abfd80ace98871ba833ab9742cb34838de2b5285ed54c0c7dcc', '3c35cc963eb004451323d3275d05b353235053490d9cd83729a2faf5e7ca1cc0']",[],1.0,0ffee3ba8e615ad22535e7f771690a28,84480cf8cf0e732666092640e581e1a5,h2,,3992.952903,10.0.2.15,61456,216.58.212.163,443,tcp,255.8013619999997,2902.0,4775.0,SF,True,False,0,ShADadFf,23,3830,25,5779,ssl,0
3992.595037,C1nlTh4MtAMu3i6mNf,10.0.2.15,61452,104.94.54.111,443,TLSv12,TLS_ECDHE_RSA_WITH_AES_256_GCM_SHA384,secp256r1,artifacts.bbcomcdn.com,False,True,CsxknGIti,"['4d67a6d33870fff50fa8086053fedca8f21d39c1fe2fa85a0f9b85649330cc29', '074541ecdf88ed992ed5ade3ecddef27a26ba1b44480a195c0a8dadae2521d8e']",[],1.0,0ffee3ba8e615ad22535e7f771690a28,2b33c1374db4ddf06942f92373c0b54b,h2,,3991.777385,10.0.2.15,61452,104.94.54.111,443,tcp,7.885477000000264,356.0,4354.0,SF,True,False,0,ShADadFfRr,11,804,12,4838,ssl,0
3992.413617,CGC0FO3aJlx69eiSe1,10.0.2.15,61451,104.94.54.111,443,TLSv12,TLS_ECDHE_RSA_WITH_AES_256_GCM_SHA384,secp256r1,artifacts.bbcomcdn.com,False,True,CsxknGIti,"['4d67a6d33870fff50fa8086053fedca8f21d39c1fe2fa85a0f9b85649330cc29', '074541ecdf88ed992ed5ade3ecddef27a26ba1b44480a195c0a8dadae2521d8e']",[],1.0,0ffee3ba8e615ad22535e7f771690a28,2b33c1374db4ddf06942f92373c0b54b,h2,,3991.359099,10.0.2.15,61451,104.94.54.111,443,tcp,8.308889000000363,356.0,4354.0,RSTR,True,False,0,ShADadFRr,12,844,14,4918,ssl,0
3992.261624,CN6Akj4EhAhZBMNp1k,10.0.2.15,61449,104.94.54.111,443,TLSv12,TLS_ECDHE_RSA_WITH_AES_256_GCM_SHA384,secp256r1,artifacts.bbcomcdn.com,False,True,CsxknGIti,"['4d67a6d33870fff50fa8086053fedca8f21d39c1fe2fa85a0f9b85649330cc29', '074541ecdf88ed992ed5ade3ecddef27a26ba1b44480a195c0a8dadae2521d8e']",[],1.0,0ffee3ba8e615ad22535e7f771690a28,2b33c1374db4ddf06942f92373c0b54b,h2,,3991.32599,10.0.2.15,61449,104.94.54.111,443,tcp,8.342319000000316,356.0,4354.0,SF,True,False,0,ShADadFfRr,13,884,16,4998,ssl,0
3997.116142,CqxJz04aTbt5oQikAj,10.0.2.15,61465,23.253.41.115,443,TLSv12,TLS_ECDHE_RSA_WITH_AES_256_GCM_SHA384,secp256r1,api.autopilothq.com,False,True,CsxknGIti,"['6c6ac72c7769c53a345949f77704dfac3e6f1f5436aa6ad5365228ae55eafc5c', '02ab57e4e67a0cb48dd2ff34830e8ac40f4476fb08ca6be3f5cd846f646840f0', '4f32d5dc00f715250abcc486511e37f501a899deb3bf7ea8adbbd3aef1c412da', '687fa451382278fff0c8b11f8d43d576671c6eb2bceab413fb83d965d06d2ff2']",[],1.0,0ffee3ba8e615ad22535e7f771690a28,758945630046fd37070521b8544d1fe8,,,3994.844323,10.0.2.15,61465,23.253.41.115,443,tcp,7.075581000000056,809.0,6449.0,SF,True,False,0,ShADadfF,13,1337,17,7133,ssl,0
3997.116628,CLjGlO1S78QFrlv3N1,10.0.2.15,61463,23.253.41.115,443,TLSv12,TLS_ECDHE_RSA_WITH_AES_256_GCM_SHA384,secp256r1,api.autopilothq.com,False,True,CsxknGIti,"['6c6ac72c7769c53a345949f77704dfac3e6f1f5436aa6ad5365228ae55eafc5c', '02ab57e4e67a0cb48dd2ff34830e8ac40f4476fb08ca6be3f5cd846f646840f0', '4f32d5dc00f715250abcc486511e37f501a899deb3bf7ea8adbbd3aef1c412da', '687fa451382278fff0c8b11f8d43d576671c6eb2bceab413fb83d965d06d2ff2']",[],1.0,0ffee3ba8e615ad22535e7f771690a28,758945630046fd37070521b8544d1fe8,,,3994.842875,10.0.2.15,61463,23.253.41.115,443,tcp,7.250676000000112,809.0,6449.0,SF,True,False,0,ShADadfF,12,1297,16,7093,ssl,0
3993.928536,CRcCELCdll2F5Skid,10.0.2.15,61455,151.101.112.129,443,TLSv12,TLS_ECDHE_RSA_WITH_AES_128_GCM_SHA256,secp256r1,s.skimresources.com,False,True,CsxknGIti,"['ca5c57bee6ab21c055dcdbe8ad25feef6d1764a92e2aaaadb5d55fb667c3f8ac', '19400be5b7a31fb733917700789d2f0a2471c0c9d506c0e504c06c16d7cb17c0']",[],1.0,0ffee3ba8e615ad22535e7f771690a28,5bf3945147163753a854e165090c4120,http/1.1,,3992.56955,10.0.2.15,61455,151.101.112.129,443,tcp,140.26313299999947,1163.0,25925.0,SF,True,False,0,ShADadTTFfRr,41,2824,54,28089,ssl,0
3997.117263,C5ZmzGqGN0DEYoArl,10.0.2.15,61464,23.253.41.115,443,TLSv12,TLS_ECDHE_RSA_WITH_AES_256_GCM_SHA384,secp256r1,api.autopilothq.com,False,True,CsxknGIti,"['6c6ac72c7769c53a345949f77704dfac3e6f1f5436aa6ad5365228ae55eafc5c', '02ab57e4e67a0cb48dd2ff34830e8ac40f4476fb08ca6be3f5cd846f646840f0', '4f32d5dc00f715250abcc486511e37f501a899deb3bf7ea8adbbd3aef1c412da', '687fa451382278fff0c8b11f8d43d576671c6eb2bceab413fb83d965d06d2ff2']",[],1.0,0ffee3ba8e615ad22535e7f771690a28,758945630046fd37070521b8544d1fe8,,,3994.843716,10.0.2.15,61464,23.253.41.115,443,tcp,7.253324000000248,856.0,6376.0,SF,True,False,0,ShADadfF,12,1344,17,7060,ssl,0
3993.91148,CEbuSE3VVC49Meuwek,10.0.2.15,61453,216.58.212.163,443,TLSv12,TLS_ECDHE_ECDSA_WITH_AES_128_GCM_SHA256,x25519,csi.gstatic.com,False,True,CsxknGIti,"['11ddd329046367c19b32ffdb02ed308de129de4d6ffcf95856d7bd6a7accfba9', '9f630426df1d8abfd80ace98871ba833ab9742cb34838de2b5285ed54c0c7dcc', '3c35cc963eb004451323d3275d05b353235053490d9cd83729a2faf5e7ca1cc0']",[],1.0,0ffee3ba8e615ad22535e7f771690a28,84480cf8cf0e732666092640e581e1a5,h2,,3992.56694,10.0.2.15,61453,216.58.212.163,443,tcp,10.198439999999664,2078.0,4685.0,SF,True,False,0,ShADadFf,18,2806,20,5489,ssl,0
3993.913553,CCE0WI22jHGYZay4h,10.0.2.15,61454,104.19.192.102,443,TLSv12,TLS_ECDHE_ECDSA_WITH_AES_128_GCM_SHA256,secp256r1,cdnjs.cloudflare.com,False,True,CsxuknGIti,"['288a62410b9a17d44ccccf0ca447daaee0f3c7bcd3e0cb6d4f24ef85d2dbfdd0', 'cd6c108a0e641f2ca122aaa6d03f826759cae7c6f800eabf76dc48b67cd083ce', '9573862ac0b4b125168810ea3fd101ae2eb0bb15f61fc0e6da7a2a38b85a89e8']",[],1.0,0ffee3ba8e615ad22535e7f771690a28,7d3eb4120cd50e889bcd3f3783be0f82,h2,,3992.568487,10.0.2.15,61454,104.19.192.102,443,tcp,11.003990000000158,857.0,10497.0,SF,True,False,0,ShADadFf,15,1465,18,11221,ssl,0
3994.399904,C7Z9A3AxE9ASue7r1,10.0.2.15,61457,104.19.192.102,443,TLSv12,TLS_ECDHE_ECDSA_WITH_AES_128_GCM_SHA256,secp256r1,cdnjs.cloudflare.com,False,True,CsxuknGIti,"['288a62410b9a17d44ccccf0ca447daaee0f3c7bcd3e0cb6d4f24ef85d2dbfdd0', 'cd6c108a0e641f2ca122aaa6d03f826759cae7c6f800eabf76dc48b67cd083ce', '9573862ac0b4b125168810ea3fd101ae2eb0bb15f61fc0e6da7a2a38b85a89e8']",[],1.0,0ffee3ba8e615ad22535e7f771690a28,7d3eb4120cd50e889bcd3f3783be0f82,h2,,3992.953511,10.0.2.15,61457,104.19.192.102,443,tcp,233.8854779999997,949.0,45455.0,SF,True,False,0,ShADadFf,41,2597,61,47899,ssl,0
3994.399075,CUhNUp33vbNKuBZ7Td,10.0.2.15,61458,151.101.112.129,443,TLSv12,TLS_ECDHE_RSA_WITH_AES_128_GCM_SHA256,secp256r1,s.skimresources.com,False,True,CsxknGIti,"['ca5c57bee6ab21c055dcdbe8ad25feef6d1764a92e2aaaadb5d55fb667c3f8ac', '19400be5b7a31fb733917700789d2f0a2471c0c9d506c0e504c06c16d7cb17c0']",[],1.0,0ffee3ba8e615ad22535e7f771690a28,5bf3945147163753a854e165090c4120,http/1.1,,3992.953958,10.0.2.15,61458,151.101.112.129,443,tcp,8.61834399999998,354.0,5001.0,SF,True,False,0,ShADadFfRr,9,722,11,5445,ssl,0
3999.43305,CKQjgM23evFUqa9JPb,10.0.2.15,61469,23.253.41.115,443,TLSv12,TLS_ECDHE_RSA_WITH_AES_256_GCM_SHA384,secp256r1,api.autopilothq.com,False,True,CsxknGIti,"['6c6ac72c7769c53a345949f77704dfac3e6f1f5436aa6ad5365228ae55eafc5c', '02ab57e4e67a0cb48dd2ff34830e8ac40f4476fb08ca6be3f5cd846f646840f0', '4f32d5dc00f715250abcc486511e37f501a899deb3bf7ea8adbbd3aef1c412da', '687fa451382278fff0c8b11f8d43d576671c6eb2bceab413fb83d965d06d2ff2']",[],1.0,0ffee3ba8e615ad22535e7f771690a28,758945630046fd37070521b8544d1fe8,,,3997.248901,10.0.2.15,61469,23.253.41.115,443,tcp,6.729471999999987,854.0,6376.0,SF,True,False,0,ShADadfF,12,1342,16,7020,ssl,0
3999.43534,CvUB9I1wbCF8TcZkag,10.0.2.15,61468,23.253.41.115,443,TLSv12,TLS_ECDHE_RSA_WITH_AES_256_GCM_SHA384,secp256r1,api.autopilothq.com,False,True,CsxknGIti,"['6c6ac72c7769c53a345949f77704dfac3e6f1f5436aa6ad5365228ae55eafc5c', '02ab57e4e67a0cb48dd2ff34830e8ac40f4476fb08ca6be3f5cd846f646840f0', '4f32d5dc00f715250abcc486511e37f501a899deb3bf7ea8adbbd3aef1c412da', '687fa451382278fff0c8b11f8d43d576671c6eb2bceab413fb83d965d06d2ff2']",[],1.0,0ffee3ba8e615ad22535e7f771690a28,758945630046fd37070521b8544d1fe8,,,3996.084089,10.0.2.15,61468,23.253.41.115,443,tcp,7.89315600000009,856.0,6376.0,SF,True,False,0,ShADadfF,12,1344,16,7020,ssl,0
4001.505806,CXUmu42P48HrQhq3o9,10.0.2.15,61466,23.253.41.115,443,TLSv12,TLS_ECDHE_RSA_WITH_AES_256_GCM_SHA384,,api.autopilothq.com,True,True,CsiI,,,,1a5fe5677b0e4fbbc854e8908225637d,364ff14b04ef93c3b4cfa429d729c0d9,,,3995.578547,10.0.2.15,61466,23.253.41.115,443,tcp,9.618893999999727,1100.0,658.0,SF,True,False,0,ShADadfF,9,1476,8,982,ssl,0
4004.933228,CZrb8Y2OWGi5iSbPf5,10.0.2.15,61481,23.253.41.115,443,TLSv12,TLS_ECDHE_RSA_WITH_AES_256_GCM_SHA384,,api.autopilothq.com,True,True,CsiI,,,,1a5fe5677b0e4fbbc854e8908225637d,364ff14b04ef93c3b4cfa429d729c0d9,,,4003.451644,10.0.2.15,61481,23.253.41.115,443,tcp,5.879481999999825,1102.0,642.0,SF,True,False,0,ShADadfF,7,1390,8,966,ssl,0
4004.938602,CPEJn517isJw4ftJwl,10.0.2.15,61480,23.253.41.115,443,TLSv12,TLS_ECDHE_RSA_WITH_AES_256_GCM_SHA384,,api.autopilothq.com,True,True,CsiI,,,,1a5fe5677b0e4fbbc854e8908225637d,364ff14b04ef93c3b4cfa429d729c0d9,,,4003.424235,10.0.2.15,61480,23.253.41.115,443,tcp,11.829987999999958,1055.0,482.0,SF,True,False,0,ShADadfF,7,1343,8,806,ssl,0
4004.935148,C26FDC3sR5dwiAnGj8,10.0.2.15,61472,104.94.54.111,443,TLSv12,TLS_ECDHE_RSA_WITH_AES_256_GCM_SHA384,secp256r1,store.bbcomcdn.com,False,True,CsxknGIti,"['4d67a6d33870fff50fa8086053fedca8f21d39c1fe2fa85a0f9b85649330cc29', '074541ecdf88ed992ed5ade3ecddef27a26ba1b44480a195c0a8dadae2521d8e']",[],1.0,0ffee3ba8e615ad22535e7f771690a28,2b33c1374db4ddf06942f92373c0b54b,h2,,4003.409635,10.0.2.15,61472,104.94.54.111,443,tcp,6.614631999999801,532.0,4414.0,SF,True,False,0,ShADadFfRr,12,1020,14,4978,ssl,0
4004.967667,Cud3Hl3XSXKU52b3qj,10.0.2.15,61477,104.94.54.111,443,TLSv12,TLS_ECDHE_RSA_WITH_AES_256_GCM_SHA384,secp256r1,store.bbcomcdn.com,False,True,CsxknGIti,"['4d67a6d33870fff50fa8086053fedca8f21d39c1fe2fa85a0f9b85649330cc29', '074541ecdf88ed992ed5ade3ecddef27a26ba1b44480a195c0a8dadae2521d8e']",[],1.0,0ffee3ba8e615ad22535e7f771690a28,2b33c1374db4ddf06942f92373c0b54b,h2,,4003.41561,10.0.2.15,61477,104.94.54.111,443,tcp,6.5971770000001015,532.0,4414.0,SF,True,False,0,ShADadFfRr,13,1060,14,4978,ssl,0
4004.970315,C5nGku3mPeRfCZKkB1,10.0.2.15,61476,104.94.54.111,443,TLSv12,TLS_ECDHE_RSA_WITH_AES_256_GCM_SHA384,secp256r1,store.bbcomcdn.com,False,True,CsxknGIti,"['4d67a6d33870fff50fa8086053fedca8f21d39c1fe2fa85a0f9b85649330cc29', '074541ecdf88ed992ed5ade3ecddef27a26ba1b44480a195c0a8dadae2521d8e']",[],1.0,0ffee3ba8e615ad22535e7f771690a28,2b33c1374db4ddf06942f92373c0b54b,h2,,4003.415089,10.0.2.15,61476,104.94.54.111,443,tcp,6.579394999999749,532.0,4414.0,SF,True,False,0,ShADadFfRr,13,1060,15,5018,ssl,0
4004.93131,CGWH502jON8b3LCdL8,10.0.2.15,61482,54.243.156.160,443,TLSv12,TLS_ECDHE_RSA_WITH_AES_128_GCM_SHA256,secp256r1,7535242280.log.optimizely.com,False,True,CsxknGIi,"['720a04382d93aa8932b95cc755b9fbaab1b6a01d85399736cf4d5a4607e41172', '19400be5b7a31fb733917700789d2f0a2471c0c9d506c0e504c06c16d7cb17c0', '7431e5f4c3c1ce4690774f0b61e05440883ba9a01ed00ba6abd7806ed3b118cf']",[],1.0,0ffee3ba8e615ad22535e7f771690a28,303951d4c50efb2e991652225a6f02b1,,,4003.453562,10.0.2.15,61482,54.243.156.160,443,tcp,72.10008500000004,1058.0,4822.0,SF,True,False,0,ShADadTFf,18,1792,19,5586,ssl,0
4004.971679,CnlJF5233yrFUmSNW1,10.0.2.15,61475,104.94.54.111,443,TLSv12,TLS_ECDHE_RSA_WITH_AES_256_GCM_SHA384,secp256r1,store.bbcomcdn.com,False,True,CsxknGIti,"['4d67a6d33870fff50fa8086053fedca8f21d39c1fe2fa85a0f9b85649330cc29', '074541ecdf88ed992ed5ade3ecddef27a26ba1b44480a195c0a8dadae2521d8e']",[],1.0,0ffee3ba8e615ad22535e7f771690a28,2b33c1374db4ddf06942f92373c0b54b,h2,,4003.414603,10.0.2.15,61475,104.94.54.111,443,tcp,6.579929999999877,532.0,4414.0,SF,True,False,0,ShADadFfRr,13,1060,15,5018,ssl,0
4004.975599,CRBM1oBOfzTRsClZk,10.0.2.15,61474,104.94.54.111,443,TLSv12,TLS_ECDHE_RSA_WITH_AES_256_GCM_SHA384,secp256r1,store.bbcomcdn.com,False,True,CsxknGIti,"['4d67a6d33870fff50fa8086053fedca8f21d39c1fe2fa85a0f9b85649330cc29', '074541ecdf88ed992ed5ade3ecddef27a26ba1b44480a195c0a8dadae2521d8e']",[],1.0,0ffee3ba8e615ad22535e7f771690a28,2b33c1374db4ddf06942f92373c0b54b,h2,,4003.41391,10.0.2.15,61474,104.94.54.111,443,tcp,6.617263999999977,532.0,4414.0,SF,True,False,0,ShADadFfRr,13,1060,15,5018,ssl,0
4004.976678,Cf7bFL2fpXpDDs1sQh,10.0.2.15,61473,104.94.54.111,443,TLSv12,TLS_ECDHE_RSA_WITH_AES_256_GCM_SHA384,secp256r1,store.bbcomcdn.com,False,True,CsxknGIti,"['4d67a6d33870fff50fa8086053fedca8f21d39c1fe2fa85a0f9b85649330cc29', '074541ecdf88ed992ed5ade3ecddef27a26ba1b44480a195c0a8dadae2521d8e']",[],1.0,0ffee3ba8e615ad22535e7f771690a28,2b33c1374db4ddf06942f92373c0b54b,h2,,4003.410441,10.0.2.15,61473,104.94.54.111,443,tcp,6.603708999999981,532.0,4414.0,SF,True,False,0,ShADadFfRr,13,1060,14,4978,ssl,0
4004.951574,CLztXh4BekY07Otju8,10.0.2.15,61478,52.37.51.7,443,TLSv12,TLS_ECDHE_RSA_WITH_AES_128_GCM_SHA256,secp256r1,video-cdn.bodybuilding.com,False,True,CsxknGIi,"['aa28790bcffc78b1d4558bd27f8883a87ebaf287a4c7dfc411fdc4a46687ca84', '19400be5b7a31fb733917700789d2f0a2471c0c9d506c0e504c06c16d7cb17c0']",[],1.0,0ffee3ba8e615ad22535e7f771690a28,303951d4c50efb2e991652225a6f02b1,,,4003.416442,10.0.2.15,61478,52.37.51.7,443,tcp,72.21619199999986,711.0,17002.0,SF,True,False,0,ShADadTFf,19,1484,30,18206,ssl,0
4004.978069,CMfxoA1mb3eiAAuVA9,10.0.2.15,61483,52.202.38.240,443,TLSv12,TLS_ECDHE_RSA_WITH_AES_128_GCM_SHA256,secp256r1,logx.optimizely.com,False,True,CsxknGIi,"['121e4a8079d4afed2206030ff5d65362176fc4cf1d6cdc37d83304cf705a5212', '19400be5b7a31fb733917700789d2f0a2471c0c9d506c0e504c06c16d7cb17c0']",[],1.0,0ffee3ba8e615ad22535e7f771690a28,303951d4c50efb2e991652225a6f02b1,,,4003.459288,10.0.2.15,61483,52.202.38.240,443,tcp,77.263371,2200.0,3959.0,SF,True,False,0,ShADadTFf,19,2974,21,4803,ssl,0
4004.941939,CHcJV3E6TaV03ARIk,10.0.2.15,61479,52.37.51.7,443,TLSv12,TLS_ECDHE_RSA_WITH_AES_128_GCM_SHA256,secp256r1,video-cdn.bodybuilding.com,False,True,CsxknGIi,"['aa28790bcffc78b1d4558bd27f8883a87ebaf287a4c7dfc411fdc4a46687ca84', '19400be5b7a31fb733917700789d2f0a2471c0c9d506c0e504c06c16d7cb17c0']",[],1.0,0ffee3ba8e615ad22535e7f771690a28,303951d4c50efb2e991652225a6f02b1,,,4003.417398,10.0.2.15,61479,52.37.51.7,443,tcp,72.21215399999983,711.0,20421.0,SF,True,False,0,ShADadTFf,23,1644,33,21745,ssl,0
4005.207511,Cv2DhP31MrioC30W78,10.0.2.15,61484,54.243.156.160,443,TLSv12,TLS_ECDHE_RSA_WITH_AES_128_GCM_SHA256,secp256r1,7535242280.log.optimizely.com,False,True,CsxknGIi,"['720a04382d93aa8932b95cc755b9fbaab1b6a01d85399736cf4d5a4607e41172', '19400be5b7a31fb733917700789d2f0a2471c0c9d506c0e504c06c16d7cb17c0', '7431e5f4c3c1ce4690774f0b61e05440883ba9a01ed00ba6abd7806ed3b118cf']",[],1.0,0ffee3ba8e615ad22535e7f771690a28,303951d4c50efb2e991652225a6f02b1,,,4003.988907,10.0.2.15,61484,54.243.156.160,443,tcp,156.65278599999965,3434.0,6169.0,SF,True,False,0,ShADadTTFf,31,4695,31,7413,ssl,0
4009.970678,CBKhML3q1l9760CE25,10.0.2.15,61485,23.253.41.115,443,TLSv12,TLS_ECDHE_RSA_WITH_AES_256_GCM_SHA384,,api.autopilothq.com,True,True,CsiI,,,,1a5fe5677b0e4fbbc854e8908225637d,364ff14b04ef93c3b4cfa429d729c0d9,,,4006.71153,10.0.2.15,61485,23.253.41.115,443,tcp,11.598030000000108,568.0,409.0,SF,True,False,0,ShADadfF,7,856,8,733,ssl,0
4010.799373,CNbjLW256zaiWKhoIc,10.0.2.15,61488,104.94.54.111,443,TLSv12,TLS_ECDHE_RSA_WITH_AES_256_GCM_SHA384,secp256r1,artifacts.bbcomcdn.com,False,True,CsxknGIti,"['4d67a6d33870fff50fa8086053fedca8f21d39c1fe2fa85a0f9b85649330cc29', '074541ecdf88ed992ed5ade3ecddef27a26ba1b44480a195c0a8dadae2521d8e']",[],1.0,0ffee3ba8e615ad22535e7f771690a28,2b33c1374db4ddf06942f92373c0b54b,h2,,4007.364925,10.0.2.15,61488,104.94.54.111,443,tcp,307.5081650000002,1432.0,83612.0,SF,True,False,0,ShADadFRfr,53,3560,101,87656,ssl,0
4010.801094,CDefOjDFUnmSxXqag,10.0.2.15,61487,104.94.54.111,443,TLSv12,TLS_ECDHE_RSA_WITH_AES_256_GCM_SHA384,secp256r1,artifacts.bbcomcdn.com,False,True,CsxknGIti,"['4d67a6d33870fff50fa8086053fedca8f21d39c1fe2fa85a0f9b85649330cc29', '074541ecdf88ed992ed5ade3ecddef27a26ba1b44480a195c0a8dadae2521d8e']",[],1.0,0ffee3ba8e615ad22535e7f771690a28,2b33c1374db4ddf06942f92373c0b54b,h2,,4007.362162,10.0.2.15,61487,104.94.54.111,443,tcp,15.889030000000275,918.0,23874.0,SF,True,False,0,ShADadFfRr,22,1806,35,25278,ssl,0
4010.806629,C2le6qGtjDcuWG43e,10.0.2.15,61486,104.94.54.111,443,TLSv12,TLS_ECDHE_RSA_WITH_AES_256_GCM_SHA384,secp256r1,artifacts.bbcomcdn.com,False,True,CsxknGIti,"['4d67a6d33870fff50fa8086053fedca8f21d39c1fe2fa85a0f9b85649330cc29', '074541ecdf88ed992ed5ade3ecddef27a26ba1b44480a195c0a8dadae2521d8e']",[],1.0,0ffee3ba8e615ad22535e7f771690a28,2b33c1374db4ddf06942f92373c0b54b,h2,,4007.354861,10.0.2.15,61486,104.94.54.111,443,tcp,10.700688000000357,565.0,4414.0,SF,True,False,0,ShADadFfRr,14,1133,16,5058,ssl,0
4010.814916,CCzWYd6BNrGOIc3Yb,10.0.2.15,61494,151.101.114.2,443,TLSv12,TLS_ECDHE_RSA_WITH_AES_128_GCM_SHA256,secp256r1,cdn.taboola.com,False,True,CsxuknGIti,"['1b90ad8858722a0f2048bb4da66bfe69ccb05827d075f8dbd6dea0562198334b', '4b7334e1d8999822bafa8ff6888125389b18a4e5ab26ffa624c7f68fdc81f0cb']",[],1.0,0ffee3ba8e615ad22535e7f771690a28,860fcf58fd757e26aa8911e5eaff6b53,h2,,4007.480277,10.0.2.15,61494,151.101.114.2,443,tcp,301.1822239999997,1973.0,8620.0,RSTO,True,False,0,ShADadFR,27,3061,31,9864,ssl,0
4010.839518,CA7wPh2tSxZIUiVVl,10.0.2.15,61489,104.94.54.111,443,TLSv12,TLS_ECDHE_RSA_WITH_AES_256_GCM_SHA384,secp256r1,artifacts.bbcomcdn.com,False,True,CsxknGIti,"['4d67a6d33870fff50fa8086053fedca8f21d39c1fe2fa85a0f9b85649330cc29', '074541ecdf88ed992ed5ade3ecddef27a26ba1b44480a195c0a8dadae2521d8e']",[],1.0,0ffee3ba8e615ad22535e7f771690a28,2b33c1374db4ddf06942f92373c0b54b,h2,,4007.365388,10.0.2.15,61489,104.94.54.111,443,tcp,12.71243400000003,565.0,4414.0,SF,True,False,0,ShADadFfRr,14,1133,16,5058,ssl,0
4010.850688,CBHehIzuiaLa5fWT4,10.0.2.15,61490,104.94.54.111,443,TLSv12,TLS_ECDHE_RSA_WITH_AES_256_GCM_SHA384,secp256r1,artifacts.bbcomcdn.com,False,True,CsxknGIti,"['4d67a6d33870fff50fa8086053fedca8f21d39c1fe2fa85a0f9b85649330cc29', '074541ecdf88ed992ed5ade3ecddef27a26ba1b44480a195c0a8dadae2521d8e']",[],1.0,0ffee3ba8e615ad22535e7f771690a28,2b33c1374db4ddf06942f92373c0b54b,h2,,4007.377593,10.0.2.15,61490,104.94.54.111,443,tcp,12.693884999999682,565.0,4414.0,SF,True,False,0,ShADadFfRr,14,1133,15,5018,ssl,0
4014.870576,CLaHdbB0JpmsithO8,10.0.2.15,61497,23.253.41.115,443,TLSv12,TLS_ECDHE_RSA_WITH_AES_256_GCM_SHA384,,api.autopilothq.com,True,True,CsiI,,,,1a5fe5677b0e4fbbc854e8908225637d,364ff14b04ef93c3b4cfa429d729c0d9,,,4013.215701,10.0.2.15,61497,23.253.41.115,443,tcp,7.959989999999834,568.0,409.0,SF,True,False,0,ShADadfF,7,856,8,733,ssl,0
4026.277457,CLj1rA2XOVc50bRFOf,10.0.2.15,61503,104.94.36.191,443,TLSv12,TLS_ECDHE_RSA_WITH_AES_256_GCM_SHA384,secp256r1,assets.bodybuilding.com,False,True,CsxknGIti,"['1a25443134f62393318f2928ecc98d61b28ebb84297ec7e1dbc0603da7f69e85', '074541ecdf88ed992ed5ade3ecddef27a26ba1b44480a195c0a8dadae2521d8e']",[],1.0,0ffee3ba8e615ad22535e7f771690a28,2b33c1374db4ddf06942f92373c0b54b,http/1.1,,4025.42052,10.0.2.15,61503,104.94.36.191,443,tcp,7.398286000000098,357.0,4443.0,SF,True,False,0,ShADadFfRr,11,805,13,4967,ssl,0
4026.27012,Cuyo26fX1nXC6FNl6,10.0.2.15,61505,54.194.99.187,443,TLSv12,TLS_ECDHE_RSA_WITH_AES_128_GCM_SHA256,secp256r1,p.skimresources.com,False,True,CsxknGIi,"['1a611f2a3f3fdc248d84b3738af1c96f26d3141bbc74ed02f544728bf0a5d068', '154c433c491929c5ef686e838e323664a00e6a0d822ccc958fb4dab03e49a08f']",[],1.0,0ffee3ba8e615ad22535e7f771690a28,303951d4c50efb2e991652225a6f02b1,,,4025.422433,10.0.2.15,61505,54.194.99.187,443,tcp,64.96828400000004,1136.0,3375.0,SF,True,False,0,ShADadTFf,17,1830,18,4099,ssl,0
4026.27454,CinoeDwm6GmKd4EG2,10.0.2.15,61504,54.194.99.187,443,TLSv12,TLS_ECDHE_RSA_WITH_AES_128_GCM_SHA256,secp256r1,p.skimresources.com,False,True,CsxknGIi,"['1a611f2a3f3fdc248d84b3738af1c96f26d3141bbc74ed02f544728bf0a5d068', '154c433c491929c5ef686e838e323664a00e6a0d822ccc958fb4dab03e49a08f']",[],1.0,0ffee3ba8e615ad22535e7f771690a28,303951d4c50efb2e991652225a6f02b1,,,4025.421619,10.0.2.15,61504,54.194.99.187,443,tcp,64.96917099999973,1136.0,3375.0,SF,True,False,0,ShADadTFf,17,1830,18,4099,ssl,0
4026.279937,CRnlqT3WFd0UndurQa,10.0.2.15,61502,54.77.91.81,443,TLSv12,TLS_ECDHE_RSA_WITH_AES_128_GCM_SHA256,secp256r1,r.skimresources.com,False,True,CsxknGIi,"['caa8c2f1a990107a717080115f60a4a96012ff04d07014ab0c049da6d3c7e3ff', 'f55f9ffcb83c73453261601c7e044db15a0f034b93c05830f28635ef889cf670', '87dcd4dc74640a322cd205552506d1be64f12596258096544986b4850bc72706', '28689b30e4c306aab53b027b29e36ad6dd1dcf4b953994482ca84bdc1ecac996']",[],1.0,0ffee3ba8e615ad22535e7f771690a28,303951d4c50efb2e991652225a6f02b1,,,4025.419734,10.0.2.15,61502,54.77.91.81,443,tcp,68.72120199999972,1475.0,6088.0,SF,True,False,0,ShADadTFf,19,2249,20,6892,ssl,0
4026.281493,C21ZgX2KOJEWd7E8X5,10.0.2.15,61501,54.77.91.81,443,TLSv12,TLS_ECDHE_RSA_WITH_AES_128_GCM_SHA256,secp256r1,r.skimresources.com,False,True,CsxknGIi,"['caa8c2f1a990107a717080115f60a4a96012ff04d07014ab0c049da6d3c7e3ff', 'f55f9ffcb83c73453261601c7e044db15a0f034b93c05830f28635ef889cf670', '87dcd4dc74640a322cd205552506d1be64f12596258096544986b4850bc72706', '28689b30e4c306aab53b027b29e36ad6dd1dcf4b953994482ca84bdc1ecac996']",[],1.0,0ffee3ba8e615ad22535e7f771690a28,303951d4c50efb2e991652225a6f02b1,,,4025.419175,10.0.2.15,61501,54.77.91.81,443,tcp,7.395352000000003,353.0,5142.0,RSTO,True,False,0,ShADadFR,11,801,13,5666,ssl,0
4026.285084,C5jiZl210D0blsZUFf,10.0.2.15,61500,54.194.99.187,443,TLSv12,TLS_ECDHE_RSA_WITH_AES_128_GCM_SHA256,secp256r1,p.skimresources.com,False,True,CsxknGIi,"['1a611f2a3f3fdc248d84b3738af1c96f26d3141bbc74ed02f544728bf0a5d068', '154c433c491929c5ef686e838e323664a00e6a0d822ccc958fb4dab03e49a08f']",[],1.0,0ffee3ba8e615ad22535e7f771690a28,303951d4c50efb2e991652225a6f02b1,,,4025.418131,10.0.2.15,61500,54.194.99.187,443,tcp,7.462493999999879,385.0,3032.0,SF,True,False,0,ShADadFfRr,11,833,13,3556,ssl,0
4026.287395,CjvB4D4wFeieg9WzG8,10.0.2.15,61499,54.194.99.187,443,TLSv12,TLS_ECDHE_RSA_WITH_AES_128_GCM_SHA256,secp256r1,p.skimresources.com,False,True,CsxknGIi,"['1a611f2a3f3fdc248d84b3738af1c96f26d3141bbc74ed02f544728bf0a5d068', '154c433c491929c5ef686e838e323664a00e6a0d822ccc958fb4dab03e49a08f']",[],1.0,0ffee3ba8e615ad22535e7f771690a28,303951d4c50efb2e991652225a6f02b1,,,4025.417382,10.0.2.15,61499,54.194.99.187,443,tcp,7.46328799999992,385.0,3032.0,SF,True,False,0,ShADadFfRr,11,833,12,3516,ssl,0
4026.289853,CBTOYC4jvCKUjgvTM,10.0.2.15,61498,104.94.36.191,443,TLSv12,TLS_ECDHE_RSA_WITH_AES_256_GCM_SHA384,secp256r1,assets.bodybuilding.com,False,True,CsxknGIti,"['1a25443134f62393318f2928ecc98d61b28ebb84297ec7e1dbc0603da7f69e85', '074541ecdf88ed992ed5ade3ecddef27a26ba1b44480a195c0a8dadae2521d8e']",[],1.0,0ffee3ba8e615ad22535e7f771690a28,2b33c1374db4ddf06942f92373c0b54b,http/1.1,,4025.41661,10.0.2.15,61498,104.94.36.191,443,tcp,7.4141749999998865,357.0,4443.0,SF,True,False,0,ShADadFfRr,11,805,13,4967,ssl,0
4027.401496,CFOQq94JtkrwxHCETi,10.0.2.15,61506,23.253.41.115,443,TLSv12,TLS_ECDHE_RSA_WITH_AES_256_GCM_SHA384,,api.autopilothq.com,True,True,CsiI,,,,1a5fe5677b0e4fbbc854e8908225637d,364ff14b04ef93c3b4cfa429d729c0d9,,,4026.228258,10.0.2.15,61506,23.253.41.115,443,tcp,4.481465999999728,1100.0,658.0,SF,True,False,0,ShADadfF,8,1428,8,982,ssl,0
4027.402026,CJAget2XOHM7w4GhDd,10.0.2.15,61508,151.101.114.2,443,TLSv12,TLS_ECDHE_RSA_WITH_AES_128_GCM_SHA256,secp256r1,trc.taboola.com,False,True,CsxuknGIti,"['1b90ad8858722a0f2048bb4da66bfe69ccb05827d075f8dbd6dea0562198334b', '4b7334e1d8999822bafa8ff6888125389b18a4e5ab26ffa624c7f68fdc81f0cb']",[],1.0,0ffee3ba8e615ad22535e7f771690a28,860fcf58fd757e26aa8911e5eaff6b53,h2,,4026.265024,10.0.2.15,61508,151.101.114.2,443,tcp,4.470383000000311,529.0,5988.0,SF,True,False,0,ShADadFfRr,14,1097,16,6632,ssl,0
4027.402519,CmRCJ612gD7bUtQkyd,10.0.2.15,61507,54.72.245.168,443,TLSv12,TLS_ECDHE_RSA_WITH_AES_128_GCM_SHA256,secp256r1,t.skimresources.com,False,True,CsxknGIi,"['1a611f2a3f3fdc248d84b3738af1c96f26d3141bbc74ed02f544728bf0a5d068', '154c433c491929c5ef686e838e323664a00e6a0d822ccc958fb4dab03e49a08f']",[],1.0,0ffee3ba8e615ad22535e7f771690a28,303951d4c50efb2e991652225a6f02b1,,,4026.260445,10.0.2.15,61507,54.72.245.168,443,tcp,71.56560900000022,3130.0,4146.0,SF,True,False,0,ShADadTFf,21,3984,22,5030,ssl,0
4028.079226,COGhKh2l6kJkumCz46,10.0.2.15,61509,63.140.56.201,443,TLSv12,TLS_ECDHE_RSA_WITH_AES_256_GCM_SHA384,secp256r1,s.bodybuilding.com,False,True,CsxknGIi,"['4b732293ea4871e84a81de82bdb9d447d7e26d760614784493eb2a861d3a6d4e', '19400be5b7a31fb733917700789d2f0a2471c0c9d506c0e504c06c16d7cb17c0']",[],1.0,0ffee3ba8e615ad22535e7f771690a28,28ef90cc3d9d08c96a8a2cb6f365a79e,,,4027.397755,10.0.2.15,61509,63.140.56.201,443,tcp,41.66614100000015,6167.0,5716.0,SF,True,False,0,ShADadTFf,21,7018,22,6600,ssl,0
4033.514986,CYpMjBjXtVsttmPE8,10.0.2.15,61511,151.101.112.175,443,TLSv12,TLS_ECDHE_RSA_WITH_AES_128_GCM_SHA256,secp256r1,cdn.krxd.net,False,True,CsxuknGIti,"['08db83c9326d7da362a1d5b13d2c2eb3f30a9c28c65a16e8f0f5cbdfc0a6dc6d', '4b7334e1d8999822bafa8ff6888125389b18a4e5ab26ffa624c7f68fdc81f0cb']",[],1.0,0ffee3ba8e615ad22535e7f771690a28,860fcf58fd757e26aa8911e5eaff6b53,http/1.1,,4032.777074,10.0.2.15,61511,151.101.112.175,443,tcp,259.18721400000004,2073.0,18896.0,SF,True,False,0,ShADadTTFfRr,46,3945,56,21140,ssl,0
4033.515667,CmWgohy8WlAUckWl,10.0.2.15,61510,151.101.112.175,443,TLSv12,TLS_ECDHE_RSA_WITH_AES_128_GCM_SHA256,secp256r1,cdn.krxd.net,False,True,CsxuknGIti,"['08db83c9326d7da362a1d5b13d2c2eb3f30a9c28c65a16e8f0f5cbdfc0a6dc6d', '4b7334e1d8999822bafa8ff6888125389b18a4e5ab26ffa624c7f68fdc81f0cb']",[],1.0,0ffee3ba8e615ad22535e7f771690a28,860fcf58fd757e26aa8911e5eaff6b53,http/1.1,,4032.776538,10.0.2.15,61510,151.101.112.175,443,tcp,7.25793399999975,378.0,5726.0,SF,True,False,0,ShADadFfRr,11,826,14,6290,ssl,0
4034.328677,CSpmIacUzI58pXwUh,10.0.2.15,61514,206.207.84.82,443,TLSv12,TLS_RSA_WITH_AES_128_CBC_SHA,,gain-api.bodybuilding.com,False,True,CsxnGIi,"['aa28790bcffc78b1d4558bd27f8883a87ebaf287a4c7dfc411fdc4a46687ca84', '19400be5b7a31fb733917700789d2f0a2471c0c9d506c0e504c06c16d7cb17c0']",[],1.0,0ffee3ba8e615ad22535e7f771690a28,5dcc087b1a1d0a5b0658981a7e8b2c3c,,,4033.516525,10.0.2.15,61514,206.207.84.82,443,tcp,6.676590000000033,597.0,2780.0,SF,True,False,0,ShADadFf,9,965,9,3144,ssl,0
4034.324601,CUS2lH2CqHUc0Ffi9h,10.0.2.15,61513,206.207.84.82,443,TLSv12,TLS_RSA_WITH_AES_128_CBC_SHA,,gain-api.bodybuilding.com,False,True,CsxnGIi,"['aa28790bcffc78b1d4558bd27f8883a87ebaf287a4c7dfc411fdc4a46687ca84', '19400be5b7a31fb733917700789d2f0a2471c0c9d506c0e504c06c16d7cb17c0']",[],1.0,0ffee3ba8e615ad22535e7f771690a28,5dcc087b1a1d0a5b0658981a7e8b2c3c,,,4033.150773,10.0.2.15,61513,206.207.84.82,443,tcp,7.923110000000179,1770.0,4123.0,SF,True,False,0,ShADadfF,10,2178,11,4567,ssl,0
4038.369531,CNV2zc4fG9yfIFjdea,10.0.2.15,61515,23.253.41.115,443,TLSv12,TLS_ECDHE_RSA_WITH_AES_256_GCM_SHA384,,api.autopilothq.com,True,True,CsiI,,,,1a5fe5677b0e4fbbc854e8908225637d,364ff14b04ef93c3b4cfa429d729c0d9,,,4037.806949,10.0.2.15,61515,23.253.41.115,443,tcp,1.825909000000138,1055.0,482.0,SF,True,False,0,ShADadfF,8,1383,9,846,ssl,0
4038.371701,CkAl2Y1e7M2vHC11Z1,10.0.2.15,61516,23.253.41.115,443,TLSv12,TLS_ECDHE_RSA_WITH_AES_256_GCM_SHA384,,api.autopilothq.com,True,True,CsiI,,,,1a5fe5677b0e4fbbc854e8908225637d,364ff14b04ef93c3b4cfa429d729c0d9,,,4037.81274,10.0.2.15,61516,23.253.41.115,443,tcp,3.973617999999987,1100.0,658.0,SF,True,False,0,ShADadfF,7,1388,8,982,ssl,0
4039.636771,CRHoXR1MHS3yd1GdYl,10.0.2.15,61518,54.247.115.15,443,TLSv12,TLS_ECDHE_RSA_WITH_AES_128_GCM_SHA256,secp256r1,beacon.krxd.net,False,True,CsxknGIi,"['801848f55bb97f055d1e2f3f6c8094cf12d7b6285a7ed7c20bf39440c6cb5f8e', '973a41276ffd01e027a2aad49e34c37846d3e976ff6a620b6712e33832041aa6', '3a2fbe92891e57fe05d57087f48e730f17e5a5f53ef403d618e5b74d7a7e6ecb', 'c3846bf24b9e93ca64274c0ec67c1ecc5e024ffcacd2d74019350e81fe546ae4']",[],1.0,0ffee3ba8e615ad22535e7f771690a28,303951d4c50efb2e991652225a6f02b1,,,4039.080646,10.0.2.15,61518,54.247.115.15,443,tcp,4.60426600000028,724.0,5809.0,SF,True,False,0,ShADadFf,13,1252,15,6413,ssl,0
4039.642009,C0ulHc1Ud0UlwWIF7e,10.0.2.15,61517,104.20.182.9,443,TLSv12,TLS_ECDHE_ECDSA_WITH_AES_128_GCM_SHA256,secp256r1,cdn.inspectlet.com,False,True,CsxuknGIti,"['7c9c3c849cc23948f65a89b4664512e9302fd6f88a63aedd06d5a304ebe95720', 'cd6c108a0e641f2ca122aaa6d03f826759cae7c6f800eabf76dc48b67cd083ce', '9573862ac0b4b125168810ea3fd101ae2eb0bb15f61fc0e6da7a2a38b85a89e8']",[],1.0,0ffee3ba8e615ad22535e7f771690a28,7d3eb4120cd50e889bcd3f3783be0f82,http/1.1,,4039.076844,10.0.2.15,61517,104.20.182.9,443,tcp,8.273302000000058,352.0,3759.0,SF,True,False,0,ShADadFf,11,800,12,4243,ssl,0
4040.250701,Ca43m42SASV85muhTd,10.0.2.15,61522,54.247.115.15,443,TLSv12,TLS_ECDHE_RSA_WITH_AES_128_GCM_SHA256,secp256r1,beacon.krxd.net,False,True,CsxknGIi,"['801848f55bb97f055d1e2f3f6c8094cf12d7b6285a7ed7c20bf39440c6cb5f8e', '973a41276ffd01e027a2aad49e34c37846d3e976ff6a620b6712e33832041aa6', '3a2fbe92891e57fe05d57087f48e730f17e5a5f53ef403d618e5b74d7a7e6ecb', 'c3846bf24b9e93ca64274c0ec67c1ecc5e024ffcacd2d74019350e81fe546ae4']",[],1.0,0ffee3ba8e615ad22535e7f771690a28,303951d4c50efb2e991652225a6f02b1,,,4039.988341,10.0.2.15,61522,54.247.115.15,443,tcp,3.694570999999996,318.0,5273.0,SF,True,False,0,ShADadFf,10,726,12,5757,ssl,0
4040.251758,C3V5Dl1KbFOr5dxif4,10.0.2.15,61521,50.16.206.226,443,TLSv12,TLS_ECDHE_RSA_WITH_AES_128_GCM_SHA256,secp256r1,hn.inspectlet.com,False,True,CsxknGIi,"['9a418555ec168d6a7c7d56062fd5ed6c0b2a80ba433ac58f8b9c17f069072ce0', 'e6683e88315cd1cb403c0cea490f7c4b4c82c91cd485037489aadbaa90839f61']",[],1.0,0ffee3ba8e615ad22535e7f771690a28,303951d4c50efb2e991652225a6f02b1,,,4039.987085,10.0.2.15,61521,50.16.206.226,443,tcp,64.46515499999941,1745.0,3531.0,SF,True,False,0,ShADadTfF,15,2358,17,4215,ssl,0
4040.255981,C5LICY9xNb76MVx8g,10.0.2.15,61520,50.16.206.226,443,TLSv12,TLS_ECDHE_RSA_WITH_AES_128_GCM_SHA256,secp256r1,hn.inspectlet.com,False,True,CsxknGIi,"['9a418555ec168d6a7c7d56062fd5ed6c0b2a80ba433ac58f8b9c17f069072ce0', 'e6683e88315cd1cb403c0cea490f7c4b4c82c91cd485037489aadbaa90839f61']",[],1.0,0ffee3ba8e615ad22535e7f771690a28,303951d4c50efb2e991652225a6f02b1,,,4039.986334,10.0.2.15,61520,50.16.206.226,443,tcp,7.434076000000005,351.0,3047.0,SF,True,False,0,ShADadFfRr,10,759,12,3531,ssl,0
4041.193499,CvmwpO2R3b0fhsGrm2,10.0.2.15,61519,54.247.115.15,443,TLSv12,TLS_ECDHE_RSA_WITH_AES_128_GCM_SHA256,,beacon.krxd.net,True,True,CsiI,,,,0ffee3ba8e615ad22535e7f771690a28,303951d4c50efb2e991652225a6f02b1,,,4039.651897,10.0.2.15,61519,54.247.115.15,443,tcp,7.002361999999721,1729.0,707.0,SF,True,False,0,ShADadFf,10,2137,9,1071,ssl,0
4045.636548,Cjr9dp4gtvPdrsZfbj,10.0.2.15,61530,35.156.203.25,443,TLSv12,TLS_ECDHE_RSA_WITH_AES_128_GCM_SHA256,secp256r1,i.w55c.net,False,True,CsxknGIi,"['0bd7d69c79989e5e7b2c423a48d41a2811a16dcd05e5951d2ede09e59583579d', 'd9e0c64ab27a64d79cccf42a34ec75a251a7e543353c19e984a70eb2f546cdff']",[],1.0,0ffee3ba8e615ad22535e7f771690a28,303951d4c50efb2e991652225a6f02b1,,,4044.551335,10.0.2.15,61530,35.156.203.25,443,tcp,67.48534599999948,1046.0,3700.0,SF,True,False,0,ShADadTFf,17,1739,17,4384,ssl,0
4045.656249,CBmSFx4z0bd751eEqe,10.0.2.15,61537,52.7.222.160,443,TLSv12,TLS_ECDHE_RSA_WITH_AES_128_GCM_SHA256,secp256r1,idsync.rlcdn.com,False,True,CsxknGIi,"['7c75ac9ac997d5af7e63eee4070015e373d07d15fa206505a14434fb86a90686', '973a41276ffd01e027a2aad49e34c37846d3e976ff6a620b6712e33832041aa6', '3a2fbe92891e57fe05d57087f48e730f17e5a5f53ef403d618e5b74d7a7e6ecb', 'c3846bf24b9e93ca64274c0ec67c1ecc5e024ffcacd2d74019350e81fe546ae4']",[],1.0,0ffee3ba8e615ad22535e7f771690a28,303951d4c50efb2e991652225a6f02b1,,,4044.575515,10.0.2.15,61537,52.7.222.160,443,tcp,64.5084609999999,1494.0,6757.0,SF,True,False,0,ShADadTFf,19,2268,22,7641,ssl,0
4045.659486,C2hjXn1hX96GoDCI43,10.0.2.15,61536,54.243.150.41,443,TLSv12,TLS_ECDHE_RSA_WITH_AES_128_GCM_SHA256,secp256r1,usermatch.krxd.net,False,True,CsxknGIi,"['801848f55bb97f055d1e2f3f6c8094cf12d7b6285a7ed7c20bf39440c6cb5f8e', '973a41276ffd01e027a2aad49e34c37846d3e976ff6a620b6712e33832041aa6', '3a2fbe92891e57fe05d57087f48e730f17e5a5f53ef403d618e5b74d7a7e6ecb', 'c3846bf24b9e93ca64274c0ec67c1ecc5e024ffcacd2d74019350e81fe546ae4']",[],1.0,0ffee3ba8e615ad22535e7f771690a28,303951d4c50efb2e991652225a6f02b1,,,4044.568753,10.0.2.15,61536,54.243.150.41,443,tcp,65.14495899999974,688.0,5663.0,SF,True,False,0,ShADadTFf,18,1422,20,6467,ssl,0
4045.648503,CMtZixmumPlaH3s32,10.0.2.15,61531,35.156.203.25,443,TLSv12,TLS_ECDHE_RSA_WITH_AES_128_GCM_SHA256,secp256r1,i.w55c.net,False,True,CsxknGIi,"['0bd7d69c79989e5e7b2c423a48d41a2811a16dcd05e5951d2ede09e59583579d', 'd9e0c64ab27a64d79cccf42a34ec75a251a7e543353c19e984a70eb2f546cdff']",[],1.0,0ffee3ba8e615ad22535e7f771690a28,303951d4c50efb2e991652225a6f02b1,,,4044.55253,10.0.2.15,61531,35.156.203.25,443,tcp,10.155048999999964,344.0,3034.0,SF,True,False,0,ShADadFRfr,11,792,12,3518,ssl,0
4045.670981,C8CGeB4I6TjXK7D2Cd,10.0.2.15,61535,199.16.156.41,443,TLSv12,TLS_ECDHE_RSA_WITH_AES_128_GCM_SHA256,secp256r1,analytics.twitter.com,False,True,CsxknGIti,"['d73ceb7605c00e14e0bb87516ddc2a48c8ba71d10920ec2c7d6680c42d3cdba0', '19400be5b7a31fb733917700789d2f0a2471c0c9d506c0e504c06c16d7cb17c0']",[],1.0,0ffee3ba8e615ad22535e7f771690a28,8d2a028aa94425f76ced7826b1f39039,h2,,4044.562853,10.0.2.15,61535,199.16.156.41,443,tcp,8.51966399999992,1060.0,4717.0,RSTO,True,False,0,ShADadFR,17,1748,19,5481,ssl,0
4045.672322,CBBa4N2Hy3Bb51rbG5,10.0.2.15,61534,199.16.156.41,443,TLSv12,TLS_ECDHE_RSA_WITH_AES_128_GCM_SHA256,secp256r1,analytics.twitter.com,False,True,CsxknGIti,"['d73ceb7605c00e14e0bb87516ddc2a48c8ba71d10920ec2c7d6680c42d3cdba0', '19400be5b7a31fb733917700789d2f0a2471c0c9d506c0e504c06c16d7cb17c0']",[],1.0,0ffee3ba8e615ad22535e7f771690a28,8d2a028aa94425f76ced7826b1f39039,h2,,4044.560438,10.0.2.15,61534,199.16.156.41,443,tcp,302.4713740000002,1216.0,4847.0,SF,True,False,0,ShADadFfRr,22,2104,24,5811,ssl,0
4045.674752,CK9sB43dyW75HyZlKg,10.0.2.15,61533,54.243.150.41,443,TLSv12,TLS_ECDHE_RSA_WITH_AES_128_GCM_SHA256,secp256r1,usermatch.krxd.net,False,True,CsxknGIi,"['801848f55bb97f055d1e2f3f6c8094cf12d7b6285a7ed7c20bf39440c6cb5f8e', '973a41276ffd01e027a2aad49e34c37846d3e976ff6a620b6712e33832041aa6', '3a2fbe92891e57fe05d57087f48e730f17e5a5f53ef403d618e5b74d7a7e6ecb', 'c3846bf24b9e93ca64274c0ec67c1ecc5e024ffcacd2d74019350e81fe546ae4']",[],1.0,0ffee3ba8e615ad22535e7f771690a28,303951d4c50efb2e991652225a6f02b1,,,4044.558178,10.0.2.15,61533,54.243.150.41,443,tcp,8.733700999999655,352.0,5273.0,SF,True,False,0,ShADadFfRr,12,840,14,5837,ssl,0
4045.676165,ChrteR22Ej1OZxBFek,10.0.2.15,61532,52.7.222.160,443,TLSv12,TLS_ECDHE_RSA_WITH_AES_128_GCM_SHA256,secp256r1,idsync.rlcdn.com,False,True,CsxknGIi,"['7c75ac9ac997d5af7e63eee4070015e373d07d15fa206505a14434fb86a90686', '973a41276ffd01e027a2aad49e34c37846d3e976ff6a620b6712e33832041aa6', '3a2fbe92891e57fe05d57087f48e730f17e5a5f53ef403d618e5b74d7a7e6ecb', 'c3846bf24b9e93ca64274c0ec67c1ecc5e024ffcacd2d74019350e81fe546ae4']",[],1.0,0ffee3ba8e615ad22535e7f771690a28,303951d4c50efb2e991652225a6f02b1,,,4044.555386,10.0.2.15,61532,52.7.222.160,443,tcp,9.939214999999876,350.0,5275.0,SF,True,False,0,ShADadFfRr,12,838,15,5879,ssl,0
4045.676759,CdaJtK2hgGKKPwELL5,10.0.2.15,61539,50.19.94.3,443,TLSv12,TLS_ECDHE_RSA_WITH_AES_128_GCM_SHA256,secp256r1,pixel.watch,False,True,CsxknGIi,"['9049fe4f9be087a9cc4453a915ddb81c3e7020fb42fc4f0e4ae9f569f97dd929', 'f55f9ffcb83c73453261601c7e044db15a0f034b93c05830f28635ef889cf670', '87dcd4dc74640a322cd205552506d1be64f12596258096544986b4850bc72706', '28689b30e4c306aab53b027b29e36ad6dd1dcf4b953994482ca84bdc1ecac996']",[],1.0,0ffee3ba8e615ad22535e7f771690a28,303951d4c50efb2e991652225a6f02b1,,,4044.612641,10.0.2.15,61539,50.19.94.3,443,tcp,69.53258700000015,657.0,5435.0,SF,True,False,0,ShADadTFf,18,1391,20,6239,ssl,0
4045.677586,CeKyih3zjxXX3AmVLc,10.0.2.15,61538,50.19.94.3,443,TLSv12,TLS_ECDHE_RSA_WITH_AES_128_GCM_SHA256,secp256r1,pixel.watch,False,True,CsxknGIi,"['9049fe4f9be087a9cc4453a915ddb81c3e7020fb42fc4f0e4ae9f569f97dd929', 'f55f9ffcb83c73453261601c7e044db15a0f034b93c05830f28635ef889cf670', '87dcd4dc74640a322cd205552506d1be64f12596258096544986b4850bc72706', '28689b30e4c306aab53b027b29e36ad6dd1dcf4b953994482ca84bdc1ecac996']",[],1.0,0ffee3ba8e615ad22535e7f771690a28,303951d4c50efb2e991652225a6f02b1,,,4044.610487,10.0.2.15,61538,50.19.94.3,443,tcp,69.53127099999983,657.0,5435.0,SF,True,False,0,ShADadTFf,18,1391,21,6279,ssl,0
4056.811455,Cl3M9c4S3L7JGFdnte,10.0.2.15,61554,23.253.41.115,443,TLSv12,TLS_ECDHE_RSA_WITH_AES_256_GCM_SHA384,,api.autopilothq.com,True,True,CsiI,,,,1a5fe5677b0e4fbbc854e8908225637d,364ff14b04ef93c3b4cfa429d729c0d9,,,4055.91074,10.0.2.15,61554,23.253.41.115,443,tcp,5.906572000000324,1401.0,396.0,SF,True,False,0,ShADadfF,9,1769,9,760,ssl,0
4056.807125,CV06hO1rEC8R77xYB,10.0.2.15,61551,104.20.68.222,443,TLSv12,TLS_ECDHE_ECDSA_WITH_AES_128_GCM_SHA256,secp256r1,s.spoutable.com,False,True,CsxuknGIti,"['7e46feb6c3190ab1e9b698d5b18f763a79f9393bb85ac40ab35bf35dc731335c', 'cd6c108a0e641f2ca122aaa6d03f826759cae7c6f800eabf76dc48b67cd083ce', '9573862ac0b4b125168810ea3fd101ae2eb0bb15f61fc0e6da7a2a38b85a89e8']",[],1.0,0ffee3ba8e615ad22535e7f771690a28,7d3eb4120cd50e889bcd3f3783be0f82,h2,,4055.909204,10.0.2.15,61551,104.20.68.222,443,tcp,243.8734989999998,1836.0,241449.0,SF,True,False,0,ShADadFf,122,6724,276,252493,ssl,0
4056.809602,ChhHH02mwtiGmFrvVf,10.0.2.15,61555,172.217.23.227,443,TLSv12,TLS_ECDHE_ECDSA_WITH_AES_128_GCM_SHA256,x25519,p4-han3kw7f2e6xc-3prlmsd74crbmgxs-if-v6exp3-v4.metric.gstatic.com,False,True,CsxknGIti,"['11ddd329046367c19b32ffdb02ed308de129de4d6ffcf95856d7bd6a7accfba9', '9f630426df1d8abfd80ace98871ba833ab9742cb34838de2b5285ed54c0c7dcc', '3c35cc963eb004451323d3275d05b353235053490d9cd83729a2faf5e7ca1cc0']",[],1.0,0ffee3ba8e615ad22535e7f771690a28,84480cf8cf0e732666092640e581e1a5,h2,,4055.922383,10.0.2.15,61555,172.217.23.227,443,tcp,8.62096100000008,546.0,4471.0,SF,True,False,0,ShADadFf,12,1034,13,4995,ssl,0
4056.809041,CrO8DO22jH1Rt34Ws4,10.0.2.15,61549,34.200.201.90,443,TLSv12,TLS_ECDHE_RSA_WITH_AES_128_GCM_SHA256,secp256r1,route.carambo.la,False,True,CsxknGIi,"['3fca41348b425ee0ed97cf46f3517f9ff5cd9f320134dbc99dfed8edc7f0d363', 'f55f9ffcb83c73453261601c7e044db15a0f034b93c05830f28635ef889cf670', '87dcd4dc74640a322cd205552506d1be64f12596258096544986b4850bc72706', '28689b30e4c306aab53b027b29e36ad6dd1dcf4b953994482ca84bdc1ecac996']",[],1.0,0ffee3ba8e615ad22535e7f771690a28,303951d4c50efb2e991652225a6f02b1,,,4055.907629,10.0.2.15,61549,34.200.201.90,443,tcp,7.066913000000113,738.0,5362.0,SF,True,False,0,ShADadFfRr,13,1266,16,6006,ssl,0
4056.812472,C9OD6M2b9V5qoYtfs4,10.0.2.15,61553,34.200.201.90,443,TLSv12,TLS_ECDHE_RSA_WITH_AES_128_GCM_SHA256,secp256r1,route.carambo.la,False,True,CsxknGIi,"['3fca41348b425ee0ed97cf46f3517f9ff5cd9f320134dbc99dfed8edc7f0d363', 'f55f9ffcb83c73453261601c7e044db15a0f034b93c05830f28635ef889cf670', '87dcd4dc74640a322cd205552506d1be64f12596258096544986b4850bc72706', '28689b30e4c306aab53b027b29e36ad6dd1dcf4b953994482ca84bdc1ecac996']",[],1.0,0ffee3ba8e615ad22535e7f771690a28,303951d4c50efb2e991652225a6f02b1,,,4055.910156,10.0.2.15,61553,34.200.201.90,443,tcp,9.884440000000268,350.0,5071.0,SF,True,False,0,ShADadFRfr,11,798,13,5595,ssl,0
4056.807952,CrPTUh2JU5Sn719TFi,10.0.2.15,61550,52.9.117.242,443,TLSv12,TLS_ECDHE_RSA_WITH_AES_128_GCM_SHA256,secp256r1,api.content-ad.net,False,True,CsxknGIi,"['a607cb71c51126c74dd89fc8f2bed0e997a619de98d0dcebf970c43d752b6710', '973a41276ffd01e027a2aad49e34c37846d3e976ff6a620b6712e33832041aa6', '3a2fbe92891e57fe05d57087f48e730f17e5a5f53ef403d618e5b74d7a7e6ecb', 'c3846bf24b9e93ca64274c0ec67c1ecc5e024ffcacd2d74019350e81fe546ae4']",[],1.0,0ffee3ba8e615ad22535e7f771690a28,303951d4c50efb2e991652225a6f02b1,,,4055.908344,10.0.2.15,61550,52.9.117.242,443,tcp,6.56773800000019,805.0,8846.0,SF,True,False,0,ShADadFfRr,15,1413,19,9610,ssl,0
4056.813054,CXvGFENOuth9GBEQ9,10.0.2.15,61552,52.9.117.242,443,TLSv12,TLS_ECDHE_RSA_WITH_AES_128_GCM_SHA256,secp256r1,api.content-ad.net,False,True,CsxknGIi,"['a607cb71c51126c74dd89fc8f2bed0e997a619de98d0dcebf970c43d752b6710', '973a41276ffd01e027a2aad49e34c37846d3e976ff6a620b6712e33832041aa6', '3a2fbe92891e57fe05d57087f48e730f17e5a5f53ef403d618e5b74d7a7e6ecb', 'c3846bf24b9e93ca64274c0ec67c1ecc5e024ffcacd2d74019350e81fe546ae4']",[],1.0,0ffee3ba8e615ad22535e7f771690a28,303951d4c50efb2e991652225a6f02b1,,,4055.909688,10.0.2.15,61552,52.9.117.242,443,tcp,10.762977999999748,352.0,5301.0,RSTO,True,False,0,ShADadFR,11,800,13,5825,ssl,0
4058.415617,C5X8RK3wrpu8mFy4vd,10.0.2.15,61557,54.247.115.15,443,TLSv12,TLS_ECDHE_RSA_WITH_AES_128_GCM_SHA256,,beacon.krxd.net,True,True,CsiI,,,,0ffee3ba8e615ad22535e7f771690a28,303951d4c50efb2e991652225a6f02b1,,,4056.49369,10.0.2.15,61557,54.247.115.15,443,tcp,6.841938000000027,698.0,145.0,SF,True,False,0,ShADadfF,9,1066,8,469,ssl,0
4058.416696,COvbMd8gkE3O9ESVh,10.0.2.15,61556,54.247.115.15,443,TLSv12,TLS_ECDHE_RSA_WITH_AES_128_GCM_SHA256,,beacon.krxd.net,True,True,CsiI,,,,0ffee3ba8e615ad22535e7f771690a28,303951d4c50efb2e991652225a6f02b1,,,4056.480085,10.0.2.15,61556,54.247.115.15,443,tcp,7.432495000000017,728.0,145.0,SF,True,False,0,ShADadfF,9,1096,8,469,ssl,0
4058.772942,C4SnNt4lTC1eI3E9xb,10.0.2.15,61558,54.231.72.18,443,TLSv12,TLS_ECDHE_RSA_WITH_AES_128_GCM_SHA256,secp256r1,s3.amazonaws.com,False,True,CsxknGIi,"['6be2c04e442c0aa126e2e374c248fc093077df1a3810867decdfea113add4357', 'f9690880819f06cdcc0b2f224b207f2af6003fb57339b8679a160fa95208d62d']",[],1.0,0ffee3ba8e615ad22535e7f771690a28,ea615e28cb25adfb2f261151eab3314f,,,4056.494354,10.0.2.15,61558,54.231.72.18,443,tcp,6.55562800000007,729.0,3732.0,SF,True,False,0,ShADadFfRr,13,1257,19,4496,ssl,0
4060.066899,CtfmwD3BlCKsGMDT3l,10.0.2.15,61559,54.231.72.18,443,TLSv12,TLS_ECDHE_RSA_WITH_AES_128_GCM_SHA256,secp256r1,s3.amazonaws.com,False,True,CsxknGIi,"['6be2c04e442c0aa126e2e374c248fc093077df1a3810867decdfea113add4357', 'f9690880819f06cdcc0b2f224b207f2af6003fb57339b8679a160fa95208d62d']",[],1.0,0ffee3ba8e615ad22535e7f771690a28,ea615e28cb25adfb2f261151eab3314f,,,4058.775426,10.0.2.15,61559,54.231.72.18,443,tcp,4.677463999999873,319.0,3146.0,SF,True,False,0,ShADadFf,10,727,12,3630,ssl,0
4069.747857,Cdq5431KlDjN57aCMg,10.0.2.15,61566,95.172.94.41,443,TLSv12,TLS_ECDHE_RSA_WITH_AES_128_GCM_SHA256,,pixel.quantserve.com,True,True,CsiI,,,,1a5fe5677b0e4fbbc854e8908225637d,fbe78c619e7ea20046131294ad087f05,,,4069.681015,10.0.2.15,61566,95.172.94.41,443,tcp,15.333071999999902,1982.0,482.0,SF,True,False,0,ShADadfTF,10,2391,10,886,ssl,0
4069.74997,CG74TWTmZNOXGrmyl,10.0.2.15,61565,172.217.23.225,443,TLSv12,TLS_ECDHE_ECDSA_WITH_AES_128_GCM_SHA256,x25519,lh4.googleusercontent.com,False,True,CsxknGIti,"['7dab2c14c2154b93fe35063ca1c26a233a78ca71cbb2bca391546edc16638392', '9f630426df1d8abfd80ace98871ba833ab9742cb34838de2b5285ed54c0c7dcc', '3c35cc963eb004451323d3275d05b353235053490d9cd83729a2faf5e7ca1cc0']",[],1.0,0ffee3ba8e615ad22535e7f771690a28,84480cf8cf0e732666092640e581e1a5,h2,,4069.678186,10.0.2.15,61565,172.217.23.225,443,tcp,230.32774900000004,1767.0,11661.0,SF,True,False,0,ShADadFf,24,2735,29,12825,ssl,0
4069.753319,C3gJEfFfqN8QMqi2,10.0.2.15,61564,172.217.23.225,443,TLSv12,TLS_ECDHE_ECDSA_WITH_AES_128_GCM_SHA256,x25519,lh5.googleusercontent.com,False,True,CsxknGIti,"['7dab2c14c2154b93fe35063ca1c26a233a78ca71cbb2bca391546edc16638392', '9f630426df1d8abfd80ace98871ba833ab9742cb34838de2b5285ed54c0c7dcc', '3c35cc963eb004451323d3275d05b353235053490d9cd83729a2faf5e7ca1cc0']",[],1.0,0ffee3ba8e615ad22535e7f771690a28,84480cf8cf0e732666092640e581e1a5,h2,,4069.676571,10.0.2.15,61564,172.217.23.225,443,tcp,229.93629299999972,1768.0,11249.0,SF,True,False,0,ShADadFf,24,2736,29,12413,ssl,0
4069.755113,ClcjnC23SK6BKSzBh,10.0.2.15,61563,172.217.23.225,443,TLSv12,TLS_ECDHE_ECDSA_WITH_AES_128_GCM_SHA256,x25519,lh5.googleusercontent.com,False,True,CsxknGIti,"['7dab2c14c2154b93fe35063ca1c26a233a78ca71cbb2bca391546edc16638392', '9f630426df1d8abfd80ace98871ba833ab9742cb34838de2b5285ed54c0c7dcc', '3c35cc963eb004451323d3275d05b353235053490d9cd83729a2faf5e7ca1cc0']",[],1.0,0ffee3ba8e615ad22535e7f771690a28,84480cf8cf0e732666092640e581e1a5,h2,,4069.67455,10.0.2.15,61563,172.217.23.225,443,tcp,5.283118999999715,535.0,4365.0,SF,True,False,0,ShADadFf,12,1023,14,4929,ssl,0
4069.7562,Csd79o2FD9ej6EIPl6,10.0.2.15,61562,172.217.23.225,443,TLSv12,TLS_ECDHE_ECDSA_WITH_AES_128_GCM_SHA256,x25519,lh4.googleusercontent.com,False,True,CsxknGIti,"['7dab2c14c2154b93fe35063ca1c26a233a78ca71cbb2bca391546edc16638392', '9f630426df1d8abfd80ace98871ba833ab9742cb34838de2b5285ed54c0c7dcc', '3c35cc963eb004451323d3275d05b353235053490d9cd83729a2faf5e7ca1cc0']",[],1.0,0ffee3ba8e615ad22535e7f771690a28,84480cf8cf0e732666092640e581e1a5,h2,,4069.666913,10.0.2.15,61562,172.217.23.225,443,tcp,5.281260000000202,535.0,4364.0,SF,True,False,0,ShADadFf,13,1063,15,4968,ssl,0
4071.359102,CNANSpo0FIR0z5esh,10.0.2.15,61574,54.247.115.15,443,TLSv12,TLS_ECDHE_RSA_WITH_AES_128_GCM_SHA256,,beacon.krxd.net,True,True,CsiI,,,,0ffee3ba8e615ad22535e7f771690a28,303951d4c50efb2e991652225a6f02b1,,,4069.725139,10.0.2.15,61574,54.247.115.15,443,tcp,2.993549999999686,306.0,176.0,SF,True,False,0,ShADadFfRr,9,674,9,540,ssl,0
4071.35975,C9HkslsO5ZAzsqCra,10.0.2.15,61573,54.247.115.15,443,TLSv12,TLS_ECDHE_RSA_WITH_AES_128_GCM_SHA256,,beacon.krxd.net,True,True,CsiI,,,,0ffee3ba8e615ad22535e7f771690a28,303951d4c50efb2e991652225a6f02b1,,,4069.722742,10.0.2.15,61573,54.247.115.15,443,tcp,2.983989000000292,306.0,176.0,SF,True,False,0,ShADadFfRr,9,674,9,540,ssl,0
4071.936598,CFUGXB42ryHaYzn1g9,10.0.2.15,61585,104.20.69.222,443,TLSv12,TLS_ECDHE_ECDSA_WITH_AES_128_GCM_SHA256,secp256r1,cdn.spoutable.com,False,True,CsxuknGIti,"['7e46feb6c3190ab1e9b698d5b18f763a79f9393bb85ac40ab35bf35dc731335c', 'cd6c108a0e641f2ca122aaa6d03f826759cae7c6f800eabf76dc48b67cd083ce', '9573862ac0b4b125168810ea3fd101ae2eb0bb15f61fc0e6da7a2a38b85a89e8']",[],1.0,0ffee3ba8e615ad22535e7f771690a28,7d3eb4120cd50e889bcd3f3783be0f82,h2,,4069.823989,10.0.2.15,61585,104.20.69.222,443,tcp,16.279903000000104,531.0,3859.0,RSTO,True,False,0,ShADadTFR,12,1020,13,4383,ssl,0
4071.937431,Cxmd0x2drGFw2ZeoWd,10.0.2.15,61584,205.185.216.42,443,TLSv12,TLS_ECDHE_RSA_WITH_AES_128_GCM_SHA256,secp256r1,img.revcontent.com,False,True,CsxuknGIti,"['e29909b1c1715d830c883d99e7b3b62c157b0e615f1b77bba7ceda93a43a1063', '154c433c491929c5ef686e838e323664a00e6a0d822ccc958fb4dab03e49a08f']",[],1.0,0ffee3ba8e615ad22535e7f771690a28,a9f50de6377ae7c6dbaabc53f089ac30,,,4069.75625,10.0.2.15,61584,205.185.216.42,443,tcp,19.29141000000027,867.0,4197.0,SF,True,False,0,ShADadfF,10,1275,12,4681,ssl,0
4071.765017,CukH981MlS043uL27j,10.0.2.15,61570,77.245.58.158,443,TLSv12,TLS_ECDHE_RSA_WITH_AES_128_GCM_SHA256,secp256r1,exchange.nativeads.com,False,True,CsxknGIti,"['e082bfca017dc22f7cf3d441cd3f93b1c9b2480b57d6299b0e93442660142d31', '02ab57e4e67a0cb48dd2ff34830e8ac40f4476fb08ca6be3f5cd846f646840f0', '4f32d5dc00f715250abcc486511e37f501a899deb3bf7ea8adbbd3aef1c412da']",[],1.0,0ffee3ba8e615ad22535e7f771690a28,389ed42c02ebecc32e73aa31def07e14,,,4069.710573,10.0.2.15,61570,77.245.58.158,443,tcp,22.51720700000033,854.0,5322.0,SF,True,False,0,ShADadTfF,12,1343,14,5886,ssl,0
4071.765733,C6cvI63PcbgJKwkXgb,10.0.2.15,61569,192.132.33.27,443,TLSv12,TLS_RSA_WITH_AES_128_CBC_SHA,,bttrack.com,False,True,CsxnGIi,"['05c49a8bcf7b81d6e39e73dfea9431385fb8e901a367535684396e1403a02303', '02ab57e4e67a0cb48dd2ff34830e8ac40f4476fb08ca6be3f5cd846f646840f0', '4f32d5dc00f715250abcc486511e37f501a899deb3bf7ea8adbbd3aef1c412da', '687fa451382278fff0c8b11f8d43d576671c6eb2bceab413fb83d965d06d2ff2']",[],1.0,0ffee3ba8e615ad22535e7f771690a28,561f6f4eb311a85575d2d0a0a8232333,,,4069.696502,10.0.2.15,61569,192.132.33.27,443,tcp,93.53419000000032,1100.0,6331.0,SF,True,False,0,ShADadTfF,21,1956,22,7215,ssl,0
4071.766483,CnGurd1pamQ7KQ7ZH2,10.0.2.15,61568,54.210.105.191,443,TLSv12,TLS_ECDHE_RSA_WITH_AES_128_GCM_SHA256,secp256r1,e.spoutable.com,False,True,CsxknGIi,"['26caef13d7cf5904b4d719b7077228efa87824105cf29a4f7e38d30961ed4523', 'bc3f03a436240edba5f83714f6f677e34b37f9b1f0c08c1e558d981e279e8209']",[],1.0,0ffee3ba8e615ad22535e7f771690a28,303951d4c50efb2e991652225a6f02b1,,,4069.69331,10.0.2.15,61568,54.210.105.191,443,tcp,77.53744400000005,968.0,3178.0,SF,True,False,0,ShADadTFf,17,1663,18,3902,ssl,0
4071.864707,Cq5uJVTahxc3tdCV,10.0.2.15,61577,95.172.94.41,443,TLSv12,TLS_ECDHE_RSA_WITH_AES_128_GCM_SHA256,,pixel.quantserve.com,True,True,CsiI,,,,1a5fe5677b0e4fbbc854e8908225637d,fbe78c619e7ea20046131294ad087f05,,,4069.740284,10.0.2.15,61577,95.172.94.41,443,tcp,15.964194000000134,599.0,168.0,RSTR,True,False,0,ShADadTfRr,10,1008,9,532,ssl,0
4071.797635,CVVQDi11IB97VMkVKf,10.0.2.15,61582,52.201.6.213,443,TLSv12,TLS_ECDHE_RSA_WITH_AES_128_GCM_SHA256,secp256r1,e2.spoutable.com,False,True,CsxknGIi,"['26caef13d7cf5904b4d719b7077228efa87824105cf29a4f7e38d30961ed4523', 'bc3f03a436240edba5f83714f6f677e34b37f9b1f0c08c1e558d981e279e8209']",[],1.0,0ffee3ba8e615ad22535e7f771690a28,303951d4c50efb2e991652225a6f02b1,,,4069.745963,10.0.2.15,61582,52.201.6.213,443,tcp,24.37724900000012,2815.0,3668.0,SF,True,False,0,ShADadTFfRr,15,3424,16,4312,ssl,0
4071.798903,CYccKu1vQzNZzALssg,10.0.2.15,61581,52.201.6.213,443,TLSv12,TLS_ECDHE_RSA_WITH_AES_128_GCM_SHA256,secp256r1,e1.spoutable.com,False,True,CsxknGIi,"['26caef13d7cf5904b4d719b7077228efa87824105cf29a4f7e38d30961ed4523', 'bc3f03a436240edba5f83714f6f677e34b37f9b1f0c08c1e558d981e279e8209']",[],1.0,0ffee3ba8e615ad22535e7f771690a28,303951d4c50efb2e991652225a6f02b1,,,4069.744992,10.0.2.15,61581,52.201.6.213,443,tcp,24.398035000000164,2644.0,3668.0,SF,True,False,0,ShADadTFfRr,15,3253,16,4312,ssl,0
4071.818768,C1N4zj2WTze8Qzgeu6,10.0.2.15,61580,52.86.55.109,443,TLSv12,TLS_ECDHE_RSA_WITH_AES_128_GCM_SHA256,secp256r1,e0.spoutable.com,False,True,CsxknGIi,"['26caef13d7cf5904b4d719b7077228efa87824105cf29a4f7e38d30961ed4523', 'bc3f03a436240edba5f83714f6f677e34b37f9b1f0c08c1e558d981e279e8209']",[],1.0,0ffee3ba8e615ad22535e7f771690a28,303951d4c50efb2e991652225a6f02b1,,,4069.744249,10.0.2.15,61580,52.86.55.109,443,tcp,24.07228699999996,3032.0,3637.0,RSTO,True,False,0,ShADadTFR,13,3561,14,4201,ssl,0
4071.823983,Clkd8B1j7lSpFQae2l,10.0.2.15,61579,52.201.6.213,443,TLSv12,TLS_ECDHE_RSA_WITH_AES_128_GCM_SHA256,secp256r1,e2.spoutable.com,False,True,CsxknGIi,"['26caef13d7cf5904b4d719b7077228efa87824105cf29a4f7e38d30961ed4523', 'bc3f03a436240edba5f83714f6f677e34b37f9b1f0c08c1e558d981e279e8209']",[],1.0,0ffee3ba8e615ad22535e7f771690a28,303951d4c50efb2e991652225a6f02b1,,,4069.743381,10.0.2.15,61579,52.201.6.213,443,tcp,24.39748799999961,3036.0,3668.0,SF,True,False,0,ShADadTFfRr,15,3645,16,4312,ssl,0
4071.892423,CkNW0N1uADJH244zXl,10.0.2.15,61589,104.20.69.222,443,TLSv12,TLS_ECDHE_ECDSA_WITH_AES_128_GCM_SHA256,secp256r1,cdn.spoutable.com,False,True,CsxuknGIti,"['7e46feb6c3190ab1e9b698d5b18f763a79f9393bb85ac40ab35bf35dc731335c', 'cd6c108a0e641f2ca122aaa6d03f826759cae7c6f800eabf76dc48b67cd083ce', '9573862ac0b4b125168810ea3fd101ae2eb0bb15f61fc0e6da7a2a38b85a89e8']",[],1.0,0ffee3ba8e615ad22535e7f771690a28,7d3eb4120cd50e889bcd3f3783be0f82,h2,,4069.82751,10.0.2.15,61589,104.20.69.222,443,tcp,17.10550299999977,531.0,3861.0,RSTO,True,False,0,ShADadTFR,12,1020,14,4425,ssl,0
4071.856871,CUXiF12Tyir8areWhh,10.0.2.15,61578,52.201.6.213,443,TLSv12,TLS_ECDHE_RSA_WITH_AES_128_GCM_SHA256,secp256r1,e1.spoutable.com,False,True,CsxknGIi,"['26caef13d7cf5904b4d719b7077228efa87824105cf29a4f7e38d30961ed4523', 'bc3f03a436240edba5f83714f6f677e34b37f9b1f0c08c1e558d981e279e8209']",[],1.0,0ffee3ba8e615ad22535e7f771690a28,303951d4c50efb2e991652225a6f02b1,,,4069.742312,10.0.2.15,61578,52.201.6.213,443,tcp,24.398603000000094,2620.0,3668.0,SF,True,False,0,ShADadTFfRr,15,3229,17,4352,ssl,0
4071.894197,CzH7vz1YJmLQOdPYL8,10.0.2.15,61588,205.185.216.42,443,TLSv12,TLS_ECDHE_RSA_WITH_AES_128_GCM_SHA256,secp256r1,img.revcontent.com,False,True,CsxuknGIti,"['e29909b1c1715d830c883d99e7b3b62c157b0e615f1b77bba7ceda93a43a1063', '154c433c491929c5ef686e838e323664a00e6a0d822ccc958fb4dab03e49a08f']",[],1.0,0ffee3ba8e615ad22535e7f771690a28,a9f50de6377ae7c6dbaabc53f089ac30,,,4069.826699,10.0.2.15,61588,205.185.216.42,443,tcp,20.92025199999989,867.0,4197.0,SF,True,False,0,ShADadfF,10,1275,12,4681,ssl,0
4071.881814,C2ox7t4RkElkRd5w9e,10.0.2.15,61576,52.86.55.109,443,TLSv12,TLS_ECDHE_RSA_WITH_AES_128_GCM_SHA256,secp256r1,e0.spoutable.com,False,True,CsxknGIi,"['26caef13d7cf5904b4d719b7077228efa87824105cf29a4f7e38d30961ed4523', 'bc3f03a436240edba5f83714f6f677e34b37f9b1f0c08c1e558d981e279e8209']",[],1.0,0ffee3ba8e615ad22535e7f771690a28,303951d4c50efb2e991652225a6f02b1,,,4069.736602,10.0.2.15,61576,52.86.55.109,443,tcp,24.38661000000002,3011.0,3668.0,SF,True,False,0,ShADadTFfRr,16,3660,17,4352,ssl,0
4071.887272,CkPA6F2xjV5m0knoLe,10.0.2.15,61575,54.210.105.191,443,TLSv12,TLS_ECDHE_RSA_WITH_AES_128_GCM_SHA256,secp256r1,e.spoutable.com,False,True,CsxknGIi,"['26caef13d7cf5904b4d719b7077228efa87824105cf29a4f7e38d30961ed4523', 'bc3f03a436240edba5f83714f6f677e34b37f9b1f0c08c1e558d981e279e8209']",[],1.0,0ffee3ba8e615ad22535e7f771690a28,303951d4c50efb2e991652225a6f02b1,,,4069.735771,10.0.2.15,61575,54.210.105.191,443,tcp,77.49491999999964,972.0,3178.0,SF,True,False,0,ShADadTFf,17,1667,18,3902,ssl,0
4071.896563,CVz8vq3XBp2OMhxOMe,10.0.2.15,61587,205.185.216.42,443,TLSv12,TLS_ECDHE_RSA_WITH_AES_128_GCM_SHA256,secp256r1,img.revcontent.com,False,True,CsxuknGIti,"['e29909b1c1715d830c883d99e7b3b62c157b0e615f1b77bba7ceda93a43a1063', '154c433c491929c5ef686e838e323664a00e6a0d822ccc958fb4dab03e49a08f']",[],1.0,0ffee3ba8e615ad22535e7f771690a28,a9f50de6377ae7c6dbaabc53f089ac30,,,4069.825444,10.0.2.15,61587,205.185.216.42,443,tcp,21.179029999999784,867.0,4197.0,SF,True,False,0,ShADadfF,10,1275,11,4641,ssl,0
4071.764259,CGvigL1kjafp071xJk,10.0.2.15,61571,207.244.73.12,443,,,,b1sync.zemanta.com,False,False,C,,,,0ffee3ba8e615ad22535e7f771690a28,,,,4069.712548,10.0.2.15,61571,207.244.73.12,443,tcp,2.226144000000204,195.0,0.0,SF,True,False,0,ShAfDaF,5,403,4,164,ssl,0
4082.525736,CNyX8E4xR2idvPXD0l,10.0.2.15,61590,54.200.64.177,443,TLSv12,TLS_ECDHE_RSA_WITH_AES_128_GCM_SHA256,secp256r1,rum.bodybuilding.com,False,True,CsxknGIti,"['aa28790bcffc78b1d4558bd27f8883a87ebaf287a4c7dfc411fdc4a46687ca84', '19400be5b7a31fb733917700789d2f0a2471c0c9d506c0e504c06c16d7cb17c0']",[],1.0,0ffee3ba8e615ad22535e7f771690a28,8d2a028aa94425f76ced7826b1f39039,h2,,4081.857069,10.0.2.15,61590,54.200.64.177,443,tcp,218.1320579999997,26658.0,3651.0,SF,True,False,0,ShADadFf,37,28146,38,5175,ssl,0
4097.828628,CNaixn3MFWugOUDG0j,10.0.2.15,61603,104.20.68.222,443,TLSv12,TLS_ECDHE_ECDSA_WITH_AES_128_GCM_SHA256,secp256r1,engine.spoutable.com,False,True,CsxknGIti,"['7e46feb6c3190ab1e9b698d5b18f763a79f9393bb85ac40ab35bf35dc731335c', 'cd6c108a0e641f2ca122aaa6d03f826759cae7c6f800eabf76dc48b67cd083ce', '9573862ac0b4b125168810ea3fd101ae2eb0bb15f61fc0e6da7a2a38b85a89e8']",[],1.0,0ffee3ba8e615ad22535e7f771690a28,2d1eb5817ece335c24904f516ad5da12,h2,,4093.206664,10.0.2.15,61603,104.20.68.222,443,tcp,10.168667999999798,534.0,3580.0,SF,True,False,0,ShADadFf,12,1022,13,4104,ssl,0
4097.830201,CpEXRRjUSvpfSoQ5a,10.0.2.15,61595,172.217.23.242,443,TLSv12,TLS_ECDHE_RSA_WITH_AES_128_GCM_SHA256,x25519,p4-han3kw7f2e6xc-3prlmsd74crbmgxs-853597-i2-v6exp3.ds.metric.gstatic.com,False,True,CsxknGIti,"['59d9e87262a9c88a1576543d3a28edb210fa88e1ad547b5435328e66e9e627c5', '9f630426df1d8abfd80ace98871ba833ab9742cb34838de2b5285ed54c0c7dcc', '3c35cc963eb004451323d3275d05b353235053490d9cd83729a2faf5e7ca1cc0']",[],1.0,0ffee3ba8e615ad22535e7f771690a28,ab41313cfec25328b20865eb1388e0a2,h2,,4089.779086,10.0.2.15,61595,172.217.23.242,443,tcp,214.304455,758.0,4079.0,SF,True,False,0,ShADadFf,21,1614,20,4883,ssl,0
4097.831349,CSI9c52WqPiogvnyq1,10.0.2.15,61594,172.217.23.242,443,TLSv12,TLS_ECDHE_RSA_WITH_AES_128_GCM_SHA256,x25519,p4-han3kw7f2e6xc-3prlmsd74crbmgxs-853597-i1-v6exp3.v4.metric.gstatic.com,False,True,CsxknGIti,"['18bd325b045ea2e10cdc78b94a26297aa187ec547f4a1d25b2436dfa96b2ee1e', '9f630426df1d8abfd80ace98871ba833ab9742cb34838de2b5285ed54c0c7dcc', '3c35cc963eb004451323d3275d05b353235053490d9cd83729a2faf5e7ca1cc0']",[],1.0,0ffee3ba8e615ad22535e7f771690a28,ab41313cfec25328b20865eb1388e0a2,h2,,4089.77851,10.0.2.15,61594,172.217.23.242,443,tcp,216.83254000000036,758.0,4079.0,SF,True,False,0,ShADadTFf,22,1655,21,4923,ssl,0
4097.832372,CzosYw3Gd5KO1Yik7,10.0.2.15,61593,104.94.54.111,443,TLSv12,TLS_ECDHE_RSA_WITH_AES_256_GCM_SHA384,secp256r1,common.bbcomcdn.com,False,True,CsxknGIti,"['4d67a6d33870fff50fa8086053fedca8f21d39c1fe2fa85a0f9b85649330cc29', '074541ecdf88ed992ed5ade3ecddef27a26ba1b44480a195c0a8dadae2521d8e']",[],1.0,0ffee3ba8e615ad22535e7f771690a28,2b33c1374db4ddf06942f92373c0b54b,h2,,4089.77669,10.0.2.15,61593,104.94.54.111,443,tcp,13.601946999999656,533.0,4414.0,SF,True,False,0,ShADadFfRr,14,1109,15,5018,ssl,0
4097.827633,Ck40Eo1OE7l8aW8rVc,10.0.2.15,61598,104.94.54.111,443,TLSv12,TLS_ECDHE_RSA_WITH_AES_256_GCM_SHA384,secp256r1,common.bbcomcdn.com,False,True,CsxknGIti,"['4d67a6d33870fff50fa8086053fedca8f21d39c1fe2fa85a0f9b85649330cc29', '074541ecdf88ed992ed5ade3ecddef27a26ba1b44480a195c0a8dadae2521d8e']",[],1.0,0ffee3ba8e615ad22535e7f771690a28,2b33c1374db4ddf06942f92373c0b54b,h2,,4089.781346,10.0.2.15,61598,104.94.54.111,443,tcp,13.604903999999353,533.0,4414.0,SF,True,False,0,ShADadFfRr,14,1109,14,4978,ssl,0
4100.379126,CwO3na3YHpg8qX2zPc,10.0.2.15,61602,52.201.6.213,443,TLSv12,TLS_ECDHE_RSA_WITH_AES_128_GCM_SHA256,,e2.spoutable.com,True,True,CsiI,,,,0ffee3ba8e615ad22535e7f771690a28,303951d4c50efb2e991652225a6f02b1,,,4093.150012,10.0.2.15,61602,52.201.6.213,443,tcp,20.93861199999992,307.0,176.0,RSTO,True,False,0,ShADadTFR,9,676,8,500,ssl,0
4100.595039,C4qoLm48DJIM7YdeOc,10.0.2.15,61599,52.86.55.109,443,TLSv12,TLS_ECDHE_RSA_WITH_AES_128_GCM_SHA256,,e0.spoutable.com,True,True,CsiI,,,,0ffee3ba8e615ad22535e7f771690a28,303951d4c50efb2e991652225a6f02b1,,,4093.144107,10.0.2.15,61599,52.86.55.109,443,tcp,21.555021000000124,307.0,176.0,RSTO,True,False,0,ShADadTFR,9,676,8,500,ssl,0
4100.595614,CRhOC43VoUdVJJngtb,10.0.2.15,61607,52.201.6.213,443,TLSv12,TLS_ECDHE_RSA_WITH_AES_128_GCM_SHA256,,e2.spoutable.com,True,True,CsiI,,,,0ffee3ba8e615ad22535e7f771690a28,303951d4c50efb2e991652225a6f02b1,,,4093.208924,10.0.2.15,61607,52.201.6.213,443,tcp,21.68379799999957,307.0,176.0,RSTO,True,False,0,ShADadTFR,9,676,8,500,ssl,0
4100.596448,CPFswcfk3WrDgotYh,10.0.2.15,61600,52.201.6.213,443,TLSv12,TLS_ECDHE_RSA_WITH_AES_128_GCM_SHA256,,e1.spoutable.com,True,True,CsiI,,,,0ffee3ba8e615ad22535e7f771690a28,303951d4c50efb2e991652225a6f02b1,,,4093.145207,10.0.2.15,61600,52.201.6.213,443,tcp,21.97721700000011,307.0,176.0,RSTO,True,False,0,ShADadTFR,9,676,8,500,ssl,0
4100.597314,CzRgqa3YtAzLryqjxk,10.0.2.15,61605,52.201.6.213,443,TLSv12,TLS_ECDHE_RSA_WITH_AES_128_GCM_SHA256,,e1.spoutable.com,True,True,CsiI,,,,0ffee3ba8e615ad22535e7f771690a28,303951d4c50efb2e991652225a6f02b1,,,4093.207546,10.0.2.15,61605,52.201.6.213,443,tcp,22.1418349999999,307.0,176.0,RSTO,True,False,0,ShADadTFR,9,676,8,500,ssl,0
4100.598374,C9sGpw2AxEq36BEJz,10.0.2.15,61604,52.86.55.109,443,TLSv12,TLS_ECDHE_RSA_WITH_AES_128_GCM_SHA256,,e0.spoutable.com,True,True,CsiI,,,,0ffee3ba8e615ad22535e7f771690a28,303951d4c50efb2e991652225a6f02b1,,,4093.207128,10.0.2.15,61604,52.86.55.109,443,tcp,22.42624799999976,307.0,176.0,SF,True,False,0,ShADadTFRfr,10,716,10,580,ssl,0
4100.27591,C8zt084L7xq9MMo0N1,10.0.2.15,61611,52.43.235.8,443,TLSv12,TLS_ECDHE_RSA_WITH_AES_128_GCM_SHA256,secp256r1,shavar.services.mozilla.com,False,True,CsxknGIi,"['ab0cab1d1d1157eb5dff0ea41cd6d1eeebf59d1f123042954c61ea78003457d0', '154c433c491929c5ef686e838e323664a00e6a0d822ccc958fb4dab03e49a08f']",[],1.0,0ffee3ba8e615ad22535e7f771690a28,303951d4c50efb2e991652225a6f02b1,,,4093.679681,10.0.2.15,61611,52.43.235.8,443,tcp,85.26190300000007,919.0,3396.0,SF,True,False,0,ShADadTFf,17,1613,18,4120,ssl,0
4100.602244,CqNjO53DB989D9wPQ4,10.0.2.15,61614,104.94.54.111,443,TLSv12,TLS_ECDHE_RSA_WITH_AES_256_GCM_SHA384,secp256r1,common.bbcomcdn.com,False,True,CsxknGIti,"['4d67a6d33870fff50fa8086053fedca8f21d39c1fe2fa85a0f9b85649330cc29', '074541ecdf88ed992ed5ade3ecddef27a26ba1b44480a195c0a8dadae2521d8e']",[],1.0,0ffee3ba8e615ad22535e7f771690a28,2b33c1374db4ddf06942f92373c0b54b,h2,,4097.772747,10.0.2.15,61614,104.94.54.111,443,tcp,11.849341000000097,533.0,4414.0,SF,True,False,0,ShADadFRfr,13,1061,14,4978,ssl,0
4102.629707,C255aW1GZIqR8OzJzg,10.0.2.15,61624,52.201.6.213,443,TLSv12,TLS_ECDHE_RSA_WITH_AES_128_GCM_SHA256,,e2.spoutable.com,True,True,CsiI,,,,0ffee3ba8e615ad22535e7f771690a28,303951d4c50efb2e991652225a6f02b1,,,4097.793531,10.0.2.15,61624,52.201.6.213,443,tcp,19.0779050000001,307.0,176.0,SF,True,False,0,ShADadTFRfr,10,716,10,580,ssl,0
4102.635017,CEOr4R3qSSXcsxs4Ok,10.0.2.15,61623,52.201.6.213,443,TLSv12,TLS_ECDHE_RSA_WITH_AES_128_GCM_SHA256,,e1.spoutable.com,True,True,CsiI,,,,0ffee3ba8e615ad22535e7f771690a28,303951d4c50efb2e991652225a6f02b1,,,4097.79239,10.0.2.15,61623,52.201.6.213,443,tcp,19.31644099999994,307.0,176.0,RSTO,True,False,0,ShADadTFR,9,676,8,500,ssl,0
4102.646581,CR2KUL3wWJ3it4YfHf,10.0.2.15,61621,52.201.6.213,443,TLSv12,TLS_ECDHE_RSA_WITH_AES_128_GCM_SHA256,,e2.spoutable.com,True,True,CsiI,,,,0ffee3ba8e615ad22535e7f771690a28,303951d4c50efb2e991652225a6f02b1,,,4097.791004,10.0.2.15,61621,52.201.6.213,443,tcp,19.516520000000128,307.0,176.0,RSTO,True,False,0,ShADadTFR,9,676,8,500,ssl,0
4102.653742,CGiWTEVcQKx2Y2ny,10.0.2.15,61620,52.201.6.213,443,TLSv12,TLS_ECDHE_RSA_WITH_AES_128_GCM_SHA256,,e1.spoutable.com,True,True,CsiI,,,,0ffee3ba8e615ad22535e7f771690a28,303951d4c50efb2e991652225a6f02b1,,,4097.790156,10.0.2.15,61620,52.201.6.213,443,tcp,19.80793900000026,307.0,176.0,SF,True,False,0,ShADadTFfRr,10,716,10,580,ssl,0
4102.593354,CQT3D21vGjsQiIB8Sa,10.0.2.15,61617,52.205.85.136,443,TLSv12,TLS_ECDHE_RSA_WITH_AES_128_GCM_SHA256,secp256r1,logx.optimizely.com,False,True,CsxknGIi,"['121e4a8079d4afed2206030ff5d65362176fc4cf1d6cdc37d83304cf705a5212', '19400be5b7a31fb733917700789d2f0a2471c0c9d506c0e504c06c16d7cb17c0']",[],1.0,0ffee3ba8e615ad22535e7f771690a28,303951d4c50efb2e991652225a6f02b1,,,4097.784286,10.0.2.15,61617,52.205.85.136,443,tcp,79.72725499999979,1762.0,3481.0,SF,True,False,0,ShADadTFf,19,2537,20,4285,ssl,0
4102.643456,CxC7hrDIOOaHis4M5,10.0.2.15,61622,54.210.105.191,443,TLSv12,TLS_ECDHE_RSA_WITH_AES_128_GCM_SHA256,secp256r1,e0.spoutable.com,False,True,CsxknGIi,"['26caef13d7cf5904b4d719b7077228efa87824105cf29a4f7e38d30961ed4523', 'bc3f03a436240edba5f83714f6f677e34b37f9b1f0c08c1e558d981e279e8209']",[],1.0,0ffee3ba8e615ad22535e7f771690a28,303951d4c50efb2e991652225a6f02b1,,,4097.791549,10.0.2.15,61622,54.210.105.191,443,tcp,24.4807950000004,350.0,2688.0,SF,True,False,0,ShADadTFfRr,11,799,12,3172,ssl,0
4102.659266,CakkUMDIprwIDLD52,10.0.2.15,61619,54.210.105.191,443,TLSv12,TLS_ECDHE_RSA_WITH_AES_128_GCM_SHA256,secp256r1,e0.spoutable.com,False,True,CsxknGIi,"['26caef13d7cf5904b4d719b7077228efa87824105cf29a4f7e38d30961ed4523', 'bc3f03a436240edba5f83714f6f677e34b37f9b1f0c08c1e558d981e279e8209']",[],1.0,0ffee3ba8e615ad22535e7f771690a28,303951d4c50efb2e991652225a6f02b1,,,4097.789535,10.0.2.15,61619,54.210.105.191,443,tcp,24.069284000000152,350.0,2688.0,RSTO,True,False,0,ShADadTFR,10,759,10,3092,ssl,0
4102.663878,Cjc62Y2K3YEjf7KZV9,10.0.2.15,61618,23.21.80.94,443,TLSv12,TLS_ECDHE_RSA_WITH_AES_128_GCM_SHA256,secp256r1,7535242280.log.optimizely.com,False,True,CsxknGIi,"['720a04382d93aa8932b95cc755b9fbaab1b6a01d85399736cf4d5a4607e41172', '19400be5b7a31fb733917700789d2f0a2471c0c9d506c0e504c06c16d7cb17c0', '7431e5f4c3c1ce4690774f0b61e05440883ba9a01ed00ba6abd7806ed3b118cf']",[],1.0,0ffee3ba8e615ad22535e7f771690a28,303951d4c50efb2e991652225a6f02b1,,,4097.788974,10.0.2.15,61618,23.21.80.94,443,tcp,27.256975999999668,363.0,4105.0,SF,True,False,0,ShADadTFfRr,13,893,14,4669,ssl,0
4102.687994,CMPx7F4nMAHMxPuH1d,10.0.2.15,61626,52.43.235.8,443,TLSv12,TLS_ECDHE_RSA_WITH_AES_128_GCM_SHA256,secp256r1,shavar.services.mozilla.com,False,True,CsxknGIi,"['ab0cab1d1d1157eb5dff0ea41cd6d1eeebf59d1f123042954c61ea78003457d0', '154c433c491929c5ef686e838e323664a00e6a0d822ccc958fb4dab03e49a08f']",[],1.0,0ffee3ba8e615ad22535e7f771690a28,303951d4c50efb2e991652225a6f02b1,,,4097.797686,10.0.2.15,61626,52.43.235.8,443,tcp,26.59931299999971,361.0,3157.0,SF,True,False,0,ShADadTFRfr,13,891,15,3761,ssl,0
4103.151683,CdQAAIO9GKZ0JbQQ9,10.0.2.15,61631,34.196.130.55,443,TLSv12,TLS_ECDHE_RSA_WITH_AES_128_GCM_SHA256,secp256r1,embed.air.tv,False,True,CsxknGIti,"['14a91f7b1e505b96e259a8b76a773ad01ffef05e5a110465b43fe1a93ea20ee8', '02ab57e4e67a0cb48dd2ff34830e8ac40f4476fb08ca6be3f5cd846f646840f0', '4f32d5dc00f715250abcc486511e37f501a899deb3bf7ea8adbbd3aef1c412da']",[],1.0,0ffee3ba8e615ad22535e7f771690a28,8d2a028aa94425f76ced7826b1f39039,h2,,4100.253422,10.0.2.15,61631,34.196.130.55,443,tcp,211.785527,952.0,6469.0,SF,True,False,0,ShADadTFf,22,1841,25,7473,ssl,0
4103.152752,C27gWj3MWjP17Aoi2h,10.0.2.15,61630,23.21.80.94,443,TLSv12,TLS_ECDHE_RSA_WITH_AES_128_GCM_SHA256,secp256r1,7535242280.log.optimizely.com,False,True,CsxknGIi,"['720a04382d93aa8932b95cc755b9fbaab1b6a01d85399736cf4d5a4607e41172', '19400be5b7a31fb733917700789d2f0a2471c0c9d506c0e504c06c16d7cb17c0', '7431e5f4c3c1ce4690774f0b61e05440883ba9a01ed00ba6abd7806ed3b118cf']",[],1.0,0ffee3ba8e615ad22535e7f771690a28,303951d4c50efb2e991652225a6f02b1,,,4100.251372,10.0.2.15,61630,23.21.80.94,443,tcp,25.80189400000017,363.0,4105.0,RSTO,True,False,0,ShADadTFR,12,853,12,4589,ssl,0
4103.153643,CuYMTw4mRywWpBg3Rd,10.0.2.15,61629,52.205.85.136,443,TLSv12,TLS_ECDHE_RSA_WITH_AES_128_GCM_SHA256,secp256r1,logx.optimizely.com,False,True,CsxknGIi,"['121e4a8079d4afed2206030ff5d65362176fc4cf1d6cdc37d83304cf705a5212', '19400be5b7a31fb733917700789d2f0a2471c0c9d506c0e504c06c16d7cb17c0']",[],1.0,0ffee3ba8e615ad22535e7f771690a28,303951d4c50efb2e991652225a6f02b1,,,4100.24988,10.0.2.15,61629,52.205.85.136,443,tcp,25.98855099999946,353.0,3148.0,RSTO,True,False,0,ShADadTFR,12,843,12,3632,ssl,0
4100.283199,CM2Ye14g4NPzcjfXvj,10.0.2.15,61610,205.185.216.42,443,,,,img.revcontent.com,False,False,C,,,,1a5fe5677b0e4fbbc854e8908225637d,,,,4093.601458,10.0.2.15,61610,205.185.216.42,443,tcp,7.00166100000024,517.0,0.0,SF,True,False,0,ShAfDaF,5,725,4,164,ssl,0
4100.281791,CZMF9p17vHnfkZRWVd,10.0.2.15,61612,205.185.216.42,443,,,,img.revcontent.com,False,False,C,,,,1a5fe5677b0e4fbbc854e8908225637d,,,,4094.242523,10.0.2.15,61612,205.185.216.42,443,tcp,6.36131800000021,517.0,0.0,SF,True,False,0,ShAfDaF,5,725,4,164,ssl,0
4100.280547,CCAc2H3hnjeljgH9H4,10.0.2.15,61613,205.185.216.42,443,,,,img.revcontent.com,False,False,C,,,,1a5fe5677b0e4fbbc854e8908225637d,,,,4094.243463,10.0.2.15,61613,205.185.216.42,443,tcp,6.360861000000114,517.0,0.0,SF,True,False,0,ShAfDaF,5,725,4,164,ssl,0
4102.668986,C20l5n4VCPCTpN24ad,10.0.2.15,61628,205.185.216.42,443,,,,img.revcontent.com,False,False,C,,,,1a5fe5677b0e4fbbc854e8908225637d,,,,4097.801547,10.0.2.15,61628,205.185.216.42,443,tcp,18.191281999999774,517.0,0.0,SF,True,False,0,ShADafTF,6,766,5,204,ssl,0
4102.683711,CC2HMA4rAuTeFAlOt5,10.0.2.15,61627,205.185.216.42,443,,,,img.revcontent.com,False,False,C,,,,1a5fe5677b0e4fbbc854e8908225637d,,,,4097.80042,10.0.2.15,61627,205.185.216.42,443,tcp,18.44679400000041,517.0,0.0,SF,True,False,0,ShADafTF,6,766,5,204,ssl,0
4102.704557,CspkK02xKIPUYZyGfj,10.0.2.15,61625,205.185.216.42,443,,,,img.revcontent.com,False,False,C,,,,1a5fe5677b0e4fbbc854e8908225637d,,,,4097.796375,10.0.2.15,61625,205.185.216.42,443,tcp,18.70171399999981,517.0,0.0,SF,True,False,0,ShADafTF,6,766,5,204,ssl,0
4128.150986,CBXyDFlxaHjjJ5Ewa,10.0.2.15,61649,52.17.44.160,443,TLSv12,TLS_ECDHE_RSA_WITH_AES_128_GCM_SHA256,secp256r1,apex.go.sonobi.com,False,True,CsxknGIi,"['e29320cc54226aee4e56a43ee6fa79b553ecc35d18a9349c38a98f6d62047255', '973a41276ffd01e027a2aad49e34c37846d3e976ff6a620b6712e33832041aa6', '3a2fbe92891e57fe05d57087f48e730f17e5a5f53ef403d618e5b74d7a7e6ecb', 'c3846bf24b9e93ca64274c0ec67c1ecc5e024ffcacd2d74019350e81fe546ae4']",[],1.0,0ffee3ba8e615ad22535e7f771690a28,303951d4c50efb2e991652225a6f02b1,,,4127.129034,10.0.2.15,61649,52.17.44.160,443,tcp,19.48968700000023,1221.0,5298.0,SF,True,False,0,ShADadfF,11,1669,12,5782,ssl,0
4132.131212,CmYQBA2ncV8YV2O0va,10.0.2.15,61651,205.185.216.42,443,TLSv12,TLS_ECDHE_RSA_WITH_AES_128_GCM_SHA256,secp256r1,app-cdn.spot.im,False,True,CsxuknGIti,"['fe120c647350355b3733d88baa75b56c63195f2c8edebe5d47567ca30e46b5e7', '02ab57e4e67a0cb48dd2ff34830e8ac40f4476fb08ca6be3f5cd846f646840f0', '4f32d5dc00f715250abcc486511e37f501a899deb3bf7ea8adbbd3aef1c412da']",[],1.0,0ffee3ba8e615ad22535e7f771690a28,a9f50de6377ae7c6dbaabc53f089ac30,,,4130.708055,10.0.2.15,61651,205.185.216.42,443,tcp,16.148543000000245,703.0,5497.0,SF,True,False,0,ShADadfF,10,1111,12,5981,ssl,0
4133.842304,CtsuNQ2jFXZAIQCA9j,10.0.2.15,61661,95.100.185.157,443,TLSv12,TLS_ECDHE_RSA_WITH_AES_256_GCM_SHA384,,s.adroll.com,True,True,CsiI,,,,1a5fe5677b0e4fbbc854e8908225637d,410b9bedaf65dd26c6fe547154d60db4,http/1.1,,4132.183945,10.0.2.15,61661,95.100.185.157,443,tcp,4.036034000000654,1021.0,636.0,RSTO,True,False,0,ShADadFR,10,1429,9,1000,ssl,0
4133.842548,CySD1l2FgDFTU70tA,10.0.2.15,61660,63.140.56.201,443,TLSv12,TLS_ECDHE_RSA_WITH_AES_256_GCM_SHA384,,s.bodybuilding.com,True,True,CsiI,,,,0ffee3ba8e615ad22535e7f771690a28,28ef90cc3d9d08c96a8a2cb6f365a79e,,,4132.170163,10.0.2.15,61660,63.140.56.201,443,tcp,4.200246000000334,2670.0,809.0,SF,True,False,0,ShADadFf,10,3078,10,1213,ssl,0
4134.185186,Cx6i3e3qyHKlHFZUe8,10.0.2.15,61658,50.16.206.226,443,TLSv12,TLS_ECDHE_RSA_WITH_AES_128_GCM_SHA256,,hn.inspectlet.com,True,True,CsiI,,,,0ffee3ba8e615ad22535e7f771690a28,303951d4c50efb2e991652225a6f02b1,,,4132.168457,10.0.2.15,61658,50.16.206.226,443,tcp,4.135795000000144,1816.0,660.0,SF,True,False,0,ShADadFRfr,12,2304,12,1144,ssl,0
4134.741621,CnB5Ui1pRd8U0AvuB4,10.0.2.15,61655,216.58.201.66,443,TLSv12,TLS_ECDHE_RSA_WITH_AES_128_GCM_SHA256,,googleads.g.doubleclick.net,True,True,CsiI,,,,1a5fe5677b0e4fbbc854e8908225637d,67619a80665d7ab92d1041b1d11f9164,h2,,4132.145638,10.0.2.15,61655,216.58.201.66,443,tcp,11.88951300000008,1490.0,1516.0,SF,True,False,0,ShADadFf,15,2098,17,2200,ssl,0
4133.842233,CMG7JL2mmBdy4fwhx4,10.0.2.15,61662,104.16.26.35,443,TLSv12,TLS_ECDHE_RSA_WITH_AES_128_GCM_SHA256,secp256r1,s7.addthis.com,False,True,CsxuknGIti,"['2a7d536a35fd2aa422b5d3f15213e933f90355cf5e488a23d2ba9d2dc36ac69f', '154c433c491929c5ef686e838e323664a00e6a0d822ccc958fb4dab03e49a08f']",[],1.0,0ffee3ba8e615ad22535e7f771690a28,76cc3e2d3028143b23ec18e27dbd7ca9,h2,,4132.185891,10.0.2.15,61662,104.16.26.35,443,tcp,7.797300999999607,317.0,3735.0,RSTO,True,False,0,ShADadR,8,645,7,4019,ssl,0
4133.838619,CsHYxh4xv1xmr2f107,10.0.2.15,61663,188.125.66.33,443,TLSv12,TLS_ECDHE_RSA_WITH_AES_128_GCM_SHA256,secp256r1,sp.analytics.yahoo.com,False,True,CsxknGIti,"['a42bd5146a3d4010979322f493ea1cf3e1ba9033d64ae699935e6a6ad96bd3c4', '19400be5b7a31fb733917700789d2f0a2471c0c9d506c0e504c06c16d7cb17c0']",[],1.0,1a5fe5677b0e4fbbc854e8908225637d,b898351eb5e266aefd3723d466935494,http/1.1,,4132.187959,10.0.2.15,61663,188.125.66.33,443,tcp,7.848555000000488,643.0,4002.0,SF,True,False,0,ShADadFf,9,1011,9,4366,ssl,0
4141.648094,CzQU3oPChzch93yB3,10.0.2.15,61664,151.101.112.249,443,TLSv12,TLS_ECDHE_RSA_WITH_AES_128_GCM_SHA256,secp256r1,airtv-assets.global.ssl.fastly.net,False,True,CsxuknGIti,"['ca5c57bee6ab21c055dcdbe8ad25feef6d1764a92e2aaaadb5d55fb667c3f8ac', '19400be5b7a31fb733917700789d2f0a2471c0c9d506c0e504c06c16d7cb17c0']",[],1.0,0ffee3ba8e615ad22535e7f771690a28,860fcf58fd757e26aa8911e5eaff6b53,http/1.1,,4140.586634,10.0.2.15,61664,151.101.112.249,443,tcp,151.34951199999978,723.0,14448.0,SF,True,False,0,ShADadTTFfRr,29,1905,36,15892,ssl,0
4147.050214,CeiEtPCwUStIVddhc,10.0.2.15,61669,77.245.58.158,443,TLSv12,TLS_ECDHE_RSA_WITH_AES_128_GCM_SHA256,,exchange.nativeads.com,True,True,CsiI,,,,1a5fe5677b0e4fbbc854e8908225637d,fbe78c619e7ea20046131294ad087f05,,,4146.627734,10.0.2.15,61669,77.245.58.158,443,tcp,6.324924999999894,1058.0,447.0,SF,True,False,0,ShADadfF,8,1386,9,811,ssl,0
4147.052863,CQIXyO2g1tN74Sj0d9,10.0.2.15,61666,185.29.135.226,443,TLSv12,TLS_ECDHE_RSA_WITH_AES_128_GCM_SHA256,secp256r1,sync.mathtag.com,False,True,CsxknGIti,"['82e454f53aa3be8b62d47779e364161287a2de0a1ce9e3b37243ae64bd7d7906', '154c433c491929c5ef686e838e323664a00e6a0d822ccc958fb4dab03e49a08f']",[],1.0,0ffee3ba8e615ad22535e7f771690a28,389ed42c02ebecc32e73aa31def07e14,,,4146.624803,10.0.2.15,61666,185.29.135.226,443,tcp,524.0644440000005,2830.0,4208.0,SF,True,False,0,ShADadTTfF,63,5408,64,6772,ssl,0
4147.05535,Ch7xbI1OoV476VjSn8,10.0.2.15,61665,52.49.54.204,443,TLSv12,TLS_ECDHE_RSA_WITH_AES_128_GCM_SHA256,secp256r1,match.prod.bidr.io,False,True,CsxknGIi,"['de0cc5af811bfadeb36828567fe71a18a6954c86094bf57dfd5bc1943736afc7', 'f55f9ffcb83c73453261601c7e044db15a0f034b93c05830f28635ef889cf670', '87dcd4dc74640a322cd205552506d1be64f12596258096544986b4850bc72706', '28689b30e4c306aab53b027b29e36ad6dd1dcf4b953994482ca84bdc1ecac996']",[],1.0,0ffee3ba8e615ad22535e7f771690a28,303951d4c50efb2e991652225a6f02b1,,,4146.623795,10.0.2.15,61665,52.49.54.204,443,tcp,14.33223799999996,706.0,5103.0,SF,True,False,0,ShADadfF,11,1154,12,5587,ssl,0
4147.051307,ClGSnV2NwddvGHcSZf,10.0.2.15,61668,95.101.241.120,443,TLSv12,TLS_ECDHE_RSA_WITH_AES_256_GCM_SHA384,secp256r1,ads.pubmatic.com,False,True,CsxknGIti,"['d464b8ef5b3f58be694a4a3ec8e52a16de178bc251a34230d731ec125fd0363c', 'eae72eb454bf6c3977ebd289e970b2f5282949190093d0d26f98d0f0d6a9cf17', '8420dfbe376f414bf4c0a81e6936d24ccc03f304835b86c7a39142fca723a689']",[],1.0,0ffee3ba8e615ad22535e7f771690a28,2b33c1374db4ddf06942f92373c0b54b,http/1.1,,4146.626979,10.0.2.15,61668,95.101.241.120,443,tcp,145.32268000000022,9403.0,18286.0,SF,True,False,0,ShADadTTFfRr,36,10863,44,20050,ssl,0
4147.051901,CtRCrOa64UWhJw8B8,10.0.2.15,61667,151.101.112.166,443,TLSv12,TLS_ECDHE_RSA_WITH_AES_128_GCM_SHA256,secp256r1,bh.contextweb.com,False,True,CsxuknGIti,"['831b01fd1e24bda39d84f6adf05066d12baf322e5eeb2e7e89b1efb180f8b3b4', '154c433c491929c5ef686e838e323664a00e6a0d822ccc958fb4dab03e49a08f']",[],1.0,0ffee3ba8e615ad22535e7f771690a28,860fcf58fd757e26aa8911e5eaff6b53,http/1.1,,4146.625782,10.0.2.15,61667,151.101.112.166,443,tcp,155.75301299999956,1914.0,6097.0,RSTO,True,False,0,ShADadTTFR,28,3056,29,7261,ssl,0
4150.702205,C7cF1w2kXaKII2YCoc,10.0.2.15,57243,172.217.23.226,443,TLSv12,TLS_ECDHE_RSA_WITH_AES_128_GCM_SHA256,,securepubads.g.doubleclick.net,True,True,CsiI,,,,1a5fe5677b0e4fbbc854e8908225637d,67619a80665d7ab92d1041b1d11f9164,h2,,4150.23549,10.0.2.15,57243,172.217.23.226,443,tcp,142.23605399999997,11982.0,53836.0,SF,True,False,0,ShADadFf,77,15070,114,58400,ssl,0
4152.400277,C8Y1U6QSapp8DDyfl,10.0.2.15,57245,52.17.44.160,443,TLSv12,TLS_ECDHE_RSA_WITH_AES_128_GCM_SHA256,,apex.go.sonobi.com,True,True,CsiI,,,,0ffee3ba8e615ad22535e7f771690a28,303951d4c50efb2e991652225a6f02b1,,,4151.068517,10.0.2.15,57245,52.17.44.160,443,tcp,8.995075000000725,1178.0,1895.0,SF,True,False,0,ShADadFf,10,1586,10,2299,ssl,0
4155.098139,CDd93ov7LwIX5Quah,10.0.2.15,57246,205.185.216.42,443,TLSv12,TLS_ECDHE_RSA_WITH_AES_128_GCM_SHA256,,app-cdn.spot.im,True,True,CsiI,,,,1a5fe5677b0e4fbbc854e8908225637d,c6227321ea7621862dc7b7351771a62c,,,4154.274931,10.0.2.15,57246,205.185.216.42,443,tcp,10.103611999999885,953.0,858106.0,SF,True,False,0,ShADadWfF,188,8481,736,887550,ssl,0
4155.764414,CNA78o2k9YVXROk0ve,10.0.2.15,57247,46.137.109.36,443,TLSv12,TLS_ECDHE_RSA_WITH_AES_128_GCM_SHA256,secp256r1,beacon.krxd.net,False,True,CsxknGIi,"['801848f55bb97f055d1e2f3f6c8094cf12d7b6285a7ed7c20bf39440c6cb5f8e', '973a41276ffd01e027a2aad49e34c37846d3e976ff6a620b6712e33832041aa6', '3a2fbe92891e57fe05d57087f48e730f17e5a5f53ef403d618e5b74d7a7e6ecb', 'c3846bf24b9e93ca64274c0ec67c1ecc5e024ffcacd2d74019350e81fe546ae4']",[],1.0,0ffee3ba8e615ad22535e7f771690a28,303951d4c50efb2e991652225a6f02b1,,,4155.10119,10.0.2.15,57247,46.137.109.36,443,tcp,9.979049999999916,739.0,5273.0,SF,True,False,0,ShADadfF,11,1187,12,5757,ssl,0
4161.961238,CxpQJ6w3l7QNdLqKa,10.0.2.15,57251,35.157.236.22,443,TLSv12,TLS_ECDHE_RSA_WITH_AES_128_GCM_SHA256,secp256r1,i.w55c.net,False,True,CsxknGIi,"['0bd7d69c79989e5e7b2c423a48d41a2811a16dcd05e5951d2ede09e59583579d', 'd9e0c64ab27a64d79cccf42a34ec75a251a7e543353c19e984a70eb2f546cdff']",[],1.0,0ffee3ba8e615ad22535e7f771690a28,303951d4c50efb2e991652225a6f02b1,,,4160.543848,10.0.2.15,57251,35.157.236.22,443,tcp,69.46450999999979,1061.0,3700.0,SF,True,False,0,ShADadTFf,17,1755,19,4464,ssl,0
4161.978491,CBBeKg2xONPyXnEgVj,10.0.2.15,57252,46.137.109.36,443,TLSv12,TLS_ECDHE_RSA_WITH_AES_128_GCM_SHA256,,beacon.krxd.net,True,True,CsiI,,,,0ffee3ba8e615ad22535e7f771690a28,303951d4c50efb2e991652225a6f02b1,,,4161.454824,10.0.2.15,57252,46.137.109.36,443,tcp,7.586959999999635,1928.0,707.0,SF,True,False,0,ShADadFf,11,2376,10,1111,ssl,0
4161.968055,Ch33214Yb3aiYttC38,10.0.2.15,57248,35.157.236.22,443,TLSv12,TLS_ECDHE_RSA_WITH_AES_128_GCM_SHA256,secp256r1,i.w55c.net,False,True,CsxknGIi,"['0bd7d69c79989e5e7b2c423a48d41a2811a16dcd05e5951d2ede09e59583579d', 'd9e0c64ab27a64d79cccf42a34ec75a251a7e543353c19e984a70eb2f546cdff']",[],1.0,0ffee3ba8e615ad22535e7f771690a28,303951d4c50efb2e991652225a6f02b1,,,4160.532742,10.0.2.15,57248,35.157.236.22,443,tcp,10.296462999999676,344.0,3034.0,SF,True,False,0,ShADadFfRr,11,792,12,3518,ssl,0
4161.962554,CSYK0D17dWFSK4wFtc,10.0.2.15,57250,107.22.241.77,443,TLSv12,TLS_ECDHE_RSA_WITH_AES_128_GCM_SHA256,secp256r1,usermatch.krxd.net,False,True,CsxknGIi,"['801848f55bb97f055d1e2f3f6c8094cf12d7b6285a7ed7c20bf39440c6cb5f8e', '973a41276ffd01e027a2aad49e34c37846d3e976ff6a620b6712e33832041aa6', '3a2fbe92891e57fe05d57087f48e730f17e5a5f53ef403d618e5b74d7a7e6ecb', 'c3846bf24b9e93ca64274c0ec67c1ecc5e024ffcacd2d74019350e81fe546ae4']",[],1.0,0ffee3ba8e615ad22535e7f771690a28,303951d4c50efb2e991652225a6f02b1,,,4160.540177,10.0.2.15,57250,107.22.241.77,443,tcp,69.7692649999999,703.0,5663.0,SF,True,False,0,ShADadTFf,16,1356,19,6427,ssl,0
4161.96352,CU7iNtfO0LUUSx0v2,10.0.2.15,57249,52.3.65.55,443,TLSv12,TLS_ECDHE_RSA_WITH_AES_128_GCM_SHA256,secp256r1,idsync.rlcdn.com,False,True,CsxknGIi,"['7c75ac9ac997d5af7e63eee4070015e373d07d15fa206505a14434fb86a90686', '973a41276ffd01e027a2aad49e34c37846d3e976ff6a620b6712e33832041aa6', '3a2fbe92891e57fe05d57087f48e730f17e5a5f53ef403d618e5b74d7a7e6ecb', 'c3846bf24b9e93ca64274c0ec67c1ecc5e024ffcacd2d74019350e81fe546ae4']",[],1.0,0ffee3ba8e615ad22535e7f771690a28,303951d4c50efb2e991652225a6f02b1,,,4160.535357,10.0.2.15,57249,52.3.65.55,443,tcp,70.53547299999991,1383.0,6437.0,SF,True,False,0,ShADadTFf,18,2117,20,7241,ssl,0
4161.98017,Cs5qAW3bJER26HPOG5,10.0.2.15,57258,77.245.58.158,443,TLSv12,TLS_ECDHE_RSA_WITH_AES_128_GCM_SHA256,secp256r1,sync.adkernel.com,False,True,CsxknGIti,"['b258160ee8a390fa29cc88145213fb619b33a7da383e07b34f63e3269b82554d', '02ab57e4e67a0cb48dd2ff34830e8ac40f4476fb08ca6be3f5cd846f646840f0', '4f32d5dc00f715250abcc486511e37f501a899deb3bf7ea8adbbd3aef1c412da']",[],1.0,0ffee3ba8e615ad22535e7f771690a28,389ed42c02ebecc32e73aa31def07e14,,,4161.462033,10.0.2.15,57258,77.245.58.158,443,tcp,11.090395000000171,890.0,5935.0,SF,True,False,0,ShADadfF,10,1298,12,6419,ssl,0
4163.942184,C0aaYt3OzmnviQ0M72,10.0.2.15,57259,176.58.115.42,443,TLSv12,TLS_ECDHE_RSA_WITH_AES_128_GCM_SHA256,secp256r1,thor.rtk.io,False,True,CsxknGIti,"['8733a527d9e53792b15203e4150cd9453730fc058567b3f2d7b3105cf9726093', '02ab57e4e67a0cb48dd2ff34830e8ac40f4476fb08ca6be3f5cd846f646840f0', '4f32d5dc00f715250abcc486511e37f501a899deb3bf7ea8adbbd3aef1c412da', '687fa451382278fff0c8b11f8d43d576671c6eb2bceab413fb83d965d06d2ff2']",[],1.0,0ffee3ba8e615ad22535e7f771690a28,ccc514751b175866924439bdbb5bba34,,,4162.723149,10.0.2.15,57259,176.58.115.42,443,tcp,73.77646999999979,746.0,6407.0,SF,True,False,0,ShADadTfF,18,1480,22,7291,ssl,0
4163.947163,Cxwqh53VFd7TRlNh04,10.0.2.15,57260,176.58.115.42,443,TLSv12,TLS_ECDHE_RSA_WITH_AES_128_GCM_SHA256,secp256r1,thor.rtk.io,False,True,CsxknGIti,"['8733a527d9e53792b15203e4150cd9453730fc058567b3f2d7b3105cf9726093', '02ab57e4e67a0cb48dd2ff34830e8ac40f4476fb08ca6be3f5cd846f646840f0', '4f32d5dc00f715250abcc486511e37f501a899deb3bf7ea8adbbd3aef1c412da', '687fa451382278fff0c8b11f8d43d576671c6eb2bceab413fb83d965d06d2ff2']",[],1.0,0ffee3ba8e615ad22535e7f771690a28,ccc514751b175866924439bdbb5bba34,,,4162.725119,10.0.2.15,57260,176.58.115.42,443,tcp,73.775036,790.0,6407.0,SF,True,False,0,ShADadTfF,18,1524,22,7291,ssl,0
4167.666219,CUeS7r3jphxg6cfxpl,10.0.2.15,57261,52.49.54.204,443,TLSv12,TLS_ECDHE_RSA_WITH_AES_128_GCM_SHA256,,match.prod.bidr.io,True,True,CsiI,,,,0ffee3ba8e615ad22535e7f771690a28,303951d4c50efb2e991652225a6f02b1,,,4166.940302,10.0.2.15,57261,52.49.54.204,443,tcp,7.690480999999636,663.0,632.0,SF,True,False,0,ShADadFf,9,1031,9,996,ssl,0
4170.805651,CQuKxc35b8kpliunUe,10.0.2.15,57262,46.137.109.36,443,TLSv12,TLS_ECDHE_RSA_WITH_AES_128_GCM_SHA256,,beacon.krxd.net,True,True,CsiI,,,,0ffee3ba8e615ad22535e7f771690a28,303951d4c50efb2e991652225a6f02b1,,,4170.475143,10.0.2.15,57262,46.137.109.36,443,tcp,6.956877000000532,696.0,712.0,SF,True,False,0,ShADadFf,10,1104,9,1076,ssl,0
4172.924591,C5aPji3ybWMkpOUgl,10.0.2.15,57273,109.74.192.93,443,TLSv12,TLS_ECDHE_RSA_WITH_AES_128_GCM_SHA256,secp256r1,thor.rtk.io,False,True,CsxknGIti,"['8733a527d9e53792b15203e4150cd9453730fc058567b3f2d7b3105cf9726093', '02ab57e4e67a0cb48dd2ff34830e8ac40f4476fb08ca6be3f5cd846f646840f0', '4f32d5dc00f715250abcc486511e37f501a899deb3bf7ea8adbbd3aef1c412da', '687fa451382278fff0c8b11f8d43d576671c6eb2bceab413fb83d965d06d2ff2']",[],1.0,0ffee3ba8e615ad22535e7f771690a28,ccc514751b175866924439bdbb5bba34,,,4171.7193,10.0.2.15,57273,109.74.192.93,443,tcp,73.8601349999999,869.0,6407.0,SF,True,False,0,ShADadTfF,18,1603,22,7291,ssl,0
4173.259318,C9uiO4xuKNHi3TuZb,10.0.2.15,57269,217.12.15.83,443,TLSv12,TLS_ECDHE_RSA_WITH_AES_128_GCM_SHA256,secp256r1,ads.yahoo.com,False,True,CsxknGIti,"['aaab982de106f191dd3d06d3f44eada0b8a2b0a6692636e9ff628a677f3eb65c', 'eae72eb454bf6c3977ebd289e970b2f5282949190093d0d26f98d0f0d6a9cf17']",[],1.0,1a5fe5677b0e4fbbc854e8908225637d,389ed42c02ebecc32e73aa31def07e14,,,4171.714503,10.0.2.15,57269,217.12.15.83,443,tcp,25.201146999999764,1169.0,4227.0,SF,True,False,0,ShADadTfF,12,1658,13,4751,ssl,0
4173.26097,CF2vZo1pczhgVUmkCe,10.0.2.15,57268,172.227.15.86,443,TLSv12,TLS_ECDHE_RSA_WITH_AES_256_GCM_SHA384,secp256r1,www.nordstromrack.com,False,True,CsxknGIti,"['e611ba3427937a600adb9847ae86e0c29957ed0a2e60d7992cb9ab92567cc4ab', 'eae72eb454bf6c3977ebd289e970b2f5282949190093d0d26f98d0f0d6a9cf17', '8420dfbe376f414bf4c0a81e6936d24ccc03f304835b86c7a39142fca723a689']",[],1.0,0ffee3ba8e615ad22535e7f771690a28,2b33c1374db4ddf06942f92373c0b54b,http/1.1,,4171.713573,10.0.2.15,57268,172.227.15.86,443,tcp,216.38096700000008,7166.0,287941.0,SF,True,False,0,ShADadTTFfRr,126,12231,313,300465,ssl,0
4173.26313,CA1oQm28oPEssncYhg,10.0.2.15,57267,95.100.165.226,443,TLSv12,TLS_ECDHE_RSA_WITH_AES_256_GCM_SHA384,secp256r1,www.spot.im,False,True,CsxknGIti,"['7d1c2aaa5a8aa4f8976b572c0d91a577a55692d5259d6806ece7b05835553495', 'ea4e5d2b9c99560f13dd094b8121a623bfdd902038dfd6d772ce32ffabec094d']",[],1.0,0ffee3ba8e615ad22535e7f771690a28,2b33c1374db4ddf06942f92373c0b54b,http/1.1,,4171.711962,10.0.2.15,57267,95.100.165.226,443,tcp,134.4190579999995,867.0,5419.0,RSTO,True,False,0,ShADadTTFR,24,1847,26,6463,ssl,0
4182.767564,Ci2nSx1yBeK7kFSPNf,10.0.2.15,57275,104.155.1.19,443,TLSv12,TLS_ECDHE_RSA_WITH_AES_128_GCM_SHA256,secp256r1,x.bidswitch.net,False,True,CsxknGIti,"['6710fb217b2e1c9d2a9394e53e369972943bb04823ae76a38f0ed2d28ac778a4', '02ab57e4e67a0cb48dd2ff34830e8ac40f4476fb08ca6be3f5cd846f646840f0', '4f32d5dc00f715250abcc486511e37f501a899deb3bf7ea8adbbd3aef1c412da', '687fa451382278fff0c8b11f8d43d576671c6eb2bceab413fb83d965d06d2ff2']",[],1.0,0ffee3ba8e615ad22535e7f771690a28,ccc514751b175866924439bdbb5bba34,,,4181.306562,10.0.2.15,57275,104.155.1.19,443,tcp,71.27667500000007,830.0,6525.0,SF,True,False,0,ShADadTfF,17,1524,20,7329,ssl,0
4182.769456,Cu2TKY1zFzmCLZqLa7,10.0.2.15,57283,104.155.1.19,443,TLSv12,TLS_ECDHE_RSA_WITH_AES_128_GCM_SHA256,secp256r1,x.bidswitch.net,False,True,CsxknGIti,"['6710fb217b2e1c9d2a9394e53e369972943bb04823ae76a38f0ed2d28ac778a4', '02ab57e4e67a0cb48dd2ff34830e8ac40f4476fb08ca6be3f5cd846f646840f0', '4f32d5dc00f715250abcc486511e37f501a899deb3bf7ea8adbbd3aef1c412da', '687fa451382278fff0c8b11f8d43d576671c6eb2bceab413fb83d965d06d2ff2']",[],1.0,0ffee3ba8e615ad22535e7f771690a28,ccc514751b175866924439bdbb5bba34,,,4181.324712,10.0.2.15,57283,104.155.1.19,443,tcp,9.177723000000697,349.0,6094.0,SF,True,False,0,ShADadFf,10,757,12,6578,ssl,0
4183.222879,C2VaGl1pcsbPPHXvm4,10.0.2.15,57281,46.137.109.36,443,TLSv12,TLS_ECDHE_RSA_WITH_AES_128_GCM_SHA256,,beacon.krxd.net,True,True,CsiI,,,,0ffee3ba8e615ad22535e7f771690a28,303951d4c50efb2e991652225a6f02b1,,,4181.316813,10.0.2.15,57281,46.137.109.36,443,tcp,6.12160700000004,713.0,145.0,SF,True,False,0,ShADadfF,9,1081,8,469,ssl,0
4183.22378,C26tpl4aPV78yCqw45,10.0.2.15,57280,52.49.54.204,443,TLSv12,TLS_ECDHE_RSA_WITH_AES_128_GCM_SHA256,,match.prod.bidr.io,True,True,CsiI,,,,0ffee3ba8e615ad22535e7f771690a28,303951d4c50efb2e991652225a6f02b1,,,4181.310011,10.0.2.15,57280,52.49.54.204,443,tcp,7.801442000000861,802.0,670.0,SF,True,False,0,ShADadFf,9,1170,9,1034,ssl,0
4183.225764,Cc2yvk1JfQ6ryafZYf,10.0.2.15,57278,46.137.109.36,443,TLSv12,TLS_ECDHE_RSA_WITH_AES_128_GCM_SHA256,,beacon.krxd.net,True,True,CsiI,,,,0ffee3ba8e615ad22535e7f771690a28,303951d4c50efb2e991652225a6f02b1,,,4181.308518,10.0.2.15,57278,46.137.109.36,443,tcp,6.961838000000171,743.0,145.0,SF,True,False,0,ShADadfF,9,1111,8,469,ssl,0
4183.227333,CacMFf1LktHZ8qSTlf,10.0.2.15,57277,52.49.54.204,443,TLSv12,TLS_ECDHE_RSA_WITH_AES_128_GCM_SHA256,,match.prod.bidr.io,True,True,CsiI,,,,0ffee3ba8e615ad22535e7f771690a28,303951d4c50efb2e991652225a6f02b1,,,4181.307942,10.0.2.15,57277,52.49.54.204,443,tcp,7.074548999999934,278.0,176.0,SF,True,False,0,ShADadFf,8,606,7,460,ssl,0
4183.224833,C5VHTO18zsdR6URPeh,10.0.2.15,57279,8.30.11.14,443,TLSv12,TLS_DHE_RSA_WITH_AES_256_CBC_SHA,,sync.1rx.io,False,True,CsxknGIi,"['a6d6212e891902d3452e6aa1363c98fd50370873cf2238e90bfd7e9c433318a9', 'e6683e88315cd1cb403c0cea490f7c4b4c82c91cd485037489aadbaa90839f61']",[],1.0,0ffee3ba8e615ad22535e7f771690a28,d90fa179c9daf35598ed8341272118f7,,,4181.309467,10.0.2.15,57279,8.30.11.14,443,tcp,14.63833599999998,1036.0,3641.0,SF,True,False,0,ShADadfF,12,1524,13,4165,ssl,0
4183.22888,CkE43D2WFQehLfwQqe,10.0.2.15,57276,8.30.11.14,443,TLSv12,TLS_DHE_RSA_WITH_AES_256_CBC_SHA,,sync.1rx.io,False,True,CsxknGIi,"['a6d6212e891902d3452e6aa1363c98fd50370873cf2238e90bfd7e9c433318a9', 'e6683e88315cd1cb403c0cea490f7c4b4c82c91cd485037489aadbaa90839f61']",[],1.0,0ffee3ba8e615ad22535e7f771690a28,d90fa179c9daf35598ed8341272118f7,,,4181.307062,10.0.2.15,57276,8.30.11.14,443,tcp,7.876049000000421,487.0,3204.0,SF,True,False,0,ShADadFf,10,895,11,3648,ssl,0
4184.202088,CGzVUI18ItNw7Z4Bbl,10.0.2.15,57284,46.137.109.36,443,TLSv12,TLS_ECDHE_RSA_WITH_AES_128_GCM_SHA256,,beacon.krxd.net,True,True,CsiI,,,,0ffee3ba8e615ad22535e7f771690a28,303951d4c50efb2e991652225a6f02b1,,,4183.296296,10.0.2.15,57284,46.137.109.36,443,tcp,5.41801199999918,306.0,145.0,SF,True,False,0,ShADadfF,8,634,7,429,ssl,0
4189.568451,CvUQd94PwXGg6vxTOl,10.0.2.15,57285,217.12.15.83,443,TLSv12,TLS_ECDHE_RSA_WITH_AES_128_GCM_SHA256,secp256r1,cookiex.ngd.yahoo.com,False,True,CsxknGIti,"['aaab982de106f191dd3d06d3f44eada0b8a2b0a6692636e9ff628a677f3eb65c', 'eae72eb454bf6c3977ebd289e970b2f5282949190093d0d26f98d0f0d6a9cf17']",[],1.0,0ffee3ba8e615ad22535e7f771690a28,389ed42c02ebecc32e73aa31def07e14,,,4188.721691,10.0.2.15,57285,217.12.15.83,443,tcp,5.659998000000087,843.0,4109.0,SF,True,False,0,ShADadFfRr,14,1411,16,4753,ssl,0
4189.571291,CCN8cEHA4HaDKgv67,10.0.2.15,57286,217.12.15.83,443,TLSv12,TLS_ECDHE_RSA_WITH_AES_128_GCM_SHA256,secp256r1,cookiex.ngd.yahoo.com,False,True,CsxknGIti,"['aaab982de106f191dd3d06d3f44eada0b8a2b0a6692636e9ff628a677f3eb65c', 'eae72eb454bf6c3977ebd289e970b2f5282949190093d0d26f98d0f0d6a9cf17']",[],1.0,0ffee3ba8e615ad22535e7f771690a28,389ed42c02ebecc32e73aa31def07e14,,,4188.723295,10.0.2.15,57286,217.12.15.83,443,tcp,9.85460200000034,355.0,3636.0,SF,True,False,0,ShADadFfRr,12,843,14,4200,ssl,0
4190.483477,CZfzPm3YLmgQhC0iIg,10.0.2.15,57289,52.3.34.56,443,TLSv12,TLS_ECDHE_RSA_WITH_AES_128_GCM_SHA256,secp256r1,cent.spots.im,False,True,CsxknGIi,"['58633712d749e96ada53e442237d6ed02fa27f9edb65f600079b2ccd0b3ab645', 'f55f9ffcb83c73453261601c7e044db15a0f034b93c05830f28635ef889cf670', '87dcd4dc74640a322cd205552506d1be64f12596258096544986b4850bc72706', '28689b30e4c306aab53b027b29e36ad6dd1dcf4b953994482ca84bdc1ecac996']",[],1.0,0ffee3ba8e615ad22535e7f771690a28,303951d4c50efb2e991652225a6f02b1,,,4189.57529,10.0.2.15,57289,52.3.34.56,443,tcp,18.44594700000016,901.0,5337.0,SF,True,False,0,ShADadFfRr,13,1429,16,5981,ssl,0
4190.490502,C1i2VfNejMHpNBTb8,10.0.2.15,57288,54.83.180.199,443,TLSv12,TLS_ECDHE_RSA_WITH_AES_128_GCM_SHA256,secp256r1,track.spots.im,False,True,CsxknGIi,"['58633712d749e96ada53e442237d6ed02fa27f9edb65f600079b2ccd0b3ab645', 'f55f9ffcb83c73453261601c7e044db15a0f034b93c05830f28635ef889cf670', '87dcd4dc74640a322cd205552506d1be64f12596258096544986b4850bc72706', '28689b30e4c306aab53b027b29e36ad6dd1dcf4b953994482ca84bdc1ecac996']",[],1.0,0ffee3ba8e615ad22535e7f771690a28,303951d4c50efb2e991652225a6f02b1,,,4189.574066,10.0.2.15,57288,54.83.180.199,443,tcp,8.486699999999473,348.0,5077.0,RSTO,True,False,0,ShADadFR,11,796,13,5601,ssl,0
4190.492031,CzSBku3PC0Km2Ol0Nb,10.0.2.15,57287,54.83.180.199,443,TLSv12,TLS_ECDHE_RSA_WITH_AES_128_GCM_SHA256,secp256r1,track.spots.im,False,True,CsxknGIi,"['58633712d749e96ada53e442237d6ed02fa27f9edb65f600079b2ccd0b3ab645', 'f55f9ffcb83c73453261601c7e044db15a0f034b93c05830f28635ef889cf670', '87dcd4dc74640a322cd205552506d1be64f12596258096544986b4850bc72706', '28689b30e4c306aab53b027b29e36ad6dd1dcf4b953994482ca84bdc1ecac996']",[],1.0,0ffee3ba8e615ad22535e7f771690a28,303951d4c50efb2e991652225a6f02b1,,,4189.572906,10.0.2.15,57287,54.83.180.199,443,tcp,16.10834100000011,348.0,5077.0,SF,True,False,0,ShADadTFfRr,13,877,16,5721,ssl,0
4191.038198,ChU24FqaRynnpdFIe,10.0.2.15,57290,172.227.15.86,443,TLSv12,TLS_ECDHE_RSA_WITH_AES_256_GCM_SHA384,,www.nordstromrack.com,True,True,CsiI,,,,1a5fe5677b0e4fbbc854e8908225637d,410b9bedaf65dd26c6fe547154d60db4,http/1.1,,4190.139839,10.0.2.15,57290,172.227.15.86,443,tcp,215.85401899999945,5823.0,119667.0,RSTO,True,False,0,ShADadTTFR,88,9370,164,126231,ssl,0
4191.096156,C6rFR33PcHJPpwPNY3,10.0.2.15,57292,172.227.15.86,443,TLSv12,TLS_ECDHE_RSA_WITH_AES_256_GCM_SHA384,,www.nordstromrack.com,True,True,CsiI,,,,1a5fe5677b0e4fbbc854e8908225637d,410b9bedaf65dd26c6fe547154d60db4,http/1.1,,4190.141781,10.0.2.15,57292,172.227.15.86,443,tcp,51.79128599999967,3794.0,342148.0,RSTR,True,False,0,ShADadWTFRr,79,6966,301,354192,ssl,0
4191.09682,CjKk954B1E1PB3phUa,10.0.2.15,57291,172.227.15.86,443,TLSv12,TLS_ECDHE_RSA_WITH_AES_256_GCM_SHA384,,www.nordstromrack.com,True,True,CsiI,,,,1a5fe5677b0e4fbbc854e8908225637d,410b9bedaf65dd26c6fe547154d60db4,http/1.1,,4190.14074,10.0.2.15,57291,172.227.15.86,443,tcp,15.032001000000491,599.0,183.0,SF,True,False,0,ShADadTFfRr,10,1008,10,587,ssl,0
4192.134772,CnstrJ2z1ZoBTe6Yh,10.0.2.15,57294,95.100.165.226,443,TLSv12,TLS_ECDHE_RSA_WITH_AES_256_GCM_SHA384,secp256r1,www.spot.im,False,True,CsxknGIti,"['7d1c2aaa5a8aa4f8976b572c0d91a577a55692d5259d6806ece7b05835553495', 'ea4e5d2b9c99560f13dd094b8121a623bfdd902038dfd6d772ce32ffabec094d']",[],1.0,0ffee3ba8e615ad22535e7f771690a28,2b33c1374db4ddf06942f92373c0b54b,http/1.1,,4191.106495,10.0.2.15,57294,95.100.165.226,443,tcp,6.895295999999689,345.0,3813.0,SF,True,False,0,ShADadFfRr,12,833,14,4377,ssl,0
4192.127671,CYEQHKgOOb73UFLkj,10.0.2.15,57295,95.100.165.226,443,TLSv12,TLS_ECDHE_RSA_WITH_AES_256_GCM_SHA384,secp256r1,www.spot.im,False,True,CsxknGIti,"['7d1c2aaa5a8aa4f8976b572c0d91a577a55692d5259d6806ece7b05835553495', 'ea4e5d2b9c99560f13dd094b8121a623bfdd902038dfd6d772ce32ffabec094d']",[],1.0,0ffee3ba8e615ad22535e7f771690a28,2b33c1374db4ddf06942f92373c0b54b,http/1.1,,4191.107787,10.0.2.15,57295,95.100.165.226,443,tcp,6.893952000000354,345.0,3813.0,SF,True,False,0,ShADadFfRr,12,833,14,4377,ssl,0
4192.147168,CZqhcs1tCBPUNt9Yik,10.0.2.15,57293,95.100.165.226,443,TLSv12,TLS_ECDHE_RSA_WITH_AES_256_GCM_SHA384,secp256r1,www.spot.im,False,True,CsxknGIti,"['7d1c2aaa5a8aa4f8976b572c0d91a577a55692d5259d6806ece7b05835553495', 'ea4e5d2b9c99560f13dd094b8121a623bfdd902038dfd6d772ce32ffabec094d']",[],1.0,0ffee3ba8e615ad22535e7f771690a28,2b33c1374db4ddf06942f92373c0b54b,http/1.1,,4191.105973,10.0.2.15,57293,95.100.165.226,443,tcp,14.88290600000073,345.0,3813.0,SF,True,False,0,ShADadTFfRr,12,834,14,4377,ssl,0
4196.29413,CPOwYn3vnTQKmrfUO1,10.0.2.15,57298,198.47.127.15,443,TLSv12,TLS_RSA_WITH_3DES_EDE_CBC_SHA,,image2.pubmatic.com,False,True,CsxnGIi,"['cff54ceae5bc84cde0613894d40cbecfeede547bfdef6b9458b626c348f09d84', '111006378afbe8e99bb02ba87390ca429fca2773f74d7f7eb5744f5ddf68014b', '4f32d5dc00f715250abcc486511e37f501a899deb3bf7ea8adbbd3aef1c412da']",[],1.0,0ffee3ba8e615ad22535e7f771690a28,ccf031939aa8979b73a604c356f7fd68,,,4195.300218,10.0.2.15,57298,198.47.127.15,443,tcp,2.713611999999557,522.0,4567.0,SF,True,False,0,ShADadFf,9,890,10,4971,ssl,0
4197.407245,CZovmteu7A2nxaiw9,10.0.2.15,57299,46.137.109.36,443,TLSv12,TLS_ECDHE_RSA_WITH_AES_128_GCM_SHA256,,beacon.krxd.net,True,True,CsiI,,,,0ffee3ba8e615ad22535e7f771690a28,303951d4c50efb2e991652225a6f02b1,,,4196.295874,10.0.2.15,57299,46.137.109.36,443,tcp,10.325281999999788,712.0,707.0,SF,True,False,0,ShADadfF,10,1120,9,1071,ssl,0
4197.410757,C6CmFc3aH7vaflXvW1,10.0.2.15,57300,46.137.109.36,443,TLSv12,TLS_ECDHE_RSA_WITH_AES_128_GCM_SHA256,,beacon.krxd.net,True,True,CsiI,,,,0ffee3ba8e615ad22535e7f771690a28,303951d4c50efb2e991652225a6f02b1,,,4196.296585,10.0.2.15,57300,46.137.109.36,443,tcp,10.00760199999968,682.0,707.0,SF,True,False,0,ShADadfF,10,1090,9,1071,ssl,0
4208.690343,CVbgHFEW1VFFxZqC7,10.0.2.15,57303,52.3.34.56,443,TLSv12,TLS_ECDHE_RSA_WITH_AES_128_GCM_SHA256,,cent.spots.im,True,True,CsiI,,,,0ffee3ba8e615ad22535e7f771690a28,303951d4c50efb2e991652225a6f02b1,,,4207.786219,10.0.2.15,57303,52.3.34.56,443,tcp,12.212239000000409,858.0,436.0,SF,True,False,0,ShADadFfRr,11,1306,11,880,ssl,0
4209.059571,Cx9pid2oiptfsOxrri,10.0.2.15,57310,151.101.113.56,443,TLSv12,TLS_ECDHE_RSA_WITH_AES_128_GCM_SHA256,secp256r1,fastly.hautelookcdn.com,False,True,CsxuknGIti,"['5ac115fef59df0c4897aeafbc5e49743831e9ee061c7d4d718ac8dfd6b842409', '02ab57e4e67a0cb48dd2ff34830e8ac40f4476fb08ca6be3f5cd846f646840f0', '4f32d5dc00f715250abcc486511e37f501a899deb3bf7ea8adbbd3aef1c412da']",[],1.0,0ffee3ba8e615ad22535e7f771690a28,860fcf58fd757e26aa8911e5eaff6b53,http/1.1,,4207.793835,10.0.2.15,57310,151.101.113.56,443,tcp,107.0692199999994,1847.0,263457.0,RSTR,True,False,0,ShADadTFRr,111,6303,274,274421,ssl,0
4209.064157,CZhQD82vKWsOIFPtEd,10.0.2.15,57309,151.101.113.56,443,TLSv12,TLS_ECDHE_RSA_WITH_AES_128_GCM_SHA256,secp256r1,fastly.hautelookcdn.com,False,True,CsxuknGIti,"['5ac115fef59df0c4897aeafbc5e49743831e9ee061c7d4d718ac8dfd6b842409', '02ab57e4e67a0cb48dd2ff34830e8ac40f4476fb08ca6be3f5cd846f646840f0', '4f32d5dc00f715250abcc486511e37f501a899deb3bf7ea8adbbd3aef1c412da']",[],1.0,0ffee3ba8e615ad22535e7f771690a28,860fcf58fd757e26aa8911e5eaff6b53,http/1.1,,4207.793413,10.0.2.15,57309,151.101.113.56,443,tcp,92.78792900000008,1522.0,302429.0,RSTR,True,False,0,ShADadWTFRr,104,5697,296,314273,ssl,0
4209.070202,CCS4YQ3KI1qDDAjhS1,10.0.2.15,57308,151.101.113.56,443,TLSv12,TLS_ECDHE_RSA_WITH_AES_128_GCM_SHA256,secp256r1,fastly.hautelookcdn.com,False,True,CsxuknGIti,"['5ac115fef59df0c4897aeafbc5e49743831e9ee061c7d4d718ac8dfd6b842409', '02ab57e4e67a0cb48dd2ff34830e8ac40f4476fb08ca6be3f5cd846f646840f0', '4f32d5dc00f715250abcc486511e37f501a899deb3bf7ea8adbbd3aef1c412da']",[],1.0,0ffee3ba8e615ad22535e7f771690a28,860fcf58fd757e26aa8911e5eaff6b53,http/1.1,,4207.792677,10.0.2.15,57308,151.101.113.56,443,tcp,224.6206919999995,1521.0,266095.0,RSTO,True,False,0,ShADadTTFR,152,7627,307,278379,ssl,0
4209.073225,C0pjMp2ouYzE3mFT37,10.0.2.15,57307,151.101.113.56,443,TLSv12,TLS_ECDHE_RSA_WITH_AES_128_GCM_SHA256,secp256r1,fastly.hautelookcdn.com,False,True,CsxuknGIti,"['5ac115fef59df0c4897aeafbc5e49743831e9ee061c7d4d718ac8dfd6b842409', '02ab57e4e67a0cb48dd2ff34830e8ac40f4476fb08ca6be3f5cd846f646840f0', '4f32d5dc00f715250abcc486511e37f501a899deb3bf7ea8adbbd3aef1c412da']",[],1.0,0ffee3ba8e615ad22535e7f771690a28,860fcf58fd757e26aa8911e5eaff6b53,http/1.1,,4207.791662,10.0.2.15,57307,151.101.113.56,443,tcp,225.4533010000005,1523.0,355424.0,RSTO,True,False,0,ShADadTTFR,230,10749,440,373028,ssl,0
4209.076295,Cvoh9x1Y3OgNFATcDj,10.0.2.15,57306,151.101.113.56,443,TLSv12,TLS_ECDHE_RSA_WITH_AES_128_GCM_SHA256,secp256r1,fastly.hautelookcdn.com,False,True,CsxuknGIti,"['5ac115fef59df0c4897aeafbc5e49743831e9ee061c7d4d718ac8dfd6b842409', '02ab57e4e67a0cb48dd2ff34830e8ac40f4476fb08ca6be3f5cd846f646840f0', '4f32d5dc00f715250abcc486511e37f501a899deb3bf7ea8adbbd3aef1c412da']",[],1.0,0ffee3ba8e615ad22535e7f771690a28,860fcf58fd757e26aa8911e5eaff6b53,http/1.1,,4207.790968,10.0.2.15,57306,151.101.113.56,443,tcp,104.64671399999952,1523.0,139480.0,RSTO,True,False,0,ShADadTFR,69,4299,152,145564,ssl,0
4209.0904,C6k1Lq3o6CsJqfluG3,10.0.2.15,57305,151.101.113.56,443,TLSv12,TLS_ECDHE_RSA_WITH_AES_128_GCM_SHA256,secp256r1,fastly.hautelookcdn.com,False,True,CsxuknGIti,"['5ac115fef59df0c4897aeafbc5e49743831e9ee061c7d4d718ac8dfd6b842409', '02ab57e4e67a0cb48dd2ff34830e8ac40f4476fb08ca6be3f5cd846f646840f0', '4f32d5dc00f715250abcc486511e37f501a899deb3bf7ea8adbbd3aef1c412da']",[],1.0,0ffee3ba8e615ad22535e7f771690a28,860fcf58fd757e26aa8911e5eaff6b53,http/1.1,,4207.79048,10.0.2.15,57305,151.101.113.56,443,tcp,232.61954700000024,1524.0,297467.0,SF,True,False,0,ShADadTTFfRr,205,9751,389,313031,ssl,0
4210.172695,CB5wo4aj1YXJtjXd6,10.0.2.15,57313,54.192.93.64,443,TLSv12,TLS_ECDHE_RSA_WITH_AES_128_GCM_SHA256,secp256r1,hautelook.sspinc.io,False,True,CsxuknGIti,"['9c4fa2f0b2c5e05176e97fca333f0b7f529a66eeaf3affa4d75ce092c00c5fd3', '154c433c491929c5ef686e838e323664a00e6a0d822ccc958fb4dab03e49a08f']",[],1.0,0ffee3ba8e615ad22535e7f771690a28,76cc3e2d3028143b23ec18e27dbd7ca9,http/1.1,,4208.310958,10.0.2.15,57313,54.192.93.64,443,tcp,228.95204300000023,1368.0,200186.0,SF,True,False,0,ShADadTTfF,85,4796,209,208550,ssl,0
4210.194723,CDagDMGpAvo8MJEM6,10.0.2.15,57311,176.34.117.52,443,TLSv12,TLS_ECDHE_RSA_WITH_AES_128_GCM_SHA256,secp256r1,api.curalate.com,False,True,CsxknGIi,"['adc8dcc2c19790dd1fb40f9ec7fca570a3c30f70aef9afbf0d347da380d6d81f', 'f55f9ffcb83c73453261601c7e044db15a0f034b93c05830f28635ef889cf670', '87dcd4dc74640a322cd205552506d1be64f12596258096544986b4850bc72706', '28689b30e4c306aab53b027b29e36ad6dd1dcf4b953994482ca84bdc1ecac996']",[],1.0,0ffee3ba8e615ad22535e7f771690a28,303951d4c50efb2e991652225a6f02b1,,,4208.298918,10.0.2.15,57311,176.34.117.52,443,tcp,70.98202899999978,691.0,16543.0,SF,True,False,0,ShADadTFf,20,1504,29,17707,ssl,0
4210.189153,CqbGPn4IpyF2bN7QB5,10.0.2.15,57312,23.65.215.204,443,TLSv12,TLS_ECDHE_RSA_WITH_AES_256_GCM_SHA384,secp256r1,libs.coremetrics.com,False,True,CsxknGIti,"['437309017b401bac55d41e676dd2a8c711b5859cd989401130f24e139070f93e', 'eae72eb454bf6c3977ebd289e970b2f5282949190093d0d26f98d0f0d6a9cf17', '8420dfbe376f414bf4c0a81e6936d24ccc03f304835b86c7a39142fca723a689']",[],1.0,0ffee3ba8e615ad22535e7f771690a28,2b33c1374db4ddf06942f92373c0b54b,http/1.1,,4208.305521,10.0.2.15,57312,23.65.215.204,443,tcp,225.89765399999945,1660.0,53790.0,SF,True,False,0,ShADadTTFf,55,3887,84,57154,ssl,0
4210.166445,CJRzTj27S0lk5SCGah,10.0.2.15,57315,68.232.35.180,443,TLSv12,TLS_ECDHE_RSA_WITH_AES_128_GCM_SHA256,secp256r1,tags.tiqcdn.com,False,True,CsxuknGIti,"['e9833ec9415ec4381e97b13a6a575b5ebe604ba96ebe8484d5edd67608a492ca', '19400be5b7a31fb733917700789d2f0a2471c0c9d506c0e504c06c16d7cb17c0', '7431e5f4c3c1ce4690774f0b61e05440883ba9a01ed00ba6abd7806ed3b118cf']",[],1.0,0ffee3ba8e615ad22535e7f771690a28,49b45fc1ab090aa3a159778313fc9b9e,h2,,4208.316587,10.0.2.15,57315,68.232.35.180,443,tcp,32.00140999999985,2931.0,70081.0,SF,True,False,0,ShADadfF,58,5259,100,74085,ssl,0
4210.170758,Cz9QTo1Mehr8MbZKb,10.0.2.15,57314,104.210.5.205,443,TLSv12,TLS_ECDHE_RSA_WITH_AES_256_CBC_SHA,secp384r1,app.trustev.com,False,True,CsxuknGIi,"['0dbd6643ed26b2d4870c044dfc42205183e4650708dc54192ee211e1174906e6', '154c433c491929c5ef686e838e323664a00e6a0d822ccc958fb4dab03e49a08f']",[],1.0,0ffee3ba8e615ad22535e7f771690a28,4fd467dd264720762ffe286277c00f57,,,4208.314929,10.0.2.15,57314,104.210.5.205,443,tcp,196.69480599999952,1237.0,4193.0,SF,True,False,0,ShADadTTfF,32,2543,32,5477,ssl,0
4211.573152,CpIxnp4Lhisu5krrr6,10.0.2.15,57322,151.101.113.56,443,TLSv12,TLS_ECDHE_RSA_WITH_AES_128_GCM_SHA256,secp256r1,fastly.hautelookcdn.com,False,True,CsxuknGIti,"['5ac115fef59df0c4897aeafbc5e49743831e9ee061c7d4d718ac8dfd6b842409', '02ab57e4e67a0cb48dd2ff34830e8ac40f4476fb08ca6be3f5cd846f646840f0', '4f32d5dc00f715250abcc486511e37f501a899deb3bf7ea8adbbd3aef1c412da']",[],1.0,0ffee3ba8e615ad22535e7f771690a28,860fcf58fd757e26aa8911e5eaff6b53,http/1.1,,4211.142744,10.0.2.15,57322,151.101.113.56,443,tcp,133.18471300000056,811.0,54712.0,SF,True,False,0,ShADadTTFfRr,47,2711,77,57796,ssl,0
4211.573931,CK7Zuw2t3SUO8zRaE,10.0.2.15,57321,151.101.113.56,443,TLSv12,TLS_ECDHE_RSA_WITH_AES_128_GCM_SHA256,secp256r1,fastly.hautelookcdn.com,False,True,CsxuknGIti,"['5ac115fef59df0c4897aeafbc5e49743831e9ee061c7d4d718ac8dfd6b842409', '02ab57e4e67a0cb48dd2ff34830e8ac40f4476fb08ca6be3f5cd846f646840f0', '4f32d5dc00f715250abcc486511e37f501a899deb3bf7ea8adbbd3aef1c412da']",[],1.0,0ffee3ba8e615ad22535e7f771690a28,860fcf58fd757e26aa8911e5eaff6b53,http/1.1,,4211.141823,10.0.2.15,57321,151.101.113.56,443,tcp,133.2232210000002,812.0,53968.0,SF,True,False,0,ShADadTTFRfr,44,2592,74,56932,ssl,0
4211.576417,Cl7frl2sORlILr3NA3,10.0.2.15,57319,172.227.15.86,443,TLSv12,TLS_ECDHE_RSA_WITH_AES_256_GCM_SHA384,,www.nordstromrack.com,True,True,CsiI,,,,1a5fe5677b0e4fbbc854e8908225637d,410b9bedaf65dd26c6fe547154d60db4,http/1.1,,4211.1383,10.0.2.15,57319,172.227.15.86,443,tcp,12.124853000000256,599.0,183.0,SF,True,False,0,ShADadTFfRr,10,1008,10,587,ssl,0
4211.576897,CZw1lD3FnemhNNyeyk,10.0.2.15,57318,172.227.15.86,443,TLSv12,TLS_ECDHE_RSA_WITH_AES_256_GCM_SHA384,,www.nordstromrack.com,True,True,CsiI,,,,1a5fe5677b0e4fbbc854e8908225637d,410b9bedaf65dd26c6fe547154d60db4,http/1.1,,4211.136287,10.0.2.15,57318,172.227.15.86,443,tcp,12.126910999999382,599.0,183.0,SF,True,False,0,ShADadTFfRr,9,968,10,587,ssl,0
4211.578811,CmOSitWLA4I1XD5bd,10.0.2.15,57317,172.227.15.86,443,TLSv12,TLS_ECDHE_RSA_WITH_AES_256_GCM_SHA384,,www.nordstromrack.com,True,True,CsiI,,,,1a5fe5677b0e4fbbc854e8908225637d,410b9bedaf65dd26c6fe547154d60db4,http/1.1,,4211.133515,10.0.2.15,57317,172.227.15.86,443,tcp,6.439120999999432,599.0,183.0,SF,True,False,0,ShADadFfRr,8,927,9,547,ssl,0
4211.575041,CHh4n61FtwkmKMRubb,10.0.2.15,57320,151.101.113.56,443,TLSv12,TLS_ECDHE_RSA_WITH_AES_128_GCM_SHA256,secp256r1,fastly.hautelookcdn.com,False,True,CsxuknGIti,"['5ac115fef59df0c4897aeafbc5e49743831e9ee061c7d4d718ac8dfd6b842409', '02ab57e4e67a0cb48dd2ff34830e8ac40f4476fb08ca6be3f5cd846f646840f0', '4f32d5dc00f715250abcc486511e37f501a899deb3bf7ea8adbbd3aef1c412da']",[],1.0,0ffee3ba8e615ad22535e7f771690a28,860fcf58fd757e26aa8911e5eaff6b53,http/1.1,,4211.139999,10.0.2.15,57320,151.101.113.56,443,tcp,133.2487339999998,814.0,53296.0,RSTO,True,False,0,ShADadTTFR,41,2474,70,56100,ssl,0
4222.112893,ClgHOz4NViwcByJJB7,10.0.2.15,57332,95.101.241.136,443,TLSv12,TLS_ECDHE_RSA_WITH_AES_256_GCM_SHA384,,cdn.optimizely.com,True,True,CsiI,,,,1a5fe5677b0e4fbbc854e8908225637d,410b9bedaf65dd26c6fe547154d60db4,h2,,4221.465589,10.0.2.15,57332,95.101.241.136,443,tcp,191.53461399999924,1176.0,67107.0,SF,True,False,0,ShADadFfRr,39,2744,82,70391,ssl,0
4222.110789,CtoDIw2hVQ87lcfZje,10.0.2.15,57335,192.0.77.32,443,TLSv12,TLS_ECDHE_RSA_WITH_AES_128_GCM_SHA256,secp256r1,s1.wp.com,False,True,CsxuknGIti,"['100d19010050ffe81865a1cae3b70fe455286cf162042ac5bf146d2a7491e24f', '973a41276ffd01e027a2aad49e34c37846d3e976ff6a620b6712e33832041aa6', '3a2fbe92891e57fe05d57087f48e730f17e5a5f53ef403d618e5b74d7a7e6ecb']",[],1.0,0ffee3ba8e615ad22535e7f771690a28,76cc3e2d3028143b23ec18e27dbd7ca9,h2,,4221.468521,10.0.2.15,57335,192.0.77.32,443,tcp,160.3417070000005,2377.0,203260.0,SF,True,False,0,ShADadFf,103,6505,214,211824,ssl,0
4222.111948,C0L3nm1kLm6ljM9isa,10.0.2.15,57334,192.0.77.32,443,TLSv12,TLS_ECDHE_RSA_WITH_AES_128_GCM_SHA256,secp256r1,s1.wp.com,False,True,CsxuknGIti,"['100d19010050ffe81865a1cae3b70fe455286cf162042ac5bf146d2a7491e24f', '973a41276ffd01e027a2aad49e34c37846d3e976ff6a620b6712e33832041aa6', '3a2fbe92891e57fe05d57087f48e730f17e5a5f53ef403d618e5b74d7a7e6ecb']",[],1.0,0ffee3ba8e615ad22535e7f771690a28,76cc3e2d3028143b23ec18e27dbd7ca9,h2,,4221.467594,10.0.2.15,57334,192.0.77.32,443,tcp,6.714241000000584,950.0,30478.0,SF,True,False,0,ShADadFf,23,1878,40,32082,ssl,0
4222.114236,CitDbr3aBTchdlwiK,10.0.2.15,57331,54.192.93.64,443,TLSv12,TLS_ECDHE_RSA_WITH_AES_128_GCM_SHA256,secp256r1,tia.timeinc.net,False,True,CsxuknGIti,"['34929aa70d669142ec0e052e6c4910a0a92b8de5ceedd548bf84def0c5bd27ad', '111006378afbe8e99bb02ba87390ca429fca2773f74d7f7eb5744f5ddf68014b', '4f32d5dc00f715250abcc486511e37f501a899deb3bf7ea8adbbd3aef1c412da', '687fa451382278fff0c8b11f8d43d576671c6eb2bceab413fb83d965d06d2ff2']",[],1.0,0ffee3ba8e615ad22535e7f771690a28,76cc3e2d3028143b23ec18e27dbd7ca9,http/1.1,,4221.465075,10.0.2.15,57331,54.192.93.64,443,tcp,127.24429899999996,611.0,20804.0,SF,True,False,0,ShADadTTfF,27,1710,39,22368,ssl,0
4222.933624,CrZYE3frYO4Pv7o1f,10.0.2.15,57338,192.0.77.32,443,TLSv12,TLS_ECDHE_RSA_WITH_AES_128_GCM_SHA256,secp256r1,s0.wp.com,False,True,CsxuknGIti,"['100d19010050ffe81865a1cae3b70fe455286cf162042ac5bf146d2a7491e24f', '973a41276ffd01e027a2aad49e34c37846d3e976ff6a620b6712e33832041aa6', '3a2fbe92891e57fe05d57087f48e730f17e5a5f53ef403d618e5b74d7a7e6ecb']",[],1.0,0ffee3ba8e615ad22535e7f771690a28,76cc3e2d3028143b23ec18e27dbd7ca9,h2,,4221.783252,10.0.2.15,57338,192.0.77.32,443,tcp,71.20059799999945,569.0,6342.0,SF,True,False,0,ShADadFf,14,1137,16,6986,ssl,0
4222.936017,Cvwul91AlAUaJ1sST,10.0.2.15,57336,192.0.78.19,443,TLSv12,TLS_ECDHE_RSA_WITH_AES_128_GCM_SHA256,secp256r1,r-login.wordpress.com,False,True,CsxuknGIti,"['e52189f9148266e011534d0392d8050d6d9317f089699c10fb59eb62278a8199', '973a41276ffd01e027a2aad49e34c37846d3e976ff6a620b6712e33832041aa6', '3a2fbe92891e57fe05d57087f48e730f17e5a5f53ef403d618e5b74d7a7e6ecb']",[],1.0,0ffee3ba8e615ad22535e7f771690a28,76cc3e2d3028143b23ec18e27dbd7ca9,h2,,4221.776509,10.0.2.15,57336,192.0.78.19,443,tcp,195.23544399999992,694.0,6426.0,SF,True,False,0,ShADadFf,19,1462,22,7310,ssl,0
4222.115873,C1GA2ME96Gq3W4ij7,10.0.2.15,57328,192.0.77.32,443,TLSv12,TLS_ECDHE_RSA_WITH_AES_128_GCM_SHA256,secp256r1,s0.wp.com,False,True,CsxuknGIti,"['100d19010050ffe81865a1cae3b70fe455286cf162042ac5bf146d2a7491e24f', '973a41276ffd01e027a2aad49e34c37846d3e976ff6a620b6712e33832041aa6', '3a2fbe92891e57fe05d57087f48e730f17e5a5f53ef403d618e5b74d7a7e6ecb']",[],1.0,0ffee3ba8e615ad22535e7f771690a28,76cc3e2d3028143b23ec18e27dbd7ca9,h2,,4221.462412,10.0.2.15,57328,192.0.77.32,443,tcp,71.52150900000015,569.0,6342.0,SF,True,False,0,ShADadFf,14,1137,16,6986,ssl,0
4222.117234,CIpQaudnoPdMKPDxd,10.0.2.15,57327,192.0.77.32,443,TLSv12,TLS_ECDHE_RSA_WITH_AES_128_GCM_SHA256,secp256r1,s0.wp.com,False,True,CsxuknGIti,"['100d19010050ffe81865a1cae3b70fe455286cf162042ac5bf146d2a7491e24f', '973a41276ffd01e027a2aad49e34c37846d3e976ff6a620b6712e33832041aa6', '3a2fbe92891e57fe05d57087f48e730f17e5a5f53ef403d618e5b74d7a7e6ecb']",[],1.0,0ffee3ba8e615ad22535e7f771690a28,76cc3e2d3028143b23ec18e27dbd7ca9,h2,,4221.461708,10.0.2.15,57327,192.0.77.32,443,tcp,71.52223800000047,569.0,6342.0,SF,True,False,0,ShADadFf,14,1137,16,6986,ssl,0
4222.118387,CZsr601TdQHoSXOLDe,10.0.2.15,57325,192.0.77.32,443,TLSv12,TLS_ECDHE_RSA_WITH_AES_128_GCM_SHA256,secp256r1,s1.wp.com,False,True,CsxuknGIti,"['100d19010050ffe81865a1cae3b70fe455286cf162042ac5bf146d2a7491e24f', '973a41276ffd01e027a2aad49e34c37846d3e976ff6a620b6712e33832041aa6', '3a2fbe92891e57fe05d57087f48e730f17e5a5f53ef403d618e5b74d7a7e6ecb']",[],1.0,0ffee3ba8e615ad22535e7f771690a28,76cc3e2d3028143b23ec18e27dbd7ca9,h2,,4221.460063,10.0.2.15,57325,192.0.77.32,443,tcp,7.980674999999792,805.0,6832.0,SF,True,False,0,ShADadFf,16,1453,20,7636,ssl,0
4222.118876,CMiD464FEZMfytG5j7,10.0.2.15,57324,192.0.77.32,443,TLSv12,TLS_ECDHE_RSA_WITH_AES_128_GCM_SHA256,secp256r1,s1.wp.com,False,True,CsxuknGIti,"['100d19010050ffe81865a1cae3b70fe455286cf162042ac5bf146d2a7491e24f', '973a41276ffd01e027a2aad49e34c37846d3e976ff6a620b6712e33832041aa6', '3a2fbe92891e57fe05d57087f48e730f17e5a5f53ef403d618e5b74d7a7e6ecb']",[],1.0,0ffee3ba8e615ad22535e7f771690a28,76cc3e2d3028143b23ec18e27dbd7ca9,h2,,4221.459598,10.0.2.15,57324,192.0.77.32,443,tcp,7.978527999999642,799.0,8551.0,SF,True,False,0,ShADadFf,15,1407,19,9315,ssl,0
4222.119444,CPYkGu47lcmXeQAU7f,10.0.2.15,57323,192.0.78.19,443,TLSv12,TLS_ECDHE_RSA_WITH_AES_128_GCM_SHA256,secp256r1,r-login.wordpress.com,False,True,CsxuknGIti,"['e52189f9148266e011534d0392d8050d6d9317f089699c10fb59eb62278a8199', '973a41276ffd01e027a2aad49e34c37846d3e976ff6a620b6712e33832041aa6', '3a2fbe92891e57fe05d57087f48e730f17e5a5f53ef403d618e5b74d7a7e6ecb']",[],1.0,0ffee3ba8e615ad22535e7f771690a28,76cc3e2d3028143b23ec18e27dbd7ca9,h2,,4221.458991,10.0.2.15,57323,192.0.78.19,443,tcp,18.63492199999928,920.0,6440.0,SF,True,False,0,ShADadFf,16,1568,20,7244,ssl,0
4222.934856,C1UzvH7C2n1hvqIo1,10.0.2.15,57337,192.0.77.32,443,TLSv12,TLS_ECDHE_RSA_WITH_AES_128_GCM_SHA256,secp256r1,s0.wp.com,False,True,CsxuknGIti,"['100d19010050ffe81865a1cae3b70fe455286cf162042ac5bf146d2a7491e24f', '973a41276ffd01e027a2aad49e34c37846d3e976ff6a620b6712e33832041aa6', '3a2fbe92891e57fe05d57087f48e730f17e5a5f53ef403d618e5b74d7a7e6ecb']",[],1.0,0ffee3ba8e615ad22535e7f771690a28,76cc3e2d3028143b23ec18e27dbd7ca9,h2,,4221.782622,10.0.2.15,57337,192.0.77.32,443,tcp,71.20729800000026,569.0,6342.0,SF,True,False,0,ShADadFf,14,1137,16,6986,ssl,0
4224.331244,C9EQuk4pAixAtikqb7,10.0.2.15,57343,192.0.77.32,443,TLSv12,TLS_ECDHE_RSA_WITH_AES_128_GCM_SHA256,secp256r1,s0.wp.com,False,True,CsxuknGIti,"['100d19010050ffe81865a1cae3b70fe455286cf162042ac5bf146d2a7491e24f', '973a41276ffd01e027a2aad49e34c37846d3e976ff6a620b6712e33832041aa6', '3a2fbe92891e57fe05d57087f48e730f17e5a5f53ef403d618e5b74d7a7e6ecb']",[],1.0,0ffee3ba8e615ad22535e7f771690a28,76cc3e2d3028143b23ec18e27dbd7ca9,h2,,4223.740239,10.0.2.15,57343,192.0.77.32,443,tcp,69.21992000000046,569.0,6342.0,SF,True,False,0,ShADadFf,14,1137,16,6986,ssl,0
4224.34093,CIpt3GXC7J22eAbIe,10.0.2.15,57341,192.0.77.32,443,TLSv12,TLS_ECDHE_RSA_WITH_AES_128_GCM_SHA256,secp256r1,s0.wp.com,False,True,CsxuknGIti,"['100d19010050ffe81865a1cae3b70fe455286cf162042ac5bf146d2a7491e24f', '973a41276ffd01e027a2aad49e34c37846d3e976ff6a620b6712e33832041aa6', '3a2fbe92891e57fe05d57087f48e730f17e5a5f53ef403d618e5b74d7a7e6ecb']",[],1.0,0ffee3ba8e615ad22535e7f771690a28,76cc3e2d3028143b23ec18e27dbd7ca9,h2,,4223.737099,10.0.2.15,57341,192.0.77.32,443,tcp,69.22522500000014,569.0,6342.0,SF,True,False,0,ShADadFf,14,1137,16,6986,ssl,0
4224.96957,C0VTqr3GlwKplfKDwh,10.0.2.15,57346,192.0.77.32,443,TLSv12,TLS_ECDHE_RSA_WITH_AES_128_GCM_SHA256,secp256r1,s1.wp.com,False,True,CsxuknGIti,"['100d19010050ffe81865a1cae3b70fe455286cf162042ac5bf146d2a7491e24f', '973a41276ffd01e027a2aad49e34c37846d3e976ff6a620b6712e33832041aa6', '3a2fbe92891e57fe05d57087f48e730f17e5a5f53ef403d618e5b74d7a7e6ecb']",[],1.0,0ffee3ba8e615ad22535e7f771690a28,76cc3e2d3028143b23ec18e27dbd7ca9,h2,,4223.995391,10.0.2.15,57346,192.0.77.32,443,tcp,8.365458999999646,552.0,6296.0,SF,True,False,0,ShADadFf,13,1080,16,6940,ssl,0
4224.983048,CGfd8P3grulHyRPHTe,10.0.2.15,57345,192.0.77.32,443,TLSv12,TLS_ECDHE_RSA_WITH_AES_128_GCM_SHA256,secp256r1,s1.wp.com,False,True,CsxuknGIti,"['100d19010050ffe81865a1cae3b70fe455286cf162042ac5bf146d2a7491e24f', '973a41276ffd01e027a2aad49e34c37846d3e976ff6a620b6712e33832041aa6', '3a2fbe92891e57fe05d57087f48e730f17e5a5f53ef403d618e5b74d7a7e6ecb']",[],1.0,0ffee3ba8e615ad22535e7f771690a28,76cc3e2d3028143b23ec18e27dbd7ca9,h2,,4223.992954,10.0.2.15,57345,192.0.77.32,443,tcp,8.625024999999368,552.0,6296.0,SF,True,False,0,ShADadFf,13,1080,15,6900,ssl,0
4225.035742,CwPWpX16jGex1G5xq1,10.0.2.15,57348,192.0.77.32,443,TLSv12,TLS_ECDHE_RSA_WITH_AES_128_GCM_SHA256,secp256r1,s2.wp.com,False,True,CsxuknGIti,"['100d19010050ffe81865a1cae3b70fe455286cf162042ac5bf146d2a7491e24f', '973a41276ffd01e027a2aad49e34c37846d3e976ff6a620b6712e33832041aa6', '3a2fbe92891e57fe05d57087f48e730f17e5a5f53ef403d618e5b74d7a7e6ecb']",[],1.0,0ffee3ba8e615ad22535e7f771690a28,76cc3e2d3028143b23ec18e27dbd7ca9,h2,,4223.997652,10.0.2.15,57348,192.0.77.32,443,tcp,76.88199600000007,569.0,6342.0,SF,True,False,0,ShADadFf,14,1137,16,6986,ssl,0
4234.147474,CP8zRJ3gVE0kcJTB38,10.0.2.15,57356,216.137.61.175,443,TLSv12,TLS_ECDHE_RSA_WITH_AES_128_GCM_SHA256,secp256r1,d28m5bx785ox17.cloudfront.net,False,True,CsxuknGIti,"['90c0937808b31877df6c4a5c743c99325d974624be3735faa5078cf73d4fd205', 'eae72eb454bf6c3977ebd289e970b2f5282949190093d0d26f98d0f0d6a9cf17']",[],1.0,0ffee3ba8e615ad22535e7f771690a28,76cc3e2d3028143b23ec18e27dbd7ca9,h2,,4233.192086,10.0.2.15,57356,216.137.61.175,443,tcp,7.121235999999953,332.0,5262.0,RSTO,True,False,0,ShADadR,8,660,8,5586,ssl,0
4234.147929,CNykQ22NrjcxlQDtLa,10.0.2.15,57355,216.137.61.175,443,TLSv12,TLS_ECDHE_RSA_WITH_AES_128_GCM_SHA256,secp256r1,d28m5bx785ox17.cloudfront.net,False,True,CsxuknGIti,"['90c0937808b31877df6c4a5c743c99325d974624be3735faa5078cf73d4fd205', 'eae72eb454bf6c3977ebd289e970b2f5282949190093d0d26f98d0f0d6a9cf17']",[],1.0,0ffee3ba8e615ad22535e7f771690a28,76cc3e2d3028143b23ec18e27dbd7ca9,h2,,4233.191166,10.0.2.15,57355,216.137.61.175,443,tcp,7.119476000000759,332.0,5262.0,RSTO,True,False,0,ShADadR,9,700,11,5706,ssl,0
4234.148954,ChESH32X1BuFr0qSNc,10.0.2.15,57354,216.137.61.175,443,TLSv12,TLS_ECDHE_RSA_WITH_AES_128_GCM_SHA256,secp256r1,d28m5bx785ox17.cloudfront.net,False,True,CsxuknGIti,"['90c0937808b31877df6c4a5c743c99325d974624be3735faa5078cf73d4fd205', 'eae72eb454bf6c3977ebd289e970b2f5282949190093d0d26f98d0f0d6a9cf17']",[],1.0,0ffee3ba8e615ad22535e7f771690a28,76cc3e2d3028143b23ec18e27dbd7ca9,h2,,4233.190536,10.0.2.15,57354,216.137.61.175,443,tcp,7.119171000000279,332.0,5262.0,RSTO,True,False,0,ShADadR,8,660,8,5586,ssl,0
4234.150476,CyRQ4v1H023fjcy7md,10.0.2.15,57353,216.137.61.175,443,TLSv12,TLS_ECDHE_RSA_WITH_AES_128_GCM_SHA256,secp256r1,d28m5bx785ox17.cloudfront.net,False,True,CsxuknGIti,"['90c0937808b31877df6c4a5c743c99325d974624be3735faa5078cf73d4fd205', 'eae72eb454bf6c3977ebd289e970b2f5282949190093d0d26f98d0f0d6a9cf17']",[],1.0,0ffee3ba8e615ad22535e7f771690a28,76cc3e2d3028143b23ec18e27dbd7ca9,h2,,4233.189466,10.0.2.15,57353,216.137.61.175,443,tcp,7.126252000000022,332.0,5262.0,RSTO,True,False,0,ShADadR,8,660,9,5626,ssl,0
4234.161734,CSNCZE3xfJSgzmUpSe,10.0.2.15,57352,216.137.61.175,443,TLSv12,TLS_ECDHE_RSA_WITH_AES_128_GCM_SHA256,secp256r1,d28m5bx785ox17.cloudfront.net,False,True,CsxuknGIti,"['90c0937808b31877df6c4a5c743c99325d974624be3735faa5078cf73d4fd205', 'eae72eb454bf6c3977ebd289e970b2f5282949190093d0d26f98d0f0d6a9cf17']",[],1.0,0ffee3ba8e615ad22535e7f771690a28,76cc3e2d3028143b23ec18e27dbd7ca9,h2,,4233.185917,10.0.2.15,57352,216.137.61.175,443,tcp,7.131350999999995,332.0,5262.0,RSTO,True,False,0,ShADadR,8,660,11,5706,ssl,0
4234.163464,C3HF3p2q1dkPOPsAQf,10.0.2.15,57351,216.137.61.175,443,TLSv12,TLS_ECDHE_RSA_WITH_AES_128_GCM_SHA256,secp256r1,d28m5bx785ox17.cloudfront.net,False,True,CsxuknGIti,"['90c0937808b31877df6c4a5c743c99325d974624be3735faa5078cf73d4fd205', 'eae72eb454bf6c3977ebd289e970b2f5282949190093d0d26f98d0f0d6a9cf17']",[],1.0,0ffee3ba8e615ad22535e7f771690a28,76cc3e2d3028143b23ec18e27dbd7ca9,h2,,4233.185236,10.0.2.15,57351,216.137.61.175,443,tcp,7.128869999999551,332.0,5262.0,RSTO,True,False,0,ShADadR,8,660,10,5666,ssl,0
4234.164406,CVlre12ctDdP9dLHm9,10.0.2.15,57350,54.192.93.64,443,TLSv12,TLS_ECDHE_RSA_WITH_AES_128_GCM_SHA256,secp256r1,hautelook.sspinc.io,False,True,CsxuknGIti,"['9c4fa2f0b2c5e05176e97fca333f0b7f529a66eeaf3affa4d75ce092c00c5fd3', '154c433c491929c5ef686e838e323664a00e6a0d822ccc958fb4dab03e49a08f']",[],1.0,0ffee3ba8e615ad22535e7f771690a28,76cc3e2d3028143b23ec18e27dbd7ca9,http/1.1,,4233.183511,10.0.2.15,57350,54.192.93.64,443,tcp,7.359218999999939,322.0,3684.0,SF,True,False,0,ShADadFf,9,690,10,4088,ssl,0
4246.26725,CTHHe7OGChqq9XMrl,10.0.2.15,57360,34.208.131.30,443,TLSv12,TLS_ECDHE_RSA_WITH_AES_128_GCM_SHA256,secp256r1,xid.coastalliving.com,False,True,CsxknGIti,"['6e694045280ed567134989d24401134e755081a7d346c9ffd5d9198a50942bb2', '25847d668eb4f04fdd40b12b6b0740c567da7d024308eb6c2c96fe41d9de218d']",[],1.0,0ffee3ba8e615ad22535e7f771690a28,8d2a028aa94425f76ced7826b1f39039,h2,,4245.83459,10.0.2.15,57360,34.208.131.30,443,tcp,72.66762799999924,581.0,3464.0,SF,True,False,0,ShADadFf,12,1069,13,3988,ssl,0
4246.268359,ChHynR1HxERw66g7L3,10.0.2.15,57359,34.208.103.162,443,TLSv12,TLS_ECDHE_RSA_WITH_AES_128_GCM_SHA256,secp256r1,xid.sunset.com,False,True,CsxknGIti,"['6e694045280ed567134989d24401134e755081a7d346c9ffd5d9198a50942bb2', '25847d668eb4f04fdd40b12b6b0740c567da7d024308eb6c2c96fe41d9de218d']",[],1.0,0ffee3ba8e615ad22535e7f771690a28,8d2a028aa94425f76ced7826b1f39039,h2,,4245.833591,10.0.2.15,57359,34.208.103.162,443,tcp,72.18209200000001,574.0,3494.0,RSTO,True,False,0,ShADadFR,12,1062,13,4018,ssl,0
4246.270375,CuRgOQ10mLM0FR5rwd,10.0.2.15,57357,34.208.103.162,443,TLSv12,TLS_ECDHE_RSA_WITH_AES_128_GCM_SHA256,secp256r1,xid.people.com,False,True,CsxknGIti,"['6e694045280ed567134989d24401134e755081a7d346c9ffd5d9198a50942bb2', '25847d668eb4f04fdd40b12b6b0740c567da7d024308eb6c2c96fe41d9de218d']",[],1.0,0ffee3ba8e615ad22535e7f771690a28,8d2a028aa94425f76ced7826b1f39039,h2,,4245.827676,10.0.2.15,57357,34.208.103.162,443,tcp,73.61039100000016,574.0,3448.0,SF,True,False,0,ShADadFf,13,1102,15,4052,ssl,0
4246.507518,C5YoaZ17b42yftIyVh,10.0.2.15,57367,35.163.28.163,443,TLSv12,TLS_ECDHE_RSA_WITH_AES_128_GCM_SHA256,secp256r1,api.segment.io,False,True,CsxknGIti,"['1056f9b178b85f0151b370b1db60a8ef8ca329c7d395d5064e6bb2f2d899fb54', '154c433c491929c5ef686e838e323664a00e6a0d822ccc958fb4dab03e49a08f']",[],1.0,0ffee3ba8e615ad22535e7f771690a28,8d2a028aa94425f76ced7826b1f39039,h2,,4245.85383,10.0.2.15,57367,35.163.28.163,443,tcp,198.5346229999996,2231.0,3631.0,SF,True,False,0,ShADadFf,21,3079,23,4555,ssl,0
4246.508894,CIgtYv3OzRYSumivA2,10.0.2.15,57366,52.10.20.61,443,TLSv12,TLS_ECDHE_RSA_WITH_AES_128_GCM_SHA256,secp256r1,xid.travelandleisure.com,False,True,CsxknGIti,"['6e694045280ed567134989d24401134e755081a7d346c9ffd5d9198a50942bb2', '25847d668eb4f04fdd40b12b6b0740c567da7d024308eb6c2c96fe41d9de218d']",[],1.0,0ffee3ba8e615ad22535e7f771690a28,8d2a028aa94425f76ced7826b1f39039,h2,,4245.849836,10.0.2.15,57366,52.10.20.61,443,tcp,72.56119099999978,584.0,3464.0,SF,True,False,0,ShADadFf,12,1072,13,3988,ssl,0
4246.509452,CuEPkS1pUXIBD7A0Tf,10.0.2.15,57365,34.208.103.162,443,TLSv12,TLS_ECDHE_RSA_WITH_AES_128_GCM_SHA256,secp256r1,xid.time.com,False,True,CsxknGIti,"['6e694045280ed567134989d24401134e755081a7d346c9ffd5d9198a50942bb2', '25847d668eb4f04fdd40b12b6b0740c567da7d024308eb6c2c96fe41d9de218d']",[],1.0,0ffee3ba8e615ad22535e7f771690a28,8d2a028aa94425f76ced7826b1f39039,h2,,4245.847872,10.0.2.15,57365,34.208.103.162,443,tcp,72.16730199999984,572.0,3494.0,RSTO,True,False,0,ShADadFR,12,1060,14,4058,ssl,0
4246.51085,CWIk9W3opZuUakDwy2,10.0.2.15,57364,52.10.20.61,443,TLSv12,TLS_ECDHE_RSA_WITH_AES_128_GCM_SHA256,secp256r1,xid.si.com,False,True,CsxknGIti,"['6e694045280ed567134989d24401134e755081a7d346c9ffd5d9198a50942bb2', '25847d668eb4f04fdd40b12b6b0740c567da7d024308eb6c2c96fe41d9de218d']",[],1.0,0ffee3ba8e615ad22535e7f771690a28,8d2a028aa94425f76ced7826b1f39039,h2,,4245.846005,10.0.2.15,57364,52.10.20.61,443,tcp,45.90518399999928,4588.0,6198.0,SF,True,False,0,ShADadFf,33,5916,38,7722,ssl,0
4246.512145,CQAa4T1HofflVnbXW8,10.0.2.15,57363,52.10.20.61,443,TLSv12,TLS_ECDHE_RSA_WITH_AES_128_GCM_SHA256,secp256r1,xid.fortune.com,False,True,CsxknGIti,"['6e694045280ed567134989d24401134e755081a7d346c9ffd5d9198a50942bb2', '25847d668eb4f04fdd40b12b6b0740c567da7d024308eb6c2c96fe41d9de218d']",[],1.0,0ffee3ba8e615ad22535e7f771690a28,8d2a028aa94425f76ced7826b1f39039,h2,,4245.844141,10.0.2.15,57363,52.10.20.61,443,tcp,72.14390200000071,575.0,3494.0,RSTO,True,False,0,ShADadFR,13,1103,15,4098,ssl,0
4246.512953,CEPYh76FqjupNxsC,10.0.2.15,57362,52.10.20.61,443,TLSv12,TLS_ECDHE_RSA_WITH_AES_128_GCM_SHA256,secp256r1,xid.essence.com,False,True,CsxknGIti,"['6e694045280ed567134989d24401134e755081a7d346c9ffd5d9198a50942bb2', '25847d668eb4f04fdd40b12b6b0740c567da7d024308eb6c2c96fe41d9de218d']",[],1.0,0ffee3ba8e615ad22535e7f771690a28,8d2a028aa94425f76ced7826b1f39039,h2,,4245.841588,10.0.2.15,57362,52.10.20.61,443,tcp,72.14678000000004,575.0,3494.0,RSTO,True,False,0,ShADadFR,12,1063,13,4018,ssl,0
4246.513536,Cd9mbE3ip2RCMi8Uxf,10.0.2.15,57361,34.208.103.162,443,TLSv12,TLS_ECDHE_RSA_WITH_AES_128_GCM_SHA256,secp256r1,xid.departures.com,False,True,CsxknGIti,"['6e694045280ed567134989d24401134e755081a7d346c9ffd5d9198a50942bb2', '25847d668eb4f04fdd40b12b6b0740c567da7d024308eb6c2c96fe41d9de218d']",[],1.0,0ffee3ba8e615ad22535e7f771690a28,8d2a028aa94425f76ced7826b1f39039,h2,,4245.840514,10.0.2.15,57361,34.208.103.162,443,tcp,72.14824599999974,578.0,3494.0,RSTO,True,False,0,ShADadFR,12,1066,13,4018,ssl,0
4246.269081,CyvayuffoliOClXGk,10.0.2.15,57358,34.208.103.162,443,TLSv12,TLS_ECDHE_RSA_WITH_AES_128_GCM_SHA256,secp256r1,xid.peopleenespanol.com,False,True,CsxknGIti,"['6e694045280ed567134989d24401134e755081a7d346c9ffd5d9198a50942bb2', '25847d668eb4f04fdd40b12b6b0740c567da7d024308eb6c2c96fe41d9de218d']",[],1.0,0ffee3ba8e615ad22535e7f771690a28,8d2a028aa94425f76ced7826b1f39039,h2,,4245.830583,10.0.2.15,57358,34.208.103.162,443,tcp,72.19222999999965,583.0,3510.0,RSTO,True,False,0,ShADadFR,13,1111,15,4114,ssl,0
4249.517138,C9OJEb2W78TZM3NV2h,10.0.2.15,57377,192.0.77.2,443,TLSv12,TLS_ECDHE_RSA_WITH_AES_128_GCM_SHA256,secp256r1,i1.wp.com,False,True,CsxuknGIti,"['100d19010050ffe81865a1cae3b70fe455286cf162042ac5bf146d2a7491e24f', '973a41276ffd01e027a2aad49e34c37846d3e976ff6a620b6712e33832041aa6', '3a2fbe92891e57fe05d57087f48e730f17e5a5f53ef403d618e5b74d7a7e6ecb']",[],1.0,0ffee3ba8e615ad22535e7f771690a28,76cc3e2d3028143b23ec18e27dbd7ca9,h2,,4248.739815,10.0.2.15,57377,192.0.77.2,443,tcp,40.10562300000038,842.0,19434.0,SF,True,False,0,ShADadTFf,22,1731,29,20598,ssl,0
4249.517882,Cvuz8U3Iyd8XvGWx4g,10.0.2.15,57376,192.0.77.2,443,TLSv12,TLS_ECDHE_RSA_WITH_AES_128_GCM_SHA256,secp256r1,i1.wp.com,False,True,CsxuknGIti,"['100d19010050ffe81865a1cae3b70fe455286cf162042ac5bf146d2a7491e24f', '973a41276ffd01e027a2aad49e34c37846d3e976ff6a620b6712e33832041aa6', '3a2fbe92891e57fe05d57087f48e730f17e5a5f53ef403d618e5b74d7a7e6ecb']",[],1.0,0ffee3ba8e615ad22535e7f771690a28,76cc3e2d3028143b23ec18e27dbd7ca9,h2,,4248.739036,10.0.2.15,57376,192.0.77.2,443,tcp,45.83422200000041,1357.0,95504.0,SF,True,False,0,ShADadTFf,52,3446,105,99708,ssl,0
4249.519401,CqFYj72xDqZgemedY7,10.0.2.15,57375,192.0.77.2,443,TLSv12,TLS_ECDHE_RSA_WITH_AES_128_GCM_SHA256,secp256r1,i0.wp.com,False,True,CsxuknGIti,"['100d19010050ffe81865a1cae3b70fe455286cf162042ac5bf146d2a7491e24f', '973a41276ffd01e027a2aad49e34c37846d3e976ff6a620b6712e33832041aa6', '3a2fbe92891e57fe05d57087f48e730f17e5a5f53ef403d618e5b74d7a7e6ecb']",[],1.0,0ffee3ba8e615ad22535e7f771690a28,76cc3e2d3028143b23ec18e27dbd7ca9,h2,,4248.738433,10.0.2.15,57375,192.0.77.2,443,tcp,75.75236699999914,569.0,6342.0,RSTO,True,False,0,ShADadTFR,14,1138,17,7026,ssl,0
4256.133259,CYZ84t2pKuHWQzuTE5,10.0.2.15,57387,107.22.217.100,443,TLSv12,TLS_ECDHE_RSA_WITH_AES_128_GCM_SHA256,secp256r1,3769661481.log.optimizely.com,False,True,CsxknGIi,"['720a04382d93aa8932b95cc755b9fbaab1b6a01d85399736cf4d5a4607e41172', '19400be5b7a31fb733917700789d2f0a2471c0c9d506c0e504c06c16d7cb17c0', '7431e5f4c3c1ce4690774f0b61e05440883ba9a01ed00ba6abd7806ed3b118cf']",[],1.0,0ffee3ba8e615ad22535e7f771690a28,303951d4c50efb2e991652225a6f02b1,,,4254.726378,10.0.2.15,57387,107.22.217.100,443,tcp,32.27898800000003,1020.0,4805.0,RSTO,True,False,0,ShADadTFR,13,1550,14,5369,ssl,0
4259.809463,CtJ3K24fNuw4P5HVu7,10.0.2.15,57391,172.217.23.238,443,TLSv12,TLS_ECDHE_RSA_WITH_AES_128_GCM_SHA256,,www.google-analytics.com,True,True,CsiI,,,,1a5fe5677b0e4fbbc854e8908225637d,67619a80665d7ab92d1041b1d11f9164,h2,,4258.706608,10.0.2.15,57391,172.217.23.238,443,tcp,492.3432809999995,17517.0,8450.0,SF,True,False,0,ShADadFf,112,22005,140,14054,ssl,0
4259.812616,CdTu022P2sE5LnK0i8,10.0.2.15,57390,31.13.74.36,443,TLSv12,TLS_ECDHE_ECDSA_WITH_AES_128_GCM_SHA256,,www.facebook.com,True,True,CsiI,,,,1a5fe5677b0e4fbbc854e8908225637d,96681175a9547081bf3d417f1a572091,h2,,4258.704194,10.0.2.15,57390,31.13.74.36,443,tcp,131.2434570000005,1787.0,1820.0,SF,True,False,0,ShADadfF,17,2475,21,2664,ssl,0
4268.418278,CcA3gF40MmFUFQ3MU,10.0.2.15,57396,52.21.156.63,443,TLSv12,TLS_ECDHE_RSA_WITH_AES_128_GCM_SHA256,secp256r1,ape-asset-tag.timeinc.com,False,True,CsxknGIi,"['e2cbec04a1787d703beebad0a1289effc23b61ebe578234527046fe65d77d116', '111006378afbe8e99bb02ba87390ca429fca2773f74d7f7eb5744f5ddf68014b', '4f32d5dc00f715250abcc486511e37f501a899deb3bf7ea8adbbd3aef1c412da', '687fa451382278fff0c8b11f8d43d576671c6eb2bceab413fb83d965d06d2ff2']",[],1.0,0ffee3ba8e615ad22535e7f771690a28,303951d4c50efb2e991652225a6f02b1,,,4267.364545,10.0.2.15,57396,52.21.156.63,443,tcp,24.20138899999984,709.0,7568.0,RSTR,True,False,0,ShADadTFRr,15,1319,17,8252,ssl,0
4300.94136,Cr3VbX2uUCjphJqd42,10.0.2.15,57405,129.33.138.31,443,TLSv12,TLS_RSA_WITH_3DES_EDE_CBC_SHA,,data.coremetrics.com,False,True,CsxnGIi,"['ade5a88b47a60814af0ee6630b122fceba48090003e127d9b92374b16a77ee03', '19400be5b7a31fb733917700789d2f0a2471c0c9d506c0e504c06c16d7cb17c0', 'bf0adf6f1fd218cfa27f3884ce2aa6af2af5481c6878bfe3a6ca62515898b115']",[],1.0,0ffee3ba8e615ad22535e7f771690a28,66a6571ef756b3c9e82b3fd802bbcac2,,,4300.444538,10.0.2.15,57405,129.33.138.31,443,tcp,253.52064299999984,1200.0,4418.0,SF,True,False,0,ShADadTTfF,35,2632,37,5902,ssl,0
4301.767496,Ci1EBm3ZVFbp7l5Yn5,10.0.2.15,57412,95.101.252.144,443,TLSv12,TLS_ECDHE_RSA_WITH_AES_256_GCM_SHA384,,z.moatads.com,True,True,CsiI,,,,1a5fe5677b0e4fbbc854e8908225637d,410b9bedaf65dd26c6fe547154d60db4,http/1.1,,4301.511763,10.0.2.15,57412,95.101.252.144,443,tcp,32.15227799999957,908.0,26432.0,SF,True,False,0,ShADadTFf,22,1797,33,27756,ssl,0
4301.749223,CQJTES1TKxeHSIF5Ed,10.0.2.15,57415,173.241.240.143,443,TLSv12,TLS_ECDHE_RSA_WITH_AES_128_GCM_SHA256,secp256r1,us-u.openx.net,False,True,CsxknGIi,"['ab7de06ea7a3de3225f335667d38750434931049f9e9cb0cb4a9caf5df22819c', '074541ecdf88ed992ed5ade3ecddef27a26ba1b44480a195c0a8dadae2521d8e']",[],1.0,0ffee3ba8e615ad22535e7f771690a28,699a80bdb17efe157c861f92c5bf5d1d,,,4301.516441,10.0.2.15,57415,173.241.240.143,443,tcp,47.45674800000052,1946.0,4537.0,SF,True,False,0,ShADadTfF,16,2596,17,5221,ssl,0
4301.760936,CWCc6B2hbQU8QhdQd8,10.0.2.15,57414,173.241.240.199,443,TLSv10,TLS_RSA_WITH_3DES_EDE_CBC_SHA,,rtb-xa.openx.net,False,True,CsxnGIi,"['ab7de06ea7a3de3225f335667d38750434931049f9e9cb0cb4a9caf5df22819c', '074541ecdf88ed992ed5ade3ecddef27a26ba1b44480a195c0a8dadae2521d8e']",[],1.0,0ffee3ba8e615ad22535e7f771690a28,5cd6efb8d804faf03e1462073b729151,,,4301.514422,10.0.2.15,57414,173.241.240.199,443,tcp,130.95917000000009,2142.0,2899.0,SF,True,False,0,ShADadTTFf,23,3082,24,3863,ssl,0
4301.765706,CRKv2f3DUNBoyg7rTe,10.0.2.15,57413,54.192.93.223,443,TLSv12,TLS_ECDHE_RSA_WITH_AES_128_GCM_SHA256,secp256r1,subscription-assets.timeinc.com,False,True,CsxuknGIti,"['9df10efec0b585b36e99189825deb5f51758c7341b277fa60cab3e65eb03a5e5', '111006378afbe8e99bb02ba87390ca429fca2773f74d7f7eb5744f5ddf68014b']",[],1.0,0ffee3ba8e615ad22535e7f771690a28,76cc3e2d3028143b23ec18e27dbd7ca9,h2,,4301.512819,10.0.2.15,57413,54.192.93.223,443,tcp,81.48208599999998,1039.0,6737.0,SF,True,False,0,ShADadFf,16,1687,21,7581,ssl,0
4301.774522,CcmfGn4xhoTOyPPiGg,10.0.2.15,57410,172.217.23.202,443,TLSv12,TLS_ECDHE_RSA_WITH_AES_128_GCM_SHA256,x25519,ajax.googleapis.com,False,True,CsxknGIti,"['0ca616f3b5a49ded9af60777a33ae7119bfd6de6a815dbee0b64d5d69491aa06', '9f630426df1d8abfd80ace98871ba833ab9742cb34838de2b5285ed54c0c7dcc', '3c35cc963eb004451323d3275d05b353235053490d9cd83729a2faf5e7ca1cc0']",[],1.0,0ffee3ba8e615ad22535e7f771690a28,ab41313cfec25328b20865eb1388e0a2,h2,,4301.510031,10.0.2.15,57410,172.217.23.202,443,tcp,670.7463390000003,3072.0,179544.0,SF,True,False,0,ShADadFf,140,8680,268,190268,ssl,0
4301.778415,CI71Of3hHU2Nzwdfpf,10.0.2.15,57407,68.232.35.180,443,TLSv12,TLS_ECDHE_RSA_WITH_AES_128_GCM_SHA256,secp256r1,tags.tiqcdn.com,False,True,CsxuknGIti,"['e9833ec9415ec4381e97b13a6a575b5ebe604ba96ebe8484d5edd67608a492ca', '19400be5b7a31fb733917700789d2f0a2471c0c9d506c0e504c06c16d7cb17c0', '7431e5f4c3c1ce4690774f0b61e05440883ba9a01ed00ba6abd7806ed3b118cf']",[],1.0,1a5fe5677b0e4fbbc854e8908225637d,49b45fc1ab090aa3a159778313fc9b9e,h2,,4301.507976,10.0.2.15,57407,68.232.35.180,443,tcp,186.4713160000001,1690.0,12791.0,SF,True,False,0,ShADadfF,27,2778,40,14395,ssl,0
4301.779378,CNIolZ3f9ZYpzq2694,10.0.2.15,57406,23.65.215.204,443,TLSv12,TLS_ECDHE_RSA_WITH_AES_256_GCM_SHA384,secp256r1,tmscdn.coremetrics.com,False,True,CsxknGIti,"['437309017b401bac55d41e676dd2a8c711b5859cd989401130f24e139070f93e', 'eae72eb454bf6c3977ebd289e970b2f5282949190093d0d26f98d0f0d6a9cf17', '8420dfbe376f414bf4c0a81e6936d24ccc03f304835b86c7a39142fca723a689']",[],1.0,0ffee3ba8e615ad22535e7f771690a28,2b33c1374db4ddf06942f92373c0b54b,http/1.1,,4301.482,10.0.2.15,57406,23.65.215.204,443,tcp,131.8566979999996,1057.0,6570.0,SF,True,False,0,ShADadTTFfRr,27,2156,30,7774,ssl,0
4303.74203,Ck3eXi2XPWvMTlVcTb,10.0.2.15,57420,104.20.235.3,443,TLSv12,TLS_ECDHE_ECDSA_WITH_AES_128_GCM_SHA256,secp256r1,nordstromrack.affiliatetechnology.com,False,True,CsxknGIti,"['339faeb5070aabd4956fe1ea8452c773c397f0eda00388f63e87464e5f1f85ad', 'cd6c108a0e641f2ca122aaa6d03f826759cae7c6f800eabf76dc48b67cd083ce', '9573862ac0b4b125168810ea3fd101ae2eb0bb15f61fc0e6da7a2a38b85a89e8']",[],1.0,0ffee3ba8e615ad22535e7f771690a28,2d1eb5817ece335c24904f516ad5da12,http/1.1,,4301.911861,10.0.2.15,57420,104.20.235.3,443,tcp,141.23564700000043,1129.0,4256.0,SF,True,False,0,ShADadTTFf,26,2189,27,5340,ssl,0
4305.628258,CBucgl2857j7YxSuX7,10.0.2.15,57425,54.192.93.64,443,TLSv12,TLS_ECDHE_RSA_WITH_AES_128_GCM_SHA256,secp256r1,hautelook.sspinc.io,False,True,CsxuknGIti,"['9c4fa2f0b2c5e05176e97fca333f0b7f529a66eeaf3affa4d75ce092c00c5fd3', '154c433c491929c5ef686e838e323664a00e6a0d822ccc958fb4dab03e49a08f']",[],1.0,0ffee3ba8e615ad22535e7f771690a28,76cc3e2d3028143b23ec18e27dbd7ca9,http/1.1,,4303.146166,10.0.2.15,57425,54.192.93.64,443,tcp,128.73563999999988,741.0,6156.0,SF,True,False,0,ShADadTTFf,23,1680,25,7160,ssl,0
4309.32769,CyrGy3uo7hH6RbqBc,10.0.2.15,57434,52.5.84.180,443,TLSv12,TLS_RSA_WITH_AES_128_CBC_SHA,,s.tagsrvcs.com,False,True,CsxnGIi,"['a5f7894a2c460f9b3ac6d8aa472925854d4fea09a1165adbcc087ad539e76084', '02ab57e4e67a0cb48dd2ff34830e8ac40f4476fb08ca6be3f5cd846f646840f0', '4f32d5dc00f715250abcc486511e37f501a899deb3bf7ea8adbbd3aef1c412da']",[],1.0,0ffee3ba8e615ad22535e7f771690a28,b7ca612a52814d190006d99dcb63a655,,,4305.459957,10.0.2.15,57434,52.5.84.180,443,tcp,12.488107999999556,1002.0,7457.0,SF,True,False,0,ShADadfF,12,1498,14,8021,ssl,0
4309.888718,CZaKXf3pGjZWpG7FPc,10.0.2.15,57437,52.5.84.180,443,TLSv12,TLS_RSA_WITH_AES_128_CBC_SHA,,s.tagsrvcs.com,False,True,CsxnGIi,"['a5f7894a2c460f9b3ac6d8aa472925854d4fea09a1165adbcc087ad539e76084', '02ab57e4e67a0cb48dd2ff34830e8ac40f4476fb08ca6be3f5cd846f646840f0', '4f32d5dc00f715250abcc486511e37f501a899deb3bf7ea8adbbd3aef1c412da']",[],1.0,0ffee3ba8e615ad22535e7f771690a28,b7ca612a52814d190006d99dcb63a655,,,4305.715379,10.0.2.15,57437,52.5.84.180,443,tcp,11.775203000000149,586.0,7180.0,SF,True,False,0,ShADadFfRr,13,1122,16,7824,ssl,0
4308.626583,CpU0cd1Ns3BG9Sl9mb,10.0.2.15,57417,54.192.93.64,443,TLSv12,TLS_ECDHE_RSA_WITH_AES_128_GCM_SHA256,secp256r1,hautelook.sspinc.io,False,True,CsxuknGIti,"['9c4fa2f0b2c5e05176e97fca333f0b7f529a66eeaf3affa4d75ce092c00c5fd3', '154c433c491929c5ef686e838e323664a00e6a0d822ccc958fb4dab03e49a08f']",[],1.0,0ffee3ba8e615ad22535e7f771690a28,76cc3e2d3028143b23ec18e27dbd7ca9,http/1.1,,4308.204745,10.0.2.15,57417,54.192.93.64,443,tcp,9.488489999999729,353.0,3684.0,SF,True,False,0,^hADadFf,10,753,12,4168,ssl,0
4313.36197,CJmjRKGHHjCoP7sDk,10.0.2.15,57443,46.228.164.11,443,TLSv12,TLS_RSA_WITH_AES_128_CBC_SHA,,ad.turn.com,False,True,CsxnGIti,"['331de231c71d6e7597ac717a3ade18b10f51eea0ce4b3c9c75144a7b5ce9e2cf', '154c433c491929c5ef686e838e323664a00e6a0d822ccc958fb4dab03e49a08f']",[],1.0,0ffee3ba8e615ad22535e7f771690a28,7224c92f21d262b619e105efd1055cf7,,,4312.563662,10.0.2.15,57443,46.228.164.11,443,tcp,6.459363000000849,1084.0,7118.0,RSTO,True,False,0,ShADadFR,13,1612,14,7682,ssl,0
4313.367236,Cqhp034ff2uyPvUfg6,10.0.2.15,57442,46.228.164.11,443,TLSv12,TLS_RSA_WITH_AES_128_CBC_SHA,,ad.turn.com,False,True,CsxnGIti,"['331de231c71d6e7597ac717a3ade18b10f51eea0ce4b3c9c75144a7b5ce9e2cf', '154c433c491929c5ef686e838e323664a00e6a0d822ccc958fb4dab03e49a08f']",[],1.0,0ffee3ba8e615ad22535e7f771690a28,7224c92f21d262b619e105efd1055cf7,,,4312.562742,10.0.2.15,57442,46.228.164.11,443,tcp,9.165218000000095,562.0,3151.0,SF,True,False,0,ShADadfF,8,890,11,3595,ssl,0
4307.14586,CAeqRl1tpy6SHlzyZb,10.0.2.15,57428,104.20.235.3,443,,,,nordstromrack.affiliatetechnology.com,False,False,C,,,,0ffee3ba8e615ad22535e7f771690a28,,,,4303.744862,10.0.2.15,57428,104.20.235.3,443,tcp,7.23515800000041,214.0,0.0,SF,True,False,0,ShADafF,5,422,4,164,ssl,0
4313.388188,Cfc1uw29h37mxDLJGa,10.0.2.15,57444,149.174.28.143,443,TLSv12,TLS_RSA_WITH_AES_128_CBC_SHA,,ox.pxl.ace.advertising.com,False,True,CsxnGIi,"['0026705123888b480ac204691f51c7389a495443f5416a6256fe704260d381d5', '3b0cc20384ad7f24eb438f2b80c63ebe003f7f215b8877e418ebb0484028db57', '6b143c2005d5539cc22eab5f772db2a9fe87467feffa07fcf0a9f7d28274ca7a']",[],1.0,0ffee3ba8e615ad22535e7f771690a28,5397c414a9ebeaff1bf18b70ca22eaa0,,,4312.569301,10.0.2.15,57444,149.174.28.143,443,tcp,127.9410059999991,2075.0,5014.0,SF,True,False,0,ShADadTTFf,23,3015,26,6058,ssl,0
4314.532765,Ctwcv43ZyUovNUYHl8,10.0.2.15,57445,173.241.240.143,443,TLSv12,TLS_ECDHE_RSA_WITH_AES_128_GCM_SHA256,secp256r1,us-u.openx.net,False,True,CsxknGIi,"['ab7de06ea7a3de3225f335667d38750434931049f9e9cb0cb4a9caf5df22819c', '074541ecdf88ed992ed5ade3ecddef27a26ba1b44480a195c0a8dadae2521d8e']",[],1.0,0ffee3ba8e615ad22535e7f771690a28,699a80bdb17efe157c861f92c5bf5d1d,,,4313.580723,10.0.2.15,57445,173.241.240.143,443,tcp,36.11077699999987,841.0,3284.0,SF,True,False,0,ShADadTfF,13,1371,14,3848,ssl,0
4317.178003,CeAGZ74LyJm4imU1Ti,10.0.2.15,57448,176.34.183.160,443,TLSv12,TLS_ECDHE_RSA_WITH_AES_128_GCM_SHA256,secp256r1,match.adsrvr.org,False,True,CsxknGIi,"['eb6a61e357a3b2f8e2ab4cc809f2088543de4475bcacfe6122f6dbe82d9b7c38', '58ea0688b7909aaa8eaaa2fff36f3bbe8f4a2ad03bd70243b3903469db4890f7']",[],1.0,0ffee3ba8e615ad22535e7f771690a28,303951d4c50efb2e991652225a6f02b1,,,4315.258501,10.0.2.15,57448,176.34.183.160,443,tcp,31.570968999999423,3154.0,4577.0,RSTO,True,False,0,ShADadFTR,13,3683,15,5181,ssl,0
4317.829545,CNNDqaaYm4mmkcdT3,10.0.2.15,57455,176.34.183.160,443,TLSv12,TLS_ECDHE_RSA_WITH_AES_128_GCM_SHA256,secp256r1,match.adsrvr.org,False,True,CsxknGIi,"['eb6a61e357a3b2f8e2ab4cc809f2088543de4475bcacfe6122f6dbe82d9b7c38', '58ea0688b7909aaa8eaaa2fff36f3bbe8f4a2ad03bd70243b3903469db4890f7']",[],1.0,0ffee3ba8e615ad22535e7f771690a28,303951d4c50efb2e991652225a6f02b1,,,4315.95501,10.0.2.15,57455,176.34.183.160,443,tcp,14.426801000000523,350.0,3188.0,SF,True,False,0,ShADadFfRr,11,798,12,3672,ssl,0
4318.076018,Ca2xBO3RNoHhXJnD71,10.0.2.15,57456,34.194.5.207,443,TLSv12,TLS_ECDHE_RSA_WITH_AES_128_GCM_SHA256,secp256r1,collector.sspinc.io,False,True,CsxknGIi,"['9c4fa2f0b2c5e05176e97fca333f0b7f529a66eeaf3affa4d75ce092c00c5fd3', '154c433c491929c5ef686e838e323664a00e6a0d822ccc958fb4dab03e49a08f']",[],1.0,0ffee3ba8e615ad22535e7f771690a28,303951d4c50efb2e991652225a6f02b1,,,4316.083273,10.0.2.15,57456,34.194.5.207,443,tcp,14.228763000000072,353.0,3045.0,SF,True,False,0,ShADadFfRr,11,801,12,3529,ssl,0
4317.822401,CkOPdPTN3eCxLp6e1,10.0.2.15,57449,34.194.5.207,443,TLSv12,TLS_ECDHE_RSA_WITH_AES_128_GCM_SHA256,secp256r1,collector.sspinc.io,False,True,CsxknGIi,"['9c4fa2f0b2c5e05176e97fca333f0b7f529a66eeaf3affa4d75ce092c00c5fd3', '154c433c491929c5ef686e838e323664a00e6a0d822ccc958fb4dab03e49a08f']",[],1.0,0ffee3ba8e615ad22535e7f771690a28,303951d4c50efb2e991652225a6f02b1,,,4315.827553,10.0.2.15,57449,34.194.5.207,443,tcp,6.347130000000106,322.0,3014.0,RSTO,True,False,0,ShADadFR,8,650,8,3338,ssl,0
4322.87103,Cxc1xr4yHtUtZpSil,10.0.2.15,57474,199.96.57.6,443,TLSv12,TLS_ECDHE_RSA_WITH_AES_128_GCM_SHA256,,platform.twitter.com,True,True,CsiI,,,,1a5fe5677b0e4fbbc854e8908225637d,d199ba0af2b08e204c73d6d81a1fd260,http/1.1,,4322.491794,10.0.2.15,57474,199.96.57.6,443,tcp,7.8823950000005425,1211.0,573.0,SF,True,False,0,ShADadfF,9,1579,9,937,ssl,0
4322.86923,CEZRK13IpKW0U1hche,10.0.2.15,57478,54.192.93.17,443,TLSv12,TLS_ECDHE_RSA_WITH_AES_128_GCM_SHA256,secp256r1,b-code.liadm.com,False,True,CsxuknGIti,"['1a86f6156bbaff0333141d5e05d12da997ba999e43f6e106a0e2ff8637d06fbc', 'f55f9ffcb83c73453261601c7e044db15a0f034b93c05830f28635ef889cf670', '87dcd4dc74640a322cd205552506d1be64f12596258096544986b4850bc72706', '28689b30e4c306aab53b027b29e36ad6dd1dcf4b953994482ca84bdc1ecac996']",[],1.0,0ffee3ba8e615ad22535e7f771690a28,76cc3e2d3028143b23ec18e27dbd7ca9,h2,,4322.504261,10.0.2.15,57478,54.192.93.17,443,tcp,196.5939959999996,971.0,39602.0,SF,True,False,0,ShADadFf,40,2579,61,42046,ssl,0
4322.869942,C0SgWh1EVlQ9NfKZSi,10.0.2.15,57475,54.235.160.159,443,TLSv12,TLS_ECDHE_RSA_WITH_AES_128_GCM_SHA256,secp256r1,rainbow-us.mythings.com,False,True,CsxknGIi,"['94138e3be645e3fea1e5ebab6a1577cf0b0a096dae568e1a3594fef688ec6b3d', '111006378afbe8e99bb02ba87390ca429fca2773f74d7f7eb5744f5ddf68014b', '4f32d5dc00f715250abcc486511e37f501a899deb3bf7ea8adbbd3aef1c412da']",[],1.0,0ffee3ba8e615ad22535e7f771690a28,303951d4c50efb2e991652225a6f02b1,,,4322.494653,10.0.2.15,57475,54.235.160.159,443,tcp,70.21474000000035,669.0,11914.0,SF,True,False,0,ShADadTFf,18,1403,25,12918,ssl,0
4322.868431,CWBCHqoAw6H0xUFM6,10.0.2.15,57479,23.41.214.231,443,TLSv12,TLS_ECDHE_RSA_WITH_AES_256_GCM_SHA384,secp256r1,www.everestjs.net,False,True,CsxknGIti,"['2f9c9e4615f415558a02f12627e14101cdb66e6893c9adbc193a0530cf30c55d', 'eae72eb454bf6c3977ebd289e970b2f5282949190093d0d26f98d0f0d6a9cf17', '8420dfbe376f414bf4c0a81e6936d24ccc03f304835b86c7a39142fca723a689']",[],1.0,0ffee3ba8e615ad22535e7f771690a28,2b33c1374db4ddf06942f92373c0b54b,http/1.1,,4322.506385,10.0.2.15,57479,23.41.214.231,443,tcp,129.72342200000003,680.0,21811.0,RSTO,True,False,0,ShADadTTFR,28,1819,38,23335,ssl,0
4322.872971,CjpRkoAN8Dvmewcr3,10.0.2.15,57473,172.217.23.244,443,TLSv12,TLS_ECDHE_RSA_WITH_AES_128_GCM_SHA256,x25519,triggeredmail.appspot.com,False,True,CsxknGIti,"['79bcf3afe7524cc344efa0070920fccb1c3029ed68f7b9f8ceb6b8644d98dcf3', '9f630426df1d8abfd80ace98871ba833ab9742cb34838de2b5285ed54c0c7dcc', '3c35cc963eb004451323d3275d05b353235053490d9cd83729a2faf5e7ca1cc0']",[],1.0,0ffee3ba8e615ad22535e7f771690a28,ab41313cfec25328b20865eb1388e0a2,h2,,4322.484683,10.0.2.15,57473,172.217.23.244,443,tcp,191.8755970000002,974.0,26554.0,SF,True,False,0,ShADadfF,35,2382,53,28678,ssl,0
4322.874743,CcOeLc4Q7otRLtTcx6,10.0.2.15,57471,54.192.93.183,443,TLSv12,TLS_ECDHE_RSA_WITH_AES_128_GCM_SHA256,secp256r1,track.custora.com,False,True,CsxuknGIti,"['8e442d9cedebdf711eb77be5f781db6228706d42edb514a425a73670b297eaa2', '02ab57e4e67a0cb48dd2ff34830e8ac40f4476fb08ca6be3f5cd846f646840f0', '4f32d5dc00f715250abcc486511e37f501a899deb3bf7ea8adbbd3aef1c412da']",[],1.0,0ffee3ba8e615ad22535e7f771690a28,76cc3e2d3028143b23ec18e27dbd7ca9,http/1.1,,4322.467902,10.0.2.15,57471,54.192.93.183,443,tcp,126.78827099999944,673.0,12689.0,RSTO,True,False,0,ShADadTTFR,26,1732,32,13973,ssl,0
4322.875776,CHqcuS2k5ocTYbTxY2,10.0.2.15,57470,87.248.118.23,443,TLSv12,TLS_ECDHE_RSA_WITH_AES_128_GCM_SHA256,secp256r1,s.yimg.com,False,True,CsxuknGIti,"['17c38c0774bea02f4d68cddbf13b5353fecf6187ce52c722477434573a17ee28', 'eae72eb454bf6c3977ebd289e970b2f5282949190093d0d26f98d0f0d6a9cf17']",[],1.0,0ffee3ba8e615ad22535e7f771690a28,76cc3e2d3028143b23ec18e27dbd7ca9,h2,,4322.464439,10.0.2.15,57470,87.248.118.23,443,tcp,190.47418299999936,729.0,5215.0,SF,True,False,0,ShADadFf,20,1537,23,6139,ssl,0
4322.873824,CtOWmY2o268lwDs6ja,10.0.2.15,57472,31.13.71.7,443,TLSv12,TLS_ECDHE_ECDSA_WITH_AES_128_GCM_SHA256,secp256r1,connect.facebook.net,False,True,CsxknGIti,"['152151b387412a95ab90fd4664f2d98880408e9e43913124e4c91226a483386b', '19400be5b7a31fb733917700789d2f0a2471c0c9d506c0e504c06c16d7cb17c0']",[],1.0,0ffee3ba8e615ad22535e7f771690a28,2d1eb5817ece335c24904f516ad5da12,h2,,4322.479859,10.0.2.15,57472,31.13.71.7,443,tcp,429.6273380000002,1657.0,16005.0,SF,True,False,0,ShADadfF,35,3065,47,17889,ssl,0
4322.876803,CcCyk33DKwOJ4tKzcl,10.0.2.15,57469,54.194.240.68,443,TLSv12,TLS_ECDHE_RSA_WITH_AES_128_GCM_SHA256,secp256r1,dpm.demdex.net,False,True,CsxknGIi,"['ab8f7b89fa3e472463832f1b07660350a24ba646789dce6dd09107fab1d86a12', '19400be5b7a31fb733917700789d2f0a2471c0c9d506c0e504c06c16d7cb17c0']",[],1.0,0ffee3ba8e615ad22535e7f771690a28,303951d4c50efb2e991652225a6f02b1,,,4322.462561,10.0.2.15,57469,54.194.240.68,443,tcp,72.73804999999993,2492.0,5175.0,SF,True,False,0,ShADadTFf,21,3346,22,6059,ssl,0
4323.167861,CIU9WQ3PfuKSNmKKJj,10.0.2.15,57480,188.125.66.33,443,TLSv12,TLS_ECDHE_RSA_WITH_AES_128_GCM_SHA256,secp256r1,sp.analytics.yahoo.com,False,True,CsxknGIti,"['a42bd5146a3d4010979322f493ea1cf3e1ba9033d64ae699935e6a6ad96bd3c4', '19400be5b7a31fb733917700789d2f0a2471c0c9d506c0e504c06c16d7cb17c0']",[],1.0,1a5fe5677b0e4fbbc854e8908225637d,b898351eb5e266aefd3723d466935494,http/1.1,,4322.676686,10.0.2.15,57480,188.125.66.33,443,tcp,86.82452300000023,1717.0,4859.0,SF,True,False,0,ShADadTFf,19,2491,23,5783,ssl,0
4323.224932,CIDzAg138SXmw3jd2e,10.0.2.15,57476,52.72.0.57,443,TLSv12,TLS_ECDHE_RSA_WITH_AES_256_GCM_SHA384,secp256r1,p.liadm.com,False,True,CsxknGIti,"['9d47bb1595c18868dd4a63eff455bc39c3e7f4b5bf28f0c8f142e37cc763ad61', '687fa451382278fff0c8b11f8d43d576671c6eb2bceab413fb83d965d06d2ff2', '4f32d5dc00f715250abcc486511e37f501a899deb3bf7ea8adbbd3aef1c412da', '02ab57e4e67a0cb48dd2ff34830e8ac40f4476fb08ca6be3f5cd846f646840f0']",[],1.0,0ffee3ba8e615ad22535e7f771690a28,e35df3e00ca4ef31d42b34bebaa2f86e,,,4322.497531,10.0.2.15,57476,52.72.0.57,443,tcp,75.97868699999981,905.0,6461.0,SF,True,False,0,ShADadTfF,17,1599,20,7265,ssl,0
4323.208758,CVlAXQ2O33eYLs2di,10.0.2.15,57477,52.72.0.57,443,TLSv12,TLS_ECDHE_RSA_WITH_AES_256_GCM_SHA384,secp256r1,p.liadm.com,False,True,CsxknGIti,"['9d47bb1595c18868dd4a63eff455bc39c3e7f4b5bf28f0c8f142e37cc763ad61', '687fa451382278fff0c8b11f8d43d576671c6eb2bceab413fb83d965d06d2ff2', '4f32d5dc00f715250abcc486511e37f501a899deb3bf7ea8adbbd3aef1c412da', '02ab57e4e67a0cb48dd2ff34830e8ac40f4476fb08ca6be3f5cd846f646840f0']",[],1.0,0ffee3ba8e615ad22535e7f771690a28,e35df3e00ca4ef31d42b34bebaa2f86e,,,4322.500204,10.0.2.15,57477,52.72.0.57,443,tcp,81.01298099999985,1576.0,7189.0,SF,True,False,0,ShADadTFf,20,2390,25,8193,ssl,0
4318.074631,CrnoAp11SeY7adcT51,10.0.2.15,57450,34.194.5.207,443,TLSv12,TLS_ECDHE_RSA_WITH_AES_128_GCM_SHA256,secp256r1,collector.sspinc.io,False,True,CsxknGIi,"['9c4fa2f0b2c5e05176e97fca333f0b7f529a66eeaf3affa4d75ce092c00c5fd3', '154c433c491929c5ef686e838e323664a00e6a0d822ccc958fb4dab03e49a08f']",[],1.0,0ffee3ba8e615ad22535e7f771690a28,303951d4c50efb2e991652225a6f02b1,,,4315.829221,10.0.2.15,57450,34.194.5.207,443,tcp,9.77166599999964,322.0,3045.0,SF,True,False,0,ShADadFfRr,9,690,10,3449,ssl,0
4324.604443,CWaWm42u5W5VDAJVY8,10.0.2.15,57481,54.192.93.183,443,TLSv12,TLS_ECDHE_RSA_WITH_AES_128_GCM_SHA256,secp256r1,track.custora.com,False,True,CsxuknGIti,"['8e442d9cedebdf711eb77be5f781db6228706d42edb514a425a73670b297eaa2', '02ab57e4e67a0cb48dd2ff34830e8ac40f4476fb08ca6be3f5cd846f646840f0', '4f32d5dc00f715250abcc486511e37f501a899deb3bf7ea8adbbd3aef1c412da']",[],1.0,0ffee3ba8e615ad22535e7f771690a28,76cc3e2d3028143b23ec18e27dbd7ca9,http/1.1,,4323.599994,10.0.2.15,57481,54.192.93.183,443,tcp,10.318379000000276,351.0,5495.0,SF,True,False,0,ShADadFf,11,799,13,6019,ssl,0
4324.616098,CiJBweFVytEs1uSf9,10.0.2.15,57487,151.101.112.84,443,TLSv12,TLS_ECDHE_RSA_WITH_AES_128_GCM_SHA256,secp256r1,ct.pinterest.com,False,True,CsxuknGIti,"['f4e51395ad2a5748284f72c5726b0c36d004a1400672e97a04aaa66629a6dbd0', '19400be5b7a31fb733917700789d2f0a2471c0c9d506c0e504c06c16d7cb17c0']",[],1.0,0ffee3ba8e615ad22535e7f771690a28,860fcf58fd757e26aa8911e5eaff6b53,http/1.1,,4323.608562,10.0.2.15,57487,151.101.112.84,443,tcp,129.64901199999986,1197.0,4768.0,RSTO,True,False,0,ShADadTTFR,24,2176,25,5772,ssl,0
4324.619722,CsS39l1my8KEHXe3kf,10.0.2.15,57486,151.101.112.84,443,TLSv12,TLS_ECDHE_RSA_WITH_AES_128_GCM_SHA256,secp256r1,ct.pinterest.com,False,True,CsxuknGIti,"['f4e51395ad2a5748284f72c5726b0c36d004a1400672e97a04aaa66629a6dbd0', '19400be5b7a31fb733917700789d2f0a2471c0c9d506c0e504c06c16d7cb17c0']",[],1.0,0ffee3ba8e615ad22535e7f771690a28,860fcf58fd757e26aa8911e5eaff6b53,http/1.1,,4323.605533,10.0.2.15,57486,151.101.112.84,443,tcp,129.64431400000012,1284.0,4768.0,RSTO,True,False,0,ShADadTTFR,24,2263,25,5772,ssl,0
4324.613963,CqC1Xt4yFigS5f6Jl3,10.0.2.15,57488,54.246.120.193,443,TLSv12,TLS_ECDHE_RSA_WITH_AES_128_GCM_SHA256,secp256r1,insight.adsrvr.org,False,True,CsxknGIi,"['eb6a61e357a3b2f8e2ab4cc809f2088543de4475bcacfe6122f6dbe82d9b7c38', '58ea0688b7909aaa8eaaa2fff36f3bbe8f4a2ad03bd70243b3903469db4890f7']",[],1.0,0ffee3ba8e615ad22535e7f771690a28,303951d4c50efb2e991652225a6f02b1,,,4323.610185,10.0.2.15,57488,54.246.120.193,443,tcp,71.19681400000081,3312.0,6900.0,SF,True,False,0,ShADadTFf,20,4126,23,7824,ssl,0
4324.62634,CPsBfI3AAaVL8nQxa,10.0.2.15,57482,54.194.240.68,443,TLSv12,TLS_ECDHE_RSA_WITH_AES_128_GCM_SHA256,secp256r1,dpm.demdex.net,False,True,CsxknGIi,"['ab8f7b89fa3e472463832f1b07660350a24ba646789dce6dd09107fab1d86a12', '19400be5b7a31fb733917700789d2f0a2471c0c9d506c0e504c06c16d7cb17c0']",[],1.0,0ffee3ba8e615ad22535e7f771690a28,303951d4c50efb2e991652225a6f02b1,,,4323.600648,10.0.2.15,57482,54.194.240.68,443,tcp,12.787727000000814,348.0,3143.0,SF,True,False,0,ShADadTFfRr,13,877,15,3747,ssl,0
4324.805058,CmMrvebrsAkzYJRah,10.0.2.15,57483,172.217.23.244,443,TLSv12,TLS_ECDHE_RSA_WITH_AES_128_GCM_SHA256,x25519,triggeredmail.appspot.com,False,True,CsxknGIti,"['79bcf3afe7524cc344efa0070920fccb1c3029ed68f7b9f8ceb6b8644d98dcf3', '9f630426df1d8abfd80ace98871ba833ab9742cb34838de2b5285ed54c0c7dcc', '3c35cc963eb004451323d3275d05b353235053490d9cd83729a2faf5e7ca1cc0']",[],1.0,0ffee3ba8e615ad22535e7f771690a28,ab41313cfec25328b20865eb1388e0a2,h2,,4323.601858,10.0.2.15,57483,172.217.23.244,443,tcp,9.752096999999594,535.0,4003.0,RSTO,True,False,0,ShADadFR,13,1063,16,4647,ssl,0
4329.179556,C4SBpn3dkOryttUbr7,10.0.2.15,57491,172.217.23.230,443,TLSv12,TLS_ECDHE_RSA_WITH_AES_128_GCM_SHA256,x25519,6422108.fls.doubleclick.net,False,True,CsxknGIti,"['378a6c73f6dec1c6bc563fa8eda92c3e9ce61b893db7685686c41f33ab89931c', '9f630426df1d8abfd80ace98871ba833ab9742cb34838de2b5285ed54c0c7dcc', '3c35cc963eb004451323d3275d05b353235053490d9cd83729a2faf5e7ca1cc0']",[],1.0,0ffee3ba8e615ad22535e7f771690a28,ab41313cfec25328b20865eb1388e0a2,h2,,4325.825356,10.0.2.15,57491,172.217.23.230,443,tcp,190.1559939999997,1192.0,5111.0,SF,True,False,0,ShADadFf,21,2040,24,6075,ssl,0
4329.213545,CZy7dM2uOICFsCN26k,10.0.2.15,57490,172.217.23.230,443,TLSv12,TLS_ECDHE_RSA_WITH_AES_128_GCM_SHA256,x25519,6422108.fls.doubleclick.net,False,True,CsxknGIti,"['378a6c73f6dec1c6bc563fa8eda92c3e9ce61b893db7685686c41f33ab89931c', '9f630426df1d8abfd80ace98871ba833ab9742cb34838de2b5285ed54c0c7dcc', '3c35cc963eb004451323d3275d05b353235053490d9cd83729a2faf5e7ca1cc0']",[],1.0,0ffee3ba8e615ad22535e7f771690a28,ab41313cfec25328b20865eb1388e0a2,h2,,4325.817752,10.0.2.15,57490,172.217.23.230,443,tcp,22.051768000000266,1013.0,5002.0,SF,True,False,0,ShADadFf,14,1581,16,5646,ssl,0
4337.510637,CdYGUQ1ONTIICAB4rk,10.0.2.15,57498,95.100.188.137,443,TLSv12,TLS_ECDHE_RSA_WITH_AES_256_GCM_SHA384,secp256r1,cdns.us1.gigya.com,False,True,CsxknGIti,"['b04060d44d547fa9ca664c5b49bc0750241a752f0ffd54655c7e6bc93f68a42e', 'eae72eb454bf6c3977ebd289e970b2f5282949190093d0d26f98d0f0d6a9cf17']",[],1.0,0ffee3ba8e615ad22535e7f771690a28,2b33c1374db4ddf06942f92373c0b54b,http/1.1,,4336.633901,10.0.2.15,57498,95.100.188.137,443,tcp,127.01863099999991,1024.0,35514.0,RSTO,True,False,0,ShADadTTFR,36,2483,55,37718,ssl,0
4339.004764,C4tdG2so7N3Wxmt77,10.0.2.15,57499,104.244.43.112,443,TLSv12,TLS_ECDHE_RSA_WITH_AES_128_GCM_SHA256,secp256r1,static.ads-twitter.com,False,True,CsxuknGIti,"['57c868a580b1e1d5c88d4b5ac225b028e8774ddb7c0e68e7729c4df4ffc17086', '19400be5b7a31fb733917700789d2f0a2471c0c9d506c0e504c06c16d7cb17c0']",[],1.0,0ffee3ba8e615ad22535e7f771690a28,76cc3e2d3028143b23ec18e27dbd7ca9,http/1.1,,4338.338301,10.0.2.15,57499,104.244.43.112,443,tcp,17.828050000000076,756.0,4707.0,SF,True,False,0,ShADadTFf,11,1205,13,5231,ssl,0
4329.231717,Cc7drO1DqZCwGZXcX5,10.0.2.15,57492,54.194.240.68,443,TLSv12,TLS_ECDHE_RSA_WITH_AES_128_GCM_SHA256,secp256r1,comcast.demdex.net,False,True,CsxknGIi,"['ab8f7b89fa3e472463832f1b07660350a24ba646789dce6dd09107fab1d86a12', '19400be5b7a31fb733917700789d2f0a2471c0c9d506c0e504c06c16d7cb17c0']",[],1.0,0ffee3ba8e615ad22535e7f771690a28,303951d4c50efb2e991652225a6f02b1,,,4326.058206,10.0.2.15,57492,54.194.240.68,443,tcp,80.9815779999999,2182.0,3946.0,SF,True,False,0,ShADaTdFf,19,2957,20,4750,ssl,0
4345.127523,C9mr6S1hPm1avRVVH2,10.0.2.15,57507,52.85.185.214,443,TLSv12,TLS_ECDHE_RSA_WITH_AES_128_GCM_SHA256,,js.adsrvr.org,True,True,CsiI,,,,1a5fe5677b0e4fbbc854e8908225637d,d199ba0af2b08e204c73d6d81a1fd260,http/1.1,,4344.032182,10.0.2.15,57507,52.85.185.214,443,tcp,6.05660700000044,3969.0,578.0,SF,True,False,0,ShADadFf,11,4417,11,1022,ssl,0
4345.131938,C3y12d4ExoNmF8fu2e,10.0.2.15,57506,66.117.29.37,443,TLSv12,TLS_ECDHE_RSA_WITH_AES_256_GCM_SHA384,secp256r1,hautelook.sc.omtrdc.net,False,True,CsxknGIi,"['2a6e9d2e728ec51e35f4e39e58b5fcd4640d3f2e8ad07ad95b1f72e891b71f96', '19400be5b7a31fb733917700789d2f0a2471c0c9d506c0e504c06c16d7cb17c0']",[],1.0,0ffee3ba8e615ad22535e7f771690a28,959bfcf87532cbff1253e80a4ee81308,,,4343.993548,10.0.2.15,57506,66.117.29.37,443,tcp,30.016724000000067,1046.0,3520.0,SF,True,False,0,ShADadTFf,14,1616,17,4204,ssl,0
4345.139558,C22yPDhiZifrMl5m,10.0.2.15,57505,52.5.252.116,443,TLSv12,TLS_ECDHE_RSA_WITH_AES_128_GCM_SHA256,secp256r1,t.custora.com,False,True,CsxknGIi,"['8e442d9cedebdf711eb77be5f781db6228706d42edb514a425a73670b297eaa2', '02ab57e4e67a0cb48dd2ff34830e8ac40f4476fb08ca6be3f5cd846f646840f0', '4f32d5dc00f715250abcc486511e37f501a899deb3bf7ea8adbbd3aef1c412da']",[],1.0,0ffee3ba8e615ad22535e7f771690a28,303951d4c50efb2e991652225a6f02b1,,,4343.982834,10.0.2.15,57505,52.5.252.116,443,tcp,129.4982459999992,973.0,5606.0,SF,True,False,0,ShADadTTFfRr,24,1952,26,6650,ssl,0
4345.536001,C8zuB420EmiMLmU1He,10.0.2.15,57509,52.72.131.47,443,TLSv12,TLS_ECDHE_RSA_WITH_AES_128_GCM_SHA256,secp256r1,c.liadm.com,False,True,CsxknGIi,"['1a86f6156bbaff0333141d5e05d12da997ba999e43f6e106a0e2ff8637d06fbc', 'f55f9ffcb83c73453261601c7e044db15a0f034b93c05830f28635ef889cf670', '87dcd4dc74640a322cd205552506d1be64f12596258096544986b4850bc72706', '28689b30e4c306aab53b027b29e36ad6dd1dcf4b953994482ca84bdc1ecac996']",[],1.0,0ffee3ba8e615ad22535e7f771690a28,303951d4c50efb2e991652225a6f02b1,,,4344.050044,10.0.2.15,57509,52.72.131.47,443,tcp,69.88783000000058,1236.0,5562.0,SF,True,False,0,ShADadTFf,17,1929,20,6366,ssl,0
4345.537314,CEdlFw10puSwpHVmb4,10.0.2.15,57508,52.2.190.246,443,TLSv12,TLS_ECDHE_RSA_WITH_AES_128_GCM_SHA256,secp256r1,d.liadm.com,False,True,CsxknGIti,"['accf525e33441ffba6337916e1999eadb2d2e070f5f3ce5ee16852bea1b35260', '02ab57e4e67a0cb48dd2ff34830e8ac40f4476fb08ca6be3f5cd846f646840f0', '4f32d5dc00f715250abcc486511e37f501a899deb3bf7ea8adbbd3aef1c412da']",[],1.0,0ffee3ba8e615ad22535e7f771690a28,ccc514751b175866924439bdbb5bba34,,,4344.034608,10.0.2.15,57508,52.2.190.246,443,tcp,63.8436899999997,696.0,5382.0,SF,True,False,0,ShADadTfF,16,1349,18,6106,ssl,0
4348.005815,CYQv6b40uCuAN7N0l6,10.0.2.15,57512,104.16.179.28,443,TLSv12,TLS_ECDHE_ECDSA_WITH_AES_128_GCM_SHA256,secp256r1,t.ambra.com,False,True,CsxknGIti,"['3a95654f5ceb3a0fac705e1a2adfa72b3ba0f5f80e854f6c9b2401e63c71c68f', 'cd6c108a0e641f2ca122aaa6d03f826759cae7c6f800eabf76dc48b67cd083ce', '9573862ac0b4b125168810ea3fd101ae2eb0bb15f61fc0e6da7a2a38b85a89e8']",[],1.0,0ffee3ba8e615ad22535e7f771690a28,2d1eb5817ece335c24904f516ad5da12,http/1.1,,4345.862688,10.0.2.15,57512,104.16.179.28,443,tcp,139.44361800000024,1234.0,8018.0,SF,True,False,0,ShADadTTFf,28,2373,30,9222,ssl,0
4348.64684,CBhrUQ2VTgc9s55sp,10.0.2.15,57515,130.211.103.172,443,TLSv12,TLS_ECDHE_RSA_WITH_AES_256_GCM_SHA384,secp256r1,mpp.vindicosuite.com,False,True,CsxknGIti,"['e2825dba3b8eae4012ae5d041988843ad3934e1e8336afd795b0c2edac93fe0a', '973a41276ffd01e027a2aad49e34c37846d3e976ff6a620b6712e33832041aa6', '3a2fbe92891e57fe05d57087f48e730f17e5a5f53ef403d618e5b74d7a7e6ecb', 'c3846bf24b9e93ca64274c0ec67c1ecc5e024ffcacd2d74019350e81fe546ae4']",[],1.0,0ffee3ba8e615ad22535e7f771690a28,e35df3e00ca4ef31d42b34bebaa2f86e,,,4346.457973,10.0.2.15,57515,130.211.103.172,443,tcp,6.133983000000626,323.0,5443.0,SF,True,False,0,ShADadFf,9,691,10,5847,ssl,0
4348.65738,CXX2nL1CLBtB3xMw2g,10.0.2.15,57504,34.194.211.139,443,TLSv12,TLS_ECDHE_RSA_WITH_AES_128_GCM_SHA256,secp256r1,platform.instagram.com,False,True,CsxknGIti,"['75f97496eafd0cbf253c16a154838631116569e35c96831f9720036d048f93a4', '19400be5b7a31fb733917700789d2f0a2471c0c9d506c0e504c06c16d7cb17c0']",[],1.0,0ffee3ba8e615ad22535e7f771690a28,b898351eb5e266aefd3723d466935494,h2,,4343.300137,10.0.2.15,57504,34.194.211.139,443,tcp,44.895802,826.0,23785.0,SF,True,False,0,ShADadfF,27,1922,39,25349,ssl,0
4350.029991,Ckf3l336z3oE3OfDxk,10.0.2.15,57522,34.194.211.139,443,TLSv12,TLS_ECDHE_RSA_WITH_AES_128_GCM_SHA256,secp256r1,platform.instagram.com,False,True,CsxknGIti,"['75f97496eafd0cbf253c16a154838631116569e35c96831f9720036d048f93a4', '19400be5b7a31fb733917700789d2f0a2471c0c9d506c0e504c06c16d7cb17c0']",[],1.0,0ffee3ba8e615ad22535e7f771690a28,b898351eb5e266aefd3723d466935494,h2,,4348.993699,10.0.2.15,57522,34.194.211.139,443,tcp,14.807432000000516,565.0,4264.0,SF,True,False,0,ShADadFfRr,13,1093,15,4868,ssl,0
4365.63758,C2O7rB3gkwDkQ8Px4g,10.0.2.15,57539,172.217.23.226,443,TLSv12,TLS_ECDHE_RSA_WITH_AES_128_GCM_SHA256,,securepubads.g.doubleclick.net,True,True,CsiI,,,,1a5fe5677b0e4fbbc854e8908225637d,67619a80665d7ab92d1041b1d11f9164,h2,,4365.579159,10.0.2.15,57539,172.217.23.226,443,tcp,16.899779999999737,3389.0,156.0,SF,True,False,0,^hADadfF,14,3949,14,720,ssl,0
4369.209455,CzaC8c32F89ceufU4e,10.0.2.15,57568,172.217.23.226,443,TLSv12,TLS_ECDHE_RSA_WITH_AES_128_GCM_SHA256,,securepubads.g.doubleclick.net,True,True,CsiI,,,,1a5fe5677b0e4fbbc854e8908225637d,67619a80665d7ab92d1041b1d11f9164,h2,,4367.228733,10.0.2.15,57568,172.217.23.226,443,tcp,10.50917600000048,1699.0,5097.0,SF,True,False,0,^hADadFf,15,2299,21,5941,ssl,0
4368.364455,Ca16DY1k8vfCDXmmId,10.0.2.15,57565,104.16.179.28,443,,,,t.ambra.com,False,False,C,,,,1a5fe5677b0e4fbbc854e8908225637d,,,,4367.217619,10.0.2.15,57565,104.16.179.28,443,tcp,2.679455000000416,517.0,0.0,SF,True,False,0,^hADafF,4,677,4,164,ssl,0
4368.361887,C2204t2DJ4mhAu7Kt9,10.0.2.15,57566,104.16.179.28,443,,,,t.ambra.com,False,False,C,,,,1a5fe5677b0e4fbbc854e8908225637d,,,,4367.218946,10.0.2.15,57566,104.16.179.28,443,tcp,2.678557999999611,517.0,0.0,SF,True,False,0,^hADafF,4,677,4,164,ssl,0
4368.360566,CZQUc13eESomaWVew9,10.0.2.15,57567,104.16.179.28,443,,,,t.ambra.com,False,False,C,,,,1a5fe5677b0e4fbbc854e8908225637d,,,,4367.225205,10.0.2.15,57567,104.16.179.28,443,tcp,2.67396700000063,517.0,0.0,SF,True,False,0,^hADafF,4,677,4,164,ssl,0
4368.365267,CukwCk4EzjjDHVX90a,10.0.2.15,57564,104.16.179.28,443,,,,t.ambra.com,False,False,C,,,,1a5fe5677b0e4fbbc854e8908225637d,,,,4367.172193,10.0.2.15,57564,104.16.179.28,443,tcp,2.884949999999662,517.0,0.0,SF,True,False,0,^hADafF,4,677,4,164,ssl,0
4376.350779,C0zg6VD14kblzBHq3,10.0.2.15,57594,157.240.3.52,443,TLSv12,TLS_ECDHE_RSA_WITH_AES_128_GCM_SHA256,secp256r1,www.instagram.com,False,True,CsxknGIti,"['75f97496eafd0cbf253c16a154838631116569e35c96831f9720036d048f93a4', '19400be5b7a31fb733917700789d2f0a2471c0c9d506c0e504c06c16d7cb17c0']",[],1.0,0ffee3ba8e615ad22535e7f771690a28,b898351eb5e266aefd3723d466935494,h2,,4374.865575,10.0.2.15,57594,157.240.3.52,443,tcp,197.29756,1440.0,152510.0,RSTO,True,False,0,ShADadFR,69,4208,134,157874,ssl,0
4378.108954,CSxGSf1fUnijRXtWd1,10.0.2.15,57601,157.240.3.52,443,TLSv12,TLS_ECDHE_RSA_WITH_AES_128_GCM_SHA256,secp256r1,www.instagram.com,False,True,CsxknGIti,"['75f97496eafd0cbf253c16a154838631116569e35c96831f9720036d048f93a4', '19400be5b7a31fb733917700789d2f0a2471c0c9d506c0e504c06c16d7cb17c0']",[],1.0,0ffee3ba8e615ad22535e7f771690a28,b898351eb5e266aefd3723d466935494,h2,,4375.968266,10.0.2.15,57601,157.240.3.52,443,tcp,10.591669999999796,560.0,4187.0,RSTO,True,False,0,ShADadFR,11,1008,13,4711,ssl,0
4378.11055,CTkraZ2Y4aIqIIv0V4,10.0.2.15,57599,23.23.219.8,443,TLSv12,TLS_ECDHE_RSA_WITH_AES_128_GCM_SHA256,secp256r1,usermatch.krxd.net,False,True,CsxknGIi,"['801848f55bb97f055d1e2f3f6c8094cf12d7b6285a7ed7c20bf39440c6cb5f8e', '973a41276ffd01e027a2aad49e34c37846d3e976ff6a620b6712e33832041aa6', '3a2fbe92891e57fe05d57087f48e730f17e5a5f53ef403d618e5b74d7a7e6ecb', 'c3846bf24b9e93ca64274c0ec67c1ecc5e024ffcacd2d74019350e81fe546ae4']",[],1.0,0ffee3ba8e615ad22535e7f771690a28,303951d4c50efb2e991652225a6f02b1,,,4375.95006,10.0.2.15,57599,23.23.219.8,443,tcp,70.83275299999968,684.0,5663.0,SF,True,False,0,ShADadTFf,17,1377,20,6467,ssl,0
4378.527787,CvEj3m2IdoqKHclsge,10.0.2.15,57602,23.23.219.8,443,TLSv12,TLS_ECDHE_RSA_WITH_AES_128_GCM_SHA256,secp256r1,usermatch.krxd.net,False,True,CsxknGIi,"['801848f55bb97f055d1e2f3f6c8094cf12d7b6285a7ed7c20bf39440c6cb5f8e', '973a41276ffd01e027a2aad49e34c37846d3e976ff6a620b6712e33832041aa6', '3a2fbe92891e57fe05d57087f48e730f17e5a5f53ef403d618e5b74d7a7e6ecb', 'c3846bf24b9e93ca64274c0ec67c1ecc5e024ffcacd2d74019350e81fe546ae4']",[],1.0,0ffee3ba8e615ad22535e7f771690a28,303951d4c50efb2e991652225a6f02b1,,,4376.207801,10.0.2.15,57602,23.23.219.8,443,tcp,12.712375000000064,352.0,5273.0,RSTO,True,False,0,ShADadFR,11,800,13,5797,ssl,0
4369.720777,C1v8Tm12o3sRScssC6,10.0.2.15,57582,23.74.199.60,443,TLSv12,TLS_ECDHE_RSA_WITH_AES_128_GCM_SHA256,secp256r1,accounts.us1.gigya.com,False,True,CsxknGIti,"['ae098ba04310c059c418d0fae60d92934e4b3948cfba5bc288362ddfc411093c', '074541ecdf88ed992ed5ade3ecddef27a26ba1b44480a195c0a8dadae2521d8e']",[],1.0,0ffee3ba8e615ad22535e7f771690a28,8d2a028aa94425f76ced7826b1f39039,http/1.1,,4368.205172,10.0.2.15,57582,23.74.199.60,443,tcp,20.638033999999607,356.0,4576.0,SF,True,False,0,^hADaTdFRfr,11,797,14,5140,ssl,0
4369.71953,Cr1aNy1losXWwrSrtc,10.0.2.15,57583,23.74.199.60,443,TLSv12,TLS_ECDHE_RSA_WITH_AES_128_GCM_SHA256,secp256r1,accounts.us1.gigya.com,False,True,CsxknGIti,"['ae098ba04310c059c418d0fae60d92934e4b3948cfba5bc288362ddfc411093c', '074541ecdf88ed992ed5ade3ecddef27a26ba1b44480a195c0a8dadae2521d8e']",[],1.0,0ffee3ba8e615ad22535e7f771690a28,8d2a028aa94425f76ced7826b1f39039,http/1.1,,4368.28679,10.0.2.15,57583,23.74.199.60,443,tcp,136.21624599999996,1098.0,5492.0,RSTO,True,False,0,^hADaTdTFR,24,2070,26,6536,ssl,0
4369.433632,CjiwrhP3oX9JxJpn4,10.0.2.15,57578,104.16.179.28,443,,,,t.ambra.com,False,False,C,,,,1a5fe5677b0e4fbbc854e8908225637d,,,,4367.374849,10.0.2.15,57578,104.16.179.28,443,tcp,15.795482999999876,517.0,0.0,SF,True,False,0,^hADaTfF,5,718,5,204,ssl,0
4369.434462,CtIjCkrtEMWnvgmP9,10.0.2.15,57581,104.16.179.28,443,,,,t.ambra.com,False,False,C,,,,1a5fe5677b0e4fbbc854e8908225637d,,,,4367.457391,10.0.2.15,57581,104.16.179.28,443,tcp,15.991407000000436,517.0,0.0,SF,True,False,0,^hADaTfF,5,718,5,204,ssl,0
4369.427633,CFJIqZenkPsrwld27,10.0.2.15,57579,104.16.179.28,443,,,,t.ambra.com,False,False,C,,,,1a5fe5677b0e4fbbc854e8908225637d,,,,4367.423535,10.0.2.15,57579,104.16.179.28,443,tcp,16.02570999999989,517.0,0.0,SF,True,False,0,^hADaTfF,5,718,5,204,ssl,0
4369.435296,CaqccU2t7SjtwWM50j,10.0.2.15,57580,104.16.179.28,443,,,,t.ambra.com,False,False,C,,,,1a5fe5677b0e4fbbc854e8908225637d,,,,4367.440375,10.0.2.15,57580,104.16.179.28,443,tcp,16.727756000000227,517.0,0.0,SF,True,False,0,^hADaTfF,5,718,5,204,ssl,0
4389.221624,C4tGFT2ZBsPsf02JBg,10.0.2.15,57611,80.252.91.53,443,TLSv12,TLS_RSA_WITH_AES_256_CBC_SHA,,bs.serving-sys.com,False,True,CsxnGIi,"['da83f8402756964819e846696c134edb748ee8801ff17fcfd761d886058327c8', '3f3af9c9cc2c7599ef8f6dd7ca516cfc1797d7d12002254f3bfd0d4d0fe9de86']",[],1.0,0ffee3ba8e615ad22535e7f771690a28,0a917d753018dad73d9899ace370f8d8,,,4388.627954,10.0.2.15,57611,80.252.91.53,443,tcp,1.007197000000815,537.0,2673.0,SF,True,False,0,ShADadFf,7,825,8,2997,ssl,0
4389.222751,CFIvaQX41hpso4Wjc,10.0.2.15,57610,80.252.91.53,443,TLSv12,TLS_RSA_WITH_AES_256_CBC_SHA,,bs.serving-sys.com,False,True,CsxnGIi,"['da83f8402756964819e846696c134edb748ee8801ff17fcfd761d886058327c8', '3f3af9c9cc2c7599ef8f6dd7ca516cfc1797d7d12002254f3bfd0d4d0fe9de86']",[],1.0,0ffee3ba8e615ad22535e7f771690a28,0a917d753018dad73d9899ace370f8d8,,,4388.627168,10.0.2.15,57610,80.252.91.53,443,tcp,8.854803000000175,590.0,2673.0,SF,True,False,0,ShADadFf,9,958,9,3037,ssl,0
4392.311058,CcEkeb1stE5UqfU33j,10.0.2.15,57615,151.101.1.69,443,TLSv12,TLS_ECDHE_RSA_WITH_AES_128_GCM_SHA256,secp256r1,superuser.com,False,True,CsxuknGIti,"['9396c5035bc84f7347ecb1befda1043694ac8d814895656b54d353e4e6eae625', '19400be5b7a31fb733917700789d2f0a2471c0c9d506c0e504c06c16d7cb17c0']",[],1.0,0ffee3ba8e615ad22535e7f771690a28,860fcf58fd757e26aa8911e5eaff6b53,h2,,4391.541959,10.0.2.15,57615,151.101.1.69,443,tcp,226.79368799999972,2401.0,301392.0,SF,True,False,0,ShADadFfRr,185,9809,383,316716,ssl,0
4392.312134,CXLhXV1aGvYwWutib2,10.0.2.15,57618,31.13.84.52,443,TLSv12,TLS_ECDHE_RSA_WITH_AES_128_GCM_SHA256,secp256r1,scontent-vie1-1.cdninstagram.com,False,True,CsxknGIti,"['75f97496eafd0cbf253c16a154838631116569e35c96831f9720036d048f93a4', '19400be5b7a31fb733917700789d2f0a2471c0c9d506c0e504c06c16d7cb17c0']",[],1.0,0ffee3ba8e615ad22535e7f771690a28,b898351eb5e266aefd3723d466935494,h2,,4392.207297,10.0.2.15,57618,31.13.84.52,443,tcp,183.076556,1025.0,49368.0,RSTO,True,False,0,ShADadFR,31,2273,55,51572,ssl,0
4392.312644,Cc3vrX1aLciwBMqjWl,10.0.2.15,57617,31.13.84.52,443,TLSv12,TLS_ECDHE_RSA_WITH_AES_128_GCM_SHA256,secp256r1,scontent-vie1-1.cdninstagram.com,False,True,CsxknGIti,"['75f97496eafd0cbf253c16a154838631116569e35c96831f9720036d048f93a4', '19400be5b7a31fb733917700789d2f0a2471c0c9d506c0e504c06c16d7cb17c0']",[],1.0,0ffee3ba8e615ad22535e7f771690a28,b898351eb5e266aefd3723d466935494,h2,,4392.206783,10.0.2.15,57617,31.13.84.52,443,tcp,3.89630600000055,846.0,8917.0,SF,True,False,0,ShADadfF,14,1414,21,9761,ssl,0
4392.748352,CEhNhp3BJwIa5zZJGg,10.0.2.15,57622,74.120.148.201,443,TLSv12,TLS_ECDHE_RSA_WITH_AES_128_GCM_SHA256,secp256r1,gscounters.us1.gigya.com,False,True,CsxknGIti,"['aa83eed7a9e6a5da067786f5af5bacdae15db5772f3ca5fe2d5f4af877faee20', '02ab57e4e67a0cb48dd2ff34830e8ac40f4476fb08ca6be3f5cd846f646840f0', '4f32d5dc00f715250abcc486511e37f501a899deb3bf7ea8adbbd3aef1c412da']",[],1.0,0ffee3ba8e615ad22535e7f771690a28,389ed42c02ebecc32e73aa31def07e14,,,4392.302037,10.0.2.15,57622,74.120.148.201,443,tcp,8.015354999999545,1209.0,5742.0,SF,True,False,0,ShADadfF,10,1617,13,6266,ssl,0
4392.969221,CyN8oP1WT6zKdy3Nv6,10.0.2.15,57619,31.13.84.52,443,TLSv12,TLS_ECDHE_RSA_WITH_AES_128_GCM_SHA256,secp256r1,scontent-vie1-1.cdninstagram.com,False,True,CsxknGIti,"['75f97496eafd0cbf253c16a154838631116569e35c96831f9720036d048f93a4', '19400be5b7a31fb733917700789d2f0a2471c0c9d506c0e504c06c16d7cb17c0']",[],1.0,0ffee3ba8e615ad22535e7f771690a28,b898351eb5e266aefd3723d466935494,h2,,4392.299191,10.0.2.15,57619,31.13.84.52,443,tcp,3.572497999999541,575.0,4203.0,RSTO,True,False,0,ShADadFR,11,1023,12,4687,ssl,0
4394.305137,CozCtK2xo7ctIi7WXj,10.0.2.15,57626,172.217.23.243,443,TLSv12,TLS_ECDHE_RSA_WITH_AES_128_GCM_SHA256,x25519,www.snapchat.com,False,True,CsxknGIi,"['6fae4ec7fee9798ae95f17b411be418acdaf3d1ba4fa5146cdb5f15da7a81920', '19400be5b7a31fb733917700789d2f0a2471c0c9d506c0e504c06c16d7cb17c0']",[],1.0,0ffee3ba8e615ad22535e7f771690a28,67619a80665d7ab92d1041b1d11f9164,h2,,4394.018591,10.0.2.15,57626,172.217.23.243,443,tcp,5.07395600000018,790.0,9266.0,SF,True,False,0,ShADadFf,19,1558,24,10230,ssl,0
4394.306105,CHTYC12cTe6QmMGav,10.0.2.15,57625,172.217.23.243,443,TLSv12,TLS_ECDHE_RSA_WITH_AES_128_GCM_SHA256,x25519,www.snapchat.com,False,True,CsxknGIi,"['6fae4ec7fee9798ae95f17b411be418acdaf3d1ba4fa5146cdb5f15da7a81920', '19400be5b7a31fb733917700789d2f0a2471c0c9d506c0e504c06c16d7cb17c0']",[],1.0,0ffee3ba8e615ad22535e7f771690a28,67619a80665d7ab92d1041b1d11f9164,h2,,4394.010613,10.0.2.15,57625,172.217.23.243,443,tcp,291.41292299999986,7236.0,992996.0,RSTO,True,False,0,ShADadFR,566,29884,1215,1041600,ssl,0
4394.779659,C5Bji2d89etWLmmWi,10.0.2.15,57630,151.101.112.175,443,TLSv12,TLS_ECDHE_RSA_WITH_AES_128_GCM_SHA256,,cdn.krxd.net,True,True,CsiI,,,,1a5fe5677b0e4fbbc854e8908225637d,1d0e57c6ae42e9204defa51e5e1cdc4c,http/1.1,,4394.591529,10.0.2.15,57630,151.101.112.175,443,tcp,119.3181109999996,1443.0,4035.0,SF,True,False,0,ShADadTTFRfr,25,2462,27,5119,ssl,0
4395.140559,CTNU1w4I6WgyDS7Ua,10.0.2.15,57631,52.5.194.245,443,TLSv12,TLS_ECDHE_RSA_WITH_AES_128_GCM_SHA256,secp256r1,geo.moatads.com,False,True,CsxknGIi,"['a1f5b668b42edb358e83f7846b2d9b47b4c87d7ba7c20aecdceea13939a70e76', 'e6683e88315cd1cb403c0cea490f7c4b4c82c91cd485037489aadbaa90839f61']",[],1.0,0ffee3ba8e615ad22535e7f771690a28,303951d4c50efb2e991652225a6f02b1,,,4394.597393,10.0.2.15,57631,52.5.194.245,443,tcp,64.72147700000005,1711.0,3399.0,SF,True,False,0,ShADadTFf,16,2364,18,4123,ssl,0
4399.334115,CSetwji1SyG6kHii8,10.0.2.15,57638,151.101.193.69,443,TLSv12,TLS_ECDHE_RSA_WITH_AES_128_GCM_SHA256,secp256r1,cdn.sstatic.net,False,True,CsxuknGIti,"['9396c5035bc84f7347ecb1befda1043694ac8d814895656b54d353e4e6eae625', '19400be5b7a31fb733917700789d2f0a2471c0c9d506c0e504c06c16d7cb17c0']",[],1.0,0ffee3ba8e615ad22535e7f771690a28,860fcf58fd757e26aa8911e5eaff6b53,h2,,4398.496786,10.0.2.15,57638,151.101.193.69,443,tcp,4.13680100000056,529.0,4315.0,SF,True,False,0,ShADadFRfr,12,1017,14,4879,ssl,0
4399.335142,CvIo6g4otIIVebxk8c,10.0.2.15,57637,151.101.193.69,443,TLSv12,TLS_ECDHE_RSA_WITH_AES_128_GCM_SHA256,secp256r1,cdn.sstatic.net,False,True,CsxuknGIti,"['9396c5035bc84f7347ecb1befda1043694ac8d814895656b54d353e4e6eae625', '19400be5b7a31fb733917700789d2f0a2471c0c9d506c0e504c06c16d7cb17c0']",[],1.0,0ffee3ba8e615ad22535e7f771690a28,860fcf58fd757e26aa8911e5eaff6b53,h2,,4398.495473,10.0.2.15,57637,151.101.193.69,443,tcp,4.045291000000361,529.0,4315.0,RSTO,True,False,0,ShADadFR,11,977,14,4879,ssl,0
4399.308993,CVXfYcEbzFyjoUbme,10.0.2.15,57636,151.101.193.69,443,TLSv12,TLS_ECDHE_RSA_WITH_AES_128_GCM_SHA256,secp256r1,cdn.sstatic.net,False,True,CsxuknGIti,"['9396c5035bc84f7347ecb1befda1043694ac8d814895656b54d353e4e6eae625', '19400be5b7a31fb733917700789d2f0a2471c0c9d506c0e504c06c16d7cb17c0']",[],1.0,0ffee3ba8e615ad22535e7f771690a28,860fcf58fd757e26aa8911e5eaff6b53,h2,,4398.494888,10.0.2.15,57636,151.101.193.69,443,tcp,4.027831999999762,529.0,4315.0,RSTO,True,False,0,ShADadFR,11,977,13,4839,ssl,0
4399.592423,CSG5ns1VurMQWKIBgg,10.0.2.15,57642,151.101.193.69,443,TLSv12,TLS_ECDHE_RSA_WITH_AES_128_GCM_SHA256,secp256r1,cdn.sstatic.net,False,True,CsxuknGIti,"['9396c5035bc84f7347ecb1befda1043694ac8d814895656b54d353e4e6eae625', '19400be5b7a31fb733917700789d2f0a2471c0c9d506c0e504c06c16d7cb17c0']",[],1.0,0ffee3ba8e615ad22535e7f771690a28,860fcf58fd757e26aa8911e5eaff6b53,h2,,4398.809737,10.0.2.15,57642,151.101.193.69,443,tcp,3.631286000000727,529.0,4284.0,RSTO,True,False,0,ShADadFR,11,977,12,4768,ssl,0
4399.590902,CkH4Nl1BVDhKOV1oh2,10.0.2.15,57643,151.101.193.69,443,TLSv12,TLS_ECDHE_RSA_WITH_AES_128_GCM_SHA256,secp256r1,cdn.sstatic.net,False,True,CsxuknGIti,"['9396c5035bc84f7347ecb1befda1043694ac8d814895656b54d353e4e6eae625', '19400be5b7a31fb733917700789d2f0a2471c0c9d506c0e504c06c16d7cb17c0']",[],1.0,0ffee3ba8e615ad22535e7f771690a28,860fcf58fd757e26aa8911e5eaff6b53,h2,,4398.810089,10.0.2.15,57643,151.101.193.69,443,tcp,6.15175200000067,529.0,4284.0,RSTO,True,False,0,ShADadFR,12,1017,13,4808,ssl,0
4399.594005,CcUwY84JWDCKJJtzel,10.0.2.15,57641,151.101.193.69,443,TLSv12,TLS_ECDHE_RSA_WITH_AES_128_GCM_SHA256,secp256r1,cdn.sstatic.net,False,True,CsxuknGIti,"['9396c5035bc84f7347ecb1befda1043694ac8d814895656b54d353e4e6eae625', '19400be5b7a31fb733917700789d2f0a2471c0c9d506c0e504c06c16d7cb17c0']",[],1.0,0ffee3ba8e615ad22535e7f771690a28,860fcf58fd757e26aa8911e5eaff6b53,h2,,4398.808831,10.0.2.15,57641,151.101.193.69,443,tcp,3.6889769999997952,529.0,4284.0,RSTO,True,False,0,ShADadFR,11,977,11,4728,ssl,0
4400.333219,CcMJ9e13TqyUGiEKZ5,10.0.2.15,57644,95.101.252.144,443,TLSv12,TLS_ECDHE_RSA_WITH_AES_256_GCM_SHA384,,px.moatads.com,True,True,CsiI,,,,1a5fe5677b0e4fbbc854e8908225637d,410b9bedaf65dd26c6fe547154d60db4,http/1.1,,4399.414885,10.0.2.15,57644,95.101.252.144,443,tcp,120.49311200000012,5023.0,1059.0,RSTO,True,False,0,ShADadTTFR,24,6002,23,1983,ssl,0
4403.530461,CCaXnF2f39S57VWUH8,10.0.2.15,57646,95.101.245.177,443,TLSv12,TLS_ECDHE_RSA_WITH_AES_256_GCM_SHA384,,ssum-sec.casalemedia.com,True,True,CsiI,,,,1a5fe5677b0e4fbbc854e8908225637d,410b9bedaf65dd26c6fe547154d60db4,http/1.1,,4402.214406,10.0.2.15,57646,95.101.245.177,443,tcp,154.65751399999954,5924.0,6307.0,RSTO,True,False,0,ShADadTTFR,30,7146,34,7671,ssl,0
4399.331993,CAyPMW2QZ4ZHP84nNj,10.0.2.15,57640,151.101.193.69,443,TLSv12,TLS_ECDHE_RSA_WITH_AES_128_GCM_SHA256,secp256r1,cdn.sstatic.net,False,True,CsxuknGIti,"['9396c5035bc84f7347ecb1befda1043694ac8d814895656b54d353e4e6eae625', '19400be5b7a31fb733917700789d2f0a2471c0c9d506c0e504c06c16d7cb17c0']",[],1.0,0ffee3ba8e615ad22535e7f771690a28,860fcf58fd757e26aa8911e5eaff6b53,h2,,4398.499324,10.0.2.15,57640,151.101.193.69,443,tcp,5.8711569999995845,529.0,4315.0,RSTO,True,False,0,ShADadFR,10,937,12,4799,ssl,0
4399.333127,Cee9S44k3475oIMnS5,10.0.2.15,57639,151.101.193.69,443,TLSv12,TLS_ECDHE_RSA_WITH_AES_128_GCM_SHA256,secp256r1,cdn.sstatic.net,False,True,CsxuknGIti,"['9396c5035bc84f7347ecb1befda1043694ac8d814895656b54d353e4e6eae625', '19400be5b7a31fb733917700789d2f0a2471c0c9d506c0e504c06c16d7cb17c0']",[],1.0,0ffee3ba8e615ad22535e7f771690a28,860fcf58fd757e26aa8911e5eaff6b53,h2,,4398.498878,10.0.2.15,57639,151.101.193.69,443,tcp,5.987857999999505,529.0,4315.0,SF,True,False,0,ShADadFfRr,11,977,13,4839,ssl,0
4404.201353,CPP6H1TOOmXS8MkY5,10.0.2.15,57658,95.101.252.144,443,TLSv12,TLS_ECDHE_RSA_WITH_AES_256_GCM_SHA384,,px.moatads.com,True,True,CsiI,,,,1a5fe5677b0e4fbbc854e8908225637d,410b9bedaf65dd26c6fe547154d60db4,http/1.1,,4404.008968,10.0.2.15,57658,95.101.252.144,443,tcp,5.913013000000319,599.0,183.0,RSTO,True,False,0,ShADadFR,7,887,7,467,ssl,0
4404.050673,CCroPF33pIDsuc92Nh,10.0.2.15,57657,23.21.110.0,443,TLSv12,TLS_ECDHE_RSA_WITH_AES_128_GCM_SHA256,secp256r1,engine.adzerk.net,False,True,CsxknGIi,"['7be6e3243b059c6b7cb5254c9b899a799884281f1fa0618c363d57a5bd8fcacf', '51cf0fffc3253fc013af786f95b190109f8c87f34dfd1cec44c45888789f5355']",[],1.0,0ffee3ba8e615ad22535e7f771690a28,303951d4c50efb2e991652225a6f02b1,,,4403.785889,10.0.2.15,57657,23.21.110.0,443,tcp,97.1922110000005,1502.0,4641.0,SF,True,False,0,ShADadTFf,22,2399,25,5645,ssl,0
4402.640993,C2UGOj4ecsack6kL2h,10.0.2.15,57645,95.172.94.48,443,TLSv12,TLS_ECDHE_RSA_WITH_AES_128_GCM_SHA256,secp256r1,secure.quantserve.com,False,True,CsxknGIti,"['7d39ee69bdac843654f44bb3164a243b3e8c527019b6225992e5d36771f19e8f', '19400be5b7a31fb733917700789d2f0a2471c0c9d506c0e504c06c16d7cb17c0']",[],1.0,0ffee3ba8e615ad22535e7f771690a28,ccc514751b175866924439bdbb5bba34,,,4401.588746,10.0.2.15,57645,95.172.94.48,443,tcp,6.395429999999578,355.0,3323.0,RSTO,True,False,0,ShADadFR,10,763,10,3727,ssl,0
4404.245072,CzCZx23BrluZcumjXj,10.0.2.15,57659,23.21.110.0,443,TLSv12,TLS_ECDHE_RSA_WITH_AES_128_GCM_SHA256,secp256r1,engine.adzerk.net,False,True,CsxknGIi,"['7be6e3243b059c6b7cb5254c9b899a799884281f1fa0618c363d57a5bd8fcacf', '51cf0fffc3253fc013af786f95b190109f8c87f34dfd1cec44c45888789f5355']",[],1.0,0ffee3ba8e615ad22535e7f771690a28,303951d4c50efb2e991652225a6f02b1,,,4404.042071,10.0.2.15,57659,23.21.110.0,443,tcp,98.55365299999994,3988.0,18323.0,SF,True,False,0,ShADadTFf,34,5364,45,20127,ssl,0
4405.857171,C6rf8P3qtebd3qsR3e,10.0.2.15,57650,95.100.191.4,443,TLSv12,TLS_ECDHE_RSA_WITH_AES_256_GCM_SHA384,,sb.scorecardresearch.com,True,True,CsiI,,,,1a5fe5677b0e4fbbc854e8908225637d,410b9bedaf65dd26c6fe547154d60db4,http/1.1,,4402.415259,10.0.2.15,57650,95.100.191.4,443,tcp,157.10159899999962,1628.0,737.0,RSTO,True,False,0,ShADadTTFR,26,2698,25,1741,ssl,0
4405.858849,CDNkQu370YRTgsjp5,10.0.2.15,57649,95.100.191.4,443,TLSv12,TLS_ECDHE_RSA_WITH_AES_256_GCM_SHA384,,sb.scorecardresearch.com,True,True,CsiI,,,,1a5fe5677b0e4fbbc854e8908225637d,410b9bedaf65dd26c6fe547154d60db4,http/1.1,,4402.41453,10.0.2.15,57649,95.100.191.4,443,tcp,8.522407000000385,599.0,183.0,RSTO,True,False,0,ShADadFR,8,935,7,467,ssl,0
4405.920325,CZwNfpZXQEm0GAA1j,10.0.2.15,57647,95.101.245.177,443,TLSv12,TLS_ECDHE_RSA_WITH_AES_256_GCM_SHA384,,ssum-sec.casalemedia.com,True,True,CsiI,,,,1a5fe5677b0e4fbbc854e8908225637d,410b9bedaf65dd26c6fe547154d60db4,http/1.1,,4402.376527,10.0.2.15,57647,95.101.245.177,443,tcp,8.581856999999218,599.0,183.0,RSTO,True,False,0,ShADadFR,8,935,7,467,ssl,0
4406.019633,CAU8Gu2zA7HcsI1uXl,10.0.2.15,57655,95.100.191.4,443,TLSv12,TLS_ECDHE_RSA_WITH_AES_256_GCM_SHA384,,sb.scorecardresearch.com,True,True,CsiI,,,,1a5fe5677b0e4fbbc854e8908225637d,410b9bedaf65dd26c6fe547154d60db4,http/1.1,,4402.684437,10.0.2.15,57655,95.100.191.4,443,tcp,8.286258000000089,599.0,183.0,RSTO,True,False,0,ShADadFR,8,935,7,467,ssl,0
4405.814769,Cdv5Ow2tFsZ3qLXeHd,10.0.2.15,57648,95.172.94.28,443,TLSv12,TLS_ECDHE_RSA_WITH_AES_128_GCM_SHA256,secp256r1,pixel.quantserve.com,False,True,CsxknGIti,"['7d39ee69bdac843654f44bb3164a243b3e8c527019b6225992e5d36771f19e8f', '19400be5b7a31fb733917700789d2f0a2471c0c9d506c0e504c06c16d7cb17c0']",[],1.0,0ffee3ba8e615ad22535e7f771690a28,ccc514751b175866924439bdbb5bba34,,,4402.381334,10.0.2.15,57648,95.172.94.28,443,tcp,4.872049999999945,1335.0,3637.0,SF,True,False,0,ShADadfF,11,1791,14,4201,ssl,0
4406.135588,CExCfGeWPKSHNCfmi,10.0.2.15,57651,23.21.110.0,443,TLSv12,TLS_ECDHE_RSA_WITH_AES_128_GCM_SHA256,,engine.adzerk.net,True,True,CsiI,,,,0ffee3ba8e615ad22535e7f771690a28,303951d4c50efb2e991652225a6f02b1,,,4402.448712,10.0.2.15,57651,23.21.110.0,443,tcp,9.601761999999326,308.0,176.0,RSTO,True,False,0,ShADadFR,8,644,7,460,ssl,0
4406.138642,CBonrz3ZN8QNc071uc,10.0.2.15,57656,23.21.110.0,443,TLSv12,TLS_ECDHE_RSA_WITH_AES_128_GCM_SHA256,,engine.adzerk.net,True,True,CsiI,,,,0ffee3ba8e615ad22535e7f771690a28,303951d4c50efb2e991652225a6f02b1,,,4402.710291,10.0.2.15,57656,23.21.110.0,443,tcp,9.3627919999999,308.0,176.0,RSTO,True,False,0,ShADadFR,8,644,7,460,ssl,0
4406.137234,CCNDWi4TmK9kyLFT4j,10.0.2.15,57652,23.21.110.0,443,TLSv12,TLS_ECDHE_RSA_WITH_AES_128_GCM_SHA256,,engine.adzerk.net,True,True,CsiI,,,,0ffee3ba8e615ad22535e7f771690a28,303951d4c50efb2e991652225a6f02b1,,,4402.449325,10.0.2.15,57652,23.21.110.0,443,tcp,9.581817000000228,308.0,176.0,RSTO,True,False,0,ShADadFR,8,644,7,460,ssl,0
4406.226905,Cn2cqZ1qDvGyw5ox5d,10.0.2.15,57653,95.101.245.177,443,TLSv12,TLS_ECDHE_RSA_WITH_AES_256_GCM_SHA384,,ssum-sec.casalemedia.com,True,True,CsiI,,,,1a5fe5677b0e4fbbc854e8908225637d,410b9bedaf65dd26c6fe547154d60db4,http/1.1,,4402.634874,10.0.2.15,57653,95.101.245.177,443,tcp,9.30925599999955,599.0,183.0,RSTO,True,False,0,ShADadFR,8,935,7,467,ssl,0
4406.059621,C8nEvG2llKtRaP6su2,10.0.2.15,57654,95.172.94.28,443,TLSv12,TLS_ECDHE_RSA_WITH_AES_128_GCM_SHA256,secp256r1,pixel.quantserve.com,False,True,CsxknGIti,"['7d39ee69bdac843654f44bb3164a243b3e8c527019b6225992e5d36771f19e8f', '19400be5b7a31fb733917700789d2f0a2471c0c9d506c0e504c06c16d7cb17c0']",[],1.0,0ffee3ba8e615ad22535e7f771690a28,ccc514751b175866924439bdbb5bba34,,,4402.635868,10.0.2.15,57654,95.172.94.28,443,tcp,9.332697999999256,354.0,3323.0,SF,True,False,0,ShADadFfRr,12,850,13,3847,ssl,0
4407.470927,CNDILt3GtJWqhvH7Db,10.0.2.15,57662,198.252.206.25,443,TLSv12,TLS_ECDHE_RSA_WITH_AES_128_GCM_SHA256,secp256r1,qa.sockets.stackexchange.com,False,True,CsxknGIti,"['ad32b4ba9feb995561f08f5bf8231fa9fa33f8318b952553485f6e0faa1922d1', '19400be5b7a31fb733917700789d2f0a2471c0c9d506c0e504c06c16d7cb17c0']",[],1.0,0ffee3ba8e615ad22535e7f771690a28,389ed42c02ebecc32e73aa31def07e14,,,4407.361811,10.0.2.15,57662,198.252.206.25,443,tcp,27.801402000000053,1037.0,3587.0,SF,True,False,0,ShADadfF,14,1605,17,4271,ssl,0
4399.253884,CtpoX2hCRcbDkKsVk,10.0.2.15,57635,151.101.193.69,443,TLSv12,TLS_ECDHE_RSA_WITH_AES_128_GCM_SHA256,secp256r1,cdn.sstatic.net,False,True,CsxuknGIti,"['9396c5035bc84f7347ecb1befda1043694ac8d814895656b54d353e4e6eae625', '19400be5b7a31fb733917700789d2f0a2471c0c9d506c0e504c06c16d7cb17c0']",[],1.0,0ffee3ba8e615ad22535e7f771690a28,860fcf58fd757e26aa8911e5eaff6b53,h2,,4398.492363,10.0.2.15,57635,151.101.193.69,443,tcp,9.503287999999884,529.0,4315.0,SF,True,False,0,ShADadFRfr,11,977,14,4879,ssl,0
4407.759119,CjMs6p2eExxKp0484l,10.0.2.15,57667,104.16.2.9,443,TLSv12,TLS_ECDHE_RSA_WITH_AES_128_GCM_SHA256,secp256r1,s.zkcdn.net,False,True,CsxuknGIti,"['9694889168f9fbade92259d10ee0073207317a7d3ba9b4f5e05ae85ffee35f2f', 'bc3f03a436240edba5f83714f6f677e34b37f9b1f0c08c1e558d981e279e8209']",[],1.0,0ffee3ba8e615ad22535e7f771690a28,76cc3e2d3028143b23ec18e27dbd7ca9,http/1.1,,4407.590032,10.0.2.15,57667,104.16.2.9,443,tcp,5.364910999999665,345.0,4372.0,SF,True,False,0,ShADadFf,9,713,10,4776,ssl,0
4407.628548,Cihrzh4Qrv04D1z3qd,10.0.2.15,57666,104.16.2.9,443,TLSv12,TLS_ECDHE_RSA_WITH_AES_128_GCM_SHA256,secp256r1,s.zkcdn.net,False,True,CsxuknGIti,"['9694889168f9fbade92259d10ee0073207317a7d3ba9b4f5e05ae85ffee35f2f', 'bc3f03a436240edba5f83714f6f677e34b37f9b1f0c08c1e558d981e279e8209']",[],1.0,0ffee3ba8e615ad22535e7f771690a28,76cc3e2d3028143b23ec18e27dbd7ca9,http/1.1,,4407.588548,10.0.2.15,57666,104.16.2.9,443,tcp,115.16375100000003,669.0,5892.0,SF,True,False,0,ShADadTTFf,22,1568,26,6936,ssl,0
4407.629872,C8Daiw3xBFOhyFkFzj,10.0.2.15,57665,104.16.2.9,443,TLSv12,TLS_ECDHE_RSA_WITH_AES_128_GCM_SHA256,secp256r1,s.zkcdn.net,False,True,CsxuknGIti,"['9694889168f9fbade92259d10ee0073207317a7d3ba9b4f5e05ae85ffee35f2f', 'bc3f03a436240edba5f83714f6f677e34b37f9b1f0c08c1e558d981e279e8209']",[],1.0,0ffee3ba8e615ad22535e7f771690a28,76cc3e2d3028143b23ec18e27dbd7ca9,http/1.1,,4407.586329,10.0.2.15,57665,104.16.2.9,443,tcp,152.57986100000016,1388.0,53045.0,SF,True,False,0,ShADadTTFf,48,3330,75,56049,ssl,0
4407.703605,CcYzdkXqdQcHmbhbe,10.0.2.15,57663,104.16.2.9,443,TLSv12,TLS_ECDHE_RSA_WITH_AES_128_GCM_SHA256,secp256r1,s.zkcdn.net,False,True,CsxuknGIti,"['9694889168f9fbade92259d10ee0073207317a7d3ba9b4f5e05ae85ffee35f2f', 'bc3f03a436240edba5f83714f6f677e34b37f9b1f0c08c1e558d981e279e8209']",[],1.0,0ffee3ba8e615ad22535e7f771690a28,76cc3e2d3028143b23ec18e27dbd7ca9,http/1.1,,4407.581828,10.0.2.15,57663,104.16.2.9,443,tcp,5.373240999999325,345.0,4372.0,SF,True,False,0,ShADadFf,10,753,12,4856,ssl,0
4407.631837,C4RBuw3uqP2dmLYxLd,10.0.2.15,57664,104.16.2.9,443,TLSv12,TLS_ECDHE_RSA_WITH_AES_128_GCM_SHA256,secp256r1,s.zkcdn.net,False,True,CsxuknGIti,"['9694889168f9fbade92259d10ee0073207317a7d3ba9b4f5e05ae85ffee35f2f', 'bc3f03a436240edba5f83714f6f677e34b37f9b1f0c08c1e558d981e279e8209']",[],1.0,0ffee3ba8e615ad22535e7f771690a28,76cc3e2d3028143b23ec18e27dbd7ca9,http/1.1,,4407.58432,10.0.2.15,57664,104.16.2.9,443,tcp,5.37072199999966,345.0,4372.0,SF,True,False,0,ShADadFf,10,753,11,4816,ssl,0
4408.06654,CtVU8f13BgirAh65T5,10.0.2.15,57669,172.217.23.241,443,TLSv12,TLS_ECDHE_RSA_WITH_AES_128_GCM_SHA256,x25519,app.snapchat.com,False,True,CsxknGIti,"['6fae4ec7fee9798ae95f17b411be418acdaf3d1ba4fa5146cdb5f15da7a81920', '19400be5b7a31fb733917700789d2f0a2471c0c9d506c0e504c06c16d7cb17c0']",[],1.0,0ffee3ba8e615ad22535e7f771690a28,ab41313cfec25328b20865eb1388e0a2,h2,,4407.954785,10.0.2.15,57669,172.217.23.241,443,tcp,210.3807740000002,1081.0,4399.0,SF,True,False,0,ShADadFf,21,1929,27,5483,ssl,0
4408.06748,CeAtGA1IdmgKKg0Pj8,10.0.2.15,57668,172.217.23.241,443,TLSv12,TLS_ECDHE_RSA_WITH_AES_128_GCM_SHA256,x25519,app.snapchat.com,False,True,CsxknGIti,"['6fae4ec7fee9798ae95f17b411be418acdaf3d1ba4fa5146cdb5f15da7a81920', '19400be5b7a31fb733917700789d2f0a2471c0c9d506c0e504c06c16d7cb17c0']",[],1.0,0ffee3ba8e615ad22535e7f771690a28,ab41313cfec25328b20865eb1388e0a2,h2,,4407.954253,10.0.2.15,57668,172.217.23.241,443,tcp,0.64481700000033,526.0,3382.0,SF,True,False,0,ShADadFf,13,1054,15,3986,ssl,0
4431.591477,Cmo4BrT2AezdUMpMl,10.0.2.15,57670,172.217.23.243,443,TLSv12,TLS_ECDHE_RSA_WITH_AES_128_GCM_SHA256,x25519,scan.snapchat.com,False,True,CsxknGIi,['c39c5a2e6bc2d5e6c4ba8b451dae3334cae93922f38443725d67e3a8191e93b7'],[],1.0,0ffee3ba8e615ad22535e7f771690a28,67619a80665d7ab92d1041b1d11f9164,h2,,4431.558325,10.0.2.15,57670,172.217.23.243,443,tcp,0.7320270000000161,498.0,1930.0,SF,True,False,0,ShADadFf,10,906,12,2414,ssl,0
4436.199327,CiZNqu3N4QIiX3eNa5,10.0.2.15,57671,172.217.23.225,443,TLSv12,TLS_ECDHE_ECDSA_WITH_AES_128_GCM_SHA256,,lh4.googleusercontent.com,True,True,CsiI,,,,1a5fe5677b0e4fbbc854e8908225637d,c23237dbea656869600e48dfbd00ab7b,h2,,4435.90739,10.0.2.15,57671,172.217.23.225,443,tcp,183.47435700000003,1331.0,3074.0,SF,True,False,0,ShADadFf,19,2099,21,3918,ssl,0
4436.204449,CFbKI22qcwaMremva9,10.0.2.15,57679,192.0.73.2,443,TLSv12,TLS_ECDHE_RSA_WITH_AES_128_GCM_SHA256,secp256r1,www.gravatar.com,False,True,CsxuknGIti,"['8c28d16b374e8d7aa9a93222e609d5567bdfd728eb1f137fd1f5de9731f6ff2c', '973a41276ffd01e027a2aad49e34c37846d3e976ff6a620b6712e33832041aa6', '3a2fbe92891e57fe05d57087f48e730f17e5a5f53ef403d618e5b74d7a7e6ecb']",[],1.0,0ffee3ba8e615ad22535e7f771690a28,49b45fc1ab090aa3a159778313fc9b9e,h2,,4435.943402,10.0.2.15,57679,192.0.73.2,443,tcp,19.720972000000074,1278.0,14777.0,RSTR,True,False,0,ShADadfRRRr,23,2206,32,16061,ssl,0
4436.208897,C2VVng14U1q8iJvTZd,10.0.2.15,57678,192.0.73.2,443,TLSv12,TLS_ECDHE_RSA_WITH_AES_128_GCM_SHA256,secp256r1,www.gravatar.com,False,True,CsxuknGIti,"['8c28d16b374e8d7aa9a93222e609d5567bdfd728eb1f137fd1f5de9731f6ff2c', '973a41276ffd01e027a2aad49e34c37846d3e976ff6a620b6712e33832041aa6', '3a2fbe92891e57fe05d57087f48e730f17e5a5f53ef403d618e5b74d7a7e6ecb']",[],1.0,0ffee3ba8e615ad22535e7f771690a28,49b45fc1ab090aa3a159778313fc9b9e,h2,,4435.940926,10.0.2.15,57678,192.0.73.2,443,tcp,4.574039000000084,824.0,7179.0,SF,True,False,0,ShADadFf,15,1432,19,7943,ssl,0
4436.193758,CzfR1Z37pGCLaE6EE5,10.0.2.15,57673,104.16.112.18,443,TLSv12,TLS_ECDHE_RSA_WITH_AES_128_GCM_SHA256,secp256r1,i.stack.imgur.com,False,True,CsxuknGIti,"['83d56147dbfdf0c472b210842b6689f07cfa4db5cd7f055f0b5365104cdc022e', '154c433c491929c5ef686e838e323664a00e6a0d822ccc958fb4dab03e49a08f']",[],1.0,0ffee3ba8e615ad22535e7f771690a28,76cc3e2d3028143b23ec18e27dbd7ca9,http/1.1,,4435.925539,10.0.2.15,57673,104.16.112.18,443,tcp,120.98986800000056,954.0,5769.0,SF,True,False,0,ShADadTTFf,23,1893,25,6773,ssl,0
4436.196792,CpggPd3mebEVoarLil,10.0.2.15,57672,104.16.112.18,443,TLSv12,TLS_ECDHE_RSA_WITH_AES_128_GCM_SHA256,secp256r1,i.stack.imgur.com,False,True,CsxuknGIti,"['83d56147dbfdf0c472b210842b6689f07cfa4db5cd7f055f0b5365104cdc022e', '154c433c491929c5ef686e838e323664a00e6a0d822ccc958fb4dab03e49a08f']",[],1.0,0ffee3ba8e615ad22535e7f771690a28,76cc3e2d3028143b23ec18e27dbd7ca9,http/1.1,,4435.9173,10.0.2.15,57672,104.16.112.18,443,tcp,120.97525700000006,954.0,4873.0,SF,True,False,0,ShADadTTFf,22,1853,23,5797,ssl,0
4436.211809,CEL0iB1ziyH3TTPZil,10.0.2.15,57677,192.0.73.2,443,TLSv12,TLS_ECDHE_RSA_WITH_AES_128_GCM_SHA256,secp256r1,www.gravatar.com,False,True,CsxuknGIti,"['8c28d16b374e8d7aa9a93222e609d5567bdfd728eb1f137fd1f5de9731f6ff2c', '973a41276ffd01e027a2aad49e34c37846d3e976ff6a620b6712e33832041aa6', '3a2fbe92891e57fe05d57087f48e730f17e5a5f53ef403d618e5b74d7a7e6ecb']",[],1.0,0ffee3ba8e615ad22535e7f771690a28,49b45fc1ab090aa3a159778313fc9b9e,h2,,4435.936949,10.0.2.15,57677,192.0.73.2,443,tcp,3.541852999999719,828.0,7213.0,SF,True,False,0,ShADadFf,17,1516,21,8057,ssl,0
4436.213423,Cqafed2AJ5bkr8Kxh,10.0.2.15,57676,192.0.73.2,443,TLSv12,TLS_ECDHE_RSA_WITH_AES_128_GCM_SHA256,secp256r1,www.gravatar.com,False,True,CsxuknGIti,"['8c28d16b374e8d7aa9a93222e609d5567bdfd728eb1f137fd1f5de9731f6ff2c', '973a41276ffd01e027a2aad49e34c37846d3e976ff6a620b6712e33832041aa6', '3a2fbe92891e57fe05d57087f48e730f17e5a5f53ef403d618e5b74d7a7e6ecb']",[],1.0,0ffee3ba8e615ad22535e7f771690a28,49b45fc1ab090aa3a159778313fc9b9e,h2,,4435.934256,10.0.2.15,57676,192.0.73.2,443,tcp,3.714763000000857,827.0,8132.0,SF,True,False,0,ShADadFf,16,1475,21,8976,ssl,0
4436.215155,CpdA1R3OROjj1Hx9Ak,10.0.2.15,57675,192.0.73.2,443,TLSv12,TLS_ECDHE_RSA_WITH_AES_128_GCM_SHA256,secp256r1,www.gravatar.com,False,True,CsxuknGIti,"['8c28d16b374e8d7aa9a93222e609d5567bdfd728eb1f137fd1f5de9731f6ff2c', '973a41276ffd01e027a2aad49e34c37846d3e976ff6a620b6712e33832041aa6', '3a2fbe92891e57fe05d57087f48e730f17e5a5f53ef403d618e5b74d7a7e6ecb']",[],1.0,0ffee3ba8e615ad22535e7f771690a28,49b45fc1ab090aa3a159778313fc9b9e,h2,,4435.930482,10.0.2.15,57675,192.0.73.2,443,tcp,3.95050700000047,824.0,7554.0,SF,True,False,0,ShADadFf,15,1432,20,8358,ssl,0
4436.216367,CxNkwh4JpOYz7aqLQj,10.0.2.15,57674,192.0.73.2,443,TLSv12,TLS_ECDHE_RSA_WITH_AES_128_GCM_SHA256,secp256r1,www.gravatar.com,False,True,CsxuknGIti,"['8c28d16b374e8d7aa9a93222e609d5567bdfd728eb1f137fd1f5de9731f6ff2c', '973a41276ffd01e027a2aad49e34c37846d3e976ff6a620b6712e33832041aa6', '3a2fbe92891e57fe05d57087f48e730f17e5a5f53ef403d618e5b74d7a7e6ecb']",[],1.0,0ffee3ba8e615ad22535e7f771690a28,49b45fc1ab090aa3a159778313fc9b9e,h2,,4435.928532,10.0.2.15,57674,192.0.73.2,443,tcp,3.952527000000373,824.0,9435.0,SF,True,False,0,ShADadFf,15,1432,22,10319,ssl,0
4436.903745,CIe6iF3WfV9XGMcCWl,10.0.2.15,57680,104.16.112.18,443,TLSv12,TLS_ECDHE_RSA_WITH_AES_128_GCM_SHA256,secp256r1,i.stack.imgur.com,False,True,CsxuknGIti,"['83d56147dbfdf0c472b210842b6689f07cfa4db5cd7f055f0b5365104cdc022e', '154c433c491929c5ef686e838e323664a00e6a0d822ccc958fb4dab03e49a08f']",[],1.0,0ffee3ba8e615ad22535e7f771690a28,76cc3e2d3028143b23ec18e27dbd7ca9,http/1.1,,4436.202695,10.0.2.15,57680,104.16.112.18,443,tcp,5.922939000000042,351.0,3702.0,SF,True,False,0,ShADadFf,9,719,10,4106,ssl,0
4440.60248,CNOeq8d0lJSjizTnf,10.0.2.15,57682,95.172.94.48,443,TLSv12,TLS_ECDHE_RSA_WITH_AES_128_GCM_SHA256,,secure.quantserve.com,True,True,CsiI,,,,1a5fe5677b0e4fbbc854e8908225637d,fbe78c619e7ea20046131294ad087f05,,,4440.097869,10.0.2.15,57682,95.172.94.48,443,tcp,6.112070000000131,599.0,168.0,SF,True,False,0,ShADadFfRr,8,927,9,532,ssl,0
4440.606452,CP4XlE4mHKFq79J3h,10.0.2.15,57681,23.21.110.0,443,TLSv12,TLS_ECDHE_RSA_WITH_AES_128_GCM_SHA256,,engine.adzerk.net,True,True,CsiI,,,,0ffee3ba8e615ad22535e7f771690a28,303951d4c50efb2e991652225a6f02b1,,,4440.096341,10.0.2.15,57681,23.21.110.0,443,tcp,6.187755999999354,308.0,176.0,RSTO,True,False,0,ShADadFR,7,596,7,460,ssl,0
4441.061068,C8o3fw1bxmutLxits1,10.0.2.15,57683,95.172.94.28,443,TLSv12,TLS_ECDHE_RSA_WITH_AES_128_GCM_SHA256,,pixel.quantserve.com,True,True,CsiI,,,,1a5fe5677b0e4fbbc854e8908225637d,fbe78c619e7ea20046131294ad087f05,,,4440.6172,10.0.2.15,57683,95.172.94.28,443,tcp,0.829285000000709,1643.0,482.0,SF,True,False,0,ShADadfF,8,1971,9,846,ssl,0
4441.063017,CfbHFT2jkWRAwEVS5,10.0.2.15,57685,198.252.206.25,443,TLSv12,TLS_ECDHE_RSA_WITH_AES_128_GCM_SHA256,,qa.sockets.stackexchange.com,True,True,CsiI,,,,1a5fe5677b0e4fbbc854e8908225637d,fbe78c619e7ea20046131294ad087f05,,,4440.621312,10.0.2.15,57685,198.252.206.25,443,tcp,16.724599999999555,1286.0,357.0,SF,True,False,0,ShADadfF,10,1694,12,841,ssl,0
4441.063891,C4wfTF3Dht9JO8FKG4,10.0.2.15,57684,95.172.94.28,443,TLSv12,TLS_ECDHE_RSA_WITH_AES_128_GCM_SHA256,,pixel.quantserve.com,True,True,CsiI,,,,1a5fe5677b0e4fbbc854e8908225637d,fbe78c619e7ea20046131294ad087f05,,,4440.619624,10.0.2.15,57684,95.172.94.28,443,tcp,5.5999010000005,599.0,168.0,SF,True,False,0,ShADadFfRr,8,927,9,532,ssl,0
4472.691783,CcUv4f1QLRvAgonvG1,10.0.2.15,57760,172.217.23.226,443,TLSv12,TLS_ECDHE_RSA_WITH_AES_128_GCM_SHA256,x25519,securepubads.g.doubleclick.net,False,True,CsxknGIti,"['a32ffddd76f9e7debbfc9a37b38d2ef86039b30a10d7c45ab8223d149cf99699', '9f630426df1d8abfd80ace98871ba833ab9742cb34838de2b5285ed54c0c7dcc', '3c35cc963eb004451323d3275d05b353235053490d9cd83729a2faf5e7ca1cc0']",[],1.0,0ffee3ba8e615ad22535e7f771690a28,ab41313cfec25328b20865eb1388e0a2,h2,,4471.491822,10.0.2.15,57760,172.217.23.226,443,tcp,814.4170169999998,19507.0,95879.0,SF,True,False,0,ShADadFf,133,24835,200,103883,ssl,0
4472.698706,CsH8HN1kbvdLGzQFx3,10.0.2.15,57763,34.249.3.249,443,TLSv12,TLS_ECDHE_RSA_WITH_AES_128_GCM_SHA256,secp256r1,keymaker.go.sonobi.com,False,True,CsxknGIi,"['e29320cc54226aee4e56a43ee6fa79b553ecc35d18a9349c38a98f6d62047255', '973a41276ffd01e027a2aad49e34c37846d3e976ff6a620b6712e33832041aa6', '3a2fbe92891e57fe05d57087f48e730f17e5a5f53ef403d618e5b74d7a7e6ecb', 'c3846bf24b9e93ca64274c0ec67c1ecc5e024ffcacd2d74019350e81fe546ae4']",[],1.0,0ffee3ba8e615ad22535e7f771690a28,303951d4c50efb2e991652225a6f02b1,,,4471.494923,10.0.2.15,57763,34.249.3.249,443,tcp,9.031876000000011,997.0,5298.0,RSTO,True,False,0,ShADadFR,11,1445,12,5782,ssl,0
4472.700645,CxB6I42rRYdeUDUjHd,10.0.2.15,57762,34.249.3.249,443,TLSv12,TLS_ECDHE_RSA_WITH_AES_128_GCM_SHA256,secp256r1,keymaker.go.sonobi.com,False,True,CsxknGIi,"['e29320cc54226aee4e56a43ee6fa79b553ecc35d18a9349c38a98f6d62047255', '973a41276ffd01e027a2aad49e34c37846d3e976ff6a620b6712e33832041aa6', '3a2fbe92891e57fe05d57087f48e730f17e5a5f53ef403d618e5b74d7a7e6ecb', 'c3846bf24b9e93ca64274c0ec67c1ecc5e024ffcacd2d74019350e81fe546ae4']",[],1.0,0ffee3ba8e615ad22535e7f771690a28,303951d4c50efb2e991652225a6f02b1,,,4471.494089,10.0.2.15,57762,34.249.3.249,443,tcp,9.02472300000045,997.0,5298.0,RSTO,True,False,0,ShADadFR,11,1445,12,5782,ssl,0
4472.701444,CPQe5t2iRb8FBbtDni,10.0.2.15,57761,34.249.3.249,443,TLSv12,TLS_ECDHE_RSA_WITH_AES_128_GCM_SHA256,secp256r1,keymaker.go.sonobi.com,False,True,CsxknGIi,"['e29320cc54226aee4e56a43ee6fa79b553ecc35d18a9349c38a98f6d62047255', '973a41276ffd01e027a2aad49e34c37846d3e976ff6a620b6712e33832041aa6', '3a2fbe92891e57fe05d57087f48e730f17e5a5f53ef403d618e5b74d7a7e6ecb', 'c3846bf24b9e93ca64274c0ec67c1ecc5e024ffcacd2d74019350e81fe546ae4']",[],1.0,0ffee3ba8e615ad22535e7f771690a28,303951d4c50efb2e991652225a6f02b1,,,4471.49302,10.0.2.15,57761,34.249.3.249,443,tcp,6.614787999999862,325.0,5298.0,SF,True,False,0,ShADadFfRr,10,733,12,5782,ssl,0
4473.538288,CVflXbON5RUtWZVB2,10.0.2.15,57769,172.217.23.226,443,TLSv12,TLS_ECDHE_RSA_WITH_AES_128_GCM_SHA256,x25519,securepubads.g.doubleclick.net,False,True,CsxknGIti,"['a32ffddd76f9e7debbfc9a37b38d2ef86039b30a10d7c45ab8223d149cf99699', '9f630426df1d8abfd80ace98871ba833ab9742cb34838de2b5285ed54c0c7dcc', '3c35cc963eb004451323d3275d05b353235053490d9cd83729a2faf5e7ca1cc0']",[],1.0,0ffee3ba8e615ad22535e7f771690a28,ab41313cfec25328b20865eb1388e0a2,h2,,4471.758446,10.0.2.15,57769,172.217.23.226,443,tcp,6.073462000000291,332.0,4063.0,RSTO,True,False,0,ShADadR,8,660,8,4387,ssl,0
4478.071224,CpKS1W30FWuWr20qG2,10.0.2.15,57775,34.250.255.134,443,TLSv12,TLS_ECDHE_RSA_WITH_AES_128_GCM_SHA256,secp256r1,keymaker.go.sonobi.com,False,True,CsxknGIi,"['e29320cc54226aee4e56a43ee6fa79b553ecc35d18a9349c38a98f6d62047255', '973a41276ffd01e027a2aad49e34c37846d3e976ff6a620b6712e33832041aa6', '3a2fbe92891e57fe05d57087f48e730f17e5a5f53ef403d618e5b74d7a7e6ecb', 'c3846bf24b9e93ca64274c0ec67c1ecc5e024ffcacd2d74019350e81fe546ae4']",[],1.0,0ffee3ba8e615ad22535e7f771690a28,303951d4c50efb2e991652225a6f02b1,,,4473.420372,10.0.2.15,57775,34.250.255.134,443,tcp,10.235176000000138,356.0,5298.0,SF,True,False,0,ShADadFfRr,13,892,15,5902,ssl,0
4478.073108,CMsBO43qDoemPRxHba,10.0.2.15,57777,34.250.255.134,443,TLSv12,TLS_ECDHE_RSA_WITH_AES_128_GCM_SHA256,secp256r1,keymaker.go.sonobi.com,False,True,CsxknGIi,"['e29320cc54226aee4e56a43ee6fa79b553ecc35d18a9349c38a98f6d62047255', '973a41276ffd01e027a2aad49e34c37846d3e976ff6a620b6712e33832041aa6', '3a2fbe92891e57fe05d57087f48e730f17e5a5f53ef403d618e5b74d7a7e6ecb', 'c3846bf24b9e93ca64274c0ec67c1ecc5e024ffcacd2d74019350e81fe546ae4']",[],1.0,0ffee3ba8e615ad22535e7f771690a28,303951d4c50efb2e991652225a6f02b1,,,4473.42129,10.0.2.15,57777,34.250.255.134,443,tcp,10.234211999999388,356.0,5298.0,SF,True,False,0,ShADadFfRr,13,892,15,5902,ssl,0
4468.767543,Cm1ISpPuCs40bj63b,10.0.2.15,57729,157.240.3.35,443,TLSv12,TLS_ECDHE_ECDSA_WITH_AES_128_GCM_SHA256,secp256r1,www.facebook.com,False,True,CsxknGIti,"['152151b387412a95ab90fd4664f2d98880408e9e43913124e4c91226a483386b', '19400be5b7a31fb733917700789d2f0a2471c0c9d506c0e504c06c16d7cb17c0']",[],1.0,0ffee3ba8e615ad22535e7f771690a28,2d1eb5817ece335c24904f516ad5da12,h2,,4464.377966,10.0.2.15,57729,157.240.3.35,443,tcp,230.74389100000008,3141.0,5749.0,RSTR,True,False,0,ShADadFRr,33,4477,39,7313,ssl,0
4485.705963,CGkBgv4kBzZovPWps5,10.0.2.15,57819,188.125.66.34,443,TLSv12,TLS_ECDHE_RSA_WITH_AES_128_GCM_SHA256,secp256r1,cms.analytics.yahoo.com,False,True,CsxknGIti,"['09288344a9b65850c4353a2d0fb8ab911595408ae9f317b605232560f3d1a45b', 'eae72eb454bf6c3977ebd289e970b2f5282949190093d0d26f98d0f0d6a9cf17', '8420dfbe376f414bf4c0a81e6936d24ccc03f304835b86c7a39142fca723a689']",[],1.0,0ffee3ba8e615ad22535e7f771690a28,b898351eb5e266aefd3723d466935494,http/1.1,,4485.136781,10.0.2.15,57819,188.125.66.34,443,tcp,62.53701699999965,714.0,5188.0,SF,True,False,0,ShADadTfF,16,1367,20,5992,ssl,0
4485.806587,C4Ppsl3SnWPyiNdbLh,10.0.2.15,57820,54.152.181.255,443,TLSv12,TLS_ECDHE_RSA_WITH_AES_128_GCM_SHA256,secp256r1,idsync.rlcdn.com,False,True,CsxknGIi,"['7c75ac9ac997d5af7e63eee4070015e373d07d15fa206505a14434fb86a90686', '973a41276ffd01e027a2aad49e34c37846d3e976ff6a620b6712e33832041aa6', '3a2fbe92891e57fe05d57087f48e730f17e5a5f53ef403d618e5b74d7a7e6ecb', 'c3846bf24b9e93ca64274c0ec67c1ecc5e024ffcacd2d74019350e81fe546ae4']",[],1.0,0ffee3ba8e615ad22535e7f771690a28,303951d4c50efb2e991652225a6f02b1,,,4485.139,10.0.2.15,57820,54.152.181.255,443,tcp,4.941013999999996,350.0,5275.0,RSTO,True,False,0,ShADadFR,11,798,13,5799,ssl,0
4486.17341,CSmij03su9Sv9vd2,10.0.2.15,57825,54.152.181.255,443,TLSv12,TLS_ECDHE_RSA_WITH_AES_128_GCM_SHA256,secp256r1,idsync.rlcdn.com,False,True,CsxknGIi,"['7c75ac9ac997d5af7e63eee4070015e373d07d15fa206505a14434fb86a90686', '973a41276ffd01e027a2aad49e34c37846d3e976ff6a620b6712e33832041aa6', '3a2fbe92891e57fe05d57087f48e730f17e5a5f53ef403d618e5b74d7a7e6ecb', 'c3846bf24b9e93ca64274c0ec67c1ecc5e024ffcacd2d74019350e81fe546ae4']",[],1.0,0ffee3ba8e615ad22535e7f771690a28,303951d4c50efb2e991652225a6f02b1,,,4485.397981,10.0.2.15,57825,54.152.181.255,443,tcp,6.013734999999542,350.0,5275.0,SF,True,False,0,ShADadFRfr,12,838,15,5879,ssl,0
4483.489937,CCElz82lKnGpJa8Z31,10.0.2.15,57776,34.250.255.134,443,TLSv12,TLS_ECDHE_RSA_WITH_AES_128_GCM_SHA256,,keymaker.go.sonobi.com,True,True,CsiI,,,,0ffee3ba8e615ad22535e7f771690a28,303951d4c50efb2e991652225a6f02b1,,,4482.444971,10.0.2.15,57776,34.250.255.134,443,tcp,7.327038999999786,313.0,176.0,RSTO,True,False,0,ShADadFR,7,601,7,460,ssl,0
4486.448239,CWrMuc38bYKjh4OX7b,10.0.2.15,57828,50.17.232.169,443,TLSv12,TLS_ECDHE_RSA_WITH_AES_128_GCM_SHA256,secp256r1,usermatch.krxd.net,False,True,CsxknGIi,"['801848f55bb97f055d1e2f3f6c8094cf12d7b6285a7ed7c20bf39440c6cb5f8e', '973a41276ffd01e027a2aad49e34c37846d3e976ff6a620b6712e33832041aa6', '3a2fbe92891e57fe05d57087f48e730f17e5a5f53ef403d618e5b74d7a7e6ecb', 'c3846bf24b9e93ca64274c0ec67c1ecc5e024ffcacd2d74019350e81fe546ae4']",[],1.0,0ffee3ba8e615ad22535e7f771690a28,303951d4c50efb2e991652225a6f02b1,,,4485.708439,10.0.2.15,57828,50.17.232.169,443,tcp,4.383402000000388,352.0,5273.0,SF,True,False,0,ShADadFfRr,12,840,15,5877,ssl,0
4486.172284,C9MgcZN5IM6Sc1PS2,10.0.2.15,57824,188.125.66.34,443,TLSv12,TLS_ECDHE_RSA_WITH_AES_128_GCM_SHA256,secp256r1,cms.analytics.yahoo.com,False,True,CsxknGIti,"['09288344a9b65850c4353a2d0fb8ab911595408ae9f317b605232560f3d1a45b', 'eae72eb454bf6c3977ebd289e970b2f5282949190093d0d26f98d0f0d6a9cf17', '8420dfbe376f414bf4c0a81e6936d24ccc03f304835b86c7a39142fca723a689']",[],1.0,0ffee3ba8e615ad22535e7f771690a28,b898351eb5e266aefd3723d466935494,http/1.1,,4485.390187,10.0.2.15,57824,188.125.66.34,443,tcp,4.006384000000253,357.0,4882.0,SF,True,False,0,ShADadFRfr,11,805,13,5406,ssl,0
4487.724706,C3NXCYEcgIUarOcYh,10.0.2.15,57833,54.72.61.29,443,TLSv12,TLS_RSA_WITH_AES_128_CBC_SHA,,aa.agkn.com,False,True,CsxnGIi,"['6276692c71c92a1d4e20d2a713b64c6aa863418031441e2a74bcda8e8dbb04f4', 'e6683e88315cd1cb403c0cea490f7c4b4c82c91cd485037489aadbaa90839f61', '3c35cc963eb004451323d3275d05b353235053490d9cd83729a2faf5e7ca1cc0']",[],1.0,0ffee3ba8e615ad22535e7f771690a28,5dcc087b1a1d0a5b0658981a7e8b2c3c,,,4486.812005,10.0.2.15,57833,54.72.61.29,443,tcp,2.948739999999816,530.0,3754.0,RSTO,True,False,0,ShADadR,8,858,9,4118,ssl,0
4488.102306,Ca1bBb4ptI6LTEsv5l,10.0.2.15,57835,62.67.193.90,443,TLSv12,TLS_RSA_WITH_AES_256_CBC_SHA,,token.rubiconproject.com,False,True,CsxnGIi,"['323de379ee34a94e415f63b56183d0d5d0e5a863f4ac89f97dc40ae81cc021c8', '154c433c491929c5ef686e838e323664a00e6a0d822ccc958fb4dab03e49a08f']",[],1.0,0ffee3ba8e615ad22535e7f771690a28,0a917d753018dad73d9899ace370f8d8,,,4486.882846,10.0.2.15,57835,62.67.193.90,443,tcp,3.116619999999784,543.0,2719.0,SF,True,False,0,ShADadFf,8,871,8,3043,ssl,0
4488.756012,CYnnEp4lwBT0HesBn,10.0.2.15,57837,50.17.232.169,443,TLSv12,TLS_ECDHE_RSA_WITH_AES_128_GCM_SHA256,secp256r1,usermatch.krxd.net,False,True,CsxknGIi,"['801848f55bb97f055d1e2f3f6c8094cf12d7b6285a7ed7c20bf39440c6cb5f8e', '973a41276ffd01e027a2aad49e34c37846d3e976ff6a620b6712e33832041aa6', '3a2fbe92891e57fe05d57087f48e730f17e5a5f53ef403d618e5b74d7a7e6ecb', 'c3846bf24b9e93ca64274c0ec67c1ecc5e024ffcacd2d74019350e81fe546ae4']",[],1.0,0ffee3ba8e615ad22535e7f771690a28,303951d4c50efb2e991652225a6f02b1,,,4487.353424,10.0.2.15,57837,50.17.232.169,443,tcp,6.56763299999966,352.0,5273.0,SF,True,False,0,ShADadFfRr,11,800,13,5797,ssl,0
4490.410165,CM7n7o3QcOVGiTvvMj,10.0.2.15,57844,62.67.193.90,443,TLSv12,TLS_RSA_WITH_AES_256_CBC_SHA,,token.rubiconproject.com,False,True,CsxnGIi,"['323de379ee34a94e415f63b56183d0d5d0e5a863f4ac89f97dc40ae81cc021c8', '154c433c491929c5ef686e838e323664a00e6a0d822ccc958fb4dab03e49a08f']",[],1.0,0ffee3ba8e615ad22535e7f771690a28,0a917d753018dad73d9899ace370f8d8,,,4489.431673,10.0.2.15,57844,62.67.193.90,443,tcp,6.85196999999971,596.0,2719.0,SF,True,False,0,ShADadFf,9,964,9,3083,ssl,0
4491.677685,C7L97G2ysOBZw6Ljoh,10.0.2.15,57852,172.217.23.240,443,TLSv12,TLS_ECDHE_RSA_WITH_AES_128_GCM_SHA256,x25519,storage.googleapis.com,False,True,CsxknGIti,"['dddecd43ca1462f569ba2fc7e1d28370fdfad62d8f90442c790ded05cf7ae7be', '9f630426df1d8abfd80ace98871ba833ab9742cb34838de2b5285ed54c0c7dcc', '3c35cc963eb004451323d3275d05b353235053490d9cd83729a2faf5e7ca1cc0']",[],1.0,0ffee3ba8e615ad22535e7f771690a28,ab41313cfec25328b20865eb1388e0a2,h2,,4491.473688,10.0.2.15,57852,172.217.23.240,443,tcp,2.206610999999611,880.0,62108.0,RSTR,True,False,0,ShADadRr,40,2488,77,65192,ssl,0
4491.678301,CYxbQP362oVeGTfifh,10.0.2.15,57851,172.217.23.240,443,TLSv12,TLS_ECDHE_RSA_WITH_AES_128_GCM_SHA256,x25519,storage.googleapis.com,False,True,CsxknGIti,"['dddecd43ca1462f569ba2fc7e1d28370fdfad62d8f90442c790ded05cf7ae7be', '9f630426df1d8abfd80ace98871ba833ab9742cb34838de2b5285ed54c0c7dcc', '3c35cc963eb004451323d3275d05b353235053490d9cd83729a2faf5e7ca1cc0']",[],1.0,0ffee3ba8e615ad22535e7f771690a28,ab41313cfec25328b20865eb1388e0a2,h2,,4491.473103,10.0.2.15,57851,172.217.23.240,443,tcp,188.41995899999984,708.0,4501.0,RSTO,True,False,0,ShADadFR,17,1396,19,5265,ssl,0
4491.575811,C1IPlc1ioZGTp2j7uc,10.0.2.15,57848,23.227.38.32,443,TLSv12,TLS_ECDHE_RSA_WITH_AES_256_GCM_SHA384,secp256r1,shop.cookingpanda.com,False,True,CsxknGIti,"['cd3876c8090be5e0a6f147f2666d820f84d0d1f52f58a9a0176ec52977130dd5', '25847d668eb4f04fdd40b12b6b0740c567da7d024308eb6c2c96fe41d9de218d']",[],1.0,0ffee3ba8e615ad22535e7f771690a28,2b33c1374db4ddf06942f92373c0b54b,http/1.1,,4491.299603,10.0.2.15,57848,23.227.38.32,443,tcp,42.1023839999998,3763.0,30484.0,SF,True,False,0,ShADadTfF,30,4972,48,32408,ssl,0
4494.107476,CDqLQ42W9fth7u19ci,10.0.2.15,57861,151.101.113.63,443,TLSv12,TLS_ECDHE_RSA_WITH_AES_128_GCM_SHA256,secp256r1,cdn.shopify.com,False,True,CsxuknGIti,"['cbc13f8ebc861afb8679437a499943acd9d8d9cad7f529e8ac7ea23d1cf07d4d', '4b7334e1d8999822bafa8ff6888125389b18a4e5ab26ffa624c7f68fdc81f0cb']",[],1.0,0ffee3ba8e615ad22535e7f771690a28,860fcf58fd757e26aa8911e5eaff6b53,h2,,4494.017291,10.0.2.15,57861,151.101.113.63,443,tcp,2.904053999999632,1390.0,10003.0,RSTO,True,False,0,ShADadFR,16,2038,20,10807,ssl,0
4494.108749,Cokyhu4mNlTMcPFlwc,10.0.2.15,57860,151.101.113.63,443,TLSv12,TLS_ECDHE_RSA_WITH_AES_128_GCM_SHA256,secp256r1,cdn.shopify.com,False,True,CsxuknGIti,"['cbc13f8ebc861afb8679437a499943acd9d8d9cad7f529e8ac7ea23d1cf07d4d', '4b7334e1d8999822bafa8ff6888125389b18a4e5ab26ffa624c7f68fdc81f0cb']",[],1.0,0ffee3ba8e615ad22535e7f771690a28,860fcf58fd757e26aa8911e5eaff6b53,h2,,4494.016289,10.0.2.15,57860,151.101.113.63,443,tcp,2.893568999999843,1356.0,9711.0,RSTO,True,False,0,ShADadFR,15,1964,19,10475,ssl,0
4494.110515,CXiiH03i9szcuoZiI9,10.0.2.15,57866,151.101.113.63,443,TLSv12,TLS_ECDHE_RSA_WITH_AES_128_GCM_SHA256,secp256r1,cdn.shopify.com,False,True,CsxuknGIti,"['cbc13f8ebc861afb8679437a499943acd9d8d9cad7f529e8ac7ea23d1cf07d4d', '4b7334e1d8999822bafa8ff6888125389b18a4e5ab26ffa624c7f68fdc81f0cb']",[],1.0,0ffee3ba8e615ad22535e7f771690a28,860fcf58fd757e26aa8911e5eaff6b53,h2,,4494.024189,10.0.2.15,57866,151.101.113.63,443,tcp,3.058627000000342,1422.0,8411.0,RSTO,True,False,0,ShADadFR,15,2030,18,9135,ssl,0
4494.112851,CkOwdAhq83St9E6sf,10.0.2.15,57864,151.101.113.63,443,TLSv12,TLS_ECDHE_RSA_WITH_AES_128_GCM_SHA256,secp256r1,cdn.shopify.com,False,True,CsxuknGIti,"['cbc13f8ebc861afb8679437a499943acd9d8d9cad7f529e8ac7ea23d1cf07d4d', '4b7334e1d8999822bafa8ff6888125389b18a4e5ab26ffa624c7f68fdc81f0cb']",[],1.0,0ffee3ba8e615ad22535e7f771690a28,860fcf58fd757e26aa8911e5eaff6b53,h2,,4494.020923,10.0.2.15,57864,151.101.113.63,443,tcp,3.140065999999933,1406.0,7983.0,RSTO,True,False,0,ShADadFR,16,2054,18,8707,ssl,0
4494.111353,CkjuEsVIfNp8mR30g,10.0.2.15,57865,151.101.113.63,443,TLSv12,TLS_ECDHE_RSA_WITH_AES_128_GCM_SHA256,secp256r1,cdn.shopify.com,False,True,CsxuknGIti,"['cbc13f8ebc861afb8679437a499943acd9d8d9cad7f529e8ac7ea23d1cf07d4d', '4b7334e1d8999822bafa8ff6888125389b18a4e5ab26ffa624c7f68fdc81f0cb']",[],1.0,0ffee3ba8e615ad22535e7f771690a28,860fcf58fd757e26aa8911e5eaff6b53,h2,,4494.022346,10.0.2.15,57865,151.101.113.63,443,tcp,197.706056,1254.0,46651.0,RSTO,True,False,0,ShADadFR,47,3142,74,49615,ssl,0
4494.10684,CjUFIwzC7M3vFSJX9,10.0.2.15,57862,151.101.113.63,443,TLSv12,TLS_ECDHE_RSA_WITH_AES_128_GCM_SHA256,secp256r1,cdn.shopify.com,False,True,CsxuknGIti,"['cbc13f8ebc861afb8679437a499943acd9d8d9cad7f529e8ac7ea23d1cf07d4d', '4b7334e1d8999822bafa8ff6888125389b18a4e5ab26ffa624c7f68fdc81f0cb']",[],1.0,0ffee3ba8e615ad22535e7f771690a28,860fcf58fd757e26aa8911e5eaff6b53,h2,,4494.01868,10.0.2.15,57862,151.101.113.63,443,tcp,122.2564229999998,6294.0,1243624.0,SF,True,False,0,ShADadFfRr,775,37302,1611,1308068,ssl,0
4494.105051,CyGCm03NX3NNUo9umd,10.0.2.15,57863,151.101.113.63,443,TLSv12,TLS_ECDHE_RSA_WITH_AES_128_GCM_SHA256,secp256r1,cdn.shopify.com,False,True,CsxuknGIti,"['cbc13f8ebc861afb8679437a499943acd9d8d9cad7f529e8ac7ea23d1cf07d4d', '4b7334e1d8999822bafa8ff6888125389b18a4e5ab26ffa624c7f68fdc81f0cb']",[],1.0,0ffee3ba8e615ad22535e7f771690a28,860fcf58fd757e26aa8911e5eaff6b53,h2,,4494.019814,10.0.2.15,57863,151.101.113.63,443,tcp,3.731362999999874,1388.0,16825.0,RSTO,True,False,0,ShADadFR,19,2156,28,17949,ssl,0
4498.462632,CpkkTg3EleaN35PIaf,10.0.2.15,57873,172.217.23.227,443,TLSv12,TLS_ECDHE_ECDSA_WITH_AES_128_GCM_SHA256,,fonts.gstatic.com,True,True,CsiI,,,,1a5fe5677b0e4fbbc854e8908225637d,c23237dbea656869600e48dfbd00ab7b,h2,,4498.449696,10.0.2.15,57873,172.217.23.227,443,tcp,189.2477570000001,938.0,384.0,SF,True,False,0,ShADadFf,15,1546,17,1068,ssl,0
4498.403658,CIC4CR3rPZGskdFCNh,10.0.2.15,57871,23.227.38.161,443,TLSv12,TLS_ECDHE_RSA_WITH_AES_256_GCM_SHA384,secp256r1,s.shopify.com,False,True,CsxuknGIti,"['e546112d808f6e4b87d2389dce7bfb175857853311ab15a48e6b0178cbe6f37f', '19400be5b7a31fb733917700789d2f0a2471c0c9d506c0e504c06c16d7cb17c0']",[],1.0,0ffee3ba8e615ad22535e7f771690a28,9a31479427499ded4d3656a260298ec7,http/1.1,,4498.213826,10.0.2.15,57871,23.227.38.161,443,tcp,27.774123000000145,3080.0,4612.0,SF,True,False,0,ShADadTfF,14,3650,18,5336,ssl,0
4498.297361,CCUta32T6fntZlLwd3,10.0.2.15,57870,192.107.16.41,443,TLSv12,TLS_RSA_WITH_AES_256_CBC_SHA,,www.barclaycardus.com,False,True,CsxnGIti,"['3fed729b9a364e8a4b84a2b9b0ada40b2b75a2a0e349f4ed9a7b42791a0c619c', 'eae72eb454bf6c3977ebd289e970b2f5282949190093d0d26f98d0f0d6a9cf17', '9acfab7e43c8d880d06b262a94deeee4b4659989c3d0caf19baf6405e41ab7df']",[],1.0,0ffee3ba8e615ad22535e7f771690a28,1a1694e1fbb28471f66676e1623a7e2b,,,4498.180845,10.0.2.15,57870,192.107.16.41,443,tcp,4.64515399999982,966.0,11356.0,SF,True,False,0,ShADadfF,16,1614,23,12280,ssl,0
4498.748579,CigMBSnJb3LNZdWo6,10.0.2.15,57872,23.227.38.161,443,TLSv12,TLS_ECDHE_RSA_WITH_AES_256_GCM_SHA384,secp256r1,s.shopify.com,False,True,CsxuknGIti,"['e546112d808f6e4b87d2389dce7bfb175857853311ab15a48e6b0178cbe6f37f', '19400be5b7a31fb733917700789d2f0a2471c0c9d506c0e504c06c16d7cb17c0']",[],1.0,0ffee3ba8e615ad22535e7f771690a28,9a31479427499ded4d3656a260298ec7,http/1.1,,4498.402116,10.0.2.15,57872,23.227.38.161,443,tcp,6.769256999999925,347.0,3749.0,SF,True,False,0,ShADadFf,10,755,11,4193,ssl,0
4500.251222,C3M8C71QH20NUkJ4nc,10.0.2.15,57881,192.107.16.44,443,TLSv12,TLS_RSA_WITH_AES_256_CBC_SHA,,gif.barclaycardus.com,False,True,CsxnGIti,"['eab717d8c92c44f6f8c392623e692a2ae958dea809871735e3005d58e996c876', 'eae72eb454bf6c3977ebd289e970b2f5282949190093d0d26f98d0f0d6a9cf17', '9acfab7e43c8d880d06b262a94deeee4b4659989c3d0caf19baf6405e41ab7df']",[],1.0,0ffee3ba8e615ad22535e7f771690a28,1a1694e1fbb28471f66676e1623a7e2b,,,4500.077433,10.0.2.15,57881,192.107.16.44,443,tcp,6.59754299999986,1403.0,13392.0,SF,True,False,0,ShADadfF,18,2131,28,14516,ssl,0
4500.093507,CnPvEV25mTMfw5UHr1,10.0.2.15,57876,52.173.75.185,443,TLSv12,TLS_ECDHE_RSA_WITH_AES_128_GCM_SHA256,secp256r1,sdk.beeketing.com,False,True,CsxknGIti,"['2202ba1b2736209942f0c60dd29d95c19ed1567a11bb51fc1692d88ab572bf89', '02ab57e4e67a0cb48dd2ff34830e8ac40f4476fb08ca6be3f5cd846f646840f0', '4f32d5dc00f715250abcc486511e37f501a899deb3bf7ea8adbbd3aef1c412da']",[],1.0,0ffee3ba8e615ad22535e7f771690a28,ccc514751b175866924439bdbb5bba34,,,4499.636787,10.0.2.15,57876,52.173.75.185,443,tcp,78.10271499999999,642.0,15152.0,SF,True,False,0,ShADadTfF,23,1577,33,16476,ssl,0
4500.248192,CmTZHg3QzdL7E8ZVm2,10.0.2.15,57878,192.107.16.44,443,TLSv12,TLS_RSA_WITH_AES_256_CBC_SHA,,gif.barclaycardus.com,False,True,CsxnGIti,"['eab717d8c92c44f6f8c392623e692a2ae958dea809871735e3005d58e996c876', 'eae72eb454bf6c3977ebd289e970b2f5282949190093d0d26f98d0f0d6a9cf17', '9acfab7e43c8d880d06b262a94deeee4b4659989c3d0caf19baf6405e41ab7df']",[],1.0,0ffee3ba8e615ad22535e7f771690a28,1a1694e1fbb28471f66676e1623a7e2b,,,4500.0753,10.0.2.15,57878,192.107.16.44,443,tcp,5.118519999999989,1014.0,25835.0,SF,True,False,0,ShADadfF,26,2062,44,27599,ssl,0
4500.197621,CCwU5JtOsokEyDZHj,10.0.2.15,57877,52.173.75.185,443,TLSv12,TLS_ECDHE_RSA_WITH_AES_128_GCM_SHA256,secp256r1,sdk.beeketing.com,False,True,CsxknGIti,"['2202ba1b2736209942f0c60dd29d95c19ed1567a11bb51fc1692d88ab572bf89', '02ab57e4e67a0cb48dd2ff34830e8ac40f4476fb08ca6be3f5cd846f646840f0', '4f32d5dc00f715250abcc486511e37f501a899deb3bf7ea8adbbd3aef1c412da']",[],1.0,0ffee3ba8e615ad22535e7f771690a28,ccc514751b175866924439bdbb5bba34,,,4499.939454,10.0.2.15,57877,52.173.75.185,443,tcp,7.626083000000108,351.0,5009.0,SF,True,False,0,ShADadFf,11,799,13,5533,ssl,0
4500.261856,CB50ZG2xO0KlQKJAg,10.0.2.15,57883,192.107.16.44,443,TLSv12,TLS_RSA_WITH_AES_256_CBC_SHA,,gif.barclaycardus.com,False,True,CsxnGIti,"['eab717d8c92c44f6f8c392623e692a2ae958dea809871735e3005d58e996c876', 'eae72eb454bf6c3977ebd289e970b2f5282949190093d0d26f98d0f0d6a9cf17', '9acfab7e43c8d880d06b262a94deeee4b4659989c3d0caf19baf6405e41ab7df']",[],1.0,0ffee3ba8e615ad22535e7f771690a28,1a1694e1fbb28471f66676e1623a7e2b,,,4500.080598,10.0.2.15,57883,192.107.16.44,443,tcp,9.901874000000134,1403.0,12896.0,SF,True,False,0,ShADadfF,18,2131,25,13900,ssl,0
4500.255124,C95rCK4wc1FoR0L57,10.0.2.15,57880,192.107.16.44,443,TLSv12,TLS_RSA_WITH_AES_256_CBC_SHA,,gif.barclaycardus.com,False,True,CsxnGIti,"['eab717d8c92c44f6f8c392623e692a2ae958dea809871735e3005d58e996c876', 'eae72eb454bf6c3977ebd289e970b2f5282949190093d0d26f98d0f0d6a9cf17', '9acfab7e43c8d880d06b262a94deeee4b4659989c3d0caf19baf6405e41ab7df']",[],1.0,0ffee3ba8e615ad22535e7f771690a28,1a1694e1fbb28471f66676e1623a7e2b,,,4500.076969,10.0.2.15,57880,192.107.16.44,443,tcp,6.197111999999834,1078.0,35952.0,SF,True,False,0,ShADadfF,30,2286,53,38076,ssl,0
4500.258548,CK7gEN1yF3vYnHwJbc,10.0.2.15,57879,192.107.16.44,443,TLSv12,TLS_RSA_WITH_AES_256_CBC_SHA,,gif.barclaycardus.com,False,True,CsxnGIti,"['eab717d8c92c44f6f8c392623e692a2ae958dea809871735e3005d58e996c876', 'eae72eb454bf6c3977ebd289e970b2f5282949190093d0d26f98d0f0d6a9cf17', '9acfab7e43c8d880d06b262a94deeee4b4659989c3d0caf19baf6405e41ab7df']",[],1.0,0ffee3ba8e615ad22535e7f771690a28,1a1694e1fbb28471f66676e1623a7e2b,,,4500.07638,10.0.2.15,57879,192.107.16.44,443,tcp,16.82911199999944,982.0,32896.0,SF,True,False,0,ShADadfF,26,2030,45,34700,ssl,0
4500.262946,Cm2U0d3VCFenlJotyc,10.0.2.15,57882,192.107.16.44,443,TLSv12,TLS_RSA_WITH_AES_256_CBC_SHA,,gif.barclaycardus.com,False,True,CsxnGIti,"['eab717d8c92c44f6f8c392623e692a2ae958dea809871735e3005d58e996c876', 'eae72eb454bf6c3977ebd289e970b2f5282949190093d0d26f98d0f0d6a9cf17', '9acfab7e43c8d880d06b262a94deeee4b4659989c3d0caf19baf6405e41ab7df']",[],1.0,0ffee3ba8e615ad22535e7f771690a28,1a1694e1fbb28471f66676e1623a7e2b,,,4500.078086,10.0.2.15,57882,192.107.16.44,443,tcp,8.052147999999761,998.0,16806.0,SF,True,False,0,ShADadfF,18,1726,29,17970,ssl,0
4500.474255,CG66ik2xmLLSQJBsO7,10.0.2.15,57884,52.173.75.185,443,TLSv12,TLS_ECDHE_RSA_WITH_AES_128_GCM_SHA256,secp256r1,sdk.beeketing.com,False,True,CsxknGIti,"['2202ba1b2736209942f0c60dd29d95c19ed1567a11bb51fc1692d88ab572bf89', '02ab57e4e67a0cb48dd2ff34830e8ac40f4476fb08ca6be3f5cd846f646840f0', '4f32d5dc00f715250abcc486511e37f501a899deb3bf7ea8adbbd3aef1c412da']",[],1.0,0ffee3ba8e615ad22535e7f771690a28,ccc514751b175866924439bdbb5bba34,,,4500.195486,10.0.2.15,57884,52.173.75.185,443,tcp,7.377242000000479,351.0,5009.0,SF,True,False,0,ShADadFf,10,759,12,5493,ssl,0
4469.047161,CMNP0s4vFH6XKFceZ4,10.0.2.15,57732,157.240.3.35,443,TLSv12,TLS_ECDHE_ECDSA_WITH_AES_128_GCM_SHA256,secp256r1,www.facebook.com,False,True,CsxknGIti,"['152151b387412a95ab90fd4664f2d98880408e9e43913124e4c91226a483386b', '19400be5b7a31fb733917700789d2f0a2471c0c9d506c0e504c06c16d7cb17c0']",[],1.0,0ffee3ba8e615ad22535e7f771690a28,2d1eb5817ece335c24904f516ad5da12,h2,,4464.662011,10.0.2.15,57732,157.240.3.35,443,tcp,37.974363999999696,560.0,3746.0,RSTO,True,False,0,ShADadFR,11,1016,10,4150,ssl,0
4503.155739,CKe4802GTHYw6736Ga,10.0.2.15,57896,23.227.38.162,443,TLSv12,TLS_ECDHE_RSA_WITH_AES_256_GCM_SHA384,secp256r1,v.shopify.com,False,True,CsxuknGIti,"['e546112d808f6e4b87d2389dce7bfb175857853311ab15a48e6b0178cbe6f37f', '19400be5b7a31fb733917700789d2f0a2471c0c9d506c0e504c06c16d7cb17c0']",[],1.0,0ffee3ba8e615ad22535e7f771690a28,9a31479427499ded4d3656a260298ec7,http/1.1,,4502.204944,10.0.2.15,57896,23.227.38.162,443,tcp,46.74257699999998,3671.0,4720.0,SF,True,False,0,ShADadTfF,18,4402,19,5484,ssl,0
4502.432904,C1c9062XCz9TbY5Xy9,10.0.2.15,57893,23.227.38.162,443,TLSv12,TLS_ECDHE_RSA_WITH_AES_256_GCM_SHA384,secp256r1,v.shopify.com,False,True,CsxuknGIti,"['e546112d808f6e4b87d2389dce7bfb175857853311ab15a48e6b0178cbe6f37f', '19400be5b7a31fb733917700789d2f0a2471c0c9d506c0e504c06c16d7cb17c0']",[],1.0,0ffee3ba8e615ad22535e7f771690a28,9a31479427499ded4d3656a260298ec7,http/1.1,,4501.560805,10.0.2.15,57893,23.227.38.162,443,tcp,8.484065999999984,316.0,3749.0,RSTO,True,False,0,ShADadFR,8,644,8,4073,ssl,0
4503.255993,CwoiGMtHgrbFLSAWg,10.0.2.15,57897,23.227.38.162,443,TLSv12,TLS_ECDHE_RSA_WITH_AES_256_GCM_SHA384,secp256r1,v.shopify.com,False,True,CsxuknGIti,"['e546112d808f6e4b87d2389dce7bfb175857853311ab15a48e6b0178cbe6f37f', '19400be5b7a31fb733917700789d2f0a2471c0c9d506c0e504c06c16d7cb17c0']",[],1.0,0ffee3ba8e615ad22535e7f771690a28,9a31479427499ded4d3656a260298ec7,http/1.1,,4502.205345,10.0.2.15,57897,23.227.38.162,443,tcp,11.44384600000012,316.0,3749.0,SF,True,False,0,ShADadFfRr,9,684,10,4153,ssl,0
4507.424563,CXLKLp1QhBtUp0WpLe,10.0.2.15,57900,23.227.38.162,443,TLSv12,TLS_ECDHE_RSA_WITH_AES_256_GCM_SHA384,secp256r1,v.shopify.com,False,True,CsxuknGIti,"['e546112d808f6e4b87d2389dce7bfb175857853311ab15a48e6b0178cbe6f37f', '19400be5b7a31fb733917700789d2f0a2471c0c9d506c0e504c06c16d7cb17c0']",[],1.0,0ffee3ba8e615ad22535e7f771690a28,9a31479427499ded4d3656a260298ec7,http/1.1,,4505.30841,10.0.2.15,57900,23.227.38.162,443,tcp,31.95868900000005,1908.0,4200.0,SF,True,False,0,ShADadTfF,14,2478,15,4804,ssl,0
4507.475634,C1Qowe3b3w3qRocgcb,10.0.2.15,57899,23.227.38.162,443,TLSv12,TLS_ECDHE_RSA_WITH_AES_256_GCM_SHA384,secp256r1,v.shopify.com,False,True,CsxuknGIti,"['e546112d808f6e4b87d2389dce7bfb175857853311ab15a48e6b0178cbe6f37f', '19400be5b7a31fb733917700789d2f0a2471c0c9d506c0e504c06c16d7cb17c0']",[],1.0,0ffee3ba8e615ad22535e7f771690a28,9a31479427499ded4d3656a260298ec7,http/1.1,,4505.306882,10.0.2.15,57899,23.227.38.162,443,tcp,8.593088999999964,316.0,3749.0,RSTO,True,False,0,ShADadFR,8,644,8,4073,ssl,0
4502.432066,C2V3i51O2wfb1Bz6Je,10.0.2.15,57891,23.227.38.162,443,TLSv12,TLS_ECDHE_RSA_WITH_AES_256_GCM_SHA384,,v.shopify.com,False,False,Cs,,,,0ffee3ba8e615ad22535e7f771690a28,9a31479427499ded4d3656a260298ec7,http/1.1,,4501.559237,10.0.2.15,57891,23.227.38.162,443,tcp,6.818967999999586,190.0,1420.0,RSTO,True,False,0,ShADaFdR,5,398,4,1584,ssl,0
4502.430502,CVHm8b2bfBmDfrDZie,10.0.2.15,57890,23.227.38.162,443,TLSv12,TLS_ECDHE_RSA_WITH_AES_256_GCM_SHA384,,v.shopify.com,False,False,Cs,,,,0ffee3ba8e615ad22535e7f771690a28,9a31479427499ded4d3656a260298ec7,http/1.1,,4501.558113,10.0.2.15,57890,23.227.38.162,443,tcp,6.521066999999675,190.0,1420.0,RSTO,True,False,0,ShADaFdR,5,398,4,1584,ssl,0
4517.104852,CxlaXM2UoHsSKtRtr3,10.0.2.15,57905,192.107.16.44,443,TLSv12,TLS_RSA_WITH_AES_256_CBC_SHA,,gif.barclaycardus.com,True,True,CsiI,,,,1a5fe5677b0e4fbbc854e8908225637d,7b6819ed58e8d8415604b7dfcef92d55,,,4516.927071,10.0.2.15,57905,192.107.16.44,443,tcp,8.404754999999568,2409.0,39863.0,SF,True,False,0,ShADadfF,35,3817,61,42307,ssl,0
4517.105421,C99gjG1yktbGOJ1Fpf,10.0.2.15,57904,192.107.16.44,443,TLSv12,TLS_RSA_WITH_AES_256_CBC_SHA,,gif.barclaycardus.com,True,True,CsiI,,,,1a5fe5677b0e4fbbc854e8908225637d,7b6819ed58e8d8415604b7dfcef92d55,,,4516.922184,10.0.2.15,57904,192.107.16.44,443,tcp,4.645763999999872,1439.0,7764.0,SF,True,False,0,ShADadfF,12,1927,18,8488,ssl,0
4517.243291,C32BgL27JUYTvrBp19,10.0.2.15,57909,192.107.16.44,443,TLSv12,TLS_RSA_WITH_AES_256_CBC_SHA,,gif.barclaycardus.com,True,True,CsiI,,,,1a5fe5677b0e4fbbc854e8908225637d,7b6819ed58e8d8415604b7dfcef92d55,,,4517.099424,10.0.2.15,57909,192.107.16.44,443,tcp,4.837397000000237,1860.0,103850.0,SF,True,False,0,ShADadfF,45,3668,116,108494,ssl,0
4517.100448,CxEw7E1Ph0MMP6hrLj,10.0.2.15,57903,192.107.16.44,443,TLSv12,TLS_RSA_WITH_AES_256_CBC_SHA,,gif.barclaycardus.com,False,True,CsxnGIti,"['eab717d8c92c44f6f8c392623e692a2ae958dea809871735e3005d58e996c876', 'eae72eb454bf6c3977ebd289e970b2f5282949190093d0d26f98d0f0d6a9cf17', '9acfab7e43c8d880d06b262a94deeee4b4659989c3d0caf19baf6405e41ab7df']",[],1.0,1a5fe5677b0e4fbbc854e8908225637d,1a1694e1fbb28471f66676e1623a7e2b,,,4516.913482,10.0.2.15,57903,192.107.16.44,443,tcp,4.668741999999838,1706.0,87461.0,SF,True,False,0,ShADadfF,38,3234,101,91505,ssl,0
4517.101393,C8GBfV1bqWsy0HR8vk,10.0.2.15,57907,192.107.16.44,443,TLSv12,TLS_RSA_WITH_AES_256_CBC_SHA,,gif.barclaycardus.com,False,True,CsxnGIti,"['eab717d8c92c44f6f8c392623e692a2ae958dea809871735e3005d58e996c876', 'eae72eb454bf6c3977ebd289e970b2f5282949190093d0d26f98d0f0d6a9cf17', '9acfab7e43c8d880d06b262a94deeee4b4659989c3d0caf19baf6405e41ab7df']",[],1.0,1a5fe5677b0e4fbbc854e8908225637d,1a1694e1fbb28471f66676e1623a7e2b,,,4516.936108,10.0.2.15,57907,192.107.16.44,443,tcp,4.619716000000153,1706.0,88799.0,SF,True,False,0,ShADadfF,41,3354,101,92843,ssl,0
4517.103036,CWnpwL3FaIGkXQHKEa,10.0.2.15,57906,192.107.16.44,443,TLSv12,TLS_RSA_WITH_AES_256_CBC_SHA,,gif.barclaycardus.com,False,True,CsxnGIti,"['eab717d8c92c44f6f8c392623e692a2ae958dea809871735e3005d58e996c876', 'eae72eb454bf6c3977ebd289e970b2f5282949190093d0d26f98d0f0d6a9cf17', '9acfab7e43c8d880d06b262a94deeee4b4659989c3d0caf19baf6405e41ab7df']",[],1.0,1a5fe5677b0e4fbbc854e8908225637d,1a1694e1fbb28471f66676e1623a7e2b,,,4516.934203,10.0.2.15,57906,192.107.16.44,443,tcp,5.311827999999878,2660.0,18692.0,SF,True,False,0,ShADadfF,17,3348,29,19856,ssl,0
4517.243852,CjhvhN2Y3Q46NhoaTl,10.0.2.15,57908,192.107.16.44,443,TLSv12,TLS_RSA_WITH_AES_256_CBC_SHA,,gif.barclaycardus.com,False,True,CsxnGIti,"['eab717d8c92c44f6f8c392623e692a2ae958dea809871735e3005d58e996c876', 'eae72eb454bf6c3977ebd289e970b2f5282949190093d0d26f98d0f0d6a9cf17', '9acfab7e43c8d880d06b262a94deeee4b4659989c3d0caf19baf6405e41ab7df']",[],1.0,0ffee3ba8e615ad22535e7f771690a28,1a1694e1fbb28471f66676e1623a7e2b,,,4517.098249,10.0.2.15,57908,192.107.16.44,443,tcp,4.008074000000306,1142.0,30092.0,SF,True,False,0,ShADadfF,18,1870,38,31616,ssl,0
4517.535792,CT2rzM2ziGA1sWi18i,10.0.2.15,57911,192.107.16.44,443,TLSv12,TLS_RSA_WITH_AES_256_CBC_SHA,,gif.barclaycardus.com,False,True,CsxnGIti,"['eab717d8c92c44f6f8c392623e692a2ae958dea809871735e3005d58e996c876', 'eae72eb454bf6c3977ebd289e970b2f5282949190093d0d26f98d0f0d6a9cf17', '9acfab7e43c8d880d06b262a94deeee4b4659989c3d0caf19baf6405e41ab7df']",[],1.0,0ffee3ba8e615ad22535e7f771690a28,1a1694e1fbb28471f66676e1623a7e2b,,,4517.414353,10.0.2.15,57911,192.107.16.44,443,tcp,4.151630000000296,1126.0,28428.0,SF,True,False,0,ShADadfF,18,1854,37,29912,ssl,0
4517.56114,CcaKWo4Ij6qqaspsN5,10.0.2.15,57912,192.107.16.44,443,TLSv12,TLS_RSA_WITH_AES_256_CBC_SHA,,gif.barclaycardus.com,False,True,CsxnGIti,"['eab717d8c92c44f6f8c392623e692a2ae958dea809871735e3005d58e996c876', 'eae72eb454bf6c3977ebd289e970b2f5282949190093d0d26f98d0f0d6a9cf17', '9acfab7e43c8d880d06b262a94deeee4b4659989c3d0caf19baf6405e41ab7df']",[],1.0,0ffee3ba8e615ad22535e7f771690a28,1a1694e1fbb28471f66676e1623a7e2b,,,4517.415088,10.0.2.15,57912,192.107.16.44,443,tcp,4.165299000000232,1142.0,34396.0,SF,True,False,0,ShADadfF,23,2070,47,36280,ssl,0
4517.55535,CezP0T3Ystb4NsYcza,10.0.2.15,57910,192.107.16.44,443,TLSv12,TLS_RSA_WITH_AES_256_CBC_SHA,,gif.barclaycardus.com,False,True,CsxnGIti,"['eab717d8c92c44f6f8c392623e692a2ae958dea809871735e3005d58e996c876', 'eae72eb454bf6c3977ebd289e970b2f5282949190093d0d26f98d0f0d6a9cf17', '9acfab7e43c8d880d06b262a94deeee4b4659989c3d0caf19baf6405e41ab7df']",[],1.0,0ffee3ba8e615ad22535e7f771690a28,1a1694e1fbb28471f66676e1623a7e2b,,,4517.413379,10.0.2.15,57910,192.107.16.44,443,tcp,4.150462000000516,1142.0,34748.0,SF,True,False,0,ShADadfF,20,1950,44,36512,ssl,0
4517.586039,CLosu5C4KRl6OZsf7,10.0.2.15,57913,192.107.16.44,443,TLSv12,TLS_RSA_WITH_AES_256_CBC_SHA,,gif.barclaycardus.com,False,True,CsxnGIti,"['eab717d8c92c44f6f8c392623e692a2ae958dea809871735e3005d58e996c876', 'eae72eb454bf6c3977ebd289e970b2f5282949190093d0d26f98d0f0d6a9cf17', '9acfab7e43c8d880d06b262a94deeee4b4659989c3d0caf19baf6405e41ab7df']",[],1.0,0ffee3ba8e615ad22535e7f771690a28,1a1694e1fbb28471f66676e1623a7e2b,,,4517.415595,10.0.2.15,57913,192.107.16.44,443,tcp,6.478977999999188,593.0,4637.0,SF,True,False,0,ShADadFf,10,1001,13,5161,ssl,0
4517.585336,C00i9m4n04kLq62vB1,10.0.2.15,57914,192.107.16.44,443,TLSv12,TLS_RSA_WITH_AES_256_CBC_SHA,,gif.barclaycardus.com,False,True,CsxnGIti,"['eab717d8c92c44f6f8c392623e692a2ae958dea809871735e3005d58e996c876', 'eae72eb454bf6c3977ebd289e970b2f5282949190093d0d26f98d0f0d6a9cf17', '9acfab7e43c8d880d06b262a94deeee4b4659989c3d0caf19baf6405e41ab7df']",[],1.0,0ffee3ba8e615ad22535e7f771690a28,1a1694e1fbb28471f66676e1623a7e2b,,,4517.416317,10.0.2.15,57914,192.107.16.44,443,tcp,6.467486999999892,593.0,4637.0,SF,True,False,0,ShADadFf,10,1001,13,5161,ssl,0
4507.569167,CdsW232JrHgEnejdUh,10.0.2.15,57901,192.107.16.44,443,TLSv12,TLS_RSA_WITH_AES_256_CBC_SHA,,gif.barclaycardus.com,False,False,Cs,,,,0ffee3ba8e615ad22535e7f771690a28,1a1694e1fbb28471f66676e1623a7e2b,,,4505.538444,10.0.2.15,57901,192.107.16.44,443,tcp,7.860654000000068,198.0,1436.0,RSTR,True,False,0,ShADaFdRr,6,446,6,1680,ssl,0
4502.433433,CErYR52Y9xpbhix2ji,10.0.2.15,57892,23.227.38.162,443,TLSv12,TLS_ECDHE_RSA_WITH_AES_256_GCM_SHA384,secp256r1,v.shopify.com,False,False,CsxuknGI,"['e546112d808f6e4b87d2389dce7bfb175857853311ab15a48e6b0178cbe6f37f', '19400be5b7a31fb733917700789d2f0a2471c0c9d506c0e504c06c16d7cb17c0']",[],1.0,0ffee3ba8e615ad22535e7f771690a28,9a31479427499ded4d3656a260298ec7,http/1.1,,4501.55992,10.0.2.15,57892,23.227.38.162,443,tcp,12.911348999999973,316.0,3491.0,SF,True,False,0,ShADadFf,8,644,8,3815,ssl,0
4512.94709,CBznAL28y5judmIAPf,10.0.2.15,57902,152.195.34.159,443,TLSv12,TLS_ECDHE_RSA_WITH_AES_128_GCM_SHA256,secp256r1,sdk.azureedge.net,False,True,CsxuknGIti,"['b05686d63acb3dd900928a8c65fadbc4635f6a956d06cb1f56928eb74ac42b91', '154c433c491929c5ef686e838e323664a00e6a0d822ccc958fb4dab03e49a08f']",[],1.0,0ffee3ba8e615ad22535e7f771690a28,76cc3e2d3028143b23ec18e27dbd7ca9,h2,,4510.901145,10.0.2.15,57902,152.195.34.159,443,tcp,203.76124299999992,1365.0,548062.0,RSTR,True,False,0,ShADadfRr,374,16333,759,578426,ssl,0
4522.428057,C3Lyo51xVty81aWK01,10.0.2.15,57915,192.107.16.44,443,TLSv12,TLS_RSA_WITH_AES_256_CBC_SHA,,gif.barclaycardus.com,False,True,CsxnGIti,"['eab717d8c92c44f6f8c392623e692a2ae958dea809871735e3005d58e996c876', 'eae72eb454bf6c3977ebd289e970b2f5282949190093d0d26f98d0f0d6a9cf17', '9acfab7e43c8d880d06b262a94deeee4b4659989c3d0caf19baf6405e41ab7df']",[],1.0,1a5fe5677b0e4fbbc854e8908225637d,1a1694e1fbb28471f66676e1623a7e2b,,,4522.248128,10.0.2.15,57915,192.107.16.44,443,tcp,7.237779000000046,1914.0,39044.0,SF,True,False,0,ShADadfF,35,3322,64,41608,ssl,0
4522.759178,CMze1u4EWhjoHWwmg9,10.0.2.15,57916,192.107.16.41,443,TLSv12,TLS_RSA_WITH_AES_256_CBC_SHA,,www.barclaycardus.com,False,True,CsxnGIti,"['3fed729b9a364e8a4b84a2b9b0ada40b2b75a2a0e349f4ed9a7b42791a0c619c', 'eae72eb454bf6c3977ebd289e970b2f5282949190093d0d26f98d0f0d6a9cf17', '9acfab7e43c8d880d06b262a94deeee4b4659989c3d0caf19baf6405e41ab7df']",[],1.0,1a5fe5677b0e4fbbc854e8908225637d,1a1694e1fbb28471f66676e1623a7e2b,,,4522.613395,10.0.2.15,57916,192.107.16.41,443,tcp,4.1071179999999,1637.0,6265.0,SF,True,False,0,ShADadfF,13,2165,20,7069,ssl,0
4523.012099,CTu9MH2CXMKyWvaavl,10.0.2.15,57917,63.140.32.140,443,TLSv12,TLS_ECDHE_RSA_WITH_AES_256_GCM_SHA384,secp256r1,metrics.barclaycardus.com,False,True,CsxknGIi,"['bb2b7b3cb6afdbab350019b3185e92424b0a842420d51852dce9f1592c5137ba', 'eae72eb454bf6c3977ebd289e970b2f5282949190093d0d26f98d0f0d6a9cf17']",[],1.0,0ffee3ba8e615ad22535e7f771690a28,28ef90cc3d9d08c96a8a2cb6f365a79e,,,4522.814165,10.0.2.15,57917,63.140.32.140,443,tcp,16.49452999999994,1098.0,4437.0,SF,True,False,0,ShADadTFf,13,1627,15,5041,ssl,0
4523.017016,CTIqu23jdGogqLncd2,10.0.2.15,57918,63.140.32.140,443,TLSv12,TLS_ECDHE_RSA_WITH_AES_256_GCM_SHA384,secp256r1,metrics.barclaycardus.com,False,True,CsxknGIi,"['bb2b7b3cb6afdbab350019b3185e92424b0a842420d51852dce9f1592c5137ba', 'eae72eb454bf6c3977ebd289e970b2f5282949190093d0d26f98d0f0d6a9cf17']",[],1.0,0ffee3ba8e615ad22535e7f771690a28,28ef90cc3d9d08c96a8a2cb6f365a79e,,,4522.816251,10.0.2.15,57918,63.140.32.140,443,tcp,17.475311000000147,1199.0,4070.0,SF,True,False,0,ShADadTFf,13,1728,15,4674,ssl,0
4527.890439,C4bycA41l8inYctg2,10.0.2.15,57921,151.101.112.133,443,TLSv12,TLS_ECDHE_RSA_WITH_AES_128_GCM_SHA256,secp256r1,nexusmedia-ua.github.io,False,True,CsxuknGIti,"['d25d74b6e9af00715a4e5db82670492a0a6b910dc2febaf6bfa860c71437548f', '19400be5b7a31fb733917700789d2f0a2471c0c9d506c0e504c06c16d7cb17c0']",[],1.0,0ffee3ba8e615ad22535e7f771690a28,860fcf58fd757e26aa8911e5eaff6b53,http/1.1,,4527.745065,10.0.2.15,57921,151.101.112.133,443,tcp,128.38419900000008,766.0,47402.0,SF,True,False,0,ShADadTTFRfr,52,2866,84,50766,ssl,0
4527.938795,CMM8Sj3BGOi1FNcGg,10.0.2.15,57922,151.101.113.167,443,TLSv12,TLS_ECDHE_RSA_WITH_AES_128_GCM_SHA256,secp256r1,productreviews.shopifycdn.com,False,True,CsxuknGIti,"['52fc1597547a52e9a880d37a1a04ee0f9860516731ec316dab3ba7d3641678c4', '74ef335e5e18788307fb9d89cb704bec112abd23487dbff41c4ded5070f241d9']",[],1.0,0ffee3ba8e615ad22535e7f771690a28,860fcf58fd757e26aa8911e5eaff6b53,h2,,4527.752573,10.0.2.15,57922,151.101.113.167,443,tcp,200.15379200000007,1284.0,23803.0,RSTR,True,False,0,ShADadRr,31,2532,44,25567,ssl,0
4527.958905,CDTMbu13q7pAcq4cEd,10.0.2.15,57924,104.27.156.65,443,TLSv12,TLS_ECDHE_ECDSA_WITH_AES_128_GCM_SHA256,secp256r1,notifyapp.io,False,True,CsxuknGIti,"['6070838944d64eb874deadb16c2ebe2b0059e307d88733ca86caf4664f0d0003', 'cd6c108a0e641f2ca122aaa6d03f826759cae7c6f800eabf76dc48b67cd083ce', '9573862ac0b4b125168810ea3fd101ae2eb0bb15f61fc0e6da7a2a38b85a89e8']",[],1.0,0ffee3ba8e615ad22535e7f771690a28,7d3eb4120cd50e889bcd3f3783be0f82,h2,,4527.825579,10.0.2.15,57924,104.27.156.65,443,tcp,204.74955599999976,1138.0,28382.0,SF,True,False,0,ShADadFf,35,2546,53,30506,ssl,0
4527.804581,C4o34a27N2zQ7C4CJk,10.0.2.15,57920,52.173.75.185,443,TLSv12,TLS_ECDHE_RSA_WITH_AES_128_GCM_SHA256,secp256r1,ss.beeketing.com,False,True,CsxknGIti,"['2202ba1b2736209942f0c60dd29d95c19ed1567a11bb51fc1692d88ab572bf89', '02ab57e4e67a0cb48dd2ff34830e8ac40f4476fb08ca6be3f5cd846f646840f0', '4f32d5dc00f715250abcc486511e37f501a899deb3bf7ea8adbbd3aef1c412da']",[],1.0,0ffee3ba8e615ad22535e7f771690a28,ccc514751b175866924439bdbb5bba34,,,4527.632617,10.0.2.15,57920,52.173.75.185,443,tcp,78.62033599999995,774.0,6062.0,SF,True,False,0,ShADadTFf,19,1549,22,6946,ssl,0
4528.292469,Caz9Al3owfZKDeAENb,10.0.2.15,57925,192.107.16.75,443,TLSv12,TLS_RSA_WITH_AES_256_CBC_SHA,,metrics-prod.barclaycardus.com,False,True,CsxnGIti,['f1ee0c273cbfb43f137b0f6e534b371d0bb6f679db56f2cb393d5357c1e4e230'],[],1.0,0ffee3ba8e615ad22535e7f771690a28,1a1694e1fbb28471f66676e1623a7e2b,,,4527.938168,10.0.2.15,57925,192.107.16.75,443,tcp,19.854417999999896,5610.0,2448.0,SF,True,False,0,ShADadTFf,14,6179,16,3092,ssl,0
4527.776315,CD5CSl4ERN4Wj3u784,10.0.2.15,57919,52.173.75.185,443,TLSv12,TLS_ECDHE_RSA_WITH_AES_128_GCM_SHA256,secp256r1,ss.beeketing.com,False,True,CsxknGIti,"['2202ba1b2736209942f0c60dd29d95c19ed1567a11bb51fc1692d88ab572bf89', '02ab57e4e67a0cb48dd2ff34830e8ac40f4476fb08ca6be3f5cd846f646840f0', '4f32d5dc00f715250abcc486511e37f501a899deb3bf7ea8adbbd3aef1c412da']",[],1.0,0ffee3ba8e615ad22535e7f771690a28,ccc514751b175866924439bdbb5bba34,,,4527.630764,10.0.2.15,57919,52.173.75.185,443,tcp,78.58910099999957,790.0,6385.0,SF,True,False,0,ShADadTfF,19,1565,22,7269,ssl,0
4528.295126,ClPuOi20xGrPi0TRkh,10.0.2.15,57930,54.84.87.206,443,TLSv12,TLS_ECDHE_RSA_WITH_AES_256_GCM_SHA384,secp256r1,arp.apps1.aheadworks.com,False,True,CsxknGIti,"['f4378c5d3e639f95b943a81bd53169b39a2ca4986458436c229076d89b01aa67', '973a41276ffd01e027a2aad49e34c37846d3e976ff6a620b6712e33832041aa6', '3a2fbe92891e57fe05d57087f48e730f17e5a5f53ef403d618e5b74d7a7e6ecb']",[],1.0,0ffee3ba8e615ad22535e7f771690a28,758945630046fd37070521b8544d1fe8,,,4527.958151,10.0.2.15,57930,54.84.87.206,443,tcp,70.74015800000052,743.0,25042.0,SF,True,False,0,ShADadTfF,30,1957,45,26846,ssl,0
4528.29565,CHw3Xx4f6yIPEFOGef,10.0.2.15,57929,54.84.87.206,443,TLSv12,TLS_ECDHE_RSA_WITH_AES_256_GCM_SHA384,secp256r1,arp.apps1.aheadworks.com,False,True,CsxknGIti,"['f4378c5d3e639f95b943a81bd53169b39a2ca4986458436c229076d89b01aa67', '973a41276ffd01e027a2aad49e34c37846d3e976ff6a620b6712e33832041aa6', '3a2fbe92891e57fe05d57087f48e730f17e5a5f53ef403d618e5b74d7a7e6ecb']",[],1.0,0ffee3ba8e615ad22535e7f771690a28,758945630046fd37070521b8544d1fe8,,,4527.956643,10.0.2.15,57929,54.84.87.206,443,tcp,74.0179619999999,727.0,134022.0,SF,True,False,0,ShADadTfF,104,4901,195,141826,ssl,0
4528.296572,C8ppFR3gws60YllGF1,10.0.2.15,57928,54.84.87.206,443,TLSv12,TLS_ECDHE_RSA_WITH_AES_256_GCM_SHA384,secp256r1,arp.apps1.aheadworks.com,False,True,CsxknGIti,"['f4378c5d3e639f95b943a81bd53169b39a2ca4986458436c229076d89b01aa67', '973a41276ffd01e027a2aad49e34c37846d3e976ff6a620b6712e33832041aa6', '3a2fbe92891e57fe05d57087f48e730f17e5a5f53ef403d618e5b74d7a7e6ecb']",[],1.0,0ffee3ba8e615ad22535e7f771690a28,758945630046fd37070521b8544d1fe8,,,4527.954786,10.0.2.15,57928,54.84.87.206,443,tcp,10.062159999999494,358.0,4456.0,SF,True,False,0,ShADadFf,10,766,12,4940,ssl,0
4528.297737,CUoguv4ZW8gLyeH86j,10.0.2.15,57927,54.84.87.206,443,TLSv12,TLS_ECDHE_RSA_WITH_AES_256_GCM_SHA384,secp256r1,arp.apps1.aheadworks.com,False,True,CsxknGIti,"['f4378c5d3e639f95b943a81bd53169b39a2ca4986458436c229076d89b01aa67', '973a41276ffd01e027a2aad49e34c37846d3e976ff6a620b6712e33832041aa6', '3a2fbe92891e57fe05d57087f48e730f17e5a5f53ef403d618e5b74d7a7e6ecb']",[],1.0,0ffee3ba8e615ad22535e7f771690a28,758945630046fd37070521b8544d1fe8,,,4527.954334,10.0.2.15,57927,54.84.87.206,443,tcp,13.567621999999574,358.0,4456.0,SF,True,False,0,ShADadFf,10,766,12,4940,ssl,0
4528.294013,CyYx5w2z4rDVfdwWG3,10.0.2.15,57931,52.173.75.185,443,TLSv12,TLS_ECDHE_RSA_WITH_AES_128_GCM_SHA256,secp256r1,ss.beeketing.com,False,True,CsxknGIti,"['2202ba1b2736209942f0c60dd29d95c19ed1567a11bb51fc1692d88ab572bf89', '02ab57e4e67a0cb48dd2ff34830e8ac40f4476fb08ca6be3f5cd846f646840f0', '4f32d5dc00f715250abcc486511e37f501a899deb3bf7ea8adbbd3aef1c412da']",[],1.0,0ffee3ba8e615ad22535e7f771690a28,ccc514751b175866924439bdbb5bba34,,,4528.036365,10.0.2.15,57931,52.173.75.185,443,tcp,6.844696000000113,350.0,5009.0,SF,True,False,0,ShADadFf,9,718,11,5453,ssl,0
4528.292043,CD3gAb34bj4GMWQKhg,10.0.2.15,57923,52.173.75.185,443,TLSv12,TLS_ECDHE_RSA_WITH_AES_128_GCM_SHA256,secp256r1,ss.beeketing.com,False,True,CsxknGIti,"['2202ba1b2736209942f0c60dd29d95c19ed1567a11bb51fc1692d88ab572bf89', '02ab57e4e67a0cb48dd2ff34830e8ac40f4476fb08ca6be3f5cd846f646840f0', '4f32d5dc00f715250abcc486511e37f501a899deb3bf7ea8adbbd3aef1c412da']",[],1.0,0ffee3ba8e615ad22535e7f771690a28,ccc514751b175866924439bdbb5bba34,,,4527.777868,10.0.2.15,57923,52.173.75.185,443,tcp,7.240373999999974,319.0,5009.0,RSTO,True,False,0,ShADadFR,9,687,11,5453,ssl,0
4535.085396,CCpYQB1yNm90DABup3,10.0.2.15,57946,40.69.137.241,443,TLSv12,TLS_ECDHE_RSA_WITH_AES_128_GCM_SHA256,secp256r1,t.beeketing.com,False,True,CsxknGIti,"['2202ba1b2736209942f0c60dd29d95c19ed1567a11bb51fc1692d88ab572bf89', '02ab57e4e67a0cb48dd2ff34830e8ac40f4476fb08ca6be3f5cd846f646840f0', '4f32d5dc00f715250abcc486511e37f501a899deb3bf7ea8adbbd3aef1c412da']",[],1.0,0ffee3ba8e615ad22535e7f771690a28,ccc514751b175866924439bdbb5bba34,,,4534.034017,10.0.2.15,57946,40.69.137.241,443,tcp,6.291696999999658,349.0,5009.0,SF,True,False,0,ShADadFf,11,797,14,5573,ssl,0
4534.993172,CPIsyq45ZkYkuTYj54,10.0.2.15,57945,52.176.110.98,443,TLSv12,TLS_ECDHE_RSA_WITH_AES_128_GCM_SHA256,secp256r1,api.beeketing.com,False,True,CsxknGIti,"['2202ba1b2736209942f0c60dd29d95c19ed1567a11bb51fc1692d88ab572bf89', '02ab57e4e67a0cb48dd2ff34830e8ac40f4476fb08ca6be3f5cd846f646840f0', '4f32d5dc00f715250abcc486511e37f501a899deb3bf7ea8adbbd3aef1c412da']",[],1.0,0ffee3ba8e615ad22535e7f771690a28,ccc514751b175866924439bdbb5bba34,,,4533.889328,10.0.2.15,57945,52.176.110.98,443,tcp,6.426704999999856,351.0,5009.0,SF,True,False,0,ShADadFf,11,799,13,5533,ssl,0
4534.913593,CRCkpq300YrGckanof,10.0.2.15,57942,40.69.137.241,443,TLSv12,TLS_ECDHE_RSA_WITH_AES_128_GCM_SHA256,secp256r1,t.beeketing.com,False,True,CsxknGIti,"['2202ba1b2736209942f0c60dd29d95c19ed1567a11bb51fc1692d88ab572bf89', '02ab57e4e67a0cb48dd2ff34830e8ac40f4476fb08ca6be3f5cd846f646840f0', '4f32d5dc00f715250abcc486511e37f501a899deb3bf7ea8adbbd3aef1c412da']",[],1.0,0ffee3ba8e615ad22535e7f771690a28,ccc514751b175866924439bdbb5bba34,,,4533.772924,10.0.2.15,57942,40.69.137.241,443,tcp,69.03174600000057,872.0,5398.0,SF,True,False,0,ShADadTfF,18,1606,22,6282,ssl,0
4534.730414,Cpe91i10h9JJUib2ni,10.0.2.15,57940,52.176.110.98,443,TLSv12,TLS_ECDHE_RSA_WITH_AES_128_GCM_SHA256,secp256r1,api.beeketing.com,False,True,CsxknGIti,"['2202ba1b2736209942f0c60dd29d95c19ed1567a11bb51fc1692d88ab572bf89', '02ab57e4e67a0cb48dd2ff34830e8ac40f4476fb08ca6be3f5cd846f646840f0', '4f32d5dc00f715250abcc486511e37f501a899deb3bf7ea8adbbd3aef1c412da']",[],1.0,0ffee3ba8e615ad22535e7f771690a28,ccc514751b175866924439bdbb5bba34,,,4533.618445,10.0.2.15,57940,52.176.110.98,443,tcp,69.43251899999996,814.0,5719.0,SF,True,False,0,ShADadTfF,16,1468,19,6483,ssl,0
4534.733685,CFXPrC3ujV4t5c1qy,10.0.2.15,57941,52.176.110.98,443,TLSv12,TLS_ECDHE_RSA_WITH_AES_128_GCM_SHA256,secp256r1,api.beeketing.com,False,True,CsxknGIti,"['2202ba1b2736209942f0c60dd29d95c19ed1567a11bb51fc1692d88ab572bf89', '02ab57e4e67a0cb48dd2ff34830e8ac40f4476fb08ca6be3f5cd846f646840f0', '4f32d5dc00f715250abcc486511e37f501a899deb3bf7ea8adbbd3aef1c412da']",[],1.0,0ffee3ba8e615ad22535e7f771690a28,ccc514751b175866924439bdbb5bba34,,,4533.619724,10.0.2.15,57941,52.176.110.98,443,tcp,6.689542000000074,351.0,5009.0,SF,True,False,0,ShADadFf,10,759,11,5453,ssl,0
4535.139538,Cjxgi53EAg3yiv4nu2,10.0.2.15,57947,40.69.137.241,443,TLSv12,TLS_ECDHE_RSA_WITH_AES_128_GCM_SHA256,secp256r1,t.beeketing.com,False,True,CsxknGIti,"['2202ba1b2736209942f0c60dd29d95c19ed1567a11bb51fc1692d88ab572bf89', '02ab57e4e67a0cb48dd2ff34830e8ac40f4476fb08ca6be3f5cd846f646840f0', '4f32d5dc00f715250abcc486511e37f501a899deb3bf7ea8adbbd3aef1c412da']",[],1.0,0ffee3ba8e615ad22535e7f771690a28,ccc514751b175866924439bdbb5bba34,,,4534.034608,10.0.2.15,57947,40.69.137.241,443,tcp,6.267381999999998,349.0,5009.0,SF,True,False,0,ShADadFf,10,757,11,5453,ssl,0
4537.993875,CBuu7x3YvrhvEsRhVb,10.0.2.15,57948,54.84.87.206,443,TLSv12,TLS_ECDHE_RSA_WITH_AES_256_GCM_SHA384,secp256r1,arp.apps1.aheadworks.com,False,True,CsxknGIti,"['f4378c5d3e639f95b943a81bd53169b39a2ca4986458436c229076d89b01aa67', '973a41276ffd01e027a2aad49e34c37846d3e976ff6a620b6712e33832041aa6', '3a2fbe92891e57fe05d57087f48e730f17e5a5f53ef403d618e5b74d7a7e6ecb']",[],1.0,0ffee3ba8e615ad22535e7f771690a28,758945630046fd37070521b8544d1fe8,,,4537.880808,10.0.2.15,57948,54.84.87.206,443,tcp,0.603616000000329,914.0,4487.0,RSTO,True,False,0,ShADadFR,10,1322,13,5011,ssl,0
4538.001679,CC7zka1KYPkj5wGhy3,10.0.2.15,57949,54.84.87.206,443,TLSv12,TLS_ECDHE_RSA_WITH_AES_256_GCM_SHA384,secp256r1,arp.apps1.aheadworks.com,False,True,CsxknGIti,"['f4378c5d3e639f95b943a81bd53169b39a2ca4986458436c229076d89b01aa67', '973a41276ffd01e027a2aad49e34c37846d3e976ff6a620b6712e33832041aa6', '3a2fbe92891e57fe05d57087f48e730f17e5a5f53ef403d618e5b74d7a7e6ecb']",[],1.0,0ffee3ba8e615ad22535e7f771690a28,758945630046fd37070521b8544d1fe8,,,4537.881487,10.0.2.15,57949,54.84.87.206,443,tcp,6.006062000000384,358.0,4456.0,SF,True,False,0,ShADadFf,10,766,12,4940,ssl,0
4538.66874,CdIxUk4dicz4TMyJJf,10.0.2.15,57950,74.122.190.83,443,TLSv12,TLS_ECDHE_RSA_WITH_AES_128_GCM_SHA256,secp256r1,squareup.com,False,True,CsxknGIi,"['19aa493716a7f837fc2add9a6238d187b452905d00c661d7e82cfa72aba5ada9', '75c5b3f01fd1f51a2c447ab7c785d72e69fa9c472c08571e7eadf3b8eabae70c', '6b143c2005d5539cc22eab5f772db2a9fe87467feffa07fcf0a9f7d28274ca7a']",[],1.0,0ffee3ba8e615ad22535e7f771690a28,303951d4c50efb2e991652225a6f02b1,,,4538.47542,10.0.2.15,57950,74.122.190.83,443,tcp,51.77166900000066,4941.0,72692.0,RSTO,True,False,0,ShADadR,52,7029,82,75976,ssl,0
4534.914504,C2pkaFYcsaxpX4SQe,10.0.2.15,57944,40.69.137.241,443,TLSv12,TLS_ECDHE_RSA_WITH_AES_128_GCM_SHA256,secp256r1,t.beeketing.com,False,True,CsxknGIti,"['2202ba1b2736209942f0c60dd29d95c19ed1567a11bb51fc1692d88ab572bf89', '02ab57e4e67a0cb48dd2ff34830e8ac40f4476fb08ca6be3f5cd846f646840f0', '4f32d5dc00f715250abcc486511e37f501a899deb3bf7ea8adbbd3aef1c412da']",[],1.0,0ffee3ba8e615ad22535e7f771690a28,ccc514751b175866924439bdbb5bba34,,,4533.774073,10.0.2.15,57944,40.69.137.241,443,tcp,6.520246000000043,349.0,5009.0,SF,True,False,0,ShADadFf,10,757,11,5453,ssl,0
4540.680603,CPB2gC3cijEWWAk9P9,10.0.2.15,57952,151.101.113.49,443,TLSv12,TLS_ECDHE_RSA_WITH_AES_128_GCM_SHA256,secp256r1,public-web-production-f.squarecdn.com,False,True,CsxuknGIti,"['9d5987fc43252f7a1757dacd4d603c3697dc21c5d715d6d48cd5a3d783bdaba6', 'f5c2f23c6518f9d19b6f39beaea4fbae10031ba9dc985ce1563a520da0ad4116', '6b143c2005d5539cc22eab5f772db2a9fe87467feffa07fcf0a9f7d28274ca7a']",[],1.0,0ffee3ba8e615ad22535e7f771690a28,860fcf58fd757e26aa8911e5eaff6b53,http/1.1,,4540.644638,10.0.2.15,57952,151.101.113.49,443,tcp,121.99678700000004,759.0,8181.0,RSTO,True,False,0,ShADadTTFR,25,1779,30,9385,ssl,0
4540.690626,CE8fPT11Qdmzw1jnX1,10.0.2.15,57954,151.101.113.49,443,TLSv12,TLS_ECDHE_RSA_WITH_AES_128_GCM_SHA256,secp256r1,public-web-production-f.squarecdn.com,False,True,CsxuknGIti,"['9d5987fc43252f7a1757dacd4d603c3697dc21c5d715d6d48cd5a3d783bdaba6', 'f5c2f23c6518f9d19b6f39beaea4fbae10031ba9dc985ce1563a520da0ad4116', '6b143c2005d5539cc22eab5f772db2a9fe87467feffa07fcf0a9f7d28274ca7a']",[],1.0,0ffee3ba8e615ad22535e7f771690a28,860fcf58fd757e26aa8911e5eaff6b53,http/1.1,,4540.646201,10.0.2.15,57954,151.101.113.49,443,tcp,121.97765000000072,772.0,9880.0,SF,True,False,0,ShADadTTFfRr,27,1872,33,11204,ssl,0
4540.70614,C10Lus26f2XFgs8YBk,10.0.2.15,57955,151.101.113.49,443,TLSv12,TLS_ECDHE_RSA_WITH_AES_128_GCM_SHA256,secp256r1,public-web-production-f.squarecdn.com,False,True,CsxuknGIti,"['9d5987fc43252f7a1757dacd4d603c3697dc21c5d715d6d48cd5a3d783bdaba6', 'f5c2f23c6518f9d19b6f39beaea4fbae10031ba9dc985ce1563a520da0ad4116', '6b143c2005d5539cc22eab5f772db2a9fe87467feffa07fcf0a9f7d28274ca7a']",[],1.0,0ffee3ba8e615ad22535e7f771690a28,860fcf58fd757e26aa8911e5eaff6b53,http/1.1,,4540.646681,10.0.2.15,57955,151.101.113.49,443,tcp,121.98172900000009,764.0,8842.0,SF,True,False,0,ShADadTTFfRr,27,1864,34,10206,ssl,0
4540.736298,ClnqoK6vAofhcM9ej,10.0.2.15,57956,151.101.113.49,443,TLSv12,TLS_ECDHE_RSA_WITH_AES_128_GCM_SHA256,secp256r1,public-web-production-f.squarecdn.com,False,True,CsxuknGIti,"['9d5987fc43252f7a1757dacd4d603c3697dc21c5d715d6d48cd5a3d783bdaba6', 'f5c2f23c6518f9d19b6f39beaea4fbae10031ba9dc985ce1563a520da0ad4116', '6b143c2005d5539cc22eab5f772db2a9fe87467feffa07fcf0a9f7d28274ca7a']",[],1.0,0ffee3ba8e615ad22535e7f771690a28,860fcf58fd757e26aa8911e5eaff6b53,http/1.1,,4540.648517,10.0.2.15,57956,151.101.113.49,443,tcp,154.81242400000065,1671.0,190542.0,RSTO,True,False,0,ShADadTTFR,121,6532,244,200306,ssl,0
4540.692539,CtG0M3tagRwyhrV25,10.0.2.15,57953,151.101.113.49,443,TLSv12,TLS_ECDHE_RSA_WITH_AES_128_GCM_SHA256,secp256r1,public-web-production-f.squarecdn.com,False,True,CsxuknGIti,"['9d5987fc43252f7a1757dacd4d603c3697dc21c5d715d6d48cd5a3d783bdaba6', 'f5c2f23c6518f9d19b6f39beaea4fbae10031ba9dc985ce1563a520da0ad4116', '6b143c2005d5539cc22eab5f772db2a9fe87467feffa07fcf0a9f7d28274ca7a']",[],1.0,0ffee3ba8e615ad22535e7f771690a28,860fcf58fd757e26aa8911e5eaff6b53,http/1.1,,4540.645757,10.0.2.15,57953,151.101.113.49,443,tcp,130.78134099999988,1128.0,72790.0,RSTO,True,False,0,ShADadTTFR,58,3468,106,77034,ssl,0
4540.739756,CIAACA2iiWcXCDh2d1,10.0.2.15,57957,151.101.113.49,443,TLSv12,TLS_ECDHE_RSA_WITH_AES_128_GCM_SHA256,secp256r1,public-web-production-f.squarecdn.com,False,True,CsxuknGIti,"['9d5987fc43252f7a1757dacd4d603c3697dc21c5d715d6d48cd5a3d783bdaba6', 'f5c2f23c6518f9d19b6f39beaea4fbae10031ba9dc985ce1563a520da0ad4116', '6b143c2005d5539cc22eab5f772db2a9fe87467feffa07fcf0a9f7d28274ca7a']",[],1.0,0ffee3ba8e615ad22535e7f771690a28,860fcf58fd757e26aa8911e5eaff6b53,http/1.1,,4540.64911,10.0.2.15,57957,151.101.113.49,443,tcp,6.491382999999587,371.0,6842.0,SF,True,False,0,ShADadFfRr,13,899,17,7526,ssl,0
4534.912927,CbrwIw2rSaGKKyiB0j,10.0.2.15,57943,40.69.137.241,443,TLSv12,TLS_ECDHE_RSA_WITH_AES_128_GCM_SHA256,secp256r1,t.beeketing.com,False,True,CsxknGIti,"['2202ba1b2736209942f0c60dd29d95c19ed1567a11bb51fc1692d88ab572bf89', '02ab57e4e67a0cb48dd2ff34830e8ac40f4476fb08ca6be3f5cd846f646840f0', '4f32d5dc00f715250abcc486511e37f501a899deb3bf7ea8adbbd3aef1c412da']",[],1.0,0ffee3ba8e615ad22535e7f771690a28,ccc514751b175866924439bdbb5bba34,,,4533.773567,10.0.2.15,57943,40.69.137.241,443,tcp,9.734660999999504,786.0,5009.0,RSTO,True,False,0,ShADadFR,9,1154,10,5413,ssl,0
4544.396548,C7iObR1dPa5kH5S2fg,10.0.2.15,57958,192.107.16.41,443,TLSv12,TLS_RSA_WITH_AES_256_CBC_SHA,,www.barclaycardus.com,False,True,CsxnGIti,"['3fed729b9a364e8a4b84a2b9b0ada40b2b75a2a0e349f4ed9a7b42791a0c619c', 'eae72eb454bf6c3977ebd289e970b2f5282949190093d0d26f98d0f0d6a9cf17', '9acfab7e43c8d880d06b262a94deeee4b4659989c3d0caf19baf6405e41ab7df']",[],1.0,1a5fe5677b0e4fbbc854e8908225637d,1a1694e1fbb28471f66676e1623a7e2b,,,4543.765001,10.0.2.15,57958,192.107.16.41,443,tcp,8.039755000000696,5626.0,5417.0,SF,True,False,0,ShADadfF,14,6194,16,6061,ssl,0
4547.593701,CP2IZ818AJR81UDprc,10.0.2.15,57964,74.122.190.83,443,TLSv12,TLS_ECDHE_RSA_WITH_AES_128_GCM_SHA256,,squareup.com,True,True,CsiI,,,,0ffee3ba8e615ad22535e7f771690a28,303951d4c50efb2e991652225a6f02b1,,,4546.529646,10.0.2.15,57964,74.122.190.83,443,tcp,11.281380999999785,303.0,143.0,SF,True,False,0,ShADadFf,8,631,8,467,ssl,0
4548.358795,CuP0qU1wlVvcC6p4th,10.0.2.15,57959,192.107.16.41,443,TLSv12,TLS_RSA_WITH_AES_256_CBC_SHA,,www.barclaycardus.com,True,True,CsiI,,,,1a5fe5677b0e4fbbc854e8908225637d,7b6819ed58e8d8415604b7dfcef92d55,,,4544.398929,10.0.2.15,57959,192.107.16.41,443,tcp,14.627477,1466.0,6980.0,SF,True,False,0,ShADadfF,12,1962,14,7544,ssl,0
4548.672397,CI3Mmm10vqSrAT5exc,10.0.2.15,57960,192.107.16.41,443,TLSv12,TLS_RSA_WITH_AES_256_CBC_SHA,,www.barclaycardus.com,True,True,CsiI,,,,1a5fe5677b0e4fbbc854e8908225637d,7b6819ed58e8d8415604b7dfcef92d55,,,4544.651364,10.0.2.15,57960,192.107.16.41,443,tcp,20.470792999999503,645.0,161.0,SF,True,False,0,ShADadFTf,9,1022,8,485,ssl,0
4548.357967,CussB82Kk3hc5wUDeh,10.0.2.15,57969,151.101.113.49,443,TLSv12,TLS_ECDHE_RSA_WITH_AES_128_GCM_SHA256,secp256r1,public-web-production-f.squarecdn.com,False,True,CsxuknGIti,"['9d5987fc43252f7a1757dacd4d603c3697dc21c5d715d6d48cd5a3d783bdaba6', 'f5c2f23c6518f9d19b6f39beaea4fbae10031ba9dc985ce1563a520da0ad4116', '6b143c2005d5539cc22eab5f772db2a9fe87467feffa07fcf0a9f7d28274ca7a']",[],1.0,0ffee3ba8e615ad22535e7f771690a28,860fcf58fd757e26aa8911e5eaff6b53,http/1.1,,4547.647198,10.0.2.15,57969,151.101.113.49,443,tcp,10.375147000000652,931.0,22435.0,RSTO,True,False,0,ShADadFR,21,1779,33,23759,ssl,0
4548.256599,CqqBWt1FiSG988jvw2,10.0.2.15,57968,151.101.113.49,443,TLSv12,TLS_ECDHE_RSA_WITH_AES_128_GCM_SHA256,secp256r1,public-web-production-f.squarecdn.com,False,True,CsxuknGIti,"['9d5987fc43252f7a1757dacd4d603c3697dc21c5d715d6d48cd5a3d783bdaba6', 'f5c2f23c6518f9d19b6f39beaea4fbae10031ba9dc985ce1563a520da0ad4116', '6b143c2005d5539cc22eab5f772db2a9fe87467feffa07fcf0a9f7d28274ca7a']",[],1.0,0ffee3ba8e615ad22535e7f771690a28,860fcf58fd757e26aa8911e5eaff6b53,http/1.1,,4547.646552,10.0.2.15,57968,151.101.113.49,443,tcp,10.212615999999798,932.0,23547.0,RSTO,True,False,0,ShADadFR,23,1860,33,24871,ssl,0
4548.359467,CD9x4F4NFHyeWrOeB5,10.0.2.15,57970,151.101.113.49,443,TLSv12,TLS_ECDHE_RSA_WITH_AES_128_GCM_SHA256,secp256r1,public-web-production-f.squarecdn.com,False,True,CsxuknGIti,"['9d5987fc43252f7a1757dacd4d603c3697dc21c5d715d6d48cd5a3d783bdaba6', 'f5c2f23c6518f9d19b6f39beaea4fbae10031ba9dc985ce1563a520da0ad4116', '6b143c2005d5539cc22eab5f772db2a9fe87467feffa07fcf0a9f7d28274ca7a']",[],1.0,0ffee3ba8e615ad22535e7f771690a28,860fcf58fd757e26aa8911e5eaff6b53,http/1.1,,4547.647663,10.0.2.15,57970,151.101.113.49,443,tcp,8.730105000000549,930.0,17748.0,RSTR,True,False,0,ShADadFRr,20,1738,30,18952,ssl,0
4548.639829,CFjQ4gyC4Cuc2iFCi,10.0.2.15,57972,151.101.113.49,443,TLSv12,TLS_ECDHE_RSA_WITH_AES_128_GCM_SHA256,secp256r1,public-web-production-f.squarecdn.com,False,True,CsxuknGIti,"['9d5987fc43252f7a1757dacd4d603c3697dc21c5d715d6d48cd5a3d783bdaba6', 'f5c2f23c6518f9d19b6f39beaea4fbae10031ba9dc985ce1563a520da0ad4116', '6b143c2005d5539cc22eab5f772db2a9fe87467feffa07fcf0a9f7d28274ca7a']",[],1.0,0ffee3ba8e615ad22535e7f771690a28,860fcf58fd757e26aa8911e5eaff6b53,http/1.1,,4547.914353,10.0.2.15,57972,151.101.113.49,443,tcp,16.378789999999753,371.0,6842.0,SF,True,False,0,ShADadFRfr,13,899,18,7566,ssl,0
4548.666161,CzZQPW1wTZM6lIK4Mg,10.0.2.15,57973,151.101.113.49,443,TLSv12,TLS_ECDHE_RSA_WITH_AES_128_GCM_SHA256,secp256r1,public-web-production-f.squarecdn.com,False,True,CsxuknGIti,"['9d5987fc43252f7a1757dacd4d603c3697dc21c5d715d6d48cd5a3d783bdaba6', 'f5c2f23c6518f9d19b6f39beaea4fbae10031ba9dc985ce1563a520da0ad4116', '6b143c2005d5539cc22eab5f772db2a9fe87467feffa07fcf0a9f7d28274ca7a']",[],1.0,0ffee3ba8e615ad22535e7f771690a28,860fcf58fd757e26aa8911e5eaff6b53,http/1.1,,4547.915092,10.0.2.15,57973,151.101.113.49,443,tcp,16.993421000000126,371.0,6842.0,RSTO,True,False,0,ShADadFTR,12,860,13,7366,ssl,0
4548.720499,CEyNpk4W57FMzhORJj,10.0.2.15,57974,151.101.113.49,443,TLSv12,TLS_ECDHE_RSA_WITH_AES_128_GCM_SHA256,secp256r1,public-web-production-f.squarecdn.com,False,True,CsxuknGIti,"['9d5987fc43252f7a1757dacd4d603c3697dc21c5d715d6d48cd5a3d783bdaba6', 'f5c2f23c6518f9d19b6f39beaea4fbae10031ba9dc985ce1563a520da0ad4116', '6b143c2005d5539cc22eab5f772db2a9fe87467feffa07fcf0a9f7d28274ca7a']",[],1.0,0ffee3ba8e615ad22535e7f771690a28,860fcf58fd757e26aa8911e5eaff6b53,http/1.1,,4547.915784,10.0.2.15,57974,151.101.113.49,443,tcp,17.084311999999954,371.0,6842.0,RSTO,True,False,0,ShADadFTR,12,860,13,7366,ssl,0
4548.170793,CABVg11exHSff25sJi,10.0.2.15,57965,74.122.189.133,443,TLSv12,TLS_ECDHE_RSA_WITH_AES_128_GCM_SHA256,secp256r1,api.squareup.com,False,True,CsxknGIi,"['a5eb8ea11dd1f111a719ae08f0745617c2778cf7e6a7ec4e4bbe673b36b87a57', 'f5c2f23c6518f9d19b6f39beaea4fbae10031ba9dc985ce1563a520da0ad4116', '6b143c2005d5539cc22eab5f772db2a9fe87467feffa07fcf0a9f7d28274ca7a']",[],1.0,0ffee3ba8e615ad22535e7f771690a28,a704460bd0a887c62e4f462bf1bba96b,,,4547.251285,10.0.2.15,57965,74.122.189.133,443,tcp,13.329917999999452,2881.0,4776.0,SF,True,False,0,ShADadFf,13,3409,15,5380,ssl,0
4548.200045,CQ9bs72zXgypwosms9,10.0.2.15,57966,74.122.189.133,443,TLSv12,TLS_ECDHE_RSA_WITH_AES_128_GCM_SHA256,secp256r1,api.squareup.com,False,True,CsxknGIi,"['a5eb8ea11dd1f111a719ae08f0745617c2778cf7e6a7ec4e4bbe673b36b87a57', 'f5c2f23c6518f9d19b6f39beaea4fbae10031ba9dc985ce1563a520da0ad4116', '6b143c2005d5539cc22eab5f772db2a9fe87467feffa07fcf0a9f7d28274ca7a']",[],1.0,0ffee3ba8e615ad22535e7f771690a28,a704460bd0a887c62e4f462bf1bba96b,,,4547.252072,10.0.2.15,57966,74.122.189.133,443,tcp,9.778848999999354,1206.0,4776.0,RSTO,True,False,0,ShADadFR,11,1654,13,5300,ssl,0
4548.718557,CXnlIz12IBHf7SNJga,10.0.2.15,57971,74.122.189.133,443,TLSv12,TLS_ECDHE_RSA_WITH_AES_128_GCM_SHA256,secp256r1,api.squareup.com,False,True,CsxknGIi,"['a5eb8ea11dd1f111a719ae08f0745617c2778cf7e6a7ec4e4bbe673b36b87a57', 'f5c2f23c6518f9d19b6f39beaea4fbae10031ba9dc985ce1563a520da0ad4116', '6b143c2005d5539cc22eab5f772db2a9fe87467feffa07fcf0a9f7d28274ca7a']",[],1.0,0ffee3ba8e615ad22535e7f771690a28,a704460bd0a887c62e4f462bf1bba96b,,,4547.64809,10.0.2.15,57971,74.122.189.133,443,tcp,6.207971000000725,319.0,4423.0,RSTO,True,False,0,ShADadFR,8,647,10,4827,ssl,0
4550.397142,C8Z56l2mLrMlaiAkl5,10.0.2.15,57961,151.101.113.49,443,TLSv12,TLS_ECDHE_RSA_WITH_AES_128_GCM_SHA256,secp256r1,public-web-production-f.squarecdn.com,False,True,CsxuknGIti,"['9d5987fc43252f7a1757dacd4d603c3697dc21c5d715d6d48cd5a3d783bdaba6', 'f5c2f23c6518f9d19b6f39beaea4fbae10031ba9dc985ce1563a520da0ad4116', '6b143c2005d5539cc22eab5f772db2a9fe87467feffa07fcf0a9f7d28274ca7a']",[],1.0,0ffee3ba8e615ad22535e7f771690a28,860fcf58fd757e26aa8911e5eaff6b53,http/1.1,,4546.037353,10.0.2.15,57961,151.101.113.49,443,tcp,11.0357469999999,340.0,6811.0,RSTO,True,False,0,ShADadFR,10,756,11,7255,ssl,0
4550.397694,CpY5PH3eA75ithAblh,10.0.2.15,57962,151.101.113.49,443,TLSv12,TLS_ECDHE_RSA_WITH_AES_128_GCM_SHA256,secp256r1,public-web-production-f.squarecdn.com,False,True,CsxuknGIti,"['9d5987fc43252f7a1757dacd4d603c3697dc21c5d715d6d48cd5a3d783bdaba6', 'f5c2f23c6518f9d19b6f39beaea4fbae10031ba9dc985ce1563a520da0ad4116', '6b143c2005d5539cc22eab5f772db2a9fe87467feffa07fcf0a9f7d28274ca7a']",[],1.0,0ffee3ba8e615ad22535e7f771690a28,860fcf58fd757e26aa8911e5eaff6b53,http/1.1,,4546.046159,10.0.2.15,57962,151.101.113.49,443,tcp,11.291306999999506,340.0,6811.0,RSTO,True,False,0,ShADadFR,10,756,12,7295,ssl,0
4550.398345,CTPtRIiHynwr5XYcj,10.0.2.15,57963,151.101.113.49,443,TLSv12,TLS_ECDHE_RSA_WITH_AES_128_GCM_SHA256,secp256r1,public-web-production-f.squarecdn.com,False,True,CsxuknGIti,"['9d5987fc43252f7a1757dacd4d603c3697dc21c5d715d6d48cd5a3d783bdaba6', 'f5c2f23c6518f9d19b6f39beaea4fbae10031ba9dc985ce1563a520da0ad4116', '6b143c2005d5539cc22eab5f772db2a9fe87467feffa07fcf0a9f7d28274ca7a']",[],1.0,0ffee3ba8e615ad22535e7f771690a28,860fcf58fd757e26aa8911e5eaff6b53,http/1.1,,4546.068742,10.0.2.15,57963,151.101.113.49,443,tcp,11.32190399999945,340.0,6811.0,RSTO,True,False,0,ShADadFR,10,756,10,7215,ssl,0
4551.820482,Cs9Llb2as8i0F3CcC7,10.0.2.15,57979,151.101.113.49,443,TLSv12,TLS_ECDHE_RSA_WITH_AES_128_GCM_SHA256,secp256r1,tealium-f.squarecdn.com,False,True,CsxuknGIti,"['9d5987fc43252f7a1757dacd4d603c3697dc21c5d715d6d48cd5a3d783bdaba6', 'f5c2f23c6518f9d19b6f39beaea4fbae10031ba9dc985ce1563a520da0ad4116', '6b143c2005d5539cc22eab5f772db2a9fe87467feffa07fcf0a9f7d28274ca7a']",[],1.0,0ffee3ba8e615ad22535e7f771690a28,860fcf58fd757e26aa8911e5eaff6b53,http/1.1,,4550.136596,10.0.2.15,57979,151.101.113.49,443,tcp,8.804000000000087,326.0,6795.0,RSTO,True,False,0,ShADadFR,9,694,11,7239,ssl,0
4559.949029,CESRxh2jeJgJlgCgF1,10.0.2.15,57990,151.101.113.49,443,TLSv12,TLS_ECDHE_RSA_WITH_AES_128_GCM_SHA256,,public-web-production-f.squarecdn.com,True,True,CsiI,,,,1a5fe5677b0e4fbbc854e8908225637d,1d0e57c6ae42e9204defa51e5e1cdc4c,http/1.1,,4556.666904,10.0.2.15,57990,151.101.113.49,443,tcp,141.0150110000004,1782.0,65962.0,SF,True,False,0,ShADadTTFfRr,67,4490,111,70406,ssl,0
4548.949273,CZPkfjAYRA1hnIHJ9,10.0.2.15,57975,74.122.189.133,443,TLSv12,TLS_ECDHE_RSA_WITH_AES_128_GCM_SHA256,secp256r1,api.squareup.com,False,False,CsxknGIi,"['a5eb8ea11dd1f111a719ae08f0745617c2778cf7e6a7ec4e4bbe673b36b87a57', 'f5c2f23c6518f9d19b6f39beaea4fbae10031ba9dc985ce1563a520da0ad4116', '6b143c2005d5539cc22eab5f772db2a9fe87467feffa07fcf0a9f7d28274ca7a']",[],1.0,0ffee3ba8e615ad22535e7f771690a28,a704460bd0a887c62e4f462bf1bba96b,,,4547.916298,10.0.2.15,57975,74.122.189.133,443,tcp,7.133461999999781,319.0,4378.0,RSTO,True,False,0,ShADadFR,8,647,9,4742,ssl,0
4559.962419,CkuqLh3FLIMNEX7dbe,10.0.2.15,57991,151.101.113.49,443,TLSv12,TLS_ECDHE_RSA_WITH_AES_128_GCM_SHA256,,public-web-production-f.squarecdn.com,True,True,CsiI,,,,1a5fe5677b0e4fbbc854e8908225637d,1d0e57c6ae42e9204defa51e5e1cdc4c,http/1.1,,4556.66762,10.0.2.15,57991,151.101.113.49,443,tcp,139.7911409999997,1786.0,65381.0,SF,True,False,0,ShADadTTFRfr,61,4254,101,69425,ssl,0
4559.992339,CxbY603awxSlRWG3cg,10.0.2.15,57992,151.101.113.49,443,TLSv12,TLS_ECDHE_RSA_WITH_AES_128_GCM_SHA256,,public-web-production-f.squarecdn.com,True,True,CsiI,,,,1a5fe5677b0e4fbbc854e8908225637d,1d0e57c6ae42e9204defa51e5e1cdc4c,http/1.1,,4556.668589,10.0.2.15,57992,151.101.113.49,443,tcp,12.764844000000268,599.0,191.0,SF,True,False,0,ShADadFfRr,9,975,9,555,ssl,0
4559.970563,CnqPt74vDevz75XfPg,10.0.2.15,57994,151.101.113.49,443,TLSv12,TLS_ECDHE_RSA_WITH_AES_128_GCM_SHA256,,public-web-production-f.squarecdn.com,True,True,CsiI,,,,1a5fe5677b0e4fbbc854e8908225637d,1d0e57c6ae42e9204defa51e5e1cdc4c,http/1.1,,4556.670865,10.0.2.15,57994,151.101.113.49,443,tcp,142.94725300000027,1159.0,42680.0,SF,True,False,0,ShADadTTFfRr,46,3027,71,45524,ssl,0
4560.099623,Cxm6Ig3wqIccwuV3qd,10.0.2.15,57993,151.101.113.49,443,TLSv12,TLS_ECDHE_RSA_WITH_AES_128_GCM_SHA256,,public-web-production-f.squarecdn.com,True,True,CsiI,,,,1a5fe5677b0e4fbbc854e8908225637d,1d0e57c6ae42e9204defa51e5e1cdc4c,http/1.1,,4556.670215,10.0.2.15,57993,151.101.113.49,443,tcp,12.763167999999496,599.0,191.0,SF,True,False,0,ShADadFfRr,9,975,9,555,ssl,0
4560.104571,CreRnN3sKNRF8OJQEd,10.0.2.15,57989,151.101.113.49,443,TLSv12,TLS_ECDHE_RSA_WITH_AES_128_GCM_SHA256,,public-web-production-f.squarecdn.com,True,True,CsiI,,,,1a5fe5677b0e4fbbc854e8908225637d,1d0e57c6ae42e9204defa51e5e1cdc4c,http/1.1,,4556.665597,10.0.2.15,57989,151.101.113.49,443,tcp,30.71420599999965,599.0,191.0,RSTO,True,False,0,ShADadFTR,10,1017,9,555,ssl,0
4560.19896,C6W2u84iGZQUqAVu1f,10.0.2.15,57997,151.101.113.49,443,TLSv12,TLS_ECDHE_RSA_WITH_AES_128_GCM_SHA256,,public-web-production-f.squarecdn.com,True,True,CsiI,,,,1a5fe5677b0e4fbbc854e8908225637d,1d0e57c6ae42e9204defa51e5e1cdc4c,http/1.1,,4556.932872,10.0.2.15,57997,151.101.113.49,443,tcp,12.39718399999947,599.0,191.0,RSTO,True,False,0,ShADadFR,8,935,7,475,ssl,0
4560.289147,ChkICx3LBYPFZLLMel,10.0.2.15,57996,151.101.113.49,443,TLSv12,TLS_ECDHE_RSA_WITH_AES_128_GCM_SHA256,,public-web-production-f.squarecdn.com,True,True,CsiI,,,,1a5fe5677b0e4fbbc854e8908225637d,1d0e57c6ae42e9204defa51e5e1cdc4c,http/1.1,,4556.932354,10.0.2.15,57996,151.101.113.49,443,tcp,12.397187000000486,599.0,191.0,SF,True,False,0,ShADadFfRr,9,975,9,555,ssl,0
4560.289975,CA0Y843jjKQYZjA2k4,10.0.2.15,57995,151.101.113.49,443,TLSv12,TLS_ECDHE_RSA_WITH_AES_128_GCM_SHA256,,public-web-production-f.squarecdn.com,True,True,CsiI,,,,1a5fe5677b0e4fbbc854e8908225637d,1d0e57c6ae42e9204defa51e5e1cdc4c,http/1.1,,4556.931498,10.0.2.15,57995,151.101.113.49,443,tcp,12.34221400000024,599.0,191.0,RSTO,True,False,0,ShADadFR,8,935,7,475,ssl,0
4560.291059,CJ70tg4vPXk1OKeih1,10.0.2.15,57999,192.107.16.75,443,TLSv12,TLS_RSA_WITH_AES_256_CBC_SHA,,metrics-prod.barclaycardus.com,True,True,CsiI,,,,1a5fe5677b0e4fbbc854e8908225637d,7b6819ed58e8d8415604b7dfcef92d55,,,4559.902122,10.0.2.15,57999,192.107.16.75,443,tcp,15.487420999999811,3253.0,555.0,SF,True,False,0,ShADadfF,9,3621,10,959,ssl,0
4560.602931,CdsphN1Nq0GUQlMVP,10.0.2.15,58000,192.107.16.44,443,TLSv12,TLS_RSA_WITH_AES_256_CBC_SHA,,gif.barclaycardus.com,True,True,CsiI,,,,1a5fe5677b0e4fbbc854e8908225637d,7b6819ed58e8d8415604b7dfcef92d55,,,4560.065952,10.0.2.15,58000,192.107.16.44,443,tcp,7.181636000000253,645.0,161.0,SF,True,False,0,ShADadFf,7,933,7,445,ssl,0
4558.259757,CdGRMo3IoAf57FOA4e,10.0.2.15,57988,192.107.16.75,443,TLSv12,TLS_RSA_WITH_AES_256_CBC_SHA,,metrics-prod.barclaycardus.com,True,True,CsiI,,,,1a5fe5677b0e4fbbc854e8908225637d,7b6819ed58e8d8415604b7dfcef92d55,,,4554.216807,10.0.2.15,57988,192.107.16.75,443,tcp,20.844042000000627,1530.0,422.0,RSTO,True,False,0,ShADadFR,9,1906,8,746,ssl,0
4553.257402,Cus66c3OT5wTUDyVxa,10.0.2.15,57983,151.101.113.49,443,TLSv12,TLS_ECDHE_RSA_WITH_AES_128_GCM_SHA256,secp256r1,tealium-f.squarecdn.com,False,True,CsxuknGIti,"['9d5987fc43252f7a1757dacd4d603c3697dc21c5d715d6d48cd5a3d783bdaba6', 'f5c2f23c6518f9d19b6f39beaea4fbae10031ba9dc985ce1563a520da0ad4116', '6b143c2005d5539cc22eab5f772db2a9fe87467feffa07fcf0a9f7d28274ca7a']",[],1.0,0ffee3ba8e615ad22535e7f771690a28,860fcf58fd757e26aa8911e5eaff6b53,http/1.1,,4550.472331,10.0.2.15,57983,151.101.113.49,443,tcp,13.391574999999648,326.0,6795.0,RSTO,True,False,0,ShADadFR,9,694,10,7199,ssl,0
4562.062576,CdUuwJ2wRzYgKGEPDl,10.0.2.15,58002,192.107.16.44,443,TLSv12,TLS_RSA_WITH_AES_256_CBC_SHA,,gif.barclaycardus.com,True,True,CsiI,,,,1a5fe5677b0e4fbbc854e8908225637d,7b6819ed58e8d8415604b7dfcef92d55,,,4560.60434,10.0.2.15,58002,192.107.16.44,443,tcp,7.734943999999814,645.0,161.0,SF,True,False,0,ShADadFf,7,933,7,445,ssl,0
4562.417002,CQc7l42mZAiFp4ZJ5,10.0.2.15,58004,192.107.16.41,443,TLSv12,TLS_RSA_WITH_AES_256_CBC_SHA,,www.barclaycardus.com,True,True,CsiI,,,,1a5fe5677b0e4fbbc854e8908225637d,7b6819ed58e8d8415604b7dfcef92d55,,,4560.647193,10.0.2.15,58004,192.107.16.41,443,tcp,9.340645000000222,1562.0,1787.0,SF,True,False,0,ShADadfF,10,1970,11,2231,ssl,0
4562.547047,C1zhmW1KrMsbIaNH02,10.0.2.15,58005,63.140.32.140,443,TLSv12,TLS_ECDHE_RSA_WITH_AES_256_GCM_SHA384,,metrics.barclaycardus.com,True,True,CsiI,,,,0ffee3ba8e615ad22535e7f771690a28,28ef90cc3d9d08c96a8a2cb6f365a79e,,,4560.691268,10.0.2.15,58005,63.140.32.140,443,tcp,14.092129999999996,1244.0,147.0,SF,True,False,0,ShADadFf,9,1612,9,511,ssl,0
4562.601411,CEiL5s4rvfn6Lzj31,10.0.2.15,58007,192.107.16.41,443,TLSv12,TLS_RSA_WITH_AES_256_CBC_SHA,,www.barclaycardus.com,True,True,CsiI,,,,1a5fe5677b0e4fbbc854e8908225637d,7b6819ed58e8d8415604b7dfcef92d55,,,4561.068166,10.0.2.15,58007,192.107.16.41,443,tcp,7.148989000000256,645.0,161.0,SF,True,False,0,ShADadFf,7,933,7,445,ssl,0
4562.607229,C59yjn1l5e6mbUeyE8,10.0.2.15,58006,63.140.32.140,443,TLSv12,TLS_ECDHE_RSA_WITH_AES_256_GCM_SHA384,,metrics.barclaycardus.com,True,True,CsiI,,,,0ffee3ba8e615ad22535e7f771690a28,28ef90cc3d9d08c96a8a2cb6f365a79e,,,4561.067631,10.0.2.15,58006,63.140.32.140,443,tcp,7.205522000000201,316.0,147.0,SF,True,False,0,ShADadFf,8,644,8,471,ssl,0
4548.582465,CJDFrd3fKANC5vt1r7,10.0.2.15,57967,74.122.189.133,443,TLSv12,TLS_ECDHE_RSA_WITH_AES_128_GCM_SHA256,secp256r1,api.squareup.com,False,False,CsxknGIi,"['a5eb8ea11dd1f111a719ae08f0745617c2778cf7e6a7ec4e4bbe673b36b87a57', 'f5c2f23c6518f9d19b6f39beaea4fbae10031ba9dc985ce1563a520da0ad4116', '6b143c2005d5539cc22eab5f772db2a9fe87467feffa07fcf0a9f7d28274ca7a']",[],1.0,0ffee3ba8e615ad22535e7f771690a28,a704460bd0a887c62e4f462bf1bba96b,,,4547.507006,10.0.2.15,57967,74.122.189.133,443,tcp,9.046865000000253,319.0,4378.0,RSTO,True,False,0,ShADadFR,8,647,9,4742,ssl,0
4562.616544,CpwpcZ1bPY3YXJxQ0k,10.0.2.15,57998,192.107.16.75,443,TLSv12,TLS_RSA_WITH_AES_256_CBC_SHA,,metrics-prod.barclaycardus.com,True,True,CsiI,,,,1a5fe5677b0e4fbbc854e8908225637d,7b6819ed58e8d8415604b7dfcef92d55,,,4558.141096,10.0.2.15,57998,192.107.16.75,443,tcp,10.014846000000034,645.0,390.0,RSTO,True,False,0,ShADadFR,8,981,7,674,ssl,0
4551.819773,CoGonihAiJRxisLWa,10.0.2.15,57980,151.101.113.49,443,TLSv12,TLS_ECDHE_RSA_WITH_AES_128_GCM_SHA256,secp256r1,tealium-f.squarecdn.com,False,True,CsxuknGIti,"['9d5987fc43252f7a1757dacd4d603c3697dc21c5d715d6d48cd5a3d783bdaba6', 'f5c2f23c6518f9d19b6f39beaea4fbae10031ba9dc985ce1563a520da0ad4116', '6b143c2005d5539cc22eab5f772db2a9fe87467feffa07fcf0a9f7d28274ca7a']",[],1.0,0ffee3ba8e615ad22535e7f771690a28,860fcf58fd757e26aa8911e5eaff6b53,http/1.1,,4550.13736,10.0.2.15,57980,151.101.113.49,443,tcp,14.85526200000004,860.0,6795.0,RSTO,True,False,0,ShADadFR,10,1268,11,7239,ssl,0
4562.986581,CSrMG63hqh8j7jGozi,10.0.2.15,58009,192.107.16.41,443,TLSv12,TLS_RSA_WITH_AES_256_CBC_SHA,,www.barclaycardus.com,True,True,CsiI,,,,1a5fe5677b0e4fbbc854e8908225637d,7b6819ed58e8d8415604b7dfcef92d55,,,4561.32645,10.0.2.15,58009,192.107.16.41,443,tcp,6.80428000000029,645.0,161.0,SF,True,False,0,ShADadFf,7,933,7,445,ssl,0
4563.062262,CYgcjt21Lbzcfz3Jp1,10.0.2.15,58008,63.140.32.140,443,TLSv12,TLS_ECDHE_RSA_WITH_AES_256_GCM_SHA384,,metrics.barclaycardus.com,True,True,CsiI,,,,0ffee3ba8e615ad22535e7f771690a28,28ef90cc3d9d08c96a8a2cb6f365a79e,,,4561.325949,10.0.2.15,58008,63.140.32.140,443,tcp,7.851188999999977,316.0,147.0,SF,True,False,0,ShADadFf,8,644,8,471,ssl,0
4561.927959,CNHKGu3mOhm0v4QS8d,10.0.2.15,58001,192.107.16.44,443,TLSv12,TLS_RSA_WITH_AES_256_CBC_SHA,,gif.barclaycardus.com,True,True,CsiI,,,,1a5fe5677b0e4fbbc854e8908225637d,7b6819ed58e8d8415604b7dfcef92d55,,,4560.483405,10.0.2.15,58001,192.107.16.44,443,tcp,11.962018000000173,645.0,161.0,SF,True,False,0,ShADadFf,7,933,7,445,ssl,0
4562.059036,C569S938hlz2N22iek,10.0.2.15,58003,192.107.16.44,443,TLSv12,TLS_RSA_WITH_AES_256_CBC_SHA,,gif.barclaycardus.com,True,True,CsiI,,,,1a5fe5677b0e4fbbc854e8908225637d,7b6819ed58e8d8415604b7dfcef92d55,,,4560.605074,10.0.2.15,58003,192.107.16.44,443,tcp,12.152060000000349,645.0,161.0,SF,True,False,0,ShADadFf,7,933,7,445,ssl,0
4571.961529,CO9UTg4oHMnvUcIntd,10.0.2.15,58011,192.107.16.44,443,TLSv12,TLS_RSA_WITH_AES_256_CBC_SHA,,gif.barclaycardus.com,True,True,CsiI,,,,1a5fe5677b0e4fbbc854e8908225637d,7b6819ed58e8d8415604b7dfcef92d55,,,4571.842466,10.0.2.15,58011,192.107.16.44,443,tcp,3.715172999999595,1274.0,1456.0,SF,True,False,0,ShADadfF,9,1642,9,1820,ssl,0
4572.101372,CDUaAs4cVoob0Zbbh2,10.0.2.15,58012,192.107.16.41,443,TLSv12,TLS_RSA_WITH_AES_256_CBC_SHA,,www.barclaycardus.com,True,True,CsiI,,,,1a5fe5677b0e4fbbc854e8908225637d,7b6819ed58e8d8415604b7dfcef92d55,,,4571.935598,10.0.2.15,58012,192.107.16.41,443,tcp,3.620108000000073,4346.0,939.0,SF,True,False,0,ShADadfF,11,4794,11,1383,ssl,0
4572.218919,CZyWuq4IuolwCYG9l7,10.0.2.15,58013,192.107.16.41,443,TLSv12,TLS_RSA_WITH_AES_256_CBC_SHA,,www.barclaycardus.com,True,True,CsiI,,,,1a5fe5677b0e4fbbc854e8908225637d,7b6819ed58e8d8415604b7dfcef92d55,,,4572.102784,10.0.2.15,58013,192.107.16.41,443,tcp,7.106808000000456,645.0,161.0,SF,True,False,0,ShADadFf,7,933,7,445,ssl,0
4572.765949,CTJ2le4FNXqx3Uk5n,10.0.2.15,58010,192.107.16.44,443,TLSv12,TLS_RSA_WITH_AES_256_CBC_SHA,,gif.barclaycardus.com,True,True,CsiI,,,,1a5fe5677b0e4fbbc854e8908225637d,7b6819ed58e8d8415604b7dfcef92d55,,,4569.609983,10.0.2.15,58010,192.107.16.44,443,tcp,9.636445999999523,645.0,161.0,SF,True,False,0,ShADadFf,8,981,7,445,ssl,0
4573.064568,CDwhII1E3aoCjf1Oo6,10.0.2.15,58016,151.101.113.49,443,TLSv12,TLS_ECDHE_RSA_WITH_AES_128_GCM_SHA256,,public-web-production-f.squarecdn.com,True,True,CsiI,,,,1a5fe5677b0e4fbbc854e8908225637d,1d0e57c6ae42e9204defa51e5e1cdc4c,http/1.1,,4573.000476,10.0.2.15,58016,151.101.113.49,443,tcp,124.7168329999995,1226.0,23733.0,RSTO,True,False,0,ShADadTTFR,35,2646,51,25777,ssl,0
4573.408253,CJVfmb1fN9SOMFfjj,10.0.2.15,58017,74.122.189.133,443,TLSv12,TLS_ECDHE_RSA_WITH_AES_128_GCM_SHA256,,api.squareup.com,True,True,CsiI,,,,0ffee3ba8e615ad22535e7f771690a28,a704460bd0a887c62e4f462bf1bba96b,,,4573.154912,10.0.2.15,58017,74.122.189.133,443,tcp,12.443129999999655,5190.0,1206.0,SF,True,False,0,ShADadFf,14,5758,14,1770,ssl,0
4573.413422,C31XiYemhqMuJoI6a,10.0.2.15,58018,74.122.189.133,443,TLSv12,TLS_ECDHE_RSA_WITH_AES_128_GCM_SHA256,,api.squareup.com,True,True,CsiI,,,,0ffee3ba8e615ad22535e7f771690a28,a704460bd0a887c62e4f462bf1bba96b,,,4573.157817,10.0.2.15,58018,74.122.189.133,443,tcp,119.74471300000005,10583.0,2618.0,SF,True,False,0,ShADadTFf,36,12040,36,4062,ssl,0
4573.828323,CpETfX7LKdhVtvLp6,10.0.2.15,58019,74.122.189.133,443,TLSv12,TLS_ECDHE_RSA_WITH_AES_128_GCM_SHA256,,api.squareup.com,True,True,CsiI,,,,0ffee3ba8e615ad22535e7f771690a28,a704460bd0a887c62e4f462bf1bba96b,,,4573.409537,10.0.2.15,58019,74.122.189.133,443,tcp,10.002054000000498,307.0,147.0,SF,True,False,0,ShADadFf,8,635,8,471,ssl,0
4576.46405,CWbScM3N4SrsOa2JWf,10.0.2.15,58035,74.122.189.133,443,TLSv12,TLS_ECDHE_RSA_WITH_AES_128_GCM_SHA256,,api.squareup.com,True,True,CsiI,,,,0ffee3ba8e615ad22535e7f771690a28,a704460bd0a887c62e4f462bf1bba96b,,,4575.917142,10.0.2.15,58035,74.122.189.133,443,tcp,7.204219000000194,307.0,147.0,SF,True,False,0,ShADadFf,8,635,8,471,ssl,0
4576.464575,CG6E3F2ITyCVkf7lbd,10.0.2.15,58034,74.122.189.133,443,TLSv12,TLS_ECDHE_RSA_WITH_AES_128_GCM_SHA256,,api.squareup.com,True,True,CsiI,,,,0ffee3ba8e615ad22535e7f771690a28,a704460bd0a887c62e4f462bf1bba96b,,,4575.916142,10.0.2.15,58034,74.122.189.133,443,tcp,7.471011999999973,307.0,147.0,SF,True,False,0,ShADadFf,8,635,8,471,ssl,0
4578.266337,CAy8CQ3n8xIijlnrZi,10.0.2.15,58038,74.122.189.133,443,TLSv12,TLS_ECDHE_RSA_WITH_AES_128_GCM_SHA256,,api.squareup.com,True,True,CsiI,,,,0ffee3ba8e615ad22535e7f771690a28,a704460bd0a887c62e4f462bf1bba96b,,,4576.591677,10.0.2.15,58038,74.122.189.133,443,tcp,14.109128999999484,307.0,147.0,SF,True,False,0,ShADadTFf,9,676,9,511,ssl,0
4578.266894,CJY8fjIxphk5V5uAl,10.0.2.15,58037,74.122.189.133,443,TLSv12,TLS_ECDHE_RSA_WITH_AES_128_GCM_SHA256,,api.squareup.com,True,True,CsiI,,,,0ffee3ba8e615ad22535e7f771690a28,a704460bd0a887c62e4f462bf1bba96b,,,4576.59065,10.0.2.15,58037,74.122.189.133,443,tcp,14.25474800000029,307.0,147.0,SF,True,False,0,ShADadTFf,9,676,9,511,ssl,0
4576.463515,CXwZlE3v3iatgkIKm2,10.0.2.15,58036,151.101.113.49,443,TLSv12,TLS_ECDHE_RSA_WITH_AES_128_GCM_SHA256,secp256r1,tealium-f.squarecdn.com,False,True,CsxuknGIti,"['9d5987fc43252f7a1757dacd4d603c3697dc21c5d715d6d48cd5a3d783bdaba6', 'f5c2f23c6518f9d19b6f39beaea4fbae10031ba9dc985ce1563a520da0ad4116', '6b143c2005d5539cc22eab5f772db2a9fe87467feffa07fcf0a9f7d28274ca7a']",[],1.0,0ffee3ba8e615ad22535e7f771690a28,860fcf58fd757e26aa8911e5eaff6b53,http/1.1,,4576.027925,10.0.2.15,58036,151.101.113.49,443,tcp,38.75264900000002,1564.0,10764.0,RSTR,True,False,0,ShADadTFRr,18,2295,23,11688,ssl,0
4578.534846,CyoLJb1jSxsSwVGGY7,10.0.2.15,58032,151.101.113.49,443,TLSv12,TLS_ECDHE_RSA_WITH_AES_128_GCM_SHA256,secp256r1,tealium-f.squarecdn.com,False,True,CsxuknGIti,"['9d5987fc43252f7a1757dacd4d603c3697dc21c5d715d6d48cd5a3d783bdaba6', 'f5c2f23c6518f9d19b6f39beaea4fbae10031ba9dc985ce1563a520da0ad4116', '6b143c2005d5539cc22eab5f772db2a9fe87467feffa07fcf0a9f7d28274ca7a']",[],1.0,0ffee3ba8e615ad22535e7f771690a28,860fcf58fd757e26aa8911e5eaff6b53,http/1.1,,4575.244131,10.0.2.15,58032,151.101.113.49,443,tcp,15.495371999999406,357.0,6826.0,RSTO,True,False,0,ShADadTFR,15,974,17,7510,ssl,0
4575.238668,CGUqQd4t0DSuYF8ry1,10.0.2.15,58020,74.122.189.133,443,TLSv12,TLS_ECDHE_RSA_WITH_AES_128_GCM_SHA256,,api.squareup.com,True,True,CsiI,,,,0ffee3ba8e615ad22535e7f771690a28,a704460bd0a887c62e4f462bf1bba96b,,,4573.662368,10.0.2.15,58020,74.122.189.133,443,tcp,16.130709999999453,1459.0,147.0,SF,True,False,0,ShADadFf,9,1827,9,511,ssl,0
4594.103375,CnAPxG37aKtkLVpvbl,10.0.2.15,58045,68.232.35.180,443,TLSv12,TLS_ECDHE_RSA_WITH_AES_128_GCM_SHA256,secp256r1,tags.tiqcdn.com,False,True,CsxuknGIti,"['e9833ec9415ec4381e97b13a6a575b5ebe604ba96ebe8484d5edd67608a492ca', '19400be5b7a31fb733917700789d2f0a2471c0c9d506c0e504c06c16d7cb17c0', '7431e5f4c3c1ce4690774f0b61e05440883ba9a01ed00ba6abd7806ed3b118cf']",[],1.0,1a5fe5677b0e4fbbc854e8908225637d,49b45fc1ab090aa3a159778313fc9b9e,h2,,4590.249261,10.0.2.15,58045,68.232.35.180,443,tcp,211.34383499999967,1661.0,17436.0,SF,True,False,0,ShADadFf,30,2877,43,19160,ssl,0
4594.345421,CmcPrs4FcKtuQGF3L9,10.0.2.15,58046,74.122.190.83,443,TLSv12,TLS_ECDHE_RSA_WITH_AES_128_GCM_SHA256,,squareup.com,True,True,CsiI,,,,0ffee3ba8e615ad22535e7f771690a28,303951d4c50efb2e991652225a6f02b1,,,4590.256115,10.0.2.15,58046,74.122.190.83,443,tcp,11.441100000000006,303.0,143.0,SF,True,False,0,ShADadFf,9,679,8,467,ssl,0
4594.680624,CFgR0t1l55cPZ1e597,10.0.2.15,58059,151.101.113.49,443,TLSv12,TLS_ECDHE_RSA_WITH_AES_128_GCM_SHA256,secp256r1,onboard-frontend-production-f.squarecdn.com,False,True,CsxuknGIti,"['9d5987fc43252f7a1757dacd4d603c3697dc21c5d715d6d48cd5a3d783bdaba6', 'f5c2f23c6518f9d19b6f39beaea4fbae10031ba9dc985ce1563a520da0ad4116', '6b143c2005d5539cc22eab5f772db2a9fe87467feffa07fcf0a9f7d28274ca7a']",[],1.0,0ffee3ba8e615ad22535e7f771690a28,860fcf58fd757e26aa8911e5eaff6b53,http/1.1,,4594.354458,10.0.2.15,58059,151.101.113.49,443,tcp,128.81001600000036,756.0,67846.0,SF,True,False,0,ShADadTTFfRr,51,2816,93,71570,ssl,0
4594.686544,CKbpirTA67ITbBZjf,10.0.2.15,58058,151.101.113.49,443,TLSv12,TLS_ECDHE_RSA_WITH_AES_128_GCM_SHA256,secp256r1,onboard-frontend-production-f.squarecdn.com,False,True,CsxuknGIti,"['9d5987fc43252f7a1757dacd4d603c3697dc21c5d715d6d48cd5a3d783bdaba6', 'f5c2f23c6518f9d19b6f39beaea4fbae10031ba9dc985ce1563a520da0ad4116', '6b143c2005d5539cc22eab5f772db2a9fe87467feffa07fcf0a9f7d28274ca7a']",[],1.0,0ffee3ba8e615ad22535e7f771690a28,860fcf58fd757e26aa8911e5eaff6b53,http/1.1,,4594.353303,10.0.2.15,58058,151.101.113.49,443,tcp,146.0161850000004,1133.0,341437.0,SF,True,False,0,ShADadTTFfRr,211,9593,440,359041,ssl,0
4594.692731,CO48vo4xAZ2VSUqN5h,10.0.2.15,58057,151.101.113.49,443,TLSv12,TLS_ECDHE_RSA_WITH_AES_128_GCM_SHA256,secp256r1,onboard-frontend-production-f.squarecdn.com,False,True,CsxuknGIti,"['9d5987fc43252f7a1757dacd4d603c3697dc21c5d715d6d48cd5a3d783bdaba6', 'f5c2f23c6518f9d19b6f39beaea4fbae10031ba9dc985ce1563a520da0ad4116', '6b143c2005d5539cc22eab5f772db2a9fe87467feffa07fcf0a9f7d28274ca7a']",[],1.0,0ffee3ba8e615ad22535e7f771690a28,860fcf58fd757e26aa8911e5eaff6b53,http/1.1,,4594.352528,10.0.2.15,58057,151.101.113.49,443,tcp,140.1512159999993,745.0,238418.0,SF,True,False,0,ShADadTTFfRr,149,6726,308,250742,ssl,0
4594.707303,C42btU2WVEXPOnIpL,10.0.2.15,58055,151.101.113.49,443,TLSv12,TLS_ECDHE_RSA_WITH_AES_128_GCM_SHA256,secp256r1,onboard-frontend-production-f.squarecdn.com,False,True,CsxuknGIti,"['9d5987fc43252f7a1757dacd4d603c3697dc21c5d715d6d48cd5a3d783bdaba6', 'f5c2f23c6518f9d19b6f39beaea4fbae10031ba9dc985ce1563a520da0ad4116', '6b143c2005d5539cc22eab5f772db2a9fe87467feffa07fcf0a9f7d28274ca7a']",[],1.0,0ffee3ba8e615ad22535e7f771690a28,860fcf58fd757e26aa8911e5eaff6b53,http/1.1,,4594.351327,10.0.2.15,58055,151.101.113.49,443,tcp,129.0767649999998,771.0,65032.0,SF,True,False,0,ShADadTTFfRr,57,3071,97,68916,ssl,0
4594.670876,CkRv6Q1c5mpjcWorh7,10.0.2.15,58054,151.101.113.49,443,TLSv12,TLS_ECDHE_RSA_WITH_AES_128_GCM_SHA256,secp256r1,onboard-frontend-production-f.squarecdn.com,False,True,CsxuknGIti,"['9d5987fc43252f7a1757dacd4d603c3697dc21c5d715d6d48cd5a3d783bdaba6', 'f5c2f23c6518f9d19b6f39beaea4fbae10031ba9dc985ce1563a520da0ad4116', '6b143c2005d5539cc22eab5f772db2a9fe87467feffa07fcf0a9f7d28274ca7a']",[],1.0,0ffee3ba8e615ad22535e7f771690a28,860fcf58fd757e26aa8911e5eaff6b53,http/1.1,,4594.350627,10.0.2.15,58054,151.101.113.49,443,tcp,129.0328980000004,761.0,7603.0,SF,True,False,0,ShADadTTFfRr,27,1861,32,8887,ssl,0
4594.674387,CllVrIH5M3tN4p95k,10.0.2.15,58053,151.101.113.49,443,TLSv12,TLS_ECDHE_RSA_WITH_AES_128_GCM_SHA256,secp256r1,onboard-production-f.squarecdn.com,False,True,CsxuknGIti,"['9d5987fc43252f7a1757dacd4d603c3697dc21c5d715d6d48cd5a3d783bdaba6', 'f5c2f23c6518f9d19b6f39beaea4fbae10031ba9dc985ce1563a520da0ad4116', '6b143c2005d5539cc22eab5f772db2a9fe87467feffa07fcf0a9f7d28274ca7a']",[],1.0,0ffee3ba8e615ad22535e7f771690a28,860fcf58fd757e26aa8911e5eaff6b53,http/1.1,,4594.348603,10.0.2.15,58053,151.101.113.49,443,tcp,129.07953799999996,782.0,9908.0,SF,True,False,0,ShADadTTFfRr,28,1922,35,11312,ssl,0
4594.695538,CrphIyvRJVPA7ftE8,10.0.2.15,58056,74.122.189.136,443,TLSv12,TLS_ECDHE_RSA_WITH_AES_128_GCM_SHA256,secp256r1,js.squareup.com,False,True,CsxknGIi,"['a5eb8ea11dd1f111a719ae08f0745617c2778cf7e6a7ec4e4bbe673b36b87a57', 'f5c2f23c6518f9d19b6f39beaea4fbae10031ba9dc985ce1563a520da0ad4116', '6b143c2005d5539cc22eab5f772db2a9fe87467feffa07fcf0a9f7d28274ca7a']",[],1.0,0ffee3ba8e615ad22535e7f771690a28,a704460bd0a887c62e4f462bf1bba96b,,,4594.351915,10.0.2.15,58056,74.122.189.136,443,tcp,63.68159000000014,955.0,10159.0,SF,True,False,0,ShADadTfF,17,1648,23,11083,ssl,0
4602.805846,CUyUcxtGBDIsKRdNc,10.0.2.15,58077,96.43.149.26,443,TLSv12,TLS_ECDHE_RSA_WITH_AES_256_GCM_SHA384,secp256r1,www.salesforce.com,False,True,CsxknGIi,"['6e77eaf8790d4e0959e5cb0b8788a12dd160294787bc5be74bc79f30fbf345f8', 'eae72eb454bf6c3977ebd289e970b2f5282949190093d0d26f98d0f0d6a9cf17']",[],1.0,0ffee3ba8e615ad22535e7f771690a28,959bfcf87532cbff1253e80a4ee81308,,,4602.514988,10.0.2.15,58077,96.43.149.26,443,tcp,153.5539749999998,6364.0,33831.0,SF,True,False,0,ShADadTTFfRr,48,8306,63,36355,ssl,0
4605.373416,CPykQYRKFZx0A0UTb,10.0.2.15,58078,151.101.113.49,443,TLSv12,TLS_ECDHE_RSA_WITH_AES_128_GCM_SHA256,secp256r1,onboard-frontend-production-f.squarecdn.com,False,True,CsxuknGIti,"['9d5987fc43252f7a1757dacd4d603c3697dc21c5d715d6d48cd5a3d783bdaba6', 'f5c2f23c6518f9d19b6f39beaea4fbae10031ba9dc985ce1563a520da0ad4116', '6b143c2005d5539cc22eab5f772db2a9fe87467feffa07fcf0a9f7d28274ca7a']",[],1.0,0ffee3ba8e615ad22535e7f771690a28,860fcf58fd757e26aa8911e5eaff6b53,http/1.1,,4605.330556,10.0.2.15,58078,151.101.113.49,443,tcp,134.84721600000012,2051.0,103704.0,RSTO,True,False,0,ShADadTTFR,64,4631,134,109068,ssl,0
4606.041512,CzH5x036rtvVuIdySc,10.0.2.15,58079,216.58.201.104,443,TLSv12,TLS_ECDHE_RSA_WITH_AES_128_GCM_SHA256,x25519,ssl.google-analytics.com,False,True,CsxknGIti,"['31ed45c3400fc5f9a84dfaa0a6f6171369876ed4e2da669ee7f8edbe3593bf6b', '9f630426df1d8abfd80ace98871ba833ab9742cb34838de2b5285ed54c0c7dcc', '3c35cc963eb004451323d3275d05b353235053490d9cd83729a2faf5e7ca1cc0']",[],1.0,0ffee3ba8e615ad22535e7f771690a28,ab41313cfec25328b20865eb1388e0a2,h2,,4605.923117,10.0.2.15,58079,216.58.201.104,443,tcp,485.04775400000017,5598.0,118915.0,RSTR,True,False,0,ShADadRr,107,9886,189,126479,ssl,0
4606.221119,CWHEax2IMkA9wvtV5c,10.0.2.15,58080,74.122.189.133,443,TLSv12,TLS_ECDHE_RSA_WITH_AES_128_GCM_SHA256,,api.squareup.com,True,True,CsiI,,,,0ffee3ba8e615ad22535e7f771690a28,a704460bd0a887c62e4f462bf1bba96b,,,4605.942378,10.0.2.15,58080,74.122.189.133,443,tcp,87.09455600000001,7934.0,1912.0,SF,True,False,0,ShADadTFf,28,9069,28,3036,ssl,0
4606.741144,CqJ6D12YgHKgD9lj2,10.0.2.15,58081,74.122.189.133,443,TLSv12,TLS_ECDHE_RSA_WITH_AES_128_GCM_SHA256,,api.squareup.com,True,True,CsiI,,,,0ffee3ba8e615ad22535e7f771690a28,a704460bd0a887c62e4f462bf1bba96b,,,4606.226153,10.0.2.15,58081,74.122.189.133,443,tcp,86.60301300000083,6850.0,1559.0,SF,True,False,0,ShADadTFf,27,7945,27,2643,ssl,0
4607.11297,C1gSD49Q2TVDna7ze,10.0.2.15,58083,74.122.189.133,443,TLSv12,TLS_ECDHE_RSA_WITH_AES_128_GCM_SHA256,,api.squareup.com,True,True,CsiI,,,,0ffee3ba8e615ad22535e7f771690a28,a704460bd0a887c62e4f462bf1bba96b,,,4606.480055,10.0.2.15,58083,74.122.189.133,443,tcp,8.807458999999653,307.0,147.0,SF,True,False,0,ShADadFf,8,635,8,471,ssl,0
4607.105739,CM4tfR21BpUeopq6I7,10.0.2.15,58084,74.122.190.83,443,TLSv12,TLS_ECDHE_RSA_WITH_AES_128_GCM_SHA256,,squareup.com,True,True,CsiI,,,,0ffee3ba8e615ad22535e7f771690a28,303951d4c50efb2e991652225a6f02b1,,,4606.745062,10.0.2.15,58084,74.122.190.83,443,tcp,63.39313800000036,1155.0,596.0,SF,True,False,0,ShADadTfF,16,1809,16,1240,ssl,0
4607.109943,Cyrfhx4OYWiyvSGWz1,10.0.2.15,58082,74.122.190.83,443,TLSv12,TLS_ECDHE_RSA_WITH_AES_128_GCM_SHA256,,squareup.com,True,True,CsiI,,,,0ffee3ba8e615ad22535e7f771690a28,303951d4c50efb2e991652225a6f02b1,,,4606.449848,10.0.2.15,58082,74.122.190.83,443,tcp,75.86473999999998,3380.0,11351.0,SF,True,False,0,ShADadTfF,20,4193,25,12355,ssl,0
4608.313187,CyGVTO1qvTwQ7AkBda,10.0.2.15,58085,74.122.190.83,443,TLSv12,TLS_ECDHE_RSA_WITH_AES_128_GCM_SHA256,,squareup.com,True,True,CsiI,,,,0ffee3ba8e615ad22535e7f771690a28,303951d4c50efb2e991652225a6f02b1,,,4607.69877,10.0.2.15,58085,74.122.190.83,443,tcp,62.43837799999983,1416.0,3370.0,SF,True,False,0,ShADadTfF,16,2069,17,4054,ssl,0
4608.312618,CHxog83p5KDABezjM,10.0.2.15,58086,23.65.211.238,443,TLSv12,TLS_ECDHE_RSA_WITH_AES_256_GCM_SHA384,secp256r1,c1.sfdcstatic.com,False,True,CsxknGIti,"['358299faaf63fdef6c5a078c2de0069120b60be70c2eb23a26cc5b3af09f5937', 'eae72eb454bf6c3977ebd289e970b2f5282949190093d0d26f98d0f0d6a9cf17', '8420dfbe376f414bf4c0a81e6936d24ccc03f304835b86c7a39142fca723a689']",[],1.0,0ffee3ba8e615ad22535e7f771690a28,2b33c1374db4ddf06942f92373c0b54b,http/1.1,,4607.700389,10.0.2.15,58086,23.65.211.238,443,tcp,132.46377400000074,1212.0,50575.0,RSTO,True,False,0,ShADadTTFR,38,2752,69,53339,ssl,0
4608.313701,CJBPPV2mYPHHc7YAXl,10.0.2.15,58097,23.65.211.238,443,TLSv12,TLS_ECDHE_RSA_WITH_AES_256_GCM_SHA384,secp256r1,c2.sfdcstatic.com,False,True,CsxknGIti,"['358299faaf63fdef6c5a078c2de0069120b60be70c2eb23a26cc5b3af09f5937', 'eae72eb454bf6c3977ebd289e970b2f5282949190093d0d26f98d0f0d6a9cf17', '8420dfbe376f414bf4c0a81e6936d24ccc03f304835b86c7a39142fca723a689']",[],1.0,0ffee3ba8e615ad22535e7f771690a28,2b33c1374db4ddf06942f92373c0b54b,http/1.1,,4607.715935,10.0.2.15,58097,23.65.211.238,443,tcp,132.45658699999967,1225.0,48282.0,SF,True,False,0,ShADadTTFf,42,2925,71,51126,ssl,0
4608.314199,COhvMx1DPoZVyHU7g7,10.0.2.15,58096,23.65.211.238,443,TLSv12,TLS_ECDHE_RSA_WITH_AES_256_GCM_SHA384,secp256r1,c2.sfdcstatic.com,False,True,CsxknGIti,"['358299faaf63fdef6c5a078c2de0069120b60be70c2eb23a26cc5b3af09f5937', 'eae72eb454bf6c3977ebd289e970b2f5282949190093d0d26f98d0f0d6a9cf17', '8420dfbe376f414bf4c0a81e6936d24ccc03f304835b86c7a39142fca723a689']",[],1.0,0ffee3ba8e615ad22535e7f771690a28,2b33c1374db4ddf06942f92373c0b54b,http/1.1,,4607.715276,10.0.2.15,58096,23.65.211.238,443,tcp,159.72688900000048,1677.0,159219.0,SF,True,False,0,ShADadTTFRfr,77,4779,177,166303,ssl,0
4608.315444,CS8E411TOTsgB0nIF3,10.0.2.15,58094,95.101.246.111,443,TLSv12,TLS_ECDHE_RSA_WITH_AES_256_GCM_SHA384,,assets.adobedtm.com,True,True,CsiI,,,,1a5fe5677b0e4fbbc854e8908225637d,410b9bedaf65dd26c6fe547154d60db4,http/1.1,,4607.714407,10.0.2.15,58094,95.101.246.111,443,tcp,140.6720489999998,3126.0,35727.0,RSTO,True,False,0,ShADadTTFR,49,5107,71,38571,ssl,0
4608.314898,CsacLa4sgQnx9pyN2h,10.0.2.15,58095,23.65.211.238,443,TLSv12,TLS_ECDHE_RSA_WITH_AES_256_GCM_SHA384,secp256r1,c2.sfdcstatic.com,False,True,CsxknGIti,"['358299faaf63fdef6c5a078c2de0069120b60be70c2eb23a26cc5b3af09f5937', 'eae72eb454bf6c3977ebd289e970b2f5282949190093d0d26f98d0f0d6a9cf17', '8420dfbe376f414bf4c0a81e6936d24ccc03f304835b86c7a39142fca723a689']",[],1.0,0ffee3ba8e615ad22535e7f771690a28,2b33c1374db4ddf06942f92373c0b54b,http/1.1,,4607.714849,10.0.2.15,58095,23.65.211.238,443,tcp,132.59267,1228.0,29585.0,SF,True,False,0,ShADadTTFf,34,2608,50,31589,ssl,0
4608.317071,CEdzpa40nRRk9S1kNc,10.0.2.15,58093,23.65.211.238,443,TLSv12,TLS_ECDHE_RSA_WITH_AES_256_GCM_SHA384,secp256r1,c1.sfdcstatic.com,False,True,CsxknGIti,"['358299faaf63fdef6c5a078c2de0069120b60be70c2eb23a26cc5b3af09f5937', 'eae72eb454bf6c3977ebd289e970b2f5282949190093d0d26f98d0f0d6a9cf17', '8420dfbe376f414bf4c0a81e6936d24ccc03f304835b86c7a39142fca723a689']",[],1.0,0ffee3ba8e615ad22535e7f771690a28,2b33c1374db4ddf06942f92373c0b54b,http/1.1,,4607.71397,10.0.2.15,58093,23.65.211.238,443,tcp,132.6517560000002,1660.0,29467.0,SF,True,False,0,ShADadTTFf,36,3120,52,31551,ssl,0
4608.318111,CyoFwl1G3u9kr2GVD6,10.0.2.15,58092,23.65.211.238,443,TLSv12,TLS_ECDHE_RSA_WITH_AES_256_GCM_SHA384,secp256r1,c1.sfdcstatic.com,False,True,CsxknGIti,"['358299faaf63fdef6c5a078c2de0069120b60be70c2eb23a26cc5b3af09f5937', 'eae72eb454bf6c3977ebd289e970b2f5282949190093d0d26f98d0f0d6a9cf17', '8420dfbe376f414bf4c0a81e6936d24ccc03f304835b86c7a39142fca723a689']",[],1.0,0ffee3ba8e615ad22535e7f771690a28,2b33c1374db4ddf06942f92373c0b54b,http/1.1,,4607.713557,10.0.2.15,58092,23.65.211.238,443,tcp,132.481718,1248.0,51732.0,SF,True,False,0,ShADadTTFf,45,3068,77,54816,ssl,0
4608.318948,C2dsin1tKWLKqVd9n5,10.0.2.15,58091,23.65.211.238,443,TLSv12,TLS_ECDHE_RSA_WITH_AES_256_GCM_SHA384,secp256r1,c2.sfdcstatic.com,False,True,CsxknGIti,"['358299faaf63fdef6c5a078c2de0069120b60be70c2eb23a26cc5b3af09f5937', 'eae72eb454bf6c3977ebd289e970b2f5282949190093d0d26f98d0f0d6a9cf17', '8420dfbe376f414bf4c0a81e6936d24ccc03f304835b86c7a39142fca723a689']",[],1.0,0ffee3ba8e615ad22535e7f771690a28,2b33c1374db4ddf06942f92373c0b54b,http/1.1,,4607.713118,10.0.2.15,58091,23.65.211.238,443,tcp,132.6543190000002,1248.0,107270.0,SF,True,False,0,ShADadTTFf,53,3388,120,112074,ssl,0
4608.320185,CrbrlP2tQwG86A5Rh3,10.0.2.15,58090,23.65.211.238,443,TLSv12,TLS_ECDHE_RSA_WITH_AES_256_GCM_SHA384,secp256r1,c1.sfdcstatic.com,False,True,CsxknGIti,"['358299faaf63fdef6c5a078c2de0069120b60be70c2eb23a26cc5b3af09f5937', 'eae72eb454bf6c3977ebd289e970b2f5282949190093d0d26f98d0f0d6a9cf17', '8420dfbe376f414bf4c0a81e6936d24ccc03f304835b86c7a39142fca723a689']",[],1.0,0ffee3ba8e615ad22535e7f771690a28,2b33c1374db4ddf06942f92373c0b54b,http/1.1,,4607.712534,10.0.2.15,58090,23.65.211.238,443,tcp,132.59894799999984,1250.0,7383.0,SF,True,False,0,ShADadTTFf,28,2390,31,8627,ssl,0
4608.323426,CDMRTg1Gr5WE8D6im,10.0.2.15,58089,23.65.211.238,443,TLSv12,TLS_ECDHE_RSA_WITH_AES_256_GCM_SHA384,secp256r1,c1.sfdcstatic.com,False,True,CsxknGIti,"['358299faaf63fdef6c5a078c2de0069120b60be70c2eb23a26cc5b3af09f5937', 'eae72eb454bf6c3977ebd289e970b2f5282949190093d0d26f98d0f0d6a9cf17', '8420dfbe376f414bf4c0a81e6936d24ccc03f304835b86c7a39142fca723a689']",[],1.0,0ffee3ba8e615ad22535e7f771690a28,2b33c1374db4ddf06942f92373c0b54b,http/1.1,,4607.711093,10.0.2.15,58089,23.65.211.238,443,tcp,132.60041300000012,1668.0,49210.0,SF,True,False,0,ShADadTTFf,44,3448,71,52054,ssl,0
4608.331803,CXHSXT38gnqSkRBF0l,10.0.2.15,58088,23.65.211.238,443,TLSv12,TLS_ECDHE_RSA_WITH_AES_256_GCM_SHA384,secp256r1,c1.sfdcstatic.com,False,True,CsxknGIti,"['358299faaf63fdef6c5a078c2de0069120b60be70c2eb23a26cc5b3af09f5937', 'eae72eb454bf6c3977ebd289e970b2f5282949190093d0d26f98d0f0d6a9cf17', '8420dfbe376f414bf4c0a81e6936d24ccc03f304835b86c7a39142fca723a689']",[],1.0,0ffee3ba8e615ad22535e7f771690a28,2b33c1374db4ddf06942f92373c0b54b,http/1.1,,4607.70347,10.0.2.15,58088,23.65.211.238,443,tcp,132.66402199999993,1690.0,53664.0,SF,True,False,0,ShADadTTFf,43,3430,76,56708,ssl,0
4608.337097,CzbfTwY8Hi4nrNLua,10.0.2.15,58087,23.65.211.238,443,TLSv12,TLS_ECDHE_RSA_WITH_AES_256_GCM_SHA384,secp256r1,c2.sfdcstatic.com,False,True,CsxknGIti,"['358299faaf63fdef6c5a078c2de0069120b60be70c2eb23a26cc5b3af09f5937', 'eae72eb454bf6c3977ebd289e970b2f5282949190093d0d26f98d0f0d6a9cf17', '8420dfbe376f414bf4c0a81e6936d24ccc03f304835b86c7a39142fca723a689']",[],1.0,0ffee3ba8e615ad22535e7f771690a28,2b33c1374db4ddf06942f92373c0b54b,http/1.1,,4607.702948,10.0.2.15,58087,23.65.211.238,443,tcp,132.4696469999999,779.0,8936.0,SF,True,False,0,ShADadTTFf,26,1839,30,10140,ssl,0
4610.218102,Cy1laqueA0QYNmXy2,10.0.2.15,58099,74.122.190.83,443,TLSv12,TLS_ECDHE_RSA_WITH_AES_128_GCM_SHA256,,squareup.com,True,True,CsiI,,,,0ffee3ba8e615ad22535e7f771690a28,303951d4c50efb2e991652225a6f02b1,,,4609.538097,10.0.2.15,58099,74.122.190.83,443,tcp,8.173336000000745,303.0,143.0,SF,True,False,0,ShADadFf,7,591,7,427,ssl,0
4610.218699,CkopXR2SCSH07NVyP3,10.0.2.15,58098,23.65.211.238,443,TLSv12,TLS_ECDHE_RSA_WITH_AES_256_GCM_SHA384,secp256r1,c2.sfdcstatic.com,False,True,CsxknGIti,"['358299faaf63fdef6c5a078c2de0069120b60be70c2eb23a26cc5b3af09f5937', 'eae72eb454bf6c3977ebd289e970b2f5282949190093d0d26f98d0f0d6a9cf17', '8420dfbe376f414bf4c0a81e6936d24ccc03f304835b86c7a39142fca723a689']",[],1.0,0ffee3ba8e615ad22535e7f771690a28,2b33c1374db4ddf06942f92373c0b54b,http/1.1,,4609.537294,10.0.2.15,58098,23.65.211.238,443,tcp,130.5249530000001,706.0,5751.0,SF,True,False,0,ShADadTTFf,25,1726,27,6835,ssl,0
4611.001814,CPoF0DoT4Wx7t1yei,10.0.2.15,58100,74.122.190.83,443,TLSv12,TLS_ECDHE_RSA_WITH_AES_128_GCM_SHA256,,squareup.com,True,True,CsiI,,,,0ffee3ba8e615ad22535e7f771690a28,303951d4c50efb2e991652225a6f02b1,,,4610.600554,10.0.2.15,58100,74.122.190.83,443,tcp,7.104764000000614,303.0,143.0,SF,True,False,0,ShADadFf,8,631,7,427,ssl,0
4616.534451,CbWkC045poHk65hFD5,10.0.2.15,58108,151.101.113.49,443,TLSv12,TLS_ECDHE_RSA_WITH_AES_128_GCM_SHA256,,tealium-f.squarecdn.com,True,True,CsiI,,,,1a5fe5677b0e4fbbc854e8908225637d,1d0e57c6ae42e9204defa51e5e1cdc4c,http/1.1,,4616.153479,10.0.2.15,58108,151.101.113.49,443,tcp,124.91564900000049,1199.0,2177.0,SF,True,False,0,ShADadTTFfRr,23,2139,25,3181,ssl,0
4616.535045,CR0GpW3MEJVgG7DCu8,10.0.2.15,58107,151.101.113.49,443,TLSv12,TLS_ECDHE_RSA_WITH_AES_128_GCM_SHA256,,onboard-frontend-production-f.squarecdn.com,True,True,CsiI,,,,1a5fe5677b0e4fbbc854e8908225637d,1d0e57c6ae42e9204defa51e5e1cdc4c,http/1.1,,4616.152962,10.0.2.15,58107,151.101.113.49,443,tcp,7.419033000000127,599.0,191.0,SF,True,False,0,ShADadFfRr,8,927,9,555,ssl,0
4616.535483,CKar0f1FgCiVoR3KU9,10.0.2.15,58106,151.101.113.49,443,TLSv12,TLS_ECDHE_RSA_WITH_AES_128_GCM_SHA256,,tealium-f.squarecdn.com,True,True,CsiI,,,,1a5fe5677b0e4fbbc854e8908225637d,1d0e57c6ae42e9204defa51e5e1cdc4c,http/1.1,,4616.151074,10.0.2.15,58106,151.101.113.49,443,tcp,7.430559999999787,599.0,191.0,SF,True,False,0,ShADadFfRr,8,927,9,555,ssl,0
4616.536333,CvrW5q2aNdYTgPctL3,10.0.2.15,58105,151.101.113.49,443,TLSv12,TLS_ECDHE_RSA_WITH_AES_128_GCM_SHA256,,onboard-frontend-production-f.squarecdn.com,True,True,CsiI,,,,1a5fe5677b0e4fbbc854e8908225637d,1d0e57c6ae42e9204defa51e5e1cdc4c,http/1.1,,4616.149874,10.0.2.15,58105,151.101.113.49,443,tcp,7.435025000000678,599.0,191.0,SF,True,False,0,ShADadFfRr,8,927,9,555,ssl,0
4616.933622,C5AOhn36p8f53UHcnc,10.0.2.15,58110,54.192.93.108,443,TLSv12,TLS_ECDHE_RSA_WITH_AES_128_GCM_SHA256,secp256r1,api.demandbase.com,False,True,CsxuknGIti,"['7830ff517b09d4729fe2fcd4c3a22767bccd8f00dfa3f24ddd38f1c812865f6c', '973a41276ffd01e027a2aad49e34c37846d3e976ff6a620b6712e33832041aa6', '3a2fbe92891e57fe05d57087f48e730f17e5a5f53ef403d618e5b74d7a7e6ecb', 'c3846bf24b9e93ca64274c0ec67c1ecc5e024ffcacd2d74019350e81fe546ae4']",[],1.0,0ffee3ba8e615ad22535e7f771690a28,76cc3e2d3028143b23ec18e27dbd7ca9,http/1.1,,4616.675189,10.0.2.15,58110,54.192.93.108,443,tcp,121.5093220000008,779.0,8763.0,SF,True,False,0,ShADadTTfF,22,1678,26,9807,ssl,0
4616.935693,Cj8u4z9VzCxaMj4yl,10.0.2.15,58111,54.192.93.108,443,TLSv12,TLS_ECDHE_RSA_WITH_AES_128_GCM_SHA256,secp256r1,api.demandbase.com,False,True,CsxuknGIti,"['7830ff517b09d4729fe2fcd4c3a22767bccd8f00dfa3f24ddd38f1c812865f6c', '973a41276ffd01e027a2aad49e34c37846d3e976ff6a620b6712e33832041aa6', '3a2fbe92891e57fe05d57087f48e730f17e5a5f53ef403d618e5b74d7a7e6ecb', 'c3846bf24b9e93ca64274c0ec67c1ecc5e024ffcacd2d74019350e81fe546ae4']",[],1.0,0ffee3ba8e615ad22535e7f771690a28,76cc3e2d3028143b23ec18e27dbd7ca9,http/1.1,,4616.675913,10.0.2.15,58111,54.192.93.108,443,tcp,6.912204000000202,352.0,7245.0,SF,True,False,0,ShADadFf,10,760,14,7809,ssl,0
4616.934136,CEX2Zj4d2nMIeUtDpi,10.0.2.15,58109,52.30.191.133,443,TLSv12,TLS_ECDHE_RSA_WITH_AES_128_GCM_SHA256,secp256r1,dpm.demdex.net,False,True,CsxknGIi,"['ab8f7b89fa3e472463832f1b07660350a24ba646789dce6dd09107fab1d86a12', '19400be5b7a31fb733917700789d2f0a2471c0c9d506c0e504c06c16d7cb17c0']",[],1.0,0ffee3ba8e615ad22535e7f771690a28,303951d4c50efb2e991652225a6f02b1,,,4616.674763,10.0.2.15,58109,52.30.191.133,443,tcp,64.89741500000036,2461.0,4075.0,SF,True,False,0,ShADadTFf,18,3195,20,4879,ssl,0
4616.935074,Ci2Z9p1ukQw3H8xFmg,10.0.2.15,58112,52.30.191.133,443,TLSv12,TLS_ECDHE_RSA_WITH_AES_128_GCM_SHA256,secp256r1,dpm.demdex.net,False,True,CsxknGIi,"['ab8f7b89fa3e472463832f1b07660350a24ba646789dce6dd09107fab1d86a12', '19400be5b7a31fb733917700789d2f0a2471c0c9d506c0e504c06c16d7cb17c0']",[],1.0,0ffee3ba8e615ad22535e7f771690a28,303951d4c50efb2e991652225a6f02b1,,,4616.676513,10.0.2.15,58112,52.30.191.133,443,tcp,79.70186099999955,6725.0,5856.0,SF,True,False,0,ShADadTFf,25,7740,26,6900,ssl,0
4617.767086,CNGcL2eUy0rhoNiAi,10.0.2.15,58113,63.140.40.57,443,TLSv12,TLS_ECDHE_RSA_WITH_AES_256_GCM_SHA384,secp256r1,omtr2.partners.salesforce.com,False,True,CsxknGIi,"['e141b7344763bfea8d1dfd74382bf2918415ca871ed785f3e8bb16dec173a94a', '19400be5b7a31fb733917700789d2f0a2471c0c9d506c0e504c06c16d7cb17c0']",[],1.0,0ffee3ba8e615ad22535e7f771690a28,959bfcf87532cbff1253e80a4ee81308,,,4617.382123,10.0.2.15,58113,63.140.40.57,443,tcp,38.812433000000055,6431.0,4606.0,SF,True,False,0,ShADadTFf,20,7240,21,5450,ssl,0
4618.401438,Cb4gv24agH56PXPSc3,10.0.2.15,58114,172.217.23.238,443,TLSv12,TLS_ECDHE_ECDSA_WITH_AES_128_GCM_SHA256,,cse.google.com,True,True,CsiI,,,,1a5fe5677b0e4fbbc854e8908225637d,c23237dbea656869600e48dfbd00ab7b,h2,,4618.062533,10.0.2.15,58114,172.217.23.238,443,tcp,193.0775560000002,1442.0,2341.0,RSTO,True,False,0,ShADadFR,19,2210,23,3265,ssl,0
4618.564991,CWtR674lPcf8FLmjk,10.0.2.15,58115,52.30.191.133,443,TLSv12,TLS_ECDHE_RSA_WITH_AES_128_GCM_SHA256,secp256r1,dpm.demdex.net,False,True,CsxknGIi,"['ab8f7b89fa3e472463832f1b07660350a24ba646789dce6dd09107fab1d86a12', '19400be5b7a31fb733917700789d2f0a2471c0c9d506c0e504c06c16d7cb17c0']",[],1.0,0ffee3ba8e615ad22535e7f771690a28,303951d4c50efb2e991652225a6f02b1,,,4618.282493,10.0.2.15,58115,52.30.191.133,443,tcp,7.823372000000745,348.0,3143.0,SF,True,False,0,ShADadFfRr,10,756,12,3627,ssl,0
4618.727224,CciT6g3BeHdVrHP1T,10.0.2.15,58116,23.65.211.238,443,TLSv12,TLS_ECDHE_RSA_WITH_AES_256_GCM_SHA384,secp256r1,c1.sfdcstatic.com,False,True,CsxknGIti,"['358299faaf63fdef6c5a078c2de0069120b60be70c2eb23a26cc5b3af09f5937', 'eae72eb454bf6c3977ebd289e970b2f5282949190093d0d26f98d0f0d6a9cf17', '8420dfbe376f414bf4c0a81e6936d24ccc03f304835b86c7a39142fca723a689']",[],1.0,0ffee3ba8e615ad22535e7f771690a28,2b33c1374db4ddf06942f92373c0b54b,http/1.1,,4618.437567,10.0.2.15,58116,23.65.211.238,443,tcp,126.19827700000042,900.0,40459.0,SF,True,False,0,ShADadTTFf,37,2400,63,42983,ssl,0
4619.684016,CbGGcP3791atM2aw3,10.0.2.15,58125,23.65.211.238,443,TLSv12,TLS_ECDHE_RSA_WITH_AES_256_GCM_SHA384,,c1.sfdcstatic.com,True,True,CsiI,,,,1a5fe5677b0e4fbbc854e8908225637d,410b9bedaf65dd26c6fe547154d60db4,http/1.1,,4619.335361,10.0.2.15,58125,23.65.211.238,443,tcp,126.64876399999956,1143.0,13334.0,SF,True,False,0,ShADadTTFRfr,27,2243,35,14738,ssl,0
4619.685395,CzBlLe1BNBjFBw1NC5,10.0.2.15,58124,23.65.211.238,443,TLSv12,TLS_ECDHE_RSA_WITH_AES_256_GCM_SHA384,,c1.sfdcstatic.com,True,True,CsiI,,,,1a5fe5677b0e4fbbc854e8908225637d,410b9bedaf65dd26c6fe547154d60db4,http/1.1,,4619.334402,10.0.2.15,58124,23.65.211.238,443,tcp,129.4764129999994,1145.0,35908.0,RSTO,True,False,0,ShADadTTFR,34,2525,56,38152,ssl,0
4619.892692,CZZyP0343vHepOrcv5,10.0.2.15,58123,23.65.211.238,443,TLSv12,TLS_ECDHE_RSA_WITH_AES_256_GCM_SHA384,,c1.sfdcstatic.com,True,True,CsiI,,,,1a5fe5677b0e4fbbc854e8908225637d,410b9bedaf65dd26c6fe547154d60db4,http/1.1,,4619.332402,10.0.2.15,58123,23.65.211.238,443,tcp,128.80446399999985,1145.0,35360.0,SF,True,False,0,ShADadTTFfRr,36,2605,58,37684,ssl,0
4619.893106,Cj6MqrfennUY7wv69,10.0.2.15,58126,23.65.211.238,443,TLSv12,TLS_ECDHE_RSA_WITH_AES_256_GCM_SHA384,,c1.sfdcstatic.com,True,True,CsiI,,,,1a5fe5677b0e4fbbc854e8908225637d,410b9bedaf65dd26c6fe547154d60db4,http/1.1,,4619.337176,10.0.2.15,58126,23.65.211.238,443,tcp,128.8118340000001,1146.0,35873.0,SF,True,False,0,ShADadTTFf,38,2686,60,38277,ssl,0
4620.73953,ClCw0SwE968ewjIk4,10.0.2.15,58131,151.101.114.2,443,TLSv12,TLS_ECDHE_RSA_WITH_AES_128_GCM_SHA256,,trc.taboola.com,True,True,CsiI,,,,1a5fe5677b0e4fbbc854e8908225637d,1d0e57c6ae42e9204defa51e5e1cdc4c,h2,,4619.925345,10.0.2.15,58131,151.101.114.2,443,tcp,196.54451300000076,1805.0,837.0,RSTO,True,False,0,ShADadFR,16,2453,17,1521,ssl,0
4620.740663,CdJNEDYCd5nLcj5sk,10.0.2.15,58130,151.101.112.68,443,TLSv12,TLS_ECDHE_RSA_WITH_AES_128_GCM_SHA256,secp256r1,amplifypixel.outbrain.com,False,True,CsxuknGIti,"['5090ac914b8591c2225e175eac7f86d7e187347a6426dac49a652a30bf3cadfe', '74ef335e5e18788307fb9d89cb704bec112abd23487dbff41c4ded5070f241d9']",[],1.0,0ffee3ba8e615ad22535e7f771690a28,860fcf58fd757e26aa8911e5eaff6b53,http/1.1,,4619.91989,10.0.2.15,58130,151.101.112.68,443,tcp,128.19666099999995,2222.0,7645.0,SF,True,False,0,ShADadTTFfRr,27,3322,30,8849,ssl,0
4620.741314,CZXTW4U0dJ7IJzKHc,10.0.2.15,58129,151.101.112.68,443,TLSv12,TLS_ECDHE_RSA_WITH_AES_128_GCM_SHA256,secp256r1,amplifypixel.outbrain.com,False,True,CsxuknGIti,"['5090ac914b8591c2225e175eac7f86d7e187347a6426dac49a652a30bf3cadfe', '74ef335e5e18788307fb9d89cb704bec112abd23487dbff41c4ded5070f241d9']",[],1.0,0ffee3ba8e615ad22535e7f771690a28,860fcf58fd757e26aa8911e5eaff6b53,http/1.1,,4619.919429,10.0.2.15,58129,151.101.112.68,443,tcp,128.89418400000068,2222.0,7674.0,SF,True,False,0,ShADadTTFfRr,27,3322,33,8998,ssl,0
4620.742128,CFen75winwxpDS798,10.0.2.15,58128,151.101.112.68,443,TLSv12,TLS_ECDHE_RSA_WITH_AES_128_GCM_SHA256,secp256r1,amplifypixel.outbrain.com,False,True,CsxuknGIti,"['5090ac914b8591c2225e175eac7f86d7e187347a6426dac49a652a30bf3cadfe', '74ef335e5e18788307fb9d89cb704bec112abd23487dbff41c4ded5070f241d9']",[],1.0,0ffee3ba8e615ad22535e7f771690a28,860fcf58fd757e26aa8911e5eaff6b53,http/1.1,,4619.918338,10.0.2.15,58128,151.101.112.68,443,tcp,128.48917399999937,2222.0,7645.0,SF,True,False,0,ShADadTTFRfr,27,3322,31,8889,ssl,0
4620.742603,CipYF9V4di4QrS08g,10.0.2.15,58127,151.101.112.68,443,TLSv12,TLS_ECDHE_RSA_WITH_AES_128_GCM_SHA256,secp256r1,amplifypixel.outbrain.com,False,True,CsxuknGIti,"['5090ac914b8591c2225e175eac7f86d7e187347a6426dac49a652a30bf3cadfe', '74ef335e5e18788307fb9d89cb704bec112abd23487dbff41c4ded5070f241d9']",[],1.0,0ffee3ba8e615ad22535e7f771690a28,860fcf58fd757e26aa8911e5eaff6b53,http/1.1,,4619.91721,10.0.2.15,58127,151.101.112.68,443,tcp,136.0091710000006,4085.0,8297.0,SF,True,False,0,ShADadTTFfRr,30,5305,33,9621,ssl,0
4621.642169,CmiOzODOZekhrYqof,10.0.2.15,58132,151.101.112.68,443,TLSv12,TLS_ECDHE_RSA_WITH_AES_128_GCM_SHA256,secp256r1,amplifypixel.outbrain.com,False,True,CsxuknGIti,"['5090ac914b8591c2225e175eac7f86d7e187347a6426dac49a652a30bf3cadfe', '74ef335e5e18788307fb9d89cb704bec112abd23487dbff41c4ded5070f241d9']",[],1.0,0ffee3ba8e615ad22535e7f771690a28,860fcf58fd757e26aa8911e5eaff6b53,http/1.1,,4620.744115,10.0.2.15,58132,151.101.112.68,443,tcp,128.2013049999996,2222.0,7674.0,SF,True,False,0,ShADadTTFfRr,27,3322,32,8958,ssl,0
4622.701632,Cqu43u1YGa03UFIq2g,10.0.2.15,58133,151.101.112.68,443,TLSv12,TLS_ECDHE_RSA_WITH_AES_128_GCM_SHA256,,amplifypixel.outbrain.com,True,True,CsiI,,,,1a5fe5677b0e4fbbc854e8908225637d,1d0e57c6ae42e9204defa51e5e1cdc4c,http/1.1,,4621.643222,10.0.2.15,58133,151.101.112.68,443,tcp,7.549979000000349,599.0,191.0,SF,True,False,0,ShADadFfRr,8,927,9,555,ssl,0
4622.706192,C6FolC3DmkcJcSEDja,10.0.2.15,58139,95.101.246.111,443,TLSv12,TLS_ECDHE_RSA_WITH_AES_256_GCM_SHA384,,assets.adobedtm.com,True,True,CsiI,,,,1a5fe5677b0e4fbbc854e8908225637d,410b9bedaf65dd26c6fe547154d60db4,http/1.1,,4621.650771,10.0.2.15,58139,95.101.246.111,443,tcp,7.570177000000513,599.0,183.0,SF,True,False,0,ShADadFfRr,8,927,9,547,ssl,0
4622.707281,CVQvaD2sER9Xa5dmJb,10.0.2.15,58138,95.101.246.111,443,TLSv12,TLS_ECDHE_RSA_WITH_AES_256_GCM_SHA384,,assets.adobedtm.com,True,True,CsiI,,,,1a5fe5677b0e4fbbc854e8908225637d,410b9bedaf65dd26c6fe547154d60db4,http/1.1,,4621.649787,10.0.2.15,58138,95.101.246.111,443,tcp,7.563317000000097,599.0,183.0,SF,True,False,0,ShADadFfRr,8,927,9,547,ssl,0
4622.708137,Cmsfc22TvG7lUfiHrk,10.0.2.15,58137,54.247.191.250,443,TLSv12,TLS_ECDHE_RSA_WITH_AES_128_GCM_SHA256,secp256r1,d.adroll.com,False,True,CsxknGIi,"['30d9e6a96455a203c6d0e675630de083191a9ec88b4ede4851365088792e1417', 'e6683e88315cd1cb403c0cea490f7c4b4c82c91cd485037489aadbaa90839f61', 'ff856a2d251dcd88d36656f450126798cfabaade40799c722de4d2b5db36a73a']",[],1.0,0ffee3ba8e615ad22535e7f771690a28,303951d4c50efb2e991652225a6f02b1,,,4621.649277,10.0.2.15,58137,54.247.191.250,443,tcp,74.07361899999978,1825.0,6304.0,SF,True,False,0,ShADadTFf,19,2598,21,7148,ssl,0
4622.709117,CnbFPB1b2NMui5j3U1,10.0.2.15,58136,204.79.197.200,443,TLSv12,TLS_ECDHE_RSA_WITH_AES_256_CBC_SHA,secp384r1,bat.bing.com,False,True,CsxuknGIi,"['80c4440580dbd55b228f41e6c88a51ecdbb998b5d32d12acd31ce25518d37128', '2399983e99703ebd01cea466c10799810c4ba62a8d61b88170a334dcd61bb20f']",[],1.0,0ffee3ba8e615ad22535e7f771690a28,4fd467dd264720762ffe286277c00f57,,,4621.648234,10.0.2.15,58136,204.79.197.200,443,tcp,62.99548099999993,1037.0,7285.0,SF,True,False,0,ShADadTfF,17,1730,19,8049,ssl,0
4622.712895,CpqqXA1L4FgxuthXt4,10.0.2.15,58134,199.16.156.41,443,TLSv12,TLS_ECDHE_RSA_WITH_AES_128_GCM_SHA256,,analytics.twitter.com,True,True,CsiI,,,,1a5fe5677b0e4fbbc854e8908225637d,7bee5c1d424b7e5f943b06983bb11422,h2,,4621.643883,10.0.2.15,58134,199.16.156.41,443,tcp,195.54975000000013,1471.0,1155.0,RSTO,True,False,0,ShADadFR,16,2119,18,1879,ssl,0
4622.71057,CSLSmx2T3pGqFq9vy9,10.0.2.15,58135,199.16.156.75,443,TLSv12,TLS_ECDHE_RSA_WITH_AES_128_GCM_SHA256,secp256r1,t.co,False,True,CsxknGIti,"['2cb0d0ceb37216303762007711e3445be2b7c56611c5ccce3598505c63e56c54', '403e062a2653059113285baf80a0d4ae422c848c9f78fad01fc94bc5b87fef1a']",[],1.0,0ffee3ba8e615ad22535e7f771690a28,8d2a028aa94425f76ced7826b1f39039,h2,,4621.64644,10.0.2.15,58135,199.16.156.75,443,tcp,196.6668809999992,977.0,5117.0,RSTO,True,False,0,ShADadFR,19,1745,22,6001,ssl,0
4623.308669,Ccp4sl3vGrWXjEUKAk,10.0.2.15,58140,172.217.23.228,443,TLSv12,TLS_ECDHE_RSA_WITH_AES_128_GCM_SHA256,x25519,www.google.com,False,True,CsxknGIti,"['956e194960c68ac27a798b9de5f275ac1b0d80576783cff18c752250b5f1f519', '9f630426df1d8abfd80ace98871ba833ab9742cb34838de2b5285ed54c0c7dcc', '3c35cc963eb004451323d3275d05b353235053490d9cd83729a2faf5e7ca1cc0']",[],1.0,0ffee3ba8e615ad22535e7f771690a28,ab41313cfec25328b20865eb1388e0a2,h2,,4622.718858,10.0.2.15,58140,172.217.23.228,443,tcp,127.60871599999972,4016.0,19290.0,SF,True,False,0,ShADadFf,35,5424,48,21214,ssl,0
4624.810501,CvOSA41NwN7OxAtJU8,10.0.2.15,58142,66.117.29.11,443,TLSv12,TLS_ECDHE_RSA_WITH_AES_128_GCM_SHA256,secp256r1,salesforcecom.tt.omtrdc.net,False,True,CsxknGIi,"['103723154140b34b0b1260e3e747cfd392b7d030a78cd15f43cb9807d28f42f5', '19400be5b7a31fb733917700789d2f0a2471c0c9d506c0e504c06c16d7cb17c0']",[],1.0,0ffee3ba8e615ad22535e7f771690a28,ae7f2b2d1bd496bc9ce111c0a9fa3597,h2,,4624.195057,10.0.2.15,58142,66.117.29.11,443,tcp,275.0486810000002,2654.0,5444.0,RSTO,True,False,0,ShADadFR,24,3622,26,6488,ssl,0
4624.815851,C9PBsb4gyYOicDqn8h,10.0.2.15,58141,23.65.211.238,443,TLSv12,TLS_ECDHE_RSA_WITH_AES_256_GCM_SHA384,secp256r1,www.sfdcstatic.com,False,True,CsxknGIti,"['358299faaf63fdef6c5a078c2de0069120b60be70c2eb23a26cc5b3af09f5937', 'eae72eb454bf6c3977ebd289e970b2f5282949190093d0d26f98d0f0d6a9cf17', '8420dfbe376f414bf4c0a81e6936d24ccc03f304835b86c7a39142fca723a689']",[],1.0,0ffee3ba8e615ad22535e7f771690a28,2b33c1374db4ddf06942f92373c0b54b,http/1.1,,4624.193317,10.0.2.15,58141,23.65.211.238,443,tcp,131.72821199999998,1608.0,19902.0,SF,True,False,0,ShADadTTFfRr,34,2988,45,21706,ssl,0
4626.212672,Cjv75M1XEixTUBOP69,10.0.2.15,58144,93.184.220.66,443,TLSv12,TLS_ECDHE_RSA_WITH_AES_128_GCM_SHA256,secp256r1,platform.twitter.com,False,True,CsxuknGIti,"['498dfbfa068ce7e3252a308f9578608d3df2d287b5b9284571f7d3ed43ba3ab0', '19400be5b7a31fb733917700789d2f0a2471c0c9d506c0e504c06c16d7cb17c0', '7431e5f4c3c1ce4690774f0b61e05440883ba9a01ed00ba6abd7806ed3b118cf']",[],1.0,0ffee3ba8e615ad22535e7f771690a28,76cc3e2d3028143b23ec18e27dbd7ca9,http/1.1,,4625.314967,10.0.2.15,58144,93.184.220.66,443,tcp,130.64285800000016,1176.0,6044.0,SF,True,False,0,ShADadTTFfRr,25,2196,29,7208,ssl,0
4626.216225,C66nPtl10dvhu89Pe,10.0.2.15,58147,93.184.220.66,443,TLSv12,TLS_ECDHE_RSA_WITH_AES_128_GCM_SHA256,secp256r1,platform.twitter.com,False,True,CsxuknGIti,"['498dfbfa068ce7e3252a308f9578608d3df2d287b5b9284571f7d3ed43ba3ab0', '19400be5b7a31fb733917700789d2f0a2471c0c9d506c0e504c06c16d7cb17c0', '7431e5f4c3c1ce4690774f0b61e05440883ba9a01ed00ba6abd7806ed3b118cf']",[],1.0,0ffee3ba8e615ad22535e7f771690a28,76cc3e2d3028143b23ec18e27dbd7ca9,http/1.1,,4625.316446,10.0.2.15,58147,93.184.220.66,443,tcp,8.595221000000492,354.0,5773.0,RSTO,True,False,0,ShADadFR,10,762,11,6217,ssl,0
4626.215557,CqpdI81XSEv7I3nic7,10.0.2.15,58143,162.247.242.20,443,TLSv12,TLS_DHE_RSA_WITH_AES_256_CBC_SHA,,bam.nr-data.net,False,True,CsxknGIi,"['e7489ed1f465ba2b3ce0faef3a43a3895cd097733dbb5b713df8b299270ca145', '074541ecdf88ed992ed5ade3ecddef27a26ba1b44480a195c0a8dadae2521d8e']",[],1.0,0ffee3ba8e615ad22535e7f771690a28,d90fa179c9daf35598ed8341272118f7,,,4625.207789,10.0.2.15,58143,162.247.242.20,443,tcp,97.50772299999971,1296.0,3673.0,SF,True,False,0,ShADadTfF,20,2113,21,4517,ssl,0
4626.680056,CkgLUdS4xXPttwxci,10.0.2.15,58148,74.122.189.133,443,TLSv12,TLS_ECDHE_RSA_WITH_AES_128_GCM_SHA256,,api.squareup.com,True,True,CsiI,,,,0ffee3ba8e615ad22535e7f771690a28,a704460bd0a887c62e4f462bf1bba96b,,,4626.192404,10.0.2.15,58148,74.122.189.133,443,tcp,7.790027999999438,307.0,147.0,SF,True,False,0,ShADadFf,7,595,7,431,ssl,0
4626.678603,C3Fz2B4rdK5pF8f5l6,10.0.2.15,58150,74.122.189.133,443,TLSv12,TLS_ECDHE_RSA_WITH_AES_128_GCM_SHA256,,api.squareup.com,True,True,CsiI,,,,0ffee3ba8e615ad22535e7f771690a28,a704460bd0a887c62e4f462bf1bba96b,,,4626.199267,10.0.2.15,58150,74.122.189.133,443,tcp,7.777286000000458,307.0,147.0,SF,True,False,0,ShADadFf,7,595,7,431,ssl,0
4626.679048,CJCOo91OpHIPHpEZN3,10.0.2.15,58149,74.122.189.133,443,TLSv12,TLS_ECDHE_RSA_WITH_AES_128_GCM_SHA256,,api.squareup.com,True,True,CsiI,,,,0ffee3ba8e615ad22535e7f771690a28,a704460bd0a887c62e4f462bf1bba96b,,,4626.194005,10.0.2.15,58149,74.122.189.133,443,tcp,7.791048999999475,307.0,147.0,SF,True,False,0,ShADadFf,7,595,7,431,ssl,0
4626.203754,Cyo3Wo4h6J5oKAC8C5,10.0.2.15,58146,208.106.251.28,443,TLSv12,TLS_ECDHE_RSA_WITH_AES_256_CBC_SHA,secp256r1,code.visitor-track.com,False,True,CsxuknGIi,"['07d296e0191f6a40196afc036de3c3e3752b79396fc54f4bd928ec023766532a', 'ff1e0d233196b7ec20bedfc65988e0ae1985ec6ac332a79adffe71b86bc0208a']",[],1.0,0ffee3ba8e615ad22535e7f771690a28,4fd467dd264720762ffe286277c00f57,,,4625.315899,10.0.2.15,58146,208.106.251.28,443,tcp,4.210610999999517,1996.0,5044.0,SF,True,False,0,ShADadFf,14,2564,16,5688,ssl,0
4626.211847,CsCtbc2IGbCs13ZKZf,10.0.2.15,58145,208.106.251.28,443,TLSv12,TLS_ECDHE_RSA_WITH_AES_256_CBC_SHA,secp256r1,code.visitor-track.com,False,True,CsxuknGIi,"['07d296e0191f6a40196afc036de3c3e3752b79396fc54f4bd928ec023766532a', 'ff1e0d233196b7ec20bedfc65988e0ae1985ec6ac332a79adffe71b86bc0208a']",[],1.0,0ffee3ba8e615ad22535e7f771690a28,4fd467dd264720762ffe286277c00f57,,,4625.315461,10.0.2.15,58145,208.106.251.28,443,tcp,8.768315999999686,402.0,3818.0,SF,True,False,0,ShADadFf,10,810,12,4302,ssl,0
4628.198921,CnbWqjnFs3f7lTROf,10.0.2.15,58151,96.43.149.26,443,TLSv12,TLS_ECDHE_RSA_WITH_AES_256_GCM_SHA384,,www.salesforce.com,True,True,CsiI,,,,0ffee3ba8e615ad22535e7f771690a28,959bfcf87532cbff1253e80a4ee81308,,,4627.717338,10.0.2.15,58151,96.43.149.26,443,tcp,6.273159999999734,309.0,186.0,SF,True,False,0,ShADadFfRr,8,637,9,550,ssl,0
4628.682702,COgzT44TZXmF7gvowj,10.0.2.15,58152,172.217.23.227,443,TLSv12,TLS_ECDHE_RSA_WITH_AES_128_GCM_SHA256,,www.google.cz,True,True,CsiI,,,,1a5fe5677b0e4fbbc854e8908225637d,67619a80665d7ab92d1041b1d11f9164,h2,,4628.383767,10.0.2.15,58152,172.217.23.227,443,tcp,339.3003009999993,3250.0,1546.0,SF,True,False,0,ShADadFf,30,4458,36,2990,ssl,0
4630.067471,C81jMC3R7lcPhZHIW4,10.0.2.15,58153,104.244.43.112,443,TLSv12,TLS_ECDHE_RSA_WITH_AES_128_GCM_SHA256,,static.ads-twitter.com,True,True,CsiI,,,,1a5fe5677b0e4fbbc854e8908225637d,d199ba0af2b08e204c73d6d81a1fd260,http/1.1,,4629.663678,10.0.2.15,58153,104.244.43.112,443,tcp,6.120332999999846,599.0,187.0,RSTO,True,False,0,ShADadFR,8,927,7,471,ssl,0
4630.843371,CV3X4t1btduRl5Xljc,10.0.2.15,58159,23.65.211.238,443,TLSv12,TLS_ECDHE_RSA_WITH_AES_256_GCM_SHA384,,www.sfdcstatic.com,True,True,CsiI,,,,1a5fe5677b0e4fbbc854e8908225637d,410b9bedaf65dd26c6fe547154d60db4,http/1.1,,4630.071532,10.0.2.15,58159,23.65.211.238,443,tcp,11.54984500000046,599.0,183.0,RSTO,True,False,0,ShADadTFR,8,928,8,507,ssl,0
4630.845446,CmAU440BONG9IKfC2,10.0.2.15,58157,172.217.23.230,443,TLSv12,TLS_ECDHE_RSA_WITH_AES_128_GCM_SHA256,,ad.doubleclick.net,True,True,CsiI,,,,1a5fe5677b0e4fbbc854e8908225637d,67619a80665d7ab92d1041b1d11f9164,h2,,4630.069083,10.0.2.15,58157,172.217.23.230,443,tcp,331.28947999999946,2994.0,2945.0,SF,True,False,0,ShADadFf,38,4522,44,4709,ssl,0
4630.846545,CVJF9D3BUHa18tgU93,10.0.2.15,58156,23.65.211.238,443,TLSv12,TLS_ECDHE_RSA_WITH_AES_256_GCM_SHA384,,www.sfdcstatic.com,True,True,CsiI,,,,1a5fe5677b0e4fbbc854e8908225637d,410b9bedaf65dd26c6fe547154d60db4,http/1.1,,4630.068198,10.0.2.15,58156,23.65.211.238,443,tcp,11.487200999999914,599.0,183.0,RSTO,True,False,0,ShADadTFR,8,928,8,507,ssl,0
4630.842584,CIpw522xaiUI70QF5,10.0.2.15,58160,54.247.73.98,443,TLSv12,TLS_ECDHE_RSA_WITH_AES_128_GCM_SHA256,secp256r1,dc.ads.linkedin.com,False,True,CsxknGIi,"['48202a7e3ca9b2cc39e6ef3a805018596df742a56663916aa0aa25070b40ec8d', '154c433c491929c5ef686e838e323664a00e6a0d822ccc958fb4dab03e49a08f', '4348a0e9444c78cb265e058d5e8944b4d84f9662bd26db257f8934a443c70161']",[],1.0,0ffee3ba8e615ad22535e7f771690a28,303951d4c50efb2e991652225a6f02b1,,,4630.072099,10.0.2.15,58160,54.247.73.98,443,tcp,65.36004700000012,1905.0,7445.0,SF,True,False,0,ShADadTFf,18,2639,22,8329,ssl,0
4630.844564,Cy5QPC3R9vHCy4h89d,10.0.2.15,58158,54.247.73.98,443,TLSv12,TLS_ECDHE_RSA_WITH_AES_128_GCM_SHA256,secp256r1,dc.ads.linkedin.com,False,True,CsxknGIi,"['48202a7e3ca9b2cc39e6ef3a805018596df742a56663916aa0aa25070b40ec8d', '154c433c491929c5ef686e838e323664a00e6a0d822ccc958fb4dab03e49a08f', '4348a0e9444c78cb265e058d5e8944b4d84f9662bd26db257f8934a443c70161']",[],1.0,0ffee3ba8e615ad22535e7f771690a28,303951d4c50efb2e991652225a6f02b1,,,4630.070736,10.0.2.15,58158,54.247.73.98,443,tcp,11.57138699999996,353.0,5534.0,SF,True,False,0,ShADadTFRfr,12,842,14,6098,ssl,0
4634.501365,CRWkZnay2YwEN4Dc7,10.0.2.15,58162,209.167.231.15,443,TLSv12,TLS_ECDHE_RSA_WITH_AES_256_GCM_SHA384,secp256r1,secure.eloqua.com,False,True,CsxknGIi,"['f574b2d5d195317c828979dc1ad7ec2ce689fec96316c2ec0aa92d37cc16d196', 'eae72eb454bf6c3977ebd289e970b2f5282949190093d0d26f98d0f0d6a9cf17']",[],1.0,0ffee3ba8e615ad22535e7f771690a28,28ef90cc3d9d08c96a8a2cb6f365a79e,,,4634.140029,10.0.2.15,58162,209.167.231.15,443,tcp,130.19891300000018,860.0,3919.0,SF,True,False,0,ShADadTTFf,24,1840,26,4963,ssl,0
4634.505218,CkLFz23eWs2AnwHZ9h,10.0.2.15,58164,104.16.66.50,443,TLSv12,TLS_ECDHE_RSA_WITH_AES_128_GCM_SHA256,secp256r1,www.fitbit.com,False,True,CsxuknGIi,"['ed681214ade8a0796e4f849cbc0c9f6197b2e584f949df27f3302c8060575af8', '02ab57e4e67a0cb48dd2ff34830e8ac40f4476fb08ca6be3f5cd846f646840f0', '4f32d5dc00f715250abcc486511e37f501a899deb3bf7ea8adbbd3aef1c412da']",[],1.0,0ffee3ba8e615ad22535e7f771690a28,1d92b1ca39d82e415ee788b0324f6e25,h2,,4634.149458,10.0.2.15,58164,104.16.66.50,443,tcp,287.91968799999995,2335.0,137144.0,SF,True,False,0,ShADadFf,115,6943,200,145148,ssl,0
4634.35511,CLkhzB4twoI2Vbfnw4,10.0.2.15,58161,207.244.84.198,443,TLSv12,TLS_ECDHE_RSA_WITH_AES_256_CBC_SHA,secp521r1,n2.mouseflow.com,False,True,CsxuknGIi,"['4897f05680935c24630994726660a99aeab1cf84cf8d5b30d9efa8b70f2fd50b', '02ab57e4e67a0cb48dd2ff34830e8ac40f4476fb08ca6be3f5cd846f646840f0']",[],1.0,0ffee3ba8e615ad22535e7f771690a28,4fd467dd264720762ffe286277c00f57,,,4633.601383,10.0.2.15,58161,207.244.84.198,443,tcp,37.60912000000008,4857.0,5767.0,RSTO,True,False,0,ShADadFR,19,5625,20,6571,ssl,0
4634.505985,CTEDAjJrF9cudlCV5,10.0.2.15,58163,209.167.231.15,443,TLSv12,TLS_ECDHE_RSA_WITH_AES_256_GCM_SHA384,secp256r1,secure.eloqua.com,False,True,CsxknGIi,"['f574b2d5d195317c828979dc1ad7ec2ce689fec96316c2ec0aa92d37cc16d196', 'eae72eb454bf6c3977ebd289e970b2f5282949190093d0d26f98d0f0d6a9cf17']",[],1.0,0ffee3ba8e615ad22535e7f771690a28,28ef90cc3d9d08c96a8a2cb6f365a79e,,,4634.141722,10.0.2.15,58163,209.167.231.15,443,tcp,7.906549999999697,351.0,3613.0,SF,True,False,0,ShADadFf,10,759,11,4057,ssl,0
4634.740799,CbclvE2nIgVzKX4Do8,10.0.2.15,58165,207.244.84.198,443,TLSv12,TLS_ECDHE_RSA_WITH_AES_256_CBC_SHA,secp521r1,n2.mouseflow.com,False,True,CsxuknGIi,"['4897f05680935c24630994726660a99aeab1cf84cf8d5b30d9efa8b70f2fd50b', '02ab57e4e67a0cb48dd2ff34830e8ac40f4476fb08ca6be3f5cd846f646840f0']",[],1.0,0ffee3ba8e615ad22535e7f771690a28,4fd467dd264720762ffe286277c00f57,,,4634.357804,10.0.2.15,58165,207.244.84.198,443,tcp,7.308548999999402,464.0,3982.0,SF,True,False,0,ShADadFf,10,872,11,4426,ssl,0
4635.576687,CSCQFiB8MPzFOnowe,10.0.2.15,58166,104.16.66.50,443,TLSv12,TLS_ECDHE_RSA_WITH_AES_128_GCM_SHA256,secp256r1,www.fitbit.com,False,True,CsxuknGIi,"['ed681214ade8a0796e4f849cbc0c9f6197b2e584f949df27f3302c8060575af8', '02ab57e4e67a0cb48dd2ff34830e8ac40f4476fb08ca6be3f5cd846f646840f0', '4f32d5dc00f715250abcc486511e37f501a899deb3bf7ea8adbbd3aef1c412da']",[],1.0,0ffee3ba8e615ad22535e7f771690a28,1d92b1ca39d82e415ee788b0324f6e25,h2,,4635.102085,10.0.2.15,58166,104.16.66.50,443,tcp,1.7585129999997662,557.0,5397.0,SF,True,False,0,ShADadFf,11,1005,15,6001,ssl,0
4636.715372,CNdoFWecBmD2aYv2h,10.0.2.15,58167,172.217.23.238,443,TLSv12,TLS_ECDHE_ECDSA_WITH_AES_128_GCM_SHA256,,clients1.google.com,True,True,CsiI,,,,1a5fe5677b0e4fbbc854e8908225637d,c23237dbea656869600e48dfbd00ab7b,h2,,4636.374521,10.0.2.15,58167,172.217.23.238,443,tcp,194.61322800000016,1422.0,584.0,SF,True,False,0,ShADadFf,21,2270,22,1468,ssl,0
4636.713763,CTqbK92O2Kg85ZWGBi,10.0.2.15,58169,52.57.85.62,443,TLSv12,TLS_ECDHE_RSA_WITH_AES_128_GCM_SHA256,secp256r1,dpx.airpr.com,False,True,CsxknGIi,"['43c3c5d45bce49f2d397979bc186cd9c358a22c2743b2b62416ad1b21e71a639', '02ab57e4e67a0cb48dd2ff34830e8ac40f4476fb08ca6be3f5cd846f646840f0', '4f32d5dc00f715250abcc486511e37f501a899deb3bf7ea8adbbd3aef1c412da', '687fa451382278fff0c8b11f8d43d576671c6eb2bceab413fb83d965d06d2ff2']",[],1.0,0ffee3ba8e615ad22535e7f771690a28,303951d4c50efb2e991652225a6f02b1,,,4636.406285,10.0.2.15,58169,52.57.85.62,443,tcp,72.00219399999969,1322.0,6491.0,SF,True,False,0,ShADadTFf,19,2096,23,7415,ssl,0
4637.310842,C5rwCP5yv12C344bi,10.0.2.15,58171,185.33.222.8,443,TLSv12,TLS_ECDHE_RSA_WITH_AES_256_GCM_SHA384,secp256r1,secure.adnxs.com,False,True,CsxuknGIti,"['5b081650e8034418a37504ce0820892be5a66474578207711eb688243fe1a8f2', '074541ecdf88ed992ed5ade3ecddef27a26ba1b44480a195c0a8dadae2521d8e']",[],1.0,0ffee3ba8e615ad22535e7f771690a28,d53e4608f956df65bb2b8a8c4d3b025d,,,4636.735405,10.0.2.15,58171,185.33.222.8,443,tcp,24.747050999999374,11445.0,15019.0,SF,True,False,0,ShADadfF,26,12493,35,16423,ssl,0
4638.211489,CXKXvc3NwR25hbFZEl,10.0.2.15,58174,52.57.85.62,443,TLSv12,TLS_ECDHE_RSA_WITH_AES_128_GCM_SHA256,secp256r1,dpx.airpr.com,False,True,CsxknGIi,"['43c3c5d45bce49f2d397979bc186cd9c358a22c2743b2b62416ad1b21e71a639', '02ab57e4e67a0cb48dd2ff34830e8ac40f4476fb08ca6be3f5cd846f646840f0', '4f32d5dc00f715250abcc486511e37f501a899deb3bf7ea8adbbd3aef1c412da', '687fa451382278fff0c8b11f8d43d576671c6eb2bceab413fb83d965d06d2ff2']",[],1.0,0ffee3ba8e615ad22535e7f771690a28,303951d4c50efb2e991652225a6f02b1,,,4636.742522,10.0.2.15,58174,52.57.85.62,443,tcp,7.597248000000036,347.0,5934.0,RSTO,True,False,0,ShADadFR,11,795,13,6458,ssl,0
4637.318033,CfPRzd34NayJxZM0q7,10.0.2.15,58172,209.167.231.15,443,TLSv12,TLS_ECDHE_RSA_WITH_AES_256_GCM_SHA384,secp256r1,secure.eloqua.com,False,True,CsxknGIi,"['f574b2d5d195317c828979dc1ad7ec2ce689fec96316c2ec0aa92d37cc16d196', 'eae72eb454bf6c3977ebd289e970b2f5282949190093d0d26f98d0f0d6a9cf17']",[],1.0,0ffee3ba8e615ad22535e7f771690a28,28ef90cc3d9d08c96a8a2cb6f365a79e,,,4636.740333,10.0.2.15,58172,209.167.231.15,443,tcp,130.93823900000007,881.0,4119.0,SF,True,False,0,ShADadTTFf,24,1861,25,5123,ssl,0
4638.216712,CiG8yP3yviPtZQLNYb,10.0.2.15,58173,185.33.222.8,443,TLSv12,TLS_ECDHE_RSA_WITH_AES_256_GCM_SHA384,secp256r1,secure.adnxs.com,False,True,CsxuknGIti,"['5b081650e8034418a37504ce0820892be5a66474578207711eb688243fe1a8f2', '074541ecdf88ed992ed5ade3ecddef27a26ba1b44480a195c0a8dadae2521d8e']",[],1.0,0ffee3ba8e615ad22535e7f771690a28,d53e4608f956df65bb2b8a8c4d3b025d,,,4636.741829,10.0.2.15,58173,185.33.222.8,443,tcp,7.629282000000785,350.0,4867.0,SF,True,False,0,ShADadFf,10,758,12,5351,ssl,0
4638.798396,CbVOZT20Y8TC77Q6Gj,10.0.2.15,58177,209.167.231.15,443,TLSv12,TLS_ECDHE_RSA_WITH_AES_256_GCM_SHA384,secp256r1,secure.eloqua.com,False,True,CsxknGIi,"['f574b2d5d195317c828979dc1ad7ec2ce689fec96316c2ec0aa92d37cc16d196', 'eae72eb454bf6c3977ebd289e970b2f5282949190093d0d26f98d0f0d6a9cf17']",[],1.0,0ffee3ba8e615ad22535e7f771690a28,28ef90cc3d9d08c96a8a2cb6f365a79e,,,4636.744313,10.0.2.15,58177,209.167.231.15,443,tcp,8.530060999999478,351.0,3613.0,SF,True,False,0,ShADadFf,9,719,10,4017,ssl,0
4645.48138,CByPis4mYzFAbCXa2b,10.0.2.15,58187,198.232.125.113,443,TLSv12,TLS_ECDHE_RSA_WITH_AES_128_GCM_SHA256,secp256r1,code.jquery.com,False,True,CsxuknGIti,"['7b63a6dc9511ee7cdbf74a01a00ec40c9d2c39e68a61a90607ff590740ab369a', 'ee793643199474ed60efdc8ccde4d37445921683593aa751bbf8ee491a391e97', 'ebd41040e4bb3ec742c9e381d31ef2a41a48b6685c96e7cef3c1df6cd4331c99']",[],1.0,0ffee3ba8e615ad22535e7f771690a28,49b45fc1ab090aa3a159778313fc9b9e,h2,,4645.168908,10.0.2.15,58187,198.232.125.113,443,tcp,226.95414600000004,954.0,41269.0,SF,True,False,0,ShADadFf,50,2962,75,44273,ssl,0
4645.469497,C8lKCE1l53bfAtMS63,10.0.2.15,58180,207.244.84.198,443,TLSv12,TLS_ECDHE_RSA_WITH_AES_256_CBC_SHA,secp521r1,n2.mouseflow.com,False,True,CsxuknGIi,"['4897f05680935c24630994726660a99aeab1cf84cf8d5b30d9efa8b70f2fd50b', '02ab57e4e67a0cb48dd2ff34830e8ac40f4476fb08ca6be3f5cd846f646840f0']",[],1.0,0ffee3ba8e615ad22535e7f771690a28,4fd467dd264720762ffe286277c00f57,,,4645.099035,10.0.2.15,58180,207.244.84.198,443,tcp,140.759325,113715.0,4323.0,SF,True,False,0,ShADadTTfF,102,117816,105,8527,ssl,0
4645.489255,CY50es2KVTV2eUArU3,10.0.2.15,58186,54.192.93.131,443,TLSv12,TLS_ECDHE_RSA_WITH_AES_128_GCM_SHA256,secp256r1,marketing-pages.fitbit.com,False,True,CsxuknGIti,"['ad83b002220b413c00f4ce07fc95b6a727b013e882fdb9364c293b918058f5c0', '154c433c491929c5ef686e838e323664a00e6a0d822ccc958fb4dab03e49a08f']",[],1.0,0ffee3ba8e615ad22535e7f771690a28,76cc3e2d3028143b23ec18e27dbd7ca9,h2,,4645.165096,10.0.2.15,58186,54.192.93.131,443,tcp,4.854905000000144,878.0,27613.0,SF,True,False,0,ShADadFf,34,2246,51,29657,ssl,0
4645.499986,CABrxh4RiYs3AbkdJ3,10.0.2.15,58185,54.192.93.131,443,TLSv12,TLS_ECDHE_RSA_WITH_AES_128_GCM_SHA256,secp256r1,marketing-pages.fitbit.com,False,True,CsxuknGIti,"['ad83b002220b413c00f4ce07fc95b6a727b013e882fdb9364c293b918058f5c0', '154c433c491929c5ef686e838e323664a00e6a0d822ccc958fb4dab03e49a08f']",[],1.0,0ffee3ba8e615ad22535e7f771690a28,76cc3e2d3028143b23ec18e27dbd7ca9,h2,,4645.141503,10.0.2.15,58185,54.192.93.131,443,tcp,4.878544000000147,891.0,7794.0,SF,True,False,0,ShADadFf,18,1619,23,8718,ssl,0
4645.456766,C1lr7e2bJnx7kZont6,10.0.2.15,58181,54.192.93.131,443,TLSv12,TLS_ECDHE_RSA_WITH_AES_128_GCM_SHA256,secp256r1,marketing-pages.fitbit.com,False,True,CsxuknGIti,"['ad83b002220b413c00f4ce07fc95b6a727b013e882fdb9364c293b918058f5c0', '154c433c491929c5ef686e838e323664a00e6a0d822ccc958fb4dab03e49a08f']",[],1.0,0ffee3ba8e615ad22535e7f771690a28,76cc3e2d3028143b23ec18e27dbd7ca9,h2,,4645.1154,10.0.2.15,58181,54.192.93.131,443,tcp,170.2478019999999,10563.0,763304.0,SF,True,False,0,ShADadWFf,444,28331,939,800868,ssl,0
4645.452955,CJ4iev1FntWjhbNwi1,10.0.2.15,58182,54.192.93.131,443,TLSv12,TLS_ECDHE_RSA_WITH_AES_128_GCM_SHA256,secp256r1,marketing-pages.fitbit.com,False,True,CsxuknGIti,"['ad83b002220b413c00f4ce07fc95b6a727b013e882fdb9364c293b918058f5c0', '154c433c491929c5ef686e838e323664a00e6a0d822ccc958fb4dab03e49a08f']",[],1.0,0ffee3ba8e615ad22535e7f771690a28,76cc3e2d3028143b23ec18e27dbd7ca9,h2,,4645.118163,10.0.2.15,58182,54.192.93.131,443,tcp,4.950918999999885,883.0,12168.0,SF,True,False,0,ShADadFf,21,1731,28,13292,ssl,0
4645.445004,CphcwD30NBtAP0NnCh,10.0.2.15,58184,54.192.93.131,443,TLSv12,TLS_ECDHE_RSA_WITH_AES_128_GCM_SHA256,secp256r1,marketing-pages.fitbit.com,False,True,CsxuknGIti,"['ad83b002220b413c00f4ce07fc95b6a727b013e882fdb9364c293b918058f5c0', '154c433c491929c5ef686e838e323664a00e6a0d822ccc958fb4dab03e49a08f']",[],1.0,0ffee3ba8e615ad22535e7f771690a28,76cc3e2d3028143b23ec18e27dbd7ca9,h2,,4645.135008,10.0.2.15,58184,54.192.93.131,443,tcp,4.8814940000002025,893.0,4726.0,SF,True,False,0,ShADadFf,17,1581,18,5450,ssl,0
4645.449983,CbLJ3Y2ZLb20s5dWb7,10.0.2.15,58183,54.192.93.131,443,TLSv12,TLS_ECDHE_RSA_WITH_AES_128_GCM_SHA256,secp256r1,marketing-pages.fitbit.com,False,True,CsxuknGIti,"['ad83b002220b413c00f4ce07fc95b6a727b013e882fdb9364c293b918058f5c0', '154c433c491929c5ef686e838e323664a00e6a0d822ccc958fb4dab03e49a08f']",[],1.0,0ffee3ba8e615ad22535e7f771690a28,76cc3e2d3028143b23ec18e27dbd7ca9,h2,,4645.124879,10.0.2.15,58183,54.192.93.131,443,tcp,4.851948000000448,898.0,5166.0,SF,True,False,0,ShADadFf,17,1586,20,5970,ssl,0
4647.470326,CPTjZH3yUEOS9NWYZf,10.0.2.15,58189,207.244.84.198,443,TLSv12,TLS_ECDHE_RSA_WITH_AES_256_CBC_SHA,,n2.mouseflow.com,True,True,CsiI,,,,0ffee3ba8e615ad22535e7f771690a28,96c9f2048f1e949c8bb9ad97c36c9eea,,,4646.854594,10.0.2.15,58189,207.244.84.198,443,tcp,9.413512000000082,353.0,165.0,SF,True,False,0,ShADadFf,8,681,7,449,ssl,0
4647.473966,CdUHxo2wEKg5pAceHb,10.0.2.15,58188,185.33.222.8,443,TLSv12,TLS_ECDHE_RSA_WITH_AES_256_GCM_SHA384,,secure.adnxs.com,True,True,CsiI,,,,1a5fe5677b0e4fbbc854e8908225637d,266bd998df907f9d5064d7f4c208b200,,,4646.851282,10.0.2.15,58188,185.33.222.8,443,tcp,8.55975699999999,599.0,141.0,SF,True,False,0,ShADadFf,8,927,7,425,ssl,0
4659.839988,C7ea06410BPsEiv6R4,10.0.2.15,58202,63.140.40.57,443,TLSv12,TLS_ECDHE_RSA_WITH_AES_256_GCM_SHA384,,omtr2.partners.salesforce.com,True,True,CsiI,,,,0ffee3ba8e615ad22535e7f771690a28,959bfcf87532cbff1253e80a4ee81308,,,4658.042507,10.0.2.15,58202,63.140.40.57,443,tcp,21.86323799999991,2798.0,681.0,SF,True,False,0,ShADadTFf,11,3247,11,1125,ssl,0
4660.141591,CXuaNI6PAYFH7XcLa,10.0.2.15,58205,207.244.84.198,443,TLSv12,TLS_ECDHE_RSA_WITH_AES_256_CBC_SHA,,n2.mouseflow.com,True,True,CsiI,,,,0ffee3ba8e615ad22535e7f771690a28,96c9f2048f1e949c8bb9ad97c36c9eea,,,4658.507891,10.0.2.15,58205,207.244.84.198,443,tcp,11.75608000000011,1771.0,847.0,SF,True,False,0,ShADadFf,12,2259,11,1291,ssl,0
4659.868159,CZFne03BMcm0h8v4Sl,10.0.2.15,58203,63.140.40.57,443,TLSv12,TLS_ECDHE_RSA_WITH_AES_256_GCM_SHA384,,omtr2.partners.salesforce.com,True,True,CsiI,,,,0ffee3ba8e615ad22535e7f771690a28,959bfcf87532cbff1253e80a4ee81308,,,4658.046038,10.0.2.15,58203,63.140.40.57,443,tcp,13.253161999999977,320.0,155.0,SF,True,False,0,ShADadFf,8,648,7,439,ssl,0
4659.878841,CeZMnhdWpQTpH9JVh,10.0.2.15,58204,63.140.40.57,443,TLSv12,TLS_ECDHE_RSA_WITH_AES_256_GCM_SHA384,,omtr2.partners.salesforce.com,True,True,CsiI,,,,0ffee3ba8e615ad22535e7f771690a28,959bfcf87532cbff1253e80a4ee81308,,,4658.30058,10.0.2.15,58204,63.140.40.57,443,tcp,13.088918999999803,320.0,155.0,SF,True,False,0,ShADadFf,8,648,7,439,ssl,0
4656.539651,CPzen31Ce7p9ePz09,10.0.2.15,58199,54.192.93.131,443,TLSv12,TLS_ECDHE_RSA_WITH_AES_128_GCM_SHA256,secp256r1,marketing-pages.fitbit.com,False,True,CsxuknGIti,"['ad83b002220b413c00f4ce07fc95b6a727b013e882fdb9364c293b918058f5c0', '154c433c491929c5ef686e838e323664a00e6a0d822ccc958fb4dab03e49a08f']",[],1.0,0ffee3ba8e615ad22535e7f771690a28,76cc3e2d3028143b23ec18e27dbd7ca9,h2,,4654.479044,10.0.2.15,58199,54.192.93.131,443,tcp,201.5079450000003,699.0,3881.0,SF,True,False,0,ShADadFf,17,1387,19,4645,ssl,0
4656.528901,CJEzwxZIGo1I41Pzf,10.0.2.15,58198,54.246.114.30,443,TLSv12,TLS_ECDHE_RSA_WITH_AES_128_GCM_SHA256,secp256r1,imp2.ads.linkedin.com,False,True,CsxknGIi,"['48202a7e3ca9b2cc39e6ef3a805018596df742a56663916aa0aa25070b40ec8d', '154c433c491929c5ef686e838e323664a00e6a0d822ccc958fb4dab03e49a08f', '4348a0e9444c78cb265e058d5e8944b4d84f9662bd26db257f8934a443c70161']",[],1.0,0ffee3ba8e615ad22535e7f771690a28,303951d4c50efb2e991652225a6f02b1,,,4654.032648,10.0.2.15,58198,54.246.114.30,443,tcp,73.81417699999929,1949.0,5892.0,SF,True,False,0,ShADadTFf,19,2723,20,6696,ssl,0
4656.531233,CDgXbr4qAfSNBP7qS9,10.0.2.15,58196,54.192.93.131,443,TLSv12,TLS_ECDHE_RSA_WITH_AES_128_GCM_SHA256,secp256r1,marketing-pages.fitbit.com,False,True,CsxuknGIti,"['ad83b002220b413c00f4ce07fc95b6a727b013e882fdb9364c293b918058f5c0', '154c433c491929c5ef686e838e323664a00e6a0d822ccc958fb4dab03e49a08f']",[],1.0,0ffee3ba8e615ad22535e7f771690a28,76cc3e2d3028143b23ec18e27dbd7ca9,h2,,4654.023966,10.0.2.15,58196,54.192.93.131,443,tcp,14.904091000000337,940.0,28507.0,SF,True,False,0,ShADadFf,30,2148,48,30431,ssl,0
4656.531893,ChUUHg4bJgiLK30bu4,10.0.2.15,58195,54.192.93.131,443,TLSv12,TLS_ECDHE_RSA_WITH_AES_128_GCM_SHA256,secp256r1,marketing-pages.fitbit.com,False,True,CsxuknGIti,"['ad83b002220b413c00f4ce07fc95b6a727b013e882fdb9364c293b918058f5c0', '154c433c491929c5ef686e838e323664a00e6a0d822ccc958fb4dab03e49a08f']",[],1.0,0ffee3ba8e615ad22535e7f771690a28,76cc3e2d3028143b23ec18e27dbd7ca9,h2,,4654.00664,10.0.2.15,58195,54.192.93.131,443,tcp,15.18826100000024,939.0,28244.0,SF,True,False,0,ShADadFf,32,2227,49,30208,ssl,0
4656.534358,CbL0123IJaJQHSStAj,10.0.2.15,58194,54.192.93.131,443,TLSv12,TLS_ECDHE_RSA_WITH_AES_128_GCM_SHA256,secp256r1,marketing-pages.fitbit.com,False,True,CsxuknGIti,"['ad83b002220b413c00f4ce07fc95b6a727b013e882fdb9364c293b918058f5c0', '154c433c491929c5ef686e838e323664a00e6a0d822ccc958fb4dab03e49a08f']",[],1.0,0ffee3ba8e615ad22535e7f771690a28,76cc3e2d3028143b23ec18e27dbd7ca9,h2,,4654.003351,10.0.2.15,58194,54.192.93.131,443,tcp,17.066608999999517,948.0,69946.0,SF,True,False,0,ShADadFf,60,3356,106,74190,ssl,0
4656.535353,CAL5do25TWALVWNdGi,10.0.2.15,58193,54.192.93.131,443,TLSv12,TLS_ECDHE_RSA_WITH_AES_128_GCM_SHA256,secp256r1,marketing-pages.fitbit.com,False,True,CsxuknGIti,"['ad83b002220b413c00f4ce07fc95b6a727b013e882fdb9364c293b918058f5c0', '154c433c491929c5ef686e838e323664a00e6a0d822ccc958fb4dab03e49a08f']",[],1.0,0ffee3ba8e615ad22535e7f771690a28,76cc3e2d3028143b23ec18e27dbd7ca9,h2,,4653.99962,10.0.2.15,58193,54.192.93.131,443,tcp,16.7222840000004,937.0,28308.0,SF,True,False,0,ShADadFf,30,2145,47,30192,ssl,0
4656.537586,Cinylj2keUaeMXFZp3,10.0.2.15,58191,54.192.93.131,443,TLSv12,TLS_ECDHE_RSA_WITH_AES_128_GCM_SHA256,secp256r1,marketing-pages.fitbit.com,False,True,CsxuknGIti,"['ad83b002220b413c00f4ce07fc95b6a727b013e882fdb9364c293b918058f5c0', '154c433c491929c5ef686e838e323664a00e6a0d822ccc958fb4dab03e49a08f']",[],1.0,0ffee3ba8e615ad22535e7f771690a28,76cc3e2d3028143b23ec18e27dbd7ca9,h2,,4653.995518,10.0.2.15,58191,54.192.93.131,443,tcp,15.816549000000125,933.0,20851.0,SF,True,False,0,ShADadFf,28,2061,40,22455,ssl,0
4656.186001,CnmduFBkB6M9sIYdl,10.0.2.15,58190,95.100.189.14,443,TLSv12,TLS_ECDHE_RSA_WITH_AES_256_GCM_SHA384,secp256r1,c.betrad.com,False,True,CsxknGIti,"['7ef605453ea4270ffdf213446d71e9b95c17f98dcac16150fdb9c0cd67008f78', 'eae72eb454bf6c3977ebd289e970b2f5282949190093d0d26f98d0f0d6a9cf17', '8420dfbe376f414bf4c0a81e6936d24ccc03f304835b86c7a39142fca723a689']",[],1.0,0ffee3ba8e615ad22535e7f771690a28,2b33c1374db4ddf06942f92373c0b54b,http/1.1,,4653.989964,10.0.2.15,58190,95.100.189.14,443,tcp,15.987686999999823,346.0,4818.0,RSTO,True,False,0,ShADadFR,11,794,11,5262,ssl,0
4657.251356,C2NJQH2yNcLoYVJNTc,10.0.2.15,58201,54.246.114.30,443,TLSv12,TLS_ECDHE_RSA_WITH_AES_128_GCM_SHA256,secp256r1,imp2.ads.linkedin.com,False,True,CsxknGIi,"['48202a7e3ca9b2cc39e6ef3a805018596df742a56663916aa0aa25070b40ec8d', '154c433c491929c5ef686e838e323664a00e6a0d822ccc958fb4dab03e49a08f', '4348a0e9444c78cb265e058d5e8944b4d84f9662bd26db257f8934a443c70161']",[],1.0,0ffee3ba8e615ad22535e7f771690a28,303951d4c50efb2e991652225a6f02b1,,,4654.488604,10.0.2.15,58201,54.246.114.30,443,tcp,14.293705000000044,355.0,5534.0,RSTO,True,False,0,ShADadFR,11,803,11,5978,ssl,0
4661.550438,C5yaCq3e70qxpcbirl,10.0.2.15,58206,207.244.84.198,443,TLSv12,TLS_ECDHE_RSA_WITH_AES_256_CBC_SHA,,n2.mouseflow.com,True,True,CsiI,,,,0ffee3ba8e615ad22535e7f771690a28,96c9f2048f1e949c8bb9ad97c36c9eea,,,4660.14533,10.0.2.15,58206,207.244.84.198,443,tcp,8.82140900000013,353.0,165.0,SF,True,False,0,ShADadFf,8,681,7,449,ssl,0
4656.536822,CykHtZ3WNMlQo048ua,10.0.2.15,58192,54.192.93.131,443,TLSv12,TLS_ECDHE_RSA_WITH_AES_128_GCM_SHA256,secp256r1,marketing-pages.fitbit.com,False,True,CsxuknGIti,"['ad83b002220b413c00f4ce07fc95b6a727b013e882fdb9364c293b918058f5c0', '154c433c491929c5ef686e838e323664a00e6a0d822ccc958fb4dab03e49a08f']",[],1.0,0ffee3ba8e615ad22535e7f771690a28,76cc3e2d3028143b23ec18e27dbd7ca9,h2,,4653.996673,10.0.2.15,58192,54.192.93.131,443,tcp,17.994081000000733,939.0,29202.0,SF,True,False,0,ShADadFf,36,2387,53,31326,ssl,0
4656.808279,CfM62u1FVQ66U8EJeh,10.0.2.15,58200,34.192.44.23,443,,,,l.betrad.com,False,False,C,,,,0ffee3ba8e615ad22535e7f771690a28,,,,4654.483946,10.0.2.15,58200,34.192.44.23,443,tcp,6.086776999999529,189.0,0.0,SF,True,False,0,ShADafF,5,397,4,164,ssl,0
4656.529949,CImxcA1SHZ9GroWNfh,10.0.2.15,58197,34.192.44.23,443,,,,l.betrad.com,False,False,C,,,,0ffee3ba8e615ad22535e7f771690a28,,,,4654.026161,10.0.2.15,58197,34.192.44.23,443,tcp,6.555299000000559,189.0,0.0,SF,True,False,0,ShADafF,5,397,4,164,ssl,0
4663.477252,CslPk31QJexSu0o0nj,10.0.2.15,58207,207.244.84.198,443,TLSv12,TLS_ECDHE_RSA_WITH_AES_256_CBC_SHA,,n2.mouseflow.com,True,True,CsiI,,,,0ffee3ba8e615ad22535e7f771690a28,96c9f2048f1e949c8bb9ad97c36c9eea,,,4662.37488,10.0.2.15,58207,207.244.84.198,443,tcp,9.48991599999954,353.0,165.0,SF,True,False,0,ShADadFf,8,681,7,449,ssl,0
4672.046717,Cc55GM16AXlMl69IYe,10.0.2.15,58208,151.101.112.207,443,TLSv12,TLS_ECDHE_RSA_WITH_AES_128_GCM_SHA256,secp256r1,js-agent.newrelic.com,False,True,CsxuknGIti,"['ca070501b7e46f43787e9ec2f2d3e72c170cd1881f8200e63bdae1b6ded39ed9', '74ef335e5e18788307fb9d89cb704bec112abd23487dbff41c4ded5070f241d9']",[],1.0,0ffee3ba8e615ad22535e7f771690a28,860fcf58fd757e26aa8911e5eaff6b53,http/1.1,,4671.731032,10.0.2.15,58208,151.101.112.207,443,tcp,6.620495000000119,387.0,6617.0,RSTO,True,False,0,ShADadFR,12,875,15,7221,ssl,0
4672.666313,Chf86O3znjswkdb9Ud,10.0.2.15,58209,136.147.40.7,443,TLSv12,TLS_ECDHE_RSA_WITH_AES_256_GCM_SHA384,secp256r1,d.la1-c2-phx.salesforceliveagent.com,False,True,CsxknGIi,"['f244d18945e4f544ec459cf253db15cfd47efe89ec8a2b7e9d3c9f1c5f71bf2c', 'eae72eb454bf6c3977ebd289e970b2f5282949190093d0d26f98d0f0d6a9cf17']",[],1.0,0ffee3ba8e615ad22535e7f771690a28,bca21c822832874f6c48fee5a84015ba,,,4671.732054,10.0.2.15,58209,136.147.40.7,443,tcp,6.96799800000008,370.0,3742.0,SF,True,False,0,ShADadFRfr,10,778,13,4266,ssl,0
4673.90724,CPEPeL2pnSDBrJfKb3,10.0.2.15,58212,95.101.249.27,443,TLSv12,TLS_ECDHE_RSA_WITH_AES_256_GCM_SHA384,secp256r1,www.delta.com,False,True,CsxknGIti,"['ffa5837a7a0657667c6871694f42ac403a11b5f16af39ee9666a20f528c2b1bc', 'eae72eb454bf6c3977ebd289e970b2f5282949190093d0d26f98d0f0d6a9cf17']",[],1.0,0ffee3ba8e615ad22535e7f771690a28,2b33c1374db4ddf06942f92373c0b54b,h2,,4673.695753,10.0.2.15,58212,95.101.249.27,443,tcp,10.206231000000116,1238.0,75944.0,RSTO,True,False,0,ShADadFR,57,3526,108,80268,ssl,0
4680.493512,C0Rloz15hd33v3aoH8,10.0.2.15,58219,95.101.241.136,443,TLSv12,TLS_ECDHE_RSA_WITH_AES_256_GCM_SHA384,,cdn.optimizely.com,True,True,CsiI,,,,1a5fe5677b0e4fbbc854e8908225637d,410b9bedaf65dd26c6fe547154d60db4,h2,,4679.487592,10.0.2.15,58219,95.101.241.136,443,tcp,31.488859000000048,1069.0,74553.0,SF,True,False,0,ShADadfF,44,2837,81,77797,ssl,0
4680.537588,CYn0Gd4mZTR8yi2wF2,10.0.2.15,58220,95.101.241.136,443,TLSv12,TLS_ECDHE_RSA_WITH_AES_256_GCM_SHA384,,cdn.optimizely.com,True,True,CsiI,,,,1a5fe5677b0e4fbbc854e8908225637d,410b9bedaf65dd26c6fe547154d60db4,h2,,4679.744316,10.0.2.15,58220,95.101.241.136,443,tcp,7.106687999999849,808.0,214.0,RSTO,True,False,0,ShADadFR,10,1216,9,578,ssl,0
4680.243938,CsTwfE2dvK8SVxnaK4,10.0.2.15,58218,151.101.112.67,443,TLSv12,TLS_ECDHE_RSA_WITH_AES_128_GCM_SHA256,secp256r1,assets.fitbit.com,False,True,CsxuknGIti,"['72ac1637a02d32e01dd73333886a0355fe5851981a36f16c88885d2eab08868f', '74ef335e5e18788307fb9d89cb704bec112abd23487dbff41c4ded5070f241d9']",[],1.0,0ffee3ba8e615ad22535e7f771690a28,860fcf58fd757e26aa8911e5eaff6b53,http/1.1,,4679.487147,10.0.2.15,58218,151.101.112.67,443,tcp,37.12669900000037,1295.0,47668.0,SF,True,False,0,ShADadTFfRr,38,2824,61,50112,ssl,0
4680.238547,Ce4BwC3L5XazA8dIP6,10.0.2.15,58217,151.101.112.67,443,TLSv12,TLS_ECDHE_RSA_WITH_AES_128_GCM_SHA256,secp256r1,assets.fitbit.com,False,True,CsxuknGIti,"['72ac1637a02d32e01dd73333886a0355fe5851981a36f16c88885d2eab08868f', '74ef335e5e18788307fb9d89cb704bec112abd23487dbff41c4ded5070f241d9']",[],1.0,0ffee3ba8e615ad22535e7f771690a28,860fcf58fd757e26aa8911e5eaff6b53,http/1.1,,4679.486582,10.0.2.15,58217,151.101.112.67,443,tcp,185.1506359999994,4438.0,464134.0,SF,True,False,0,ShADadTTFfRr,258,14779,538,485658,ssl,0
4680.224888,Ckpcv03KVgOQg1odhl,10.0.2.15,58216,151.101.112.67,443,TLSv12,TLS_ECDHE_RSA_WITH_AES_128_GCM_SHA256,secp256r1,assets.fitbit.com,False,True,CsxuknGIti,"['72ac1637a02d32e01dd73333886a0355fe5851981a36f16c88885d2eab08868f', '74ef335e5e18788307fb9d89cb704bec112abd23487dbff41c4ded5070f241d9']",[],1.0,0ffee3ba8e615ad22535e7f771690a28,860fcf58fd757e26aa8911e5eaff6b53,http/1.1,,4679.485778,10.0.2.15,58216,151.101.112.67,443,tcp,184.80153299999984,3428.0,237140.0,SF,True,False,0,ShADadTTFfRr,161,9889,311,249584,ssl,0
4680.201069,CBclpK1caHBb6NLma5,10.0.2.15,58214,151.101.112.67,443,TLSv12,TLS_ECDHE_RSA_WITH_AES_128_GCM_SHA256,secp256r1,assets.fitbit.com,False,True,CsxuknGIti,"['72ac1637a02d32e01dd73333886a0355fe5851981a36f16c88885d2eab08868f', '74ef335e5e18788307fb9d89cb704bec112abd23487dbff41c4ded5070f241d9']",[],1.0,0ffee3ba8e615ad22535e7f771690a28,860fcf58fd757e26aa8911e5eaff6b53,http/1.1,,4679.484566,10.0.2.15,58214,151.101.112.67,443,tcp,187.0160159999996,9047.0,823686.0,SF,True,False,0,ShADadTTFfRr,518,29788,1062,866170,ssl,0
4680.196607,CfnPJs3GJtliNrK1X6,10.0.2.15,58213,151.101.112.67,443,TLSv12,TLS_ECDHE_RSA_WITH_AES_128_GCM_SHA256,secp256r1,assets.fitbit.com,False,True,CsxuknGIti,"['72ac1637a02d32e01dd73333886a0355fe5851981a36f16c88885d2eab08868f', '74ef335e5e18788307fb9d89cb704bec112abd23487dbff41c4ded5070f241d9']",[],1.0,0ffee3ba8e615ad22535e7f771690a28,860fcf58fd757e26aa8911e5eaff6b53,http/1.1,,4679.48381,10.0.2.15,58213,151.101.112.67,443,tcp,80.95839000000069,3037.0,478479.0,SF,True,False,0,ShADadTFRfr,313,15567,622,503363,ssl,0
4680.540854,C4O33c1jDfL930H2b5,10.0.2.15,58225,151.101.112.67,443,TLSv12,TLS_ECDHE_RSA_WITH_AES_128_GCM_SHA256,secp256r1,static0.fitbit.com,False,True,CsxuknGIti,"['72ac1637a02d32e01dd73333886a0355fe5851981a36f16c88885d2eab08868f', '74ef335e5e18788307fb9d89cb704bec112abd23487dbff41c4ded5070f241d9']",[],1.0,0ffee3ba8e615ad22535e7f771690a28,860fcf58fd757e26aa8911e5eaff6b53,http/1.1,,4679.779296,10.0.2.15,58225,151.101.112.67,443,tcp,67.80288000000019,5135.0,167526.0,RSTO,True,False,0,ShADadTR,104,9305,197,175410,ssl,0
4680.547139,CnhcXJ2oCb11Ef2qDl,10.0.2.15,58224,151.101.112.67,443,TLSv12,TLS_ECDHE_RSA_WITH_AES_128_GCM_SHA256,secp256r1,static0.fitbit.com,False,True,CsxuknGIti,"['72ac1637a02d32e01dd73333886a0355fe5851981a36f16c88885d2eab08868f', '74ef335e5e18788307fb9d89cb704bec112abd23487dbff41c4ded5070f241d9']",[],1.0,0ffee3ba8e615ad22535e7f771690a28,860fcf58fd757e26aa8911e5eaff6b53,http/1.1,,4679.777227,10.0.2.15,58224,151.101.112.67,443,tcp,85.49877300000026,5183.0,281941.0,SF,True,False,0,ShADadTFRfr,174,12154,348,295865,ssl,0
4680.549446,CGUuU926TbdleIgG05,10.0.2.15,58223,151.101.112.67,443,TLSv12,TLS_ECDHE_RSA_WITH_AES_128_GCM_SHA256,secp256r1,static0.fitbit.com,False,True,CsxuknGIti,"['72ac1637a02d32e01dd73333886a0355fe5851981a36f16c88885d2eab08868f', '74ef335e5e18788307fb9d89cb704bec112abd23487dbff41c4ded5070f241d9']",[],1.0,0ffee3ba8e615ad22535e7f771690a28,860fcf58fd757e26aa8911e5eaff6b53,http/1.1,,4679.774151,10.0.2.15,58223,151.101.112.67,443,tcp,81.58280400000058,6301.0,255366.0,RSTR,True,False,0,ShADadTFRr,142,11992,301,267410,ssl,0
4680.790668,CIdLGa1oiLaSyB1JVb,10.0.2.15,58226,151.101.112.67,443,TLSv12,TLS_ECDHE_RSA_WITH_AES_128_GCM_SHA256,secp256r1,static0.fitbit.com,False,True,CsxuknGIti,"['72ac1637a02d32e01dd73333886a0355fe5851981a36f16c88885d2eab08868f', '74ef335e5e18788307fb9d89cb704bec112abd23487dbff41c4ded5070f241d9']",[],1.0,0ffee3ba8e615ad22535e7f771690a28,860fcf58fd757e26aa8911e5eaff6b53,http/1.1,,4679.781165,10.0.2.15,58226,151.101.112.67,443,tcp,67.81352399999923,4515.0,219686.0,RSTR,True,False,0,ShADadTFRr,151,10565,275,230690,ssl,0
4680.551388,CEOA1w1TxAWZI98BIi,10.0.2.15,58222,151.101.112.67,443,TLSv12,TLS_ECDHE_RSA_WITH_AES_128_GCM_SHA256,secp256r1,static0.fitbit.com,False,True,CsxuknGIti,"['72ac1637a02d32e01dd73333886a0355fe5851981a36f16c88885d2eab08868f', '74ef335e5e18788307fb9d89cb704bec112abd23487dbff41c4ded5070f241d9']",[],1.0,0ffee3ba8e615ad22535e7f771690a28,860fcf58fd757e26aa8911e5eaff6b53,http/1.1,,4679.769235,10.0.2.15,58222,151.101.112.67,443,tcp,69.06281500000023,4494.0,164556.0,SF,True,False,0,ShADadTFfRr,102,8584,183,171880,ssl,0
4680.558092,CGE5kz3iyds7vCD9Id,10.0.2.15,58221,151.101.112.67,443,TLSv12,TLS_ECDHE_RSA_WITH_AES_128_GCM_SHA256,secp256r1,static0.fitbit.com,False,True,CsxuknGIti,"['72ac1637a02d32e01dd73333886a0355fe5851981a36f16c88885d2eab08868f', '74ef335e5e18788307fb9d89cb704bec112abd23487dbff41c4ded5070f241d9']",[],1.0,0ffee3ba8e615ad22535e7f771690a28,860fcf58fd757e26aa8911e5eaff6b53,http/1.1,,4679.768675,10.0.2.15,58221,151.101.112.67,443,tcp,190.5538900000001,2865.0,431348.0,SF,True,False,0,ShADadTWTFRfr,274,13847,535,452752,ssl,0
4680.214876,CqyGly3H0eP16G4q8k,10.0.2.15,58215,151.101.112.67,443,TLSv12,TLS_ECDHE_RSA_WITH_AES_128_GCM_SHA256,secp256r1,assets.fitbit.com,False,True,CsxuknGIti,"['72ac1637a02d32e01dd73333886a0355fe5851981a36f16c88885d2eab08868f', '74ef335e5e18788307fb9d89cb704bec112abd23487dbff41c4ded5070f241d9']",[],1.0,0ffee3ba8e615ad22535e7f771690a28,860fcf58fd757e26aa8911e5eaff6b53,http/1.1,,4679.485024,10.0.2.15,58215,151.101.112.67,443,tcp,185.1522360000008,3930.0,450566.0,SF,True,False,0,ShADadTTFfRr,252,14031,530,471770,ssl,0
4680.793294,CF3baA1kliXhyPrF9h,10.0.2.15,58227,151.101.112.67,443,TLSv12,TLS_ECDHE_RSA_WITH_AES_128_GCM_SHA256,secp256r1,static1.fitbit.com,False,True,CsxuknGIti,"['72ac1637a02d32e01dd73333886a0355fe5851981a36f16c88885d2eab08868f', '74ef335e5e18788307fb9d89cb704bec112abd23487dbff41c4ded5070f241d9']",[],1.0,0ffee3ba8e615ad22535e7f771690a28,860fcf58fd757e26aa8911e5eaff6b53,http/1.1,,4679.787229,10.0.2.15,58227,151.101.112.67,443,tcp,186.6981310000001,2879.0,221975.0,RSTO,True,False,0,ShADadTTFR,168,9621,307,234259,ssl,0
4681.671575,CMC0mQ2IhBn3KNidYg,10.0.2.15,58232,151.101.112.67,443,TLSv12,TLS_ECDHE_RSA_WITH_AES_128_GCM_SHA256,secp256r1,static0.fitbit.com,False,True,CsxuknGIti,"['72ac1637a02d32e01dd73333886a0355fe5851981a36f16c88885d2eab08868f', '74ef335e5e18788307fb9d89cb704bec112abd23487dbff41c4ded5070f241d9']",[],1.0,0ffee3ba8e615ad22535e7f771690a28,860fcf58fd757e26aa8911e5eaff6b53,http/1.1,,4680.044436,10.0.2.15,58232,151.101.112.67,443,tcp,8.759844000000157,321.0,7306.0,RSTO,True,False,0,ShADadFR,9,689,10,7710,ssl,0
4681.311516,CUOzMJ2up0j3X8hVz9,10.0.2.15,58231,151.101.112.67,443,TLSv12,TLS_ECDHE_RSA_WITH_AES_128_GCM_SHA256,secp256r1,static0.fitbit.com,False,True,CsxuknGIti,"['72ac1637a02d32e01dd73333886a0355fe5851981a36f16c88885d2eab08868f', '74ef335e5e18788307fb9d89cb704bec112abd23487dbff41c4ded5070f241d9']",[],1.0,0ffee3ba8e615ad22535e7f771690a28,860fcf58fd757e26aa8911e5eaff6b53,http/1.1,,4680.039463,10.0.2.15,58231,151.101.112.67,443,tcp,8.817230999999992,321.0,7337.0,RSTO,True,False,0,ShADadFR,9,689,10,7741,ssl,0
4681.533082,C6zxq6m1FJEJ70Ovf,10.0.2.15,58233,151.101.112.67,443,TLSv12,TLS_ECDHE_RSA_WITH_AES_128_GCM_SHA256,secp256r1,static0.fitbit.com,False,True,CsxuknGIti,"['72ac1637a02d32e01dd73333886a0355fe5851981a36f16c88885d2eab08868f', '74ef335e5e18788307fb9d89cb704bec112abd23487dbff41c4ded5070f241d9']",[],1.0,0ffee3ba8e615ad22535e7f771690a28,860fcf58fd757e26aa8911e5eaff6b53,http/1.1,,4680.046194,10.0.2.15,58233,151.101.112.67,443,tcp,8.916023000000678,321.0,7306.0,RSTO,True,False,0,ShADadFR,9,689,10,7710,ssl,0
4681.197413,Cgq6SZuad2PC7y0I1,10.0.2.15,58230,151.101.112.67,443,TLSv12,TLS_ECDHE_RSA_WITH_AES_128_GCM_SHA256,secp256r1,static0.fitbit.com,False,True,CsxuknGIti,"['72ac1637a02d32e01dd73333886a0355fe5851981a36f16c88885d2eab08868f', '74ef335e5e18788307fb9d89cb704bec112abd23487dbff41c4ded5070f241d9']",[],1.0,0ffee3ba8e615ad22535e7f771690a28,860fcf58fd757e26aa8911e5eaff6b53,http/1.1,,4680.033644,10.0.2.15,58230,151.101.112.67,443,tcp,9.052133999999567,321.0,7306.0,RSTO,True,False,0,ShADadFR,9,689,10,7710,ssl,0
4681.780877,CCiPtc3PHnpOIFZ8pj,10.0.2.15,58234,151.101.112.67,443,TLSv12,TLS_ECDHE_RSA_WITH_AES_128_GCM_SHA256,secp256r1,static1.fitbit.com,False,True,CsxuknGIti,"['72ac1637a02d32e01dd73333886a0355fe5851981a36f16c88885d2eab08868f', '74ef335e5e18788307fb9d89cb704bec112abd23487dbff41c4ded5070f241d9']",[],1.0,0ffee3ba8e615ad22535e7f771690a28,860fcf58fd757e26aa8911e5eaff6b53,http/1.1,,4680.04921,10.0.2.15,58234,151.101.112.67,443,tcp,9.051626999999826,321.0,7337.0,RSTO,True,False,0,ShADadFR,10,729,14,7901,ssl,0
4681.02262,CzJf8kaBiEon3e2m6,10.0.2.15,58229,151.101.112.67,443,TLSv12,TLS_ECDHE_RSA_WITH_AES_128_GCM_SHA256,secp256r1,static0.fitbit.com,False,True,CsxuknGIti,"['72ac1637a02d32e01dd73333886a0355fe5851981a36f16c88885d2eab08868f', '74ef335e5e18788307fb9d89cb704bec112abd23487dbff41c4ded5070f241d9']",[],1.0,0ffee3ba8e615ad22535e7f771690a28,860fcf58fd757e26aa8911e5eaff6b53,http/1.1,,4680.025925,10.0.2.15,58229,151.101.112.67,443,tcp,9.793260999999802,321.0,7306.0,RSTO,True,False,0,ShADadFR,9,689,10,7710,ssl,0
4683.141938,ColDxS1OcrSTdVeWFi,10.0.2.15,58236,95.101.249.27,443,TLSv12,TLS_ECDHE_RSA_WITH_AES_256_GCM_SHA384,,content.delta.com,False,False,Cs,,,,0ffee3ba8e615ad22535e7f771690a28,2b33c1374db4ddf06942f92373c0b54b,h2,,4680.164787,10.0.2.15,58236,95.101.249.27,443,tcp,5.58611800000017,194.0,1420.0,RSTO,True,False,0,ShADaFdR,5,402,4,1584,ssl,0
4683.140677,CFLUMYBIqr1fhaFa1,10.0.2.15,58235,95.101.249.27,443,TLSv12,TLS_ECDHE_RSA_WITH_AES_256_GCM_SHA384,,content.delta.com,False,False,Cs,,,,0ffee3ba8e615ad22535e7f771690a28,2b33c1374db4ddf06942f92373c0b54b,h2,,4680.164229,10.0.2.15,58235,95.101.249.27,443,tcp,5.482057000000168,194.0,1420.0,RSTO,True,False,0,ShADaFdR,5,402,4,1584,ssl,0
4683.218964,C8E8Ox4KccyJlWqQi9,10.0.2.15,58237,95.101.249.27,443,TLSv12,TLS_ECDHE_RSA_WITH_AES_256_GCM_SHA384,,content.delta.com,False,False,Cs,,,,0ffee3ba8e615ad22535e7f771690a28,2b33c1374db4ddf06942f92373c0b54b,h2,,4680.501814,10.0.2.15,58237,95.101.249.27,443,tcp,5.54248699999971,194.0,1420.0,RSTO,True,False,0,ShADaFdR,5,402,4,1584,ssl,0
4683.21745,Cgqt3E312iGo1zBOnh,10.0.2.15,58238,95.101.249.27,443,TLSv12,TLS_ECDHE_RSA_WITH_AES_256_GCM_SHA384,,content.delta.com,False,False,Cs,,,,0ffee3ba8e615ad22535e7f771690a28,2b33c1374db4ddf06942f92373c0b54b,h2,,4680.503617,10.0.2.15,58238,95.101.249.27,443,tcp,5.42832399999952,194.0,1420.0,RSTO,True,False,0,ShADaFdR,5,402,4,1584,ssl,0
4688.236335,CH1j9L1jkmwR2JO8cb,10.0.2.15,58246,52.58.158.88,443,TLSv12,TLS_ECDHE_RSA_WITH_AES_128_GCM_SHA256,secp256r1,nexus.ensighten.com,False,True,CsxuknGIti,"['5fb5994638f535624889e2aa6260f51577963498d17ec00206936fa84169d21f', 'e0898ad662474b9f753c79bea878031c9a5d634a49edd6310b960ab023c02c0e']",[],1.0,0ffee3ba8e615ad22535e7f771690a28,0c0aff9ccea5e7e1de5c3a0069d103f3,,,4687.956969,10.0.2.15,58246,52.58.158.88,443,tcp,18.25022100000024,668.0,5445.0,SF,True,False,0,ShADadTfF,14,1237,16,6089,ssl,0
4688.239231,C5LBup3SYPIYcqWrJ3,10.0.2.15,58245,52.58.158.88,443,TLSv12,TLS_ECDHE_RSA_WITH_AES_128_GCM_SHA256,secp256r1,nexus.ensighten.com,False,True,CsxuknGIti,"['5fb5994638f535624889e2aa6260f51577963498d17ec00206936fa84169d21f', 'e0898ad662474b9f753c79bea878031c9a5d634a49edd6310b960ab023c02c0e']",[],1.0,0ffee3ba8e615ad22535e7f771690a28,0c0aff9ccea5e7e1de5c3a0069d103f3,,,4687.955945,10.0.2.15,58245,52.58.158.88,443,tcp,18.24439200000052,670.0,66701.0,SF,True,False,0,ShADadfF,34,2038,63,69225,ssl,0
4680.801255,Cl8wW836vdQeAPsqek,10.0.2.15,58228,151.101.112.67,443,TLSv12,TLS_ECDHE_RSA_WITH_AES_128_GCM_SHA256,secp256r1,static0.fitbit.com,False,True,CsxuknGIti,"['72ac1637a02d32e01dd73333886a0355fe5851981a36f16c88885d2eab08868f', '74ef335e5e18788307fb9d89cb704bec112abd23487dbff41c4ded5070f241d9']",[],1.0,0ffee3ba8e615ad22535e7f771690a28,860fcf58fd757e26aa8911e5eaff6b53,http/1.1,,4680.023141,10.0.2.15,58228,151.101.112.67,443,tcp,12.362660000000687,321.0,7306.0,RSTO,True,False,0,ShADadFR,9,689,10,7710,ssl,0
4690.663448,CHgwX04KEEZZOBEQ19,10.0.2.15,58239,95.101.249.27,443,TLSv12,TLS_ECDHE_RSA_WITH_AES_256_GCM_SHA384,,www.delta.com,True,True,CsiI,,,,1a5fe5677b0e4fbbc854e8908225637d,410b9bedaf65dd26c6fe547154d60db4,h2,,4690.658775,10.0.2.15,58239,95.101.249.27,443,tcp,199.1418880000001,1902.0,43069.0,SF,True,False,0,^hADadFfRr,47,3782,77,46153,ssl,0
4688.813903,Cnn5vU29vZUj2yOLZc,10.0.2.15,58247,95.101.249.27,443,TLSv12,TLS_ECDHE_RSA_WITH_AES_256_GCM_SHA384,secp256r1,content.delta.com,False,True,CsxknGIti,"['ffa5837a7a0657667c6871694f42ac403a11b5f16af39ee9666a20f528c2b1bc', 'eae72eb454bf6c3977ebd289e970b2f5282949190093d0d26f98d0f0d6a9cf17']",[],1.0,0ffee3ba8e615ad22535e7f771690a28,2b33c1374db4ddf06942f92373c0b54b,h2,,4687.976256,10.0.2.15,58247,95.101.249.27,443,tcp,364.5794880000003,47045.0,1659419.0,RSTO,True,False,0,ShADadWFR,652,73133,1726,1728463,ssl,0
4691.718234,CzofHM2dPDZM8j9Gq6,10.0.2.15,58249,151.101.112.67,443,TLSv12,TLS_ECDHE_RSA_WITH_AES_128_GCM_SHA256,,static1.fitbit.com,True,True,CsiI,,,,1a5fe5677b0e4fbbc854e8908225637d,1d0e57c6ae42e9204defa51e5e1cdc4c,http/1.1,,4689.328584,10.0.2.15,58249,151.101.112.67,443,tcp,201.15533400000004,4047.0,274438.0,SF,True,False,0,ShADadTTFfRr,180,11271,357,288722,ssl,0
4691.723043,CWg9y119wuIyUkBTNe,10.0.2.15,58248,151.101.112.67,443,TLSv12,TLS_ECDHE_RSA_WITH_AES_128_GCM_SHA256,,static1.fitbit.com,True,True,CsiI,,,,1a5fe5677b0e4fbbc854e8908225637d,1d0e57c6ae42e9204defa51e5e1cdc4c,http/1.1,,4689.327433,10.0.2.15,58248,151.101.112.67,443,tcp,174.57612999999947,2603.0,344972.0,SF,True,False,0,ShADadTTFfRr,234,11985,453,363096,ssl,0
4692.037762,CFB7oe2At27aH58Df,10.0.2.15,58251,151.101.112.67,443,TLSv12,TLS_ECDHE_RSA_WITH_AES_128_GCM_SHA256,,static1.fitbit.com,True,True,CsiI,,,,1a5fe5677b0e4fbbc854e8908225637d,1d0e57c6ae42e9204defa51e5e1cdc4c,http/1.1,,4689.58916,10.0.2.15,58251,151.101.112.67,443,tcp,8.914784999999938,599.0,191.0,RSTO,True,False,0,ShADadFR,8,927,7,475,ssl,0
4691.844361,Cf4R5C1nXTyxIFuELi,10.0.2.15,58250,151.101.112.67,443,TLSv12,TLS_ECDHE_RSA_WITH_AES_128_GCM_SHA256,,static1.fitbit.com,True,True,CsiI,,,,1a5fe5677b0e4fbbc854e8908225637d,1d0e57c6ae42e9204defa51e5e1cdc4c,http/1.1,,4689.578137,10.0.2.15,58250,151.101.112.67,443,tcp,8.42312899999979,599.0,191.0,RSTO,True,False,0,ShADadFR,8,927,7,475,ssl,0
4691.033822,CTY2fq474sjfK0VTMe,10.0.2.15,58241,52.58.158.88,443,TLSv12,TLS_ECDHE_RSA_WITH_AES_128_GCM_SHA256,secp256r1,nexus.ensighten.com,False,True,CsxuknGIti,"['5fb5994638f535624889e2aa6260f51577963498d17ec00206936fa84169d21f', 'e0898ad662474b9f753c79bea878031c9a5d634a49edd6310b960ab023c02c0e']",[],1.0,0ffee3ba8e615ad22535e7f771690a28,0c0aff9ccea5e7e1de5c3a0069d103f3,,,4690.697396,10.0.2.15,58241,52.58.158.88,443,tcp,5.784899000000223,353.0,5022.0,SF,True,False,0,^hADadFf,10,753,11,5466,ssl,0
4690.555799,CcuOMF4mmyilKmYHb4,10.0.2.15,58240,52.58.158.88,443,TLSv12,TLS_ECDHE_RSA_WITH_AES_128_GCM_SHA256,secp256r1,nexus.ensighten.com,False,True,CsxuknGIti,"['5fb5994638f535624889e2aa6260f51577963498d17ec00206936fa84169d21f', 'e0898ad662474b9f753c79bea878031c9a5d634a49edd6310b960ab023c02c0e']",[],1.0,0ffee3ba8e615ad22535e7f771690a28,0c0aff9ccea5e7e1de5c3a0069d103f3,,,4685.601811,10.0.2.15,58240,52.58.158.88,443,tcp,10.859524999999849,353.0,5022.0,SF,True,False,0,ShADadFf,12,849,11,5466,ssl,0
4697.025372,CymJyNaq5YcTBPxVj,10.0.2.15,58252,216.58.201.66,443,TLSv12,TLS_ECDHE_RSA_WITH_AES_128_GCM_SHA256,x25519,www.googleadservices.com,False,True,CsxknGIti,"['33c13616ade5804cb64668e7fede6e1ef8141ce96a24e69910dfdd83efac1907', '9f630426df1d8abfd80ace98871ba833ab9742cb34838de2b5285ed54c0c7dcc', '3c35cc963eb004451323d3275d05b353235053490d9cd83729a2faf5e7ca1cc0']",[],1.0,0ffee3ba8e615ad22535e7f771690a28,ab41313cfec25328b20865eb1388e0a2,h2,,4693.879182,10.0.2.15,58252,216.58.201.66,443,tcp,251.1286540000001,1228.0,4938.0,SF,True,False,0,ShADadFf,24,2204,27,6022,ssl,0
4692.438818,CWeTfF4C8gsmRSF5fb,10.0.2.15,58243,52.58.158.88,443,TLSv12,TLS_ECDHE_RSA_WITH_AES_128_GCM_SHA256,secp256r1,nexus.ensighten.com,False,True,CsxuknGIti,"['5fb5994638f535624889e2aa6260f51577963498d17ec00206936fa84169d21f', 'e0898ad662474b9f753c79bea878031c9a5d634a49edd6310b960ab023c02c0e']",[],1.0,1a5fe5677b0e4fbbc854e8908225637d,0c0aff9ccea5e7e1de5c3a0069d103f3,,,4691.985515,10.0.2.15,58243,52.58.158.88,443,tcp,6.544121999999334,643.0,5022.0,RSTO,True,False,0,^hADadFR,7,923,9,5386,ssl,0
4692.43441,CrCXKQ1cRZuvME6cul,10.0.2.15,58242,52.58.158.88,443,TLSv12,TLS_ECDHE_RSA_WITH_AES_128_GCM_SHA256,secp256r1,nexus.ensighten.com,False,True,CsxuknGIti,"['5fb5994638f535624889e2aa6260f51577963498d17ec00206936fa84169d21f', 'e0898ad662474b9f753c79bea878031c9a5d634a49edd6310b960ab023c02c0e']",[],1.0,1a5fe5677b0e4fbbc854e8908225637d,0c0aff9ccea5e7e1de5c3a0069d103f3,,,4692.044769,10.0.2.15,58242,52.58.158.88,443,tcp,7.173759000000246,643.0,5022.0,RSTO,True,False,0,^hADadFR,7,923,9,5386,ssl,0
4705.896204,CjGr9e4b57UtlLdszf,10.0.2.15,58254,167.114.119.127,443,TLSv12,TLS_ECDHE_RSA_WITH_AES_256_GCM_SHA384,secp256r1,usage.trackjs.com,False,True,CsxknGIti,"['4e0ef818d70799f2c53717823a231d0c507d7203d80134fb1ddb52b26bcbe503', 'bc3f03a436240edba5f83714f6f677e34b37f9b1f0c08c1e558d981e279e8209']",[],1.0,0ffee3ba8e615ad22535e7f771690a28,e35df3e00ca4ef31d42b34bebaa2f86e,,,4704.663492,10.0.2.15,58254,167.114.119.127,443,tcp,8.801374000000578,351.0,2952.0,SF,True,False,0,ShADadFf,9,719,9,3316,ssl,0
4707.977216,CpTlBB3oV77Rvhj4jj,10.0.2.15,58255,66.117.29.3,443,TLSv12,TLS_ECDHE_RSA_WITH_AES_128_GCM_SHA256,secp256r1,deltaairlines.tt.omtrdc.net,False,True,CsxknGIi,"['103723154140b34b0b1260e3e747cfd392b7d030a78cd15f43cb9807d28f42f5', '19400be5b7a31fb733917700789d2f0a2471c0c9d506c0e504c06c16d7cb17c0']",[],1.0,0ffee3ba8e615ad22535e7f771690a28,ae7f2b2d1bd496bc9ce111c0a9fa3597,h2,,4707.531626,10.0.2.15,58255,66.117.29.3,443,tcp,3.893339000000196,541.0,3248.0,RSTO,True,False,0,ShADadFR,11,989,14,3812,ssl,0
4711.617803,CBjqtC30sADJNpKPdj,10.0.2.15,58258,23.74.194.19,443,TLSv12,TLS_ECDHE_RSA_WITH_AES_256_GCM_SHA384,secp256r1,cdn.tt.omtrdc.net,False,True,CsxknGIti,"['0224ef81709a1b619d6d7935333b039fc4667c7e2c0fa3bf1604497adc5e2ad7', '19400be5b7a31fb733917700789d2f0a2471c0c9d506c0e504c06c16d7cb17c0', '7431e5f4c3c1ce4690774f0b61e05440883ba9a01ed00ba6abd7806ed3b118cf']",[],1.0,0ffee3ba8e615ad22535e7f771690a28,2b33c1374db4ddf06942f92373c0b54b,http/1.1,,4710.068851,10.0.2.15,58258,23.74.194.19,443,tcp,8.197336000000178,351.0,4306.0,SF,True,False,0,ShADadFfRr,11,799,14,4870,ssl,0
4712.456856,CCA6fy17f9U5DaQaaf,10.0.2.15,58261,23.74.194.19,443,TLSv12,TLS_ECDHE_RSA_WITH_AES_256_GCM_SHA384,,cdn.tt.omtrdc.net,True,True,CsiI,,,,1a5fe5677b0e4fbbc854e8908225637d,410b9bedaf65dd26c6fe547154d60db4,http/1.1,,4712.150683,10.0.2.15,58261,23.74.194.19,443,tcp,6.129934000000503,599.0,183.0,SF,True,False,0,ShADadFfRr,8,927,9,547,ssl,0
4712.460306,CfiQPw1pcc29GbR4Rh,10.0.2.15,58259,52.58.158.88,443,TLSv12,TLS_ECDHE_RSA_WITH_AES_128_GCM_SHA256,secp256r1,nexus.ensighten.com,False,True,CsxuknGIti,"['5fb5994638f535624889e2aa6260f51577963498d17ec00206936fa84169d21f', 'e0898ad662474b9f753c79bea878031c9a5d634a49edd6310b960ab023c02c0e']",[],1.0,1a5fe5677b0e4fbbc854e8908225637d,0c0aff9ccea5e7e1de5c3a0069d103f3,,,4712.149651,10.0.2.15,58259,52.58.158.88,443,tcp,21.260361999999983,1435.0,6242.0,SF,True,False,0,ShADadTfF,16,2084,19,7006,ssl,0
4712.756616,C27ija499kFZ7wBB36,10.0.2.15,58260,167.114.119.127,443,TLSv12,TLS_ECDHE_RSA_WITH_AES_256_GCM_SHA384,,usage.trackjs.com,True,True,CsiI,,,,1a5fe5677b0e4fbbc854e8908225637d,364ff14b04ef93c3b4cfa429d729c0d9,,,4712.15019,10.0.2.15,58260,167.114.119.127,443,tcp,69.76153900000008,1020.0,426.0,SF,True,False,0,ShADadTfF,14,1594,15,1030,ssl,0
4711.265039,CZkMSkwrycUgO4Gm5,10.0.2.15,58257,23.74.194.19,443,TLSv12,TLS_ECDHE_RSA_WITH_AES_256_GCM_SHA384,secp256r1,cdn.tt.omtrdc.net,False,True,CsxknGIti,"['0224ef81709a1b619d6d7935333b039fc4667c7e2c0fa3bf1604497adc5e2ad7', '19400be5b7a31fb733917700789d2f0a2471c0c9d506c0e504c06c16d7cb17c0', '7431e5f4c3c1ce4690774f0b61e05440883ba9a01ed00ba6abd7806ed3b118cf']",[],1.0,0ffee3ba8e615ad22535e7f771690a28,2b33c1374db4ddf06942f92373c0b54b,http/1.1,,4709.81387,10.0.2.15,58257,23.74.194.19,443,tcp,9.97443099999964,351.0,4306.0,SF,True,False,0,ShADadFRfr,11,799,12,4790,ssl,0
4714.693208,CXFEUv2mLeGgpaQ6a2,10.0.2.15,58262,172.217.23.227,443,TLSv12,TLS_ECDHE_ECDSA_WITH_AES_128_GCM_SHA256,,fonts.gstatic.com,True,True,CsiI,,,,1a5fe5677b0e4fbbc854e8908225637d,c23237dbea656869600e48dfbd00ab7b,h2,,4714.66769,10.0.2.15,58262,172.217.23.227,443,tcp,190.60710800000012,984.0,430.0,SF,True,False,0,ShADadFf,17,1672,19,1194,ssl,0
4711.260025,CsryDM1zj3Mqokjgkg,10.0.2.15,58256,23.74.194.19,443,,,,cdn.tt.omtrdc.net,False,False,C,,,,0ffee3ba8e615ad22535e7f771690a28,,,,4709.813329,10.0.2.15,58256,23.74.194.19,443,tcp,3.771262000000206,194.0,0.0,SF,True,False,0,ShADaFf,5,402,4,164,ssl,0
4717.600289,CvRQYr3wZTuHoyhEF2,10.0.2.15,58268,23.21.217.175,443,TLSv12,TLS_ECDHE_RSA_WITH_AES_128_GCM_SHA256,secp256r1,249008631.log.optimizely.com,False,True,CsxknGIi,"['720a04382d93aa8932b95cc755b9fbaab1b6a01d85399736cf4d5a4607e41172', '19400be5b7a31fb733917700789d2f0a2471c0c9d506c0e504c06c16d7cb17c0', '7431e5f4c3c1ce4690774f0b61e05440883ba9a01ed00ba6abd7806ed3b118cf']",[],1.0,0ffee3ba8e615ad22535e7f771690a28,303951d4c50efb2e991652225a6f02b1,,,4717.248711,10.0.2.15,58268,23.21.217.175,443,tcp,66.81099399999948,1039.0,4812.0,SF,True,False,0,ShADadTFf,18,1773,19,5576,ssl,0
4716.664472,CI6ZuM2GUy6geIXE47,10.0.2.15,58263,151.101.112.67,443,TLSv12,TLS_ECDHE_RSA_WITH_AES_128_GCM_SHA256,,static1.fitbit.com,True,True,CsiI,,,,1a5fe5677b0e4fbbc854e8908225637d,1d0e57c6ae42e9204defa51e5e1cdc4c,http/1.1,,4715.562527,10.0.2.15,58263,151.101.112.67,443,tcp,151.47540599999957,3200.0,111526.0,SF,True,False,0,ShADadTTFfRr,81,6460,143,117250,ssl,0
4717.601767,CiRLGRAgU3QFuG0zd,10.0.2.15,58267,23.21.217.175,443,TLSv12,TLS_ECDHE_RSA_WITH_AES_128_GCM_SHA256,secp256r1,249008631.log.optimizely.com,False,True,CsxknGIi,"['720a04382d93aa8932b95cc755b9fbaab1b6a01d85399736cf4d5a4607e41172', '19400be5b7a31fb733917700789d2f0a2471c0c9d506c0e504c06c16d7cb17c0', '7431e5f4c3c1ce4690774f0b61e05440883ba9a01ed00ba6abd7806ed3b118cf']",[],1.0,0ffee3ba8e615ad22535e7f771690a28,303951d4c50efb2e991652225a6f02b1,,,4717.24533,10.0.2.15,58267,23.21.217.175,443,tcp,8.542209000000184,362.0,4105.0,RSTO,True,False,0,ShADadFR,10,770,11,4549,ssl,0
4718.471164,CHejI63AODfMRex1Cg,10.0.2.15,58269,23.21.217.175,443,TLSv12,TLS_ECDHE_RSA_WITH_AES_128_GCM_SHA256,secp256r1,249008631.log.optimizely.com,False,True,CsxknGIi,"['720a04382d93aa8932b95cc755b9fbaab1b6a01d85399736cf4d5a4607e41172', '19400be5b7a31fb733917700789d2f0a2471c0c9d506c0e504c06c16d7cb17c0', '7431e5f4c3c1ce4690774f0b61e05440883ba9a01ed00ba6abd7806ed3b118cf']",[],1.0,0ffee3ba8e615ad22535e7f771690a28,303951d4c50efb2e991652225a6f02b1,,,4717.605898,10.0.2.15,58269,23.21.217.175,443,tcp,11.703392999999778,362.0,4105.0,RSTO,True,False,0,ShADadFR,10,770,10,4509,ssl,0
4720.274545,CY4ydO2X5nmVVhTBT9,10.0.2.15,58272,151.101.112.67,443,TLSv12,TLS_ECDHE_RSA_WITH_AES_128_GCM_SHA256,secp256r1,assets.fitbit.com,False,True,CsxuknGIti,"['72ac1637a02d32e01dd73333886a0355fe5851981a36f16c88885d2eab08868f', '74ef335e5e18788307fb9d89cb704bec112abd23487dbff41c4ded5070f241d9']",[],1.0,0ffee3ba8e615ad22535e7f771690a28,860fcf58fd757e26aa8911e5eaff6b53,http/1.1,,4718.660082,10.0.2.15,58272,151.101.112.67,443,tcp,30.621650000000045,1893.0,102760.0,RSTR,True,False,0,ShADadTRr,77,4982,134,108124,ssl,0
4724.717764,Chpl7o2rcsFKgkUoY1,10.0.2.15,58266,151.101.112.67,443,TLSv12,TLS_ECDHE_RSA_WITH_AES_128_GCM_SHA256,,assets.fitbit.com,True,True,CsiI,,,,1a5fe5677b0e4fbbc854e8908225637d,1d0e57c6ae42e9204defa51e5e1cdc4c,http/1.1,,4722.663548,10.0.2.15,58266,151.101.112.67,443,tcp,11.840114999999969,599.0,191.0,SF,True,False,0,^hADadFRfr,8,919,9,555,ssl,0
4720.102483,C4gHeW37zmQyQUwjW,10.0.2.15,58271,151.101.112.67,443,TLSv12,TLS_ECDHE_RSA_WITH_AES_128_GCM_SHA256,secp256r1,assets.fitbit.com,False,True,CsxuknGIti,"['72ac1637a02d32e01dd73333886a0355fe5851981a36f16c88885d2eab08868f', '74ef335e5e18788307fb9d89cb704bec112abd23487dbff41c4ded5070f241d9']",[],1.0,0ffee3ba8e615ad22535e7f771690a28,860fcf58fd757e26aa8911e5eaff6b53,http/1.1,,4718.659107,10.0.2.15,58271,151.101.112.67,443,tcp,44.51948699999957,1890.0,58264.0,RSTO,True,False,0,ShADadTFR,40,3500,70,61068,ssl,0
4720.49446,CqoXji4TyQUZx6DBYe,10.0.2.15,58273,216.137.61.98,443,TLSv12,TLS_ECDHE_RSA_WITH_AES_128_GCM_SHA256,secp256r1,dnn506yrbagrg.cloudfront.net,False,True,CsxuknGIti,"['90c0937808b31877df6c4a5c743c99325d974624be3735faa5078cf73d4fd205', 'eae72eb454bf6c3977ebd289e970b2f5282949190093d0d26f98d0f0d6a9cf17']",[],1.0,0ffee3ba8e615ad22535e7f771690a28,76cc3e2d3028143b23ec18e27dbd7ca9,http/1.1,,4718.845794,10.0.2.15,58273,216.137.61.98,443,tcp,12.808273999999985,362.0,5199.0,SF,True,False,0,ShADadFf,11,810,11,5643,ssl,0
4720.498992,Cuvm213Ihhq32Thgc2,10.0.2.15,58274,151.101.112.67,443,TLSv12,TLS_ECDHE_RSA_WITH_AES_128_GCM_SHA256,secp256r1,assets.fitbit.com,False,True,CsxuknGIti,"['72ac1637a02d32e01dd73333886a0355fe5851981a36f16c88885d2eab08868f', '74ef335e5e18788307fb9d89cb704bec112abd23487dbff41c4ded5070f241d9']",[],1.0,0ffee3ba8e615ad22535e7f771690a28,860fcf58fd757e26aa8911e5eaff6b53,http/1.1,,4718.848703,10.0.2.15,58274,151.101.112.67,443,tcp,13.42247800000041,351.0,7337.0,SF,True,False,0,ShADadFfRr,12,839,14,7901,ssl,0
4722.209423,C15hkB3h2OCICSBes9,10.0.2.15,58264,151.101.112.67,443,TLSv12,TLS_ECDHE_RSA_WITH_AES_128_GCM_SHA256,,static1.fitbit.com,True,True,CsiI,,,,1a5fe5677b0e4fbbc854e8908225637d,1d0e57c6ae42e9204defa51e5e1cdc4c,http/1.1,,4722.129486,10.0.2.15,58264,151.101.112.67,443,tcp,32.2135159999998,1115.0,1580.0,RSTO,True,False,0,^hADadTFR,10,1517,10,1984,ssl,0
4725.658651,CIIQzw4QegywBPJG52,10.0.2.15,58280,151.101.112.67,443,TLSv12,TLS_ECDHE_RSA_WITH_AES_128_GCM_SHA256,,static1.fitbit.com,True,True,CsiI,,,,1a5fe5677b0e4fbbc854e8908225637d,1d0e57c6ae42e9204defa51e5e1cdc4c,http/1.1,,4721.015115,10.0.2.15,58280,151.101.112.67,443,tcp,143.63457999999991,2685.0,55063.0,SF,True,False,0,ShADadTTFfRr,50,4713,80,58267,ssl,0
4725.715719,C6JU9G5q3vMwps7f,10.0.2.15,58279,151.101.112.67,443,TLSv12,TLS_ECDHE_RSA_WITH_AES_128_GCM_SHA256,,static1.fitbit.com,True,True,CsiI,,,,1a5fe5677b0e4fbbc854e8908225637d,1d0e57c6ae42e9204defa51e5e1cdc4c,http/1.1,,4721.005774,10.0.2.15,58279,151.101.112.67,443,tcp,142.87970899999982,3633.0,20485.0,SF,True,False,0,ShADadTTFfRr,38,5181,47,22369,ssl,0
4723.754476,CpiVpz1pJH8Yhsczl6,10.0.2.15,58265,151.101.112.67,443,TLSv12,TLS_ECDHE_RSA_WITH_AES_128_GCM_SHA256,,assets.fitbit.com,True,True,CsiI,,,,1a5fe5677b0e4fbbc854e8908225637d,1d0e57c6ae42e9204defa51e5e1cdc4c,http/1.1,,4722.482502,10.0.2.15,58265,151.101.112.67,443,tcp,10.64408100000037,599.0,191.0,SF,True,False,0,^hADadFfRr,8,919,9,555,ssl,0
4705.094285,CufENqrbJUZyKl1S2,10.0.2.15,58253,167.114.119.127,443,TLSv12,TLS_ECDHE_RSA_WITH_AES_256_GCM_SHA384,secp256r1,usage.trackjs.com,False,True,CsxknGIti,"['4e0ef818d70799f2c53717823a231d0c507d7203d80134fb1ddb52b26bcbe503', 'bc3f03a436240edba5f83714f6f677e34b37f9b1f0c08c1e558d981e279e8209']",[],1.0,0ffee3ba8e615ad22535e7f771690a28,e35df3e00ca4ef31d42b34bebaa2f86e,,,4704.173824,10.0.2.15,58253,167.114.119.127,443,tcp,23.653509999999187,772.0,2952.0,RSTO,True,False,0,ShADadFTR,9,1141,9,3316,ssl,0
4719.427195,Cm1xdz1Rwz4Zgfcob2,10.0.2.15,58270,216.137.61.98,443,TLSv12,TLS_ECDHE_RSA_WITH_AES_128_GCM_SHA256,secp256r1,dnn506yrbagrg.cloudfront.net,False,True,CsxuknGIti,"['90c0937808b31877df6c4a5c743c99325d974624be3735faa5078cf73d4fd205', 'eae72eb454bf6c3977ebd289e970b2f5282949190093d0d26f98d0f0d6a9cf17']",[],1.0,0ffee3ba8e615ad22535e7f771690a28,76cc3e2d3028143b23ec18e27dbd7ca9,http/1.1,,4718.360771,10.0.2.15,58270,216.137.61.98,443,tcp,137.74658700000057,696.0,9520.0,SF,True,False,0,ShADadTTFf,26,1756,28,10644,ssl,0
4722.141823,CfsqdY24G9CGBngepj,10.0.2.15,58277,151.101.112.67,443,TLSv12,TLS_ECDHE_RSA_WITH_AES_128_GCM_SHA256,secp256r1,assets.fitbit.com,False,True,CsxuknGIti,"['72ac1637a02d32e01dd73333886a0355fe5851981a36f16c88885d2eab08868f', '74ef335e5e18788307fb9d89cb704bec112abd23487dbff41c4ded5070f241d9']",[],1.0,0ffee3ba8e615ad22535e7f771690a28,860fcf58fd757e26aa8911e5eaff6b53,http/1.1,,4719.110236,10.0.2.15,58277,151.101.112.67,443,tcp,16.280710999999428,351.0,7337.0,SF,True,False,0,ShADadFRfr,15,959,18,8061,ssl,0
4722.193171,Cm2cyV1C5VpUYIIs4l,10.0.2.15,58278,151.101.112.67,443,TLSv12,TLS_ECDHE_RSA_WITH_AES_128_GCM_SHA256,secp256r1,assets.fitbit.com,False,True,CsxuknGIti,"['72ac1637a02d32e01dd73333886a0355fe5851981a36f16c88885d2eab08868f', '74ef335e5e18788307fb9d89cb704bec112abd23487dbff41c4ded5070f241d9']",[],1.0,0ffee3ba8e615ad22535e7f771690a28,860fcf58fd757e26aa8911e5eaff6b53,http/1.1,,4719.111191,10.0.2.15,58278,151.101.112.67,443,tcp,17.632424999999785,351.0,7337.0,RSTO,True,False,0,ShADadFR,14,919,16,7981,ssl,0
4728.850672,C4Z9LOIQgrVTmIMz8,10.0.2.15,58282,151.101.112.67,443,TLSv12,TLS_ECDHE_RSA_WITH_AES_128_GCM_SHA256,,static1.fitbit.com,True,True,CsiI,,,,1a5fe5677b0e4fbbc854e8908225637d,1d0e57c6ae42e9204defa51e5e1cdc4c,http/1.1,,4727.563458,10.0.2.15,58282,151.101.112.67,443,tcp,137.85784000000058,2565.0,4667.0,SF,True,False,0,ShADadTTFfRr,25,3585,27,5751,ssl,0
4728.774774,CO962tDZ5HExOmZ7a,10.0.2.15,58281,151.101.112.67,443,TLSv12,TLS_ECDHE_RSA_WITH_AES_128_GCM_SHA256,secp256r1,static0.fitbit.com,False,True,CsxuknGIti,"['72ac1637a02d32e01dd73333886a0355fe5851981a36f16c88885d2eab08868f', '74ef335e5e18788307fb9d89cb704bec112abd23487dbff41c4ded5070f241d9']",[],1.0,0ffee3ba8e615ad22535e7f771690a28,860fcf58fd757e26aa8911e5eaff6b53,http/1.1,,4727.56261,10.0.2.15,58281,151.101.112.67,443,tcp,129.96302900000046,1854.0,37008.0,SF,True,False,0,ShADadTTFfRr,44,3634,68,39732,ssl,0
4722.148411,C0f0eQ3W0HuTL7X1o4,10.0.2.15,58276,216.137.61.98,443,TLSv12,TLS_ECDHE_RSA_WITH_AES_128_GCM_SHA256,secp256r1,dnn506yrbagrg.cloudfront.net,False,True,CsxuknGIti,"['90c0937808b31877df6c4a5c743c99325d974624be3735faa5078cf73d4fd205', 'eae72eb454bf6c3977ebd289e970b2f5282949190093d0d26f98d0f0d6a9cf17']",[],1.0,0ffee3ba8e615ad22535e7f771690a28,76cc3e2d3028143b23ec18e27dbd7ca9,http/1.1,,4719.106299,10.0.2.15,58276,216.137.61.98,443,tcp,15.537008000000242,362.0,5199.0,SF,True,False,0,ShADadFf,12,850,13,5723,ssl,0
4729.680709,Cf7XK2vfq0zj8GiUa,10.0.2.15,58283,151.101.112.67,443,TLSv12,TLS_ECDHE_RSA_WITH_AES_128_GCM_SHA256,secp256r1,static0.fitbit.com,False,True,CsxuknGIti,"['72ac1637a02d32e01dd73333886a0355fe5851981a36f16c88885d2eab08868f', '74ef335e5e18788307fb9d89cb704bec112abd23487dbff41c4ded5070f241d9']",[],1.0,0ffee3ba8e615ad22535e7f771690a28,860fcf58fd757e26aa8911e5eaff6b53,http/1.1,,4728.8636,10.0.2.15,58283,151.101.112.67,443,tcp,11.44570400000066,352.0,7337.0,SF,True,False,0,ShADadFfRr,14,920,18,8061,ssl,0
4720.505495,CfByjW1Prk8VY63HF8,10.0.2.15,58275,151.101.112.67,443,TLSv12,TLS_ECDHE_RSA_WITH_AES_128_GCM_SHA256,secp256r1,assets.fitbit.com,False,True,CsxuknGIti,"['72ac1637a02d32e01dd73333886a0355fe5851981a36f16c88885d2eab08868f', '74ef335e5e18788307fb9d89cb704bec112abd23487dbff41c4ded5070f241d9']",[],1.0,0ffee3ba8e615ad22535e7f771690a28,860fcf58fd757e26aa8911e5eaff6b53,http/1.1,,4718.85027,10.0.2.15,58275,151.101.112.67,443,tcp,13.0212819999997,351.0,7337.0,SF,True,False,0,ShADadFfRr,12,839,14,7901,ssl,0
4739.856884,CdLYCIkXxHUhsrBXh,10.0.2.15,58286,95.100.189.14,443,TLSv12,TLS_ECDHE_RSA_WITH_AES_256_GCM_SHA384,,c.betrad.com,True,True,CsiI,,,,1a5fe5677b0e4fbbc854e8908225637d,410b9bedaf65dd26c6fe547154d60db4,http/1.1,,4735.896943,10.0.2.15,58286,95.100.189.14,443,tcp,12.25183300000026,599.0,183.0,SF,True,False,0,ShADadFfRr,9,975,9,547,ssl,0
4739.246552,CFlOic2yC46VqPOttf,10.0.2.15,58284,151.101.112.67,443,TLSv12,TLS_ECDHE_RSA_WITH_AES_128_GCM_SHA256,,assets.fitbit.com,True,True,CsiI,,,,1a5fe5677b0e4fbbc854e8908225637d,1d0e57c6ae42e9204defa51e5e1cdc4c,http/1.1,,4735.688015,10.0.2.15,58284,151.101.112.67,443,tcp,13.477991000000657,1094.0,5868.0,RSTR,True,False,0,ShADadRr,13,1630,13,6392,ssl,0
4741.742224,CQiKDjXzy6rW5ho8j,10.0.2.15,58296,34.199.74.239,443,TLSv12,TLS_ECDHE_RSA_WITH_AES_128_GCM_SHA256,secp256r1,l.betrad.com,False,True,CsxknGIti,"['684e0613784971f0e2ebbf5821ba0f738c5d4a8937210a129517d3571063d308', '973a41276ffd01e027a2aad49e34c37846d3e976ff6a620b6712e33832041aa6', '3a2fbe92891e57fe05d57087f48e730f17e5a5f53ef403d618e5b74d7a7e6ecb', 'c3846bf24b9e93ca64274c0ec67c1ecc5e024ffcacd2d74019350e81fe546ae4']",[],1.0,0ffee3ba8e615ad22535e7f771690a28,8d2a028aa94425f76ced7826b1f39039,h2,,4740.671153,10.0.2.15,58296,34.199.74.239,443,tcp,200.31457499999945,957.0,5651.0,SF,True,False,0,ShADadFf,20,1765,21,6495,ssl,0
4744.438884,CEacFvBNVk9GWZEwe,10.0.2.15,58290,151.101.112.67,443,TLSv12,TLS_ECDHE_RSA_WITH_AES_128_GCM_SHA256,,assets.fitbit.com,True,True,CsiI,,,,1a5fe5677b0e4fbbc854e8908225637d,1d0e57c6ae42e9204defa51e5e1cdc4c,http/1.1,,4739.294726,10.0.2.15,58290,151.101.112.67,443,tcp,131.37091799999962,1120.0,44601.0,RSTO,True,False,0,ShADadTTFR,47,3028,78,47725,ssl,0
4744.745744,CjUDSW26O1rJ7n9GAl,10.0.2.15,58295,151.101.112.67,443,TLSv12,TLS_ECDHE_RSA_WITH_AES_128_GCM_SHA256,,assets.fitbit.com,True,True,CsiI,,,,1a5fe5677b0e4fbbc854e8908225637d,1d0e57c6ae42e9204defa51e5e1cdc4c,http/1.1,,4739.849271,10.0.2.15,58295,151.101.112.67,443,tcp,131.81683499999963,1120.0,56126.0,SF,True,False,0,ShADadTTFfRr,55,3348,94,59890,ssl,0
4744.727939,CyDWMx2ByLXs5W9dv4,10.0.2.15,58291,151.101.112.67,443,TLSv12,TLS_ECDHE_RSA_WITH_AES_128_GCM_SHA256,,assets.fitbit.com,True,True,CsiI,,,,1a5fe5677b0e4fbbc854e8908225637d,1d0e57c6ae42e9204defa51e5e1cdc4c,http/1.1,,4744.312803,10.0.2.15,58291,151.101.112.67,443,tcp,127.35334899999998,1102.0,20728.0,SF,True,False,0,^hADadTTFfRr,34,2474,49,22692,ssl,0
4745.069054,Cmx5AH2sW0uaQaWDo1,10.0.2.15,58294,151.101.112.67,443,TLSv12,TLS_ECDHE_RSA_WITH_AES_128_GCM_SHA256,,assets.fitbit.com,True,True,CsiI,,,,1a5fe5677b0e4fbbc854e8908225637d,1d0e57c6ae42e9204defa51e5e1cdc4c,http/1.1,,4739.84641,10.0.2.15,58294,151.101.112.67,443,tcp,16.077903999999762,599.0,191.0,SF,True,False,0,ShADadFRfr,10,1015,9,555,ssl,0
4743.330833,CAjCRo2miKeVLQQ3og,10.0.2.15,58297,70.42.128.150,443,TLSv12,TLS_RSA_WITH_AES_128_CBC_SHA,,sftrack.searchforce.net,False,True,CsxnGIi,"['463cec860928ad08bd004835487036dadf678062b70ab373c506e4e4e241967a', '51cf0fffc3253fc013af786f95b190109f8c87f34dfd1cec44c45888789f5355']",[],1.0,0ffee3ba8e615ad22535e7f771690a28,573a9f3f80037fb40d481e2054def5bb,,,4741.392559,10.0.2.15,58297,70.42.128.150,443,tcp,7.648678999999902,542.0,3103.0,RSTO,True,False,0,ShADadR,8,870,7,3387,ssl,0
4744.269717,CSFfME1YZnqtl1ORwc,10.0.2.15,58288,52.58.158.88,443,TLSv12,TLS_ECDHE_RSA_WITH_AES_128_GCM_SHA256,secp256r1,nexus.ensighten.com,False,True,CsxuknGIti,"['5fb5994638f535624889e2aa6260f51577963498d17ec00206936fa84169d21f', 'e0898ad662474b9f753c79bea878031c9a5d634a49edd6310b960ab023c02c0e']",[],1.0,1a5fe5677b0e4fbbc854e8908225637d,0c0aff9ccea5e7e1de5c3a0069d103f3,,,4744.140974,10.0.2.15,58288,52.58.158.88,443,tcp,32.98444600000039,2499.0,10277.0,SF,True,False,0,^hADadTfF,22,3380,24,11241,ssl,0
4744.009205,CT1HEG3fbpvbG1OuC7,10.0.2.15,58298,70.42.128.150,443,TLSv12,TLS_RSA_WITH_AES_128_CBC_SHA,,sftrack.searchforce.net,False,True,CsxnGIi,"['463cec860928ad08bd004835487036dadf678062b70ab373c506e4e4e241967a', '51cf0fffc3253fc013af786f95b190109f8c87f34dfd1cec44c45888789f5355']",[],1.0,0ffee3ba8e615ad22535e7f771690a28,573a9f3f80037fb40d481e2054def5bb,,,4741.647267,10.0.2.15,58298,70.42.128.150,443,tcp,13.32934699999987,595.0,3103.0,SF,True,False,0,ShADadFf,10,1003,10,3507,ssl,0
4744.270995,CeQYDh400wBr5urvsl,10.0.2.15,58287,52.58.158.88,443,TLSv12,TLS_ECDHE_RSA_WITH_AES_128_GCM_SHA256,secp256r1,nexus.ensighten.com,False,True,CsxuknGIti,"['5fb5994638f535624889e2aa6260f51577963498d17ec00206936fa84169d21f', 'e0898ad662474b9f753c79bea878031c9a5d634a49edd6310b960ab023c02c0e']",[],1.0,1a5fe5677b0e4fbbc854e8908225637d,0c0aff9ccea5e7e1de5c3a0069d103f3,,,4744.14102,10.0.2.15,58287,52.58.158.88,443,tcp,11.785289000000375,674.0,5022.0,SF,True,False,0,^hADadFf,10,1074,11,5466,ssl,0
4746.066763,Ca6ZJ831FlXJLcervg,10.0.2.15,58303,159.122.19.149,443,TLSv12,TLS_ECDHE_RSA_WITH_AES_128_GCM_SHA256,secp256r1,api.mixpanel.com,False,True,CsxknGIti,"['229a96c70c6d8b2936b27ac8653884f7e9fa2fcfe8f007b03aed4728877f4903', 'e6683e88315cd1cb403c0cea490f7c4b4c82c91cd485037489aadbaa90839f61']",[],1.0,0ffee3ba8e615ad22535e7f771690a28,ccc514751b175866924439bdbb5bba34,,,4744.281486,10.0.2.15,58303,159.122.19.149,443,tcp,4.758874000000105,319.0,3431.0,RSTO,True,False,0,ShADadR,7,607,7,3715,ssl,0
4746.067456,CB1FYF9hUt8vig5k5,10.0.2.15,58302,159.122.19.149,443,TLSv12,TLS_ECDHE_RSA_WITH_AES_128_GCM_SHA256,secp256r1,api.mixpanel.com,False,True,CsxknGIti,"['229a96c70c6d8b2936b27ac8653884f7e9fa2fcfe8f007b03aed4728877f4903', 'e6683e88315cd1cb403c0cea490f7c4b4c82c91cd485037489aadbaa90839f61']",[],1.0,0ffee3ba8e615ad22535e7f771690a28,ccc514751b175866924439bdbb5bba34,,,4744.280634,10.0.2.15,58302,159.122.19.149,443,tcp,4.759254999999939,319.0,3431.0,RSTO,True,False,0,ShADadR,7,607,7,3715,ssl,0
4746.065955,CZcPeb2oG8SkRDmgVg,10.0.2.15,58304,159.122.19.149,443,TLSv12,TLS_ECDHE_RSA_WITH_AES_128_GCM_SHA256,secp256r1,api.mixpanel.com,False,True,CsxknGIti,"['229a96c70c6d8b2936b27ac8653884f7e9fa2fcfe8f007b03aed4728877f4903', 'e6683e88315cd1cb403c0cea490f7c4b4c82c91cd485037489aadbaa90839f61']",[],1.0,0ffee3ba8e615ad22535e7f771690a28,ccc514751b175866924439bdbb5bba34,,,4744.283456,10.0.2.15,58304,159.122.19.149,443,tcp,4.788015000000087,319.0,3431.0,RSTO,True,False,0,ShADadFR,8,647,8,3755,ssl,0
4739.284767,CqSELv2YGnM8wAFvw9,10.0.2.15,58285,151.101.112.67,443,TLSv12,TLS_ECDHE_RSA_WITH_AES_128_GCM_SHA256,,assets.fitbit.com,True,True,CsiI,,,,1a5fe5677b0e4fbbc854e8908225637d,1d0e57c6ae42e9204defa51e5e1cdc4c,http/1.1,,4735.691314,10.0.2.15,58285,151.101.112.67,443,tcp,13.652385000000322,599.0,191.0,RSTO,True,False,0,ShADadFR,9,975,7,475,ssl,0
4746.06839,C97asr1TsbdB5kgyKe,10.0.2.15,58301,159.122.19.149,443,TLSv12,TLS_ECDHE_RSA_WITH_AES_128_GCM_SHA256,secp256r1,api.mixpanel.com,False,True,CsxknGIti,"['229a96c70c6d8b2936b27ac8653884f7e9fa2fcfe8f007b03aed4728877f4903', 'e6683e88315cd1cb403c0cea490f7c4b4c82c91cd485037489aadbaa90839f61']",[],1.0,0ffee3ba8e615ad22535e7f771690a28,ccc514751b175866924439bdbb5bba34,,,4744.279905,10.0.2.15,58301,159.122.19.149,443,tcp,4.997696999999789,319.0,3431.0,RSTO,True,False,0,ShADadR,7,607,7,3715,ssl,0
4746.062843,CEjFVV1dJcqCW1xk03,10.0.2.15,58300,159.122.19.149,443,TLSv12,TLS_ECDHE_RSA_WITH_AES_128_GCM_SHA256,secp256r1,api.mixpanel.com,False,True,CsxknGIti,"['229a96c70c6d8b2936b27ac8653884f7e9fa2fcfe8f007b03aed4728877f4903', 'e6683e88315cd1cb403c0cea490f7c4b4c82c91cd485037489aadbaa90839f61']",[],1.0,0ffee3ba8e615ad22535e7f771690a28,ccc514751b175866924439bdbb5bba34,,,4744.278862,10.0.2.15,58300,159.122.19.149,443,tcp,4.9979450000000725,319.0,3431.0,RSTO,True,False,0,ShADadR,7,607,7,3715,ssl,0
4746.064584,CHl2Lk2nH90IxhKJU2,10.0.2.15,58299,159.122.19.149,443,TLSv12,TLS_ECDHE_RSA_WITH_AES_128_GCM_SHA256,secp256r1,api.mixpanel.com,False,True,CsxknGIti,"['229a96c70c6d8b2936b27ac8653884f7e9fa2fcfe8f007b03aed4728877f4903', 'e6683e88315cd1cb403c0cea490f7c4b4c82c91cd485037489aadbaa90839f61']",[],1.0,0ffee3ba8e615ad22535e7f771690a28,ccc514751b175866924439bdbb5bba34,,,4744.276535,10.0.2.15,58299,159.122.19.149,443,tcp,4.994346000000405,319.0,3431.0,RSTO,True,False,0,ShADadR,7,607,7,3715,ssl,0
4744.439743,CGnH124R9HhPE0p03b,10.0.2.15,58289,23.74.165.57,443,TLSv12,TLS_ECDHE_RSA_WITH_AES_256_GCM_SHA384,secp256r1,cdn.mxpnl.com,False,True,CsxknGIti,"['dd68aebdf177ede1ceb61f46afff7db60fcc0a777b402521c2619632d069910f', 'eae72eb454bf6c3977ebd289e970b2f5282949190093d0d26f98d0f0d6a9cf17', '8420dfbe376f414bf4c0a81e6936d24ccc03f304835b86c7a39142fca723a689']",[],1.0,0ffee3ba8e615ad22535e7f771690a28,2b33c1374db4ddf06942f92373c0b54b,http/1.1,,4739.294346,10.0.2.15,58289,23.74.165.57,443,tcp,16.68127900000036,347.0,4822.0,RSTO,True,False,0,ShADadFR,12,843,11,5266,ssl,0
4744.750249,C0rjz11sleCgPClrV8,10.0.2.15,58293,52.58.158.88,443,TLSv12,TLS_ECDHE_RSA_WITH_AES_128_GCM_SHA256,secp256r1,nexus.ensighten.com,False,True,CsxuknGIti,"['5fb5994638f535624889e2aa6260f51577963498d17ec00206936fa84169d21f', 'e0898ad662474b9f753c79bea878031c9a5d634a49edd6310b960ab023c02c0e']",[],1.0,1a5fe5677b0e4fbbc854e8908225637d,0c0aff9ccea5e7e1de5c3a0069d103f3,,,4739.840142,10.0.2.15,58293,52.58.158.88,443,tcp,11.319139999999608,674.0,5022.0,SF,True,False,0,ShADadFf,12,1170,11,5466,ssl,0
4750.200203,CQfQ6lCmJ9RnumCM1,10.0.2.15,58314,172.217.23.230,443,TLSv12,TLS_ECDHE_RSA_WITH_AES_128_GCM_SHA256,x25519,4272175.fls.doubleclick.net,False,True,CsxknGIti,"['378a6c73f6dec1c6bc563fa8eda92c3e9ce61b893db7685686c41f33ab89931c', '9f630426df1d8abfd80ace98871ba833ab9742cb34838de2b5285ed54c0c7dcc', '3c35cc963eb004451323d3275d05b353235053490d9cd83729a2faf5e7ca1cc0']",[],1.0,0ffee3ba8e615ad22535e7f771690a28,ab41313cfec25328b20865eb1388e0a2,h2,,4746.872254,10.0.2.15,58314,172.217.23.230,443,tcp,10.44494300000042,508.0,4120.0,SF,True,False,0,ShADadFf,12,996,15,4724,ssl,0
4750.198106,Ck6OAR3zxXRewkmXOb,10.0.2.15,58310,159.122.19.149,443,TLSv12,TLS_ECDHE_RSA_WITH_AES_128_GCM_SHA256,secp256r1,api.mixpanel.com,False,True,CsxknGIti,"['229a96c70c6d8b2936b27ac8653884f7e9fa2fcfe8f007b03aed4728877f4903', 'e6683e88315cd1cb403c0cea490f7c4b4c82c91cd485037489aadbaa90839f61']",[],1.0,0ffee3ba8e615ad22535e7f771690a28,ccc514751b175866924439bdbb5bba34,,,4746.871095,10.0.2.15,58310,159.122.19.149,443,tcp,10.083356999999523,350.0,3431.0,SF,True,False,0,ShADadFf,11,806,12,3915,ssl,0
4750.201323,CpKElw4UGNSp6Wh0Kl,10.0.2.15,58312,159.122.19.149,443,TLSv12,TLS_ECDHE_RSA_WITH_AES_128_GCM_SHA256,secp256r1,api.mixpanel.com,False,True,CsxknGIti,"['229a96c70c6d8b2936b27ac8653884f7e9fa2fcfe8f007b03aed4728877f4903', 'e6683e88315cd1cb403c0cea490f7c4b4c82c91cd485037489aadbaa90839f61']",[],1.0,0ffee3ba8e615ad22535e7f771690a28,ccc514751b175866924439bdbb5bba34,,,4746.871157,10.0.2.15,58312,159.122.19.149,443,tcp,11.173101000000315,350.0,3431.0,SF,True,False,0,ShADadFf,11,806,12,3915,ssl,0
4750.204058,CONTnJ3jScB3rp3c9h,10.0.2.15,58313,159.122.19.149,443,TLSv12,TLS_ECDHE_RSA_WITH_AES_128_GCM_SHA256,secp256r1,api.mixpanel.com,False,True,CsxknGIti,"['229a96c70c6d8b2936b27ac8653884f7e9fa2fcfe8f007b03aed4728877f4903', 'e6683e88315cd1cb403c0cea490f7c4b4c82c91cd485037489aadbaa90839f61']",[],1.0,0ffee3ba8e615ad22535e7f771690a28,ccc514751b175866924439bdbb5bba34,,,4746.871404,10.0.2.15,58313,159.122.19.149,443,tcp,11.444297999999437,350.0,3431.0,SF,True,False,0,ShADadFf,11,806,12,3915,ssl,0
4750.234236,Cc1M2g1T3GT4OSN3ia,10.0.2.15,58309,159.122.19.149,443,TLSv12,TLS_ECDHE_RSA_WITH_AES_128_GCM_SHA256,secp256r1,api.mixpanel.com,False,True,CsxknGIti,"['229a96c70c6d8b2936b27ac8653884f7e9fa2fcfe8f007b03aed4728877f4903', 'e6683e88315cd1cb403c0cea490f7c4b4c82c91cd485037489aadbaa90839f61']",[],1.0,0ffee3ba8e615ad22535e7f771690a28,ccc514751b175866924439bdbb5bba34,,,4746.87022,10.0.2.15,58309,159.122.19.149,443,tcp,11.074392999999873,350.0,3431.0,SF,True,False,0,ShADadFf,10,758,12,3915,ssl,0
4750.206142,CustVd3ZosX3KzuXUj,10.0.2.15,58307,172.217.23.230,443,TLSv12,TLS_ECDHE_RSA_WITH_AES_128_GCM_SHA256,x25519,4272175.fls.doubleclick.net,False,True,CsxknGIti,"['378a6c73f6dec1c6bc563fa8eda92c3e9ce61b893db7685686c41f33ab89931c', '9f630426df1d8abfd80ace98871ba833ab9742cb34838de2b5285ed54c0c7dcc', '3c35cc963eb004451323d3275d05b353235053490d9cd83729a2faf5e7ca1cc0']",[],1.0,0ffee3ba8e615ad22535e7f771690a28,ab41313cfec25328b20865eb1388e0a2,h2,,4746.869139,10.0.2.15,58307,172.217.23.230,443,tcp,10.313744999999471,508.0,4120.0,SF,True,False,0,ShADadFf,14,1084,15,4724,ssl,0
4750.390891,Czau6zHXKNSxCdyI6,10.0.2.15,58308,159.122.19.149,443,TLSv12,TLS_ECDHE_RSA_WITH_AES_128_GCM_SHA256,secp256r1,api.mixpanel.com,False,True,CsxknGIti,"['229a96c70c6d8b2936b27ac8653884f7e9fa2fcfe8f007b03aed4728877f4903', 'e6683e88315cd1cb403c0cea490f7c4b4c82c91cd485037489aadbaa90839f61']",[],1.0,0ffee3ba8e615ad22535e7f771690a28,ccc514751b175866924439bdbb5bba34,,,4746.870105,10.0.2.15,58308,159.122.19.149,443,tcp,11.494375000000218,350.0,3431.0,SF,True,False,0,ShADadFf,11,806,11,3875,ssl,0
4750.225211,CZPdb71BPwrwWRM5ne,10.0.2.15,58311,159.122.19.149,443,TLSv12,TLS_ECDHE_RSA_WITH_AES_128_GCM_SHA256,secp256r1,api.mixpanel.com,False,True,CsxknGIti,"['229a96c70c6d8b2936b27ac8653884f7e9fa2fcfe8f007b03aed4728877f4903', 'e6683e88315cd1cb403c0cea490f7c4b4c82c91cd485037489aadbaa90839f61']",[],1.0,0ffee3ba8e615ad22535e7f771690a28,ccc514751b175866924439bdbb5bba34,,,4746.871136,10.0.2.15,58311,159.122.19.149,443,tcp,11.818213000000467,350.0,3431.0,SF,True,False,0,ShADadFf,11,798,12,3915,ssl,0
4750.230183,CVeWs52O1YUy75mB3j,10.0.2.15,58306,172.217.23.230,443,TLSv12,TLS_ECDHE_RSA_WITH_AES_128_GCM_SHA256,x25519,4507429.fls.doubleclick.net,False,True,CsxknGIti,"['378a6c73f6dec1c6bc563fa8eda92c3e9ce61b893db7685686c41f33ab89931c', '9f630426df1d8abfd80ace98871ba833ab9742cb34838de2b5285ed54c0c7dcc', '3c35cc963eb004451323d3275d05b353235053490d9cd83729a2faf5e7ca1cc0']",[],1.0,0ffee3ba8e615ad22535e7f771690a28,ab41313cfec25328b20865eb1388e0a2,h2,,4746.862448,10.0.2.15,58306,172.217.23.230,443,tcp,10.45486400000027,508.0,4120.0,SF,True,False,0,ShADadFf,14,1084,15,4724,ssl,0
4754.793975,CjWvKN3tfVWP8lDtDd,10.0.2.15,58322,172.217.23.230,443,TLSv12,TLS_ECDHE_RSA_WITH_AES_128_GCM_SHA256,x25519,4272175.fls.doubleclick.net,False,True,CsxknGIti,"['378a6c73f6dec1c6bc563fa8eda92c3e9ce61b893db7685686c41f33ab89931c', '9f630426df1d8abfd80ace98871ba833ab9742cb34838de2b5285ed54c0c7dcc', '3c35cc963eb004451323d3275d05b353235053490d9cd83729a2faf5e7ca1cc0']",[],1.0,0ffee3ba8e615ad22535e7f771690a28,ab41313cfec25328b20865eb1388e0a2,h2,,4754.493967,10.0.2.15,58322,172.217.23.230,443,tcp,4.004563999999846,508.0,4120.0,SF,True,False,0,ShADadFf,11,956,14,4684,ssl,0
4754.795676,CdPwkniNeI5Yf77he,10.0.2.15,58321,172.217.23.230,443,TLSv12,TLS_ECDHE_RSA_WITH_AES_128_GCM_SHA256,x25519,4272175.fls.doubleclick.net,False,True,CsxknGIti,"['378a6c73f6dec1c6bc563fa8eda92c3e9ce61b893db7685686c41f33ab89931c', '9f630426df1d8abfd80ace98871ba833ab9742cb34838de2b5285ed54c0c7dcc', '3c35cc963eb004451323d3275d05b353235053490d9cd83729a2faf5e7ca1cc0']",[],1.0,0ffee3ba8e615ad22535e7f771690a28,ab41313cfec25328b20865eb1388e0a2,h2,,4754.493324,10.0.2.15,58321,172.217.23.230,443,tcp,3.991643999999723,508.0,4120.0,SF,True,False,0,ShADadFf,11,956,12,4604,ssl,0
4754.798074,CSPOm03rbyhKb109b7,10.0.2.15,58320,172.217.23.230,443,TLSv12,TLS_ECDHE_RSA_WITH_AES_128_GCM_SHA256,x25519,4272175.fls.doubleclick.net,False,True,CsxknGIti,"['378a6c73f6dec1c6bc563fa8eda92c3e9ce61b893db7685686c41f33ab89931c', '9f630426df1d8abfd80ace98871ba833ab9742cb34838de2b5285ed54c0c7dcc', '3c35cc963eb004451323d3275d05b353235053490d9cd83729a2faf5e7ca1cc0']",[],1.0,0ffee3ba8e615ad22535e7f771690a28,ab41313cfec25328b20865eb1388e0a2,h2,,4754.490942,10.0.2.15,58320,172.217.23.230,443,tcp,3.981261999999333,508.0,4120.0,SF,True,False,0,ShADadFf,12,996,14,4684,ssl,0
4754.799152,CD57ez3Qpr9p4JHYlc,10.0.2.15,58319,172.217.23.230,443,TLSv12,TLS_ECDHE_RSA_WITH_AES_128_GCM_SHA256,x25519,4507429.fls.doubleclick.net,False,True,CsxknGIti,"['378a6c73f6dec1c6bc563fa8eda92c3e9ce61b893db7685686c41f33ab89931c', '9f630426df1d8abfd80ace98871ba833ab9742cb34838de2b5285ed54c0c7dcc', '3c35cc963eb004451323d3275d05b353235053490d9cd83729a2faf5e7ca1cc0']",[],1.0,0ffee3ba8e615ad22535e7f771690a28,ab41313cfec25328b20865eb1388e0a2,h2,,4754.490013,10.0.2.15,58319,172.217.23.230,443,tcp,3.97673400000076,508.0,4120.0,SF,True,False,0,ShADadFf,11,956,12,4604,ssl,0
4745.711645,Cznxqy33VwpktTMHM2,10.0.2.15,58292,34.199.74.239,443,TLSv12,TLS_ECDHE_RSA_WITH_AES_128_GCM_SHA256,secp256r1,l.betrad.com,False,False,CsxknGI,"['684e0613784971f0e2ebbf5821ba0f738c5d4a8937210a129517d3571063d308', '973a41276ffd01e027a2aad49e34c37846d3e976ff6a620b6712e33832041aa6', '3a2fbe92891e57fe05d57087f48e730f17e5a5f53ef403d618e5b74d7a7e6ecb', 'c3846bf24b9e93ca64274c0ec67c1ecc5e024ffcacd2d74019350e81fe546ae4']",[],1.0,0ffee3ba8e615ad22535e7f771690a28,8d2a028aa94425f76ced7826b1f39039,h2,,4739.820695,10.0.2.15,58292,34.199.74.239,443,tcp,12.072932999999466,315.0,5194.0,SF,True,False,0,ShADadfF,10,731,9,5558,ssl,0
4756.161724,CX1kT9abVU3wJKxOb,10.0.2.15,58315,172.217.23.230,443,TLSv12,TLS_ECDHE_RSA_WITH_AES_128_GCM_SHA256,x25519,4272175.fls.doubleclick.net,False,True,CsxknGIti,"['378a6c73f6dec1c6bc563fa8eda92c3e9ce61b893db7685686c41f33ab89931c', '9f630426df1d8abfd80ace98871ba833ab9742cb34838de2b5285ed54c0c7dcc', '3c35cc963eb004451323d3275d05b353235053490d9cd83729a2faf5e7ca1cc0']",[],1.0,0ffee3ba8e615ad22535e7f771690a28,ab41313cfec25328b20865eb1388e0a2,h2,,4755.995305,10.0.2.15,58315,172.217.23.230,443,tcp,3.413589999999203,508.0,4120.0,SF,True,False,0,ShADadFf,11,956,14,4684,ssl,0
4761.295243,CK6Y1s4zLedZoksBs1,10.0.2.15,56517,52.58.158.88,443,TLSv12,TLS_ECDHE_RSA_WITH_AES_128_GCM_SHA256,,nexus.ensighten.com,True,True,CsiI,,,,1a5fe5677b0e4fbbc854e8908225637d,c6227321ea7621862dc7b7351771a62c,,,4760.842727,10.0.2.15,56517,52.58.158.88,443,tcp,6.579673000000184,599.0,141.0,SF,True,False,0,ShADadFf,7,887,7,425,ssl,0
4761.293582,CbORjw3J8iXKORn87f,10.0.2.15,56519,52.58.158.88,443,TLSv12,TLS_ECDHE_RSA_WITH_AES_128_GCM_SHA256,secp256r1,nexus.ensighten.com,False,True,CsxuknGIti,"['5fb5994638f535624889e2aa6260f51577963498d17ec00206936fa84169d21f', 'e0898ad662474b9f753c79bea878031c9a5d634a49edd6310b960ab023c02c0e']",[],1.0,1a5fe5677b0e4fbbc854e8908225637d,0c0aff9ccea5e7e1de5c3a0069d103f3,,,4760.852841,10.0.2.15,56519,52.58.158.88,443,tcp,18.887934000000318,1039.0,6152.0,SF,True,False,0,ShADadTfF,13,1568,14,6716,ssl,0
4761.294373,CGOSeHWXsqDGLsAe9,10.0.2.15,56518,52.58.158.88,443,TLSv12,TLS_ECDHE_RSA_WITH_AES_128_GCM_SHA256,secp256r1,nexus.ensighten.com,False,True,CsxuknGIti,"['5fb5994638f535624889e2aa6260f51577963498d17ec00206936fa84169d21f', 'e0898ad662474b9f753c79bea878031c9a5d634a49edd6310b960ab023c02c0e']",[],1.0,1a5fe5677b0e4fbbc854e8908225637d,0c0aff9ccea5e7e1de5c3a0069d103f3,,,4760.844108,10.0.2.15,56518,52.58.158.88,443,tcp,18.9208950000002,1039.0,6178.0,SF,True,False,0,ShADadTfF,13,1568,15,6782,ssl,0
4761.296104,COfkKF18lwoLionvlc,10.0.2.15,56516,52.58.158.88,443,TLSv12,TLS_ECDHE_RSA_WITH_AES_128_GCM_SHA256,secp256r1,nexus.ensighten.com,False,True,CsxuknGIti,"['5fb5994638f535624889e2aa6260f51577963498d17ec00206936fa84169d21f', 'e0898ad662474b9f753c79bea878031c9a5d634a49edd6310b960ab023c02c0e']",[],1.0,1a5fe5677b0e4fbbc854e8908225637d,0c0aff9ccea5e7e1de5c3a0069d103f3,,,4760.837931,10.0.2.15,56516,52.58.158.88,443,tcp,6.765371999999843,674.0,5022.0,SF,True,False,0,ShADadFf,10,1082,13,5546,ssl,0
4761.290698,CEZ7EvzJ2pxz7EFR3,10.0.2.15,56521,52.216.227.104,443,TLSv12,TLS_ECDHE_RSA_WITH_AES_128_GCM_SHA256,secp256r1,gtrk.s3.amazonaws.com,False,True,CsxknGIi,"['659a3d7684850e6d664f5131f9f8765469b9c7017b7a0e206f8c1c9445cb1c69', 'f9690880819f06cdcc0b2f224b207f2af6003fb57339b8679a160fa95208d62d']",[],1.0,0ffee3ba8e615ad22535e7f771690a28,ea615e28cb25adfb2f261151eab3314f,,,4760.857259,10.0.2.15,56521,52.216.227.104,443,tcp,12.812285999999403,637.0,3485.0,SF,True,False,0,ShADadFf,11,1085,13,4009,ssl,0
4761.297374,C2XOb14wJaFruqbekh,10.0.2.15,56515,52.58.158.88,443,TLSv12,TLS_ECDHE_RSA_WITH_AES_128_GCM_SHA256,secp256r1,nexus.ensighten.com,False,True,CsxuknGIti,"['5fb5994638f535624889e2aa6260f51577963498d17ec00206936fa84169d21f', 'e0898ad662474b9f753c79bea878031c9a5d634a49edd6310b960ab023c02c0e']",[],1.0,1a5fe5677b0e4fbbc854e8908225637d,0c0aff9ccea5e7e1de5c3a0069d103f3,,,4760.836591,10.0.2.15,56515,52.58.158.88,443,tcp,6.791893999999957,674.0,5022.0,SF,True,False,0,ShADadFf,11,1122,13,5546,ssl,0
4761.292565,CyB0tZksO8Zx4AfGa,10.0.2.15,56520,52.216.227.104,443,TLSv12,TLS_ECDHE_RSA_WITH_AES_128_GCM_SHA256,secp256r1,gtrk.s3.amazonaws.com,False,True,CsxknGIi,"['659a3d7684850e6d664f5131f9f8765469b9c7017b7a0e206f8c1c9445cb1c69', 'f9690880819f06cdcc0b2f224b207f2af6003fb57339b8679a160fa95208d62d']",[],1.0,0ffee3ba8e615ad22535e7f771690a28,ea615e28cb25adfb2f261151eab3314f,,,4760.85605,10.0.2.15,56520,52.216.227.104,443,tcp,12.822002999999311,637.0,3485.0,SF,True,False,0,ShADadFf,11,1085,13,4009,ssl,0
4761.297985,C0MdgE3Yrslkf3UU7l,10.0.2.15,56514,188.125.66.33,443,TLSv12,TLS_ECDHE_RSA_WITH_AES_128_GCM_SHA256,secp256r1,sp.analytics.yahoo.com,False,True,CsxknGIti,"['a42bd5146a3d4010979322f493ea1cf3e1ba9033d64ae699935e6a6ad96bd3c4', '19400be5b7a31fb733917700789d2f0a2471c0c9d506c0e504c06c16d7cb17c0']",[],1.0,1a5fe5677b0e4fbbc854e8908225637d,b898351eb5e266aefd3723d466935494,http/1.1,,4760.830812,10.0.2.15,56514,188.125.66.33,443,tcp,65.05695000000014,1059.0,4475.0,SF,True,False,0,ShADadTFf,17,1753,19,5239,ssl,0
4761.298947,C9eJfm3ogJRarR8c63,10.0.2.15,56513,188.125.66.33,443,TLSv12,TLS_ECDHE_RSA_WITH_AES_128_GCM_SHA256,secp256r1,sp.analytics.yahoo.com,False,True,CsxknGIti,"['a42bd5146a3d4010979322f493ea1cf3e1ba9033d64ae699935e6a6ad96bd3c4', '19400be5b7a31fb733917700789d2f0a2471c0c9d506c0e504c06c16d7cb17c0']",[],1.0,1a5fe5677b0e4fbbc854e8908225637d,b898351eb5e266aefd3723d466935494,http/1.1,,4760.828984,10.0.2.15,56513,188.125.66.33,443,tcp,6.782819000000018,674.0,4033.0,RSTO,True,False,0,ShADadFR,10,1082,11,4477,ssl,0
4762.027595,Cjr5Fw18IUUYQHDKCi,10.0.2.15,56522,185.34.188.219,443,TLSv12,TLS_ECDHE_RSA_WITH_AES_256_GCM_SHA384,secp256r1,smetrics.delta.com,False,True,CsxknGIi,"['3347ca4cd3e1510872dd3baacd7b21abd00df40fc030e6138a966a5236f16361', 'eae72eb454bf6c3977ebd289e970b2f5282949190093d0d26f98d0f0d6a9cf17']",[],1.0,0ffee3ba8e615ad22535e7f771690a28,959bfcf87532cbff1253e80a4ee81308,,,4761.281667,10.0.2.15,56522,185.34.188.219,443,tcp,23.56439299999965,1958.0,4394.0,SF,True,False,0,ShADadTFf,14,2527,14,4958,ssl,0
4762.349859,CGqBIu2x92wdBUAcmi,10.0.2.15,56526,52.0.104.65,443,TLSv12,TLS_ECDHE_RSA_WITH_AES_128_GCM_SHA256,secp256r1,threads.tapestrykpi.com,False,True,CsxknGIi,['743b57c05252f162360c8dc19cb211e064169f2abd0ec5294ee45333b784f1bb'],[],1.0,0ffee3ba8e615ad22535e7f771690a28,303951d4c50efb2e991652225a6f02b1,,,4761.285184,10.0.2.15,56526,52.0.104.65,443,tcp,70.67826100000002,653.0,14340.0,SF,True,False,0,ShADadTFf,22,1546,30,15544,ssl,0
4762.350933,CGoqQY1TlCtQzvvSR7,10.0.2.15,56524,184.73.199.81,443,TLSv12,TLS_ECDHE_RSA_WITH_AES_128_GCM_SHA256,secp256r1,rtd.tubemogul.com,False,True,CsxknGIti,"['6d3663a75e2c0fe8f3fca9306a41dfdf189af006cc883d25fe8ca4f3548ce81a', '2c27bee478d887a2de99c81ee56a2d06ebc9d358e74a4e158e9e8823cd53e16f', '154c433c491929c5ef686e838e323664a00e6a0d822ccc958fb4dab03e49a08f']",[],1.0,0ffee3ba8e615ad22535e7f771690a28,389ed42c02ebecc32e73aa31def07e14,,,4761.283535,10.0.2.15,56524,184.73.199.81,443,tcp,19.985474000000067,682.0,5173.0,SF,True,False,0,ShADadTfF,12,1171,14,5737,ssl,0
4763.301924,Cdvdhi4sm554G40CO6,10.0.2.15,56530,185.34.188.219,443,TLSv12,TLS_ECDHE_RSA_WITH_AES_256_GCM_SHA384,secp256r1,smetrics.delta.com,False,True,CsxknGIi,"['3347ca4cd3e1510872dd3baacd7b21abd00df40fc030e6138a966a5236f16361', 'eae72eb454bf6c3977ebd289e970b2f5282949190093d0d26f98d0f0d6a9cf17']",[],1.0,0ffee3ba8e615ad22535e7f771690a28,959bfcf87532cbff1253e80a4ee81308,,,4761.629708,10.0.2.15,56530,185.34.188.219,443,tcp,7.708912999999484,352.0,3145.0,SF,True,False,0,ShADadFf,10,760,11,3589,ssl,0
4763.303383,CUmvVs2P252GIzWCnf,10.0.2.15,56529,13.107.21.200,443,TLSv12,TLS_ECDHE_RSA_WITH_AES_256_CBC_SHA,secp384r1,bat.bing.com,False,True,CsxuknGIi,"['80c4440580dbd55b228f41e6c88a51ecdbb998b5d32d12acd31ce25518d37128', '2399983e99703ebd01cea466c10799810c4ba62a8d61b88170a334dcd61bb20f']",[],1.0,0ffee3ba8e615ad22535e7f771690a28,4fd467dd264720762ffe286277c00f57,,,4761.628427,10.0.2.15,56529,13.107.21.200,443,tcp,65.48608800000056,925.0,7285.0,SF,True,False,0,ShADadTfF,19,1699,23,8209,ssl,0
4762.033582,C3itjS30FbIvW2PZKc,10.0.2.15,56525,109.200.201.58,443,TLSv12,TLS_ECDHE_RSA_WITH_AES_256_CBC_SHA,secp521r1,invitation.opinionbar.com,False,True,CsxuknGIi,"['9b5597fe3d76871806bd4d7ae52794c7a5127eb507ec27af175601ea54fb7975', '19400be5b7a31fb733917700789d2f0a2471c0c9d506c0e504c06c16d7cb17c0']",[],1.0,0ffee3ba8e615ad22535e7f771690a28,4fd467dd264720762ffe286277c00f57,,,4761.284391,10.0.2.15,56525,109.200.201.58,443,tcp,128.33022400000027,1171.0,16089.0,SF,True,False,0,ShADadTTFf,33,2511,42,17773,ssl,0
4762.348265,CW4wau1W27MTAPTun6,10.0.2.15,56527,157.240.2.25,443,TLSv12,TLS_ECDHE_ECDSA_WITH_AES_128_GCM_SHA256,secp256r1,connect.facebook.net,False,True,CsxknGIti,"['152151b387412a95ab90fd4664f2d98880408e9e43913124e4c91226a483386b', '19400be5b7a31fb733917700789d2f0a2471c0c9d506c0e504c06c16d7cb17c0']",[],1.0,0ffee3ba8e615ad22535e7f771690a28,2d1eb5817ece335c24904f516ad5da12,h2,,4761.285939,10.0.2.15,56527,157.240.2.25,443,tcp,332.75825799999984,1504.0,78087.0,RSTR,True,False,0,ShADadRr,44,3272,88,81611,ssl,0
4762.351786,Cy1fuZ3oFBInb4amai,10.0.2.15,56523,52.205.164.183,443,TLSv12,TLS_ECDHE_RSA_WITH_AES_128_GCM_SHA256,secp256r1,www.glancecdn.net,False,True,CsxknGIi,"['14abb4f054daff18dc80fc0c7117d2dac7d8dc47ddc0a266c89d3ad3115c72b1', '154c433c491929c5ef686e838e323664a00e6a0d822ccc958fb4dab03e49a08f', '4348a0e9444c78cb265e058d5e8944b4d84f9662bd26db257f8934a443c70161']",[],1.0,0ffee3ba8e615ad22535e7f771690a28,303951d4c50efb2e991652225a6f02b1,,,4761.282601,10.0.2.15,56523,52.205.164.183,443,tcp,69.22845400000006,662.0,4612.0,SF,True,False,0,ShADadTFf,18,1396,18,5336,ssl,0
4763.297447,CvVf4z22xmhBWmgUE7,10.0.2.15,56534,52.0.104.65,443,TLSv12,TLS_ECDHE_RSA_WITH_AES_128_GCM_SHA256,secp256r1,threads.tapestrykpi.com,False,True,CsxknGIi,['743b57c05252f162360c8dc19cb211e064169f2abd0ec5294ee45333b784f1bb'],[],1.0,0ffee3ba8e615ad22535e7f771690a28,303951d4c50efb2e991652225a6f02b1,,,4761.635923,10.0.2.15,56534,52.0.104.65,443,tcp,10.382010000000264,357.0,1867.0,RSTO,True,False,0,ShADadFR,9,725,9,2231,ssl,0
4763.300082,C7Wvw449HDFM37aQAk,10.0.2.15,56532,184.73.199.81,443,TLSv12,TLS_ECDHE_RSA_WITH_AES_128_GCM_SHA256,secp256r1,rtd.tubemogul.com,False,True,CsxknGIti,"['6d3663a75e2c0fe8f3fca9306a41dfdf189af006cc883d25fe8ca4f3548ce81a', '2c27bee478d887a2de99c81ee56a2d06ebc9d358e74a4e158e9e8823cd53e16f', '154c433c491929c5ef686e838e323664a00e6a0d822ccc958fb4dab03e49a08f']",[],1.0,0ffee3ba8e615ad22535e7f771690a28,389ed42c02ebecc32e73aa31def07e14,,,4761.631803,10.0.2.15,56532,184.73.199.81,443,tcp,10.748039000000064,351.0,4807.0,RSTO,True,False,0,ShADadFR,11,799,11,5251,ssl,0
4764.104941,Ck7Wy92axlCPOy7ij2,10.0.2.15,56537,13.107.21.200,443,TLSv12,TLS_ECDHE_RSA_WITH_AES_256_CBC_SHA,secp384r1,bat.bing.com,False,True,CsxuknGIi,"['80c4440580dbd55b228f41e6c88a51ecdbb998b5d32d12acd31ce25518d37128', '2399983e99703ebd01cea466c10799810c4ba62a8d61b88170a334dcd61bb20f']",[],1.0,0ffee3ba8e615ad22535e7f771690a28,4fd467dd264720762ffe286277c00f57,,,4761.883647,10.0.2.15,56537,13.107.21.200,443,tcp,10.457871999999952,424.0,6880.0,SF,True,False,0,ShADadFf,10,832,12,7364,ssl,0
4763.301021,CRCfLvq12z07sOzi6,10.0.2.15,56531,52.205.164.183,443,TLSv12,TLS_ECDHE_RSA_WITH_AES_128_GCM_SHA256,secp256r1,www.glancecdn.net,False,True,CsxknGIi,"['14abb4f054daff18dc80fc0c7117d2dac7d8dc47ddc0a266c89d3ad3115c72b1', '154c433c491929c5ef686e838e323664a00e6a0d822ccc958fb4dab03e49a08f', '4348a0e9444c78cb265e058d5e8944b4d84f9662bd26db257f8934a443c70161']",[],1.0,0ffee3ba8e615ad22535e7f771690a28,303951d4c50efb2e991652225a6f02b1,,,4761.630631,10.0.2.15,56531,52.205.164.183,443,tcp,10.021450999999615,351.0,4001.0,RSTO,True,False,0,ShADadFR,10,759,10,4405,ssl,0
4763.299474,CvAisW2PWTwVWeNr22,10.0.2.15,56533,109.200.201.58,443,TLSv12,TLS_ECDHE_RSA_WITH_AES_256_CBC_SHA,secp521r1,invitation.opinionbar.com,False,True,CsxuknGIi,"['9b5597fe3d76871806bd4d7ae52794c7a5127eb507ec27af175601ea54fb7975', '19400be5b7a31fb733917700789d2f0a2471c0c9d506c0e504c06c16d7cb17c0']",[],1.0,0ffee3ba8e615ad22535e7f771690a28,4fd467dd264720762ffe286277c00f57,,,4761.633309,10.0.2.15,56533,109.200.201.58,443,tcp,10.722091999999977,473.0,3695.0,SF,True,False,0,ShADadFf,11,921,11,4139,ssl,0
4763.295483,CvnTuc3xiRcWI2RIFa,10.0.2.15,56535,157.240.2.25,443,TLSv12,TLS_ECDHE_ECDSA_WITH_AES_128_GCM_SHA256,secp256r1,connect.facebook.net,False,True,CsxknGIti,"['152151b387412a95ab90fd4664f2d98880408e9e43913124e4c91226a483386b', '19400be5b7a31fb733917700789d2f0a2471c0c9d506c0e504c06c16d7cb17c0']",[],1.0,0ffee3ba8e615ad22535e7f771690a28,2d1eb5817ece335c24904f516ad5da12,h2,,4761.637856,10.0.2.15,56535,157.240.2.25,443,tcp,7.078778999999486,563.0,3941.0,RSTR,True,False,0,ShADadRr,13,1091,15,4545,ssl,0
4765.663484,CgNouT3eM2iSacEAF6,10.0.2.15,56541,185.34.188.219,443,TLSv12,TLS_ECDHE_RSA_WITH_AES_256_GCM_SHA384,secp256r1,smetrics.delta.com,False,True,CsxknGIi,"['3347ca4cd3e1510872dd3baacd7b21abd00df40fc030e6138a966a5236f16361', 'eae72eb454bf6c3977ebd289e970b2f5282949190093d0d26f98d0f0d6a9cf17']",[],1.0,0ffee3ba8e615ad22535e7f771690a28,959bfcf87532cbff1253e80a4ee81308,,,4764.782292,10.0.2.15,56541,185.34.188.219,443,tcp,23.39276700000028,3191.0,4799.0,SF,True,False,0,ShADadTFf,16,3840,17,5483,ssl,0
4767.467189,CB2M4HlwJk5ndiGJ7,10.0.2.15,56545,185.34.188.219,443,TLSv12,TLS_ECDHE_RSA_WITH_AES_256_GCM_SHA384,,smetrics.delta.com,True,True,CsiI,,,,0ffee3ba8e615ad22535e7f771690a28,959bfcf87532cbff1253e80a4ee81308,,,4766.819689,10.0.2.15,56545,185.34.188.219,443,tcp,21.37113700000009,2029.0,809.0,SF,True,False,0,ShADadTFf,12,2518,12,1293,ssl,0
4768.51528,CIu8iT3Ih6t4sgSm7,10.0.2.15,56548,151.101.112.222,443,TLSv12,TLS_ECDHE_RSA_WITH_AES_128_GCM_SHA256,secp256r1,gateway.answerscloud.com,False,True,CsxuknGIti,"['bc188825b3eb5f35ceda01a2d9259b4194035f2f53bdefd7f49be68c32851bcb', '19400be5b7a31fb733917700789d2f0a2471c0c9d506c0e504c06c16d7cb17c0']",[],1.0,0ffee3ba8e615ad22535e7f771690a28,860fcf58fd757e26aa8911e5eaff6b53,http/1.1,,4767.490584,10.0.2.15,56548,151.101.112.222,443,tcp,130.25790899999993,1045.0,37861.0,SF,True,False,0,ShADadTTFRfr,38,2584,61,40305,ssl,0
4768.698457,CaebYy4OVjFyHR0B7c,10.0.2.15,56549,54.229.75.228,443,TLSv12,TLS_ECDHE_RSA_WITH_AES_128_GCM_SHA256,secp256r1,aexp.demdex.net,False,True,CsxknGIi,"['ab8f7b89fa3e472463832f1b07660350a24ba646789dce6dd09107fab1d86a12', '19400be5b7a31fb733917700789d2f0a2471c0c9d506c0e504c06c16d7cb17c0']",[],1.0,0ffee3ba8e615ad22535e7f771690a28,303951d4c50efb2e991652225a6f02b1,,,4767.491265,10.0.2.15,56549,54.229.75.228,443,tcp,66.17684499999996,2189.0,3940.0,SF,True,False,0,ShADadTFf,17,2882,20,4744,ssl,0
4771.802806,ClRZA62NV69mGux5Jg,10.0.2.15,56556,172.217.23.228,443,TLSv12,TLS_ECDHE_RSA_WITH_AES_128_GCM_SHA256,,www.google.com,True,True,CsiI,,,,1a5fe5677b0e4fbbc854e8908225637d,67619a80665d7ab92d1041b1d11f9164,h2,,4770.607338,10.0.2.15,56556,172.217.23.228,443,tcp,515.6573429999999,8182.0,193422.0,SF,True,False,0,ShADadFf,165,14790,313,205946,ssl,0
4772.807192,CfU3XOk6mRdOHF7gh,10.0.2.15,56560,172.217.23.228,443,TLSv12,TLS_ECDHE_RSA_WITH_AES_128_GCM_SHA256,,www.google.com,True,True,CsiI,,,,1a5fe5677b0e4fbbc854e8908225637d,67619a80665d7ab92d1041b1d11f9164,h2,,4771.343663,10.0.2.15,56560,172.217.23.228,443,tcp,4.044951000000765,808.0,254.0,RSTR,True,False,0,ShADadFRr,10,1216,11,698,ssl,0
4768.711803,CUGlkj1refZahwei0k,10.0.2.15,56547,54.229.75.228,443,TLSv12,TLS_ECDHE_RSA_WITH_AES_128_GCM_SHA256,secp256r1,aexp.demdex.net,False,True,CsxknGIi,"['ab8f7b89fa3e472463832f1b07660350a24ba646789dce6dd09107fab1d86a12', '19400be5b7a31fb733917700789d2f0a2471c0c9d506c0e504c06c16d7cb17c0']",[],1.0,0ffee3ba8e615ad22535e7f771690a28,303951d4c50efb2e991652225a6f02b1,,,4767.485783,10.0.2.15,56547,54.229.75.228,443,tcp,8.862975000000006,349.0,3143.0,SF,True,False,0,ShADadFfRr,11,797,12,3627,ssl,0
4772.14835,CG45E32xhUFnn1blf1,10.0.2.15,56557,31.13.65.36,443,TLSv12,TLS_ECDHE_ECDSA_WITH_AES_128_GCM_SHA256,secp256r1,www.facebook.com,False,True,CsxknGIti,"['152151b387412a95ab90fd4664f2d98880408e9e43913124e4c91226a483386b', '19400be5b7a31fb733917700789d2f0a2471c0c9d506c0e504c06c16d7cb17c0']",[],1.0,0ffee3ba8e615ad22535e7f771690a28,2d1eb5817ece335c24904f516ad5da12,h2,,4770.607876,10.0.2.15,56557,31.13.65.36,443,tcp,341.17943600000035,4005.0,8085.0,SF,True,False,0,ShADadfF,43,5733,55,10289,ssl,0
4772.764809,C3Ehei17spukLO9Rll,10.0.2.15,56559,52.216.65.99,443,TLSv12,TLS_ECDHE_RSA_WITH_AES_128_GCM_SHA256,secp256r1,s3.amazonaws.com,False,True,CsxknGIi,"['6be2c04e442c0aa126e2e374c248fc093077df1a3810867decdfea113add4357', 'f9690880819f06cdcc0b2f224b207f2af6003fb57339b8679a160fa95208d62d']",[],1.0,0ffee3ba8e615ad22535e7f771690a28,ea615e28cb25adfb2f261151eab3314f,,,4770.970835,10.0.2.15,56559,52.216.65.99,443,tcp,8.238225000000057,350.0,3177.0,RSTO,True,False,0,ShADadFR,10,758,12,3661,ssl,0
4773.401282,CgcKs92xO7DCApzd9k,10.0.2.15,56561,31.13.65.36,443,TLSv12,TLS_ECDHE_ECDSA_WITH_AES_128_GCM_SHA256,secp256r1,www.facebook.com,False,True,CsxknGIti,"['152151b387412a95ab90fd4664f2d98880408e9e43913124e4c91226a483386b', '19400be5b7a31fb733917700789d2f0a2471c0c9d506c0e504c06c16d7cb17c0']",[],1.0,0ffee3ba8e615ad22535e7f771690a28,2d1eb5817ece335c24904f516ad5da12,h2,,4771.344161,10.0.2.15,56561,31.13.65.36,443,tcp,5.70253700000012,591.0,3865.0,RSTO,True,False,0,ShADadFR,11,1039,13,4389,ssl,0
4773.405058,C21i2qElHxQPTrrye,10.0.2.15,56562,52.216.65.99,443,TLSv12,TLS_ECDHE_RSA_WITH_AES_128_GCM_SHA256,secp256r1,s3.amazonaws.com,False,True,CsxknGIi,"['6be2c04e442c0aa126e2e374c248fc093077df1a3810867decdfea113add4357', 'f9690880819f06cdcc0b2f224b207f2af6003fb57339b8679a160fa95208d62d']",[],1.0,0ffee3ba8e615ad22535e7f771690a28,ea615e28cb25adfb2f261151eab3314f,,,4771.807786,10.0.2.15,56562,52.216.65.99,443,tcp,8.961240999999973,350.0,3177.0,SF,True,False,0,ShADadFRfr,11,798,16,3821,ssl,0
4769.313322,CIOMoq1P4z2YTmmlrl,10.0.2.15,56555,37.252.161.156,443,TLSv12,TLS_ECDHE_RSA_WITH_AES_256_GCM_SHA384,secp256r1,gtag.yieldoptimizer.com,False,True,CsxknGIi,"['16e9c75c85e595075eb26ad087cdee92d945a68e898c7c9e986702ee66cd8b17', '973a41276ffd01e027a2aad49e34c37846d3e976ff6a620b6712e33832041aa6', '3a2fbe92891e57fe05d57087f48e730f17e5a5f53ef403d618e5b74d7a7e6ecb', 'c3846bf24b9e93ca64274c0ec67c1ecc5e024ffcacd2d74019350e81fe546ae4']",[],1.0,0ffee3ba8e615ad22535e7f771690a28,28ef90cc3d9d08c96a8a2cb6f365a79e,,,4768.895706,10.0.2.15,56555,37.252.161.156,443,tcp,133.15733399999954,1235.0,5892.0,SF,True,False,0,ShADadTTFf,26,2295,27,6976,ssl,0
4772.757672,CJu6Wy3HVJxxrGMSAb,10.0.2.15,56558,52.216.65.99,443,TLSv12,TLS_ECDHE_RSA_WITH_AES_128_GCM_SHA256,secp256r1,s3.amazonaws.com,False,True,CsxknGIi,"['6be2c04e442c0aa126e2e374c248fc093077df1a3810867decdfea113add4357', 'f9690880819f06cdcc0b2f224b207f2af6003fb57339b8679a160fa95208d62d']",[],1.0,0ffee3ba8e615ad22535e7f771690a28,ea615e28cb25adfb2f261151eab3314f,,,4770.969402,10.0.2.15,56558,52.216.65.99,443,tcp,14.760525000000598,660.0,10793.0,SF,True,False,0,ShADadFf,15,1268,23,11717,ssl,0
4776.326206,CojVYh24RLInJM1GSl,10.0.2.15,56566,151.101.112.222,443,TLSv12,TLS_ECDHE_RSA_WITH_AES_128_GCM_SHA256,,gateway.answerscloud.com,True,True,CsiI,,,,1a5fe5677b0e4fbbc854e8908225637d,1d0e57c6ae42e9204defa51e5e1cdc4c,http/1.1,,4775.010457,10.0.2.15,56566,151.101.112.222,443,tcp,129.05064199999924,924.0,6650.0,SF,True,False,0,ShADadTTFfRr,24,1904,27,7734,ssl,0
4776.330514,Clmsco2n04gBgJTkZk,10.0.2.15,56565,151.101.112.222,443,TLSv12,TLS_ECDHE_RSA_WITH_AES_128_GCM_SHA256,,gateway.answerscloud.com,True,True,CsiI,,,,1a5fe5677b0e4fbbc854e8908225637d,1d0e57c6ae42e9204defa51e5e1cdc4c,http/1.1,,4775.009692,10.0.2.15,56565,151.101.112.222,443,tcp,135.2375230000007,2769.0,64158.0,RSTO,True,False,0,ShADadTTFR,52,4869,85,67562,ssl,0
4776.331491,C0Pi8140SZ35WpJhk,10.0.2.15,56569,151.101.112.222,443,TLSv12,TLS_ECDHE_RSA_WITH_AES_128_GCM_SHA256,,gateway.answerscloud.com,True,True,CsiI,,,,1a5fe5677b0e4fbbc854e8908225637d,1d0e57c6ae42e9204defa51e5e1cdc4c,http/1.1,,4775.022629,10.0.2.15,56569,151.101.112.222,443,tcp,129.0537549999999,925.0,9783.0,SF,True,False,0,ShADadTTFfRr,25,1945,29,10947,ssl,0
4776.331676,CBd07N1B7XNe9D4Qr9,10.0.2.15,56568,151.101.112.222,443,TLSv12,TLS_ECDHE_RSA_WITH_AES_128_GCM_SHA256,,gateway.answerscloud.com,True,True,CsiI,,,,1a5fe5677b0e4fbbc854e8908225637d,1d0e57c6ae42e9204defa51e5e1cdc4c,http/1.1,,4775.018934,10.0.2.15,56568,151.101.112.222,443,tcp,8.158878000000186,599.0,191.0,RSTO,True,False,0,ShADadFR,7,887,7,475,ssl,0
4776.331698,COCryY1Ssidv5boEPd,10.0.2.15,56567,151.101.112.222,443,TLSv12,TLS_ECDHE_RSA_WITH_AES_128_GCM_SHA256,,gateway.answerscloud.com,True,True,CsiI,,,,1a5fe5677b0e4fbbc854e8908225637d,1d0e57c6ae42e9204defa51e5e1cdc4c,http/1.1,,4775.011431,10.0.2.15,56567,151.101.112.222,443,tcp,7.998185000000376,599.0,191.0,SF,True,False,0,ShADadFfRr,8,927,9,555,ssl,0
4776.672831,C9p1I91ctBasntcK2j,10.0.2.15,56571,151.101.112.222,443,TLSv12,TLS_ECDHE_RSA_WITH_AES_128_GCM_SHA256,,gateway.answerscloud.com,True,True,CsiI,,,,1a5fe5677b0e4fbbc854e8908225637d,1d0e57c6ae42e9204defa51e5e1cdc4c,http/1.1,,4775.610471,10.0.2.15,56571,151.101.112.222,443,tcp,7.437799000000268,599.0,191.0,SF,True,False,0,ShADadFRfr,8,927,9,555,ssl,0
4776.673349,CC1BoG2MYy6etbOV54,10.0.2.15,56570,151.101.112.222,443,TLSv12,TLS_ECDHE_RSA_WITH_AES_128_GCM_SHA256,,gateway.answerscloud.com,True,True,CsiI,,,,1a5fe5677b0e4fbbc854e8908225637d,1d0e57c6ae42e9204defa51e5e1cdc4c,http/1.1,,4775.609838,10.0.2.15,56570,151.101.112.222,443,tcp,7.395595999999386,599.0,191.0,RSTO,True,False,0,ShADadFR,7,887,7,475,ssl,0
4777.863379,CVAA2v1oF3qycfUMP1,10.0.2.15,56572,167.114.103.79,443,TLSv12,TLS_ECDHE_RSA_WITH_AES_256_CBC_SHA,secp256r1,capture.trackjs.com,False,True,CsxuknGIi,"['4e0ef818d70799f2c53717823a231d0c507d7203d80134fb1ddb52b26bcbe503', 'bc3f03a436240edba5f83714f6f677e34b37f9b1f0c08c1e558d981e279e8209']",[],1.0,0ffee3ba8e615ad22535e7f771690a28,4fd467dd264720762ffe286277c00f57,,,4776.661057,10.0.2.15,56572,167.114.103.79,443,tcp,8.855832000000191,399.0,4189.0,SF,True,False,0,ShADadFf,10,807,12,4673,ssl,0
4776.330859,CIq24P2nlrINVL3bod,10.0.2.15,56563,167.114.172.69,443,TLSv12,TLS_ECDHE_RSA_WITH_AES_256_CBC_SHA,secp256r1,capture.trackjs.com,False,True,CsxuknGIi,"['4e0ef818d70799f2c53717823a231d0c507d7203d80134fb1ddb52b26bcbe503', 'bc3f03a436240edba5f83714f6f677e34b37f9b1f0c08c1e558d981e279e8209']",[],1.0,0ffee3ba8e615ad22535e7f771690a28,4fd467dd264720762ffe286277c00f57,,,4774.942154,10.0.2.15,56563,167.114.172.69,443,tcp,129.20871999999963,4804.0,4530.0,SF,True,False,0,ShADadTTFf,26,5864,28,5654,ssl,0
4776.455931,CTbB032wVdKo3Ha0a3,10.0.2.15,56564,167.114.172.69,443,TLSv12,TLS_ECDHE_RSA_WITH_AES_256_CBC_SHA,secp256r1,capture.trackjs.com,False,True,CsxuknGIi,"['4e0ef818d70799f2c53717823a231d0c507d7203d80134fb1ddb52b26bcbe503', 'bc3f03a436240edba5f83714f6f677e34b37f9b1f0c08c1e558d981e279e8209']",[],1.0,0ffee3ba8e615ad22535e7f771690a28,4fd467dd264720762ffe286277c00f57,,,4774.942773,10.0.2.15,56564,167.114.172.69,443,tcp,7.982464000000618,399.0,4189.0,SF,True,False,0,ShADadFf,9,767,10,4593,ssl,0
4786.614584,CSiK5wuXfg7Flizw2,10.0.2.15,56587,52.205.35.52,443,TLSv12,TLS_ECDHE_RSA_WITH_AES_128_GCM_SHA256,secp256r1,delta.celebrus.com,False,True,CsxknGIi,"['01d13693dbc40e27307017938bec5c205dffd9da2156ea855d0aa14529bc7b0a', 'b7a8af2a4a43f0a86b15604de6461209c9cd76894d8b0748bc99d9a797013bb0', '8d722f81a9c113c0791df136a2966db26c950a971db46b4199f4ea54b78bfb9f']",[],1.0,0ffee3ba8e615ad22535e7f771690a28,303951d4c50efb2e991652225a6f02b1,,,4786.086913,10.0.2.15,56587,52.205.35.52,443,tcp,9.28549699999985,352.0,4324.0,SF,True,False,0,ShADadFRfr,11,800,12,4808,ssl,0
4786.558953,CrX8dD34HnoFxfnvV8,10.0.2.15,56585,52.205.35.52,443,TLSv12,TLS_ECDHE_RSA_WITH_AES_128_GCM_SHA256,secp256r1,delta.celebrus.com,False,True,CsxknGIi,"['01d13693dbc40e27307017938bec5c205dffd9da2156ea855d0aa14529bc7b0a', 'b7a8af2a4a43f0a86b15604de6461209c9cd76894d8b0748bc99d9a797013bb0', '8d722f81a9c113c0791df136a2966db26c950a971db46b4199f4ea54b78bfb9f']",[],1.0,0ffee3ba8e615ad22535e7f771690a28,303951d4c50efb2e991652225a6f02b1,,,4786.061884,10.0.2.15,56585,52.205.35.52,443,tcp,55.47362900000008,662.0,40151.0,RSTO,True,False,0,ShADadTFR,33,1993,55,42355,ssl,0
4786.557843,CsEB0m46WIMmi8f1Hl,10.0.2.15,56584,52.205.35.52,443,TLSv12,TLS_ECDHE_RSA_WITH_AES_128_GCM_SHA256,secp256r1,delta.celebrus.com,False,True,CsxknGIi,"['01d13693dbc40e27307017938bec5c205dffd9da2156ea855d0aa14529bc7b0a', 'b7a8af2a4a43f0a86b15604de6461209c9cd76894d8b0748bc99d9a797013bb0', '8d722f81a9c113c0791df136a2966db26c950a971db46b4199f4ea54b78bfb9f']",[],1.0,0ffee3ba8e615ad22535e7f771690a28,303951d4c50efb2e991652225a6f02b1,,,4786.057118,10.0.2.15,56584,52.205.35.52,443,tcp,74.71463200000017,2431.0,7944.0,SF,True,False,0,ShADadTfF,22,3325,25,8948,ssl,0
4786.58337,CLgB6kzllPd5NBFfj,10.0.2.15,56586,52.205.35.52,443,TLSv12,TLS_ECDHE_RSA_WITH_AES_128_GCM_SHA256,secp256r1,delta.celebrus.com,False,True,CsxknGIi,"['01d13693dbc40e27307017938bec5c205dffd9da2156ea855d0aa14529bc7b0a', 'b7a8af2a4a43f0a86b15604de6461209c9cd76894d8b0748bc99d9a797013bb0', '8d722f81a9c113c0791df136a2966db26c950a971db46b4199f4ea54b78bfb9f']",[],1.0,0ffee3ba8e615ad22535e7f771690a28,303951d4c50efb2e991652225a6f02b1,,,4786.084559,10.0.2.15,56586,52.205.35.52,443,tcp,9.287914999999884,352.0,4324.0,SF,True,False,0,ShADadFfRr,12,840,15,4928,ssl,0
4787.369524,CLV6pN3s6BU8rivd8e,10.0.2.15,56589,52.205.35.52,443,TLSv12,TLS_ECDHE_RSA_WITH_AES_128_GCM_SHA256,secp256r1,delta.celebrus.com,False,True,CsxknGIi,"['01d13693dbc40e27307017938bec5c205dffd9da2156ea855d0aa14529bc7b0a', 'b7a8af2a4a43f0a86b15604de6461209c9cd76894d8b0748bc99d9a797013bb0', '8d722f81a9c113c0791df136a2966db26c950a971db46b4199f4ea54b78bfb9f']",[],1.0,0ffee3ba8e615ad22535e7f771690a28,303951d4c50efb2e991652225a6f02b1,,,4786.356219,10.0.2.15,56589,52.205.35.52,443,tcp,11.156011000000037,352.0,4324.0,RSTO,True,False,0,ShADadFR,10,760,12,4808,ssl,0
4787.532972,CUhO3BSYnlulO2Xy8,10.0.2.15,56588,52.205.35.52,443,TLSv12,TLS_ECDHE_RSA_WITH_AES_128_GCM_SHA256,secp256r1,delta.celebrus.com,False,True,CsxknGIi,"['01d13693dbc40e27307017938bec5c205dffd9da2156ea855d0aa14529bc7b0a', 'b7a8af2a4a43f0a86b15604de6461209c9cd76894d8b0748bc99d9a797013bb0', '8d722f81a9c113c0791df136a2966db26c950a971db46b4199f4ea54b78bfb9f']",[],1.0,0ffee3ba8e615ad22535e7f771690a28,303951d4c50efb2e991652225a6f02b1,,,4786.355603,10.0.2.15,56588,52.205.35.52,443,tcp,11.256658999999672,352.0,4324.0,SF,True,False,0,ShADadFfRr,11,800,14,4888,ssl,0
4793.076266,CbzS4Y1X3C8wmgD6G9,10.0.2.15,56607,54.192.93.212,443,TLSv12,TLS_ECDHE_RSA_WITH_AES_128_GCM_SHA256,secp256r1,hds-api.hearst.io,False,True,CsxuknGIti,"['22fd3cb109926d592a67566d3dadc6917cfb91074b2f69f927b259dbb273bc6f', '154c433c491929c5ef686e838e323664a00e6a0d822ccc958fb4dab03e49a08f']",[],1.0,0ffee3ba8e615ad22535e7f771690a28,76cc3e2d3028143b23ec18e27dbd7ca9,http/1.1,,4791.191257,10.0.2.15,56607,54.192.93.212,443,tcp,128.00818999999956,654.0,5294.0,SF,True,False,0,ShADadTTfF,23,1593,25,6298,ssl,0
4793.077654,C7ClM51El1omGmKY59,10.0.2.15,56606,54.192.93.212,443,TLSv12,TLS_ECDHE_RSA_WITH_AES_128_GCM_SHA256,secp256r1,hds-api.hearst.io,False,True,CsxuknGIti,"['22fd3cb109926d592a67566d3dadc6917cfb91074b2f69f927b259dbb273bc6f', '154c433c491929c5ef686e838e323664a00e6a0d822ccc958fb4dab03e49a08f']",[],1.0,0ffee3ba8e615ad22535e7f771690a28,76cc3e2d3028143b23ec18e27dbd7ca9,http/1.1,,4791.190183,10.0.2.15,56606,54.192.93.212,443,tcp,15.77668200000062,351.0,3672.0,SF,True,False,0,ShADadFf,10,759,10,4076,ssl,0
4792.524704,COhR2H1MA73RRwTQi7,10.0.2.15,56600,31.13.65.1,443,TLSv12,TLS_ECDHE_ECDSA_WITH_AES_128_GCM_SHA256,secp256r1,an.facebook.com,False,True,CsxknGIti,"['152151b387412a95ab90fd4664f2d98880408e9e43913124e4c91226a483386b', '19400be5b7a31fb733917700789d2f0a2471c0c9d506c0e504c06c16d7cb17c0']",[],1.0,0ffee3ba8e615ad22535e7f771690a28,2d1eb5817ece335c24904f516ad5da12,h2,,4790.782611,10.0.2.15,56600,31.13.65.1,443,tcp,215.7995060000003,1197.0,5214.0,SF,True,False,0,ShADadFfRr,26,2245,28,6338,ssl,0
4793.961852,CDH9O324OXJiwZqBTe,10.0.2.15,56612,31.13.65.1,443,TLSv12,TLS_ECDHE_ECDSA_WITH_AES_128_GCM_SHA256,secp256r1,an.facebook.com,False,True,CsxknGIti,"['152151b387412a95ab90fd4664f2d98880408e9e43913124e4c91226a483386b', '19400be5b7a31fb733917700789d2f0a2471c0c9d506c0e504c06c16d7cb17c0']",[],1.0,0ffee3ba8e615ad22535e7f771690a28,2d1eb5817ece335c24904f516ad5da12,h2,,4791.216149,10.0.2.15,56612,31.13.65.1,443,tcp,23.70637799999986,558.0,3942.0,RSTR,True,False,0,ShADadFRr,13,1086,15,4546,ssl,0
4793.963857,CkwJlV1JaByozQX76a,10.0.2.15,56613,54.192.93.212,443,TLSv12,TLS_ECDHE_RSA_WITH_AES_128_GCM_SHA256,secp256r1,hds-api.hearst.io,False,True,CsxuknGIti,"['22fd3cb109926d592a67566d3dadc6917cfb91074b2f69f927b259dbb273bc6f', '154c433c491929c5ef686e838e323664a00e6a0d822ccc958fb4dab03e49a08f']",[],1.0,0ffee3ba8e615ad22535e7f771690a28,76cc3e2d3028143b23ec18e27dbd7ca9,http/1.1,,4791.622733,10.0.2.15,56613,54.192.93.212,443,tcp,15.081672999999682,320.0,3672.0,RSTO,True,False,0,ShADadFR,8,648,9,4036,ssl,0
4798.817722,CPlzeP2TUNhn9DzBdd,10.0.2.15,56627,54.192.93.124,443,TLSv12,TLS_ECDHE_RSA_WITH_AES_128_GCM_SHA256,,health.foresee.com,False,False,Cs,,,,0ffee3ba8e615ad22535e7f771690a28,76cc3e2d3028143b23ec18e27dbd7ca9,http/1.1,,4797.02323,10.0.2.15,56627,54.192.93.124,443,tcp,6.320276999999805,195.0,1460.0,RSTR,True,False,0,ShADaFdRr,6,443,6,1704,ssl,0
4793.959635,CdHwz42gyMY375wxci,10.0.2.15,56605,31.13.65.1,443,TLSv12,TLS_ECDHE_ECDSA_WITH_AES_128_GCM_SHA256,secp256r1,an.facebook.com,False,True,CsxknGIti,"['152151b387412a95ab90fd4664f2d98880408e9e43913124e4c91226a483386b', '19400be5b7a31fb733917700789d2f0a2471c0c9d506c0e504c06c16d7cb17c0']",[],1.0,0ffee3ba8e615ad22535e7f771690a28,2d1eb5817ece335c24904f516ad5da12,h2,,4790.789656,10.0.2.15,56605,31.13.65.1,443,tcp,20.175664000000324,527.0,3826.0,RSTR,True,False,0,ShADadFRr,11,975,12,4310,ssl,0
4800.115867,CLt9Ux2ohL2PYldBYa,10.0.2.15,56626,54.192.93.124,443,TLSv12,TLS_ECDHE_RSA_WITH_AES_128_GCM_SHA256,secp256r1,health.foresee.com,False,True,CsxuknGIti,"['82d3642e71fa898bf65f57cd3d4e24ce2050b81be4f1e96eb8d899a5cd435114', '19400be5b7a31fb733917700789d2f0a2471c0c9d506c0e504c06c16d7cb17c0']",[],1.0,0ffee3ba8e615ad22535e7f771690a28,76cc3e2d3028143b23ec18e27dbd7ca9,http/1.1,,4795.081726,10.0.2.15,56626,54.192.93.124,443,tcp,20.262429999999767,321.0,3747.0,RSTO,True,False,0,ShADadFR,10,737,10,4151,ssl,0
4820.425227,C3cIIB4LaUd5pClobb,10.0.2.15,56648,54.192.92.160,443,TLSv12,TLS_ECDHE_RSA_WITH_AES_128_GCM_SHA256,secp256r1,healthgrades.com,False,True,CsxknGIti,"['22c12c74769228232620be42b18272a2f2e61913519d8acdec1e68339a7af0ff', '403e062a2653059113285baf80a0d4ae422c848c9f78fad01fc94bc5b87fef1a']",[],1.0,0ffee3ba8e615ad22535e7f771690a28,b898351eb5e266aefd3723d466935494,h2,,4820.155597,10.0.2.15,56648,54.192.92.160,443,tcp,2.030225999999857,822.0,4338.0,SF,True,False,0,ShADadFf,14,1390,19,5102,ssl,0
4820.820517,CILX8shpetQhmFJtd,10.0.2.15,56649,54.192.92.160,443,TLSv12,TLS_ECDHE_RSA_WITH_AES_128_GCM_SHA256,secp256r1,healthgrades.com,False,True,CsxuknGIti,"['22c12c74769228232620be42b18272a2f2e61913519d8acdec1e68339a7af0ff', '403e062a2653059113285baf80a0d4ae422c848c9f78fad01fc94bc5b87fef1a']",[],1.0,0ffee3ba8e615ad22535e7f771690a28,76cc3e2d3028143b23ec18e27dbd7ca9,h2,,4820.159669,10.0.2.15,56649,54.192.92.160,443,tcp,343.19975800000066,8914.0,1216432.0,SF,True,False,0,ShADadFf,621,33762,1395,1272236,ssl,0
4822.400501,CXnjwDv4lsjESpZU9,10.0.2.15,56651,54.192.92.160,443,TLSv12,TLS_ECDHE_RSA_WITH_AES_128_GCM_SHA256,secp256r1,www.healthgrades.com,False,True,CsxuknGIti,"['22c12c74769228232620be42b18272a2f2e61913519d8acdec1e68339a7af0ff', '403e062a2653059113285baf80a0d4ae422c848c9f78fad01fc94bc5b87fef1a']",[],1.0,0ffee3ba8e615ad22535e7f771690a28,76cc3e2d3028143b23ec18e27dbd7ca9,h2,,4822.114162,10.0.2.15,56651,54.192.92.160,443,tcp,2.781356000000414,534.0,4529.0,RSTO,True,False,0,ShADadFR,10,942,13,5053,ssl,0
4824.560982,C5zzmY2ETVezby3YRd,10.0.2.15,56652,95.100.191.4,443,TLSv12,TLS_ECDHE_RSA_WITH_AES_256_GCM_SHA384,,sb.scorecardresearch.com,True,True,CsiI,,,,1a5fe5677b0e4fbbc854e8908225637d,410b9bedaf65dd26c6fe547154d60db4,http/1.1,,4823.622859,10.0.2.15,56652,95.100.191.4,443,tcp,259.8822709999995,3852.0,2504.0,RSTO,True,False,0,ShADadTTFR,40,5483,40,4108,ssl,0
4824.804538,CglOjc14DogmPR7lg8,10.0.2.15,56653,151.101.112.175,443,TLSv12,TLS_ECDHE_RSA_WITH_AES_128_GCM_SHA256,,cdn.krxd.net,True,True,CsiI,,,,1a5fe5677b0e4fbbc854e8908225637d,1d0e57c6ae42e9204defa51e5e1cdc4c,http/1.1,,4823.97591,10.0.2.15,56653,151.101.112.175,443,tcp,15.686993999999686,1838.0,9109.0,RSTO,True,False,0,ShADadFR,14,2406,16,9753,ssl,0
4825.275086,CosUae4Rcl4ADgtpq7,10.0.2.15,56654,151.101.112.175,443,TLSv12,TLS_ECDHE_RSA_WITH_AES_128_GCM_SHA256,,cdn.krxd.net,True,True,CsiI,,,,1a5fe5677b0e4fbbc854e8908225637d,1d0e57c6ae42e9204defa51e5e1cdc4c,http/1.1,,4824.639645,10.0.2.15,56654,151.101.112.175,443,tcp,6.062143000000105,599.0,191.0,SF,True,False,0,ShADadFfRr,8,927,9,555,ssl,0
4825.292847,CIhorIVWNWCV1bG97,10.0.2.15,56655,151.101.112.175,443,TLSv12,TLS_ECDHE_RSA_WITH_AES_128_GCM_SHA256,,cdn.krxd.net,True,True,CsiI,,,,1a5fe5677b0e4fbbc854e8908225637d,1d0e57c6ae42e9204defa51e5e1cdc4c,http/1.1,,4824.968732,10.0.2.15,56655,151.101.112.175,443,tcp,5.731011999999282,599.0,191.0,SF,True,False,0,ShADadFfRr,8,927,9,555,ssl,0
4826.565256,ClMXpE3qHcIGE6Nnf,10.0.2.15,56657,54.225.185.249,443,TLSv12,TLS_ECDHE_RSA_WITH_AES_128_GCM_SHA256,secp256r1,4056920322.log.optimizely.com,False,True,CsxknGIi,"['720a04382d93aa8932b95cc755b9fbaab1b6a01d85399736cf4d5a4607e41172', '19400be5b7a31fb733917700789d2f0a2471c0c9d506c0e504c06c16d7cb17c0', '7431e5f4c3c1ce4690774f0b61e05440883ba9a01ed00ba6abd7806ed3b118cf']",[],1.0,0ffee3ba8e615ad22535e7f771690a28,303951d4c50efb2e991652225a6f02b1,,,4825.368985,10.0.2.15,56657,54.225.185.249,443,tcp,14.524951000000328,1800.0,5239.0,RSTO,True,False,0,ShADadFR,13,2328,15,5843,ssl,0
4826.568215,CpIQLd1oq9G0IImPl9,10.0.2.15,56656,54.225.185.249,443,TLSv12,TLS_ECDHE_RSA_WITH_AES_128_GCM_SHA256,secp256r1,4056920322.log.optimizely.com,False,True,CsxknGIi,"['720a04382d93aa8932b95cc755b9fbaab1b6a01d85399736cf4d5a4607e41172', '19400be5b7a31fb733917700789d2f0a2471c0c9d506c0e504c06c16d7cb17c0', '7431e5f4c3c1ce4690774f0b61e05440883ba9a01ed00ba6abd7806ed3b118cf']",[],1.0,0ffee3ba8e615ad22535e7f771690a28,303951d4c50efb2e991652225a6f02b1,,,4825.368247,10.0.2.15,56656,54.225.185.249,443,tcp,7.194148999999925,363.0,4105.0,SF,True,False,0,ShADadFfRr,11,811,14,4669,ssl,0
4829.64471,CQpSzB3TvQRuklvLsf,10.0.2.15,56669,151.101.112.175,443,TLSv12,TLS_ECDHE_RSA_WITH_AES_128_GCM_SHA256,,cdn.krxd.net,True,True,CsiI,,,,1a5fe5677b0e4fbbc854e8908225637d,1d0e57c6ae42e9204defa51e5e1cdc4c,http/1.1,,4827.740176,10.0.2.15,56669,151.101.112.175,443,tcp,9.244764000000032,599.0,191.0,SF,True,False,0,ShADadFRfr,8,927,9,555,ssl,0
4826.569897,CN4AhmdaTaj8rNri2,10.0.2.15,56658,216.137.61.15,443,TLSv12,TLS_ECDHE_RSA_WITH_AES_128_GCM_SHA256,secp256r1,d26ua9paks4zq.cloudfront.net,False,True,CsxuknGIti,"['90c0937808b31877df6c4a5c743c99325d974624be3735faa5078cf73d4fd205', 'eae72eb454bf6c3977ebd289e970b2f5282949190093d0d26f98d0f0d6a9cf17']",[],1.0,0ffee3ba8e615ad22535e7f771690a28,76cc3e2d3028143b23ec18e27dbd7ca9,h2,,4825.374737,10.0.2.15,56658,216.137.61.15,443,tcp,4.60997099999986,540.0,5193.0,RSTO,True,False,0,ShADadFR,10,948,11,5637,ssl,0
4826.7324,Clu7ix4gR9BL2Uw719,10.0.2.15,56661,216.137.61.15,443,TLSv12,TLS_ECDHE_RSA_WITH_AES_128_GCM_SHA256,secp256r1,d26ua9paks4zq.cloudfront.net,False,True,CsxuknGIti,"['90c0937808b31877df6c4a5c743c99325d974624be3735faa5078cf73d4fd205', 'eae72eb454bf6c3977ebd289e970b2f5282949190093d0d26f98d0f0d6a9cf17']",[],1.0,0ffee3ba8e615ad22535e7f771690a28,76cc3e2d3028143b23ec18e27dbd7ca9,h2,,4825.644003,10.0.2.15,56661,216.137.61.15,443,tcp,4.412614999999278,540.0,5193.0,RSTO,True,False,0,ShADadFR,11,988,14,5757,ssl,0
4828.238808,CSonPr3UqRJst16hHf,10.0.2.15,56665,23.74.187.5,443,TLSv12,TLS_ECDHE_RSA_WITH_AES_256_GCM_SHA384,secp256r1,img.en25.com,False,True,CsxknGIti,"['10217426f5b351363739ead2e2e4fa0bb2ce82a02dadc5af0f7afc480ac3df39', 'eae72eb454bf6c3977ebd289e970b2f5282949190093d0d26f98d0f0d6a9cf17', '8420dfbe376f414bf4c0a81e6936d24ccc03f304835b86c7a39142fca723a689']",[],1.0,0ffee3ba8e615ad22535e7f771690a28,2b33c1374db4ddf06942f92373c0b54b,http/1.1,,4826.739432,10.0.2.15,56665,23.74.187.5,443,tcp,256.80930699999954,1989.0,8182.0,RSTO,True,False,0,ShADadTTFR,41,3659,43,9906,ssl,0
4828.529411,CqXh5F1bAhOXhm40eg,10.0.2.15,56667,23.74.187.5,443,TLSv12,TLS_ECDHE_RSA_WITH_AES_256_GCM_SHA384,secp256r1,img.en25.com,False,True,CsxknGIti,"['10217426f5b351363739ead2e2e4fa0bb2ce82a02dadc5af0f7afc480ac3df39', 'eae72eb454bf6c3977ebd289e970b2f5282949190093d0d26f98d0f0d6a9cf17', '8420dfbe376f414bf4c0a81e6936d24ccc03f304835b86c7a39142fca723a689']",[],1.0,0ffee3ba8e615ad22535e7f771690a28,2b33c1374db4ddf06942f92373c0b54b,http/1.1,,4827.004886,10.0.2.15,56667,23.74.187.5,443,tcp,10.028094000000236,346.0,4826.0,RSTO,True,False,0,ShADadFR,10,754,11,5270,ssl,0
4828.527185,CraWSw3LJsMLdnsSol,10.0.2.15,56664,74.125.206.154,443,TLSv12,TLS_ECDHE_RSA_WITH_AES_128_GCM_SHA256,,stats.g.doubleclick.net,True,True,CsiI,,,,1a5fe5677b0e4fbbc854e8908225637d,67619a80665d7ab92d1041b1d11f9164,h2,,4826.735811,10.0.2.15,56664,74.125.206.154,443,tcp,459.05270800000017,9315.0,6229.0,SF,True,False,0,ShADadFf,65,11923,81,9473,ssl,0
4826.906696,COXMhe31qirBU3ZFRk,10.0.2.15,56660,54.225.185.249,443,TLSv12,TLS_ECDHE_RSA_WITH_AES_128_GCM_SHA256,secp256r1,4056920322.log.optimizely.com,False,True,CsxknGIi,"['720a04382d93aa8932b95cc755b9fbaab1b6a01d85399736cf4d5a4607e41172', '19400be5b7a31fb733917700789d2f0a2471c0c9d506c0e504c06c16d7cb17c0', '7431e5f4c3c1ce4690774f0b61e05440883ba9a01ed00ba6abd7806ed3b118cf']",[],1.0,0ffee3ba8e615ad22535e7f771690a28,303951d4c50efb2e991652225a6f02b1,,,4825.642721,10.0.2.15,56660,54.225.185.249,443,tcp,8.197422999999617,363.0,4105.0,RSTO,True,False,0,ShADadFR,10,771,10,4509,ssl,0
4828.527867,CySAJ44ngVc1ZFzDD2,10.0.2.15,56663,63.140.58.111,443,TLSv12,TLS_ECDHE_RSA_WITH_AES_256_GCM_SHA384,secp256r1,som.healthgrades.com,False,True,CsxknGIi,"['542f46a7ce935231ae824d13ebcdb0eb9848c5dc62cc81295fe5c6c7fdf9dc0c', '19400be5b7a31fb733917700789d2f0a2471c0c9d506c0e504c06c16d7cb17c0']",[],1.0,0ffee3ba8e615ad22535e7f771690a28,28ef90cc3d9d08c96a8a2cb6f365a79e,,,4826.734148,10.0.2.15,56663,63.140.58.111,443,tcp,30.951670000000377,2043.0,4374.0,SF,True,False,0,ShADadTFf,15,2652,17,5058,ssl,0
4828.52861,C5h1sXIM4YaET3bY4,10.0.2.15,56662,63.140.58.111,443,TLSv12,TLS_ECDHE_RSA_WITH_AES_256_GCM_SHA384,secp256r1,som.healthgrades.com,False,True,CsxknGIi,"['542f46a7ce935231ae824d13ebcdb0eb9848c5dc62cc81295fe5c6c7fdf9dc0c', '19400be5b7a31fb733917700789d2f0a2471c0c9d506c0e504c06c16d7cb17c0']",[],1.0,0ffee3ba8e615ad22535e7f771690a28,28ef90cc3d9d08c96a8a2cb6f365a79e,,,4826.733524,10.0.2.15,56662,63.140.58.111,443,tcp,10.38023499999963,354.0,3113.0,SF,True,False,0,ShADadFf,11,802,12,3597,ssl,0
4828.926528,C6eSla2mzTXLAVF8Jg,10.0.2.15,56666,63.140.58.111,443,TLSv12,TLS_ECDHE_RSA_WITH_AES_256_GCM_SHA384,secp256r1,som.healthgrades.com,False,True,CsxknGIi,"['542f46a7ce935231ae824d13ebcdb0eb9848c5dc62cc81295fe5c6c7fdf9dc0c', '19400be5b7a31fb733917700789d2f0a2471c0c9d506c0e504c06c16d7cb17c0']",[],1.0,0ffee3ba8e615ad22535e7f771690a28,28ef90cc3d9d08c96a8a2cb6f365a79e,,,4827.004216,10.0.2.15,56666,63.140.58.111,443,tcp,10.06214799999998,354.0,3113.0,SF,True,False,0,ShADadFf,10,762,13,3637,ssl,0
4826.569042,CzjGlC2XCly9TB8mVi,10.0.2.15,56659,216.137.61.15,443,TLSv12,TLS_ECDHE_RSA_WITH_AES_128_GCM_SHA256,secp256r1,d26ua9paks4zq.cloudfront.net,False,True,CsxuknGIti,"['90c0937808b31877df6c4a5c743c99325d974624be3735faa5078cf73d4fd205', 'eae72eb454bf6c3977ebd289e970b2f5282949190093d0d26f98d0f0d6a9cf17']",[],1.0,0ffee3ba8e615ad22535e7f771690a28,76cc3e2d3028143b23ec18e27dbd7ca9,h2,,4825.375398,10.0.2.15,56659,216.137.61.15,443,tcp,259.86095699999987,1760.0,976122.0,SF,True,False,0,ShADadFf,496,21608,1170,1022926,ssl,0
4834.658676,Cm5nui2XbmnH2GPYi3,10.0.2.15,56674,54.192.93.183,443,TLSv12,TLS_ECDHE_RSA_WITH_AES_128_GCM_SHA256,secp256r1,d1ffafozi03i4l.cloudfront.net,False,True,CsxuknGIti,"['90c0937808b31877df6c4a5c743c99325d974624be3735faa5078cf73d4fd205', 'eae72eb454bf6c3977ebd289e970b2f5282949190093d0d26f98d0f0d6a9cf17']",[],1.0,0ffee3ba8e615ad22535e7f771690a28,76cc3e2d3028143b23ec18e27dbd7ca9,h2,,4833.625409,10.0.2.15,56674,54.192.93.183,443,tcp,7.849188999999569,871.0,7274.0,SF,True,False,0,ShADadFf,18,1599,21,8118,ssl,0
4834.661787,CnSMJa47TEIOuqIJDg,10.0.2.15,56682,216.137.61.177,443,TLSv12,TLS_ECDHE_RSA_WITH_AES_128_GCM_SHA256,secp256r1,d33ljpvc0tflz5.cloudfront.net,False,True,CsxuknGIti,"['90c0937808b31877df6c4a5c743c99325d974624be3735faa5078cf73d4fd205', 'eae72eb454bf6c3977ebd289e970b2f5282949190093d0d26f98d0f0d6a9cf17']",[],1.0,0ffee3ba8e615ad22535e7f771690a28,76cc3e2d3028143b23ec18e27dbd7ca9,h2,,4833.638925,10.0.2.15,56682,216.137.61.177,443,tcp,113.90777999999956,3289.0,593375.0,SF,True,False,0,ShADadFf,300,15297,684,620739,ssl,0
4834.665551,CW2hHe4Qe9wsqbxz1c,10.0.2.15,56681,216.137.61.177,443,TLSv12,TLS_ECDHE_RSA_WITH_AES_128_GCM_SHA256,secp256r1,d33ljpvc0tflz5.cloudfront.net,False,True,CsxuknGIti,"['90c0937808b31877df6c4a5c743c99325d974624be3735faa5078cf73d4fd205', 'eae72eb454bf6c3977ebd289e970b2f5282949190093d0d26f98d0f0d6a9cf17']",[],1.0,0ffee3ba8e615ad22535e7f771690a28,76cc3e2d3028143b23ec18e27dbd7ca9,h2,,4833.637933,10.0.2.15,56681,216.137.61.177,443,tcp,9.812477999999828,949.0,20605.0,SF,True,False,0,ShADadFf,26,1997,39,22169,ssl,0
4834.667883,Cggxf23S6lvncZGd58,10.0.2.15,56680,216.137.61.177,443,TLSv12,TLS_ECDHE_RSA_WITH_AES_128_GCM_SHA256,secp256r1,d33ljpvc0tflz5.cloudfront.net,False,True,CsxuknGIti,"['90c0937808b31877df6c4a5c743c99325d974624be3735faa5078cf73d4fd205', 'eae72eb454bf6c3977ebd289e970b2f5282949190093d0d26f98d0f0d6a9cf17']",[],1.0,0ffee3ba8e615ad22535e7f771690a28,76cc3e2d3028143b23ec18e27dbd7ca9,h2,,4833.636411,10.0.2.15,56680,216.137.61.177,443,tcp,8.781847999999627,924.0,21990.0,SF,True,False,0,ShADadFf,26,1972,43,23714,ssl,0
4834.671203,CUZuT4UjMmtOViS3c,10.0.2.15,56679,216.137.61.177,443,TLSv12,TLS_ECDHE_RSA_WITH_AES_128_GCM_SHA256,secp256r1,d33ljpvc0tflz5.cloudfront.net,False,True,CsxuknGIti,"['90c0937808b31877df6c4a5c743c99325d974624be3735faa5078cf73d4fd205', 'eae72eb454bf6c3977ebd289e970b2f5282949190093d0d26f98d0f0d6a9cf17']",[],1.0,0ffee3ba8e615ad22535e7f771690a28,76cc3e2d3028143b23ec18e27dbd7ca9,h2,,4833.631539,10.0.2.15,56679,216.137.61.177,443,tcp,12.192098999999873,919.0,35194.0,SF,True,False,0,ShADadFf,37,2407,61,37638,ssl,0
4834.677194,CfTkH43TFbFAKFH5Ch,10.0.2.15,56678,216.137.61.177,443,TLSv12,TLS_ECDHE_RSA_WITH_AES_128_GCM_SHA256,secp256r1,d33ljpvc0tflz5.cloudfront.net,False,True,CsxuknGIti,"['90c0937808b31877df6c4a5c743c99325d974624be3735faa5078cf73d4fd205', 'eae72eb454bf6c3977ebd289e970b2f5282949190093d0d26f98d0f0d6a9cf17']",[],1.0,0ffee3ba8e615ad22535e7f771690a28,76cc3e2d3028143b23ec18e27dbd7ca9,h2,,4833.628958,10.0.2.15,56678,216.137.61.177,443,tcp,32.74926999999934,921.0,17656.0,SF,True,False,0,ShADadFf,23,1849,33,18980,ssl,0
4834.680445,CXK9B9IyjKgvOiZGf,10.0.2.15,56677,216.137.61.177,443,TLSv12,TLS_ECDHE_RSA_WITH_AES_128_GCM_SHA256,secp256r1,d33ljpvc0tflz5.cloudfront.net,False,True,CsxuknGIti,"['90c0937808b31877df6c4a5c743c99325d974624be3735faa5078cf73d4fd205', 'eae72eb454bf6c3977ebd289e970b2f5282949190093d0d26f98d0f0d6a9cf17']",[],1.0,0ffee3ba8e615ad22535e7f771690a28,76cc3e2d3028143b23ec18e27dbd7ca9,h2,,4833.628424,10.0.2.15,56677,216.137.61.177,443,tcp,12.123627999999371,919.0,18982.0,SF,True,False,0,ShADadFf,22,1807,31,20226,ssl,0
4834.684154,CIoNrg1LxLwGfJtYRa,10.0.2.15,56676,54.192.93.183,443,TLSv12,TLS_ECDHE_RSA_WITH_AES_128_GCM_SHA256,secp256r1,d1ffafozi03i4l.cloudfront.net,False,True,CsxuknGIti,"['90c0937808b31877df6c4a5c743c99325d974624be3735faa5078cf73d4fd205', 'eae72eb454bf6c3977ebd289e970b2f5282949190093d0d26f98d0f0d6a9cf17']",[],1.0,0ffee3ba8e615ad22535e7f771690a28,76cc3e2d3028143b23ec18e27dbd7ca9,h2,,4833.626236,10.0.2.15,56676,54.192.93.183,443,tcp,7.8004680000003646,363.0,5262.0,SF,True,False,0,ShADadFf,11,811,14,5826,ssl,0
4834.685491,CJ0lCQ3cjVNamG0Rb,10.0.2.15,56675,54.192.93.183,443,TLSv12,TLS_ECDHE_RSA_WITH_AES_128_GCM_SHA256,secp256r1,d1ffafozi03i4l.cloudfront.net,False,True,CsxuknGIti,"['90c0937808b31877df6c4a5c743c99325d974624be3735faa5078cf73d4fd205', 'eae72eb454bf6c3977ebd289e970b2f5282949190093d0d26f98d0f0d6a9cf17']",[],1.0,0ffee3ba8e615ad22535e7f771690a28,76cc3e2d3028143b23ec18e27dbd7ca9,h2,,4833.626236,10.0.2.15,56675,54.192.93.183,443,tcp,7.780405999999857,363.0,5262.0,SF,True,False,0,ShADadFf,11,811,13,5786,ssl,0
4843.164815,C2kiFs13FxDMmWgRG2,10.0.2.15,56689,151.101.112.175,443,TLSv12,TLS_ECDHE_RSA_WITH_AES_128_GCM_SHA256,,cdn.krxd.net,True,True,CsiI,,,,1a5fe5677b0e4fbbc854e8908225637d,1d0e57c6ae42e9204defa51e5e1cdc4c,http/1.1,,4839.009949,10.0.2.15,56689,151.101.112.175,443,tcp,18.639803999999454,599.0,191.0,RSTO,True,False,0,ShADadFR,8,935,7,475,ssl,0
4869.959748,CaFYbh2hbDYB0SBu96,10.0.2.15,56695,54.225.185.249,443,TLSv12,TLS_ECDHE_RSA_WITH_AES_128_GCM_SHA256,,4056920322.log.optimizely.com,True,True,CsiI,,,,0ffee3ba8e615ad22535e7f771690a28,303951d4c50efb2e991652225a6f02b1,,,4869.227859,10.0.2.15,56695,54.225.185.249,443,tcp,58.96991200000048,2811.0,1518.0,SF,True,False,0,ShADadTFfRr,18,3544,19,2282,ssl,0
4870.407064,CcOMHn1bf8VQALAGz2,10.0.2.15,56696,54.225.185.249,443,TLSv12,TLS_ECDHE_RSA_WITH_AES_128_GCM_SHA256,,4056920322.log.optimizely.com,True,True,CsiI,,,,0ffee3ba8e615ad22535e7f771690a28,303951d4c50efb2e991652225a6f02b1,,,4869.607073,10.0.2.15,56696,54.225.185.249,443,tcp,7.090208999999959,320.0,176.0,SF,True,False,0,ShADadFRfr,8,648,9,540,ssl,0
4872.528725,C13sSX21j1kOdVpv72,10.0.2.15,56697,142.0.160.53,443,TLSv12,TLS_ECDHE_RSA_WITH_AES_256_GCM_SHA384,secp256r1,s1494548940.t.eloqua.com,False,True,CsxknGIi,"['6ea564f38d23f2255f7536144eb8a71f5c19fffff6900cd4fecc725df5361c09', 'e0898ad662474b9f753c79bea878031c9a5d634a49edd6310b960ab023c02c0e']",[],1.0,0ffee3ba8e615ad22535e7f771690a28,28ef90cc3d9d08c96a8a2cb6f365a79e,,,4872.419132,10.0.2.15,56697,142.0.160.53,443,tcp,212.3851880000002,2024.0,4428.0,SF,True,False,0,ShADadTTFf,34,3411,35,5832,ssl,0
4873.808134,CttPfl1B765n2EhW9c,10.0.2.15,56698,54.228.246.102,443,TLSv12,TLS_ECDHE_RSA_WITH_AES_128_GCM_SHA256,secp256r1,beacon.krxd.net,False,True,CsxknGIi,"['801848f55bb97f055d1e2f3f6c8094cf12d7b6285a7ed7c20bf39440c6cb5f8e', '973a41276ffd01e027a2aad49e34c37846d3e976ff6a620b6712e33832041aa6', '3a2fbe92891e57fe05d57087f48e730f17e5a5f53ef403d618e5b74d7a7e6ecb', 'c3846bf24b9e93ca64274c0ec67c1ecc5e024ffcacd2d74019350e81fe546ae4']",[],1.0,0ffee3ba8e615ad22535e7f771690a28,303951d4c50efb2e991652225a6f02b1,,,4873.732747,10.0.2.15,56698,54.228.246.102,443,tcp,3.170584999999846,2099.0,6340.0,SF,True,False,0,ShADadFf,12,2587,15,6944,ssl,0
4874.106218,CBrfcm2iKuoB6qV1r6,10.0.2.15,56699,54.197.254.190,443,TLSv12,TLS_ECDHE_RSA_WITH_AES_128_GCM_SHA256,secp256r1,usermatch.krxd.net,False,True,CsxknGIi,"['801848f55bb97f055d1e2f3f6c8094cf12d7b6285a7ed7c20bf39440c6cb5f8e', '973a41276ffd01e027a2aad49e34c37846d3e976ff6a620b6712e33832041aa6', '3a2fbe92891e57fe05d57087f48e730f17e5a5f53ef403d618e5b74d7a7e6ecb', 'c3846bf24b9e93ca64274c0ec67c1ecc5e024ffcacd2d74019350e81fe546ae4']",[],1.0,0ffee3ba8e615ad22535e7f771690a28,303951d4c50efb2e991652225a6f02b1,,,4873.95685,10.0.2.15,56699,54.197.254.190,443,tcp,99.58032300000012,1171.0,6053.0,SF,True,False,0,ShADadTFf,22,2068,25,7057,ssl,0
4874.80072,CDYAkN1PF5EvsmVoth,10.0.2.15,56700,54.228.246.102,443,TLSv12,TLS_ECDHE_RSA_WITH_AES_128_GCM_SHA256,,beacon.krxd.net,True,True,CsiI,,,,0ffee3ba8e615ad22535e7f771690a28,303951d4c50efb2e991652225a6f02b1,,,4874.480356,10.0.2.15,56700,54.228.246.102,443,tcp,3.396214000000327,275.0,176.0,SF,True,False,0,ShADadFf,6,523,7,460,ssl,0
4897.715539,CcsLnA2EsIWFPfJGrh,10.0.2.15,56702,151.101.112.175,443,TLSv12,TLS_ECDHE_RSA_WITH_AES_128_GCM_SHA256,,cdn.krxd.net,True,True,CsiI,,,,1a5fe5677b0e4fbbc854e8908225637d,1d0e57c6ae42e9204defa51e5e1cdc4c,http/1.1,,4897.682636,10.0.2.15,56702,151.101.112.175,443,tcp,185.91516600000068,2646.0,2531.0,SF,True,False,0,ShADadTTFRfr,33,3991,34,3895,ssl,0
4897.721194,CMFGul20uO0azwLR4,10.0.2.15,56703,54.192.93.194,443,TLSv12,TLS_ECDHE_RSA_WITH_AES_128_GCM_SHA256,secp256r1,hcdn-east-blue.healthgrades.io,False,True,CsxuknGIti,"['b1dc09bda284423286871ceeedbee1bf0f0401ce685cd37eddbac7476ed1f496', 'f55f9ffcb83c73453261601c7e044db15a0f034b93c05830f28635ef889cf670', '87dcd4dc74640a322cd205552506d1be64f12596258096544986b4850bc72706', '28689b30e4c306aab53b027b29e36ad6dd1dcf4b953994482ca84bdc1ecac996']",[],1.0,0ffee3ba8e615ad22535e7f771690a28,76cc3e2d3028143b23ec18e27dbd7ca9,h2,,4897.686713,10.0.2.15,56703,54.192.93.194,443,tcp,264.03445099999954,1415.0,909893.0,SF,True,False,0,ShADadFf,459,19783,1050,951897,ssl,0
4899.757319,CnJVPmwS38NEe8Jt6,10.0.2.15,56701,151.101.112.175,443,TLSv12,TLS_ECDHE_RSA_WITH_AES_128_GCM_SHA256,,cdn.krxd.net,True,True,CsiI,,,,1a5fe5677b0e4fbbc854e8908225637d,1d0e57c6ae42e9204defa51e5e1cdc4c,http/1.1,,4896.472588,10.0.2.15,56701,151.101.112.175,443,tcp,8.596410000000105,599.0,191.0,RSTO,True,False,0,ShADadFR,8,935,7,475,ssl,0
4904.17697,C4FCVf47c7bFg9YvVa,10.0.2.15,56704,151.101.112.175,443,TLSv12,TLS_ECDHE_RSA_WITH_AES_128_GCM_SHA256,,cdn.krxd.net,True,True,CsiI,,,,1a5fe5677b0e4fbbc854e8908225637d,1d0e57c6ae42e9204defa51e5e1cdc4c,http/1.1,,4904.098226,10.0.2.15,56704,151.101.112.175,443,tcp,6.174755000000005,599.0,191.0,RSTO,True,False,0,ShADadFR,7,887,7,475,ssl,0
4905.690407,CMn35E1Q3axkzohKNl,10.0.2.15,56705,54.72.169.137,443,TLSv12,TLS_ECDHE_RSA_WITH_AES_128_GCM_SHA256,,aa.agkn.com,True,True,CsiI,,,,0ffee3ba8e615ad22535e7f771690a28,76c691f46143bf86e2d1bb73c6187767,,,4905.459853,10.0.2.15,56705,54.72.169.137,443,tcp,0.7452309999998761,893.0,699.0,SF,True,False,0,ShADadfF,8,1221,9,1063,ssl,0
4905.773407,CAzo13JoNDDW2mQ97,10.0.2.15,56706,54.72.169.137,443,TLSv12,TLS_ECDHE_RSA_WITH_AES_128_GCM_SHA256,,aa.agkn.com,True,True,CsiI,,,,0ffee3ba8e615ad22535e7f771690a28,76c691f46143bf86e2d1bb73c6187767,,,4905.695154,10.0.2.15,56706,54.72.169.137,443,tcp,6.1424660000002405,302.0,147.0,SF,True,False,0,ShADadFf,8,630,8,471,ssl,0
4907.907504,C8RQPA2fUtxJIjtdA8,10.0.2.15,56707,63.140.58.111,443,TLSv12,TLS_ECDHE_RSA_WITH_AES_256_GCM_SHA384,,som.healthgrades.com,True,True,CsiI,,,,0ffee3ba8e615ad22535e7f771690a28,28ef90cc3d9d08c96a8a2cb6f365a79e,,,4907.731832,10.0.2.15,56707,63.140.58.111,443,tcp,38.25346399999944,3111.0,809.0,SF,True,False,0,ShADadTFf,13,3641,13,1333,ssl,0
4910.957716,CX6wb81EBAhbLzGdil,10.0.2.15,56708,54.192.93.67,443,TLSv12,TLS_ECDHE_RSA_WITH_AES_128_GCM_SHA256,secp256r1,photos.healthgrades.com,False,True,CsxuknGIti,"['e96c70fc144a149e2580c019f2cfc0029b21bc36c8d8c4df4491652c1ffedc0e', 'f55f9ffcb83c73453261601c7e044db15a0f034b93c05830f28635ef889cf670', '87dcd4dc74640a322cd205552506d1be64f12596258096544986b4850bc72706', '28689b30e4c306aab53b027b29e36ad6dd1dcf4b953994482ca84bdc1ecac996']",[],1.0,0ffee3ba8e615ad22535e7f771690a28,76cc3e2d3028143b23ec18e27dbd7ca9,h2,,4910.925053,10.0.2.15,56708,54.192.93.67,443,tcp,244.18945900000017,2957.0,25842.0,SF,True,False,0,ShADadFf,38,4485,56,28086,ssl,0
4911.162985,CaALX820kB6MeBF81l,10.0.2.15,56713,54.192.93.67,443,TLSv12,TLS_ECDHE_RSA_WITH_AES_128_GCM_SHA256,secp256r1,photos.healthgrades.com,False,True,CsxknGIti,"['e96c70fc144a149e2580c019f2cfc0029b21bc36c8d8c4df4491652c1ffedc0e', 'f55f9ffcb83c73453261601c7e044db15a0f034b93c05830f28635ef889cf670', '87dcd4dc74640a322cd205552506d1be64f12596258096544986b4850bc72706', '28689b30e4c306aab53b027b29e36ad6dd1dcf4b953994482ca84bdc1ecac996']",[],1.0,0ffee3ba8e615ad22535e7f771690a28,b898351eb5e266aefd3723d466935494,h2,,4910.932712,10.0.2.15,56713,54.192.93.67,443,tcp,3.303885000000264,1585.0,8440.0,SF,True,False,0,ShADadFf,19,2353,24,9404,ssl,0
4910.999353,CHiMLkPj0M8nDnUk4,10.0.2.15,56710,54.192.93.67,443,TLSv12,TLS_ECDHE_RSA_WITH_AES_128_GCM_SHA256,secp256r1,photos.healthgrades.com,False,True,CsxuknGIti,"['e96c70fc144a149e2580c019f2cfc0029b21bc36c8d8c4df4491652c1ffedc0e', 'f55f9ffcb83c73453261601c7e044db15a0f034b93c05830f28635ef889cf670', '87dcd4dc74640a322cd205552506d1be64f12596258096544986b4850bc72706', '28689b30e4c306aab53b027b29e36ad6dd1dcf4b953994482ca84bdc1ecac996']",[],1.0,0ffee3ba8e615ad22535e7f771690a28,76cc3e2d3028143b23ec18e27dbd7ca9,h2,,4910.927354,10.0.2.15,56710,54.192.93.67,443,tcp,3.811310000000048,1584.0,9257.0,SF,True,False,0,ShADadFf,18,2312,25,10261,ssl,0
4910.972592,CWghki4JvIvUFR6Tb,10.0.2.15,56709,54.192.93.67,443,TLSv12,TLS_ECDHE_RSA_WITH_AES_128_GCM_SHA256,secp256r1,photos.healthgrades.com,False,True,CsxuknGIti,"['e96c70fc144a149e2580c019f2cfc0029b21bc36c8d8c4df4491652c1ffedc0e', 'f55f9ffcb83c73453261601c7e044db15a0f034b93c05830f28635ef889cf670', '87dcd4dc74640a322cd205552506d1be64f12596258096544986b4850bc72706', '28689b30e4c306aab53b027b29e36ad6dd1dcf4b953994482ca84bdc1ecac996']",[],1.0,0ffee3ba8e615ad22535e7f771690a28,76cc3e2d3028143b23ec18e27dbd7ca9,h2,,4910.925518,10.0.2.15,56709,54.192.93.67,443,tcp,3.311147999999775,1579.0,8724.0,SF,True,False,0,ShADadFf,17,2267,23,9648,ssl,0
4911.120665,CUS3In3KAHjVSRyPge,10.0.2.15,56711,54.192.93.67,443,TLSv12,TLS_ECDHE_RSA_WITH_AES_128_GCM_SHA256,secp256r1,photos.healthgrades.com,False,True,CsxknGIti,"['e96c70fc144a149e2580c019f2cfc0029b21bc36c8d8c4df4491652c1ffedc0e', 'f55f9ffcb83c73453261601c7e044db15a0f034b93c05830f28635ef889cf670', '87dcd4dc74640a322cd205552506d1be64f12596258096544986b4850bc72706', '28689b30e4c306aab53b027b29e36ad6dd1dcf4b953994482ca84bdc1ecac996']",[],1.0,0ffee3ba8e615ad22535e7f771690a28,b898351eb5e266aefd3723d466935494,h2,,4910.93023,10.0.2.15,56711,54.192.93.67,443,tcp,4.274551000000429,1584.0,9010.0,SF,True,False,0,ShADadFf,17,2272,22,9894,ssl,0
4911.139857,Cc3V7h8NZNIMS3zge,10.0.2.15,56712,54.192.93.67,443,TLSv12,TLS_ECDHE_RSA_WITH_AES_128_GCM_SHA256,secp256r1,photos.healthgrades.com,False,True,CsxuknGIti,"['e96c70fc144a149e2580c019f2cfc0029b21bc36c8d8c4df4491652c1ffedc0e', 'f55f9ffcb83c73453261601c7e044db15a0f034b93c05830f28635ef889cf670', '87dcd4dc74640a322cd205552506d1be64f12596258096544986b4850bc72706', '28689b30e4c306aab53b027b29e36ad6dd1dcf4b953994482ca84bdc1ecac996']",[],1.0,0ffee3ba8e615ad22535e7f771690a28,76cc3e2d3028143b23ec18e27dbd7ca9,h2,,4910.932269,10.0.2.15,56712,54.192.93.67,443,tcp,3.562394999999924,1589.0,9574.0,SF,True,False,0,ShADadFf,15,2197,22,10458,ssl,0
4912.751524,CNn1i12vnbdY61FRjk,10.0.2.15,56716,54.217.205.184,443,TLSv12,TLS_ECDHE_RSA_WITH_AES_128_GCM_SHA256,secp256r1,beacon.krxd.net,False,True,CsxknGIi,"['801848f55bb97f055d1e2f3f6c8094cf12d7b6285a7ed7c20bf39440c6cb5f8e', '973a41276ffd01e027a2aad49e34c37846d3e976ff6a620b6712e33832041aa6', '3a2fbe92891e57fe05d57087f48e730f17e5a5f53ef403d618e5b74d7a7e6ecb', 'c3846bf24b9e93ca64274c0ec67c1ecc5e024ffcacd2d74019350e81fe546ae4']",[],1.0,0ffee3ba8e615ad22535e7f771690a28,303951d4c50efb2e991652225a6f02b1,,,4912.316269,10.0.2.15,56716,54.217.205.184,443,tcp,6.064229999999952,1687.0,5273.0,SF,True,False,0,ShADadfF,11,2135,12,5757,ssl,0
4912.747643,CDcW1V1KquyXZLLsA3,10.0.2.15,56718,54.217.205.184,443,TLSv12,TLS_ECDHE_RSA_WITH_AES_128_GCM_SHA256,secp256r1,beacon.krxd.net,False,True,CsxknGIi,"['801848f55bb97f055d1e2f3f6c8094cf12d7b6285a7ed7c20bf39440c6cb5f8e', '973a41276ffd01e027a2aad49e34c37846d3e976ff6a620b6712e33832041aa6', '3a2fbe92891e57fe05d57087f48e730f17e5a5f53ef403d618e5b74d7a7e6ecb', 'c3846bf24b9e93ca64274c0ec67c1ecc5e024ffcacd2d74019350e81fe546ae4']",[],1.0,0ffee3ba8e615ad22535e7f771690a28,303951d4c50efb2e991652225a6f02b1,,,4912.335377,10.0.2.15,56718,54.217.205.184,443,tcp,6.503375999999662,844.0,5273.0,SF,True,False,0,ShADadfF,11,1292,13,5797,ssl,0
4912.748196,CEMhFk3SAOUeAJt7w3,10.0.2.15,56717,54.217.205.184,443,TLSv12,TLS_ECDHE_RSA_WITH_AES_128_GCM_SHA256,secp256r1,beacon.krxd.net,False,True,CsxknGIi,"['801848f55bb97f055d1e2f3f6c8094cf12d7b6285a7ed7c20bf39440c6cb5f8e', '973a41276ffd01e027a2aad49e34c37846d3e976ff6a620b6712e33832041aa6', '3a2fbe92891e57fe05d57087f48e730f17e5a5f53ef403d618e5b74d7a7e6ecb', 'c3846bf24b9e93ca64274c0ec67c1ecc5e024ffcacd2d74019350e81fe546ae4']",[],1.0,0ffee3ba8e615ad22535e7f771690a28,303951d4c50efb2e991652225a6f02b1,,,4912.32973,10.0.2.15,56717,54.217.205.184,443,tcp,6.194985999999517,795.0,5273.0,SF,True,False,0,ShADadfF,11,1243,12,5757,ssl,0
4913.842487,CKd8EwFpncnhOlFH7,10.0.2.15,56719,54.217.205.184,443,TLSv12,TLS_ECDHE_RSA_WITH_AES_128_GCM_SHA256,secp256r1,beacon.krxd.net,False,True,CsxknGIi,"['801848f55bb97f055d1e2f3f6c8094cf12d7b6285a7ed7c20bf39440c6cb5f8e', '973a41276ffd01e027a2aad49e34c37846d3e976ff6a620b6712e33832041aa6', '3a2fbe92891e57fe05d57087f48e730f17e5a5f53ef403d618e5b74d7a7e6ecb', 'c3846bf24b9e93ca64274c0ec67c1ecc5e024ffcacd2d74019350e81fe546ae4']",[],1.0,0ffee3ba8e615ad22535e7f771690a28,303951d4c50efb2e991652225a6f02b1,,,4913.02281,10.0.2.15,56719,54.217.205.184,443,tcp,9.39154899999994,318.0,5273.0,SF,True,False,0,ShADadfF,10,726,12,5757,ssl,0
4914.844457,C2b9eRNuTYhUCOE48,10.0.2.15,56723,216.52.1.12,443,TLSv12,TLS_ECDHE_RSA_WITH_AES_128_GCM_SHA256,secp256r1,loadm.exelator.com,False,True,CsxknGIti,"['df7c62f472c1d3b0d062e9ed1c65f67a88aad738cc232a6b40b55a446e9092f9', '973a41276ffd01e027a2aad49e34c37846d3e976ff6a620b6712e33832041aa6', '3a2fbe92891e57fe05d57087f48e730f17e5a5f53ef403d618e5b74d7a7e6ecb', 'c3846bf24b9e93ca64274c0ec67c1ecc5e024ffcacd2d74019350e81fe546ae4']",[],1.0,0ffee3ba8e615ad22535e7f771690a28,ccc514751b175866924439bdbb5bba34,,,4913.852952,10.0.2.15,56723,216.52.1.12,443,tcp,13.997956000000158,3666.0,6271.0,SF,True,False,0,ShADadfF,15,4274,18,6995,ssl,0
4914.84359,C6eCLZ358ppLuyYMJc,10.0.2.15,56720,54.217.205.184,443,TLSv12,TLS_ECDHE_RSA_WITH_AES_128_GCM_SHA256,secp256r1,beacon.krxd.net,False,True,CsxknGIi,"['801848f55bb97f055d1e2f3f6c8094cf12d7b6285a7ed7c20bf39440c6cb5f8e', '973a41276ffd01e027a2aad49e34c37846d3e976ff6a620b6712e33832041aa6', '3a2fbe92891e57fe05d57087f48e730f17e5a5f53ef403d618e5b74d7a7e6ecb', 'c3846bf24b9e93ca64274c0ec67c1ecc5e024ffcacd2d74019350e81fe546ae4']",[],1.0,0ffee3ba8e615ad22535e7f771690a28,303951d4c50efb2e991652225a6f02b1,,,4913.848913,10.0.2.15,56720,54.217.205.184,443,tcp,10.482923000000484,1810.0,5273.0,SF,True,False,0,ShADadfF,13,2338,15,5877,ssl,0
4914.845971,C1ETpD32udyVTwmWp,10.0.2.15,56721,52.72.73.156,443,TLSv12,TLS_ECDHE_RSA_WITH_AES_128_GCM_SHA256,secp256r1,idsync.rlcdn.com,False,True,CsxknGIi,"['7c75ac9ac997d5af7e63eee4070015e373d07d15fa206505a14434fb86a90686', '973a41276ffd01e027a2aad49e34c37846d3e976ff6a620b6712e33832041aa6', '3a2fbe92891e57fe05d57087f48e730f17e5a5f53ef403d618e5b74d7a7e6ecb', 'c3846bf24b9e93ca64274c0ec67c1ecc5e024ffcacd2d74019350e81fe546ae4']",[],1.0,0ffee3ba8e615ad22535e7f771690a28,303951d4c50efb2e991652225a6f02b1,,,4913.851128,10.0.2.15,56721,52.72.73.156,443,tcp,68.08918399999948,1439.0,6437.0,SF,True,False,0,ShADadTFf,18,2173,19,7201,ssl,0
4914.845351,CHYWQf14l3Q7HGjQL1,10.0.2.15,56722,209.15.36.23,443,TLSv12,TLS_ECDHE_RSA_WITH_AES_256_CBC_SHA,secp256r1,pixel.sitescout.com,False,True,CsxknGIti,"['f015d4c86fc456a1d84bc3afa7ddb630a34da324037bb1cc3206209a00eae6e4', 'bc3f03a436240edba5f83714f6f677e34b37f9b1f0c08c1e558d981e279e8209']",[],1.0,0ffee3ba8e615ad22535e7f771690a28,63a37e7be22df054d1f448fc0c28b98f,,,4913.851982,10.0.2.15,56722,209.15.36.23,443,tcp,10.948331999999937,895.0,3304.0,SF,True,False,0,ShADadfF,10,1303,12,3788,ssl,0
4915.826719,CXR3Oq3RbI9mMnNgwj,10.0.2.15,56724,216.58.201.66,443,TLSv12,TLS_ECDHE_RSA_WITH_AES_128_GCM_SHA256,x25519,cm.g.doubleclick.net,False,True,CsxknGIti,"['a32ffddd76f9e7debbfc9a37b38d2ef86039b30a10d7c45ab8223d149cf99699', '9f630426df1d8abfd80ace98871ba833ab9742cb34838de2b5285ed54c0c7dcc', '3c35cc963eb004451323d3275d05b353235053490d9cd83729a2faf5e7ca1cc0']",[],1.0,0ffee3ba8e615ad22535e7f771690a28,ab41313cfec25328b20865eb1388e0a2,h2,,4915.274907,10.0.2.15,56724,216.58.201.66,443,tcp,202.93766099999996,1101.0,5072.0,SF,True,False,0,ShADadFf,21,1949,24,6036,ssl,0
4916.644179,CIp4Bt1OjamvbP0WEi,10.0.2.15,56725,54.217.205.184,443,TLSv12,TLS_ECDHE_RSA_WITH_AES_128_GCM_SHA256,,beacon.krxd.net,True,True,CsiI,,,,0ffee3ba8e615ad22535e7f771690a28,303951d4c50efb2e991652225a6f02b1,,,4916.101039,10.0.2.15,56725,54.217.205.184,443,tcp,9.009468999999626,1644.0,176.0,SF,True,False,0,ShADadfF,7,1932,8,500,ssl,0
4917.168529,CaQbKw3IW12SOlDAR3,10.0.2.15,56729,104.16.208.165,443,TLSv12,TLS_ECDHE_ECDSA_WITH_AES_128_GCM_SHA256,secp256r1,cdn.onesignal.com,False,True,CsxuknGIti,"['b0ad6221b59460c2adbe8239f30a9330216428febc77fde6fbfef1529e8b6b5c', 'cd6c108a0e641f2ca122aaa6d03f826759cae7c6f800eabf76dc48b67cd083ce', '9573862ac0b4b125168810ea3fd101ae2eb0bb15f61fc0e6da7a2a38b85a89e8']",[],1.0,0ffee3ba8e615ad22535e7f771690a28,7d3eb4120cd50e889bcd3f3783be0f82,h2,,4916.445683,10.0.2.15,56729,104.16.208.165,443,tcp,249.9552080000003,993.0,4621.0,SF,True,False,0,ShADadFf,20,1801,23,5545,ssl,0
4925.111458,CeToyD3Sep0gd8oaUj,10.0.2.15,56746,54.217.205.184,443,TLSv12,TLS_ECDHE_RSA_WITH_AES_128_GCM_SHA256,,beacon.krxd.net,True,True,CsiI,,,,0ffee3ba8e615ad22535e7f771690a28,303951d4c50efb2e991652225a6f02b1,,,4924.610595,10.0.2.15,56746,54.217.205.184,443,tcp,1.653255000000172,1798.0,707.0,SF,True,False,0,ShADadFfRr,10,2206,12,1191,ssl,0
4926.191868,C81Z9l2DTTz92t7Gi3,10.0.2.15,56747,54.217.205.184,443,TLSv12,TLS_ECDHE_RSA_WITH_AES_128_GCM_SHA256,,beacon.krxd.net,True,True,CsiI,,,,0ffee3ba8e615ad22535e7f771690a28,303951d4c50efb2e991652225a6f02b1,,,4925.377356,10.0.2.15,56747,54.217.205.184,443,tcp,1.843131999999968,783.0,712.0,SF,True,False,0,ShADadFfRr,11,1231,11,1156,ssl,0
4926.176985,CqHgUcQLtuM0Lnjtd,10.0.2.15,56748,54.217.205.184,443,TLSv12,TLS_ECDHE_RSA_WITH_AES_128_GCM_SHA256,,beacon.krxd.net,True,True,CsiI,,,,0ffee3ba8e615ad22535e7f771690a28,303951d4c50efb2e991652225a6f02b1,,,4925.398393,10.0.2.15,56748,54.217.205.184,443,tcp,1.82943399999931,832.0,707.0,SF,True,False,0,ShADadFfRr,10,1240,11,1151,ssl,0
4928.03761,CDDObC3htnGgU3Dw2j,10.0.2.15,56751,192.0.76.3,443,TLSv12,TLS_ECDHE_RSA_WITH_AES_128_GCM_SHA256,secp256r1,stats.wp.com,False,True,CsxuknGIti,"['100d19010050ffe81865a1cae3b70fe455286cf162042ac5bf146d2a7491e24f', '973a41276ffd01e027a2aad49e34c37846d3e976ff6a620b6712e33832041aa6', '3a2fbe92891e57fe05d57087f48e730f17e5a5f53ef403d618e5b74d7a7e6ecb']",[],1.0,0ffee3ba8e615ad22535e7f771690a28,49b45fc1ab090aa3a159778313fc9b9e,h2,,4927.871471,10.0.2.15,56751,192.0.76.3,443,tcp,212.0054459999992,915.0,8095.0,SF,True,False,0,ShADadFf,21,1763,23,9019,ssl,0
4928.040305,CRsN402K3bQqF0rmVk,10.0.2.15,56750,192.0.77.32,443,TLSv12,TLS_ECDHE_RSA_WITH_AES_128_GCM_SHA256,secp256r1,s0.wp.com,False,True,CsxuknGIti,"['100d19010050ffe81865a1cae3b70fe455286cf162042ac5bf146d2a7491e24f', '973a41276ffd01e027a2aad49e34c37846d3e976ff6a620b6712e33832041aa6', '3a2fbe92891e57fe05d57087f48e730f17e5a5f53ef403d618e5b74d7a7e6ecb']",[],1.0,0ffee3ba8e615ad22535e7f771690a28,76cc3e2d3028143b23ec18e27dbd7ca9,h2,,4927.861881,10.0.2.15,56750,192.0.77.32,443,tcp,212.39530100000047,958.0,9840.0,SF,True,False,0,ShADadFf,22,1846,26,10884,ssl,0
4929.586561,C5xhQD2J3E5Wn4iGi6,10.0.2.15,56754,54.84.124.48,443,TLSv12,TLS_ECDHE_RSA_WITH_AES_256_GCM_SHA384,secp256r1,api.conservativereview.com,False,True,CsxknGIti,"['45ed1393b1e9de2f35e1d01d10bb054da4eba0f0b7bff06102f11d9e1bf6eacc', '02ab57e4e67a0cb48dd2ff34830e8ac40f4476fb08ca6be3f5cd846f646840f0', '4f32d5dc00f715250abcc486511e37f501a899deb3bf7ea8adbbd3aef1c412da']",[],1.0,0ffee3ba8e615ad22535e7f771690a28,758945630046fd37070521b8544d1fe8,,,4927.877584,10.0.2.15,56754,54.84.124.48,443,tcp,23.60105300000032,360.0,5071.0,SF,True,False,0,ShADaTdFf,12,849,12,5555,ssl,0
4943.269152,CNIAfL20pOgU9V7gc,10.0.2.15,56772,192.0.77.2,443,TLSv12,TLS_ECDHE_RSA_WITH_AES_128_GCM_SHA256,secp256r1,i2.wp.com,False,True,CsxuknGIti,"['100d19010050ffe81865a1cae3b70fe455286cf162042ac5bf146d2a7491e24f', '973a41276ffd01e027a2aad49e34c37846d3e976ff6a620b6712e33832041aa6', '3a2fbe92891e57fe05d57087f48e730f17e5a5f53ef403d618e5b74d7a7e6ecb']",[],1.0,0ffee3ba8e615ad22535e7f771690a28,76cc3e2d3028143b23ec18e27dbd7ca9,h2,,4939.104375,10.0.2.15,56772,192.0.77.2,443,tcp,17.967523000000256,858.0,8088.0,SF,True,False,0,ShADadFf,19,1634,23,9012,ssl,0
4943.271841,CTjPNQ2QKzK8aNecSh,10.0.2.15,56771,172.217.23.238,443,TLSv12,TLS_ECDHE_RSA_WITH_AES_128_GCM_SHA256,x25519,www.google-analytics.com,False,True,CsxknGIti,"['31ed45c3400fc5f9a84dfaa0a6f6171369876ed4e2da669ee7f8edbe3593bf6b', '9f630426df1d8abfd80ace98871ba833ab9742cb34838de2b5285ed54c0c7dcc', '3c35cc963eb004451323d3275d05b353235053490d9cd83729a2faf5e7ca1cc0']",[],1.0,0ffee3ba8e615ad22535e7f771690a28,ab41313cfec25328b20865eb1388e0a2,h2,,4939.10353,10.0.2.15,56771,172.217.23.238,443,tcp,12.13510099999985,326.0,4031.0,RSTO,True,False,0,ShADadR,9,702,7,4315,ssl,0
4943.266329,CZDC0z1uRm757I8dz4,10.0.2.15,56769,192.0.77.2,443,TLSv12,TLS_ECDHE_RSA_WITH_AES_128_GCM_SHA256,secp256r1,i1.wp.com,False,True,CsxuknGIti,"['100d19010050ffe81865a1cae3b70fe455286cf162042ac5bf146d2a7491e24f', '973a41276ffd01e027a2aad49e34c37846d3e976ff6a620b6712e33832041aa6', '3a2fbe92891e57fe05d57087f48e730f17e5a5f53ef403d618e5b74d7a7e6ecb']",[],1.0,0ffee3ba8e615ad22535e7f771690a28,76cc3e2d3028143b23ec18e27dbd7ca9,h2,,4939.101701,10.0.2.15,56769,192.0.77.2,443,tcp,12.938431000000492,1878.0,79424.0,SF,True,False,0,ShADadFf,51,3934,92,83108,ssl,0
4943.891659,CYqqXo2EfTU9ENGUyj,10.0.2.15,56757,192.0.77.2,443,TLSv12,TLS_ECDHE_RSA_WITH_AES_128_GCM_SHA256,secp256r1,i1.wp.com,False,True,CsxuknGIti,"['100d19010050ffe81865a1cae3b70fe455286cf162042ac5bf146d2a7491e24f', '973a41276ffd01e027a2aad49e34c37846d3e976ff6a620b6712e33832041aa6', '3a2fbe92891e57fe05d57087f48e730f17e5a5f53ef403d618e5b74d7a7e6ecb']",[],1.0,0ffee3ba8e615ad22535e7f771690a28,76cc3e2d3028143b23ec18e27dbd7ca9,h2,,4942.902804,10.0.2.15,56757,192.0.77.2,443,tcp,8.37329199999931,851.0,30247.0,RSTO,True,False,0,ShADadFR,25,1859,40,31851,ssl,0
4944.918484,CNt2rt3y2TqSv28Ubk,10.0.2.15,56760,192.0.77.2,443,TLSv12,TLS_ECDHE_RSA_WITH_AES_128_GCM_SHA256,secp256r1,i2.wp.com,False,True,CsxuknGIti,"['100d19010050ffe81865a1cae3b70fe455286cf162042ac5bf146d2a7491e24f', '973a41276ffd01e027a2aad49e34c37846d3e976ff6a620b6712e33832041aa6', '3a2fbe92891e57fe05d57087f48e730f17e5a5f53ef403d618e5b74d7a7e6ecb']",[],1.0,0ffee3ba8e615ad22535e7f771690a28,76cc3e2d3028143b23ec18e27dbd7ca9,h2,,4942.904839,10.0.2.15,56760,192.0.77.2,443,tcp,15.836780000000545,343.0,6258.0,SF,True,False,0,ShADadFf,11,791,14,6822,ssl,0
4945.403353,CT1dBcYQfgz6pYGde,10.0.2.15,56759,172.217.23.238,443,TLSv12,TLS_ECDHE_RSA_WITH_AES_128_GCM_SHA256,x25519,www.google-analytics.com,False,True,CsxknGIti,"['31ed45c3400fc5f9a84dfaa0a6f6171369876ed4e2da669ee7f8edbe3593bf6b', '9f630426df1d8abfd80ace98871ba833ab9742cb34838de2b5285ed54c0c7dcc', '3c35cc963eb004451323d3275d05b353235053490d9cd83729a2faf5e7ca1cc0']",[],1.0,0ffee3ba8e615ad22535e7f771690a28,ab41313cfec25328b20865eb1388e0a2,h2,,4942.962334,10.0.2.15,56759,172.217.23.238,443,tcp,344.58588299999974,22778.0,10554.0,SF,True,False,0,ShADadFf,98,26706,118,15278,ssl,0
4959.044244,CfWi6t4vPPS6k50nAe,10.0.2.15,56784,54.84.124.48,443,TLSv12,TLS_ECDHE_RSA_WITH_AES_256_GCM_SHA384,,api.conservativereview.com,True,True,CsiI,,,,1a5fe5677b0e4fbbc854e8908225637d,364ff14b04ef93c3b4cfa429d729c0d9,,,4958.079274,10.0.2.15,56784,54.84.124.48,443,tcp,25.41175800000019,919.0,3745.0,SF,True,False,0,ShADadTfF,11,1368,12,4229,ssl,0
4960.720517,CXWD1Y2So8mZByLDFh,10.0.2.15,56785,54.84.124.48,443,TLSv12,TLS_ECDHE_RSA_WITH_AES_256_GCM_SHA384,,api.conservativereview.com,True,True,CsiI,,,,1a5fe5677b0e4fbbc854e8908225637d,364ff14b04ef93c3b4cfa429d729c0d9,,,4958.564959,10.0.2.15,56785,54.84.124.48,443,tcp,8.60566899999958,599.0,137.0,SF,True,False,0,ShADadFf,8,927,7,421,ssl,0
4960.768136,C4gYvb20g8hMk7VMs5,10.0.2.15,56790,63.140.58.111,443,TLSv12,TLS_ECDHE_RSA_WITH_AES_256_GCM_SHA384,,som.healthgrades.com,True,True,CsiI,,,,0ffee3ba8e615ad22535e7f771690a28,28ef90cc3d9d08c96a8a2cb6f365a79e,,,4959.464212,10.0.2.15,56790,63.140.58.111,443,tcp,26.48551000000043,2916.0,808.0,SF,True,False,0,ShADadTFf,12,3405,12,1292,ssl,0
4962.027068,CSwIko4DwnK9Yqg2ja,10.0.2.15,56792,54.217.205.184,443,TLSv12,TLS_ECDHE_RSA_WITH_AES_128_GCM_SHA256,,beacon.krxd.net,True,True,CsiI,,,,0ffee3ba8e615ad22535e7f771690a28,303951d4c50efb2e991652225a6f02b1,,,4960.225913,10.0.2.15,56792,54.217.205.184,443,tcp,7.117267999999967,753.0,145.0,SF,True,False,0,ShADadfF,9,1121,8,469,ssl,0
4962.865017,CJeKe43jPIYTUXa5Z,10.0.2.15,56802,216.137.61.223,443,TLSv12,TLS_ECDHE_RSA_WITH_AES_128_GCM_SHA256,secp256r1,d306gt4zvs7g2s.cloudfront.net,False,True,CsxuknGIti,"['90c0937808b31877df6c4a5c743c99325d974624be3735faa5078cf73d4fd205', 'eae72eb454bf6c3977ebd289e970b2f5282949190093d0d26f98d0f0d6a9cf17']",[],1.0,0ffee3ba8e615ad22535e7f771690a28,76cc3e2d3028143b23ec18e27dbd7ca9,h2,,4961.205484,10.0.2.15,56802,216.137.61.223,443,tcp,276.47580800000014,1906.0,107905.0,SF,True,False,0,ShADadFf,80,5114,147,113789,ssl,0
4965.103909,CuLt9X2X48NDGpNYLh,10.0.2.15,56803,216.137.61.223,443,TLSv12,TLS_ECDHE_RSA_WITH_AES_128_GCM_SHA256,secp256r1,d306gt4zvs7g2s.cloudfront.net,False,True,CsxuknGIti,"['90c0937808b31877df6c4a5c743c99325d974624be3735faa5078cf73d4fd205', 'eae72eb454bf6c3977ebd289e970b2f5282949190093d0d26f98d0f0d6a9cf17']",[],1.0,0ffee3ba8e615ad22535e7f771690a28,76cc3e2d3028143b23ec18e27dbd7ca9,h2,,4962.030245,10.0.2.15,56803,216.137.61.223,443,tcp,5.094659999999749,572.0,5300.0,RSTO,True,False,0,ShADadFR,14,1140,17,5984,ssl,0
4965.102383,C0lA0u2fvzNZjbukqi,10.0.2.15,56804,107.21.246.115,443,TLSv12,TLS_ECDHE_RSA_WITH_AES_128_GCM_SHA256,secp256r1,4056920322.log.optimizely.com,False,True,CsxknGIi,"['720a04382d93aa8932b95cc755b9fbaab1b6a01d85399736cf4d5a4607e41172', '19400be5b7a31fb733917700789d2f0a2471c0c9d506c0e504c06c16d7cb17c0', '7431e5f4c3c1ce4690774f0b61e05440883ba9a01ed00ba6abd7806ed3b118cf']",[],1.0,0ffee3ba8e615ad22535e7f771690a28,303951d4c50efb2e991652225a6f02b1,,,4962.610637,10.0.2.15,56804,107.21.246.115,443,tcp,9.413548000000446,363.0,4105.0,RSTO,True,False,0,ShADadFR,11,811,12,4589,ssl,0
4963.582536,CwUhjH2V6yf99xUXq2,10.0.2.15,56801,54.217.205.184,443,TLSv12,TLS_ECDHE_RSA_WITH_AES_128_GCM_SHA256,,beacon.krxd.net,True,True,CsiI,,,,0ffee3ba8e615ad22535e7f771690a28,303951d4c50efb2e991652225a6f02b1,,,4961.134727,10.0.2.15,56801,54.217.205.184,443,tcp,7.577111000000514,306.0,145.0,SF,True,False,0,ShADadfF,7,594,7,429,ssl,0
4963.576936,C03PHR2ri3gWpkyiw8,10.0.2.15,56793,54.84.124.48,443,TLSv12,TLS_ECDHE_RSA_WITH_AES_256_GCM_SHA384,,api.conservativereview.com,True,True,CsiI,,,,1a5fe5677b0e4fbbc854e8908225637d,364ff14b04ef93c3b4cfa429d729c0d9,,,4960.722026,10.0.2.15,56793,54.84.124.48,443,tcp,8.547379999999976,599.0,137.0,SF,True,False,0,ShADadFf,7,887,7,421,ssl,0
4963.579689,CzQaVM28cHap5uZvHe,10.0.2.15,56800,54.217.205.184,443,TLSv12,TLS_ECDHE_RSA_WITH_AES_128_GCM_SHA256,,beacon.krxd.net,True,True,CsiI,,,,0ffee3ba8e615ad22535e7f771690a28,303951d4c50efb2e991652225a6f02b1,,,4960.766406,10.0.2.15,56800,54.217.205.184,443,tcp,8.793088000000353,2538.0,145.0,SF,True,False,0,ShADadfF,9,2906,9,509,ssl,0
4963.582028,CD1324264u4DSktDZ9,10.0.2.15,56799,54.217.205.184,443,TLSv12,TLS_ECDHE_RSA_WITH_AES_128_GCM_SHA256,,beacon.krxd.net,True,True,CsiI,,,,0ffee3ba8e615ad22535e7f771690a28,303951d4c50efb2e991652225a6f02b1,,,4960.765675,10.0.2.15,56799,54.217.205.184,443,tcp,9.11879399999998,754.0,145.0,SF,True,False,0,ShADadfF,8,1082,8,469,ssl,0
4963.578401,C7qZ6j4d1673VMNv91,10.0.2.15,56798,63.140.58.111,443,TLSv12,TLS_ECDHE_RSA_WITH_AES_256_GCM_SHA384,,som.healthgrades.com,True,True,CsiI,,,,0ffee3ba8e615ad22535e7f771690a28,28ef90cc3d9d08c96a8a2cb6f365a79e,,,4960.763429,10.0.2.15,56798,63.140.58.111,443,tcp,9.660281000000396,311.0,147.0,SF,True,False,0,ShADadFf,7,599,7,431,ssl,0
4962.027955,CgYkna2kcY3AOW1fU,10.0.2.15,56791,54.221.215.7,443,TLSv12,TLS_ECDHE_RSA_WITH_AES_128_GCM_SHA256,secp256r1,4056920322.log.optimizely.com,False,True,CsxknGIi,"['720a04382d93aa8932b95cc755b9fbaab1b6a01d85399736cf4d5a4607e41172', '19400be5b7a31fb733917700789d2f0a2471c0c9d506c0e504c06c16d7cb17c0', '7431e5f4c3c1ce4690774f0b61e05440883ba9a01ed00ba6abd7806ed3b118cf']",[],1.0,0ffee3ba8e615ad22535e7f771690a28,303951d4c50efb2e991652225a6f02b1,,,4960.220743,10.0.2.15,56791,54.221.215.7,443,tcp,68.86431300000004,1172.0,4554.0,SF,True,False,0,ShADadTFf,16,1825,17,5238,ssl,0
4967.35583,CuZaFV1BRs0tVc3sd,10.0.2.15,56807,54.217.205.184,443,TLSv12,TLS_ECDHE_RSA_WITH_AES_128_GCM_SHA256,,beacon.krxd.net,True,True,CsiI,,,,0ffee3ba8e615ad22535e7f771690a28,303951d4c50efb2e991652225a6f02b1,,,4965.579454,10.0.2.15,56807,54.217.205.184,443,tcp,5.341899000000012,722.0,712.0,SF,True,False,0,ShADadFf,10,1130,9,1076,ssl,0
4967.677409,C3Llo533tmFh9nmmLa,10.0.2.15,56805,54.217.205.184,443,TLSv12,TLS_ECDHE_RSA_WITH_AES_128_GCM_SHA256,,beacon.krxd.net,True,True,CsiI,,,,0ffee3ba8e615ad22535e7f771690a28,303951d4c50efb2e991652225a6f02b1,,,4963.583817,10.0.2.15,56805,54.217.205.184,443,tcp,7.107809000000088,275.0,176.0,SF,True,False,0,ShADadFf,8,611,7,460,ssl,0
4968.155491,CQrI8IBAIA6qIRMs1,10.0.2.15,56814,216.52.1.12,443,TLSv12,TLS_ECDHE_RSA_WITH_AES_128_GCM_SHA256,secp256r1,loadus.exelator.com,False,True,CsxknGIti,"['df7c62f472c1d3b0d062e9ed1c65f67a88aad738cc232a6b40b55a446e9092f9', '973a41276ffd01e027a2aad49e34c37846d3e976ff6a620b6712e33832041aa6', '3a2fbe92891e57fe05d57087f48e730f17e5a5f53ef403d618e5b74d7a7e6ecb', 'c3846bf24b9e93ca64274c0ec67c1ecc5e024ffcacd2d74019350e81fe546ae4']",[],1.0,0ffee3ba8e615ad22535e7f771690a28,ccc514751b175866924439bdbb5bba34,,,4967.700062,10.0.2.15,56814,216.52.1.12,443,tcp,5.712819999999738,3580.0,9486.0,SF,True,False,0,ShADadfF,16,4228,21,10330,ssl,0
4968.156602,Cg3rxlgYUcv2nU895,10.0.2.15,56813,216.52.1.12,443,TLSv12,TLS_ECDHE_RSA_WITH_AES_128_GCM_SHA256,secp256r1,loadus.exelator.com,False,True,CsxknGIti,"['df7c62f472c1d3b0d062e9ed1c65f67a88aad738cc232a6b40b55a446e9092f9', '973a41276ffd01e027a2aad49e34c37846d3e976ff6a620b6712e33832041aa6', '3a2fbe92891e57fe05d57087f48e730f17e5a5f53ef403d618e5b74d7a7e6ecb', 'c3846bf24b9e93ca64274c0ec67c1ecc5e024ffcacd2d74019350e81fe546ae4']",[],1.0,0ffee3ba8e615ad22535e7f771690a28,ccc514751b175866924439bdbb5bba34,,,4967.699006,10.0.2.15,56813,216.52.1.12,443,tcp,8.549922000000151,353.0,5433.0,SF,True,False,0,ShADadFf,12,841,14,5997,ssl,0
4972.98298,CYT4Bv1mBXyhfxyQ4d,10.0.2.15,56816,54.217.205.184,443,TLSv12,TLS_ECDHE_RSA_WITH_AES_128_GCM_SHA256,,beacon.krxd.net,True,True,CsiI,,,,0ffee3ba8e615ad22535e7f771690a28,303951d4c50efb2e991652225a6f02b1,,,4972.250128,10.0.2.15,56816,54.217.205.184,443,tcp,4.407416000000012,723.0,821.0,SF,True,False,0,ShADadFf,10,1131,9,1185,ssl,0
4972.983748,Cyeu9ekXnMKE2aj42,10.0.2.15,56815,54.217.205.184,443,TLSv12,TLS_ECDHE_RSA_WITH_AES_128_GCM_SHA256,,beacon.krxd.net,True,True,CsiI,,,,0ffee3ba8e615ad22535e7f771690a28,303951d4c50efb2e991652225a6f02b1,,,4972.24823,10.0.2.15,56815,54.217.205.184,443,tcp,7.398626000000149,2507.0,707.0,SF,True,False,0,ShADadFf,10,2915,10,1111,ssl,0
4973.556585,CVTaua1WrsfvSc9gYi,10.0.2.15,56825,216.137.61.177,443,TLSv12,TLS_ECDHE_RSA_WITH_AES_128_GCM_SHA256,,d33ljpvc0tflz5.cloudfront.net,True,True,CsiI,,,,1a5fe5677b0e4fbbc854e8908225637d,d199ba0af2b08e204c73d6d81a1fd260,h2,,4973.029655,10.0.2.15,56825,216.137.61.177,443,tcp,196.34793199999967,4304.0,207492.0,SF,True,False,0,ShADadFf,172,11192,305,219696,ssl,0
4973.548982,CvsLw6lYNPZVbaKC3,10.0.2.15,56819,216.137.61.100,443,TLSv12,TLS_ECDHE_RSA_WITH_AES_128_GCM_SHA256,secp256r1,d2pc1kq2twy0v1.cloudfront.net,False,True,CsxuknGIti,"['90c0937808b31877df6c4a5c743c99325d974624be3735faa5078cf73d4fd205', 'eae72eb454bf6c3977ebd289e970b2f5282949190093d0d26f98d0f0d6a9cf17']",[],1.0,0ffee3ba8e615ad22535e7f771690a28,76cc3e2d3028143b23ec18e27dbd7ca9,h2,,4972.985602,10.0.2.15,56819,216.137.61.100,443,tcp,193.45025799999985,984.0,36602.0,SF,True,False,0,ShADadFf,41,2632,63,39126,ssl,0
4973.558772,C2dMak2XHVHWQGq9r6,10.0.2.15,56824,216.137.61.100,443,TLSv12,TLS_ECDHE_RSA_WITH_AES_128_GCM_SHA256,secp256r1,d2pc1kq2twy0v1.cloudfront.net,False,True,CsxuknGIti,"['90c0937808b31877df6c4a5c743c99325d974624be3735faa5078cf73d4fd205', 'eae72eb454bf6c3977ebd289e970b2f5282949190093d0d26f98d0f0d6a9cf17']",[],1.0,0ffee3ba8e615ad22535e7f771690a28,76cc3e2d3028143b23ec18e27dbd7ca9,h2,,4973.024807,10.0.2.15,56824,216.137.61.100,443,tcp,8.574738000000252,846.0,21257.0,SF,True,False,0,ShADadFf,26,1894,38,22781,ssl,0
4973.560899,CRXbV73j35rufVIRGc,10.0.2.15,56823,216.137.61.100,443,TLSv12,TLS_ECDHE_RSA_WITH_AES_128_GCM_SHA256,secp256r1,d2pc1kq2twy0v1.cloudfront.net,False,True,CsxuknGIti,"['90c0937808b31877df6c4a5c743c99325d974624be3735faa5078cf73d4fd205', 'eae72eb454bf6c3977ebd289e970b2f5282949190093d0d26f98d0f0d6a9cf17']",[],1.0,0ffee3ba8e615ad22535e7f771690a28,76cc3e2d3028143b23ec18e27dbd7ca9,h2,,4973.016636,10.0.2.15,56823,216.137.61.100,443,tcp,8.780807999999524,846.0,17219.0,SF,True,False,0,ShADadFf,22,1734,32,18503,ssl,0
4973.562897,Cpk2vG35IxeUmBzgh9,10.0.2.15,56821,216.137.61.100,443,TLSv12,TLS_ECDHE_RSA_WITH_AES_128_GCM_SHA256,secp256r1,d2pc1kq2twy0v1.cloudfront.net,False,True,CsxuknGIti,"['90c0937808b31877df6c4a5c743c99325d974624be3735faa5078cf73d4fd205', 'eae72eb454bf6c3977ebd289e970b2f5282949190093d0d26f98d0f0d6a9cf17']",[],1.0,0ffee3ba8e615ad22535e7f771690a28,76cc3e2d3028143b23ec18e27dbd7ca9,h2,,4972.991483,10.0.2.15,56821,216.137.61.100,443,tcp,11.383375999999773,846.0,25463.0,SF,True,False,0,ShADadFf,30,2054,45,27267,ssl,0
4973.562048,CGKakt1IATyHsqGxqf,10.0.2.15,56822,216.137.61.100,443,TLSv12,TLS_ECDHE_RSA_WITH_AES_128_GCM_SHA256,secp256r1,d2pc1kq2twy0v1.cloudfront.net,False,True,CsxuknGIti,"['90c0937808b31877df6c4a5c743c99325d974624be3735faa5078cf73d4fd205', 'eae72eb454bf6c3977ebd289e970b2f5282949190093d0d26f98d0f0d6a9cf17']",[],1.0,0ffee3ba8e615ad22535e7f771690a28,76cc3e2d3028143b23ec18e27dbd7ca9,h2,,4972.994914,10.0.2.15,56822,216.137.61.100,443,tcp,11.438170000000357,846.0,39022.0,SF,True,False,0,ShADadFf,38,2374,63,41546,ssl,0
4973.563914,CT2jRZT6T6nlBiti9,10.0.2.15,56820,216.137.61.100,443,TLSv12,TLS_ECDHE_RSA_WITH_AES_128_GCM_SHA256,secp256r1,d2pc1kq2twy0v1.cloudfront.net,False,True,CsxuknGIti,"['90c0937808b31877df6c4a5c743c99325d974624be3735faa5078cf73d4fd205', 'eae72eb454bf6c3977ebd289e970b2f5282949190093d0d26f98d0f0d6a9cf17']",[],1.0,0ffee3ba8e615ad22535e7f771690a28,76cc3e2d3028143b23ec18e27dbd7ca9,h2,,4972.986139,10.0.2.15,56820,216.137.61.100,443,tcp,10.740328000000773,846.0,24049.0,SF,True,False,0,ShADadFf,28,1974,42,25733,ssl,0
4979.32596,CpkBYp2DrtaQoZzkWj,10.0.2.15,56826,104.16.204.165,443,TLSv12,TLS_ECDHE_ECDSA_WITH_AES_128_GCM_SHA256,secp256r1,freedomdaily.onesignal.com,False,True,CsxuknGIti,"['b0ad6221b59460c2adbe8239f30a9330216428febc77fde6fbfef1529e8b6b5c', 'cd6c108a0e641f2ca122aaa6d03f826759cae7c6f800eabf76dc48b67cd083ce', '9573862ac0b4b125168810ea3fd101ae2eb0bb15f61fc0e6da7a2a38b85a89e8']",[],1.0,0ffee3ba8e615ad22535e7f771690a28,7d3eb4120cd50e889bcd3f3783be0f82,h2,,4977.118121,10.0.2.15,56826,104.16.204.165,443,tcp,7.598199000000022,540.0,3837.0,SF,True,False,0,ShADadFf,11,988,12,4321,ssl,0
4982.100874,CYP1fgOtMcsezLP6b,10.0.2.15,56827,52.216.2.48,443,TLSv12,TLS_ECDHE_RSA_WITH_AES_128_GCM_SHA256,secp256r1,load.s3.amazonaws.com,False,True,CsxknGIi,"['659a3d7684850e6d664f5131f9f8765469b9c7017b7a0e206f8c1c9445cb1c69', 'f9690880819f06cdcc0b2f224b207f2af6003fb57339b8679a160fa95208d62d']",[],1.0,0ffee3ba8e615ad22535e7f771690a28,ea615e28cb25adfb2f261151eab3314f,,,4980.304752,10.0.2.15,56827,52.216.2.48,443,tcp,11.795398000000205,355.0,3040.0,RSTO,True,False,0,ShADadFR,10,763,13,3564,ssl,0
4986.115698,ClGIEW2GFr8T6ydosd,10.0.2.15,56836,95.101.253.252,443,TLSv12,TLS_ECDHE_RSA_WITH_AES_256_GCM_SHA384,secp256r1,zn_3wiljbr7hicaevv-healthgrades.siteintercept.qualtrics.com,False,True,CsxknGIti,"['549e0da80cc39c6d7cbe3eeb94565d533558c702c19bea5609256486b64d1cff', '154c433c491929c5ef686e838e323664a00e6a0d822ccc958fb4dab03e49a08f']",[],1.0,0ffee3ba8e615ad22535e7f771690a28,2b33c1374db4ddf06942f92373c0b54b,h2,,4984.966376,10.0.2.15,56836,95.101.253.252,443,tcp,9.461997999999769,999.0,13180.0,SF,True,False,0,ShADadFfRr,23,1927,32,14464,ssl,0
4986.11972,CP05Pn2tldhZc4fCv1,10.0.2.15,56835,95.101.253.252,443,TLSv12,TLS_ECDHE_RSA_WITH_AES_256_GCM_SHA384,secp256r1,zn_3wiljbr7hicaevv-healthgrades.siteintercept.qualtrics.com,False,True,CsxknGIti,"['549e0da80cc39c6d7cbe3eeb94565d533558c702c19bea5609256486b64d1cff', '154c433c491929c5ef686e838e323664a00e6a0d822ccc958fb4dab03e49a08f']",[],1.0,0ffee3ba8e615ad22535e7f771690a28,2b33c1374db4ddf06942f92373c0b54b,h2,,4984.964355,10.0.2.15,56835,95.101.253.252,443,tcp,210.4816579999997,2529.0,33687.0,SF,True,False,0,ShADadFfRr,37,4017,57,35971,ssl,0
4988.037203,CQ6lq81a8ttdASQJ02,10.0.2.15,56837,95.101.253.252,443,TLSv12,TLS_ECDHE_RSA_WITH_AES_256_GCM_SHA384,secp256r1,zn_3wiljbr7hicaevv-healthgrades.siteintercept.qualtrics.com,False,True,CsxknGIti,"['549e0da80cc39c6d7cbe3eeb94565d533558c702c19bea5609256486b64d1cff', '154c433c491929c5ef686e838e323664a00e6a0d822ccc958fb4dab03e49a08f']",[],1.0,0ffee3ba8e615ad22535e7f771690a28,2b33c1374db4ddf06942f92373c0b54b,h2,,4986.823767,10.0.2.15,56837,95.101.253.252,443,tcp,6.187969000000521,602.0,3722.0,RSTO,True,False,0,ShADadFR,13,1130,14,4286,ssl,0
4989.115351,CSL3zN37rrvt3I4vg,10.0.2.15,56838,104.20.110.39,443,TLSv12,TLS_ECDHE_ECDSA_WITH_AES_128_GCM_SHA256,secp256r1,static.addtoany.com,False,True,CsxuknGIti,"['fc5377c9d272f0a3e08a7103432258b9f52dce4b71462e62042ad974ed13d7fb', 'cd6c108a0e641f2ca122aaa6d03f826759cae7c6f800eabf76dc48b67cd083ce', '9573862ac0b4b125168810ea3fd101ae2eb0bb15f61fc0e6da7a2a38b85a89e8']",[],1.0,0ffee3ba8e615ad22535e7f771690a28,7d3eb4120cd50e889bcd3f3783be0f82,h2,,4987.326207,10.0.2.15,56838,104.20.110.39,443,tcp,197.1346270000004,1234.0,67960.0,SF,True,False,0,ShADadFf,41,2882,78,71084,ssl,0
4989.354102,CGSriO34dFVpszww99,10.0.2.15,56840,104.20.110.39,443,TLSv12,TLS_ECDHE_ECDSA_WITH_AES_128_GCM_SHA256,secp256r1,static.addtoany.com,False,True,CsxuknGIti,"['fc5377c9d272f0a3e08a7103432258b9f52dce4b71462e62042ad974ed13d7fb', 'cd6c108a0e641f2ca122aaa6d03f826759cae7c6f800eabf76dc48b67cd083ce', '9573862ac0b4b125168810ea3fd101ae2eb0bb15f61fc0e6da7a2a38b85a89e8']",[],1.0,0ffee3ba8e615ad22535e7f771690a28,7d3eb4120cd50e889bcd3f3783be0f82,h2,,4987.587367,10.0.2.15,56840,104.20.110.39,443,tcp,7.863607000000229,562.0,3855.0,SF,True,False,0,ShADadFf,12,1050,14,4419,ssl,0
4993.302131,CXGVE315MUvYgCXpkl,10.0.2.15,56848,52.216.226.99,443,TLSv12,TLS_ECDHE_RSA_WITH_AES_128_GCM_SHA256,secp256r1,s3.amazonaws.com,False,True,CsxknGIi,"['6be2c04e442c0aa126e2e374c248fc093077df1a3810867decdfea113add4357', 'f9690880819f06cdcc0b2f224b207f2af6003fb57339b8679a160fa95208d62d']",[],1.0,0ffee3ba8e615ad22535e7f771690a28,ea615e28cb25adfb2f261151eab3314f,,,4989.232876,10.0.2.15,56848,52.216.226.99,443,tcp,12.826200999999855,636.0,6934.0,SF,True,False,0,ShADadFf,13,1172,17,7618,ssl,0
4993.529918,CyWNxG3f1fnaigVMlj,10.0.2.15,56851,52.216.226.99,443,TLSv12,TLS_ECDHE_RSA_WITH_AES_128_GCM_SHA256,secp256r1,s3.amazonaws.com,False,True,CsxknGIi,"['6be2c04e442c0aa126e2e374c248fc093077df1a3810867decdfea113add4357', 'f9690880819f06cdcc0b2f224b207f2af6003fb57339b8679a160fa95208d62d']",[],1.0,0ffee3ba8e615ad22535e7f771690a28,ea615e28cb25adfb2f261151eab3314f,,,4989.501434,10.0.2.15,56851,52.216.226.99,443,tcp,12.71034200000031,637.0,6007.0,SF,True,False,0,ShADadFf,12,1133,18,6731,ssl,0
4993.531735,CMZ3xV2HvvnhTHazVg,10.0.2.15,56852,52.216.226.99,443,TLSv12,TLS_ECDHE_RSA_WITH_AES_128_GCM_SHA256,secp256r1,s3.amazonaws.com,False,True,CsxknGIi,"['6be2c04e442c0aa126e2e374c248fc093077df1a3810867decdfea113add4357', 'f9690880819f06cdcc0b2f224b207f2af6003fb57339b8679a160fa95208d62d']",[],1.0,0ffee3ba8e615ad22535e7f771690a28,ea615e28cb25adfb2f261151eab3314f,,,4989.501836,10.0.2.15,56852,52.216.226.99,443,tcp,10.430673999999271,350.0,3177.0,SF,True,False,0,ShADadFfRr,11,806,13,3701,ssl,0
4993.53451,CRfeTg2FPysqjgoGFb,10.0.2.15,56849,52.216.226.99,443,TLSv12,TLS_ECDHE_RSA_WITH_AES_128_GCM_SHA256,secp256r1,s3.amazonaws.com,False,True,CsxknGIi,"['6be2c04e442c0aa126e2e374c248fc093077df1a3810867decdfea113add4357', 'f9690880819f06cdcc0b2f224b207f2af6003fb57339b8679a160fa95208d62d']",[],1.0,0ffee3ba8e615ad22535e7f771690a28,ea615e28cb25adfb2f261151eab3314f,,,4989.23343,10.0.2.15,56849,52.216.226.99,443,tcp,10.672198000000208,350.0,3177.0,RSTO,True,False,0,ShADadFR,11,806,13,3701,ssl,0
5000.594309,CBHfWcn1V2gYtEfTi,10.0.2.15,56868,95.101.253.252,443,TLSv12,TLS_ECDHE_RSA_WITH_AES_256_GCM_SHA384,secp256r1,siteintercept.qualtrics.com,False,True,CsxknGIti,"['549e0da80cc39c6d7cbe3eeb94565d533558c702c19bea5609256486b64d1cff', '154c433c491929c5ef686e838e323664a00e6a0d822ccc958fb4dab03e49a08f']",[],1.0,0ffee3ba8e615ad22535e7f771690a28,2b33c1374db4ddf06942f92373c0b54b,h2,,5000.442791,10.0.2.15,56868,95.101.253.252,443,tcp,141.81431599999996,1024.0,4385.0,RSTO,True,False,0,ShADadFR,18,1752,21,5229,ssl,0
5000.594973,CTrkw6s4FrGRSxtv2,10.0.2.15,56867,95.101.253.252,443,TLSv12,TLS_ECDHE_RSA_WITH_AES_256_GCM_SHA384,secp256r1,siteintercept.qualtrics.com,False,True,CsxknGIti,"['549e0da80cc39c6d7cbe3eeb94565d533558c702c19bea5609256486b64d1cff', '154c433c491929c5ef686e838e323664a00e6a0d822ccc958fb4dab03e49a08f']",[],1.0,0ffee3ba8e615ad22535e7f771690a28,2b33c1374db4ddf06942f92373c0b54b,h2,,5000.441281,10.0.2.15,56867,95.101.253.252,443,tcp,3.655202999999346,908.0,4631.0,SF,True,False,0,ShADadFfRr,16,1556,19,5395,ssl,0
5000.595607,CKAISqqx7mNa5IoTl,10.0.2.15,56866,95.101.253.252,443,TLSv12,TLS_ECDHE_RSA_WITH_AES_256_GCM_SHA384,secp256r1,siteintercept.qualtrics.com,False,True,CsxknGIti,"['549e0da80cc39c6d7cbe3eeb94565d533558c702c19bea5609256486b64d1cff', '154c433c491929c5ef686e838e323664a00e6a0d822ccc958fb4dab03e49a08f']",[],1.0,0ffee3ba8e615ad22535e7f771690a28,2b33c1374db4ddf06942f92373c0b54b,h2,,5000.439934,10.0.2.15,56866,95.101.253.252,443,tcp,3.37977200000023,570.0,3690.0,SF,True,False,0,ShADadFfRr,14,1138,16,4334,ssl,0
5000.596421,Cqe9Gk1lD25r42gbHe,10.0.2.15,56865,95.101.253.252,443,TLSv12,TLS_ECDHE_RSA_WITH_AES_256_GCM_SHA384,secp256r1,siteintercept.qualtrics.com,False,True,CsxknGIti,"['549e0da80cc39c6d7cbe3eeb94565d533558c702c19bea5609256486b64d1cff', '154c433c491929c5ef686e838e323664a00e6a0d822ccc958fb4dab03e49a08f']",[],1.0,0ffee3ba8e615ad22535e7f771690a28,2b33c1374db4ddf06942f92373c0b54b,h2,,5000.4393,10.0.2.15,56865,95.101.253.252,443,tcp,3.377846000000318,570.0,3690.0,SF,True,False,0,ShADadFfRr,14,1138,17,4374,ssl,0
5001.028249,C9bWTP3KjQ18XZ8D8c,10.0.2.15,56869,216.58.214.225,443,TLSv12,TLS_ECDHE_RSA_WITH_AES_128_GCM_SHA256,x25519,tpc.googlesyndication.com,False,True,CsxknGIti,"['1a04953b8e7e73c9260dd8ebc167433d66e5c2dd13da8be4a7be677086cfb34c', '9f630426df1d8abfd80ace98871ba833ab9742cb34838de2b5285ed54c0c7dcc', '3c35cc963eb004451323d3275d05b353235053490d9cd83729a2faf5e7ca1cc0']",[],1.0,0ffee3ba8e615ad22535e7f771690a28,ab41313cfec25328b20865eb1388e0a2,h2,,5000.597384,10.0.2.15,56869,216.58.214.225,443,tcp,194.8480840000002,1195.0,207885.0,SF,True,False,0,ShADadFf,87,4683,224,216849,ssl,0
5010.033723,CC42Hk4psT8GOcpwfi,10.0.2.15,56881,104.94.42.163,443,TLSv12,TLS_ECDHE_RSA_WITH_AES_256_GCM_SHA384,secp256r1,www.kaiserpermanente.org,False,True,CsxknGIti,"['f93f5b0b3ba6c5adc3cd8ee735f29714138b6d0977fd8a657776ed0dea8356b6', 'eae72eb454bf6c3977ebd289e970b2f5282949190093d0d26f98d0f0d6a9cf17', '8420dfbe376f414bf4c0a81e6936d24ccc03f304835b86c7a39142fca723a689']",[],1.0,0ffee3ba8e615ad22535e7f771690a28,2b33c1374db4ddf06942f92373c0b54b,http/1.1,,5010.016087,10.0.2.15,56881,104.94.42.163,443,tcp,127.46990199999982,712.0,5422.0,RSTO,True,False,0,ShADadTTFR,24,1692,26,6466,ssl,0
5011.845048,CcHqy71AzgUnIqFg2l,10.0.2.15,56883,104.94.42.163,443,TLSv12,TLS_ECDHE_RSA_WITH_AES_256_GCM_SHA384,secp256r1,healthy.kaiserpermanente.org,False,True,CsxknGIti,"['f93f5b0b3ba6c5adc3cd8ee735f29714138b6d0977fd8a657776ed0dea8356b6', 'eae72eb454bf6c3977ebd289e970b2f5282949190093d0d26f98d0f0d6a9cf17', '8420dfbe376f414bf4c0a81e6936d24ccc03f304835b86c7a39142fca723a689']",[],1.0,0ffee3ba8e615ad22535e7f771690a28,2b33c1374db4ddf06942f92373c0b54b,http/1.1,,5011.819887,10.0.2.15,56883,104.94.42.163,443,tcp,268.36871300000075,15773.0,289757.0,RSTO,True,False,0,ShADadTTFR,190,23399,375,304761,ssl,0
5012.500939,ClLTL42Q1CplCrnGL5,10.0.2.15,56888,104.94.42.163,443,TLSv12,TLS_ECDHE_RSA_WITH_AES_256_GCM_SHA384,,healthy.kaiserpermanente.org,True,True,CsiI,,,,1a5fe5677b0e4fbbc854e8908225637d,410b9bedaf65dd26c6fe547154d60db4,http/1.1,,5012.435128,10.0.2.15,56888,104.94.42.163,443,tcp,220.83544400000028,7746.0,183105.0,SF,True,False,0,ShADadTTFfRr,131,13012,257,193389,ssl,0
5012.479985,C3Tn6S1DVHSQ1Nudt8,10.0.2.15,56887,104.94.42.163,443,TLSv12,TLS_ECDHE_RSA_WITH_AES_256_GCM_SHA384,,healthy.kaiserpermanente.org,True,True,CsiI,,,,1a5fe5677b0e4fbbc854e8908225637d,410b9bedaf65dd26c6fe547154d60db4,http/1.1,,5012.434691,10.0.2.15,56887,104.94.42.163,443,tcp,231.62777599999936,4862.0,177578.0,SF,True,False,0,ShADadTTFfRr,108,9210,223,186502,ssl,0
5012.475333,CwnozR2sANwKdAkuSe,10.0.2.15,56886,104.94.42.163,443,TLSv12,TLS_ECDHE_RSA_WITH_AES_256_GCM_SHA384,,healthy.kaiserpermanente.org,True,True,CsiI,,,,1a5fe5677b0e4fbbc854e8908225637d,410b9bedaf65dd26c6fe547154d60db4,http/1.1,,5012.433857,10.0.2.15,56886,104.94.42.163,443,tcp,220.84216399999968,6752.0,286113.0,SF,True,False,0,ShADadTTFfRr,174,13739,365,300717,ssl,0
5012.474459,CVro262HdvIvONa1yi,10.0.2.15,56885,104.94.42.163,443,TLSv12,TLS_ECDHE_RSA_WITH_AES_256_GCM_SHA384,,healthy.kaiserpermanente.org,True,True,CsiI,,,,1a5fe5677b0e4fbbc854e8908225637d,410b9bedaf65dd26c6fe547154d60db4,http/1.1,,5012.433122,10.0.2.15,56885,104.94.42.163,443,tcp,220.8449869999995,6806.0,393619.0,RSTO,True,False,0,ShADadTTFR,211,15271,454,411783,ssl,0
5012.471379,C6HMiT3vP5ZMsDfFXf,10.0.2.15,56884,104.94.42.163,443,TLSv12,TLS_ECDHE_RSA_WITH_AES_256_GCM_SHA384,,healthy.kaiserpermanente.org,True,True,CsiI,,,,1a5fe5677b0e4fbbc854e8908225637d,410b9bedaf65dd26c6fe547154d60db4,http/1.1,,5012.43233,10.0.2.15,56884,104.94.42.163,443,tcp,266.7699680000005,9799.0,330329.0,RSTO,True,False,0,ShADadTWTFR,189,17388,408,346653,ssl,0
5012.666762,C9966c3StJZJz1eHqd,10.0.2.15,56889,95.101.246.111,443,TLSv12,TLS_ECDHE_RSA_WITH_AES_256_GCM_SHA384,,assets.adobedtm.com,True,True,CsiI,,,,1a5fe5677b0e4fbbc854e8908225637d,410b9bedaf65dd26c6fe547154d60db4,http/1.1,,5012.470286,10.0.2.15,56889,95.101.246.111,443,tcp,147.0642630000002,2932.0,114101.0,RSTO,True,False,0,ShADadTTFR,73,5873,138,119625,ssl,0
5012.826268,C3A4Gm3QlMYaox5Oj,10.0.2.15,56890,95.101.246.111,443,TLSv12,TLS_ECDHE_RSA_WITH_AES_256_GCM_SHA384,,assets.adobedtm.com,True,True,CsiI,,,,1a5fe5677b0e4fbbc854e8908225637d,410b9bedaf65dd26c6fe547154d60db4,http/1.1,,5012.669225,10.0.2.15,56890,95.101.246.111,443,tcp,6.670791000000463,599.0,183.0,RSTO,True,False,0,ShADadFR,7,887,7,467,ssl,0
5022.194424,CyxhtMuXqgeME2ahf,10.0.2.15,56894,54.76.1.36,443,TLSv12,TLS_ECDHE_RSA_WITH_AES_128_GCM_SHA256,secp256r1,dpm.demdex.net,False,True,CsxknGIi,"['ab8f7b89fa3e472463832f1b07660350a24ba646789dce6dd09107fab1d86a12', '19400be5b7a31fb733917700789d2f0a2471c0c9d506c0e504c06c16d7cb17c0']",[],1.0,0ffee3ba8e615ad22535e7f771690a28,303951d4c50efb2e991652225a6f02b1,,,5021.545181,10.0.2.15,56894,54.76.1.36,443,tcp,75.21091999999953,2490.0,4152.0,SF,True,False,0,ShADadTFf,19,3264,21,4996,ssl,0
5022.452919,Cvxzuz1cG5xOlQMrMk,10.0.2.15,56896,54.76.1.36,443,TLSv12,TLS_ECDHE_RSA_WITH_AES_128_GCM_SHA256,secp256r1,dpm.demdex.net,False,True,CsxknGIi,"['ab8f7b89fa3e472463832f1b07660350a24ba646789dce6dd09107fab1d86a12', '19400be5b7a31fb733917700789d2f0a2471c0c9d506c0e504c06c16d7cb17c0']",[],1.0,0ffee3ba8e615ad22535e7f771690a28,303951d4c50efb2e991652225a6f02b1,,,5021.811862,10.0.2.15,56896,54.76.1.36,443,tcp,6.391718000000765,348.0,3143.0,SF,True,False,0,ShADadFfRr,11,796,14,3707,ssl,0
5022.450752,CFQ6ri4hUbFrL7G5Eb,10.0.2.15,56891,54.76.1.36,443,TLSv12,TLS_ECDHE_RSA_WITH_AES_128_GCM_SHA256,secp256r1,dpm.demdex.net,False,True,CsxknGIi,"['ab8f7b89fa3e472463832f1b07660350a24ba646789dce6dd09107fab1d86a12', '19400be5b7a31fb733917700789d2f0a2471c0c9d506c0e504c06c16d7cb17c0']",[],1.0,0ffee3ba8e615ad22535e7f771690a28,303951d4c50efb2e991652225a6f02b1,,,5019.123635,10.0.2.15,56891,54.76.1.36,443,tcp,9.164872999999716,348.0,3143.0,SF,True,False,0,ShADadFfRr,12,844,13,3667,ssl,0
5026.188835,CvYQfY1MKobpS5cvY1,10.0.2.15,56908,216.137.61.50,443,TLSv12,TLS_ECDHE_RSA_WITH_AES_128_GCM_SHA256,secp256r1,d2p3bygnnzw9w3.cloudfront.net,False,True,CsxuknGIti,"['90c0937808b31877df6c4a5c743c99325d974624be3735faa5078cf73d4fd205', 'eae72eb454bf6c3977ebd289e970b2f5282949190093d0d26f98d0f0d6a9cf17']",[],1.0,0ffee3ba8e615ad22535e7f771690a28,76cc3e2d3028143b23ec18e27dbd7ca9,h2,,5026.133645,10.0.2.15,56908,216.137.61.50,443,tcp,0.6209870000002411,543.0,5300.0,SF,True,False,0,ShADadFf,11,991,13,5824,ssl,0
5027.291966,CaQK0t4BpTwJ4jYUX9,10.0.2.15,56911,216.137.61.50,443,TLSv12,TLS_ECDHE_RSA_WITH_AES_128_GCM_SHA256,,d2p3bygnnzw9w3.cloudfront.net,True,True,CsiI,,,,1a5fe5677b0e4fbbc854e8908225637d,d199ba0af2b08e204c73d6d81a1fd260,h2,,5026.749421,10.0.2.15,56911,216.137.61.50,443,tcp,1.919548999999278,779.0,257.0,RSTO,True,False,0,ShADadFR,8,1107,9,621,ssl,0
5028.849619,CzaqL6201wJME8bKd7,10.0.2.15,56903,172.217.23.238,443,TLSv12,TLS_ECDHE_RSA_WITH_AES_128_GCM_SHA256,x25519,www.google-analytics.com,False,True,CsxknGIti,"['31ed45c3400fc5f9a84dfaa0a6f6171369876ed4e2da669ee7f8edbe3593bf6b', '9f630426df1d8abfd80ace98871ba833ab9742cb34838de2b5285ed54c0c7dcc', '3c35cc963eb004451323d3275d05b353235053490d9cd83729a2faf5e7ca1cc0']",[],1.0,0ffee3ba8e615ad22535e7f771690a28,ab41313cfec25328b20865eb1388e0a2,h2,,5025.830767,10.0.2.15,56903,172.217.23.238,443,tcp,152.1367849999997,696.0,4161.0,SF,True,False,0,ShADadFfRr,17,1392,20,4965,ssl,0
5028.956854,CMGA2ERaEUyHVLoH1,10.0.2.15,56904,216.58.201.98,443,TLSv12,TLS_ECDHE_RSA_WITH_AES_128_GCM_SHA256,,www.googletagservices.com,True,True,CsiI,,,,1a5fe5677b0e4fbbc854e8908225637d,67619a80665d7ab92d1041b1d11f9164,h2,,5025.833683,10.0.2.15,56904,216.58.201.98,443,tcp,143.9807810000002,938.0,384.0,SF,True,False,0,ShADadFRfr,16,1594,18,1108,ssl,0
5029.449075,CdAzN41aFbpIUUMzyd,10.0.2.15,56907,216.137.61.50,443,TLSv12,TLS_ECDHE_RSA_WITH_AES_128_GCM_SHA256,,d2p3bygnnzw9w3.cloudfront.net,True,True,CsiI,,,,1a5fe5677b0e4fbbc854e8908225637d,d199ba0af2b08e204c73d6d81a1fd260,h2,,5026.132529,10.0.2.15,56907,216.137.61.50,443,tcp,4.285509999999704,779.0,257.0,SF,True,False,0,ShADadFf,11,1235,10,661,ssl,0
5029.451068,Cb2qJ03HanBNAgy4m4,10.0.2.15,56906,216.137.61.50,443,TLSv12,TLS_ECDHE_RSA_WITH_AES_128_GCM_SHA256,,d2p3bygnnzw9w3.cloudfront.net,True,True,CsiI,,,,1a5fe5677b0e4fbbc854e8908225637d,d199ba0af2b08e204c73d6d81a1fd260,h2,,5026.129946,10.0.2.15,56906,216.137.61.50,443,tcp,4.280053000000407,779.0,257.0,SF,True,False,0,ShADadFf,10,1195,10,661,ssl,0
5029.448065,C1Gjgc1euLPU5TRmkd,10.0.2.15,56905,216.137.61.50,443,TLSv12,TLS_ECDHE_RSA_WITH_AES_128_GCM_SHA256,secp256r1,d2p3bygnnzw9w3.cloudfront.net,False,True,CsxuknGIti,"['90c0937808b31877df6c4a5c743c99325d974624be3735faa5078cf73d4fd205', 'eae72eb454bf6c3977ebd289e970b2f5282949190093d0d26f98d0f0d6a9cf17']",[],1.0,0ffee3ba8e615ad22535e7f771690a28,76cc3e2d3028143b23ec18e27dbd7ca9,h2,,5026.1218,10.0.2.15,56905,216.137.61.50,443,tcp,211.7394890000005,958.0,10952.0,SF,True,False,0,ShADadFf,23,1894,28,12076,ssl,0
5034.185268,C5km4F3dO5W3Dmj7c5,10.0.2.15,56916,172.217.23.238,443,TLSv12,TLS_ECDHE_ECDSA_WITH_AES_128_GCM_SHA256,,safebrowsing.google.com,True,True,CsiI,,,,1a5fe5677b0e4fbbc854e8908225637d,c23237dbea656869600e48dfbd00ab7b,h2,,5033.237264,10.0.2.15,56916,172.217.23.238,443,tcp,204.45754899999972,24194.0,1347.0,SF,True,False,0,ShADadFf,37,25682,38,2871,ssl,0
5035.568354,CRNh7d28z1Xs4Di8p9,10.0.2.15,56920,95.101.246.111,443,TLSv12,TLS_ECDHE_RSA_WITH_AES_256_GCM_SHA384,,assets.adobedtm.com,True,True,CsiI,,,,1a5fe5677b0e4fbbc854e8908225637d,410b9bedaf65dd26c6fe547154d60db4,http/1.1,,5034.180599,10.0.2.15,56920,95.101.246.111,443,tcp,7.090776000000005,599.0,183.0,SF,True,False,0,ShADadFfRr,9,967,9,547,ssl,0
5035.569264,CDP6JNMmD6Afw6rVh,10.0.2.15,56919,95.101.246.111,443,TLSv12,TLS_ECDHE_RSA_WITH_AES_256_GCM_SHA384,,assets.adobedtm.com,True,True,CsiI,,,,1a5fe5677b0e4fbbc854e8908225637d,410b9bedaf65dd26c6fe547154d60db4,http/1.1,,5034.179857,10.0.2.15,56919,95.101.246.111,443,tcp,7.111879000000044,599.0,183.0,SF,True,False,0,ShADadFfRr,8,927,9,547,ssl,0
5035.553355,CggMIy46psCKM7FRWk,10.0.2.15,56922,95.172.71.38,443,TLSv12,TLS_ECDHE_RSA_WITH_AES_128_GCM_SHA256,secp256r1,s.webtrends.com,False,True,CsxknGIti,"['02616878fd82f6ac05b76ee40037b35e91960c767c8866db9b8787e5ce99cb79', '6b143c2005d5539cc22eab5f772db2a9fe87467feffa07fcf0a9f7d28274ca7a', 'f5c2f23c6518f9d19b6f39beaea4fbae10031ba9dc985ce1563a520da0ad4116']",[],1.0,0ffee3ba8e615ad22535e7f771690a28,389ed42c02ebecc32e73aa31def07e14,,,5034.211436,10.0.2.15,56922,95.172.71.38,443,tcp,10.464249000000564,671.0,26827.0,SF,True,False,0,ShADadfF,20,1479,35,28231,ssl,0
5035.55457,CkHh7g4EcJhJjNW7uk,10.0.2.15,56921,95.172.71.38,443,TLSv12,TLS_ECDHE_RSA_WITH_AES_128_GCM_SHA256,secp256r1,s.webtrends.com,False,True,CsxknGIti,"['02616878fd82f6ac05b76ee40037b35e91960c767c8866db9b8787e5ce99cb79', '6b143c2005d5539cc22eab5f772db2a9fe87467feffa07fcf0a9f7d28274ca7a', 'f5c2f23c6518f9d19b6f39beaea4fbae10031ba9dc985ce1563a520da0ad4116']",[],1.0,0ffee3ba8e615ad22535e7f771690a28,389ed42c02ebecc32e73aa31def07e14,,,5034.209882,10.0.2.15,56921,95.172.71.38,443,tcp,7.655240999999478,349.0,4574.0,SF,True,False,0,ShADadFf,11,797,12,5058,ssl,0
5035.551958,Ch1abN39oye8acmIFb,10.0.2.15,56917,192.243.255.236,443,TLSv12,TLS_ECDHE_RSA_WITH_AES_256_GCM_SHA384,secp256r1,smetrics.kaiserpermanente.org,False,True,CsxknGIi,"['4173fd402b064cac13cb7fcf53e3b4d9c9908e2b87860dacbbeeac99b9115a29', '19400be5b7a31fb733917700789d2f0a2471c0c9d506c0e504c06c16d7cb17c0']",[],1.0,0ffee3ba8e615ad22535e7f771690a28,959bfcf87532cbff1253e80a4ee81308,,,5034.176509,10.0.2.15,56917,192.243.255.236,443,tcp,36.62101499999972,3323.0,4206.0,SF,True,False,0,ShADadTFf,18,4053,20,5010,ssl,0
5035.57023,C4Ka8FAjXq3M1WuLj,10.0.2.15,56918,192.243.255.236,443,TLSv12,TLS_ECDHE_RSA_WITH_AES_256_GCM_SHA384,secp256r1,smetrics.kaiserpermanente.org,False,True,CsxknGIi,"['4173fd402b064cac13cb7fcf53e3b4d9c9908e2b87860dacbbeeac99b9115a29', '19400be5b7a31fb733917700789d2f0a2471c0c9d506c0e504c06c16d7cb17c0']",[],1.0,0ffee3ba8e615ad22535e7f771690a28,959bfcf87532cbff1253e80a4ee81308,,,5034.177029,10.0.2.15,56918,192.243.255.236,443,tcp,8.403864999999314,363.0,3139.0,SF,True,False,0,ShADadFf,10,771,13,3663,ssl,0
5035.570957,CDdbEw4TVR1BbtrT59,10.0.2.15,56923,66.117.29.4,443,TLSv12,TLS_ECDHE_RSA_WITH_AES_128_GCM_SHA256,secp256r1,kaiser.tt.omtrdc.net,False,True,CsxknGIi,"['103723154140b34b0b1260e3e747cfd392b7d030a78cd15f43cb9807d28f42f5', '19400be5b7a31fb733917700789d2f0a2471c0c9d506c0e504c06c16d7cb17c0']",[],1.0,0ffee3ba8e615ad22535e7f771690a28,ae7f2b2d1bd496bc9ce111c0a9fa3597,h2,,5034.508723,10.0.2.15,56923,66.117.29.4,443,tcp,266.53420800000004,2229.0,4804.0,SF,True,False,0,ShADadFfRr,26,3277,31,6048,ssl,0
5036.787925,COHx6nDsH3c0xlj5c,10.0.2.15,56925,95.101.246.111,443,TLSv12,TLS_ECDHE_RSA_WITH_AES_256_GCM_SHA384,,assets.adobedtm.com,True,True,CsiI,,,,1a5fe5677b0e4fbbc854e8908225637d,410b9bedaf65dd26c6fe547154d60db4,http/1.1,,5035.572774,10.0.2.15,56925,95.101.246.111,443,tcp,14.79037900000003,599.0,183.0,RSTO,True,False,0,ShADadTFR,9,968,8,507,ssl,0
5036.788953,CxD1qL3C1CDy0BdhMc,10.0.2.15,56927,104.25.191.114,443,TLSv12,TLS_ECDHE_ECDSA_WITH_AES_128_GCM_SHA256,secp256r1,pub.freestar.io,False,True,CsxuknGIti,"['b47957164e0eb43ce51f036d7181abcbc8316e7be49fbd5c63da229c954d83d6', 'cd6c108a0e641f2ca122aaa6d03f826759cae7c6f800eabf76dc48b67cd083ce', '9573862ac0b4b125168810ea3fd101ae2eb0bb15f61fc0e6da7a2a38b85a89e8']",[],1.0,0ffee3ba8e615ad22535e7f771690a28,7d3eb4120cd50e889bcd3f3783be0f82,h2,,5035.576661,10.0.2.15,56927,104.25.191.114,443,tcp,209.47639400000023,1062.0,52827.0,SF,True,False,0,ShADadfF,54,3230,81,56071,ssl,0
5036.790767,Cj3SUA453QnwHgyc0d,10.0.2.15,56926,95.172.71.38,443,TLSv12,TLS_ECDHE_RSA_WITH_AES_128_GCM_SHA256,secp256r1,s.webtrends.com,False,True,CsxknGIti,"['02616878fd82f6ac05b76ee40037b35e91960c767c8866db9b8787e5ce99cb79', '6b143c2005d5539cc22eab5f772db2a9fe87467feffa07fcf0a9f7d28274ca7a', 'f5c2f23c6518f9d19b6f39beaea4fbae10031ba9dc985ce1563a520da0ad4116']",[],1.0,0ffee3ba8e615ad22535e7f771690a28,389ed42c02ebecc32e73aa31def07e14,,,5035.57348,10.0.2.15,56926,95.172.71.38,443,tcp,12.3832510000002,349.0,4574.0,SF,True,False,0,ShADadTFf,12,838,13,5098,ssl,0
5037.717656,CVVTOy20i66bqK5ssj,10.0.2.15,56924,192.243.255.236,443,TLSv12,TLS_ECDHE_RSA_WITH_AES_256_GCM_SHA384,secp256r1,smetrics.kaiserpermanente.org,False,True,CsxknGIi,"['4173fd402b064cac13cb7fcf53e3b4d9c9908e2b87860dacbbeeac99b9115a29', '19400be5b7a31fb733917700789d2f0a2471c0c9d506c0e504c06c16d7cb17c0']",[],1.0,0ffee3ba8e615ad22535e7f771690a28,959bfcf87532cbff1253e80a4ee81308,,,5035.572007,10.0.2.15,56924,192.243.255.236,443,tcp,9.332854000000223,363.0,3139.0,SF,True,False,0,ShADadFf,11,811,12,3623,ssl,0
5045.848867,CygSTl2PCLVAJ20Rp5,10.0.2.15,56945,216.137.61.253,443,TLSv12,TLS_ECDHE_RSA_WITH_AES_128_GCM_SHA256,secp256r1,d3k2oh6evki4b7.cloudfront.net,False,True,CsxuknGIti,"['90c0937808b31877df6c4a5c743c99325d974624be3735faa5078cf73d4fd205', 'eae72eb454bf6c3977ebd289e970b2f5282949190093d0d26f98d0f0d6a9cf17']",[],1.0,0ffee3ba8e615ad22535e7f771690a28,76cc3e2d3028143b23ec18e27dbd7ca9,h2,,5044.883972,10.0.2.15,56945,216.137.61.253,443,tcp,200.47115500000015,997.0,6607.0,SF,True,False,0,ShADadFf,22,1885,27,7691,ssl,0
5045.852754,CepTjROZ33lmk2ilk,10.0.2.15,56944,216.137.61.253,443,TLSv12,TLS_ECDHE_RSA_WITH_AES_128_GCM_SHA256,secp256r1,d3k2oh6evki4b7.cloudfront.net,False,True,CsxuknGIti,"['90c0937808b31877df6c4a5c743c99325d974624be3735faa5078cf73d4fd205', 'eae72eb454bf6c3977ebd289e970b2f5282949190093d0d26f98d0f0d6a9cf17']",[],1.0,0ffee3ba8e615ad22535e7f771690a28,76cc3e2d3028143b23ec18e27dbd7ca9,h2,,5044.883245,10.0.2.15,56944,216.137.61.253,443,tcp,6.076006999999663,861.0,15233.0,SF,True,False,0,ShADadFf,21,1709,31,16477,ssl,0
5045.854904,CCMsFo39Zon62kQYN9,10.0.2.15,56943,216.137.61.253,443,TLSv12,TLS_ECDHE_RSA_WITH_AES_128_GCM_SHA256,secp256r1,d3k2oh6evki4b7.cloudfront.net,False,True,CsxuknGIti,"['90c0937808b31877df6c4a5c743c99325d974624be3735faa5078cf73d4fd205', 'eae72eb454bf6c3977ebd289e970b2f5282949190093d0d26f98d0f0d6a9cf17']",[],1.0,0ffee3ba8e615ad22535e7f771690a28,76cc3e2d3028143b23ec18e27dbd7ca9,h2,,5044.882477,10.0.2.15,56943,216.137.61.253,443,tcp,7.915369000000282,858.0,6528.0,SF,True,False,0,ShADadFf,16,1506,19,7292,ssl,0
5045.858764,CR3DCL2cvAwaRSvCGe,10.0.2.15,56942,216.137.61.253,443,TLSv12,TLS_ECDHE_RSA_WITH_AES_128_GCM_SHA256,secp256r1,d3k2oh6evki4b7.cloudfront.net,False,True,CsxuknGIti,"['90c0937808b31877df6c4a5c743c99325d974624be3735faa5078cf73d4fd205', 'eae72eb454bf6c3977ebd289e970b2f5282949190093d0d26f98d0f0d6a9cf17']",[],1.0,0ffee3ba8e615ad22535e7f771690a28,76cc3e2d3028143b23ec18e27dbd7ca9,h2,,5044.881439,10.0.2.15,56942,216.137.61.253,443,tcp,11.49317500000052,860.0,198669.0,SF,True,False,0,ShADadFf,143,6588,282,209953,ssl,0
5045.86161,C9YreR3ZihEaDbccl1,10.0.2.15,56941,172.217.23.238,443,TLSv12,TLS_ECDHE_ECDSA_WITH_AES_128_GCM_SHA256,x25519,safebrowsing-cache.google.com,False,True,CsxknGIti,"['11ddd329046367c19b32ffdb02ed308de129de4d6ffcf95856d7bd6a7accfba9', '9f630426df1d8abfd80ace98871ba833ab9742cb34838de2b5285ed54c0c7dcc', '3c35cc963eb004451323d3275d05b353235053490d9cd83729a2faf5e7ca1cc0']",[],1.0,0ffee3ba8e615ad22535e7f771690a28,84480cf8cf0e732666092640e581e1a5,h2,,5044.880766,10.0.2.15,56941,172.217.23.238,443,tcp,236.47489899999985,1727.0,13819.0,SF,True,False,0,ShADadFf,36,3175,46,15663,ssl,0
5058.011131,Cx6Idy350UBqTYF6c,10.0.2.15,56949,52.30.191.133,443,TLSv12,TLS_ECDHE_RSA_WITH_AES_128_GCM_SHA256,secp256r1,kaiser.demdex.net,False,True,CsxknGIi,"['ab8f7b89fa3e472463832f1b07660350a24ba646789dce6dd09107fab1d86a12', '19400be5b7a31fb733917700789d2f0a2471c0c9d506c0e504c06c16d7cb17c0']",[],1.0,0ffee3ba8e615ad22535e7f771690a28,303951d4c50efb2e991652225a6f02b1,,,5055.102569,10.0.2.15,56949,52.30.191.133,443,tcp,15.941740000000207,351.0,3143.0,RSTO,True,False,0,ShADadTFR,11,800,13,3667,ssl,0
5058.007361,CUf1rX2v3bE9oIYai1,10.0.2.15,56948,52.30.191.133,443,TLSv12,TLS_ECDHE_RSA_WITH_AES_128_GCM_SHA256,secp256r1,kaiser.demdex.net,False,True,CsxknGIi,"['ab8f7b89fa3e472463832f1b07660350a24ba646789dce6dd09107fab1d86a12', '19400be5b7a31fb733917700789d2f0a2471c0c9d506c0e504c06c16d7cb17c0']",[],1.0,0ffee3ba8e615ad22535e7f771690a28,303951d4c50efb2e991652225a6f02b1,,,5055.101479,10.0.2.15,56948,52.30.191.133,443,tcp,14.573371999999836,351.0,3143.0,RSTO,True,False,0,ShADadFR,10,759,12,3627,ssl,0
5085.246944,CEfBkS3BCWFV2d4ZN3,10.0.2.15,56977,54.230.94.179,443,TLSv12,TLS_ECDHE_RSA_WITH_AES_128_GCM_SHA256,secp256r1,www.chewy.com,False,True,CsxuknGIti,"['7d3abaa3e294c77806bcf49427243b99a7b0bba2026a4ec5588254d43ab457da', '074541ecdf88ed992ed5ade3ecddef27a26ba1b44480a195c0a8dadae2521d8e']",[],1.0,0ffee3ba8e615ad22535e7f771690a28,76cc3e2d3028143b23ec18e27dbd7ca9,http/1.1,,5085.167232,10.0.2.15,56977,54.230.94.179,443,tcp,158.82622700000047,13611.0,568247.0,RSTO,True,False,0,ShADadTFR,335,27023,703,596371,ssl,0
5086.935978,Cs8d4p2iwdMmEMj8Gc,10.0.2.15,56978,54.230.94.179,443,TLSv12,TLS_ECDHE_RSA_WITH_AES_128_GCM_SHA256,secp256r1,www.chewy.com,False,True,CsxuknGIti,"['7d3abaa3e294c77806bcf49427243b99a7b0bba2026a4ec5588254d43ab457da', '074541ecdf88ed992ed5ade3ecddef27a26ba1b44480a195c0a8dadae2521d8e']",[],1.0,0ffee3ba8e615ad22535e7f771690a28,76cc3e2d3028143b23ec18e27dbd7ca9,http/1.1,,5085.196577,10.0.2.15,56978,54.230.94.179,443,tcp,8.169636999999966,316.0,4986.0,RSTO,True,False,0,ShADadR,7,604,8,5310,ssl,0
5094.046499,CyjKhoE706M7dAo85,10.0.2.15,56986,54.230.94.179,443,TLSv12,TLS_ECDHE_RSA_WITH_AES_128_GCM_SHA256,,www.chewy.com,True,True,CsiI,,,,1a5fe5677b0e4fbbc854e8908225637d,d199ba0af2b08e204c73d6d81a1fd260,http/1.1,,5093.372202,10.0.2.15,56986,54.230.94.179,443,tcp,78.42056500000035,8269.0,566027.0,RSTR,True,False,0,ShADadFRr,329,21437,700,594031,ssl,0
5095.544355,C43v8a18cSYSwUnvX8,10.0.2.15,56989,151.101.129.167,443,TLSv12,TLS_ECDHE_RSA_WITH_AES_128_GCM_SHA256,secp256r1,cdn.ravenjs.com,False,True,CsxuknGIti,"['52fc1597547a52e9a880d37a1a04ee0f9860516731ec316dab3ba7d3641678c4', '74ef335e5e18788307fb9d89cb704bec112abd23487dbff41c4ded5070f241d9']",[],1.0,0ffee3ba8e615ad22535e7f771690a28,860fcf58fd757e26aa8911e5eaff6b53,h2,,5094.660644,10.0.2.15,56989,151.101.129.167,443,tcp,6.816021999999975,811.0,15264.0,RSTO,True,False,0,ShADadFR,18,1539,25,16268,ssl,0
5095.545535,C1LYpr3CruZFB2m4wl,10.0.2.15,56988,151.101.129.167,443,TLSv12,TLS_ECDHE_RSA_WITH_AES_128_GCM_SHA256,secp256r1,cdn.ravenjs.com,False,True,CsxuknGIti,"['52fc1597547a52e9a880d37a1a04ee0f9860516731ec316dab3ba7d3641678c4', '74ef335e5e18788307fb9d89cb704bec112abd23487dbff41c4ded5070f241d9']",[],1.0,0ffee3ba8e615ad22535e7f771690a28,860fcf58fd757e26aa8911e5eaff6b53,h2,,5094.659253,10.0.2.15,56988,151.101.129.167,443,tcp,209.92975900000056,688.0,5954.0,SF,True,False,0,ShADadFfRr,18,1416,23,6878,ssl,0
5087.600675,CIHknV3gmNEJmKxE4k,10.0.2.15,56979,54.230.94.179,443,TLSv12,TLS_ECDHE_RSA_WITH_AES_128_GCM_SHA256,secp256r1,www.chewy.com,False,True,CsxuknGIti,"['7d3abaa3e294c77806bcf49427243b99a7b0bba2026a4ec5588254d43ab457da', '074541ecdf88ed992ed5ade3ecddef27a26ba1b44480a195c0a8dadae2521d8e']",[],1.0,0ffee3ba8e615ad22535e7f771690a28,76cc3e2d3028143b23ec18e27dbd7ca9,http/1.1,,5085.452048,10.0.2.15,56979,54.230.94.179,443,tcp,12.232984999999644,347.0,4986.0,SF,True,False,0,ShADadFf,13,875,13,5510,ssl,0
5095.274693,CTYPuA3YeL8ZlBu9Uc,10.0.2.15,56990,54.230.94.179,443,TLSv12,TLS_ECDHE_RSA_WITH_AES_128_GCM_SHA256,secp256r1,d1rgby1m7uuvjr.cloudfront.net,False,True,CsxuknGIti,"['90c0937808b31877df6c4a5c743c99325d974624be3735faa5078cf73d4fd205', 'eae72eb454bf6c3977ebd289e970b2f5282949190093d0d26f98d0f0d6a9cf17']",[],1.0,0ffee3ba8e615ad22535e7f771690a28,76cc3e2d3028143b23ec18e27dbd7ca9,http/1.1,,5094.661931,10.0.2.15,56990,54.230.94.179,443,tcp,190.66788799999995,3580.0,55367.0,RSTR,True,False,0,ShADadTTFRr,59,5961,88,58891,ssl,0
5096.347317,CxBuNm3LAYA66nWdB8,10.0.2.15,56984,54.230.94.179,443,TLSv12,TLS_ECDHE_RSA_WITH_AES_128_GCM_SHA256,,www.chewy.com,True,True,CsiI,,,,1a5fe5677b0e4fbbc854e8908225637d,d199ba0af2b08e204c73d6d81a1fd260,http/1.1,,5092.550291,10.0.2.15,56984,54.230.94.179,443,tcp,87.53622800000085,5666.0,153771.0,RSTO,True,False,0,ShADadTFR,92,9364,180,160975,ssl,0
5096.347905,CM2sE43E9AnCkYykX4,10.0.2.15,56983,54.230.94.179,443,TLSv12,TLS_ECDHE_RSA_WITH_AES_128_GCM_SHA256,,www.chewy.com,True,True,CsiI,,,,1a5fe5677b0e4fbbc854e8908225637d,d199ba0af2b08e204c73d6d81a1fd260,http/1.1,,5092.546248,10.0.2.15,56983,54.230.94.179,443,tcp,75.74688100000003,5299.0,171097.0,RSTR,True,False,0,ShADadFRr,100,9315,197,178981,ssl,0
5096.350891,CkyGOa2BZ8Ff5nm2W2,10.0.2.15,56985,54.230.94.179,443,TLSv12,TLS_ECDHE_RSA_WITH_AES_128_GCM_SHA256,,www.chewy.com,True,True,CsiI,,,,1a5fe5677b0e4fbbc854e8908225637d,d199ba0af2b08e204c73d6d81a1fd260,http/1.1,,5092.551889,10.0.2.15,56985,54.230.94.179,443,tcp,75.81936599999972,4460.0,90262.0,RSTR,True,False,0,ShADadTFRr,57,6757,110,94666,ssl,0
5096.346007,CFjne03BSWr5e0O51f,10.0.2.15,56991,151.101.129.167,443,TLSv12,TLS_ECDHE_RSA_WITH_AES_128_GCM_SHA256,secp256r1,cdn.ravenjs.com,False,True,CsxuknGIti,"['52fc1597547a52e9a880d37a1a04ee0f9860516731ec316dab3ba7d3641678c4', '74ef335e5e18788307fb9d89cb704bec112abd23487dbff41c4ded5070f241d9']",[],1.0,0ffee3ba8e615ad22535e7f771690a28,860fcf58fd757e26aa8911e5eaff6b53,h2,,5095.547297,10.0.2.15,56991,151.101.129.167,443,tcp,4.228304999999636,558.0,5862.0,SF,True,False,0,ShADadFfRr,14,1126,17,6546,ssl,0
5104.234062,CDu5Sg3HrEEVerlB8,10.0.2.15,56992,54.230.94.179,443,TLSv12,TLS_ECDHE_RSA_WITH_AES_128_GCM_SHA256,,www.chewy.com,True,True,CsiI,,,,1a5fe5677b0e4fbbc854e8908225637d,d199ba0af2b08e204c73d6d81a1fd260,http/1.1,,5100.672511,10.0.2.15,56992,54.230.94.179,443,tcp,9.993616000000657,599.0,156.0,SF,True,False,0,ShADadFf,8,927,7,440,ssl,0
5111.456613,CN88Yp19O4ElpwI6cc,10.0.2.15,56997,54.230.94.179,443,TLSv12,TLS_ECDHE_RSA_WITH_AES_128_GCM_SHA256,secp256r1,d1rgby1m7uuvjr.cloudfront.net,False,True,CsxuknGIti,"['90c0937808b31877df6c4a5c743c99325d974624be3735faa5078cf73d4fd205', 'eae72eb454bf6c3977ebd289e970b2f5282949190093d0d26f98d0f0d6a9cf17']",[],1.0,1a5fe5677b0e4fbbc854e8908225637d,76cc3e2d3028143b23ec18e27dbd7ca9,http/1.1,,5110.623609,10.0.2.15,56997,54.230.94.179,443,tcp,174.61215600000014,3194.0,41172.0,RSTR,True,False,0,ShADadTTFRr,49,5175,67,43856,ssl,0
5111.429193,CLg5ms4tuIi2V0IRc1,10.0.2.15,56995,54.230.94.179,443,TLSv12,TLS_ECDHE_RSA_WITH_AES_128_GCM_SHA256,secp256r1,d1rgby1m7uuvjr.cloudfront.net,False,True,CsxuknGIti,"['90c0937808b31877df6c4a5c743c99325d974624be3735faa5078cf73d4fd205', 'eae72eb454bf6c3977ebd289e970b2f5282949190093d0d26f98d0f0d6a9cf17']",[],1.0,1a5fe5677b0e4fbbc854e8908225637d,76cc3e2d3028143b23ec18e27dbd7ca9,http/1.1,,5110.621706,10.0.2.15,56995,54.230.94.179,443,tcp,152.843844,2394.0,28443.0,SF,True,False,0,ShADadTTfF,38,3933,50,30447,ssl,0
5111.431114,CZjDoZLfpCCHotMvb,10.0.2.15,56994,54.230.94.179,443,TLSv12,TLS_ECDHE_RSA_WITH_AES_128_GCM_SHA256,secp256r1,d1rgby1m7uuvjr.cloudfront.net,False,True,CsxuknGIti,"['90c0937808b31877df6c4a5c743c99325d974624be3735faa5078cf73d4fd205', 'eae72eb454bf6c3977ebd289e970b2f5282949190093d0d26f98d0f0d6a9cf17']",[],1.0,1a5fe5677b0e4fbbc854e8908225637d,76cc3e2d3028143b23ec18e27dbd7ca9,http/1.1,,5110.621024,10.0.2.15,56994,54.230.94.179,443,tcp,174.73831700000028,3544.0,42091.0,RSTR,True,False,0,ShADadTTFRr,54,5725,73,45015,ssl,0
5111.459407,CJ59fh2P6xv5I4eZnd,10.0.2.15,56996,54.230.94.179,443,TLSv12,TLS_ECDHE_RSA_WITH_AES_128_GCM_SHA256,secp256r1,d1rgby1m7uuvjr.cloudfront.net,False,True,CsxuknGIti,"['90c0937808b31877df6c4a5c743c99325d974624be3735faa5078cf73d4fd205', 'eae72eb454bf6c3977ebd289e970b2f5282949190093d0d26f98d0f0d6a9cf17']",[],1.0,1a5fe5677b0e4fbbc854e8908225637d,76cc3e2d3028143b23ec18e27dbd7ca9,http/1.1,,5110.622767,10.0.2.15,56996,54.230.94.179,443,tcp,154.0295130000004,2386.0,27107.0,SF,True,False,0,ShADadTTfF,40,4005,54,29271,ssl,0
5111.453688,C9By2g4X09FLEteHa7,10.0.2.15,56993,54.230.94.179,443,TLSv12,TLS_ECDHE_RSA_WITH_AES_128_GCM_SHA256,secp256r1,d1rgby1m7uuvjr.cloudfront.net,False,True,CsxuknGIti,"['90c0937808b31877df6c4a5c743c99325d974624be3735faa5078cf73d4fd205', 'eae72eb454bf6c3977ebd289e970b2f5282949190093d0d26f98d0f0d6a9cf17']",[],1.0,1a5fe5677b0e4fbbc854e8908225637d,76cc3e2d3028143b23ec18e27dbd7ca9,http/1.1,,5110.615594,10.0.2.15,56993,54.230.94.179,443,tcp,174.54760200000055,3542.0,41869.0,RSTO,True,False,0,ShADadTTFR,55,5763,75,44873,ssl,0
5114.550962,Ctnk3znkseknBJYn1,10.0.2.15,57001,151.101.112.249,443,TLSv12,TLS_ECDHE_RSA_WITH_AES_128_GCM_SHA256,secp256r1,fast.wistia.net,False,True,CsxuknGIti,"['ca5c57bee6ab21c055dcdbe8ad25feef6d1764a92e2aaaadb5d55fb667c3f8ac', '19400be5b7a31fb733917700789d2f0a2471c0c9d506c0e504c06c16d7cb17c0']",[],1.0,0ffee3ba8e615ad22535e7f771690a28,860fcf58fd757e26aa8911e5eaff6b53,http/1.1,,5113.962807,10.0.2.15,57001,151.101.112.249,443,tcp,133.05655699999988,666.0,7859.0,RSTO,True,False,0,ShADadTTFR,25,1686,27,8943,ssl,0
5114.552036,CxjwFjoN6REO8vis4,10.0.2.15,56999,151.101.112.249,443,TLSv12,TLS_ECDHE_RSA_WITH_AES_128_GCM_SHA256,secp256r1,fast.wistia.net,False,True,CsxuknGIti,"['ca5c57bee6ab21c055dcdbe8ad25feef6d1764a92e2aaaadb5d55fb667c3f8ac', '19400be5b7a31fb733917700789d2f0a2471c0c9d506c0e504c06c16d7cb17c0']",[],1.0,0ffee3ba8e615ad22535e7f771690a28,860fcf58fd757e26aa8911e5eaff6b53,http/1.1,,5113.960999,10.0.2.15,56999,151.101.112.249,443,tcp,141.38946600000054,660.0,242468.0,SF,True,False,0,ShADadTTFfRr,195,8480,349,256432,ssl,0
5114.553602,CyJC1F1dCpS6BCILX8,10.0.2.15,56998,151.101.112.249,443,TLSv12,TLS_ECDHE_RSA_WITH_AES_128_GCM_SHA256,secp256r1,fast.wistia.net,False,True,CsxuknGIti,"['ca5c57bee6ab21c055dcdbe8ad25feef6d1764a92e2aaaadb5d55fb667c3f8ac', '19400be5b7a31fb733917700789d2f0a2471c0c9d506c0e504c06c16d7cb17c0']",[],1.0,0ffee3ba8e615ad22535e7f771690a28,860fcf58fd757e26aa8911e5eaff6b53,http/1.1,,5113.960091,10.0.2.15,56998,151.101.112.249,443,tcp,19.04570700000022,349.0,5489.0,RSTO,True,False,0,ShADadTFR,11,798,13,6013,ssl,0
5115.130438,CPVlmK1zc9f71jFF6l,10.0.2.15,57000,192.241.209.73,443,TLSv12,TLS_ECDHE_RSA_WITH_AES_256_GCM_SHA384,secp256r1,bizsolutions.strands.com,False,True,CsxknGIti,"['8c009e495979a627c9a7980e1036ffd75f9c6d0c07fb00c217856b0531014b11', 'bc3f03a436240edba5f83714f6f677e34b37f9b1f0c08c1e558d981e279e8209', 'ff856a2d251dcd88d36656f450126798cfabaade40799c722de4d2b5db36a73a']",[],1.0,0ffee3ba8e615ad22535e7f771690a28,e35df3e00ca4ef31d42b34bebaa2f86e,,,5113.96193,10.0.2.15,57000,192.241.209.73,443,tcp,146.42874399999982,1468.0,25417.0,SF,True,False,0,ShADadTTfF,42,3168,56,27661,ssl,0
5115.921307,C3Ho8G3OtD8dMspAC7,10.0.2.15,57002,178.249.101.23,443,TLSv12,TLS_ECDHE_RSA_WITH_AES_128_GCM_SHA256,secp256r1,lptag.liveperson.net,False,True,CsxknGIti,"['5bc5659a1ad5999e74044d4625c1c6fb16384846a3b63cb208dc48a0104344f7', '111006378afbe8e99bb02ba87390ca429fca2773f74d7f7eb5744f5ddf68014b', '4f32d5dc00f715250abcc486511e37f501a899deb3bf7ea8adbbd3aef1c412da']",[],1.0,0ffee3ba8e615ad22535e7f771690a28,389ed42c02ebecc32e73aa31def07e14,,,5114.236094,10.0.2.15,57002,178.249.101.23,443,tcp,16.775986999999986,697.0,12095.0,SF,True,False,0,ShADadfF,15,1305,22,12979,ssl,0
5115.92237,CYxvd033iTKxU0Bjxh,10.0.2.15,57003,172.217.23.232,443,TLSv12,TLS_ECDHE_RSA_WITH_AES_128_GCM_SHA256,x25519,www.googletagmanager.com,False,True,CsxknGIti,"['31ed45c3400fc5f9a84dfaa0a6f6171369876ed4e2da669ee7f8edbe3593bf6b', '9f630426df1d8abfd80ace98871ba833ab9742cb34838de2b5285ed54c0c7dcc', '3c35cc963eb004451323d3275d05b353235053490d9cd83729a2faf5e7ca1cc0']",[],1.0,0ffee3ba8e615ad22535e7f771690a28,ab41313cfec25328b20865eb1388e0a2,h2,,5114.237078,10.0.2.15,57003,172.217.23.232,443,tcp,209.46580600000016,942.0,29650.0,SF,True,False,0,ShADadFf,38,2470,54,31814,ssl,0
5124.024246,C8PlNx25TF97NsUYD2,10.0.2.15,57004,54.230.94.179,443,TLSv12,TLS_ECDHE_RSA_WITH_AES_128_GCM_SHA256,,www.chewy.com,True,True,CsiI,,,,1a5fe5677b0e4fbbc854e8908225637d,d199ba0af2b08e204c73d6d81a1fd260,http/1.1,,5123.117878,10.0.2.15,57004,54.230.94.179,443,tcp,279.1893790000004,13454.0,300641.0,SF,True,False,0,ShADadTTFf,190,21080,364,315205,ssl,0
5124.017337,CbUHaF3ovMG0ZFaEX4,10.0.2.15,57005,192.243.255.236,443,TLSv12,TLS_ECDHE_RSA_WITH_AES_256_GCM_SHA384,,smetrics.kaiserpermanente.org,True,True,CsiI,,,,0ffee3ba8e615ad22535e7f771690a28,959bfcf87532cbff1253e80a4ee81308,,,5123.120088,10.0.2.15,57005,192.243.255.236,443,tcp,21.26166000000012,2592.0,801.0,SF,True,False,0,ShADadTFf,12,3081,12,1285,ssl,0
5137.556042,CsBZ1w2RFM3W4yGpwb,10.0.2.15,57008,52.211.21.195,443,TLSv12,TLS_ECDHE_RSA_WITH_AES_128_GCM_SHA256,secp256r1,kaiser.demdex.net,False,True,CsxknGIi,"['ab8f7b89fa3e472463832f1b07660350a24ba646789dce6dd09107fab1d86a12', '19400be5b7a31fb733917700789d2f0a2471c0c9d506c0e504c06c16d7cb17c0']",[],1.0,0ffee3ba8e615ad22535e7f771690a28,303951d4c50efb2e991652225a6f02b1,,,5137.048791,10.0.2.15,57008,52.211.21.195,443,tcp,69.14276900000004,2288.0,6637.0,SF,True,False,0,ShADadTFf,21,3142,25,7641,ssl,0
5139.018628,Ckjptf4IP1HnUXOLU1,10.0.2.15,57009,52.211.21.195,443,TLSv12,TLS_ECDHE_RSA_WITH_AES_128_GCM_SHA256,secp256r1,kaiser.demdex.net,False,True,CsxknGIi,"['ab8f7b89fa3e472463832f1b07660350a24ba646789dce6dd09107fab1d86a12', '19400be5b7a31fb733917700789d2f0a2471c0c9d506c0e504c06c16d7cb17c0']",[],1.0,0ffee3ba8e615ad22535e7f771690a28,303951d4c50efb2e991652225a6f02b1,,,5137.050772,10.0.2.15,57009,52.211.21.195,443,tcp,15.238753999999972,351.0,3143.0,SF,True,False,0,ShADadFfRr,11,799,12,3627,ssl,0
5142.705651,CEflxp3cMju4XWATJ4,10.0.2.15,57012,216.58.201.66,443,TLSv12,TLS_ECDHE_RSA_WITH_AES_128_GCM_SHA256,,www.googleadservices.com,True,True,CsiI,,,,1a5fe5677b0e4fbbc854e8908225637d,67619a80665d7ab92d1041b1d11f9164,h2,,5140.579158,10.0.2.15,57012,216.58.201.66,443,tcp,195.3199850000001,938.0,384.0,SF,True,False,0,ShADadFf,16,1586,17,1068,ssl,0
5143.158669,CKieBh3pSerYoXBFZf,10.0.2.15,57013,157.240.2.25,443,TLSv12,TLS_ECDHE_ECDSA_WITH_AES_128_GCM_SHA256,,connect.facebook.net,True,True,CsiI,,,,1a5fe5677b0e4fbbc854e8908225637d,96681175a9547081bf3d417f1a572091,h2,,5140.579841,10.0.2.15,57013,157.240.2.25,443,tcp,320.1763920000003,1958.0,8471.0,SF,True,False,0,ShADadfF,36,3406,43,10195,ssl,0
5139.194628,CNfEvv1RtGO3dmTTwa,10.0.2.15,57010,178.249.101.23,443,TLSv12,TLS_ECDHE_RSA_WITH_AES_128_GCM_SHA256,secp256r1,lptag.liveperson.net,False,True,CsxknGIti,"['5bc5659a1ad5999e74044d4625c1c6fb16384846a3b63cb208dc48a0104344f7', '111006378afbe8e99bb02ba87390ca429fca2773f74d7f7eb5744f5ddf68014b', '4f32d5dc00f715250abcc486511e37f501a899deb3bf7ea8adbbd3aef1c412da']",[],1.0,1a5fe5677b0e4fbbc854e8908225637d,389ed42c02ebecc32e73aa31def07e14,,,5137.564274,10.0.2.15,57010,178.249.101.23,443,tcp,16.214364999999816,1070.0,59603.0,SF,True,False,0,ShADadfF,30,2278,65,62207,ssl,0
5142.704514,CQfzmf3g0uP2XYKR22,10.0.2.15,57011,178.249.101.23,443,TLSv12,TLS_ECDHE_RSA_WITH_AES_128_GCM_SHA256,secp256r1,lptag.liveperson.net,False,True,CsxknGIti,"['5bc5659a1ad5999e74044d4625c1c6fb16384846a3b63cb208dc48a0104344f7', '111006378afbe8e99bb02ba87390ca429fca2773f74d7f7eb5744f5ddf68014b', '4f32d5dc00f715250abcc486511e37f501a899deb3bf7ea8adbbd3aef1c412da']",[],1.0,1a5fe5677b0e4fbbc854e8908225637d,389ed42c02ebecc32e73aa31def07e14,,,5140.575776,10.0.2.15,57011,178.249.101.23,443,tcp,11.895140000000538,674.0,5184.0,SF,True,False,0,ShADadFf,11,1122,12,5668,ssl,0
5155.448873,Cpu5ef3qppLGLeVqmh,10.0.2.15,57016,172.217.23.227,443,TLSv12,TLS_ECDHE_RSA_WITH_AES_128_GCM_SHA256,x25519,www.google.cz,False,True,CsxknGIti,"['635ff633f6427d8bb4cff322e016a54fd8da246e8392221d6a58ae24f13c6119', '9f630426df1d8abfd80ace98871ba833ab9742cb34838de2b5285ed54c0c7dcc', '3c35cc963eb004451323d3275d05b353235053490d9cd83729a2faf5e7ca1cc0']",[],1.0,0ffee3ba8e615ad22535e7f771690a28,ab41313cfec25328b20865eb1388e0a2,h2,,5155.051619,10.0.2.15,57016,172.217.23.227,443,tcp,209.78373800000008,2787.0,4584.0,SF,True,False,0,ShADadfF,24,3755,31,5828,ssl,0
5155.451525,CgvC3p10eFV9dPAMJl,10.0.2.15,57017,157.240.0.35,443,TLSv12,TLS_ECDHE_ECDSA_WITH_AES_128_GCM_SHA256,secp256r1,www.facebook.com,False,True,CsxknGIti,"['152151b387412a95ab90fd4664f2d98880408e9e43913124e4c91226a483386b', '19400be5b7a31fb733917700789d2f0a2471c0c9d506c0e504c06c16d7cb17c0']",[],1.0,0ffee3ba8e615ad22535e7f771690a28,2d1eb5817ece335c24904f516ad5da12,h2,,5155.055371,10.0.2.15,57017,157.240.0.35,443,tcp,131.0592289999995,3003.0,6488.0,SF,True,False,0,ShADadfF,26,4051,34,7852,ssl,0
5156.655755,Cst2ae3jPzkC4doHQj,10.0.2.15,57019,208.89.12.87,443,TLSv12,TLS_ECDHE_RSA_WITH_AES_128_GCM_SHA256,secp256r1,va.v.liveperson.net,False,True,CsxknGIti,"['db317cbf0ca657eea07c79a1e7906d1f57b080f30c045da323152fb4a831a0bf', '111006378afbe8e99bb02ba87390ca429fca2773f74d7f7eb5744f5ddf68014b', '4f32d5dc00f715250abcc486511e37f501a899deb3bf7ea8adbbd3aef1c412da']",[],1.0,0ffee3ba8e615ad22535e7f771690a28,389ed42c02ebecc32e73aa31def07e14,,,5156.184363,10.0.2.15,57019,208.89.12.87,443,tcp,126.32248600000004,9098.0,9746.0,SF,True,False,0,ShADadTFf,39,10671,41,11390,ssl,0
5156.682002,CBejHK9Esv6Ge17I1,10.0.2.15,57023,178.249.101.98,443,TLSv12,TLS_ECDHE_RSA_WITH_AES_128_GCM_SHA256,secp256r1,lpcdn.lpsnmedia.net,False,True,CsxknGIti,"['d45f1b87c33a2546e31d21fcb368b9be38bd70956ca9e8039edd9ceaee4af0e0', '111006378afbe8e99bb02ba87390ca429fca2773f74d7f7eb5744f5ddf68014b', '4f32d5dc00f715250abcc486511e37f501a899deb3bf7ea8adbbd3aef1c412da']",[],1.0,0ffee3ba8e615ad22535e7f771690a28,389ed42c02ebecc32e73aa31def07e14,,,5156.188091,10.0.2.15,57023,178.249.101.98,443,tcp,8.80960899999991,353.0,5164.0,SF,True,False,0,ShADadFf,11,801,12,5648,ssl,0
5156.657852,CmdI9Cq4mKTn9JiDk,10.0.2.15,57018,178.249.101.98,443,TLSv12,TLS_ECDHE_RSA_WITH_AES_128_GCM_SHA256,secp256r1,lpcdn.lpsnmedia.net,False,True,CsxknGIti,"['d45f1b87c33a2546e31d21fcb368b9be38bd70956ca9e8039edd9ceaee4af0e0', '111006378afbe8e99bb02ba87390ca429fca2773f74d7f7eb5744f5ddf68014b', '4f32d5dc00f715250abcc486511e37f501a899deb3bf7ea8adbbd3aef1c412da']",[],1.0,0ffee3ba8e615ad22535e7f771690a28,389ed42c02ebecc32e73aa31def07e14,,,5156.183816,10.0.2.15,57018,178.249.101.98,443,tcp,64.7404030000007,1212.0,21051.0,SF,True,False,0,ShADadTfF,26,2264,40,22655,ssl,0
4843.375123,CWNA0i3pYEnrgkhSrc,10.0.2.15,56690,54.217.221.42,443,TLSv12,TLS_ECDHE_RSA_WITH_AES_128_GCM_SHA256,secp256r1,beacon.krxd.net,False,False,CsxknGI,"['801848f55bb97f055d1e2f3f6c8094cf12d7b6285a7ed7c20bf39440c6cb5f8e', '973a41276ffd01e027a2aad49e34c37846d3e976ff6a620b6712e33832041aa6', '3a2fbe92891e57fe05d57087f48e730f17e5a5f53ef403d618e5b74d7a7e6ecb', 'c3846bf24b9e93ca64274c0ec67c1ecc5e024ffcacd2d74019350e81fe546ae4']",[],1.0,0ffee3ba8e615ad22535e7f771690a28,303951d4c50efb2e991652225a6f02b1,,,4839.010641,10.0.2.15,56690,54.217.221.42,443,tcp,27.72407100000055,318.0,5191.0,SF,True,False,0,ShADadFTf,10,735,10,5595,ssl,0
5168.547934,CSRQac1XRM4hWGkYw,10.0.2.15,57035,54.230.94.179,443,TLSv12,TLS_ECDHE_RSA_WITH_AES_128_GCM_SHA256,,www.chewy.com,True,True,CsiI,,,,1a5fe5677b0e4fbbc854e8908225637d,d199ba0af2b08e204c73d6d81a1fd260,http/1.1,,5168.511699,10.0.2.15,57035,54.230.94.179,443,tcp,116.84486600000037,6871.0,89640.0,RSTO,True,False,0,ShADadTFR,63,9405,105,93844,ssl,0
5168.553668,CNyPnWej7jYb4e1je,10.0.2.15,57037,54.230.94.179,443,TLSv12,TLS_ECDHE_RSA_WITH_AES_128_GCM_SHA256,,www.chewy.com,True,True,CsiI,,,,1a5fe5677b0e4fbbc854e8908225637d,d199ba0af2b08e204c73d6d81a1fd260,http/1.1,,5168.516197,10.0.2.15,57037,54.230.94.179,443,tcp,232.36896700000037,7444.0,71481.0,SF,True,False,0,ShADadTTfF,75,10470,115,76085,ssl,0
5168.554443,CxYTLk48dDwQazuS28,10.0.2.15,57036,54.230.94.179,443,TLSv12,TLS_ECDHE_RSA_WITH_AES_128_GCM_SHA256,,www.chewy.com,True,True,CsiI,,,,1a5fe5677b0e4fbbc854e8908225637d,d199ba0af2b08e204c73d6d81a1fd260,http/1.1,,5168.515458,10.0.2.15,57036,54.230.94.179,443,tcp,232.3683860000001,9339.0,115779.0,SF,True,False,0,ShADadTTfF,96,13206,167,122463,ssl,0
5156.677499,C8CZMu2JhRaO7Gnsqj,10.0.2.15,57021,208.89.15.153,443,TLSv12,TLS_ECDHE_RSA_WITH_AES_256_GCM_SHA384,,91373412.va.cobrowse.liveperson.net,False,False,Cs,,,,0ffee3ba8e615ad22535e7f771690a28,758945630046fd37070521b8544d1fe8,,,5156.186108,10.0.2.15,57021,208.89.15.153,443,tcp,11.845360999999684,212.0,4380.0,RSTR,True,False,0,ShADadFRr,9,580,10,4784,ssl,0
5156.678535,CTFng92ABaaom7kIA,10.0.2.15,57020,178.249.101.99,443,TLSv12,TLS_ECDHE_RSA_WITH_AES_128_GCM_SHA256,secp256r1,accdn.lpsnmedia.net,False,True,CsxknGIti,"['d45f1b87c33a2546e31d21fcb368b9be38bd70956ca9e8039edd9ceaee4af0e0', '111006378afbe8e99bb02ba87390ca429fca2773f74d7f7eb5744f5ddf68014b', '4f32d5dc00f715250abcc486511e37f501a899deb3bf7ea8adbbd3aef1c412da']",[],1.0,0ffee3ba8e615ad22535e7f771690a28,389ed42c02ebecc32e73aa31def07e14,,,5156.185116,10.0.2.15,57020,178.249.101.99,443,tcp,17.412383000000773,713.0,5180.0,RSTO,True,False,0,ShADadFR,11,1161,12,5664,ssl,0
5156.679892,CqPzc9R0pGFxf6Em7,10.0.2.15,57025,178.249.101.99,443,TLSv12,TLS_ECDHE_RSA_WITH_AES_128_GCM_SHA256,secp256r1,accdn.lpsnmedia.net,False,True,CsxknGIti,"['d45f1b87c33a2546e31d21fcb368b9be38bd70956ca9e8039edd9ceaee4af0e0', '111006378afbe8e99bb02ba87390ca429fca2773f74d7f7eb5744f5ddf68014b', '4f32d5dc00f715250abcc486511e37f501a899deb3bf7ea8adbbd3aef1c412da']",[],1.0,0ffee3ba8e615ad22535e7f771690a28,389ed42c02ebecc32e73aa31def07e14,,,5156.189758,10.0.2.15,57025,178.249.101.99,443,tcp,18.482059999999365,322.0,5180.0,RSTO,True,False,0,ShADadFR,10,730,11,5624,ssl,0
5172.867395,CIBn903vwREuCjWz7,10.0.2.15,57038,54.230.94.179,443,TLSv12,TLS_ECDHE_RSA_WITH_AES_128_GCM_SHA256,,www.chewy.com,True,True,CsiI,,,,1a5fe5677b0e4fbbc854e8908225637d,d199ba0af2b08e204c73d6d81a1fd260,http/1.1,,5171.550777,10.0.2.15,57038,54.230.94.179,443,tcp,229.34168099999988,5458.0,37956.0,SF,True,False,0,ShADadTTfF,49,7444,68,40680,ssl,0
5173.072458,Cp5LXF1liFpVzpIAoi,10.0.2.15,57039,54.230.94.179,443,TLSv12,TLS_ECDHE_RSA_WITH_AES_128_GCM_SHA256,,www.chewy.com,True,True,CsiI,,,,1a5fe5677b0e4fbbc854e8908225637d,d199ba0af2b08e204c73d6d81a1fd260,http/1.1,,5171.806431,10.0.2.15,57039,54.230.94.179,443,tcp,227.62669199999985,6804.0,44228.0,SF,True,False,0,ShADadTTfF,53,8950,73,47152,ssl,0
5176.331146,Cg5syI2p4rfkcIMi42,10.0.2.15,57047,178.249.101.99,443,TLSv12,TLS_ECDHE_RSA_WITH_AES_128_GCM_SHA256,secp256r1,accdn.lpsnmedia.net,False,True,CsxknGIti,"['d45f1b87c33a2546e31d21fcb368b9be38bd70956ca9e8039edd9ceaee4af0e0', '111006378afbe8e99bb02ba87390ca429fca2773f74d7f7eb5744f5ddf68014b', '4f32d5dc00f715250abcc486511e37f501a899deb3bf7ea8adbbd3aef1c412da']",[],1.0,0ffee3ba8e615ad22535e7f771690a28,389ed42c02ebecc32e73aa31def07e14,,,5172.585142,10.0.2.15,57047,178.249.101.99,443,tcp,10.459178000000064,353.0,5180.0,SF,True,False,0,ShADadFf,12,849,13,5704,ssl,0
5177.678035,CyN6wx20IvAmx7vZp5,10.0.2.15,57052,208.89.15.153,443,TLSv12,TLS_ECDHE_RSA_WITH_AES_256_GCM_SHA384,secp256r1,91373412.va.cobrowse.liveperson.net,False,True,CsxknGIti,"['9de6f8e284de1eb49e1295c60995bf8a5ce6b24ab6db407a87cb6d1287b844a8', '111006378afbe8e99bb02ba87390ca429fca2773f74d7f7eb5744f5ddf68014b', '4f32d5dc00f715250abcc486511e37f501a899deb3bf7ea8adbbd3aef1c412da']",[],1.0,0ffee3ba8e615ad22535e7f771690a28,758945630046fd37070521b8544d1fe8,,,5177.211496,10.0.2.15,57052,208.89.15.153,443,tcp,1.773253000000295,960.0,12180.0,SF,True,False,0,ShADadfF,13,1488,22,13064,ssl,0
5177.678893,CJQRUPu1sQ0T7FTL5,10.0.2.15,57051,208.89.15.153,443,TLSv12,TLS_ECDHE_RSA_WITH_AES_256_GCM_SHA384,secp256r1,91373412.va.cobrowse.liveperson.net,False,True,CsxknGIti,"['9de6f8e284de1eb49e1295c60995bf8a5ce6b24ab6db407a87cb6d1287b844a8', '111006378afbe8e99bb02ba87390ca429fca2773f74d7f7eb5744f5ddf68014b', '4f32d5dc00f715250abcc486511e37f501a899deb3bf7ea8adbbd3aef1c412da']",[],1.0,0ffee3ba8e615ad22535e7f771690a28,758945630046fd37070521b8544d1fe8,,,5177.210154,10.0.2.15,57051,208.89.15.153,443,tcp,5.773481999999603,338.0,5267.0,SF,True,False,0,ShADadfF,10,746,14,5831,ssl,0
5177.887735,CLVWqJZJDhxbEJAl2,10.0.2.15,57053,208.89.15.153,443,TLSv12,TLS_ECDHE_RSA_WITH_AES_256_GCM_SHA384,secp256r1,91373412.va.cobrowse.liveperson.net,False,True,CsxknGIti,"['9de6f8e284de1eb49e1295c60995bf8a5ce6b24ab6db407a87cb6d1287b844a8', '111006378afbe8e99bb02ba87390ca429fca2773f74d7f7eb5744f5ddf68014b', '4f32d5dc00f715250abcc486511e37f501a899deb3bf7ea8adbbd3aef1c412da']",[],1.0,0ffee3ba8e615ad22535e7f771690a28,758945630046fd37070521b8544d1fe8,,,5177.52962,10.0.2.15,57053,208.89.15.153,443,tcp,5.488492999999835,338.0,5267.0,SF,True,False,0,ShADadfF,10,746,14,5831,ssl,0
5175.743625,C8SqQT8JgE1iAdJ79,10.0.2.15,57040,178.249.101.99,443,TLSv12,TLS_ECDHE_RSA_WITH_AES_128_GCM_SHA256,secp256r1,accdn.lpsnmedia.net,False,True,CsxknGIti,"['d45f1b87c33a2546e31d21fcb368b9be38bd70956ca9e8039edd9ceaee4af0e0', '111006378afbe8e99bb02ba87390ca429fca2773f74d7f7eb5744f5ddf68014b', '4f32d5dc00f715250abcc486511e37f501a899deb3bf7ea8adbbd3aef1c412da']",[],1.0,0ffee3ba8e615ad22535e7f771690a28,389ed42c02ebecc32e73aa31def07e14,,,5172.330285,10.0.2.15,57040,178.249.101.99,443,tcp,19.29131899999993,1706.0,8025.0,SF,True,False,0,ShADadfF,14,2282,19,8789,ssl,0
5181.364911,CJat2C4naLYwZACbe,10.0.2.15,57067,54.230.94.179,443,TLSv12,TLS_ECDHE_RSA_WITH_AES_128_GCM_SHA256,secp256r1,cms.chewy.com,False,True,CsxuknGIti,"['7d3abaa3e294c77806bcf49427243b99a7b0bba2026a4ec5588254d43ab457da', '074541ecdf88ed992ed5ade3ecddef27a26ba1b44480a195c0a8dadae2521d8e']",[],1.0,0ffee3ba8e615ad22535e7f771690a28,76cc3e2d3028143b23ec18e27dbd7ca9,http/1.1,,5180.841955,10.0.2.15,57067,54.230.94.179,443,tcp,98.71769500000028,2824.0,85829.0,RSTR,True,False,0,ShADadTRr,59,5198,108,90153,ssl,0
5183.64525,CpDw0U1mEyvSqLuDD9,10.0.2.15,57062,54.230.94.179,443,TLSv12,TLS_ECDHE_RSA_WITH_AES_128_GCM_SHA256,,cms.chewy.com,True,True,CsiI,,,,1a5fe5677b0e4fbbc854e8908225637d,d199ba0af2b08e204c73d6d81a1fd260,http/1.1,,5180.480829,10.0.2.15,57062,54.230.94.179,443,tcp,221.79431300000036,4267.0,62526.0,SF,True,False,0,ShADadTTFf,64,6859,97,66410,ssl,0
5183.729161,C1sQkf4pUQPE70jIr2,10.0.2.15,57064,54.230.94.179,443,TLSv12,TLS_ECDHE_RSA_WITH_AES_128_GCM_SHA256,secp256r1,img.chewy.com,False,True,CsxuknGIti,"['7d3abaa3e294c77806bcf49427243b99a7b0bba2026a4ec5588254d43ab457da', '074541ecdf88ed992ed5ade3ecddef27a26ba1b44480a195c0a8dadae2521d8e']",[],1.0,0ffee3ba8e615ad22535e7f771690a28,76cc3e2d3028143b23ec18e27dbd7ca9,http/1.1,,5180.481757,10.0.2.15,57064,54.230.94.179,443,tcp,139.72080900000037,4596.0,74417.0,SF,True,False,0,ShADadTTfF,64,7183,109,78781,ssl,0
5181.422035,C4pIf72WtcB89w0rGe,10.0.2.15,57066,178.249.101.98,443,TLSv12,TLS_ECDHE_RSA_WITH_AES_128_GCM_SHA256,secp256r1,lpcdn.lpsnmedia.net,False,True,CsxknGIti,"['d45f1b87c33a2546e31d21fcb368b9be38bd70956ca9e8039edd9ceaee4af0e0', '111006378afbe8e99bb02ba87390ca429fca2773f74d7f7eb5744f5ddf68014b', '4f32d5dc00f715250abcc486511e37f501a899deb3bf7ea8adbbd3aef1c412da']",[],1.0,1a5fe5677b0e4fbbc854e8908225637d,389ed42c02ebecc32e73aa31def07e14,,,5180.841396,10.0.2.15,57066,178.249.101.98,443,tcp,48.89793800000007,1007.0,17496.0,SF,True,False,0,ShADadTfF,23,1938,36,18940,ssl,0
5183.898502,CAuzbJ3FWbAiN48hla,10.0.2.15,57063,54.230.94.179,443,TLSv12,TLS_ECDHE_RSA_WITH_AES_128_GCM_SHA256,,cms.chewy.com,True,True,CsiI,,,,1a5fe5677b0e4fbbc854e8908225637d,d199ba0af2b08e204c73d6d81a1fd260,http/1.1,,5180.481211,10.0.2.15,57063,54.230.94.179,443,tcp,13.033390999999938,599.0,156.0,SF,True,False,0,ShADadFf,9,975,7,440,ssl,0
5183.800368,CBYV7WFBWKShx5iEg,10.0.2.15,57065,54.230.94.179,443,TLSv12,TLS_ECDHE_RSA_WITH_AES_128_GCM_SHA256,,cms.chewy.com,True,True,CsiI,,,,1a5fe5677b0e4fbbc854e8908225637d,d199ba0af2b08e204c73d6d81a1fd260,http/1.1,,5180.482667,10.0.2.15,57065,54.230.94.179,443,tcp,13.02837399999953,599.0,156.0,SF,True,False,0,ShADadFf,9,975,7,440,ssl,0
5181.506667,CPiZcu1RxyEGvsQoLc,10.0.2.15,57068,178.249.101.98,443,TLSv12,TLS_ECDHE_RSA_WITH_AES_128_GCM_SHA256,secp256r1,lpcdn.lpsnmedia.net,False,True,CsxknGIti,"['d45f1b87c33a2546e31d21fcb368b9be38bd70956ca9e8039edd9ceaee4af0e0', '111006378afbe8e99bb02ba87390ca429fca2773f74d7f7eb5744f5ddf68014b', '4f32d5dc00f715250abcc486511e37f501a899deb3bf7ea8adbbd3aef1c412da']",[],1.0,1a5fe5677b0e4fbbc854e8908225637d,389ed42c02ebecc32e73aa31def07e14,,,5181.067566,10.0.2.15,57068,178.249.101.98,443,tcp,10.577551000000312,674.0,5164.0,SF,True,False,0,ShADadFf,11,1122,14,5728,ssl,0
5181.889552,Cmwl4X2biLjDWj7mAg,10.0.2.15,57069,178.249.101.98,443,TLSv12,TLS_ECDHE_RSA_WITH_AES_128_GCM_SHA256,secp256r1,lpcdn.lpsnmedia.net,False,True,CsxknGIti,"['d45f1b87c33a2546e31d21fcb368b9be38bd70956ca9e8039edd9ceaee4af0e0', '111006378afbe8e99bb02ba87390ca429fca2773f74d7f7eb5744f5ddf68014b', '4f32d5dc00f715250abcc486511e37f501a899deb3bf7ea8adbbd3aef1c412da']",[],1.0,1a5fe5677b0e4fbbc854e8908225637d,389ed42c02ebecc32e73aa31def07e14,,,5181.321563,10.0.2.15,57069,178.249.101.98,443,tcp,11.012178999999378,674.0,5164.0,SF,True,False,0,ShADadFf,11,1122,14,5728,ssl,0
5188.94591,CxaPcL3W9hRPqDkXsa,10.0.2.15,57073,54.230.94.179,443,TLSv12,TLS_ECDHE_RSA_WITH_AES_128_GCM_SHA256,,img.chewy.com,True,True,CsiI,,,,1a5fe5677b0e4fbbc854e8908225637d,d199ba0af2b08e204c73d6d81a1fd260,http/1.1,,5188.542629,10.0.2.15,57073,54.230.94.179,443,tcp,186.3917390000006,4823.0,70017.0,SF,True,False,0,ShADadTTfF,60,7247,104,74181,ssl,0
5188.947227,ClkGUkROjzbmVf0Lh,10.0.2.15,57077,54.230.94.179,443,TLSv12,TLS_ECDHE_RSA_WITH_AES_128_GCM_SHA256,,img.chewy.com,True,True,CsiI,,,,1a5fe5677b0e4fbbc854e8908225637d,d199ba0af2b08e204c73d6d81a1fd260,http/1.1,,5188.545242,10.0.2.15,57077,54.230.94.179,443,tcp,92.19500799999967,5471.0,95826.0,RSTR,True,False,0,ShADadTFRRRr,62,7965,118,100550,ssl,0
5188.94778,CyLAyh38u3QT3mMXOf,10.0.2.15,57076,54.230.94.179,443,TLSv12,TLS_ECDHE_RSA_WITH_AES_128_GCM_SHA256,,img.chewy.com,True,True,CsiI,,,,1a5fe5677b0e4fbbc854e8908225637d,d199ba0af2b08e204c73d6d81a1fd260,http/1.1,,5188.544737,10.0.2.15,57076,54.230.94.179,443,tcp,187.69254600000025,4855.0,63957.0,RSTO,True,False,0,ShADadTTFR,59,7239,100,67961,ssl,0
5188.948344,CaVGcV1ve5vp6QHnA5,10.0.2.15,57075,54.230.94.179,443,TLSv12,TLS_ECDHE_RSA_WITH_AES_128_GCM_SHA256,,img.chewy.com,True,True,CsiI,,,,1a5fe5677b0e4fbbc854e8908225637d,d199ba0af2b08e204c73d6d81a1fd260,http/1.1,,5188.543925,10.0.2.15,57075,54.230.94.179,443,tcp,186.39097599999968,4218.0,61415.0,SF,True,False,0,ShADadTTfF,58,6562,94,65179,ssl,0
5188.949477,CeaMgS3b3o2pkz6Zu6,10.0.2.15,57074,54.230.94.179,443,TLSv12,TLS_ECDHE_RSA_WITH_AES_128_GCM_SHA256,,img.chewy.com,True,True,CsiI,,,,1a5fe5677b0e4fbbc854e8908225637d,7bee5c1d424b7e5f943b06983bb11422,http/1.1,,5188.543302,10.0.2.15,57074,54.230.94.179,443,tcp,187.97467700000016,4855.0,77279.0,SF,True,False,0,ShADadTTFf,66,7519,111,81723,ssl,0
5195.695902,C1SIXL1r4obSqut2i1,10.0.2.15,57083,172.217.23.238,443,TLSv12,TLS_ECDHE_ECDSA_WITH_AES_128_GCM_SHA256,x25519,www.googlecommerce.com,False,True,CsxknGIti,"['11ddd329046367c19b32ffdb02ed308de129de4d6ffcf95856d7bd6a7accfba9', '9f630426df1d8abfd80ace98871ba833ab9742cb34838de2b5285ed54c0c7dcc', '3c35cc963eb004451323d3275d05b353235053490d9cd83729a2faf5e7ca1cc0']",[],1.0,0ffee3ba8e615ad22535e7f771690a28,84480cf8cf0e732666092640e581e1a5,h2,,5195.162445,10.0.2.15,57083,172.217.23.238,443,tcp,199.54403900000037,1125.0,5697.0,SF,True,False,0,ShADadFf,22,2013,24,6661,ssl,0
5195.895855,CsS9e9pssvNjQwzRi,10.0.2.15,57081,178.250.2.82,443,TLSv12,TLS_RSA_WITH_AES_128_CBC_SHA,,sslwidget.criteo.com,False,True,CsxnGIi,"['b0337c4f8b2eca88eca4de5aad8cba6d249c58c7a69f2d4b680e5adae991d2ac', 'eae72eb454bf6c3977ebd289e970b2f5282949190093d0d26f98d0f0d6a9cf17', '8420dfbe376f414bf4c0a81e6936d24ccc03f304835b86c7a39142fca723a689']",[],1.0,0ffee3ba8e615ad22535e7f771690a28,5dcc087b1a1d0a5b0658981a7e8b2c3c,,,5195.161368,10.0.2.15,57081,178.250.2.82,443,tcp,16.010481999999683,3653.0,4431.0,SF,True,False,0,ShADadTfF,15,4262,15,5035,ssl,0
5196.142373,CsEKuW2CIBALhXwCF4,10.0.2.15,57086,178.250.2.82,443,TLSv12,TLS_RSA_WITH_AES_128_CBC_SHA,,sslwidget.criteo.com,False,True,CsxnGIi,"['b0337c4f8b2eca88eca4de5aad8cba6d249c58c7a69f2d4b680e5adae991d2ac', 'eae72eb454bf6c3977ebd289e970b2f5282949190093d0d26f98d0f0d6a9cf17', '8420dfbe376f414bf4c0a81e6936d24ccc03f304835b86c7a39142fca723a689']",[],1.0,0ffee3ba8e615ad22535e7f771690a28,5dcc087b1a1d0a5b0658981a7e8b2c3c,,,5195.426056,10.0.2.15,57086,178.250.2.82,443,tcp,7.670004999999946,624.0,4026.0,SF,True,False,0,ShADadFf,10,1032,10,4430,ssl,0
5196.149039,CEVaUM17upS8POByMl,10.0.2.15,57085,188.125.66.33,443,TLSv12,TLS_ECDHE_RSA_WITH_AES_128_GCM_SHA256,secp256r1,sp.analytics.yahoo.com,False,True,CsxknGIti,"['a42bd5146a3d4010979322f493ea1cf3e1ba9033d64ae699935e6a6ad96bd3c4', '19400be5b7a31fb733917700789d2f0a2471c0c9d506c0e504c06c16d7cb17c0']",[],1.0,1a5fe5677b0e4fbbc854e8908225637d,b898351eb5e266aefd3723d466935494,http/1.1,,5195.420086,10.0.2.15,57085,188.125.66.33,443,tcp,23.49129499999981,1762.0,4859.0,SF,True,False,0,ShADadTFfRr,16,2411,18,5583,ssl,0
5200.539556,CJ3l4bH0mAiryoxzj,10.0.2.15,57095,172.217.23.238,443,TLSv12,TLS_ECDHE_RSA_WITH_AES_128_GCM_SHA256,x25519,apis.google.com,False,True,CsxknGIti,"['60db1a0e0585e4ded4482713fe44b119971d4535489a302ea33ca305b774f781', '9f630426df1d8abfd80ace98871ba833ab9742cb34838de2b5285ed54c0c7dcc', '3c35cc963eb004451323d3275d05b353235053490d9cd83729a2faf5e7ca1cc0']",[],1.0,0ffee3ba8e615ad22535e7f771690a28,ab41313cfec25328b20865eb1388e0a2,h2,,5200.51536,10.0.2.15,57095,172.217.23.238,443,tcp,204.25528200000008,1753.0,55584.0,SF,True,False,0,ShADadFf,60,4161,99,59548,ssl,0
5200.615202,ChxizxL0xlHChGGC2,10.0.2.15,57093,74.119.118.98,443,TLSv12,TLS_RSA_WITH_AES_128_CBC_SHA,,widget.us.criteo.com,False,True,CsxnGIi,"['c5809353f80d4d24776e0d943ade2523d2a8197b9024445eca2f5872e9bd1f97', 'eae72eb454bf6c3977ebd289e970b2f5282949190093d0d26f98d0f0d6a9cf17', '8420dfbe376f414bf4c0a81e6936d24ccc03f304835b86c7a39142fca723a689']",[],1.0,0ffee3ba8e615ad22535e7f771690a28,5dcc087b1a1d0a5b0658981a7e8b2c3c,,,5200.463079,10.0.2.15,57093,74.119.118.98,443,tcp,18.36501599999974,3621.0,5625.0,SF,True,False,0,ShADadTfF,15,4230,17,6309,ssl,0
5200.616527,ClBFBw1rIshHoX3Dcb,10.0.2.15,57092,74.119.118.98,443,TLSv12,TLS_RSA_WITH_AES_128_CBC_SHA,,widget.us.criteo.com,False,True,CsxnGIi,"['c5809353f80d4d24776e0d943ade2523d2a8197b9024445eca2f5872e9bd1f97', 'eae72eb454bf6c3977ebd289e970b2f5282949190093d0d26f98d0f0d6a9cf17', '8420dfbe376f414bf4c0a81e6936d24ccc03f304835b86c7a39142fca723a689']",[],1.0,0ffee3ba8e615ad22535e7f771690a28,5dcc087b1a1d0a5b0658981a7e8b2c3c,,,5200.462097,10.0.2.15,57092,74.119.118.98,443,tcp,6.079599000000599,592.0,4404.0,SF,True,False,0,ShADadFf,11,1040,12,4888,ssl,0
5205.138717,CN90Wk29IfWbV99lTk,10.0.2.15,57127,74.119.118.84,443,TLSv12,TLS_RSA_WITH_AES_128_CBC_SHA,,dis.us.criteo.com,False,True,CsxnGIi,"['c5809353f80d4d24776e0d943ade2523d2a8197b9024445eca2f5872e9bd1f97', 'eae72eb454bf6c3977ebd289e970b2f5282949190093d0d26f98d0f0d6a9cf17', '8420dfbe376f414bf4c0a81e6936d24ccc03f304835b86c7a39142fca723a689']",[],1.0,0ffee3ba8e615ad22535e7f771690a28,5dcc087b1a1d0a5b0658981a7e8b2c3c,,,5204.455791,10.0.2.15,57127,74.119.118.84,443,tcp,18.38072899999952,3666.0,10590.0,SF,True,False,0,ShADadTfF,18,4395,24,11554,ssl,0
5205.143091,CeKZYD1gswN2YMV3ok,10.0.2.15,57126,74.119.118.84,443,TLSv12,TLS_RSA_WITH_AES_128_CBC_SHA,,dis.us.criteo.com,False,True,CsxnGIi,"['c5809353f80d4d24776e0d943ade2523d2a8197b9024445eca2f5872e9bd1f97', 'eae72eb454bf6c3977ebd289e970b2f5282949190093d0d26f98d0f0d6a9cf17', '8420dfbe376f414bf4c0a81e6936d24ccc03f304835b86c7a39142fca723a689']",[],1.0,0ffee3ba8e615ad22535e7f771690a28,5dcc087b1a1d0a5b0658981a7e8b2c3c,,,5204.454968,10.0.2.15,57126,74.119.118.84,443,tcp,10.863930000000437,589.0,4404.0,SF,True,False,0,ShADadFf,10,997,12,4888,ssl,0
5205.22008,CFeL8JTqRIAMgSctc,10.0.2.15,57128,74.119.118.84,443,TLSv12,TLS_RSA_WITH_AES_128_CBC_SHA,,dis.us.criteo.com,False,True,CsxnGIi,"['c5809353f80d4d24776e0d943ade2523d2a8197b9024445eca2f5872e9bd1f97', 'eae72eb454bf6c3977ebd289e970b2f5282949190093d0d26f98d0f0d6a9cf17', '8420dfbe376f414bf4c0a81e6936d24ccc03f304835b86c7a39142fca723a689']",[],1.0,0ffee3ba8e615ad22535e7f771690a28,5dcc087b1a1d0a5b0658981a7e8b2c3c,,,5204.711717,10.0.2.15,57128,74.119.118.84,443,tcp,10.706390000000283,589.0,4404.0,SF,True,False,0,ShADadFf,10,997,12,4888,ssl,0
5156.680808,C7QWIp2UtV6u9ygWlj,10.0.2.15,57024,208.89.12.87,443,TLSv12,TLS_ECDHE_RSA_WITH_AES_128_GCM_SHA256,secp256r1,va.v.liveperson.net,False,True,CsxknGIti,"['db317cbf0ca657eea07c79a1e7906d1f57b080f30c045da323152fb4a831a0bf', '111006378afbe8e99bb02ba87390ca429fca2773f74d7f7eb5744f5ddf68014b', '4f32d5dc00f715250abcc486511e37f501a899deb3bf7ea8adbbd3aef1c412da']",[],1.0,0ffee3ba8e615ad22535e7f771690a28,389ed42c02ebecc32e73aa31def07e14,,,5156.189162,10.0.2.15,57024,208.89.12.87,443,tcp,49.41190499999993,322.0,5190.0,RSTO,True,False,0,ShADadFTR,13,853,15,5794,ssl,0
5206.955503,CfPLybbeaQBlxkVn9,10.0.2.15,57130,172.217.23.238,443,TLSv12,TLS_ECDHE_ECDSA_WITH_AES_128_GCM_SHA256,x25519,play.google.com,False,True,CsxknGIti,"['11ddd329046367c19b32ffdb02ed308de129de4d6ffcf95856d7bd6a7accfba9', '9f630426df1d8abfd80ace98871ba833ab9742cb34838de2b5285ed54c0c7dcc', '3c35cc963eb004451323d3275d05b353235053490d9cd83729a2faf5e7ca1cc0']",[],1.0,0ffee3ba8e615ad22535e7f771690a28,84480cf8cf0e732666092640e581e1a5,h2,,5206.486068,10.0.2.15,57130,172.217.23.238,443,tcp,288.74490999999944,3689.0,5942.0,RSTO,True,False,0,ShADadFR,31,4937,33,7266,ssl,0
5206.957411,CygX6X3KPJiVP9VP9k,10.0.2.15,57129,172.217.23.238,443,TLSv12,TLS_ECDHE_ECDSA_WITH_AES_128_GCM_SHA256,x25519,play.google.com,False,True,CsxknGIti,"['11ddd329046367c19b32ffdb02ed308de129de4d6ffcf95856d7bd6a7accfba9', '9f630426df1d8abfd80ace98871ba833ab9742cb34838de2b5285ed54c0c7dcc', '3c35cc963eb004451323d3275d05b353235053490d9cd83729a2faf5e7ca1cc0']",[],1.0,0ffee3ba8e615ad22535e7f771690a28,84480cf8cf0e732666092640e581e1a5,h2,,5206.485278,10.0.2.15,57129,172.217.23.238,443,tcp,8.794576999999663,525.0,4422.0,SF,True,False,0,ShADadFf,13,1053,16,5066,ssl,0
5214.54131,CM0Gf62atpV1s5v7r6,10.0.2.15,57152,31.13.71.52,443,TLSv12,TLS_ECDHE_RSA_WITH_AES_128_GCM_SHA256,secp256r1,scontent.cdninstagram.com,False,True,CsxknGIti,"['75f97496eafd0cbf253c16a154838631116569e35c96831f9720036d048f93a4', '19400be5b7a31fb733917700789d2f0a2471c0c9d506c0e504c06c16d7cb17c0']",[],1.0,0ffee3ba8e615ad22535e7f771690a28,b898351eb5e266aefd3723d466935494,h2,,5214.10939,10.0.2.15,57152,31.13.71.52,443,tcp,21.126140000000305,2649.0,246279.0,SF,True,False,0,ShADadWFRfr,101,6697,215,254883,ssl,0
5229.980993,CY7vqk4DKSzmz3Rgnc,10.0.2.15,57173,152.163.66.131,443,TLSv12,TLS_RSA_WITH_AES_128_CBC_SHA,,adserver.adtechus.com,False,True,CsxnGIi,"['44ece7e30b43e443909ae7a302f38efd8870eb688ae56b799946ce3cf62fbf0a', '3b0cc20384ad7f24eb438f2b80c63ebe003f7f215b8877e418ebb0484028db57', '6b143c2005d5539cc22eab5f772db2a9fe87467feffa07fcf0a9f7d28274ca7a']",[],1.0,0ffee3ba8e615ad22535e7f771690a28,5397c414a9ebeaff1bf18b70ca22eaa0,,,5223.164689,10.0.2.15,57173,152.163.66.131,443,tcp,11.792002999999568,572.0,4386.0,SF,True,False,0,ShADadFf,10,988,10,4790,ssl,0
5229.985937,ClH5BxBW8xA4oOXJ6,10.0.2.15,57172,152.163.66.131,443,TLSv12,TLS_RSA_WITH_AES_128_CBC_SHA,,adserver.adtechus.com,False,True,CsxnGIi,"['44ece7e30b43e443909ae7a302f38efd8870eb688ae56b799946ce3cf62fbf0a', '3b0cc20384ad7f24eb438f2b80c63ebe003f7f215b8877e418ebb0484028db57', '6b143c2005d5539cc22eab5f772db2a9fe87467feffa07fcf0a9f7d28274ca7a']",[],1.0,0ffee3ba8e615ad22535e7f771690a28,5397c414a9ebeaff1bf18b70ca22eaa0,,,5223.162127,10.0.2.15,57172,152.163.66.131,443,tcp,11.794644000000517,572.0,4386.0,SF,True,False,0,ShADadFf,10,988,10,4790,ssl,0
5230.007447,CZG3LGQhLwaY4pvH3,10.0.2.15,57171,152.163.66.131,443,TLSv12,TLS_RSA_WITH_AES_128_CBC_SHA,,adserver.adtechus.com,False,True,CsxnGIi,"['44ece7e30b43e443909ae7a302f38efd8870eb688ae56b799946ce3cf62fbf0a', '3b0cc20384ad7f24eb438f2b80c63ebe003f7f215b8877e418ebb0484028db57', '6b143c2005d5539cc22eab5f772db2a9fe87467feffa07fcf0a9f7d28274ca7a']",[],1.0,0ffee3ba8e615ad22535e7f771690a28,5397c414a9ebeaff1bf18b70ca22eaa0,,,5223.151688,10.0.2.15,57171,152.163.66.131,443,tcp,11.685258000000433,572.0,4386.0,SF,True,False,0,ShADadFf,10,988,10,4790,ssl,0
5230.021407,C3yFaB3ZVZ0WNnH0t,10.0.2.15,57170,152.163.66.131,443,TLSv12,TLS_RSA_WITH_AES_128_CBC_SHA,,adserver.adtechus.com,False,True,CsxnGIi,"['44ece7e30b43e443909ae7a302f38efd8870eb688ae56b799946ce3cf62fbf0a', '3b0cc20384ad7f24eb438f2b80c63ebe003f7f215b8877e418ebb0484028db57', '6b143c2005d5539cc22eab5f772db2a9fe87467feffa07fcf0a9f7d28274ca7a']",[],1.0,0ffee3ba8e615ad22535e7f771690a28,5397c414a9ebeaff1bf18b70ca22eaa0,,,5223.151014,10.0.2.15,57170,152.163.66.131,443,tcp,11.686009000000013,572.0,4386.0,SF,True,False,0,ShADadFf,10,988,10,4790,ssl,0
5233.37689,CMPgNf4cbcRXzkC5ff,10.0.2.15,57188,172.217.23.227,443,TLSv12,TLS_ECDHE_ECDSA_WITH_AES_128_GCM_SHA256,x25519,www.gstatic.com,False,True,CsxknGIti,"['11ddd329046367c19b32ffdb02ed308de129de4d6ffcf95856d7bd6a7accfba9', '9f630426df1d8abfd80ace98871ba833ab9742cb34838de2b5285ed54c0c7dcc', '3c35cc963eb004451323d3275d05b353235053490d9cd83729a2faf5e7ca1cc0']",[],1.0,0ffee3ba8e615ad22535e7f771690a28,84480cf8cf0e732666092640e581e1a5,h2,,5231.651947,10.0.2.15,57188,172.217.23.227,443,tcp,12.352489999999309,348.0,4384.0,SF,True,False,0,ShADadFf,10,756,11,4828,ssl,0
5236.732707,CcrKeO3r7eiWd7twQl,10.0.2.15,57189,172.217.23.237,443,TLSv12,TLS_ECDHE_RSA_WITH_AES_128_GCM_SHA256,,accounts.google.com,True,True,CsiI,,,,1a5fe5677b0e4fbbc854e8908225637d,67619a80665d7ab92d1041b1d11f9164,h2,,5233.383322,10.0.2.15,57189,172.217.23.237,443,tcp,195.08856000000011,1674.0,1089.0,SF,True,False,0,ShADadFf,20,2482,23,2013,ssl,0
5238.105342,CYqL2746wMDMFTLVS7,10.0.2.15,57194,178.250.0.74,443,TLSv12,TLS_RSA_WITH_AES_128_CBC_SHA,,static.criteo.net,False,True,CsxnGIi,"['a53dd8cd1b9752c487c3339127e3f77ac7434d43b66db4a373f9df5da010c22f', 'eae72eb454bf6c3977ebd289e970b2f5282949190093d0d26f98d0f0d6a9cf17', '8420dfbe376f414bf4c0a81e6936d24ccc03f304835b86c7a39142fca723a689']",[],1.0,0ffee3ba8e615ad22535e7f771690a28,5dcc087b1a1d0a5b0658981a7e8b2c3c,,,5237.839,10.0.2.15,57194,178.250.0.74,443,tcp,6.185518999999658,589.0,4413.0,SF,True,False,0,ShADadFf,10,997,11,4857,ssl,0
5243.875907,C0SnL53acy6h6xPhf6,10.0.2.15,57196,172.217.23.225,443,TLSv12,TLS_ECDHE_RSA_WITH_AES_128_GCM_SHA256,x25519,tpc.googlesyndication.com,False,True,CsxknGIti,"['1a04953b8e7e73c9260dd8ebc167433d66e5c2dd13da8be4a7be677086cfb34c', '9f630426df1d8abfd80ace98871ba833ab9742cb34838de2b5285ed54c0c7dcc', '3c35cc963eb004451323d3275d05b353235053490d9cd83729a2faf5e7ca1cc0']",[],1.0,0ffee3ba8e615ad22535e7f771690a28,ab41313cfec25328b20865eb1388e0a2,h2,,5243.750215,10.0.2.15,57196,172.217.23.225,443,tcp,206.3833050000003,743.0,4035.0,SF,True,False,0,ShADadFf,20,1551,21,4879,ssl,0
5245.618084,CEvSNx2YxLU9ryQIB8,10.0.2.15,57199,172.217.23.227,443,TLSv12,TLS_ECDHE_ECDSA_WITH_AES_128_GCM_SHA256,,ssl.gstatic.com,True,True,CsiI,,,,1a5fe5677b0e4fbbc854e8908225637d,c23237dbea656869600e48dfbd00ab7b,h2,,5245.161679,10.0.2.15,57199,172.217.23.227,443,tcp,204.7351520000002,984.0,430.0,SF,True,False,0,ShADadFf,16,1632,18,1154,ssl,0
5248.239325,CVw1531doHNzyPRqGb,10.0.2.15,57204,54.192.93.55,443,TLSv12,TLS_ECDHE_RSA_WITH_AES_128_GCM_SHA256,secp256r1,apps.bazaarvoice.com,False,True,CsxuknGIti,"['01ce1b14bb04a0366855bb5351fb861f35255be74145b91bbb0f70fbb1d1df03', '154c433c491929c5ef686e838e323664a00e6a0d822ccc958fb4dab03e49a08f']",[],1.0,0ffee3ba8e615ad22535e7f771690a28,76cc3e2d3028143b23ec18e27dbd7ca9,h2,,5247.842045,10.0.2.15,57204,54.192.93.55,443,tcp,201.77110300000004,983.0,13879.0,SF,True,False,0,ShADadFf,25,1991,32,15163,ssl,0
5248.240287,CC3Ovx1LOdHcsPHcEk,10.0.2.15,57203,54.192.93.55,443,TLSv12,TLS_ECDHE_RSA_WITH_AES_128_GCM_SHA256,secp256r1,apps.bazaarvoice.com,False,True,CsxuknGIti,"['01ce1b14bb04a0366855bb5351fb861f35255be74145b91bbb0f70fbb1d1df03', '154c433c491929c5ef686e838e323664a00e6a0d822ccc958fb4dab03e49a08f']",[],1.0,0ffee3ba8e615ad22535e7f771690a28,76cc3e2d3028143b23ec18e27dbd7ca9,h2,,5247.839088,10.0.2.15,57203,54.192.93.55,443,tcp,3.085646999999881,563.0,3771.0,RSTO,True,False,0,ShADadFR,12,1051,13,4295,ssl,0
5257.852576,Cr8A3wBkEZp8MqJw5,10.0.2.15,57211,178.249.101.23,443,TLSv12,TLS_ECDHE_RSA_WITH_AES_128_GCM_SHA256,secp256r1,lptag.liveperson.net,False,True,CsxknGIti,"['5bc5659a1ad5999e74044d4625c1c6fb16384846a3b63cb208dc48a0104344f7', '111006378afbe8e99bb02ba87390ca429fca2773f74d7f7eb5744f5ddf68014b', '4f32d5dc00f715250abcc486511e37f501a899deb3bf7ea8adbbd3aef1c412da']",[],1.0,1a5fe5677b0e4fbbc854e8908225637d,389ed42c02ebecc32e73aa31def07e14,,,5253.26045,10.0.2.15,57211,178.249.101.23,443,tcp,28.034646000000063,674.0,5184.0,SF,True,False,0,ShADadTFf,14,1251,15,5788,ssl,0
5264.642587,C2qEkFcViPimaSc1,10.0.2.15,57243,54.230.94.179,443,TLSv12,TLS_ECDHE_RSA_WITH_AES_128_GCM_SHA256,,cms.chewy.com,True,True,CsiI,,,,1a5fe5677b0e4fbbc854e8908225637d,d199ba0af2b08e204c73d6d81a1fd260,http/1.1,,5263.929188,10.0.2.15,57243,54.230.94.179,443,tcp,15.618134000000282,1214.0,20595.0,RSTR,True,False,0,ShADadFRRRr,21,2062,30,21799,ssl,0
5264.64357,CCVB6A2hxhSsZryI6c,10.0.2.15,57242,54.230.94.179,443,TLSv12,TLS_ECDHE_RSA_WITH_AES_128_GCM_SHA256,,cms.chewy.com,True,True,CsiI,,,,1a5fe5677b0e4fbbc854e8908225637d,d199ba0af2b08e204c73d6d81a1fd260,http/1.1,,5263.925579,10.0.2.15,57242,54.230.94.179,443,tcp,17.274186999999984,1216.0,20800.0,RSTR,True,False,0,ShADadFRRRr,17,1904,23,21724,ssl,0
5264.644077,CCzHt72dWp9Io9Hei,10.0.2.15,57241,54.230.94.179,443,TLSv12,TLS_ECDHE_RSA_WITH_AES_128_GCM_SHA256,,cms.chewy.com,True,True,CsiI,,,,1a5fe5677b0e4fbbc854e8908225637d,d199ba0af2b08e204c73d6d81a1fd260,http/1.1,,5263.924139,10.0.2.15,57241,54.230.94.179,443,tcp,21.14095499999985,1804.0,4070.0,RSTR,True,False,0,ShADadRr,12,2292,12,4554,ssl,0
5264.644681,Cb1cYa1TlZ16lP3mM4,10.0.2.15,57240,54.230.94.179,443,TLSv12,TLS_ECDHE_RSA_WITH_AES_128_GCM_SHA256,,cms.chewy.com,True,True,CsiI,,,,1a5fe5677b0e4fbbc854e8908225637d,d199ba0af2b08e204c73d6d81a1fd260,http/1.1,,5263.919506,10.0.2.15,57240,54.230.94.179,443,tcp,21.14556100000027,1796.0,9694.0,RSTR,True,False,0,ShADadRr,15,2404,17,10378,ssl,0
5264.857865,CfKW8XprhIEdTlKM9,10.0.2.15,57212,178.249.101.23,443,TLSv12,TLS_ECDHE_RSA_WITH_AES_128_GCM_SHA256,,lptag.liveperson.net,True,True,CsiI,,,,1a5fe5677b0e4fbbc854e8908225637d,fbe78c619e7ea20046131294ad087f05,,,5261.535705,10.0.2.15,57212,178.249.101.23,443,tcp,20.63326999999936,599.0,137.0,SF,True,False,0,ShADadFf,8,935,7,421,ssl,0
5266.440152,CciSH8126MEfpcdn24,10.0.2.15,57229,152.163.66.131,443,TLSv12,TLS_RSA_WITH_AES_128_CBC_SHA,,adserver.adtechus.com,False,False,Csxn,"['44ece7e30b43e443909ae7a302f38efd8870eb688ae56b799946ce3cf62fbf0a', '3b0cc20384ad7f24eb438f2b80c63ebe003f7f215b8877e418ebb0484028db57', '6b143c2005d5539cc22eab5f772db2a9fe87467feffa07fcf0a9f7d28274ca7a']",[],1.0,0ffee3ba8e615ad22535e7f771690a28,5397c414a9ebeaff1bf18b70ca22eaa0,,,5261.589116,10.0.2.15,57229,152.163.66.131,443,tcp,12.313889000000016,230.0,4311.0,RSTO,True,False,0,ShADadR,7,526,6,4555,ssl,0
5266.431189,Coe66Pw2sIrz6Rwb,10.0.2.15,57231,152.163.66.131,443,TLSv12,TLS_RSA_WITH_AES_128_CBC_SHA,,adserver.adtechus.com,False,False,Csxn,"['44ece7e30b43e443909ae7a302f38efd8870eb688ae56b799946ce3cf62fbf0a', '3b0cc20384ad7f24eb438f2b80c63ebe003f7f215b8877e418ebb0484028db57', '6b143c2005d5539cc22eab5f772db2a9fe87467feffa07fcf0a9f7d28274ca7a']",[],1.0,0ffee3ba8e615ad22535e7f771690a28,5397c414a9ebeaff1bf18b70ca22eaa0,,,5261.591179,10.0.2.15,57231,152.163.66.131,443,tcp,12.31845599999997,230.0,4311.0,RSTO,True,False,0,ShADadR,8,566,6,4555,ssl,0
5281.855707,CqO0Yl2L8bR3w07kf1,10.0.2.15,57256,54.192.93.9,443,TLSv12,TLS_ECDHE_RSA_WITH_AES_128_GCM_SHA256,secp256r1,analytics-static.ugc.bazaarvoice.com,False,True,CsxuknGIti,"['1148cae4eed0437d2f2baf0d29af43f691d46d56c7be46dab2bae1e3a0c7990b', 'f55f9ffcb83c73453261601c7e044db15a0f034b93c05830f28635ef889cf670', '87dcd4dc74640a322cd205552506d1be64f12596258096544986b4850bc72706', '28689b30e4c306aab53b027b29e36ad6dd1dcf4b953994482ca84bdc1ecac996']",[],1.0,0ffee3ba8e615ad22535e7f771690a28,76cc3e2d3028143b23ec18e27dbd7ca9,h2,,5278.095027,10.0.2.15,57256,54.192.93.9,443,tcp,6.833634999999958,339.0,5872.0,RSTO,True,False,0,ShADadR,10,755,11,6316,ssl,0
5282.312711,Cxpp9j134XUbgmiEC2,10.0.2.15,57250,178.249.101.99,443,TLSv12,TLS_ECDHE_RSA_WITH_AES_128_GCM_SHA256,secp256r1,accdn.lpsnmedia.net,False,True,CsxknGIti,"['d45f1b87c33a2546e31d21fcb368b9be38bd70956ca9e8039edd9ceaee4af0e0', '111006378afbe8e99bb02ba87390ca429fca2773f74d7f7eb5744f5ddf68014b', '4f32d5dc00f715250abcc486511e37f501a899deb3bf7ea8adbbd3aef1c412da']",[],1.0,1a5fe5677b0e4fbbc854e8908225637d,389ed42c02ebecc32e73aa31def07e14,,,5280.62748,10.0.2.15,57250,178.249.101.99,443,tcp,4.843748000000232,643.0,5180.0,SF,True,False,0,ShADadFf,10,1051,13,5704,ssl,0
5266.632072,CNNBZCk7JlD45RKUl,10.0.2.15,57232,152.163.66.131,443,,,,adserver.adtechus.com,False,False,C,,,,0ffee3ba8e615ad22535e7f771690a28,,,,5261.592032,10.0.2.15,57232,152.163.66.131,443,tcp,13.63892400000077,230.0,1420.0,RSTO,True,False,0,ShADaFdR,6,486,4,1584,ssl,0
5266.633069,CghJcr1XYNN09OMaEl,10.0.2.15,57230,152.163.66.131,443,,,,adserver.adtechus.com,False,False,C,,,,0ffee3ba8e615ad22535e7f771690a28,,,,5261.59013,10.0.2.15,57230,152.163.66.131,443,tcp,13.705532000000858,230.0,1420.0,RSTO,True,False,0,ShADaFdR,6,486,4,1584,ssl,0
5286.413077,CybxQ53zZfccFpDXDk,10.0.2.15,57262,178.250.0.101,443,TLSv12,TLS_RSA_WITH_AES_128_CBC_SHA,,cas.fr.eu.criteo.com,False,True,CsxnGIi,"['8a258857ae6b43509c5769d79be153d2c41426a6c9fbdc79a626f601ad13560d', 'eae72eb454bf6c3977ebd289e970b2f5282949190093d0d26f98d0f0d6a9cf17', '8420dfbe376f414bf4c0a81e6936d24ccc03f304835b86c7a39142fca723a689']",[],1.0,0ffee3ba8e615ad22535e7f771690a28,5dcc087b1a1d0a5b0658981a7e8b2c3c,,,5286.172422,10.0.2.15,57262,178.250.0.101,443,tcp,19.00679300000047,4629.0,9676.0,SF,True,False,0,ShADadTfF,17,5318,19,10440,ssl,0
5286.420079,Cy6gu32D2zMENTSnjb,10.0.2.15,57260,216.58.201.66,443,TLSv12,TLS_ECDHE_RSA_WITH_AES_128_GCM_SHA256,,cm.g.doubleclick.net,True,True,CsiI,,,,1a5fe5677b0e4fbbc854e8908225637d,67619a80665d7ab92d1041b1d11f9164,h2,,5286.169479,10.0.2.15,57260,216.58.201.66,443,tcp,372.3311690000001,1814.0,1008.0,SF,True,False,0,ShADadFf,29,2982,32,2292,ssl,0
5286.416237,CbueZL20BK81Ixqsll,10.0.2.15,57261,172.217.23.226,443,TLSv12,TLS_ECDHE_RSA_WITH_AES_128_GCM_SHA256,x25519,adx.g.doubleclick.net,False,True,CsxknGIti,"['a32ffddd76f9e7debbfc9a37b38d2ef86039b30a10d7c45ab8223d149cf99699', '9f630426df1d8abfd80ace98871ba833ab9742cb34838de2b5285ed54c0c7dcc', '3c35cc963eb004451323d3275d05b353235053490d9cd83729a2faf5e7ca1cc0']",[],1.0,0ffee3ba8e615ad22535e7f771690a28,ab41313cfec25328b20865eb1388e0a2,h2,,5286.171192,10.0.2.15,57261,172.217.23.226,443,tcp,177.79740800000036,12769.0,40174.0,SF,True,False,0,ShADadFf,65,15377,97,44058,ssl,0
5286.423453,CFa5rxj86ulnybRVc,10.0.2.15,57259,178.250.0.101,443,TLSv12,TLS_RSA_WITH_AES_128_CBC_SHA,,cas.fr.eu.criteo.com,False,True,CsxnGIi,"['8a258857ae6b43509c5769d79be153d2c41426a6c9fbdc79a626f601ad13560d', 'eae72eb454bf6c3977ebd289e970b2f5282949190093d0d26f98d0f0d6a9cf17', '8420dfbe376f414bf4c0a81e6936d24ccc03f304835b86c7a39142fca723a689']",[],1.0,0ffee3ba8e615ad22535e7f771690a28,5dcc087b1a1d0a5b0658981a7e8b2c3c,,,5286.168877,10.0.2.15,57259,178.250.0.101,443,tcp,19.93498,4629.0,9623.0,SF,True,False,0,ShADadTfF,17,5318,19,10387,ssl,0
5286.427641,CnjUFF1QSgdrOLhkjg,10.0.2.15,57258,172.217.23.226,443,TLSv12,TLS_ECDHE_RSA_WITH_AES_128_GCM_SHA256,x25519,adx.g.doubleclick.net,False,True,CsxknGIti,"['a32ffddd76f9e7debbfc9a37b38d2ef86039b30a10d7c45ab8223d149cf99699', '9f630426df1d8abfd80ace98871ba833ab9742cb34838de2b5285ed54c0c7dcc', '3c35cc963eb004451323d3275d05b353235053490d9cd83729a2faf5e7ca1cc0']",[],1.0,0ffee3ba8e615ad22535e7f771690a28,ab41313cfec25328b20865eb1388e0a2,h2,,5286.167612,10.0.2.15,57258,172.217.23.226,443,tcp,7.009916999999405,1285.0,4513.0,SF,True,False,0,ShADadFf,15,1893,16,5157,ssl,0
5288.334653,CbFPD6sjC0ZFSG90c,10.0.2.15,57267,95.100.177.177,443,TLSv12,TLS_ECDHE_RSA_WITH_AES_256_GCM_SHA384,secp256r1,chewy.ugc.bazaarvoice.com,False,True,CsxknGIti,"['056cc7ce6108ae66b083ffac1a9c763f5515a0ff1d3b90f13ad63c528f62b8d8', 'eae72eb454bf6c3977ebd289e970b2f5282949190093d0d26f98d0f0d6a9cf17', '8420dfbe376f414bf4c0a81e6936d24ccc03f304835b86c7a39142fca723a689']",[],1.0,0ffee3ba8e615ad22535e7f771690a28,2b33c1374db4ddf06942f92373c0b54b,http/1.1,,5287.950148,10.0.2.15,57267,95.100.177.177,443,tcp,126.45940700000028,735.0,7452.0,SF,True,False,0,ShADadTTFf,24,1715,26,8496,ssl,0
5290.94329,C45gtg24OsNpEA004j,10.0.2.15,57278,172.217.23.228,443,TLSv12,TLS_ECDHE_RSA_WITH_AES_128_GCM_SHA256,,www.google.com,True,True,CsiI,,,,1a5fe5677b0e4fbbc854e8908225637d,67619a80665d7ab92d1041b1d11f9164,h2,,5289.070733,10.0.2.15,57278,172.217.23.228,443,tcp,305.55376500000057,3880.0,4883.0,SF,True,False,0,ShADadFf,39,5448,47,6767,ssl,0
5289.883452,CpFQMMxnH0ahlLTWa,10.0.2.15,57270,172.217.23.228,443,TLSv12,TLS_ECDHE_RSA_WITH_AES_128_GCM_SHA256,,www.google.com,True,True,CsiI,,,,1a5fe5677b0e4fbbc854e8908225637d,67619a80665d7ab92d1041b1d11f9164,h2,,5288.700029,10.0.2.15,57270,172.217.23.228,443,tcp,5.85426600000028,1697.0,31031.0,SF,True,False,0,ShADadFf,24,2665,41,32675,ssl,0
5288.338619,CY2qXvWHW84eSE4L1,10.0.2.15,57266,178.249.101.99,443,TLSv12,TLS_ECDHE_RSA_WITH_AES_128_GCM_SHA256,secp256r1,accdn.lpsnmedia.net,False,True,CsxknGIti,"['d45f1b87c33a2546e31d21fcb368b9be38bd70956ca9e8039edd9ceaee4af0e0', '111006378afbe8e99bb02ba87390ca429fca2773f74d7f7eb5744f5ddf68014b', '4f32d5dc00f715250abcc486511e37f501a899deb3bf7ea8adbbd3aef1c412da']",[],1.0,1a5fe5677b0e4fbbc854e8908225637d,389ed42c02ebecc32e73aa31def07e14,,,5287.949546,10.0.2.15,57266,178.249.101.99,443,tcp,6.234693000000334,674.0,5180.0,SF,True,False,0,ShADadFf,12,1162,13,5704,ssl,0
5291.076325,CqcBcE3uZE1R9rstej,10.0.2.15,57277,208.89.12.87,443,TLSv12,TLS_ECDHE_RSA_WITH_AES_128_GCM_SHA256,secp256r1,va.v.liveperson.net,False,True,CsxknGIti,"['db317cbf0ca657eea07c79a1e7906d1f57b080f30c045da323152fb4a831a0bf', '111006378afbe8e99bb02ba87390ca429fca2773f74d7f7eb5744f5ddf68014b', '4f32d5dc00f715250abcc486511e37f501a899deb3bf7ea8adbbd3aef1c412da']",[],1.0,1a5fe5677b0e4fbbc854e8908225637d,389ed42c02ebecc32e73aa31def07e14,,,5289.069135,10.0.2.15,57277,208.89.12.87,443,tcp,45.33196500000031,1241.0,5561.0,SF,True,False,0,ShADadTfF,14,1812,17,6245,ssl,0
5293.980262,CnwVqyNt6azTwHUge,10.0.2.15,57284,95.101.248.209,443,TLSv12,TLS_ECDHE_RSA_WITH_AES_256_GCM_SHA384,secp256r1,www.schwab.com,False,True,CsxknGIti,"['1e78d011573d25e67b75d33ca17f566a27c56c6741bd77c3d3eefa57c588ecb7', '9e6bc5f9ecc52460e8edc02c644d1be1cb9f2316f41daf3b616a0b2058294b31']",[],1.0,0ffee3ba8e615ad22535e7f771690a28,2b33c1374db4ddf06942f92373c0b54b,h2,,5293.828372,10.0.2.15,57284,95.101.248.209,443,tcp,305.67745300000024,9546.0,724649.0,SF,True,False,0,ShADadFfRr,399,25514,846,758493,ssl,0
5293.982208,CHwAJl2cJhPdHUjyP5,10.0.2.15,57285,95.101.248.209,443,TLSv12,TLS_ECDHE_RSA_WITH_AES_256_GCM_SHA384,secp256r1,www.schwab.com,False,True,CsxknGIti,"['1e78d011573d25e67b75d33ca17f566a27c56c6741bd77c3d3eefa57c588ecb7', '9e6bc5f9ecc52460e8edc02c644d1be1cb9f2316f41daf3b616a0b2058294b31']",[],1.0,0ffee3ba8e615ad22535e7f771690a28,2b33c1374db4ddf06942f92373c0b54b,h2,,5293.834967,10.0.2.15,57285,95.101.248.209,443,tcp,4.625316999999996,557.0,3846.0,SF,True,False,0,ShADadFfRr,14,1125,16,4490,ssl,0
5293.247856,C5OMef1ShnX1yCWv86,10.0.2.15,57281,208.89.12.87,443,TLSv12,TLS_ECDHE_RSA_WITH_AES_128_GCM_SHA256,secp256r1,va.v.liveperson.net,False,True,CsxknGIti,"['db317cbf0ca657eea07c79a1e7906d1f57b080f30c045da323152fb4a831a0bf', '111006378afbe8e99bb02ba87390ca429fca2773f74d7f7eb5744f5ddf68014b', '4f32d5dc00f715250abcc486511e37f501a899deb3bf7ea8adbbd3aef1c412da']",[],1.0,0ffee3ba8e615ad22535e7f771690a28,389ed42c02ebecc32e73aa31def07e14,,,5291.081485,10.0.2.15,57281,208.89.12.87,443,tcp,8.02034200000071,353.0,5190.0,SF,True,False,0,ShADadFf,10,761,13,5714,ssl,0
5293.254371,CigjOK2AOQKmksCkM,10.0.2.15,57282,208.89.12.87,443,TLSv12,TLS_ECDHE_RSA_WITH_AES_128_GCM_SHA256,secp256r1,va.v.liveperson.net,False,True,CsxknGIti,"['db317cbf0ca657eea07c79a1e7906d1f57b080f30c045da323152fb4a831a0bf', '111006378afbe8e99bb02ba87390ca429fca2773f74d7f7eb5744f5ddf68014b', '4f32d5dc00f715250abcc486511e37f501a899deb3bf7ea8adbbd3aef1c412da']",[],1.0,0ffee3ba8e615ad22535e7f771690a28,389ed42c02ebecc32e73aa31def07e14,,,5291.083688,10.0.2.15,57282,208.89.12.87,443,tcp,8.012955000000147,353.0,5190.0,SF,True,False,0,ShADadFf,11,801,12,5674,ssl,0
5294.528156,CBBkvk34MGTbQ4lTG4,10.0.2.15,57287,52.54.227.46,443,TLSv12,TLS_ECDHE_RSA_WITH_AES_128_GCM_SHA256,secp256r1,www.eventbrite.com,False,True,CsxknGIti,"['4fd86ee24f5bf37baf409cb6f8df685b36dddefb08d6fce2708576d4aebc97ec', '19400be5b7a31fb733917700789d2f0a2471c0c9d506c0e504c06c16d7cb17c0', '7431e5f4c3c1ce4690774f0b61e05440883ba9a01ed00ba6abd7806ed3b118cf']",[],1.0,0ffee3ba8e615ad22535e7f771690a28,ccc514751b175866924439bdbb5bba34,,,5293.983774,10.0.2.15,57287,52.54.227.46,443,tcp,6.985400999999911,352.0,4863.0,SF,True,False,0,ShADadFf,10,760,12,5347,ssl,0
5294.526609,CpSsgi2XXOzVmrgyJ5,10.0.2.15,57286,52.54.227.46,443,TLSv12,TLS_ECDHE_RSA_WITH_AES_128_GCM_SHA256,secp256r1,www.eventbrite.com,False,True,CsxknGIti,"['4fd86ee24f5bf37baf409cb6f8df685b36dddefb08d6fce2708576d4aebc97ec', '19400be5b7a31fb733917700789d2f0a2471c0c9d506c0e504c06c16d7cb17c0', '7431e5f4c3c1ce4690774f0b61e05440883ba9a01ed00ba6abd7806ed3b118cf']",[],1.0,0ffee3ba8e615ad22535e7f771690a28,ccc514751b175866924439bdbb5bba34,,,5293.978546,10.0.2.15,57286,52.54.227.46,443,tcp,217.30945299999985,8302.0,69125.0,SF,True,False,0,ShADadTTFf,69,11088,113,73649,ssl,0
5296.084959,Cc3V8h1nYEtUFybPec,10.0.2.15,57295,178.250.0.66,443,TLSv12,TLS_RSA_WITH_AES_128_CBC_SHA,,cat.fr.eu.criteo.com,False,True,CsxnGIi,"['8a258857ae6b43509c5769d79be153d2c41426a6c9fbdc79a626f601ad13560d', 'eae72eb454bf6c3977ebd289e970b2f5282949190093d0d26f98d0f0d6a9cf17', '8420dfbe376f414bf4c0a81e6936d24ccc03f304835b86c7a39142fca723a689']",[],1.0,0ffee3ba8e615ad22535e7f771690a28,5dcc087b1a1d0a5b0658981a7e8b2c3c,,,5295.99204,10.0.2.15,57295,178.250.0.66,443,tcp,14.722262000000228,5045.0,4786.0,SF,True,False,0,ShADadTfF,16,5694,18,5510,ssl,0
5296.089116,CAqIQL2yiX5XtQFWrj,10.0.2.15,57293,178.250.0.66,443,TLSv12,TLS_RSA_WITH_AES_128_CBC_SHA,,cat.fr.eu.criteo.com,False,True,CsxnGIi,"['8a258857ae6b43509c5769d79be153d2c41426a6c9fbdc79a626f601ad13560d', 'eae72eb454bf6c3977ebd289e970b2f5282949190093d0d26f98d0f0d6a9cf17', '8420dfbe376f414bf4c0a81e6936d24ccc03f304835b86c7a39142fca723a689']",[],1.0,0ffee3ba8e615ad22535e7f771690a28,5dcc087b1a1d0a5b0658981a7e8b2c3c,,,5295.991008,10.0.2.15,57293,178.250.0.66,443,tcp,14.702903999999762,5061.0,4786.0,SF,True,False,0,ShADadTfF,16,5710,18,5510,ssl,0
5296.090418,CYOiJv35D1io2bVK21,10.0.2.15,57292,178.250.0.74,443,TLSv12,TLS_RSA_WITH_AES_128_CBC_SHA,,static.criteo.net,False,True,CsxnGIi,"['a53dd8cd1b9752c487c3339127e3f77ac7434d43b66db4a373f9df5da010c22f', 'eae72eb454bf6c3977ebd289e970b2f5282949190093d0d26f98d0f0d6a9cf17', '8420dfbe376f414bf4c0a81e6936d24ccc03f304835b86c7a39142fca723a689']",[],1.0,0ffee3ba8e615ad22535e7f771690a28,5dcc087b1a1d0a5b0658981a7e8b2c3c,,,5295.990426,10.0.2.15,57292,178.250.0.74,443,tcp,7.979073999999855,621.0,4413.0,SF,True,False,0,ShADadFf,10,1029,11,4857,ssl,0
5296.091346,CvWuxU3XrzUCE5JRRj,10.0.2.15,57291,178.250.0.74,443,TLSv12,TLS_RSA_WITH_AES_128_CBC_SHA,,static.criteo.net,False,True,CsxnGIi,"['a53dd8cd1b9752c487c3339127e3f77ac7434d43b66db4a373f9df5da010c22f', 'eae72eb454bf6c3977ebd289e970b2f5282949190093d0d26f98d0f0d6a9cf17', '8420dfbe376f414bf4c0a81e6936d24ccc03f304835b86c7a39142fca723a689']",[],1.0,0ffee3ba8e615ad22535e7f771690a28,5dcc087b1a1d0a5b0658981a7e8b2c3c,,,5295.98977,10.0.2.15,57291,178.250.0.74,443,tcp,7.942892000000029,621.0,4413.0,SF,True,False,0,ShADadFf,10,1029,11,4857,ssl,0
5289.924634,CnyZS848Ohm6D9KTBg,10.0.2.15,57269,208.89.12.87,443,TLSv12,TLS_ECDHE_RSA_WITH_AES_128_GCM_SHA256,secp256r1,va.v.liveperson.net,False,True,CsxknGIti,"['db317cbf0ca657eea07c79a1e7906d1f57b080f30c045da323152fb4a831a0bf', '111006378afbe8e99bb02ba87390ca429fca2773f74d7f7eb5744f5ddf68014b', '4f32d5dc00f715250abcc486511e37f501a899deb3bf7ea8adbbd3aef1c412da']",[],1.0,1a5fe5677b0e4fbbc854e8908225637d,389ed42c02ebecc32e73aa31def07e14,,,5288.697846,10.0.2.15,57269,208.89.12.87,443,tcp,48.68539200000032,1241.0,5560.0,SF,True,False,0,ShADadTfF,15,1852,17,6244,ssl,0
5293.430894,CNeskV3NQDinJrToSg,10.0.2.15,57283,208.89.12.87,443,TLSv12,TLS_ECDHE_RSA_WITH_AES_128_GCM_SHA256,secp256r1,va.v.liveperson.net,False,True,CsxknGIti,"['db317cbf0ca657eea07c79a1e7906d1f57b080f30c045da323152fb4a831a0bf', '111006378afbe8e99bb02ba87390ca429fca2773f74d7f7eb5744f5ddf68014b', '4f32d5dc00f715250abcc486511e37f501a899deb3bf7ea8adbbd3aef1c412da']",[],1.0,0ffee3ba8e615ad22535e7f771690a28,389ed42c02ebecc32e73aa31def07e14,,,5291.338561,10.0.2.15,57283,208.89.12.87,443,tcp,7.763187000000471,353.0,5190.0,SF,True,False,0,ShADadFf,10,761,11,5634,ssl,0
5296.92942,CsVM8y456ktWX8mOw9,10.0.2.15,57296,178.250.0.66,443,TLSv12,TLS_RSA_WITH_AES_128_CBC_SHA,,cat.fr.eu.criteo.com,False,True,CsxnGIi,"['8a258857ae6b43509c5769d79be153d2c41426a6c9fbdc79a626f601ad13560d', 'eae72eb454bf6c3977ebd289e970b2f5282949190093d0d26f98d0f0d6a9cf17', '8420dfbe376f414bf4c0a81e6936d24ccc03f304835b86c7a39142fca723a689']",[],1.0,0ffee3ba8e615ad22535e7f771690a28,5dcc087b1a1d0a5b0658981a7e8b2c3c,,,5296.056365,10.0.2.15,57296,178.250.0.66,443,tcp,7.891735999999582,592.0,4413.0,SF,True,False,0,ShADadFf,10,1000,11,4857,ssl,0
5296.94653,CWelQJ2vpvPgiVzq6,10.0.2.15,57300,172.217.23.227,443,TLSv12,TLS_ECDHE_ECDSA_WITH_AES_128_GCM_SHA256,,www.gstatic.com,True,True,CsiI,,,,1a5fe5677b0e4fbbc854e8908225637d,c23237dbea656869600e48dfbd00ab7b,h2,,5296.421884,10.0.2.15,57300,172.217.23.227,443,tcp,196.97669899999983,1452.0,4496.0,RSTO,True,False,0,ShADadFR,23,2380,26,5540,ssl,0
5296.934239,CUrbtU2X5iuVWUehU1,10.0.2.15,57297,172.217.23.230,443,TLSv12,TLS_ECDHE_RSA_WITH_AES_128_GCM_SHA256,x25519,ad.doubleclick.net,False,True,CsxknGIti,"['378a6c73f6dec1c6bc563fa8eda92c3e9ce61b893db7685686c41f33ab89931c', '9f630426df1d8abfd80ace98871ba833ab9742cb34838de2b5285ed54c0c7dcc', '3c35cc963eb004451323d3275d05b353235053490d9cd83729a2faf5e7ca1cc0']",[],1.0,0ffee3ba8e615ad22535e7f771690a28,ab41313cfec25328b20865eb1388e0a2,h2,,5296.066032,10.0.2.15,57297,172.217.23.230,443,tcp,217.74443000000065,4845.0,147753.0,SF,True,False,0,ShADadFf,78,7973,175,154757,ssl,0
5300.06811,Cne1hwzwBi4Edu2Ch,10.0.2.15,57305,172.217.23.230,443,TLSv12,TLS_ECDHE_RSA_WITH_AES_128_GCM_SHA256,x25519,s0.2mdn.net,False,True,CsxknGIti,"['378a6c73f6dec1c6bc563fa8eda92c3e9ce61b893db7685686c41f33ab89931c', '9f630426df1d8abfd80ace98871ba833ab9742cb34838de2b5285ed54c0c7dcc', '3c35cc963eb004451323d3275d05b353235053490d9cd83729a2faf5e7ca1cc0']",[],1.0,0ffee3ba8e615ad22535e7f771690a28,ab41313cfec25328b20865eb1388e0a2,h2,,5299.658401,10.0.2.15,57305,172.217.23.230,443,tcp,1.445678000000043,492.0,4104.0,RSTO,True,False,0,ShADadFR,10,900,12,4588,ssl,0
5300.34979,CX9M6hErZ1Z7l4jn8,10.0.2.15,57308,216.58.201.66,443,TLSv12,TLS_ECDHE_RSA_WITH_AES_128_GCM_SHA256,x25519,googleads4.g.doubleclick.net,False,True,CsxknGIti,"['a32ffddd76f9e7debbfc9a37b38d2ef86039b30a10d7c45ab8223d149cf99699', '9f630426df1d8abfd80ace98871ba833ab9742cb34838de2b5285ed54c0c7dcc', '3c35cc963eb004451323d3275d05b353235053490d9cd83729a2faf5e7ca1cc0']",[],1.0,0ffee3ba8e615ad22535e7f771690a28,ab41313cfec25328b20865eb1388e0a2,h2,,5299.892876,10.0.2.15,57308,216.58.201.66,443,tcp,5.24062800000047,1833.0,4520.0,SF,True,False,0,ShADadFf,15,2441,17,5204,ssl,0
5300.352531,CxHANt4l4M8RAf8ehj,10.0.2.15,57307,172.217.23.230,443,TLSv12,TLS_ECDHE_RSA_WITH_AES_128_GCM_SHA256,x25519,s1.2mdn.net,False,True,CsxknGIti,"['378a6c73f6dec1c6bc563fa8eda92c3e9ce61b893db7685686c41f33ab89931c', '9f630426df1d8abfd80ace98871ba833ab9742cb34838de2b5285ed54c0c7dcc', '3c35cc963eb004451323d3275d05b353235053490d9cd83729a2faf5e7ca1cc0']",[],1.0,0ffee3ba8e615ad22535e7f771690a28,ab41313cfec25328b20865eb1388e0a2,h2,,5299.891245,10.0.2.15,57307,172.217.23.230,443,tcp,2.643831999999747,492.0,4104.0,RSTO,True,False,0,ShADadFR,9,860,11,4548,ssl,0
5301.333222,CqWR5x38GCjQlRZJld,10.0.2.15,57318,216.137.61.80,443,TLSv12,TLS_ECDHE_RSA_WITH_AES_128_GCM_SHA256,secp256r1,d2wy8f7a9ursnm.cloudfront.net,False,True,CsxuknGIti,"['90c0937808b31877df6c4a5c743c99325d974624be3735faa5078cf73d4fd205', 'eae72eb454bf6c3977ebd289e970b2f5282949190093d0d26f98d0f0d6a9cf17']",[],1.0,0ffee3ba8e615ad22535e7f771690a28,76cc3e2d3028143b23ec18e27dbd7ca9,http/1.1,,5301.17053,10.0.2.15,57318,216.137.61.80,443,tcp,120.08363299999928,686.0,10588.0,SF,True,False,0,ShADadTTFf,24,1665,28,11712,ssl,0
5300.398542,C57aKz2sfZjAQt5tmd,10.0.2.15,57312,216.58.201.66,443,TLSv12,TLS_ECDHE_RSA_WITH_AES_128_GCM_SHA256,x25519,googleads4.g.doubleclick.net,False,True,CsxknGIti,"['a32ffddd76f9e7debbfc9a37b38d2ef86039b30a10d7c45ab8223d149cf99699', '9f630426df1d8abfd80ace98871ba833ab9742cb34838de2b5285ed54c0c7dcc', '3c35cc963eb004451323d3275d05b353235053490d9cd83729a2faf5e7ca1cc0']",[],1.0,0ffee3ba8e615ad22535e7f771690a28,ab41313cfec25328b20865eb1388e0a2,h2,,5299.924345,10.0.2.15,57312,216.58.201.66,443,tcp,4.311147999999776,538.0,4085.0,RSTO,True,False,0,ShADadFR,12,1026,13,4609,ssl,0
5300.400035,CCTDLy7OfYBhBQrqc,10.0.2.15,57311,216.58.201.66,443,TLSv12,TLS_ECDHE_RSA_WITH_AES_128_GCM_SHA256,x25519,googleads4.g.doubleclick.net,False,True,CsxknGIti,"['a32ffddd76f9e7debbfc9a37b38d2ef86039b30a10d7c45ab8223d149cf99699', '9f630426df1d8abfd80ace98871ba833ab9742cb34838de2b5285ed54c0c7dcc', '3c35cc963eb004451323d3275d05b353235053490d9cd83729a2faf5e7ca1cc0']",[],1.0,0ffee3ba8e615ad22535e7f771690a28,ab41313cfec25328b20865eb1388e0a2,h2,,5299.922389,10.0.2.15,57311,216.58.201.66,443,tcp,4.831406999999672,538.0,4085.0,SF,True,False,0,ShADadFRfr,13,1066,14,4649,ssl,0
5300.406029,CyOdor1KgnkqrWIrM4,10.0.2.15,57310,172.217.23.230,443,TLSv12,TLS_ECDHE_RSA_WITH_AES_128_GCM_SHA256,x25519,s0.2mdn.net,False,True,CsxknGIti,"['378a6c73f6dec1c6bc563fa8eda92c3e9ce61b893db7685686c41f33ab89931c', '9f630426df1d8abfd80ace98871ba833ab9742cb34838de2b5285ed54c0c7dcc', '3c35cc963eb004451323d3275d05b353235053490d9cd83729a2faf5e7ca1cc0']",[],1.0,0ffee3ba8e615ad22535e7f771690a28,ab41313cfec25328b20865eb1388e0a2,h2,,5299.918887,10.0.2.15,57310,172.217.23.230,443,tcp,3.854707999999846,492.0,4104.0,RSTO,True,False,0,ShADadFR,11,940,12,4588,ssl,0
5300.407474,CeOYLg2MFHaoMeqc52,10.0.2.15,57309,172.217.23.230,443,TLSv12,TLS_ECDHE_RSA_WITH_AES_128_GCM_SHA256,x25519,s1.2mdn.net,False,True,CsxknGIti,"['378a6c73f6dec1c6bc563fa8eda92c3e9ce61b893db7685686c41f33ab89931c', '9f630426df1d8abfd80ace98871ba833ab9742cb34838de2b5285ed54c0c7dcc', '3c35cc963eb004451323d3275d05b353235053490d9cd83729a2faf5e7ca1cc0']",[],1.0,0ffee3ba8e615ad22535e7f771690a28,ab41313cfec25328b20865eb1388e0a2,h2,,5299.893444,10.0.2.15,57309,172.217.23.230,443,tcp,3.885858999999982,492.0,4104.0,RSTO,True,False,0,ShADadFR,10,900,11,4548,ssl,0
5302.048307,CuuxNs2La8bDwE2qYb,10.0.2.15,57320,95.101.248.209,443,TLSv12,TLS_ECDHE_RSA_WITH_AES_256_GCM_SHA384,secp256r1,client.schwab.com,False,True,CsxknGIti,"['1e78d011573d25e67b75d33ca17f566a27c56c6741bd77c3d3eefa57c588ecb7', '9e6bc5f9ecc52460e8edc02c644d1be1cb9f2316f41daf3b616a0b2058294b31']",[],1.0,0ffee3ba8e615ad22535e7f771690a28,2b33c1374db4ddf06942f92373c0b54b,h2,,5301.321655,10.0.2.15,57320,95.101.248.209,443,tcp,4.250098999999864,531.0,3846.0,SF,True,False,0,ShADadFRfr,12,1019,17,4530,ssl,0
5302.047261,Cn2p0ax0ECidU4443,10.0.2.15,57322,95.101.248.209,443,TLSv12,TLS_ECDHE_RSA_WITH_AES_256_GCM_SHA384,secp256r1,client.schwab.com,False,True,CsxknGIti,"['1e78d011573d25e67b75d33ca17f566a27c56c6741bd77c3d3eefa57c588ecb7', '9e6bc5f9ecc52460e8edc02c644d1be1cb9f2316f41daf3b616a0b2058294b31']",[],1.0,0ffee3ba8e615ad22535e7f771690a28,2b33c1374db4ddf06942f92373c0b54b,h2,,5301.540184,10.0.2.15,57322,95.101.248.209,443,tcp,3.55312799999956,531.0,3777.0,RSTO,True,False,0,ShADadFR,10,939,12,4261,ssl,0
5302.049045,Cs5Q6w2JY9RwjRG29c,10.0.2.15,57319,95.101.248.209,443,TLSv12,TLS_ECDHE_RSA_WITH_AES_256_GCM_SHA384,secp256r1,client.schwab.com,False,True,CsxknGIti,"['1e78d011573d25e67b75d33ca17f566a27c56c6741bd77c3d3eefa57c588ecb7', '9e6bc5f9ecc52460e8edc02c644d1be1cb9f2316f41daf3b616a0b2058294b31']",[],1.0,0ffee3ba8e615ad22535e7f771690a28,2b33c1374db4ddf06942f92373c0b54b,h2,,5301.292131,10.0.2.15,57319,95.101.248.209,443,tcp,4.07395600000018,531.0,3846.0,RSTO,True,False,0,ShADadFR,10,939,12,4330,ssl,0
5300.066106,CYtmPo4E0E5ESROEMa,10.0.2.15,57306,216.58.201.66,443,TLSv12,TLS_ECDHE_RSA_WITH_AES_128_GCM_SHA256,x25519,googleads4.g.doubleclick.net,False,True,CsxknGIti,"['a32ffddd76f9e7debbfc9a37b38d2ef86039b30a10d7c45ab8223d149cf99699', '9f630426df1d8abfd80ace98871ba833ab9742cb34838de2b5285ed54c0c7dcc', '3c35cc963eb004451323d3275d05b353235053490d9cd83729a2faf5e7ca1cc0']",[],1.0,0ffee3ba8e615ad22535e7f771690a28,ab41313cfec25328b20865eb1388e0a2,h2,,5299.659412,10.0.2.15,57306,216.58.201.66,443,tcp,194.6992220000002,2018.0,4658.0,RSTO,True,False,0,ShADadFR,21,2866,25,5662,ssl,0
5304.667083,CC0iyt3CjOwifDHbEl,10.0.2.15,57344,95.101.246.247,443,TLSv12,TLS_ECDHE_RSA_WITH_AES_256_GCM_SHA384,secp256r1,content.schwab.com,False,True,CsxknGIti,"['5e7b3da974b85ae3c6621863ebda4f9102713abe72dd2bf1c8f70b1be82b395e', '9e6bc5f9ecc52460e8edc02c644d1be1cb9f2316f41daf3b616a0b2058294b31']",[],1.0,0ffee3ba8e615ad22535e7f771690a28,2b33c1374db4ddf06942f92373c0b54b,http/1.1,,5302.90562,10.0.2.15,57344,95.101.246.247,443,tcp,153.36502999999993,1005.0,546341.0,RSTO,True,False,0,ShADadTTFR,276,12065,614,570905,ssl,0
5304.67032,CuvYTw1WG1tGbFmf7j,10.0.2.15,57345,95.101.246.247,443,TLSv12,TLS_ECDHE_RSA_WITH_AES_256_GCM_SHA384,secp256r1,content.schwab.com,False,True,CsxknGIti,"['5e7b3da974b85ae3c6621863ebda4f9102713abe72dd2bf1c8f70b1be82b395e', '9e6bc5f9ecc52460e8edc02c644d1be1cb9f2316f41daf3b616a0b2058294b31']",[],1.0,0ffee3ba8e615ad22535e7f771690a28,2b33c1374db4ddf06942f92373c0b54b,http/1.1,,5302.906443,10.0.2.15,57345,95.101.246.247,443,tcp,11.06048699999974,352.0,3751.0,SF,True,False,0,ShADadFfRr,12,840,14,4315,ssl,0
5304.66824,Ctl6n22qGb8N8qh5jb,10.0.2.15,57343,151.101.112.143,443,TLSv12,TLS_ECDHE_RSA_WITH_AES_128_GCM_SHA256,secp256r1,cdn.evbstatic.com,False,True,CsxuknGIti,"['52fc1597547a52e9a880d37a1a04ee0f9860516731ec316dab3ba7d3641678c4', '74ef335e5e18788307fb9d89cb704bec112abd23487dbff41c4ded5070f241d9']",[],1.0,0ffee3ba8e615ad22535e7f771690a28,860fcf58fd757e26aa8911e5eaff6b53,http/1.1,,5302.904955,10.0.2.15,57343,151.101.112.143,443,tcp,11.12079199999971,351.0,5809.0,SF,True,False,0,ShADadFfRr,13,879,16,6453,ssl,0
5305.044429,CcrHOU3VQxdGzk0zrd,10.0.2.15,57313,172.217.23.230,443,TLSv12,TLS_ECDHE_RSA_WITH_AES_128_GCM_SHA256,,s1.2mdn.net,True,True,CsiI,,,,1a5fe5677b0e4fbbc854e8908225637d,67619a80665d7ab92d1041b1d11f9164,h2,,5300.261662,10.0.2.15,57313,172.217.23.230,443,tcp,5.383488000000398,779.0,292.0,SF,True,False,0,ShADadFf,10,1195,10,696,ssl,0
5305.046152,CQidmo3XqRKw44Ilg9,10.0.2.15,57314,172.217.23.230,443,TLSv12,TLS_ECDHE_RSA_WITH_AES_128_GCM_SHA256,,s0.2mdn.net,True,True,CsiI,,,,1a5fe5677b0e4fbbc854e8908225637d,67619a80665d7ab92d1041b1d11f9164,h2,,5300.263236,10.0.2.15,57314,172.217.23.230,443,tcp,5.364642000000458,779.0,292.0,SF,True,False,0,ShADadFf,10,1195,11,736,ssl,0
5303.618744,CkCqLd2cYoPdXIPmu4,10.0.2.15,57323,151.101.112.143,443,TLSv12,TLS_ECDHE_RSA_WITH_AES_128_GCM_SHA256,secp256r1,cdn.evbstatic.com,False,True,CsxuknGIti,"['52fc1597547a52e9a880d37a1a04ee0f9860516731ec316dab3ba7d3641678c4', '74ef335e5e18788307fb9d89cb704bec112abd23487dbff41c4ded5070f241d9']",[],1.0,0ffee3ba8e615ad22535e7f771690a28,860fcf58fd757e26aa8911e5eaff6b53,http/1.1,,5302.331569,10.0.2.15,57323,151.101.112.143,443,tcp,220.4511119999997,5191.0,280044.0,SF,True,False,0,ShADadTTFfRr,193,12934,371,294888,ssl,0
5303.804777,Cn3ksE2TbnhCM21U01,10.0.2.15,57333,95.101.246.247,443,TLSv12,TLS_ECDHE_RSA_WITH_AES_256_GCM_SHA384,secp256r1,content.schwab.com,False,True,CsxknGIti,"['5e7b3da974b85ae3c6621863ebda4f9102713abe72dd2bf1c8f70b1be82b395e', '9e6bc5f9ecc52460e8edc02c644d1be1cb9f2316f41daf3b616a0b2058294b31']",[],1.0,0ffee3ba8e615ad22535e7f771690a28,2b33c1374db4ddf06942f92373c0b54b,http/1.1,,5302.341635,10.0.2.15,57333,95.101.246.247,443,tcp,128.9215690000001,1482.0,44599.0,SF,True,False,0,ShADadTTFfRr,43,3222,69,47363,ssl,0
5303.793352,CUGsPZ352CUr4OEe0c,10.0.2.15,57325,151.101.112.143,443,TLSv12,TLS_ECDHE_RSA_WITH_AES_128_GCM_SHA256,secp256r1,cdn.evbstatic.com,False,True,CsxuknGIti,"['52fc1597547a52e9a880d37a1a04ee0f9860516731ec316dab3ba7d3641678c4', '74ef335e5e18788307fb9d89cb704bec112abd23487dbff41c4ded5070f241d9']",[],1.0,0ffee3ba8e615ad22535e7f771690a28,860fcf58fd757e26aa8911e5eaff6b53,http/1.1,,5302.333815,10.0.2.15,57325,151.101.112.143,443,tcp,220.45834100000047,3778.0,186715.0,SF,True,False,0,ShADadTTFfRr,144,9564,261,197159,ssl,0
5303.795024,CBxpZV2h1M6g9cwc3i,10.0.2.15,57328,151.101.112.143,443,TLSv12,TLS_ECDHE_RSA_WITH_AES_128_GCM_SHA256,secp256r1,cdn.evbstatic.com,False,True,CsxuknGIti,"['52fc1597547a52e9a880d37a1a04ee0f9860516731ec316dab3ba7d3641678c4', '74ef335e5e18788307fb9d89cb704bec112abd23487dbff41c4ded5070f241d9']",[],1.0,0ffee3ba8e615ad22535e7f771690a28,860fcf58fd757e26aa8911e5eaff6b53,http/1.1,,5302.336193,10.0.2.15,57328,151.101.112.143,443,tcp,195.95101499999964,1242.0,360153.0,SF,True,False,0,ShADadTTFfRr,264,11827,503,380277,ssl,0
5303.796403,ChEFFEUt6nrkVOvMf,10.0.2.15,57327,151.101.112.143,443,TLSv12,TLS_ECDHE_RSA_WITH_AES_128_GCM_SHA256,secp256r1,cdn.evbstatic.com,False,True,CsxuknGIti,"['52fc1597547a52e9a880d37a1a04ee0f9860516731ec316dab3ba7d3641678c4', '74ef335e5e18788307fb9d89cb704bec112abd23487dbff41c4ded5070f241d9']",[],1.0,0ffee3ba8e615ad22535e7f771690a28,860fcf58fd757e26aa8911e5eaff6b53,http/1.1,,5302.335422,10.0.2.15,57327,151.101.112.143,443,tcp,198.477715,1241.0,266492.0,SF,True,False,0,ShADadTTFRfr,126,6307,312,278976,ssl,0
5303.789751,CpRrNQSM5kcmiPhz,10.0.2.15,57330,151.101.112.143,443,TLSv12,TLS_ECDHE_RSA_WITH_AES_128_GCM_SHA256,secp256r1,cdn.evbstatic.com,False,True,CsxuknGIti,"['52fc1597547a52e9a880d37a1a04ee0f9860516731ec316dab3ba7d3641678c4', '74ef335e5e18788307fb9d89cb704bec112abd23487dbff41c4ded5070f241d9']",[],1.0,0ffee3ba8e615ad22535e7f771690a28,860fcf58fd757e26aa8911e5eaff6b53,http/1.1,,5302.337787,10.0.2.15,57330,151.101.112.143,443,tcp,196.0521879999997,1248.0,321900.0,SF,True,False,0,ShADadTTFfRr,244,11033,457,340184,ssl,0
5303.791307,Cy6mSc2N3Iyop9RBcl,10.0.2.15,57329,151.101.112.143,443,TLSv12,TLS_ECDHE_RSA_WITH_AES_128_GCM_SHA256,secp256r1,cdn.evbstatic.com,False,True,CsxuknGIti,"['52fc1597547a52e9a880d37a1a04ee0f9860516731ec316dab3ba7d3641678c4', '74ef335e5e18788307fb9d89cb704bec112abd23487dbff41c4ded5070f241d9']",[],1.0,0ffee3ba8e615ad22535e7f771690a28,860fcf58fd757e26aa8911e5eaff6b53,http/1.1,,5302.337252,10.0.2.15,57329,151.101.112.143,443,tcp,193.20971299999928,1331.0,7408.0,SF,True,False,0,ShADadTTFfRr,33,2677,35,8812,ssl,0
5303.800371,CiIpwE4IKLgCOuJZQ8,10.0.2.15,57324,151.101.112.143,443,TLSv12,TLS_ECDHE_RSA_WITH_AES_128_GCM_SHA256,secp256r1,cdn.evbstatic.com,False,True,CsxuknGIti,"['52fc1597547a52e9a880d37a1a04ee0f9860516731ec316dab3ba7d3641678c4', '74ef335e5e18788307fb9d89cb704bec112abd23487dbff41c4ded5070f241d9']",[],1.0,0ffee3ba8e615ad22535e7f771690a28,860fcf58fd757e26aa8911e5eaff6b53,http/1.1,,5302.332076,10.0.2.15,57324,151.101.112.143,443,tcp,8.044026000000486,351.0,5809.0,RSTO,True,False,0,ShADadFR,10,759,11,6253,ssl,0
5303.807425,CrFs0V2kGEBSia8jqd,10.0.2.15,57331,151.101.112.143,443,TLSv12,TLS_ECDHE_RSA_WITH_AES_128_GCM_SHA256,secp256r1,cdn.evbstatic.com,False,True,CsxuknGIti,"['52fc1597547a52e9a880d37a1a04ee0f9860516731ec316dab3ba7d3641678c4', '74ef335e5e18788307fb9d89cb704bec112abd23487dbff41c4ded5070f241d9']",[],1.0,0ffee3ba8e615ad22535e7f771690a28,860fcf58fd757e26aa8911e5eaff6b53,http/1.1,,5302.34042,10.0.2.15,57331,151.101.112.143,443,tcp,193.2064739999996,1810.0,50304.0,SF,True,False,0,ShADadTTFfRr,62,4315,90,53908,ssl,0
5303.806305,CCgYNk2ruQX2QjSeLc,10.0.2.15,57332,95.101.246.247,443,TLSv12,TLS_ECDHE_RSA_WITH_AES_256_GCM_SHA384,secp256r1,content.schwab.com,False,True,CsxknGIti,"['5e7b3da974b85ae3c6621863ebda4f9102713abe72dd2bf1c8f70b1be82b395e', '9e6bc5f9ecc52460e8edc02c644d1be1cb9f2316f41daf3b616a0b2058294b31']",[],1.0,0ffee3ba8e615ad22535e7f771690a28,2b33c1374db4ddf06942f92373c0b54b,http/1.1,,5302.341141,10.0.2.15,57332,95.101.246.247,443,tcp,8.022643000000244,352.0,3751.0,RSTO,True,False,0,ShADadFR,10,760,10,4155,ssl,0
5303.803305,CIM83F2PkvlsCN103d,10.0.2.15,57334,95.101.246.247,443,TLSv12,TLS_ECDHE_RSA_WITH_AES_256_GCM_SHA384,secp256r1,content.schwab.com,False,True,CsxknGIti,"['5e7b3da974b85ae3c6621863ebda4f9102713abe72dd2bf1c8f70b1be82b395e', '9e6bc5f9ecc52460e8edc02c644d1be1cb9f2316f41daf3b616a0b2058294b31']",[],1.0,0ffee3ba8e615ad22535e7f771690a28,2b33c1374db4ddf06942f92373c0b54b,http/1.1,,5302.342168,10.0.2.15,57334,95.101.246.247,443,tcp,128.92099700000017,774.0,6161.0,SF,True,False,0,ShADadTTFfRr,25,1794,28,7285,ssl,0
5303.797007,Cruzbe2SriKjSEV2gi,10.0.2.15,57326,151.101.112.143,443,TLSv12,TLS_ECDHE_RSA_WITH_AES_128_GCM_SHA256,secp256r1,cdn.evbstatic.com,False,True,CsxuknGIti,"['52fc1597547a52e9a880d37a1a04ee0f9860516731ec316dab3ba7d3641678c4', '74ef335e5e18788307fb9d89cb704bec112abd23487dbff41c4ded5070f241d9']",[],1.0,0ffee3ba8e615ad22535e7f771690a28,860fcf58fd757e26aa8911e5eaff6b53,http/1.1,,5302.334894,10.0.2.15,57326,151.101.112.143,443,tcp,196.2486230000004,2896.0,177373.0,SF,True,False,0,ShADadTTFfRr,133,8239,236,186817,ssl,0
5306.302453,CPg8ov120CauPYcup9,10.0.2.15,57347,54.72.198.94,443,TLSv12,TLS_ECDHE_RSA_WITH_AES_128_GCM_SHA256,secp256r1,dpm.demdex.net,False,True,CsxknGIi,"['ab8f7b89fa3e472463832f1b07660350a24ba646789dce6dd09107fab1d86a12', '19400be5b7a31fb733917700789d2f0a2471c0c9d506c0e504c06c16d7cb17c0']",[],1.0,0ffee3ba8e615ad22535e7f771690a28,303951d4c50efb2e991652225a6f02b1,,,5306.139383,10.0.2.15,57347,54.72.198.94,443,tcp,66.88955100000021,2451.0,4581.0,SF,True,False,0,ShADadTFf,18,3185,21,5425,ssl,0
5304.240301,COKFku4ScJjGS3lPZj,10.0.2.15,57338,151.101.112.143,443,TLSv12,TLS_ECDHE_RSA_WITH_AES_128_GCM_SHA256,secp256r1,cdn.evbstatic.com,False,True,CsxuknGIti,"['52fc1597547a52e9a880d37a1a04ee0f9860516731ec316dab3ba7d3641678c4', '74ef335e5e18788307fb9d89cb704bec112abd23487dbff41c4ded5070f241d9']",[],1.0,0ffee3ba8e615ad22535e7f771690a28,860fcf58fd757e26aa8911e5eaff6b53,http/1.1,,5302.902658,10.0.2.15,57338,151.101.112.143,443,tcp,9.752435000000332,351.0,5809.0,SF,True,False,0,ShADadFfRr,11,799,13,6333,ssl,0
5304.24603,CSjkDfVLwoyykjio6,10.0.2.15,57340,151.101.112.143,443,TLSv12,TLS_ECDHE_RSA_WITH_AES_128_GCM_SHA256,secp256r1,cdn.evbstatic.com,False,True,CsxuknGIti,"['52fc1597547a52e9a880d37a1a04ee0f9860516731ec316dab3ba7d3641678c4', '74ef335e5e18788307fb9d89cb704bec112abd23487dbff41c4ded5070f241d9']",[],1.0,0ffee3ba8e615ad22535e7f771690a28,860fcf58fd757e26aa8911e5eaff6b53,http/1.1,,5302.903578,10.0.2.15,57340,151.101.112.143,443,tcp,11.087189999999282,351.0,5809.0,RSTO,True,False,0,ShADadFR,10,759,11,6253,ssl,0
5304.244673,CLrWbH3IQVNy8HoqCb,10.0.2.15,57337,151.101.112.143,443,TLSv12,TLS_ECDHE_RSA_WITH_AES_128_GCM_SHA256,secp256r1,cdn.evbstatic.com,False,True,CsxuknGIti,"['52fc1597547a52e9a880d37a1a04ee0f9860516731ec316dab3ba7d3641678c4', '74ef335e5e18788307fb9d89cb704bec112abd23487dbff41c4ded5070f241d9']",[],1.0,0ffee3ba8e615ad22535e7f771690a28,860fcf58fd757e26aa8911e5eaff6b53,http/1.1,,5302.902237,10.0.2.15,57337,151.101.112.143,443,tcp,9.546058999999332,351.0,5809.0,RSTO,True,False,0,ShADadFR,10,759,11,6253,ssl,0
5304.250049,C79RNU2OZVDnGSNtl2,10.0.2.15,57342,151.101.112.143,443,TLSv12,TLS_ECDHE_RSA_WITH_AES_128_GCM_SHA256,secp256r1,cdn.evbstatic.com,False,True,CsxuknGIti,"['52fc1597547a52e9a880d37a1a04ee0f9860516731ec316dab3ba7d3641678c4', '74ef335e5e18788307fb9d89cb704bec112abd23487dbff41c4ded5070f241d9']",[],1.0,0ffee3ba8e615ad22535e7f771690a28,860fcf58fd757e26aa8911e5eaff6b53,http/1.1,,5302.90452,10.0.2.15,57342,151.101.112.143,443,tcp,11.10328599999957,351.0,5809.0,RSTO,True,False,0,ShADadFR,10,759,11,6253,ssl,0
5304.247075,CU1ouu4APPEjMxJtDf,10.0.2.15,57336,151.101.112.143,443,TLSv12,TLS_ECDHE_RSA_WITH_AES_128_GCM_SHA256,secp256r1,cdn.evbstatic.com,False,True,CsxuknGIti,"['52fc1597547a52e9a880d37a1a04ee0f9860516731ec316dab3ba7d3641678c4', '74ef335e5e18788307fb9d89cb704bec112abd23487dbff41c4ded5070f241d9']",[],1.0,0ffee3ba8e615ad22535e7f771690a28,860fcf58fd757e26aa8911e5eaff6b53,http/1.1,,5302.901634,10.0.2.15,57336,151.101.112.143,443,tcp,9.77915800000028,351.0,5809.0,SF,True,False,0,ShADadFfRr,11,799,13,6333,ssl,0
5304.248392,ChTFbo1oOua4wITEt6,10.0.2.15,57339,151.101.112.143,443,TLSv12,TLS_ECDHE_RSA_WITH_AES_128_GCM_SHA256,secp256r1,cdn.evbstatic.com,False,True,CsxuknGIti,"['52fc1597547a52e9a880d37a1a04ee0f9860516731ec316dab3ba7d3641678c4', '74ef335e5e18788307fb9d89cb704bec112abd23487dbff41c4ded5070f241d9']",[],1.0,0ffee3ba8e615ad22535e7f771690a28,860fcf58fd757e26aa8911e5eaff6b53,http/1.1,,5302.903044,10.0.2.15,57339,151.101.112.143,443,tcp,11.120002000000568,351.0,5809.0,SF,True,False,0,ShADadFfRr,11,799,13,6333,ssl,0
5304.251347,CLbtvd4kVkvIwmT2Ec,10.0.2.15,57341,151.101.112.143,443,TLSv12,TLS_ECDHE_RSA_WITH_AES_128_GCM_SHA256,secp256r1,cdn.evbstatic.com,False,True,CsxuknGIti,"['52fc1597547a52e9a880d37a1a04ee0f9860516731ec316dab3ba7d3641678c4', '74ef335e5e18788307fb9d89cb704bec112abd23487dbff41c4ded5070f241d9']",[],1.0,0ffee3ba8e615ad22535e7f771690a28,860fcf58fd757e26aa8911e5eaff6b53,http/1.1,,5302.903976,10.0.2.15,57341,151.101.112.143,443,tcp,11.11640400000033,351.0,5809.0,SF,True,False,0,ShADadFfRr,11,799,13,6333,ssl,0
5306.659998,CvqV8s1KnmCK8GUMPa,10.0.2.15,57348,54.72.198.94,443,TLSv12,TLS_ECDHE_RSA_WITH_AES_128_GCM_SHA256,secp256r1,dpm.demdex.net,False,True,CsxknGIi,"['ab8f7b89fa3e472463832f1b07660350a24ba646789dce6dd09107fab1d86a12', '19400be5b7a31fb733917700789d2f0a2471c0c9d506c0e504c06c16d7cb17c0']",[],1.0,0ffee3ba8e615ad22535e7f771690a28,303951d4c50efb2e991652225a6f02b1,,,5306.144493,10.0.2.15,57348,54.72.198.94,443,tcp,7.873230000000149,348.0,3143.0,SF,True,False,0,ShADadFfRr,11,796,14,3707,ssl,0
5307.69194,C75SCq1fKXC1Id8Laf,10.0.2.15,57349,54.72.198.94,443,TLSv12,TLS_ECDHE_RSA_WITH_AES_128_GCM_SHA256,secp256r1,dpm.demdex.net,False,True,CsxknGIi,"['ab8f7b89fa3e472463832f1b07660350a24ba646789dce6dd09107fab1d86a12', '19400be5b7a31fb733917700789d2f0a2471c0c9d506c0e504c06c16d7cb17c0']",[],1.0,0ffee3ba8e615ad22535e7f771690a28,303951d4c50efb2e991652225a6f02b1,,,5306.662138,10.0.2.15,57349,54.72.198.94,443,tcp,9.47561399999995,348.0,3143.0,RSTO,True,False,0,ShADadFR,10,756,10,3547,ssl,0
5311.596718,CkjOjJ98DE9WMGoj,10.0.2.15,57355,104.31.10.172,443,TLSv12,TLS_ECDHE_ECDSA_WITH_AES_128_GCM_SHA256,secp256r1,freegeoip.net,False,True,CsxuknGIti,"['d5cfdecaf10c83a12153b43a1c8a188c2e80fdc4ff43fd42841823acfc7feb28', 'cd6c108a0e641f2ca122aaa6d03f826759cae7c6f800eabf76dc48b67cd083ce', '9573862ac0b4b125168810ea3fd101ae2eb0bb15f61fc0e6da7a2a38b85a89e8']",[],1.0,0ffee3ba8e615ad22535e7f771690a28,7d3eb4120cd50e889bcd3f3783be0f82,h2,,5309.36108,10.0.2.15,57355,104.31.10.172,443,tcp,195.60268500000075,921.0,5619.0,SF,True,False,0,ShADadFf,20,1729,23,6543,ssl,0
5311.67024,C4Tluz4QZt5FxZRule,10.0.2.15,57356,104.31.10.172,443,TLSv12,TLS_ECDHE_ECDSA_WITH_AES_128_GCM_SHA256,secp256r1,freegeoip.net,False,True,CsxuknGIti,"['d5cfdecaf10c83a12153b43a1c8a188c2e80fdc4ff43fd42841823acfc7feb28', 'cd6c108a0e641f2ca122aaa6d03f826759cae7c6f800eabf76dc48b67cd083ce', '9573862ac0b4b125168810ea3fd101ae2eb0bb15f61fc0e6da7a2a38b85a89e8']",[],1.0,0ffee3ba8e615ad22535e7f771690a28,7d3eb4120cd50e889bcd3f3783be0f82,h2,,5309.36237,10.0.2.15,57356,104.31.10.172,443,tcp,6.78361600000062,556.0,4928.0,RSTO,True,False,0,ShADadFR,13,1084,14,5492,ssl,0
5311.627472,C9Itzky5PqF7fAnQ6,10.0.2.15,57354,66.117.29.6,443,TLSv12,TLS_ECDHE_RSA_WITH_AES_128_GCM_SHA256,secp256r1,schwab.tt.omtrdc.net,False,True,CsxknGIi,"['103723154140b34b0b1260e3e747cfd392b7d030a78cd15f43cb9807d28f42f5', '19400be5b7a31fb733917700789d2f0a2471c0c9d506c0e504c06c16d7cb17c0']",[],1.0,0ffee3ba8e615ad22535e7f771690a28,ae7f2b2d1bd496bc9ce111c0a9fa3597,h2,,5309.360071,10.0.2.15,57354,66.117.29.6,443,tcp,12.497330000000147,1217.0,3577.0,SF,True,False,0,ShADadFRfr,16,1865,19,4341,ssl,0
5311.646471,Cw9Svd1baSsqdVmvgh,10.0.2.15,57353,66.117.29.6,443,TLSv12,TLS_ECDHE_RSA_WITH_AES_128_GCM_SHA256,secp256r1,schwab.tt.omtrdc.net,False,True,CsxknGIi,"['103723154140b34b0b1260e3e747cfd392b7d030a78cd15f43cb9807d28f42f5', '19400be5b7a31fb733917700789d2f0a2471c0c9d506c0e504c06c16d7cb17c0']",[],1.0,0ffee3ba8e615ad22535e7f771690a28,ae7f2b2d1bd496bc9ce111c0a9fa3597,h2,,5309.359303,10.0.2.15,57353,66.117.29.6,443,tcp,21.582123000000134,570.0,3279.0,SF,True,False,0,ShADadfF,13,1098,14,3843,ssl,0
5315.657224,CUrLtM14RapsMW4Frb,10.0.2.15,57365,172.217.23.238,443,TLSv12,TLS_ECDHE_RSA_WITH_AES_128_GCM_SHA256,,www.google-analytics.com,True,True,CsiI,,,,1a5fe5677b0e4fbbc854e8908225637d,67619a80665d7ab92d1041b1d11f9164,h2,,5314.793385,10.0.2.15,57365,172.217.23.238,443,tcp,198.86334499999973,3979.0,2345.0,SF,True,False,0,ShADadFf,31,5227,39,3909,ssl,0
5315.16646,C42ZMe47MGDzirchp5,10.0.2.15,57357,151.101.112.207,443,TLSv12,TLS_ECDHE_RSA_WITH_AES_128_GCM_SHA256,secp256r1,img.evbuc.com,False,True,CsxuknGIti,"['ca070501b7e46f43787e9ec2f2d3e72c170cd1881f8200e63bdae1b6ded39ed9', '74ef335e5e18788307fb9d89cb704bec112abd23487dbff41c4ded5070f241d9']",[],1.0,0ffee3ba8e615ad22535e7f771690a28,860fcf58fd757e26aa8911e5eaff6b53,http/1.1,,5311.237731,10.0.2.15,57357,151.101.112.207,443,tcp,198.02574499999992,1809.0,177526.0,SF,True,False,0,ShADadTTFfRr,114,6402,225,186530,ssl,0
5315.180413,C9ttWy1tu9lsuqRGsg,10.0.2.15,57362,151.101.112.207,443,TLSv12,TLS_ECDHE_RSA_WITH_AES_128_GCM_SHA256,secp256r1,img.evbuc.com,False,True,CsxuknGIti,"['ca070501b7e46f43787e9ec2f2d3e72c170cd1881f8200e63bdae1b6ded39ed9', '74ef335e5e18788307fb9d89cb704bec112abd23487dbff41c4ded5070f241d9']",[],1.0,0ffee3ba8e615ad22535e7f771690a28,860fcf58fd757e26aa8911e5eaff6b53,http/1.1,,5311.2574,10.0.2.15,57362,151.101.112.207,443,tcp,147.2239109999991,1235.0,71020.0,SF,True,False,0,ShADadTTFfRr,57,3543,93,74744,ssl,0
5315.186489,CB2Xwvt2Tc44jrIhd,10.0.2.15,57361,151.101.112.207,443,TLSv12,TLS_ECDHE_RSA_WITH_AES_128_GCM_SHA256,secp256r1,img.evbuc.com,False,True,CsxuknGIti,"['ca070501b7e46f43787e9ec2f2d3e72c170cd1881f8200e63bdae1b6ded39ed9', '74ef335e5e18788307fb9d89cb704bec112abd23487dbff41c4ded5070f241d9']",[],1.0,0ffee3ba8e615ad22535e7f771690a28,860fcf58fd757e26aa8911e5eaff6b53,http/1.1,,5311.256752,10.0.2.15,57361,151.101.112.207,443,tcp,199.8813389999996,1301.0,144910.0,RSTO,True,False,0,ShADadTTFR,95,5135,180,152114,ssl,0
5315.198023,CG967b2S28HKI6zUpe,10.0.2.15,57360,151.101.112.207,443,TLSv12,TLS_ECDHE_RSA_WITH_AES_128_GCM_SHA256,secp256r1,img.evbuc.com,False,True,CsxuknGIti,"['ca070501b7e46f43787e9ec2f2d3e72c170cd1881f8200e63bdae1b6ded39ed9', '74ef335e5e18788307fb9d89cb704bec112abd23487dbff41c4ded5070f241d9']",[],1.0,0ffee3ba8e615ad22535e7f771690a28,860fcf58fd757e26aa8911e5eaff6b53,http/1.1,,5311.255439,10.0.2.15,57360,151.101.112.207,443,tcp,147.25114700000086,1233.0,51016.0,RSTO,True,False,0,ShADadTTFR,46,3101,77,54100,ssl,0
5315.191988,C1cH064OLdJ2IOTWY7,10.0.2.15,57358,151.101.112.207,443,TLSv12,TLS_ECDHE_RSA_WITH_AES_128_GCM_SHA256,secp256r1,img.evbuc.com,False,True,CsxuknGIti,"['ca070501b7e46f43787e9ec2f2d3e72c170cd1881f8200e63bdae1b6ded39ed9', '74ef335e5e18788307fb9d89cb704bec112abd23487dbff41c4ded5070f241d9']",[],1.0,0ffee3ba8e615ad22535e7f771690a28,860fcf58fd757e26aa8911e5eaff6b53,http/1.1,,5311.246386,10.0.2.15,57358,151.101.112.207,443,tcp,199.89099700000045,1747.0,125929.0,SF,True,False,0,ShADadTTFfRr,89,5340,164,132493,ssl,0
5315.203474,C3473D4RjP3BiaFUZ3,10.0.2.15,57359,151.101.112.207,443,TLSv12,TLS_ECDHE_RSA_WITH_AES_128_GCM_SHA256,secp256r1,img.evbuc.com,False,True,CsxuknGIti,"['ca070501b7e46f43787e9ec2f2d3e72c170cd1881f8200e63bdae1b6ded39ed9', '74ef335e5e18788307fb9d89cb704bec112abd23487dbff41c4ded5070f241d9']",[],1.0,0ffee3ba8e615ad22535e7f771690a28,860fcf58fd757e26aa8911e5eaff6b53,http/1.1,,5311.250274,10.0.2.15,57359,151.101.112.207,443,tcp,129.867209,792.0,49884.0,SF,True,False,0,ShADadTTFfRr,47,2699,79,53048,ssl,0
5316.054124,C4njFs231SMFGu6kC3,10.0.2.15,57369,151.101.112.143,443,TLSv12,TLS_ECDHE_RSA_WITH_AES_128_GCM_SHA256,,cdn.evbstatic.com,True,True,CsiI,,,,1a5fe5677b0e4fbbc854e8908225637d,1d0e57c6ae42e9204defa51e5e1cdc4c,http/1.1,,5314.799125,10.0.2.15,57369,151.101.112.143,443,tcp,207.96352300000035,4991.0,311296.0,SF,True,False,0,ShADadTTFfRr,215,13614,415,327900,ssl,0
5316.056025,CatrGU2GyXd9OyLkh3,10.0.2.15,57368,151.101.112.143,443,TLSv12,TLS_ECDHE_RSA_WITH_AES_128_GCM_SHA256,,cdn.evbstatic.com,True,True,CsiI,,,,1a5fe5677b0e4fbbc854e8908225637d,1d0e57c6ae42e9204defa51e5e1cdc4c,http/1.1,,5314.797362,10.0.2.15,57368,151.101.112.143,443,tcp,8.790898000000197,599.0,191.0,SF,True,False,0,ShADadFfRr,8,927,9,555,ssl,0
5316.056667,CEiEy98e05MJo3M34,10.0.2.15,57367,151.101.112.143,443,TLSv12,TLS_ECDHE_RSA_WITH_AES_128_GCM_SHA256,,cdn.evbstatic.com,True,True,CsiI,,,,1a5fe5677b0e4fbbc854e8908225637d,1d0e57c6ae42e9204defa51e5e1cdc4c,http/1.1,,5314.796615,10.0.2.15,57367,151.101.112.143,443,tcp,8.79971999999998,599.0,191.0,SF,True,False,0,ShADadFfRr,8,927,9,555,ssl,0
5317.494648,Cs6aLe4YALiMgg0P,10.0.2.15,57377,63.140.43.7,443,TLSv12,TLS_ECDHE_RSA_WITH_AES_256_GCM_SHA384,secp256r1,smetric.schwab.com,False,True,CsxknGIi,"['a2a942698ac6e5757c2496d8e78a63e4d53a69484a085964b1778492d2e1a4d9', '9e6bc5f9ecc52460e8edc02c644d1be1cb9f2316f41daf3b616a0b2058294b31']",[],1.0,0ffee3ba8e615ad22535e7f771690a28,959bfcf87532cbff1253e80a4ee81308,,,5316.215761,10.0.2.15,57377,63.140.43.7,443,tcp,64.0925789999992,22725.0,8158.0,SF,True,False,0,ShADadTFf,41,24376,42,9842,ssl,0
5316.057535,CpRO1W3mVg0Hmpa4ki,10.0.2.15,57366,23.74.200.24,443,TLSv12,TLS_ECDHE_RSA_WITH_AES_256_GCM_SHA384,secp256r1,tracker.marinsm.com,False,True,CsxknGIti,"['75d768f339b9c11f9ff74af7cac15fd17ae4a4d4181623cba964ecc6f0d6b536', 'eae72eb454bf6c3977ebd289e970b2f5282949190093d0d26f98d0f0d6a9cf17', '8420dfbe376f414bf4c0a81e6936d24ccc03f304835b86c7a39142fca723a689']",[],1.0,0ffee3ba8e615ad22535e7f771690a28,2b33c1374db4ddf06942f92373c0b54b,http/1.1,,5314.794497,10.0.2.15,57366,23.74.200.24,443,tcp,145.18807900000047,1216.0,7769.0,RSTO,True,False,0,ShADadTTFR,28,2356,30,8973,ssl,0
5317.498125,CF1cXx2j6XOpjX25f7,10.0.2.15,57376,54.229.75.228,443,TLSv12,TLS_ECDHE_RSA_WITH_AES_128_GCM_SHA256,secp256r1,schwab.demdex.net,False,True,CsxknGIi,"['ab8f7b89fa3e472463832f1b07660350a24ba646789dce6dd09107fab1d86a12', '19400be5b7a31fb733917700789d2f0a2471c0c9d506c0e504c06c16d7cb17c0']",[],1.0,0ffee3ba8e615ad22535e7f771690a28,303951d4c50efb2e991652225a6f02b1,,,5316.214968,10.0.2.15,57376,54.229.75.228,443,tcp,43.46419499999956,18817.0,17937.0,SF,True,False,0,ShADadTFfRr,38,20346,48,19861,ssl,0
5318.031565,C1eDt81TU7fH8Iklij,10.0.2.15,57381,151.101.112.143,443,TLSv12,TLS_ECDHE_RSA_WITH_AES_128_GCM_SHA256,,cdn.evbstatic.com,True,True,CsiI,,,,1a5fe5677b0e4fbbc854e8908225637d,1d0e57c6ae42e9204defa51e5e1cdc4c,http/1.1,,5317.501648,10.0.2.15,57381,151.101.112.143,443,tcp,6.8691829999997935,599.0,191.0,SF,True,False,0,ShADadFfRr,9,967,9,555,ssl,0
5318.034073,CqjfWr2EKRFTr3jGWa,10.0.2.15,57380,151.101.112.143,443,TLSv12,TLS_ECDHE_RSA_WITH_AES_128_GCM_SHA256,,cdn.evbstatic.com,True,True,CsiI,,,,1a5fe5677b0e4fbbc854e8908225637d,1d0e57c6ae42e9204defa51e5e1cdc4c,http/1.1,,5317.501059,10.0.2.15,57380,151.101.112.143,443,tcp,6.882102999999916,599.0,191.0,SF,True,False,0,ShADadFfRr,8,927,9,555,ssl,0
5318.035608,C3n3e6RONawnmYG19,10.0.2.15,57379,151.101.112.143,443,TLSv12,TLS_ECDHE_RSA_WITH_AES_128_GCM_SHA256,,cdn.evbstatic.com,True,True,CsiI,,,,1a5fe5677b0e4fbbc854e8908225637d,1d0e57c6ae42e9204defa51e5e1cdc4c,http/1.1,,5317.500162,10.0.2.15,57379,151.101.112.143,443,tcp,6.868013999999675,599.0,191.0,SF,True,False,0,ShADadFfRr,8,927,9,555,ssl,0
5316.607513,CjVgjg3yxquz7EPf5a,10.0.2.15,57374,151.101.112.207,443,TLSv12,TLS_ECDHE_RSA_WITH_AES_128_GCM_SHA256,secp256r1,img.evbuc.com,False,True,CsxuknGIti,"['ca070501b7e46f43787e9ec2f2d3e72c170cd1881f8200e63bdae1b6ded39ed9', '74ef335e5e18788307fb9d89cb704bec112abd23487dbff41c4ded5070f241d9']",[],1.0,0ffee3ba8e615ad22535e7f771690a28,860fcf58fd757e26aa8911e5eaff6b53,http/1.1,,5315.441021,10.0.2.15,57374,151.101.112.207,443,tcp,140.3715890000003,792.0,41696.0,SF,True,False,0,ShADadTTFfRr,41,2452,64,44260,ssl,0
5316.604681,ChIQrZ1YyUnsRYHzyh,10.0.2.15,57370,151.101.112.207,443,TLSv12,TLS_ECDHE_RSA_WITH_AES_128_GCM_SHA256,secp256r1,img.evbuc.com,False,True,CsxuknGIti,"['ca070501b7e46f43787e9ec2f2d3e72c170cd1881f8200e63bdae1b6ded39ed9', '74ef335e5e18788307fb9d89cb704bec112abd23487dbff41c4ded5070f241d9']",[],1.0,0ffee3ba8e615ad22535e7f771690a28,860fcf58fd757e26aa8911e5eaff6b53,http/1.1,,5315.438289,10.0.2.15,57370,151.101.112.207,443,tcp,193.82919399999992,1299.0,125988.0,SF,True,False,0,ShADadTTFfRr,62,3804,126,131032,ssl,0
5318.040032,Cb5o8d2RQeYfaQsEU,10.0.2.15,57378,23.74.200.24,443,TLSv12,TLS_ECDHE_RSA_WITH_AES_256_GCM_SHA384,secp256r1,tracker.marinsm.com,False,True,CsxknGIti,"['75d768f339b9c11f9ff74af7cac15fd17ae4a4d4181623cba964ecc6f0d6b536', 'eae72eb454bf6c3977ebd289e970b2f5282949190093d0d26f98d0f0d6a9cf17', '8420dfbe376f414bf4c0a81e6936d24ccc03f304835b86c7a39142fca723a689']",[],1.0,0ffee3ba8e615ad22535e7f771690a28,2b33c1374db4ddf06942f92373c0b54b,http/1.1,,5317.499402,10.0.2.15,57378,23.74.200.24,443,tcp,6.9047389999996085,353.0,4840.0,RSTO,True,False,0,ShADadFR,10,761,11,5284,ssl,0
5316.600957,CqI9TTCI3W0LELZoh,10.0.2.15,57371,151.101.112.207,443,TLSv12,TLS_ECDHE_RSA_WITH_AES_128_GCM_SHA256,secp256r1,img.evbuc.com,False,True,CsxuknGIti,"['ca070501b7e46f43787e9ec2f2d3e72c170cd1881f8200e63bdae1b6ded39ed9', '74ef335e5e18788307fb9d89cb704bec112abd23487dbff41c4ded5070f241d9']",[],1.0,0ffee3ba8e615ad22535e7f771690a28,860fcf58fd757e26aa8911e5eaff6b53,http/1.1,,5315.438985,10.0.2.15,57371,151.101.112.207,443,tcp,140.40282399999978,793.0,38612.0,SF,True,False,0,ShADadTTFRfr,39,2373,61,41056,ssl,0
5316.602682,CZX94136uFY6x7aNjf,10.0.2.15,57373,151.101.112.207,443,TLSv12,TLS_ECDHE_RSA_WITH_AES_128_GCM_SHA256,secp256r1,img.evbuc.com,False,True,CsxuknGIti,"['ca070501b7e46f43787e9ec2f2d3e72c170cd1881f8200e63bdae1b6ded39ed9', '74ef335e5e18788307fb9d89cb704bec112abd23487dbff41c4ded5070f241d9']",[],1.0,0ffee3ba8e615ad22535e7f771690a28,860fcf58fd757e26aa8911e5eaff6b53,http/1.1,,5315.440339,10.0.2.15,57373,151.101.112.207,443,tcp,140.4223689999999,791.0,39106.0,RSTO,True,False,0,ShADadTTFR,40,2411,61,41550,ssl,0
5316.605671,C0tHvi38E5ULhPD8X8,10.0.2.15,57372,151.101.112.207,443,TLSv12,TLS_ECDHE_RSA_WITH_AES_128_GCM_SHA256,secp256r1,img.evbuc.com,False,True,CsxuknGIti,"['ca070501b7e46f43787e9ec2f2d3e72c170cd1881f8200e63bdae1b6ded39ed9', '74ef335e5e18788307fb9d89cb704bec112abd23487dbff41c4ded5070f241d9']",[],1.0,0ffee3ba8e615ad22535e7f771690a28,860fcf58fd757e26aa8911e5eaff6b53,http/1.1,,5315.439799,10.0.2.15,57372,151.101.112.207,443,tcp,195.7539710000001,1299.0,125972.0,SF,True,False,0,ShADadTTFfRr,82,4604,155,132176,ssl,0
5316.606694,CMbACv4yxmdHVVJyDe,10.0.2.15,57375,151.101.112.207,443,TLSv12,TLS_ECDHE_RSA_WITH_AES_128_GCM_SHA256,secp256r1,img.evbuc.com,False,True,CsxuknGIti,"['ca070501b7e46f43787e9ec2f2d3e72c170cd1881f8200e63bdae1b6ded39ed9', '74ef335e5e18788307fb9d89cb704bec112abd23487dbff41c4ded5070f241d9']",[],1.0,0ffee3ba8e615ad22535e7f771690a28,860fcf58fd757e26aa8911e5eaff6b53,http/1.1,,5315.441864,10.0.2.15,57375,151.101.112.207,443,tcp,140.31846399999995,792.0,43180.0,RSTO,True,False,0,ShADadTTFR,40,2412,59,45544,ssl,0
4843.374028,CPTgFB1oL6F6KdZbAh,10.0.2.15,56688,54.217.221.42,443,TLSv12,TLS_ECDHE_RSA_WITH_AES_128_GCM_SHA256,secp256r1,beacon.krxd.net,False,False,CsxknGI,"['801848f55bb97f055d1e2f3f6c8094cf12d7b6285a7ed7c20bf39440c6cb5f8e', '973a41276ffd01e027a2aad49e34c37846d3e976ff6a620b6712e33832041aa6', '3a2fbe92891e57fe05d57087f48e730f17e5a5f53ef403d618e5b74d7a7e6ecb', 'c3846bf24b9e93ca64274c0ec67c1ecc5e024ffcacd2d74019350e81fe546ae4']",[],1.0,0ffee3ba8e615ad22535e7f771690a28,303951d4c50efb2e991652225a6f02b1,,,4839.009106,10.0.2.15,56688,54.217.221.42,443,tcp,183.37007499999984,318.0,5191.0,SF,True,False,0,ShADadFTTf,26,1391,26,6235,ssl,0
5323.743047,CHLZbO1ilHZe09veFi,10.0.2.15,57384,172.217.23.232,443,TLSv12,TLS_ECDHE_RSA_WITH_AES_128_GCM_SHA256,,www.googletagmanager.com,True,True,CsiI,,,,1a5fe5677b0e4fbbc854e8908225637d,67619a80665d7ab92d1041b1d11f9164,h2,,5322.280023,10.0.2.15,57384,172.217.23.232,443,tcp,203.854343,1233.0,23676.0,SF,True,False,0,ShADadFf,27,2321,47,25560,ssl,0
5323.742038,C7XE2KqiV3atpXCLa,10.0.2.15,57386,13.107.21.200,443,TLSv12,TLS_ECDHE_RSA_WITH_AES_256_CBC_SHA,secp384r1,bat.bing.com,False,True,CsxuknGIi,"['80c4440580dbd55b228f41e6c88a51ecdbb998b5d32d12acd31ce25518d37128', '2399983e99703ebd01cea466c10799810c4ba62a8d61b88170a334dcd61bb20f']",[],1.0,0ffee3ba8e615ad22535e7f771690a28,4fd467dd264720762ffe286277c00f57,,,5322.281731,10.0.2.15,57386,13.107.21.200,443,tcp,65.12920200000008,1037.0,7253.0,SF,True,False,0,ShADadTfF,18,1771,20,8057,ssl,0
5323.746877,Can1bQ3rxYeRpxKXaa,10.0.2.15,57383,13.107.21.200,443,TLSv12,TLS_ECDHE_RSA_WITH_AES_256_CBC_SHA,secp384r1,bat.bing.com,False,True,CsxuknGIi,"['80c4440580dbd55b228f41e6c88a51ecdbb998b5d32d12acd31ce25518d37128', '2399983e99703ebd01cea466c10799810c4ba62a8d61b88170a334dcd61bb20f']",[],1.0,0ffee3ba8e615ad22535e7f771690a28,4fd467dd264720762ffe286277c00f57,,,5322.279103,10.0.2.15,57383,13.107.21.200,443,tcp,73.83635700000013,1229.0,7285.0,SF,True,False,0,ShADadTfF,19,2003,20,8089,ssl,0
5323.74869,CktsK315XZhzTBnSHh,10.0.2.15,57385,95.101.248.209,443,TLSv12,TLS_ECDHE_RSA_WITH_AES_256_GCM_SHA384,secp256r1,client.schwab.com,False,True,CsxknGIti,"['1e78d011573d25e67b75d33ca17f566a27c56c6741bd77c3d3eefa57c588ecb7', '9e6bc5f9ecc52460e8edc02c644d1be1cb9f2316f41daf3b616a0b2058294b31']",[],1.0,0ffee3ba8e615ad22535e7f771690a28,2b33c1374db4ddf06942f92373c0b54b,h2,,5322.28091,10.0.2.15,57385,95.101.248.209,443,tcp,191.680198,964.0,6175.0,SF,True,False,0,ShADadFfRr,19,1732,23,7099,ssl,0
5323.750811,CkgRLM3Y2nhKGYgcI4,10.0.2.15,57387,95.101.248.209,443,TLSv12,TLS_ECDHE_RSA_WITH_AES_256_GCM_SHA384,secp256r1,client.schwab.com,False,True,CsxknGIti,"['1e78d011573d25e67b75d33ca17f566a27c56c6741bd77c3d3eefa57c588ecb7', '9e6bc5f9ecc52460e8edc02c644d1be1cb9f2316f41daf3b616a0b2058294b31']",[],1.0,0ffee3ba8e615ad22535e7f771690a28,2b33c1374db4ddf06942f92373c0b54b,h2,,5322.282645,10.0.2.15,57387,95.101.248.209,443,tcp,5.684744000000137,560.0,3846.0,SF,True,False,0,ShADadFfRr,14,1128,15,4450,ssl,0
5324.056804,C6Cta732K4pPZqfati,10.0.2.15,57389,95.101.248.209,443,TLSv12,TLS_ECDHE_RSA_WITH_AES_256_GCM_SHA384,secp256r1,client.schwab.com,False,True,CsxknGIti,"['1e78d011573d25e67b75d33ca17f566a27c56c6741bd77c3d3eefa57c588ecb7', '9e6bc5f9ecc52460e8edc02c644d1be1cb9f2316f41daf3b616a0b2058294b31']",[],1.0,0ffee3ba8e615ad22535e7f771690a28,2b33c1374db4ddf06942f92373c0b54b,h2,,5322.60785,10.0.2.15,57389,95.101.248.209,443,tcp,7.512665999999626,560.0,3777.0,RSTO,True,False,0,ShADadFR,12,1048,12,4261,ssl,0
5324.057439,CEMWlM14CS6578anVa,10.0.2.15,57388,13.107.21.200,443,TLSv12,TLS_ECDHE_RSA_WITH_AES_256_CBC_SHA,secp384r1,bat.bing.com,False,True,CsxuknGIi,"['80c4440580dbd55b228f41e6c88a51ecdbb998b5d32d12acd31ce25518d37128', '2399983e99703ebd01cea466c10799810c4ba62a8d61b88170a334dcd61bb20f']",[],1.0,0ffee3ba8e615ad22535e7f771690a28,4fd467dd264720762ffe286277c00f57,,,5322.606717,10.0.2.15,57388,13.107.21.200,443,tcp,8.642473000000791,456.0,6880.0,SF,True,False,0,ShADadFf,11,904,12,7364,ssl,0
5327.631934,CXnP291kCzWC7W9PP1,10.0.2.15,57400,172.217.23.230,443,TLSv12,TLS_ECDHE_RSA_WITH_AES_128_GCM_SHA256,x25519,2530996.fls.doubleclick.net,False,True,CsxknGIti,"['378a6c73f6dec1c6bc563fa8eda92c3e9ce61b893db7685686c41f33ab89931c', '9f630426df1d8abfd80ace98871ba833ab9742cb34838de2b5285ed54c0c7dcc', '3c35cc963eb004451323d3275d05b353235053490d9cd83729a2faf5e7ca1cc0']",[],1.0,0ffee3ba8e615ad22535e7f771690a28,ab41313cfec25328b20865eb1388e0a2,h2,,5326.052879,10.0.2.15,57400,172.217.23.230,443,tcp,4.684390999999778,508.0,4120.0,RSTO,True,False,0,ShADadFR,11,956,12,4604,ssl,0
5327.721397,CKiay92Pue8GRSBacj,10.0.2.15,57401,172.217.23.230,443,TLSv12,TLS_ECDHE_RSA_WITH_AES_128_GCM_SHA256,x25519,2530996.fls.doubleclick.net,False,True,CsxknGIti,"['378a6c73f6dec1c6bc563fa8eda92c3e9ce61b893db7685686c41f33ab89931c', '9f630426df1d8abfd80ace98871ba833ab9742cb34838de2b5285ed54c0c7dcc', '3c35cc963eb004451323d3275d05b353235053490d9cd83729a2faf5e7ca1cc0']",[],1.0,0ffee3ba8e615ad22535e7f771690a28,ab41313cfec25328b20865eb1388e0a2,h2,,5326.052929,10.0.2.15,57401,172.217.23.230,443,tcp,4.728706999999304,508.0,4120.0,RSTO,True,False,0,ShADadFR,10,916,12,4604,ssl,0
5327.922494,CV5hIE4KImSsCRbO7l,10.0.2.15,57404,74.125.206.154,443,TLSv12,TLS_ECDHE_RSA_WITH_AES_128_GCM_SHA256,x25519,stats.g.doubleclick.net,False,True,CsxknGIti,"['8d80516b26a9002a020bc551f01c44620d0d726476e4babc515dc5c82f0555b5', '9f630426df1d8abfd80ace98871ba833ab9742cb34838de2b5285ed54c0c7dcc', '3c35cc963eb004451323d3275d05b353235053490d9cd83729a2faf5e7ca1cc0']",[],1.0,0ffee3ba8e615ad22535e7f771690a28,ab41313cfec25328b20865eb1388e0a2,h2,,5326.469073,10.0.2.15,57404,74.125.206.154,443,tcp,198.27966299999932,1157.0,5054.0,SF,True,False,0,ShADadFf,23,2085,28,6178,ssl,0
5327.979959,CYtk5C4DrztgYqdWl7,10.0.2.15,57402,52.43.169.249,443,TLSv12,TLS_ECDHE_RSA_WITH_AES_128_GCM_SHA256,secp256r1,pt.ispot.tv,False,True,CsxknGIi,"['1f31a2265091d1edfa2eff2f63ba84ee39eb9451407db70a2a545b5e5786cb6f', '1f31a2265091d1edfa2eff2f63ba84ee39eb9451407db70a2a545b5e5786cb6f', '074541ecdf88ed992ed5ade3ecddef27a26ba1b44480a195c0a8dadae2521d8e']",[],1.0,0ffee3ba8e615ad22535e7f771690a28,303951d4c50efb2e991652225a6f02b1,,,5326.464429,10.0.2.15,57402,52.43.169.249,443,tcp,10.514001000000462,345.0,5207.0,SF,True,False,0,ShADadFRfr,11,793,15,5811,ssl,0
5327.923602,Cnoikw1imJkEHcc8hg,10.0.2.15,57403,52.43.169.249,443,TLSv12,TLS_ECDHE_RSA_WITH_AES_128_GCM_SHA256,secp256r1,pt.ispot.tv,False,True,CsxknGIi,"['1f31a2265091d1edfa2eff2f63ba84ee39eb9451407db70a2a545b5e5786cb6f', '1f31a2265091d1edfa2eff2f63ba84ee39eb9451407db70a2a545b5e5786cb6f', '074541ecdf88ed992ed5ade3ecddef27a26ba1b44480a195c0a8dadae2521d8e']",[],1.0,0ffee3ba8e615ad22535e7f771690a28,303951d4c50efb2e991652225a6f02b1,,,5326.464907,10.0.2.15,57403,52.43.169.249,443,tcp,68.46169200000077,615.0,5486.0,SF,True,False,0,ShADadTFf,16,1268,19,6250,ssl,0
5329.52198,CStzoD3eZC7PNaKM1,10.0.2.15,57396,54.229.75.228,443,TLSv12,TLS_ECDHE_RSA_WITH_AES_128_GCM_SHA256,,schwab.demdex.net,True,True,CsiI,,,,0ffee3ba8e615ad22535e7f771690a28,303951d4c50efb2e991652225a6f02b1,,,5325.04004,10.0.2.15,57396,54.229.75.228,443,tcp,13.3105029999997,308.0,176.0,SF,True,False,0,ShADadFfRr,9,684,9,540,ssl,0
5328.371718,C8vkyY24aCzyW6aF3k,10.0.2.15,57393,151.101.112.207,443,TLSv12,TLS_ECDHE_RSA_WITH_AES_128_GCM_SHA256,secp256r1,img.evbuc.com,False,True,CsxuknGIti,"['ca070501b7e46f43787e9ec2f2d3e72c170cd1881f8200e63bdae1b6ded39ed9', '74ef335e5e18788307fb9d89cb704bec112abd23487dbff41c4ded5070f241d9']",[],1.0,0ffee3ba8e615ad22535e7f771690a28,860fcf58fd757e26aa8911e5eaff6b53,http/1.1,,5324.908546,10.0.2.15,57393,151.101.112.207,443,tcp,143.56154200000037,1309.0,84963.0,RSTO,True,False,0,ShADadTTFR,63,3857,113,89487,ssl,0
5330.079732,C4Zq122BsNTR4iuIOk,10.0.2.15,57399,54.229.75.228,443,TLSv12,TLS_ECDHE_RSA_WITH_AES_128_GCM_SHA256,,schwab.demdex.net,True,True,CsiI,,,,0ffee3ba8e615ad22535e7f771690a28,303951d4c50efb2e991652225a6f02b1,,,5325.315934,10.0.2.15,57399,54.229.75.228,443,tcp,13.74912200000017,308.0,176.0,SF,True,False,0,ShADadFfRr,9,684,9,540,ssl,0
5328.540272,CnPG6I2X1ClWnsyLbc,10.0.2.15,57392,151.101.112.207,443,TLSv12,TLS_ECDHE_RSA_WITH_AES_128_GCM_SHA256,secp256r1,img.evbuc.com,False,True,CsxuknGIti,"['ca070501b7e46f43787e9ec2f2d3e72c170cd1881f8200e63bdae1b6ded39ed9', '74ef335e5e18788307fb9d89cb704bec112abd23487dbff41c4ded5070f241d9']",[],1.0,0ffee3ba8e615ad22535e7f771690a28,860fcf58fd757e26aa8911e5eaff6b53,http/1.1,,5324.907908,10.0.2.15,57392,151.101.112.207,443,tcp,143.6236200000003,827.0,33448.0,SF,True,False,0,ShADadTTFfRr,36,2295,55,35652,ssl,0
5328.778166,CGnoMRH66LljMWCMe,10.0.2.15,57394,151.101.112.207,443,TLSv12,TLS_ECDHE_RSA_WITH_AES_128_GCM_SHA256,secp256r1,img.evbuc.com,False,True,CsxuknGIti,"['ca070501b7e46f43787e9ec2f2d3e72c170cd1881f8200e63bdae1b6ded39ed9', '74ef335e5e18788307fb9d89cb704bec112abd23487dbff41c4ded5070f241d9']",[],1.0,0ffee3ba8e615ad22535e7f771690a28,860fcf58fd757e26aa8911e5eaff6b53,http/1.1,,5324.9141,10.0.2.15,57394,151.101.112.207,443,tcp,143.6506019999997,1305.0,172651.0,SF,True,False,0,ShADadTTFfRr,125,6333,246,182495,ssl,0
5328.778713,CyM2bKeg47qYp48xf,10.0.2.15,57391,151.101.112.207,443,TLSv12,TLS_ECDHE_RSA_WITH_AES_128_GCM_SHA256,secp256r1,img.evbuc.com,False,True,CsxuknGIti,"['ca070501b7e46f43787e9ec2f2d3e72c170cd1881f8200e63bdae1b6ded39ed9', '74ef335e5e18788307fb9d89cb704bec112abd23487dbff41c4ded5070f241d9']",[],1.0,0ffee3ba8e615ad22535e7f771690a28,860fcf58fd757e26aa8911e5eaff6b53,http/1.1,,5324.907117,10.0.2.15,57391,151.101.112.207,443,tcp,143.57279300000027,824.0,76989.0,SF,True,False,0,ShADadTTFfRr,43,2572,77,80073,ssl,0
5329.232928,CBZxzq4ODTk2iF8T4e,10.0.2.15,57395,151.101.112.207,443,TLSv12,TLS_ECDHE_RSA_WITH_AES_128_GCM_SHA256,secp256r1,img.evbuc.com,False,True,CsxuknGIti,"['ca070501b7e46f43787e9ec2f2d3e72c170cd1881f8200e63bdae1b6ded39ed9', '74ef335e5e18788307fb9d89cb704bec112abd23487dbff41c4ded5070f241d9']",[],1.0,0ffee3ba8e615ad22535e7f771690a28,860fcf58fd757e26aa8911e5eaff6b53,http/1.1,,5324.915035,10.0.2.15,57395,151.101.112.207,443,tcp,143.55041999999958,827.0,148685.0,SF,True,False,0,ShADadTTFfRr,109,5215,216,157329,ssl,0
5329.045748,Czw24L3wh1AX7JSZX1,10.0.2.15,57390,151.101.112.207,443,TLSv12,TLS_ECDHE_RSA_WITH_AES_128_GCM_SHA256,secp256r1,img.evbuc.com,False,True,CsxuknGIti,"['ca070501b7e46f43787e9ec2f2d3e72c170cd1881f8200e63bdae1b6ded39ed9', '74ef335e5e18788307fb9d89cb704bec112abd23487dbff41c4ded5070f241d9']",[],1.0,0ffee3ba8e615ad22535e7f771690a28,860fcf58fd757e26aa8911e5eaff6b53,http/1.1,,5324.906034,10.0.2.15,57390,151.101.112.207,443,tcp,143.57392100000015,2269.0,149833.0,SF,True,False,0,ShADadTTFfRr,106,6537,209,158197,ssl,0
5329.89871,CZ95If2Hcwitv5TSw7,10.0.2.15,57397,151.101.112.207,443,TLSv12,TLS_ECDHE_RSA_WITH_AES_128_GCM_SHA256,secp256r1,img.evbuc.com,False,True,CsxuknGIti,"['ca070501b7e46f43787e9ec2f2d3e72c170cd1881f8200e63bdae1b6ded39ed9', '74ef335e5e18788307fb9d89cb704bec112abd23487dbff41c4ded5070f241d9']",[],1.0,0ffee3ba8e615ad22535e7f771690a28,860fcf58fd757e26aa8911e5eaff6b53,http/1.1,,5325.194636,10.0.2.15,57397,151.101.112.207,443,tcp,143.25547000000006,1307.0,77083.0,SF,True,False,0,ShADadTTFfRr,64,3895,117,81767,ssl,0
5329.901525,CnxSIcFd0ReO5ybxe,10.0.2.15,57398,151.101.112.207,443,TLSv12,TLS_ECDHE_RSA_WITH_AES_128_GCM_SHA256,secp256r1,img.evbuc.com,False,True,CsxuknGIti,"['ca070501b7e46f43787e9ec2f2d3e72c170cd1881f8200e63bdae1b6ded39ed9', '74ef335e5e18788307fb9d89cb704bec112abd23487dbff41c4ded5070f241d9']",[],1.0,0ffee3ba8e615ad22535e7f771690a28,860fcf58fd757e26aa8911e5eaff6b53,http/1.1,,5325.195215,10.0.2.15,57398,151.101.112.207,443,tcp,143.27019400000063,1308.0,72408.0,SF,True,False,0,ShADadTTFfRr,64,3896,109,76772,ssl,0
5333.705711,C41Tvj4EEckBFRvh6j,10.0.2.15,57406,151.101.112.143,443,TLSv12,TLS_ECDHE_RSA_WITH_AES_128_GCM_SHA256,,cdn.evbstatic.com,True,True,CsiI,,,,1a5fe5677b0e4fbbc854e8908225637d,1d0e57c6ae42e9204defa51e5e1cdc4c,http/1.1,,5330.949181,10.0.2.15,57406,151.101.112.143,443,tcp,10.68721000000005,599.0,191.0,SF,True,False,0,ShADadFRfr,8,927,9,555,ssl,0
5336.584949,C6u7YR2txXmqWXwSkb,10.0.2.15,57410,151.101.112.143,443,TLSv12,TLS_ECDHE_RSA_WITH_AES_128_GCM_SHA256,,cdn.evbstatic.com,True,True,CsiI,,,,1a5fe5677b0e4fbbc854e8908225637d,1d0e57c6ae42e9204defa51e5e1cdc4c,http/1.1,,5333.382239,10.0.2.15,57410,151.101.112.143,443,tcp,9.858885000000557,599.0,191.0,SF,True,False,0,ShADadFfRr,9,975,9,555,ssl,0
5335.964859,CgOKfy3IyVlEeV0eCk,10.0.2.15,57409,31.13.77.36,443,TLSv12,TLS_ECDHE_ECDSA_WITH_AES_128_GCM_SHA256,secp256r1,www.facebook.com,False,True,CsxknGIti,"['152151b387412a95ab90fd4664f2d98880408e9e43913124e4c91226a483386b', '19400be5b7a31fb733917700789d2f0a2471c0c9d506c0e504c06c16d7cb17c0']",[],1.0,0ffee3ba8e615ad22535e7f771690a28,2d1eb5817ece335c24904f516ad5da12,h2,,5332.910786,10.0.2.15,57409,31.13.77.36,443,tcp,11.657936999999947,1104.0,5164.0,RSTR,True,False,0,ShADadFRr,18,1840,21,6008,ssl,0
5333.547673,C0M5T92zWR828Fsu91,10.0.2.15,57405,31.13.77.36,443,TLSv12,TLS_ECDHE_ECDSA_WITH_AES_128_GCM_SHA256,secp256r1,www.facebook.com,False,True,CsxknGIti,"['152151b387412a95ab90fd4664f2d98880408e9e43913124e4c91226a483386b', '19400be5b7a31fb733917700789d2f0a2471c0c9d506c0e504c06c16d7cb17c0']",[],1.0,0ffee3ba8e615ad22535e7f771690a28,2d1eb5817ece335c24904f516ad5da12,h2,,5330.489367,10.0.2.15,57405,31.13.77.36,443,tcp,569.971098,7467.0,33188.0,SF,True,False,0,ShADadfF,73,10403,100,37192,ssl,0
5350.786654,CHMDoL12rwcRzybFLl,10.0.2.15,57412,136.147.96.32,443,TLSv12,TLS_ECDHE_RSA_WITH_AES_128_GCM_SHA256,secp256r1,pi.pardot.com,False,True,CsxknGIti,"['eb9a84796afa6ce4026e91a3893e437aa06faf980f94baf152dbd722ba4ea205', 'eae72eb454bf6c3977ebd289e970b2f5282949190093d0d26f98d0f0d6a9cf17']",[],1.0,0ffee3ba8e615ad22535e7f771690a28,389ed42c02ebecc32e73aa31def07e14,,,5350.481928,10.0.2.15,57412,136.147.96.32,443,tcp,17.38619800000015,2754.0,6554.0,SF,True,False,0,ShADadTfF,13,3283,16,7198,ssl,0
5351.029251,C1YW2k3DUxXrdtuFxi,10.0.2.15,57413,136.147.96.32,443,TLSv12,TLS_ECDHE_RSA_WITH_AES_128_GCM_SHA256,secp256r1,pi.pardot.com,False,True,CsxknGIti,"['eb9a84796afa6ce4026e91a3893e437aa06faf980f94baf152dbd722ba4ea205', 'eae72eb454bf6c3977ebd289e970b2f5282949190093d0d26f98d0f0d6a9cf17']",[],1.0,0ffee3ba8e615ad22535e7f771690a28,389ed42c02ebecc32e73aa31def07e14,,,5350.79064,10.0.2.15,57413,136.147.96.32,443,tcp,11.40533400000004,347.0,3825.0,SF,True,False,0,ShADadTFfRr,11,796,13,4349,ssl,0
5352.088463,CxM0Y71R6RC0mlr65,10.0.2.15,57418,95.100.185.157,443,TLSv12,TLS_ECDHE_RSA_WITH_AES_256_GCM_SHA384,,s.adroll.com,True,True,CsiI,,,,1a5fe5677b0e4fbbc854e8908225637d,410b9bedaf65dd26c6fe547154d60db4,http/1.1,,5351.955469,10.0.2.15,57418,95.100.185.157,443,tcp,124.44362499999988,1004.0,636.0,SF,True,False,0,ShADadTTFfRr,22,1904,23,1560,ssl,0
5352.090094,CIPldP2TfBX3tTBUbg,10.0.2.15,57417,95.100.185.157,443,TLSv12,TLS_ECDHE_RSA_WITH_AES_256_GCM_SHA384,,s.adroll.com,True,True,CsiI,,,,1a5fe5677b0e4fbbc854e8908225637d,410b9bedaf65dd26c6fe547154d60db4,http/1.1,,5351.954888,10.0.2.15,57417,95.100.185.157,443,tcp,124.4442600000002,966.0,4739.0,SF,True,False,0,ShADadTTFfRr,25,1986,29,5903,ssl,0
5352.614626,C02mhb2Wh2XLaxXrGl,10.0.2.15,57419,54.217.244.122,443,TLSv12,TLS_ECDHE_RSA_WITH_AES_128_GCM_SHA256,secp256r1,d.adroll.com,False,True,CsxknGIi,"['30d9e6a96455a203c6d0e675630de083191a9ec88b4ede4851365088792e1417', 'e6683e88315cd1cb403c0cea490f7c4b4c82c91cd485037489aadbaa90839f61', 'ff856a2d251dcd88d36656f450126798cfabaade40799c722de4d2b5db36a73a']",[],1.0,0ffee3ba8e615ad22535e7f771690a28,303951d4c50efb2e991652225a6f02b1,,,5352.551103,10.0.2.15,57419,54.217.244.122,443,tcp,55.13434000000052,3799.0,9227.0,SF,True,False,0,ShADadTFfRr,28,4930,33,10551,ssl,0
5354.174176,C1s7VN1vVWFkLbWfHi,10.0.2.15,57422,54.217.244.122,443,TLSv12,TLS_ECDHE_RSA_WITH_AES_128_GCM_SHA256,,d.adroll.com,True,True,CsiI,,,,0ffee3ba8e615ad22535e7f771690a28,303951d4c50efb2e991652225a6f02b1,,,5353.831629,10.0.2.15,57422,54.217.244.122,443,tcp,11.365680999999311,1513.0,2084.0,RSTO,True,False,0,ShADadTFR,12,2002,13,2608,ssl,0
5354.174944,CNPU002tFRarGJcsUj,10.0.2.15,57421,54.217.244.122,443,TLSv12,TLS_ECDHE_RSA_WITH_AES_128_GCM_SHA256,,d.adroll.com,True,True,CsiI,,,,0ffee3ba8e615ad22535e7f771690a28,303951d4c50efb2e991652225a6f02b1,,,5353.828323,10.0.2.15,57421,54.217.244.122,443,tcp,53.09422600000016,4164.0,4766.0,SF,True,False,0,ShADadTFfRr,22,5054,25,5770,ssl,0
5354.17647,CaOd5k135tEN9VBlX8,10.0.2.15,57425,54.217.244.122,443,TLSv12,TLS_ECDHE_RSA_WITH_AES_128_GCM_SHA256,,d.adroll.com,True,True,CsiI,,,,0ffee3ba8e615ad22535e7f771690a28,303951d4c50efb2e991652225a6f02b1,,,5353.837304,10.0.2.15,57425,54.217.244.122,443,tcp,11.62416900000062,2569.0,2070.0,RSTO,True,False,0,ShADadTFR,13,3098,14,2634,ssl,0
5354.176962,Ca1W4e3So0kv7cMic4,10.0.2.15,57424,54.217.244.122,443,TLSv12,TLS_ECDHE_RSA_WITH_AES_128_GCM_SHA256,,d.adroll.com,True,True,CsiI,,,,0ffee3ba8e615ad22535e7f771690a28,303951d4c50efb2e991652225a6f02b1,,,5353.835269,10.0.2.15,57424,54.217.244.122,443,tcp,53.08723000000009,2922.0,3997.0,SF,True,False,0,ShADadTFfRr,21,3773,24,4961,ssl,0
5354.177837,CEluLB19e7avCmN7P7,10.0.2.15,57423,54.217.244.122,443,TLSv12,TLS_ECDHE_RSA_WITH_AES_128_GCM_SHA256,,d.adroll.com,True,True,CsiI,,,,0ffee3ba8e615ad22535e7f771690a28,303951d4c50efb2e991652225a6f02b1,,,5353.834299,10.0.2.15,57423,54.217.244.122,443,tcp,10.125764999999774,1548.0,2011.0,SF,True,False,0,ShADadFfRr,13,2076,15,2615,ssl,0
5356.340612,Crm5Te1X8uksgAwqEl,10.0.2.15,57434,185.33.222.61,443,TLSv12,TLS_ECDHE_RSA_WITH_AES_256_GCM_SHA384,secp256r1,ib.adnxs.com,False,True,CsxuknGIti,"['5b081650e8034418a37504ce0820892be5a66474578207711eb688243fe1a8f2', '074541ecdf88ed992ed5ade3ecddef27a26ba1b44480a195c0a8dadae2521d8e']",[],1.0,0ffee3ba8e615ad22535e7f771690a28,d53e4608f956df65bb2b8a8c4d3b025d,,,5356.037058,10.0.2.15,57434,185.33.222.61,443,tcp,11.926062999999886,2965.0,7829.0,SF,True,False,0,ShADadfF,12,3453,19,8593,ssl,0
5356.34304,CpY47T33mWxNc1i6U1,10.0.2.15,57432,104.155.1.19,443,TLSv12,TLS_ECDHE_RSA_WITH_AES_128_GCM_SHA256,secp256r1,x.bidswitch.net,False,True,CsxknGIti,"['6710fb217b2e1c9d2a9394e53e369972943bb04823ae76a38f0ed2d28ac778a4', '02ab57e4e67a0cb48dd2ff34830e8ac40f4476fb08ca6be3f5cd846f646840f0', '4f32d5dc00f715250abcc486511e37f501a899deb3bf7ea8adbbd3aef1c412da', '687fa451382278fff0c8b11f8d43d576671c6eb2bceab413fb83d965d06d2ff2']",[],1.0,0ffee3ba8e615ad22535e7f771690a28,ccc514751b175866924439bdbb5bba34,,,5356.03258,10.0.2.15,57432,104.155.1.19,443,tcp,110.91385300000002,1325.0,6827.0,SF,True,False,0,ShADadTfF,22,2222,25,7831,ssl,0
5356.345849,CFmgk510DqmZMawqgl,10.0.2.15,57430,151.101.114.2,443,TLSv12,TLS_ECDHE_RSA_WITH_AES_128_GCM_SHA256,secp256r1,trc.taboola.com,False,True,CsxuknGIti,"['1b90ad8858722a0f2048bb4da66bfe69ccb05827d075f8dbd6dea0562198334b', '4b7334e1d8999822bafa8ff6888125389b18a4e5ab26ffa624c7f68fdc81f0cb']",[],1.0,0ffee3ba8e615ad22535e7f771690a28,860fcf58fd757e26aa8911e5eaff6b53,h2,,5356.031395,10.0.2.15,57430,151.101.114.2,443,tcp,237.89782399999967,1809.0,6833.0,SF,True,False,0,ShADadFfRr,25,2817,30,8037,ssl,0
5356.344645,CAbh7WxgJJ8dO45j3,10.0.2.15,57431,217.12.15.54,443,TLSv12,TLS_ECDHE_RSA_WITH_AES_128_GCM_SHA256,secp256r1,ads.yahoo.com,False,True,CsxknGIti,"['aaab982de106f191dd3d06d3f44eada0b8a2b0a6692636e9ff628a677f3eb65c', 'eae72eb454bf6c3977ebd289e970b2f5282949190093d0d26f98d0f0d6a9cf17']",[],1.0,0ffee3ba8e615ad22535e7f771690a28,389ed42c02ebecc32e73aa31def07e14,,,5356.032002,10.0.2.15,57431,217.12.15.54,443,tcp,21.22865900000033,1263.0,4483.0,SF,True,False,0,ShADadTfF,13,1792,16,5127,ssl,0
5356.347916,C3HZNF4KlsLGaIknjk,10.0.2.15,57428,62.67.193.75,443,TLSv12,TLS_RSA_WITH_AES_256_CBC_SHA,,pixel.rubiconproject.com,False,True,CsxnGIi,"['323de379ee34a94e415f63b56183d0d5d0e5a863f4ac89f97dc40ae81cc021c8', '154c433c491929c5ef686e838e323664a00e6a0d822ccc958fb4dab03e49a08f']",[],1.0,0ffee3ba8e615ad22535e7f771690a28,0a917d753018dad73d9899ace370f8d8,,,5356.028307,10.0.2.15,57428,62.67.193.75,443,tcp,157.71477400000003,11326.0,7139.0,SF,True,False,0,ShADadTTFf,34,12709,37,8623,ssl,0
5356.347343,CL9lMU2icsbYwqe53a,10.0.2.15,57429,198.47.127.15,443,TLSv12,TLS_RSA_WITH_3DES_EDE_CBC_SHA,,simage2.pubmatic.com,False,True,CsxnGIi,"['cff54ceae5bc84cde0613894d40cbecfeede547bfdef6b9458b626c348f09d84', '111006378afbe8e99bb02ba87390ca429fca2773f74d7f7eb5744f5ddf68014b', '4f32d5dc00f715250abcc486511e37f501a899deb3bf7ea8adbbd3aef1c412da']",[],1.0,0ffee3ba8e615ad22535e7f771690a28,ccf031939aa8979b73a604c356f7fd68,,,5356.030274,10.0.2.15,57429,198.47.127.15,443,tcp,5.783421000000089,4912.0,5465.0,SF,True,False,0,ShADadfF,13,5440,18,6189,ssl,0
5356.34884,CdMSM62yb3l9eYr9Fa,10.0.2.15,57427,95.101.245.177,443,TLSv12,TLS_ECDHE_RSA_WITH_AES_256_GCM_SHA384,,dsum-sec.casalemedia.com,True,True,CsiI,,,,1a5fe5677b0e4fbbc854e8908225637d,410b9bedaf65dd26c6fe547154d60db4,http/1.1,,5356.027621,10.0.2.15,57427,95.101.245.177,443,tcp,157.70811200000026,5732.0,5947.0,SF,True,False,0,ShADadTTFRfr,31,6995,36,7391,ssl,0
5356.350256,CpkQd64pneGDQZEWy8,10.0.2.15,57426,62.51.0.45,443,TLSv12,TLS_RSA_WITH_AES_128_CBC_SHA,,ums.adtech.de,False,True,CsxnGIi,"['83dc825a285d75874ad3093d3c109950d638be3a813b789cebec11ec6396cc8f', '3b0cc20384ad7f24eb438f2b80c63ebe003f7f215b8877e418ebb0484028db57', '6b143c2005d5539cc22eab5f772db2a9fe87467feffa07fcf0a9f7d28274ca7a']",[],1.0,0ffee3ba8e615ad22535e7f771690a28,5397c414a9ebeaff1bf18b70ca22eaa0,,,5356.02705,10.0.2.15,57426,62.51.0.45,443,tcp,18.41342900000018,1001.0,4251.0,SF,True,False,0,ShADadTfF,12,1490,15,4855,ssl,0
5356.341851,CIIwdH1UsHP70KEHx2,10.0.2.15,57433,52.205.88.97,443,TLSv12,TLS_ECDHE_RSA_WITH_AES_128_GCM_SHA256,secp256r1,idsync.rlcdn.com,False,True,CsxknGIi,"['7c75ac9ac997d5af7e63eee4070015e373d07d15fa206505a14434fb86a90686', '973a41276ffd01e027a2aad49e34c37846d3e976ff6a620b6712e33832041aa6', '3a2fbe92891e57fe05d57087f48e730f17e5a5f53ef403d618e5b74d7a7e6ecb', 'c3846bf24b9e93ca64274c0ec67c1ecc5e024ffcacd2d74019350e81fe546ae4']",[],1.0,0ffee3ba8e615ad22535e7f771690a28,303951d4c50efb2e991652225a6f02b1,,,5356.034488,10.0.2.15,57433,52.205.88.97,443,tcp,108.80210199999964,2526.0,7599.0,SF,True,False,0,ShADadTTFf,24,3504,26,8643,ssl,0
5357.011684,CGKAkG4PU339pXBchb,10.0.2.15,57439,95.101.245.177,443,TLSv12,TLS_ECDHE_RSA_WITH_AES_256_GCM_SHA384,,dsum-sec.casalemedia.com,True,True,CsiI,,,,1a5fe5677b0e4fbbc854e8908225637d,410b9bedaf65dd26c6fe547154d60db4,http/1.1,,5356.333975,10.0.2.15,57439,95.101.245.177,443,tcp,9.29798000000028,599.0,183.0,RSTO,True,False,0,ShADadFR,7,887,7,467,ssl,0
5357.013842,CTaBBUjNtdaBS2Myc,10.0.2.15,57437,62.51.0.45,443,TLSv12,TLS_RSA_WITH_AES_128_CBC_SHA,,ums.adtech.de,False,True,CsxnGIi,"['83dc825a285d75874ad3093d3c109950d638be3a813b789cebec11ec6396cc8f', '3b0cc20384ad7f24eb438f2b80c63ebe003f7f215b8877e418ebb0484028db57', '6b143c2005d5539cc22eab5f772db2a9fe87467feffa07fcf0a9f7d28274ca7a']",[],1.0,0ffee3ba8e615ad22535e7f771690a28,5397c414a9ebeaff1bf18b70ca22eaa0,,,5356.328697,10.0.2.15,57437,62.51.0.45,443,tcp,7.497793000000456,617.0,4001.0,SF,True,False,0,ShADadFf,10,1025,12,4485,ssl,0
5357.014969,CBGXad4gHlPgzAvT7g,10.0.2.15,57436,62.67.193.75,443,TLSv12,TLS_RSA_WITH_AES_256_CBC_SHA,,pixel.rubiconproject.com,False,True,CsxnGIi,"['323de379ee34a94e415f63b56183d0d5d0e5a863f4ac89f97dc40ae81cc021c8', '154c433c491929c5ef686e838e323664a00e6a0d822ccc958fb4dab03e49a08f']",[],1.0,0ffee3ba8e615ad22535e7f771690a28,0a917d753018dad73d9899ace370f8d8,,,5356.326018,10.0.2.15,57436,62.67.193.75,443,tcp,7.078890000000683,596.0,2719.0,SF,True,False,0,ShADadFf,9,964,9,3083,ssl,0
5357.01653,CJTmyXgVCVATW1868,10.0.2.15,57435,198.47.127.15,443,TLSv12,TLS_RSA_WITH_3DES_EDE_CBC_SHA,,simage2.pubmatic.com,False,True,CsxnGIi,"['cff54ceae5bc84cde0613894d40cbecfeede547bfdef6b9458b626c348f09d84', '111006378afbe8e99bb02ba87390ca429fca2773f74d7f7eb5744f5ddf68014b', '4f32d5dc00f715250abcc486511e37f501a899deb3bf7ea8adbbd3aef1c412da']",[],1.0,0ffee3ba8e615ad22535e7f771690a28,ccf031939aa8979b73a604c356f7fd68,,,5356.324174,10.0.2.15,57435,198.47.127.15,443,tcp,6.85499499999969,592.0,4567.0,SF,True,False,0,ShADadFf,11,1040,13,5091,ssl,0
5357.013003,C1wscN2KNuO6gFXy1b,10.0.2.15,57438,217.12.15.54,443,TLSv12,TLS_ECDHE_RSA_WITH_AES_128_GCM_SHA256,secp256r1,ads.yahoo.com,False,True,CsxknGIti,"['aaab982de106f191dd3d06d3f44eada0b8a2b0a6692636e9ff628a677f3eb65c', 'eae72eb454bf6c3977ebd289e970b2f5282949190093d0d26f98d0f0d6a9cf17']",[],1.0,0ffee3ba8e615ad22535e7f771690a28,389ed42c02ebecc32e73aa31def07e14,,,5356.330094,10.0.2.15,57438,217.12.15.54,443,tcp,5.705645000000004,347.0,3636.0,SF,True,False,0,ShADadFfRr,10,755,13,4160,ssl,0
5357.231254,COi5pf14wKpYRkX1Dg,10.0.2.15,57440,173.241.240.143,443,TLSv12,TLS_ECDHE_RSA_WITH_AES_128_GCM_SHA256,secp256r1,us-u.openx.net,False,True,CsxknGIi,"['ab7de06ea7a3de3225f335667d38750434931049f9e9cb0cb4a9caf5df22819c', '074541ecdf88ed992ed5ade3ecddef27a26ba1b44480a195c0a8dadae2521d8e']",[],1.0,0ffee3ba8e615ad22535e7f771690a28,699a80bdb17efe157c861f92c5bf5d1d,,,5356.351786,10.0.2.15,57440,173.241.240.143,443,tcp,36.780133000000205,787.0,3255.0,SF,True,False,0,ShADadTfF,13,1317,14,3819,ssl,0
5373.217513,CpJhhO1ExYzADC2Nej,10.0.2.15,57453,151.101.112.143,443,TLSv12,TLS_ECDHE_RSA_WITH_AES_128_GCM_SHA256,,cdn.evbstatic.com,True,True,CsiI,,,,1a5fe5677b0e4fbbc854e8908225637d,1d0e57c6ae42e9204defa51e5e1cdc4c,http/1.1,,5371.837351,10.0.2.15,57453,151.101.112.143,443,tcp,128.9493649999995,1054.0,1173.0,SF,True,False,0,ShADadTTFfRr,22,1954,23,2097,ssl,0
5373.219623,C1jZPExTBJVwtXL46,10.0.2.15,57455,151.101.112.143,443,TLSv12,TLS_ECDHE_RSA_WITH_AES_128_GCM_SHA256,,cdn.evbstatic.com,True,True,CsiI,,,,1a5fe5677b0e4fbbc854e8908225637d,1d0e57c6ae42e9204defa51e5e1cdc4c,http/1.1,,5372.093301,10.0.2.15,57455,151.101.112.143,443,tcp,128.71981099999994,1053.0,1136.0,SF,True,False,0,ShADadTTFfRr,22,1953,23,2060,ssl,0
5373.220527,CJGGeZ3Flqm1qomJA7,10.0.2.15,57454,66.117.29.6,443,TLSv12,TLS_ECDHE_RSA_WITH_AES_128_GCM_SHA256,,schwab.tt.omtrdc.net,True,True,CsiI,,,,0ffee3ba8e615ad22535e7f771690a28,2de81c22ea32a57162df5cb08d4a2795,h2,,5372.084825,10.0.2.15,57454,66.117.29.6,443,tcp,386.7178700000004,2082.0,980.0,SF,True,False,0,ShADadFfRr,25,3090,28,2104,ssl,0
5373.430884,CB38p02TUUhcozt2Nj,10.0.2.15,57456,151.101.112.143,443,TLSv12,TLS_ECDHE_RSA_WITH_AES_128_GCM_SHA256,,cdn.evbstatic.com,True,True,CsiI,,,,1a5fe5677b0e4fbbc854e8908225637d,1d0e57c6ae42e9204defa51e5e1cdc4c,http/1.1,,5372.513872,10.0.2.15,57456,151.101.112.143,443,tcp,128.2958149999995,1055.0,47540.0,SF,True,False,0,ShADadTTFfRr,35,2475,65,50144,ssl,0
5374.445687,C5BNdm1l64jkYj0UZ8,10.0.2.15,57458,151.101.112.175,443,TLSv12,TLS_ECDHE_RSA_WITH_AES_128_GCM_SHA256,secp256r1,cdn.evbuc.com,False,True,CsxuknGIti,"['08db83c9326d7da362a1d5b13d2c2eb3f30a9c28c65a16e8f0f5cbdfc0a6dc6d', '4b7334e1d8999822bafa8ff6888125389b18a4e5ab26ffa624c7f68fdc81f0cb']",[],1.0,0ffee3ba8e615ad22535e7f771690a28,860fcf58fd757e26aa8911e5eaff6b53,http/1.1,,5373.45282,10.0.2.15,57458,151.101.112.175,443,tcp,127.35779599999933,747.0,32396.0,RSTO,True,False,0,ShADadTTFR,41,2407,59,34760,ssl,0
5374.447668,CqvJANz0QVn9K09J7,10.0.2.15,57457,151.101.112.175,443,TLSv12,TLS_ECDHE_RSA_WITH_AES_128_GCM_SHA256,secp256r1,cdn.evbuc.com,False,True,CsxuknGIti,"['08db83c9326d7da362a1d5b13d2c2eb3f30a9c28c65a16e8f0f5cbdfc0a6dc6d', '4b7334e1d8999822bafa8ff6888125389b18a4e5ab26ffa624c7f68fdc81f0cb']",[],1.0,0ffee3ba8e615ad22535e7f771690a28,860fcf58fd757e26aa8911e5eaff6b53,http/1.1,,5373.451855,10.0.2.15,57457,151.101.112.175,443,tcp,6.835657999999967,347.0,5742.0,SF,True,False,0,ShADadFfRr,11,795,13,6266,ssl,0
5376.35021,CcQszp1D1NfHd09LEk,10.0.2.15,57459,151.101.112.175,443,TLSv12,TLS_ECDHE_RSA_WITH_AES_128_GCM_SHA256,secp256r1,cdn.evbuc.com,False,True,CsxuknGIti,"['08db83c9326d7da362a1d5b13d2c2eb3f30a9c28c65a16e8f0f5cbdfc0a6dc6d', '4b7334e1d8999822bafa8ff6888125389b18a4e5ab26ffa624c7f68fdc81f0cb']",[],1.0,0ffee3ba8e615ad22535e7f771690a28,860fcf58fd757e26aa8911e5eaff6b53,http/1.1,,5375.721393,10.0.2.15,57459,151.101.112.175,443,tcp,5.73254100000031,347.0,5742.0,SF,True,False,0,ShADadFfRr,11,795,16,6386,ssl,0
5380.549953,CegZ8U2Mnh40G1GJD3,10.0.2.15,57462,216.58.201.106,443,TLSv12,TLS_ECDHE_RSA_WITH_AES_128_GCM_SHA256,x25519,maps.googleapis.com,False,True,CsxknGIti,"['0ca616f3b5a49ded9af60777a33ae7119bfd6de6a815dbee0b64d5d69491aa06', '9f630426df1d8abfd80ace98871ba833ab9742cb34838de2b5285ed54c0c7dcc', '3c35cc963eb004451323d3275d05b353235053490d9cd83729a2faf5e7ca1cc0']",[],1.0,0ffee3ba8e615ad22535e7f771690a28,ab41313cfec25328b20865eb1388e0a2,h2,,5380.538648,10.0.2.15,57462,216.58.201.106,443,tcp,30.51213900000039,4712.0,278488.0,SF,True,False,0,ShADadFf,148,10640,333,291812,ssl,0
5381.738293,Cwv1vn4OeyB7SqAph4,10.0.2.15,57463,216.58.212.163,443,TLSv12,TLS_ECDHE_ECDSA_WITH_AES_128_GCM_SHA256,,csi.gstatic.com,True,True,CsiI,,,,1a5fe5677b0e4fbbc854e8908225637d,c23237dbea656869600e48dfbd00ab7b,h2,,5381.498204,10.0.2.15,57463,216.58.212.163,443,tcp,212.13932299999945,2574.0,1308.0,SF,True,False,0,ShADadFf,34,3942,36,2752,ssl,0
5382.940771,CrtdSi1JE4X54mBIxg,10.0.2.15,57465,162.93.229.7,443,TLSv12,TLS_RSA_WITH_AES_256_CBC_SHA,,cempa.schwab.com,False,True,CsxnGIi,"['674a4011b68c9c744b58a6e3042c4f418b9abe8c1394f1cdb06ff8936878c7f5', '9e6bc5f9ecc52460e8edc02c644d1be1cb9f2316f41daf3b616a0b2058294b31']",[],1.0,0ffee3ba8e615ad22535e7f771690a28,7b6819ed58e8d8415604b7dfcef92d55,,,5382.272632,10.0.2.15,57465,162.93.229.7,443,tcp,7.110856999999669,588.0,3256.0,SF,True,False,0,ShADadFf,9,956,10,3660,ssl,0
5382.939455,CqIL0xS4wWD64c5il,10.0.2.15,57464,162.93.229.7,443,TLSv12,TLS_RSA_WITH_AES_256_CBC_SHA,,cempa.schwab.com,False,True,CsxnGIi,"['674a4011b68c9c744b58a6e3042c4f418b9abe8c1394f1cdb06ff8936878c7f5', '9e6bc5f9ecc52460e8edc02c644d1be1cb9f2316f41daf3b616a0b2058294b31']",[],1.0,0ffee3ba8e615ad22535e7f771690a28,7b6819ed58e8d8415604b7dfcef92d55,,,5382.27207,10.0.2.15,57464,162.93.229.7,443,tcp,153.70007499999974,10048.0,29590.0,SF,True,False,0,ShADadTTfF,43,11789,58,31914,ssl,0
5383.479946,C2d1dUQlteR1gcZc2,10.0.2.15,57468,172.217.23.227,443,TLSv12,TLS_ECDHE_ECDSA_WITH_AES_128_GCM_SHA256,x25519,maps.gstatic.com,False,True,CsxknGIti,"['11ddd329046367c19b32ffdb02ed308de129de4d6ffcf95856d7bd6a7accfba9', '9f630426df1d8abfd80ace98871ba833ab9742cb34838de2b5285ed54c0c7dcc', '3c35cc963eb004451323d3275d05b353235053490d9cd83729a2faf5e7ca1cc0']",[],1.0,0ffee3ba8e615ad22535e7f771690a28,84480cf8cf0e732666092640e581e1a5,h2,,5382.988736,10.0.2.15,57468,172.217.23.227,443,tcp,216.19268999999983,2020.0,82668.0,SF,True,False,0,ShADadFf,87,5508,144,88432,ssl,0
5383.419269,CmViY4EQXmnOpASDl,10.0.2.15,57467,172.217.23.227,443,TLSv12,TLS_ECDHE_ECDSA_WITH_AES_128_GCM_SHA256,x25519,maps.gstatic.com,False,True,CsxknGIti,"['11ddd329046367c19b32ffdb02ed308de129de4d6ffcf95856d7bd6a7accfba9', '9f630426df1d8abfd80ace98871ba833ab9742cb34838de2b5285ed54c0c7dcc', '3c35cc963eb004451323d3275d05b353235053490d9cd83729a2faf5e7ca1cc0']",[],1.0,0ffee3ba8e615ad22535e7f771690a28,84480cf8cf0e732666092640e581e1a5,h2,,5382.98736,10.0.2.15,57467,172.217.23.227,443,tcp,9.669141999999738,808.0,5081.0,SF,True,False,0,ShADadFf,15,1416,16,5725,ssl,0
5383.248754,C98Vy92kCromDyeS45,10.0.2.15,57466,162.93.229.7,443,TLSv12,TLS_RSA_WITH_AES_256_CBC_SHA,,cempa.schwab.com,False,True,CsxnGIi,"['674a4011b68c9c744b58a6e3042c4f418b9abe8c1394f1cdb06ff8936878c7f5', '9e6bc5f9ecc52460e8edc02c644d1be1cb9f2316f41daf3b616a0b2058294b31']",[],1.0,0ffee3ba8e615ad22535e7f771690a28,7b6819ed58e8d8415604b7dfcef92d55,,,5382.531761,10.0.2.15,57466,162.93.229.7,443,tcp,7.4657149999993635,588.0,3256.0,SF,True,False,0,ShADadFf,10,996,11,3700,ssl,0
5383.883158,CFQFhM278a08Ru6Wc6,10.0.2.15,57469,172.217.23.227,443,TLSv12,TLS_ECDHE_ECDSA_WITH_AES_128_GCM_SHA256,x25519,maps.gstatic.com,False,True,CsxknGIti,"['11ddd329046367c19b32ffdb02ed308de129de4d6ffcf95856d7bd6a7accfba9', '9f630426df1d8abfd80ace98871ba833ab9742cb34838de2b5285ed54c0c7dcc', '3c35cc963eb004451323d3275d05b353235053490d9cd83729a2faf5e7ca1cc0']",[],1.0,0ffee3ba8e615ad22535e7f771690a28,84480cf8cf0e732666092640e581e1a5,h2,,5383.420851,10.0.2.15,57469,172.217.23.227,443,tcp,5.908102999999755,526.0,4421.0,SF,True,False,0,ShADadFf,13,1054,13,4945,ssl,0
5384.166779,CZw5bg15U9sXav5em6,10.0.2.15,57470,35.186.205.6,443,TLSv12,TLS_ECDHE_RSA_WITH_AES_128_GCM_SHA256,x25519,notify.bugsnag.com,False,True,CsxknGIti,"['ceb1fa931472f91a843af0971836d275972f852061d88b8a894abe1ec54bac03', '02ab57e4e67a0cb48dd2ff34830e8ac40f4476fb08ca6be3f5cd846f646840f0', '4f32d5dc00f715250abcc486511e37f501a899deb3bf7ea8adbbd3aef1c412da']",[],1.0,0ffee3ba8e615ad22535e7f771690a28,ab41313cfec25328b20865eb1388e0a2,h2,,5383.595346,10.0.2.15,57470,35.186.205.6,443,tcp,197.9482539999999,3009.0,5452.0,SF,True,False,0,ShADadFf,22,3897,24,6416,ssl,0
4839.65153,CbQKuXJhNgOAVYLO,10.0.2.15,56686,142.0.160.53,443,TLSv12,TLS_ECDHE_RSA_WITH_AES_256_GCM_SHA384,,s1494548940.t.eloqua.com,False,False,Cs,,,,0ffee3ba8e615ad22535e7f771690a28,28ef90cc3d9d08c96a8a2cb6f365a79e,,,4837.536784,10.0.2.15,56686,142.0.160.53,443,tcp,247.08471999999983,201.0,1350.0,SF,True,False,0,ShADadTFTf,29,1392,28,2474,ssl,0
5384.418361,C4XkLm1VE8ejs7d3W8,10.0.2.15,57471,35.186.205.6,443,TLSv12,TLS_ECDHE_RSA_WITH_AES_128_GCM_SHA256,x25519,notify.bugsnag.com,False,True,CsxknGIti,"['ceb1fa931472f91a843af0971836d275972f852061d88b8a894abe1ec54bac03', '02ab57e4e67a0cb48dd2ff34830e8ac40f4476fb08ca6be3f5cd846f646840f0', '4f32d5dc00f715250abcc486511e37f501a899deb3bf7ea8adbbd3aef1c412da']",[],1.0,0ffee3ba8e615ad22535e7f771690a28,ab41313cfec25328b20865eb1388e0a2,h2,,5383.596207,10.0.2.15,57471,35.186.205.6,443,tcp,7.371321000000535,528.0,5167.0,SF,True,False,0,ShADadFf,13,1056,15,5771,ssl,0
5385.858352,C9gX8g3tq9Jt026iPg,10.0.2.15,57473,35.186.205.6,443,TLSv12,TLS_ECDHE_RSA_WITH_AES_128_GCM_SHA256,x25519,notify.bugsnag.com,False,True,CsxknGIti,"['ceb1fa931472f91a843af0971836d275972f852061d88b8a894abe1ec54bac03', '02ab57e4e67a0cb48dd2ff34830e8ac40f4476fb08ca6be3f5cd846f646840f0', '4f32d5dc00f715250abcc486511e37f501a899deb3bf7ea8adbbd3aef1c412da']",[],1.0,0ffee3ba8e615ad22535e7f771690a28,ab41313cfec25328b20865eb1388e0a2,h2,,5384.425233,10.0.2.15,57473,35.186.205.6,443,tcp,8.966124000000491,528.0,5167.0,SF,True,False,0,ShADadFf,12,1016,15,5771,ssl,0
5394.046275,CyGyac1nOikw9h0WVg,10.0.2.15,57485,54.217.244.122,443,TLSv12,TLS_ECDHE_RSA_WITH_AES_128_GCM_SHA256,,d.adroll.com,True,True,CsiI,,,,0ffee3ba8e615ad22535e7f771690a28,303951d4c50efb2e991652225a6f02b1,,,5393.567133,10.0.2.15,57485,54.217.244.122,443,tcp,61.26964700000008,712.0,665.0,SF,True,False,0,ShADadTFf,13,1245,14,1229,ssl,0
5394.049712,CCU6kk0VDiRGwvbCg,10.0.2.15,57484,54.217.244.122,443,TLSv12,TLS_ECDHE_RSA_WITH_AES_128_GCM_SHA256,,d.adroll.com,True,True,CsiI,,,,0ffee3ba8e615ad22535e7f771690a28,303951d4c50efb2e991652225a6f02b1,,,5393.565558,10.0.2.15,57484,54.217.244.122,443,tcp,92.30908,2444.0,2417.0,SF,True,False,0,ShADadTFf,21,3299,22,3301,ssl,0
5394.058003,CN03YA1BjcEG9FJc36,10.0.2.15,57483,54.217.244.122,443,TLSv12,TLS_ECDHE_RSA_WITH_AES_128_GCM_SHA256,,d.adroll.com,True,True,CsiI,,,,0ffee3ba8e615ad22535e7f771690a28,303951d4c50efb2e991652225a6f02b1,,,5393.564975,10.0.2.15,57483,54.217.244.122,443,tcp,14.11052599999948,1797.0,1919.0,SF,True,False,0,ShADadFfRr,14,2365,15,2523,ssl,0
5402.899752,Cww8md1aV3msXhZ2m9,10.0.2.15,57489,62.51.0.45,443,TLSv12,TLS_RSA_WITH_AES_128_CBC_SHA,,ums.adtech.de,True,True,CsiI,,,,0ffee3ba8e615ad22535e7f771690a28,5397c414a9ebeaff1bf18b70ca22eaa0,,,5402.004041,10.0.2.15,57489,62.51.0.45,443,tcp,14.880654999999932,798.0,404.0,SF,True,False,0,ShADadTfF,10,1207,10,808,ssl,0
5405.601929,CI9BklwwetL25xUO2,10.0.2.15,57492,198.47.127.15,443,TLSv12,TLS_RSA_WITH_3DES_EDE_CBC_SHA,,simage2.pubmatic.com,True,True,CsiI,,,,0ffee3ba8e615ad22535e7f771690a28,ccf031939aa8979b73a604c356f7fd68,,,5404.775511,10.0.2.15,57492,198.47.127.15,443,tcp,1.601967000000513,4709.0,1164.0,SF,True,False,0,ShADadfF,10,5117,12,1648,ssl,0
5405.604192,CSk3iWrC7HONjshz9,10.0.2.15,57490,198.47.127.15,443,TLSv12,TLS_RSA_WITH_3DES_EDE_CBC_SHA,,simage2.pubmatic.com,True,True,CsiI,,,,0ffee3ba8e615ad22535e7f771690a28,ccf031939aa8979b73a604c356f7fd68,,,5404.773421,10.0.2.15,57490,198.47.127.15,443,tcp,9.65052900000046,325.0,138.0,SF,True,False,0,ShADadFf,8,653,7,422,ssl,0
5405.601069,CVPIUSJ1BUVonCjck,10.0.2.15,57493,217.12.15.54,443,TLSv12,TLS_ECDHE_RSA_WITH_AES_128_GCM_SHA256,secp256r1,ads.yahoo.com,False,True,CsxknGIti,"['aaab982de106f191dd3d06d3f44eada0b8a2b0a6692636e9ff628a677f3eb65c', 'eae72eb454bf6c3977ebd289e970b2f5282949190093d0d26f98d0f0d6a9cf17']",[],1.0,1a5fe5677b0e4fbbc854e8908225637d,389ed42c02ebecc32e73aa31def07e14,,,5404.776168,10.0.2.15,57493,217.12.15.54,443,tcp,3.874296999999387,674.0,3636.0,SF,True,False,0,ShADadFfRr,10,1082,12,4120,ssl,0
5405.60307,C9iUrpNoJ6PZo1Knl,10.0.2.15,57491,217.12.15.54,443,TLSv12,TLS_ECDHE_RSA_WITH_AES_128_GCM_SHA256,secp256r1,ads.yahoo.com,False,True,CsxknGIti,"['aaab982de106f191dd3d06d3f44eada0b8a2b0a6692636e9ff628a677f3eb65c', 'eae72eb454bf6c3977ebd289e970b2f5282949190093d0d26f98d0f0d6a9cf17']",[],1.0,1a5fe5677b0e4fbbc854e8908225637d,389ed42c02ebecc32e73aa31def07e14,,,5404.774178,10.0.2.15,57491,217.12.15.54,443,tcp,8.548592000000099,674.0,3636.0,SF,True,False,0,ShADadFfRr,11,1122,13,4160,ssl,0
5407.607451,CWOXE91ZLNkGKNECL3,10.0.2.15,57495,185.33.222.61,443,TLSv12,TLS_ECDHE_RSA_WITH_AES_256_GCM_SHA384,,ib.adnxs.com,True,True,CsiI,,,,1a5fe5677b0e4fbbc854e8908225637d,266bd998df907f9d5064d7f4c208b200,,,5406.380038,10.0.2.15,57495,185.33.222.61,443,tcp,12.36151400000017,3283.0,3103.0,SF,True,False,0,ShADadfF,10,3691,14,3667,ssl,0
5409.797438,CzFBkp3Q5u1NZwv641,10.0.2.15,57496,173.241.240.143,443,TLSv12,TLS_ECDHE_RSA_WITH_AES_128_GCM_SHA256,secp256r1,us-u.openx.net,False,True,CsxknGIi,"['ab7de06ea7a3de3225f335667d38750434931049f9e9cb0cb4a9caf5df22819c', '074541ecdf88ed992ed5ade3ecddef27a26ba1b44480a195c0a8dadae2521d8e']",[],1.0,0ffee3ba8e615ad22535e7f771690a28,699a80bdb17efe157c861f92c5bf5d1d,,,5409.038577,10.0.2.15,57496,173.241.240.143,443,tcp,35.40718199999992,852.0,3284.0,SF,True,False,0,ShADadTfF,12,1342,13,3808,ssl,0
5442.954081,CKADfp2roBazNoXWrj,10.0.2.15,57536,172.217.23.238,443,TLSv12,TLS_ECDHE_RSA_WITH_AES_128_GCM_SHA256,,apis.google.com,True,True,CsiI,,,,1a5fe5677b0e4fbbc854e8908225637d,67619a80665d7ab92d1041b1d11f9164,h2,,5440.407301,10.0.2.15,57536,172.217.23.238,443,tcp,254.0007660000001,1773.0,17778.0,SF,True,False,0,ShADadFf,31,3021,47,19662,ssl,0
5442.948472,C61PrH3wTD3FSZMrRe,10.0.2.15,57535,93.184.220.66,443,TLSv12,TLS_ECDHE_RSA_WITH_AES_128_GCM_SHA256,secp256r1,platform.twitter.com,False,True,CsxuknGIti,"['498dfbfa068ce7e3252a308f9578608d3df2d287b5b9284571f7d3ed43ba3ab0', '19400be5b7a31fb733917700789d2f0a2471c0c9d506c0e504c06c16d7cb17c0', '7431e5f4c3c1ce4690774f0b61e05440883ba9a01ed00ba6abd7806ed3b118cf']",[],1.0,0ffee3ba8e615ad22535e7f771690a28,76cc3e2d3028143b23ec18e27dbd7ca9,http/1.1,,5440.40508,10.0.2.15,57535,93.184.220.66,443,tcp,11.748587999999472,1119.0,6119.0,RSTO,True,False,0,ShADadFR,11,1567,15,6723,ssl,0
5468.923424,CwedG03PfwhSNN41s8,10.0.2.15,57561,54.230.92.113,443,TLSv12,TLS_ECDHE_RSA_WITH_AES_128_GCM_SHA256,secp256r1,choices.truste.com,False,True,CsxuknGIti,"['9885030d1a13434b132aebde5f075a7157da85f8bb0e594c550f23b8f09d137f', 'e0898ad662474b9f753c79bea878031c9a5d634a49edd6310b960ab023c02c0e']",[],1.0,0ffee3ba8e615ad22535e7f771690a28,76cc3e2d3028143b23ec18e27dbd7ca9,http/1.1,,5468.292532,10.0.2.15,57561,54.230.92.113,443,tcp,123.18444799999996,766.0,14416.0,SF,True,False,0,ShADadTTfF,23,1705,33,15740,ssl,0
5471.443644,CaMU7JlR1iiTWRtG6,10.0.2.15,57568,172.217.23.226,443,TLSv12,TLS_ECDHE_RSA_WITH_AES_128_GCM_SHA256,,securepubads.g.doubleclick.net,True,True,CsiI,,,,1a5fe5677b0e4fbbc854e8908225637d,67619a80665d7ab92d1041b1d11f9164,h2,,5470.359134,10.0.2.15,57568,172.217.23.226,443,tcp,377.8766319999995,21830.0,100541.0,SF,True,False,0,ShADadFf,147,27718,229,109705,ssl,0
5495.675402,CY1VgIaIf0KZwQvYb,10.0.2.15,57614,172.217.23.237,443,TLSv12,TLS_ECDHE_RSA_WITH_AES_128_GCM_SHA256,,accounts.google.com,True,True,CsiI,,,,1a5fe5677b0e4fbbc854e8908225637d,67619a80665d7ab92d1041b1d11f9164,h2,,5491.957784,10.0.2.15,57614,172.217.23.237,443,tcp,202.72928499999944,1660.0,1472.0,SF,True,False,0,ShADadFf,21,2516,21,2316,ssl,0
5499.870273,CbsLMn1HYus0HBW8vj,10.0.2.15,57618,93.184.220.66,443,TLSv12,TLS_ECDHE_RSA_WITH_AES_128_GCM_SHA256,secp256r1,platform.twitter.com,False,True,CsxuknGIti,"['498dfbfa068ce7e3252a308f9578608d3df2d287b5b9284571f7d3ed43ba3ab0', '19400be5b7a31fb733917700789d2f0a2471c0c9d506c0e504c06c16d7cb17c0', '7431e5f4c3c1ce4690774f0b61e05440883ba9a01ed00ba6abd7806ed3b118cf']",[],1.0,0ffee3ba8e615ad22535e7f771690a28,76cc3e2d3028143b23ec18e27dbd7ca9,http/1.1,,5496.165637,10.0.2.15,57618,93.184.220.66,443,tcp,10.08137699999952,386.0,5773.0,SF,True,False,0,ShADadFfRr,12,882,15,6377,ssl,0
5494.524546,Cy8VtG2mL9NlCPoGF7,10.0.2.15,57610,93.184.220.66,443,TLSv12,TLS_ECDHE_RSA_WITH_AES_128_GCM_SHA256,secp256r1,platform.twitter.com,False,True,CsxuknGIti,"['498dfbfa068ce7e3252a308f9578608d3df2d287b5b9284571f7d3ed43ba3ab0', '19400be5b7a31fb733917700789d2f0a2471c0c9d506c0e504c06c16d7cb17c0', '7431e5f4c3c1ce4690774f0b61e05440883ba9a01ed00ba6abd7806ed3b118cf']",[],1.0,1a5fe5677b0e4fbbc854e8908225637d,76cc3e2d3028143b23ec18e27dbd7ca9,http/1.1,,5494.357387,10.0.2.15,57610,93.184.220.66,443,tcp,276.5634879999998,3496.0,6963.0,SF,True,False,0,^hADadTTFfRr,42,5201,46,8807,ssl,0
5500.778703,CEwY3L1ddXfnEdAQSb,10.0.2.15,57624,31.13.70.7,443,TLSv12,TLS_ECDHE_ECDSA_WITH_AES_128_GCM_SHA256,secp256r1,connect.facebook.net,False,True,CsxknGIti,"['152151b387412a95ab90fd4664f2d98880408e9e43913124e4c91226a483386b', '19400be5b7a31fb733917700789d2f0a2471c0c9d506c0e504c06c16d7cb17c0']",[],1.0,0ffee3ba8e615ad22535e7f771690a28,2d1eb5817ece335c24904f516ad5da12,h2,,5497.014351,10.0.2.15,57624,31.13.70.7,443,tcp,5.517872999999781,355.0,3828.0,RSTO,True,False,0,ShADadR,8,691,7,4112,ssl,0
5502.744525,C49Co92Tpkrw83Nwz8,10.0.2.15,57633,172.227.86.221,443,TLSv12,TLS_ECDHE_RSA_WITH_AES_256_GCM_SHA384,secp256r1,www.bedbathandbeyond.com,False,True,CsxknGIti,"['b59d0bfa5ed1a14c16c11fc1792062a1097a1de602c1e315ec29e33f598f1606', '1f9b31f820929ebfa03117ec2b77ba6b0fb6ecc9e027682a559378da311c54ef']",[],1.0,0ffee3ba8e615ad22535e7f771690a28,2b33c1374db4ddf06942f92373c0b54b,h2,,5502.303592,10.0.2.15,57633,172.227.86.221,443,tcp,7.21659499999987,837.0,42144.0,SF,True,False,0,ShADadFfRr,26,1885,52,44228,ssl,0
5502.745654,CIJ0ZE1V8V8N8svwD9,10.0.2.15,57632,172.227.86.221,443,TLSv12,TLS_ECDHE_RSA_WITH_AES_256_GCM_SHA384,secp256r1,www.bedbathandbeyond.com,False,True,CsxknGIti,"['b59d0bfa5ed1a14c16c11fc1792062a1097a1de602c1e315ec29e33f598f1606', '1f9b31f820929ebfa03117ec2b77ba6b0fb6ecc9e027682a559378da311c54ef']",[],1.0,0ffee3ba8e615ad22535e7f771690a28,2b33c1374db4ddf06942f92373c0b54b,h2,,5502.299329,10.0.2.15,57632,172.227.86.221,443,tcp,45.54814199999964,22153.0,781296.0,SF,True,False,0,ShADadFRfr,339,35721,835,814700,ssl,0
5505.033911,CXvtiu1M0cizs0s0b3,10.0.2.15,57636,50.16.137.45,443,TLSv12,TLS_ECDHE_RSA_WITH_AES_128_GCM_SHA256,secp256r1,log.pinterest.com,False,True,CsxknGIi,"['d1ab179db88a34a8c788897bd5b599cba4cfcc5de8a3b9b2349135779e8f2092', '19400be5b7a31fb733917700789d2f0a2471c0c9d506c0e504c06c16d7cb17c0']",[],1.0,0ffee3ba8e615ad22535e7f771690a28,303951d4c50efb2e991652225a6f02b1,,,5504.693693,10.0.2.15,57636,50.16.137.45,443,tcp,6.447329999999965,351.0,3647.0,SF,True,False,0,ShADadFfRr,11,799,12,4131,ssl,0
5505.636471,CyJFJ3Fi5IH1ve97c,10.0.2.15,57617,31.13.70.7,443,TLSv12,TLS_ECDHE_ECDSA_WITH_AES_128_GCM_SHA256,secp256r1,connect.facebook.net,False,True,CsxknGIti,"['152151b387412a95ab90fd4664f2d98880408e9e43913124e4c91226a483386b', '19400be5b7a31fb733917700789d2f0a2471c0c9d506c0e504c06c16d7cb17c0']",[],1.0,0ffee3ba8e615ad22535e7f771690a28,2d1eb5817ece335c24904f516ad5da12,h2,,5505.241134,10.0.2.15,57617,31.13.70.7,443,tcp,88.97844600000008,1006.0,5511.0,SF,True,False,0,ShADadfF,18,1734,23,6435,ssl,0
5510.588646,CBh3dH3pTAT5NExAZk,10.0.2.15,57645,216.137.61.134,443,TLSv12,TLS_ECDHE_RSA_WITH_AES_128_GCM_SHA256,secp256r1,d2vxgxvhgubbj8.cloudfront.net,False,True,CsxuknGIti,"['90c0937808b31877df6c4a5c743c99325d974624be3735faa5078cf73d4fd205', 'eae72eb454bf6c3977ebd289e970b2f5282949190093d0d26f98d0f0d6a9cf17']",[],1.0,0ffee3ba8e615ad22535e7f771690a28,76cc3e2d3028143b23ec18e27dbd7ca9,http/1.1,,5509.841749,10.0.2.15,57645,216.137.61.134,443,tcp,123.07063199999992,691.0,7920.0,SF,True,False,0,ShADadTTfF,22,1590,26,8964,ssl,0
5511.345884,CgAIml2bC1K13v6M1l,10.0.2.15,57649,95.101.244.223,443,TLSv12,TLS_ECDHE_RSA_WITH_AES_256_GCM_SHA384,secp256r1,s7d9.scene7.com,False,True,CsxknGIti,"['ae9db2764bf3566e5edb5520577e0d472865a8f5af3cc010d157b8d8bfe84f6e', 'eae72eb454bf6c3977ebd289e970b2f5282949190093d0d26f98d0f0d6a9cf17']",[],1.0,0ffee3ba8e615ad22535e7f771690a28,2b33c1374db4ddf06942f92373c0b54b,http/1.1,,5509.85497,10.0.2.15,57649,95.101.244.223,443,tcp,258.94860999999946,8633.0,544925.0,SF,True,False,0,ShADadTTFfRr,288,20178,641,570569,ssl,0
5511.19215,CToAqu4XqoFFb3isJh,10.0.2.15,57650,95.101.244.223,443,TLSv12,TLS_ECDHE_RSA_WITH_AES_256_GCM_SHA384,secp256r1,s7d9.scene7.com,False,True,CsxknGIti,"['ae9db2764bf3566e5edb5520577e0d472865a8f5af3cc010d157b8d8bfe84f6e', 'eae72eb454bf6c3977ebd289e970b2f5282949190093d0d26f98d0f0d6a9cf17']",[],1.0,0ffee3ba8e615ad22535e7f771690a28,2b33c1374db4ddf06942f92373c0b54b,http/1.1,,5509.859002,10.0.2.15,57650,95.101.244.223,443,tcp,258.9360829999996,9543.0,615770.0,SF,True,False,0,ShADadTTFfRr,329,22728,719,644534,ssl,0
5510.441941,CIoZtY2ZYX8QX75fPl,10.0.2.15,57646,95.101.244.223,443,TLSv12,TLS_ECDHE_RSA_WITH_AES_256_GCM_SHA384,secp256r1,s7d9.scene7.com,False,True,CsxknGIti,"['ae9db2764bf3566e5edb5520577e0d472865a8f5af3cc010d157b8d8bfe84f6e', 'eae72eb454bf6c3977ebd289e970b2f5282949190093d0d26f98d0f0d6a9cf17']",[],1.0,0ffee3ba8e615ad22535e7f771690a28,2b33c1374db4ddf06942f92373c0b54b,http/1.1,,5509.849965,10.0.2.15,57646,95.101.244.223,443,tcp,258.8808369999997,8100.0,416704.0,RSTO,True,False,0,ShADadTTFR,243,17845,512,437188,ssl,0
5510.31141,CyiTXU2AJwqUbiNTPl,10.0.2.15,57647,95.101.244.223,443,TLSv12,TLS_ECDHE_RSA_WITH_AES_256_GCM_SHA384,secp256r1,s7d9.scene7.com,False,True,CsxknGIti,"['ae9db2764bf3566e5edb5520577e0d472865a8f5af3cc010d157b8d8bfe84f6e', 'eae72eb454bf6c3977ebd289e970b2f5282949190093d0d26f98d0f0d6a9cf17']",[],1.0,0ffee3ba8e615ad22535e7f771690a28,2b33c1374db4ddf06942f92373c0b54b,http/1.1,,5509.850974,10.0.2.15,57647,95.101.244.223,443,tcp,258.88340900000003,7606.0,587435.0,SF,True,False,0,ShADadTTFfRr,263,18152,634,612799,ssl,0
5510.138892,CCnCTo433SVP0WFMGg,10.0.2.15,57648,95.101.244.223,443,TLSv12,TLS_ECDHE_RSA_WITH_AES_256_GCM_SHA384,secp256r1,s7d9.scene7.com,False,True,CsxknGIti,"['ae9db2764bf3566e5edb5520577e0d472865a8f5af3cc010d157b8d8bfe84f6e', 'eae72eb454bf6c3977ebd289e970b2f5282949190093d0d26f98d0f0d6a9cf17']",[],1.0,0ffee3ba8e615ad22535e7f771690a28,2b33c1374db4ddf06942f92373c0b54b,http/1.1,,5509.852807,10.0.2.15,57648,95.101.244.223,443,tcp,258.864697,8865.0,610058.0,SF,True,False,0,ShADadTTFfRr,322,21770,709,638422,ssl,0
5512.514276,Cc0qCn2ftKcFODyvsc,10.0.2.15,57653,216.137.61.134,443,TLSv12,TLS_ECDHE_RSA_WITH_AES_128_GCM_SHA256,secp256r1,d2vxgxvhgubbj8.cloudfront.net,False,True,CsxuknGIti,"['90c0937808b31877df6c4a5c743c99325d974624be3735faa5078cf73d4fd205', 'eae72eb454bf6c3977ebd289e970b2f5282949190093d0d26f98d0f0d6a9cf17']",[],1.0,0ffee3ba8e615ad22535e7f771690a28,76cc3e2d3028143b23ec18e27dbd7ca9,http/1.1,,5510.616244,10.0.2.15,57653,216.137.61.134,443,tcp,7.8260879999998,363.0,5199.0,SF,True,False,0,ShADadFf,11,811,13,5723,ssl,0
5513.943518,CIZOhC1lRA28kkb1S7,10.0.2.15,57654,104.16.124.228,443,TLSv12,TLS_ECDHE_ECDSA_WITH_AES_128_GCM_SHA256,secp256r1,c.go-mpulse.net,False,True,CsxuknGIti,"['d349ae445e7b0cf4c23dfcb3872fe5d08d7411fea3d3cb9dfc93269fa0934ee8', 'cd6c108a0e641f2ca122aaa6d03f826759cae7c6f800eabf76dc48b67cd083ce', '9573862ac0b4b125168810ea3fd101ae2eb0bb15f61fc0e6da7a2a38b85a89e8']",[],1.0,0ffee3ba8e615ad22535e7f771690a28,7d3eb4120cd50e889bcd3f3783be0f82,http/1.1,,5511.619464,10.0.2.15,57654,104.16.124.228,443,tcp,174.82675199999994,1987.0,48184.0,SF,True,False,0,ShADadTTFf,47,3891,71,51028,ssl,0
5514.188751,CnTbZY2O5Vd2tyulz9,10.0.2.15,57655,104.16.124.228,443,TLSv12,TLS_ECDHE_ECDSA_WITH_AES_128_GCM_SHA256,secp256r1,c.go-mpulse.net,False,True,CsxuknGIti,"['d349ae445e7b0cf4c23dfcb3872fe5d08d7411fea3d3cb9dfc93269fa0934ee8', 'cd6c108a0e641f2ca122aaa6d03f826759cae7c6f800eabf76dc48b67cd083ce', '9573862ac0b4b125168810ea3fd101ae2eb0bb15f61fc0e6da7a2a38b85a89e8']",[],1.0,0ffee3ba8e615ad22535e7f771690a28,7d3eb4120cd50e889bcd3f3783be0f82,http/1.1,,5512.330441,10.0.2.15,57655,104.16.124.228,443,tcp,10.4090470000001,349.0,3758.0,SF,True,False,0,ShADadFf,10,757,10,4162,ssl,0
5514.212572,CXxLMu3T9izTQ4w2Gl,10.0.2.15,57661,104.16.124.228,443,TLSv12,TLS_ECDHE_ECDSA_WITH_AES_128_GCM_SHA256,secp256r1,c.go-mpulse.net,False,True,CsxuknGIti,"['d349ae445e7b0cf4c23dfcb3872fe5d08d7411fea3d3cb9dfc93269fa0934ee8', 'cd6c108a0e641f2ca122aaa6d03f826759cae7c6f800eabf76dc48b67cd083ce', '9573862ac0b4b125168810ea3fd101ae2eb0bb15f61fc0e6da7a2a38b85a89e8']",[],1.0,0ffee3ba8e615ad22535e7f771690a28,7d3eb4120cd50e889bcd3f3783be0f82,http/1.1,,5513.520612,10.0.2.15,57661,104.16.124.228,443,tcp,9.218847000000096,349.0,3758.0,SF,True,False,0,ShADadFf,10,757,11,4202,ssl,0
5516.865648,CCEqGF3ZAlu3oojrJd,10.0.2.15,57664,95.101.244.223,443,TLSv12,TLS_ECDHE_RSA_WITH_AES_256_GCM_SHA384,,s7d9.scene7.com,True,True,CsiI,,,,1a5fe5677b0e4fbbc854e8908225637d,410b9bedaf65dd26c6fe547154d60db4,http/1.1,,5516.348311,10.0.2.15,57664,95.101.244.223,443,tcp,252.411787,8216.0,524394.0,SF,True,False,0,ShADadWTTFfRr,256,18482,606,548638,ssl,0
5522.366464,C5edv11pifNClHpKF4,10.0.2.15,57666,172.217.23.238,443,TLSv12,TLS_ECDHE_RSA_WITH_AES_128_GCM_SHA256,,www.google-analytics.com,True,True,CsiI,,,,1a5fe5677b0e4fbbc854e8908225637d,67619a80665d7ab92d1041b1d11f9164,h2,,5522.194986,10.0.2.15,57666,172.217.23.238,443,tcp,395.94499899999937,8052.0,5133.0,SF,True,False,0,ShADadFf,57,10340,70,7937,ssl,0
5522.363327,CO0Wxb9TPxhz2j5S2,10.0.2.15,57667,178.79.243.27,443,TLSv12,TLS_ECDHE_RSA_WITH_AES_256_GCM_SHA384,secp256r1,www.monster.com,False,True,CsxknGIti,"['466807bd132705acb0ec268e95b7ee7a5186d0abc0c68eaafc781487d237c34d', '403e062a2653059113285baf80a0d4ae422c848c9f78fad01fc94bc5b87fef1a']",[],1.0,0ffee3ba8e615ad22535e7f771690a28,2b33c1374db4ddf06942f92373c0b54b,http/1.1,,5522.204828,10.0.2.15,57667,178.79.243.27,443,tcp,101.2309320000004,1354.0,15508.0,SF,True,False,0,ShADadTfF,26,2410,32,16792,ssl,0
5522.369358,C4qg7y1GaYyiXJjeZ9,10.0.2.15,57665,178.79.243.27,443,TLSv12,TLS_ECDHE_RSA_WITH_AES_256_GCM_SHA384,secp256r1,www.monster.com,False,True,CsxknGIti,"['466807bd132705acb0ec268e95b7ee7a5186d0abc0c68eaafc781487d237c34d', '403e062a2653059113285baf80a0d4ae422c848c9f78fad01fc94bc5b87fef1a']",[],1.0,0ffee3ba8e615ad22535e7f771690a28,2b33c1374db4ddf06942f92373c0b54b,http/1.1,,5522.191995,10.0.2.15,57665,178.79.243.27,443,tcp,6.784241999999722,349.0,4472.0,SF,True,False,0,ShADadFf,10,757,11,4916,ssl,0
5526.219177,C79spA6kuSLy5tyyj,10.0.2.15,57673,34.205.238.250,443,TLSv12,TLS_ECDHE_RSA_WITH_AES_128_GCM_SHA256,secp256r1,mct.rkdms.com,False,True,CsxknGIi,"['851471f71a0beee2db774f0761f29528655542b48f4fa392e6cd1c439ed73acd', '3b0cc20384ad7f24eb438f2b80c63ebe003f7f215b8877e418ebb0484028db57', '6b143c2005d5539cc22eab5f772db2a9fe87467feffa07fcf0a9f7d28274ca7a']",[],1.0,0ffee3ba8e615ad22535e7f771690a28,303951d4c50efb2e991652225a6f02b1,,,5524.249585,10.0.2.15,57673,34.205.238.250,443,tcp,68.41732000000047,710.0,4872.0,SF,True,False,0,ShADadTFf,19,1484,21,5716,ssl,0
5526.2237,Cmg78e3oBnukjmCpU9,10.0.2.15,57671,34.205.238.250,443,TLSv12,TLS_ECDHE_RSA_WITH_AES_128_GCM_SHA256,secp256r1,mct.rkdms.com,False,True,CsxknGIi,"['851471f71a0beee2db774f0761f29528655542b48f4fa392e6cd1c439ed73acd', '3b0cc20384ad7f24eb438f2b80c63ebe003f7f215b8877e418ebb0484028db57', '6b143c2005d5539cc22eab5f772db2a9fe87467feffa07fcf0a9f7d28274ca7a']",[],1.0,0ffee3ba8e615ad22535e7f771690a28,303951d4c50efb2e991652225a6f02b1,,,5523.997211,10.0.2.15,57671,34.205.238.250,443,tcp,10.544528000000357,347.0,4394.0,RSTO,True,False,0,ShADadFR,11,795,13,4918,ssl,0
5526.75324,CPuq7q1x1xkLBJMXkj,10.0.2.15,57672,34.205.238.250,443,TLSv12,TLS_ECDHE_RSA_WITH_AES_128_GCM_SHA256,secp256r1,mct.rkdms.com,False,True,CsxknGIi,"['851471f71a0beee2db774f0761f29528655542b48f4fa392e6cd1c439ed73acd', '3b0cc20384ad7f24eb438f2b80c63ebe003f7f215b8877e418ebb0484028db57', '6b143c2005d5539cc22eab5f772db2a9fe87467feffa07fcf0a9f7d28274ca7a']",[],1.0,0ffee3ba8e615ad22535e7f771690a28,303951d4c50efb2e991652225a6f02b1,,,5523.998025,10.0.2.15,57672,34.205.238.250,443,tcp,11.43592499999977,347.0,4394.0,SF,True,False,0,ShADadFfRr,12,835,14,4958,ssl,0
5529.192522,CaH8p13nw1iBvqYRzl,10.0.2.15,57677,23.74.164.223,443,TLSv12,TLS_ECDHE_RSA_WITH_AES_256_GCM_SHA384,secp256r1,static.atgsvcs.com,False,True,CsxknGIti,"['4d9de90f3fc7244e6b9f0e984ad01f75276b2b29a55587fdde0c2141032eb1ac', 'eae72eb454bf6c3977ebd289e970b2f5282949190093d0d26f98d0f0d6a9cf17', '8420dfbe376f414bf4c0a81e6936d24ccc03f304835b86c7a39142fca723a689']",[],1.0,0ffee3ba8e615ad22535e7f771690a28,2b33c1374db4ddf06942f92373c0b54b,http/1.1,,5528.466866,10.0.2.15,57677,23.74.164.223,443,tcp,133.75907600000028,667.0,34491.0,SF,True,False,0,ShADadTTFf,32,1967,46,36335,ssl,0
5529.204675,CQdCOX2YGlWwSy9gL9,10.0.2.15,57675,23.74.164.223,443,TLSv12,TLS_ECDHE_RSA_WITH_AES_256_GCM_SHA384,secp256r1,static.atgsvcs.com,False,True,CsxknGIti,"['4d9de90f3fc7244e6b9f0e984ad01f75276b2b29a55587fdde0c2141032eb1ac', 'eae72eb454bf6c3977ebd289e970b2f5282949190093d0d26f98d0f0d6a9cf17', '8420dfbe376f414bf4c0a81e6936d24ccc03f304835b86c7a39142fca723a689']",[],1.0,0ffee3ba8e615ad22535e7f771690a28,2b33c1374db4ddf06942f92373c0b54b,http/1.1,,5528.46394,10.0.2.15,57675,23.74.164.223,443,tcp,9.474733000000017,352.0,4820.0,SF,True,False,0,ShADadFRfr,11,800,15,5424,ssl,0
5529.215328,C5EBnWYPGHp3OzuRc,10.0.2.15,57674,172.217.23.200,443,TLSv12,TLS_ECDHE_RSA_WITH_AES_128_GCM_SHA256,x25519,ssl.google-analytics.com,False,True,CsxknGIti,"['31ed45c3400fc5f9a84dfaa0a6f6171369876ed4e2da669ee7f8edbe3593bf6b', '9f630426df1d8abfd80ace98871ba833ab9742cb34838de2b5285ed54c0c7dcc', '3c35cc963eb004451323d3275d05b353235053490d9cd83729a2faf5e7ca1cc0']",[],1.0,0ffee3ba8e615ad22535e7f771690a28,ab41313cfec25328b20865eb1388e0a2,h2,,5528.461097,10.0.2.15,57674,172.217.23.200,443,tcp,193.195103,6374.0,30893.0,SF,True,False,0,ShADadFf,51,8422,74,33857,ssl,0
5532.623089,CHGvoBRIbcpRwQO2g,10.0.2.15,57683,23.74.164.223,443,TLSv12,TLS_ECDHE_RSA_WITH_AES_256_GCM_SHA384,secp256r1,static.atgsvcs.com,False,True,CsxknGIti,"['4d9de90f3fc7244e6b9f0e984ad01f75276b2b29a55587fdde0c2141032eb1ac', 'eae72eb454bf6c3977ebd289e970b2f5282949190093d0d26f98d0f0d6a9cf17', '8420dfbe376f414bf4c0a81e6936d24ccc03f304835b86c7a39142fca723a689']",[],1.0,0ffee3ba8e615ad22535e7f771690a28,2b33c1374db4ddf06942f92373c0b54b,http/1.1,,5529.860258,10.0.2.15,57683,23.74.164.223,443,tcp,9.041269000000284,352.0,4820.0,SF,True,False,0,ShADadFfRr,11,800,14,5384,ssl,0
5540.439126,Cluvc91SFZIPT6ddDd,10.0.2.15,57692,63.140.41.190,443,TLSv12,TLS_ECDHE_RSA_WITH_AES_256_GCM_SHA384,secp256r1,smetrics.bedbathandbeyond.com,False,True,CsxknGIi,"['e831668a0792f55961a634cda53d7de51e41791754c66cfd68af81d7a959c8a2', '19400be5b7a31fb733917700789d2f0a2471c0c9d506c0e504c06c16d7cb17c0']",[],1.0,0ffee3ba8e615ad22535e7f771690a28,959bfcf87532cbff1253e80a4ee81308,,,5540.14535,10.0.2.15,57692,63.140.41.190,443,tcp,6.980462000000443,3255.0,3825.0,SF,True,False,0,ShADadFf,12,3743,16,4469,ssl,0
5539.43407,CszIKo4sYEAErimBZ5,10.0.2.15,57691,74.91.8.26,443,TLSv12,TLS_RSA_WITH_AES_128_CBC_SHA,,services.borderfree.com,False,True,CsxnGIi,"['eb8f2bab1bd210b71ea95bdfb0759bfb1e00d2126a5f0f70bdf85d5622f6c6e6', '973a41276ffd01e027a2aad49e34c37846d3e976ff6a620b6712e33832041aa6', '3a2fbe92891e57fe05d57087f48e730f17e5a5f53ef403d618e5b74d7a7e6ecb', 'c3846bf24b9e93ca64274c0ec67c1ecc5e024ffcacd2d74019350e81fe546ae4']",[],1.0,0ffee3ba8e615ad22535e7f771690a28,5dcc087b1a1d0a5b0658981a7e8b2c3c,,,5537.811146,10.0.2.15,57691,74.91.8.26,443,tcp,26.152140000000145,984.0,8829.0,SF,True,False,0,ShADadTfF,19,1754,23,9753,ssl,0
5540.438321,CHJYYq4IGw2mOnVQUf,10.0.2.15,57693,63.140.41.190,443,TLSv12,TLS_ECDHE_RSA_WITH_AES_256_GCM_SHA384,secp256r1,smetrics.bedbathandbeyond.com,False,True,CsxknGIi,"['e831668a0792f55961a634cda53d7de51e41791754c66cfd68af81d7a959c8a2', '19400be5b7a31fb733917700789d2f0a2471c0c9d506c0e504c06c16d7cb17c0']",[],1.0,0ffee3ba8e615ad22535e7f771690a28,959bfcf87532cbff1253e80a4ee81308,,,5540.146449,10.0.2.15,57693,63.140.41.190,443,tcp,25.104103000000578,2439.0,4524.0,SF,True,False,0,ShADadTFf,15,3049,18,5248,ssl,0
5540.668779,CHdcJb1vBGg9uNRfcb,10.0.2.15,57695,172.217.23.225,443,TLSv12,TLS_ECDHE_RSA_WITH_AES_128_GCM_SHA256,,tpc.googlesyndication.com,True,True,CsiI,,,,1a5fe5677b0e4fbbc854e8908225637d,67619a80665d7ab92d1041b1d11f9164,h2,,5540.445715,10.0.2.15,57695,172.217.23.225,443,tcp,623.2909669999999,2979.0,679119.0,SF,True,False,0,ShADadFf,243,12707,678,706243,ssl,0
5540.815319,CcQkye3TjceERQ4IJd,10.0.2.15,57694,129.152.38.64,443,TLSv12,TLS_ECDHE_RSA_WITH_AES_256_GCM_SHA384,secp256r1,bedbathandbeyond.custhelp.com,False,True,CsxknGIi,"['2efaba9fbe81c13e9637ebc157dd97286a75dcefc19fa16511e203edc676163a', 'eae72eb454bf6c3977ebd289e970b2f5282949190093d0d26f98d0f0d6a9cf17', '8420dfbe376f414bf4c0a81e6936d24ccc03f304835b86c7a39142fca723a689']",[],1.0,0ffee3ba8e615ad22535e7f771690a28,959bfcf87532cbff1253e80a4ee81308,,,5540.445064,10.0.2.15,57694,129.152.38.64,443,tcp,8.285815000000184,363.0,4748.0,SF,True,False,0,ShADadFf,12,851,15,5352,ssl,0
5540.813396,C9b4d34jCSloWkQ2fi,10.0.2.15,57696,129.152.38.64,443,TLSv12,TLS_ECDHE_RSA_WITH_AES_256_GCM_SHA384,secp256r1,bedbathandbeyond.custhelp.com,False,True,CsxknGIi,"['2efaba9fbe81c13e9637ebc157dd97286a75dcefc19fa16511e203edc676163a', 'eae72eb454bf6c3977ebd289e970b2f5282949190093d0d26f98d0f0d6a9cf17', '8420dfbe376f414bf4c0a81e6936d24ccc03f304835b86c7a39142fca723a689']",[],1.0,0ffee3ba8e615ad22535e7f771690a28,959bfcf87532cbff1253e80a4ee81308,,,5540.446772,10.0.2.15,57696,129.152.38.64,443,tcp,24.986649999999827,1035.0,10335.0,SF,True,False,0,ShADadTFf,21,1884,28,11459,ssl,0
5544.768889,CnTuC13Ly4kH1xcnJi,10.0.2.15,57705,74.125.206.154,443,TLSv12,TLS_ECDHE_RSA_WITH_AES_128_GCM_SHA256,,stats.g.doubleclick.net,True,True,CsiI,,,,1a5fe5677b0e4fbbc854e8908225637d,67619a80665d7ab92d1041b1d11f9164,h2,,5543.658084,10.0.2.15,57705,74.125.206.154,443,tcp,3.542660000000069,1264.0,688.0,SF,True,False,0,ShADadFf,14,1832,17,1372,ssl,0
5543.644162,CICiqQTHmgH6tA844,10.0.2.15,57703,69.43.132.198,443,TLSv12,TLS_ECDHE_RSA_WITH_AES_256_GCM_SHA384,secp256r1,www.res-x.com,False,True,CsxknGIi,"['d33c65f3770723c7191857ec527c8884faedef09bdd7f12a8e6dff0642c673ec', '19400be5b7a31fb733917700789d2f0a2471c0c9d506c0e504c06c16d7cb17c0', '7431e5f4c3c1ce4690774f0b61e05440883ba9a01ed00ba6abd7806ed3b118cf']",[],1.0,0ffee3ba8e615ad22535e7f771690a28,fd478200de5839a3178b3d0372295909,,,5542.646234,10.0.2.15,57703,69.43.132.198,443,tcp,4.675775000000613,316.0,4039.0,SF,True,False,0,ShADadFf,10,724,11,4483,ssl,0
5543.652113,CgSy5GFamhlEnQ2Nf,10.0.2.15,57702,69.43.132.198,443,TLSv12,TLS_ECDHE_RSA_WITH_AES_256_GCM_SHA384,secp256r1,www.res-x.com,False,True,CsxknGIi,"['d33c65f3770723c7191857ec527c8884faedef09bdd7f12a8e6dff0642c673ec', '19400be5b7a31fb733917700789d2f0a2471c0c9d506c0e504c06c16d7cb17c0', '7431e5f4c3c1ce4690774f0b61e05440883ba9a01ed00ba6abd7806ed3b118cf']",[],1.0,0ffee3ba8e615ad22535e7f771690a28,fd478200de5839a3178b3d0372295909,,,5542.139984,10.0.2.15,57702,69.43.132.198,443,tcp,10.57234199999948,347.0,4039.0,SF,True,False,0,ShADadFf,11,795,13,4563,ssl,0
5544.772375,CCbxw745Ku6312jesb,10.0.2.15,57704,104.16.67.157,443,TLSv12,TLS_ECDHE_ECDSA_WITH_AES_128_GCM_SHA256,secp256r1,36c3f470.mpstat.us,False,True,CsxuknGIti,"['766129b439d4ec73f5e99ff044a704432430ae79353dde3a02e8f7661cf3fb31', 'cd6c108a0e641f2ca122aaa6d03f826759cae7c6f800eabf76dc48b67cd083ce', '9573862ac0b4b125168810ea3fd101ae2eb0bb15f61fc0e6da7a2a38b85a89e8']",[],1.0,0ffee3ba8e615ad22535e7f771690a28,7d3eb4120cd50e889bcd3f3783be0f82,http/1.1,,5543.656092,10.0.2.15,57704,104.16.67.157,443,tcp,3.383410999999796,1962.0,4017.0,SF,True,False,0,ShADadFf,12,2450,15,4621,ssl,0
5549.007112,CI1eu32IIa7iiKPhB3,10.0.2.15,57708,172.227.86.221,443,TLSv12,TLS_ECDHE_RSA_WITH_AES_256_GCM_SHA384,,www.bedbathandbeyond.com,True,True,CsiI,,,,1a5fe5677b0e4fbbc854e8908225637d,410b9bedaf65dd26c6fe547154d60db4,h2,,5548.715922,10.0.2.15,57708,172.227.86.221,443,tcp,308.0476499999995,87313.0,515980.0,SF,True,False,0,ShADadFfRr,353,101441,690,543584,ssl,0
5549.004676,CRcMbv3enQSrlmYEaf,10.0.2.15,57709,95.101.241.136,443,TLSv12,TLS_ECDHE_RSA_WITH_AES_256_GCM_SHA384,,cdn.optimizely.com,True,True,CsiI,,,,1a5fe5677b0e4fbbc854e8908225637d,410b9bedaf65dd26c6fe547154d60db4,h2,,5548.717101,10.0.2.15,57709,95.101.241.136,443,tcp,196.31235800000013,1235.0,63483.0,SF,True,False,0,ShADadFfRr,36,2683,76,66527,ssl,0
5549.002066,CXQaxf3ZcSo4RU68T7,10.0.2.15,57710,23.65.214.16,443,TLSv12,TLS_ECDHE_RSA_WITH_AES_256_GCM_SHA384,secp256r1,embassy.fiftyone.com,False,True,CsxknGIti,"['cccaca69daffde392adb13ac74265de0778ed9449d931228cf33052dce687332', '074541ecdf88ed992ed5ade3ecddef27a26ba1b44480a195c0a8dadae2521d8e']",[],1.0,0ffee3ba8e615ad22535e7f771690a28,2b33c1374db4ddf06942f92373c0b54b,http/1.1,,5548.718678,10.0.2.15,57710,23.65.214.16,443,tcp,132.00129199999992,1104.0,8925.0,SF,True,False,0,ShADadTTFfRr,28,2244,33,10249,ssl,0
5549.220562,CRLAVE49o2yEj38Lmf,10.0.2.15,57713,104.16.67.157,443,TLSv12,TLS_ECDHE_ECDSA_WITH_AES_128_GCM_SHA256,secp256r1,36c3f470.mpstat.us,False,True,CsxuknGIti,"['766129b439d4ec73f5e99ff044a704432430ae79353dde3a02e8f7661cf3fb31', 'cd6c108a0e641f2ca122aaa6d03f826759cae7c6f800eabf76dc48b67cd083ce', '9573862ac0b4b125168810ea3fd101ae2eb0bb15f61fc0e6da7a2a38b85a89e8']",[],1.0,0ffee3ba8e615ad22535e7f771690a28,7d3eb4120cd50e889bcd3f3783be0f82,http/1.1,,5548.826848,10.0.2.15,57713,104.16.67.157,443,tcp,229.87554499999987,22970.0,4744.0,SF,True,False,0,ShADadTTFf,50,24998,51,6788,ssl,0
5549.221947,CYW3bH1PAq4QFB8RDh,10.0.2.15,57712,104.16.67.157,443,TLSv12,TLS_ECDHE_ECDSA_WITH_AES_128_GCM_SHA256,secp256r1,36c3f470.mpstat.us,False,True,CsxuknGIti,"['766129b439d4ec73f5e99ff044a704432430ae79353dde3a02e8f7661cf3fb31', 'cd6c108a0e641f2ca122aaa6d03f826759cae7c6f800eabf76dc48b67cd083ce', '9573862ac0b4b125168810ea3fd101ae2eb0bb15f61fc0e6da7a2a38b85a89e8']",[],1.0,0ffee3ba8e615ad22535e7f771690a28,7d3eb4120cd50e889bcd3f3783be0f82,http/1.1,,5548.823687,10.0.2.15,57712,104.16.67.157,443,tcp,11.12884699999995,352.0,3749.0,SF,True,False,0,ShADadTFf,11,801,12,4233,ssl,0
5549.222815,CQLvoE3XpYi6oqLKNi,10.0.2.15,57711,23.65.214.16,443,TLSv12,TLS_ECDHE_RSA_WITH_AES_256_GCM_SHA384,secp256r1,embassy.fiftyone.com,False,True,CsxknGIti,"['cccaca69daffde392adb13ac74265de0778ed9449d931228cf33052dce687332', '074541ecdf88ed992ed5ade3ecddef27a26ba1b44480a195c0a8dadae2521d8e']",[],1.0,0ffee3ba8e615ad22535e7f771690a28,2b33c1374db4ddf06942f92373c0b54b,http/1.1,,5548.822731,10.0.2.15,57711,23.65.214.16,443,tcp,6.839888999999857,354.0,4608.0,SF,True,False,0,ShADadFfRr,11,802,13,5132,ssl,0
5549.242988,CzUIAo2OKXT5TkxUn,10.0.2.15,57714,178.79.242.189,443,TLSv12,TLS_ECDHE_RSA_WITH_AES_256_GCM_SHA384,secp256r1,js-seeker.newjobs.com,False,True,CsxknGIti,"['af59decf66ee6816e2145c57285353af5baad33f656e4257d77f9949048d491b', '154c433c491929c5ef686e838e323664a00e6a0d822ccc958fb4dab03e49a08f']",[],1.0,0ffee3ba8e615ad22535e7f771690a28,2b33c1374db4ddf06942f92373c0b54b,http/1.1,,5548.829943,10.0.2.15,57714,178.79.242.189,443,tcp,79.11026000000038,694.0,58780.0,SF,True,False,0,ShADadTfF,57,2989,93,62504,ssl,0
5549.243802,CFk9xi4x2CijD0YKIe,10.0.2.15,57726,178.79.242.189,443,TLSv12,TLS_ECDHE_RSA_WITH_AES_256_GCM_SHA384,secp256r1,media.newjobs.com,False,True,CsxknGIti,"['af59decf66ee6816e2145c57285353af5baad33f656e4257d77f9949048d491b', '154c433c491929c5ef686e838e323664a00e6a0d822ccc958fb4dab03e49a08f']",[],1.0,0ffee3ba8e615ad22535e7f771690a28,2b33c1374db4ddf06942f92373c0b54b,http/1.1,,5548.841263,10.0.2.15,57726,178.79.242.189,443,tcp,106.59797100000014,1714.0,38363.0,SF,True,False,0,ShADadTfF,45,3530,68,41087,ssl,0
5549.24442,CdUfPo1TLk0GYLxZZh,10.0.2.15,57725,178.79.242.189,443,TLSv12,TLS_ECDHE_RSA_WITH_AES_256_GCM_SHA384,secp256r1,js-seeker.newjobs.com,False,True,CsxknGIti,"['af59decf66ee6816e2145c57285353af5baad33f656e4257d77f9949048d491b', '154c433c491929c5ef686e838e323664a00e6a0d822ccc958fb4dab03e49a08f']",[],1.0,0ffee3ba8e615ad22535e7f771690a28,2b33c1374db4ddf06942f92373c0b54b,http/1.1,,5548.840294,10.0.2.15,57725,178.79.242.189,443,tcp,79.09675200000038,702.0,17031.0,SF,True,False,0,ShADadTfF,28,1837,38,18555,ssl,0
5549.245207,COjnPc2QmzF03N9TSh,10.0.2.15,57724,178.79.242.189,443,TLSv12,TLS_ECDHE_RSA_WITH_AES_256_GCM_SHA384,secp256r1,js-seeker.newjobs.com,False,True,CsxknGIti,"['af59decf66ee6816e2145c57285353af5baad33f656e4257d77f9949048d491b', '154c433c491929c5ef686e838e323664a00e6a0d822ccc958fb4dab03e49a08f']",[],1.0,0ffee3ba8e615ad22535e7f771690a28,2b33c1374db4ddf06942f92373c0b54b,http/1.1,,5548.839614,10.0.2.15,57724,178.79.242.189,443,tcp,83.97473499999978,693.0,19582.0,SF,True,False,0,ShADadTfF,28,1828,41,21226,ssl,0
5549.24697,C9zUox2bmXzMrI52si,10.0.2.15,57723,52.58.158.88,443,TLSv12,TLS_ECDHE_RSA_WITH_AES_128_GCM_SHA256,secp256r1,nexus.ensighten.com,False,True,CsxuknGIti,"['5fb5994638f535624889e2aa6260f51577963498d17ec00206936fa84169d21f', 'e0898ad662474b9f753c79bea878031c9a5d634a49edd6310b960ab023c02c0e']",[],1.0,0ffee3ba8e615ad22535e7f771690a28,0c0aff9ccea5e7e1de5c3a0069d103f3,,,5548.838266,10.0.2.15,57723,52.58.158.88,443,tcp,18.87072100000023,716.0,39808.0,SF,True,False,0,ShADadTfF,37,2205,59,42172,ssl,0
5549.248394,CUWx362nqVVQkF6o0b,10.0.2.15,57722,178.79.242.189,443,TLSv12,TLS_ECDHE_RSA_WITH_AES_256_GCM_SHA384,secp256r1,media.newjobs.com,False,True,CsxknGIti,"['af59decf66ee6816e2145c57285353af5baad33f656e4257d77f9949048d491b', '154c433c491929c5ef686e838e323664a00e6a0d822ccc958fb4dab03e49a08f']",[],1.0,0ffee3ba8e615ad22535e7f771690a28,2b33c1374db4ddf06942f92373c0b54b,http/1.1,,5548.837403,10.0.2.15,57722,178.79.242.189,443,tcp,107.26182699999936,2198.0,61260.0,SF,True,False,0,ShADadTfF,60,4614,100,65264,ssl,0
5549.25221,C6BHXC28OA9ELhA4ti,10.0.2.15,57721,178.79.242.189,443,TLSv12,TLS_ECDHE_RSA_WITH_AES_256_GCM_SHA384,secp256r1,js-seeker.newjobs.com,False,True,CsxknGIti,"['af59decf66ee6816e2145c57285353af5baad33f656e4257d77f9949048d491b', '154c433c491929c5ef686e838e323664a00e6a0d822ccc958fb4dab03e49a08f']",[],1.0,0ffee3ba8e615ad22535e7f771690a28,2b33c1374db4ddf06942f92373c0b54b,http/1.1,,5548.836897,10.0.2.15,57721,178.79.242.189,443,tcp,79.09623800000008,702.0,8799.0,SF,True,False,0,ShADadTfF,20,1517,23,9723,ssl,0
5549.258072,C10Ay42ZS4W5JTeLNk,10.0.2.15,57720,178.79.242.189,443,TLSv12,TLS_ECDHE_RSA_WITH_AES_256_GCM_SHA384,secp256r1,js-seeker.newjobs.com,False,True,CsxknGIti,"['af59decf66ee6816e2145c57285353af5baad33f656e4257d77f9949048d491b', '154c433c491929c5ef686e838e323664a00e6a0d822ccc958fb4dab03e49a08f']",[],1.0,0ffee3ba8e615ad22535e7f771690a28,2b33c1374db4ddf06942f92373c0b54b,http/1.1,,5548.836193,10.0.2.15,57720,178.79.242.189,443,tcp,79.10994599999958,684.0,65110.0,SF,True,False,0,ShADadTfF,54,2859,85,68514,ssl,0
5549.286842,C2KAag3idiCVnWMfs,10.0.2.15,57715,198.232.125.123,443,TLSv12,TLS_ECDHE_RSA_WITH_AES_128_GCM_SHA256,secp256r1,maxcdn.bootstrapcdn.com,False,True,CsxknGIti,"['dc5627a252c252d6d6f680d52001ccf439f2ff2633c9f766d6d5ab6e85ee6433', 'e6683e88315cd1cb403c0cea490f7c4b4c82c91cd485037489aadbaa90839f61']",[],1.0,0ffee3ba8e615ad22535e7f771690a28,8d2a028aa94425f76ced7826b1f39039,h2,,5548.830899,10.0.2.15,57715,198.232.125.123,443,tcp,209.96481700000004,973.0,27023.0,SF,True,False,0,ShADadFf,37,2461,54,29187,ssl,0
5549.276297,CDB611ppoTbhonBX6,10.0.2.15,57717,104.19.192.102,443,TLSv12,TLS_ECDHE_ECDSA_WITH_AES_128_GCM_SHA256,secp256r1,cdnjs.cloudflare.com,False,True,CsxuknGIti,"['288a62410b9a17d44ccccf0ca447daaee0f3c7bcd3e0cb6d4f24ef85d2dbfdd0', 'cd6c108a0e641f2ca122aaa6d03f826759cae7c6f800eabf76dc48b67cd083ce', '9573862ac0b4b125168810ea3fd101ae2eb0bb15f61fc0e6da7a2a38b85a89e8']",[],1.0,0ffee3ba8e615ad22535e7f771690a28,7d3eb4120cd50e889bcd3f3783be0f82,h2,,5548.833408,10.0.2.15,57717,104.19.192.102,443,tcp,202.68000399999983,1287.0,34210.0,SF,True,False,0,ShADadFf,36,2735,51,36254,ssl,0
5549.265333,CJWNot1GjVgaAEIU2d,10.0.2.15,57719,172.217.23.234,443,TLSv12,TLS_ECDHE_RSA_WITH_AES_128_GCM_SHA256,x25519,fonts.googleapis.com,False,True,CsxknGIti,"['0ca616f3b5a49ded9af60777a33ae7119bfd6de6a815dbee0b64d5d69491aa06', '9f630426df1d8abfd80ace98871ba833ab9742cb34838de2b5285ed54c0c7dcc', '3c35cc963eb004451323d3275d05b353235053490d9cd83729a2faf5e7ca1cc0']",[],1.0,0ffee3ba8e615ad22535e7f771690a28,ab41313cfec25328b20865eb1388e0a2,h2,,5548.835631,10.0.2.15,57719,172.217.23.234,443,tcp,197.65682800000013,1028.0,5610.0,SF,True,False,0,ShADadFf,24,1996,27,6694,ssl,0
5549.28448,Ck5lBc4JUniZyYJtgb,10.0.2.15,57716,178.79.242.189,443,TLSv12,TLS_ECDHE_RSA_WITH_AES_256_GCM_SHA384,secp256r1,css-seeker.newjobs.com,False,True,CsxknGIti,"['af59decf66ee6816e2145c57285353af5baad33f656e4257d77f9949048d491b', '154c433c491929c5ef686e838e323664a00e6a0d822ccc958fb4dab03e49a08f']",[],1.0,0ffee3ba8e615ad22535e7f771690a28,2b33c1374db4ddf06942f92373c0b54b,http/1.1,,5548.831469,10.0.2.15,57716,178.79.242.189,443,tcp,79.09141799999998,719.0,13733.0,SF,True,False,0,ShADadTfF,23,1654,30,14937,ssl,0
5549.272203,CXtaEwNXz09A38uYk,10.0.2.15,57718,198.232.125.32,443,TLSv12,TLS_ECDHE_RSA_WITH_AES_128_GCM_SHA256,secp256r1,cdn.materialdesignicons.com,False,True,CsxknGIti,"['a7f0c92b2b6d56b2bfff60c31e96d64363f228e197438d5c3a01737555b10c15', '02ab57e4e67a0cb48dd2ff34830e8ac40f4476fb08ca6be3f5cd846f646840f0', '4f32d5dc00f715250abcc486511e37f501a899deb3bf7ea8adbbd3aef1c412da', '687fa451382278fff0c8b11f8d43d576671c6eb2bceab413fb83d965d06d2ff2']",[],1.0,0ffee3ba8e615ad22535e7f771690a28,b898351eb5e266aefd3723d466935494,h2,,5548.835134,10.0.2.15,57718,198.232.125.32,443,tcp,37.94720000000052,811.0,22177.0,SF,True,False,0,ShADadfF,25,1819,42,23861,ssl,0
5550.941525,CDzOk53DzACTMaXRN9,10.0.2.15,57727,95.100.187.88,443,TLSv12,TLS_ECDHE_RSA_WITH_AES_256_GCM_SHA384,secp256r1,b4efb31dd5035fdb45ad-ccea74058a1f1b46af18742c23fc9ba3.ssl.cf2.rackcdn.com,False,True,CsxknGIti,"['b018a3cc5fc6b930c2e9b0c33e773af673be5239f4d5a3119d620aabd977de46', 'eae72eb454bf6c3977ebd289e970b2f5282949190093d0d26f98d0f0d6a9cf17', '8420dfbe376f414bf4c0a81e6936d24ccc03f304835b86c7a39142fca723a689']",[],1.0,0ffee3ba8e615ad22535e7f771690a28,2b33c1374db4ddf06942f92373c0b54b,http/1.1,,5550.04582,10.0.2.15,57727,95.100.187.88,443,tcp,130.65757699999995,786.0,13387.0,SF,True,False,0,ShADadTTFfRr,30,2006,38,14911,ssl,0
5546.661737,CulCbvdh7gC0aO9A1,10.0.2.15,57706,104.16.67.157,443,TLSv12,TLS_ECDHE_ECDSA_WITH_AES_128_GCM_SHA256,,36c3f470.mpstat.us,True,False,Csi,,,,1a5fe5677b0e4fbbc854e8908225637d,96681175a9547081bf3d417f1a572091,http/1.1,,5543.884445,10.0.2.15,57706,104.16.67.157,443,tcp,3.257613000000674,517.0,152.0,RSTO,True,False,0,ShADadR,4,685,3,276,ssl,0
5546.653789,C6cyLeye6u2wYWx5b,10.0.2.15,57707,104.16.67.157,443,TLSv12,TLS_ECDHE_ECDSA_WITH_AES_128_GCM_SHA256,secp256r1,36c3f470.mpstat.us,False,False,Csxukn,"['766129b439d4ec73f5e99ff044a704432430ae79353dde3a02e8f7661cf3fb31', 'cd6c108a0e641f2ca122aaa6d03f826759cae7c6f800eabf76dc48b67cd083ce', '9573862ac0b4b125168810ea3fd101ae2eb0bb15f61fc0e6da7a2a38b85a89e8']",[],1.0,0ffee3ba8e615ad22535e7f771690a28,7d3eb4120cd50e889bcd3f3783be0f82,http/1.1,,5545.571337,10.0.2.15,57707,104.16.67.157,443,tcp,1.572564999999485,195.0,3491.0,RSTO,True,False,0,ShADadR,6,443,7,3775,ssl,0
5554.329969,Chjvgs2Rq1r9ojPSo,10.0.2.15,57728,23.65.214.16,443,TLSv12,TLS_ECDHE_RSA_WITH_AES_256_GCM_SHA384,,embassy.fiftyone.com,True,True,CsiI,,,,1a5fe5677b0e4fbbc854e8908225637d,410b9bedaf65dd26c6fe547154d60db4,http/1.1,,5552.577186,10.0.2.15,57728,23.65.214.16,443,tcp,128.14811699999973,945.0,1557.0,SF,True,False,0,ShADadTTFfRr,22,1845,23,2481,ssl,0
5560.38368,CTjCdJ10AafvaBPfui,10.0.2.15,57735,23.65.214.16,443,TLSv12,TLS_ECDHE_RSA_WITH_AES_256_GCM_SHA384,,embassy.fiftyone.com,True,True,CsiI,,,,1a5fe5677b0e4fbbc854e8908225637d,410b9bedaf65dd26c6fe547154d60db4,http/1.1,,5559.704277,10.0.2.15,57735,23.65.214.16,443,tcp,11.492643999999927,599.0,183.0,SF,True,False,0,ShADadTFfRr,9,968,10,587,ssl,0
5564.322889,CiAvCEMYPLzLNJpAl,10.0.2.15,57736,95.100.187.88,443,TLSv12,TLS_ECDHE_RSA_WITH_AES_256_GCM_SHA384,secp256r1,8f544770ae5b7cfb8345-6636004133269479b2733e2a336860f6.ssl.cf2.rackcdn.com,False,True,CsxknGIti,"['b018a3cc5fc6b930c2e9b0c33e773af673be5239f4d5a3119d620aabd977de46', 'eae72eb454bf6c3977ebd289e970b2f5282949190093d0d26f98d0f0d6a9cf17', '8420dfbe376f414bf4c0a81e6936d24ccc03f304835b86c7a39142fca723a689']",[],1.0,0ffee3ba8e615ad22535e7f771690a28,2b33c1374db4ddf06942f92373c0b54b,http/1.1,,5563.029062,10.0.2.15,57736,95.100.187.88,443,tcp,126.44007000000056,788.0,29385.0,SF,True,False,0,ShADadTTFRfr,41,2448,60,31789,ssl,0
5564.328847,CYngWP3L0QSUXcXkC7,10.0.2.15,57737,95.100.187.88,443,TLSv12,TLS_ECDHE_RSA_WITH_AES_256_GCM_SHA384,secp256r1,8f544770ae5b7cfb8345-6636004133269479b2733e2a336860f6.ssl.cf2.rackcdn.com,False,True,CsxknGIti,"['b018a3cc5fc6b930c2e9b0c33e773af673be5239f4d5a3119d620aabd977de46', 'eae72eb454bf6c3977ebd289e970b2f5282949190093d0d26f98d0f0d6a9cf17', '8420dfbe376f414bf4c0a81e6936d24ccc03f304835b86c7a39142fca723a689']",[],1.0,0ffee3ba8e615ad22535e7f771690a28,2b33c1374db4ddf06942f92373c0b54b,http/1.1,,5563.03001,10.0.2.15,57737,95.100.187.88,443,tcp,8.166856999999254,407.0,4904.0,SF,True,False,0,ShADadFfRr,11,855,14,5468,ssl,0
5567.081679,CsjYvg2iV9YLNiovCd,10.0.2.15,57740,66.117.29.34,443,TLSv12,TLS_ECDHE_RSA_WITH_AES_256_GCM_SHA384,secp256r1,newjobs.d1.sc.omtrdc.net,False,True,CsxknGIi,"['b84e4ccb9758991ad7a054db1409b506d49d0a04d43e27abd9477c5d335f2a08', '19400be5b7a31fb733917700789d2f0a2471c0c9d506c0e504c06c16d7cb17c0']",[],1.0,0ffee3ba8e615ad22535e7f771690a28,959bfcf87532cbff1253e80a4ee81308,,,5565.587602,10.0.2.15,57740,66.117.29.34,443,tcp,35.64743400000043,1891.0,4052.0,SF,True,False,0,ShADadTFf,15,2500,15,4656,ssl,0
5567.098391,CJyflK1PymzKDt178j,10.0.2.15,57741,66.117.29.6,443,TLSv12,TLS_ECDHE_RSA_WITH_AES_128_GCM_SHA256,secp256r1,monsterworldwide.tt.omtrdc.net,False,True,CsxknGIi,"['103723154140b34b0b1260e3e747cfd392b7d030a78cd15f43cb9807d28f42f5', '19400be5b7a31fb733917700789d2f0a2471c0c9d506c0e504c06c16d7cb17c0']",[],1.0,0ffee3ba8e615ad22535e7f771690a28,ae7f2b2d1bd496bc9ce111c0a9fa3597,h2,,5565.593842,10.0.2.15,57741,66.117.29.6,443,tcp,4.185699999999997,544.0,3279.0,RSTO,True,False,0,ShADadFR,12,1032,13,3803,ssl,0
5567.094724,C6JBYC3CJKWcUyw72d,10.0.2.15,57739,54.72.182.106,443,TLSv12,TLS_ECDHE_RSA_WITH_AES_128_GCM_SHA256,secp256r1,dpm.demdex.net,False,True,CsxknGIi,"['ab8f7b89fa3e472463832f1b07660350a24ba646789dce6dd09107fab1d86a12', '19400be5b7a31fb733917700789d2f0a2471c0c9d506c0e504c06c16d7cb17c0']",[],1.0,0ffee3ba8e615ad22535e7f771690a28,303951d4c50efb2e991652225a6f02b1,,,5565.179688,10.0.2.15,57739,54.72.182.106,443,tcp,69.05459400000018,2372.0,4740.0,SF,True,False,0,ShADadTFf,19,3146,21,5584,ssl,0
5567.095571,CqlemF1sI0afJaneOb,10.0.2.15,57738,54.72.182.106,443,TLSv12,TLS_ECDHE_RSA_WITH_AES_128_GCM_SHA256,secp256r1,dpm.demdex.net,False,True,CsxknGIi,"['ab8f7b89fa3e472463832f1b07660350a24ba646789dce6dd09107fab1d86a12', '19400be5b7a31fb733917700789d2f0a2471c0c9d506c0e504c06c16d7cb17c0']",[],1.0,0ffee3ba8e615ad22535e7f771690a28,303951d4c50efb2e991652225a6f02b1,,,5565.178298,10.0.2.15,57738,54.72.182.106,443,tcp,69.0624770000004,2418.0,4720.0,SF,True,False,0,ShADadTFf,18,3152,21,5564,ssl,0
5567.097161,CMNSqB2ri8fOsfqdCa,10.0.2.15,57742,54.72.182.106,443,TLSv12,TLS_ECDHE_RSA_WITH_AES_128_GCM_SHA256,secp256r1,dpm.demdex.net,False,True,CsxknGIi,"['ab8f7b89fa3e472463832f1b07660350a24ba646789dce6dd09107fab1d86a12', '19400be5b7a31fb733917700789d2f0a2471c0c9d506c0e504c06c16d7cb17c0']",[],1.0,0ffee3ba8e615ad22535e7f771690a28,303951d4c50efb2e991652225a6f02b1,,,5565.595082,10.0.2.15,57742,54.72.182.106,443,tcp,8.772227999999814,348.0,3143.0,RSTO,True,False,0,ShADadFR,10,756,10,3547,ssl,0
5569.011398,Cjwybby53pb7WbQi,10.0.2.15,57744,66.117.29.34,443,TLSv12,TLS_ECDHE_RSA_WITH_AES_256_GCM_SHA384,secp256r1,newjobs.d1.sc.omtrdc.net,False,True,CsxknGIi,"['b84e4ccb9758991ad7a054db1409b506d49d0a04d43e27abd9477c5d335f2a08', '19400be5b7a31fb733917700789d2f0a2471c0c9d506c0e504c06c16d7cb17c0']",[],1.0,0ffee3ba8e615ad22535e7f771690a28,959bfcf87532cbff1253e80a4ee81308,,,5568.263821,10.0.2.15,57744,66.117.29.34,443,tcp,7.805745999999999,358.0,3121.0,SF,True,False,0,ShADadFf,10,766,11,3565,ssl,0
5569.012818,Cs2QtC3fR9aa2g8Gr9,10.0.2.15,57743,66.117.29.6,443,TLSv12,TLS_ECDHE_RSA_WITH_AES_128_GCM_SHA256,secp256r1,monsterworldwide.tt.omtrdc.net,False,True,CsxknGIi,"['103723154140b34b0b1260e3e747cfd392b7d030a78cd15f43cb9807d28f42f5', '19400be5b7a31fb733917700789d2f0a2471c0c9d506c0e504c06c16d7cb17c0']",[],1.0,0ffee3ba8e615ad22535e7f771690a28,ae7f2b2d1bd496bc9ce111c0a9fa3597,h2,,5568.258591,10.0.2.15,57743,66.117.29.6,443,tcp,6.140284000000065,544.0,3279.0,RSTO,True,False,0,ShADadFR,11,992,12,3763,ssl,0
5576.060145,CKJd3v45nJI464mA1k,10.0.2.15,57749,63.140.41.190,443,TLSv12,TLS_ECDHE_RSA_WITH_AES_256_GCM_SHA384,,smetrics.bedbathandbeyond.com,True,True,CsiI,,,,0ffee3ba8e615ad22535e7f771690a28,959bfcf87532cbff1253e80a4ee81308,,,5575.566712,10.0.2.15,57749,63.140.41.190,443,tcp,20.348501999999822,6389.0,1483.0,SF,True,False,0,ShADadTFf,17,7078,17,2167,ssl,0
5576.058747,CBAzha4AjBTUr0O1v8,10.0.2.15,57750,129.152.38.64,443,TLSv12,TLS_ECDHE_RSA_WITH_AES_256_GCM_SHA384,,bedbathandbeyond.custhelp.com,True,True,CsiI,,,,0ffee3ba8e615ad22535e7f771690a28,959bfcf87532cbff1253e80a4ee81308,,,5575.569555,10.0.2.15,57750,129.152.38.64,443,tcp,9.642157999999654,320.0,155.0,SF,True,False,0,ShADadFf,8,648,8,479,ssl,0
5577.45905,Crk2DR2HGIvzg0DL7k,10.0.2.15,57751,52.58.158.88,443,TLSv12,TLS_ECDHE_RSA_WITH_AES_128_GCM_SHA256,secp256r1,nexus.ensighten.com,False,True,CsxuknGIti,"['5fb5994638f535624889e2aa6260f51577963498d17ec00206936fa84169d21f', 'e0898ad662474b9f753c79bea878031c9a5d634a49edd6310b960ab023c02c0e']",[],1.0,1a5fe5677b0e4fbbc854e8908225637d,0c0aff9ccea5e7e1de5c3a0069d103f3,,,5576.610746,10.0.2.15,57751,52.58.158.88,443,tcp,20.551164999999852,1930.0,8735.0,SF,True,False,0,ShADadTfF,17,2619,20,9539,ssl,0
5577.488591,Clc8LE3wq3y8sAkGsi,10.0.2.15,57752,52.58.158.88,443,TLSv12,TLS_ECDHE_RSA_WITH_AES_128_GCM_SHA256,secp256r1,nexus.ensighten.com,False,True,CsxuknGIti,"['5fb5994638f535624889e2aa6260f51577963498d17ec00206936fa84169d21f', 'e0898ad662474b9f753c79bea878031c9a5d634a49edd6310b960ab023c02c0e']",[],1.0,1a5fe5677b0e4fbbc854e8908225637d,0c0aff9ccea5e7e1de5c3a0069d103f3,,,5576.61295,10.0.2.15,57752,52.58.158.88,443,tcp,19.641742000000704,1877.0,7773.0,SF,True,False,0,ShADadTfF,17,2566,19,8537,ssl,0
5578.67127,CS9Fkl2YJcDpwVhNA9,10.0.2.15,57753,63.140.41.190,443,TLSv12,TLS_ECDHE_RSA_WITH_AES_256_GCM_SHA384,,smetrics.bedbathandbeyond.com,True,True,CsiI,,,,0ffee3ba8e615ad22535e7f771690a28,959bfcf87532cbff1253e80a4ee81308,,,5578.205427,10.0.2.15,57753,63.140.41.190,443,tcp,6.943678000000546,320.0,155.0,SF,True,False,0,ShADadFf,8,648,8,479,ssl,0
5578.674562,CAlIVQ3y0RN52AFLz2,10.0.2.15,57755,63.140.41.190,443,TLSv12,TLS_ECDHE_RSA_WITH_AES_256_GCM_SHA384,,smetrics.bedbathandbeyond.com,True,True,CsiI,,,,0ffee3ba8e615ad22535e7f771690a28,959bfcf87532cbff1253e80a4ee81308,,,5578.206483,10.0.2.15,57755,63.140.41.190,443,tcp,6.942595000000438,320.0,155.0,SF,True,False,0,ShADadFf,8,648,8,479,ssl,0
5578.672135,CJBDdc3ykcWE4m20i4,10.0.2.15,57754,146.12.176.96,443,TLSv12,TLS_ECDHE_RSA_WITH_AES_256_CBC_SHA,secp256r1,offers.bedbathandbeyond.com,False,True,CsxuknGIi,"['a4915cb5af6081facb3f7121ce25086db06cd559c88612c41c883fe9bb61192c', '93a07898d89b2cca166ba6f1f8a14138ce43828e491b831926bc8247d391cc72']",[],1.0,0ffee3ba8e615ad22535e7f771690a28,4fd467dd264720762ffe286277c00f57,,,5578.205965,10.0.2.15,57754,146.12.176.96,443,tcp,4.8301919999994425,4993.0,17459.0,RSTR,True,False,0,ShADadFRr,21,5841,28,18583,ssl,0
5578.673961,CeVppL1Ft7YJ2P3sSc,10.0.2.15,57756,146.12.176.96,443,TLSv12,TLS_ECDHE_RSA_WITH_AES_256_CBC_SHA,secp256r1,offers.bedbathandbeyond.com,False,True,CsxuknGIi,"['a4915cb5af6081facb3f7121ce25086db06cd559c88612c41c883fe9bb61192c', '93a07898d89b2cca166ba6f1f8a14138ce43828e491b831926bc8247d391cc72']",[],1.0,0ffee3ba8e615ad22535e7f771690a28,4fd467dd264720762ffe286277c00f57,,,5578.209096,10.0.2.15,57756,146.12.176.96,443,tcp,7.028513000000203,407.0,5257.0,SF,True,False,0,ShADadFf,10,815,11,5701,ssl,0
5581.293828,CO9FGz1SunYHs96D67,10.0.2.15,57757,178.79.242.189,443,TLSv12,TLS_ECDHE_RSA_WITH_AES_256_GCM_SHA384,secp256r1,media.newjobs.com,False,True,CsxknGIti,"['af59decf66ee6816e2145c57285353af5baad33f656e4257d77f9949048d491b', '154c433c491929c5ef686e838e323664a00e6a0d822ccc958fb4dab03e49a08f']",[],1.0,1a5fe5677b0e4fbbc854e8908225637d,2b33c1374db4ddf06942f92373c0b54b,http/1.1,,5580.863046,10.0.2.15,57757,178.79.242.189,443,tcp,10.030054999999264,674.0,3205.0,SF,True,False,0,ShADadFf,10,1082,11,3649,ssl,0
5581.294622,CLHJtZ2G10wf2FVlXh,10.0.2.15,57761,178.79.242.189,443,TLSv12,TLS_ECDHE_RSA_WITH_AES_256_GCM_SHA384,secp256r1,media.newjobs.com,False,True,CsxknGIti,"['af59decf66ee6816e2145c57285353af5baad33f656e4257d77f9949048d491b', '154c433c491929c5ef686e838e323664a00e6a0d822ccc958fb4dab03e49a08f']",[],1.0,1a5fe5677b0e4fbbc854e8908225637d,2b33c1374db4ddf06942f92373c0b54b,http/1.1,,5580.872134,10.0.2.15,57761,178.79.242.189,443,tcp,10.016617000000224,674.0,3205.0,SF,True,False,0,ShADadFf,10,1082,12,3689,ssl,0
5581.295319,CvcdXdWyE2hkaRfnd,10.0.2.15,57760,178.79.242.189,443,TLSv12,TLS_ECDHE_RSA_WITH_AES_256_GCM_SHA384,secp256r1,media.newjobs.com,False,True,CsxknGIti,"['af59decf66ee6816e2145c57285353af5baad33f656e4257d77f9949048d491b', '154c433c491929c5ef686e838e323664a00e6a0d822ccc958fb4dab03e49a08f']",[],1.0,1a5fe5677b0e4fbbc854e8908225637d,2b33c1374db4ddf06942f92373c0b54b,http/1.1,,5580.867994,10.0.2.15,57760,178.79.242.189,443,tcp,10.013648999999532,674.0,3205.0,SF,True,False,0,ShADadFf,10,1082,11,3649,ssl,0
5581.296606,CGz6He1QSFWyckWXJ3,10.0.2.15,57759,172.217.23.227,443,TLSv12,TLS_ECDHE_ECDSA_WITH_AES_128_GCM_SHA256,x25519,fonts.gstatic.com,False,True,CsxknGIti,"['11ddd329046367c19b32ffdb02ed308de129de4d6ffcf95856d7bd6a7accfba9', '9f630426df1d8abfd80ace98871ba833ab9742cb34838de2b5285ed54c0c7dcc', '3c35cc963eb004451323d3275d05b353235053490d9cd83729a2faf5e7ca1cc0']",[],1.0,0ffee3ba8e615ad22535e7f771690a28,84480cf8cf0e732666092640e581e1a5,h2,,5580.866635,10.0.2.15,57759,172.217.23.227,443,tcp,205.8455289999993,1115.0,19872.0,SF,True,False,0,ShADadFf,27,2203,37,21356,ssl,0
5581.298252,CpzNuj2UN132jN8vak,10.0.2.15,57758,178.79.242.189,443,TLSv12,TLS_ECDHE_RSA_WITH_AES_256_GCM_SHA384,secp256r1,media.newjobs.com,False,True,CsxknGIti,"['af59decf66ee6816e2145c57285353af5baad33f656e4257d77f9949048d491b', '154c433c491929c5ef686e838e323664a00e6a0d822ccc958fb4dab03e49a08f']",[],1.0,1a5fe5677b0e4fbbc854e8908225637d,2b33c1374db4ddf06942f92373c0b54b,http/1.1,,5580.864151,10.0.2.15,57758,178.79.242.189,443,tcp,10.024674000000232,674.0,3205.0,SF,True,False,0,ShADadFf,10,1082,12,3689,ssl,0
5583.460735,C4DfPg2zuXZt7xymA2,10.0.2.15,57764,74.125.206.154,443,TLSv12,TLS_ECDHE_RSA_WITH_AES_128_GCM_SHA256,,stats.g.doubleclick.net,True,True,CsiI,,,,1a5fe5677b0e4fbbc854e8908225637d,67619a80665d7ab92d1041b1d11f9164,h2,,5582.696101,10.0.2.15,57764,74.125.206.154,443,tcp,335.0826209999996,2709.0,4650.0,SF,True,False,0,ShADadFf,38,4237,43,6374,ssl,0
5583.448632,CjLjtM2ppXVxhXwym5,10.0.2.15,57765,95.100.180.88,443,TLSv12,TLS_ECDHE_RSA_WITH_AES_256_GCM_SHA384,secp256r1,public.cobrowse.oraclecloud.com,False,True,CsxknGIti,"['1bf7b7840a3009d98877df30c45c2b6f230d7562a5caa5a4bd093c60025a637a', 'eae72eb454bf6c3977ebd289e970b2f5282949190093d0d26f98d0f0d6a9cf17', '8420dfbe376f414bf4c0a81e6936d24ccc03f304835b86c7a39142fca723a689']",[],1.0,0ffee3ba8e615ad22535e7f771690a28,2b33c1374db4ddf06942f92373c0b54b,http/1.1,,5582.69767,10.0.2.15,57765,95.100.180.88,443,tcp,5.485218000000714,334.0,4852.0,SF,True,False,0,ShADadFRfr,10,742,12,5336,ssl,0
5583.839976,Co3s651Bg243offl11,10.0.2.15,57769,52.58.158.88,443,TLSv12,TLS_ECDHE_RSA_WITH_AES_128_GCM_SHA256,secp256r1,nexus.ensighten.com,False,True,CsxuknGIti,"['5fb5994638f535624889e2aa6260f51577963498d17ec00206936fa84169d21f', 'e0898ad662474b9f753c79bea878031c9a5d634a49edd6310b960ab023c02c0e']",[],1.0,1a5fe5677b0e4fbbc854e8908225637d,0c0aff9ccea5e7e1de5c3a0069d103f3,,,5583.027489,10.0.2.15,57769,52.58.158.88,443,tcp,9.220017999999982,674.0,5022.0,SF,True,False,0,ShADadFf,10,1082,11,5466,ssl,0
5583.840868,C1pRMN2tXhEMAdLzL4,10.0.2.15,57768,52.58.158.88,443,TLSv12,TLS_ECDHE_RSA_WITH_AES_128_GCM_SHA256,secp256r1,nexus.ensighten.com,False,True,CsxuknGIti,"['5fb5994638f535624889e2aa6260f51577963498d17ec00206936fa84169d21f', 'e0898ad662474b9f753c79bea878031c9a5d634a49edd6310b960ab023c02c0e']",[],1.0,1a5fe5677b0e4fbbc854e8908225637d,0c0aff9ccea5e7e1de5c3a0069d103f3,,,5583.026908,10.0.2.15,57768,52.58.158.88,443,tcp,9.514626000000137,674.0,5022.0,SF,True,False,0,ShADadFf,10,1082,12,5506,ssl,0
5583.841798,CmcXmW10xp9cso6gZ1,10.0.2.15,57767,52.58.158.88,443,TLSv12,TLS_ECDHE_RSA_WITH_AES_128_GCM_SHA256,secp256r1,nexus.ensighten.com,False,True,CsxuknGIti,"['5fb5994638f535624889e2aa6260f51577963498d17ec00206936fa84169d21f', 'e0898ad662474b9f753c79bea878031c9a5d634a49edd6310b960ab023c02c0e']",[],1.0,1a5fe5677b0e4fbbc854e8908225637d,0c0aff9ccea5e7e1de5c3a0069d103f3,,,5583.025931,10.0.2.15,57767,52.58.158.88,443,tcp,9.652788999999755,674.0,5022.0,SF,True,False,0,ShADadFf,10,1082,12,5506,ssl,0
5583.842281,CJ0sVh9Ci0KDH1Uc9,10.0.2.15,57766,52.58.158.88,443,TLSv12,TLS_ECDHE_RSA_WITH_AES_128_GCM_SHA256,secp256r1,nexus.ensighten.com,False,True,CsxuknGIti,"['5fb5994638f535624889e2aa6260f51577963498d17ec00206936fa84169d21f', 'e0898ad662474b9f753c79bea878031c9a5d634a49edd6310b960ab023c02c0e']",[],1.0,1a5fe5677b0e4fbbc854e8908225637d,0c0aff9ccea5e7e1de5c3a0069d103f3,,,5583.025345,10.0.2.15,57766,52.58.158.88,443,tcp,9.828794000000016,674.0,5022.0,SF,True,False,0,ShADadFf,10,1082,11,5466,ssl,0
5585.116365,C6nof1PpRqdKfgMG6,10.0.2.15,57762,104.19.192.102,443,TLSv12,TLS_ECDHE_ECDSA_WITH_AES_128_GCM_SHA256,secp256r1,cdnjs.cloudflare.com,False,True,CsxuknGIti,"['288a62410b9a17d44ccccf0ca447daaee0f3c7bcd3e0cb6d4f24ef85d2dbfdd0', 'cd6c108a0e641f2ca122aaa6d03f826759cae7c6f800eabf76dc48b67cd083ce', '9573862ac0b4b125168810ea3fd101ae2eb0bb15f61fc0e6da7a2a38b85a89e8']",[],1.0,0ffee3ba8e615ad22535e7f771690a28,7d3eb4120cd50e889bcd3f3783be0f82,h2,,5581.693344,10.0.2.15,57762,104.19.192.102,443,tcp,201.16136499999996,1071.0,72242.0,SF,True,False,0,ShADadFf,39,2647,82,75526,ssl,0
5585.123988,CkUrXJ9l7ZKyS3PF8,10.0.2.15,57763,198.232.125.32,443,TLSv12,TLS_ECDHE_RSA_WITH_AES_128_GCM_SHA256,secp256r1,cdn.materialdesignicons.com,False,True,CsxknGIti,"['a7f0c92b2b6d56b2bfff60c31e96d64363f228e197438d5c3a01737555b10c15', '02ab57e4e67a0cb48dd2ff34830e8ac40f4476fb08ca6be3f5cd846f646840f0', '4f32d5dc00f715250abcc486511e37f501a899deb3bf7ea8adbbd3aef1c412da', '687fa451382278fff0c8b11f8d43d576671c6eb2bceab413fb83d965d06d2ff2']",[],1.0,0ffee3ba8e615ad22535e7f771690a28,b898351eb5e266aefd3723d466935494,h2,,5581.694453,10.0.2.15,57763,198.232.125.32,443,tcp,158.94170899999972,991.0,100411.0,SF,True,False,0,ShADadfF,37,2479,103,104535,ssl,0
5587.247487,CqEdEnACWSSaXLnvc,10.0.2.15,57770,54.77.223.60,443,TLSv12,TLS_ECDHE_RSA_WITH_AES_128_GCM_SHA256,secp256r1,monster.demdex.net,False,True,CsxknGIi,"['ab8f7b89fa3e472463832f1b07660350a24ba646789dce6dd09107fab1d86a12', '19400be5b7a31fb733917700789d2f0a2471c0c9d506c0e504c06c16d7cb17c0']",[],1.0,0ffee3ba8e615ad22535e7f771690a28,303951d4c50efb2e991652225a6f02b1,,,5585.502902,10.0.2.15,57770,54.77.223.60,443,tcp,8.775663999999779,352.0,3143.0,SF,True,False,0,ShADadFRfr,11,800,12,3627,ssl,0
5589.977197,CjVwRx4PiqydjJ1gYe,10.0.2.15,57773,209.197.3.19,443,TLSv12,TLS_ECDHE_RSA_WITH_AES_128_GCM_SHA256,secp256r1,servedby.flashtalking.com,False,True,CsxuknGIti,"['7549769e2f25b91f9a298d65a84318336c920895fb2b18a462b53558a6f3edb7', '074541ecdf88ed992ed5ade3ecddef27a26ba1b44480a195c0a8dadae2521d8e', '3c35cc963eb004451323d3275d05b353235053490d9cd83729a2faf5e7ca1cc0']",[],1.0,0ffee3ba8e615ad22535e7f771690a28,a9f50de6377ae7c6dbaabc53f089ac30,,,5587.263203,10.0.2.15,57773,209.197.3.19,443,tcp,6.675780999999915,962.0,6448.0,SF,True,False,0,ShADadFfRr,14,1530,17,7132,ssl,0
5589.985791,C06SRj34SUC9wRUYn1,10.0.2.15,57774,205.185.216.42,443,TLSv12,TLS_ECDHE_RSA_WITH_AES_128_GCM_SHA256,secp256r1,poweredby.monster.com,False,True,CsxuknGIti,"['50068b50d720d89dcafa6a53e246529ed48e52b08129ff8c28734f04bc54d82f', '154c433c491929c5ef686e838e323664a00e6a0d822ccc958fb4dab03e49a08f']",[],1.0,0ffee3ba8e615ad22535e7f771690a28,a9f50de6377ae7c6dbaabc53f089ac30,,,5587.263763,10.0.2.15,57774,205.185.216.42,443,tcp,6.958998000000065,1308.0,4684.0,RSTR,True,False,0,ShADadRr,12,1796,13,5208,ssl,0
5594.638129,CfjVYe2kpDxnN8QTxl,10.0.2.15,57775,23.111.11.222,443,TLSv12,TLS_ECDHE_RSA_WITH_AES_128_GCM_SHA256,secp256r1,asset.pagefair.net,False,True,CsxknGIti,"['ed8b36827d8bf7d471524d36def7e2d212f45a8e2b263143d3be400b6813055e', 'b9f2164323638dce0b92218b43c41c1b2b2696389329db19f5cf7ad49b5cb372', '1a5174980a294a528a110726d5855650266c48d9883bea692b67b6d726da98c5']",[],1.0,0ffee3ba8e615ad22535e7f771690a28,8d2a028aa94425f76ced7826b1f39039,http/1.1,,5593.255811,10.0.2.15,57775,23.111.11.222,443,tcp,7.190391000000091,352.0,4908.0,SF,True,False,0,ShADadFf,10,760,11,5352,ssl,0
5594.646183,CXjZVX2AIuR0zF3iM6,10.0.2.15,57776,23.111.9.30,443,TLSv12,TLS_ECDHE_RSA_WITH_AES_128_GCM_SHA256,secp256r1,asset.pagefair.com,False,True,CsxknGIti,"['ae10e02cf02c9ca412fa82ecb3598aa529b426c5d50ed00f75c5d9f42db77551', 'b9f2164323638dce0b92218b43c41c1b2b2696389329db19f5cf7ad49b5cb372', '1a5174980a294a528a110726d5855650266c48d9883bea692b67b6d726da98c5']",[],1.0,0ffee3ba8e615ad22535e7f771690a28,8d2a028aa94425f76ced7826b1f39039,http/1.1,,5593.260656,10.0.2.15,57776,23.111.9.30,443,tcp,7.365765999999894,352.0,4908.0,SF,True,False,0,ShADadFf,10,760,12,5392,ssl,0
5594.658174,CPnhPY3Am4mdtinzq4,10.0.2.15,57777,23.111.9.30,443,TLSv12,TLS_ECDHE_RSA_WITH_AES_128_GCM_SHA256,secp256r1,asset.pagefair.com,False,True,CsxknGIti,"['ae10e02cf02c9ca412fa82ecb3598aa529b426c5d50ed00f75c5d9f42db77551', 'b9f2164323638dce0b92218b43c41c1b2b2696389329db19f5cf7ad49b5cb372', '1a5174980a294a528a110726d5855650266c48d9883bea692b67b6d726da98c5']",[],1.0,0ffee3ba8e615ad22535e7f771690a28,8d2a028aa94425f76ced7826b1f39039,http/1.1,,5593.265233,10.0.2.15,57777,23.111.9.30,443,tcp,7.598984999999629,352.0,4908.0,SF,True,False,0,ShADadFf,10,760,11,5352,ssl,0
5595.690501,CnzMFA1U7qbghIfFWa,10.0.2.15,57783,69.43.132.198,443,TLSv12,TLS_ECDHE_RSA_WITH_AES_256_GCM_SHA384,,www.res-x.com,True,True,CsiI,,,,0ffee3ba8e615ad22535e7f771690a28,7770094a92b1cbfa5a6de2017cfb682a,,,5595.231487,10.0.2.15,57783,69.43.132.198,443,tcp,162.4485340000001,2659.0,678.0,SF,True,False,0,ShADadTTFf,26,3722,26,1722,ssl,0
5601.062587,C5zv294bFOy8YrexQc,10.0.2.15,57786,95.100.180.88,443,TLSv12,TLS_ECDHE_RSA_WITH_AES_256_GCM_SHA384,secp256r1,public.cobrowse.oraclecloud.com,False,True,CsxknGIti,"['1bf7b7840a3009d98877df30c45c2b6f230d7562a5caa5a4bd093c60025a637a', 'eae72eb454bf6c3977ebd289e970b2f5282949190093d0d26f98d0f0d6a9cf17', '8420dfbe376f414bf4c0a81e6936d24ccc03f304835b86c7a39142fca723a689']",[],1.0,0ffee3ba8e615ad22535e7f771690a28,2b33c1374db4ddf06942f92373c0b54b,http/1.1,,5600.854595,10.0.2.15,57786,95.100.180.88,443,tcp,0.8857320000006431,334.0,4852.0,RSTO,True,False,0,ShADadFR,9,702,10,5256,ssl,0
5601.353713,CkDfGq26XParV9nFPa,10.0.2.15,57790,95.100.180.88,443,TLSv12,TLS_ECDHE_RSA_WITH_AES_256_GCM_SHA384,secp256r1,public.cobrowse.oraclecloud.com,False,True,CsxknGIti,"['1bf7b7840a3009d98877df30c45c2b6f230d7562a5caa5a4bd093c60025a637a', 'eae72eb454bf6c3977ebd289e970b2f5282949190093d0d26f98d0f0d6a9cf17', '8420dfbe376f414bf4c0a81e6936d24ccc03f304835b86c7a39142fca723a689']",[],1.0,0ffee3ba8e615ad22535e7f771690a28,2b33c1374db4ddf06942f92373c0b54b,http/1.1,,5601.067053,10.0.2.15,57790,95.100.180.88,443,tcp,128.79801300000054,841.0,18458.0,SF,True,False,0,ShADadTTFfRr,28,1981,38,19982,ssl,0
5602.110269,CJ1bsH1SWmarc7Bpq1,10.0.2.15,57794,108.161.187.167,443,TLSv12,TLS_ECDHE_RSA_WITH_AES_128_GCM_SHA256,secp256r1,cdn.socialannex.com,False,True,CsxknGIti,"['1e9d2063bc75f9c0c0d45f6ad043275dd7ee9ed83c005d498cb7ff540e19b9dc', '973a41276ffd01e027a2aad49e34c37846d3e976ff6a620b6712e33832041aa6', '3a2fbe92891e57fe05d57087f48e730f17e5a5f53ef403d618e5b74d7a7e6ecb', 'c3846bf24b9e93ca64274c0ec67c1ecc5e024ffcacd2d74019350e81fe546ae4']",[],1.0,0ffee3ba8e615ad22535e7f771690a28,8d2a028aa94425f76ced7826b1f39039,h2,,5601.752106,10.0.2.15,57794,108.161.187.167,443,tcp,7.641661999999997,862.0,6322.0,SF,True,False,0,ShADadFf,16,1510,20,7126,ssl,0
5602.113846,Cao2ij3cnOx4GO3T18,10.0.2.15,57793,216.137.61.156,443,TLSv12,TLS_ECDHE_RSA_WITH_AES_128_GCM_SHA256,secp256r1,d3oq49z2nwxwn1.cloudfront.net,False,True,CsxuknGIti,"['90c0937808b31877df6c4a5c743c99325d974624be3735faa5078cf73d4fd205', 'eae72eb454bf6c3977ebd289e970b2f5282949190093d0d26f98d0f0d6a9cf17']",[],1.0,0ffee3ba8e615ad22535e7f771690a28,76cc3e2d3028143b23ec18e27dbd7ca9,http/1.1,,5601.750842,10.0.2.15,57793,216.137.61.156,443,tcp,122.52388599999996,688.0,28754.0,SF,True,False,0,ShADadTTfF,28,1827,44,30518,ssl,0
5602.116728,CiP8tl1dFWvk8kadXd,10.0.2.15,57792,23.74.187.86,443,TLSv12,TLS_ECDHE_RSA_WITH_AES_256_GCM_SHA384,secp256r1,sec.levexis.com,False,True,CsxknGIti,"['03207af8b565a5e4667e8010b31b7ef69ee13b67759c8fb6b11678edac38800e', 'eae72eb454bf6c3977ebd289e970b2f5282949190093d0d26f98d0f0d6a9cf17', '8420dfbe376f414bf4c0a81e6936d24ccc03f304835b86c7a39142fca723a689']",[],1.0,0ffee3ba8e615ad22535e7f771690a28,2b33c1374db4ddf06942f92373c0b54b,http/1.1,,5601.743675,10.0.2.15,57792,23.74.187.86,443,tcp,4.72046600000067,692.0,6423.0,SF,True,False,0,ShADadFf,12,1180,15,7027,ssl,0
5602.130077,CmMF4Q1yG3MSl3asu4,10.0.2.15,57791,129.152.38.68,443,TLSv12,TLS_ECDHE_RSA_WITH_AES_256_GCM_SHA384,secp256r1,bedbathandbeyond.widget.custhelp.com,False,True,CsxknGIi,"['9bfa42dcc9ba8fabc34857750c3fc18f04c4fd585798526a20320dc6259b90b8', 'eae72eb454bf6c3977ebd289e970b2f5282949190093d0d26f98d0f0d6a9cf17', '8420dfbe376f414bf4c0a81e6936d24ccc03f304835b86c7a39142fca723a689']",[],1.0,0ffee3ba8e615ad22535e7f771690a28,959bfcf87532cbff1253e80a4ee81308,,,5601.741566,10.0.2.15,57791,129.152.38.68,443,tcp,6.779105999999956,370.0,4777.0,SF,True,False,0,ShADadFf,10,778,13,5301,ssl,0
5602.10684,CtLyYQ1vkh4OnMhZnf,10.0.2.15,57796,129.152.38.68,443,TLSv12,TLS_ECDHE_RSA_WITH_AES_256_GCM_SHA384,secp256r1,bedbathandbeyond.widget.custhelp.com,False,True,CsxknGIi,"['9bfa42dcc9ba8fabc34857750c3fc18f04c4fd585798526a20320dc6259b90b8', 'eae72eb454bf6c3977ebd289e970b2f5282949190093d0d26f98d0f0d6a9cf17', '8420dfbe376f414bf4c0a81e6936d24ccc03f304835b86c7a39142fca723a689']",[],1.0,0ffee3ba8e615ad22535e7f771690a28,959bfcf87532cbff1253e80a4ee81308,,,5601.754857,10.0.2.15,57796,129.152.38.68,443,tcp,4.691211000000294,739.0,24979.0,RSTR,True,False,0,ShADadRr,16,1387,31,26223,ssl,0
5602.305104,CZbvMt4guZfdjs41Ul,10.0.2.15,57795,207.200.103.5,443,TLSv12,TLS_RSA_WITH_AES_256_CBC_SHA,,www.mapquestapi.com,False,True,CsxnGIi,"['1269641d1b4564821e6810d379da1bbd64353fc72ecfc176f949aaca578c74a9', '19400be5b7a31fb733917700789d2f0a2471c0c9d506c0e504c06c16d7cb17c0']",[],1.0,0ffee3ba8e615ad22535e7f771690a28,82f0d8a75fa483d1cfe4b7085b784d7e,,,5601.753728,10.0.2.15,57795,207.200.103.5,443,tcp,5.325139999999919,591.0,3262.0,SF,True,False,0,ShADadFf,10,999,11,3706,ssl,0
5603.661223,CZEja63i95AAfoSvF7,10.0.2.15,57797,8.20.172.40,443,TLSv12,TLS_ECDHE_RSA_WITH_AES_256_GCM_SHA384,secp256r1,rules.atgsvcs.com,False,True,CsxknGIi,"['138bfe783692bdbd0263b515b8c7dce8fd3799abc87362f00a4542423a7e8b43', 'eae72eb454bf6c3977ebd289e970b2f5282949190093d0d26f98d0f0d6a9cf17', '8420dfbe376f414bf4c0a81e6936d24ccc03f304835b86c7a39142fca723a689']",[],1.0,0ffee3ba8e615ad22535e7f771690a28,28ef90cc3d9d08c96a8a2cb6f365a79e,,,5603.385113,10.0.2.15,57797,8.20.172.40,443,tcp,3.638511000000107,320.0,4399.0,SF,True,False,0,ShADadFf,9,688,11,4843,ssl,0
5603.977258,CJfUny4muXnV6c0Pg6,10.0.2.15,57799,95.100.180.88,443,TLSv12,TLS_ECDHE_RSA_WITH_AES_256_GCM_SHA384,,public.cobrowse.oraclecloud.com,True,True,CsiI,,,,1a5fe5677b0e4fbbc854e8908225637d,410b9bedaf65dd26c6fe547154d60db4,http/1.1,,5603.663646,10.0.2.15,57799,95.100.180.88,443,tcp,7.813702999999805,599.0,183.0,SF,True,False,0,ShADadFfRr,9,967,9,547,ssl,0
5605.395935,CbYIeg1Hh4OUvNUVbf,10.0.2.15,57805,104.16.67.157,443,TLSv12,TLS_ECDHE_ECDSA_WITH_AES_128_GCM_SHA256,,36c3f470.mpstat.us,True,True,CsiI,,,,1a5fe5677b0e4fbbc854e8908225637d,96681175a9547081bf3d417f1a572091,http/1.1,,5604.519636,10.0.2.15,57805,104.16.67.157,443,tcp,1.530778999999711,2319.0,420.0,SF,True,False,0,ShADadFf,9,2687,10,824,ssl,0
5606.231861,C2KG4c4phfJTd8OpJ,10.0.2.15,57816,104.16.67.157,443,TLSv12,TLS_ECDHE_ECDSA_WITH_AES_128_GCM_SHA256,,36c3f470.mpstat.us,True,True,CsiI,,,,1a5fe5677b0e4fbbc854e8908225637d,96681175a9547081bf3d417f1a572091,http/1.1,,5605.777298,10.0.2.15,57816,104.16.67.157,443,tcp,1.141163000000233,599.0,152.0,SF,True,False,0,ShADadFf,7,887,7,436,ssl,0
5611.694143,Cg4HeS2Uemv2OVsIWk,10.0.2.15,57822,69.36.35.145,443,TLSv12,TLS_RSA_WITH_AES_256_CBC_SHA,,support.youramigo.com,False,True,CsxnGIti,"['f8e3661907801727b9888975355b6558583399c64f1e87009aee827785f84521', '074541ecdf88ed992ed5ade3ecddef27a26ba1b44480a195c0a8dadae2521d8e', '3c35cc963eb004451323d3275d05b353235053490d9cd83729a2faf5e7ca1cc0']",[],1.0,0ffee3ba8e615ad22535e7f771690a28,1a1694e1fbb28471f66676e1623a7e2b,,,5610.88547,10.0.2.15,57822,69.36.35.145,443,tcp,10.39121199999954,1521.0,4269.0,SF,True,False,0,ShADadfF,10,1929,12,4753,ssl,0
5611.710732,C6TrfN3QSrs5PdrD5f,10.0.2.15,57823,69.36.35.145,443,TLSv12,TLS_RSA_WITH_AES_256_CBC_SHA,,support.youramigo.com,False,True,CsxnGIti,"['f8e3661907801727b9888975355b6558583399c64f1e87009aee827785f84521', '074541ecdf88ed992ed5ade3ecddef27a26ba1b44480a195c0a8dadae2521d8e', '3c35cc963eb004451323d3275d05b353235053490d9cd83729a2faf5e7ca1cc0']",[],1.0,0ffee3ba8e615ad22535e7f771690a28,1a1694e1fbb28471f66676e1623a7e2b,,,5610.886539,10.0.2.15,57823,69.36.35.145,443,tcp,8.593380999999681,593.0,3715.0,RSTO,True,False,0,ShADadFR,10,1001,11,4159,ssl,0
5618.637064,CWzX5w3mqzAmDEy2ia,10.0.2.15,57842,37.157.4.15,443,TLSv12,TLS_RSA_WITH_AES_128_CBC_SHA,,track.adform.net,False,True,CsxnGIti,"['c797ebebc4c6b85477e07004ca47b456ab2c29d706eabb0c9bbb1909c1a8e0d6', '074541ecdf88ed992ed5ade3ecddef27a26ba1b44480a195c0a8dadae2521d8e']",[],1.0,0ffee3ba8e615ad22535e7f771690a28,72f4dca7257e1f53d32a5c79b62173c7,http/1.1,,5617.750566,10.0.2.15,57842,37.157.4.15,443,tcp,21.72172099999989,1009.0,38296.0,SF,True,False,0,ShADadTFf,22,1898,44,40060,ssl,0
5618.640025,CsMwGGuO3HjznXelk,10.0.2.15,57840,95.101.244.223,443,TLSv12,TLS_ECDHE_RSA_WITH_AES_256_GCM_SHA384,secp256r1,s7d2.scene7.com,False,True,CsxknGIti,"['ae9db2764bf3566e5edb5520577e0d472865a8f5af3cc010d157b8d8bfe84f6e', 'eae72eb454bf6c3977ebd289e970b2f5282949190093d0d26f98d0f0d6a9cf17']",[],1.0,0ffee3ba8e615ad22535e7f771690a28,2b33c1374db4ddf06942f92373c0b54b,http/1.1,,5617.748672,10.0.2.15,57840,95.101.244.223,443,tcp,125.37988900000072,858.0,17196.0,SF,True,False,0,ShADadTTFfRr,27,1958,37,18680,ssl,0
5618.641236,CQ2k1B32b1vSnVZAog,10.0.2.15,57839,95.101.244.223,443,TLSv12,TLS_ECDHE_RSA_WITH_AES_256_GCM_SHA384,secp256r1,s7d2.scene7.com,False,True,CsxknGIti,"['ae9db2764bf3566e5edb5520577e0d472865a8f5af3cc010d157b8d8bfe84f6e', 'eae72eb454bf6c3977ebd289e970b2f5282949190093d0d26f98d0f0d6a9cf17']",[],1.0,0ffee3ba8e615ad22535e7f771690a28,2b33c1374db4ddf06942f92373c0b54b,http/1.1,,5617.746887,10.0.2.15,57839,95.101.244.223,443,tcp,128.357438,858.0,18749.0,RSTO,True,False,0,ShADadTTFR,27,1958,36,20193,ssl,0
5618.642715,Cgu2WF4FIp2bh8wIy6,10.0.2.15,57838,95.101.244.223,443,TLSv12,TLS_ECDHE_RSA_WITH_AES_256_GCM_SHA384,secp256r1,s7d1.scene7.com,False,True,CsxknGIti,"['ae9db2764bf3566e5edb5520577e0d472865a8f5af3cc010d157b8d8bfe84f6e', 'eae72eb454bf6c3977ebd289e970b2f5282949190093d0d26f98d0f0d6a9cf17']",[],1.0,0ffee3ba8e615ad22535e7f771690a28,2b33c1374db4ddf06942f92373c0b54b,http/1.1,,5617.746193,10.0.2.15,57838,95.101.244.223,443,tcp,125.42023100000006,858.0,17565.0,SF,True,False,0,ShADadTTFfRr,27,1958,37,19049,ssl,0
5618.643397,C2tc5c3CjOT2Y23cvh,10.0.2.15,57837,95.101.244.223,443,TLSv12,TLS_ECDHE_RSA_WITH_AES_256_GCM_SHA384,secp256r1,s7d1.scene7.com,False,True,CsxknGIti,"['ae9db2764bf3566e5edb5520577e0d472865a8f5af3cc010d157b8d8bfe84f6e', 'eae72eb454bf6c3977ebd289e970b2f5282949190093d0d26f98d0f0d6a9cf17']",[],1.0,0ffee3ba8e615ad22535e7f771690a28,2b33c1374db4ddf06942f92373c0b54b,http/1.1,,5617.74416,10.0.2.15,57837,95.101.244.223,443,tcp,128.3596950000001,857.0,18375.0,SF,True,False,0,ShADadTTFfRr,28,1997,36,19819,ssl,0
5618.646961,CokCaEJWrjehre7li,10.0.2.15,57836,95.101.244.223,443,TLSv12,TLS_ECDHE_RSA_WITH_AES_256_GCM_SHA384,secp256r1,s7d2.scene7.com,False,True,CsxknGIti,"['ae9db2764bf3566e5edb5520577e0d472865a8f5af3cc010d157b8d8bfe84f6e', 'eae72eb454bf6c3977ebd289e970b2f5282949190093d0d26f98d0f0d6a9cf17']",[],1.0,0ffee3ba8e615ad22535e7f771690a28,2b33c1374db4ddf06942f92373c0b54b,http/1.1,,5617.743061,10.0.2.15,57836,95.101.244.223,443,tcp,128.37616199999957,857.0,20875.0,SF,True,False,0,ShADadTTFfRr,31,2117,42,22559,ssl,0
5618.648754,CEpCZu4z8lCZLWh7a5,10.0.2.15,57835,95.101.244.223,443,TLSv12,TLS_ECDHE_RSA_WITH_AES_256_GCM_SHA384,secp256r1,s7d2.scene7.com,False,True,CsxknGIti,"['ae9db2764bf3566e5edb5520577e0d472865a8f5af3cc010d157b8d8bfe84f6e', 'eae72eb454bf6c3977ebd289e970b2f5282949190093d0d26f98d0f0d6a9cf17']",[],1.0,0ffee3ba8e615ad22535e7f771690a28,2b33c1374db4ddf06942f92373c0b54b,http/1.1,,5617.742202,10.0.2.15,57835,95.101.244.223,443,tcp,128.36965799999962,857.0,15616.0,SF,True,False,0,ShADadTTFfRr,26,1917,34,16980,ssl,0
5618.649553,CW0uCi2QZBImc5nIE3,10.0.2.15,57834,95.101.244.223,443,TLSv12,TLS_ECDHE_RSA_WITH_AES_256_GCM_SHA384,secp256r1,s7d2.scene7.com,False,True,CsxknGIti,"['ae9db2764bf3566e5edb5520577e0d472865a8f5af3cc010d157b8d8bfe84f6e', 'eae72eb454bf6c3977ebd289e970b2f5282949190093d0d26f98d0f0d6a9cf17']",[],1.0,0ffee3ba8e615ad22535e7f771690a28,2b33c1374db4ddf06942f92373c0b54b,http/1.1,,5617.740728,10.0.2.15,57834,95.101.244.223,443,tcp,128.37854599999991,857.0,21603.0,SF,True,False,0,ShADadTTFfRr,30,2077,40,23207,ssl,0
5618.851209,C9wyZt2ioYbS1iyQTc,10.0.2.15,57843,95.101.244.223,443,TLSv12,TLS_ECDHE_RSA_WITH_AES_256_GCM_SHA384,secp256r1,s7d2.scene7.com,False,True,CsxknGIti,"['ae9db2764bf3566e5edb5520577e0d472865a8f5af3cc010d157b8d8bfe84f6e', 'eae72eb454bf6c3977ebd289e970b2f5282949190093d0d26f98d0f0d6a9cf17']",[],1.0,0ffee3ba8e615ad22535e7f771690a28,2b33c1374db4ddf06942f92373c0b54b,http/1.1,,5618.26626,10.0.2.15,57843,95.101.244.223,443,tcp,124.88373199999933,858.0,17424.0,SF,True,False,0,ShADadTTFfRr,28,1998,37,18908,ssl,0
5619.906711,C8PMCm1ANfauh4Ntb2,10.0.2.15,57844,95.101.244.223,443,TLSv12,TLS_ECDHE_RSA_WITH_AES_256_GCM_SHA384,secp256r1,s7d1.scene7.com,False,True,CsxknGIti,"['ae9db2764bf3566e5edb5520577e0d472865a8f5af3cc010d157b8d8bfe84f6e', 'eae72eb454bf6c3977ebd289e970b2f5282949190093d0d26f98d0f0d6a9cf17']",[],1.0,0ffee3ba8e615ad22535e7f771690a28,2b33c1374db4ddf06942f92373c0b54b,http/1.1,,5619.193014,10.0.2.15,57844,95.101.244.223,443,tcp,126.8994619999994,858.0,20375.0,RSTO,True,False,0,ShADadTTFR,29,2038,40,21979,ssl,0
5622.181658,CYGwfyNdN9EWNH7sf,10.0.2.15,57851,151.101.112.222,443,TLSv12,TLS_ECDHE_RSA_WITH_AES_128_GCM_SHA256,,gateway.answerscloud.com,True,True,CsiI,,,,1a5fe5677b0e4fbbc854e8908225637d,1d0e57c6ae42e9204defa51e5e1cdc4c,http/1.1,,5621.618049,10.0.2.15,57851,151.101.112.222,443,tcp,124.44214499999998,1105.0,7909.0,SF,True,False,0,ShADadTTFfRr,25,2125,29,9073,ssl,0
5622.182907,CATi2v1mj0kmhXndSi,10.0.2.15,57850,172.217.23.228,443,TLSv12,TLS_ECDHE_RSA_WITH_AES_128_GCM_SHA256,,www.google.com,True,True,CsiI,,,,1a5fe5677b0e4fbbc854e8908225637d,67619a80665d7ab92d1041b1d11f9164,h2,,5621.617465,10.0.2.15,57850,172.217.23.228,443,tcp,347.27904899999976,5276.0,5036.0,SF,True,False,0,ShADadFf,52,7364,61,7480,ssl,0
5622.185591,ChgwhN1HbbnDsETgU5,10.0.2.15,57848,172.217.23.228,443,TLSv12,TLS_ECDHE_RSA_WITH_AES_128_GCM_SHA256,,www.google.com,True,True,CsiI,,,,1a5fe5677b0e4fbbc854e8908225637d,67619a80665d7ab92d1041b1d11f9164,h2,,5621.605469,10.0.2.15,57848,172.217.23.228,443,tcp,5.280537999999979,2121.0,2910.0,SF,True,False,0,ShADadFf,14,2689,15,3514,ssl,0
5622.186666,Ca9PLr4oBTaJr1gr27,10.0.2.15,57847,172.217.23.228,443,TLSv12,TLS_ECDHE_RSA_WITH_AES_128_GCM_SHA256,,www.google.com,True,True,CsiI,,,,1a5fe5677b0e4fbbc854e8908225637d,67619a80665d7ab92d1041b1d11f9164,h2,,5621.604848,10.0.2.15,57847,172.217.23.228,443,tcp,5.477570000000014,1401.0,759.0,SF,True,False,0,ShADadFf,14,1969,14,1323,ssl,0
5622.187718,CdJ5Pp4OcC39xGryH4,10.0.2.15,57846,151.101.112.222,443,TLSv12,TLS_ECDHE_RSA_WITH_AES_128_GCM_SHA256,,gateway.answerscloud.com,True,True,CsiI,,,,1a5fe5677b0e4fbbc854e8908225637d,1d0e57c6ae42e9204defa51e5e1cdc4c,http/1.1,,5621.603007,10.0.2.15,57846,151.101.112.222,443,tcp,6.340656000000308,599.0,191.0,SF,True,False,0,ShADadFfRr,9,967,9,555,ssl,0
5622.184705,CIcu9k3Ax5eI8fkeGa,10.0.2.15,57849,31.13.74.7,443,TLSv12,TLS_ECDHE_ECDSA_WITH_AES_128_GCM_SHA256,secp256r1,connect.facebook.net,False,True,CsxknGIti,"['152151b387412a95ab90fd4664f2d98880408e9e43913124e4c91226a483386b', '19400be5b7a31fb733917700789d2f0a2471c0c9d506c0e504c06c16d7cb17c0']",[],1.0,0ffee3ba8e615ad22535e7f771690a28,2d1eb5817ece335c24904f516ad5da12,h2,,5621.605981,10.0.2.15,57849,31.13.74.7,443,tcp,317.56152700000075,1253.0,6834.0,SF,True,False,0,ShADadfF,24,2221,30,8038,ssl,0
5632.617032,C7nR2D4uCMxkwpbBO8,10.0.2.15,57855,63.140.41.190,443,TLSv12,TLS_ECDHE_RSA_WITH_AES_256_GCM_SHA384,,smetrics.bedbathandbeyond.com,True,True,CsiI,,,,0ffee3ba8e615ad22535e7f771690a28,959bfcf87532cbff1253e80a4ee81308,,,5632.55762,10.0.2.15,57855,63.140.41.190,443,tcp,17.613318000000618,4625.0,819.0,SF,True,False,0,ShADadTFf,13,5154,13,1343,ssl,0
5636.634649,CXJefr74MJdSsJA4g,10.0.2.15,57857,129.152.38.64,443,TLSv12,TLS_ECDHE_RSA_WITH_AES_256_GCM_SHA384,,bedbathandbeyond.custhelp.com,True,True,CsiI,,,,0ffee3ba8e615ad22535e7f771690a28,959bfcf87532cbff1253e80a4ee81308,,,5636.512096,10.0.2.15,57857,129.152.38.64,443,tcp,6.020007999999507,320.0,155.0,SF,True,False,0,ShADadFf,8,648,8,479,ssl,0
5638.319569,CS0x4tJZzdp0qOyb,10.0.2.15,57858,172.217.23.227,443,TLSv12,TLS_ECDHE_RSA_WITH_AES_128_GCM_SHA256,,www.google.cz,True,True,CsiI,,,,1a5fe5677b0e4fbbc854e8908225637d,67619a80665d7ab92d1041b1d11f9164,h2,,5638.297981,10.0.2.15,57858,172.217.23.227,443,tcp,208.36586400000036,2186.0,800.0,SF,True,False,0,ShADadFf,21,3034,22,1684,ssl,0
5639.422376,CdEr3rTmMh9BRAvFa,10.0.2.15,57860,151.101.112.203,443,TLSv12,TLS_ECDHE_RSA_WITH_AES_128_GCM_SHA256,secp256r1,scontent.webcollage.net,False,True,CsxuknGIti,"['cbce95a8edac61a98d7db90fd536cfd7ff5c81ed1ed8de831cb2c2b70ac1eb07', '4b7334e1d8999822bafa8ff6888125389b18a4e5ab26ffa624c7f68fdc81f0cb']",[],1.0,0ffee3ba8e615ad22535e7f771690a28,860fcf58fd757e26aa8911e5eaff6b53,http/1.1,,5639.373554,10.0.2.15,57860,151.101.112.203,443,tcp,10.793802000000142,357.0,5377.0,SF,True,False,0,ShADadTFfRr,12,846,15,5981,ssl,0
5639.37588,CP8iGs2v1OYmMx3Uy1,10.0.2.15,57859,151.101.112.203,443,TLSv12,TLS_ECDHE_RSA_WITH_AES_128_GCM_SHA256,secp256r1,scontent.webcollage.net,False,True,CsxuknGIti,"['cbce95a8edac61a98d7db90fd536cfd7ff5c81ed1ed8de831cb2c2b70ac1eb07', '4b7334e1d8999822bafa8ff6888125389b18a4e5ab26ffa624c7f68fdc81f0cb']",[],1.0,0ffee3ba8e615ad22535e7f771690a28,860fcf58fd757e26aa8911e5eaff6b53,http/1.1,,5638.666724,10.0.2.15,57859,151.101.112.203,443,tcp,125.80650700000024,856.0,9302.0,SF,True,False,0,ShADadTTFfRr,25,1876,29,10466,ssl,0
5645.134624,C0WWTe4MvkizGsOusa,10.0.2.15,57869,52.7.47.199,443,TLSv12,TLS_ECDHE_RSA_WITH_AES_128_GCM_SHA256,secp256r1,www.civicscience.com,False,True,CsxknGIi,"['dc8d413e8c2468384b9d5638a8624d2c505ecf57000227cc094cba40f1d44f11', 'e6683e88315cd1cb403c0cea490f7c4b4c82c91cd485037489aadbaa90839f61']",[],1.0,0ffee3ba8e615ad22535e7f771690a28,303951d4c50efb2e991652225a6f02b1,,,5644.440662,10.0.2.15,57869,52.7.47.199,443,tcp,97.85345700000016,1817.0,74791.0,SF,True,False,0,ShADadTFf,42,3513,91,78435,ssl,0
5651.859605,CrRCZJ2T2EocDMzlj7,10.0.2.15,57879,108.161.187.167,443,TLSv12,TLS_ECDHE_RSA_WITH_AES_128_GCM_SHA256,,cdn.socialannex.com,True,True,CsiI,,,,1a5fe5677b0e4fbbc854e8908225637d,7bee5c1d424b7e5f943b06983bb11422,h2,,5651.154368,10.0.2.15,57879,108.161.187.167,443,tcp,4.701952999999776,1207.0,1007.0,SF,True,False,0,ShADadFf,13,1735,15,1611,ssl,0
5651.862452,CKb4Fx2jpat4Z76A4a,10.0.2.15,57878,23.74.187.86,443,TLSv12,TLS_ECDHE_RSA_WITH_AES_256_GCM_SHA384,,sec.levexis.com,True,True,CsiI,,,,1a5fe5677b0e4fbbc854e8908225637d,410b9bedaf65dd26c6fe547154d60db4,http/1.1,,5651.151849,10.0.2.15,57878,23.74.187.86,443,tcp,1.431437000000187,1080.0,1703.0,RSTO,True,False,0,ShADadFR,10,1488,11,2147,ssl,0
5651.868618,CNuvEh2lZ0M7Pf5j3g,10.0.2.15,57876,54.192.93.79,443,TLSv12,TLS_ECDHE_RSA_WITH_AES_128_GCM_SHA256,secp256r1,code.cdn.mozilla.net,False,True,CsxuknGIti,"['6442cb8d30d303bc67c685ba319e9497aa39aeffc3caca9a707f151071ab3ca8', '154c433c491929c5ef686e838e323664a00e6a0d822ccc958fb4dab03e49a08f', '4348a0e9444c78cb265e058d5e8944b4d84f9662bd26db257f8934a443c70161']",[],1.0,0ffee3ba8e615ad22535e7f771690a28,76cc3e2d3028143b23ec18e27dbd7ca9,http/1.1,,5651.14872,10.0.2.15,57876,54.192.93.79,443,tcp,124.88928099999976,671.0,12555.0,SF,True,False,0,ShADadTTfF,24,1651,31,13799,ssl,0
5651.85545,CqcKxm3oOeNiplh4C3,10.0.2.15,57880,205.188.201.198,443,TLSv12,TLS_RSA_WITH_AES_256_CBC_SHA,,www.mapquestapi.com,False,True,CsxnGIi,"['1269641d1b4564821e6810d379da1bbd64353fc72ecfc176f949aaca578c74a9', '19400be5b7a31fb733917700789d2f0a2471c0c9d506c0e504c06c16d7cb17c0']",[],1.0,0ffee3ba8e615ad22535e7f771690a28,82f0d8a75fa483d1cfe4b7085b784d7e,,,5651.155893,10.0.2.15,57880,205.188.201.198,443,tcp,2.531254999999873,538.0,3262.0,SF,True,False,0,ShADadFf,9,906,10,3666,ssl,0
5651.867202,CLo72p2U1qOUHWK2W1,10.0.2.15,57877,129.152.38.68,443,TLSv12,TLS_ECDHE_RSA_WITH_AES_256_GCM_SHA384,,bedbathandbeyond.widget.custhelp.com,True,True,CsiI,,,,0ffee3ba8e615ad22535e7f771690a28,959bfcf87532cbff1253e80a4ee81308,,,5651.150364,10.0.2.15,57877,129.152.38.68,443,tcp,1.9293950000001128,834.0,6151.0,RSTR,True,False,0,ShADadFRr,12,1322,15,6755,ssl,0
5656.093542,CenbLW3esbEWpvqdYa,10.0.2.15,57881,8.20.172.40,443,TLSv12,TLS_ECDHE_RSA_WITH_AES_256_GCM_SHA384,secp256r1,rules.atgsvcs.com,False,True,CsxknGIi,"['138bfe783692bdbd0263b515b8c7dce8fd3799abc87362f00a4542423a7e8b43', 'eae72eb454bf6c3977ebd289e970b2f5282949190093d0d26f98d0f0d6a9cf17', '8420dfbe376f414bf4c0a81e6936d24ccc03f304835b86c7a39142fca723a689']",[],1.0,0ffee3ba8e615ad22535e7f771690a28,28ef90cc3d9d08c96a8a2cb6f365a79e,,,5655.223023,10.0.2.15,57881,8.20.172.40,443,tcp,7.075260000000526,351.0,4399.0,SF,True,False,0,ShADadFf,10,759,12,4883,ssl,0
5663.366168,Cx7csk4E4BrDZThNij,10.0.2.15,57892,54.192.93.79,443,TLSv12,TLS_ECDHE_RSA_WITH_AES_128_GCM_SHA256,secp256r1,code.cdn.mozilla.net,False,True,CsxuknGIti,"['6442cb8d30d303bc67c685ba319e9497aa39aeffc3caca9a707f151071ab3ca8', '154c433c491929c5ef686e838e323664a00e6a0d822ccc958fb4dab03e49a08f', '4348a0e9444c78cb265e058d5e8944b4d84f9662bd26db257f8934a443c70161']",[],1.0,0ffee3ba8e615ad22535e7f771690a28,76cc3e2d3028143b23ec18e27dbd7ca9,http/1.1,,5661.914722,10.0.2.15,57892,54.192.93.79,443,tcp,124.36085399999956,756.0,93467.0,SF,True,False,0,ShADadTTfF,60,3175,112,97951,ssl,0
5662.845747,Cdg4g91QLzhfKfWAIc,10.0.2.15,57886,54.76.24.249,443,TLSv12,TLS_ECDHE_RSA_WITH_AES_128_GCM_SHA256,secp256r1,ad.crwdcntrl.net,False,True,CsxknGIi,"['131513af4a65033acc7234be892849a35819b02b70aba4c428c133a0a88fdd2e', '973a41276ffd01e027a2aad49e34c37846d3e976ff6a620b6712e33832041aa6', '3a2fbe92891e57fe05d57087f48e730f17e5a5f53ef403d618e5b74d7a7e6ecb', 'c3846bf24b9e93ca64274c0ec67c1ecc5e024ffcacd2d74019350e81fe546ae4']",[],1.0,0ffee3ba8e615ad22535e7f771690a28,303951d4c50efb2e991652225a6f02b1,,,5661.898975,10.0.2.15,57886,54.76.24.249,443,tcp,67.42012199999954,2495.0,5745.0,SF,True,False,0,ShADadTFf,19,3269,21,6589,ssl,0
5663.368458,CQCg4q3P3BL34xSv1d,10.0.2.15,57891,54.192.93.79,443,TLSv12,TLS_ECDHE_RSA_WITH_AES_128_GCM_SHA256,secp256r1,code.cdn.mozilla.net,False,True,CsxuknGIti,"['6442cb8d30d303bc67c685ba319e9497aa39aeffc3caca9a707f151071ab3ca8', '154c433c491929c5ef686e838e323664a00e6a0d822ccc958fb4dab03e49a08f', '4348a0e9444c78cb265e058d5e8944b4d84f9662bd26db257f8934a443c70161']",[],1.0,0ffee3ba8e615ad22535e7f771690a28,76cc3e2d3028143b23ec18e27dbd7ca9,http/1.1,,5661.913284,10.0.2.15,57891,54.192.93.79,443,tcp,124.3635720000002,759.0,88672.0,SF,True,False,0,ShADadTTfF,60,3178,112,93156,ssl,0
5663.380979,C3td7c1LwtMNfmaKb1,10.0.2.15,57887,93.184.220.113,443,TLSv12,TLS_ECDHE_RSA_WITH_AES_128_GCM_SHA256,secp256r1,tags.crwdcntrl.net,False,True,CsxuknGIti,"['01abac41ff2430a09d598802a0878a768bc327b04a083fa1ec8335474a3e52aa', '154c433c491929c5ef686e838e323664a00e6a0d822ccc958fb4dab03e49a08f', '4348a0e9444c78cb265e058d5e8944b4d84f9662bd26db257f8934a443c70161']",[],1.0,0ffee3ba8e615ad22535e7f771690a28,49b45fc1ab090aa3a159778313fc9b9e,h2,,5661.900083,10.0.2.15,57887,93.184.220.113,443,tcp,65.28068099999928,568.0,4855.0,SF,True,False,0,ShADadfF,13,1096,16,5499,ssl,0
5663.376404,CQmoZp3xZ7XuZW1Afe,10.0.2.15,57888,54.76.24.249,443,TLSv12,TLS_ECDHE_RSA_WITH_AES_128_GCM_SHA256,secp256r1,ad.crwdcntrl.net,False,True,CsxknGIi,"['131513af4a65033acc7234be892849a35819b02b70aba4c428c133a0a88fdd2e', '973a41276ffd01e027a2aad49e34c37846d3e976ff6a620b6712e33832041aa6', '3a2fbe92891e57fe05d57087f48e730f17e5a5f53ef403d618e5b74d7a7e6ecb', 'c3846bf24b9e93ca64274c0ec67c1ecc5e024ffcacd2d74019350e81fe546ae4']",[],1.0,0ffee3ba8e615ad22535e7f771690a28,303951d4c50efb2e991652225a6f02b1,,,5661.900654,10.0.2.15,57888,54.76.24.249,443,tcp,9.779762999999548,350.0,5299.0,SF,True,False,0,ShADadFfRr,11,798,13,5823,ssl,0
5666.95358,CE3cAE3xJA3HBzKKf2,10.0.2.15,57895,54.192.93.79,443,TLSv12,TLS_ECDHE_RSA_WITH_AES_128_GCM_SHA256,,code.cdn.mozilla.net,True,True,CsiI,,,,1a5fe5677b0e4fbbc854e8908225637d,d199ba0af2b08e204c73d6d81a1fd260,http/1.1,,5666.155911,10.0.2.15,57895,54.192.93.79,443,tcp,121.91195000000062,1003.0,85124.0,SF,True,False,0,ShADadTTfF,72,3902,129,90288,ssl,0
5669.378814,CAtYfN2LPUnNhXd6Nk,10.0.2.15,57902,87.248.118.23,443,TLSv12,TLS_ECDHE_RSA_WITH_AES_128_GCM_SHA256,,s.yimg.com,True,True,CsiI,,,,1a5fe5677b0e4fbbc854e8908225637d,d199ba0af2b08e204c73d6d81a1fd260,h2,,5668.420008,10.0.2.15,57902,87.248.118.23,443,tcp,242.08757400000013,1486.0,219691.0,SF,True,False,0,ShADadfF,129,6654,264,230255,ssl,0
5675.772928,Cgm6rMMWceZg4ca69,10.0.2.15,57912,217.146.190.233,443,TLSv12,TLS_ECDHE_RSA_WITH_AES_128_GCM_SHA256,secp256r1,n.gemini.yahoo.com,False,True,CsxuknGIti,"['08837e6b6ae2361354cb22a728587737875411a5d3379b85c60f7fe1c4e61ea1', '19400be5b7a31fb733917700789d2f0a2471c0c9d506c0e504c06c16d7cb17c0']",[],1.0,0ffee3ba8e615ad22535e7f771690a28,76cc3e2d3028143b23ec18e27dbd7ca9,http/1.1,,5675.276191,10.0.2.15,57912,217.146.190.233,443,tcp,9.402611000000434,923.0,11172.0,SF,True,False,0,ShADadfF,12,1411,19,11936,ssl,0
5675.773611,CgZy8FKgBibSVYGkc,10.0.2.15,57911,91.225.248.138,443,TLSv12,TLS_ECDHE_RSA_WITH_AES_128_GCM_SHA256,secp256r1,www.slideshare.net,False,True,CsxknGIi,"['d605e5bef250bbad4d6af984b3895e5ead327112d70a84245833d7889e5439a6', '154c433c491929c5ef686e838e323664a00e6a0d822ccc958fb4dab03e49a08f']",[],1.0,0ffee3ba8e615ad22535e7f771690a28,c4b2785a87896e19d37eee932070cb22,h2,,5675.272395,10.0.2.15,57911,91.225.248.138,443,tcp,10.559041999999865,1032.0,34019.0,SF,True,False,0,ShADadfF,30,2240,51,36063,ssl,0
5676.127653,CHihuz3MlnbMwCuLp2,10.0.2.15,57914,54.231.49.218,443,TLSv12,TLS_ECDHE_RSA_WITH_AES_128_GCM_SHA256,secp256r1,gtrk.s3.amazonaws.com,False,True,CsxknGIi,"['659a3d7684850e6d664f5131f9f8765469b9c7017b7a0e206f8c1c9445cb1c69', 'f9690880819f06cdcc0b2f224b207f2af6003fb57339b8679a160fa95208d62d']",[],1.0,0ffee3ba8e615ad22535e7f771690a28,ea615e28cb25adfb2f261151eab3314f,,,5675.293161,10.0.2.15,57914,54.231.49.218,443,tcp,13.220651999999973,642.0,3485.0,SF,True,False,0,ShADadFf,12,1130,13,4009,ssl,0
5676.129593,CmoKuW2ePB8E0lOB4c,10.0.2.15,57913,54.231.49.218,443,TLSv12,TLS_ECDHE_RSA_WITH_AES_128_GCM_SHA256,secp256r1,gtrk.s3.amazonaws.com,False,True,CsxknGIi,"['659a3d7684850e6d664f5131f9f8765469b9c7017b7a0e206f8c1c9445cb1c69', 'f9690880819f06cdcc0b2f224b207f2af6003fb57339b8679a160fa95208d62d']",[],1.0,0ffee3ba8e615ad22535e7f771690a28,ea615e28cb25adfb2f261151eab3314f,,,5675.290402,10.0.2.15,57913,54.231.49.218,443,tcp,13.22756600000048,642.0,3485.0,SF,True,False,0,ShADadFf,12,1130,12,3969,ssl,0
5678.483765,CIJ6gduwKZ9KyiDSa,10.0.2.15,57921,54.231.49.218,443,TLSv12,TLS_ECDHE_RSA_WITH_AES_128_GCM_SHA256,secp256r1,gtrk.s3.amazonaws.com,False,True,CsxknGIi,"['659a3d7684850e6d664f5131f9f8765469b9c7017b7a0e206f8c1c9445cb1c69', 'f9690880819f06cdcc0b2f224b207f2af6003fb57339b8679a160fa95208d62d']",[],1.0,0ffee3ba8e615ad22535e7f771690a28,ea615e28cb25adfb2f261151eab3314f,,,5676.131087,10.0.2.15,57921,54.231.49.218,443,tcp,9.034923000000164,355.0,3040.0,RSTO,True,False,0,ShADadFR,10,763,12,3524,ssl,0
5678.666837,CmPVhZyQoOhaKnJrl,10.0.2.15,57923,91.225.248.138,443,TLSv12,TLS_ECDHE_RSA_WITH_AES_128_GCM_SHA256,secp256r1,www.slideshare.net,False,True,CsxknGIi,"['d605e5bef250bbad4d6af984b3895e5ead327112d70a84245833d7889e5439a6', '154c433c491929c5ef686e838e323664a00e6a0d822ccc958fb4dab03e49a08f']",[],1.0,0ffee3ba8e615ad22535e7f771690a28,c4b2785a87896e19d37eee932070cb22,h2,,5676.426382,10.0.2.15,57923,91.225.248.138,443,tcp,5.905128000000332,530.0,3474.0,SF,True,False,0,ShADadfF,11,978,13,3998,ssl,0
5678.664729,Ce5eoH1fD1HvB47bY,10.0.2.15,57924,54.231.49.218,443,TLSv12,TLS_ECDHE_RSA_WITH_AES_128_GCM_SHA256,secp256r1,gtrk.s3.amazonaws.com,False,True,CsxknGIi,"['659a3d7684850e6d664f5131f9f8765469b9c7017b7a0e206f8c1c9445cb1c69', 'f9690880819f06cdcc0b2f224b207f2af6003fb57339b8679a160fa95208d62d']",[],1.0,0ffee3ba8e615ad22535e7f771690a28,ea615e28cb25adfb2f261151eab3314f,,,5676.428559,10.0.2.15,57924,54.231.49.218,443,tcp,10.304863000000296,355.0,3040.0,RSTO,True,False,0,ShADadFR,10,763,11,3484,ssl,0
5678.671177,Cr3xsn2Gw4HaCkmGal,10.0.2.15,57922,217.146.190.233,443,TLSv12,TLS_ECDHE_RSA_WITH_AES_128_GCM_SHA256,secp256r1,n.gemini.yahoo.com,False,True,CsxuknGIti,"['08837e6b6ae2361354cb22a728587737875411a5d3379b85c60f7fe1c4e61ea1', '19400be5b7a31fb733917700789d2f0a2471c0c9d506c0e504c06c16d7cb17c0']",[],1.0,0ffee3ba8e615ad22535e7f771690a28,76cc3e2d3028143b23ec18e27dbd7ca9,http/1.1,,5676.424556,10.0.2.15,57922,217.146.190.233,443,tcp,10.029747000000498,352.0,4418.0,RSTO,True,False,0,ShADadFR,10,760,11,4862,ssl,0
5677.468768,CaOu0fNCUblxZlTka,10.0.2.15,57918,91.225.248.138,443,TLSv12,TLS_ECDHE_RSA_WITH_AES_128_GCM_SHA256,secp256r1,www.slideshare.net,False,True,CsxknGIi,"['d605e5bef250bbad4d6af984b3895e5ead327112d70a84245833d7889e5439a6', '154c433c491929c5ef686e838e323664a00e6a0d822ccc958fb4dab03e49a08f']",[],1.0,0ffee3ba8e615ad22535e7f771690a28,c4b2785a87896e19d37eee932070cb22,h2,,5675.944205,10.0.2.15,57918,91.225.248.138,443,tcp,300.5354790000001,2988.0,97176.0,SF,True,False,0,ShADadFfRr,79,6156,135,102580,ssl,0
5677.469658,CWr9VO3BxlEc8qRg6i,10.0.2.15,57917,217.146.190.233,443,TLSv12,TLS_ECDHE_RSA_WITH_AES_128_GCM_SHA256,secp256r1,n.gemini.yahoo.com,False,True,CsxuknGIti,"['08837e6b6ae2361354cb22a728587737875411a5d3379b85c60f7fe1c4e61ea1', '19400be5b7a31fb733917700789d2f0a2471c0c9d506c0e504c06c16d7cb17c0']",[],1.0,0ffee3ba8e615ad22535e7f771690a28,76cc3e2d3028143b23ec18e27dbd7ca9,http/1.1,,5675.943084,10.0.2.15,57917,217.146.190.233,443,tcp,7.382324999999582,352.0,4418.0,RSTO,True,False,0,ShADadFR,10,760,10,4822,ssl,0
5677.467699,C1pV7b1FerqszSfhBf,10.0.2.15,57919,54.231.49.218,443,TLSv12,TLS_ECDHE_RSA_WITH_AES_128_GCM_SHA256,secp256r1,gtrk.s3.amazonaws.com,False,True,CsxknGIi,"['659a3d7684850e6d664f5131f9f8765469b9c7017b7a0e206f8c1c9445cb1c69', 'f9690880819f06cdcc0b2f224b207f2af6003fb57339b8679a160fa95208d62d']",[],1.0,0ffee3ba8e615ad22535e7f771690a28,ea615e28cb25adfb2f261151eab3314f,,,5675.944994,10.0.2.15,57919,54.231.49.218,443,tcp,11.390480999999454,355.0,3040.0,SF,True,False,0,ShADadFRfr,12,843,13,3564,ssl,0
5687.190294,Cz1cH02OHEiFMBMaGk,10.0.2.15,57931,178.250.2.84,443,TLSv12,TLS_RSA_WITH_AES_128_CBC_SHA,,pix.nl.eu.criteo.net,False,True,CsxnGIi,"['45809d6bd0ff9e4681db326141d62c8034895071998ae210be2fcab23c131596', 'eae72eb454bf6c3977ebd289e970b2f5282949190093d0d26f98d0f0d6a9cf17', '8420dfbe376f414bf4c0a81e6936d24ccc03f304835b86c7a39142fca723a689']",[],1.0,0ffee3ba8e615ad22535e7f771690a28,5dcc087b1a1d0a5b0658981a7e8b2c3c,,,5687.133528,10.0.2.15,57931,178.250.2.84,443,tcp,6.200561999999991,592.0,4412.0,SF,True,False,0,ShADadFf,10,1000,12,4896,ssl,0
5687.181404,CpYdal3966cAG0zzf,10.0.2.15,57930,178.250.2.84,443,TLSv12,TLS_RSA_WITH_AES_128_CBC_SHA,,pix.nl.eu.criteo.net,False,True,CsxnGIi,"['45809d6bd0ff9e4681db326141d62c8034895071998ae210be2fcab23c131596', 'eae72eb454bf6c3977ebd289e970b2f5282949190093d0d26f98d0f0d6a9cf17', '8420dfbe376f414bf4c0a81e6936d24ccc03f304835b86c7a39142fca723a689']",[],1.0,0ffee3ba8e615ad22535e7f771690a28,5dcc087b1a1d0a5b0658981a7e8b2c3c,,,5687.131296,10.0.2.15,57930,178.250.2.84,443,tcp,19.49673200000052,2085.0,72388.0,SF,True,False,0,ShADadTfF,58,4414,103,76512,ssl,0
5687.566318,CWA8624N3O4cSLdlsj,10.0.2.15,57932,95.100.183.141,443,TLSv12,TLS_ECDHE_RSA_WITH_AES_256_GCM_SHA384,secp256r1,public.slidesharecdn.com,False,True,CsxknGIti,"['b4e6f0481617be2f5b63aa6657d452ddeff15095dd3bd0e3df38b03739388829', '154c433c491929c5ef686e838e323664a00e6a0d822ccc958fb4dab03e49a08f']",[],1.0,0ffee3ba8e615ad22535e7f771690a28,2b33c1374db4ddf06942f92373c0b54b,http/1.1,,5687.13786,10.0.2.15,57932,95.100.183.141,443,tcp,6.1518620000006194,358.0,3272.0,RSTO,True,False,0,ShADadFR,10,766,12,3756,ssl,0
5687.527054,CUZWjz1IOUT3W8vQPe,10.0.2.15,57938,95.100.183.141,443,TLSv12,TLS_ECDHE_RSA_WITH_AES_256_GCM_SHA384,secp256r1,public.slidesharecdn.com,False,True,CsxknGIti,"['b4e6f0481617be2f5b63aa6657d452ddeff15095dd3bd0e3df38b03739388829', '154c433c491929c5ef686e838e323664a00e6a0d822ccc958fb4dab03e49a08f']",[],1.0,0ffee3ba8e615ad22535e7f771690a28,2b33c1374db4ddf06942f92373c0b54b,http/1.1,,5687.142411,10.0.2.15,57938,95.100.183.141,443,tcp,187.1345250000004,2394.0,216626.0,SF,True,False,0,ShADadTTFf,113,6937,250,226630,ssl,0
5687.543659,C7ZI0O1Klh7yoJPOch,10.0.2.15,57936,95.100.183.141,443,TLSv12,TLS_ECDHE_RSA_WITH_AES_256_GCM_SHA384,secp256r1,public.slidesharecdn.com,False,True,CsxknGIti,"['b4e6f0481617be2f5b63aa6657d452ddeff15095dd3bd0e3df38b03739388829', '154c433c491929c5ef686e838e323664a00e6a0d822ccc958fb4dab03e49a08f']",[],1.0,0ffee3ba8e615ad22535e7f771690a28,2b33c1374db4ddf06942f92373c0b54b,http/1.1,,5687.140436,10.0.2.15,57936,95.100.183.141,443,tcp,239.70482300000003,3379.0,350611.0,SF,True,False,0,ShADadTTFfRr,182,10685,403,366735,ssl,0
5687.550072,CR5hZLn48Pl27OFKk,10.0.2.15,57935,95.100.183.141,443,TLSv12,TLS_ECDHE_RSA_WITH_AES_256_GCM_SHA384,secp256r1,public.slidesharecdn.com,False,True,CsxknGIti,"['b4e6f0481617be2f5b63aa6657d452ddeff15095dd3bd0e3df38b03739388829', '154c433c491929c5ef686e838e323664a00e6a0d822ccc958fb4dab03e49a08f']",[],1.0,0ffee3ba8e615ad22535e7f771690a28,2b33c1374db4ddf06942f92373c0b54b,http/1.1,,5687.139837,10.0.2.15,57935,95.100.183.141,443,tcp,222.8466760000001,1458.0,86450.0,RSTO,True,False,0,ShADadTTFR,59,3846,107,90734,ssl,0
5687.554191,Ckiqnf2iF2Ava9SZ7l,10.0.2.15,57934,95.100.183.141,443,TLSv12,TLS_ECDHE_RSA_WITH_AES_256_GCM_SHA384,secp256r1,public.slidesharecdn.com,False,True,CsxknGIti,"['b4e6f0481617be2f5b63aa6657d452ddeff15095dd3bd0e3df38b03739388829', '154c433c491929c5ef686e838e323664a00e6a0d822ccc958fb4dab03e49a08f']",[],1.0,0ffee3ba8e615ad22535e7f771690a28,2b33c1374db4ddf06942f92373c0b54b,http/1.1,,5687.139357,10.0.2.15,57934,95.100.183.141,443,tcp,222.85823100000016,1804.0,87681.0,RSTO,True,False,0,ShADadTTFR,57,4112,109,92045,ssl,0
5687.559006,CFj6QY19isELwpjS3d,10.0.2.15,57933,95.100.183.141,443,TLSv12,TLS_ECDHE_RSA_WITH_AES_256_GCM_SHA384,secp256r1,public.slidesharecdn.com,False,True,CsxknGIti,"['b4e6f0481617be2f5b63aa6657d452ddeff15095dd3bd0e3df38b03739388829', '154c433c491929c5ef686e838e323664a00e6a0d822ccc958fb4dab03e49a08f']",[],1.0,0ffee3ba8e615ad22535e7f771690a28,2b33c1374db4ddf06942f92373c0b54b,http/1.1,,5687.138806,10.0.2.15,57933,95.100.183.141,443,tcp,253.4268659999998,5402.0,561701.0,SF,True,False,0,ShADadTTFfRr,280,16629,641,587345,ssl,0
5696.343157,CHgB1WlxHLJnx9S1k,10.0.2.15,57946,95.100.183.141,443,TLSv12,TLS_ECDHE_RSA_WITH_AES_256_GCM_SHA384,,public.slidesharecdn.com,True,True,CsiI,,,,1a5fe5677b0e4fbbc854e8908225637d,410b9bedaf65dd26c6fe547154d60db4,http/1.1,,5695.991154,10.0.2.15,57946,95.100.183.141,443,tcp,6.47859199999948,599.0,183.0,SF,True,False,0,ShADadFfRr,8,927,9,547,ssl,0
5696.345654,CZT5Gb3uuJCgXeSXzc,10.0.2.15,57951,95.100.183.141,443,TLSv12,TLS_ECDHE_RSA_WITH_AES_256_GCM_SHA384,secp256r1,public.slidesharecdn.com,False,True,CsxknGIti,"['b4e6f0481617be2f5b63aa6657d452ddeff15095dd3bd0e3df38b03739388829', '154c433c491929c5ef686e838e323664a00e6a0d822ccc958fb4dab03e49a08f']",[],1.0,0ffee3ba8e615ad22535e7f771690a28,2b33c1374db4ddf06942f92373c0b54b,http/1.1,,5696.058553,10.0.2.15,57951,95.100.183.141,443,tcp,118.84419799999978,1778.0,134400.0,RSTO,True,False,0,ShADadTTFR,60,4196,144,140164,ssl,0
5696.347448,Ccj1IM3C3LODjBwlv2,10.0.2.15,57950,95.100.183.141,443,TLSv12,TLS_ECDHE_RSA_WITH_AES_256_GCM_SHA384,secp256r1,cdn.slidesharecdn.com,False,True,CsxknGIti,"['b4e6f0481617be2f5b63aa6657d452ddeff15095dd3bd0e3df38b03739388829', '154c433c491929c5ef686e838e323664a00e6a0d822ccc958fb4dab03e49a08f']",[],1.0,0ffee3ba8e615ad22535e7f771690a28,2b33c1374db4ddf06942f92373c0b54b,http/1.1,,5696.048903,10.0.2.15,57950,95.100.183.141,443,tcp,119.00436799999989,3530.0,73687.0,RSTO,True,False,0,ShADadTFR,71,6386,117,78371,ssl,0
5696.348546,CCTIr91LVJShSxUib2,10.0.2.15,57949,95.100.183.141,443,TLSv12,TLS_ECDHE_RSA_WITH_AES_256_GCM_SHA384,secp256r1,cdn.slidesharecdn.com,False,True,CsxknGIti,"['b4e6f0481617be2f5b63aa6657d452ddeff15095dd3bd0e3df38b03739388829', '154c433c491929c5ef686e838e323664a00e6a0d822ccc958fb4dab03e49a08f']",[],1.0,0ffee3ba8e615ad22535e7f771690a28,2b33c1374db4ddf06942f92373c0b54b,http/1.1,,5696.046815,10.0.2.15,57949,95.100.183.141,443,tcp,82.07500900000014,2313.0,93063.0,RSTR,True,False,0,ShADadTFRr,63,4846,121,97907,ssl,0
5696.354469,CSnDB22mQDXgNgLmjl,10.0.2.15,57948,95.100.183.141,443,TLSv12,TLS_ECDHE_RSA_WITH_AES_256_GCM_SHA384,secp256r1,cdn.slidesharecdn.com,False,True,CsxknGIti,"['b4e6f0481617be2f5b63aa6657d452ddeff15095dd3bd0e3df38b03739388829', '154c433c491929c5ef686e838e323664a00e6a0d822ccc958fb4dab03e49a08f']",[],1.0,0ffee3ba8e615ad22535e7f771690a28,2b33c1374db4ddf06942f92373c0b54b,http/1.1,,5696.04398,10.0.2.15,57948,95.100.183.141,443,tcp,81.74854400000004,2338.0,123289.0,RSTR,True,False,0,ShADadTFRr,74,5312,156,129533,ssl,0
5696.357653,C3rvYf3SXhsRl8Dhed,10.0.2.15,57947,95.100.183.141,443,TLSv12,TLS_ECDHE_RSA_WITH_AES_256_GCM_SHA384,secp256r1,cdn.slidesharecdn.com,False,True,CsxknGIti,"['b4e6f0481617be2f5b63aa6657d452ddeff15095dd3bd0e3df38b03739388829', '154c433c491929c5ef686e838e323664a00e6a0d822ccc958fb4dab03e49a08f']",[],1.0,0ffee3ba8e615ad22535e7f771690a28,2b33c1374db4ddf06942f92373c0b54b,http/1.1,,5696.041842,10.0.2.15,57947,95.100.183.141,443,tcp,81.9238860000005,2354.0,106092.0,RSTR,True,False,0,ShADadTFRr,78,5487,143,111816,ssl,0
5697.310794,CPdmWnNuvirt59Bjh,10.0.2.15,57953,95.100.183.141,443,TLSv12,TLS_ECDHE_RSA_WITH_AES_256_GCM_SHA384,,cdn.slidesharecdn.com,True,True,CsiI,,,,1a5fe5677b0e4fbbc854e8908225637d,410b9bedaf65dd26c6fe547154d60db4,http/1.1,,5696.852613,10.0.2.15,57953,95.100.183.141,443,tcp,6.787682999999561,599.0,183.0,SF,True,False,0,ShADadFfRr,9,967,9,547,ssl,0
5697.318802,Cecftd3gw5oOxBcy11,10.0.2.15,57952,95.100.183.141,443,TLSv12,TLS_ECDHE_RSA_WITH_AES_256_GCM_SHA384,,cdn.slidesharecdn.com,True,True,CsiI,,,,1a5fe5677b0e4fbbc854e8908225637d,410b9bedaf65dd26c6fe547154d60db4,http/1.1,,5696.849925,10.0.2.15,57952,95.100.183.141,443,tcp,6.768989999999576,599.0,183.0,SF,True,False,0,ShADadFfRr,9,967,9,547,ssl,0
5697.322798,CBQDrTl7ckvie40Xi,10.0.2.15,57954,95.100.183.141,443,TLSv12,TLS_ECDHE_RSA_WITH_AES_256_GCM_SHA384,,public.slidesharecdn.com,True,True,CsiI,,,,1a5fe5677b0e4fbbc854e8908225637d,410b9bedaf65dd26c6fe547154d60db4,http/1.1,,5696.856696,10.0.2.15,57954,95.100.183.141,443,tcp,6.783545000000231,599.0,183.0,SF,True,False,0,ShADadFfRr,9,967,9,547,ssl,0
5701.601587,CvnbgUlCpIrMBAxv2,10.0.2.15,57955,185.63.144.1,443,TLSv12,TLS_ECDHE_RSA_WITH_AES_128_GCM_SHA256,secp256r1,www.linkedin.com,False,True,CsxknGIi,"['a28e053239e20a7c1dd0d41bb7b4a19d07e13372b3a571de58477de8e4e011f1', '154c433c491929c5ef686e838e323664a00e6a0d822ccc958fb4dab03e49a08f']",[],1.0,0ffee3ba8e615ad22535e7f771690a28,c4b2785a87896e19d37eee932070cb22,h2,,5701.259763,10.0.2.15,57955,185.63.144.1,443,tcp,306.352938,6458.0,8463.0,SF,True,False,0,ShADadfF,36,7906,41,10107,ssl,0
5704.164012,CHw8P34DZRLD83KHlk,10.0.2.15,57957,37.252.172.12,443,TLSv12,TLS_ECDHE_RSA_WITH_AES_256_GCM_SHA384,secp256r1,secure.adnxs.com,False,True,CsxuknGIti,"['5b081650e8034418a37504ce0820892be5a66474578207711eb688243fe1a8f2', '074541ecdf88ed992ed5ade3ecddef27a26ba1b44480a195c0a8dadae2521d8e']",[],1.0,0ffee3ba8e615ad22535e7f771690a28,d53e4608f956df65bb2b8a8c4d3b025d,,,5704.11567,10.0.2.15,57957,37.252.172.12,443,tcp,10.679395000000111,3265.0,6016.0,SF,True,False,0,ShADadTfF,13,3794,17,6700,ssl,0
5716.69769,CemFH8v7oRABCFthk,10.0.2.15,57983,95.100.183.141,443,TLSv12,TLS_ECDHE_RSA_WITH_AES_256_GCM_SHA384,,cdn.slidesharecdn.com,True,True,CsiI,,,,1a5fe5677b0e4fbbc854e8908225637d,410b9bedaf65dd26c6fe547154d60db4,http/1.1,,5714.818776,10.0.2.15,57983,95.100.183.141,443,tcp,8.550223000000187,599.0,183.0,SF,True,False,0,ShADadFfRr,8,927,9,547,ssl,0
5715.216453,CaJSWQyi9T2CeAmA2,10.0.2.15,57976,95.100.183.141,443,TLSv12,TLS_ECDHE_RSA_WITH_AES_256_GCM_SHA384,,cdn.slidesharecdn.com,True,True,CsiI,,,,1a5fe5677b0e4fbbc854e8908225637d,410b9bedaf65dd26c6fe547154d60db4,http/1.1,,5714.367845,10.0.2.15,57976,95.100.183.141,443,tcp,9.004672000000028,599.0,183.0,SF,True,False,0,ShADadFfRr,8,927,9,547,ssl,0
5716.694439,CFbhl83tlHupW2I88d,10.0.2.15,57984,95.100.191.4,443,TLSv12,TLS_ECDHE_RSA_WITH_AES_256_GCM_SHA384,secp256r1,sb.scorecardresearch.com,False,True,CsxknGIti,"['a523ef18d09457b0fe5084a65e99053ed280f9473c38bc9ddade90f9ae25f115', '111006378afbe8e99bb02ba87390ca429fca2773f74d7f7eb5744f5ddf68014b', '4f32d5dc00f715250abcc486511e37f501a899deb3bf7ea8adbbd3aef1c412da']",[],1.0,0ffee3ba8e615ad22535e7f771690a28,2b33c1374db4ddf06942f92373c0b54b,http/1.1,,5714.819544,10.0.2.15,57984,95.100.191.4,443,tcp,9.001205000000482,390.0,5199.0,SF,True,False,0,ShADadFfRr,12,878,14,5763,ssl,0
5714.798617,Ct6fOo4H81RWQVrqH5,10.0.2.15,57975,95.100.191.4,443,TLSv12,TLS_ECDHE_RSA_WITH_AES_256_GCM_SHA384,secp256r1,sb.scorecardresearch.com,False,True,CsxknGIti,"['a523ef18d09457b0fe5084a65e99053ed280f9473c38bc9ddade90f9ae25f115', '111006378afbe8e99bb02ba87390ca429fca2773f74d7f7eb5744f5ddf68014b', '4f32d5dc00f715250abcc486511e37f501a899deb3bf7ea8adbbd3aef1c412da']",[],1.0,0ffee3ba8e615ad22535e7f771690a28,2b33c1374db4ddf06942f92373c0b54b,http/1.1,,5713.819222,10.0.2.15,57975,95.100.191.4,443,tcp,6.996113999999579,359.0,5199.0,SF,True,False,0,ShADadFfRr,11,807,14,5763,ssl,0
5714.803134,CejrZA9DmSd5CpnCi,10.0.2.15,57974,95.100.191.4,443,TLSv12,TLS_ECDHE_RSA_WITH_AES_256_GCM_SHA384,secp256r1,sb.scorecardresearch.com,False,True,CsxknGIti,"['a523ef18d09457b0fe5084a65e99053ed280f9473c38bc9ddade90f9ae25f115', '111006378afbe8e99bb02ba87390ca429fca2773f74d7f7eb5744f5ddf68014b', '4f32d5dc00f715250abcc486511e37f501a899deb3bf7ea8adbbd3aef1c412da']",[],1.0,0ffee3ba8e615ad22535e7f771690a28,2b33c1374db4ddf06942f92373c0b54b,http/1.1,,5713.818629,10.0.2.15,57974,95.100.191.4,443,tcp,9.57921499999975,390.0,5199.0,SF,True,False,0,ShADadFfRr,12,878,15,5803,ssl,0
5715.690266,CqCxa7piueTvPB4i8,10.0.2.15,57978,95.100.183.141,443,TLSv12,TLS_ECDHE_RSA_WITH_AES_256_GCM_SHA384,,cdn.slidesharecdn.com,True,True,CsiI,,,,1a5fe5677b0e4fbbc854e8908225637d,410b9bedaf65dd26c6fe547154d60db4,http/1.1,,5714.393949,10.0.2.15,57978,95.100.183.141,443,tcp,7.073429000000033,599.0,183.0,SF,True,False,0,ShADadFfRr,8,927,9,547,ssl,0
5715.676467,CjVbSO2NsfyNpKpp1b,10.0.2.15,57977,95.100.191.4,443,TLSv12,TLS_ECDHE_RSA_WITH_AES_256_GCM_SHA384,secp256r1,sb.scorecardresearch.com,False,True,CsxknGIti,"['a523ef18d09457b0fe5084a65e99053ed280f9473c38bc9ddade90f9ae25f115', '111006378afbe8e99bb02ba87390ca429fca2773f74d7f7eb5744f5ddf68014b', '4f32d5dc00f715250abcc486511e37f501a899deb3bf7ea8adbbd3aef1c412da']",[],1.0,0ffee3ba8e615ad22535e7f771690a28,2b33c1374db4ddf06942f92373c0b54b,http/1.1,,5714.39072,10.0.2.15,57977,95.100.191.4,443,tcp,8.981750999999349,390.0,5199.0,SF,True,False,0,ShADadFfRr,11,838,13,5723,ssl,0
5724.534148,C6FqVL249w3pHFGPWl,10.0.2.15,57993,23.64.15.8,443,TLSv12,TLS_ECDHE_ECDSA_WITH_AES_256_GCM_SHA384,secp256r1,iicbsi-a.akamaihd.net,False,True,CsxuknGIti,"['56d0de4121d9daaea7a1ed67ff7b49ba2ea3d77cbab1c27901ee618b74a29e16', '2e2861289b5ccedecae4c31bf262e0fb0c29b6c1530573442731ca65d821e901']",[],1.0,0ffee3ba8e615ad22535e7f771690a28,ca6f3b7b341bf732d741bd93e9b37436,http/1.1,,5723.705,10.0.2.15,57993,23.64.15.8,443,tcp,128.96554800000013,701.0,4223.0,SF,True,False,0,ShADadTTFf,23,1641,24,5187,ssl,0
5733.792824,C8lHTB3F34hwLge4Di,10.0.2.15,58007,95.101.252.144,443,TLSv12,TLS_ECDHE_RSA_WITH_AES_256_GCM_SHA384,secp256r1,z.moatads.com,False,True,CsxknGIti,"['435a847bccecae336a1a751c2209ae3f32a8cda1aae8b0da90f1755f7ede9adc', 'e6683e88315cd1cb403c0cea490f7c4b4c82c91cd485037489aadbaa90839f61', '3c35cc963eb004451323d3275d05b353235053490d9cd83729a2faf5e7ca1cc0']",[],1.0,0ffee3ba8e615ad22535e7f771690a28,2b33c1374db4ddf06942f92373c0b54b,http/1.1,,5733.337562,10.0.2.15,58007,95.101.252.144,443,tcp,7.760761999999886,379.0,4238.0,SF,True,False,0,ShADadFfRr,11,827,12,4722,ssl,0
5734.032177,C5RnJs3TlBjsqJibR5,10.0.2.15,58009,95.101.252.144,443,TLSv12,TLS_ECDHE_RSA_WITH_AES_256_GCM_SHA384,secp256r1,z.moatads.com,False,True,CsxknGIti,"['435a847bccecae336a1a751c2209ae3f32a8cda1aae8b0da90f1755f7ede9adc', 'e6683e88315cd1cb403c0cea490f7c4b4c82c91cd485037489aadbaa90839f61', '3c35cc963eb004451323d3275d05b353235053490d9cd83729a2faf5e7ca1cc0']",[],1.0,0ffee3ba8e615ad22535e7f771690a28,2b33c1374db4ddf06942f92373c0b54b,http/1.1,,5733.338851,10.0.2.15,58009,95.101.252.144,443,tcp,7.762518999999884,379.0,4238.0,SF,True,False,0,ShADadFfRr,11,827,12,4722,ssl,0
5737.819185,Cdlhkx1awEh65Ocael,10.0.2.15,58014,95.100.191.4,443,TLSv12,TLS_ECDHE_RSA_WITH_AES_256_GCM_SHA384,,sb.scorecardresearch.com,True,True,CsiI,,,,1a5fe5677b0e4fbbc854e8908225637d,410b9bedaf65dd26c6fe547154d60db4,http/1.1,,5737.449432,10.0.2.15,58014,95.100.191.4,443,tcp,189.3957819999996,2449.0,1014.0,SF,True,False,0,ShADadTTFfRr,31,3714,32,2298,ssl,0
5738.01474,CKu5rXA0vbQVIUXck,10.0.2.15,58015,216.58.201.72,443,TLSv12,TLS_ECDHE_RSA_WITH_AES_128_GCM_SHA256,,ssl.google-analytics.com,True,True,CsiI,,,,1a5fe5677b0e4fbbc854e8908225637d,67619a80665d7ab92d1041b1d11f9164,h2,,5737.450908,10.0.2.15,58015,216.58.201.72,443,tcp,266.548769,7062.0,2173.0,SF,True,False,0,ShADadFf,39,8630,50,4177,ssl,0
5738.33398,Ch2WqN3eTARcVzKgX7,10.0.2.15,58019,52.200.5.59,443,TLSv12,TLS_ECDHE_RSA_WITH_AES_128_GCM_SHA256,secp256r1,geo.moatads.com,False,True,CsxknGIi,"['a1f5b668b42edb358e83f7846b2d9b47b4c87d7ba7c20aecdceea13939a70e76', 'e6683e88315cd1cb403c0cea490f7c4b4c82c91cd485037489aadbaa90839f61']",[],1.0,0ffee3ba8e615ad22535e7f771690a28,303951d4c50efb2e991652225a6f02b1,,,5737.461751,10.0.2.15,58019,52.200.5.59,443,tcp,66.047552,2155.0,3398.0,SF,True,False,0,ShADadTFf,18,2889,20,4202,ssl,0
5738.340197,CFyr9b4FUnpD9oQ7n3,10.0.2.15,58021,52.200.5.59,443,TLSv12,TLS_ECDHE_RSA_WITH_AES_128_GCM_SHA256,secp256r1,geo.moatads.com,False,True,CsxknGIi,"['a1f5b668b42edb358e83f7846b2d9b47b4c87d7ba7c20aecdceea13939a70e76', 'e6683e88315cd1cb403c0cea490f7c4b4c82c91cd485037489aadbaa90839f61']",[],1.0,0ffee3ba8e615ad22535e7f771690a28,303951d4c50efb2e991652225a6f02b1,,,5737.680086,10.0.2.15,58021,52.200.5.59,443,tcp,65.79102799999964,2159.0,3399.0,SF,True,False,0,ShADadTFf,17,2853,19,4163,ssl,0
5738.34385,CMl8em3XBxNNeD4kpb,10.0.2.15,58020,52.200.5.59,443,TLSv12,TLS_ECDHE_RSA_WITH_AES_128_GCM_SHA256,secp256r1,geo.moatads.com,False,True,CsxknGIi,"['a1f5b668b42edb358e83f7846b2d9b47b4c87d7ba7c20aecdceea13939a70e76', 'e6683e88315cd1cb403c0cea490f7c4b4c82c91cd485037489aadbaa90839f61']",[],1.0,0ffee3ba8e615ad22535e7f771690a28,303951d4c50efb2e991652225a6f02b1,,,5737.679551,10.0.2.15,58020,52.200.5.59,443,tcp,65.79749300000003,2165.0,3399.0,SF,True,False,0,ShADadTFf,17,2859,19,4163,ssl,0
5738.335271,CYBWHz463Z2PoPVpCf,10.0.2.15,58018,52.200.5.59,443,TLSv12,TLS_ECDHE_RSA_WITH_AES_128_GCM_SHA256,secp256r1,geo.moatads.com,False,True,CsxknGIi,"['a1f5b668b42edb358e83f7846b2d9b47b4c87d7ba7c20aecdceea13939a70e76', 'e6683e88315cd1cb403c0cea490f7c4b4c82c91cd485037489aadbaa90839f61']",[],1.0,0ffee3ba8e615ad22535e7f771690a28,303951d4c50efb2e991652225a6f02b1,,,5737.460681,10.0.2.15,58018,52.200.5.59,443,tcp,66.02780600000006,2170.0,3399.0,SF,True,False,0,ShADadTFf,18,2904,20,4203,ssl,0
5739.611452,CYQPKtdaKL4gT8zy,10.0.2.15,58022,52.200.5.59,443,TLSv12,TLS_ECDHE_RSA_WITH_AES_128_GCM_SHA256,secp256r1,geo.moatads.com,False,True,CsxknGIi,"['a1f5b668b42edb358e83f7846b2d9b47b4c87d7ba7c20aecdceea13939a70e76', 'e6683e88315cd1cb403c0cea490f7c4b4c82c91cd485037489aadbaa90839f61']",[],1.0,0ffee3ba8e615ad22535e7f771690a28,303951d4c50efb2e991652225a6f02b1,,,5738.349135,10.0.2.15,58022,52.200.5.59,443,tcp,7.107463999999709,349.0,3157.0,SF,True,False,0,ShADadFfRr,10,757,12,3641,ssl,0
5746.476624,Cj9l7f34hA2akzMFM1,10.0.2.15,58030,95.100.181.96,443,TLSv12,TLS_ECDHE_RSA_WITH_AES_256_GCM_SHA384,secp256r1,www.travelocity.com,False,True,CsxknGIti,"['996dca288512d22817b80378b9f433dcb90864b5c2207406ab304ddb09ad8862', 'eae72eb454bf6c3977ebd289e970b2f5282949190093d0d26f98d0f0d6a9cf17', '8420dfbe376f414bf4c0a81e6936d24ccc03f304835b86c7a39142fca723a689']",[],1.0,0ffee3ba8e615ad22535e7f771690a28,2b33c1374db4ddf06942f92373c0b54b,http/1.1,,5746.032481,10.0.2.15,58030,95.100.181.96,443,tcp,101.2241269999995,22572.0,218271.0,RSTO,True,False,0,ShADadTFR,106,26823,237,227755,ssl,0
5746.477936,CFSgtY1bZPxp5SCASl,10.0.2.15,58031,95.100.181.96,443,TLSv12,TLS_ECDHE_RSA_WITH_AES_256_GCM_SHA384,secp256r1,www.travelocity.com,False,True,CsxknGIti,"['996dca288512d22817b80378b9f433dcb90864b5c2207406ab304ddb09ad8862', 'eae72eb454bf6c3977ebd289e970b2f5282949190093d0d26f98d0f0d6a9cf17', '8420dfbe376f414bf4c0a81e6936d24ccc03f304835b86c7a39142fca723a689']",[],1.0,0ffee3ba8e615ad22535e7f771690a28,2b33c1374db4ddf06942f92373c0b54b,http/1.1,,5746.033177,10.0.2.15,58031,95.100.181.96,443,tcp,102.20256400000017,17693.0,53095.0,SF,True,False,0,ShADadTFfRr,51,19746,81,56339,ssl,0
5746.792577,CC5fsPPm7jcqhSwN4,10.0.2.15,58032,34.249.129.150,443,TLSv12,TLS_ECDHE_RSA_WITH_AES_128_GCM_SHA256,secp256r1,ml314.com,False,True,CsxknGIi,"['350428d86863ba92425e23f0c8836ec422cc4b56220a31ec2255d8f6e9f2c779', '02ab57e4e67a0cb48dd2ff34830e8ac40f4476fb08ca6be3f5cd846f646840f0', '4f32d5dc00f715250abcc486511e37f501a899deb3bf7ea8adbbd3aef1c412da', '687fa451382278fff0c8b11f8d43d576671c6eb2bceab413fb83d965d06d2ff2']",[],1.0,0ffee3ba8e615ad22535e7f771690a28,303951d4c50efb2e991652225a6f02b1,,,5746.474897,10.0.2.15,58032,34.249.129.150,443,tcp,68.77065200000015,969.0,6389.0,SF,True,False,0,ShADadTFf,17,1663,20,7193,ssl,0
5746.793702,Cs7HNu1b4dfKfLkCr8,10.0.2.15,58033,34.249.129.150,443,TLSv12,TLS_ECDHE_RSA_WITH_AES_128_GCM_SHA256,secp256r1,ml314.com,False,True,CsxknGIi,"['350428d86863ba92425e23f0c8836ec422cc4b56220a31ec2255d8f6e9f2c779', '02ab57e4e67a0cb48dd2ff34830e8ac40f4476fb08ca6be3f5cd846f646840f0', '4f32d5dc00f715250abcc486511e37f501a899deb3bf7ea8adbbd3aef1c412da', '687fa451382278fff0c8b11f8d43d576671c6eb2bceab413fb83d965d06d2ff2']",[],1.0,0ffee3ba8e615ad22535e7f771690a28,303951d4c50efb2e991652225a6f02b1,,,5746.478776,10.0.2.15,58033,34.249.129.150,443,tcp,11.104253000000426,375.0,5935.0,SF,True,False,0,ShADadTFfRr,13,904,17,6619,ssl,0
5747.807294,CTIjvU1EGqyRF3ykxc,10.0.2.15,58034,52.216.64.32,443,TLSv12,TLS_ECDHE_RSA_WITH_AES_128_GCM_SHA256,secp256r1,slideshare-wordpress-blog-pictures.s3.amazonaws.com,False,True,CsxknGIi,"['659a3d7684850e6d664f5131f9f8765469b9c7017b7a0e206f8c1c9445cb1c69', 'f9690880819f06cdcc0b2f224b207f2af6003fb57339b8679a160fa95208d62d']",[],1.0,0ffee3ba8e615ad22535e7f771690a28,ea615e28cb25adfb2f261151eab3314f,,,5747.208685,10.0.2.15,58034,52.216.64.32,443,tcp,10.1165060000003,730.0,126454.0,SF,True,False,0,ShADadFf,50,2738,133,131778,ssl,0
5748.063724,CERKIy3QgCwPYF3NNi,10.0.2.15,58035,52.216.64.32,443,TLSv12,TLS_ECDHE_RSA_WITH_AES_128_GCM_SHA256,secp256r1,slideshare-wordpress-blog-pictures.s3.amazonaws.com,False,True,CsxknGIi,"['659a3d7684850e6d664f5131f9f8765469b9c7017b7a0e206f8c1c9445cb1c69', 'f9690880819f06cdcc0b2f224b207f2af6003fb57339b8679a160fa95208d62d']",[],1.0,0ffee3ba8e615ad22535e7f771690a28,ea615e28cb25adfb2f261151eab3314f,,,5747.218982,10.0.2.15,58035,52.216.64.32,443,tcp,10.458571999999547,385.0,3040.0,RSTO,True,False,0,ShADadFR,10,793,12,3524,ssl,0
5752.514898,CUjxql1xOnfMt7QGY7,10.0.2.15,58052,95.100.181.96,443,TLSv12,TLS_ECDHE_RSA_WITH_AES_256_GCM_SHA384,,www.travelocity.com,True,True,CsiI,,,,1a5fe5677b0e4fbbc854e8908225637d,410b9bedaf65dd26c6fe547154d60db4,http/1.1,,5751.497904,10.0.2.15,58052,95.100.181.96,443,tcp,96.68305400000008,22740.0,41802.0,SF,True,False,0,ShADadTFf,54,24913,75,44806,ssl,0
5752.511026,CORlp23nuph9WsrH5k,10.0.2.15,58053,172.217.23.202,443,TLSv12,TLS_ECDHE_RSA_WITH_AES_128_GCM_SHA256,x25519,maps.googleapis.com,False,True,CsxknGIti,"['0ca616f3b5a49ded9af60777a33ae7119bfd6de6a815dbee0b64d5d69491aa06', '9f630426df1d8abfd80ace98871ba833ab9742cb34838de2b5285ed54c0c7dcc', '3c35cc963eb004451323d3275d05b353235053490d9cd83729a2faf5e7ca1cc0']",[],1.0,0ffee3ba8e615ad22535e7f771690a28,ab41313cfec25328b20865eb1388e0a2,h2,,5751.498723,10.0.2.15,58053,172.217.23.202,443,tcp,1057.3092450000004,5244.0,232323.0,SF,True,False,0,ShADadFf,167,11932,318,245047,ssl,0
5752.534608,C8x5Cl3OoByOivvwgg,10.0.2.15,58050,95.101.240.50,443,TLSv12,TLS_ECDHE_RSA_WITH_AES_256_GCM_SHA384,secp256r1,a.travel-assets.com,False,True,CsxknGIti,"['e6d4bceaba95ae89650739d728ae3518f34398c46a2a943e1e3873533fdf5319', '074541ecdf88ed992ed5ade3ecddef27a26ba1b44480a195c0a8dadae2521d8e']",[],1.0,0ffee3ba8e615ad22535e7f771690a28,2b33c1374db4ddf06942f92373c0b54b,http/1.1,,5751.496454,10.0.2.15,58050,95.101.240.50,443,tcp,95.30334399999992,3106.0,131702.0,SF,True,False,0,ShADadTFfRr,68,5839,146,137546,ssl,0
5752.522774,C46tpoq5wRPHNNvQ8,10.0.2.15,58051,95.101.251.103,443,TLSv12,TLS_ECDHE_RSA_WITH_AES_256_GCM_SHA384,secp256r1,www.expedia.com,False,True,CsxknGIti,"['5dfe1d03dd82ee1965e272129fe7467c37d15c49947c150f64bb992c266c9e7d', '074541ecdf88ed992ed5ade3ecddef27a26ba1b44480a195c0a8dadae2521d8e']",[],1.0,0ffee3ba8e615ad22535e7f771690a28,2b33c1374db4ddf06942f92373c0b54b,http/1.1,,5751.497359,10.0.2.15,58051,95.101.251.103,443,tcp,224.9694689999997,1074.0,6781.0,SF,True,False,0,ShADadTTFf,35,2503,36,8225,ssl,0
5752.545726,C4C2mC4qghQgDfnKJc,10.0.2.15,58049,95.101.240.50,443,TLSv12,TLS_ECDHE_RSA_WITH_AES_256_GCM_SHA384,secp256r1,c.travel-assets.com,False,True,CsxknGIti,"['e6d4bceaba95ae89650739d728ae3518f34398c46a2a943e1e3873533fdf5319', '074541ecdf88ed992ed5ade3ecddef27a26ba1b44480a195c0a8dadae2521d8e']",[],1.0,0ffee3ba8e615ad22535e7f771690a28,2b33c1374db4ddf06942f92373c0b54b,http/1.1,,5751.495493,10.0.2.15,58049,95.101.240.50,443,tcp,158.56729799999994,751.0,71028.0,RSTO,True,False,0,ShADadTTFR,47,2654,87,74512,ssl,0
5752.561993,Cv8Se62Alj83RWNREl,10.0.2.15,58048,95.101.240.50,443,TLSv12,TLS_ECDHE_RSA_WITH_AES_256_GCM_SHA384,secp256r1,b.travel-assets.com,False,True,CsxknGIti,"['e6d4bceaba95ae89650739d728ae3518f34398c46a2a943e1e3873533fdf5319', '074541ecdf88ed992ed5ade3ecddef27a26ba1b44480a195c0a8dadae2521d8e']",[],1.0,0ffee3ba8e615ad22535e7f771690a28,2b33c1374db4ddf06942f92373c0b54b,http/1.1,,5751.494704,10.0.2.15,58048,95.101.240.50,443,tcp,230.2091300000002,2392.0,17466.0,SF,True,False,0,ShADadTTFRfr,45,4221,52,19550,ssl,0
5752.563352,CqVGfe1jAM1xL6DNRd,10.0.2.15,58047,95.101.240.50,443,TLSv12,TLS_ECDHE_RSA_WITH_AES_256_GCM_SHA384,secp256r1,b.travel-assets.com,False,True,CsxknGIti,"['e6d4bceaba95ae89650739d728ae3518f34398c46a2a943e1e3873533fdf5319', '074541ecdf88ed992ed5ade3ecddef27a26ba1b44480a195c0a8dadae2521d8e']",[],1.0,0ffee3ba8e615ad22535e7f771690a28,2b33c1374db4ddf06942f92373c0b54b,http/1.1,,5751.493788,10.0.2.15,58047,95.101.240.50,443,tcp,230.46824000000012,2784.0,56473.0,RSTO,True,False,0,ShADadTTFR,52,4893,87,59957,ssl,0
5752.572004,CUcVoWjwhabaVJapa,10.0.2.15,58046,95.101.240.50,443,TLSv12,TLS_ECDHE_RSA_WITH_AES_256_GCM_SHA384,secp256r1,b.travel-assets.com,False,True,CsxknGIti,"['e6d4bceaba95ae89650739d728ae3518f34398c46a2a943e1e3873533fdf5319', '074541ecdf88ed992ed5ade3ecddef27a26ba1b44480a195c0a8dadae2521d8e']",[],1.0,0ffee3ba8e615ad22535e7f771690a28,2b33c1374db4ddf06942f92373c0b54b,http/1.1,,5751.491866,10.0.2.15,58046,95.101.240.50,443,tcp,230.194743,1969.0,15156.0,RSTO,True,False,0,ShADadTTFR,40,3598,46,17000,ssl,0
5752.584219,CqdwBB3ZR4qKYzbbQa,10.0.2.15,58045,95.101.240.50,443,TLSv12,TLS_ECDHE_RSA_WITH_AES_256_GCM_SHA384,secp256r1,b.travel-assets.com,False,True,CsxknGIti,"['e6d4bceaba95ae89650739d728ae3518f34398c46a2a943e1e3873533fdf5319', '074541ecdf88ed992ed5ade3ecddef27a26ba1b44480a195c0a8dadae2521d8e']",[],1.0,0ffee3ba8e615ad22535e7f771690a28,2b33c1374db4ddf06942f92373c0b54b,http/1.1,,5751.490622,10.0.2.15,58045,95.101.240.50,443,tcp,230.5859959999998,2395.0,43109.0,RSTO,True,False,0,ShADadTTFR,51,4464,75,46113,ssl,0
5752.590503,CD6dSZ3nMHBgEbov36,10.0.2.15,58044,95.101.240.50,443,TLSv12,TLS_ECDHE_RSA_WITH_AES_256_GCM_SHA384,secp256r1,b.travel-assets.com,False,True,CsxknGIti,"['e6d4bceaba95ae89650739d728ae3518f34398c46a2a943e1e3873533fdf5319', '074541ecdf88ed992ed5ade3ecddef27a26ba1b44480a195c0a8dadae2521d8e']",[],1.0,0ffee3ba8e615ad22535e7f771690a28,2b33c1374db4ddf06942f92373c0b54b,http/1.1,,5751.488252,10.0.2.15,58044,95.101.240.50,443,tcp,251.51455600000008,3220.0,77994.0,SF,True,False,0,ShADadTTFfRr,67,5930,111,82438,ssl,0
5752.604015,CCT6FHxOM9DGSMqa,10.0.2.15,58043,95.101.240.50,443,TLSv12,TLS_ECDHE_RSA_WITH_AES_256_GCM_SHA384,secp256r1,a.travel-assets.com,False,True,CsxknGIti,"['e6d4bceaba95ae89650739d728ae3518f34398c46a2a943e1e3873533fdf5319', '074541ecdf88ed992ed5ade3ecddef27a26ba1b44480a195c0a8dadae2521d8e']",[],1.0,0ffee3ba8e615ad22535e7f771690a28,2b33c1374db4ddf06942f92373c0b54b,http/1.1,,5751.487544,10.0.2.15,58043,95.101.240.50,443,tcp,273.77881700000034,2039.0,239174.0,SF,True,False,0,ShADadTTFfRr,140,7671,313,251698,ssl,0
5752.61213,C6H67N29DqB9bQcYIc,10.0.2.15,58042,95.101.240.50,443,TLSv12,TLS_ECDHE_RSA_WITH_AES_256_GCM_SHA384,secp256r1,b.travel-assets.com,False,True,CsxknGIti,"['e6d4bceaba95ae89650739d728ae3518f34398c46a2a943e1e3873533fdf5319', '074541ecdf88ed992ed5ade3ecddef27a26ba1b44480a195c0a8dadae2521d8e']",[],1.0,0ffee3ba8e615ad22535e7f771690a28,2b33c1374db4ddf06942f92373c0b54b,http/1.1,,5751.477702,10.0.2.15,58042,95.101.240.50,443,tcp,230.5701529999997,1958.0,14739.0,SF,True,False,0,ShADadTTFRfr,41,3627,47,16623,ssl,0
5754.569136,C1qcmIfE0mUCIktc3,10.0.2.15,58060,95.100.181.96,443,TLSv12,TLS_ECDHE_RSA_WITH_AES_256_GCM_SHA384,,www.travelocity.com,True,True,CsiI,,,,1a5fe5677b0e4fbbc854e8908225637d,410b9bedaf65dd26c6fe547154d60db4,http/1.1,,5754.246977,10.0.2.15,58060,95.100.181.96,443,tcp,6.591766000000462,599.0,183.0,SF,True,False,0,ShADadFfRr,8,927,9,547,ssl,0
5754.648267,CWbdYL2HanlPYqVMa9,10.0.2.15,58059,95.100.181.96,443,TLSv12,TLS_ECDHE_RSA_WITH_AES_256_GCM_SHA384,,www.travelocity.com,True,True,CsiI,,,,1a5fe5677b0e4fbbc854e8908225637d,410b9bedaf65dd26c6fe547154d60db4,http/1.1,,5754.243155,10.0.2.15,58059,95.100.181.96,443,tcp,6.602574999999888,599.0,183.0,SF,True,False,0,ShADadFfRr,8,927,9,547,ssl,0
5754.84983,CLlyvw2TJVEAIcIm8,10.0.2.15,58056,95.100.181.96,443,TLSv12,TLS_ECDHE_RSA_WITH_AES_256_GCM_SHA384,,www.travelocity.com,True,True,CsiI,,,,1a5fe5677b0e4fbbc854e8908225637d,410b9bedaf65dd26c6fe547154d60db4,http/1.1,,5754.236415,10.0.2.15,58056,95.100.181.96,443,tcp,6.6128069999995205,599.0,183.0,SF,True,False,0,ShADadFfRr,8,927,9,547,ssl,0
5754.844842,C3drza2z8iYNievC16,10.0.2.15,58058,95.101.240.50,443,TLSv12,TLS_ECDHE_RSA_WITH_AES_256_GCM_SHA384,secp256r1,a.travel-assets.com,False,True,CsxknGIti,"['e6d4bceaba95ae89650739d728ae3518f34398c46a2a943e1e3873533fdf5319', '074541ecdf88ed992ed5ade3ecddef27a26ba1b44480a195c0a8dadae2521d8e']",[],1.0,0ffee3ba8e615ad22535e7f771690a28,2b33c1374db4ddf06942f92373c0b54b,http/1.1,,5754.241472,10.0.2.15,58058,95.101.240.50,443,tcp,155.79065700000046,1122.0,13509.0,SF,True,False,0,ShADadTTFfRr,31,2384,38,15033,ssl,0
5754.846334,Cp24GhlMUxyQvPKJb,10.0.2.15,58057,95.101.240.50,443,TLSv12,TLS_ECDHE_RSA_WITH_AES_256_GCM_SHA384,secp256r1,a.travel-assets.com,False,True,CsxknGIti,"['e6d4bceaba95ae89650739d728ae3518f34398c46a2a943e1e3873533fdf5319', '074541ecdf88ed992ed5ade3ecddef27a26ba1b44480a195c0a8dadae2521d8e']",[],1.0,0ffee3ba8e615ad22535e7f771690a28,2b33c1374db4ddf06942f92373c0b54b,http/1.1,,5754.238785,10.0.2.15,58057,95.101.240.50,443,tcp,227.4571080000005,1897.0,34420.0,SF,True,False,0,ShADadTTFf,46,3765,64,36984,ssl,0
5754.989147,Cq0iwf43XnSTvFWk01,10.0.2.15,58055,95.101.240.50,443,TLSv12,TLS_ECDHE_RSA_WITH_AES_256_GCM_SHA384,secp256r1,a.travel-assets.com,False,True,CsxknGIti,"['e6d4bceaba95ae89650739d728ae3518f34398c46a2a943e1e3873533fdf5319', '074541ecdf88ed992ed5ade3ecddef27a26ba1b44480a195c0a8dadae2521d8e']",[],1.0,0ffee3ba8e615ad22535e7f771690a28,2b33c1374db4ddf06942f92373c0b54b,http/1.1,,5754.23471,10.0.2.15,58055,95.101.240.50,443,tcp,271.0060229999999,1879.0,61143.0,SF,True,False,0,ShADadTTFfRr,60,4311,97,65027,ssl,0
5754.990993,CQjrud49Hc5ANXfWlk,10.0.2.15,58054,95.101.240.50,443,TLSv12,TLS_ECDHE_RSA_WITH_AES_256_GCM_SHA384,secp256r1,a.travel-assets.com,False,True,CsxknGIti,"['e6d4bceaba95ae89650739d728ae3518f34398c46a2a943e1e3873533fdf5319', '074541ecdf88ed992ed5ade3ecddef27a26ba1b44480a195c0a8dadae2521d8e']",[],1.0,0ffee3ba8e615ad22535e7f771690a28,2b33c1374db4ddf06942f92373c0b54b,http/1.1,,5754.232669,10.0.2.15,58054,95.101.240.50,443,tcp,155.8111170000002,1495.0,15482.0,SF,True,False,0,ShADadTTFRfr,31,2757,39,17046,ssl,0
5156.68277,C4FdF12RgyXjSUWuUj,10.0.2.15,57022,208.89.15.153,443,TLSv12,TLS_ECDHE_RSA_WITH_AES_256_GCM_SHA384,,91373412.va.cobrowse.liveperson.net,False,False,Cs,,,,0ffee3ba8e615ad22535e7f771690a28,758945630046fd37070521b8544d1fe8,,,5156.18738,10.0.2.15,57022,208.89.15.153,443,tcp,300.31187599999976,212.0,4380.0,SF,True,False,0,ShADadTFTf,37,1728,38,5904,ssl,0
5761.454781,C91Xdd2I78RlXv88Q6,10.0.2.15,58071,95.101.240.50,443,TLSv12,TLS_ECDHE_RSA_WITH_AES_256_GCM_SHA384,secp256r1,a.travel-assets.com,False,True,CsxknGIti,"['e6d4bceaba95ae89650739d728ae3518f34398c46a2a943e1e3873533fdf5319', '074541ecdf88ed992ed5ade3ecddef27a26ba1b44480a195c0a8dadae2521d8e']",[],1.0,0ffee3ba8e615ad22535e7f771690a28,2b33c1374db4ddf06942f92373c0b54b,http/1.1,,5761.424197,10.0.2.15,58071,95.101.240.50,443,tcp,7.332305999999335,353.0,4108.0,SF,True,False,0,ShADadFRfr,11,801,13,4632,ssl,0
5761.449492,ClZS3a3fXlGM13Ws6b,10.0.2.15,58068,95.101.251.103,443,TLSv12,TLS_ECDHE_RSA_WITH_AES_256_GCM_SHA384,secp256r1,images.trvl-media.com,False,True,CsxknGIti,"['5dfe1d03dd82ee1965e272129fe7467c37d15c49947c150f64bb992c266c9e7d', '074541ecdf88ed992ed5ade3ecddef27a26ba1b44480a195c0a8dadae2521d8e']",[],1.0,0ffee3ba8e615ad22535e7f771690a28,2b33c1374db4ddf06942f92373c0b54b,http/1.1,,5761.421215,10.0.2.15,58068,95.101.251.103,443,tcp,153.55857899999955,2204.0,42145.0,RSTR,True,False,0,ShADadTTFRr,46,4064,68,44869,ssl,0
5761.447592,C1uteDVAMuOGorgJ9,10.0.2.15,58067,95.101.240.50,443,TLSv12,TLS_ECDHE_RSA_WITH_AES_256_GCM_SHA384,secp256r1,a.travel-assets.com,False,True,CsxknGIti,"['e6d4bceaba95ae89650739d728ae3518f34398c46a2a943e1e3873533fdf5319', '074541ecdf88ed992ed5ade3ecddef27a26ba1b44480a195c0a8dadae2521d8e']",[],1.0,0ffee3ba8e615ad22535e7f771690a28,2b33c1374db4ddf06942f92373c0b54b,http/1.1,,5761.420227,10.0.2.15,58067,95.101.240.50,443,tcp,148.6298080000006,929.0,23473.0,SF,True,False,0,ShADadTTFfRr,30,2151,45,25277,ssl,0
5761.583692,CoPxXf2DsSt8SUbeEg,10.0.2.15,58070,95.101.251.103,443,TLSv12,TLS_ECDHE_RSA_WITH_AES_256_GCM_SHA384,secp256r1,images.trvl-media.com,False,True,CsxknGIti,"['5dfe1d03dd82ee1965e272129fe7467c37d15c49947c150f64bb992c266c9e7d', '074541ecdf88ed992ed5ade3ecddef27a26ba1b44480a195c0a8dadae2521d8e']",[],1.0,0ffee3ba8e615ad22535e7f771690a28,2b33c1374db4ddf06942f92373c0b54b,http/1.1,,5761.423677,10.0.2.15,58070,95.101.251.103,443,tcp,153.21817900000042,2567.0,79413.0,RSTR,True,False,0,ShADadTTFRr,63,5106,111,83857,ssl,0
5761.584376,CnLYZXCXFKaHBC2Zi,10.0.2.15,58069,95.101.251.103,443,TLSv12,TLS_ECDHE_RSA_WITH_AES_256_GCM_SHA384,secp256r1,images.trvl-media.com,False,True,CsxknGIti,"['5dfe1d03dd82ee1965e272129fe7467c37d15c49947c150f64bb992c266c9e7d', '074541ecdf88ed992ed5ade3ecddef27a26ba1b44480a195c0a8dadae2521d8e']",[],1.0,0ffee3ba8e615ad22535e7f771690a28,2b33c1374db4ddf06942f92373c0b54b,http/1.1,,5761.422164,10.0.2.15,58069,95.101.251.103,443,tcp,154.10986800000046,2558.0,54721.0,RSTR,True,False,0,ShADadTTFRr,49,4537,77,57805,ssl,0
5761.887814,CJudST1Il8unbm7gv1,10.0.2.15,58073,54.72.182.106,443,TLSv12,TLS_ECDHE_RSA_WITH_AES_128_GCM_SHA256,,dpm.demdex.net,True,True,CsiI,,,,0ffee3ba8e615ad22535e7f771690a28,303951d4c50efb2e991652225a6f02b1,,,5761.42757,10.0.2.15,58073,54.72.182.106,443,tcp,61.784687000000304,2429.0,1196.0,SF,True,False,0,ShADadTFf,15,3043,16,1840,ssl,0
5761.87685,C6cxht4MEm78gJCH4g,10.0.2.15,58072,216.58.212.131,443,TLSv12,TLS_ECDHE_ECDSA_WITH_AES_128_GCM_SHA256,x25519,csi.gstatic.com,False,True,CsxknGIti,"['11ddd329046367c19b32ffdb02ed308de129de4d6ffcf95856d7bd6a7accfba9', '9f630426df1d8abfd80ace98871ba833ab9742cb34838de2b5285ed54c0c7dcc', '3c35cc963eb004451323d3275d05b353235053490d9cd83729a2faf5e7ca1cc0']",[],1.0,0ffee3ba8e615ad22535e7f771690a28,84480cf8cf0e732666092640e581e1a5,h2,,5761.425478,10.0.2.15,58072,216.58.212.131,443,tcp,198.42328999999967,990.0,4822.0,SF,True,False,0,ShADadFf,22,1878,23,5746,ssl,0
5762.470101,CP30zB4h7er5JHbGu9,10.0.2.15,58075,95.101.251.103,443,TLSv12,TLS_ECDHE_RSA_WITH_AES_256_GCM_SHA384,,images.trvl-media.com,True,True,CsiI,,,,1a5fe5677b0e4fbbc854e8908225637d,410b9bedaf65dd26c6fe547154d60db4,http/1.1,,5762.289469,10.0.2.15,58075,95.101.251.103,443,tcp,6.402936999999838,599.0,183.0,SF,True,False,0,ShADadFfRr,8,927,9,547,ssl,0
5762.754838,C2b70O1fZwRHkk67ma,10.0.2.15,58077,172.217.23.226,443,TLSv12,TLS_ECDHE_RSA_WITH_AES_128_GCM_SHA256,x25519,pubads.g.doubleclick.net,False,True,CsxknGIti,"['a32ffddd76f9e7debbfc9a37b38d2ef86039b30a10d7c45ab8223d149cf99699', '9f630426df1d8abfd80ace98871ba833ab9742cb34838de2b5285ed54c0c7dcc', '3c35cc963eb004451323d3275d05b353235053490d9cd83729a2faf5e7ca1cc0']",[],1.0,0ffee3ba8e615ad22535e7f771690a28,ab41313cfec25328b20865eb1388e0a2,h2,,5762.476534,10.0.2.15,58077,172.217.23.226,443,tcp,238.87706499999967,1257.0,7511.0,SF,True,False,0,ShADadFf,22,2145,27,8595,ssl,0
5762.445017,CMQG5G2ffhMlznSRw2,10.0.2.15,58074,95.101.251.103,443,TLSv12,TLS_ECDHE_RSA_WITH_AES_256_GCM_SHA384,,images.trvl-media.com,True,True,CsiI,,,,1a5fe5677b0e4fbbc854e8908225637d,410b9bedaf65dd26c6fe547154d60db4,http/1.1,,5762.287998,10.0.2.15,58074,95.101.251.103,443,tcp,152.4310089999999,2386.0,31123.0,RSTR,True,False,0,ShADadTTFRr,40,4006,56,33367,ssl,0
5762.756644,C1s5V8OwS8WheQJt2,10.0.2.15,58076,172.217.23.226,443,TLSv12,TLS_ECDHE_RSA_WITH_AES_128_GCM_SHA256,x25519,pubads.g.doubleclick.net,False,True,CsxknGIti,"['a32ffddd76f9e7debbfc9a37b38d2ef86039b30a10d7c45ab8223d149cf99699', '9f630426df1d8abfd80ace98871ba833ab9742cb34838de2b5285ed54c0c7dcc', '3c35cc963eb004451323d3275d05b353235053490d9cd83729a2faf5e7ca1cc0']",[],1.0,0ffee3ba8e615ad22535e7f771690a28,ab41313cfec25328b20865eb1388e0a2,h2,,5762.475964,10.0.2.15,58076,172.217.23.226,443,tcp,5.51308599999993,534.0,4085.0,SF,True,False,0,ShADadFf,12,1022,13,4609,ssl,0
5763.311866,CfWt534B60xkcvi8Nj,10.0.2.15,58079,172.217.23.230,443,TLSv12,TLS_ECDHE_RSA_WITH_AES_128_GCM_SHA256,x25519,4260687.fls.doubleclick.net,False,True,CsxknGIti,"['378a6c73f6dec1c6bc563fa8eda92c3e9ce61b893db7685686c41f33ab89931c', '9f630426df1d8abfd80ace98871ba833ab9742cb34838de2b5285ed54c0c7dcc', '3c35cc963eb004451323d3275d05b353235053490d9cd83729a2faf5e7ca1cc0']",[],1.0,0ffee3ba8e615ad22535e7f771690a28,ab41313cfec25328b20865eb1388e0a2,h2,,5763.015663,10.0.2.15,58079,172.217.23.230,443,tcp,327.9179779999995,1682.0,7053.0,SF,True,False,0,ShADadFf,26,2730,31,8297,ssl,0
5763.312629,CwRRAE4cMmJtEuiYIj,10.0.2.15,58078,172.217.23.230,443,TLSv12,TLS_ECDHE_RSA_WITH_AES_128_GCM_SHA256,x25519,4260687.fls.doubleclick.net,False,True,CsxknGIti,"['378a6c73f6dec1c6bc563fa8eda92c3e9ce61b893db7685686c41f33ab89931c', '9f630426df1d8abfd80ace98871ba833ab9742cb34838de2b5285ed54c0c7dcc', '3c35cc963eb004451323d3275d05b353235053490d9cd83729a2faf5e7ca1cc0']",[],1.0,0ffee3ba8e615ad22535e7f771690a28,ab41313cfec25328b20865eb1388e0a2,h2,,5763.014553,10.0.2.15,58078,172.217.23.230,443,tcp,1.6680219999998371,537.0,4120.0,SF,True,False,0,ShADadFf,13,1065,15,4724,ssl,0
5765.430281,CSG7QY1X67fi3Nl2nh,10.0.2.15,58089,95.100.181.96,443,TLSv12,TLS_ECDHE_RSA_WITH_AES_256_GCM_SHA384,,www.travelocity.com,True,True,CsiI,,,,1a5fe5677b0e4fbbc854e8908225637d,410b9bedaf65dd26c6fe547154d60db4,http/1.1,,5765.122927,10.0.2.15,58089,95.100.181.96,443,tcp,147.7827359999992,30795.0,28263.0,RSTO,True,False,0,ShADadTFR,61,33250,73,31187,ssl,0
5765.84365,Ck3xvsirAvqeTrGF5,10.0.2.15,58085,95.100.181.96,443,TLSv12,TLS_ECDHE_RSA_WITH_AES_256_GCM_SHA384,,www.travelocity.com,True,True,CsiI,,,,1a5fe5677b0e4fbbc854e8908225637d,410b9bedaf65dd26c6fe547154d60db4,http/1.1,,5765.113052,10.0.2.15,58085,95.100.181.96,443,tcp,148.23439600000074,26541.0,125182.0,SF,True,False,0,ShADadTFRfr,88,30077,149,131146,ssl,0
5765.844261,CVTscg20tCJcDOzMAk,10.0.2.15,58084,95.100.181.96,443,TLSv12,TLS_ECDHE_RSA_WITH_AES_256_GCM_SHA384,,www.travelocity.com,True,True,CsiI,,,,1a5fe5677b0e4fbbc854e8908225637d,410b9bedaf65dd26c6fe547154d60db4,http/1.1,,5765.110567,10.0.2.15,58084,95.100.181.96,443,tcp,82.75562700000046,17511.0,16451.0,RSTO,True,False,0,ShADadTFR,39,19084,42,18135,ssl,0
5765.843133,CodD8A1vLYSpalb1b,10.0.2.15,58086,63.140.40.176,443,TLSv12,TLS_ECDHE_RSA_WITH_AES_256_GCM_SHA384,secp256r1,oms.expedia.com,False,True,CsxknGIi,"['19d77f02e913024ca4fbe8f5ec363d2a40f686e56d88b0fc630ae6af2145f862', '19400be5b7a31fb733917700789d2f0a2471c0c9d506c0e504c06c16d7cb17c0']",[],1.0,0ffee3ba8e615ad22535e7f771690a28,959bfcf87532cbff1253e80a4ee81308,,,5765.114294,10.0.2.15,58086,63.140.40.176,443,tcp,75.6193000000003,8144.0,6694.0,SF,True,False,0,ShADadTFf,27,9234,28,7818,ssl,0
5765.845807,CA6ucy3vv6kFhwbALb,10.0.2.15,58083,63.140.40.176,443,TLSv12,TLS_ECDHE_RSA_WITH_AES_256_GCM_SHA384,secp256r1,oms.expedia.com,False,True,CsxknGIi,"['19d77f02e913024ca4fbe8f5ec363d2a40f686e56d88b0fc630ae6af2145f862', '19400be5b7a31fb733917700789d2f0a2471c0c9d506c0e504c06c16d7cb17c0']",[],1.0,0ffee3ba8e615ad22535e7f771690a28,959bfcf87532cbff1253e80a4ee81308,,,5765.107967,10.0.2.15,58083,63.140.40.176,443,tcp,6.856854999999996,349.0,3129.0,SF,True,False,0,ShADadFf,10,757,11,3573,ssl,0
5770.713037,CFESRE2kt2g0MQUGBa,10.0.2.15,58092,54.76.146.230,443,TLSv12,TLS_ECDHE_RSA_WITH_AES_128_GCM_SHA256,secp256r1,suggest.expedia.com,False,True,CsxknGIi,"['fcb72ee956ae8f91b80731c5a3fe66e9ce83d5188b193fe0c424ee1d7130a716', 'd6c3fc493bacd1df8a1ba30f4ae26254b2a4528e4876081eacc6a16a090aa36a']",[],1.0,0ffee3ba8e615ad22535e7f771690a28,303951d4c50efb2e991652225a6f02b1,,,5770.509371,10.0.2.15,58092,54.76.146.230,443,tcp,180.23723599999997,1443.0,8380.0,SF,True,False,0,ShADadTTFfRr,31,2707,36,9824,ssl,0
5770.716791,CWgJYAnOwPu2HSAV8,10.0.2.15,58093,54.76.146.230,443,TLSv12,TLS_ECDHE_RSA_WITH_AES_128_GCM_SHA256,secp256r1,suggest.expedia.com,False,True,CsxknGIi,"['fcb72ee956ae8f91b80731c5a3fe66e9ce83d5188b193fe0c424ee1d7130a716', 'd6c3fc493bacd1df8a1ba30f4ae26254b2a4528e4876081eacc6a16a090aa36a']",[],1.0,0ffee3ba8e615ad22535e7f771690a28,303951d4c50efb2e991652225a6f02b1,,,5770.512073,10.0.2.15,58093,54.76.146.230,443,tcp,180.13799500000005,2043.0,7741.0,SF,True,False,0,ShADadTTFfRr,33,3387,37,9225,ssl,0
5770.714755,CfzxpY1bKl3xnBwRTb,10.0.2.15,58091,169.47.30.64,443,TLSv12,TLS_RSA_WITH_AES_256_CBC_SHA,,tags.bluekai.com,False,True,CsxnGIi,"['f3e2a1e01c5e2e8f20022b198cde61baf841fcf748c4639eea3fd3db4785c81d', 'e0898ad662474b9f753c79bea878031c9a5d634a49edd6310b960ab023c02c0e']",[],1.0,0ffee3ba8e615ad22535e7f771690a28,f4fb99c318cd91a4dfff259227ba977b,http/1.1,,5770.425665,10.0.2.15,58091,169.47.30.64,443,tcp,46.326202000000194,1244.0,3684.0,SF,True,False,0,ShADadTfF,15,1856,17,4368,ssl,0
5770.715937,C4gVRd8XoxYRAY1V5,10.0.2.15,58090,169.47.30.64,443,TLSv12,TLS_RSA_WITH_AES_256_CBC_SHA,,tags.bluekai.com,False,True,CsxnGIi,"['f3e2a1e01c5e2e8f20022b198cde61baf841fcf748c4639eea3fd3db4785c81d', 'e0898ad662474b9f753c79bea878031c9a5d634a49edd6310b960ab023c02c0e']",[],1.0,0ffee3ba8e615ad22535e7f771690a28,f4fb99c318cd91a4dfff259227ba977b,http/1.1,,5770.425114,10.0.2.15,58090,169.47.30.64,443,tcp,8.236840999999913,588.0,3103.0,SF,True,False,0,ShADadFfRr,11,1036,12,3587,ssl,0
5772.304996,CJtv9Q35WJBWYQvMGh,10.0.2.15,58099,54.76.146.230,443,TLSv12,TLS_ECDHE_RSA_WITH_AES_128_GCM_SHA256,secp256r1,suggest.expedia.com,False,True,CsxknGIi,"['fcb72ee956ae8f91b80731c5a3fe66e9ce83d5188b193fe0c424ee1d7130a716', 'd6c3fc493bacd1df8a1ba30f4ae26254b2a4528e4876081eacc6a16a090aa36a']",[],1.0,0ffee3ba8e615ad22535e7f771690a28,303951d4c50efb2e991652225a6f02b1,,,5771.679291,10.0.2.15,58099,54.76.146.230,443,tcp,179.0136509999993,1466.0,5558.0,SF,True,False,0,ShADadTTFfRr,31,2730,34,6922,ssl,0
5776.799752,Cgp2nh3xELwwoNyz54,10.0.2.15,58103,54.76.146.230,443,TLSv12,TLS_ECDHE_RSA_WITH_AES_128_GCM_SHA256,,suggest.expedia.com,True,True,CsiI,,,,0ffee3ba8e615ad22535e7f771690a28,303951d4c50efb2e991652225a6f02b1,,,5772.076058,10.0.2.15,58103,54.76.146.230,443,tcp,178.66073099999994,2068.0,3811.0,SF,True,False,0,ShADadTTFfRr,30,3299,32,5095,ssl,0
5776.803775,CzE1ai53YvV4IoTd,10.0.2.15,58102,54.76.146.230,443,TLSv12,TLS_ECDHE_RSA_WITH_AES_128_GCM_SHA256,,suggest.expedia.com,True,True,CsiI,,,,0ffee3ba8e615ad22535e7f771690a28,303951d4c50efb2e991652225a6f02b1,,,5772.070725,10.0.2.15,58102,54.76.146.230,443,tcp,17.97294099999999,310.0,176.0,RSTO,True,False,0,ShADadFR,8,646,7,460,ssl,0
5778.942563,Cme8Vq2W6n1Xgw5IW9,10.0.2.15,58114,54.76.146.230,443,TLSv12,TLS_ECDHE_RSA_WITH_AES_128_GCM_SHA256,,suggest.expedia.com,True,True,CsiI,,,,0ffee3ba8e615ad22535e7f771690a28,303951d4c50efb2e991652225a6f02b1,,,5776.035359,10.0.2.15,58114,54.76.146.230,443,tcp,10.234363999999914,310.0,176.0,RSTO,True,False,0,ShADadFR,7,598,7,460,ssl,0
5778.78152,C16Gi2t8pTsFhjVr3,10.0.2.15,58106,54.76.146.230,443,TLSv12,TLS_ECDHE_RSA_WITH_AES_128_GCM_SHA256,,suggest.expedia.com,True,True,CsiI,,,,0ffee3ba8e615ad22535e7f771690a28,303951d4c50efb2e991652225a6f02b1,,,5775.740853,10.0.2.15,58106,54.76.146.230,443,tcp,9.042445000000043,310.0,176.0,RSTO,True,False,0,ShADadFR,8,638,7,460,ssl,0
5778.778447,CGCDFP18Xed5vYye9c,10.0.2.15,58107,54.76.146.230,443,TLSv12,TLS_ECDHE_RSA_WITH_AES_128_GCM_SHA256,,suggest.expedia.com,True,True,CsiI,,,,0ffee3ba8e615ad22535e7f771690a28,303951d4c50efb2e991652225a6f02b1,,,5775.741532,10.0.2.15,58107,54.76.146.230,443,tcp,13.330557999999655,310.0,176.0,SF,True,False,0,ShADadFfRr,9,678,9,540,ssl,0
5780.170958,C3k2c3yqiqNSdgfD3,10.0.2.15,58117,54.76.146.230,443,TLSv12,TLS_ECDHE_RSA_WITH_AES_128_GCM_SHA256,,suggest.expedia.com,True,True,CsiI,,,,0ffee3ba8e615ad22535e7f771690a28,303951d4c50efb2e991652225a6f02b1,,,5776.296874,10.0.2.15,58117,54.76.146.230,443,tcp,12.929050000000643,310.0,176.0,SF,True,False,0,ShADadFfRr,9,686,9,540,ssl,0
5778.943898,CPHKoA2wDjvzel5gtg,10.0.2.15,58113,54.192.93.95,443,TLSv12,TLS_ECDHE_RSA_WITH_AES_128_GCM_SHA256,secp256r1,a.cdn.intentmedia.net,False,True,CsxuknGIti,"['11a355e9e33fd52f33281136ac9230463607cdc3d9e0e86dc936440f803bac8c', '973a41276ffd01e027a2aad49e34c37846d3e976ff6a620b6712e33832041aa6', '3a2fbe92891e57fe05d57087f48e730f17e5a5f53ef403d618e5b74d7a7e6ecb', 'c3846bf24b9e93ca64274c0ec67c1ecc5e024ffcacd2d74019350e81fe546ae4']",[],1.0,0ffee3ba8e615ad22535e7f771690a28,76cc3e2d3028143b23ec18e27dbd7ca9,http/1.1,,5776.034124,10.0.2.15,58113,54.192.93.95,443,tcp,10.545280000000275,355.0,7260.0,SF,True,False,0,ShADadFf,12,843,15,7864,ssl,0
5778.600485,Ch1sZB1QOfHABNL95d,10.0.2.15,58108,68.232.35.180,443,TLSv12,TLS_ECDHE_RSA_WITH_AES_128_GCM_SHA256,secp256r1,tags.tiqcdn.com,False,True,CsxuknGIti,"['e9833ec9415ec4381e97b13a6a575b5ebe604ba96ebe8484d5edd67608a492ca', '19400be5b7a31fb733917700789d2f0a2471c0c9d506c0e504c06c16d7cb17c0', '7431e5f4c3c1ce4690774f0b61e05440883ba9a01ed00ba6abd7806ed3b118cf']",[],1.0,0ffee3ba8e615ad22535e7f771690a28,49b45fc1ab090aa3a159778313fc9b9e,h2,,5775.742258,10.0.2.15,58108,68.232.35.180,443,tcp,138.40601999999944,5197.0,181639.0,SF,True,False,0,ShADadfF,155,11405,278,192763,ssl,0
5784.259573,CrAwUj1ZtHy9TmQ9Pc,10.0.2.15,58120,52.6.4.88,443,TLSv12,TLS_ECDHE_RSA_WITH_AES_128_GCM_SHA256,secp256r1,collector.prod.expedia.com,False,True,CsxknGIi,"['461c217c5886ae537ec390ac68d9dfdeddc3754890392d039a9a6d52d7c5e572', 'f5c2f23c6518f9d19b6f39beaea4fbae10031ba9dc985ce1563a520da0ad4116']",[],1.0,0ffee3ba8e615ad22535e7f771690a28,303951d4c50efb2e991652225a6f02b1,,,5782.978183,10.0.2.15,58120,52.6.4.88,443,tcp,8.741221999999652,360.0,3173.0,SF,True,False,0,ShADadFfRr,11,808,14,3737,ssl,0
5784.226547,CxLLZV2DMj9wjMu8wb,10.0.2.15,58118,52.5.192.213,443,TLSv12,TLS_ECDHE_RSA_WITH_AES_128_GCM_SHA256,secp256r1,collector.prod.expedia.com,False,True,CsxknGIi,"['461c217c5886ae537ec390ac68d9dfdeddc3754890392d039a9a6d52d7c5e572', 'f5c2f23c6518f9d19b6f39beaea4fbae10031ba9dc985ce1563a520da0ad4116']",[],1.0,0ffee3ba8e615ad22535e7f771690a28,303951d4c50efb2e991652225a6f02b1,,,5780.167289,10.0.2.15,58118,52.5.192.213,443,tcp,136.85958200000005,20474.0,4582.0,RSTO,True,False,0,ShADadTTFR,42,22180,43,6306,ssl,0
5778.810942,CK3XJO2MUo7RZsLeAc,10.0.2.15,58112,54.192.93.253,443,TLSv12,TLS_ECDHE_RSA_WITH_AES_128_GCM_SHA256,secp256r1,www.cdn-net.com,False,True,CsxuknGIti,"['a31ea07794fc2cdaad160d6b4fc113ad2938672ef72782ff39d037e6ddddfe4c', '02ab57e4e67a0cb48dd2ff34830e8ac40f4476fb08ca6be3f5cd846f646840f0', '4f32d5dc00f715250abcc486511e37f501a899deb3bf7ea8adbbd3aef1c412da', '687fa451382278fff0c8b11f8d43d576671c6eb2bceab413fb83d965d06d2ff2']",[],1.0,0ffee3ba8e615ad22535e7f771690a28,76cc3e2d3028143b23ec18e27dbd7ca9,http/1.1,,5775.928099,10.0.2.15,58112,54.192.93.253,443,tcp,10.369706000000406,349.0,6579.0,SF,True,False,0,ShADadFf,12,837,15,7183,ssl,0
5778.810095,CPMl4jil0lv2WsHSa,10.0.2.15,58109,54.192.93.253,443,TLSv12,TLS_ECDHE_RSA_WITH_AES_128_GCM_SHA256,secp256r1,www.cdn-net.com,False,True,CsxuknGIti,"['a31ea07794fc2cdaad160d6b4fc113ad2938672ef72782ff39d037e6ddddfe4c', '02ab57e4e67a0cb48dd2ff34830e8ac40f4476fb08ca6be3f5cd846f646840f0', '4f32d5dc00f715250abcc486511e37f501a899deb3bf7ea8adbbd3aef1c412da', '687fa451382278fff0c8b11f8d43d576671c6eb2bceab413fb83d965d06d2ff2']",[],1.0,0ffee3ba8e615ad22535e7f771690a28,76cc3e2d3028143b23ec18e27dbd7ca9,http/1.1,,5775.926266,10.0.2.15,58109,54.192.93.253,443,tcp,171.48579900000004,24416.0,29852.0,SF,True,False,0,ShADadTTfF,54,26597,73,32776,ssl,0
5776.534782,Crjn2C2nIHzi7OuOuh,10.0.2.15,58105,54.192.93.95,443,TLSv12,TLS_ECDHE_RSA_WITH_AES_128_GCM_SHA256,secp256r1,a.cdn.intentmedia.net,False,True,CsxuknGIti,"['11a355e9e33fd52f33281136ac9230463607cdc3d9e0e86dc936440f803bac8c', '973a41276ffd01e027a2aad49e34c37846d3e976ff6a620b6712e33832041aa6', '3a2fbe92891e57fe05d57087f48e730f17e5a5f53ef403d618e5b74d7a7e6ecb', 'c3846bf24b9e93ca64274c0ec67c1ecc5e024ffcacd2d74019350e81fe546ae4']",[],1.0,0ffee3ba8e615ad22535e7f771690a28,76cc3e2d3028143b23ec18e27dbd7ca9,http/1.1,,5774.941066,10.0.2.15,58105,54.192.93.95,443,tcp,240.65147100000013,1378.0,62829.0,SF,True,False,0,ShADadTTfF,65,4006,103,66953,ssl,0
5782.945211,CN1jy9Xbv3rzd1RS1,10.0.2.15,58119,95.100.183.141,443,TLSv12,TLS_ECDHE_RSA_WITH_AES_256_GCM_SHA384,secp256r1,image.slidesharecdn.com,False,True,CsxknGIti,"['b4e6f0481617be2f5b63aa6657d452ddeff15095dd3bd0e3df38b03739388829', '154c433c491929c5ef686e838e323664a00e6a0d822ccc958fb4dab03e49a08f']",[],1.0,0ffee3ba8e615ad22535e7f771690a28,2b33c1374db4ddf06942f92373c0b54b,http/1.1,,5782.611056,10.0.2.15,58119,95.100.183.141,443,tcp,31.209889000000658,1305.0,109662.0,RSTR,True,False,0,ShADadTFRr,80,4515,148,115586,ssl,0
5787.368711,C8faQN2oOmLeKTfPxa,10.0.2.15,58126,95.100.183.141,443,TLSv12,TLS_ECDHE_RSA_WITH_AES_256_GCM_SHA384,,image.slidesharecdn.com,True,True,CsiI,,,,1a5fe5677b0e4fbbc854e8908225637d,410b9bedaf65dd26c6fe547154d60db4,http/1.1,,5786.139354,10.0.2.15,58126,95.100.183.141,443,tcp,7.344912999999906,599.0,183.0,SF,True,False,0,ShADadFfRr,8,927,9,547,ssl,0
5787.366958,C42MbJ2Exa1kU7TC6,10.0.2.15,58127,95.101.245.177,443,TLSv12,TLS_ECDHE_RSA_WITH_AES_256_GCM_SHA384,secp256r1,js-sec.casalemedia.com,False,True,CsxknGIti,"['089b510ac565aa1b2f05236cba3421cb755641c1bd4eeb25a856954a4c1d7cfb', '074541ecdf88ed992ed5ade3ecddef27a26ba1b44480a195c0a8dadae2521d8e']",[],1.0,0ffee3ba8e615ad22535e7f771690a28,2b33c1374db4ddf06942f92373c0b54b,http/1.1,,5786.140239,10.0.2.15,58127,95.101.245.177,443,tcp,140.6861369999997,2813.0,6528.0,SF,True,False,0,ShADadTTFfRr,27,3914,31,7772,ssl,0
5787.795798,Co1RDa1nQQevWcitQ9,10.0.2.15,58121,95.100.183.141,443,TLSv12,TLS_ECDHE_RSA_WITH_AES_256_GCM_SHA384,,image.slidesharecdn.com,True,True,CsiI,,,,1a5fe5677b0e4fbbc854e8908225637d,410b9bedaf65dd26c6fe547154d60db4,http/1.1,,5784.070465,10.0.2.15,58121,95.100.183.141,443,tcp,10.7348520000005,599.0,183.0,SF,True,False,0,ShADadFfRr,10,1015,9,547,ssl,0
5778.80693,CLf1tg1OdXTE7OGfC3,10.0.2.15,58111,95.100.166.129,443,TLSv12,TLS_ECDHE_RSA_WITH_AES_256_GCM_SHA384,secp256r1,www.uciservice.com,False,True,CsxknGIti,"['422256d39e77d9788cd85aa06c1fd936107957bf083647f1b6f85bac93500f47', '074541ecdf88ed992ed5ade3ecddef27a26ba1b44480a195c0a8dadae2521d8e']",[],1.0,0ffee3ba8e615ad22535e7f771690a28,2b33c1374db4ddf06942f92373c0b54b,http/1.1,,5775.9276,10.0.2.15,58111,95.100.166.129,443,tcp,13.615880000000288,352.0,4192.0,SF,True,False,0,ShADadFfRr,11,800,12,4676,ssl,0
5788.059108,CPf7NSWbgr9S5g3Bh,10.0.2.15,58128,95.101.245.177,443,TLSv12,TLS_ECDHE_RSA_WITH_AES_256_GCM_SHA384,secp256r1,js-sec.casalemedia.com,False,True,CsxknGIti,"['089b510ac565aa1b2f05236cba3421cb755641c1bd4eeb25a856954a4c1d7cfb', '074541ecdf88ed992ed5ade3ecddef27a26ba1b44480a195c0a8dadae2521d8e']",[],1.0,0ffee3ba8e615ad22535e7f771690a28,2b33c1374db4ddf06942f92373c0b54b,http/1.1,,5787.371083,10.0.2.15,58128,95.101.245.177,443,tcp,7.418429999999716,356.0,3963.0,SF,True,False,0,ShADadFfRr,10,764,12,4447,ssl,0
5778.787459,CzhJ343JHKosQ64qul,10.0.2.15,58110,95.100.166.129,443,TLSv12,TLS_ECDHE_RSA_WITH_AES_256_GCM_SHA384,,www.uciservice.com,False,False,Cs,,,,0ffee3ba8e615ad22535e7f771690a28,2b33c1374db4ddf06942f92373c0b54b,http/1.1,,5775.926794,10.0.2.15,58110,95.100.166.129,443,tcp,7.803719000000456,195.0,1420.0,RSTO,True,False,0,ShADaFdR,5,403,4,1584,ssl,0
5791.980306,CXwCAU36dOUtlQUrDe,10.0.2.15,58131,54.192.93.253,443,TLSv12,TLS_ECDHE_RSA_WITH_AES_128_GCM_SHA256,,www.cdn-net.com,True,True,CsiI,,,,1a5fe5677b0e4fbbc854e8908225637d,d199ba0af2b08e204c73d6d81a1fd260,http/1.1,,5791.912151,10.0.2.15,58131,54.192.93.253,443,tcp,5.945189999999457,599.0,156.0,SF,True,False,0,ShADadFf,8,927,7,440,ssl,0
5792.461483,C0ukpi2qEucvJ9mTJ6,10.0.2.15,58132,52.71.227.26,443,TLSv12,TLS_ECDHE_RSA_WITH_AES_128_GCM_SHA256,secp256r1,a.intentmedia.net,False,True,CsxknGIti,"['632e1332dd98ebf50278e8014241c555f4020a6eac482965f7a9d09936aa4371', '973a41276ffd01e027a2aad49e34c37846d3e976ff6a620b6712e33832041aa6', '3a2fbe92891e57fe05d57087f48e730f17e5a5f53ef403d618e5b74d7a7e6ecb', 'c3846bf24b9e93ca64274c0ec67c1ecc5e024ffcacd2d74019350e81fe546ae4']",[],1.0,0ffee3ba8e615ad22535e7f771690a28,8d2a028aa94425f76ced7826b1f39039,h2,,5791.913024,10.0.2.15,58132,52.71.227.26,443,tcp,125.79650999999922,2325.0,9680.0,SF,True,False,0,ShADadFf,21,3173,26,10724,ssl,0
5792.013792,CalM5p2WaAmSTtw5vi,10.0.2.15,58130,54.192.93.253,443,TLSv12,TLS_ECDHE_RSA_WITH_AES_128_GCM_SHA256,,www.cdn-net.com,True,True,CsiI,,,,1a5fe5677b0e4fbbc854e8908225637d,d199ba0af2b08e204c73d6d81a1fd260,http/1.1,,5791.9115,10.0.2.15,58130,54.192.93.253,443,tcp,5.958501000000069,599.0,156.0,SF,True,False,0,ShADadFf,8,927,7,440,ssl,0
5779.527943,CCxYBB35VddEGvnEjh,10.0.2.15,58116,54.192.93.253,443,TLSv12,TLS_ECDHE_RSA_WITH_AES_128_GCM_SHA256,secp256r1,www.cdn-net.com,False,True,CsxuknGIti,"['a31ea07794fc2cdaad160d6b4fc113ad2938672ef72782ff39d037e6ddddfe4c', '02ab57e4e67a0cb48dd2ff34830e8ac40f4476fb08ca6be3f5cd846f646840f0', '4f32d5dc00f715250abcc486511e37f501a899deb3bf7ea8adbbd3aef1c412da', '687fa451382278fff0c8b11f8d43d576671c6eb2bceab413fb83d965d06d2ff2']",[],1.0,0ffee3ba8e615ad22535e7f771690a28,76cc3e2d3028143b23ec18e27dbd7ca9,http/1.1,,5776.182372,10.0.2.15,58116,54.192.93.253,443,tcp,16.975194999999985,318.0,6579.0,SF,True,False,0,ShADadFfRr,12,814,15,7183,ssl,0
5792.452579,C5RsOh46BzOoUhqoq7,10.0.2.15,58129,52.71.227.26,443,TLSv12,TLS_ECDHE_RSA_WITH_AES_128_GCM_SHA256,secp256r1,a.intentmedia.net,False,True,CsxknGIti,"['632e1332dd98ebf50278e8014241c555f4020a6eac482965f7a9d09936aa4371', '973a41276ffd01e027a2aad49e34c37846d3e976ff6a620b6712e33832041aa6', '3a2fbe92891e57fe05d57087f48e730f17e5a5f53ef403d618e5b74d7a7e6ecb', 'c3846bf24b9e93ca64274c0ec67c1ecc5e024ffcacd2d74019350e81fe546ae4']",[],1.0,0ffee3ba8e615ad22535e7f771690a28,8d2a028aa94425f76ced7826b1f39039,h2,,5791.910415,10.0.2.15,58129,52.71.227.26,443,tcp,4.482868999999482,866.0,7038.0,SF,True,False,0,ShADadFf,14,1434,18,7762,ssl,0
5796.849439,COB009dd3cv8CH6Yk,10.0.2.15,58138,63.140.40.176,443,TLSv12,TLS_ECDHE_RSA_WITH_AES_256_GCM_SHA384,,oms.expedia.com,True,True,CsiI,,,,0ffee3ba8e615ad22535e7f771690a28,959bfcf87532cbff1253e80a4ee81308,,,5796.797874,10.0.2.15,58138,63.140.40.176,443,tcp,26.901332999999795,3153.0,1206.0,SF,True,False,0,ShADadTFf,13,3682,13,1730,ssl,0
5796.85353,COodZy2B3dm1ageCy,10.0.2.15,58137,63.140.40.176,443,TLSv12,TLS_ECDHE_RSA_WITH_AES_256_GCM_SHA384,,oms.expedia.com,True,True,CsiI,,,,0ffee3ba8e615ad22535e7f771690a28,959bfcf87532cbff1253e80a4ee81308,,,5796.796848,10.0.2.15,58137,63.140.40.176,443,tcp,6.80554200000006,306.0,155.0,SF,True,False,0,ShADadFf,7,594,7,439,ssl,0
5779.533062,CrcKBk4ImG0E09jwCj,10.0.2.15,58115,95.100.166.129,443,TLSv12,TLS_ECDHE_RSA_WITH_AES_256_GCM_SHA384,secp256r1,www.uciservice.com,False,False,CsxknGI,"['422256d39e77d9788cd85aa06c1fd936107957bf083647f1b6f85bac93500f47', '074541ecdf88ed992ed5ade3ecddef27a26ba1b44480a195c0a8dadae2521d8e']",[],1.0,0ffee3ba8e615ad22535e7f771690a28,2b33c1374db4ddf06942f92373c0b54b,http/1.1,,5776.181478,10.0.2.15,58115,95.100.166.129,443,tcp,17.181854999999814,321.0,3919.0,SF,True,False,0,ShADadFf,9,697,8,4243,ssl,0
5801.047388,CGy1S04nzWojTXCwsd,10.0.2.15,58139,95.100.183.141,443,TLSv12,TLS_ECDHE_RSA_WITH_AES_256_GCM_SHA384,,cdn.slidesharecdn.com,True,True,CsiI,,,,1a5fe5677b0e4fbbc854e8908225637d,410b9bedaf65dd26c6fe547154d60db4,http/1.1,,5801.005995,10.0.2.15,58139,95.100.183.141,443,tcp,125.8203369999992,996.0,1541.0,SF,True,False,0,ShADadTTFfRr,22,1896,23,2465,ssl,0
5801.067569,CeBgBD41HI9hpWymP8,10.0.2.15,58140,95.100.183.141,443,TLSv12,TLS_ECDHE_RSA_WITH_AES_256_GCM_SHA384,,cdn.slidesharecdn.com,True,True,CsiI,,,,1a5fe5677b0e4fbbc854e8908225637d,410b9bedaf65dd26c6fe547154d60db4,http/1.1,,5801.031371,10.0.2.15,58140,95.100.183.141,443,tcp,13.436327000000349,1427.0,3360.0,RSTO,True,False,0,ShADadFR,10,1835,11,3804,ssl,0
5801.127412,CNtRop4ygB270lpIZ2,10.0.2.15,58141,95.100.183.141,443,TLSv12,TLS_ECDHE_RSA_WITH_AES_256_GCM_SHA384,,cdn.slidesharecdn.com,True,True,CsiI,,,,1a5fe5677b0e4fbbc854e8908225637d,410b9bedaf65dd26c6fe547154d60db4,http/1.1,,5801.050754,10.0.2.15,58141,95.100.183.141,443,tcp,13.505998999999974,1430.0,3308.0,RSTO,True,False,0,ShADadFR,10,1838,11,3752,ssl,0
5801.147532,C3OR6g3JbQ1r3Gors5,10.0.2.15,58142,95.100.183.141,443,TLSv12,TLS_ECDHE_RSA_WITH_AES_256_GCM_SHA384,,cdn.slidesharecdn.com,True,True,CsiI,,,,1a5fe5677b0e4fbbc854e8908225637d,410b9bedaf65dd26c6fe547154d60db4,http/1.1,,5801.100974,10.0.2.15,58142,95.100.183.141,443,tcp,125.73532799999975,998.0,1608.0,SF,True,False,0,ShADadTTFfRr,22,1898,24,2572,ssl,0
5801.468891,CierCo4uK61yWMwdci,10.0.2.15,58143,95.100.183.141,443,TLSv12,TLS_ECDHE_RSA_WITH_AES_256_GCM_SHA384,,cdn.slidesharecdn.com,True,True,CsiI,,,,1a5fe5677b0e4fbbc854e8908225637d,410b9bedaf65dd26c6fe547154d60db4,http/1.1,,5801.133196,10.0.2.15,58143,95.100.183.141,443,tcp,7.750162000000273,599.0,183.0,SF,True,False,0,ShADadFfRr,8,927,9,547,ssl,0
5801.855412,CRIQtG8hYi59r9XIi,10.0.2.15,58144,23.74.196.106,443,TLSv12,TLS_ECDHE_RSA_WITH_AES_256_GCM_SHA384,secp256r1,cdn.lynda.com,False,True,CsxknGIti,"['878bce28c7133457f1cc336fb345e74fabc123f32c13a5f6deed6cf104bdd6f8', '154c433c491929c5ef686e838e323664a00e6a0d822ccc958fb4dab03e49a08f', '4348a0e9444c78cb265e058d5e8944b4d84f9662bd26db257f8934a443c70161']",[],1.0,0ffee3ba8e615ad22535e7f771690a28,2b33c1374db4ddf06942f92373c0b54b,http/1.1,,5801.47923,10.0.2.15,58144,23.74.196.106,443,tcp,139.12225800000033,744.0,10968.0,SF,True,False,0,ShADadTTFfRr,28,1885,34,12332,ssl,0
5801.856706,C7SVhj1cMMzcR9Nrcg,10.0.2.15,58145,23.74.196.106,443,TLSv12,TLS_ECDHE_RSA_WITH_AES_256_GCM_SHA384,secp256r1,cdn.lynda.com,False,True,CsxknGIti,"['878bce28c7133457f1cc336fb345e74fabc123f32c13a5f6deed6cf104bdd6f8', '154c433c491929c5ef686e838e323664a00e6a0d822ccc958fb4dab03e49a08f', '4348a0e9444c78cb265e058d5e8944b4d84f9662bd26db257f8934a443c70161']",[],1.0,0ffee3ba8e615ad22535e7f771690a28,2b33c1374db4ddf06942f92373c0b54b,http/1.1,,5801.481166,10.0.2.15,58145,23.74.196.106,443,tcp,139.13336300000083,744.0,8908.0,SF,True,False,0,ShADadTTFfRr,27,1845,32,10192,ssl,0
5802.497651,CO5JYyhbalVpmTjIi,10.0.2.15,58147,23.74.196.106,443,TLSv12,TLS_ECDHE_RSA_WITH_AES_256_GCM_SHA384,secp256r1,cdn.lynda.com,False,True,CsxknGIti,"['878bce28c7133457f1cc336fb345e74fabc123f32c13a5f6deed6cf104bdd6f8', '154c433c491929c5ef686e838e323664a00e6a0d822ccc958fb4dab03e49a08f', '4348a0e9444c78cb265e058d5e8944b4d84f9662bd26db257f8934a443c70161']",[],1.0,0ffee3ba8e615ad22535e7f771690a28,2b33c1374db4ddf06942f92373c0b54b,http/1.1,,5802.236878,10.0.2.15,58147,23.74.196.106,443,tcp,138.3475410000001,744.0,7967.0,SF,True,False,0,ShADadTTFfRr,27,1845,32,9251,ssl,0
5802.498335,CH1FSp3BnT1disAQfk,10.0.2.15,58146,23.74.196.106,443,TLSv12,TLS_ECDHE_RSA_WITH_AES_256_GCM_SHA384,secp256r1,cdn.lynda.com,False,True,CsxknGIti,"['878bce28c7133457f1cc336fb345e74fabc123f32c13a5f6deed6cf104bdd6f8', '154c433c491929c5ef686e838e323664a00e6a0d822ccc958fb4dab03e49a08f', '4348a0e9444c78cb265e058d5e8944b4d84f9662bd26db257f8934a443c70161']",[],1.0,0ffee3ba8e615ad22535e7f771690a28,2b33c1374db4ddf06942f92373c0b54b,http/1.1,,5802.234463,10.0.2.15,58146,23.74.196.106,443,tcp,6.589023000000452,347.0,4330.0,RSTO,True,False,0,ShADadFR,10,755,12,4814,ssl,0
5803.893676,CoV8tC2UlxbxzuiFJj,10.0.2.15,58149,23.74.196.106,443,TLSv12,TLS_ECDHE_RSA_WITH_AES_256_GCM_SHA384,secp256r1,cdn.lynda.com,False,True,CsxknGIti,"['878bce28c7133457f1cc336fb345e74fabc123f32c13a5f6deed6cf104bdd6f8', '154c433c491929c5ef686e838e323664a00e6a0d822ccc958fb4dab03e49a08f', '4348a0e9444c78cb265e058d5e8944b4d84f9662bd26db257f8934a443c70161']",[],1.0,0ffee3ba8e615ad22535e7f771690a28,2b33c1374db4ddf06942f92373c0b54b,http/1.1,,5802.992053,10.0.2.15,58149,23.74.196.106,443,tcp,10.896037999999862,347.0,4330.0,SF,True,False,0,ShADadFfRr,11,795,14,4894,ssl,0
5803.895494,CG40Pv1flrti35kZtb,10.0.2.15,58148,23.74.196.106,443,TLSv12,TLS_ECDHE_RSA_WITH_AES_256_GCM_SHA384,secp256r1,cdn.lynda.com,False,True,CsxknGIti,"['878bce28c7133457f1cc336fb345e74fabc123f32c13a5f6deed6cf104bdd6f8', '154c433c491929c5ef686e838e323664a00e6a0d822ccc958fb4dab03e49a08f', '4348a0e9444c78cb265e058d5e8944b4d84f9662bd26db257f8934a443c70161']",[],1.0,0ffee3ba8e615ad22535e7f771690a28,2b33c1374db4ddf06942f92373c0b54b,http/1.1,,5802.98936,10.0.2.15,58148,23.74.196.106,443,tcp,10.894901000000573,347.0,4330.0,RSTO,True,False,0,ShADadFR,10,755,12,4814,ssl,0
5806.579741,C3S8mT1SJVpFb6kIz1,10.0.2.15,58151,23.74.196.106,443,TLSv12,TLS_ECDHE_RSA_WITH_AES_256_GCM_SHA384,,cdn.lynda.com,True,True,CsiI,,,,1a5fe5677b0e4fbbc854e8908225637d,410b9bedaf65dd26c6fe547154d60db4,http/1.1,,5803.258418,10.0.2.15,58151,23.74.196.106,443,tcp,13.274915999999394,599.0,183.0,SF,True,False,0,ShADadFfRr,9,975,9,547,ssl,0
5806.978748,Czqiji43i5bXUPyLse,10.0.2.15,58157,95.101.245.177,443,TLSv12,TLS_ECDHE_RSA_WITH_AES_256_GCM_SHA384,secp256r1,as-sec.casalemedia.com,False,True,CsxknGIti,"['089b510ac565aa1b2f05236cba3421cb755641c1bd4eeb25a856954a4c1d7cfb', '074541ecdf88ed992ed5ade3ecddef27a26ba1b44480a195c0a8dadae2521d8e']",[],1.0,0ffee3ba8e615ad22535e7f771690a28,2b33c1374db4ddf06942f92373c0b54b,http/1.1,,5806.583803,10.0.2.15,58157,95.101.245.177,443,tcp,134.04084499999954,2983.0,6961.0,SF,True,False,0,ShADadTTFfRr,27,4083,30,8165,ssl,0
5806.980998,CF0HKY12lD5GzbMmAh,10.0.2.15,58156,95.101.245.177,443,TLSv12,TLS_ECDHE_RSA_WITH_AES_256_GCM_SHA384,secp256r1,as-sec.casalemedia.com,False,True,CsxknGIti,"['089b510ac565aa1b2f05236cba3421cb755641c1bd4eeb25a856954a4c1d7cfb', '074541ecdf88ed992ed5ade3ecddef27a26ba1b44480a195c0a8dadae2521d8e']",[],1.0,0ffee3ba8e615ad22535e7f771690a28,2b33c1374db4ddf06942f92373c0b54b,http/1.1,,5806.582512,10.0.2.15,58156,95.101.245.177,443,tcp,134.0526689999997,2983.0,6846.0,SF,True,False,0,ShADadTTFfRr,26,4043,29,8010,ssl,0
5806.984063,ChmHk03vw0PoM2oOP4,10.0.2.15,58155,95.101.245.177,443,TLSv12,TLS_ECDHE_RSA_WITH_AES_256_GCM_SHA384,secp256r1,as-sec.casalemedia.com,False,True,CsxknGIti,"['089b510ac565aa1b2f05236cba3421cb755641c1bd4eeb25a856954a4c1d7cfb', '074541ecdf88ed992ed5ade3ecddef27a26ba1b44480a195c0a8dadae2521d8e']",[],1.0,0ffee3ba8e615ad22535e7f771690a28,2b33c1374db4ddf06942f92373c0b54b,http/1.1,,5806.581968,10.0.2.15,58155,95.101.245.177,443,tcp,10.024080999999567,388.0,3963.0,SF,True,False,0,ShADadFfRr,10,796,12,4447,ssl,0
5806.988633,C8XfIk33fVipbWrUYf,10.0.2.15,58154,95.101.245.177,443,TLSv12,TLS_ECDHE_RSA_WITH_AES_256_GCM_SHA384,secp256r1,as-sec.casalemedia.com,False,True,CsxknGIti,"['089b510ac565aa1b2f05236cba3421cb755641c1bd4eeb25a856954a4c1d7cfb', '074541ecdf88ed992ed5ade3ecddef27a26ba1b44480a195c0a8dadae2521d8e']",[],1.0,0ffee3ba8e615ad22535e7f771690a28,2b33c1374db4ddf06942f92373c0b54b,http/1.1,,5806.581255,10.0.2.15,58154,95.101.245.177,443,tcp,9.955535000000054,388.0,3963.0,SF,True,False,0,ShADadFfRr,11,836,13,4487,ssl,0
5806.992624,CQLoY82GuQMpxfMu25,10.0.2.15,58153,95.101.245.177,443,TLSv12,TLS_ECDHE_RSA_WITH_AES_256_GCM_SHA384,secp256r1,as-sec.casalemedia.com,False,True,CsxknGIti,"['089b510ac565aa1b2f05236cba3421cb755641c1bd4eeb25a856954a4c1d7cfb', '074541ecdf88ed992ed5ade3ecddef27a26ba1b44480a195c0a8dadae2521d8e']",[],1.0,0ffee3ba8e615ad22535e7f771690a28,2b33c1374db4ddf06942f92373c0b54b,http/1.1,,5806.580477,10.0.2.15,58153,95.101.245.177,443,tcp,10.025617999999668,388.0,3963.0,SF,True,False,0,ShADadFfRr,10,796,12,4447,ssl,0
5806.974097,Chor0TXE6cTVvVoUc,10.0.2.15,58158,95.101.245.177,443,TLSv12,TLS_ECDHE_RSA_WITH_AES_256_GCM_SHA384,secp256r1,as-sec.casalemedia.com,False,True,CsxknGIti,"['089b510ac565aa1b2f05236cba3421cb755641c1bd4eeb25a856954a4c1d7cfb', '074541ecdf88ed992ed5ade3ecddef27a26ba1b44480a195c0a8dadae2521d8e']",[],1.0,0ffee3ba8e615ad22535e7f771690a28,2b33c1374db4ddf06942f92373c0b54b,http/1.1,,5806.590437,10.0.2.15,58158,95.101.245.177,443,tcp,133.98180800000046,2983.0,6961.0,SF,True,False,0,ShADadTTFfRr,26,4043,29,8125,ssl,0
5813.895915,C3QqSC4jLugdogDON5,10.0.2.15,58165,192.229.133.150,443,TLSv12,TLS_ECDHE_RSA_WITH_AES_128_GCM_SHA256,secp256r1,platform.linkedin.com,False,True,CsxuknGIti,"['849f43356cfe3077982f03bc7a3236d585535f9ced8b39594c6f35825ee07fc7', '154c433c491929c5ef686e838e323664a00e6a0d822ccc958fb4dab03e49a08f']",[],1.0,0ffee3ba8e615ad22535e7f771690a28,76cc3e2d3028143b23ec18e27dbd7ca9,http/1.1,,5809.208177,10.0.2.15,58165,192.229.133.150,443,tcp,10.839171999999962,355.0,3745.0,SF,True,False,0,ShADadFfRr,13,891,14,4309,ssl,0
5813.692648,CzseI8GMfnVsM0kWc,10.0.2.15,58162,185.63.144.1,443,TLSv12,TLS_ECDHE_RSA_WITH_AES_128_GCM_SHA256,secp256r1,www.linkedin.com,False,True,CsxknGIi,"['a28e053239e20a7c1dd0d41bb7b4a19d07e13372b3a571de58477de8e4e011f1', '154c433c491929c5ef686e838e323664a00e6a0d822ccc958fb4dab03e49a08f']",[],1.0,0ffee3ba8e615ad22535e7f771690a28,c4b2785a87896e19d37eee932070cb22,h2,,5808.969487,10.0.2.15,58162,185.63.144.1,443,tcp,201.28780899999947,658.0,3286.0,SF,True,False,0,ShADadfF,19,1434,20,4090,ssl,0
5810.18581,Condcq40w97IAV54Zd,10.0.2.15,58159,192.229.133.150,443,TLSv12,TLS_ECDHE_RSA_WITH_AES_128_GCM_SHA256,,platform.linkedin.com,False,False,Cs,,,,0ffee3ba8e615ad22535e7f771690a28,76cc3e2d3028143b23ec18e27dbd7ca9,http/1.1,,5808.952492,10.0.2.15,58159,192.229.133.150,443,tcp,5.878213999999389,198.0,1420.0,RSTO,True,False,0,ShADaFdR,5,406,4,1584,ssl,0
5819.746727,CPiE241je9at97M9D4,10.0.2.15,58175,172.217.23.226,443,TLSv12,TLS_ECDHE_RSA_WITH_AES_128_GCM_SHA256,x25519,www.googleadservices.com,False,True,CsxknGIti,"['33c13616ade5804cb64668e7fede6e1ef8141ce96a24e69910dfdd83efac1907', '9f630426df1d8abfd80ace98871ba833ab9742cb34838de2b5285ed54c0c7dcc', '3c35cc963eb004451323d3275d05b353235053490d9cd83729a2faf5e7ca1cc0']",[],1.0,0ffee3ba8e615ad22535e7f771690a28,ab41313cfec25328b20865eb1388e0a2,h2,,5818.261919,10.0.2.15,58175,172.217.23.226,443,tcp,197.09439700000075,664.0,3987.0,SF,True,False,0,ShADadFf,18,1392,18,4711,ssl,0
5820.14429,CTyufr4hvpNdVQOHpe,10.0.2.15,58178,172.217.23.230,443,TLSv12,TLS_ECDHE_RSA_WITH_AES_128_GCM_SHA256,x25519,5439637.fls.doubleclick.net,False,True,CsxknGIti,"['378a6c73f6dec1c6bc563fa8eda92c3e9ce61b893db7685686c41f33ab89931c', '9f630426df1d8abfd80ace98871ba833ab9742cb34838de2b5285ed54c0c7dcc', '3c35cc963eb004451323d3275d05b353235053490d9cd83729a2faf5e7ca1cc0']",[],1.0,0ffee3ba8e615ad22535e7f771690a28,ab41313cfec25328b20865eb1388e0a2,h2,,5819.781918,10.0.2.15,58178,172.217.23.230,443,tcp,2.135101000000759,508.0,4120.0,SF,True,False,0,ShADadFf,11,956,12,4604,ssl,0
5820.150849,CXh9Of2kQ5SS8EJMcf,10.0.2.15,58177,172.217.23.230,443,TLSv12,TLS_ECDHE_RSA_WITH_AES_128_GCM_SHA256,x25519,5439637.fls.doubleclick.net,False,True,CsxknGIti,"['378a6c73f6dec1c6bc563fa8eda92c3e9ce61b893db7685686c41f33ab89931c', '9f630426df1d8abfd80ace98871ba833ab9742cb34838de2b5285ed54c0c7dcc', '3c35cc963eb004451323d3275d05b353235053490d9cd83729a2faf5e7ca1cc0']",[],1.0,0ffee3ba8e615ad22535e7f771690a28,ab41313cfec25328b20865eb1388e0a2,h2,,5819.779989,10.0.2.15,58177,172.217.23.230,443,tcp,2.370039000000361,508.0,4120.0,SF,True,False,0,ShADadFf,12,996,14,4684,ssl,0
5820.8114,Coxn4A2QsFLkCEXkD,10.0.2.15,58179,34.253.81.237,443,TLSv12,TLS_ECDHE_RSA_WITH_AES_128_GCM_SHA256,secp256r1,app.yieldify.com,False,True,CsxknGIi,"['732e6bb8e96bd1c04745bd5df1c05d1a71a7cecd00ac49c55e4969f207696499', 'f55f9ffcb83c73453261601c7e044db15a0f034b93c05830f28635ef889cf670', '87dcd4dc74640a322cd205552506d1be64f12596258096544986b4850bc72706', '28689b30e4c306aab53b027b29e36ad6dd1dcf4b953994482ca84bdc1ecac996']",[],1.0,0ffee3ba8e615ad22535e7f771690a28,303951d4c50efb2e991652225a6f02b1,,,5820.128062,10.0.2.15,58179,34.253.81.237,443,tcp,67.76459900000009,693.0,12539.0,SF,True,False,0,ShADadTFf,19,1467,24,13503,ssl,0
5820.817367,CHwbJF4JX512L0ZRQ,10.0.2.15,58180,34.253.81.237,443,TLSv12,TLS_ECDHE_RSA_WITH_AES_128_GCM_SHA256,secp256r1,app.yieldify.com,False,True,CsxknGIi,"['732e6bb8e96bd1c04745bd5df1c05d1a71a7cecd00ac49c55e4969f207696499', 'f55f9ffcb83c73453261601c7e044db15a0f034b93c05830f28635ef889cf670', '87dcd4dc74640a322cd205552506d1be64f12596258096544986b4850bc72706', '28689b30e4c306aab53b027b29e36ad6dd1dcf4b953994482ca84bdc1ecac996']",[],1.0,0ffee3ba8e615ad22535e7f771690a28,303951d4c50efb2e991652225a6f02b1,,,5820.152837,10.0.2.15,58180,34.253.81.237,443,tcp,14.05966400000034,350.0,5075.0,SF,True,False,0,ShADadTFfRr,12,839,14,5639,ssl,0
5821.903875,CeWGyS13KgmCtnshf5,10.0.2.15,58181,34.251.48.115,443,TLSv12,TLS_ECDHE_RSA_WITH_AES_128_GCM_SHA256,secp256r1,collector-923.tvsquared.com,False,True,CsxknGIi,"['c1dc73fa425614c88eb191d34b75af2e44dece8c264e4d6d0e8ba98bfa5f629a', '02ab57e4e67a0cb48dd2ff34830e8ac40f4476fb08ca6be3f5cd846f646840f0', '4f32d5dc00f715250abcc486511e37f501a899deb3bf7ea8adbbd3aef1c412da']",[],1.0,0ffee3ba8e615ad22535e7f771690a28,303951d4c50efb2e991652225a6f02b1,,,5820.570632,10.0.2.15,58181,34.251.48.115,443,tcp,67.73241299999972,1334.0,14108.0,SF,True,False,0,ShADadTFf,21,2188,28,15232,ssl,0
5822.138988,CKCL5Sz3KRQGe61uc,10.0.2.15,58182,34.251.48.115,443,TLSv12,TLS_ECDHE_RSA_WITH_AES_128_GCM_SHA256,secp256r1,collector-923.tvsquared.com,False,True,CsxknGIi,"['c1dc73fa425614c88eb191d34b75af2e44dece8c264e4d6d0e8ba98bfa5f629a', '02ab57e4e67a0cb48dd2ff34830e8ac40f4476fb08ca6be3f5cd846f646840f0', '4f32d5dc00f715250abcc486511e37f501a899deb3bf7ea8adbbd3aef1c412da']",[],1.0,0ffee3ba8e615ad22535e7f771690a28,303951d4c50efb2e991652225a6f02b1,,,5820.818726,10.0.2.15,58182,34.251.48.115,443,tcp,12.805804999999964,361.0,4860.0,SF,True,False,0,ShADadTFRfr,12,850,14,5424,ssl,0
5823.787701,CbXCT73Yg9oiJ3YWFa,10.0.2.15,58184,13.107.21.200,443,TLSv12,TLS_ECDHE_RSA_WITH_AES_256_CBC_SHA,secp384r1,bat.bing.com,False,True,CsxuknGIi,"['80c4440580dbd55b228f41e6c88a51ecdbb998b5d32d12acd31ce25518d37128', '2399983e99703ebd01cea466c10799810c4ba62a8d61b88170a334dcd61bb20f']",[],1.0,0ffee3ba8e615ad22535e7f771690a28,4fd467dd264720762ffe286277c00f57,,,5823.690092,10.0.2.15,58184,13.107.21.200,443,tcp,10.914222000000336,456.0,6880.0,SF,True,False,0,ShADadTFf,13,985,15,7484,ssl,0
5824.017324,C5fqSwfytOypX6TXc,10.0.2.15,58191,5.153.22.107,443,TLSv12,TLS_ECDHE_RSA_WITH_AES_256_GCM_SHA384,secp256r1,dx.steelhousemedia.com,False,True,CsxknGIti,"['27f996cd01add727ece9d870c112b7a40883a2bddeed248132a1796df636b8c2', '973a41276ffd01e027a2aad49e34c37846d3e976ff6a620b6712e33832041aa6', '3a2fbe92891e57fe05d57087f48e730f17e5a5f53ef403d618e5b74d7a7e6ecb', 'c3846bf24b9e93ca64274c0ec67c1ecc5e024ffcacd2d74019350e81fe546ae4']",[],1.0,0ffee3ba8e615ad22535e7f771690a28,758945630046fd37070521b8544d1fe8,,,5823.713739,10.0.2.15,58191,5.153.22.107,443,tcp,20.18829800000003,783.0,5489.0,SF,True,False,0,ShADadfF,10,1191,13,6013,ssl,0
5824.031878,Cica3c2EBx4MlsTfQ7,10.0.2.15,58188,192.0.66.2,443,TLSv12,TLS_ECDHE_RSA_WITH_AES_128_GCM_SHA256,secp256r1,heatst.com,False,True,CsxknGIti,"['b1b149c9f9ab464b4191132ff083e3196b3c5b1767c1eee8cf308a02cd50b850', '02ab57e4e67a0cb48dd2ff34830e8ac40f4476fb08ca6be3f5cd846f646840f0', '4f32d5dc00f715250abcc486511e37f501a899deb3bf7ea8adbbd3aef1c412da']",[],1.0,0ffee3ba8e615ad22535e7f771690a28,b898351eb5e266aefd3723d466935494,h2,,5823.69798,10.0.2.15,58188,192.0.66.2,443,tcp,12.752250999999887,812.0,29999.0,SF,True,False,0,ShADadTFf,22,1701,38,31523,ssl,0
5824.017622,CPEb4t3KgpajNWkTB6,10.0.2.15,58189,185.57.60.185,443,TLSv12,TLS_ECDHE_ECDSA_WITH_AES_256_GCM_SHA384,secp256r1,pixel.tapad.com,False,True,CsxknGIti,"['2e07c3eefcc0f914e58014ebb73641b122d04bc44d3fa4319f90ab3d10159da4', '93a07898d89b2cca166ba6f1f8a14138ce43828e491b831926bc8247d391cc72', '9f43d52e808c20aff69e02faac205aac684e6975213d6620fac64bde5fcab4bc', '1465fa205397b876faa6f0a9958e5590e40fcc7faa4fb7c2c8677521fb5fb658', '2e2861289b5ccedecae4c31bf262e0fb0c29b6c1530573442731ca65d821e901']",[],1.0,0ffee3ba8e615ad22535e7f771690a28,5590a2023cffab2c8ace569bfb23fab1,,,5823.70369,10.0.2.15,58189,185.57.60.185,443,tcp,12.73948399999972,772.0,7305.0,SF,True,False,0,ShADadfF,11,1220,14,7869,ssl,0
5824.126747,CCwU5I2nwD54JlUk8j,10.0.2.15,58183,5.153.22.107,443,TLSv12,TLS_ECDHE_RSA_WITH_AES_256_GCM_SHA384,secp256r1,dx.steelhousemedia.com,False,True,CsxknGIti,"['27f996cd01add727ece9d870c112b7a40883a2bddeed248132a1796df636b8c2', '973a41276ffd01e027a2aad49e34c37846d3e976ff6a620b6712e33832041aa6', '3a2fbe92891e57fe05d57087f48e730f17e5a5f53ef403d618e5b74d7a7e6ecb', 'c3846bf24b9e93ca64274c0ec67c1ecc5e024ffcacd2d74019350e81fe546ae4']",[],1.0,0ffee3ba8e615ad22535e7f771690a28,758945630046fd37070521b8544d1fe8,,,5823.683135,10.0.2.15,58183,5.153.22.107,443,tcp,18.253866000000016,325.0,5489.0,SF,True,False,0,ShADadfF,9,693,13,6013,ssl,0
5824.033785,CmA20H1wyboWgTnlCf,10.0.2.15,58185,188.125.66.33,443,TLSv12,TLS_ECDHE_RSA_WITH_AES_128_GCM_SHA256,secp256r1,sp.analytics.yahoo.com,False,True,CsxknGIti,"['a42bd5146a3d4010979322f493ea1cf3e1ba9033d64ae699935e6a6ad96bd3c4', '19400be5b7a31fb733917700789d2f0a2471c0c9d506c0e504c06c16d7cb17c0']",[],1.0,1a5fe5677b0e4fbbc854e8908225637d,b898351eb5e266aefd3723d466935494,http/1.1,,5823.690761,10.0.2.15,58185,188.125.66.33,443,tcp,68.27756500000032,1047.0,4448.0,SF,True,False,0,ShADadTfF,17,1741,18,5172,ssl,0
5824.359576,CWtvIM3U4VaivKRVxd,10.0.2.15,58201,54.76.146.230,443,TLSv12,TLS_ECDHE_RSA_WITH_AES_128_GCM_SHA256,,suggest.expedia.com,True,True,CsiI,,,,0ffee3ba8e615ad22535e7f771690a28,303951d4c50efb2e991652225a6f02b1,,,5823.773015,10.0.2.15,58201,54.76.146.230,443,tcp,8.839538000000175,310.0,176.0,SF,True,False,0,ShADadFfRr,9,678,9,540,ssl,0
5824.667206,C8J1po2DpAahmPQxQ6,10.0.2.15,58199,54.76.146.230,443,TLSv12,TLS_ECDHE_RSA_WITH_AES_128_GCM_SHA256,,suggest.expedia.com,True,True,CsiI,,,,0ffee3ba8e615ad22535e7f771690a28,303951d4c50efb2e991652225a6f02b1,,,5823.76373,10.0.2.15,58199,54.76.146.230,443,tcp,9.32043900000008,310.0,176.0,SF,True,False,0,ShADadFfRr,9,678,9,540,ssl,0
5824.673299,Cf9RVc3DEPZnFXYNij,10.0.2.15,58198,54.192.93.64,443,TLSv12,TLS_ECDHE_RSA_WITH_AES_128_GCM_SHA256,secp256r1,vt.myvisualiq.net,False,True,CsxuknGIti,"['47ba84616b18fb6059391fae1e4050f0f43b6c105ae20fea05305d23e738aced', '973a41276ffd01e027a2aad49e34c37846d3e976ff6a620b6712e33832041aa6', '3a2fbe92891e57fe05d57087f48e730f17e5a5f53ef403d618e5b74d7a7e6ecb', 'c3846bf24b9e93ca64274c0ec67c1ecc5e024ffcacd2d74019350e81fe546ae4']",[],1.0,0ffee3ba8e615ad22535e7f771690a28,76cc3e2d3028143b23ec18e27dbd7ca9,http/1.1,,5823.759243,10.0.2.15,58198,54.192.93.64,443,tcp,128.10844599999928,743.0,11161.0,SF,True,False,0,ShADadTTfF,22,1642,27,12245,ssl,0
5824.677485,CGqxpl1XlYF01ptaBi,10.0.2.15,58196,151.101.112.175,443,TLSv12,TLS_ECDHE_RSA_WITH_AES_128_GCM_SHA256,secp256r1,cdn.krxd.net,False,True,CsxuknGIti,"['08db83c9326d7da362a1d5b13d2c2eb3f30a9c28c65a16e8f0f5cbdfc0a6dc6d', '4b7334e1d8999822bafa8ff6888125389b18a4e5ab26ffa624c7f68fdc81f0cb']",[],1.0,0ffee3ba8e615ad22535e7f771690a28,860fcf58fd757e26aa8911e5eaff6b53,http/1.1,,5823.737799,10.0.2.15,58196,151.101.112.175,443,tcp,22.687511999999515,1784.0,15912.0,RSTR,True,False,0,ShADadRr,18,2512,26,16956,ssl,0
5824.696002,CiTxVb35KuN9JxePB9,10.0.2.15,58192,192.0.66.2,443,TLSv12,TLS_ECDHE_RSA_WITH_AES_128_GCM_SHA256,secp256r1,heatst.com,False,True,CsxknGIti,"['b1b149c9f9ab464b4191132ff083e3196b3c5b1767c1eee8cf308a02cd50b850', '02ab57e4e67a0cb48dd2ff34830e8ac40f4476fb08ca6be3f5cd846f646840f0', '4f32d5dc00f715250abcc486511e37f501a899deb3bf7ea8adbbd3aef1c412da']",[],1.0,0ffee3ba8e615ad22535e7f771690a28,b898351eb5e266aefd3723d466935494,h2,,5823.715608,10.0.2.15,58192,192.0.66.2,443,tcp,375.2085769999994,6011.0,684143.0,SF,True,False,0,ShADadFf,267,16699,672,711027,ssl,0
5824.692053,CErzsW2Pei2yJeJkg,10.0.2.15,58193,188.125.66.33,443,TLSv12,TLS_ECDHE_RSA_WITH_AES_128_GCM_SHA256,secp256r1,sp.analytics.yahoo.com,False,True,CsxknGIti,"['a42bd5146a3d4010979322f493ea1cf3e1ba9033d64ae699935e6a6ad96bd3c4', '19400be5b7a31fb733917700789d2f0a2471c0c9d506c0e504c06c16d7cb17c0']",[],1.0,1a5fe5677b0e4fbbc854e8908225637d,b898351eb5e266aefd3723d466935494,http/1.1,,5823.718468,10.0.2.15,58193,188.125.66.33,443,tcp,14.39854699999978,674.0,4033.0,SF,True,False,0,ShADadTFfRr,12,1163,13,4557,ssl,0
5824.858166,CBwNRi18dzoXwGYjC4,10.0.2.15,58202,52.209.109.231,443,TLSv12,TLS_ECDHE_RSA_WITH_AES_128_GCM_SHA256,secp256r1,set.tidaltv.com,False,True,CsxknGIi,"['b3a7a82e9e63dea9eecd7e5fe40cc24709aaf6fe932ca4a4032003078648af08', '973a41276ffd01e027a2aad49e34c37846d3e976ff6a620b6712e33832041aa6', '3a2fbe92891e57fe05d57087f48e730f17e5a5f53ef403d618e5b74d7a7e6ecb', 'c3846bf24b9e93ca64274c0ec67c1ecc5e024ffcacd2d74019350e81fe546ae4']",[],1.0,0ffee3ba8e615ad22535e7f771690a28,303951d4c50efb2e991652225a6f02b1,,,5823.773814,10.0.2.15,58202,52.209.109.231,443,tcp,72.4828179999995,787.0,5978.0,SF,True,False,0,ShADadTFf,17,1481,20,6782,ssl,0
5824.739455,C55jB740JBwvpxZwW,10.0.2.15,58190,199.16.156.41,443,TLSv12,TLS_ECDHE_RSA_WITH_AES_128_GCM_SHA256,secp256r1,analytics.twitter.com,False,True,CsxknGIti,"['d73ceb7605c00e14e0bb87516ddc2a48c8ba71d10920ec2c7d6680c42d3cdba0', '19400be5b7a31fb733917700789d2f0a2471c0c9d506c0e504c06c16d7cb17c0']",[],1.0,0ffee3ba8e615ad22535e7f771690a28,8d2a028aa94425f76ced7826b1f39039,h2,,5823.71171,10.0.2.15,58190,199.16.156.41,443,tcp,279.0136950000005,1437.0,5145.0,SF,True,False,0,ShADadFfRr,25,2445,30,6349,ssl,0
5825.562457,CgFueA0rkosPMLtK1,10.0.2.15,58197,151.101.112.143,443,TLSv12,TLS_ECDHE_RSA_WITH_AES_128_GCM_SHA256,secp256r1,cp.impdesk.com,False,True,CsxuknGIti,"['52fc1597547a52e9a880d37a1a04ee0f9860516731ec316dab3ba7d3641678c4', '74ef335e5e18788307fb9d89cb704bec112abd23487dbff41c4ded5070f241d9']",[],1.0,0ffee3ba8e615ad22535e7f771690a28,860fcf58fd757e26aa8911e5eaff6b53,http/1.1,,5823.739619,10.0.2.15,58197,151.101.112.143,443,tcp,142.77843200000007,702.0,7024.0,SF,True,False,0,ShADadTTFfRr,26,1763,28,8148,ssl,0
5824.811069,CwvGRSCbl12Jw8eXa,10.0.2.15,58187,199.16.156.75,443,TLSv12,TLS_ECDHE_RSA_WITH_AES_128_GCM_SHA256,secp256r1,t.co,False,True,CsxknGIti,"['2cb0d0ceb37216303762007711e3445be2b7c56611c5ccce3598505c63e56c54', '403e062a2653059113285baf80a0d4ae422c848c9f78fad01fc94bc5b87fef1a']",[],1.0,0ffee3ba8e615ad22535e7f771690a28,8d2a028aa94425f76ced7826b1f39039,h2,,5823.696115,10.0.2.15,58187,199.16.156.75,443,tcp,279.08464600000025,1165.0,5459.0,RSTO,True,False,0,ShADadFR,24,2133,28,6583,ssl,0
5824.815176,CYLBuD3oa8xG1kLbw9,10.0.2.15,58186,199.16.156.41,443,TLSv12,TLS_ECDHE_RSA_WITH_AES_128_GCM_SHA256,secp256r1,analytics.twitter.com,False,True,CsxknGIti,"['d73ceb7605c00e14e0bb87516ddc2a48c8ba71d10920ec2c7d6680c42d3cdba0', '19400be5b7a31fb733917700789d2f0a2471c0c9d506c0e504c06c16d7cb17c0']",[],1.0,0ffee3ba8e615ad22535e7f771690a28,8d2a028aa94425f76ced7826b1f39039,h2,,5823.692018,10.0.2.15,58186,199.16.156.41,443,tcp,12.98027000000002,596.0,4116.0,SF,True,False,0,ShADadFfRr,14,1164,17,4800,ssl,0
5839.080518,C23AM74t4p7Xzpl4q2,10.0.2.15,58209,95.172.94.31,443,TLSv12,TLS_ECDHE_RSA_WITH_AES_128_GCM_SHA256,secp256r1,pixel.quantserve.com,False,True,CsxknGIti,"['7d39ee69bdac843654f44bb3164a243b3e8c527019b6225992e5d36771f19e8f', '19400be5b7a31fb733917700789d2f0a2471c0c9d506c0e504c06c16d7cb17c0']",[],1.0,0ffee3ba8e615ad22535e7f771690a28,ccc514751b175866924439bdbb5bba34,,,5838.075547,10.0.2.15,58209,95.172.94.31,443,tcp,10.479731999999784,1143.0,3637.0,SF,True,False,0,ShADadFfRr,12,1631,13,4161,ssl,0
5839.094198,Ch08RmCZphXkjtBF5,10.0.2.15,58208,54.192.93.150,443,TLSv12,TLS_ECDHE_RSA_WITH_AES_128_GCM_SHA256,secp256r1,rules.quantcount.com,False,True,CsxuknGIti,"['7d39ee69bdac843654f44bb3164a243b3e8c527019b6225992e5d36771f19e8f', '19400be5b7a31fb733917700789d2f0a2471c0c9d506c0e504c06c16d7cb17c0']",[],1.0,0ffee3ba8e615ad22535e7f771690a28,76cc3e2d3028143b23ec18e27dbd7ca9,h2,,5838.074593,10.0.2.15,58208,54.192.93.150,443,tcp,78.04103899999973,1055.0,5066.0,SF,True,False,0,ShADadFf,20,1863,21,5910,ssl,0
5839.104215,CBLoRy4dt77Q24kBf,10.0.2.15,58207,95.172.94.31,443,TLSv12,TLS_ECDHE_RSA_WITH_AES_128_GCM_SHA256,secp256r1,pixel.quantserve.com,False,True,CsxknGIti,"['7d39ee69bdac843654f44bb3164a243b3e8c527019b6225992e5d36771f19e8f', '19400be5b7a31fb733917700789d2f0a2471c0c9d506c0e504c06c16d7cb17c0']",[],1.0,0ffee3ba8e615ad22535e7f771690a28,ccc514751b175866924439bdbb5bba34,,,5838.074015,10.0.2.15,58207,95.172.94.31,443,tcp,12.513030000000072,354.0,3323.0,SF,True,False,0,ShADadFTfRr,12,843,13,3847,ssl,0
5839.110734,C8INJYK4Jpsoj9Rah,10.0.2.15,58206,13.107.21.200,443,TLSv12,TLS_ECDHE_RSA_WITH_AES_256_CBC_SHA,secp384r1,bat.bing.com,False,True,CsxuknGIi,"['80c4440580dbd55b228f41e6c88a51ecdbb998b5d32d12acd31ce25518d37128', '2399983e99703ebd01cea466c10799810c4ba62a8d61b88170a334dcd61bb20f']",[],1.0,0ffee3ba8e615ad22535e7f771690a28,4fd467dd264720762ffe286277c00f57,,,5838.073012,10.0.2.15,58206,13.107.21.200,443,tcp,8.881583000000319,1469.0,7285.0,RSTR,True,False,0,ShADadRr,12,1957,15,7889,ssl,0
5839.118447,CqPPCa1mVEBDrBzIbf,10.0.2.15,58205,172.227.80.148,443,TLSv12,TLS_ECDHE_RSA_WITH_AES_256_GCM_SHA384,secp256r1,www.tripadvisor.com,False,True,CsxknGIti,"['0d28e28e283c09b8c213933a996fa603b05743961189c3a2e05097be5b2296df', '403e062a2653059113285baf80a0d4ae422c848c9f78fad01fc94bc5b87fef1a']",[],1.0,0ffee3ba8e615ad22535e7f771690a28,2b33c1374db4ddf06942f92373c0b54b,http/1.1,,5838.072448,10.0.2.15,58205,172.227.80.148,443,tcp,9.973622000000432,322.0,5155.0,SF,True,False,0,ShADadFfRr,10,730,12,5639,ssl,0
5839.136371,CRTrls3VFa6IwlDIDl,10.0.2.15,58204,172.227.80.148,443,TLSv12,TLS_ECDHE_RSA_WITH_AES_256_GCM_SHA384,secp256r1,www.tripadvisor.com,False,True,CsxknGIti,"['0d28e28e283c09b8c213933a996fa603b05743961189c3a2e05097be5b2296df', '403e062a2653059113285baf80a0d4ae422c848c9f78fad01fc94bc5b87fef1a']",[],1.0,0ffee3ba8e615ad22535e7f771690a28,2b33c1374db4ddf06942f92373c0b54b,http/1.1,,5838.071672,10.0.2.15,58204,172.227.80.148,443,tcp,14.527938999999606,353.0,5155.0,RSTO,True,False,0,ShADadTFR,11,802,12,5639,ssl,0
5839.139322,ClkansZvxNuVhwW4e,10.0.2.15,58203,13.107.21.200,443,TLSv12,TLS_ECDHE_RSA_WITH_AES_256_CBC_SHA,secp384r1,bat.bing.com,False,True,CsxuknGIi,"['80c4440580dbd55b228f41e6c88a51ecdbb998b5d32d12acd31ce25518d37128', '2399983e99703ebd01cea466c10799810c4ba62a8d61b88170a334dcd61bb20f']",[],1.0,0ffee3ba8e615ad22535e7f771690a28,4fd467dd264720762ffe286277c00f57,,,5838.071131,10.0.2.15,58203,13.107.21.200,443,tcp,8.883515000000443,973.0,7285.0,RSTR,True,False,0,ShADadRr,11,1421,16,7929,ssl,0
5845.116114,CiyDvX2VERvL8JlGR9,10.0.2.15,58210,172.217.23.227,443,TLSv12,TLS_ECDHE_RSA_WITH_AES_128_GCM_SHA256,,www.google.cz,True,True,CsiI,,,,1a5fe5677b0e4fbbc854e8908225637d,67619a80665d7ab92d1041b1d11f9164,h2,,5844.534568,10.0.2.15,58210,172.217.23.227,443,tcp,205.79302300000015,2347.0,800.0,SF,True,False,0,ShADadFf,20,3155,23,1724,ssl,0
5847.301479,C8WpBc1B0l1F2IATZ7,10.0.2.15,58212,13.107.21.200,443,TLSv12,TLS_ECDHE_RSA_WITH_AES_256_CBC_SHA,secp384r1,bat.bing.com,False,True,CsxuknGIi,"['80c4440580dbd55b228f41e6c88a51ecdbb998b5d32d12acd31ce25518d37128', '2399983e99703ebd01cea466c10799810c4ba62a8d61b88170a334dcd61bb20f']",[],1.0,0ffee3ba8e615ad22535e7f771690a28,4fd467dd264720762ffe286277c00f57,,,5846.223013,10.0.2.15,58212,13.107.21.200,443,tcp,10.002164000000448,456.0,6880.0,SF,True,False,0,ShADadFf,11,904,12,7364,ssl,0
5852.788941,CN0RxU3V6pdiKN4f66,10.0.2.15,58223,172.217.23.226,443,TLSv12,TLS_ECDHE_ECDSA_WITH_AES_128_GCM_SHA256,x25519,pagead2.googlesyndication.com,False,True,CsxknGIti,"['7dab2c14c2154b93fe35063ca1c26a233a78ca71cbb2bca391546edc16638392', '9f630426df1d8abfd80ace98871ba833ab9742cb34838de2b5285ed54c0c7dcc', '3c35cc963eb004451323d3275d05b353235053490d9cd83729a2faf5e7ca1cc0']",[],1.0,0ffee3ba8e615ad22535e7f771690a28,84480cf8cf0e732666092640e581e1a5,h2,,5852.254404,10.0.2.15,58223,172.217.23.226,443,tcp,407.4618,4520.0,6274.0,SF,True,False,0,ShADadfF,47,6408,54,8438,ssl,0
5853.130909,C1aIOKaVlL4DIJLAc,10.0.2.15,58218,23.74.207.50,443,TLSv12,TLS_ECDHE_RSA_WITH_AES_256_GCM_SHA384,secp256r1,cloud.typography.com,False,True,CsxknGIti,"['c7dac4d4365bbe22b655cfaa5556075dcbf432b1367ea1e170dd9fe784f7eca6', 'eae72eb454bf6c3977ebd289e970b2f5282949190093d0d26f98d0f0d6a9cf17', '8420dfbe376f414bf4c0a81e6936d24ccc03f304835b86c7a39142fca723a689']",[],1.0,0ffee3ba8e615ad22535e7f771690a28,2b33c1374db4ddf06942f92373c0b54b,http/1.1,,5849.846794,10.0.2.15,58218,23.74.207.50,443,tcp,8.761193999999705,665.0,5509.0,SF,True,False,0,ShADadfF,10,1073,12,5993,ssl,0
5853.133217,CR82dOt8spuMRjol5,10.0.2.15,58219,52.213.124.159,443,TLSv12,TLS_ECDHE_RSA_WITH_AES_128_GCM_SHA256,secp256r1,segment-data.zqtk.net,False,True,CsxknGIi,"['2670d1a610565dd6b28604aca586b84dde10bec74452182c23e0962a35fd1d94', '02ab57e4e67a0cb48dd2ff34830e8ac40f4476fb08ca6be3f5cd846f646840f0', '4f32d5dc00f715250abcc486511e37f501a899deb3bf7ea8adbbd3aef1c412da', '687fa451382278fff0c8b11f8d43d576671c6eb2bceab413fb83d965d06d2ff2']",[],1.0,0ffee3ba8e615ad22535e7f771690a28,303951d4c50efb2e991652225a6f02b1,,,5849.847902,10.0.2.15,58219,52.213.124.159,443,tcp,69.94798699999956,654.0,6908.0,SF,True,False,0,ShADadTFf,19,1436,22,7792,ssl,0
5853.132345,C32JNB3oppbITMfZtb,10.0.2.15,58217,95.101.241.136,443,TLSv12,TLS_ECDHE_RSA_WITH_AES_256_GCM_SHA384,secp256r1,cdn.optimizely.com,False,True,CsxuknGIti,"['66f2989ea8d8daad5f7510b047626245f8d89d5a9ad6afec0c9dec62f0de05e9', 'eae72eb454bf6c3977ebd289e970b2f5282949190093d0d26f98d0f0d6a9cf17', '8420dfbe376f414bf4c0a81e6936d24ccc03f304835b86c7a39142fca723a689']",[],1.0,0ffee3ba8e615ad22535e7f771690a28,9a31479427499ded4d3656a260298ec7,h2,,5849.846055,10.0.2.15,58217,95.101.241.136,443,tcp,411.2617659999996,1486.0,174252.0,RSTO,True,False,0,ShADadFR,100,5494,221,183096,ssl,0
5854.340014,CXjp5M19KFov6KPTL5,10.0.2.15,58225,107.20.218.31,443,TLSv12,TLS_ECDHE_RSA_WITH_AES_128_GCM_SHA256,secp256r1,jslog.krxd.net,False,True,CsxknGIi,"['801848f55bb97f055d1e2f3f6c8094cf12d7b6285a7ed7c20bf39440c6cb5f8e', '973a41276ffd01e027a2aad49e34c37846d3e976ff6a620b6712e33832041aa6', '3a2fbe92891e57fe05d57087f48e730f17e5a5f53ef403d618e5b74d7a7e6ecb', 'c3846bf24b9e93ca64274c0ec67c1ecc5e024ffcacd2d74019350e81fe546ae4']",[],1.0,0ffee3ba8e615ad22535e7f771690a28,303951d4c50efb2e991652225a6f02b1,,,5853.125074,10.0.2.15,58225,107.20.218.31,443,tcp,12.31369900000027,1131.0,5273.0,SF,True,False,0,ShADadfF,11,1579,12,5757,ssl,0
5854.342439,CQ4LIv4pjJQTYiAUm5,10.0.2.15,58224,107.20.218.31,443,TLSv12,TLS_ECDHE_RSA_WITH_AES_128_GCM_SHA256,secp256r1,jslog.krxd.net,False,True,CsxknGIi,"['801848f55bb97f055d1e2f3f6c8094cf12d7b6285a7ed7c20bf39440c6cb5f8e', '973a41276ffd01e027a2aad49e34c37846d3e976ff6a620b6712e33832041aa6', '3a2fbe92891e57fe05d57087f48e730f17e5a5f53ef403d618e5b74d7a7e6ecb', 'c3846bf24b9e93ca64274c0ec67c1ecc5e024ffcacd2d74019350e81fe546ae4']",[],1.0,0ffee3ba8e615ad22535e7f771690a28,303951d4c50efb2e991652225a6f02b1,,,5853.124079,10.0.2.15,58224,107.20.218.31,443,tcp,7.252327999999579,317.0,5273.0,SF,True,False,0,ShADadFf,10,725,12,5757,ssl,0
5854.630908,Ctz5sD2x5XuzexAgcc,10.0.2.15,58226,172.217.23.226,443,TLSv12,TLS_ECDHE_RSA_WITH_AES_128_GCM_SHA256,x25519,pubads.g.doubleclick.net,False,True,CsxknGIti,"['a32ffddd76f9e7debbfc9a37b38d2ef86039b30a10d7c45ab8223d149cf99699', '9f630426df1d8abfd80ace98871ba833ab9742cb34838de2b5285ed54c0c7dcc', '3c35cc963eb004451323d3275d05b353235053490d9cd83729a2faf5e7ca1cc0']",[],1.0,0ffee3ba8e615ad22535e7f771690a28,ab41313cfec25328b20865eb1388e0a2,h2,,5853.879157,10.0.2.15,58226,172.217.23.226,443,tcp,210.60327400000008,710.0,4223.0,SF,True,False,0,ShADadFf,19,1478,23,5147,ssl,0
5856.03882,CoWw1J1b1B2TlsgFif,10.0.2.15,58221,23.74.207.50,443,TLSv12,TLS_ECDHE_RSA_WITH_AES_256_GCM_SHA384,secp256r1,cloud.typography.com,False,True,CsxknGIti,"['c7dac4d4365bbe22b655cfaa5556075dcbf432b1367ea1e170dd9fe784f7eca6', 'eae72eb454bf6c3977ebd289e970b2f5282949190093d0d26f98d0f0d6a9cf17', '8420dfbe376f414bf4c0a81e6936d24ccc03f304835b86c7a39142fca723a689']",[],1.0,0ffee3ba8e615ad22535e7f771690a28,2b33c1374db4ddf06942f92373c0b54b,http/1.1,,5852.234929,10.0.2.15,58221,23.74.207.50,443,tcp,22.2460489999994,354.0,4865.0,SF,True,False,0,ShADadTFfRr,13,891,15,5469,ssl,0
5856.032603,CbX7WI2j4FZExk5Kl,10.0.2.15,58222,52.213.124.159,443,TLSv12,TLS_ECDHE_RSA_WITH_AES_128_GCM_SHA256,secp256r1,segment-data.zqtk.net,False,True,CsxknGIi,"['2670d1a610565dd6b28604aca586b84dde10bec74452182c23e0962a35fd1d94', '02ab57e4e67a0cb48dd2ff34830e8ac40f4476fb08ca6be3f5cd846f646840f0', '4f32d5dc00f715250abcc486511e37f501a899deb3bf7ea8adbbd3aef1c412da', '687fa451382278fff0c8b11f8d43d576671c6eb2bceab413fb83d965d06d2ff2']",[],1.0,0ffee3ba8e615ad22535e7f771690a28,303951d4c50efb2e991652225a6f02b1,,,5852.235511,10.0.2.15,58222,52.213.124.159,443,tcp,22.36435400000028,355.0,5930.0,SF,True,False,0,ShADadTFfRr,14,932,17,6614,ssl,0
5859.53536,ChX8Oe1ccUF9tdczc6,10.0.2.15,58228,95.100.181.96,443,TLSv12,TLS_ECDHE_RSA_WITH_AES_256_GCM_SHA384,,www.travelocity.com,True,True,CsiI,,,,1a5fe5677b0e4fbbc854e8908225637d,410b9bedaf65dd26c6fe547154d60db4,http/1.1,,5858.654458,10.0.2.15,58228,95.100.181.96,443,tcp,7.996385000000373,599.0,183.0,SF,True,False,0,ShADadFfRr,9,967,9,547,ssl,0
5861.739656,CAoFA42oJquQMv8W4,10.0.2.15,58231,192.0.66.2,443,TLSv12,TLS_ECDHE_RSA_WITH_AES_128_GCM_SHA256,secp256r1,i5.s.heat.st,False,True,CsxknGIti,['1ea21eb3d163f77a8cf468d08fe7d9d1af4301bcc4104431869ffe41a42502d5'],[],1.0,0ffee3ba8e615ad22535e7f771690a28,b898351eb5e266aefd3723d466935494,h2,,5860.982918,10.0.2.15,58231,192.0.66.2,443,tcp,22.75599500000044,836.0,6426.0,SF,True,False,0,ShADadTFf,16,1485,18,7150,ssl,0
5861.734062,CM4Pa33CKBsXIsVb2b,10.0.2.15,58236,192.0.66.2,443,TLSv12,TLS_ECDHE_RSA_WITH_AES_128_GCM_SHA256,secp256r1,i5.s.heat.st,False,True,CsxknGIti,['1ea21eb3d163f77a8cf468d08fe7d9d1af4301bcc4104431869ffe41a42502d5'],[],1.0,0ffee3ba8e615ad22535e7f771690a28,b898351eb5e266aefd3723d466935494,h2,,5860.988505,10.0.2.15,58236,192.0.66.2,443,tcp,35.64836000000014,854.0,6233.0,SF,True,False,0,ShADadTFf,16,1503,19,6997,ssl,0
5861.735975,CKW0db40Kn1auPrH27,10.0.2.15,58235,192.0.66.2,443,TLSv12,TLS_ECDHE_RSA_WITH_AES_128_GCM_SHA256,secp256r1,i5.s.heat.st,False,True,CsxknGIti,['1ea21eb3d163f77a8cf468d08fe7d9d1af4301bcc4104431869ffe41a42502d5'],[],1.0,0ffee3ba8e615ad22535e7f771690a28,b898351eb5e266aefd3723d466935494,h2,,5860.987574,10.0.2.15,58235,192.0.66.2,443,tcp,36.09140300000036,826.0,9530.0,SF,True,False,0,ShADadTFf,17,1515,21,10374,ssl,0
5861.736579,C9YNTl1XMrNTsCw5b1,10.0.2.15,58234,192.0.66.2,443,TLSv12,TLS_ECDHE_RSA_WITH_AES_128_GCM_SHA256,secp256r1,i5.s.heat.st,False,True,CsxknGIti,['1ea21eb3d163f77a8cf468d08fe7d9d1af4301bcc4104431869ffe41a42502d5'],[],1.0,0ffee3ba8e615ad22535e7f771690a28,b898351eb5e266aefd3723d466935494,h2,,5860.986947,10.0.2.15,58234,192.0.66.2,443,tcp,36.71739600000001,830.0,7765.0,SF,True,False,0,ShADadTFf,17,1519,20,8569,ssl,0
5861.737837,CIfLNKGA5yaahrCQ1,10.0.2.15,58233,192.0.66.2,443,TLSv12,TLS_ECDHE_RSA_WITH_AES_128_GCM_SHA256,secp256r1,i5.s.heat.st,False,True,CsxknGIti,['1ea21eb3d163f77a8cf468d08fe7d9d1af4301bcc4104431869ffe41a42502d5'],[],1.0,0ffee3ba8e615ad22535e7f771690a28,b898351eb5e266aefd3723d466935494,h2,,5860.985031,10.0.2.15,58233,192.0.66.2,443,tcp,37.09730200000013,867.0,22799.0,SF,True,False,0,ShADadTFf,22,1756,34,24163,ssl,0
5861.738018,C97SKh2eEQzQ0odpf,10.0.2.15,58232,192.0.66.2,443,TLSv12,TLS_ECDHE_RSA_WITH_AES_128_GCM_SHA256,secp256r1,i5.s.heat.st,False,True,CsxknGIti,['1ea21eb3d163f77a8cf468d08fe7d9d1af4301bcc4104431869ffe41a42502d5'],[],1.0,0ffee3ba8e615ad22535e7f771690a28,b898351eb5e266aefd3723d466935494,h2,,5860.984147,10.0.2.15,58232,192.0.66.2,443,tcp,319.1441880000002,2516.0,94065.0,SF,True,False,0,ShADadTFf,57,4805,114,98629,ssl,0
5864.094887,CeUzMJrxwZH4greL6,10.0.2.15,58244,192.0.66.2,443,TLSv12,TLS_ECDHE_RSA_WITH_AES_128_GCM_SHA256,secp256r1,i2.s.heat.st,False,True,CsxknGIti,['1ea21eb3d163f77a8cf468d08fe7d9d1af4301bcc4104431869ffe41a42502d5'],[],1.0,0ffee3ba8e615ad22535e7f771690a28,b898351eb5e266aefd3723d466935494,h2,,5863.468297,10.0.2.15,58244,192.0.66.2,443,tcp,328.0765809999993,2291.0,445636.0,SF,True,False,0,ShADadFf,289,13859,555,467840,ssl,0
5864.096787,CAwWWd4a6XC58XyG0e,10.0.2.15,58242,192.0.66.2,443,TLSv12,TLS_ECDHE_RSA_WITH_AES_128_GCM_SHA256,secp256r1,i2.s.heat.st,False,True,CsxknGIti,['1ea21eb3d163f77a8cf468d08fe7d9d1af4301bcc4104431869ffe41a42502d5'],[],1.0,0ffee3ba8e615ad22535e7f771690a28,b898351eb5e266aefd3723d466935494,h2,,5863.462676,10.0.2.15,58242,192.0.66.2,443,tcp,35.12696700000015,855.0,6790.0,SF,True,False,0,ShADadFf,15,1463,19,7554,ssl,0
5864.100463,C7mQgG2IQ9Fl3rX2sd,10.0.2.15,58241,192.0.66.2,443,TLSv12,TLS_ECDHE_RSA_WITH_AES_128_GCM_SHA256,secp256r1,i2.s.heat.st,False,True,CsxknGIti,['1ea21eb3d163f77a8cf468d08fe7d9d1af4301bcc4104431869ffe41a42502d5'],[],1.0,0ffee3ba8e615ad22535e7f771690a28,b898351eb5e266aefd3723d466935494,h2,,5863.460299,10.0.2.15,58241,192.0.66.2,443,tcp,35.32310499999949,833.0,8834.0,SF,True,False,0,ShADadFf,15,1441,20,9638,ssl,0
5864.101445,CJxO2JLl3H0F15Vci,10.0.2.15,58240,192.0.66.2,443,TLSv12,TLS_ECDHE_RSA_WITH_AES_128_GCM_SHA256,secp256r1,i2.s.heat.st,False,True,CsxknGIti,['1ea21eb3d163f77a8cf468d08fe7d9d1af4301bcc4104431869ffe41a42502d5'],[],1.0,0ffee3ba8e615ad22535e7f771690a28,b898351eb5e266aefd3723d466935494,h2,,5863.45852,10.0.2.15,58240,192.0.66.2,443,tcp,35.562363000000005,853.0,7721.0,SF,True,False,0,ShADadFf,16,1501,20,8525,ssl,0
5864.267735,COoZV53ClZ3a9eR7o5,10.0.2.15,58247,192.0.66.2,443,TLSv12,TLS_ECDHE_RSA_WITH_AES_128_GCM_SHA256,secp256r1,i4.s.heat.st,False,True,CsxknGIti,['1ea21eb3d163f77a8cf468d08fe7d9d1af4301bcc4104431869ffe41a42502d5'],[],1.0,0ffee3ba8e615ad22535e7f771690a28,b898351eb5e266aefd3723d466935494,h2,,5863.52293,10.0.2.15,58247,192.0.66.2,443,tcp,317.0288119999996,1826.0,39782.0,SF,True,False,0,ShADadFf,49,3794,71,42626,ssl,0
5864.270567,Cch9dZ3lXAdEeKjEE8,10.0.2.15,58246,192.0.66.2,443,TLSv12,TLS_ECDHE_RSA_WITH_AES_128_GCM_SHA256,secp256r1,i3.s.heat.st,False,True,CsxknGIti,['1ea21eb3d163f77a8cf468d08fe7d9d1af4301bcc4104431869ffe41a42502d5'],[],1.0,0ffee3ba8e615ad22535e7f771690a28,b898351eb5e266aefd3723d466935494,h2,,5863.504216,10.0.2.15,58246,192.0.66.2,443,tcp,316.58725499999946,1634.0,35638.0,SF,True,False,0,ShADadFf,41,3282,59,38002,ssl,0
5864.271725,CGMJNl4q3q3iZ4UiA4,10.0.2.15,58245,192.0.66.2,443,TLSv12,TLS_ECDHE_RSA_WITH_AES_128_GCM_SHA256,secp256r1,i3.s.heat.st,False,True,CsxknGIti,['1ea21eb3d163f77a8cf468d08fe7d9d1af4301bcc4104431869ffe41a42502d5'],[],1.0,0ffee3ba8e615ad22535e7f771690a28,b898351eb5e266aefd3723d466935494,h2,,5863.503179,10.0.2.15,58245,192.0.66.2,443,tcp,39.31929599999967,868.0,222367.0,SF,True,False,0,ShADadFf,52,2956,185,229771,ssl,0
5864.09577,CbrjXW1ZILuinH2Z38,10.0.2.15,58243,192.0.66.2,443,TLSv12,TLS_ECDHE_RSA_WITH_AES_128_GCM_SHA256,secp256r1,i2.s.heat.st,False,True,CsxknGIti,['1ea21eb3d163f77a8cf468d08fe7d9d1af4301bcc4104431869ffe41a42502d5'],[],1.0,0ffee3ba8e615ad22535e7f771690a28,b898351eb5e266aefd3723d466935494,h2,,5863.467195,10.0.2.15,58243,192.0.66.2,443,tcp,34.85630899999978,864.0,6813.0,SF,True,False,0,ShADadFf,15,1472,18,7537,ssl,0
5864.102025,C4mDfe4A6zo6DQsRA5,10.0.2.15,58239,192.0.66.2,443,TLSv12,TLS_ECDHE_RSA_WITH_AES_128_GCM_SHA256,secp256r1,i2.s.heat.st,False,True,CsxknGIti,['1ea21eb3d163f77a8cf468d08fe7d9d1af4301bcc4104431869ffe41a42502d5'],[],1.0,0ffee3ba8e615ad22535e7f771690a28,b898351eb5e266aefd3723d466935494,h2,,5863.455462,10.0.2.15,58239,192.0.66.2,443,tcp,35.70936799999981,821.0,6188.0,SF,True,False,0,ShADadFf,15,1429,18,6912,ssl,0
5864.103473,CswPBoN3Qzz7ZiKIg,10.0.2.15,58238,192.0.66.2,443,TLSv12,TLS_ECDHE_RSA_WITH_AES_128_GCM_SHA256,secp256r1,i1.s.heat.st,False,True,CsxknGIti,['1ea21eb3d163f77a8cf468d08fe7d9d1af4301bcc4104431869ffe41a42502d5'],[],1.0,0ffee3ba8e615ad22535e7f771690a28,b898351eb5e266aefd3723d466935494,h2,,5863.425385,10.0.2.15,58238,192.0.66.2,443,tcp,211.4692670000004,1004.0,21352.0,SF,True,False,0,ShADadFf,32,2292,37,22836,ssl,0
5864.105292,COTUxb2W1Ldpi6XSD4,10.0.2.15,58237,192.0.66.2,443,TLSv12,TLS_ECDHE_RSA_WITH_AES_128_GCM_SHA256,secp256r1,i1.s.heat.st,False,True,CsxknGIti,['1ea21eb3d163f77a8cf468d08fe7d9d1af4301bcc4104431869ffe41a42502d5'],[],1.0,0ffee3ba8e615ad22535e7f771690a28,b898351eb5e266aefd3723d466935494,h2,,5863.424102,10.0.2.15,58237,192.0.66.2,443,tcp,35.894938000000366,852.0,11562.0,SF,True,False,0,ShADadFf,16,1500,22,12446,ssl,0
5867.294745,CUTWBo1tSB60utXOEh,10.0.2.15,58249,185.33.222.20,443,TLSv12,TLS_ECDHE_RSA_WITH_AES_256_GCM_SHA384,secp256r1,secure.adnxs.com,False,True,CsxuknGIti,"['5b081650e8034418a37504ce0820892be5a66474578207711eb688243fe1a8f2', '074541ecdf88ed992ed5ade3ecddef27a26ba1b44480a195c0a8dadae2521d8e']",[],1.0,0ffee3ba8e615ad22535e7f771690a28,d53e4608f956df65bb2b8a8c4d3b025d,,,5866.157107,10.0.2.15,58249,185.33.222.20,443,tcp,37.630134,3021.0,9345.0,SF,True,False,0,ShADadTfF,16,3671,20,10149,ssl,0
5867.296302,CIFzGS1IRSxwWmX4Z,10.0.2.15,58261,62.67.193.21,443,TLSv12,TLS_RSA_WITH_AES_256_CBC_SHA,,fastlane.rubiconproject.com,False,True,CsxnGIi,"['323de379ee34a94e415f63b56183d0d5d0e5a863f4ac89f97dc40ae81cc021c8', '154c433c491929c5ef686e838e323664a00e6a0d822ccc958fb4dab03e49a08f']",[],1.0,0ffee3ba8e615ad22535e7f771690a28,0a917d753018dad73d9899ace370f8d8,,,5866.187123,10.0.2.15,58261,62.67.193.21,443,tcp,39.05958100000044,5212.0,6185.0,SF,True,False,0,ShADadTfF,17,5902,18,6909,ssl,0
5867.296719,Cwz0zH1Wg3ECJwOfd3,10.0.2.15,58260,62.67.193.21,443,TLSv12,TLS_RSA_WITH_AES_256_CBC_SHA,,fastlane.rubiconproject.com,False,True,CsxnGIi,"['323de379ee34a94e415f63b56183d0d5d0e5a863f4ac89f97dc40ae81cc021c8', '154c433c491929c5ef686e838e323664a00e6a0d822ccc958fb4dab03e49a08f']",[],1.0,0ffee3ba8e615ad22535e7f771690a28,0a917d753018dad73d9899ace370f8d8,,,5866.184842,10.0.2.15,58260,62.67.193.21,443,tcp,38.4048700000003,5212.0,6217.0,SF,True,False,0,ShADadTfF,17,5902,18,6941,ssl,0
5867.298516,CUGiA824HW5Os7T6Mj,10.0.2.15,58259,62.67.193.21,443,TLSv12,TLS_RSA_WITH_AES_256_CBC_SHA,,fastlane.rubiconproject.com,False,True,CsxnGIi,"['323de379ee34a94e415f63b56183d0d5d0e5a863f4ac89f97dc40ae81cc021c8', '154c433c491929c5ef686e838e323664a00e6a0d822ccc958fb4dab03e49a08f']",[],1.0,0ffee3ba8e615ad22535e7f771690a28,0a917d753018dad73d9899ace370f8d8,,,5866.181246,10.0.2.15,58259,62.67.193.21,443,tcp,38.93349200000012,5212.0,6585.0,SF,True,False,0,ShADadTFf,18,5943,19,7349,ssl,0
5867.299583,CxSWYn2vRQwNb1lEn5,10.0.2.15,58258,62.67.193.21,443,TLSv12,TLS_RSA_WITH_AES_256_CBC_SHA,,fastlane.rubiconproject.com,False,True,CsxnGIi,"['323de379ee34a94e415f63b56183d0d5d0e5a863f4ac89f97dc40ae81cc021c8', '154c433c491929c5ef686e838e323664a00e6a0d822ccc958fb4dab03e49a08f']",[],1.0,0ffee3ba8e615ad22535e7f771690a28,0a917d753018dad73d9899ace370f8d8,,,5866.173795,10.0.2.15,58258,62.67.193.21,443,tcp,41.02636200000052,5212.0,6633.0,SF,True,False,0,ShADadTFf,19,5983,20,7437,ssl,0
5867.300671,C0lT0RoWnBNcgJ38a,10.0.2.15,58257,62.67.193.21,443,TLSv12,TLS_RSA_WITH_AES_256_CBC_SHA,,fastlane.rubiconproject.com,False,True,CsxnGIi,"['323de379ee34a94e415f63b56183d0d5d0e5a863f4ac89f97dc40ae81cc021c8', '154c433c491929c5ef686e838e323664a00e6a0d822ccc958fb4dab03e49a08f']",[],1.0,0ffee3ba8e615ad22535e7f771690a28,0a917d753018dad73d9899ace370f8d8,,,5866.171805,10.0.2.15,58257,62.67.193.21,443,tcp,38.608078999999634,5212.0,6441.0,SF,True,False,0,ShADadTFf,18,5943,19,7205,ssl,0
5867.305034,CPKNcF4yAVT9PvCSuf,10.0.2.15,58256,62.67.193.21,443,TLSv12,TLS_RSA_WITH_AES_256_CBC_SHA,,fastlane.rubiconproject.com,False,True,CsxnGIi,"['323de379ee34a94e415f63b56183d0d5d0e5a863f4ac89f97dc40ae81cc021c8', '154c433c491929c5ef686e838e323664a00e6a0d822ccc958fb4dab03e49a08f']",[],1.0,0ffee3ba8e615ad22535e7f771690a28,0a917d753018dad73d9899ace370f8d8,,,5866.169319,10.0.2.15,58256,62.67.193.21,443,tcp,39.49954900000012,5212.0,6009.0,SF,True,False,0,ShADadTFf,17,5903,19,6773,ssl,0
5867.295628,CG1Z2L20K2B1soFoIf,10.0.2.15,58248,107.21.110.245,443,TLSv12,TLS_ECDHE_RSA_WITH_AES_128_GCM_SHA256,secp256r1,6302942175.log.optimizely.com,False,True,CsxknGIi,"['720a04382d93aa8932b95cc755b9fbaab1b6a01d85399736cf4d5a4607e41172', '19400be5b7a31fb733917700789d2f0a2471c0c9d506c0e504c06c16d7cb17c0', '7431e5f4c3c1ce4690774f0b61e05440883ba9a01ed00ba6abd7806ed3b118cf']",[],1.0,0ffee3ba8e615ad22535e7f771690a28,303951d4c50efb2e991652225a6f02b1,,,5866.139831,10.0.2.15,58248,107.21.110.245,443,tcp,73.37111199999981,1022.0,4812.0,SF,True,False,0,ShADadTFf,18,1757,21,5656,ssl,0
5867.309989,CHGIUPWREHIMeaIo5,10.0.2.15,58255,185.33.220.5,443,TLSv12,TLS_ECDHE_RSA_WITH_AES_256_GCM_SHA384,secp256r1,ib.adnxs.com,False,True,CsxuknGIti,"['5b081650e8034418a37504ce0820892be5a66474578207711eb688243fe1a8f2', '074541ecdf88ed992ed5ade3ecddef27a26ba1b44480a195c0a8dadae2521d8e']",[],1.0,0ffee3ba8e615ad22535e7f771690a28,d53e4608f956df65bb2b8a8c4d3b025d,,,5866.167282,10.0.2.15,58255,185.33.220.5,443,tcp,36.96248799999921,4816.0,6728.0,SF,True,False,0,ShADadfTF,16,5465,18,7452,ssl,0
5867.313775,CsX5cD3L78u5Na5lc4,10.0.2.15,58254,185.33.222.20,443,TLSv12,TLS_ECDHE_RSA_WITH_AES_256_GCM_SHA384,secp256r1,secure.adnxs.com,False,True,CsxuknGIti,"['5b081650e8034418a37504ce0820892be5a66474578207711eb688243fe1a8f2', '074541ecdf88ed992ed5ade3ecddef27a26ba1b44480a195c0a8dadae2521d8e']",[],1.0,0ffee3ba8e615ad22535e7f771690a28,d53e4608f956df65bb2b8a8c4d3b025d,,,5866.165264,10.0.2.15,58254,185.33.222.20,443,tcp,37.16908799999965,3023.0,8409.0,SF,True,False,0,ShADadfTF,14,3592,20,9213,ssl,0
5867.314416,C2vY8F4PNMHW5Z5Jg9,10.0.2.15,58253,185.33.222.20,443,TLSv12,TLS_ECDHE_RSA_WITH_AES_256_GCM_SHA384,secp256r1,secure.adnxs.com,False,True,CsxuknGIti,"['5b081650e8034418a37504ce0820892be5a66474578207711eb688243fe1a8f2', '074541ecdf88ed992ed5ade3ecddef27a26ba1b44480a195c0a8dadae2521d8e']",[],1.0,0ffee3ba8e615ad22535e7f771690a28,d53e4608f956df65bb2b8a8c4d3b025d,,,5866.163698,10.0.2.15,58253,185.33.222.20,443,tcp,37.407169999999496,3022.0,9655.0,SF,True,False,0,ShADadfTF,15,3631,21,10499,ssl,0
5867.317338,CXIr6v55C2Qasjkr7,10.0.2.15,58252,185.33.222.20,443,TLSv12,TLS_ECDHE_RSA_WITH_AES_256_GCM_SHA384,secp256r1,secure.adnxs.com,False,True,CsxuknGIti,"['5b081650e8034418a37504ce0820892be5a66474578207711eb688243fe1a8f2', '074541ecdf88ed992ed5ade3ecddef27a26ba1b44480a195c0a8dadae2521d8e']",[],1.0,0ffee3ba8e615ad22535e7f771690a28,d53e4608f956df65bb2b8a8c4d3b025d,,,5866.162277,10.0.2.15,58252,185.33.222.20,443,tcp,37.947730999999294,3023.0,9675.0,SF,True,False,0,ShADadfTF,14,3592,21,10519,ssl,0
5867.32456,CN7vA5a4YsBe6UmI7,10.0.2.15,58251,185.33.222.20,443,TLSv12,TLS_ECDHE_RSA_WITH_AES_256_GCM_SHA384,secp256r1,secure.adnxs.com,False,True,CsxuknGIti,"['5b081650e8034418a37504ce0820892be5a66474578207711eb688243fe1a8f2', '074541ecdf88ed992ed5ade3ecddef27a26ba1b44480a195c0a8dadae2521d8e']",[],1.0,0ffee3ba8e615ad22535e7f771690a28,d53e4608f956df65bb2b8a8c4d3b025d,,,5866.160842,10.0.2.15,58251,185.33.222.20,443,tcp,39.28784300000007,3023.0,9671.0,SF,True,False,0,ShADadfTF,14,3592,20,10475,ssl,0
5867.33542,CHvtbSGPYU9DUUxH5,10.0.2.15,58250,185.33.222.20,443,TLSv12,TLS_ECDHE_RSA_WITH_AES_256_GCM_SHA384,secp256r1,secure.adnxs.com,False,True,CsxuknGIti,"['5b081650e8034418a37504ce0820892be5a66474578207711eb688243fe1a8f2', '074541ecdf88ed992ed5ade3ecddef27a26ba1b44480a195c0a8dadae2521d8e']",[],1.0,0ffee3ba8e615ad22535e7f771690a28,d53e4608f956df65bb2b8a8c4d3b025d,,,5866.159328,10.0.2.15,58250,185.33.222.20,443,tcp,38.19218400000045,3022.0,9439.0,SF,True,False,0,ShADadfTF,13,3551,20,10243,ssl,0
5868.471618,C60UcG1LfDr5WInjnd,10.0.2.15,58262,37.252.167.202,443,TLSv12,TLS_ECDHE_RSA_WITH_AES_256_GCM_SHA384,secp256r1,rb.adnxs.com,False,True,CsxknGIti,"['5b081650e8034418a37504ce0820892be5a66474578207711eb688243fe1a8f2', '074541ecdf88ed992ed5ade3ecddef27a26ba1b44480a195c0a8dadae2521d8e']",[],1.0,0ffee3ba8e615ad22535e7f771690a28,e35df3e00ca4ef31d42b34bebaa2f86e,,,5867.337951,10.0.2.15,58262,37.252.167.202,443,tcp,266.9640109999991,21279.0,8726.0,SF,True,False,0,ShADadTTfF,60,23706,61,11170,ssl,0
5873.496778,ChHE7y2MVJqdFLHvKg,10.0.2.15,58266,192.0.66.2,443,TLSv12,TLS_ECDHE_RSA_WITH_AES_128_GCM_SHA256,,i3.s.heat.st,True,True,CsiI,,,,1a5fe5677b0e4fbbc854e8908225637d,7bee5c1d424b7e5f943b06983bb11422,h2,,5872.245978,10.0.2.15,58266,192.0.66.2,443,tcp,28.93032099999982,1048.0,146.0,SF,True,False,0,ShADadfF,11,1496,10,550,ssl,0
5873.499138,CyGaoAcEOkJDrN9Ni,10.0.2.15,58265,192.0.66.2,443,TLSv12,TLS_ECDHE_RSA_WITH_AES_128_GCM_SHA256,,i3.s.heat.st,True,True,CsiI,,,,1a5fe5677b0e4fbbc854e8908225637d,7bee5c1d424b7e5f943b06983bb11422,h2,,5872.245952,10.0.2.15,58265,192.0.66.2,443,tcp,29.098993999999948,1070.0,146.0,SF,True,False,0,ShADadfF,11,1518,10,550,ssl,0
5873.502994,COZXTT2BijKsdAyaQj,10.0.2.15,58264,192.0.66.2,443,TLSv12,TLS_ECDHE_RSA_WITH_AES_128_GCM_SHA256,,i3.s.heat.st,True,True,CsiI,,,,1a5fe5677b0e4fbbc854e8908225637d,7bee5c1d424b7e5f943b06983bb11422,h2,,5872.245927,10.0.2.15,58264,192.0.66.2,443,tcp,29.39349399999992,1047.0,146.0,SF,True,False,0,ShADadfF,11,1495,10,550,ssl,0
5873.503932,CdcqM63IaO6iE5vj36,10.0.2.15,58263,192.0.66.2,443,TLSv12,TLS_ECDHE_RSA_WITH_AES_128_GCM_SHA256,,i3.s.heat.st,True,True,CsiI,,,,1a5fe5677b0e4fbbc854e8908225637d,7bee5c1d424b7e5f943b06983bb11422,h2,,5872.245895,10.0.2.15,58263,192.0.66.2,443,tcp,29.747604000000138,1066.0,146.0,SF,True,False,0,ShADadfF,11,1514,10,550,ssl,0
5873.739467,C4pFtb1cseF72LE2Pc,10.0.2.15,58267,192.0.66.2,443,TLSv12,TLS_ECDHE_RSA_WITH_AES_128_GCM_SHA256,,i4.s.heat.st,True,True,CsiI,,,,1a5fe5677b0e4fbbc854e8908225637d,7bee5c1d424b7e5f943b06983bb11422,h2,,5872.246004,10.0.2.15,58267,192.0.66.2,443,tcp,30.071007000000463,1051.0,146.0,SF,True,False,0,ShADadfF,11,1499,10,550,ssl,0
5884.693227,C7zt5F4a0i6M0tUL84,10.0.2.15,58272,107.20.218.31,443,TLSv12,TLS_ECDHE_RSA_WITH_AES_128_GCM_SHA256,,jslog.krxd.net,True,True,CsiI,,,,0ffee3ba8e615ad22535e7f771690a28,303951d4c50efb2e991652225a6f02b1,,,5881.044013,10.0.2.15,58272,107.20.218.31,443,tcp,25.72013500000048,1088.0,703.0,SF,True,False,0,ShADadfTF,12,1585,10,1107,ssl,0
5881.693103,C577Uo24WM2QPkVI1,10.0.2.15,58271,192.0.66.2,443,TLSv12,TLS_ECDHE_RSA_WITH_AES_128_GCM_SHA256,,i4.s.heat.st,True,True,CsiI,,,,1a5fe5677b0e4fbbc854e8908225637d,7bee5c1d424b7e5f943b06983bb11422,h2,,5878.668823,10.0.2.15,58271,192.0.66.2,443,tcp,8.387174999999843,808.0,253.0,SF,True,False,0,ShADadFf,12,1296,11,697,ssl,0
5881.694967,CfNqVs8wCUCAJ9j25,10.0.2.15,58270,192.0.66.2,443,TLSv12,TLS_ECDHE_RSA_WITH_AES_128_GCM_SHA256,,i4.s.heat.st,True,True,CsiI,,,,1a5fe5677b0e4fbbc854e8908225637d,7bee5c1d424b7e5f943b06983bb11422,h2,,5878.668377,10.0.2.15,58270,192.0.66.2,443,tcp,8.38022699999965,808.0,253.0,SF,True,False,0,ShADadFf,12,1296,11,697,ssl,0
5881.695025,CQfOHX14dmdKirSO33,10.0.2.15,58269,192.0.66.2,443,TLSv12,TLS_ECDHE_RSA_WITH_AES_128_GCM_SHA256,,i4.s.heat.st,True,True,CsiI,,,,1a5fe5677b0e4fbbc854e8908225637d,7bee5c1d424b7e5f943b06983bb11422,h2,,5878.667854,10.0.2.15,58269,192.0.66.2,443,tcp,8.377053999999589,808.0,253.0,SF,True,False,0,ShADadFf,12,1296,11,697,ssl,0
5881.703098,CYyze944kRLBsE37c6,10.0.2.15,58268,192.0.66.2,443,TLSv12,TLS_ECDHE_RSA_WITH_AES_128_GCM_SHA256,,i4.s.heat.st,True,True,CsiI,,,,1a5fe5677b0e4fbbc854e8908225637d,7bee5c1d424b7e5f943b06983bb11422,h2,,5878.667271,10.0.2.15,58268,192.0.66.2,443,tcp,8.365718999999444,808.0,253.0,SF,True,False,0,ShADadFf,12,1296,11,697,ssl,0
5901.353576,CgTqnj2AmxDDJLnIB,10.0.2.15,58273,95.101.251.103,443,TLSv12,TLS_ECDHE_RSA_WITH_AES_256_GCM_SHA384,,images.trvl-media.com,True,True,CsiI,,,,1a5fe5677b0e4fbbc854e8908225637d,410b9bedaf65dd26c6fe547154d60db4,http/1.1,,5901.00485,10.0.2.15,58273,95.101.251.103,443,tcp,12.649445000000014,1342.0,20950.0,RSTR,True,False,0,ShADadTFRr,27,2431,41,22594,ssl,0
5901.349992,Cooc5G4aAkMepbBQH5,10.0.2.15,58275,34.252.17.219,443,TLSv12,TLS_ECDHE_RSA_WITH_AES_128_GCM_SHA256,secp256r1,urgency.expedia.com,False,True,CsxknGIi,"['fcb72ee956ae8f91b80731c5a3fe66e9ce83d5188b193fe0c424ee1d7130a716', 'd6c3fc493bacd1df8a1ba30f4ae26254b2a4528e4876081eacc6a16a090aa36a']",[],1.0,0ffee3ba8e615ad22535e7f771690a28,303951d4c50efb2e991652225a6f02b1,,,5901.00992,10.0.2.15,58275,34.252.17.219,443,tcp,13.694553999999698,918.0,4417.0,RSTO,True,False,0,ShADadTFR,12,1407,14,4981,ssl,0
5901.351574,C5IQzU3CNFaqJBdiq6,10.0.2.15,58274,34.252.17.219,443,TLSv12,TLS_ECDHE_RSA_WITH_AES_128_GCM_SHA256,secp256r1,urgency.expedia.com,False,True,CsxknGIi,"['fcb72ee956ae8f91b80731c5a3fe66e9ce83d5188b193fe0c424ee1d7130a716', 'd6c3fc493bacd1df8a1ba30f4ae26254b2a4528e4876081eacc6a16a090aa36a']",[],1.0,0ffee3ba8e615ad22535e7f771690a28,303951d4c50efb2e991652225a6f02b1,,,5901.00717,10.0.2.15,58274,34.252.17.219,443,tcp,15.134125000000497,1346.0,4551.0,RSTO,True,False,0,ShADadTFR,13,1875,14,5115,ssl,0
5906.146473,CNjDix1LK7ITqLcIWe,10.0.2.15,58276,172.217.23.238,443,TLSv12,TLS_ECDHE_ECDSA_WITH_AES_128_GCM_SHA256,x25519,maps.google.com,False,True,CsxknGIti,"['11ddd329046367c19b32ffdb02ed308de129de4d6ffcf95856d7bd6a7accfba9', '9f630426df1d8abfd80ace98871ba833ab9742cb34838de2b5285ed54c0c7dcc', '3c35cc963eb004451323d3275d05b353235053490d9cd83729a2faf5e7ca1cc0']",[],1.0,0ffee3ba8e615ad22535e7f771690a28,84480cf8cf0e732666092640e581e1a5,h2,,5905.658056,10.0.2.15,58276,172.217.23.238,443,tcp,8.016725999999835,316.0,4384.0,RSTR,True,False,0,ShADadRr,11,764,13,4908,ssl,0
5910.686982,CpPFqY1Z9sM4LKI4vf,10.0.2.15,58278,104.19.192.102,443,TLSv12,TLS_ECDHE_ECDSA_WITH_AES_128_GCM_SHA256,,cdnjs.cloudflare.com,True,True,CsiI,,,,1a5fe5677b0e4fbbc854e8908225637d,96681175a9547081bf3d417f1a572091,h2,,5909.670759,10.0.2.15,58278,104.19.192.102,443,tcp,196.49441100000055,1245.0,1960.0,SF,True,False,0,ShADadFf,18,1973,21,2804,ssl,0
5910.688454,CvVWix2G8NLd5f1OB6,10.0.2.15,58280,95.101.251.103,443,TLSv12,TLS_ECDHE_RSA_WITH_AES_256_GCM_SHA384,,images.trvl-media.com,True,True,CsiI,,,,1a5fe5677b0e4fbbc854e8908225637d,410b9bedaf65dd26c6fe547154d60db4,http/1.1,,5909.685169,10.0.2.15,58280,95.101.251.103,443,tcp,2.078223999999863,967.0,17672.0,RSTR,True,False,0,ShADadFRr,21,1815,32,18956,ssl,0
5910.684649,C1IULj2K3gliRy7nej,10.0.2.15,58277,216.137.61.72,443,TLSv12,TLS_ECDHE_RSA_WITH_AES_128_GCM_SHA256,secp256r1,d1z2jf7jlzjs58.cloudfront.net,False,True,CsxuknGIti,"['90c0937808b31877df6c4a5c743c99325d974624be3735faa5078cf73d4fd205', 'eae72eb454bf6c3977ebd289e970b2f5282949190093d0d26f98d0f0d6a9cf17']",[],1.0,0ffee3ba8e615ad22535e7f771690a28,76cc3e2d3028143b23ec18e27dbd7ca9,http/1.1,,5909.664553,10.0.2.15,58277,216.137.61.72,443,tcp,220.432229,1375.0,22581.0,SF,True,False,0,ShADadTTfF,41,3042,56,24825,ssl,0
5910.691532,CNijJwoSWQQnuqQX1,10.0.2.15,58279,192.0.76.3,443,TLSv12,TLS_ECDHE_RSA_WITH_AES_128_GCM_SHA256,secp256r1,pixel.wp.com,False,True,CsxuknGIti,"['100d19010050ffe81865a1cae3b70fe455286cf162042ac5bf146d2a7491e24f', '973a41276ffd01e027a2aad49e34c37846d3e976ff6a620b6712e33832041aa6', '3a2fbe92891e57fe05d57087f48e730f17e5a5f53ef403d618e5b74d7a7e6ecb']",[],1.0,0ffee3ba8e615ad22535e7f771690a28,49b45fc1ab090aa3a159778313fc9b9e,h2,,5909.682895,10.0.2.15,58279,192.0.76.3,443,tcp,306.6766630000002,1250.0,6794.0,SF,True,False,0,ShADadFf,28,2378,32,8078,ssl,0
5918.538386,CzjTCW2YqNRe6oiSYg,10.0.2.15,58293,185.33.222.20,443,TLSv12,TLS_ECDHE_RSA_WITH_AES_256_GCM_SHA384,,secure.adnxs.com,True,True,CsiI,,,,1a5fe5677b0e4fbbc854e8908225637d,266bd998df907f9d5064d7f4c208b200,,,5918.126052,10.0.2.15,58293,185.33.222.20,443,tcp,20.410476000000017,5986.0,8378.0,SF,True,False,0,ShADadfF,14,6554,19,9142,ssl,0
5918.539355,CVwwzu1wBWAy3Dxbxf,10.0.2.15,58292,185.33.222.20,443,TLSv12,TLS_ECDHE_RSA_WITH_AES_256_GCM_SHA384,,secure.adnxs.com,True,True,CsiI,,,,1a5fe5677b0e4fbbc854e8908225637d,266bd998df907f9d5064d7f4c208b200,,,5918.124646,10.0.2.15,58292,185.33.222.20,443,tcp,20.412420999999995,5987.0,8381.0,SF,True,False,0,ShADadfF,14,6555,19,9145,ssl,0
5918.547064,Cr4Jmc1NMTsExuUjPi,10.0.2.15,58285,185.33.222.20,443,TLSv12,TLS_ECDHE_RSA_WITH_AES_256_GCM_SHA384,,secure.adnxs.com,True,True,CsiI,,,,1a5fe5677b0e4fbbc854e8908225637d,266bd998df907f9d5064d7f4c208b200,,,5918.119121,10.0.2.15,58285,185.33.222.20,443,tcp,14.198922000000492,3270.0,4946.0,SF,True,False,0,ShADadfF,12,3758,13,5470,ssl,0
5918.547986,CJvqqN3NVUqlaCY1T2,10.0.2.15,58284,185.33.222.20,443,TLSv12,TLS_ECDHE_RSA_WITH_AES_256_GCM_SHA384,,secure.adnxs.com,True,True,CsiI,,,,1a5fe5677b0e4fbbc854e8908225637d,266bd998df907f9d5064d7f4c208b200,,,5918.111537,10.0.2.15,58284,185.33.222.20,443,tcp,14.207068000000618,3272.0,4946.0,SF,True,False,0,ShADadfF,11,3720,13,5470,ssl,0
5918.549066,CUccFk4WEzsRWLyth6,10.0.2.15,58282,37.252.167.202,443,TLSv12,TLS_ECDHE_RSA_WITH_AES_256_GCM_SHA384,,rb.adnxs.com,True,True,CsiI,,,,1a5fe5677b0e4fbbc854e8908225637d,364ff14b04ef93c3b4cfa429d729c0d9,,,5918.099709,10.0.2.15,58282,37.252.167.202,443,tcp,209.7895040000003,8807.0,3680.0,SF,True,False,0,ShADadTTfF,39,10391,40,5284,ssl,0
5918.548571,C2biNG1SGqQwOB6XE1,10.0.2.15,58283,157.240.0.35,443,TLSv12,TLS_ECDHE_ECDSA_WITH_AES_128_GCM_SHA256,,www.facebook.com,True,True,CsiI,,,,1a5fe5677b0e4fbbc854e8908225637d,96681175a9547081bf3d417f1a572091,h2,,5918.108624,10.0.2.15,58283,157.240.0.35,443,tcp,116.2322949999998,3708.0,25802.0,SF,True,False,0,ShADadfF,36,5156,53,27926,ssl,0
5918.553656,CZqaXV2dtdbvXqpffl,10.0.2.15,58281,172.217.23.226,443,TLSv12,TLS_ECDHE_RSA_WITH_AES_128_GCM_SHA256,,securepubads.g.doubleclick.net,True,True,CsiI,,,,1a5fe5677b0e4fbbc854e8908225637d,67619a80665d7ab92d1041b1d11f9164,h2,,5918.097715,10.0.2.15,58281,172.217.23.226,443,tcp,560.1003499999997,15220.0,158889.0,SF,True,False,0,ShADadFf,119,19988,228,168013,ssl,0
5918.54614,CTe4v13MeJlhktmgu8,10.0.2.15,58287,185.33.222.20,443,TLSv12,TLS_ECDHE_RSA_WITH_AES_256_GCM_SHA384,,secure.adnxs.com,True,True,CsiI,,,,1a5fe5677b0e4fbbc854e8908225637d,266bd998df907f9d5064d7f4c208b200,,,5918.120676,10.0.2.15,58287,185.33.222.20,443,tcp,16.423753000000033,3273.0,4944.0,SF,True,False,0,ShADadfF,11,3721,13,5468,ssl,0
5918.546605,C37qXh3qXPXdad0eTg,10.0.2.15,58286,185.33.222.20,443,TLSv12,TLS_ECDHE_RSA_WITH_AES_256_GCM_SHA384,,secure.adnxs.com,True,True,CsiI,,,,1a5fe5677b0e4fbbc854e8908225637d,266bd998df907f9d5064d7f4c208b200,,,5918.119945,10.0.2.15,58286,185.33.222.20,443,tcp,16.746830000000045,3272.0,4943.0,SF,True,False,0,ShADadfF,12,3760,13,5467,ssl,0
5918.542897,CisoqDDNRbX2vqqje,10.0.2.15,58290,62.67.193.41,443,TLSv12,TLS_RSA_WITH_AES_256_CBC_SHA,,fastlane.rubiconproject.com,False,True,CsxnGIi,"['323de379ee34a94e415f63b56183d0d5d0e5a863f4ac89f97dc40ae81cc021c8', '154c433c491929c5ef686e838e323664a00e6a0d822ccc958fb4dab03e49a08f']",[],1.0,0ffee3ba8e615ad22535e7f771690a28,0a917d753018dad73d9899ace370f8d8,,,5918.122829,10.0.2.15,58290,62.67.193.41,443,tcp,19.269946000000346,5180.0,6569.0,SF,True,False,0,ShADadFf,15,5788,16,7213,ssl,0
5918.544499,CChZBJ23chyEAkyoj7,10.0.2.15,58289,62.67.193.41,443,TLSv12,TLS_RSA_WITH_AES_256_CBC_SHA,,fastlane.rubiconproject.com,False,True,CsxnGIi,"['323de379ee34a94e415f63b56183d0d5d0e5a863f4ac89f97dc40ae81cc021c8', '154c433c491929c5ef686e838e323664a00e6a0d822ccc958fb4dab03e49a08f']",[],1.0,0ffee3ba8e615ad22535e7f771690a28,0a917d753018dad73d9899ace370f8d8,,,5918.122121,10.0.2.15,58289,62.67.193.41,443,tcp,19.50437899999997,5180.0,6569.0,SF,True,False,0,ShADadFf,15,5788,16,7213,ssl,0
5918.545585,CO7ZvW3nHFgDZMVrse,10.0.2.15,58288,62.67.193.41,443,TLSv12,TLS_RSA_WITH_AES_256_CBC_SHA,,fastlane.rubiconproject.com,False,True,CsxnGIi,"['323de379ee34a94e415f63b56183d0d5d0e5a863f4ac89f97dc40ae81cc021c8', '154c433c491929c5ef686e838e323664a00e6a0d822ccc958fb4dab03e49a08f']",[],1.0,0ffee3ba8e615ad22535e7f771690a28,0a917d753018dad73d9899ace370f8d8,,,5918.121432,10.0.2.15,58288,62.67.193.41,443,tcp,19.90860900000007,5180.0,6681.0,SF,True,False,0,ShADadFf,15,5788,16,7325,ssl,0
5918.540371,Cq0Gx31IG65uVgocxl,10.0.2.15,58291,62.67.193.41,443,TLSv12,TLS_RSA_WITH_AES_256_CBC_SHA,,fastlane.rubiconproject.com,False,True,CsxnGIi,"['323de379ee34a94e415f63b56183d0d5d0e5a863f4ac89f97dc40ae81cc021c8', '154c433c491929c5ef686e838e323664a00e6a0d822ccc958fb4dab03e49a08f']",[],1.0,0ffee3ba8e615ad22535e7f771690a28,0a917d753018dad73d9899ace370f8d8,,,5918.123328,10.0.2.15,58291,62.67.193.41,443,tcp,19.054384000000027,5180.0,6617.0,SF,True,False,0,ShADadFf,15,5788,16,7261,ssl,0
5924.917039,CCkQ593d88GWdDTPG3,10.0.2.15,58294,185.33.220.5,443,TLSv12,TLS_ECDHE_RSA_WITH_AES_256_GCM_SHA384,,ib.adnxs.com,True,True,CsiI,,,,1a5fe5677b0e4fbbc854e8908225637d,266bd998df907f9d5064d7f4c208b200,,,5924.337751,10.0.2.15,58294,185.33.220.5,443,tcp,11.652898000000278,3479.0,1740.0,SF,True,False,0,ShADadTfF,12,3968,13,2264,ssl,0
5925.491463,CzS8Qg4FRHRhZJtdOc,10.0.2.15,58299,37.252.167.202,443,TLSv12,TLS_ECDHE_RSA_WITH_AES_256_GCM_SHA384,,rb.adnxs.com,True,True,CsiI,,,,1a5fe5677b0e4fbbc854e8908225637d,364ff14b04ef93c3b4cfa429d729c0d9,,,5924.345129,10.0.2.15,58299,37.252.167.202,443,tcp,7.599365000000034,599.0,137.0,SF,True,False,0,ShADadFf,7,887,7,421,ssl,0
5925.493119,CUOOp54KM4uhGwgOI,10.0.2.15,58297,185.33.220.5,443,TLSv12,TLS_ECDHE_RSA_WITH_AES_256_GCM_SHA384,,ib.adnxs.com,True,True,CsiI,,,,1a5fe5677b0e4fbbc854e8908225637d,266bd998df907f9d5064d7f4c208b200,,,5924.341367,10.0.2.15,58297,185.33.220.5,443,tcp,13.042943000000378,3479.0,1740.0,SF,True,False,0,ShADadfF,9,3847,11,2184,ssl,0
5925.493651,C6eTc8oiSO0XDkyS7,10.0.2.15,58296,37.252.167.202,443,TLSv12,TLS_ECDHE_RSA_WITH_AES_256_GCM_SHA384,,rb.adnxs.com,True,True,CsiI,,,,1a5fe5677b0e4fbbc854e8908225637d,364ff14b04ef93c3b4cfa429d729c0d9,,,5924.338876,10.0.2.15,58296,37.252.167.202,443,tcp,7.964245000000119,599.0,137.0,SF,True,False,0,ShADadFf,7,887,7,421,ssl,0
5925.492384,Cj9Bc3WCjB0jP64t1,10.0.2.15,58298,62.67.193.41,443,TLSv12,TLS_RSA_WITH_AES_256_CBC_SHA,,fastlane.rubiconproject.com,False,True,CsxnGIi,"['323de379ee34a94e415f63b56183d0d5d0e5a863f4ac89f97dc40ae81cc021c8', '154c433c491929c5ef686e838e323664a00e6a0d822ccc958fb4dab03e49a08f']",[],1.0,0ffee3ba8e615ad22535e7f771690a28,0a917d753018dad73d9899ace370f8d8,,,5924.34335,10.0.2.15,58298,62.67.193.41,443,tcp,26.298181000000117,5276.0,6217.0,SF,True,False,0,ShADadTFf,15,5885,17,6901,ssl,0
5925.490595,ChLM61OyhtGk1nCua,10.0.2.15,58300,52.5.192.213,443,TLSv12,TLS_ECDHE_RSA_WITH_AES_128_GCM_SHA256,secp256r1,collector.prod.expedia.com,False,True,CsxknGIi,"['461c217c5886ae537ec390ac68d9dfdeddc3754890392d039a9a6d52d7c5e572', 'f5c2f23c6518f9d19b6f39beaea4fbae10031ba9dc985ce1563a520da0ad4116']",[],1.0,0ffee3ba8e615ad22535e7f771690a28,303951d4c50efb2e991652225a6f02b1,,,5924.352473,10.0.2.15,58300,52.5.192.213,443,tcp,15.84890600000017,392.0,3173.0,RSTO,True,False,0,ShADadTFR,11,841,11,3617,ssl,0
5925.494717,CeoC4g1XbT84bxM3e,10.0.2.15,58295,62.67.193.41,443,TLSv12,TLS_RSA_WITH_AES_256_CBC_SHA,,fastlane.rubiconproject.com,False,True,CsxnGIi,"['323de379ee34a94e415f63b56183d0d5d0e5a863f4ac89f97dc40ae81cc021c8', '154c433c491929c5ef686e838e323664a00e6a0d822ccc958fb4dab03e49a08f']",[],1.0,0ffee3ba8e615ad22535e7f771690a28,0a917d753018dad73d9899ace370f8d8,,,5924.338292,10.0.2.15,58295,62.67.193.41,443,tcp,18.616186999999627,5276.0,6633.0,SF,True,False,0,ShADadFf,15,5884,16,7277,ssl,0
5927.06266,Coyauy2Nj4k0mHHQj8,10.0.2.15,58306,216.137.61.165,443,TLSv12,TLS_ECDHE_RSA_WITH_AES_128_GCM_SHA256,secp256r1,dc8xl0ndzn2cb.cloudfront.net,False,True,CsxuknGIti,"['90c0937808b31877df6c4a5c743c99325d974624be3735faa5078cf73d4fd205', 'eae72eb454bf6c3977ebd289e970b2f5282949190093d0d26f98d0f0d6a9cf17']",[],1.0,0ffee3ba8e615ad22535e7f771690a28,76cc3e2d3028143b23ec18e27dbd7ca9,http/1.1,,5926.532663,10.0.2.15,58306,216.137.61.165,443,tcp,208.32808300000036,1386.0,30921.0,SF,True,False,0,ShADadTTfF,42,3092,61,33365,ssl,0
5927.066198,CQSfHn2q7PomDkus7,10.0.2.15,58304,95.101.252.144,443,TLSv12,TLS_ECDHE_RSA_WITH_AES_256_GCM_SHA384,,z.moatads.com,True,True,CsiI,,,,1a5fe5677b0e4fbbc854e8908225637d,410b9bedaf65dd26c6fe547154d60db4,http/1.1,,5926.529474,10.0.2.15,58304,95.101.252.144,443,tcp,131.34133199999997,914.0,56016.0,SF,True,False,0,ShADadTTFfRr,46,2774,79,59180,ssl,0
5927.064257,ChsWsY34NYZ5e2EvK1,10.0.2.15,58305,54.192.93.125,443,TLSv12,TLS_ECDHE_RSA_WITH_AES_128_GCM_SHA256,secp256r1,cdn.boomtrain.com,False,True,CsxuknGIti,"['b5e9533e463f98d5533c9aa423cadeb130d075ea7b8f8fca87b71122ab991f2b', 'f55f9ffcb83c73453261601c7e044db15a0f034b93c05830f28635ef889cf670', '87dcd4dc74640a322cd205552506d1be64f12596258096544986b4850bc72706', '28689b30e4c306aab53b027b29e36ad6dd1dcf4b953994482ca84bdc1ecac996']",[],1.0,0ffee3ba8e615ad22535e7f771690a28,76cc3e2d3028143b23ec18e27dbd7ca9,http/1.1,,5926.530599,10.0.2.15,58305,54.192.93.125,443,tcp,129.02392400000008,655.0,15086.0,SF,True,False,0,ShADadTTfF,25,1674,33,16410,ssl,0
5927.069457,CzT4533x08KMV50aE8,10.0.2.15,58302,95.172.94.26,443,TLSv12,TLS_ECDHE_RSA_WITH_AES_128_GCM_SHA256,secp256r1,secure.quantserve.com,False,True,CsxknGIti,"['7d39ee69bdac843654f44bb3164a243b3e8c527019b6225992e5d36771f19e8f', '19400be5b7a31fb733917700789d2f0a2471c0c9d506c0e504c06c16d7cb17c0']",[],1.0,0ffee3ba8e615ad22535e7f771690a28,ccc514751b175866924439bdbb5bba34,,,5926.526794,10.0.2.15,58302,95.172.94.26,443,tcp,18.66657099999975,899.0,8419.0,SF,True,False,0,ShADadfF,11,1347,16,9063,ssl,0
5927.071489,CieEPy2uymyKuNIRGb,10.0.2.15,58301,54.192.93.201,443,TLSv12,TLS_ECDHE_RSA_WITH_AES_128_GCM_SHA256,secp256r1,us.tags.newscgp.com,False,True,CsxuknGIti,"['3ed52aaff793273ae463cac44a354c37ccfe32a5c992800fafad278fef8795d2', 'f55f9ffcb83c73453261601c7e044db15a0f034b93c05830f28635ef889cf670', '87dcd4dc74640a322cd205552506d1be64f12596258096544986b4850bc72706', '28689b30e4c306aab53b027b29e36ad6dd1dcf4b953994482ca84bdc1ecac996']",[],1.0,0ffee3ba8e615ad22535e7f771690a28,76cc3e2d3028143b23ec18e27dbd7ca9,http/1.1,,5926.517172,10.0.2.15,58301,54.192.93.201,443,tcp,234.639811,1622.0,41393.0,SF,True,False,0,ShADadTTfF,45,3450,69,44157,ssl,0
5927.068107,CcfQMN1UQXYIUqnWj2,10.0.2.15,58303,169.47.30.64,443,TLSv12,TLS_RSA_WITH_AES_256_CBC_SHA,,stags.bluekai.com,False,True,CsxnGIi,"['f3e2a1e01c5e2e8f20022b198cde61baf841fcf748c4639eea3fd3db4785c81d', 'e0898ad662474b9f753c79bea878031c9a5d634a49edd6310b960ab023c02c0e']",[],1.0,0ffee3ba8e615ad22535e7f771690a28,f4fb99c318cd91a4dfff259227ba977b,http/1.1,,5926.528825,10.0.2.15,58303,169.47.30.64,443,tcp,38.17479699999967,1421.0,3684.0,SF,True,False,0,ShADadTfF,13,1951,15,4288,ssl,0
5928.594025,CgFQ321yKexRfqsjme,10.0.2.15,58308,68.232.35.180,443,TLSv12,TLS_ECDHE_RSA_WITH_AES_128_GCM_SHA256,secp256r1,tags.tiqcdn.com,False,True,CsxuknGIti,"['e9833ec9415ec4381e97b13a6a575b5ebe604ba96ebe8484d5edd67608a492ca', '19400be5b7a31fb733917700789d2f0a2471c0c9d506c0e504c06c16d7cb17c0', '7431e5f4c3c1ce4690774f0b61e05440883ba9a01ed00ba6abd7806ed3b118cf']",[],1.0,1a5fe5677b0e4fbbc854e8908225637d,49b45fc1ab090aa3a159778313fc9b9e,h2,,5928.22572,10.0.2.15,58308,68.232.35.180,443,tcp,187.01923799999983,1318.0,5659.0,SF,True,False,0,ShADadfF,19,2086,24,6623,ssl,0
5928.598107,C9Q4GbRmhud86AM5i,10.0.2.15,58307,104.16.76.39,443,TLSv12,TLS_ECDHE_RSA_WITH_AES_128_GCM_SHA256,secp256r1,www.lightboxcdn.com,False,True,CsxuknGIi,"['e220a37533efe1516aff1e6428b2077a524b52220535884cf403010474361488', '02ab57e4e67a0cb48dd2ff34830e8ac40f4476fb08ca6be3f5cd846f646840f0', '4f32d5dc00f715250abcc486511e37f501a899deb3bf7ea8adbbd3aef1c412da']",[],1.0,0ffee3ba8e615ad22535e7f771690a28,1d92b1ca39d82e415ee788b0324f6e25,h2,,5928.222935,10.0.2.15,58307,104.16.76.39,443,tcp,283.2490250000001,1580.0,148087.0,SF,True,False,0,ShADadTFf,83,4954,164,154651,ssl,0
5930.46602,CUlzWswpG2TOVbUMj,10.0.2.15,58309,52.71.227.26,443,TLSv12,TLS_ECDHE_RSA_WITH_AES_128_GCM_SHA256,,a.intentmedia.net,True,True,CsiI,,,,1a5fe5677b0e4fbbc854e8908225637d,7bee5c1d424b7e5f943b06983bb11422,h2,,5928.87842,10.0.2.15,58309,52.71.227.26,443,tcp,11.02530200000001,1328.0,659.0,SF,True,False,0,ShADadFf,15,1936,15,1263,ssl,0
5930.470981,CJXhDB3tiFvbjR1Ah5,10.0.2.15,58310,192.243.255.151,443,TLSv12,TLS_ECDHE_RSA_WITH_AES_256_GCM_SHA384,secp256r1,oms.dowjoneson.com,False,True,CsxknGIi,"['e768009cb4951a2ca6205583e6bed9bb8410f6897cdcc5257ce745217f07e17e', '19400be5b7a31fb733917700789d2f0a2471c0c9d506c0e504c06c16d7cb17c0']",[],1.0,0ffee3ba8e615ad22535e7f771690a28,959bfcf87532cbff1253e80a4ee81308,,,5929.079381,10.0.2.15,58310,192.243.255.151,443,tcp,12.677193000000443,915.0,3714.0,SF,True,False,0,ShADadTFf,13,1444,14,4278,ssl,0
5938.020056,CxWcJV2LLS3VloCtk2,10.0.2.15,58311,52.45.225.183,443,TLSv12,TLS_ECDHE_RSA_WITH_AES_128_GCM_SHA256,secp256r1,srv-2017-05-02-00.config.parsely.com,False,True,CsxknGIi,"['a7b7f2a8c98b22a0653289704912d08573231516a034573fb4e13d080bc231e4', '02ab57e4e67a0cb48dd2ff34830e8ac40f4476fb08ca6be3f5cd846f646840f0', '4f32d5dc00f715250abcc486511e37f501a899deb3bf7ea8adbbd3aef1c412da']",[],1.0,0ffee3ba8e615ad22535e7f771690a28,303951d4c50efb2e991652225a6f02b1,,,5936.831879,10.0.2.15,58311,52.45.225.183,443,tcp,71.55920999999944,729.0,5705.0,SF,True,False,0,ShADadTFf,17,1423,20,6509,ssl,0
5941.679332,CN0Z3HhM6Jgq74s2e,10.0.2.15,58316,173.192.202.141,443,TLSv12,TLS_ECDHE_RSA_WITH_AES_256_GCM_SHA384,secp256r1,cc.chango.com,False,True,CsxknGIti,"['007b8d695c7abbc8a20c56a6510fb90e3520e34541da542b8cac0e22a191111a', 'e6683e88315cd1cb403c0cea490f7c4b4c82c91cd485037489aadbaa90839f61']",[],1.0,0ffee3ba8e615ad22535e7f771690a28,758945630046fd37070521b8544d1fe8,,,5940.104352,10.0.2.15,58316,173.192.202.141,443,tcp,11.75610400000005,649.0,3441.0,SF,True,False,0,ShADadfF,10,1057,13,3965,ssl,0
5941.680355,CqH8sT1UoaDo6MpUM,10.0.2.15,58315,204.2.197.204,443,TLSv12,TLS_ECDHE_RSA_WITH_AES_256_GCM_SHA384,secp256r1,idpix.media6degrees.com,False,True,CsxknGIti,"['eda54f898187cafbe2a8bb8b08d81dd485262caab20c22583cfceaf596eba60f', '02ab57e4e67a0cb48dd2ff34830e8ac40f4476fb08ca6be3f5cd846f646840f0', '4f32d5dc00f715250abcc486511e37f501a899deb3bf7ea8adbbd3aef1c412da', '687fa451382278fff0c8b11f8d43d576671c6eb2bceab413fb83d965d06d2ff2']",[],1.0,0ffee3ba8e615ad22535e7f771690a28,e35df3e00ca4ef31d42b34bebaa2f86e,,,5940.103391,10.0.2.15,58315,204.2.197.204,443,tcp,10.463690999999926,890.0,6507.0,SF,True,False,0,ShADadfF,11,1338,14,7071,ssl,0
5941.681246,CrX0Iq4iVPYMhYz77i,10.0.2.15,58314,52.85.185.96,443,TLSv12,TLS_ECDHE_RSA_WITH_AES_128_GCM_SHA256,secp256r1,t.a3cloud.net,False,True,CsxuknGIti,"['41a734b988ac87d4552f53c20e4bb44909d1328f4f974c7a6ef4b01e1fc5770e', 'f55f9ffcb83c73453261601c7e044db15a0f034b93c05830f28635ef889cf670', '87dcd4dc74640a322cd205552506d1be64f12596258096544986b4850bc72706', '28689b30e4c306aab53b027b29e36ad6dd1dcf4b953994482ca84bdc1ecac996']",[],1.0,0ffee3ba8e615ad22535e7f771690a28,76cc3e2d3028143b23ec18e27dbd7ca9,http/1.1,,5940.102693,10.0.2.15,58314,52.85.185.96,443,tcp,184.1906770000005,1335.0,7360.0,SF,True,False,0,ShADadTTfF,29,2519,31,8604,ssl,0
5941.682468,CKCfSk46rdMa6gmle1,10.0.2.15,58313,185.29.135.226,443,TLSv12,TLS_ECDHE_RSA_WITH_AES_128_GCM_SHA256,secp256r1,sync.mathtag.com,False,True,CsxknGIti,"['82e454f53aa3be8b62d47779e364161287a2de0a1ce9e3b37243ae64bd7d7906', '154c433c491929c5ef686e838e323664a00e6a0d822ccc958fb4dab03e49a08f']",[],1.0,0ffee3ba8e615ad22535e7f771690a28,389ed42c02ebecc32e73aa31def07e14,,,5940.101639,10.0.2.15,58313,185.29.135.226,443,tcp,372.5399609999995,2917.0,4164.0,SF,True,False,0,ShADadTTfF,48,4880,49,6128,ssl,0
5941.68343,CE8SRy4sWE7ClJVUol,10.0.2.15,58312,204.79.197.200,443,TLSv12,TLS_ECDHE_RSA_WITH_AES_256_CBC_SHA,secp384r1,c.bing.com,False,True,CsxuknGIi,"['80c4440580dbd55b228f41e6c88a51ecdbb998b5d32d12acd31ce25518d37128', '2399983e99703ebd01cea466c10799810c4ba62a8d61b88170a334dcd61bb20f']",[],1.0,0ffee3ba8e615ad22535e7f771690a28,4fd467dd264720762ffe286277c00f57,,,5940.100872,10.0.2.15,58312,204.79.197.200,443,tcp,125.79354700000022,3578.0,9652.0,SF,True,False,0,ShADadTTfF,29,4756,31,10896,ssl,0
5944.028274,Cwxouv19asTrz9FYY6,10.0.2.15,58320,172.217.23.226,443,TLSv12,TLS_ECDHE_RSA_WITH_AES_128_GCM_SHA256,,adx.g.doubleclick.net,True,True,CsiI,,,,1a5fe5677b0e4fbbc854e8908225637d,67619a80665d7ab92d1041b1d11f9164,h2,,5943.337285,10.0.2.15,58320,172.217.23.226,443,tcp,426.523956,4360.0,1535.0,SF,True,False,0,ShADadFfRr,41,6008,44,3299,ssl,0
5944.026832,CLXD382B846AfZSKpd,10.0.2.15,58321,185.80.37.142,443,TLSv12,TLS_ECDHE_RSA_WITH_AES_128_GCM_SHA256,secp256r1,a683.casalemedia.com,False,True,CsxknGIti,"['5411d2a7b127c23a2b53ad668cc23a70731cbb15cf5ce32d66614a1fbc5fb90d', '973a41276ffd01e027a2aad49e34c37846d3e976ff6a620b6712e33832041aa6', '3a2fbe92891e57fe05d57087f48e730f17e5a5f53ef403d618e5b74d7a7e6ecb']",[],1.0,0ffee3ba8e615ad22535e7f771690a28,389ed42c02ebecc32e73aa31def07e14,,,5943.33824,10.0.2.15,58321,185.80.37.142,443,tcp,9.894084999999905,3117.0,4515.0,SF,True,False,0,ShADadfF,11,3565,13,5039,ssl,0
5944.029326,CMe9ag3Ul5Bxq3fQne,10.0.2.15,58319,172.217.23.226,443,TLSv12,TLS_ECDHE_RSA_WITH_AES_128_GCM_SHA256,x25519,googleads.g.doubleclick.net,False,True,CsxknGIti,"['a32ffddd76f9e7debbfc9a37b38d2ef86039b30a10d7c45ab8223d149cf99699', '9f630426df1d8abfd80ace98871ba833ab9742cb34838de2b5285ed54c0c7dcc', '3c35cc963eb004451323d3275d05b353235053490d9cd83729a2faf5e7ca1cc0']",[],1.0,0ffee3ba8e615ad22535e7f771690a28,ab41313cfec25328b20865eb1388e0a2,h2,,5943.335499,10.0.2.15,58319,172.217.23.226,443,tcp,25.56098600000041,7985.0,52826.0,SF,True,False,0,ShADadFf,57,10273,88,56350,ssl,0
5944.03089,CT5cwJ3cZTMSHnuRm2,10.0.2.15,58317,172.217.23.226,443,TLSv12,TLS_ECDHE_RSA_WITH_AES_128_GCM_SHA256,,adx.g.doubleclick.net,True,True,CsiI,,,,1a5fe5677b0e4fbbc854e8908225637d,67619a80665d7ab92d1041b1d11f9164,h2,,5943.333433,10.0.2.15,58317,172.217.23.226,443,tcp,6.298829000000296,1514.0,720.0,SF,True,False,0,ShADadFf,14,2082,15,1324,ssl,0
5944.029964,CxnHZteqQa1LMjFu1,10.0.2.15,58318,185.80.37.172,443,TLSv12,TLS_ECDHE_RSA_WITH_AES_128_GCM_SHA256,secp256r1,a713.casalemedia.com,False,True,CsxknGIti,"['5411d2a7b127c23a2b53ad668cc23a70731cbb15cf5ce32d66614a1fbc5fb90d', '973a41276ffd01e027a2aad49e34c37846d3e976ff6a620b6712e33832041aa6', '3a2fbe92891e57fe05d57087f48e730f17e5a5f53ef403d618e5b74d7a7e6ecb']",[],1.0,0ffee3ba8e615ad22535e7f771690a28,389ed42c02ebecc32e73aa31def07e14,,,5943.334877,10.0.2.15,58318,185.80.37.172,443,tcp,9.635250999999698,3117.0,4515.0,SF,True,False,0,ShADadfF,11,3565,13,5039,ssl,0
5951.398111,C5vhjsrmGYU8PNoP3,10.0.2.15,58325,37.252.167.202,443,TLSv12,TLS_ECDHE_RSA_WITH_AES_256_GCM_SHA384,,rb.adnxs.com,True,True,CsiI,,,,1a5fe5677b0e4fbbc854e8908225637d,364ff14b04ef93c3b4cfa429d729c0d9,,,5949.623386,10.0.2.15,58325,37.252.167.202,443,tcp,9.133592999999564,599.0,137.0,SF,True,False,0,ShADadFf,7,887,7,421,ssl,0
5951.398832,CxZs4Z1wwwYauaLii7,10.0.2.15,58324,37.252.167.202,443,TLSv12,TLS_ECDHE_RSA_WITH_AES_256_GCM_SHA384,,rb.adnxs.com,True,True,CsiI,,,,1a5fe5677b0e4fbbc854e8908225637d,364ff14b04ef93c3b4cfa429d729c0d9,,,5949.621351,10.0.2.15,58324,37.252.167.202,443,tcp,9.136014000000614,599.0,137.0,SF,True,False,0,ShADadFf,7,887,7,421,ssl,0
5951.399926,CE4yu4sqyGhiHwejg,10.0.2.15,58323,95.101.252.144,443,TLSv12,TLS_ECDHE_RSA_WITH_AES_256_GCM_SHA384,,px.moatads.com,True,True,CsiI,,,,1a5fe5677b0e4fbbc854e8908225637d,410b9bedaf65dd26c6fe547154d60db4,http/1.1,,5949.620939,10.0.2.15,58323,95.101.252.144,443,tcp,241.86959099999967,8860.0,2811.0,SF,True,False,0,ShADadTTFRfr,45,10689,46,4655,ssl,0
5951.401814,CTl8Pf8dDqTAUEMw2,10.0.2.15,58327,95.101.252.144,443,TLSv12,TLS_ECDHE_RSA_WITH_AES_256_GCM_SHA384,,px.moatads.com,True,True,CsiI,,,,1a5fe5677b0e4fbbc854e8908225637d,410b9bedaf65dd26c6fe547154d60db4,http/1.1,,5949.625234,10.0.2.15,58327,95.101.252.144,443,tcp,261.8285930000002,12589.0,3249.0,SF,True,False,0,ShADadTTFRfr,51,14659,52,5333,ssl,0
5951.402905,CG6Fth1THIDS3RmVKe,10.0.2.15,58326,95.101.252.144,443,TLSv12,TLS_ECDHE_RSA_WITH_AES_256_GCM_SHA384,,px.moatads.com,True,True,CsiI,,,,1a5fe5677b0e4fbbc854e8908225637d,410b9bedaf65dd26c6fe547154d60db4,http/1.1,,5949.624744,10.0.2.15,58326,95.101.252.144,443,tcp,16.264479000000392,5221.0,1497.0,SF,True,False,0,ShADadFRfr,15,5829,17,2181,ssl,0
5951.40573,CsrpQd1ec1BRUHmqtj,10.0.2.15,58328,31.13.74.7,443,TLSv12,TLS_ECDHE_ECDSA_WITH_AES_128_GCM_SHA256,,connect.facebook.net,True,True,CsiI,,,,1a5fe5677b0e4fbbc854e8908225637d,96681175a9547081bf3d417f1a572091,h2,,5950.341364,10.0.2.15,58328,31.13.74.7,443,tcp,51.182918999999856,1212.0,2369.0,SF,True,False,0,ShADadFfRr,16,1860,19,3133,ssl,0
5951.403721,CoMnFP2jvroAKJh1Xb,10.0.2.15,58330,52.20.229.9,443,TLSv12,TLS_ECDHE_RSA_WITH_AES_128_GCM_SHA256,secp256r1,onsite.boomtrain.net,False,True,CsxknGIi,"['2ee94842dbf26d041cfd199394f07fe358b72b4a37ebf34758ee6cf5e4358b76', '154c433c491929c5ef686e838e323664a00e6a0d822ccc958fb4dab03e49a08f']",[],1.0,0ffee3ba8e615ad22535e7f771690a28,303951d4c50efb2e991652225a6f02b1,,,5950.346847,10.0.2.15,58330,52.20.229.9,443,tcp,13.441393000000062,1197.0,4534.0,SF,True,False,0,ShADadFfRr,13,1725,16,5178,ssl,0
5951.404601,C72ztXRqIgb3vFOhl,10.0.2.15,58329,52.3.10.224,443,TLSv12,TLS_ECDHE_RSA_WITH_AES_128_GCM_SHA256,secp256r1,api.boomtrain.com,False,True,CsxknGIi,"['bade2621dd162f81784564cf4a9e5469870f2cf6ccba9f0ae5c72ca72ea498dc', 'f55f9ffcb83c73453261601c7e044db15a0f034b93c05830f28635ef889cf670', '87dcd4dc74640a322cd205552506d1be64f12596258096544986b4850bc72706', '28689b30e4c306aab53b027b29e36ad6dd1dcf4b953994482ca84bdc1ecac996']",[],1.0,0ffee3ba8e615ad22535e7f771690a28,303951d4c50efb2e991652225a6f02b1,,,5950.344806,10.0.2.15,58329,52.3.10.224,443,tcp,13.443476999999804,1272.0,6422.0,SF,True,False,0,ShADadFfRr,15,1880,19,7186,ssl,0
5953.474614,CXIq3R1i2NxZKJIev4,10.0.2.15,58332,54.192.93.150,443,TLSv12,TLS_ECDHE_RSA_WITH_AES_128_GCM_SHA256,,rules.quantcount.com,True,True,CsiI,,,,1a5fe5677b0e4fbbc854e8908225637d,d199ba0af2b08e204c73d6d81a1fd260,h2,,5951.870958,10.0.2.15,58332,54.192.93.150,443,tcp,264.77542299999914,1364.0,1188.0,SF,True,False,0,ShADadFf,23,2292,22,2072,ssl,0
5953.477445,C2TO9dbKpK7wefcrj,10.0.2.15,58333,37.252.167.202,443,TLSv12,TLS_ECDHE_RSA_WITH_AES_256_GCM_SHA384,,rb.adnxs.com,True,True,CsiI,,,,1a5fe5677b0e4fbbc854e8908225637d,364ff14b04ef93c3b4cfa429d729c0d9,,,5951.872099,10.0.2.15,58333,37.252.167.202,443,tcp,14.651952000000165,599.0,137.0,SF,True,False,0,ShADadTFf,9,968,8,461,ssl,0
5953.483235,C5X7qn35smQiWuk3Gj,10.0.2.15,58335,95.101.252.144,443,TLSv12,TLS_ECDHE_RSA_WITH_AES_256_GCM_SHA384,,px.moatads.com,True,True,CsiI,,,,1a5fe5677b0e4fbbc854e8908225637d,410b9bedaf65dd26c6fe547154d60db4,http/1.1,,5951.874057,10.0.2.15,58335,95.101.252.144,443,tcp,239.59560599999983,7195.0,1935.0,SF,True,False,0,ShADadTTFfRr,43,8945,43,3659,ssl,0
5953.484092,Cgvc323GXVBxR1pPVi,10.0.2.15,58334,95.101.252.144,443,TLSv12,TLS_ECDHE_RSA_WITH_AES_256_GCM_SHA384,,px.moatads.com,True,True,CsiI,,,,1a5fe5677b0e4fbbc854e8908225637d,410b9bedaf65dd26c6fe547154d60db4,http/1.1,,5951.873522,10.0.2.15,58334,95.101.252.144,443,tcp,15.194531000000095,3842.0,1059.0,SF,True,False,0,ShADadFfRr,15,4450,15,1663,ssl,0
5953.482114,CPPGuf4gLR8xA7mYA9,10.0.2.15,58331,50.19.108.124,443,TLSv12,TLS_ECDHE_RSA_WITH_AES_128_GCM_SHA256,secp256r1,pixel.keywee.co,False,True,CsxknGIi,"['c94f7b72c481f8d060a0e1b400d5112ed3c72244572d784a6203a62f499e97e5', 'f55f9ffcb83c73453261601c7e044db15a0f034b93c05830f28635ef889cf670', '87dcd4dc74640a322cd205552506d1be64f12596258096544986b4850bc72706', '28689b30e4c306aab53b027b29e36ad6dd1dcf4b953994482ca84bdc1ecac996']",[],1.0,0ffee3ba8e615ad22535e7f771690a28,303951d4c50efb2e991652225a6f02b1,,,5951.8699,10.0.2.15,58331,50.19.108.124,443,tcp,76.48313300000063,2779.0,6405.0,SF,True,False,0,ShADadTFRfr,24,3753,27,7489,ssl,0
5953.868334,C2yUya4o87i8dxINF4,10.0.2.15,58336,52.211.21.195,443,TLSv12,TLS_ECDHE_RSA_WITH_AES_128_GCM_SHA256,secp256r1,dpm.demdex.net,False,True,CsxknGIi,"['ab8f7b89fa3e472463832f1b07660350a24ba646789dce6dd09107fab1d86a12', '19400be5b7a31fb733917700789d2f0a2471c0c9d506c0e504c06c16d7cb17c0']",[],1.0,0ffee3ba8e615ad22535e7f771690a28,303951d4c50efb2e991652225a6f02b1,,,5952.293806,10.0.2.15,58336,52.211.21.195,443,tcp,10.924875000000611,2520.0,4254.0,RSTO,True,False,0,ShADadFR,12,3008,13,4778,ssl,0
5958.566994,CMWBHZ2j6VI2Nj0p92,10.0.2.15,58337,95.101.252.144,443,TLSv12,TLS_ECDHE_RSA_WITH_AES_256_GCM_SHA384,,px.moatads.com,True,True,CsiI,,,,1a5fe5677b0e4fbbc854e8908225637d,410b9bedaf65dd26c6fe547154d60db4,http/1.1,,5954.225821,10.0.2.15,58337,95.101.252.144,443,tcp,10.520838000000367,599.0,183.0,SF,True,False,0,ShADadFfRr,9,967,9,547,ssl,0
5958.573986,CDaJSj4oCxM91xYrc3,10.0.2.15,58339,185.33.220.5,443,TLSv12,TLS_ECDHE_RSA_WITH_AES_256_GCM_SHA384,,ib.adnxs.com,True,True,CsiI,,,,1a5fe5677b0e4fbbc854e8908225637d,266bd998df907f9d5064d7f4c208b200,,,5956.793751,10.0.2.15,58339,185.33.220.5,443,tcp,19.351211999999578,5980.0,6034.0,SF,True,False,0,ShADadfF,14,6548,18,6758,ssl,0
5958.59295,C2GYYM2rLF0yQgAz3l,10.0.2.15,58340,185.33.222.210,443,TLSv12,TLS_ECDHE_RSA_WITH_AES_256_GCM_SHA384,secp256r1,m.adnxs.com,False,True,CsxuknGIti,"['5b081650e8034418a37504ce0820892be5a66474578207711eb688243fe1a8f2', '074541ecdf88ed992ed5ade3ecddef27a26ba1b44480a195c0a8dadae2521d8e']",[],1.0,0ffee3ba8e615ad22535e7f771690a28,452c3b3abf0ed48df1b925f6977db72b,,,5956.795671,10.0.2.15,58340,185.33.222.210,443,tcp,8.202927000000273,3322.0,7956.0,SF,True,False,0,ShADadFf,15,3930,19,8720,ssl,0
5958.584567,CqA9qv2ehpy8Ha7Gs7,10.0.2.15,58338,52.4.182.3,443,TLSv12,TLS_ECDHE_RSA_WITH_AES_128_GCM_SHA256,secp256r1,us.pixel.newscgp.com,False,True,CsxknGIi,"['1ced32cd6922b6c92d79a365e173252482881f41fe5c4ace7ad522a7f8a112cd', '074541ecdf88ed992ed5ade3ecddef27a26ba1b44480a195c0a8dadae2521d8e']",[],1.0,0ffee3ba8e615ad22535e7f771690a28,303951d4c50efb2e991652225a6f02b1,,,5954.228115,10.0.2.15,58338,52.4.182.3,443,tcp,13.09100600000056,1670.0,3959.0,SF,True,False,0,ShADadFfRr,12,2158,15,4563,ssl,0
5960.20105,CUZq6U1NQKLs4gMmcj,10.0.2.15,58343,185.80.37.142,443,TLSv12,TLS_ECDHE_RSA_WITH_AES_128_GCM_SHA256,,a683.casalemedia.com,True,True,CsiI,,,,1a5fe5677b0e4fbbc854e8908225637d,fbe78c619e7ea20046131294ad087f05,,,5958.0682,10.0.2.15,58343,185.80.37.142,443,tcp,8.04678899999999,3362.0,3598.0,SF,True,False,0,ShADadfF,10,3770,12,4082,ssl,0
5960.201723,CBCH3l3ylztIGZhkxk,10.0.2.15,58342,185.80.37.172,443,TLSv12,TLS_ECDHE_RSA_WITH_AES_128_GCM_SHA256,,a713.casalemedia.com,True,True,CsiI,,,,1a5fe5677b0e4fbbc854e8908225637d,fbe78c619e7ea20046131294ad087f05,,,5958.067607,10.0.2.15,58342,185.80.37.172,443,tcp,8.253155000000334,3362.0,3705.0,SF,True,False,0,ShADadfF,10,3770,12,4189,ssl,0
5960.572827,CxgsRR3cCReZe85Nzk,10.0.2.15,58344,172.217.23.226,443,TLSv12,TLS_ECDHE_RSA_WITH_AES_128_GCM_SHA256,,cm.g.doubleclick.net,True,True,CsiI,,,,1a5fe5677b0e4fbbc854e8908225637d,67619a80665d7ab92d1041b1d11f9164,h2,,5958.596384,10.0.2.15,58344,172.217.23.226,443,tcp,10.300013000000035,1448.0,664.0,SF,True,False,0,ShADadFf,15,2056,18,1388,ssl,0
5962.881462,CDFv1D2hIvunZImQ4,10.0.2.15,58348,95.172.94.13,443,TLSv12,TLS_ECDHE_RSA_WITH_AES_128_GCM_SHA256,secp256r1,pixel.quantserve.com,False,True,CsxknGIti,"['7d39ee69bdac843654f44bb3164a243b3e8c527019b6225992e5d36771f19e8f', '19400be5b7a31fb733917700789d2f0a2471c0c9d506c0e504c06c16d7cb17c0']",[],1.0,0ffee3ba8e615ad22535e7f771690a28,ccc514751b175866924439bdbb5bba34,,,5961.628515,10.0.2.15,58348,95.172.94.13,443,tcp,7.33578099999977,355.0,3323.0,SF,True,False,0,ShADadFfRr,10,763,11,3767,ssl,0
5962.8801,CCvaVm2WDXScbcmlP5,10.0.2.15,58349,52.204.134.112,443,TLSv12,TLS_ECDHE_RSA_WITH_AES_128_GCM_SHA256,secp256r1,srv-2017-05-02-00.pixel.parsely.com,False,True,CsxknGIi,"['9ef436fd497ee75524e1cbde374a65ea785dae9777626d083d2076114fa85642', '02ab57e4e67a0cb48dd2ff34830e8ac40f4476fb08ca6be3f5cd846f646840f0', '4f32d5dc00f715250abcc486511e37f501a899deb3bf7ea8adbbd3aef1c412da']",[],1.0,0ffee3ba8e615ad22535e7f771690a28,303951d4c50efb2e991652225a6f02b1,,,5961.629078,10.0.2.15,58349,52.204.134.112,443,tcp,7.380543999999645,338.0,4873.0,SF,True,False,0,ShADadFfRr,10,746,13,5397,ssl,0
5960.129372,CX1luo3M3pDYqLRpH6,10.0.2.15,58341,173.192.202.141,443,,,,cc.chango.com,False,False,C,,,,1a5fe5677b0e4fbbc854e8908225637d,,,,5957.273002,10.0.2.15,58341,173.192.202.141,443,tcp,2.930242999999791,517.0,0.0,SF,True,False,0,ShAfDaF,5,725,4,164,ssl,0
5976.531776,COgfKy2Wrd6ToaGwF,10.0.2.15,58370,95.100.165.226,443,TLSv12,TLS_ECDHE_RSA_WITH_AES_256_GCM_SHA384,,www.spot.im,True,True,CsiI,,,,1a5fe5677b0e4fbbc854e8908225637d,410b9bedaf65dd26c6fe547154d60db4,http/1.1,,5976.169534,10.0.2.15,58370,95.100.165.226,443,tcp,215.26543300000048,2737.0,5299.0,SF,True,False,0,ShADadTTFfRr,37,4244,38,6823,ssl,0
5976.437593,CpqkvE4MEc44R06YOd,10.0.2.15,58357,172.217.23.238,443,TLSv12,TLS_ECDHE_ECDSA_WITH_AES_128_GCM_SHA256,x25519,encrypted-tbn2.gstatic.com,False,True,CsxknGIti,"['11ddd329046367c19b32ffdb02ed308de129de4d6ffcf95856d7bd6a7accfba9', '9f630426df1d8abfd80ace98871ba833ab9742cb34838de2b5285ed54c0c7dcc', '3c35cc963eb004451323d3275d05b353235053490d9cd83729a2faf5e7ca1cc0']",[],1.0,0ffee3ba8e615ad22535e7f771690a28,84480cf8cf0e732666092640e581e1a5,h2,,5975.606566,10.0.2.15,58357,172.217.23.238,443,tcp,70.5815849999999,553.0,4467.0,SF,True,False,0,ShADadFf,15,1161,17,5151,ssl,0
5976.436542,CLQwAW2S2NtFqoYDO2,10.0.2.15,58358,172.217.23.238,443,TLSv12,TLS_ECDHE_ECDSA_WITH_AES_128_GCM_SHA256,x25519,encrypted-tbn1.gstatic.com,False,True,CsxknGIti,"['11ddd329046367c19b32ffdb02ed308de129de4d6ffcf95856d7bd6a7accfba9', '9f630426df1d8abfd80ace98871ba833ab9742cb34838de2b5285ed54c0c7dcc', '3c35cc963eb004451323d3275d05b353235053490d9cd83729a2faf5e7ca1cc0']",[],1.0,0ffee3ba8e615ad22535e7f771690a28,84480cf8cf0e732666092640e581e1a5,h2,,5975.609912,10.0.2.15,58358,172.217.23.238,443,tcp,27.02265499999976,2236.0,65872.0,SF,True,False,0,ShADadFf,56,4484,99,69836,ssl,0
5976.426874,C1z8OA2ZjCE8aA7L23,10.0.2.15,58356,172.217.23.238,443,TLSv12,TLS_ECDHE_ECDSA_WITH_AES_128_GCM_SHA256,x25519,encrypted-tbn2.gstatic.com,False,True,CsxknGIti,"['11ddd329046367c19b32ffdb02ed308de129de4d6ffcf95856d7bd6a7accfba9', '9f630426df1d8abfd80ace98871ba833ab9742cb34838de2b5285ed54c0c7dcc', '3c35cc963eb004451323d3275d05b353235053490d9cd83729a2faf5e7ca1cc0']",[],1.0,0ffee3ba8e615ad22535e7f771690a28,84480cf8cf0e732666092640e581e1a5,h2,,5975.604887,10.0.2.15,58356,172.217.23.238,443,tcp,70.59983799999918,553.0,4469.0,SF,True,False,0,ShADadFf,14,1121,15,5073,ssl,0
5976.432097,C5jObU3JAOSSE9il06,10.0.2.15,58355,172.217.23.238,443,TLSv12,TLS_ECDHE_ECDSA_WITH_AES_128_GCM_SHA256,x25519,encrypted-tbn3.gstatic.com,False,True,CsxknGIti,"['11ddd329046367c19b32ffdb02ed308de129de4d6ffcf95856d7bd6a7accfba9', '9f630426df1d8abfd80ace98871ba833ab9742cb34838de2b5285ed54c0c7dcc', '3c35cc963eb004451323d3275d05b353235053490d9cd83729a2faf5e7ca1cc0']",[],1.0,0ffee3ba8e615ad22535e7f771690a28,84480cf8cf0e732666092640e581e1a5,h2,,5975.602682,10.0.2.15,58355,172.217.23.238,443,tcp,70.59484200000043,553.0,4469.0,SF,True,False,0,ShADadFf,14,1121,16,5113,ssl,0
5976.445793,Cvh7oC3ku1p0Auiy82,10.0.2.15,58359,172.217.23.238,443,TLSv12,TLS_ECDHE_ECDSA_WITH_AES_128_GCM_SHA256,x25519,encrypted-tbn2.gstatic.com,False,True,CsxknGIti,"['11ddd329046367c19b32ffdb02ed308de129de4d6ffcf95856d7bd6a7accfba9', '9f630426df1d8abfd80ace98871ba833ab9742cb34838de2b5285ed54c0c7dcc', '3c35cc963eb004451323d3275d05b353235053490d9cd83729a2faf5e7ca1cc0']",[],1.0,0ffee3ba8e615ad22535e7f771690a28,84480cf8cf0e732666092640e581e1a5,h2,,5975.610623,10.0.2.15,58359,172.217.23.238,443,tcp,70.57747500000005,553.0,4468.0,SF,True,False,0,ShADadFf,15,1161,17,5152,ssl,0
5976.554731,CFBOhM24BgOHNzeJ1g,10.0.2.15,58365,192.243.255.151,443,TLSv12,TLS_ECDHE_RSA_WITH_AES_256_GCM_SHA384,,oms.dowjoneson.com,True,True,CsiI,,,,0ffee3ba8e615ad22535e7f771690a28,959bfcf87532cbff1253e80a4ee81308,,,5976.131815,10.0.2.15,58365,192.243.255.151,443,tcp,26.88230000000021,1249.0,779.0,SF,True,False,0,ShADadTFf,11,1698,11,1223,ssl,0
5976.545036,CIcjxgw6jW9bG87r9,10.0.2.15,58368,23.74.207.50,443,TLSv12,TLS_ECDHE_RSA_WITH_AES_256_GCM_SHA384,,cloud.typography.com,True,True,CsiI,,,,1a5fe5677b0e4fbbc854e8908225637d,410b9bedaf65dd26c6fe547154d60db4,http/1.1,,5976.164575,10.0.2.15,58368,23.74.207.50,443,tcp,16.151088000000527,958.0,827.0,SF,True,False,0,ShADadfF,8,1286,9,1191,ssl,0
5976.579253,CMt1Bd1FL1675CmGn,10.0.2.15,58367,52.213.124.159,443,TLSv12,TLS_ECDHE_RSA_WITH_AES_128_GCM_SHA256,,segment-data.zqtk.net,True,True,CsiI,,,,0ffee3ba8e615ad22535e7f771690a28,303951d4c50efb2e991652225a6f02b1,,,5976.161033,10.0.2.15,58367,52.213.124.159,443,tcp,73.43173699999988,707.0,1098.0,SF,True,False,0,ShADadTFf,14,1281,15,1702,ssl,0
5977.619716,Cpqu3KW4llnrOAjl9,10.0.2.15,58384,192.243.255.151,443,TLSv12,TLS_ECDHE_RSA_WITH_AES_256_GCM_SHA384,,oms.dowjoneson.com,True,True,CsiI,,,,0ffee3ba8e615ad22535e7f771690a28,959bfcf87532cbff1253e80a4ee81308,,,5976.433455,10.0.2.15,58384,192.243.255.151,443,tcp,8.705434999999852,309.0,155.0,SF,True,False,0,ShADadFf,8,637,8,479,ssl,0
5976.500402,Cl5kn04ePlCr6ztijb,10.0.2.15,58364,95.101.245.177,443,TLSv12,TLS_ECDHE_RSA_WITH_AES_256_GCM_SHA384,secp256r1,ssum-sec.casalemedia.com,False,True,CsxknGIti,"['089b510ac565aa1b2f05236cba3421cb755641c1bd4eeb25a856954a4c1d7cfb', '074541ecdf88ed992ed5ade3ecddef27a26ba1b44480a195c0a8dadae2521d8e']",[],1.0,0ffee3ba8e615ad22535e7f771690a28,2b33c1374db4ddf06942f92373c0b54b,http/1.1,,5976.120669,10.0.2.15,58364,95.101.245.177,443,tcp,235.3410140000005,8642.0,7305.0,SF,True,False,0,ShADadTTFfRr,40,10270,43,9029,ssl,0
5976.506865,CWjwgbvpB2QZFS8zl,10.0.2.15,58372,54.192.93.84,443,TLSv12,TLS_ECDHE_RSA_WITH_AES_128_GCM_SHA256,secp256r1,assets.vidora.com,False,True,CsxuknGIti,"['d9fcd2c47c0a3dbaadd75bc37c9e33d7e170828c497952cf66de5b4a5aaff55d', 'e6683e88315cd1cb403c0cea490f7c4b4c82c91cd485037489aadbaa90839f61']",[],1.0,0ffee3ba8e615ad22535e7f771690a28,76cc3e2d3028143b23ec18e27dbd7ca9,http/1.1,,5976.18604,10.0.2.15,58372,54.192.93.84,443,tcp,131.99286400000074,694.0,15208.0,SF,True,False,0,ShADadTTfF,27,1793,34,16572,ssl,0
5977.893549,COv1jQ2NVD0t1omNG4,10.0.2.15,58389,95.100.165.226,443,TLSv12,TLS_ECDHE_RSA_WITH_AES_256_GCM_SHA384,,www.spot.im,True,True,CsiI,,,,1a5fe5677b0e4fbbc854e8908225637d,410b9bedaf65dd26c6fe547154d60db4,http/1.1,,5976.462431,10.0.2.15,58389,95.100.165.226,443,tcp,14.00812700000006,599.0,183.0,SF,True,False,0,ShADadFfRr,9,967,9,547,ssl,0
5977.898416,CsIDk41AzXwLrZO198,10.0.2.15,58387,23.74.207.50,443,TLSv12,TLS_ECDHE_RSA_WITH_AES_256_GCM_SHA384,,cloud.typography.com,True,True,CsiI,,,,1a5fe5677b0e4fbbc854e8908225637d,410b9bedaf65dd26c6fe547154d60db4,http/1.1,,5976.458336,10.0.2.15,58387,23.74.207.50,443,tcp,15.16654600000038,599.0,183.0,SF,True,False,0,ShADadFfRr,9,967,9,547,ssl,0
5977.900013,ClZYlu32iQPy7Jj8me,10.0.2.15,58386,52.213.124.159,443,TLSv12,TLS_ECDHE_RSA_WITH_AES_128_GCM_SHA256,,segment-data.zqtk.net,True,True,CsiI,,,,0ffee3ba8e615ad22535e7f771690a28,303951d4c50efb2e991652225a6f02b1,,,5976.45231,10.0.2.15,58386,52.213.124.159,443,tcp,14.445244000000455,312.0,176.0,SF,True,False,0,ShADadFfRr,9,680,9,540,ssl,0
5977.889834,C3vYfc2iqAzO7qx2I7,10.0.2.15,58390,205.185.216.42,443,TLSv12,TLS_ECDHE_RSA_WITH_AES_128_GCM_SHA256,secp256r1,recirculation.spot.im,False,True,CsxuknGIti,"['fe120c647350355b3733d88baa75b56c63195f2c8edebe5d47567ca30e46b5e7', '02ab57e4e67a0cb48dd2ff34830e8ac40f4476fb08ca6be3f5cd846f646840f0', '4f32d5dc00f715250abcc486511e37f501a899deb3bf7ea8adbbd3aef1c412da']",[],1.0,0ffee3ba8e615ad22535e7f771690a28,a9f50de6377ae7c6dbaabc53f089ac30,,,5976.465488,10.0.2.15,58390,205.185.216.42,443,tcp,19.86533800000052,324.0,5513.0,SF,True,False,0,ShADadfF,10,732,11,5957,ssl,0
5977.896098,C7S8Cw3Kggc5P3lDOk,10.0.2.15,58388,54.192.93.17,443,TLSv12,TLS_ECDHE_RSA_WITH_AES_128_GCM_SHA256,secp256r1,native.sharethrough.com,False,True,CsxuknGIti,"['016adb8bf1adc1c6c272ebcf7e9afd3d3e5edf58d7c13536caef615154bbda38', '973a41276ffd01e027a2aad49e34c37846d3e976ff6a620b6712e33832041aa6', '3a2fbe92891e57fe05d57087f48e730f17e5a5f53ef403d618e5b74d7a7e6ecb', 'c3846bf24b9e93ca64274c0ec67c1ecc5e024ffcacd2d74019350e81fe546ae4']",[],1.0,0ffee3ba8e615ad22535e7f771690a28,76cc3e2d3028143b23ec18e27dbd7ca9,h2,,5976.45951,10.0.2.15,58388,54.192.93.17,443,tcp,14.012833000000684,566.0,7354.0,RSTO,True,False,0,ShADadFR,13,1094,14,7918,ssl,0
5976.443945,C3tfxD1nXPXnuxhLXb,10.0.2.15,58360,172.217.23.238,443,TLSv12,TLS_ECDHE_ECDSA_WITH_AES_128_GCM_SHA256,x25519,encrypted-tbn2.gstatic.com,False,True,CsxknGIti,"['11ddd329046367c19b32ffdb02ed308de129de4d6ffcf95856d7bd6a7accfba9', '9f630426df1d8abfd80ace98871ba833ab9742cb34838de2b5285ed54c0c7dcc', '3c35cc963eb004451323d3275d05b353235053490d9cd83729a2faf5e7ca1cc0']",[],1.0,0ffee3ba8e615ad22535e7f771690a28,84480cf8cf0e732666092640e581e1a5,h2,,5975.611495,10.0.2.15,58360,172.217.23.238,443,tcp,79.62042800000017,553.0,4467.0,SF,True,False,0,ShADadFf,15,1161,16,5111,ssl,0
5976.524339,C8stYL2CJcp7EItBKg,10.0.2.15,58371,205.185.216.42,443,TLSv12,TLS_ECDHE_RSA_WITH_AES_128_GCM_SHA256,secp256r1,recirculation.spot.im,False,True,CsxuknGIti,"['fe120c647350355b3733d88baa75b56c63195f2c8edebe5d47567ca30e46b5e7', '02ab57e4e67a0cb48dd2ff34830e8ac40f4476fb08ca6be3f5cd846f646840f0', '4f32d5dc00f715250abcc486511e37f501a899deb3bf7ea8adbbd3aef1c412da']",[],1.0,0ffee3ba8e615ad22535e7f771690a28,a9f50de6377ae7c6dbaabc53f089ac30,,,5976.172096,10.0.2.15,58371,205.185.216.42,443,tcp,15.30298799999946,759.0,5482.0,SF,True,False,0,ShADadfF,10,1167,12,5966,ssl,0
5976.540718,C7lDog39J5F2ayjBT4,10.0.2.15,58369,54.192.93.17,443,TLSv12,TLS_ECDHE_RSA_WITH_AES_128_GCM_SHA256,secp256r1,native.sharethrough.com,False,True,CsxuknGIti,"['016adb8bf1adc1c6c272ebcf7e9afd3d3e5edf58d7c13536caef615154bbda38', '973a41276ffd01e027a2aad49e34c37846d3e976ff6a620b6712e33832041aa6', '3a2fbe92891e57fe05d57087f48e730f17e5a5f53ef403d618e5b74d7a7e6ecb', 'c3846bf24b9e93ca64274c0ec67c1ecc5e024ffcacd2d74019350e81fe546ae4']",[],1.0,0ffee3ba8e615ad22535e7f771690a28,76cc3e2d3028143b23ec18e27dbd7ca9,h2,,5976.167095,10.0.2.15,58369,54.192.93.17,443,tcp,222.18613199999984,1009.0,8949.0,SF,True,False,0,ShADadFf,22,1897,25,9953,ssl,0
5976.550803,CSgSHq3fraIssQl6w2,10.0.2.15,58361,216.52.1.12,443,TLSv12,TLS_ECDHE_RSA_WITH_AES_128_GCM_SHA256,secp256r1,loadus.exelator.com,False,True,CsxknGIti,"['df7c62f472c1d3b0d062e9ed1c65f67a88aad738cc232a6b40b55a446e9092f9', '973a41276ffd01e027a2aad49e34c37846d3e976ff6a620b6712e33832041aa6', '3a2fbe92891e57fe05d57087f48e730f17e5a5f53ef403d618e5b74d7a7e6ecb', 'c3846bf24b9e93ca64274c0ec67c1ecc5e024ffcacd2d74019350e81fe546ae4']",[],1.0,0ffee3ba8e615ad22535e7f771690a28,ccc514751b175866924439bdbb5bba34,,,5976.100593,10.0.2.15,58361,216.52.1.12,443,tcp,19.525187999999616,4004.0,6271.0,SF,True,False,0,ShADadfF,13,4532,15,6875,ssl,0
5976.562543,CT0dCS3d55fA5HgtWj,10.0.2.15,58363,54.154.184.64,443,TLSv12,TLS_ECDHE_RSA_WITH_AES_128_GCM_SHA256,secp256r1,px.powerlinks.com,False,True,CsxknGIi,"['160a0aea808776b91400bb42d9827daa95a7dee447aa98b56176c0d72d0df190', 'f55f9ffcb83c73453261601c7e044db15a0f034b93c05830f28635ef889cf670', '87dcd4dc74640a322cd205552506d1be64f12596258096544986b4850bc72706', '28689b30e4c306aab53b027b29e36ad6dd1dcf4b953994482ca84bdc1ecac996']",[],1.0,0ffee3ba8e615ad22535e7f771690a28,303951d4c50efb2e991652225a6f02b1,,,5976.115678,10.0.2.15,58363,54.154.184.64,443,tcp,73.47716599999967,1311.0,5390.0,SF,True,False,0,ShADadTFf,17,2005,19,6154,ssl,0
5976.584686,CPkc7D1EbBFVCvp5c,10.0.2.15,58378,172.217.23.238,443,TLSv12,TLS_ECDHE_ECDSA_WITH_AES_128_GCM_SHA256,x25519,encrypted-tbn2.gstatic.com,False,True,CsxknGIti,"['11ddd329046367c19b32ffdb02ed308de129de4d6ffcf95856d7bd6a7accfba9', '9f630426df1d8abfd80ace98871ba833ab9742cb34838de2b5285ed54c0c7dcc', '3c35cc963eb004451323d3275d05b353235053490d9cd83729a2faf5e7ca1cc0']",[],1.0,0ffee3ba8e615ad22535e7f771690a28,84480cf8cf0e732666092640e581e1a5,h2,,5976.38472,10.0.2.15,58378,172.217.23.238,443,tcp,13.172652999999627,507.0,4422.0,SF,True,False,0,ShADadFf,11,955,13,4946,ssl,0
5976.59414,C9FSkj2Y94NcL5CTtd,10.0.2.15,58377,172.217.23.238,443,TLSv12,TLS_ECDHE_ECDSA_WITH_AES_128_GCM_SHA256,x25519,encrypted-tbn1.gstatic.com,False,True,CsxknGIti,"['11ddd329046367c19b32ffdb02ed308de129de4d6ffcf95856d7bd6a7accfba9', '9f630426df1d8abfd80ace98871ba833ab9742cb34838de2b5285ed54c0c7dcc', '3c35cc963eb004451323d3275d05b353235053490d9cd83729a2faf5e7ca1cc0']",[],1.0,0ffee3ba8e615ad22535e7f771690a28,84480cf8cf0e732666092640e581e1a5,h2,,5976.384161,10.0.2.15,58377,172.217.23.238,443,tcp,13.117860000000292,536.0,4423.0,SF,True,False,0,ShADadFf,13,1064,15,5027,ssl,0
5976.614689,CmlkAfABJQ7lKTaFl,10.0.2.15,58375,172.217.23.238,443,TLSv12,TLS_ECDHE_ECDSA_WITH_AES_128_GCM_SHA256,x25519,encrypted-tbn2.gstatic.com,False,True,CsxknGIti,"['11ddd329046367c19b32ffdb02ed308de129de4d6ffcf95856d7bd6a7accfba9', '9f630426df1d8abfd80ace98871ba833ab9742cb34838de2b5285ed54c0c7dcc', '3c35cc963eb004451323d3275d05b353235053490d9cd83729a2faf5e7ca1cc0']",[],1.0,0ffee3ba8e615ad22535e7f771690a28,84480cf8cf0e732666092640e581e1a5,h2,,5976.382237,10.0.2.15,58375,172.217.23.238,443,tcp,13.116226000000095,507.0,4423.0,SF,True,False,0,ShADadFf,11,955,13,4947,ssl,0
5976.619202,CkhB9G4vMKPXbwaBba,10.0.2.15,58374,172.217.23.238,443,TLSv12,TLS_ECDHE_ECDSA_WITH_AES_128_GCM_SHA256,x25519,encrypted-tbn3.gstatic.com,False,True,CsxknGIti,"['11ddd329046367c19b32ffdb02ed308de129de4d6ffcf95856d7bd6a7accfba9', '9f630426df1d8abfd80ace98871ba833ab9742cb34838de2b5285ed54c0c7dcc', '3c35cc963eb004451323d3275d05b353235053490d9cd83729a2faf5e7ca1cc0']",[],1.0,0ffee3ba8e615ad22535e7f771690a28,84480cf8cf0e732666092640e581e1a5,h2,,5976.381655,10.0.2.15,58374,172.217.23.238,443,tcp,13.071598999999878,507.0,4422.0,SF,True,False,0,ShADadFf,12,995,14,4986,ssl,0
5976.607787,CkYVmd12OdhWKVNmll,10.0.2.15,58376,172.217.23.238,443,TLSv12,TLS_ECDHE_ECDSA_WITH_AES_128_GCM_SHA256,x25519,encrypted-tbn2.gstatic.com,False,True,CsxknGIti,"['11ddd329046367c19b32ffdb02ed308de129de4d6ffcf95856d7bd6a7accfba9', '9f630426df1d8abfd80ace98871ba833ab9742cb34838de2b5285ed54c0c7dcc', '3c35cc963eb004451323d3275d05b353235053490d9cd83729a2faf5e7ca1cc0']",[],1.0,0ffee3ba8e615ad22535e7f771690a28,84480cf8cf0e732666092640e581e1a5,h2,,5976.383314,10.0.2.15,58376,172.217.23.238,443,tcp,14.089906000000155,507.0,4421.0,RSTO,True,False,0,ShADadFR,11,955,12,4905,ssl,0
5977.611177,ChAEVG2XbngHecDaHa,10.0.2.15,58379,172.217.23.238,443,TLSv12,TLS_ECDHE_ECDSA_WITH_AES_128_GCM_SHA256,x25519,encrypted-tbn2.gstatic.com,False,True,CsxknGIti,"['11ddd329046367c19b32ffdb02ed308de129de4d6ffcf95856d7bd6a7accfba9', '9f630426df1d8abfd80ace98871ba833ab9742cb34838de2b5285ed54c0c7dcc', '3c35cc963eb004451323d3275d05b353235053490d9cd83729a2faf5e7ca1cc0']",[],1.0,0ffee3ba8e615ad22535e7f771690a28,84480cf8cf0e732666092640e581e1a5,h2,,5976.385529,10.0.2.15,58379,172.217.23.238,443,tcp,14.087357999999767,507.0,4422.0,RSTO,True,False,0,ShADadFR,11,955,12,4906,ssl,0
5977.6183,C7flGW3LIBSlq5xb8,10.0.2.15,58380,216.52.1.12,443,TLSv12,TLS_ECDHE_RSA_WITH_AES_128_GCM_SHA256,secp256r1,loadus.exelator.com,False,True,CsxknGIti,"['df7c62f472c1d3b0d062e9ed1c65f67a88aad738cc232a6b40b55a446e9092f9', '973a41276ffd01e027a2aad49e34c37846d3e976ff6a620b6712e33832041aa6', '3a2fbe92891e57fe05d57087f48e730f17e5a5f53ef403d618e5b74d7a7e6ecb', 'c3846bf24b9e93ca64274c0ec67c1ecc5e024ffcacd2d74019350e81fe546ae4']",[],1.0,0ffee3ba8e615ad22535e7f771690a28,ccc514751b175866924439bdbb5bba34,,,5976.387986,10.0.2.15,58380,216.52.1.12,443,tcp,20.14033900000049,385.0,5433.0,SF,True,False,0,ShADadFf,10,793,11,5877,ssl,0
5977.612249,CYSQqf2kHUJ9NnG7if,10.0.2.15,58383,95.101.245.177,443,TLSv12,TLS_ECDHE_RSA_WITH_AES_256_GCM_SHA384,secp256r1,ssum-sec.casalemedia.com,False,True,CsxknGIti,"['089b510ac565aa1b2f05236cba3421cb755641c1bd4eeb25a856954a4c1d7cfb', '074541ecdf88ed992ed5ade3ecddef27a26ba1b44480a195c0a8dadae2521d8e']",[],1.0,0ffee3ba8e615ad22535e7f771690a28,2b33c1374db4ddf06942f92373c0b54b,http/1.1,,5976.4048,10.0.2.15,58383,95.101.245.177,443,tcp,21.920428999999785,390.0,3963.0,SF,True,False,0,ShADadTFfRr,12,879,13,4487,ssl,0
5977.915571,CpLSsH3XsvtiD7SQXk,10.0.2.15,58391,54.192.93.84,443,TLSv12,TLS_ECDHE_RSA_WITH_AES_128_GCM_SHA256,secp256r1,assets.vidora.com,False,True,CsxuknGIti,"['d9fcd2c47c0a3dbaadd75bc37c9e33d7e170828c497952cf66de5b4a5aaff55d', 'e6683e88315cd1cb403c0cea490f7c4b4c82c91cd485037489aadbaa90839f61']",[],1.0,0ffee3ba8e615ad22535e7f771690a28,76cc3e2d3028143b23ec18e27dbd7ca9,http/1.1,,5976.487045,10.0.2.15,58391,54.192.93.84,443,tcp,23.120241000000533,351.0,4739.0,SF,True,False,0,ShADadTFf,14,920,15,5343,ssl,0
5976.625547,CtSAZK33l5gRkh3T12,10.0.2.15,58373,23.23.98.158,443,TLSv12,TLS_ECDHE_RSA_WITH_AES_128_GCM_SHA256,secp256r1,6302942175.log.optimizely.com,False,True,CsxknGIi,"['720a04382d93aa8932b95cc755b9fbaab1b6a01d85399736cf4d5a4607e41172', '19400be5b7a31fb733917700789d2f0a2471c0c9d506c0e504c06c16d7cb17c0', '7431e5f4c3c1ce4690774f0b61e05440883ba9a01ed00ba6abd7806ed3b118cf']",[],1.0,0ffee3ba8e615ad22535e7f771690a28,303951d4c50efb2e991652225a6f02b1,,,5976.380909,10.0.2.15,58373,23.23.98.158,443,tcp,75.67313299999932,1173.0,4544.0,SF,True,False,0,ShADadTFf,17,1867,18,5268,ssl,0
5976.569927,Cp9cCO3xNVLAg2RUI5,10.0.2.15,58362,204.2.197.204,443,TLSv12,TLS_ECDHE_RSA_WITH_AES_256_GCM_SHA384,secp256r1,idpix.media6degrees.com,False,True,CsxknGIti,"['eda54f898187cafbe2a8bb8b08d81dd485262caab20c22583cfceaf596eba60f', '02ab57e4e67a0cb48dd2ff34830e8ac40f4476fb08ca6be3f5cd846f646840f0', '4f32d5dc00f715250abcc486511e37f501a899deb3bf7ea8adbbd3aef1c412da', '687fa451382278fff0c8b11f8d43d576671c6eb2bceab413fb83d965d06d2ff2']",[],1.0,1a5fe5677b0e4fbbc854e8908225637d,e35df3e00ca4ef31d42b34bebaa2f86e,,,5976.106986,10.0.2.15,58362,204.2.197.204,443,tcp,23.58121500000016,1345.0,6507.0,SF,True,False,0,ShADadfF,12,1833,13,7031,ssl,0
5977.615809,CBWHqs32msCEgnuZb4,10.0.2.15,58381,204.2.197.204,443,TLSv12,TLS_ECDHE_RSA_WITH_AES_256_GCM_SHA384,secp256r1,idpix.media6degrees.com,False,True,CsxknGIti,"['eda54f898187cafbe2a8bb8b08d81dd485262caab20c22583cfceaf596eba60f', '02ab57e4e67a0cb48dd2ff34830e8ac40f4476fb08ca6be3f5cd846f646840f0', '4f32d5dc00f715250abcc486511e37f501a899deb3bf7ea8adbbd3aef1c412da', '687fa451382278fff0c8b11f8d43d576671c6eb2bceab413fb83d965d06d2ff2']",[],1.0,1a5fe5677b0e4fbbc854e8908225637d,e35df3e00ca4ef31d42b34bebaa2f86e,,,5976.390063,10.0.2.15,58381,204.2.197.204,443,tcp,24.99467499999992,674.0,6187.0,SF,True,False,0,ShADadTFfRr,14,1243,15,6791,ssl,0
5977.613395,C8Fk8jDeXEJ2jx8I2,10.0.2.15,58382,54.154.184.64,443,TLSv12,TLS_ECDHE_RSA_WITH_AES_128_GCM_SHA256,secp256r1,px.powerlinks.com,False,True,CsxknGIi,"['160a0aea808776b91400bb42d9827daa95a7dee447aa98b56176c0d72d0df190', 'f55f9ffcb83c73453261601c7e044db15a0f034b93c05830f28635ef889cf670', '87dcd4dc74640a322cd205552506d1be64f12596258096544986b4850bc72706', '28689b30e4c306aab53b027b29e36ad6dd1dcf4b953994482ca84bdc1ecac996']",[],1.0,0ffee3ba8e615ad22535e7f771690a28,303951d4c50efb2e991652225a6f02b1,,,5976.390593,10.0.2.15,58382,54.154.184.64,443,tcp,18.43597899999986,351.0,5079.0,SF,True,False,0,ShADadFRfr,11,799,13,5603,ssl,0
5987.795272,CW7Pzy4s7EXpYx4H02,10.0.2.15,58392,185.33.222.20,443,TLSv12,TLS_ECDHE_RSA_WITH_AES_256_GCM_SHA384,,secure.adnxs.com,True,True,CsiI,,,,1a5fe5677b0e4fbbc854e8908225637d,266bd998df907f9d5064d7f4c208b200,,,5981.141599,10.0.2.15,58392,185.33.222.20,443,tcp,33.268489000000045,8916.0,12844.0,SF,True,False,0,ShADadTfF,22,9813,27,13928,ssl,0
5987.79564,CFYcVj2hMmPZ0blxA1,10.0.2.15,58396,185.33.222.20,443,TLSv12,TLS_ECDHE_RSA_WITH_AES_256_GCM_SHA384,,secure.adnxs.com,True,True,CsiI,,,,1a5fe5677b0e4fbbc854e8908225637d,266bd998df907f9d5064d7f4c208b200,,,5981.185708,10.0.2.15,58396,185.33.222.20,443,tcp,26.107805999999982,6228.0,9864.0,SF,True,False,0,ShADadFf,15,6844,19,10628,ssl,0
5987.796937,CzQNeM3xWrvlmQ8IG1,10.0.2.15,58395,185.33.222.20,443,TLSv12,TLS_ECDHE_RSA_WITH_AES_256_GCM_SHA384,,secure.adnxs.com,True,True,CsiI,,,,1a5fe5677b0e4fbbc854e8908225637d,266bd998df907f9d5064d7f4c208b200,,,5981.174123,10.0.2.15,58395,185.33.222.20,443,tcp,34.40378200000032,8945.0,13147.0,SF,True,False,0,ShADadTfF,19,9722,25,14151,ssl,0
5987.798107,CuNduV1B4nPp1YUBmf,10.0.2.15,58394,185.33.222.20,443,TLSv12,TLS_ECDHE_RSA_WITH_AES_256_GCM_SHA384,,secure.adnxs.com,True,True,CsiI,,,,1a5fe5677b0e4fbbc854e8908225637d,266bd998df907f9d5064d7f4c208b200,,,5981.147939,10.0.2.15,58394,185.33.222.20,443,tcp,27.51455899999928,6230.0,9870.0,SF,True,False,0,ShADadfF,17,6926,22,10754,ssl,0
5987.798679,CIbqPX1icPAIJESDx3,10.0.2.15,58393,185.33.222.20,443,TLSv12,TLS_ECDHE_RSA_WITH_AES_256_GCM_SHA384,,secure.adnxs.com,True,True,CsiI,,,,1a5fe5677b0e4fbbc854e8908225637d,266bd998df907f9d5064d7f4c208b200,,,5981.145054,10.0.2.15,58393,185.33.222.20,443,tcp,20.103046000000177,6085.0,5036.0,SF,True,False,0,ShADadfF,14,6661,16,5680,ssl,0
5987.802148,C3kK5g3KR7FGnTHXV5,10.0.2.15,58397,185.33.222.20,443,TLSv12,TLS_ECDHE_RSA_WITH_AES_256_GCM_SHA384,,secure.adnxs.com,True,True,CsiI,,,,1a5fe5677b0e4fbbc854e8908225637d,266bd998df907f9d5064d7f4c208b200,,,5981.312271,10.0.2.15,58397,185.33.222.20,443,tcp,18.908739000000423,3400.0,3684.0,SF,True,False,0,ShADadfF,12,3896,13,4208,ssl,0
5987.796258,C1DmIj3YHUldASsEQ9,10.0.2.15,58400,62.67.193.21,443,TLSv12,TLS_RSA_WITH_AES_256_CBC_SHA,,fastlane.rubiconproject.com,False,True,CsxnGIi,"['323de379ee34a94e415f63b56183d0d5d0e5a863f4ac89f97dc40ae81cc021c8', '154c433c491929c5ef686e838e323664a00e6a0d822ccc958fb4dab03e49a08f']",[],1.0,0ffee3ba8e615ad22535e7f771690a28,0a917d753018dad73d9899ace370f8d8,,,5981.314347,10.0.2.15,58400,62.67.193.21,443,tcp,28.96722299999965,10177.0,10483.0,SF,True,False,0,ShADadTFf,22,11074,24,11447,ssl,0
5987.799586,CWWknc1dRehLDBmjwg,10.0.2.15,58399,62.67.193.21,443,TLSv12,TLS_RSA_WITH_AES_256_CBC_SHA,,fastlane.rubiconproject.com,False,True,CsxnGIi,"['323de379ee34a94e415f63b56183d0d5d0e5a863f4ac89f97dc40ae81cc021c8', '154c433c491929c5ef686e838e323664a00e6a0d822ccc958fb4dab03e49a08f']",[],1.0,0ffee3ba8e615ad22535e7f771690a28,0a917d753018dad73d9899ace370f8d8,,,5981.313722,10.0.2.15,58399,62.67.193.21,443,tcp,28.98214900000039,5404.0,6505.0,SF,True,False,0,ShADadTFf,18,6141,19,7269,ssl,0
5987.800544,CKLnTs1NUkECXLOCQk,10.0.2.15,58398,62.67.193.21,443,TLSv12,TLS_RSA_WITH_AES_256_CBC_SHA,,fastlane.rubiconproject.com,False,True,CsxnGIi,"['323de379ee34a94e415f63b56183d0d5d0e5a863f4ac89f97dc40ae81cc021c8', '154c433c491929c5ef686e838e323664a00e6a0d822ccc958fb4dab03e49a08f']",[],1.0,0ffee3ba8e615ad22535e7f771690a28,0a917d753018dad73d9899ace370f8d8,,,5981.313242,10.0.2.15,58398,62.67.193.21,443,tcp,28.96163799999977,10177.0,10099.0,SF,True,False,0,ShADadTFf,23,11114,27,11183,ssl,0
5987.810747,Cy4to51qpgblMc9Y31,10.0.2.15,58403,62.67.193.21,443,TLSv12,TLS_RSA_WITH_AES_256_CBC_SHA,,fastlane.rubiconproject.com,False,True,CsxnGIi,"['323de379ee34a94e415f63b56183d0d5d0e5a863f4ac89f97dc40ae81cc021c8', '154c433c491929c5ef686e838e323664a00e6a0d822ccc958fb4dab03e49a08f']",[],1.0,0ffee3ba8e615ad22535e7f771690a28,0a917d753018dad73d9899ace370f8d8,,,5981.3166,10.0.2.15,58403,62.67.193.21,443,tcp,28.95816000000013,10177.0,11283.0,SF,True,False,0,ShADadTFf,23,11114,26,12327,ssl,0
5987.814124,CqQZpc4Ah3w8oMgOQ8,10.0.2.15,58402,62.67.193.21,443,TLSv12,TLS_RSA_WITH_AES_256_CBC_SHA,,fastlane.rubiconproject.com,False,True,CsxnGIi,"['323de379ee34a94e415f63b56183d0d5d0e5a863f4ac89f97dc40ae81cc021c8', '154c433c491929c5ef686e838e323664a00e6a0d822ccc958fb4dab03e49a08f']",[],1.0,0ffee3ba8e615ad22535e7f771690a28,0a917d753018dad73d9899ace370f8d8,,,5981.315502,10.0.2.15,58402,62.67.193.21,443,tcp,28.934598999999253,10177.0,10067.0,SF,True,False,0,ShADadTFf,23,11114,24,11031,ssl,0
5987.817008,CzC3F01d8ZK8dnrN18,10.0.2.15,58401,62.67.193.21,443,TLSv12,TLS_RSA_WITH_AES_256_CBC_SHA,,fastlane.rubiconproject.com,False,True,CsxnGIi,"['323de379ee34a94e415f63b56183d0d5d0e5a863f4ac89f97dc40ae81cc021c8', '154c433c491929c5ef686e838e323664a00e6a0d822ccc958fb4dab03e49a08f']",[],1.0,0ffee3ba8e615ad22535e7f771690a28,0a917d753018dad73d9899ace370f8d8,,,5981.315024,10.0.2.15,58401,62.67.193.21,443,tcp,28.96646099999998,5404.0,6617.0,SF,True,False,0,ShADadTFf,17,6101,17,7301,ssl,0
5989.180717,Cwc2Y725u9rHHrWqFf,10.0.2.15,58404,37.252.172.12,443,TLSv12,TLS_ECDHE_RSA_WITH_AES_256_GCM_SHA384,secp256r1,ib.adnxs.com,False,True,CsxuknGIti,"['5b081650e8034418a37504ce0820892be5a66474578207711eb688243fe1a8f2', '074541ecdf88ed992ed5ade3ecddef27a26ba1b44480a195c0a8dadae2521d8e']",[],1.0,0ffee3ba8e615ad22535e7f771690a28,d53e4608f956df65bb2b8a8c4d3b025d,,,5987.825548,10.0.2.15,58404,37.252.172.12,443,tcp,23.62695100000019,4939.0,6760.0,SF,True,False,0,ShADadfF,14,5507,19,7524,ssl,0
6003.381663,CRJNE128p9wu2eeXr3,10.0.2.15,58412,95.101.245.177,443,TLSv12,TLS_ECDHE_RSA_WITH_AES_256_GCM_SHA384,secp256r1,dsum-sec.casalemedia.com,False,True,CsxknGIti,"['089b510ac565aa1b2f05236cba3421cb755641c1bd4eeb25a856954a4c1d7cfb', '074541ecdf88ed992ed5ade3ecddef27a26ba1b44480a195c0a8dadae2521d8e']",[],1.0,0ffee3ba8e615ad22535e7f771690a28,2b33c1374db4ddf06942f92373c0b54b,http/1.1,,6002.984426,10.0.2.15,58412,95.101.245.177,443,tcp,224.24060999999983,5882.0,4597.0,SF,True,False,0,ShADadTTFfRr,37,7391,39,6161,ssl,0
6003.380725,CkNrLF2WDfcbUVH26d,10.0.2.15,58413,77.238.185.35,443,TLSv12,TLS_ECDHE_RSA_WITH_AES_128_GCM_SHA256,secp256r1,pr-bh.ybp.yahoo.com,False,True,CsxknGIti,"['c559338a744fd74f4c99482ace0a700b4162fbc35b45b65ac24e779b808fefdf', 'eae72eb454bf6c3977ebd289e970b2f5282949190093d0d26f98d0f0d6a9cf17', '8420dfbe376f414bf4c0a81e6936d24ccc03f304835b86c7a39142fca723a689']",[],1.0,0ffee3ba8e615ad22535e7f771690a28,b898351eb5e266aefd3723d466935494,http/1.1,,6002.986412,10.0.2.15,58413,77.238.185.35,443,tcp,13.079568000000108,944.0,5117.0,SF,True,False,0,ShADadFf,11,1392,14,5681,ssl,0
6004.174937,CNrxQx4au8KZh7zZ1,10.0.2.15,58415,37.252.167.202,443,TLSv12,TLS_ECDHE_RSA_WITH_AES_256_GCM_SHA384,,rb.adnxs.com,True,True,CsiI,,,,1a5fe5677b0e4fbbc854e8908225637d,364ff14b04ef93c3b4cfa429d729c0d9,,,6003.756012,10.0.2.15,58415,37.252.167.202,443,tcp,105.5036710000004,4843.0,1046.0,SF,True,False,0,ShADadTfF,21,5700,22,1930,ssl,0
6004.336172,C5ZSyh4TllRtiPhgEk,10.0.2.15,58410,95.100.191.4,443,TLSv12,TLS_ECDHE_RSA_WITH_AES_256_GCM_SHA384,,sb.scorecardresearch.com,True,True,CsiI,,,,1a5fe5677b0e4fbbc854e8908225637d,410b9bedaf65dd26c6fe547154d60db4,http/1.1,,6001.016709,10.0.2.15,58410,95.100.191.4,443,tcp,190.40677199999936,1619.0,859.0,SF,True,False,0,ShADadTTFfRr,30,2852,30,2063,ssl,0
6004.337669,CMwHWC4kMOWIEwFN28,10.0.2.15,58411,205.185.216.42,443,TLSv12,TLS_ECDHE_RSA_WITH_AES_128_GCM_SHA256,,recirculation.spot.im,True,True,CsiI,,,,1a5fe5677b0e4fbbc854e8908225637d,c6227321ea7621862dc7b7351771a62c,,,6001.018158,10.0.2.15,58411,205.185.216.42,443,tcp,14.53759700000046,1003.0,67897.0,SF,True,False,0,ShADadFfRr,27,2099,66,70541,ssl,0
6004.339875,C5hAdX2QNcxAQxJIF8,10.0.2.15,58417,37.252.167.202,443,TLSv12,TLS_ECDHE_RSA_WITH_AES_256_GCM_SHA384,,rb.adnxs.com,True,True,CsiI,,,,1a5fe5677b0e4fbbc854e8908225637d,364ff14b04ef93c3b4cfa429d729c0d9,,,6003.890444,10.0.2.15,58417,37.252.167.202,443,tcp,119.04058400000032,2417.0,1046.0,SF,True,False,0,ShADadTTfF,21,3276,22,1930,ssl,0
6005.182976,CToRzQ2pfmflJYHtKj,10.0.2.15,58421,37.252.167.202,443,TLSv12,TLS_ECDHE_RSA_WITH_AES_256_GCM_SHA384,,rb.adnxs.com,True,True,CsiI,,,,1a5fe5677b0e4fbbc854e8908225637d,364ff14b04ef93c3b4cfa429d729c0d9,,,6004.955046,10.0.2.15,58421,37.252.167.202,443,tcp,9.307099999999991,599.0,137.0,SF,True,False,0,ShADadFf,7,887,7,421,ssl,0
6005.183808,CvaURO2N9QikLLSTYh,10.0.2.15,58420,37.252.167.202,443,TLSv12,TLS_ECDHE_RSA_WITH_AES_256_GCM_SHA384,,rb.adnxs.com,True,True,CsiI,,,,1a5fe5677b0e4fbbc854e8908225637d,364ff14b04ef93c3b4cfa429d729c0d9,,,6004.954304,10.0.2.15,58420,37.252.167.202,443,tcp,9.370163999999932,599.0,137.0,SF,True,False,0,ShADadFf,7,887,7,421,ssl,0
6005.184622,CWwYu42RL3CPDHvLse,10.0.2.15,58419,205.185.216.42,443,TLSv12,TLS_ECDHE_RSA_WITH_AES_128_GCM_SHA256,,recirculation.spot.im,True,True,CsiI,,,,1a5fe5677b0e4fbbc854e8908225637d,c6227321ea7621862dc7b7351771a62c,,,6004.95387,10.0.2.15,58419,205.185.216.42,443,tcp,4.908174999999574,568.0,172.0,SF,True,False,0,ShADadfF,6,816,7,456,ssl,0
6005.186399,C29Oq13bZcMqDZYKqg,10.0.2.15,58418,95.100.191.4,443,TLSv12,TLS_ECDHE_RSA_WITH_AES_256_GCM_SHA384,,sb.scorecardresearch.com,True,True,CsiI,,,,1a5fe5677b0e4fbbc854e8908225637d,410b9bedaf65dd26c6fe547154d60db4,http/1.1,,6004.953352,10.0.2.15,58418,95.100.191.4,443,tcp,9.290238999999929,599.0,183.0,RSTO,True,False,0,ShADadFR,7,887,7,467,ssl,0
6006.590157,CFP4003HrUtxoDIaDb,10.0.2.15,58422,173.192.202.141,443,TLSv12,TLS_ECDHE_RSA_WITH_AES_256_GCM_SHA384,,cc.chango.com,True,True,CsiI,,,,1a5fe5677b0e4fbbc854e8908225637d,364ff14b04ef93c3b4cfa429d729c0d9,,,6006.160335,10.0.2.15,58422,173.192.202.141,443,tcp,1.416970000000219,901.0,243.0,SF,True,False,0,ShADadfF,7,1189,8,567,ssl,0
6007.428382,CwQsXp3wAfmaQgj0Bh,10.0.2.15,58424,173.192.202.141,443,TLSv12,TLS_ECDHE_RSA_WITH_AES_256_GCM_SHA384,,cc.chango.com,True,True,CsiI,,,,1a5fe5677b0e4fbbc854e8908225637d,364ff14b04ef93c3b4cfa429d729c0d9,,,6007.294824,10.0.2.15,58424,173.192.202.141,443,tcp,1.660507000000507,901.0,243.0,SF,True,False,0,ShADadfF,7,1189,8,567,ssl,0
6007.429712,Cfi2Zg1gSeiSITDPY,10.0.2.15,58423,204.79.197.200,443,TLSv12,TLS_ECDHE_RSA_WITH_AES_256_CBC_SHA,secp384r1,c.bing.com,False,True,CsxuknGIi,"['80c4440580dbd55b228f41e6c88a51ecdbb998b5d32d12acd31ce25518d37128', '2399983e99703ebd01cea466c10799810c4ba62a8d61b88170a334dcd61bb20f']",[],1.0,0ffee3ba8e615ad22535e7f771690a28,4fd467dd264720762ffe286277c00f57,,,6007.287689,10.0.2.15,58423,204.79.197.200,443,tcp,8.79979800000001,454.0,6880.0,SF,True,False,0,ShADadFf,11,902,14,7444,ssl,0
6007.718876,Cijx8x3oc0DFKbFNva,10.0.2.15,58426,185.33.222.210,443,TLSv12,TLS_ECDHE_RSA_WITH_AES_256_GCM_SHA384,,m.adnxs.com,True,True,CsiI,,,,1a5fe5677b0e4fbbc854e8908225637d,266bd998df907f9d5064d7f4c208b200,,,6007.43068,10.0.2.15,58426,185.33.222.210,443,tcp,19.570136999999704,9288.0,9159.0,SF,True,False,0,ShADadfF,20,10096,27,10243,ssl,0
6007.720467,C6FRv5BuGaROWaaoe,10.0.2.15,58428,185.33.222.210,443,TLSv12,TLS_ECDHE_RSA_WITH_AES_256_GCM_SHA384,,m.adnxs.com,True,True,CsiI,,,,1a5fe5677b0e4fbbc854e8908225637d,266bd998df907f9d5064d7f4c208b200,,,6007.432137,10.0.2.15,58428,185.33.222.210,443,tcp,19.110547000000224,6476.0,6237.0,SF,True,False,0,ShADadfF,16,7124,21,7081,ssl,0
6011.052396,Ci0ic9rT6vAWaGQT7,10.0.2.15,58432,136.243.7.47,443,TLSv12,TLS_ECDHE_RSA_WITH_AES_128_GCM_SHA256,secp256r1,news.fark.com,False,True,CsxknGIti,"['793368017998c1b2fc18c15e72321af06f4bc834e0b6679b91d21907592db31a', '537c5c8072363e147c84d21d0d2248b6b99a9a8a43311659835ec33926da2860', '4b03f45807ad70f21bfc2cae71c9fde4604c064cf5ffb686bae5dbaad7fdd34c']",[],1.0,0ffee3ba8e615ad22535e7f771690a28,b898351eb5e266aefd3723d466935494,http/1.1,,6010.546543,10.0.2.15,58432,136.243.7.47,443,tcp,7.28116399999999,663.0,7130.0,SF,True,False,0,ShADadfF,12,1151,16,7774,ssl,0
6011.058985,CDANqK22BAgnvjMbA9,10.0.2.15,58430,95.100.165.226,443,TLSv12,TLS_ECDHE_RSA_WITH_AES_256_GCM_SHA384,,www.spot.im,True,True,CsiI,,,,1a5fe5677b0e4fbbc854e8908225637d,410b9bedaf65dd26c6fe547154d60db4,http/1.1,,6010.54089,10.0.2.15,58430,95.100.165.226,443,tcp,9.041831999999886,1573.0,1552.0,RSTO,True,False,0,ShADadFR,12,2061,11,1996,ssl,0
6011.056438,CPCc5C1mTi02cYG7r,10.0.2.15,58431,54.83.180.199,443,TLSv12,TLS_ECDHE_RSA_WITH_AES_128_GCM_SHA256,secp256r1,track.spots.im,False,True,CsxknGIi,"['58633712d749e96ada53e442237d6ed02fa27f9edb65f600079b2ccd0b3ab645', 'f55f9ffcb83c73453261601c7e044db15a0f034b93c05830f28635ef889cf670', '87dcd4dc74640a322cd205552506d1be64f12596258096544986b4850bc72706', '28689b30e4c306aab53b027b29e36ad6dd1dcf4b953994482ca84bdc1ecac996']",[],1.0,0ffee3ba8e615ad22535e7f771690a28,303951d4c50efb2e991652225a6f02b1,,,6010.542634,10.0.2.15,58431,54.83.180.199,443,tcp,10.355990999999449,2521.0,5875.0,RSTO,True,False,0,ShADadFR,14,3089,15,6479,ssl,0
6011.789786,CaBboR2cfcZPzQHTO,10.0.2.15,58433,52.3.10.224,443,TLSv12,TLS_ECDHE_RSA_WITH_AES_128_GCM_SHA256,,api.boomtrain.com,True,True,CsiI,,,,0ffee3ba8e615ad22535e7f771690a28,303951d4c50efb2e991652225a6f02b1,,,6011.062817,10.0.2.15,58433,52.3.10.224,443,tcp,67.67486499999995,1246.0,1518.0,SF,True,False,0,ShADadTFf,16,1900,19,2282,ssl,0
6011.800406,CnKTwO1dYVO8c4Bzn1,10.0.2.15,58435,52.3.10.224,443,TLSv12,TLS_ECDHE_RSA_WITH_AES_128_GCM_SHA256,,api.boomtrain.com,True,True,CsiI,,,,0ffee3ba8e615ad22535e7f771690a28,303951d4c50efb2e991652225a6f02b1,,,6011.067244,10.0.2.15,58435,52.3.10.224,443,tcp,14.29917900000055,308.0,176.0,SF,True,False,0,ShADadTFfRr,10,717,10,580,ssl,0
6011.800847,CgILqG20DPhnSw22Xf,10.0.2.15,58434,52.20.229.9,443,TLSv12,TLS_ECDHE_RSA_WITH_AES_128_GCM_SHA256,,onsite.boomtrain.net,True,True,CsiI,,,,0ffee3ba8e615ad22535e7f771690a28,303951d4c50efb2e991652225a6f02b1,,,6011.064978,10.0.2.15,58434,52.20.229.9,443,tcp,9.850322999999662,1202.0,1666.0,SF,True,False,0,ShADadFfRr,13,1730,13,2190,ssl,0
6016.09262,CMcD0X1ndpLSmqT6s8,10.0.2.15,58445,95.100.165.226,443,TLSv12,TLS_ECDHE_RSA_WITH_AES_256_GCM_SHA384,,www.spot.im,True,True,CsiI,,,,1a5fe5677b0e4fbbc854e8908225637d,410b9bedaf65dd26c6fe547154d60db4,http/1.1,,6011.804373,10.0.2.15,58445,95.100.165.226,443,tcp,13.449276000000282,599.0,183.0,SF,True,False,0,ShADadFfRr,10,1015,9,547,ssl,0
6016.124013,C1NFxl1LjygQcqevbk,10.0.2.15,58443,54.83.180.199,443,TLSv12,TLS_ECDHE_RSA_WITH_AES_128_GCM_SHA256,,track.spots.im,True,True,CsiI,,,,0ffee3ba8e615ad22535e7f771690a28,303951d4c50efb2e991652225a6f02b1,,,6011.802941,10.0.2.15,58443,54.83.180.199,443,tcp,10.476746999999705,305.0,176.0,SF,True,False,0,ShADadFfRr,10,721,9,540,ssl,0
6016.13342,ClbupJ1y77N2YyYVZb,10.0.2.15,58446,52.20.229.9,443,TLSv12,TLS_ECDHE_RSA_WITH_AES_128_GCM_SHA256,,onsite.boomtrain.net,True,True,CsiI,,,,0ffee3ba8e615ad22535e7f771690a28,303951d4c50efb2e991652225a6f02b1,,,6011.804835,10.0.2.15,58446,52.20.229.9,443,tcp,12.308027000000038,311.0,176.0,SF,True,False,0,ShADadFfRr,9,687,9,540,ssl,0
6013.77642,CXai5D2CGe9gkAiDbd,10.0.2.15,58444,136.243.7.47,443,TLSv12,TLS_ECDHE_RSA_WITH_AES_128_GCM_SHA256,secp256r1,news.fark.com,False,True,CsxknGIti,"['793368017998c1b2fc18c15e72321af06f4bc834e0b6679b91d21907592db31a', '537c5c8072363e147c84d21d0d2248b6b99a9a8a43311659835ec33926da2860', '4b03f45807ad70f21bfc2cae71c9fde4604c064cf5ffb686bae5dbaad7fdd34c']",[],1.0,0ffee3ba8e615ad22535e7f771690a28,b898351eb5e266aefd3723d466935494,http/1.1,,6011.803925,10.0.2.15,58444,136.243.7.47,443,tcp,20.540531999999985,347.0,4177.0,SF,True,False,0,ShADadTFf,11,796,11,4621,ssl,0
6013.779376,CqpcDf3ELA94VZ0uN6,10.0.2.15,58442,54.192.93.49,443,TLSv12,TLS_ECDHE_RSA_WITH_AES_128_GCM_SHA256,secp256r1,platform-cdn.sharethrough.com,False,True,CsxuknGIti,"['016adb8bf1adc1c6c272ebcf7e9afd3d3e5edf58d7c13536caef615154bbda38', '973a41276ffd01e027a2aad49e34c37846d3e976ff6a620b6712e33832041aa6', '3a2fbe92891e57fe05d57087f48e730f17e5a5f53ef403d618e5b74d7a7e6ecb', 'c3846bf24b9e93ca64274c0ec67c1ecc5e024ffcacd2d74019350e81fe546ae4']",[],1.0,0ffee3ba8e615ad22535e7f771690a28,76cc3e2d3028143b23ec18e27dbd7ca9,http/1.1,,6011.80238,10.0.2.15,58442,54.192.93.49,443,tcp,9.366767999999864,801.0,9271.0,SF,True,False,0,ShADadFf,14,1369,16,9915,ssl,0
6016.131272,COYcOv3TjE7sd9fiLg,10.0.2.15,58457,54.77.223.60,443,TLSv12,TLS_ECDHE_RSA_WITH_AES_128_GCM_SHA256,secp256r1,dpm.demdex.net,False,True,CsxknGIi,"['ab8f7b89fa3e472463832f1b07660350a24ba646789dce6dd09107fab1d86a12', '19400be5b7a31fb733917700789d2f0a2471c0c9d506c0e504c06c16d7cb17c0']",[],1.0,0ffee3ba8e615ad22535e7f771690a28,303951d4c50efb2e991652225a6f02b1,,,6015.609047,10.0.2.15,58457,54.77.223.60,443,tcp,14.847821999999724,348.0,3143.0,SF,True,False,0,ShADadTFfRr,13,877,15,3747,ssl,0
6017.21446,CWV3pL2Eo9VNGC52D,10.0.2.15,58458,199.96.57.6,443,TLSv12,TLS_ECDHE_RSA_WITH_AES_128_GCM_SHA256,secp256r1,platform.twitter.com,False,True,CsxuknGIti,"['03836d502e2fb8a9f4cc51e912b5e69c5f72393c36e0ed751d7fb22118adb56e', '19400be5b7a31fb733917700789d2f0a2471c0c9d506c0e504c06c16d7cb17c0']",[],1.0,0ffee3ba8e615ad22535e7f771690a28,76cc3e2d3028143b23ec18e27dbd7ca9,http/1.1,,6016.138169,10.0.2.15,58458,199.96.57.6,443,tcp,10.430661000000327,1196.0,18078.0,RSTO,True,False,0,ShADadFR,15,1804,23,19002,ssl,0
6017.209977,C9X7Ah34Z2weuyKute,10.0.2.15,58459,54.209.111.199,443,TLSv12,TLS_ECDHE_RSA_WITH_AES_128_GCM_SHA256,secp256r1,b.sharethrough.com,False,True,CsxknGIi,"['016adb8bf1adc1c6c272ebcf7e9afd3d3e5edf58d7c13536caef615154bbda38', '973a41276ffd01e027a2aad49e34c37846d3e976ff6a620b6712e33832041aa6', '3a2fbe92891e57fe05d57087f48e730f17e5a5f53ef403d618e5b74d7a7e6ecb', 'c3846bf24b9e93ca64274c0ec67c1ecc5e024ffcacd2d74019350e81fe546ae4']",[],1.0,0ffee3ba8e615ad22535e7f771690a28,303951d4c50efb2e991652225a6f02b1,,,6016.146795,10.0.2.15,58459,54.209.111.199,443,tcp,10.53790300000037,1284.0,5491.0,SF,True,False,0,ShADadFRfr,14,1852,16,6135,ssl,0
6011.799798,Cm6Y3h2wC3BsUM21yd,10.0.2.15,58436,54.204.39.91,443,TLSv12,TLS_ECDHE_RSA_WITH_AES_128_GCM_SHA256,secp256r1,cortex.vidora.com,False,True,CsxknGIti,"['d9fcd2c47c0a3dbaadd75bc37c9e33d7e170828c497952cf66de5b4a5aaff55d', 'e6683e88315cd1cb403c0cea490f7c4b4c82c91cd485037489aadbaa90839f61']",[],1.0,0ffee3ba8e615ad22535e7f771690a28,ccc514751b175866924439bdbb5bba34,,,6011.073554,10.0.2.15,58436,54.204.39.91,443,tcp,48.285846000000674,808.0,5246.0,SF,True,False,0,ShADadTfF,16,1460,18,5970,ssl,0
6017.233127,Cwdt582Y8YNw7BLsjk,10.0.2.15,58460,169.47.30.64,443,TLSv12,TLS_RSA_WITH_AES_256_CBC_SHA,,stags.bluekai.com,False,True,CsxnGIi,"['f3e2a1e01c5e2e8f20022b198cde61baf841fcf748c4639eea3fd3db4785c81d', 'e0898ad662474b9f753c79bea878031c9a5d634a49edd6310b960ab023c02c0e']",[],1.0,0ffee3ba8e615ad22535e7f771690a28,f4fb99c318cd91a4dfff259227ba977b,http/1.1,,6016.149808,10.0.2.15,58460,169.47.30.64,443,tcp,14.370474999999717,536.0,3050.0,SF,True,False,0,ShADadTFf,11,985,12,3534,ssl,0
6014.804092,CwoUUs3LRZDgHqM3Sf,10.0.2.15,58447,52.3.10.224,443,TLSv12,TLS_ECDHE_RSA_WITH_AES_128_GCM_SHA256,,api.boomtrain.com,True,True,CsiI,,,,0ffee3ba8e615ad22535e7f771690a28,303951d4c50efb2e991652225a6f02b1,,,6012.533796,10.0.2.15,58447,52.3.10.224,443,tcp,15.799294000000373,308.0,176.0,SF,True,False,0,ShADadFfRr,9,676,9,540,ssl,0
6017.833478,Cg5cpM1jIktLfSxaP4,10.0.2.15,58453,95.100.165.226,443,TLSv12,TLS_ECDHE_RSA_WITH_AES_256_GCM_SHA384,,www.spot.im,True,True,CsiI,,,,1a5fe5677b0e4fbbc854e8908225637d,410b9bedaf65dd26c6fe547154d60db4,http/1.1,,6014.110318,10.0.2.15,58453,95.100.165.226,443,tcp,14.692963999999847,599.0,183.0,SF,True,False,0,ShADadTFfRr,10,1008,10,587,ssl,0
6017.90896,C5JeXwe1XSJnzbLy9,10.0.2.15,58452,136.243.7.47,443,TLSv12,TLS_ECDHE_RSA_WITH_AES_128_GCM_SHA256,,news.fark.com,True,True,CsiI,,,,1a5fe5677b0e4fbbc854e8908225637d,7bee5c1d424b7e5f943b06983bb11422,http/1.1,,6014.109289,10.0.2.15,58452,136.243.7.47,443,tcp,14.99730400000044,599.0,152.0,SF,True,False,0,ShADadTFf,9,968,8,476,ssl,0
6017.912478,C6Zui24KyFHwJyMZl6,10.0.2.15,58450,54.192.93.49,443,TLSv12,TLS_ECDHE_RSA_WITH_AES_128_GCM_SHA256,secp256r1,platform-cdn.sharethrough.com,False,True,CsxuknGIti,"['016adb8bf1adc1c6c272ebcf7e9afd3d3e5edf58d7c13536caef615154bbda38', '973a41276ffd01e027a2aad49e34c37846d3e976ff6a620b6712e33832041aa6', '3a2fbe92891e57fe05d57087f48e730f17e5a5f53ef403d618e5b74d7a7e6ecb', 'c3846bf24b9e93ca64274c0ec67c1ecc5e024ffcacd2d74019350e81fe546ae4']",[],1.0,0ffee3ba8e615ad22535e7f771690a28,76cc3e2d3028143b23ec18e27dbd7ca9,http/1.1,,6014.107695,10.0.2.15,58450,54.192.93.49,443,tcp,21.24783800000023,363.0,7269.0,SF,True,False,0,ShADadTFf,12,852,15,7873,ssl,0
6018.38727,CjDyTc4xDTH22HOdMb,10.0.2.15,58451,54.83.180.199,443,TLSv12,TLS_ECDHE_RSA_WITH_AES_128_GCM_SHA256,,track.spots.im,True,True,CsiI,,,,0ffee3ba8e615ad22535e7f771690a28,303951d4c50efb2e991652225a6f02b1,,,6014.108728,10.0.2.15,58451,54.83.180.199,443,tcp,15.65773100000024,305.0,176.0,SF,True,False,0,ShADadTFfRr,11,762,10,580,ssl,0
6018.398476,CAuuNV2uHEZ8ByUPe,10.0.2.15,58454,52.20.229.9,443,TLSv12,TLS_ECDHE_RSA_WITH_AES_128_GCM_SHA256,,onsite.boomtrain.net,True,True,CsiI,,,,0ffee3ba8e615ad22535e7f771690a28,303951d4c50efb2e991652225a6f02b1,,,6014.111841,10.0.2.15,58454,52.20.229.9,443,tcp,16.086105000000316,311.0,176.0,SF,True,False,0,ShADadTFfRr,11,768,10,580,ssl,0
6018.966779,C4byj92qNtVktBznE,10.0.2.15,58455,95.100.165.226,443,TLSv12,TLS_ECDHE_RSA_WITH_AES_256_GCM_SHA384,,www.spot.im,True,True,CsiI,,,,1a5fe5677b0e4fbbc854e8908225637d,410b9bedaf65dd26c6fe547154d60db4,http/1.1,,6014.810469,10.0.2.15,58455,95.100.165.226,443,tcp,6.012163999999757,1405.0,3417.0,SF,True,False,0,ShADadFfRr,13,1941,14,3981,ssl,0
6018.971978,Ci4Yvs18yJJW5SMdpg,10.0.2.15,58456,52.3.10.224,443,TLSv12,TLS_ECDHE_RSA_WITH_AES_128_GCM_SHA256,,api.boomtrain.com,True,True,CsiI,,,,0ffee3ba8e615ad22535e7f771690a28,303951d4c50efb2e991652225a6f02b1,,,6014.812182,10.0.2.15,58456,52.3.10.224,443,tcp,16.883641000000353,308.0,176.0,RSTO,True,False,0,ShADadTFR,10,725,8,500,ssl,0
6020.13441,CBJvSF43VJOYhUqi68,10.0.2.15,58461,205.185.216.42,443,TLSv12,TLS_ECDHE_RSA_WITH_AES_128_GCM_SHA256,secp256r1,images.spot.im,False,True,CsxuknGIti,"['fe120c647350355b3733d88baa75b56c63195f2c8edebe5d47567ca30e46b5e7', '02ab57e4e67a0cb48dd2ff34830e8ac40f4476fb08ca6be3f5cd846f646840f0', '4f32d5dc00f715250abcc486511e37f501a899deb3bf7ea8adbbd3aef1c412da']",[],1.0,0ffee3ba8e615ad22535e7f771690a28,a9f50de6377ae7c6dbaabc53f089ac30,,,6018.975031,10.0.2.15,58461,205.185.216.42,443,tcp,22.46102299999984,795.0,5497.0,SF,True,False,0,ShADadfF,10,1203,13,6021,ssl,0
6020.108054,Cxwa0f1B2ovR3M27Vd,10.0.2.15,58466,205.185.216.42,443,TLSv12,TLS_ECDHE_RSA_WITH_AES_128_GCM_SHA256,secp256r1,images.spot.im,False,True,CsxuknGIti,"['fe120c647350355b3733d88baa75b56c63195f2c8edebe5d47567ca30e46b5e7', '02ab57e4e67a0cb48dd2ff34830e8ac40f4476fb08ca6be3f5cd846f646840f0', '4f32d5dc00f715250abcc486511e37f501a899deb3bf7ea8adbbd3aef1c412da']",[],1.0,0ffee3ba8e615ad22535e7f771690a28,a9f50de6377ae7c6dbaabc53f089ac30,,,6018.988157,10.0.2.15,58466,205.185.216.42,443,tcp,22.032353000000512,795.0,5497.0,SF,True,False,0,ShADadfF,10,1203,12,5981,ssl,0
6020.111131,Co7o4S30V8suP2C7Tf,10.0.2.15,58465,205.185.216.42,443,TLSv12,TLS_ECDHE_RSA_WITH_AES_128_GCM_SHA256,secp256r1,images.spot.im,False,True,CsxuknGIti,"['fe120c647350355b3733d88baa75b56c63195f2c8edebe5d47567ca30e46b5e7', '02ab57e4e67a0cb48dd2ff34830e8ac40f4476fb08ca6be3f5cd846f646840f0', '4f32d5dc00f715250abcc486511e37f501a899deb3bf7ea8adbbd3aef1c412da']",[],1.0,0ffee3ba8e615ad22535e7f771690a28,a9f50de6377ae7c6dbaabc53f089ac30,,,6018.98619,10.0.2.15,58465,205.185.216.42,443,tcp,23.149936000000707,801.0,5497.0,SF,True,False,0,ShADadfF,11,1249,13,6021,ssl,0
6020.117041,C8m6lI3xaqtxWfVNgf,10.0.2.15,58464,205.185.216.42,443,TLSv12,TLS_ECDHE_RSA_WITH_AES_128_GCM_SHA256,secp256r1,images.spot.im,False,True,CsxuknGIti,"['fe120c647350355b3733d88baa75b56c63195f2c8edebe5d47567ca30e46b5e7', '02ab57e4e67a0cb48dd2ff34830e8ac40f4476fb08ca6be3f5cd846f646840f0', '4f32d5dc00f715250abcc486511e37f501a899deb3bf7ea8adbbd3aef1c412da']",[],1.0,0ffee3ba8e615ad22535e7f771690a28,a9f50de6377ae7c6dbaabc53f089ac30,,,6018.984592,10.0.2.15,58464,205.185.216.42,443,tcp,23.44022099999984,795.0,5497.0,SF,True,False,0,ShADadfF,10,1203,12,5981,ssl,0
6020.121689,CI2ONo3I9mvhrgiGL7,10.0.2.15,58463,205.185.216.42,443,TLSv12,TLS_ECDHE_RSA_WITH_AES_128_GCM_SHA256,secp256r1,images.spot.im,False,True,CsxuknGIti,"['fe120c647350355b3733d88baa75b56c63195f2c8edebe5d47567ca30e46b5e7', '02ab57e4e67a0cb48dd2ff34830e8ac40f4476fb08ca6be3f5cd846f646840f0', '4f32d5dc00f715250abcc486511e37f501a899deb3bf7ea8adbbd3aef1c412da']",[],1.0,0ffee3ba8e615ad22535e7f771690a28,a9f50de6377ae7c6dbaabc53f089ac30,,,6018.977728,10.0.2.15,58463,205.185.216.42,443,tcp,22.68138700000054,795.0,5497.0,SF,True,False,0,ShADadfF,11,1243,13,6021,ssl,0
6020.127005,CVQ1mT2TNOJqA2ZULi,10.0.2.15,58462,205.185.216.42,443,TLSv12,TLS_ECDHE_RSA_WITH_AES_128_GCM_SHA256,secp256r1,images.spot.im,False,True,CsxuknGIti,"['fe120c647350355b3733d88baa75b56c63195f2c8edebe5d47567ca30e46b5e7', '02ab57e4e67a0cb48dd2ff34830e8ac40f4476fb08ca6be3f5cd846f646840f0', '4f32d5dc00f715250abcc486511e37f501a899deb3bf7ea8adbbd3aef1c412da']",[],1.0,0ffee3ba8e615ad22535e7f771690a28,a9f50de6377ae7c6dbaabc53f089ac30,,,6018.976598,10.0.2.15,58462,205.185.216.42,443,tcp,22.889725,795.0,5497.0,SF,True,False,0,ShADadfF,10,1203,12,5981,ssl,0
6031.542707,CMEBMD2TcrhaxcpK4l,10.0.2.15,58467,95.100.165.226,443,TLSv12,TLS_ECDHE_RSA_WITH_AES_256_GCM_SHA384,,www.spot.im,True,True,CsiI,,,,1a5fe5677b0e4fbbc854e8908225637d,410b9bedaf65dd26c6fe547154d60db4,http/1.1,,6030.095146,10.0.2.15,58467,95.100.165.226,443,tcp,10.6959710000001,599.0,183.0,SF,True,False,0,ShADadFfRr,9,967,9,547,ssl,0
6040.778648,CD7CJi46a1yIImdank,10.0.2.15,58475,34.199.183.112,443,TLSv12,TLS_ECDHE_RSA_WITH_AES_128_GCM_SHA256,secp256r1,cent.spots.im,False,True,CsxknGIi,"['58633712d749e96ada53e442237d6ed02fa27f9edb65f600079b2ccd0b3ab645', 'f55f9ffcb83c73453261601c7e044db15a0f034b93c05830f28635ef889cf670', '87dcd4dc74640a322cd205552506d1be64f12596258096544986b4850bc72706', '28689b30e4c306aab53b027b29e36ad6dd1dcf4b953994482ca84bdc1ecac996']",[],1.0,0ffee3ba8e615ad22535e7f771690a28,303951d4c50efb2e991652225a6f02b1,,,6040.418944,10.0.2.15,58475,34.199.183.112,443,tcp,17.579200000000128,895.0,5337.0,SF,True,False,0,ShADadFfRr,13,1423,15,5941,ssl,0
6046.433633,CV0UNC2eIK3cfbUHqd,10.0.2.15,58477,192.243.255.151,443,TLSv12,TLS_ECDHE_RSA_WITH_AES_256_GCM_SHA384,,oms.dowjoneson.com,True,True,CsiI,,,,0ffee3ba8e615ad22535e7f771690a28,959bfcf87532cbff1253e80a4ee81308,,,6045.935796,10.0.2.15,58477,192.243.255.151,443,tcp,27.453911999999946,1832.0,834.0,SF,True,False,0,ShADadTFf,13,2362,12,1318,ssl,0
6046.436803,CjqjxV33UC9gvm5MA4,10.0.2.15,58480,54.83.180.199,443,TLSv12,TLS_ECDHE_RSA_WITH_AES_128_GCM_SHA256,,track.spots.im,True,True,CsiI,,,,0ffee3ba8e615ad22535e7f771690a28,303951d4c50efb2e991652225a6f02b1,,,6046.18702,10.0.2.15,58480,54.83.180.199,443,tcp,62.52933099999973,1351.0,575.0,SF,True,False,0,ShADadTFf,15,1965,15,1179,ssl,0
6046.43803,CcESnr2HttEXPGTVb1,10.0.2.15,58479,54.83.180.199,443,TLSv12,TLS_ECDHE_RSA_WITH_AES_128_GCM_SHA256,,track.spots.im,True,True,CsiI,,,,0ffee3ba8e615ad22535e7f771690a28,303951d4c50efb2e991652225a6f02b1,,,6046.186485,10.0.2.15,58479,54.83.180.199,443,tcp,11.804466999999931,305.0,176.0,SF,True,False,0,ShADadFfRr,9,673,9,540,ssl,0
6046.43936,CekSTC2kETL1u8Rbcd,10.0.2.15,58478,205.185.216.10,443,TLSv12,TLS_ECDHE_RSA_WITH_AES_128_GCM_SHA256,secp256r1,app-cdn.spot.im,False,True,CsxuknGIti,"['fe120c647350355b3733d88baa75b56c63195f2c8edebe5d47567ca30e46b5e7', '02ab57e4e67a0cb48dd2ff34830e8ac40f4476fb08ca6be3f5cd846f646840f0', '4f32d5dc00f715250abcc486511e37f501a899deb3bf7ea8adbbd3aef1c412da']",[],1.0,0ffee3ba8e615ad22535e7f771690a28,a9f50de6377ae7c6dbaabc53f089ac30,,,6046.184607,10.0.2.15,58478,205.185.216.10,443,tcp,11.913609999999608,736.0,38351.0,SF,True,False,0,ShADadfF,23,1664,44,40115,ssl,0
6047.558038,Cw6wMXQClzPTfTMM4,10.0.2.15,58494,205.185.216.42,443,TLSv12,TLS_ECDHE_RSA_WITH_AES_128_GCM_SHA256,,images.spot.im,True,True,CsiI,,,,1a5fe5677b0e4fbbc854e8908225637d,c6227321ea7621862dc7b7351771a62c,,,6046.554104,10.0.2.15,58494,205.185.216.42,443,tcp,6.947573000000375,1052.0,1218.0,SF,True,False,0,ShADadfF,8,1380,9,1582,ssl,0
6047.55858,CSPFEG1JtHhuYjEAog,10.0.2.15,58493,205.185.216.42,443,TLSv12,TLS_ECDHE_RSA_WITH_AES_128_GCM_SHA256,,images.spot.im,True,True,CsiI,,,,1a5fe5677b0e4fbbc854e8908225637d,c6227321ea7621862dc7b7351771a62c,,,6046.553584,10.0.2.15,58493,205.185.216.42,443,tcp,8.433623999999327,1046.0,24368.0,SF,True,False,0,ShADadfF,16,1694,31,25612,ssl,0
6047.559283,CJpcQU3yv4WeD5sTV1,10.0.2.15,58492,205.185.216.42,443,TLSv12,TLS_ECDHE_RSA_WITH_AES_128_GCM_SHA256,,images.spot.im,True,True,CsiI,,,,1a5fe5677b0e4fbbc854e8908225637d,c6227321ea7621862dc7b7351771a62c,,,6046.553096,10.0.2.15,58492,205.185.216.42,443,tcp,7.726596000000427,1046.0,16669.0,SF,True,False,0,ShADadfF,14,1614,24,17633,ssl,0
6047.559913,CPOoFs38YWT3W4hyf,10.0.2.15,58491,205.185.216.42,443,TLSv12,TLS_ECDHE_RSA_WITH_AES_128_GCM_SHA256,,images.spot.im,True,True,CsiI,,,,1a5fe5677b0e4fbbc854e8908225637d,c6227321ea7621862dc7b7351771a62c,,,6046.552579,10.0.2.15,58491,205.185.216.42,443,tcp,7.234862999999677,1046.0,12118.0,SF,True,False,0,ShADadfF,11,1494,20,12922,ssl,0
6047.560397,C6Z5qC2Wk31V1i2Nkd,10.0.2.15,58490,205.185.216.42,443,TLSv12,TLS_ECDHE_RSA_WITH_AES_128_GCM_SHA256,,images.spot.im,True,True,CsiI,,,,1a5fe5677b0e4fbbc854e8908225637d,c6227321ea7621862dc7b7351771a62c,,,6046.551254,10.0.2.15,58490,205.185.216.42,443,tcp,8.975757000000158,1046.0,37871.0,SF,True,False,0,ShADadfF,21,1894,43,39595,ssl,0
6047.561879,CIhg5H2VGrtPGU4pNd,10.0.2.15,58489,95.100.165.226,443,TLSv12,TLS_ECDHE_RSA_WITH_AES_256_GCM_SHA384,,www.spot.im,True,True,CsiI,,,,1a5fe5677b0e4fbbc854e8908225637d,410b9bedaf65dd26c6fe547154d60db4,http/1.1,,6046.453537,10.0.2.15,58489,95.100.165.226,443,tcp,145.00614999999925,1120.0,898.0,SF,True,False,0,ShADadTTFfRr,24,2102,25,1902,ssl,0
6047.563975,CMEvOB4vVRvCuCtXae,10.0.2.15,58487,37.252.172.12,443,TLSv12,TLS_ECDHE_RSA_WITH_AES_256_GCM_SHA384,,ib.adnxs.com,True,True,CsiI,,,,1a5fe5677b0e4fbbc854e8908225637d,266bd998df907f9d5064d7f4c208b200,,,6046.452865,10.0.2.15,58487,37.252.172.12,443,tcp,12.907314000000042,3559.0,1739.0,SF,True,False,0,ShADadfF,10,3967,12,2223,ssl,0
6047.557251,Cjw3qfdfHCAxSCtz6,10.0.2.15,58481,23.51.118.153,443,TLSv12,TLS_ECDHE_RSA_WITH_AES_256_GCM_SHA384,secp256r1,www.sciencedirect.com,False,True,CsxknGIti,"['3cde28e658391d20ff159044df5506abc4a92a1655900383a61374820a9b94df', 'eae72eb454bf6c3977ebd289e970b2f5282949190093d0d26f98d0f0d6a9cf17', '8420dfbe376f414bf4c0a81e6936d24ccc03f304835b86c7a39142fca723a689']",[],1.0,0ffee3ba8e615ad22535e7f771690a28,2b33c1374db4ddf06942f92373c0b54b,http/1.1,,6046.435684,10.0.2.15,58481,23.51.118.153,443,tcp,144.98774700000013,2710.0,13047.0,SF,True,False,0,ShADadTTFfRr,31,3971,38,14571,ssl,0
6047.567884,C4i4qf3lwRO2kOrca4,10.0.2.15,58483,37.252.172.12,443,TLSv12,TLS_ECDHE_RSA_WITH_AES_256_GCM_SHA384,,ib.adnxs.com,True,True,CsiI,,,,1a5fe5677b0e4fbbc854e8908225637d,266bd998df907f9d5064d7f4c208b200,,,6046.450374,10.0.2.15,58483,37.252.172.12,443,tcp,12.90816199999972,3560.0,1741.0,SF,True,False,0,ShADadfF,10,3968,12,2225,ssl,0
6047.58158,Ct5eJl3q4EBKJ3Oen6,10.0.2.15,58482,37.252.172.70,443,TLSv12,TLS_ECDHE_RSA_WITH_AES_256_GCM_SHA384,secp256r1,secure.adnxs.com,False,True,CsxuknGIti,"['5b081650e8034418a37504ce0820892be5a66474578207711eb688243fe1a8f2', '074541ecdf88ed992ed5ade3ecddef27a26ba1b44480a195c0a8dadae2521d8e']",[],1.0,0ffee3ba8e615ad22535e7f771690a28,d53e4608f956df65bb2b8a8c4d3b025d,,,6046.44957,10.0.2.15,58482,37.252.172.70,443,tcp,17.94008699999995,3170.0,9774.0,SF,True,False,0,ShADadfF,14,3738,20,10578,ssl,0
6047.563096,CNGEFa2ej1QtmNvMf1,10.0.2.15,58488,62.67.193.21,443,TLSv12,TLS_RSA_WITH_AES_256_CBC_SHA,,fastlane.rubiconproject.com,False,True,CsxnGIi,"['323de379ee34a94e415f63b56183d0d5d0e5a863f4ac89f97dc40ae81cc021c8', '154c433c491929c5ef686e838e323664a00e6a0d822ccc958fb4dab03e49a08f']",[],1.0,0ffee3ba8e615ad22535e7f771690a28,0a917d753018dad73d9899ace370f8d8,,,6046.453272,10.0.2.15,58488,62.67.193.21,443,tcp,21.3657290000001,5404.0,6633.0,SF,True,False,0,ShADadFf,15,6012,16,7277,ssl,0
6047.56509,C6tmX01EfhdMnKu1Xc,10.0.2.15,58486,37.252.172.70,443,TLSv12,TLS_ECDHE_RSA_WITH_AES_256_GCM_SHA384,secp256r1,secure.adnxs.com,False,True,CsxuknGIti,"['5b081650e8034418a37504ce0820892be5a66474578207711eb688243fe1a8f2', '074541ecdf88ed992ed5ade3ecddef27a26ba1b44480a195c0a8dadae2521d8e']",[],1.0,0ffee3ba8e615ad22535e7f771690a28,d53e4608f956df65bb2b8a8c4d3b025d,,,6046.452194,10.0.2.15,58486,37.252.172.70,443,tcp,17.93908399999964,3169.0,9776.0,SF,True,False,0,ShADadfF,12,3657,17,10460,ssl,0
6047.566997,CTJfKs23WoV6o3FA54,10.0.2.15,58484,62.67.193.21,443,TLSv12,TLS_RSA_WITH_AES_256_CBC_SHA,,fastlane.rubiconproject.com,False,True,CsxnGIi,"['323de379ee34a94e415f63b56183d0d5d0e5a863f4ac89f97dc40ae81cc021c8', '154c433c491929c5ef686e838e323664a00e6a0d822ccc958fb4dab03e49a08f']",[],1.0,0ffee3ba8e615ad22535e7f771690a28,0a917d753018dad73d9899ace370f8d8,,,6046.451125,10.0.2.15,58484,62.67.193.21,443,tcp,22.400172999999995,5404.0,6233.0,SF,True,False,0,ShADadTFf,15,6013,17,6917,ssl,0
6047.56644,C7fpyp41SXzMvYpo65,10.0.2.15,58485,199.16.157.105,443,TLSv12,TLS_ECDHE_RSA_WITH_AES_128_GCM_SHA256,secp256r1,syndication.twitter.com,False,True,CsxknGIti,"['75e85da383dbf4ced92713e6768c061d0aca2ee11ea14e2a1486adb26098b2de', '19400be5b7a31fb733917700789d2f0a2471c0c9d506c0e504c06c16d7cb17c0']",[],1.0,0ffee3ba8e615ad22535e7f771690a28,8d2a028aa94425f76ced7826b1f39039,h2,,6046.451628,10.0.2.15,58485,199.16.157.105,443,tcp,207.99069400000008,1594.0,4871.0,SF,True,False,0,ShADadFfRr,22,2482,24,5835,ssl,0
6049.535892,CvahdZ23xCeNMsFTqk,10.0.2.15,58497,34.199.183.112,443,TLSv12,TLS_ECDHE_RSA_WITH_AES_128_GCM_SHA256,,cent.spots.im,True,True,CsiI,,,,0ffee3ba8e615ad22535e7f771690a28,303951d4c50efb2e991652225a6f02b1,,,6048.275364,10.0.2.15,58497,34.199.183.112,443,tcp,26.090025999999853,950.0,647.0,SF,True,False,0,ShADadfF,11,1398,12,1131,ssl,0
6049.531081,C2lCHHyqJWS3LmsX5,10.0.2.15,58498,172.217.23.226,443,TLSv12,TLS_ECDHE_RSA_WITH_AES_128_GCM_SHA256,,googleads.g.doubleclick.net,True,True,CsiI,,,,1a5fe5677b0e4fbbc854e8908225637d,67619a80665d7ab92d1041b1d11f9164,h2,,6048.443072,10.0.2.15,58498,172.217.23.226,443,tcp,687.4614899999997,17865.0,57922.0,SF,True,False,0,ShADadTFf,122,22831,164,64486,ssl,0
6049.51677,Cdvq9f3pfhqMNT79I1,10.0.2.15,58496,185.80.37.130,443,TLSv12,TLS_ECDHE_RSA_WITH_AES_128_GCM_SHA256,secp256r1,a671.casalemedia.com,False,True,CsxknGIti,"['5411d2a7b127c23a2b53ad668cc23a70731cbb15cf5ce32d66614a1fbc5fb90d', '973a41276ffd01e027a2aad49e34c37846d3e976ff6a620b6712e33832041aa6', '3a2fbe92891e57fe05d57087f48e730f17e5a5f53ef403d618e5b74d7a7e6ecb']",[],1.0,0ffee3ba8e615ad22535e7f771690a28,389ed42c02ebecc32e73aa31def07e14,,,6048.269294,10.0.2.15,58496,185.80.37.130,443,tcp,13.713301000000683,3115.0,4515.0,SF,True,False,0,ShADadfF,12,3603,14,5079,ssl,0
6049.522765,CDyGOg3f4bUDhEfgv,10.0.2.15,58499,172.217.23.226,443,TLSv12,TLS_ECDHE_RSA_WITH_AES_128_GCM_SHA256,x25519,cm.g.doubleclick.net,False,True,CsxknGIti,"['a32ffddd76f9e7debbfc9a37b38d2ef86039b30a10d7c45ab8223d149cf99699', '9f630426df1d8abfd80ace98871ba833ab9742cb34838de2b5285ed54c0c7dcc', '3c35cc963eb004451323d3275d05b353235053490d9cd83729a2faf5e7ca1cc0']",[],1.0,0ffee3ba8e615ad22535e7f771690a28,ab41313cfec25328b20865eb1388e0a2,h2,,6048.444816,10.0.2.15,58499,172.217.23.226,443,tcp,340.9288809999998,2145.0,5607.0,SF,True,False,0,ShADadFf,41,3793,46,7451,ssl,0
6049.916817,CGXL5HCxJZO6gpfE8,10.0.2.15,58495,205.185.216.42,443,TLSv12,TLS_ECDHE_RSA_WITH_AES_128_GCM_SHA256,,images.spot.im,True,True,CsiI,,,,1a5fe5677b0e4fbbc854e8908225637d,c6227321ea7621862dc7b7351771a62c,,,6046.559954,10.0.2.15,58495,205.185.216.42,443,tcp,11.790839999999662,1046.0,25503.0,SF,True,False,0,ShADadfF,18,1782,31,26747,ssl,0
6051.635926,C3tOEW1xi1BDq2XGlh,10.0.2.15,58501,95.101.252.144,443,TLSv12,TLS_ECDHE_RSA_WITH_AES_256_GCM_SHA384,,px.moatads.com,True,True,CsiI,,,,1a5fe5677b0e4fbbc854e8908225637d,410b9bedaf65dd26c6fe547154d60db4,http/1.1,,6050.252196,10.0.2.15,58501,95.101.252.144,443,tcp,9.005661999999575,599.0,183.0,SF,True,False,0,ShADadFRfr,9,967,9,547,ssl,0
6051.642912,CxWkxw2Yi5oG11tXgd,10.0.2.15,58500,52.4.182.3,443,TLSv12,TLS_ECDHE_RSA_WITH_AES_128_GCM_SHA256,,us.pixel.newscgp.com,True,True,CsiI,,,,0ffee3ba8e615ad22535e7f771690a28,303951d4c50efb2e991652225a6f02b1,,,6050.251472,10.0.2.15,58500,52.4.182.3,443,tcp,72.84899500000029,3629.0,1138.0,SF,True,False,0,ShADadTFf,19,4403,18,1862,ssl,0
6058.369433,CgJWVg3yKYFM5VqRal,10.0.2.15,58503,172.217.23.228,443,TLSv12,TLS_ECDHE_RSA_WITH_AES_128_GCM_SHA256,,www.google.com,True,True,CsiI,,,,1a5fe5677b0e4fbbc854e8908225637d,67619a80665d7ab92d1041b1d11f9164,h2,,6056.725472,10.0.2.15,58503,172.217.23.228,443,tcp,343.56317899999976,10381.0,108787.0,SF,True,False,0,ShADadFf,102,14469,171,115631,ssl,0
6058.370908,C5QH843vIDvKVjW6L3,10.0.2.15,58502,185.80.37.120,443,TLSv12,TLS_ECDHE_RSA_WITH_AES_128_GCM_SHA256,secp256r1,a661.casalemedia.com,False,True,CsxknGIti,"['5411d2a7b127c23a2b53ad668cc23a70731cbb15cf5ce32d66614a1fbc5fb90d', '973a41276ffd01e027a2aad49e34c37846d3e976ff6a620b6712e33832041aa6', '3a2fbe92891e57fe05d57087f48e730f17e5a5f53ef403d618e5b74d7a7e6ecb']",[],1.0,0ffee3ba8e615ad22535e7f771690a28,389ed42c02ebecc32e73aa31def07e14,,,6056.724754,10.0.2.15,58502,185.80.37.120,443,tcp,16.148506000000452,3115.0,4515.0,SF,True,False,0,ShADadfF,11,3563,13,5039,ssl,0
6073.223159,C45zt12hU80kRtDnV4,10.0.2.15,58508,185.80.37.130,443,TLSv12,TLS_ECDHE_RSA_WITH_AES_128_GCM_SHA256,,a671.casalemedia.com,True,True,CsiI,,,,1a5fe5677b0e4fbbc854e8908225637d,fbe78c619e7ea20046131294ad087f05,,,6072.580858,10.0.2.15,58508,185.80.37.130,443,tcp,4.961032000000159,3360.0,3705.0,SF,True,False,0,ShADadfF,10,3768,13,4229,ssl,0
6074.01706,ClzcVn26m48abxIO93,10.0.2.15,58515,54.192.93.68,443,TLSv12,TLS_ECDHE_RSA_WITH_AES_128_GCM_SHA256,secp256r1,sdfestaticassets-us-east-1.sciencedirectassets.com,False,True,CsxknGIti,"['182d6fcdb943aa6b11b426de2875efbc1b20c611ac1bf2ff5d06195fc2f4bb61', 'f55f9ffcb83c73453261601c7e044db15a0f034b93c05830f28635ef889cf670', '87dcd4dc74640a322cd205552506d1be64f12596258096544986b4850bc72706', '28689b30e4c306aab53b027b29e36ad6dd1dcf4b953994482ca84bdc1ecac996']",[],1.0,0ffee3ba8e615ad22535e7f771690a28,b898351eb5e266aefd3723d466935494,http/1.1,,6073.332948,10.0.2.15,58515,54.192.93.68,443,tcp,126.6895539999996,815.0,17962.0,SF,True,False,0,ShADadTTfF,27,1914,38,19486,ssl,0
6074.01877,CaY2fs2ohvUzEd5vl1,10.0.2.15,58514,54.192.93.68,443,TLSv12,TLS_ECDHE_RSA_WITH_AES_128_GCM_SHA256,secp256r1,sdfestaticassets-us-east-1.sciencedirectassets.com,False,True,CsxknGIti,"['182d6fcdb943aa6b11b426de2875efbc1b20c611ac1bf2ff5d06195fc2f4bb61', 'f55f9ffcb83c73453261601c7e044db15a0f034b93c05830f28635ef889cf670', '87dcd4dc74640a322cd205552506d1be64f12596258096544986b4850bc72706', '28689b30e4c306aab53b027b29e36ad6dd1dcf4b953994482ca84bdc1ecac996']",[],1.0,0ffee3ba8e615ad22535e7f771690a28,b898351eb5e266aefd3723d466935494,http/1.1,,6073.301636,10.0.2.15,58514,54.192.93.68,443,tcp,126.71723399999972,815.0,11400.0,SF,True,False,0,ShADadTTfF,23,1754,29,12564,ssl,0
6074.022177,CCWT8c29ugI33hXS74,10.0.2.15,58513,95.101.246.111,443,TLSv12,TLS_ECDHE_RSA_WITH_AES_256_GCM_SHA384,secp256r1,assets.adobedtm.com,False,True,CsxknGIti,"['195638e0ba8dff74d467b663a7e4afb9c011e8887f275192576ea167c7887e41', '19400be5b7a31fb733917700789d2f0a2471c0c9d506c0e504c06c16d7cb17c0']",[],1.0,0ffee3ba8e615ad22535e7f771690a28,2b33c1374db4ddf06942f92373c0b54b,http/1.1,,6073.273249,10.0.2.15,58513,95.101.246.111,443,tcp,153.94073300000036,2294.0,63938.0,SF,True,False,0,ShADadTTFfRr,52,4395,90,67542,ssl,0
6074.022996,Cm5cd61MT5wS10UJ88,10.0.2.15,58512,54.192.93.68,443,TLSv12,TLS_ECDHE_RSA_WITH_AES_128_GCM_SHA256,secp256r1,sdfestaticassets-us-east-1.sciencedirectassets.com,False,True,CsxknGIti,"['182d6fcdb943aa6b11b426de2875efbc1b20c611ac1bf2ff5d06195fc2f4bb61', 'f55f9ffcb83c73453261601c7e044db15a0f034b93c05830f28635ef889cf670', '87dcd4dc74640a322cd205552506d1be64f12596258096544986b4850bc72706', '28689b30e4c306aab53b027b29e36ad6dd1dcf4b953994482ca84bdc1ecac996']",[],1.0,0ffee3ba8e615ad22535e7f771690a28,b898351eb5e266aefd3723d466935494,http/1.1,,6073.27073,10.0.2.15,58512,54.192.93.68,443,tcp,126.74636099999952,800.0,28659.0,SF,True,False,0,ShADadTTfF,28,1939,45,30463,ssl,0
6074.02903,CUMSj899DABkJiiqh,10.0.2.15,58511,54.192.93.68,443,TLSv12,TLS_ECDHE_RSA_WITH_AES_128_GCM_SHA256,secp256r1,sdfestaticassets-us-east-1.sciencedirectassets.com,False,True,CsxuknGIti,"['182d6fcdb943aa6b11b426de2875efbc1b20c611ac1bf2ff5d06195fc2f4bb61', 'f55f9ffcb83c73453261601c7e044db15a0f034b93c05830f28635ef889cf670', '87dcd4dc74640a322cd205552506d1be64f12596258096544986b4850bc72706', '28689b30e4c306aab53b027b29e36ad6dd1dcf4b953994482ca84bdc1ecac996']",[],1.0,0ffee3ba8e615ad22535e7f771690a28,76cc3e2d3028143b23ec18e27dbd7ca9,http/1.1,,6073.266937,10.0.2.15,58511,54.192.93.68,443,tcp,134.59561499999927,1297.0,233025.0,SF,True,False,0,ShADadTTfF,82,4596,228,242149,ssl,0
6074.031719,C8iucf3HPNCapUKu6c,10.0.2.15,58510,54.192.93.68,443,TLSv12,TLS_ECDHE_RSA_WITH_AES_128_GCM_SHA256,secp256r1,sdfestaticassets-us-east-1.sciencedirectassets.com,False,True,CsxknGIti,"['182d6fcdb943aa6b11b426de2875efbc1b20c611ac1bf2ff5d06195fc2f4bb61', 'f55f9ffcb83c73453261601c7e044db15a0f034b93c05830f28635ef889cf670', '87dcd4dc74640a322cd205552506d1be64f12596258096544986b4850bc72706', '28689b30e4c306aab53b027b29e36ad6dd1dcf4b953994482ca84bdc1ecac996']",[],1.0,0ffee3ba8e615ad22535e7f771690a28,b898351eb5e266aefd3723d466935494,http/1.1,,6073.263445,10.0.2.15,58510,54.192.93.68,443,tcp,7.33396300000004,384.0,5280.0,SF,True,False,0,ShADadFf,10,792,13,5804,ssl,0
6074.041656,CBdDHj2JD0dmtXqyX6,10.0.2.15,58509,54.192.93.68,443,TLSv12,TLS_ECDHE_RSA_WITH_AES_128_GCM_SHA256,secp256r1,sdfestaticassets-us-east-1.sciencedirectassets.com,False,True,CsxknGIti,"['182d6fcdb943aa6b11b426de2875efbc1b20c611ac1bf2ff5d06195fc2f4bb61', 'f55f9ffcb83c73453261601c7e044db15a0f034b93c05830f28635ef889cf670', '87dcd4dc74640a322cd205552506d1be64f12596258096544986b4850bc72706', '28689b30e4c306aab53b027b29e36ad6dd1dcf4b953994482ca84bdc1ecac996']",[],1.0,0ffee3ba8e615ad22535e7f771690a28,b898351eb5e266aefd3723d466935494,http/1.1,,6073.26101,10.0.2.15,58509,54.192.93.68,443,tcp,8.066487000000052,384.0,5280.0,SF,True,False,0,ShADadFf,10,792,11,5724,ssl,0
6075.442787,CrGjvc235tFQvBEUJg,10.0.2.15,58517,54.192.93.153,443,TLSv12,TLS_ECDHE_RSA_WITH_AES_128_GCM_SHA256,secp256r1,js-cdn.dynatrace.com,False,True,CsxuknGIti,"['d651cb3d631f9014261653578db60932315d32a6791488ee29eeee88dd76c9ee', '14363822517e2989b087d0c9a42eef134a774bd0b2a0664d455af784bc08f4d0', '1a5174980a294a528a110726d5855650266c48d9883bea692b67b6d726da98c5', '687fa451382278fff0c8b11f8d43d576671c6eb2bceab413fb83d965d06d2ff2']",[],1.0,0ffee3ba8e615ad22535e7f771690a28,76cc3e2d3028143b23ec18e27dbd7ca9,http/1.1,,6074.932934,10.0.2.15,58517,54.192.93.153,443,tcp,133.4242919999997,1068.0,39937.0,SF,True,False,0,ShADadTTfF,37,2567,64,42501,ssl,0
6077.173755,CsffzF2PZV36HCI1f4,10.0.2.15,58524,185.80.37.120,443,TLSv12,TLS_ECDHE_RSA_WITH_AES_128_GCM_SHA256,,a661.casalemedia.com,True,True,CsiI,,,,1a5fe5677b0e4fbbc854e8908225637d,fbe78c619e7ea20046131294ad087f05,,,6076.609633,10.0.2.15,58524,185.80.37.120,443,tcp,5.326218999999583,3360.0,3598.0,SF,True,False,0,ShADadfF,11,3808,13,4122,ssl,0
6077.177996,CdFoDu1vR6OMh9xPu,10.0.2.15,58523,54.247.105.222,443,TLSv12,TLS_ECDHE_RSA_WITH_AES_128_GCM_SHA256,secp256r1,match.adsrvr.org,False,True,CsxknGIi,"['eb6a61e357a3b2f8e2ab4cc809f2088543de4475bcacfe6122f6dbe82d9b7c38', '58ea0688b7909aaa8eaaa2fff36f3bbe8f4a2ad03bd70243b3903469db4890f7']",[],1.0,0ffee3ba8e615ad22535e7f771690a28,303951d4c50efb2e991652225a6f02b1,,,6076.59679,10.0.2.15,58523,54.247.105.222,443,tcp,68.27318700000069,3170.0,6474.0,SF,True,False,0,ShADadTFf,20,3984,24,7438,ssl,0
6087.220213,CYN3V83QxcgamVCehe,10.0.2.15,58530,54.154.184.64,443,TLSv12,TLS_ECDHE_RSA_WITH_AES_128_GCM_SHA256,,px.powerlinks.com,True,True,CsiI,,,,0ffee3ba8e615ad22535e7f771690a28,303951d4c50efb2e991652225a6f02b1,,,6086.60107,10.0.2.15,58530,54.154.184.64,443,tcp,2.046482000000651,1297.0,487.0,RSTO,True,False,0,ShADadFR,8,1625,9,851,ssl,0
6087.217905,Ccegkh2KN5cqqMKBUk,10.0.2.15,58532,216.52.1.12,443,TLSv12,TLS_ECDHE_RSA_WITH_AES_128_GCM_SHA256,secp256r1,loadus.exelator.com,False,True,CsxknGIti,"['df7c62f472c1d3b0d062e9ed1c65f67a88aad738cc232a6b40b55a446e9092f9', '973a41276ffd01e027a2aad49e34c37846d3e976ff6a620b6712e33832041aa6', '3a2fbe92891e57fe05d57087f48e730f17e5a5f53ef403d618e5b74d7a7e6ecb', 'c3846bf24b9e93ca64274c0ec67c1ecc5e024ffcacd2d74019350e81fe546ae4']",[],1.0,1a5fe5677b0e4fbbc854e8908225637d,ccc514751b175866924439bdbb5bba34,,,6086.617709,10.0.2.15,58532,216.52.1.12,443,tcp,2.6412279999995,643.0,5433.0,SF,True,False,0,ShADadFf,9,1011,11,5877,ssl,0
6087.218913,Ckc47y3n7eAAoqbPk8,10.0.2.15,58531,208.146.36.220,443,TLSv12,TLS_ECDHE_RSA_WITH_AES_256_GCM_SHA384,secp256r1,rp.gwallet.com,False,True,CsxknGIti,"['0c294bffff4c5704168ebbacc49e77745caf228b0f9c52d4f82759d5823f40d2', '19400be5b7a31fb733917700789d2f0a2471c0c9d506c0e504c06c16d7cb17c0']",[],1.0,0ffee3ba8e615ad22535e7f771690a28,e35df3e00ca4ef31d42b34bebaa2f86e,,,6086.606264,10.0.2.15,58531,208.146.36.220,443,tcp,2.242231999999603,349.0,3259.0,SF,True,False,0,ShADadFf,9,717,10,3663,ssl,0
6087.220907,Cv6kPx2Y6y2MLmKID4,10.0.2.15,58529,204.2.197.204,443,TLSv12,TLS_ECDHE_RSA_WITH_AES_256_GCM_SHA384,secp256r1,idpix.media6degrees.com,False,True,CsxknGIti,"['eda54f898187cafbe2a8bb8b08d81dd485262caab20c22583cfceaf596eba60f', '02ab57e4e67a0cb48dd2ff34830e8ac40f4476fb08ca6be3f5cd846f646840f0', '4f32d5dc00f715250abcc486511e37f501a899deb3bf7ea8adbbd3aef1c412da', '687fa451382278fff0c8b11f8d43d576671c6eb2bceab413fb83d965d06d2ff2']",[],1.0,1a5fe5677b0e4fbbc854e8908225637d,e35df3e00ca4ef31d42b34bebaa2f86e,,,6086.593116,10.0.2.15,58529,204.2.197.204,443,tcp,2.684272000000419,643.0,6187.0,RSTO,True,False,0,ShADadFR,9,1011,11,6631,ssl,0
6090.43856,CAfWg42vmlKL1acV1a,10.0.2.15,58536,104.16.124.228,443,TLSv12,TLS_ECDHE_ECDSA_WITH_AES_128_GCM_SHA256,secp256r1,c.go-mpulse.net,False,True,CsxuknGIti,"['d349ae445e7b0cf4c23dfcb3872fe5d08d7411fea3d3cb9dfc93269fa0934ee8', 'cd6c108a0e641f2ca122aaa6d03f826759cae7c6f800eabf76dc48b67cd083ce', '9573862ac0b4b125168810ea3fd101ae2eb0bb15f61fc0e6da7a2a38b85a89e8']",[],1.0,0ffee3ba8e615ad22535e7f771690a28,7d3eb4120cd50e889bcd3f3783be0f82,http/1.1,,6088.773096,10.0.2.15,58536,104.16.124.228,443,tcp,138.4198809999998,1467.0,46575.0,SF,True,False,0,ShADadTTFf,42,3167,66,49219,ssl,0
6091.359224,Cbiidv4z7KsvrXZQY4,10.0.2.15,58544,54.175.111.109,443,TLSv12,TLS_ECDHE_RSA_WITH_AES_256_CBC_SHA,secp256r1,fordus.mpeasylink.com,False,True,CsxknGIti,"['2dae0473e8a6fbf74397b70446c9bf7f0f92d216d547d499c1ad3dd67c2587d6', 'bc3f03a436240edba5f83714f6f677e34b37f9b1f0c08c1e558d981e279e8209', 'ff856a2d251dcd88d36656f450126798cfabaade40799c722de4d2b5db36a73a']",[],1.0,0ffee3ba8e615ad22535e7f771690a28,63a37e7be22df054d1f448fc0c28b98f,,,6089.838173,10.0.2.15,58544,54.175.111.109,443,tcp,32.45219100000031,1238.0,7047.0,SF,True,False,0,ShADadTfF,16,1888,20,7851,ssl,0
6091.744914,CqFJhf3RAssIyGmEj,10.0.2.15,58545,66.117.29.3,443,TLSv12,TLS_ECDHE_RSA_WITH_AES_128_GCM_SHA256,secp256r1,ford.tt.omtrdc.net,False,True,CsxknGIi,"['103723154140b34b0b1260e3e747cfd392b7d030a78cd15f43cb9807d28f42f5', '19400be5b7a31fb733917700789d2f0a2471c0c9d506c0e504c06c16d7cb17c0']",[],1.0,0ffee3ba8e615ad22535e7f771690a28,ae7f2b2d1bd496bc9ce111c0a9fa3597,h2,,6090.464189,10.0.2.15,58545,66.117.29.3,443,tcp,193.0438459999996,1636.0,4347.0,RSTO,True,False,0,ShADadFR,20,2444,22,5231,ssl,0
6091.944043,CeSW8oMkJPdISnp3f,10.0.2.15,58551,77.238.185.35,443,TLSv12,TLS_ECDHE_RSA_WITH_AES_128_GCM_SHA256,secp256r1,pr-bh.ybp.yahoo.com,False,True,CsxknGIti,"['c559338a744fd74f4c99482ace0a700b4162fbc35b45b65ac24e779b808fefdf', 'eae72eb454bf6c3977ebd289e970b2f5282949190093d0d26f98d0f0d6a9cf17', '8420dfbe376f414bf4c0a81e6936d24ccc03f304835b86c7a39142fca723a689']",[],1.0,1a5fe5677b0e4fbbc854e8908225637d,b898351eb5e266aefd3723d466935494,http/1.1,,6090.694308,10.0.2.15,58551,77.238.185.35,443,tcp,9.855948999999782,1263.0,5117.0,SF,True,False,0,ShADadfF,11,1711,14,5681,ssl,0
6090.447652,CXU9uc4l83ZUoBPK3h,10.0.2.15,58537,23.21.80.94,443,TLSv12,TLS_ECDHE_RSA_WITH_AES_128_GCM_SHA256,secp256r1,204774041.log.optimizely.com,False,True,CsxknGIi,"['720a04382d93aa8932b95cc755b9fbaab1b6a01d85399736cf4d5a4607e41172', '19400be5b7a31fb733917700789d2f0a2471c0c9d506c0e504c06c16d7cb17c0', '7431e5f4c3c1ce4690774f0b61e05440883ba9a01ed00ba6abd7806ed3b118cf']",[],1.0,0ffee3ba8e615ad22535e7f771690a28,303951d4c50efb2e991652225a6f02b1,,,6089.038213,10.0.2.15,58537,23.21.80.94,443,tcp,67.44034300000021,1248.0,4555.0,SF,True,False,0,ShADadTFf,18,1982,19,5319,ssl,0
6090.45855,CcQRNA32FsOZQ62WHe,10.0.2.15,58535,23.21.80.94,443,TLSv12,TLS_ECDHE_RSA_WITH_AES_128_GCM_SHA256,secp256r1,204774041.log.optimizely.com,False,True,CsxknGIi,"['720a04382d93aa8932b95cc755b9fbaab1b6a01d85399736cf4d5a4607e41172', '19400be5b7a31fb733917700789d2f0a2471c0c9d506c0e504c06c16d7cb17c0', '7431e5f4c3c1ce4690774f0b61e05440883ba9a01ed00ba6abd7806ed3b118cf']",[],1.0,0ffee3ba8e615ad22535e7f771690a28,303951d4c50efb2e991652225a6f02b1,,,6088.772584,10.0.2.15,58535,23.21.80.94,443,tcp,9.119705999999496,362.0,4105.0,SF,True,False,0,ShADadFfRr,11,810,13,4629,ssl,0
6090.442961,CyvSRG0KLT4TkIVSf,10.0.2.15,58534,23.21.80.94,443,TLSv12,TLS_ECDHE_RSA_WITH_AES_128_GCM_SHA256,secp256r1,204774041.log.optimizely.com,False,True,CsxknGIi,"['720a04382d93aa8932b95cc755b9fbaab1b6a01d85399736cf4d5a4607e41172', '19400be5b7a31fb733917700789d2f0a2471c0c9d506c0e504c06c16d7cb17c0', '7431e5f4c3c1ce4690774f0b61e05440883ba9a01ed00ba6abd7806ed3b118cf']",[],1.0,0ffee3ba8e615ad22535e7f771690a28,303951d4c50efb2e991652225a6f02b1,,,6088.772005,10.0.2.15,58534,23.21.80.94,443,tcp,67.70663299999978,1247.0,4555.0,SF,True,False,0,ShADadTFf,18,1981,18,5279,ssl,0
6091.949897,CywHrNANecQd8Tee6,10.0.2.15,58548,54.154.184.64,443,TLSv12,TLS_ECDHE_RSA_WITH_AES_128_GCM_SHA256,,px.powerlinks.com,True,True,CsiI,,,,0ffee3ba8e615ad22535e7f771690a28,303951d4c50efb2e991652225a6f02b1,,,6090.470014,10.0.2.15,58548,54.154.184.64,443,tcp,68.80425899999955,1266.0,487.0,SF,True,False,0,ShADadTFf,15,1880,15,1091,ssl,0
6091.94329,Crb0GR1gLjo1qMrkZ4,10.0.2.15,58546,216.52.1.12,443,TLSv12,TLS_ECDHE_RSA_WITH_AES_128_GCM_SHA256,secp256r1,loadus.exelator.com,False,True,CsxknGIti,"['df7c62f472c1d3b0d062e9ed1c65f67a88aad738cc232a6b40b55a446e9092f9', '973a41276ffd01e027a2aad49e34c37846d3e976ff6a620b6712e33832041aa6', '3a2fbe92891e57fe05d57087f48e730f17e5a5f53ef403d618e5b74d7a7e6ecb', 'c3846bf24b9e93ca64274c0ec67c1ecc5e024ffcacd2d74019350e81fe546ae4']",[],1.0,1a5fe5677b0e4fbbc854e8908225637d,ccc514751b175866924439bdbb5bba34,,,6090.467561,10.0.2.15,58546,216.52.1.12,443,tcp,12.53222199999982,4291.0,6271.0,SF,True,False,0,ShADadfF,13,4819,15,6875,ssl,0
6091.948172,CCq06q1Oh7JyV34WF,10.0.2.15,58549,176.34.253.242,443,TLSv12,TLS_ECDHE_RSA_WITH_AES_128_GCM_SHA256,secp256r1,w.usabilla.com,False,True,CsxknGIi,"['4d4bccb384b553456c318122596844cab0cc1969e4277f93aff929d1f4068f0b', '973a41276ffd01e027a2aad49e34c37846d3e976ff6a620b6712e33832041aa6', '3a2fbe92891e57fe05d57087f48e730f17e5a5f53ef403d618e5b74d7a7e6ecb', 'c3846bf24b9e93ca64274c0ec67c1ecc5e024ffcacd2d74019350e81fe546ae4']",[],1.0,0ffee3ba8e615ad22535e7f771690a28,303951d4c50efb2e991652225a6f02b1,,,6090.470571,10.0.2.15,58549,176.34.253.242,443,tcp,70.86267899999984,693.0,19316.0,SF,True,False,0,ShADadTFf,20,1507,29,20480,ssl,0
6091.942238,Cn7xEy1Eg44ik8JNog,10.0.2.15,58547,204.2.197.204,443,TLSv12,TLS_ECDHE_RSA_WITH_AES_256_GCM_SHA384,secp256r1,idpix.media6degrees.com,False,True,CsxknGIti,"['eda54f898187cafbe2a8bb8b08d81dd485262caab20c22583cfceaf596eba60f', '02ab57e4e67a0cb48dd2ff34830e8ac40f4476fb08ca6be3f5cd846f646840f0', '4f32d5dc00f715250abcc486511e37f501a899deb3bf7ea8adbbd3aef1c412da', '687fa451382278fff0c8b11f8d43d576671c6eb2bceab413fb83d965d06d2ff2']",[],1.0,1a5fe5677b0e4fbbc854e8908225637d,e35df3e00ca4ef31d42b34bebaa2f86e,,,6090.468969,10.0.2.15,58547,204.2.197.204,443,tcp,9.150920000000042,1343.0,6507.0,SF,True,False,0,ShADadfF,11,1791,13,7031,ssl,0
6095.424248,C8sz5G18iHtbYhcCBd,10.0.2.15,58558,54.175.111.109,443,TLSv12,TLS_ECDHE_RSA_WITH_AES_256_CBC_SHA,,fordus.mpeasylink.com,True,True,CsiI,,,,1a5fe5677b0e4fbbc854e8908225637d,8529fd8de0d7f73186ef5ea8b4531a76,,,6094.40282,10.0.2.15,58558,54.175.111.109,443,tcp,10.953692999999475,645.0,161.0,SF,True,False,0,ShADadFf,8,973,7,445,ssl,0
6096.235875,CMRW1B44rYeIZ4rkF1,10.0.2.15,58552,172.217.23.230,443,TLSv12,TLS_ECDHE_RSA_WITH_AES_128_GCM_SHA256,x25519,fls.doubleclick.net,False,True,CsxknGIti,"['378a6c73f6dec1c6bc563fa8eda92c3e9ce61b893db7685686c41f33ab89931c', '9f630426df1d8abfd80ace98871ba833ab9742cb34838de2b5285ed54c0c7dcc', '3c35cc963eb004451323d3275d05b353235053490d9cd83729a2faf5e7ca1cc0']",[],1.0,0ffee3ba8e615ad22535e7f771690a28,ab41313cfec25328b20865eb1388e0a2,h2,,6091.969075,10.0.2.15,58552,172.217.23.230,443,tcp,207.38305500000024,3037.0,9182.0,SF,True,False,0,ShADadFf,37,4533,48,11106,ssl,0
6096.598977,C86EVzmbAZc7zzfbl,10.0.2.15,58559,23.21.80.94,443,TLSv12,TLS_ECDHE_RSA_WITH_AES_128_GCM_SHA256,,204774041.log.optimizely.com,True,True,CsiI,,,,0ffee3ba8e615ad22535e7f771690a28,303951d4c50efb2e991652225a6f02b1,,,6096.228282,10.0.2.15,58559,23.21.80.94,443,tcp,62.89400899999964,1111.0,626.0,SF,True,False,0,ShADadTFf,15,1725,15,1230,ssl,0
6098.963482,Cqh1x32hSt37WOjNF7,10.0.2.15,58560,172.217.23.230,443,TLSv12,TLS_ECDHE_RSA_WITH_AES_128_GCM_SHA256,x25519,fls.doubleclick.net,False,True,CsxknGIti,"['378a6c73f6dec1c6bc563fa8eda92c3e9ce61b893db7685686c41f33ab89931c', '9f630426df1d8abfd80ace98871ba833ab9742cb34838de2b5285ed54c0c7dcc', '3c35cc963eb004451323d3275d05b353235053490d9cd83729a2faf5e7ca1cc0']",[],1.0,0ffee3ba8e615ad22535e7f771690a28,ab41313cfec25328b20865eb1388e0a2,h2,,6098.786235,10.0.2.15,58560,172.217.23.230,443,tcp,3.5958920000002763,320.0,4082.0,SF,True,False,0,ShADadFf,10,728,10,4486,ssl,0
6098.962337,CXwvxv2GxijGK2Vb8,10.0.2.15,58561,169.53.32.69,443,TLSv12,TLS_RSA_WITH_AES_256_CBC_SHA,,sso.ford.com,False,True,CsxnGIi,"['b9c350be8492a0b3dfa6c0ada83755857bddab269a45375a31c39fcc8f8029f8', '74ef335e5e18788307fb9d89cb704bec112abd23487dbff41c4ded5070f241d9']",[],1.0,0ffee3ba8e615ad22535e7f771690a28,db8185c4eafa7114cadaf05965b09ef0,,,6098.787254,10.0.2.15,58561,169.53.32.69,443,tcp,126.25545299999976,1117.0,3746.0,SF,True,False,0,ShADadTTfF,23,2057,24,4710,ssl,0
6100.144704,CUYZbn305oeQ7E64G1,10.0.2.15,58562,95.100.179.59,443,TLSv12,TLS_ECDHE_RSA_WITH_AES_256_GCM_SHA384,secp256r1,www.ford.com,False,True,CsxknGIti,"['6b53ba37653c62bf83f4e51fbcf2b384526083ba77c2e393965ea3342172d56b', '074541ecdf88ed992ed5ade3ecddef27a26ba1b44480a195c0a8dadae2521d8e']",[],1.0,0ffee3ba8e615ad22535e7f771690a28,2b33c1374db4ddf06942f92373c0b54b,http/1.1,,6098.964714,10.0.2.15,58562,95.100.179.59,443,tcp,139.84618000000046,998.0,11812.0,RSTO,True,False,0,ShADadTTFR,29,2179,36,13256,ssl,0
6105.213442,CZkEnSEYRrzPLLdbl,10.0.2.15,58569,172.217.23.230,443,TLSv12,TLS_ECDHE_RSA_WITH_AES_128_GCM_SHA256,x25519,690327.fls.doubleclick.net,False,True,CsxknGIti,"['378a6c73f6dec1c6bc563fa8eda92c3e9ce61b893db7685686c41f33ab89931c', '9f630426df1d8abfd80ace98871ba833ab9742cb34838de2b5285ed54c0c7dcc', '3c35cc963eb004451323d3275d05b353235053490d9cd83729a2faf5e7ca1cc0']",[],1.0,0ffee3ba8e615ad22535e7f771690a28,ab41313cfec25328b20865eb1388e0a2,h2,,6104.552721,10.0.2.15,58569,172.217.23.230,443,tcp,3.0314150000003792,507.0,4120.0,RSTO,True,False,0,ShADadFR,12,995,14,4684,ssl,0
6105.214463,CR8mry1livBjsxWgvj,10.0.2.15,58568,172.217.23.230,443,TLSv12,TLS_ECDHE_RSA_WITH_AES_128_GCM_SHA256,x25519,690327.fls.doubleclick.net,False,True,CsxknGIti,"['378a6c73f6dec1c6bc563fa8eda92c3e9ce61b893db7685686c41f33ab89931c', '9f630426df1d8abfd80ace98871ba833ab9742cb34838de2b5285ed54c0c7dcc', '3c35cc963eb004451323d3275d05b353235053490d9cd83729a2faf5e7ca1cc0']",[],1.0,0ffee3ba8e615ad22535e7f771690a28,ab41313cfec25328b20865eb1388e0a2,h2,,6104.548574,10.0.2.15,58568,172.217.23.230,443,tcp,3.075409000000036,507.0,4120.0,RSTO,True,False,0,ShADadFR,12,995,14,4684,ssl,0
6106.13989,Cd1rmn431ADSTtMGc8,10.0.2.15,58564,54.171.4.69,443,TLSv12,TLS_ECDHE_RSA_WITH_AES_128_GCM_SHA256,secp256r1,dpm.demdex.net,False,True,CsxknGIi,"['ab8f7b89fa3e472463832f1b07660350a24ba646789dce6dd09107fab1d86a12', '19400be5b7a31fb733917700789d2f0a2471c0c9d506c0e504c06c16d7cb17c0']",[],1.0,0ffee3ba8e615ad22535e7f771690a28,303951d4c50efb2e991652225a6f02b1,,,6102.305292,10.0.2.15,58564,54.171.4.69,443,tcp,80.86290000000008,4678.0,5058.0,SF,True,False,0,ShADadTFf,23,5620,24,6022,ssl,0
6106.580389,CbaDmn2Tp1dKFiNWOc,10.0.2.15,58574,54.171.4.69,443,TLSv12,TLS_ECDHE_RSA_WITH_AES_128_GCM_SHA256,secp256r1,dpm.demdex.net,False,True,CsxknGIi,"['ab8f7b89fa3e472463832f1b07660350a24ba646789dce6dd09107fab1d86a12', '19400be5b7a31fb733917700789d2f0a2471c0c9d506c0e504c06c16d7cb17c0']",[],1.0,0ffee3ba8e615ad22535e7f771690a28,303951d4c50efb2e991652225a6f02b1,,,6105.640586,10.0.2.15,58574,54.171.4.69,443,tcp,7.83545999999933,348.0,3143.0,RSTO,True,False,0,ShADadFR,10,756,12,3627,ssl,0
6106.58181,CgpGmy1RaocBH8ZoOj,10.0.2.15,58573,34.205.222.178,443,TLSv12,TLS_ECDHE_RSA_WITH_AES_256_GCM_SHA384,secp256r1,pkl61421.live.dynatrace.com,False,True,CsxknGIti,"['bfc4c922c5010c710a010bbf3cc8544d1cfcc72262dedc1849c23f3be478c42b', '14363822517e2989b087d0c9a42eef134a774bd0b2a0664d455af784bc08f4d0', '1a5174980a294a528a110726d5855650266c48d9883bea692b67b6d726da98c5']",[],1.0,0ffee3ba8e615ad22535e7f771690a28,758945630046fd37070521b8544d1fe8,,,6105.639758,10.0.2.15,58573,34.205.222.178,443,tcp,141.7723019999994,2617.0,6422.0,SF,True,False,0,ShADadTTfF,27,3718,31,7666,ssl,0
6105.634593,C8ab6h3C9kXcSB0ZFi,10.0.2.15,58570,104.16.67.157,443,TLSv12,TLS_ECDHE_ECDSA_WITH_AES_128_GCM_SHA256,secp256r1,2e33b7c9.mpstat.us,False,True,CsxuknGIti,"['766129b439d4ec73f5e99ff044a704432430ae79353dde3a02e8f7661cf3fb31', 'cd6c108a0e641f2ca122aaa6d03f826759cae7c6f800eabf76dc48b67cd083ce', '9573862ac0b4b125168810ea3fd101ae2eb0bb15f61fc0e6da7a2a38b85a89e8']",[],1.0,0ffee3ba8e615ad22535e7f771690a28,7d3eb4120cd50e889bcd3f3783be0f82,http/1.1,,6104.553852,10.0.2.15,58570,104.16.67.157,443,tcp,134.24818799999957,4688.0,4079.0,SF,True,False,0,ShADadTTFf,26,5748,28,5203,ssl,0
6106.142069,CK5yWL3iUp0hHJiL77,10.0.2.15,58571,216.137.61.125,443,TLSv12,TLS_ECDHE_RSA_WITH_AES_128_GCM_SHA256,secp256r1,d6tizftlrpuof.cloudfront.net,False,True,CsxuknGIti,"['90c0937808b31877df6c4a5c743c99325d974624be3735faa5078cf73d4fd205', 'eae72eb454bf6c3977ebd289e970b2f5282949190093d0d26f98d0f0d6a9cf17']",[],1.0,0ffee3ba8e615ad22535e7f771690a28,76cc3e2d3028143b23ec18e27dbd7ca9,http/1.1,,6105.387735,10.0.2.15,58571,216.137.61.125,443,tcp,125.18355199999952,774.0,9281.0,SF,True,False,0,ShADadTTfF,24,1753,28,10405,ssl,0
6109.582495,C63OjE3omwqKl3WSLb,10.0.2.15,58579,172.217.23.230,443,TLSv12,TLS_ECDHE_RSA_WITH_AES_128_GCM_SHA256,,ad.doubleclick.net,True,True,CsiI,,,,1a5fe5677b0e4fbbc854e8908225637d,67619a80665d7ab92d1041b1d11f9164,h2,,6108.388867,10.0.2.15,58579,172.217.23.230,443,tcp,2.310574000000088,779.0,292.0,SF,True,False,0,ShADadFf,8,1107,10,696,ssl,0
6109.579308,CuqOJf3LJ3NyLXeHkc,10.0.2.15,58575,95.100.179.59,443,TLSv12,TLS_ECDHE_RSA_WITH_AES_256_GCM_SHA384,secp256r1,www.ford.com,False,True,CsxknGIti,"['6b53ba37653c62bf83f4e51fbcf2b384526083ba77c2e393965ea3342172d56b', '074541ecdf88ed992ed5ade3ecddef27a26ba1b44480a195c0a8dadae2521d8e']",[],1.0,0ffee3ba8e615ad22535e7f771690a28,2b33c1374db4ddf06942f92373c0b54b,http/1.1,,6108.382612,10.0.2.15,58575,95.100.179.59,443,tcp,1.907971999999972,315.0,4581.0,SF,True,False,0,ShADadFfRr,10,723,13,5105,ssl,0
6109.581009,C4sL9S2bwjjBGiLA6f,10.0.2.15,58576,95.100.179.59,443,TLSv12,TLS_ECDHE_RSA_WITH_AES_256_GCM_SHA384,secp256r1,www.ford.com,False,True,CsxknGIti,"['6b53ba37653c62bf83f4e51fbcf2b384526083ba77c2e393965ea3342172d56b', '074541ecdf88ed992ed5ade3ecddef27a26ba1b44480a195c0a8dadae2521d8e']",[],1.0,0ffee3ba8e615ad22535e7f771690a28,2b33c1374db4ddf06942f92373c0b54b,http/1.1,,6108.383298,10.0.2.15,58576,95.100.179.59,443,tcp,9.470048000000132,346.0,4581.0,RSTO,True,False,0,ShADadFR,11,794,12,5065,ssl,0
6109.58378,CT3f4e20hQ4ckudWj,10.0.2.15,58578,23.74.27.75,443,TLSv12,TLS_ECDHE_RSA_WITH_AES_256_GCM_SHA384,secp256r1,a01.korrelate.net,False,True,CsxknGIti,"['6a15f4d132b564441a15940cfd7e24804e44c3d0763269c6bf16629535262909', 'eae72eb454bf6c3977ebd289e970b2f5282949190093d0d26f98d0f0d6a9cf17', '8420dfbe376f414bf4c0a81e6936d24ccc03f304835b86c7a39142fca723a689']",[],1.0,0ffee3ba8e615ad22535e7f771690a28,2b33c1374db4ddf06942f92373c0b54b,http/1.1,,6108.384897,10.0.2.15,58578,23.74.27.75,443,tcp,130.38695000000007,1468.0,6864.0,RSTO,True,False,0,ShADadTTFR,27,2568,31,8108,ssl,0
6109.585802,C4l8nu3qhLrlgumZC4,10.0.2.15,58577,52.24.208.248,443,TLSv12,TLS_ECDHE_RSA_WITH_AES_128_GCM_SHA256,secp256r1,h.nexac.com,False,True,CsxknGIi,"['bc4819dd106ce16807631b229f5929e7b98674e09684b1b849b244a459d761d3', 'eae72eb454bf6c3977ebd289e970b2f5282949190093d0d26f98d0f0d6a9cf17']",[],1.0,0ffee3ba8e615ad22535e7f771690a28,303951d4c50efb2e991652225a6f02b1,,,6108.383962,10.0.2.15,58577,52.24.208.248,443,tcp,69.7606850000002,1483.0,4495.0,SF,True,False,0,ShADadTFf,19,2256,21,5339,ssl,0
6110.193617,CDG7sE4Ro3qQw7HnA6,10.0.2.15,58583,172.217.23.226,443,TLSv12,TLS_ECDHE_RSA_WITH_AES_128_GCM_SHA256,,www.googleadservices.com,True,True,CsiI,,,,1a5fe5677b0e4fbbc854e8908225637d,67619a80665d7ab92d1041b1d11f9164,h2,,6109.588865,10.0.2.15,58583,172.217.23.226,443,tcp,189.8341129999999,2945.0,2761.0,SF,True,False,0,ShADadfF,25,3953,29,3925,ssl,0
6110.189472,C5Xvl12VC2BJ3CSTvg,10.0.2.15,58580,95.100.179.59,443,TLSv12,TLS_ECDHE_RSA_WITH_AES_256_GCM_SHA384,secp256r1,www.ford.com,False,True,CsxknGIti,"['6b53ba37653c62bf83f4e51fbcf2b384526083ba77c2e393965ea3342172d56b', '074541ecdf88ed992ed5ade3ecddef27a26ba1b44480a195c0a8dadae2521d8e']",[],1.0,0ffee3ba8e615ad22535e7f771690a28,2b33c1374db4ddf06942f92373c0b54b,http/1.1,,6109.586504,10.0.2.15,58580,95.100.179.59,443,tcp,8.260065000000395,346.0,4581.0,RSTO,True,False,0,ShADadFR,11,794,12,5065,ssl,0
6110.194676,Cf0lpz1KrevJg0tBrh,10.0.2.15,58582,31.13.69.228,443,TLSv12,TLS_ECDHE_ECDSA_WITH_AES_128_GCM_SHA256,secp256r1,www.facebook.com,False,True,CsxknGIti,"['152151b387412a95ab90fd4664f2d98880408e9e43913124e4c91226a483386b', '19400be5b7a31fb733917700789d2f0a2471c0c9d506c0e504c06c16d7cb17c0']",[],1.0,0ffee3ba8e615ad22535e7f771690a28,2d1eb5817ece335c24904f516ad5da12,h2,,6109.588309,10.0.2.15,58582,31.13.69.228,443,tcp,609.810477,10603.0,12623.0,SF,True,False,0,ShADadfF,84,13971,107,16907,ssl,0
6110.195937,CFJkUm4Gln8VCuXv0f,10.0.2.15,58581,52.58.143.216,443,TLSv12,TLS_ECDHE_RSA_WITH_AES_128_GCM_SHA256,secp256r1,d.agkn.com,False,True,CsxknGIi,"['4eb657cb161b1dd77eddc393538323c14bca9010919c4acb2497c88365f7dbbb', 'bc3f03a436240edba5f83714f6f677e34b37f9b1f0c08c1e558d981e279e8209']",[],1.0,0ffee3ba8e615ad22535e7f771690a28,303951d4c50efb2e991652225a6f02b1,,,6109.587841,10.0.2.15,58581,52.58.143.216,443,tcp,39.27740600000016,949.0,3583.0,SF,True,False,0,ShADadTFf,13,1479,13,4107,ssl,0
6113.060986,CHE0mqM6bLSvxHKI7,10.0.2.15,58584,34.205.222.178,443,TLSv12,TLS_ECDHE_RSA_WITH_AES_256_GCM_SHA384,,pkl61421.live.dynatrace.com,True,True,CsiI,,,,1a5fe5677b0e4fbbc854e8908225637d,364ff14b04ef93c3b4cfa429d729c0d9,,,6112.765707,10.0.2.15,58584,34.205.222.178,443,tcp,121.28969300000064,1590.0,799.0,SF,True,False,0,ShADadTTfF,20,2409,20,1603,ssl,0
6116.18358,CfOhT41dAg7EUJNgFc,10.0.2.15,58592,23.74.27.75,443,TLSv12,TLS_ECDHE_RSA_WITH_AES_256_GCM_SHA384,,a01.korrelate.net,True,True,CsiI,,,,1a5fe5677b0e4fbbc854e8908225637d,410b9bedaf65dd26c6fe547154d60db4,http/1.1,,6115.465205,10.0.2.15,58592,23.74.27.75,443,tcp,9.967851999999766,599.0,183.0,RSTO,True,False,0,ShADadFR,7,887,7,467,ssl,0
6116.186203,Ck8Nvh3EC5zsPBHxqi,10.0.2.15,58589,23.74.27.75,443,TLSv12,TLS_ECDHE_RSA_WITH_AES_256_GCM_SHA384,,a01.korrelate.net,True,True,CsiI,,,,1a5fe5677b0e4fbbc854e8908225637d,410b9bedaf65dd26c6fe547154d60db4,http/1.1,,6115.456455,10.0.2.15,58589,23.74.27.75,443,tcp,10.002010000000157,599.0,183.0,SF,True,False,0,ShADadFfRr,8,927,9,547,ssl,0
6116.184906,CJBZCC3i7vYUH6UMi1,10.0.2.15,58590,52.58.143.216,443,TLSv12,TLS_ECDHE_RSA_WITH_AES_128_GCM_SHA256,secp256r1,d.agkn.com,False,True,CsxknGIi,"['4eb657cb161b1dd77eddc393538323c14bca9010919c4acb2497c88365f7dbbb', 'bc3f03a436240edba5f83714f6f677e34b37f9b1f0c08c1e558d981e279e8209']",[],1.0,0ffee3ba8e615ad22535e7f771690a28,303951d4c50efb2e991652225a6f02b1,,,6115.459601,10.0.2.15,58590,52.58.143.216,443,tcp,33.770463000000746,986.0,3583.0,SF,True,False,0,ShADadTFf,12,1476,13,4107,ssl,0
6116.395363,CyXp2x1ZbOErwgEv74,10.0.2.15,58588,52.24.208.248,443,TLSv12,TLS_ECDHE_RSA_WITH_AES_128_GCM_SHA256,,h.nexac.com,True,True,CsiI,,,,0ffee3ba8e615ad22535e7f771690a28,303951d4c50efb2e991652225a6f02b1,,,6115.453137,10.0.2.15,58588,52.24.208.248,443,tcp,10.080563999999868,302.0,176.0,RSTO,True,False,0,ShADadFR,7,590,7,460,ssl,0
6116.399573,CUGu1d1CavtAnT05Ga,10.0.2.15,58591,52.24.208.248,443,TLSv12,TLS_ECDHE_RSA_WITH_AES_128_GCM_SHA256,,h.nexac.com,True,True,CsiI,,,,0ffee3ba8e615ad22535e7f771690a28,303951d4c50efb2e991652225a6f02b1,,,6115.461534,10.0.2.15,58591,52.24.208.248,443,tcp,10.081978999999592,302.0,176.0,RSTO,True,False,0,ShADadFR,7,590,7,460,ssl,0
6116.915187,Cz7raO1Ip4Rn59UrD,10.0.2.15,58594,66.117.28.86,443,TLSv12,TLS_RSA_WITH_AES_256_CBC_SHA,,cm.everesttech.net,False,True,CsxnGIi,"['1dcf86c8106d52ccf4a9dc98a6c36a11671533906cb9e1c517075b65df21e850', '154c433c491929c5ef686e838e323664a00e6a0d822ccc958fb4dab03e49a08f']",[],1.0,0ffee3ba8e615ad22535e7f771690a28,759968158b0e1df906786a4b8c44bf39,http/1.1,,6116.448335,10.0.2.15,58594,66.117.28.86,443,tcp,19.6793889999999,1251.0,3237.0,SF,True,False,0,ShADadTFf,13,1780,13,3761,ssl,0
6116.916519,Cak56Q30Hjlbr03ah9,10.0.2.15,58593,54.72.182.106,443,TLSv12,TLS_ECDHE_RSA_WITH_AES_128_GCM_SHA256,secp256r1,elsevier.demdex.net,False,True,CsxknGIi,"['ab8f7b89fa3e472463832f1b07660350a24ba646789dce6dd09107fab1d86a12', '19400be5b7a31fb733917700789d2f0a2471c0c9d506c0e504c06c16d7cb17c0']",[],1.0,0ffee3ba8e615ad22535e7f771690a28,303951d4c50efb2e991652225a6f02b1,,,6116.447764,10.0.2.15,58593,54.72.182.106,443,tcp,65.4967970000007,2340.0,6647.0,SF,True,False,0,ShADadTFf,21,3193,24,7611,ssl,0
6117.81733,CcMdMv3jby4V0l2bb9,10.0.2.15,58595,63.140.43.92,443,TLSv12,TLS_ECDHE_RSA_WITH_AES_256_GCM_SHA384,secp256r1,smetrics.elsevier.com,False,True,CsxknGIi,"['05a692aebfadd4a5036b11a3cbbd691c613deebb5926311b568befe19debee19', 'ff1e0d233196b7ec20bedfc65988e0ae1985ec6ac332a79adffe71b86bc0208a']",[],1.0,0ffee3ba8e615ad22535e7f771690a28,959bfcf87532cbff1253e80a4ee81308,,,6116.775234,10.0.2.15,58595,63.140.43.92,443,tcp,26.510777000000417,5695.0,4206.0,SF,True,False,0,ShADadTFf,18,6424,20,5010,ssl,0
6119.434427,CkHNsNnyuCj70Dyaf,10.0.2.15,58598,172.217.23.227,443,TLSv12,TLS_ECDHE_RSA_WITH_AES_128_GCM_SHA256,,www.google.cz,True,True,CsiI,,,,1a5fe5677b0e4fbbc854e8908225637d,67619a80665d7ab92d1041b1d11f9164,h2,,6118.996583,10.0.2.15,58598,172.217.23.227,443,tcp,349.0062939999998,10308.0,3241.0,SF,True,False,0,ShADadFf,46,12156,56,5485,ssl,0
6119.187271,CUncFl3k93Hm8RAaVa,10.0.2.15,58596,13.107.21.200,443,TLSv12,TLS_ECDHE_RSA_WITH_AES_256_CBC_SHA,secp384r1,bat.bing.com,False,True,CsxuknGIi,"['80c4440580dbd55b228f41e6c88a51ecdbb998b5d32d12acd31ce25518d37128', '2399983e99703ebd01cea466c10799810c4ba62a8d61b88170a334dcd61bb20f']",[],1.0,0ffee3ba8e615ad22535e7f771690a28,4fd467dd264720762ffe286277c00f57,,,6118.824521,10.0.2.15,58596,13.107.21.200,443,tcp,63.02790600000026,1693.0,7285.0,SF,True,False,0,ShADadTfF,20,2507,24,8249,ssl,0
6119.439491,CzLhzL3p0XhyeszLce,10.0.2.15,58599,13.107.21.200,443,TLSv12,TLS_ECDHE_RSA_WITH_AES_256_CBC_SHA,secp384r1,bat.bing.com,False,True,CsxuknGIi,"['80c4440580dbd55b228f41e6c88a51ecdbb998b5d32d12acd31ce25518d37128', '2399983e99703ebd01cea466c10799810c4ba62a8d61b88170a334dcd61bb20f']",[],1.0,0ffee3ba8e615ad22535e7f771690a28,4fd467dd264720762ffe286277c00f57,,,6119.190237,10.0.2.15,58599,13.107.21.200,443,tcp,6.260943000000225,456.0,6880.0,SF,True,False,0,ShADadFf,11,904,15,7484,ssl,0
6119.186819,C39BOO1OxYtEMxq8uh,10.0.2.15,58597,13.107.21.200,443,TLSv12,TLS_ECDHE_RSA_WITH_AES_256_CBC_SHA,secp384r1,bat.bing.com,False,True,CsxuknGIi,"['80c4440580dbd55b228f41e6c88a51ecdbb998b5d32d12acd31ce25518d37128', '2399983e99703ebd01cea466c10799810c4ba62a8d61b88170a334dcd61bb20f']",[],1.0,0ffee3ba8e615ad22535e7f771690a28,4fd467dd264720762ffe286277c00f57,,,6118.825664,10.0.2.15,58597,13.107.21.200,443,tcp,65.18947300000036,1645.0,7285.0,SF,True,False,0,ShADadTfF,18,2379,21,8129,ssl,0
6119.995461,CRM7Mf2Lcap5QbEQU9,10.0.2.15,58601,13.107.21.200,443,TLSv12,TLS_ECDHE_RSA_WITH_AES_256_CBC_SHA,secp384r1,bat.bing.com,False,True,CsxuknGIi,"['80c4440580dbd55b228f41e6c88a51ecdbb998b5d32d12acd31ce25518d37128', '2399983e99703ebd01cea466c10799810c4ba62a8d61b88170a334dcd61bb20f']",[],1.0,0ffee3ba8e615ad22535e7f771690a28,4fd467dd264720762ffe286277c00f57,,,6119.192888,10.0.2.15,58601,13.107.21.200,443,tcp,11.974594000000252,456.0,6880.0,SF,True,False,0,ShADadTFf,14,1025,17,7564,ssl,0
6120.000406,CEiLHz1hWYZMaOvycg,10.0.2.15,58600,13.107.21.200,443,TLSv12,TLS_ECDHE_RSA_WITH_AES_256_CBC_SHA,secp384r1,bat.bing.com,False,True,CsxuknGIi,"['80c4440580dbd55b228f41e6c88a51ecdbb998b5d32d12acd31ce25518d37128', '2399983e99703ebd01cea466c10799810c4ba62a8d61b88170a334dcd61bb20f']",[],1.0,0ffee3ba8e615ad22535e7f771690a28,4fd467dd264720762ffe286277c00f57,,,6119.191832,10.0.2.15,58600,13.107.21.200,443,tcp,11.97573199999988,456.0,6880.0,SF,True,False,0,ShADadTFf,13,985,17,7564,ssl,0
6125.414166,CYvGw11dwuusw66Lna,10.0.2.15,58606,63.140.43.92,443,TLSv12,TLS_ECDHE_RSA_WITH_AES_256_GCM_SHA384,,smetrics.elsevier.com,True,True,CsiI,,,,0ffee3ba8e615ad22535e7f771690a28,959bfcf87532cbff1253e80a4ee81308,,,6124.951034,10.0.2.15,58606,63.140.43.92,443,tcp,6.224868000000242,312.0,155.0,SF,True,False,0,ShADadFf,8,640,8,479,ssl,0
6125.414853,CGi1C62kGcSvsKfZib,10.0.2.15,58605,63.140.43.92,443,TLSv12,TLS_ECDHE_RSA_WITH_AES_256_GCM_SHA384,,smetrics.elsevier.com,True,True,CsiI,,,,0ffee3ba8e615ad22535e7f771690a28,959bfcf87532cbff1253e80a4ee81308,,,6124.9477,10.0.2.15,58605,63.140.43.92,443,tcp,6.219645000000128,312.0,155.0,SF,True,False,0,ShADadFf,8,640,8,479,ssl,0
6125.749973,CbSPQb4X0Kcuj9lzP5,10.0.2.15,58608,95.100.179.59,443,TLSv12,TLS_ECDHE_RSA_WITH_AES_256_GCM_SHA384,,www.ford.com,True,True,CsiI,,,,1a5fe5677b0e4fbbc854e8908225637d,410b9bedaf65dd26c6fe547154d60db4,http/1.1,,6125.227863,10.0.2.15,58608,95.100.179.59,443,tcp,127.67381399999977,1099.0,1256.0,SF,True,False,0,ShADadTTFRfr,22,1999,23,2180,ssl,0
6125.962128,C68Ra611siYg1QtGV9,10.0.2.15,58609,95.100.179.59,443,TLSv12,TLS_ECDHE_RSA_WITH_AES_256_GCM_SHA384,,www.ford.com,True,True,CsiI,,,,1a5fe5677b0e4fbbc854e8908225637d,410b9bedaf65dd26c6fe547154d60db4,http/1.1,,6125.228945,10.0.2.15,58609,95.100.179.59,443,tcp,5.243371999999908,1863.0,1473.0,RSTR,True,False,0,ShADadRr,8,2191,8,1797,ssl,0
6125.96521,CiEZEm2M75rsx1vaJb,10.0.2.15,58613,63.140.43.92,443,TLSv12,TLS_ECDHE_RSA_WITH_AES_256_GCM_SHA384,,smetrics.elsevier.com,True,True,CsiI,,,,0ffee3ba8e615ad22535e7f771690a28,959bfcf87532cbff1253e80a4ee81308,,,6125.418124,10.0.2.15,58613,63.140.43.92,443,tcp,7.56325199999992,312.0,155.0,SF,True,False,0,ShADadFf,7,600,7,439,ssl,0
6125.967587,CrEUIE2OIjLOLcGTRg,10.0.2.15,58610,95.101.253.252,443,TLSv12,TLS_ECDHE_RSA_WITH_AES_256_GCM_SHA384,secp256r1,znbq5xoiu93syfsuz-gtb.siteintercept.qualtrics.com,False,True,CsxknGIti,"['549e0da80cc39c6d7cbe3eeb94565d533558c702c19bea5609256486b64d1cff', '154c433c491929c5ef686e838e323664a00e6a0d822ccc958fb4dab03e49a08f']",[],1.0,0ffee3ba8e615ad22535e7f771690a28,2b33c1374db4ddf06942f92373c0b54b,h2,,6125.230243,10.0.2.15,58610,95.101.253.252,443,tcp,5.255301000000145,352.0,3646.0,SF,True,False,0,ShADadFRfr,12,840,15,4250,ssl,0
6127.174104,CP4QyFjhSAGg6l01,10.0.2.15,58614,95.101.253.252,443,TLSv12,TLS_ECDHE_RSA_WITH_AES_256_GCM_SHA384,secp256r1,znbq5xoiu93syfsuz-gtb.siteintercept.qualtrics.com,False,True,CsxknGIti,"['549e0da80cc39c6d7cbe3eeb94565d533558c702c19bea5609256486b64d1cff', '154c433c491929c5ef686e838e323664a00e6a0d822ccc958fb4dab03e49a08f']",[],1.0,0ffee3ba8e615ad22535e7f771690a28,2b33c1374db4ddf06942f92373c0b54b,h2,,6125.969846,10.0.2.15,58614,95.101.253.252,443,tcp,190.726377,768.0,3813.0,RSTR,True,False,0,ShADadRr,19,1536,20,4617,ssl,0
6129.490763,CjukifQUVEguKuu8g,10.0.2.15,58615,95.100.179.59,443,TLSv12,TLS_ECDHE_RSA_WITH_AES_256_GCM_SHA384,,www.ford.com,True,True,CsiI,,,,1a5fe5677b0e4fbbc854e8908225637d,410b9bedaf65dd26c6fe547154d60db4,http/1.1,,6128.928611,10.0.2.15,58615,95.100.179.59,443,tcp,5.944986999999856,599.0,183.0,SF,True,False,0,ShADadFfRr,9,967,9,547,ssl,0
6132.946157,Cyn0435eOhhm5nZth,10.0.2.15,58619,34.205.222.178,443,TLSv12,TLS_ECDHE_RSA_WITH_AES_256_GCM_SHA384,secp256r1,pkl61421.live.dynatrace.com,False,True,CsxknGIti,"['bfc4c922c5010c710a010bbf3cc8544d1cfcc72262dedc1849c23f3be478c42b', '14363822517e2989b087d0c9a42eef134a774bd0b2a0664d455af784bc08f4d0', '1a5174980a294a528a110726d5855650266c48d9883bea692b67b6d726da98c5']",[],1.0,0ffee3ba8e615ad22535e7f771690a28,758945630046fd37070521b8544d1fe8,,,6132.699943,10.0.2.15,58619,34.205.222.178,443,tcp,123.13255300000036,10877.0,5741.0,SF,True,False,0,ShADadTTfF,30,12096,33,7065,ssl,0
6133.346667,CUpmsg4cvXZvsZh4Gl,10.0.2.15,58620,34.205.222.178,443,TLSv12,TLS_ECDHE_RSA_WITH_AES_256_GCM_SHA384,secp256r1,pkl61421.live.dynatrace.com,False,True,CsxknGIti,"['bfc4c922c5010c710a010bbf3cc8544d1cfcc72262dedc1849c23f3be478c42b', '14363822517e2989b087d0c9a42eef134a774bd0b2a0664d455af784bc08f4d0', '1a5174980a294a528a110726d5855650266c48d9883bea692b67b6d726da98c5']",[],1.0,0ffee3ba8e615ad22535e7f771690a28,758945630046fd37070521b8544d1fe8,,,6132.702949,10.0.2.15,58620,34.205.222.178,443,tcp,8.296335999999428,361.0,5345.0,RSTO,True,False,0,ShADadFR,11,809,13,5869,ssl,0
6138.198598,C4JSoxlg0eyZMPwDg,10.0.2.15,58631,104.94.38.70,443,TLSv12,TLS_ECDHE_RSA_WITH_AES_256_GCM_SHA384,secp256r1,interactive.tegna-media.com,False,True,CsxknGIti,"['dee3868ff8590b8b1268b500dd34adc5830b709e80e8f3023e44d355866bb643', 'eae72eb454bf6c3977ebd289e970b2f5282949190093d0d26f98d0f0d6a9cf17']",[],1.0,0ffee3ba8e615ad22535e7f771690a28,2b33c1374db4ddf06942f92373c0b54b,http/1.1,,6137.142526,10.0.2.15,58631,104.94.38.70,443,tcp,129.98655600000075,701.0,6966.0,RSTO,True,False,0,ShADadTTFR,24,1681,26,8010,ssl,0
6138.201608,C7G96l5uJhWcZ97Y5,10.0.2.15,58630,104.94.38.70,443,TLSv12,TLS_ECDHE_RSA_WITH_AES_256_GCM_SHA384,secp256r1,interactive.tegna-media.com,False,True,CsxknGIti,"['dee3868ff8590b8b1268b500dd34adc5830b709e80e8f3023e44d355866bb643', 'eae72eb454bf6c3977ebd289e970b2f5282949190093d0d26f98d0f0d6a9cf17']",[],1.0,0ffee3ba8e615ad22535e7f771690a28,2b33c1374db4ddf06942f92373c0b54b,http/1.1,,6137.138096,10.0.2.15,58630,104.94.38.70,443,tcp,130.0241590000005,728.0,7332.0,RSTO,True,False,0,ShADadTTFR,25,1748,27,8416,ssl,0
6141.836482,C8zp3G1vz879ecs7O4,10.0.2.15,58636,104.94.38.70,443,TLSv12,TLS_ECDHE_RSA_WITH_AES_256_GCM_SHA384,secp256r1,interactive.tegna-media.com,False,True,CsxknGIti,"['dee3868ff8590b8b1268b500dd34adc5830b709e80e8f3023e44d355866bb643', 'eae72eb454bf6c3977ebd289e970b2f5282949190093d0d26f98d0f0d6a9cf17']",[],1.0,0ffee3ba8e615ad22535e7f771690a28,2b33c1374db4ddf06942f92373c0b54b,http/1.1,,6140.884822,10.0.2.15,58636,104.94.38.70,443,tcp,228.06604799999968,2148.0,33997.0,SF,True,False,0,ShADadTTFRfr,49,4137,70,36801,ssl,0
6141.841558,CEwIpF2jkBWKNTYho6,10.0.2.15,58635,104.94.38.70,443,TLSv12,TLS_ECDHE_RSA_WITH_AES_256_GCM_SHA384,secp256r1,interactive.tegna-media.com,False,True,CsxknGIti,"['dee3868ff8590b8b1268b500dd34adc5830b709e80e8f3023e44d355866bb643', 'eae72eb454bf6c3977ebd289e970b2f5282949190093d0d26f98d0f0d6a9cf17']",[],1.0,0ffee3ba8e615ad22535e7f771690a28,2b33c1374db4ddf06942f92373c0b54b,http/1.1,,6140.882936,10.0.2.15,58635,104.94.38.70,443,tcp,126.2611280000001,685.0,13244.0,SF,True,False,0,ShADadTTFfRr,27,1785,34,14608,ssl,0
6143.607361,CYd1e32LUup0jiayh4,10.0.2.15,58637,104.16.67.157,443,TLSv12,TLS_ECDHE_ECDSA_WITH_AES_128_GCM_SHA256,secp256r1,2e33b7c9.mpstat.us,False,True,CsxuknGIti,"['766129b439d4ec73f5e99ff044a704432430ae79353dde3a02e8f7661cf3fb31', 'cd6c108a0e641f2ca122aaa6d03f826759cae7c6f800eabf76dc48b67cd083ce', '9573862ac0b4b125168810ea3fd101ae2eb0bb15f61fc0e6da7a2a38b85a89e8']",[],1.0,0ffee3ba8e615ad22535e7f771690a28,7d3eb4120cd50e889bcd3f3783be0f82,http/1.1,,6143.045248,10.0.2.15,58637,104.16.67.157,443,tcp,8.31051699999989,352.0,3750.0,SF,True,False,0,ShADadFf,10,760,11,4194,ssl,0
6154.642581,CaBlQMTWnjjQFPvG9,10.0.2.15,58646,172.217.23.238,443,TLSv12,TLS_ECDHE_RSA_WITH_AES_128_GCM_SHA256,,www.google-analytics.com,True,True,CsiI,,,,1a5fe5677b0e4fbbc854e8908225637d,67619a80665d7ab92d1041b1d11f9164,h2,,6153.936296,10.0.2.15,58646,172.217.23.238,443,tcp,1077.9836530000002,10829.0,7732.0,SF,True,False,0,ShADadFf,93,14557,101,11776,ssl,0
6159.940215,CzByCWsjTvAohLoLa,10.0.2.15,58654,31.13.69.203,443,TLSv12,TLS_ECDHE_ECDSA_WITH_AES_128_GCM_SHA256,secp256r1,connect.facebook.net,False,True,CsxknGIti,"['152151b387412a95ab90fd4664f2d98880408e9e43913124e4c91226a483386b', '19400be5b7a31fb733917700789d2f0a2471c0c9d506c0e504c06c16d7cb17c0']",[],1.0,0ffee3ba8e615ad22535e7f771690a28,2d1eb5817ece335c24904f516ad5da12,h2,,6159.325347,10.0.2.15,58654,31.13.69.203,443,tcp,489.15932900000007,2382.0,143738.0,SF,True,False,0,ShADadfF,96,6230,151,149782,ssl,0
6159.951765,C75XJv2t7AnekLu8X1,10.0.2.15,58652,104.208.156.29,443,TLSv12,TLS_ECDHE_RSA_WITH_AES_256_CBC_SHA,secp384r1,api.tegna-tv.com,False,True,CsxknGIi,"['22115733571cef03b34a82cb865bed6b305b1a70f9dadfc2807462fc8fdec80c', '154c433c491929c5ef686e838e323664a00e6a0d822ccc958fb4dab03e49a08f']",[],1.0,0ffee3ba8e615ad22535e7f771690a28,20992b30dc416d990d2dc152223779ba,,,6159.278124,10.0.2.15,58652,104.208.156.29,443,tcp,3.64648599999964,375.0,3544.0,SF,True,False,0,ShADadFf,9,743,11,3988,ssl,0
6175.461486,CynZjp1hStJR8xlmp2,10.0.2.15,58679,104.152.141.99,443,TLSv12,TLS_ECDHE_RSA_WITH_AES_256_CBC_SHA,secp256r1,t.visto1.net,False,True,CsxknGIti,"['91ce9e9e678aa85ac9bc7f490195071aa7a73175198f47486fdb6f5b115b9e33', '973a41276ffd01e027a2aad49e34c37846d3e976ff6a620b6712e33832041aa6', '3a2fbe92891e57fe05d57087f48e730f17e5a5f53ef403d618e5b74d7a7e6ecb', 'c3846bf24b9e93ca64274c0ec67c1ecc5e024ffcacd2d74019350e81fe546ae4']",[],1.0,0ffee3ba8e615ad22535e7f771690a28,63a37e7be22df054d1f448fc0c28b98f,,,6172.136077,10.0.2.15,58679,104.152.141.99,443,tcp,27.872067999999672,696.0,5753.0,SF,True,False,0,ShADadfF,12,1184,15,6357,ssl,0
6190.4064,CX1eTx4rj4z3hlzByd,10.0.2.15,58690,104.152.141.99,443,TLSv12,TLS_ECDHE_RSA_WITH_AES_256_CBC_SHA,secp256r1,t.visto1.net,False,True,CsxknGIti,"['91ce9e9e678aa85ac9bc7f490195071aa7a73175198f47486fdb6f5b115b9e33', '973a41276ffd01e027a2aad49e34c37846d3e976ff6a620b6712e33832041aa6', '3a2fbe92891e57fe05d57087f48e730f17e5a5f53ef403d618e5b74d7a7e6ecb', 'c3846bf24b9e93ca64274c0ec67c1ecc5e024ffcacd2d74019350e81fe546ae4']",[],1.0,0ffee3ba8e615ad22535e7f771690a28,63a37e7be22df054d1f448fc0c28b98f,,,6189.814468,10.0.2.15,58690,104.152.141.99,443,tcp,16.33727799999997,696.0,6073.0,SF,True,False,0,ShADadfF,11,1144,15,6677,ssl,0
6195.326885,CAnr942amSonio1zt8,10.0.2.15,58694,95.101.252.144,443,TLSv12,TLS_ECDHE_RSA_WITH_AES_256_GCM_SHA384,,z.moatads.com,True,True,CsiI,,,,1a5fe5677b0e4fbbc854e8908225637d,410b9bedaf65dd26c6fe547154d60db4,http/1.1,,6194.290155,10.0.2.15,58694,95.101.252.144,443,tcp,118.5259990000004,916.0,63461.0,RSTO,True,False,0,ShADadTTFR,38,2455,78,66585,ssl,0
6197.671254,Cc6ZVu431cysrHKLZ5,10.0.2.15,58697,151.101.64.153,443,TLSv12,TLS_ECDHE_RSA_WITH_AES_128_GCM_SHA256,secp256r1,www.boston.com,False,True,CsxuknGIti,"['63f46746cbd62c3d3eff747abd5b9debb82372c19fab2c0d2f8ab76a681e4a78', '19400be5b7a31fb733917700789d2f0a2471c0c9d506c0e504c06c16d7cb17c0']",[],1.0,0ffee3ba8e615ad22535e7f771690a28,860fcf58fd757e26aa8911e5eaff6b53,http/1.1,,6197.224909,10.0.2.15,58697,151.101.64.153,443,tcp,127.00098300000082,710.0,70274.0,RSTO,True,False,0,ShADadTTFR,49,2689,82,73558,ssl,0
6198.283888,C7L3e53TIkYzbanDx4,10.0.2.15,58704,172.217.23.238,443,TLSv12,TLS_ECDHE_ECDSA_WITH_AES_128_GCM_SHA256,,encrypted-tbn3.gstatic.com,True,True,CsiI,,,,1a5fe5677b0e4fbbc854e8908225637d,c23237dbea656869600e48dfbd00ab7b,h2,,6197.673162,10.0.2.15,58704,172.217.23.238,443,tcp,190.00497199999973,1316.0,3731.0,SF,True,False,0,ShADadFf,20,2124,23,4655,ssl,0
6198.610473,CWV6GUKBzQuAChMUd,10.0.2.15,58705,172.217.23.238,443,TLSv12,TLS_ECDHE_ECDSA_WITH_AES_128_GCM_SHA256,,encrypted-tbn1.gstatic.com,True,True,CsiI,,,,1a5fe5677b0e4fbbc854e8908225637d,c23237dbea656869600e48dfbd00ab7b,h2,,6197.674054,10.0.2.15,58705,172.217.23.238,443,tcp,189.78079700000035,1314.0,2250.0,SF,True,False,0,ShADadFf,21,2162,22,3134,ssl,0
6198.624236,CI4sVbnes42rGHOd3,10.0.2.15,58706,172.217.23.238,443,TLSv12,TLS_ECDHE_ECDSA_WITH_AES_128_GCM_SHA256,,encrypted-tbn2.gstatic.com,True,True,CsiI,,,,1a5fe5677b0e4fbbc854e8908225637d,c23237dbea656869600e48dfbd00ab7b,h2,,6197.993607,10.0.2.15,58706,172.217.23.238,443,tcp,190.7307639999999,1634.0,7971.0,SF,True,False,0,ShADadFf,26,2682,32,9255,ssl,0
6198.62029,CKc86d2VZuHFE86GR9,10.0.2.15,58708,172.217.23.225,443,TLSv12,TLS_ECDHE_RSA_WITH_AES_128_GCM_SHA256,,tpc.googlesyndication.com,True,True,CsiI,,,,1a5fe5677b0e4fbbc854e8908225637d,67619a80665d7ab92d1041b1d11f9164,h2,,6198.003604,10.0.2.15,58708,172.217.23.225,443,tcp,202.1759119999997,1724.0,232935.0,SF,True,False,0,ShADadFf,111,6172,253,243059,ssl,0
6198.623109,CeHL0D318MAvFOtfmh,10.0.2.15,58707,172.217.23.238,443,TLSv12,TLS_ECDHE_ECDSA_WITH_AES_128_GCM_SHA256,x25519,encrypted-tbn0.gstatic.com,False,True,CsxknGIti,"['11ddd329046367c19b32ffdb02ed308de129de4d6ffcf95856d7bd6a7accfba9', '9f630426df1d8abfd80ace98871ba833ab9742cb34838de2b5285ed54c0c7dcc', '3c35cc963eb004451323d3275d05b353235053490d9cd83729a2faf5e7ca1cc0']",[],1.0,0ffee3ba8e615ad22535e7f771690a28,84480cf8cf0e732666092640e581e1a5,h2,,6198.001296,10.0.2.15,58707,172.217.23.238,443,tcp,189.46944099999928,1042.0,7116.0,SF,True,False,0,ShADadfF,23,1970,27,8200,ssl,0
6203.470733,CDVhnrSAkAvUzFpFj,10.0.2.15,58715,52.21.70.46,443,TLSv12,TLS_ECDHE_RSA_WITH_AES_128_GCM_SHA256,secp256r1,services.babator.com,False,True,CsxknGIi,"['46df073f0c4d17ea048f483e9690eeb9ea0279e4d25b57d196263a767c2013a5', '973a41276ffd01e027a2aad49e34c37846d3e976ff6a620b6712e33832041aa6', '3a2fbe92891e57fe05d57087f48e730f17e5a5f53ef403d618e5b74d7a7e6ecb', 'c3846bf24b9e93ca64274c0ec67c1ecc5e024ffcacd2d74019350e81fe546ae4']",[],1.0,0ffee3ba8e615ad22535e7f771690a28,303951d4c50efb2e991652225a6f02b1,,,6201.218252,10.0.2.15,58715,52.21.70.46,443,tcp,22.886492999999973,1239.0,9799.0,RSTR,True,False,0,ShADadTFRr,17,1928,22,10683,ssl,0
6225.983542,CfiYLb3r2NG1wu57y1,10.0.2.15,58733,172.217.23.230,443,TLSv12,TLS_ECDHE_RSA_WITH_AES_128_GCM_SHA256,x25519,s0.2mdn.net,False,True,CsxknGIti,"['378a6c73f6dec1c6bc563fa8eda92c3e9ce61b893db7685686c41f33ab89931c', '9f630426df1d8abfd80ace98871ba833ab9742cb34838de2b5285ed54c0c7dcc', '3c35cc963eb004451323d3275d05b353235053490d9cd83729a2faf5e7ca1cc0']",[],1.0,0ffee3ba8e615ad22535e7f771690a28,ab41313cfec25328b20865eb1388e0a2,h2,,6225.444723,10.0.2.15,58733,172.217.23.230,443,tcp,8.619345000000067,312.0,4066.0,RSTR,True,False,0,ShADadRr,12,800,13,4590,ssl,0
6226.011071,CV8fid27Nmjw7aeYN5,10.0.2.15,58735,151.101.64.153,443,TLSv12,TLS_ECDHE_RSA_WITH_AES_128_GCM_SHA256,secp256r1,cache.boston.com,False,True,CsxuknGIti,"['63f46746cbd62c3d3eff747abd5b9debb82372c19fab2c0d2f8ab76a681e4a78', '19400be5b7a31fb733917700789d2f0a2471c0c9d506c0e504c06c16d7cb17c0']",[],1.0,0ffee3ba8e615ad22535e7f771690a28,860fcf58fd757e26aa8911e5eaff6b53,http/1.1,,6225.459482,10.0.2.15,58735,151.101.64.153,443,tcp,8.714869999999792,319.0,4118.0,RSTO,True,False,0,ShADadFR,10,727,11,4562,ssl,0
6223.16604,CTACJRKH31fPiXZO,10.0.2.15,58729,52.30.184.164,443,TLSv12,TLS_ECDHE_RSA_WITH_AES_128_GCM_SHA256,,bcp.crwdcntrl.net,False,False,Cs,,,,0ffee3ba8e615ad22535e7f771690a28,303951d4c50efb2e991652225a6f02b1,,,6222.739759,10.0.2.15,58729,52.30.184.164,443,tcp,1.4800189999996292,194.0,1460.0,RSTR,True,False,0,ShADaFdRr,6,442,6,1704,ssl,0
6240.874294,CAgCEo1pT0KgvTh8Cl,10.0.2.15,58745,198.115.82.110,443,TLSv12,TLS_DHE_RSA_WITH_AES_256_CBC_SHA,,subscribe.bostonglobe.com,False,True,CsxknGIi,"['35bfb6273ce304ebd510a785d461b68ccb44437eb57f8c021fdf9224faa64d42', '19400be5b7a31fb733917700789d2f0a2471c0c9d506c0e504c06c16d7cb17c0']",[],1.0,0ffee3ba8e615ad22535e7f771690a28,38759e3bb980b0ca6bf7f22837b8582f,,,6239.766121,10.0.2.15,58745,198.115.82.110,443,tcp,14.294591000000764,1935.0,8350.0,SF,True,False,0,ShADadfF,16,2583,21,9194,ssl,0
6240.892782,CY7dX41XRghYrmPXx,10.0.2.15,58744,198.115.82.110,443,TLSv12,TLS_DHE_RSA_WITH_AES_256_CBC_SHA,,subscribe.bostonglobe.com,False,True,CsxknGIi,"['35bfb6273ce304ebd510a785d461b68ccb44437eb57f8c021fdf9224faa64d42', '19400be5b7a31fb733917700789d2f0a2471c0c9d506c0e504c06c16d7cb17c0']",[],1.0,0ffee3ba8e615ad22535e7f771690a28,38759e3bb980b0ca6bf7f22837b8582f,,,6239.765325,10.0.2.15,58744,198.115.82.110,443,tcp,6.942395999999462,469.0,3663.0,SF,True,False,0,ShADadFf,10,877,12,4147,ssl,0
6242.846284,CAM8lx1IgtJK8b38Cd,10.0.2.15,58749,104.208.156.29,443,TLSv12,TLS_ECDHE_RSA_WITH_AES_256_CBC_SHA,secp384r1,api.tegna-tv.com,False,True,CsxknGIi,"['22115733571cef03b34a82cb865bed6b305b1a70f9dadfc2807462fc8fdec80c', '154c433c491929c5ef686e838e323664a00e6a0d822ccc958fb4dab03e49a08f']",[],1.0,0ffee3ba8e615ad22535e7f771690a28,20992b30dc416d990d2dc152223779ba,,,6242.541723,10.0.2.15,58749,104.208.156.29,443,tcp,135.58672599999954,1270.0,13730.0,SF,True,False,0,ShADadTTFf,29,2450,37,15214,ssl,0
6243.406855,CBTA6x4xhrVR5M4322,10.0.2.15,58752,104.152.141.97,443,TLSv12,TLS_ECDHE_RSA_WITH_AES_256_CBC_SHA,secp256r1,t.visto1.net,False,True,CsxknGIti,"['91ce9e9e678aa85ac9bc7f490195071aa7a73175198f47486fdb6f5b115b9e33', '973a41276ffd01e027a2aad49e34c37846d3e976ff6a620b6712e33832041aa6', '3a2fbe92891e57fe05d57087f48e730f17e5a5f53ef403d618e5b74d7a7e6ecb', 'c3846bf24b9e93ca64274c0ec67c1ecc5e024ffcacd2d74019350e81fe546ae4']",[],1.0,0ffee3ba8e615ad22535e7f771690a28,63a37e7be22df054d1f448fc0c28b98f,,,6243.095109,10.0.2.15,58752,104.152.141.97,443,tcp,4.313098999999966,744.0,6073.0,SF,True,False,0,ShADadfF,11,1192,15,6677,ssl,0
6243.407577,Cjg3nzHV3sWCEzuIg,10.0.2.15,58751,104.152.141.97,443,TLSv12,TLS_ECDHE_RSA_WITH_AES_256_CBC_SHA,secp256r1,t.visto1.net,False,True,CsxknGIti,"['91ce9e9e678aa85ac9bc7f490195071aa7a73175198f47486fdb6f5b115b9e33', '973a41276ffd01e027a2aad49e34c37846d3e976ff6a620b6712e33832041aa6', '3a2fbe92891e57fe05d57087f48e730f17e5a5f53ef403d618e5b74d7a7e6ecb', 'c3846bf24b9e93ca64274c0ec67c1ecc5e024ffcacd2d74019350e81fe546ae4']",[],1.0,0ffee3ba8e615ad22535e7f771690a28,63a37e7be22df054d1f448fc0c28b98f,,,6243.094472,10.0.2.15,58751,104.152.141.97,443,tcp,4.304638000000523,744.0,6073.0,SF,True,False,0,ShADadfF,11,1192,15,6677,ssl,0
6257.523238,CwbBri3s20sN64qOf3,10.0.2.15,58770,198.115.82.110,443,TLSv12,TLS_DHE_RSA_WITH_AES_256_CBC_SHA,,subscribe.bostonglobe.com,True,True,CsiI,,,,0ffee3ba8e615ad22535e7f771690a28,38759e3bb980b0ca6bf7f22837b8582f,,,6256.764988,10.0.2.15,58770,198.115.82.110,443,tcp,3.707932999999684,1748.0,6805.0,SF,True,False,0,ShADadfF,14,2316,17,7489,ssl,0
6257.524005,CsdYJE436pE5xmuY87,10.0.2.15,58769,198.115.82.110,443,TLSv12,TLS_DHE_RSA_WITH_AES_256_CBC_SHA,,subscribe.bostonglobe.com,True,True,CsiI,,,,0ffee3ba8e615ad22535e7f771690a28,38759e3bb980b0ca6bf7f22837b8582f,,,6256.76392,10.0.2.15,58769,198.115.82.110,443,tcp,3.71089799999936,1764.0,2587.0,SF,True,False,0,ShADadfF,11,2212,12,3071,ssl,0
6257.524526,ChxV4r2yf1tsrWpvJ1,10.0.2.15,58768,198.115.82.110,443,TLSv12,TLS_DHE_RSA_WITH_AES_256_CBC_SHA,,subscribe.bostonglobe.com,True,True,CsiI,,,,0ffee3ba8e615ad22535e7f771690a28,38759e3bb980b0ca6bf7f22837b8582f,,,6256.763401,10.0.2.15,58768,198.115.82.110,443,tcp,5.18889500000023,1764.0,6821.0,SF,True,False,0,ShADadfF,11,2212,15,7425,ssl,0
6257.525056,ChXhFf4msMderjxv45,10.0.2.15,58767,198.115.82.110,443,TLSv12,TLS_DHE_RSA_WITH_AES_256_CBC_SHA,,subscribe.bostonglobe.com,True,True,CsiI,,,,0ffee3ba8e615ad22535e7f771690a28,38759e3bb980b0ca6bf7f22837b8582f,,,6256.762835,10.0.2.15,58767,198.115.82.110,443,tcp,4.735984999999346,1764.0,23375.0,SF,True,False,0,ShADadfF,24,2732,39,24939,ssl,0
6257.525503,CC6OGYShD1Pfl0BW1,10.0.2.15,58766,198.115.82.110,443,TLSv12,TLS_DHE_RSA_WITH_AES_256_CBC_SHA,,subscribe.bostonglobe.com,True,True,CsiI,,,,0ffee3ba8e615ad22535e7f771690a28,38759e3bb980b0ca6bf7f22837b8582f,,,6256.760421,10.0.2.15,58766,198.115.82.110,443,tcp,5.612256999999772,1796.0,34414.0,SF,True,False,0,ShADadfF,28,2924,49,36378,ssl,0
6257.521295,CodGg4KyxoR9WWRhl,10.0.2.15,58771,52.86.126.67,443,TLSv12,TLS_ECDHE_RSA_WITH_AES_128_GCM_SHA256,secp256r1,b.bostonglobemedia.com,False,True,CsxknGIi,"['77272986c9987dbb9b327925f178e51ecbb991b5764aea7046012c4cdb125447', '19400be5b7a31fb733917700789d2f0a2471c0c9d506c0e504c06c16d7cb17c0']",[],1.0,0ffee3ba8e615ad22535e7f771690a28,303951d4c50efb2e991652225a6f02b1,,,6256.766096,10.0.2.15,58771,52.86.126.67,443,tcp,75.66341099999954,8145.0,149637.0,SF,True,False,0,ShADadTFf,97,12038,191,157281,ssl,0
6258.014378,Ch9YVCRDwDUtqpXD7,10.0.2.15,58773,50.19.86.194,443,TLSv12,TLS_ECDHE_RSA_WITH_AES_256_GCM_SHA384,secp256r1,tags.mediaforge.com,False,True,CsxknGIti,"['8af61bc08042ab49eb709a131a30197138bddbd705001c897922445cd13b0028', '074541ecdf88ed992ed5ade3ecddef27a26ba1b44480a195c0a8dadae2521d8e']",[],1.0,0ffee3ba8e615ad22535e7f771690a28,758945630046fd37070521b8544d1fe8,,,6257.530212,10.0.2.15,58773,50.19.86.194,443,tcp,74.81506799999988,2819.0,18695.0,SF,True,False,0,ShADadTfF,24,3792,35,20099,ssl,0
6258.738326,CfQltz401cIIoFxgXj,10.0.2.15,58774,198.115.82.110,443,TLSv12,TLS_DHE_RSA_WITH_AES_256_CBC_SHA,,subscribe.bostonglobe.com,True,True,CsiI,,,,0ffee3ba8e615ad22535e7f771690a28,38759e3bb980b0ca6bf7f22837b8582f,,,6258.126053,10.0.2.15,58774,198.115.82.110,443,tcp,3.719046999999591,1780.0,2699.0,SF,True,False,0,ShADadfF,11,2228,13,3223,ssl,0
6264.581305,C2Oyss4UmRdaOIWuni,10.0.2.15,58791,198.115.82.110,443,TLSv12,TLS_DHE_RSA_WITH_AES_256_CBC_SHA,,subscribe.bostonglobe.com,True,True,CsiI,,,,0ffee3ba8e615ad22535e7f771690a28,38759e3bb980b0ca6bf7f22837b8582f,,,6262.946424,10.0.2.15,58791,198.115.82.110,443,tcp,8.753107000000455,1892.0,3483.0,SF,True,False,0,ShADadfF,12,2380,14,4047,ssl,0
6264.84996,CBkES54C71MrPq32E4,10.0.2.15,58817,104.152.141.97,443,TLSv12,TLS_ECDHE_RSA_WITH_AES_256_CBC_SHA,,t.visto1.net,True,True,CsiI,,,,1a5fe5677b0e4fbbc854e8908225637d,8529fd8de0d7f73186ef5ea8b4531a76,,,6263.391608,10.0.2.15,58817,104.152.141.97,443,tcp,3.489336999999977,997.0,795.0,SF,True,False,0,ShADadfF,7,1285,8,1119,ssl,0
6264.292843,CorkUs1AKggB41rNvk,10.0.2.15,58806,198.115.82.110,443,TLSv12,TLS_DHE_RSA_WITH_AES_256_CBC_SHA,,subscribe.bostonglobe.com,True,True,CsiI,,,,0ffee3ba8e615ad22535e7f771690a28,38759e3bb980b0ca6bf7f22837b8582f,,,6263.197789,10.0.2.15,58806,198.115.82.110,443,tcp,6.503266000000622,1748.0,2843.0,SF,True,False,0,ShADadfF,11,2196,13,3367,ssl,0
6264.293375,CvwOThW8NjnfjoJs6,10.0.2.15,58809,198.115.82.110,443,TLSv12,TLS_DHE_RSA_WITH_AES_256_CBC_SHA,,subscribe.bostonglobe.com,True,True,CsiI,,,,0ffee3ba8e615ad22535e7f771690a28,38759e3bb980b0ca6bf7f22837b8582f,,,6263.215939,10.0.2.15,58809,198.115.82.110,443,tcp,6.485979000000043,1764.0,4512.0,SF,True,False,0,ShADadfF,12,2252,15,5116,ssl,0
6264.294613,CCYHvJ3E7Zi8T3HM1,10.0.2.15,58808,198.115.82.110,443,TLSv12,TLS_DHE_RSA_WITH_AES_256_CBC_SHA,,subscribe.bostonglobe.com,True,True,CsiI,,,,0ffee3ba8e615ad22535e7f771690a28,38759e3bb980b0ca6bf7f22837b8582f,,,6263.215076,10.0.2.15,58808,198.115.82.110,443,tcp,7.212874999999258,1748.0,18127.0,SF,True,False,0,ShADadfF,23,2676,36,19571,ssl,0
6264.292068,CXMcY63ErFkGvJzal2,10.0.2.15,58807,198.115.82.110,443,TLSv12,TLS_DHE_RSA_WITH_AES_256_CBC_SHA,,subscribe.bostonglobe.com,True,True,CsiI,,,,0ffee3ba8e615ad22535e7f771690a28,38759e3bb980b0ca6bf7f22837b8582f,,,6263.199727,10.0.2.15,58807,198.115.82.110,443,tcp,7.695738999999776,1780.0,7589.0,SF,True,False,0,ShADadfF,13,2308,20,8393,ssl,0
6264.294695,CaGyaGEVnPqMBDlF4,10.0.2.15,58816,104.152.141.97,443,TLSv12,TLS_ECDHE_RSA_WITH_AES_256_CBC_SHA,,t.visto1.net,True,True,CsiI,,,,1a5fe5677b0e4fbbc854e8908225637d,8529fd8de0d7f73186ef5ea8b4531a76,,,6263.389598,10.0.2.15,58816,104.152.141.97,443,tcp,4.327389000000039,997.0,811.0,SF,True,False,0,ShADadfF,7,1285,9,1175,ssl,0
6264.295865,CwaAgZ2PSDhMpyKlA1,10.0.2.15,58805,198.115.82.110,443,TLSv12,TLS_DHE_RSA_WITH_AES_256_CBC_SHA,,subscribe.bostonglobe.com,True,True,CsiI,,,,0ffee3ba8e615ad22535e7f771690a28,38759e3bb980b0ca6bf7f22837b8582f,,,6263.087058,10.0.2.15,58805,198.115.82.110,443,tcp,8.71563900000001,1764.0,2747.0,SF,True,False,0,ShADadfF,11,2212,12,3231,ssl,0
6264.298085,Cmts8f4bmKZ4zBRyi2,10.0.2.15,58804,198.115.82.110,443,TLSv12,TLS_DHE_RSA_WITH_AES_256_CBC_SHA,,subscribe.bostonglobe.com,True,True,CsiI,,,,0ffee3ba8e615ad22535e7f771690a28,38759e3bb980b0ca6bf7f22837b8582f,,,6263.08487,10.0.2.15,58804,198.115.82.110,443,tcp,9.380293000000163,1876.0,982.0,SF,True,False,0,ShADadfF,10,2284,10,1386,ssl,0
6264.431718,Cz7xgB3atsKBizJX41,10.0.2.15,58794,198.115.82.110,443,TLSv12,TLS_DHE_RSA_WITH_AES_256_CBC_SHA,,subscribe.bostonglobe.com,True,True,CsiI,,,,0ffee3ba8e615ad22535e7f771690a28,38759e3bb980b0ca6bf7f22837b8582f,,,6262.952164,10.0.2.15,58794,198.115.82.110,443,tcp,8.746454000000085,1764.0,3163.0,SF,True,False,0,ShADadfF,11,2212,13,3687,ssl,0
6264.432694,Cr24Ky3t7wVZHgvkd5,10.0.2.15,58793,198.115.82.110,443,TLSv12,TLS_DHE_RSA_WITH_AES_256_CBC_SHA,,subscribe.bostonglobe.com,True,True,CsiI,,,,0ffee3ba8e615ad22535e7f771690a28,38759e3bb980b0ca6bf7f22837b8582f,,,6262.950496,10.0.2.15,58793,198.115.82.110,443,tcp,7.805975999999646,1908.0,4837.0,SF,True,False,0,ShADadfF,12,2396,17,5521,ssl,0
6264.296373,CJJLv73K95yOdqZ86k,10.0.2.15,58790,198.115.82.110,443,TLSv12,TLS_DHE_RSA_WITH_AES_256_CBC_SHA,,subscribe.bostonglobe.com,True,True,CsiI,,,,0ffee3ba8e615ad22535e7f771690a28,38759e3bb980b0ca6bf7f22837b8582f,,,6262.689581,10.0.2.15,58790,198.115.82.110,443,tcp,9.90218300000015,1748.0,886.0,SF,True,False,0,ShADadfF,10,2156,10,1290,ssl,0
6264.297607,CLlzr24hRrSaNEyHSh,10.0.2.15,58789,198.115.82.110,443,TLSv12,TLS_DHE_RSA_WITH_AES_256_CBC_SHA,,subscribe.bostonglobe.com,True,True,CsiI,,,,0ffee3ba8e615ad22535e7f771690a28,38759e3bb980b0ca6bf7f22837b8582f,,,6262.688867,10.0.2.15,58789,198.115.82.110,443,tcp,9.901920000000246,1780.0,1787.0,SF,True,False,0,ShADadfF,11,2228,12,2271,ssl,0
6265.992986,CeMhCt17xwsazA302,10.0.2.15,58820,104.152.141.97,443,TLSv12,TLS_ECDHE_RSA_WITH_AES_256_CBC_SHA,,t.visto1.net,True,True,CsiI,,,,1a5fe5677b0e4fbbc854e8908225637d,8529fd8de0d7f73186ef5ea8b4531a76,,,6265.552284,10.0.2.15,58820,104.152.141.97,443,tcp,5.477622999999767,645.0,443.0,SF,True,False,0,ShADadFfRr,8,973,9,807,ssl,0
6265.994653,Cjsz692il3vdaDbuU8,10.0.2.15,58819,104.152.141.97,443,TLSv12,TLS_ECDHE_RSA_WITH_AES_256_CBC_SHA,,t.visto1.net,True,True,CsiI,,,,1a5fe5677b0e4fbbc854e8908225637d,8529fd8de0d7f73186ef5ea8b4531a76,,,6265.551335,10.0.2.15,58819,104.152.141.97,443,tcp,5.48968799999966,645.0,443.0,RSTO,True,False,0,ShADadFR,7,933,7,727,ssl,0
6264.433297,CDszrK1ByCFAjXaMbc,10.0.2.15,58792,198.115.82.110,443,TLSv12,TLS_DHE_RSA_WITH_AES_256_CBC_SHA,,subscribe.bostonglobe.com,True,True,CsiI,,,,0ffee3ba8e615ad22535e7f771690a28,38759e3bb980b0ca6bf7f22837b8582f,,,6262.947109,10.0.2.15,58792,198.115.82.110,443,tcp,8.122663000000102,1764.0,94472.0,SF,True,False,0,ShADadfF,74,4732,135,99876,ssl,0
6270.649201,COAjlHEB4nVdxxYMc,10.0.2.15,58828,52.21.70.46,443,TLSv12,TLS_ECDHE_RSA_WITH_AES_128_GCM_SHA256,,services.babator.com,True,True,CsiI,,,,0ffee3ba8e615ad22535e7f771690a28,303951d4c50efb2e991652225a6f02b1,,,6270.078096,10.0.2.15,58828,52.21.70.46,443,tcp,62.860256999999365,770.0,6856.0,SF,True,False,0,ShADadTFf,15,1384,20,7660,ssl,0
6270.757833,CaFGoR1ZrRcXwFO1A3,10.0.2.15,58829,52.17.100.63,443,TLSv12,TLS_ECDHE_RSA_WITH_AES_128_GCM_SHA256,secp256r1,bcp.crwdcntrl.net,False,True,CsxknGIi,"['131513af4a65033acc7234be892849a35819b02b70aba4c428c133a0a88fdd2e', '973a41276ffd01e027a2aad49e34c37846d3e976ff6a620b6712e33832041aa6', '3a2fbe92891e57fe05d57087f48e730f17e5a5f53ef403d618e5b74d7a7e6ecb', 'c3846bf24b9e93ca64274c0ec67c1ecc5e024ffcacd2d74019350e81fe546ae4']",[],1.0,0ffee3ba8e615ad22535e7f771690a28,303951d4c50efb2e991652225a6f02b1,,,6270.537384,10.0.2.15,58829,52.17.100.63,443,tcp,112.98750199999996,6922.0,10561.0,SF,True,False,0,ShADadTFf,30,8139,33,11885,ssl,0
6271.98402,C7ZqmI3ndBrQ6csJza,10.0.2.15,58833,104.17.212.37,443,TLSv12,TLS_ECDHE_ECDSA_WITH_AES_128_GCM_SHA256,secp256r1,thevideo.me,False,True,CsxuknGIti,"['feef2429d2889f2e23fc8355851522fef2300470cd4ea2ab976ca71d7f977419', 'cd6c108a0e641f2ca122aaa6d03f826759cae7c6f800eabf76dc48b67cd083ce', '9573862ac0b4b125168810ea3fd101ae2eb0bb15f61fc0e6da7a2a38b85a89e8']",[],1.0,0ffee3ba8e615ad22535e7f771690a28,7d3eb4120cd50e889bcd3f3783be0f82,http/1.1,,6271.544192,10.0.2.15,58833,104.17.212.37,443,tcp,147.07154199999968,2883.0,120259.0,SF,True,False,0,ShADadTTFf,88,6423,154,126423,ssl,0
6271.986172,CqAPxG4qdJWkBm9qsa,10.0.2.15,58831,104.17.212.37,443,TLSv12,TLS_ECDHE_ECDSA_WITH_AES_128_GCM_SHA256,secp256r1,thevideo.me,False,True,CsxuknGIti,"['feef2429d2889f2e23fc8355851522fef2300470cd4ea2ab976ca71d7f977419', 'cd6c108a0e641f2ca122aaa6d03f826759cae7c6f800eabf76dc48b67cd083ce', '9573862ac0b4b125168810ea3fd101ae2eb0bb15f61fc0e6da7a2a38b85a89e8']",[],1.0,0ffee3ba8e615ad22535e7f771690a28,7d3eb4120cd50e889bcd3f3783be0f82,http/1.1,,6271.541612,10.0.2.15,58831,104.17.212.37,443,tcp,155.02104099999997,2878.0,188207.0,SF,True,False,0,ShADadTTFf,148,8818,261,198651,ssl,0
6272.123067,CXEIlR2q5dHC668Ad7,10.0.2.15,58832,52.86.126.67,443,TLSv12,TLS_ECDHE_RSA_WITH_AES_128_GCM_SHA256,,b.bostonglobemedia.com,True,True,CsiI,,,,0ffee3ba8e615ad22535e7f771690a28,303951d4c50efb2e991652225a6f02b1,,,6271.543609,10.0.2.15,58832,52.86.126.67,443,tcp,6.984406999999919,313.0,176.0,SF,True,False,0,ShADadFfRr,9,681,9,540,ssl,0
6272.151493,CKmsQD2Jov44HohMP6,10.0.2.15,58830,52.86.126.67,443,TLSv12,TLS_ECDHE_RSA_WITH_AES_128_GCM_SHA256,,b.bostonglobemedia.com,True,True,CsiI,,,,0ffee3ba8e615ad22535e7f771690a28,303951d4c50efb2e991652225a6f02b1,,,6271.540489,10.0.2.15,58830,52.86.126.67,443,tcp,6.998316999999588,313.0,176.0,SF,True,False,0,ShADadFfRr,8,641,9,540,ssl,0
6272.153493,CPRF5R16M4kW4NrYQ2,10.0.2.15,58834,50.19.86.194,443,TLSv12,TLS_ECDHE_RSA_WITH_AES_256_GCM_SHA384,,tags.mediaforge.com,True,True,CsiI,,,,1a5fe5677b0e4fbbc854e8908225637d,364ff14b04ef93c3b4cfa429d729c0d9,,,6271.544707,10.0.2.15,58834,50.19.86.194,443,tcp,7.001070000000254,599.0,353.0,RSTO,True,False,0,ShADadFR,7,887,7,637,ssl,0
6272.593895,CJd10hxiHCu6Ek8za,10.0.2.15,58836,172.227.14.131,443,TLSv12,TLS_ECDHE_RSA_WITH_AES_256_GCM_SHA384,secp256r1,pixel.mathtag.com,False,True,CsxknGIti,"['dad7322918175c978839e369a6708cf9f6b603a4af4f31cdef2956cf7785c40e', 'eae72eb454bf6c3977ebd289e970b2f5282949190093d0d26f98d0f0d6a9cf17', '8420dfbe376f414bf4c0a81e6936d24ccc03f304835b86c7a39142fca723a689']",[],1.0,0ffee3ba8e615ad22535e7f771690a28,2b33c1374db4ddf06942f92373c0b54b,http/1.1,,6272.084704,10.0.2.15,58836,172.227.14.131,443,tcp,3.250627999999778,1777.0,5341.0,RSTO,True,False,0,ShADadFR,11,2225,12,5825,ssl,0
6272.594586,ClqgQD4kUuNlJRlIdk,10.0.2.15,58835,172.227.14.131,443,TLSv12,TLS_ECDHE_RSA_WITH_AES_256_GCM_SHA384,secp256r1,pixel.mathtag.com,False,True,CsxknGIti,"['dad7322918175c978839e369a6708cf9f6b603a4af4f31cdef2956cf7785c40e', 'eae72eb454bf6c3977ebd289e970b2f5282949190093d0d26f98d0f0d6a9cf17', '8420dfbe376f414bf4c0a81e6936d24ccc03f304835b86c7a39142fca723a689']",[],1.0,0ffee3ba8e615ad22535e7f771690a28,2b33c1374db4ddf06942f92373c0b54b,http/1.1,,6272.081491,10.0.2.15,58835,172.227.14.131,443,tcp,3.2616280000002,1777.0,5342.0,RSTO,True,False,0,ShADadFR,11,2225,13,5866,ssl,0
6272.597404,CD7QlS2MB91scXyou8,10.0.2.15,58842,172.227.14.131,443,TLSv12,TLS_ECDHE_RSA_WITH_AES_256_GCM_SHA384,secp256r1,pixel.mathtag.com,False,True,CsxknGIti,"['dad7322918175c978839e369a6708cf9f6b603a4af4f31cdef2956cf7785c40e', 'eae72eb454bf6c3977ebd289e970b2f5282949190093d0d26f98d0f0d6a9cf17', '8420dfbe376f414bf4c0a81e6936d24ccc03f304835b86c7a39142fca723a689']",[],1.0,0ffee3ba8e615ad22535e7f771690a28,2b33c1374db4ddf06942f92373c0b54b,http/1.1,,6272.172279,10.0.2.15,58842,172.227.14.131,443,tcp,7.408806999999797,383.0,4822.0,SF,True,False,0,ShADadFfRr,11,831,14,5386,ssl,0
6272.607218,C0cbUg3z0VudCnfOtk,10.0.2.15,58837,185.33.221.58,443,TLSv12,TLS_ECDHE_RSA_WITH_AES_256_GCM_SHA384,secp256r1,secure.adnxs.com,False,True,CsxuknGIti,"['5b081650e8034418a37504ce0820892be5a66474578207711eb688243fe1a8f2', '074541ecdf88ed992ed5ade3ecddef27a26ba1b44480a195c0a8dadae2521d8e']",[],1.0,0ffee3ba8e615ad22535e7f771690a28,d53e4608f956df65bb2b8a8c4d3b025d,,,6272.158201,10.0.2.15,58837,185.33.221.58,443,tcp,3.582408999999643,3212.0,7888.0,SF,True,False,0,ShADadFf,13,3740,17,8572,ssl,0
6272.602939,CcQuemxFVkgUqhMck,10.0.2.15,58838,54.246.93.254,443,TLSv12,TLS_ECDHE_RSA_WITH_AES_128_GCM_SHA256,secp256r1,match.adsrvr.org,False,True,CsxknGIi,"['eb6a61e357a3b2f8e2ab4cc809f2088543de4475bcacfe6122f6dbe82d9b7c38', '58ea0688b7909aaa8eaaa2fff36f3bbe8f4a2ad03bd70243b3903469db4890f7']",[],1.0,0ffee3ba8e615ad22535e7f771690a28,303951d4c50efb2e991652225a6f02b1,,,6272.159968,10.0.2.15,58838,54.246.93.254,443,tcp,3.735069000000294,3291.0,4617.0,RSTR,True,False,0,ShADadFRr,13,3819,15,5221,ssl,0
6272.601667,CcrXTo3TdRbgKwuYAj,10.0.2.15,58841,54.192.93.49,443,TLSv12,TLS_ECDHE_RSA_WITH_AES_128_GCM_SHA256,secp256r1,assets.dpclk.com,False,True,CsxknGIti,"['cd93523eb33967069558f6899f56348a76399138889b697dc33c60fafa6198d0', '973a41276ffd01e027a2aad49e34c37846d3e976ff6a620b6712e33832041aa6', '3a2fbe92891e57fe05d57087f48e730f17e5a5f53ef403d618e5b74d7a7e6ecb', 'c3846bf24b9e93ca64274c0ec67c1ecc5e024ffcacd2d74019350e81fe546ae4']",[],1.0,0ffee3ba8e615ad22535e7f771690a28,b898351eb5e266aefd3723d466935494,http/1.1,,6272.165509,10.0.2.15,58841,54.192.93.49,443,tcp,3.672491999999693,350.0,5437.0,SF,True,False,0,ShADadFf,10,758,12,5921,ssl,0
6272.601752,C1hOxl7qOeF3VikFb,10.0.2.15,58840,52.3.189.203,443,TLSv12,TLS_ECDHE_RSA_WITH_AES_128_GCM_SHA256,secp256r1,cm.dpclk.com,False,True,CsxknGIti,"['cd93523eb33967069558f6899f56348a76399138889b697dc33c60fafa6198d0', '973a41276ffd01e027a2aad49e34c37846d3e976ff6a620b6712e33832041aa6', '3a2fbe92891e57fe05d57087f48e730f17e5a5f53ef403d618e5b74d7a7e6ecb', 'c3846bf24b9e93ca64274c0ec67c1ecc5e024ffcacd2d74019350e81fe546ae4']",[],1.0,0ffee3ba8e615ad22535e7f771690a28,2b57f9dbfe8cbbe32fb9886c41c7bb20,h2,,6272.163421,10.0.2.15,58840,52.3.189.203,443,tcp,3.770923999999468,315.0,5394.0,RSTO,True,False,0,ShADadFR,9,683,12,5878,ssl,0
6272.601777,C17Arj2F8pXARqi3Ra,10.0.2.15,58839,52.204.168.148,443,TLSv12,TLS_ECDHE_RSA_WITH_AES_256_GCM_SHA384,secp256r1,lsmfcs.rd.linksynergy.com,False,True,CsxknGIti,"['ca1e828c7aef9e2e1e16671b1e0d3b9f65f3692420b1d3403c7f259c0112a08d', 'b7a8af2a4a43f0a86b15604de6461209c9cd76894d8b0748bc99d9a797013bb0']",[],1.0,0ffee3ba8e615ad22535e7f771690a28,758945630046fd37070521b8544d1fe8,,,6272.161179,10.0.2.15,58839,52.204.168.148,443,tcp,3.820421000000351,328.0,3636.0,RSTO,True,False,0,ShADadFR,9,696,10,4040,ssl,0
6273.353215,CFX9Q71qMPNQBNjl9i,10.0.2.15,58844,54.192.95.48,443,TLSv12,TLS_ECDHE_RSA_WITH_AES_128_GCM_SHA256,secp256r1,cdn.babator.com,False,True,CsxuknGIti,"['46df073f0c4d17ea048f483e9690eeb9ea0279e4d25b57d196263a767c2013a5', '973a41276ffd01e027a2aad49e34c37846d3e976ff6a620b6712e33832041aa6', '3a2fbe92891e57fe05d57087f48e730f17e5a5f53ef403d618e5b74d7a7e6ecb', 'c3846bf24b9e93ca64274c0ec67c1ecc5e024ffcacd2d74019350e81fe546ae4']",[],1.0,0ffee3ba8e615ad22535e7f771690a28,76cc3e2d3028143b23ec18e27dbd7ca9,http/1.1,,6273.14399,10.0.2.15,58844,54.192.95.48,443,tcp,122.43867900000076,657.0,157046.0,SF,True,False,0,ShADadTTfF,112,5155,216,165690,ssl,0
6274.762159,CzVF1P3u1arUk5snR7,10.0.2.15,58845,198.115.82.110,443,TLSv12,TLS_DHE_RSA_WITH_AES_256_CBC_SHA,,subscribe.bostonglobe.com,True,True,CsiI,,,,0ffee3ba8e615ad22535e7f771690a28,38759e3bb980b0ca6bf7f22837b8582f,,,6274.416409,10.0.2.15,58845,198.115.82.110,443,tcp,3.920665999999983,1988.0,758.0,SF,True,False,0,ShADadfF,11,2436,10,1162,ssl,0
6274.760795,C6qGkv3b6l6mA9CQR1,10.0.2.15,58846,198.115.82.110,443,TLSv12,TLS_DHE_RSA_WITH_AES_256_CBC_SHA,,subscribe.bostonglobe.com,True,True,CsiI,,,,0ffee3ba8e615ad22535e7f771690a28,38759e3bb980b0ca6bf7f22837b8582f,,,6274.480272,10.0.2.15,58846,198.115.82.110,443,tcp,32.27034300000014,1055.0,4789.0,SF,True,False,0,ShADadTfF,15,1665,18,5513,ssl,0
6275.629062,C5XkPW16rOjk4eLCYd,10.0.2.15,58861,104.17.212.37,443,TLSv12,TLS_ECDHE_ECDSA_WITH_AES_128_GCM_SHA256,,thevideo.me,True,True,CsiI,,,,1a5fe5677b0e4fbbc854e8908225637d,96681175a9547081bf3d417f1a572091,http/1.1,,6274.830217,10.0.2.15,58861,104.17.212.37,443,tcp,151.7056250000005,2402.0,176844.0,SF,True,False,0,ShADadTTFf,89,5983,193,184568,ssl,0
6275.631665,Co9sXQ2mBLlY6Dp1gd,10.0.2.15,58860,104.17.212.37,443,TLSv12,TLS_ECDHE_ECDSA_WITH_AES_128_GCM_SHA256,,thevideo.me,True,True,CsiI,,,,1a5fe5677b0e4fbbc854e8908225637d,96681175a9547081bf3d417f1a572091,http/1.1,,6274.828527,10.0.2.15,58860,104.17.212.37,443,tcp,143.7632739999999,1489.0,4256.0,SF,True,False,0,ShADadTTFf,25,2510,27,5340,ssl,0
6275.632117,CNqtyL2TzuxJp7TGbh,10.0.2.15,58859,104.17.212.37,443,TLSv12,TLS_ECDHE_ECDSA_WITH_AES_128_GCM_SHA256,,thevideo.me,True,True,CsiI,,,,1a5fe5677b0e4fbbc854e8908225637d,96681175a9547081bf3d417f1a572091,http/1.1,,6274.827957,10.0.2.15,58859,104.17.212.37,443,tcp,151.678989,4060.0,215741.0,SF,True,False,0,ShADadTTFf,147,9960,279,226905,ssl,0
6275.633582,CrHF8q1oa3cufMQpE1,10.0.2.15,58858,104.17.212.37,443,TLSv12,TLS_ECDHE_ECDSA_WITH_AES_128_GCM_SHA256,,thevideo.me,True,True,CsiI,,,,1a5fe5677b0e4fbbc854e8908225637d,96681175a9547081bf3d417f1a572091,http/1.1,,6274.827522,10.0.2.15,58858,104.17.212.37,443,tcp,191.7348450000009,9171.0,421375.0,SF,True,False,0,ShADadTTFf,302,21275,573,444299,ssl,0
6275.625758,CcsoWs3Kyg0eb9tGBe,10.0.2.15,58847,198.115.82.110,443,TLSv12,TLS_DHE_RSA_WITH_AES_256_CBC_SHA,,subscribe.bostonglobe.com,True,True,CsiI,,,,0ffee3ba8e615ad22535e7f771690a28,38759e3bb980b0ca6bf7f22837b8582f,,,6274.797581,10.0.2.15,58847,198.115.82.110,443,tcp,33.31334700000025,1071.0,2219.0,SF,True,False,0,ShADadTfF,13,1601,13,2743,ssl,0
6277.379769,CbV5nm4OL9h6sz96G1,10.0.2.15,58868,104.17.212.37,443,TLSv12,TLS_ECDHE_ECDSA_WITH_AES_128_GCM_SHA256,,thevideo.me,True,True,CsiI,,,,1a5fe5677b0e4fbbc854e8908225637d,96681175a9547081bf3d417f1a572091,http/1.1,,6276.371848,10.0.2.15,58868,104.17.212.37,443,tcp,142.25365800000054,1516.0,10633.0,SF,True,False,0,ShADadTTFf,26,2577,30,11837,ssl,0
6277.378933,CaICNh9YVetVC3Nil,10.0.2.15,58862,198.115.82.110,443,TLSv12,TLS_DHE_RSA_WITH_AES_256_CBC_SHA,,subscribe.bostonglobe.com,True,True,CsiI,,,,0ffee3ba8e615ad22535e7f771690a28,38759e3bb980b0ca6bf7f22837b8582f,,,6276.365261,10.0.2.15,58862,198.115.82.110,443,tcp,34.97110599999996,1167.0,2123.0,SF,True,False,0,ShADadTfF,13,1697,13,2647,ssl,0
6277.636409,CLiue64jINNe0oGrl2,10.0.2.15,58865,104.17.212.37,443,TLSv12,TLS_ECDHE_ECDSA_WITH_AES_128_GCM_SHA256,,thevideo.me,True,True,CsiI,,,,1a5fe5677b0e4fbbc854e8908225637d,96681175a9547081bf3d417f1a572091,http/1.1,,6276.368518,10.0.2.15,58865,104.17.212.37,443,tcp,7.901597000000038,599.0,152.0,SF,True,False,0,ShADadFf,8,927,7,436,ssl,0
6277.538755,CRRjljMnFyJVrcfO7,10.0.2.15,58866,104.17.212.37,443,TLSv12,TLS_ECDHE_ECDSA_WITH_AES_128_GCM_SHA256,,thevideo.me,True,True,CsiI,,,,1a5fe5677b0e4fbbc854e8908225637d,96681175a9547081bf3d417f1a572091,http/1.1,,6276.369963,10.0.2.15,58866,104.17.212.37,443,tcp,7.900064999999813,599.0,152.0,SF,True,False,0,ShADadFf,8,927,7,436,ssl,0
6277.459222,C6cjiU2l68abWede6f,10.0.2.15,58867,104.17.212.37,443,TLSv12,TLS_ECDHE_ECDSA_WITH_AES_128_GCM_SHA256,,thevideo.me,True,True,CsiI,,,,1a5fe5677b0e4fbbc854e8908225637d,96681175a9547081bf3d417f1a572091,http/1.1,,6276.370872,10.0.2.15,58867,104.17.212.37,443,tcp,7.869595999999547,599.0,152.0,SF,True,False,0,ShADadFf,8,927,7,436,ssl,0
6279.448773,CBmwIF14WD5rgrrsB4,10.0.2.15,58873,198.115.82.110,443,TLSv12,TLS_DHE_RSA_WITH_AES_256_CBC_SHA,,subscribe.bostonglobe.com,True,True,CsiI,,,,0ffee3ba8e615ad22535e7f771690a28,38759e3bb980b0ca6bf7f22837b8582f,,,6278.527257,10.0.2.15,58873,198.115.82.110,443,tcp,7.346338000000287,362.0,161.0,SF,True,False,0,ShADadFf,7,650,7,445,ssl,0
6279.854624,CHEJjd2YAL8eRWfCp9,10.0.2.15,58880,198.115.82.110,443,TLSv12,TLS_DHE_RSA_WITH_AES_256_CBC_SHA,,subscribe.bostonglobe.com,True,True,CsiI,,,,0ffee3ba8e615ad22535e7f771690a28,38759e3bb980b0ca6bf7f22837b8582f,,,6278.795972,10.0.2.15,58880,198.115.82.110,443,tcp,7.073895999999877,362.0,161.0,SF,True,False,0,ShADadFf,7,650,7,445,ssl,0
6279.296834,C473yQ2VanCf0k2ds,10.0.2.15,58874,185.45.12.102,8777,TLSv12,TLS_ECDHE_RSA_WITH_AES_128_GCM_SHA256,secp256r1,n5575.thevideo.me,False,True,CsxknGIti,"['f9af916494ab38e3d964cd59d8de50e8ebb53a21bb6b8a5d19972b10135fdc92', 'ee793643199474ed60efdc8ccde4d37445921683593aa751bbf8ee491a391e97']",[],1.0,0ffee3ba8e615ad22535e7f771690a28,ccc514751b175866924439bdbb5bba34,,,6278.530861,10.0.2.15,58874,185.45.12.102,8777,tcp,5.7026889999997366,712.0,12094.0,SF,True,False,0,ShADadfF,11,1160,16,12738,ssl,0
6279.297884,CWIL1e2G4uOAoeUg2,10.0.2.15,58872,93.120.27.102,8777,TLSv12,TLS_ECDHE_RSA_WITH_AES_128_GCM_SHA256,secp256r1,d9591.thevideo.me,False,True,CsxknGIti,"['f9af916494ab38e3d964cd59d8de50e8ebb53a21bb6b8a5d19972b10135fdc92', 'ee793643199474ed60efdc8ccde4d37445921683593aa751bbf8ee491a391e97']",[],1.0,0ffee3ba8e615ad22535e7f771690a28,ccc514751b175866924439bdbb5bba34,,,6278.52602,10.0.2.15,58872,93.120.27.102,8777,tcp,5.819822999999815,712.0,8858.0,SF,True,False,0,ShADadfF,10,1120,14,9422,ssl,0
6279.287711,CTD3QL2lxONXOoTGuh,10.0.2.15,58871,93.120.27.102,8777,TLSv12,TLS_ECDHE_RSA_WITH_AES_128_GCM_SHA256,secp256r1,d9591.thevideo.me,False,True,CsxknGIti,"['f9af916494ab38e3d964cd59d8de50e8ebb53a21bb6b8a5d19972b10135fdc92', 'ee793643199474ed60efdc8ccde4d37445921683593aa751bbf8ee491a391e97']",[],1.0,0ffee3ba8e615ad22535e7f771690a28,ccc514751b175866924439bdbb5bba34,,,6278.525668,10.0.2.15,58871,93.120.27.102,8777,tcp,5.975209000000177,712.0,10710.0,SF,True,False,0,ShADadfF,10,1120,15,11314,ssl,0
6279.443511,C3D3sb1m88NdutxR45,10.0.2.15,58877,31.14.252.54,8777,TLSv12,TLS_ECDHE_RSA_WITH_AES_128_GCM_SHA256,secp256r1,n2158.thevideo.me,False,True,CsxknGIti,"['f9af916494ab38e3d964cd59d8de50e8ebb53a21bb6b8a5d19972b10135fdc92', 'ee793643199474ed60efdc8ccde4d37445921683593aa751bbf8ee491a391e97']",[],1.0,0ffee3ba8e615ad22535e7f771690a28,ccc514751b175866924439bdbb5bba34,,,6278.533868,10.0.2.15,58877,31.14.252.54,8777,tcp,6.293239999999969,712.0,6246.0,SF,True,False,0,ShADadfF,10,1120,16,6890,ssl,0
6279.44597,ClmQb74wTgGw2jjLvj,10.0.2.15,58876,188.240.220.90,8777,TLSv12,TLS_ECDHE_RSA_WITH_AES_128_GCM_SHA256,secp256r1,n5587.thevideo.me,False,True,CsxknGIti,"['f9af916494ab38e3d964cd59d8de50e8ebb53a21bb6b8a5d19972b10135fdc92', 'ee793643199474ed60efdc8ccde4d37445921683593aa751bbf8ee491a391e97']",[],1.0,0ffee3ba8e615ad22535e7f771690a28,ccc514751b175866924439bdbb5bba34,,,6278.532116,10.0.2.15,58876,188.240.220.90,8777,tcp,6.30002499999955,712.0,7199.0,SF,True,False,0,ShADadfF,10,1120,16,7843,ssl,0
6279.446802,Cs4o9E4CKIXdSUpry8,10.0.2.15,58875,185.45.15.142,8777,TLSv12,TLS_ECDHE_RSA_WITH_AES_128_GCM_SHA256,secp256r1,n2006.thevideo.me,False,True,CsxknGIti,"['f9af916494ab38e3d964cd59d8de50e8ebb53a21bb6b8a5d19972b10135fdc92', 'ee793643199474ed60efdc8ccde4d37445921683593aa751bbf8ee491a391e97']",[],1.0,0ffee3ba8e615ad22535e7f771690a28,ccc514751b175866924439bdbb5bba34,,,6278.531387,10.0.2.15,58875,185.45.15.142,8777,tcp,6.082679000000098,712.0,11048.0,SF,True,False,0,ShADadfF,14,1280,21,11892,ssl,0
6280.732083,CWgIlh3r2ZOaU9fAm3,10.0.2.15,58885,172.217.23.227,443,TLSv12,TLS_ECDHE_ECDSA_WITH_AES_128_GCM_SHA256,,fonts.gstatic.com,True,True,CsiI,,,,1a5fe5677b0e4fbbc854e8908225637d,c23237dbea656869600e48dfbd00ab7b,h2,,6279.466007,10.0.2.15,58885,172.217.23.227,443,tcp,221.17016599999988,1883.0,74405.0,SF,True,False,0,ShADadFf,51,3931,97,78289,ssl,0
6279.698568,CLe0PF122JEaSG9Md6,10.0.2.15,58878,93.120.27.102,8777,TLSv12,TLS_ECDHE_RSA_WITH_AES_128_GCM_SHA256,secp256r1,d9591.thevideo.me,False,True,CsxknGIti,"['f9af916494ab38e3d964cd59d8de50e8ebb53a21bb6b8a5d19972b10135fdc92', 'ee793643199474ed60efdc8ccde4d37445921683593aa751bbf8ee491a391e97']",[],1.0,0ffee3ba8e615ad22535e7f771690a28,ccc514751b175866924439bdbb5bba34,,,6278.791578,10.0.2.15,58878,93.120.27.102,8777,tcp,7.065043999999943,351.0,3023.0,SF,True,False,0,ShADadFf,9,719,9,3387,ssl,0
6279.848147,CUM3j74iSdZGBbiOgl,10.0.2.15,58884,31.14.252.54,8777,TLSv12,TLS_ECDHE_RSA_WITH_AES_128_GCM_SHA256,secp256r1,n2158.thevideo.me,False,True,CsxknGIti,"['f9af916494ab38e3d964cd59d8de50e8ebb53a21bb6b8a5d19972b10135fdc92', 'ee793643199474ed60efdc8ccde4d37445921683593aa751bbf8ee491a391e97']",[],1.0,0ffee3ba8e615ad22535e7f771690a28,ccc514751b175866924439bdbb5bba34,,,6278.801662,10.0.2.15,58884,31.14.252.54,8777,tcp,7.031500000000051,351.0,3023.0,SF,True,False,0,ShADadFf,9,719,9,3387,ssl,0
6279.85092,CvJPU24DdeLqq6oSB1,10.0.2.15,58883,188.240.220.90,8777,TLSv12,TLS_ECDHE_RSA_WITH_AES_128_GCM_SHA256,secp256r1,n5587.thevideo.me,False,True,CsxknGIti,"['f9af916494ab38e3d964cd59d8de50e8ebb53a21bb6b8a5d19972b10135fdc92', 'ee793643199474ed60efdc8ccde4d37445921683593aa751bbf8ee491a391e97']",[],1.0,0ffee3ba8e615ad22535e7f771690a28,ccc514751b175866924439bdbb5bba34,,,6278.800633,10.0.2.15,58883,188.240.220.90,8777,tcp,7.049074999999902,351.0,3023.0,SF,True,False,0,ShADadFf,9,719,9,3387,ssl,0
6279.852367,CMDwWi2uvGrLIZfeid,10.0.2.15,58882,185.45.15.142,8777,TLSv12,TLS_ECDHE_RSA_WITH_AES_128_GCM_SHA256,secp256r1,n2006.thevideo.me,False,True,CsxknGIti,"['f9af916494ab38e3d964cd59d8de50e8ebb53a21bb6b8a5d19972b10135fdc92', 'ee793643199474ed60efdc8ccde4d37445921683593aa751bbf8ee491a391e97']",[],1.0,0ffee3ba8e615ad22535e7f771690a28,ccc514751b175866924439bdbb5bba34,,,6278.79978,10.0.2.15,58882,185.45.15.142,8777,tcp,7.067183999999543,351.0,3023.0,SF,True,False,0,ShADadFf,9,719,9,3387,ssl,0
6279.853441,Crqg7xEgnlFBmghE7,10.0.2.15,58881,185.45.12.102,8777,TLSv12,TLS_ECDHE_RSA_WITH_AES_128_GCM_SHA256,secp256r1,n5575.thevideo.me,False,True,CsxknGIti,"['f9af916494ab38e3d964cd59d8de50e8ebb53a21bb6b8a5d19972b10135fdc92', 'ee793643199474ed60efdc8ccde4d37445921683593aa751bbf8ee491a391e97']",[],1.0,0ffee3ba8e615ad22535e7f771690a28,ccc514751b175866924439bdbb5bba34,,,6278.798755,10.0.2.15,58881,185.45.12.102,8777,tcp,7.020693000000392,351.0,3023.0,SF,True,False,0,ShADadFf,9,719,9,3387,ssl,0
6279.85624,COQ0Pa3zzY2ySlhIx7,10.0.2.15,58879,93.120.27.102,8777,TLSv12,TLS_ECDHE_RSA_WITH_AES_128_GCM_SHA256,secp256r1,d9591.thevideo.me,False,True,CsxknGIti,"['f9af916494ab38e3d964cd59d8de50e8ebb53a21bb6b8a5d19972b10135fdc92', 'ee793643199474ed60efdc8ccde4d37445921683593aa751bbf8ee491a391e97']",[],1.0,0ffee3ba8e615ad22535e7f771690a28,ccc514751b175866924439bdbb5bba34,,,6278.79276,10.0.2.15,58879,93.120.27.102,8777,tcp,7.03019200000017,351.0,3023.0,SF,True,False,0,ShADadFf,9,719,9,3387,ssl,0
6282.936892,CKXDn1wxCPgnmQqD9,10.0.2.15,58886,172.217.23.227,443,TLSv12,TLS_ECDHE_ECDSA_WITH_AES_128_GCM_SHA256,,fonts.gstatic.com,True,True,CsiI,,,,1a5fe5677b0e4fbbc854e8908225637d,c23237dbea656869600e48dfbd00ab7b,h2,,6280.581665,10.0.2.15,58886,172.217.23.227,443,tcp,7.179971999999907,808.0,212.0,RSTO,True,False,0,ShADadFR,9,1176,9,576,ssl,0
6285.96207,CkqnLE3LNsxg436uz6,10.0.2.15,58900,104.17.216.37,443,TLSv12,TLS_ECDHE_ECDSA_WITH_AES_128_GCM_SHA256,secp256r1,analytics.thevideo.me,False,True,CsxuknGIti,"['feef2429d2889f2e23fc8355851522fef2300470cd4ea2ab976ca71d7f977419', 'cd6c108a0e641f2ca122aaa6d03f826759cae7c6f800eabf76dc48b67cd083ce', '9573862ac0b4b125168810ea3fd101ae2eb0bb15f61fc0e6da7a2a38b85a89e8']",[],1.0,0ffee3ba8e615ad22535e7f771690a28,7d3eb4120cd50e889bcd3f3783be0f82,http/1.1,,6285.776621,10.0.2.15,58900,104.17.216.37,443,tcp,56.12212999999974,2155.0,24761.0,SF,True,False,0,ShADadTFfRr,30,3367,42,26445,ssl,0
6285.965331,C2ZbH33u8EdlO8g4Z2,10.0.2.15,58901,104.17.216.37,443,TLSv12,TLS_ECDHE_ECDSA_WITH_AES_128_GCM_SHA256,secp256r1,analytics.thevideo.me,False,True,CsxuknGIti,"['feef2429d2889f2e23fc8355851522fef2300470cd4ea2ab976ca71d7f977419', 'cd6c108a0e641f2ca122aaa6d03f826759cae7c6f800eabf76dc48b67cd083ce', '9573862ac0b4b125168810ea3fd101ae2eb0bb15f61fc0e6da7a2a38b85a89e8']",[],1.0,0ffee3ba8e615ad22535e7f771690a28,7d3eb4120cd50e889bcd3f3783be0f82,http/1.1,,6285.777085,10.0.2.15,58901,104.17.216.37,443,tcp,5.720033000000512,355.0,3772.0,SF,True,False,0,ShADadFf,10,763,11,4216,ssl,0
6285.77869,CXI38Rrf8EyTU3Uh2,10.0.2.15,58896,63.140.56.215,443,TLSv12,TLS_ECDHE_RSA_WITH_AES_256_GCM_SHA384,secp256r1,smetrics.boston.com,False,True,CsxknGIi,"['3d53a0eca64e003ade743e0905956d611149805c132c1c0b3e8e406044f3160c', '19400be5b7a31fb733917700789d2f0a2471c0c9d506c0e504c06c16d7cb17c0']",[],1.0,0ffee3ba8e615ad22535e7f771690a28,28ef90cc3d9d08c96a8a2cb6f365a79e,,,6285.2712,10.0.2.15,58896,63.140.56.215,443,tcp,17.796164999999746,1803.0,3748.0,SF,True,False,0,ShADadTFf,13,2332,15,4352,ssl,0
6285.779578,CBYdCl36A6h2Y9WRmb,10.0.2.15,58895,63.140.56.215,443,TLSv12,TLS_ECDHE_RSA_WITH_AES_256_GCM_SHA384,secp256r1,smetrics.boston.com,False,True,CsxknGIi,"['3d53a0eca64e003ade743e0905956d611149805c132c1c0b3e8e406044f3160c', '19400be5b7a31fb733917700789d2f0a2471c0c9d506c0e504c06c16d7cb17c0']",[],1.0,0ffee3ba8e615ad22535e7f771690a28,28ef90cc3d9d08c96a8a2cb6f365a79e,,,6285.267891,10.0.2.15,58895,63.140.56.215,443,tcp,6.408239999999751,353.0,3093.0,SF,True,False,0,ShADadFf,10,761,12,3577,ssl,0
6286.31983,C6OoePTMJS5ZMfCb,10.0.2.15,58899,63.140.56.215,443,TLSv12,TLS_ECDHE_RSA_WITH_AES_256_GCM_SHA384,secp256r1,smetrics.boston.com,False,True,CsxknGIi,"['3d53a0eca64e003ade743e0905956d611149805c132c1c0b3e8e406044f3160c', '19400be5b7a31fb733917700789d2f0a2471c0c9d506c0e504c06c16d7cb17c0']",[],1.0,0ffee3ba8e615ad22535e7f771690a28,28ef90cc3d9d08c96a8a2cb6f365a79e,,,6285.540068,10.0.2.15,58899,63.140.56.215,443,tcp,6.135967000000164,353.0,3093.0,SF,True,False,0,ShADadFf,10,761,13,3617,ssl,0
6301.896489,CL7mJZ2iD3B8cZ3Hac,10.0.2.15,58908,104.17.216.37,443,TLSv12,TLS_ECDHE_ECDSA_WITH_AES_128_GCM_SHA256,secp256r1,img.thevideo.me,False,True,CsxuknGIti,"['feef2429d2889f2e23fc8355851522fef2300470cd4ea2ab976ca71d7f977419', 'cd6c108a0e641f2ca122aaa6d03f826759cae7c6f800eabf76dc48b67cd083ce', '9573862ac0b4b125168810ea3fd101ae2eb0bb15f61fc0e6da7a2a38b85a89e8']",[],1.0,0ffee3ba8e615ad22535e7f771690a28,7d3eb4120cd50e889bcd3f3783be0f82,http/1.1,,6301.850997,10.0.2.15,58908,104.17.216.37,443,tcp,117.9609100000007,753.0,31582.0,SF,True,False,0,ShADadTTFf,31,2012,49,33546,ssl,0
6302.614949,CA0SWn1V3BBQ8jJTQ7,10.0.2.15,58909,104.17.216.37,443,TLSv12,TLS_ECDHE_ECDSA_WITH_AES_128_GCM_SHA256,secp256r1,img.thevideo.me,False,True,CsxuknGIti,"['feef2429d2889f2e23fc8355851522fef2300470cd4ea2ab976ca71d7f977419', 'cd6c108a0e641f2ca122aaa6d03f826759cae7c6f800eabf76dc48b67cd083ce', '9573862ac0b4b125168810ea3fd101ae2eb0bb15f61fc0e6da7a2a38b85a89e8']",[],1.0,0ffee3ba8e615ad22535e7f771690a28,7d3eb4120cd50e889bcd3f3783be0f82,http/1.1,,6301.858144,10.0.2.15,58909,104.17.216.37,443,tcp,7.015989000000445,349.0,3755.0,SF,True,False,0,ShADadFf,9,717,10,4159,ssl,0
6302.615767,CmCesp1nstUajZ9zRh,10.0.2.15,58910,104.17.216.37,443,TLSv12,TLS_ECDHE_ECDSA_WITH_AES_128_GCM_SHA256,secp256r1,img.thevideo.me,False,True,CsxuknGIti,"['feef2429d2889f2e23fc8355851522fef2300470cd4ea2ab976ca71d7f977419', 'cd6c108a0e641f2ca122aaa6d03f826759cae7c6f800eabf76dc48b67cd083ce', '9573862ac0b4b125168810ea3fd101ae2eb0bb15f61fc0e6da7a2a38b85a89e8']",[],1.0,0ffee3ba8e615ad22535e7f771690a28,7d3eb4120cd50e889bcd3f3783be0f82,http/1.1,,6302.121198,10.0.2.15,58910,104.17.216.37,443,tcp,6.726792000000387,349.0,3755.0,SF,True,False,0,ShADadFf,9,717,10,4159,ssl,0
6303.396358,CsWS7m4okq9WkVVRvk,10.0.2.15,58911,185.18.187.77,443,TLSv12,TLS_ECDHE_RSA_WITH_AES_256_GCM_SHA384,secp256r1,jsc.mgid.com,False,True,CsxuknGIti,"['f4839f918b085fcaa79bfe24957349300f0cb209ab349ddb9c83f910f1aa76b6', '973a41276ffd01e027a2aad49e34c37846d3e976ff6a620b6712e33832041aa6', '3a2fbe92891e57fe05d57087f48e730f17e5a5f53ef403d618e5b74d7a7e6ecb', 'c3846bf24b9e93ca64274c0ec67c1ecc5e024ffcacd2d74019350e81fe546ae4']",[],1.0,0ffee3ba8e615ad22535e7f771690a28,56b85db39191a25c7b51014bd797544e,http/1.1,,6303.350175,10.0.2.15,58911,185.18.187.77,443,tcp,22.61453800000072,1060.0,66395.0,SF,True,False,0,ShADadTFf,35,2470,76,69439,ssl,0
6303.495652,CYPhnL3vdwaisHAQFc,10.0.2.15,58912,104.28.5.84,443,TLSv12,TLS_ECDHE_ECDSA_WITH_AES_128_GCM_SHA256,secp256r1,code.theads.me,False,True,CsxuknGIti,"['15cbff06da4cefad6639c34d5f5f8f149a7b9cbfec5673b2dc8f117dbf89165f', 'cd6c108a0e641f2ca122aaa6d03f826759cae7c6f800eabf76dc48b67cd083ce', '9573862ac0b4b125168810ea3fd101ae2eb0bb15f61fc0e6da7a2a38b85a89e8']",[],1.0,0ffee3ba8e615ad22535e7f771690a28,7d3eb4120cd50e889bcd3f3783be0f82,h2,,6303.452367,10.0.2.15,58912,104.28.5.84,443,tcp,197.9454880000003,1294.0,6247.0,SF,True,False,0,ShADadFf,22,2182,25,7251,ssl,0
6303.506463,CGaQZk3bZEamXAa0c8,10.0.2.15,58913,104.28.5.84,443,TLSv12,TLS_ECDHE_ECDSA_WITH_AES_128_GCM_SHA256,secp256r1,code.theads.me,False,True,CsxknGIti,"['15cbff06da4cefad6639c34d5f5f8f149a7b9cbfec5673b2dc8f117dbf89165f', 'cd6c108a0e641f2ca122aaa6d03f826759cae7c6f800eabf76dc48b67cd083ce', '9573862ac0b4b125168810ea3fd101ae2eb0bb15f61fc0e6da7a2a38b85a89e8']",[],1.0,0ffee3ba8e615ad22535e7f771690a28,2d1eb5817ece335c24904f516ad5da12,h2,,6303.453086,10.0.2.15,58913,104.28.5.84,443,tcp,0.5453979999992951,557.0,4697.0,RSTO,True,False,0,ShADadFR,12,1045,15,5301,ssl,0
6304.726145,CjJDa71zO8ra2M90r7,10.0.2.15,58915,64.58.116.132,443,TLSv12,TLS_ECDHE_RSA_WITH_AES_128_GCM_SHA256,secp256r1,servicer.mgid.com,False,True,CsxknGIti,"['1bd5ce3406a4db24599dd1c61b47ecef42bbf6a4d452e6fbd2b5eeca22c367b2', '973a41276ffd01e027a2aad49e34c37846d3e976ff6a620b6712e33832041aa6', '3a2fbe92891e57fe05d57087f48e730f17e5a5f53ef403d618e5b74d7a7e6ecb', 'c3846bf24b9e93ca64274c0ec67c1ecc5e024ffcacd2d74019350e81fe546ae4']",[],1.0,0ffee3ba8e615ad22535e7f771690a28,b898351eb5e266aefd3723d466935494,h2,,6304.566282,10.0.2.15,58915,64.58.116.132,443,tcp,4.442082999999911,920.0,6226.0,SF,True,False,0,ShADadFf,15,1528,18,6950,ssl,0
6304.955033,CZSDAhG8xTPSJoW0f,10.0.2.15,58918,93.184.221.48,443,TLSv12,TLS_ECDHE_RSA_WITH_AES_128_GCM_SHA256,secp256r1,ssl.p.jwpcdn.com,False,True,CsxuknGIti,"['80e268f41034f7a5de3a7edcfc972760d7e799247766a6794572cddf93c06f09', '19400be5b7a31fb733917700789d2f0a2471c0c9d506c0e504c06c16d7cb17c0']",[],1.0,0ffee3ba8e615ad22535e7f771690a28,49b45fc1ab090aa3a159778313fc9b9e,h2,,6304.869761,10.0.2.15,58918,93.184.221.48,443,tcp,61.54450300000008,612.0,4122.0,SF,True,False,0,ShADadfF,12,1100,17,4806,ssl,0
6304.895036,C53LrM2hAbXpWFpMoc,10.0.2.15,58917,93.184.221.48,443,TLSv12,TLS_ECDHE_RSA_WITH_AES_128_GCM_SHA256,secp256r1,ssl.p.jwpcdn.com,False,True,CsxuknGIti,"['80e268f41034f7a5de3a7edcfc972760d7e799247766a6794572cddf93c06f09', '19400be5b7a31fb733917700789d2f0a2471c0c9d506c0e504c06c16d7cb17c0']",[],1.0,0ffee3ba8e615ad22535e7f771690a28,49b45fc1ab090aa3a159778313fc9b9e,h2,,6304.803651,10.0.2.15,58917,93.184.221.48,443,tcp,1.52977699999974,799.0,12709.0,SF,True,False,0,ShADadFfRr,16,1447,24,13673,ssl,0
6304.896986,CEVSWq1x0P2JOv7yk2,10.0.2.15,58916,93.184.221.48,443,TLSv12,TLS_ECDHE_RSA_WITH_AES_128_GCM_SHA256,secp256r1,ssl.p.jwpcdn.com,False,True,CsxuknGIti,"['80e268f41034f7a5de3a7edcfc972760d7e799247766a6794572cddf93c06f09', '19400be5b7a31fb733917700789d2f0a2471c0c9d506c0e504c06c16d7cb17c0']",[],1.0,0ffee3ba8e615ad22535e7f771690a28,49b45fc1ab090aa3a159778313fc9b9e,h2,,6304.802675,10.0.2.15,58916,93.184.221.48,443,tcp,1.7315710000002582,800.0,11937.0,SF,True,False,0,ShADadFRfr,16,1448,25,12941,ssl,0
6304.728356,CkJAog31cSHmt8VhXg,10.0.2.15,58914,64.58.116.132,443,TLSv12,TLS_ECDHE_RSA_WITH_AES_128_GCM_SHA256,secp256r1,servicer.mgid.com,False,True,CsxknGIti,"['1bd5ce3406a4db24599dd1c61b47ecef42bbf6a4d452e6fbd2b5eeca22c367b2', '973a41276ffd01e027a2aad49e34c37846d3e976ff6a620b6712e33832041aa6', '3a2fbe92891e57fe05d57087f48e730f17e5a5f53ef403d618e5b74d7a7e6ecb', 'c3846bf24b9e93ca64274c0ec67c1ecc5e024ffcacd2d74019350e81fe546ae4']",[],1.0,0ffee3ba8e615ad22535e7f771690a28,b898351eb5e266aefd3723d466935494,h2,,6304.561554,10.0.2.15,58914,64.58.116.132,443,tcp,196.45748900000035,736.0,5690.0,SF,True,False,0,ShADadFf,20,1544,22,6574,ssl,0
6304.994681,CT2lua33TJlMvyT3Vg,10.0.2.15,58919,93.184.221.48,443,TLSv12,TLS_ECDHE_RSA_WITH_AES_128_GCM_SHA256,secp256r1,ssl.p.jwpcdn.com,False,True,CsxuknGIti,"['80e268f41034f7a5de3a7edcfc972760d7e799247766a6794572cddf93c06f09', '19400be5b7a31fb733917700789d2f0a2471c0c9d506c0e504c06c16d7cb17c0']",[],1.0,0ffee3ba8e615ad22535e7f771690a28,49b45fc1ab090aa3a159778313fc9b9e,h2,,6304.870764,10.0.2.15,58919,93.184.221.48,443,tcp,1.367937999999412,528.0,3943.0,RSTO,True,False,0,ShADadFR,10,936,11,4387,ssl,0
6305.382239,CXlNl81ubpD5pALGGl,10.0.2.15,58920,64.58.116.132,443,TLSv12,TLS_ECDHE_RSA_WITH_AES_128_GCM_SHA256,secp256r1,servicer.mgid.com,False,True,CsxknGIti,"['1bd5ce3406a4db24599dd1c61b47ecef42bbf6a4d452e6fbd2b5eeca22c367b2', '973a41276ffd01e027a2aad49e34c37846d3e976ff6a620b6712e33832041aa6', '3a2fbe92891e57fe05d57087f48e730f17e5a5f53ef403d618e5b74d7a7e6ecb', 'c3846bf24b9e93ca64274c0ec67c1ecc5e024ffcacd2d74019350e81fe546ae4']",[],1.0,0ffee3ba8e615ad22535e7f771690a28,b898351eb5e266aefd3723d466935494,h2,,6304.96395,10.0.2.15,58920,64.58.116.132,443,tcp,4.15914900000007,912.0,6866.0,SF,True,False,0,ShADadFf,16,1560,19,7630,ssl,0
6306.214951,CTYlhJ2ZKK0OrEjqU6,10.0.2.15,58923,64.58.116.132,443,TLSv12,TLS_ECDHE_RSA_WITH_AES_128_GCM_SHA256,secp256r1,servicer.mgid.com,False,True,CsxknGIti,"['1bd5ce3406a4db24599dd1c61b47ecef42bbf6a4d452e6fbd2b5eeca22c367b2', '973a41276ffd01e027a2aad49e34c37846d3e976ff6a620b6712e33832041aa6', '3a2fbe92891e57fe05d57087f48e730f17e5a5f53ef403d618e5b74d7a7e6ecb', 'c3846bf24b9e93ca64274c0ec67c1ecc5e024ffcacd2d74019350e81fe546ae4']",[],1.0,0ffee3ba8e615ad22535e7f771690a28,b898351eb5e266aefd3723d466935494,h2,,6305.389758,10.0.2.15,58923,64.58.116.132,443,tcp,2.402121000000079,529.0,5514.0,RSTO,True,False,0,ShADadFR,10,937,11,5958,ssl,0
6306.751546,CSuW1r3qsWdb8U74uj,10.0.2.15,58926,185.152.65.42,443,TLSv12,TLS_ECDHE_RSA_WITH_AES_128_GCM_SHA256,secp256r1,1524001641.rsc.cdn77.org,False,True,CsxknGIti,"['91d33a9ba8c1da55c448f827ce4aca985862086505a89a431e51e4729002865b', '154c433c491929c5ef686e838e323664a00e6a0d822ccc958fb4dab03e49a08f']",[],1.0,0ffee3ba8e615ad22535e7f771690a28,8d2a028aa94425f76ced7826b1f39039,h2,,6306.139223,10.0.2.15,58926,185.152.65.42,443,tcp,194.9373390000001,956.0,5686.0,SF,True,False,0,ShADadFf,21,1804,25,6690,ssl,0
6306.753616,C50any3YSj8N6Qeou5,10.0.2.15,58927,185.152.65.42,443,TLSv12,TLS_ECDHE_RSA_WITH_AES_128_GCM_SHA256,secp256r1,1524001641.rsc.cdn77.org,False,True,CsxknGIti,"['91d33a9ba8c1da55c448f827ce4aca985862086505a89a431e51e4729002865b', '154c433c491929c5ef686e838e323664a00e6a0d822ccc958fb4dab03e49a08f']",[],1.0,0ffee3ba8e615ad22535e7f771690a28,8d2a028aa94425f76ced7826b1f39039,h2,,6306.139937,10.0.2.15,58927,185.152.65.42,443,tcp,3.030738999999812,567.0,4894.0,RSTO,True,False,0,ShADadFR,12,1055,14,5458,ssl,0
6307.725838,CwV3it390fBvWPvyih,10.0.2.15,58929,185.152.65.42,443,TLSv12,TLS_ECDHE_RSA_WITH_AES_128_GCM_SHA256,secp256r1,1524001641.rsc.cdn77.org,False,True,CsxknGIti,"['91d33a9ba8c1da55c448f827ce4aca985862086505a89a431e51e4729002865b', '154c433c491929c5ef686e838e323664a00e6a0d822ccc958fb4dab03e49a08f']",[],1.0,0ffee3ba8e615ad22535e7f771690a28,8d2a028aa94425f76ced7826b1f39039,h2,,6306.754724,10.0.2.15,58929,185.152.65.42,443,tcp,4.693916999999601,567.0,4856.0,SF,True,False,0,ShADadFf,12,1055,15,5460,ssl,0
6309.950652,CMUEr44mWJ08oF8hF2,10.0.2.15,58941,95.100.191.4,443,TLSv12,TLS_ECDHE_RSA_WITH_AES_256_GCM_SHA384,,sb.scorecardresearch.com,True,True,CsiI,,,,1a5fe5677b0e4fbbc854e8908225637d,410b9bedaf65dd26c6fe547154d60db4,http/1.1,,6309.853719,10.0.2.15,58941,95.100.191.4,443,tcp,130.23216200000024,1188.0,460.0,SF,True,False,0,ShADadTTFfRr,22,2088,23,1384,ssl,0
6309.944872,Csci3F2OkcKbag1363,10.0.2.15,58943,95.100.191.4,443,TLSv12,TLS_ECDHE_RSA_WITH_AES_256_GCM_SHA384,,sb.scorecardresearch.com,True,True,CsiI,,,,1a5fe5677b0e4fbbc854e8908225637d,410b9bedaf65dd26c6fe547154d60db4,http/1.1,,6309.854593,10.0.2.15,58943,95.100.191.4,443,tcp,130.2078650000003,1188.0,460.0,SF,True,False,0,ShADadTTFfRr,22,2088,23,1384,ssl,0
6309.929358,CjjVOT2NNuOPBokj6,10.0.2.15,58938,78.140.166.6,443,TLSv12,TLS_ECDHE_RSA_WITH_AES_256_GCM_SHA384,secp256r1,imgg-cdn.mgid.com,False,True,CsxuknGIti,"['f4839f918b085fcaa79bfe24957349300f0cb209ab349ddb9c83f910f1aa76b6', '973a41276ffd01e027a2aad49e34c37846d3e976ff6a620b6712e33832041aa6', '3a2fbe92891e57fe05d57087f48e730f17e5a5f53ef403d618e5b74d7a7e6ecb', 'c3846bf24b9e93ca64274c0ec67c1ecc5e024ffcacd2d74019350e81fe546ae4']",[],1.0,0ffee3ba8e615ad22535e7f771690a28,56b85db39191a25c7b51014bd797544e,http/1.1,,6309.844832,10.0.2.15,58938,78.140.166.6,443,tcp,30.57827200000065,1055.0,183456.0,SF,True,False,0,ShADadTFf,96,4904,211,191900,ssl,0
6309.942912,Cl7P7R1tPdJlWGfb8e,10.0.2.15,58945,185.180.14.177,443,TLSv12,TLS_ECDHE_RSA_WITH_AES_128_GCM_SHA256,secp256r1,c1.popads.net,False,True,CsxknGIti,"['91d33a9ba8c1da55c448f827ce4aca985862086505a89a431e51e4729002865b', '154c433c491929c5ef686e838e323664a00e6a0d822ccc958fb4dab03e49a08f']",[],1.0,0ffee3ba8e615ad22535e7f771690a28,8d2a028aa94425f76ced7826b1f39039,h2,,6309.855802,10.0.2.15,58945,185.180.14.177,443,tcp,196.50751500000024,918.0,32977.0,SF,True,False,0,ShADadFf,27,2006,50,34981,ssl,0
6309.932665,CIhHtl2BJ2AYJKKU96,10.0.2.15,58937,78.140.166.6,443,TLSv12,TLS_ECDHE_RSA_WITH_AES_256_GCM_SHA384,secp256r1,imgg-cdn.mgid.com,False,True,CsxuknGIti,"['f4839f918b085fcaa79bfe24957349300f0cb209ab349ddb9c83f910f1aa76b6', '973a41276ffd01e027a2aad49e34c37846d3e976ff6a620b6712e33832041aa6', '3a2fbe92891e57fe05d57087f48e730f17e5a5f53ef403d618e5b74d7a7e6ecb', 'c3846bf24b9e93ca64274c0ec67c1ecc5e024ffcacd2d74019350e81fe546ae4']",[],1.0,0ffee3ba8e615ad22535e7f771690a28,56b85db39191a25c7b51014bd797544e,http/1.1,,6309.843666,10.0.2.15,58937,78.140.166.6,443,tcp,26.714214999999967,703.0,126758.0,SF,True,False,0,ShADadTFf,58,3033,139,132322,ssl,0
6309.93966,CdCGr23PqYsBIXRwO9,10.0.2.15,58935,78.140.166.6,443,TLSv12,TLS_ECDHE_RSA_WITH_AES_256_GCM_SHA384,secp256r1,imgg-cdn.mgid.com,False,True,CsxuknGIti,"['f4839f918b085fcaa79bfe24957349300f0cb209ab349ddb9c83f910f1aa76b6', '973a41276ffd01e027a2aad49e34c37846d3e976ff6a620b6712e33832041aa6', '3a2fbe92891e57fe05d57087f48e730f17e5a5f53ef403d618e5b74d7a7e6ecb', 'c3846bf24b9e93ca64274c0ec67c1ecc5e024ffcacd2d74019350e81fe546ae4']",[],1.0,0ffee3ba8e615ad22535e7f771690a28,56b85db39191a25c7b51014bd797544e,http/1.1,,6309.837203,10.0.2.15,58935,78.140.166.6,443,tcp,33.27673700000014,703.0,183950.0,SF,True,False,0,ShADadTFf,106,4953,231,193194,ssl,0
6310.186323,C8Soot4PVouz7lnerh,10.0.2.15,58940,78.140.166.6,443,TLSv12,TLS_ECDHE_RSA_WITH_AES_256_GCM_SHA384,secp256r1,imgg-cdn.mgid.com,False,True,CsxuknGIti,"['f4839f918b085fcaa79bfe24957349300f0cb209ab349ddb9c83f910f1aa76b6', '973a41276ffd01e027a2aad49e34c37846d3e976ff6a620b6712e33832041aa6', '3a2fbe92891e57fe05d57087f48e730f17e5a5f53ef403d618e5b74d7a7e6ecb', 'c3846bf24b9e93ca64274c0ec67c1ecc5e024ffcacd2d74019350e81fe546ae4']",[],1.0,0ffee3ba8e615ad22535e7f771690a28,56b85db39191a25c7b51014bd797544e,http/1.1,,6309.852089,10.0.2.15,58940,78.140.166.6,443,tcp,39.02970300000016,1055.0,185742.0,SF,True,False,0,ShADadTFf,97,4945,219,194506,ssl,0
6310.187459,CuOVih3QmkHH4uuwt4,10.0.2.15,58939,78.140.166.6,443,TLSv12,TLS_ECDHE_RSA_WITH_AES_256_GCM_SHA384,secp256r1,imgg-cdn.mgid.com,False,True,CsxuknGIti,"['f4839f918b085fcaa79bfe24957349300f0cb209ab349ddb9c83f910f1aa76b6', '973a41276ffd01e027a2aad49e34c37846d3e976ff6a620b6712e33832041aa6', '3a2fbe92891e57fe05d57087f48e730f17e5a5f53ef403d618e5b74d7a7e6ecb', 'c3846bf24b9e93ca64274c0ec67c1ecc5e024ffcacd2d74019350e81fe546ae4']",[],1.0,0ffee3ba8e615ad22535e7f771690a28,56b85db39191a25c7b51014bd797544e,http/1.1,,6309.851338,10.0.2.15,58939,78.140.166.6,443,tcp,29.773424999999406,1055.0,46431.0,SF,True,False,0,ShADadTFf,29,2225,55,48635,ssl,0
6310.188529,CCcKhh3LeWlUtRoVjb,10.0.2.15,58946,104.17.212.37,443,TLSv12,TLS_ECDHE_ECDSA_WITH_AES_128_GCM_SHA256,secp256r1,log.thevideo.me,False,True,CsxuknGIti,"['feef2429d2889f2e23fc8355851522fef2300470cd4ea2ab976ca71d7f977419', 'cd6c108a0e641f2ca122aaa6d03f826759cae7c6f800eabf76dc48b67cd083ce', '9573862ac0b4b125168810ea3fd101ae2eb0bb15f61fc0e6da7a2a38b85a89e8']",[],1.0,0ffee3ba8e615ad22535e7f771690a28,7d3eb4120cd50e889bcd3f3783be0f82,http/1.1,,6309.856326,10.0.2.15,58946,104.17.212.37,443,tcp,130.18830900000012,698.0,4322.0,SF,True,False,0,ShADadTTFf,24,1678,25,5326,ssl,0
6310.190152,CdPjBF28H59Py3aC4c,10.0.2.15,58944,78.140.166.6,443,TLSv12,TLS_ECDHE_RSA_WITH_AES_256_GCM_SHA384,secp256r1,cdn.mgid.com,False,True,CsxuknGIti,"['f4839f918b085fcaa79bfe24957349300f0cb209ab349ddb9c83f910f1aa76b6', '973a41276ffd01e027a2aad49e34c37846d3e976ff6a620b6712e33832041aa6', '3a2fbe92891e57fe05d57087f48e730f17e5a5f53ef403d618e5b74d7a7e6ecb', 'c3846bf24b9e93ca64274c0ec67c1ecc5e024ffcacd2d74019350e81fe546ae4']",[],1.0,0ffee3ba8e615ad22535e7f771690a28,56b85db39191a25c7b51014bd797544e,http/1.1,,6309.85527,10.0.2.15,58944,78.140.166.6,443,tcp,24.4848949999996,700.0,10035.0,SF,True,False,0,ShADadTFf,14,1270,18,10759,ssl,0
6310.183479,CxEKUq26YQ2UC9xW26,10.0.2.15,58936,64.58.116.134,443,TLSv12,TLS_ECDHE_RSA_WITH_AES_128_GCM_SHA256,secp256r1,cm.mgid.com,False,True,CsxknGIti,"['1bd5ce3406a4db24599dd1c61b47ecef42bbf6a4d452e6fbd2b5eeca22c367b2', '973a41276ffd01e027a2aad49e34c37846d3e976ff6a620b6712e33832041aa6', '3a2fbe92891e57fe05d57087f48e730f17e5a5f53ef403d618e5b74d7a7e6ecb', 'c3846bf24b9e93ca64274c0ec67c1ecc5e024ffcacd2d74019350e81fe546ae4']",[],1.0,0ffee3ba8e615ad22535e7f771690a28,b898351eb5e266aefd3723d466935494,h2,,6309.839177,10.0.2.15,58936,64.58.116.134,443,tcp,218.38089500000024,2200.0,7096.0,SF,True,False,0,ShADadFf,29,3368,32,8380,ssl,0
6311.851859,CkDq3fAH7YuhU3vAl,10.0.2.15,58947,209.197.3.79,443,TLSv12,TLS_ECDHE_RSA_WITH_AES_128_GCM_SHA256,secp256r1,speednetwork14.adk2.co,False,True,CsxuknGIti,"['59284faf9fda3c994b5343da120bb034cdcfdb065dc2834fb0db113e97d637bc', '973a41276ffd01e027a2aad49e34c37846d3e976ff6a620b6712e33832041aa6', '3a2fbe92891e57fe05d57087f48e730f17e5a5f53ef403d618e5b74d7a7e6ecb', 'c3846bf24b9e93ca64274c0ec67c1ecc5e024ffcacd2d74019350e81fe546ae4']",[],1.0,0ffee3ba8e615ad22535e7f771690a28,a9f50de6377ae7c6dbaabc53f089ac30,,,6310.805854,10.0.2.15,58947,209.197.3.79,443,tcp,10.98420199999964,675.0,9579.0,SF,True,False,0,ShADadfF,14,1243,17,10263,ssl,0
6314.131939,CKn3yfCmqyEO56A5e,10.0.2.15,58934,78.140.166.6,443,TLSv12,TLS_ECDHE_RSA_WITH_AES_256_GCM_SHA384,,imgg-cdn.mgid.com,True,True,CsiI,,,,1a5fe5677b0e4fbbc854e8908225637d,02096378b3237b7e4b9a2cd08715cf34,http/1.1,,6309.451623,10.0.2.15,58934,78.140.166.6,443,tcp,27.903651999999965,951.0,37589.0,SF,True,False,0,ShADadTFf,23,1889,46,39433,ssl,0
6313.939529,CiQO0O1lwGeZBNWRR8,10.0.2.15,58933,78.140.166.6,443,TLSv12,TLS_ECDHE_RSA_WITH_AES_256_GCM_SHA384,,cdn.mgid.com,True,True,CsiI,,,,1a5fe5677b0e4fbbc854e8908225637d,02096378b3237b7e4b9a2cd08715cf34,http/1.1,,6309.450598,10.0.2.15,58933,78.140.166.6,443,tcp,11.993230999999469,599.0,156.0,SF,True,False,0,ShADadFf,8,935,7,440,ssl,0
6314.132694,COh8ht180F6Rwxu4kf,10.0.2.15,58932,78.140.166.6,443,TLSv12,TLS_ECDHE_RSA_WITH_AES_256_GCM_SHA384,,cdn.mgid.com,True,True,CsiI,,,,1a5fe5677b0e4fbbc854e8908225637d,02096378b3237b7e4b9a2cd08715cf34,http/1.1,,6309.449796,10.0.2.15,58932,78.140.166.6,443,tcp,11.987051000000063,599.0,156.0,SF,True,False,0,ShADadFf,8,935,7,440,ssl,0
6315.632355,CZbDfg4et5blo5til8,10.0.2.15,58959,216.52.1.12,443,TLSv12,TLS_ECDHE_RSA_WITH_AES_128_GCM_SHA256,secp256r1,loadm.exelator.com,False,True,CsxknGIti,"['df7c62f472c1d3b0d062e9ed1c65f67a88aad738cc232a6b40b55a446e9092f9', '973a41276ffd01e027a2aad49e34c37846d3e976ff6a620b6712e33832041aa6', '3a2fbe92891e57fe05d57087f48e730f17e5a5f53ef403d618e5b74d7a7e6ecb', 'c3846bf24b9e93ca64274c0ec67c1ecc5e024ffcacd2d74019350e81fe546ae4']",[],1.0,0ffee3ba8e615ad22535e7f771690a28,ccc514751b175866924439bdbb5bba34,,,6315.450483,10.0.2.15,58959,216.52.1.12,443,tcp,4.294366000000082,3812.0,6271.0,SF,True,False,0,ShADadfF,13,4340,16,6915,ssl,0
6315.600126,Cyz5XP3gpuZposJnC7,10.0.2.15,58960,104.94.34.99,443,TLSv12,TLS_ECDHE_RSA_WITH_AES_256_GCM_SHA384,secp256r1,www.petco.com,False,True,CsxknGIti,"['43323112ead0ba2f479a22429989b819928f93099359b01d46be8f3b29956a2f', 'e11e06861c4d308fd944bf17be5e9072a034c4f93034cb59c02d512d30f7fc45', 'd7a7a0fb5d7e2731d771e9484ebcdef71d5f0c3e0a2948782bc83ee0ea699ef4']",[],1.0,0ffee3ba8e615ad22535e7f771690a28,2b33c1374db4ddf06942f92373c0b54b,h2,,6315.451072,10.0.2.15,58960,104.94.34.99,443,tcp,297.4069650000001,19589.0,1408459.0,SF,True,False,0,ShADadFfRr,821,52437,1919,1485223,ssl,0
6315.643133,CXNusp3Wsfj6wN4Nb,10.0.2.15,58962,216.21.13.11,443,TLSv12,TLS_RSA_WITH_3DES_EDE_CBC_SHA,,serve.popads.net,False,True,CsxnGIi,"['20833aac1673f813e0f0560aaa3ab98bbaef71a7661a161d7dc02acf382101aa', '02ab57e4e67a0cb48dd2ff34830e8ac40f4476fb08ca6be3f5cd846f646840f0', '4f32d5dc00f715250abcc486511e37f501a899deb3bf7ea8adbbd3aef1c412da', '687fa451382278fff0c8b11f8d43d576671c6eb2bceab413fb83d965d06d2ff2']",[],1.0,0ffee3ba8e615ad22535e7f771690a28,66a6571ef756b3c9e82b3fd802bbcac2,,,6315.456576,10.0.2.15,58962,216.21.13.11,443,tcp,124.65403300000072,1017.0,7088.0,SF,True,False,0,ShADadTTFf,24,1997,27,8172,ssl,0
6315.64409,CNpK391dctdYz74L7,10.0.2.15,58961,216.21.13.11,443,TLSv12,TLS_RSA_WITH_3DES_EDE_CBC_SHA,,serve.popads.net,False,True,CsxnGIi,"['20833aac1673f813e0f0560aaa3ab98bbaef71a7661a161d7dc02acf382101aa', '02ab57e4e67a0cb48dd2ff34830e8ac40f4476fb08ca6be3f5cd846f646840f0', '4f32d5dc00f715250abcc486511e37f501a899deb3bf7ea8adbbd3aef1c412da', '687fa451382278fff0c8b11f8d43d576671c6eb2bceab413fb83d965d06d2ff2']",[],1.0,0ffee3ba8e615ad22535e7f771690a28,66a6571ef756b3c9e82b3fd802bbcac2,,,6315.453832,10.0.2.15,58961,216.21.13.11,443,tcp,7.558272000000215,556.0,5558.0,SF,True,False,0,ShADadFf,10,964,12,6042,ssl,0
6314.441212,Cbdaft8OsMNLgT7Kf,10.0.2.15,58952,185.45.15.142,8777,TLSv12,TLS_ECDHE_RSA_WITH_AES_128_GCM_SHA256,,n2006.thevideo.me,True,True,CsiI,,,,1a5fe5677b0e4fbbc854e8908225637d,fbe78c619e7ea20046131294ad087f05,,,6312.975752,10.0.2.15,58952,185.45.15.142,8777,tcp,27.81385999999929,1646.0,1126890.0,RSTR,True,False,0,ShADadFRRRRr,553,23774,1424,1183854,ssl,0
6313.264069,CJPt2v3evWrTfQjwIc,10.0.2.15,58950,209.197.3.79,443,TLSv12,TLS_ECDHE_RSA_WITH_AES_128_GCM_SHA256,secp256r1,speednetwork14.adk2.co,False,True,CsxuknGIti,"['59284faf9fda3c994b5343da120bb034cdcfdb065dc2834fb0db113e97d637bc', '973a41276ffd01e027a2aad49e34c37846d3e976ff6a620b6712e33832041aa6', '3a2fbe92891e57fe05d57087f48e730f17e5a5f53ef403d618e5b74d7a7e6ecb', 'c3846bf24b9e93ca64274c0ec67c1ecc5e024ffcacd2d74019350e81fe546ae4']",[],1.0,0ffee3ba8e615ad22535e7f771690a28,a9f50de6377ae7c6dbaabc53f089ac30,,,6311.854743,10.0.2.15,58950,209.197.3.79,443,tcp,9.709230000000389,356.0,7258.0,SF,True,False,0,ShADadFfRr,12,844,14,7822,ssl,0
6314.71636,CXLR9u3p3nNP1RJkbc,10.0.2.15,58954,185.45.15.142,8777,TLSv12,TLS_ECDHE_RSA_WITH_AES_128_GCM_SHA256,,n2006.thevideo.me,True,True,CsiI,,,,1a5fe5677b0e4fbbc854e8908225637d,fbe78c619e7ea20046131294ad087f05,,,6313.22822,10.0.2.15,58954,185.45.15.142,8777,tcp,8.31706099999974,599.0,137.0,SF,True,False,0,ShADadFf,7,887,7,421,ssl,0
6314.831827,C510W62oBggD6vJc73,10.0.2.15,58953,52.55.157.201,443,TLSv12,TLS_ECDHE_RSA_WITH_AES_128_GCM_SHA256,secp256r1,jwpltx.com,False,True,CsxknGIi,"['e5ad24c91144baa0f8bae407564376925c12c7ca8e764f3e10dd2c3c78d1d347', 'f55f9ffcb83c73453261601c7e044db15a0f034b93c05830f28635ef889cf670', '87dcd4dc74640a322cd205552506d1be64f12596258096544986b4850bc72706', '28689b30e4c306aab53b027b29e36ad6dd1dcf4b953994482ca84bdc1ecac996']",[],1.0,0ffee3ba8e615ad22535e7f771690a28,303951d4c50efb2e991652225a6f02b1,,,6313.195996,10.0.2.15,58953,52.55.157.201,443,tcp,56.0271589999993,3188.0,5690.0,SF,True,False,0,ShADadTFf,17,3880,19,6454,ssl,0
6315.018602,C9R61BOwnj09uKrM2,10.0.2.15,58955,52.55.157.201,443,TLSv12,TLS_ECDHE_RSA_WITH_AES_128_GCM_SHA256,secp256r1,jwpltx.com,False,True,CsxknGIi,"['e5ad24c91144baa0f8bae407564376925c12c7ca8e764f3e10dd2c3c78d1d347', 'f55f9ffcb83c73453261601c7e044db15a0f034b93c05830f28635ef889cf670', '87dcd4dc74640a322cd205552506d1be64f12596258096544986b4850bc72706', '28689b30e4c306aab53b027b29e36ad6dd1dcf4b953994482ca84bdc1ecac996']",[],1.0,0ffee3ba8e615ad22535e7f771690a28,303951d4c50efb2e991652225a6f02b1,,,6313.453707,10.0.2.15,58955,52.55.157.201,443,tcp,8.831681000000572,344.0,5162.0,RSTO,True,False,0,ShADadFR,10,752,11,5606,ssl,0
6321.916288,CkPZmJ29zjHXMnUZta,10.0.2.15,58978,130.211.54.133,443,TLSv12,TLS_ECDHE_RSA_WITH_AES_128_GCM_SHA256,secp256r1,speednetwork14.adk2x.com,False,True,CsxknGIti,"['c445885aa2952b2bd970e3063752c069b71d45841cab394a128d919db67adca0', '973a41276ffd01e027a2aad49e34c37846d3e976ff6a620b6712e33832041aa6', '3a2fbe92891e57fe05d57087f48e730f17e5a5f53ef403d618e5b74d7a7e6ecb', 'c3846bf24b9e93ca64274c0ec67c1ecc5e024ffcacd2d74019350e81fe546ae4']",[],1.0,0ffee3ba8e615ad22535e7f771690a28,389ed42c02ebecc32e73aa31def07e14,,,6320.704971,10.0.2.15,58978,130.211.54.133,443,tcp,72.57337199999984,1485.0,10279.0,SF,True,False,0,ShADadTfF,19,2259,23,11203,ssl,0
6322.513354,CcBC3v257vpOihDINj,10.0.2.15,58982,130.211.54.133,443,TLSv12,TLS_ECDHE_RSA_WITH_AES_128_GCM_SHA256,secp256r1,speednetwork14.adk2x.com,False,True,CsxknGIti,"['c445885aa2952b2bd970e3063752c069b71d45841cab394a128d919db67adca0', '973a41276ffd01e027a2aad49e34c37846d3e976ff6a620b6712e33832041aa6', '3a2fbe92891e57fe05d57087f48e730f17e5a5f53ef403d618e5b74d7a7e6ecb', 'c3846bf24b9e93ca64274c0ec67c1ecc5e024ffcacd2d74019350e81fe546ae4']",[],1.0,0ffee3ba8e615ad22535e7f771690a28,389ed42c02ebecc32e73aa31def07e14,,,6321.042169,10.0.2.15,58982,130.211.54.133,443,tcp,7.18046299999969,358.0,5455.0,SF,True,False,0,ShADadFf,10,766,11,5899,ssl,0
6322.379049,C93DQOcOaVbDVPQ8c,10.0.2.15,58984,104.28.8.88,443,TLSv12,TLS_ECDHE_ECDSA_WITH_AES_128_GCM_SHA256,secp256r1,thevideo.ch,False,True,CsxuknGIti,"['133f26777b02c0c7b15d588c57b0f5c66ca874641db7e548fd4e10a48f5c14e8', 'cd6c108a0e641f2ca122aaa6d03f826759cae7c6f800eabf76dc48b67cd083ce', '9573862ac0b4b125168810ea3fd101ae2eb0bb15f61fc0e6da7a2a38b85a89e8']",[],1.0,0ffee3ba8e615ad22535e7f771690a28,7d3eb4120cd50e889bcd3f3783be0f82,h2,,6321.044202,10.0.2.15,58984,104.28.8.88,443,tcp,190.73697300000003,684.0,4995.0,SF,True,False,0,ShADadFf,17,1372,19,5759,ssl,0
6322.041838,CaPNV249L4ARXvaZl,10.0.2.15,58973,64.58.116.134,443,TLSv12,TLS_ECDHE_RSA_WITH_AES_256_GCM_SHA384,secp256r1,c.mgid.com,False,True,CsxknGIti,"['1bd5ce3406a4db24599dd1c61b47ecef42bbf6a4d452e6fbd2b5eeca22c367b2', '973a41276ffd01e027a2aad49e34c37846d3e976ff6a620b6712e33832041aa6', '3a2fbe92891e57fe05d57087f48e730f17e5a5f53ef403d618e5b74d7a7e6ecb', 'c3846bf24b9e93ca64274c0ec67c1ecc5e024ffcacd2d74019350e81fe546ae4']",[],1.0,0ffee3ba8e615ad22535e7f771690a28,a39e18564e32e1822751c4af0bfba817,h2,,6320.698792,10.0.2.15,58973,64.58.116.134,443,tcp,5.479999000000134,524.0,5552.0,RSTO,True,False,0,ShADadFR,11,972,13,6076,ssl,0
6322.802873,CLaVQZ3QeH7tyjLk8c,10.0.2.15,58981,64.58.116.134,443,TLSv12,TLS_ECDHE_RSA_WITH_AES_256_GCM_SHA384,secp256r1,c.mgid.com,False,True,CsxknGIti,"['1bd5ce3406a4db24599dd1c61b47ecef42bbf6a4d452e6fbd2b5eeca22c367b2', '973a41276ffd01e027a2aad49e34c37846d3e976ff6a620b6712e33832041aa6', '3a2fbe92891e57fe05d57087f48e730f17e5a5f53ef403d618e5b74d7a7e6ecb', 'c3846bf24b9e93ca64274c0ec67c1ecc5e024ffcacd2d74019350e81fe546ae4']",[],1.0,0ffee3ba8e615ad22535e7f771690a28,a39e18564e32e1822751c4af0bfba817,h2,,6321.040946,10.0.2.15,58981,64.58.116.134,443,tcp,5.210215000000062,524.0,5552.0,RSTO,True,False,0,ShADadFR,11,972,13,6076,ssl,0
6322.589356,CQUSUf3OBnmBAcroIg,10.0.2.15,58983,95.211.229.246,443,TLSv12,TLS_ECDHE_RSA_WITH_AES_256_GCM_SHA384,secp256r1,syndication.exoclick.com,False,True,CsxknGIti,"['b25b9c2cc483f24e6e6445c5a1cd54106eb0416d04eae1b5813cf1dc841b5b8b', '973a41276ffd01e027a2aad49e34c37846d3e976ff6a620b6712e33832041aa6', '3a2fbe92891e57fe05d57087f48e730f17e5a5f53ef403d618e5b74d7a7e6ecb', 'c3846bf24b9e93ca64274c0ec67c1ecc5e024ffcacd2d74019350e81fe546ae4']",[],1.0,0ffee3ba8e615ad22535e7f771690a28,758945630046fd37070521b8544d1fe8,,,6321.043187,10.0.2.15,58983,95.211.229.246,443,tcp,7.011993000000075,358.0,5464.0,SF,True,False,0,ShADadFf,9,726,11,5908,ssl,0
6324.725496,C5tCjvBykmzQ7chIe,10.0.2.15,58985,78.140.191.92,443,TLSv12,TLS_ECDHE_RSA_WITH_AES_128_CBC_SHA,secp256r1,go.oclasrv.com,False,True,CsxknGIti,"['5c20d17ef9895e12ad3f92266965ea3928cd0e825804ee28327506de7eddd857', '92ef2f5b553570607dc29c8010e7abc16283fe355f955a248254290a260a9ebb']",[],1.0,0ffee3ba8e615ad22535e7f771690a28,ea60207541145da6619a37edc2d8dfff,,,6323.599158,10.0.2.15,58985,78.140.191.92,443,tcp,7.83480899999995,394.0,3430.0,SF,True,False,0,ShADadFf,10,802,10,3834,ssl,0
6321.914384,Cme4zU1XbYmhQJs8Ac,10.0.2.15,58979,95.211.229.246,443,TLSv12,TLS_ECDHE_RSA_WITH_AES_256_GCM_SHA384,,syndication.exoclick.com,False,False,Cs,,,,0ffee3ba8e615ad22535e7f771690a28,758945630046fd37070521b8544d1fe8,,,6320.705535,10.0.2.15,58979,95.211.229.246,443,tcp,2.640760000000227,201.0,1460.0,RSTR,True,False,0,ShADaFdRr,6,449,6,1704,ssl,0
6322.043894,CwyAet1P51hvXRq8N6,10.0.2.15,58980,104.28.8.88,443,TLSv12,TLS_ECDHE_ECDSA_WITH_AES_128_GCM_SHA256,,thevideo.ch,False,False,Cs,,,,0ffee3ba8e615ad22535e7f771690a28,7d3eb4120cd50e889bcd3f3783be0f82,h2,,6320.706256,10.0.2.15,58980,104.28.8.88,443,tcp,2.7491430000000032,188.0,1460.0,RSTR,True,False,0,ShADaFdRr,6,436,6,1704,ssl,0
6325.120012,C4RUtc3e82alcemZvj,10.0.2.15,58986,95.101.244.223,443,TLSv12,TLS_ECDHE_RSA_WITH_AES_256_GCM_SHA384,secp256r1,petco.scene7.com,False,True,CsxknGIti,"['ae9db2764bf3566e5edb5520577e0d472865a8f5af3cc010d157b8d8bfe84f6e', 'eae72eb454bf6c3977ebd289e970b2f5282949190093d0d26f98d0f0d6a9cf17']",[],1.0,0ffee3ba8e615ad22535e7f771690a28,2b33c1374db4ddf06942f92373c0b54b,http/1.1,,6323.969784,10.0.2.15,58986,95.101.244.223,443,tcp,7.07251400000041,350.0,3601.0,SF,True,False,0,ShADadFfRr,11,798,12,4085,ssl,0
6327.910913,CCElna4pyX3ezLv7Th,10.0.2.15,58987,151.101.112.207,443,TLSv12,TLS_ECDHE_RSA_WITH_AES_128_GCM_SHA256,secp256r1,js-agent.newrelic.com,False,True,CsxuknGIti,"['ca070501b7e46f43787e9ec2f2d3e72c170cd1881f8200e63bdae1b6ded39ed9', '74ef335e5e18788307fb9d89cb704bec112abd23487dbff41c4ded5070f241d9']",[],1.0,0ffee3ba8e615ad22535e7f771690a28,860fcf58fd757e26aa8911e5eaff6b53,http/1.1,,6324.251884,10.0.2.15,58987,151.101.112.207,443,tcp,9.930614999999309,387.0,6617.0,SF,True,False,0,ShADadFfRr,13,923,17,7301,ssl,0
6329.713202,CHsIHi3pPz1JhbuzI,10.0.2.15,58997,209.197.3.22,443,TLSv12,TLS_ECDHE_RSA_WITH_AES_128_GCM_SHA256,secp256r1,p.adwsys.com,False,True,CsxuknGIti,"['b4194a157c69f7adc3549d2032d593d8f9dd182013fce8b3de5c7b1634a62dbc', '973a41276ffd01e027a2aad49e34c37846d3e976ff6a620b6712e33832041aa6', '3a2fbe92891e57fe05d57087f48e730f17e5a5f53ef403d618e5b74d7a7e6ecb', 'c3846bf24b9e93ca64274c0ec67c1ecc5e024ffcacd2d74019350e81fe546ae4']",[],1.0,0ffee3ba8e615ad22535e7f771690a28,a9f50de6377ae7c6dbaabc53f089ac30,,,6329.00076,10.0.2.15,58997,209.197.3.22,443,tcp,7.716003999999884,1362.0,7725.0,SF,True,False,0,ShADadfF,12,1850,18,8449,ssl,0
6329.714487,CcmG451gsdyTIfeJX5,10.0.2.15,58996,209.197.3.22,443,TLSv12,TLS_ECDHE_RSA_WITH_AES_128_GCM_SHA256,secp256r1,p.adwsys.com,False,True,CsxuknGIti,"['b4194a157c69f7adc3549d2032d593d8f9dd182013fce8b3de5c7b1634a62dbc', '973a41276ffd01e027a2aad49e34c37846d3e976ff6a620b6712e33832041aa6', '3a2fbe92891e57fe05d57087f48e730f17e5a5f53ef403d618e5b74d7a7e6ecb', 'c3846bf24b9e93ca64274c0ec67c1ecc5e024ffcacd2d74019350e81fe546ae4']",[],1.0,0ffee3ba8e615ad22535e7f771690a28,a9f50de6377ae7c6dbaabc53f089ac30,,,6328.998413,10.0.2.15,58996,209.197.3.22,443,tcp,5.837893999999324,346.0,7249.0,SF,True,False,0,ShADadFfRr,11,794,17,7933,ssl,0
6329.721484,C5XV2w6Xaw5xgLIS2,10.0.2.15,58994,216.137.61.113,443,TLSv12,TLS_ECDHE_RSA_WITH_AES_128_GCM_SHA256,secp256r1,d2nq0f8d9ofdwv.cloudfront.net,False,True,CsxuknGIti,"['90c0937808b31877df6c4a5c743c99325d974624be3735faa5078cf73d4fd205', 'eae72eb454bf6c3977ebd289e970b2f5282949190093d0d26f98d0f0d6a9cf17']",[],1.0,0ffee3ba8e615ad22535e7f771690a28,76cc3e2d3028143b23ec18e27dbd7ca9,http/1.1,,6328.994815,10.0.2.15,58994,216.137.61.113,443,tcp,5.816335999999865,363.0,5199.0,SF,True,False,0,ShADadFf,11,811,14,5763,ssl,0
6322.038989,CRVECz4txaVzjjjxN6,10.0.2.15,58975,64.58.116.134,443,TLSv12,TLS_ECDHE_RSA_WITH_AES_256_GCM_SHA384,secp256r1,c.mgid.com,False,True,CsxknGIti,"['1bd5ce3406a4db24599dd1c61b47ecef42bbf6a4d452e6fbd2b5eeca22c367b2', '973a41276ffd01e027a2aad49e34c37846d3e976ff6a620b6712e33832041aa6', '3a2fbe92891e57fe05d57087f48e730f17e5a5f53ef403d618e5b74d7a7e6ecb', 'c3846bf24b9e93ca64274c0ec67c1ecc5e024ffcacd2d74019350e81fe546ae4']",[],1.0,0ffee3ba8e615ad22535e7f771690a28,a39e18564e32e1822751c4af0bfba817,h2,,6320.701048,10.0.2.15,58975,64.58.116.134,443,tcp,10.982796999999664,524.0,5514.0,SF,True,False,0,ShADadFf,11,972,13,6038,ssl,0
6329.716373,CQzwUvx3BOGR6hGLa,10.0.2.15,58995,216.137.61.113,443,TLSv12,TLS_ECDHE_RSA_WITH_AES_128_GCM_SHA256,secp256r1,d2nq0f8d9ofdwv.cloudfront.net,False,True,CsxuknGIti,"['90c0937808b31877df6c4a5c743c99325d974624be3735faa5078cf73d4fd205', 'eae72eb454bf6c3977ebd289e970b2f5282949190093d0d26f98d0f0d6a9cf17']",[],1.0,0ffee3ba8e615ad22535e7f771690a28,76cc3e2d3028143b23ec18e27dbd7ca9,http/1.1,,6328.996464,10.0.2.15,58995,216.137.61.113,443,tcp,122.93277500000022,798.0,8490.0,SF,True,False,0,ShADadTTfF,23,1737,30,9694,ssl,0
6329.727025,C10yB846BuxZJIGMEk,10.0.2.15,58999,209.197.3.41,443,TLSv12,TLS_ECDHE_RSA_WITH_AES_128_GCM_SHA256,secp256r1,ee8f928b71ed0dc6033231fa0943d9f5.adsk2.co,False,True,CsxuknGIti,"['10ba72df0d9747c270490515764db3bc32473529515c82470d4c5925274f5eed', '973a41276ffd01e027a2aad49e34c37846d3e976ff6a620b6712e33832041aa6', '3a2fbe92891e57fe05d57087f48e730f17e5a5f53ef403d618e5b74d7a7e6ecb', 'c3846bf24b9e93ca64274c0ec67c1ecc5e024ffcacd2d74019350e81fe546ae4']",[],1.0,0ffee3ba8e615ad22535e7f771690a28,a9f50de6377ae7c6dbaabc53f089ac30,,,6329.091482,10.0.2.15,58999,209.197.3.41,443,tcp,7.630229999999756,865.0,40430.0,SF,True,False,0,ShADadfF,25,1873,55,42634,ssl,0
6329.729252,CNAtdD1ansLw0gu3Sc,10.0.2.15,58998,209.197.3.41,443,TLSv12,TLS_ECDHE_RSA_WITH_AES_128_GCM_SHA256,secp256r1,ee8f928b71ed0dc6033231fa0943d9f5.adsk2.co,False,True,CsxuknGIti,"['10ba72df0d9747c270490515764db3bc32473529515c82470d4c5925274f5eed', '973a41276ffd01e027a2aad49e34c37846d3e976ff6a620b6712e33832041aa6', '3a2fbe92891e57fe05d57087f48e730f17e5a5f53ef403d618e5b74d7a7e6ecb', 'c3846bf24b9e93ca64274c0ec67c1ecc5e024ffcacd2d74019350e81fe546ae4']",[],1.0,0ffee3ba8e615ad22535e7f771690a28,a9f50de6377ae7c6dbaabc53f089ac30,,,6329.090948,10.0.2.15,58998,209.197.3.41,443,tcp,5.741997000000083,375.0,7275.0,SF,True,False,0,ShADadFfRr,12,863,16,7919,ssl,0
6329.734593,CxtPmF4EL0tlcmU3t5,10.0.2.15,59001,209.197.3.22,443,TLSv12,TLS_ECDHE_RSA_WITH_AES_128_GCM_SHA256,secp256r1,p.adwsys.com,False,True,CsxuknGIti,"['b4194a157c69f7adc3549d2032d593d8f9dd182013fce8b3de5c7b1634a62dbc', '973a41276ffd01e027a2aad49e34c37846d3e976ff6a620b6712e33832041aa6', '3a2fbe92891e57fe05d57087f48e730f17e5a5f53ef403d618e5b74d7a7e6ecb', 'c3846bf24b9e93ca64274c0ec67c1ecc5e024ffcacd2d74019350e81fe546ae4']",[],1.0,0ffee3ba8e615ad22535e7f771690a28,a9f50de6377ae7c6dbaabc53f089ac30,,,6329.306609,10.0.2.15,59001,209.197.3.22,443,tcp,5.510470999999597,346.0,7249.0,SF,True,False,0,ShADadFfRr,12,834,17,7933,ssl,0
6329.738258,CLqUQZ3pLcX6QOLx4f,10.0.2.15,59000,216.137.61.113,443,TLSv12,TLS_ECDHE_RSA_WITH_AES_128_GCM_SHA256,secp256r1,d2nq0f8d9ofdwv.cloudfront.net,False,True,CsxuknGIti,"['90c0937808b31877df6c4a5c743c99325d974624be3735faa5078cf73d4fd205', 'eae72eb454bf6c3977ebd289e970b2f5282949190093d0d26f98d0f0d6a9cf17']",[],1.0,0ffee3ba8e615ad22535e7f771690a28,76cc3e2d3028143b23ec18e27dbd7ca9,http/1.1,,6329.305452,10.0.2.15,59000,216.137.61.113,443,tcp,6.349888000000647,363.0,5199.0,SF,True,False,0,ShADadFf,10,771,13,5723,ssl,0
6330.298241,CKq7yN2rUr0ESKrDHa,10.0.2.15,59002,209.197.3.41,443,TLSv12,TLS_ECDHE_RSA_WITH_AES_128_GCM_SHA256,secp256r1,ee8f928b71ed0dc6033231fa0943d9f5.adsk2.co,False,True,CsxuknGIti,"['10ba72df0d9747c270490515764db3bc32473529515c82470d4c5925274f5eed', '973a41276ffd01e027a2aad49e34c37846d3e976ff6a620b6712e33832041aa6', '3a2fbe92891e57fe05d57087f48e730f17e5a5f53ef403d618e5b74d7a7e6ecb', 'c3846bf24b9e93ca64274c0ec67c1ecc5e024ffcacd2d74019350e81fe546ae4']",[],1.0,0ffee3ba8e615ad22535e7f771690a28,a9f50de6377ae7c6dbaabc53f089ac30,,,6329.58975,10.0.2.15,59002,209.197.3.41,443,tcp,6.235364000000118,344.0,7275.0,SF,True,False,0,ShADadfF,10,752,15,7879,ssl,0
6335.46383,CtVP9AH1NFog84bU7,10.0.2.15,59004,104.17.213.37,443,TLSv12,TLS_ECDHE_ECDSA_WITH_AES_128_GCM_SHA256,secp256r1,player.thevideo.me,False,True,CsxuknGIti,"['feef2429d2889f2e23fc8355851522fef2300470cd4ea2ab976ca71d7f977419', 'cd6c108a0e641f2ca122aaa6d03f826759cae7c6f800eabf76dc48b67cd083ce', '9573862ac0b4b125168810ea3fd101ae2eb0bb15f61fc0e6da7a2a38b85a89e8']",[],1.0,0ffee3ba8e615ad22535e7f771690a28,7d3eb4120cd50e889bcd3f3783be0f82,http/1.1,,6335.441735,10.0.2.15,59004,104.17.213.37,443,tcp,6.15087499999936,352.0,3757.0,SF,True,False,0,ShADadFf,9,720,10,4161,ssl,0
6335.460766,CZ9IHZpq63D3em4qk,10.0.2.15,59003,104.17.213.37,443,TLSv12,TLS_ECDHE_ECDSA_WITH_AES_128_GCM_SHA256,secp256r1,player.thevideo.me,False,True,CsxuknGIti,"['feef2429d2889f2e23fc8355851522fef2300470cd4ea2ab976ca71d7f977419', 'cd6c108a0e641f2ca122aaa6d03f826759cae7c6f800eabf76dc48b67cd083ce', '9573862ac0b4b125168810ea3fd101ae2eb0bb15f61fc0e6da7a2a38b85a89e8']",[],1.0,0ffee3ba8e615ad22535e7f771690a28,7d3eb4120cd50e889bcd3f3783be0f82,http/1.1,,6335.434364,10.0.2.15,59003,104.17.213.37,443,tcp,131.12792400000035,888.0,4548.0,SF,True,False,0,ShADadTTFf,25,1908,26,5592,ssl,0
6344.056026,CbNtYq4ikJTpA16Awc,10.0.2.15,59008,172.217.23.227,443,TLSv12,TLS_ECDHE_RSA_WITH_AES_128_GCM_SHA256,x25519,www.google.de,False,True,CsxknGIti,"['67573ac29033d915e933504bbd7b5b928c5aa3e772e06d001536c7cf002f3bec', '9f630426df1d8abfd80ace98871ba833ab9742cb34838de2b5285ed54c0c7dcc', '3c35cc963eb004451323d3275d05b353235053490d9cd83729a2faf5e7ca1cc0']",[],1.0,0ffee3ba8e615ad22535e7f771690a28,ab41313cfec25328b20865eb1388e0a2,h2,,6343.997796,10.0.2.15,59008,172.217.23.227,443,tcp,219.78682200000003,3067.0,286351.0,SF,True,False,0,ShADadFf,131,8315,334,299715,ssl,0
6345.775703,CchPqa6AVAW3lq9ul,10.0.2.15,59010,54.225.201.28,443,TLSv12,TLS_ECDHE_RSA_WITH_AES_128_GCM_SHA256,secp256r1,sc.liveclicker.net,False,True,CsxknGIi,"['7c6079e03f8dfe2b3281c76392223e37245d695f4440a64e61c7cd5744a9b8cd', '3f3af9c9cc2c7599ef8f6dd7ca516cfc1797d7d12002254f3bfd0d4d0fe9de86']",[],1.0,0ffee3ba8e615ad22535e7f771690a28,303951d4c50efb2e991652225a6f02b1,,,6345.652578,10.0.2.15,59010,54.225.201.28,443,tcp,62.27619700000014,1804.0,23396.0,SF,True,False,0,ShADadTFf,23,2738,39,24960,ssl,0
6346.390934,CgvoeepmUBYS3YI8,10.0.2.15,59012,172.217.23.227,443,TLSv12,TLS_ECDHE_ECDSA_WITH_AES_128_GCM_SHA256,x25519,ssl.gstatic.com,False,True,CsxknGIti,"['11ddd329046367c19b32ffdb02ed308de129de4d6ffcf95856d7bd6a7accfba9', '9f630426df1d8abfd80ace98871ba833ab9742cb34838de2b5285ed54c0c7dcc', '3c35cc963eb004451323d3275d05b353235053490d9cd83729a2faf5e7ca1cc0']",[],1.0,0ffee3ba8e615ad22535e7f771690a28,84480cf8cf0e732666092640e581e1a5,h2,,6346.370963,10.0.2.15,59012,172.217.23.227,443,tcp,216.92656399999944,733.0,4561.0,SF,True,False,0,ShADadFf,18,1461,22,5445,ssl,0
6346.917764,CKzMAq3CbCsfvn9Wee,10.0.2.15,59014,95.101.244.223,443,TLSv12,TLS_ECDHE_RSA_WITH_AES_256_GCM_SHA384,,s7d1.scene7.com,True,True,CsiI,,,,1a5fe5677b0e4fbbc854e8908225637d,410b9bedaf65dd26c6fe547154d60db4,http/1.1,,6346.688397,10.0.2.15,59014,95.101.244.223,443,tcp,1.966580000000249,1374.0,15188.0,SF,True,False,0,ShADadFfRr,16,2022,27,16272,ssl,0
6346.918486,CDPuEO2F6FfOrBIuJ6,10.0.2.15,59013,95.101.244.223,443,TLSv12,TLS_ECDHE_RSA_WITH_AES_256_GCM_SHA384,,s7d1.scene7.com,True,True,CsiI,,,,1a5fe5677b0e4fbbc854e8908225637d,410b9bedaf65dd26c6fe547154d60db4,http/1.1,,6346.687757,10.0.2.15,59013,95.101.244.223,443,tcp,71.27125700000033,6064.0,904178.0,RSTR,True,False,0,ShADadTFRr,486,25513,1144,949942,ssl,0
6347.617176,CKdt9P3jp11uELlMjg,10.0.2.15,59016,95.101.244.223,443,TLSv12,TLS_ECDHE_RSA_WITH_AES_256_GCM_SHA384,,s7d1.scene7.com,True,True,CsiI,,,,1a5fe5677b0e4fbbc854e8908225637d,410b9bedaf65dd26c6fe547154d60db4,http/1.1,,6347.062911,10.0.2.15,59016,95.101.244.223,443,tcp,242.4709480000001,5395.0,713246.0,SF,True,False,0,ShADadTTFfRr,364,19982,955,751450,ssl,0
6347.615152,CgbvLd4afbZOOR7Dei,10.0.2.15,59015,95.101.244.223,443,TLSv12,TLS_ECDHE_RSA_WITH_AES_256_GCM_SHA384,,s7d1.scene7.com,True,True,CsiI,,,,1a5fe5677b0e4fbbc854e8908225637d,410b9bedaf65dd26c6fe547154d60db4,http/1.1,,6347.061593,10.0.2.15,59015,95.101.244.223,443,tcp,32.581192999999985,1673.0,247643.0,RSTO,True,False,0,ShADadFR,132,6961,331,260887,ssl,0
6347.745411,C9MYUv2sYc3jieDVJ8,10.0.2.15,59017,95.101.244.223,443,TLSv12,TLS_ECDHE_RSA_WITH_AES_256_GCM_SHA384,,s7d1.scene7.com,True,True,CsiI,,,,1a5fe5677b0e4fbbc854e8908225637d,410b9bedaf65dd26c6fe547154d60db4,http/1.1,,6347.316872,10.0.2.15,59017,95.101.244.223,443,tcp,31.054406999999628,2740.0,206001.0,RSTR,True,False,0,ShADadFRr,119,7508,253,216125,ssl,0
6348.186342,CbxLdp2JNS1CljMCp5,10.0.2.15,59018,95.101.244.223,443,TLSv12,TLS_ECDHE_RSA_WITH_AES_256_GCM_SHA384,,s7d1.scene7.com,True,True,CsiI,,,,1a5fe5677b0e4fbbc854e8908225637d,410b9bedaf65dd26c6fe547154d60db4,http/1.1,,6347.67431,10.0.2.15,59018,95.101.244.223,443,tcp,1.116277999999511,599.0,183.0,SF,True,False,0,ShADadFRfr,8,927,9,547,ssl,0
6348.327282,CHLlOWHIbmacF1aak,10.0.2.15,59019,172.217.23.227,443,TLSv12,TLS_ECDHE_ECDSA_WITH_AES_128_GCM_SHA256,,www.gstatic.com,True,True,CsiI,,,,1a5fe5677b0e4fbbc854e8908225637d,c23237dbea656869600e48dfbd00ab7b,h2,,6347.761926,10.0.2.15,59019,172.217.23.227,443,tcp,215.77706399999988,984.0,430.0,SF,True,False,0,ShADadFf,17,1672,18,1154,ssl,0
6348.65949,CUdfdQ4HY4beBIKC1,10.0.2.15,59020,172.217.23.238,443,TLSv12,TLS_ECDHE_RSA_WITH_AES_128_GCM_SHA256,,apis.google.com,True,True,CsiI,,,,1a5fe5677b0e4fbbc854e8908225637d,67619a80665d7ab92d1041b1d11f9164,h2,,6348.051438,10.0.2.15,59020,172.217.23.238,443,tcp,139.25759799999923,1846.0,71967.0,SF,True,False,0,ShADadFf,60,4254,106,76211,ssl,0
6348.658087,C2LASA1H8OFq02Agd3,10.0.2.15,59021,54.192.93.67,443,TLSv12,TLS_ECDHE_RSA_WITH_AES_128_GCM_SHA256,secp256r1,display.ugc.bazaarvoice.com,False,True,CsxuknGIti,"['fa85e72411d7b7af3a74e74f013e3ac4a1440802239cb3ba90d4557e9d2b5044', 'f55f9ffcb83c73453261601c7e044db15a0f034b93c05830f28635ef889cf670', '87dcd4dc74640a322cd205552506d1be64f12596258096544986b4850bc72706', '28689b30e4c306aab53b027b29e36ad6dd1dcf4b953994482ca84bdc1ecac996']",[],1.0,0ffee3ba8e615ad22535e7f771690a28,76cc3e2d3028143b23ec18e27dbd7ca9,h2,,6348.324769,10.0.2.15,59021,54.192.93.67,443,tcp,264.73200199999974,1526.0,317495.0,SF,True,False,0,ShADadFf,212,10014,425,334499,ssl,0
6349.925281,CxZxXY10RjBF0cWFB5,10.0.2.15,59023,68.232.35.180,443,TLSv12,TLS_ECDHE_RSA_WITH_AES_128_GCM_SHA256,secp256r1,tags.tiqcdn.com,False,True,CsxuknGIti,"['e9833ec9415ec4381e97b13a6a575b5ebe604ba96ebe8484d5edd67608a492ca', '19400be5b7a31fb733917700789d2f0a2471c0c9d506c0e504c06c16d7cb17c0', '7431e5f4c3c1ce4690774f0b61e05440883ba9a01ed00ba6abd7806ed3b118cf']",[],1.0,0ffee3ba8e615ad22535e7f771690a28,49b45fc1ab090aa3a159778313fc9b9e,h2,,6349.406914,10.0.2.15,59023,68.232.35.180,443,tcp,197.9242029999996,3860.0,85954.0,SF,True,False,0,ShADadfF,87,7348,159,92318,ssl,0
6351.743876,C7HanMl0JN34NKRDj,10.0.2.15,59024,95.101.244.223,443,TLSv12,TLS_ECDHE_RSA_WITH_AES_256_GCM_SHA384,,s7d1.scene7.com,True,True,CsiI,,,,1a5fe5677b0e4fbbc854e8908225637d,410b9bedaf65dd26c6fe547154d60db4,http/1.1,,6350.31227,10.0.2.15,59024,95.101.244.223,443,tcp,59.01830299999983,3502.0,299996.0,SF,True,False,0,ShADadTFfRr,126,8551,350,314000,ssl,0
6351.756046,CLyr133yhhSTvSYSUc,10.0.2.15,59025,95.101.244.223,443,TLSv12,TLS_ECDHE_RSA_WITH_AES_256_GCM_SHA384,,s7d1.scene7.com,True,True,CsiI,,,,1a5fe5677b0e4fbbc854e8908225637d,410b9bedaf65dd26c6fe547154d60db4,http/1.1,,6350.315285,10.0.2.15,59025,95.101.244.223,443,tcp,239.19770000000065,5089.0,750900.0,SF,True,False,0,ShADadTTFfRr,380,20314,878,786024,ssl,0
6365.658689,CU3Wh8Lc0fIcsBmBi,10.0.2.15,59028,172.217.23.230,443,TLSv12,TLS_ECDHE_RSA_WITH_AES_128_GCM_SHA256,x25519,5075506.fls.doubleclick.net,False,True,CsxknGIti,"['378a6c73f6dec1c6bc563fa8eda92c3e9ce61b893db7685686c41f33ab89931c', '9f630426df1d8abfd80ace98871ba833ab9742cb34838de2b5285ed54c0c7dcc', '3c35cc963eb004451323d3275d05b353235053490d9cd83729a2faf5e7ca1cc0']",[],1.0,0ffee3ba8e615ad22535e7f771690a28,ab41313cfec25328b20865eb1388e0a2,h2,,6365.152212,10.0.2.15,59028,172.217.23.230,443,tcp,375.01222899999993,3027.0,8626.0,SF,True,False,0,ShADadFf,49,4995,60,11030,ssl,0
6366.744364,ChuLJL23gI7cmvFEWl,10.0.2.15,59045,172.217.23.238,443,TLSv12,TLS_ECDHE_ECDSA_WITH_AES_128_GCM_SHA256,,www.googlecommerce.com,True,True,CsiI,,,,1a5fe5677b0e4fbbc854e8908225637d,c23237dbea656869600e48dfbd00ab7b,h2,,6366.370326,10.0.2.15,59045,172.217.23.238,443,tcp,214.07503300000008,1343.0,1528.0,SF,True,False,0,ShADadFf,19,2111,21,2372,ssl,0
6366.743727,CuQz164dWau6d0CDRi,10.0.2.15,59044,23.74.202.62,443,TLSv12,TLS_ECDHE_RSA_WITH_AES_256_GCM_SHA384,secp256r1,px.owneriq.net,False,True,CsxknGIti,"['83446d8f7bc004110c087ef0703d1503c46455cb96409cbbaacf1a78c7c0072d', '074541ecdf88ed992ed5ade3ecddef27a26ba1b44480a195c0a8dadae2521d8e']",[],1.0,0ffee3ba8e615ad22535e7f771690a28,2b33c1374db4ddf06942f92373c0b54b,http/1.1,,6366.368509,10.0.2.15,59044,23.74.202.62,443,tcp,10.061627000000044,1492.0,7593.0,SF,True,False,0,ShADadfF,13,2020,16,8237,ssl,0
6365.710973,CzIOj14WUlDVRqdWL6,10.0.2.15,59029,172.217.23.230,443,TLSv12,TLS_ECDHE_RSA_WITH_AES_128_GCM_SHA256,x25519,5075506.fls.doubleclick.net,False,True,CsxknGIti,"['378a6c73f6dec1c6bc563fa8eda92c3e9ce61b893db7685686c41f33ab89931c', '9f630426df1d8abfd80ace98871ba833ab9742cb34838de2b5285ed54c0c7dcc', '3c35cc963eb004451323d3275d05b353235053490d9cd83729a2faf5e7ca1cc0']",[],1.0,0ffee3ba8e615ad22535e7f771690a28,ab41313cfec25328b20865eb1388e0a2,h2,,6365.176455,10.0.2.15,59029,172.217.23.230,443,tcp,7.778392000000167,1007.0,4996.0,SF,True,False,0,ShADadFf,15,1615,18,5720,ssl,0
6366.745147,CM0gHq4wL1foDdpskl,10.0.2.15,59043,23.74.199.150,443,TLSv12,TLS_ECDHE_RSA_WITH_AES_256_GCM_SHA384,secp256r1,www.directv.com,False,True,CsxknGIti,"['770cb39b176090568a78637250b073fffe4d687f7c4a30500696dad03e91e4b3', '9e6bc5f9ecc52460e8edc02c644d1be1cb9f2316f41daf3b616a0b2058294b31']",[],1.0,0ffee3ba8e615ad22535e7f771690a28,2b33c1374db4ddf06942f92373c0b54b,http/1.1,,6366.310861,10.0.2.15,59043,23.74.199.150,443,tcp,263.66942500000005,7536.0,65570.0,SF,True,False,0,ShADadTTFfRr,79,10726,114,70134,ssl,0
6366.104922,CfBO2C3fPg5a0yPS8h,10.0.2.15,59031,199.255.32.34,443,TLSv12,TLS_RSA_WITH_AES_256_CBC_SHA,,customerappreciation.petco.com,False,True,CsxnGIi,"['6dc8feaa67ace3533bf87d4099b5e6e883095172a1584a5c912403b5ee6a0d6d', '19400be5b7a31fb733917700789d2f0a2471c0c9d506c0e504c06c16d7cb17c0', 'bf0adf6f1fd218cfa27f3884ce2aa6af2af5481c6878bfe3a6ca62515898b115']",[],1.0,0ffee3ba8e615ad22535e7f771690a28,f4fb99c318cd91a4dfff259227ba977b,http/1.1,,6365.21788,10.0.2.15,59031,199.255.32.34,443,tcp,35.10510599999998,4217.0,5755.0,SF,True,False,0,ShADadTFf,17,4907,18,6479,ssl,0
6366.10602,CbxVvd4pv1I4bqaQe,10.0.2.15,59030,199.255.32.34,443,TLSv12,TLS_RSA_WITH_AES_256_CBC_SHA,,customerappreciation.petco.com,False,True,CsxnGIi,"['6dc8feaa67ace3533bf87d4099b5e6e883095172a1584a5c912403b5ee6a0d6d', '19400be5b7a31fb733917700789d2f0a2471c0c9d506c0e504c06c16d7cb17c0', 'bf0adf6f1fd218cfa27f3884ce2aa6af2af5481c6878bfe3a6ca62515898b115']",[],1.0,0ffee3ba8e615ad22535e7f771690a28,f4fb99c318cd91a4dfff259227ba977b,http/1.1,,6365.217294,10.0.2.15,59030,199.255.32.34,443,tcp,13.846789000000172,2820.0,4982.0,RSTO,True,False,0,ShADadFR,13,3348,13,5506,ssl,0
6368.788516,COZt8d3j635ECZ0jb6,10.0.2.15,59051,54.192.93.64,443,TLSv12,TLS_ECDHE_RSA_WITH_AES_128_GCM_SHA256,,vt.myvisualiq.net,True,True,CsiI,,,,1a5fe5677b0e4fbbc854e8908225637d,d199ba0af2b08e204c73d6d81a1fd260,http/1.1,,6367.804943,10.0.2.15,59051,54.192.93.64,443,tcp,7.217413999999735,1020.0,3992.0,RSTR,True,False,0,ShADadFRRRr,10,1428,11,4436,ssl,0
6367.953182,Clls5e1ddad7zzcpA3,10.0.2.15,59046,93.184.220.66,443,TLSv12,TLS_ECDHE_RSA_WITH_AES_128_GCM_SHA256,secp256r1,platform.twitter.com,False,True,CsxuknGIti,"['498dfbfa068ce7e3252a308f9578608d3df2d287b5b9284571f7d3ed43ba3ab0', '19400be5b7a31fb733917700789d2f0a2471c0c9d506c0e504c06c16d7cb17c0', '7431e5f4c3c1ce4690774f0b61e05440883ba9a01ed00ba6abd7806ed3b118cf']",[],1.0,0ffee3ba8e615ad22535e7f771690a28,76cc3e2d3028143b23ec18e27dbd7ca9,http/1.1,,6367.053915,10.0.2.15,59046,93.184.220.66,443,tcp,24.936815000000024,1013.0,6044.0,SF,True,False,0,ShADadFTRfr,14,1582,19,6808,ssl,0
6367.968177,CH4WXg1ee66qF1eGDf,10.0.2.15,59048,93.184.220.66,443,TLSv12,TLS_ECDHE_RSA_WITH_AES_128_GCM_SHA256,secp256r1,platform.twitter.com,False,True,CsxuknGIti,"['498dfbfa068ce7e3252a308f9578608d3df2d287b5b9284571f7d3ed43ba3ab0', '19400be5b7a31fb733917700789d2f0a2471c0c9d506c0e504c06c16d7cb17c0', '7431e5f4c3c1ce4690774f0b61e05440883ba9a01ed00ba6abd7806ed3b118cf']",[],1.0,0ffee3ba8e615ad22535e7f771690a28,76cc3e2d3028143b23ec18e27dbd7ca9,http/1.1,,6367.055654,10.0.2.15,59048,93.184.220.66,443,tcp,13.909657000000152,1013.0,6013.0,SF,True,False,0,ShADadFf,12,1501,15,6617,ssl,0
6367.968722,COuK62496F0ovBU9Y2,10.0.2.15,59047,93.184.220.66,443,TLSv12,TLS_ECDHE_RSA_WITH_AES_128_GCM_SHA256,secp256r1,platform.twitter.com,False,True,CsxuknGIti,"['498dfbfa068ce7e3252a308f9578608d3df2d287b5b9284571f7d3ed43ba3ab0', '19400be5b7a31fb733917700789d2f0a2471c0c9d506c0e504c06c16d7cb17c0', '7431e5f4c3c1ce4690774f0b61e05440883ba9a01ed00ba6abd7806ed3b118cf']",[],1.0,0ffee3ba8e615ad22535e7f771690a28,76cc3e2d3028143b23ec18e27dbd7ca9,http/1.1,,6367.055162,10.0.2.15,59047,93.184.220.66,443,tcp,14.69322000000011,1013.0,6044.0,RSTO,True,False,0,ShADadFR,12,1501,13,6568,ssl,0
6367.967327,CCS358LSFqQ4WNW79,10.0.2.15,59049,52.48.175.49,443,TLSv12,TLS_ECDHE_RSA_WITH_AES_128_GCM_SHA256,secp256r1,6091.xg4ken.com,False,True,CsxknGIi,"['82d55ae79e311a42ec71b45eb2d4486b1f3dc7e501d9f61490507277dad162c3', '973a41276ffd01e027a2aad49e34c37846d3e976ff6a620b6712e33832041aa6', '3a2fbe92891e57fe05d57087f48e730f17e5a5f53ef403d618e5b74d7a7e6ecb', 'c3846bf24b9e93ca64274c0ec67c1ecc5e024ffcacd2d74019350e81fe546ae4']",[],1.0,0ffee3ba8e615ad22535e7f771690a28,303951d4c50efb2e991652225a6f02b1,,,6367.056691,10.0.2.15,59049,52.48.175.49,443,tcp,12.43957600000067,758.0,5520.0,RSTO,True,False,0,ShADadFR,11,1206,14,6084,ssl,0
6369.274696,CjVMGC1PqHFCJUyNe7,10.0.2.15,59056,172.227.90.30,443,TLSv12,TLS_ECDHE_RSA_WITH_AES_256_GCM_SHA384,secp256r1,s.btstatic.com,False,True,CsxknGIti,"['0257ecfa65e6f46a3e02849bb0d803227b2c23767717f48bad8cf4d651285eb7', 'eae72eb454bf6c3977ebd289e970b2f5282949190093d0d26f98d0f0d6a9cf17', '8420dfbe376f414bf4c0a81e6936d24ccc03f304835b86c7a39142fca723a689']",[],1.0,0ffee3ba8e615ad22535e7f771690a28,2b33c1374db4ddf06942f92373c0b54b,http/1.1,,6368.064775,10.0.2.15,59056,172.227.90.30,443,tcp,11.015918000000056,649.0,10460.0,RSTR,True,False,0,ShADadFRr,16,1297,20,11264,ssl,0
6369.530984,C0AZa92PdMe7DLaCZ7,10.0.2.15,59055,74.125.206.155,443,TLSv12,TLS_ECDHE_RSA_WITH_AES_128_GCM_SHA256,x25519,stats.g.doubleclick.net,False,True,CsxknGIti,"['8d80516b26a9002a020bc551f01c44620d0d726476e4babc515dc5c82f0555b5', '9f630426df1d8abfd80ace98871ba833ab9742cb34838de2b5285ed54c0c7dcc', '3c35cc963eb004451323d3275d05b353235053490d9cd83729a2faf5e7ca1cc0']",[],1.0,0ffee3ba8e615ad22535e7f771690a28,ab41313cfec25328b20865eb1388e0a2,h2,,6368.064275,10.0.2.15,59055,74.125.206.155,443,tcp,92.91349799999988,1297.0,4527.0,SF,True,False,0,ShADadFf,21,2145,21,5371,ssl,0
6371.805771,CBMJs449SfLWSpMlE6,10.0.2.15,59038,199.255.32.34,443,TLSv12,TLS_RSA_WITH_AES_256_CBC_SHA,,customerappreciation.petco.com,True,True,CsiI,,,,0ffee3ba8e615ad22535e7f771690a28,f4fb99c318cd91a4dfff259227ba977b,http/1.1,,6365.933297,10.0.2.15,59038,199.255.32.34,443,tcp,13.822831000000406,367.0,176.0,SF,True,False,0,ShADadFf,9,743,8,500,ssl,0
6371.807251,C7CBuY3GYBXzjydvZ4,10.0.2.15,59037,199.255.32.34,443,TLSv12,TLS_RSA_WITH_AES_256_CBC_SHA,,customerappreciation.petco.com,True,True,CsiI,,,,0ffee3ba8e615ad22535e7f771690a28,f4fb99c318cd91a4dfff259227ba977b,http/1.1,,6365.927596,10.0.2.15,59037,199.255.32.34,443,tcp,13.882039999999506,367.0,176.0,SF,True,False,0,ShADadFf,9,743,8,500,ssl,0
6371.810374,CkU6s31sgsoiTApmZ8,10.0.2.15,59040,172.217.23.238,443,TLSv12,TLS_ECDHE_ECDSA_WITH_AES_128_GCM_SHA256,,www.googlecommerce.com,True,True,CsiI,,,,1a5fe5677b0e4fbbc854e8908225637d,c23237dbea656869600e48dfbd00ab7b,h2,,6366.117807,10.0.2.15,59040,172.217.23.238,443,tcp,11.195347000000766,808.0,292.0,RSTO,True,False,0,ShADadFR,11,1264,11,736,ssl,0
6371.81541,C9pN0n1froPoj1ztgd,10.0.2.15,59039,23.74.202.62,443,TLSv12,TLS_ECDHE_RSA_WITH_AES_256_GCM_SHA384,,px.owneriq.net,True,True,CsiI,,,,1a5fe5677b0e4fbbc854e8908225637d,410b9bedaf65dd26c6fe547154d60db4,http/1.1,,6366.107465,10.0.2.15,59039,23.74.202.62,443,tcp,11.684073000000351,599.0,183.0,SF,True,False,0,ShADadFfRr,9,975,9,547,ssl,0
6371.819127,Cc9U2xlCqQdzSbMua,10.0.2.15,59072,23.65.215.204,443,TLSv12,TLS_ECDHE_RSA_WITH_AES_256_GCM_SHA384,,libs.coremetrics.com,True,True,CsiI,,,,1a5fe5677b0e4fbbc854e8908225637d,410b9bedaf65dd26c6fe547154d60db4,http/1.1,,6369.017416,10.0.2.15,59072,23.65.215.204,443,tcp,9.110999999999876,599.0,183.0,SF,True,False,0,ShADadFfRr,8,927,9,547,ssl,0
6368.787643,CU3hkf4bQg3VJ2gfFk,10.0.2.15,59050,23.65.208.91,443,TLSv12,TLS_ECDHE_RSA_WITH_AES_256_CBC_SHA,secp256r1,sb.monetate.net,False,True,CsxknGIti,"['355b3d34d4ed4f7e0683e19de814d369b4dd838117c62d433c28358649da8d91', '154c433c491929c5ef686e838e323664a00e6a0d822ccc958fb4dab03e49a08f']",[],1.0,0ffee3ba8e615ad22535e7f771690a28,fe287a22c1814c37634a40cc81430145,http/1.1,,6367.799733,10.0.2.15,59050,23.65.208.91,443,tcp,8.657481000000189,784.0,14723.0,RSTR,True,False,0,ShADadFRr,16,1432,22,15607,ssl,0
6371.252004,CNpFUYTSdJXD31Zv6,10.0.2.15,59035,95.172.94.27,443,TLSv12,TLS_ECDHE_RSA_WITH_AES_128_GCM_SHA256,secp256r1,secure.quantserve.com,False,True,CsxknGIti,"['7d39ee69bdac843654f44bb3164a243b3e8c527019b6225992e5d36771f19e8f', '19400be5b7a31fb733917700789d2f0a2471c0c9d506c0e504c06c16d7cb17c0']",[],1.0,0ffee3ba8e615ad22535e7f771690a28,ccc514751b175866924439bdbb5bba34,,,6365.727516,10.0.2.15,59035,95.172.94.27,443,tcp,13.69072899999992,356.0,3323.0,RSTO,True,False,0,ShADadFR,10,772,11,3767,ssl,0
6371.803188,CWdrIn2HHbYXflanI3,10.0.2.15,59073,188.125.66.33,443,TLSv12,TLS_ECDHE_RSA_WITH_AES_128_GCM_SHA256,secp256r1,sp.analytics.yahoo.com,False,True,CsxknGIti,"['a42bd5146a3d4010979322f493ea1cf3e1ba9033d64ae699935e6a6ad96bd3c4', '19400be5b7a31fb733917700789d2f0a2471c0c9d506c0e504c06c16d7cb17c0']",[],1.0,1a5fe5677b0e4fbbc854e8908225637d,b898351eb5e266aefd3723d466935494,http/1.1,,6369.018328,10.0.2.15,59073,188.125.66.33,443,tcp,13.434828999999809,674.0,4002.0,SF,True,False,0,ShADadFf,10,1082,12,4486,ssl,0
6370.141192,CyZwBJ2lDjHyKlbPc5,10.0.2.15,59059,23.65.215.204,443,TLSv12,TLS_ECDHE_RSA_WITH_AES_256_GCM_SHA384,,libs.coremetrics.com,True,True,CsiI,,,,1a5fe5677b0e4fbbc854e8908225637d,410b9bedaf65dd26c6fe547154d60db4,http/1.1,,6368.758512,10.0.2.15,59059,23.65.215.204,443,tcp,10.305194999999912,599.0,183.0,RSTO,True,False,0,ShADadFR,7,887,7,467,ssl,0
6371.232692,CpA1gDqDBJ1W9BVj1,10.0.2.15,59033,199.255.32.34,443,TLSv12,TLS_RSA_WITH_AES_256_CBC_SHA,,customerappreciation.petco.com,False,True,CsxnGIi,"['6dc8feaa67ace3533bf87d4099b5e6e883095172a1584a5c912403b5ee6a0d6d', '19400be5b7a31fb733917700789d2f0a2471c0c9d506c0e504c06c16d7cb17c0', 'bf0adf6f1fd218cfa27f3884ce2aa6af2af5481c6878bfe3a6ca62515898b115']",[],1.0,0ffee3ba8e615ad22535e7f771690a28,f4fb99c318cd91a4dfff259227ba977b,http/1.1,,6365.666941,10.0.2.15,59033,199.255.32.34,443,tcp,17.580839999999625,602.0,3932.0,SF,True,False,0,ShADadFf,11,1058,12,4416,ssl,0
6370.138432,C08EgQ1UTc2b8s22h2,10.0.2.15,59061,23.65.215.204,443,TLSv12,TLS_ECDHE_RSA_WITH_AES_256_GCM_SHA384,,libs.coremetrics.com,True,True,CsiI,,,,1a5fe5677b0e4fbbc854e8908225637d,410b9bedaf65dd26c6fe547154d60db4,http/1.1,,6368.759798,10.0.2.15,59061,23.65.215.204,443,tcp,18.61794800000007,919.0,152.0,SF,True,False,0,ShADadFf,8,1247,8,476,ssl,0
6370.140204,CyQDa74ah3YOnit8ck,10.0.2.15,59060,23.65.215.204,443,TLSv12,TLS_ECDHE_RSA_WITH_AES_256_GCM_SHA384,,libs.coremetrics.com,True,True,CsiI,,,,1a5fe5677b0e4fbbc854e8908225637d,410b9bedaf65dd26c6fe547154d60db4,http/1.1,,6368.75901,10.0.2.15,59060,23.65.215.204,443,tcp,10.604777999999897,599.0,183.0,RSTO,True,False,0,ShADadFR,7,887,7,467,ssl,0
6371.249345,CmklNd3l8TkM7DzV,10.0.2.15,59032,199.255.32.34,443,TLSv12,TLS_RSA_WITH_AES_256_CBC_SHA,,customerappreciation.petco.com,False,True,CsxnGIi,"['6dc8feaa67ace3533bf87d4099b5e6e883095172a1584a5c912403b5ee6a0d6d', '19400be5b7a31fb733917700789d2f0a2471c0c9d506c0e504c06c16d7cb17c0', 'bf0adf6f1fd218cfa27f3884ce2aa6af2af5481c6878bfe3a6ca62515898b115']",[],1.0,0ffee3ba8e615ad22535e7f771690a28,f4fb99c318cd91a4dfff259227ba977b,http/1.1,,6365.666354,10.0.2.15,59032,199.255.32.34,443,tcp,14.940810000000056,602.0,3932.0,SF,True,False,0,ShADadFf,11,1058,11,4376,ssl,0
6371.817707,CQL6x13Z2Ey0SOrT5b,10.0.2.15,59042,13.107.21.200,443,TLSv12,TLS_ECDHE_RSA_WITH_AES_256_CBC_SHA,secp384r1,bat.bing.com,False,True,CsxuknGIi,"['80c4440580dbd55b228f41e6c88a51ecdbb998b5d32d12acd31ce25518d37128', '2399983e99703ebd01cea466c10799810c4ba62a8d61b88170a334dcd61bb20f']",[],1.0,0ffee3ba8e615ad22535e7f771690a28,4fd467dd264720762ffe286277c00f57,,,6366.120896,10.0.2.15,59042,13.107.21.200,443,tcp,14.957198000000062,456.0,6880.0,SF,True,False,0,ShADadFf,12,952,16,7524,ssl,0
6370.557584,CwNwFX0JiPF2nU0Nb,10.0.2.15,59065,54.192.93.64,443,TLSv12,TLS_ECDHE_RSA_WITH_AES_128_GCM_SHA256,,vt.myvisualiq.net,True,True,CsiI,,,,1a5fe5677b0e4fbbc854e8908225637d,d199ba0af2b08e204c73d6d81a1fd260,http/1.1,,6368.78462,10.0.2.15,59065,54.192.93.64,443,tcp,11.253727999999684,599.0,156.0,SF,True,False,0,ShADadFf,8,927,7,440,ssl,0
6368.835108,CPnqQwyLsljFEB43k,10.0.2.15,59053,151.101.64.114,443,TLSv12,TLS_ECDHE_RSA_WITH_AES_128_GCM_SHA256,secp256r1,cdn.evergage.com,False,True,CsxuknGIti,"['744deb62fbb6628e65fe9d0b2d928923b384b6a0b23afed0fa0879d441dc37e1', '074541ecdf88ed992ed5ade3ecddef27a26ba1b44480a195c0a8dadae2521d8e']",[],1.0,0ffee3ba8e615ad22535e7f771690a28,860fcf58fd757e26aa8911e5eaff6b53,http/1.1,,6367.813032,10.0.2.15,59053,151.101.64.114,443,tcp,6.85512000000017,690.0,36423.0,RSTR,True,False,0,ShADadFRr,30,1898,52,38507,ssl,0
6368.795733,C6smLJ2b8tUSheluPd,10.0.2.15,59052,172.217.23.230,443,TLSv12,TLS_ECDHE_RSA_WITH_AES_128_GCM_SHA256,x25519,5200146.fls.doubleclick.net,False,True,CsxknGIti,"['378a6c73f6dec1c6bc563fa8eda92c3e9ce61b893db7685686c41f33ab89931c', '9f630426df1d8abfd80ace98871ba833ab9742cb34838de2b5285ed54c0c7dcc', '3c35cc963eb004451323d3275d05b353235053490d9cd83729a2faf5e7ca1cc0']",[],1.0,0ffee3ba8e615ad22535e7f771690a28,ab41313cfec25328b20865eb1388e0a2,h2,,6367.81225,10.0.2.15,59052,172.217.23.230,443,tcp,7.852799999999661,508.0,4120.0,SF,True,False,0,ShADadFf,10,916,11,4564,ssl,0
6371.787712,CzpNot3jfTPn4zpyka,10.0.2.15,59041,95.172.94.27,443,TLSv12,TLS_ECDHE_RSA_WITH_AES_128_GCM_SHA256,secp256r1,secure.quantserve.com,False,True,CsxknGIti,"['7d39ee69bdac843654f44bb3164a243b3e8c527019b6225992e5d36771f19e8f', '19400be5b7a31fb733917700789d2f0a2471c0c9d506c0e504c06c16d7cb17c0']",[],1.0,0ffee3ba8e615ad22535e7f771690a28,ccc514751b175866924439bdbb5bba34,,,6366.120313,10.0.2.15,59041,95.172.94.27,443,tcp,19.42866099999992,387.0,3323.0,SF,True,False,0,ShADadFfRr,12,883,12,3807,ssl,0
6371.786163,CsjZWA46aenmeJOfs2,10.0.2.15,59071,178.249.101.23,443,TLSv12,TLS_ECDHE_RSA_WITH_AES_128_GCM_SHA256,secp256r1,lptag.liveperson.net,False,True,CsxknGIti,"['5bc5659a1ad5999e74044d4625c1c6fb16384846a3b63cb208dc48a0104344f7', '111006378afbe8e99bb02ba87390ca429fca2773f74d7f7eb5744f5ddf68014b', '4f32d5dc00f715250abcc486511e37f501a899deb3bf7ea8adbbd3aef1c412da']",[],1.0,0ffee3ba8e615ad22535e7f771690a28,389ed42c02ebecc32e73aa31def07e14,,,6369.014339,10.0.2.15,59071,178.249.101.23,443,tcp,17.29530100000011,386.0,5184.0,SF,True,False,0,ShADadFf,11,834,14,5748,ssl,0
6370.555433,CdotW53BF7XjWObGMe,10.0.2.15,59062,188.125.66.33,443,TLSv12,TLS_ECDHE_RSA_WITH_AES_128_GCM_SHA256,secp256r1,sp.analytics.yahoo.com,False,True,CsxknGIti,"['a42bd5146a3d4010979322f493ea1cf3e1ba9033d64ae699935e6a6ad96bd3c4', '19400be5b7a31fb733917700789d2f0a2471c0c9d506c0e504c06c16d7cb17c0']",[],1.0,1a5fe5677b0e4fbbc854e8908225637d,b898351eb5e266aefd3723d466935494,http/1.1,,6368.761178,10.0.2.15,59062,188.125.66.33,443,tcp,10.708715000000666,643.0,4002.0,SF,True,False,0,ShADadFf,9,1011,9,4366,ssl,0
6370.509213,CR4vZa3j5gF48teDj,10.0.2.15,59066,172.217.23.230,443,TLSv12,TLS_ECDHE_RSA_WITH_AES_128_GCM_SHA256,x25519,5200146.fls.doubleclick.net,False,True,CsxknGIti,"['378a6c73f6dec1c6bc563fa8eda92c3e9ce61b893db7685686c41f33ab89931c', '9f630426df1d8abfd80ace98871ba833ab9742cb34838de2b5285ed54c0c7dcc', '3c35cc963eb004451323d3275d05b353235053490d9cd83729a2faf5e7ca1cc0']",[],1.0,0ffee3ba8e615ad22535e7f771690a28,ab41313cfec25328b20865eb1388e0a2,h2,,6368.789476,10.0.2.15,59066,172.217.23.230,443,tcp,10.967448000000331,508.0,4120.0,RSTO,True,False,0,ShADadFR,11,956,11,4564,ssl,0
6370.558883,Cmu2RK1146KfBfqAt5,10.0.2.15,59064,23.65.208.91,443,TLSv12,TLS_ECDHE_RSA_WITH_AES_256_CBC_SHA,secp256r1,sb.monetate.net,False,True,CsxknGIti,"['355b3d34d4ed4f7e0683e19de814d369b4dd838117c62d433c28358649da8d91', '154c433c491929c5ef686e838e323664a00e6a0d822ccc958fb4dab03e49a08f']",[],1.0,0ffee3ba8e615ad22535e7f771690a28,fe287a22c1814c37634a40cc81430145,http/1.1,,6368.783859,10.0.2.15,59064,23.65.208.91,443,tcp,10.616525999999794,374.0,3256.0,SF,True,False,0,ShADadFfRr,10,782,11,3700,ssl,0
6368.911413,CMsgwU38pUFHrIkVTb,10.0.2.15,59054,178.250.2.82,443,TLSv12,TLS_RSA_WITH_AES_128_CBC_SHA,,sslwidget.criteo.com,False,True,CsxnGIi,"['b0337c4f8b2eca88eca4de5aad8cba6d249c58c7a69f2d4b680e5adae991d2ac', 'eae72eb454bf6c3977ebd289e970b2f5282949190093d0d26f98d0f0d6a9cf17', '8420dfbe376f414bf4c0a81e6936d24ccc03f304835b86c7a39142fca723a689']",[],1.0,0ffee3ba8e615ad22535e7f771690a28,5dcc087b1a1d0a5b0658981a7e8b2c3c,,,6367.813629,10.0.2.15,59054,178.250.2.82,443,tcp,11.579703999999763,3573.0,4383.0,RSTO,True,False,0,ShADadFR,12,4061,12,4867,ssl,0
6370.561694,CdxGmnG6WS1VP2gB6,10.0.2.15,59069,74.125.206.155,443,TLSv12,TLS_ECDHE_RSA_WITH_AES_128_GCM_SHA256,x25519,stats.g.doubleclick.net,False,True,CsxknGIti,"['8d80516b26a9002a020bc551f01c44620d0d726476e4babc515dc5c82f0555b5', '9f630426df1d8abfd80ace98871ba833ab9742cb34838de2b5285ed54c0c7dcc', '3c35cc963eb004451323d3275d05b353235053490d9cd83729a2faf5e7ca1cc0']",[],1.0,0ffee3ba8e615ad22535e7f771690a28,ab41313cfec25328b20865eb1388e0a2,h2,,6368.791482,10.0.2.15,59069,74.125.206.155,443,tcp,12.471723999999996,565.0,4085.0,RSTO,True,False,0,ShADadFR,12,1053,12,4569,ssl,0
6370.56264,Cvk48p2HESpTFCWG4h,10.0.2.15,59068,178.250.2.82,443,TLSv12,TLS_RSA_WITH_AES_128_CBC_SHA,,sslwidget.criteo.com,False,True,CsxnGIi,"['b0337c4f8b2eca88eca4de5aad8cba6d249c58c7a69f2d4b680e5adae991d2ac', 'eae72eb454bf6c3977ebd289e970b2f5282949190093d0d26f98d0f0d6a9cf17', '8420dfbe376f414bf4c0a81e6936d24ccc03f304835b86c7a39142fca723a689']",[],1.0,0ffee3ba8e615ad22535e7f771690a28,5dcc087b1a1d0a5b0658981a7e8b2c3c,,,6368.790691,10.0.2.15,59068,178.250.2.82,443,tcp,15.85653899999943,624.0,4026.0,SF,True,False,0,ShADadFf,10,1032,10,4430,ssl,0
6370.563798,CXs4pU35dnnOWlDWY7,10.0.2.15,59067,151.101.64.114,443,TLSv12,TLS_ECDHE_RSA_WITH_AES_128_GCM_SHA256,secp256r1,cdn.evergage.com,False,True,CsxuknGIti,"['744deb62fbb6628e65fe9d0b2d928923b384b6a0b23afed0fa0879d441dc37e1', '074541ecdf88ed992ed5ade3ecddef27a26ba1b44480a195c0a8dadae2521d8e']",[],1.0,0ffee3ba8e615ad22535e7f771690a28,860fcf58fd757e26aa8911e5eaff6b53,http/1.1,,6368.790065,10.0.2.15,59067,151.101.64.114,443,tcp,10.67979800000012,319.0,4538.0,SF,True,False,0,ShADadFfRr,10,727,11,4982,ssl,0
6370.560406,CeekdE1IVJPe9WMi4k,10.0.2.15,59070,172.227.90.30,443,TLSv12,TLS_ECDHE_RSA_WITH_AES_256_GCM_SHA384,secp256r1,s.btstatic.com,False,True,CsxknGIti,"['0257ecfa65e6f46a3e02849bb0d803227b2c23767717f48bad8cf4d651285eb7', 'eae72eb454bf6c3977ebd289e970b2f5282949190093d0d26f98d0f0d6a9cf17', '8420dfbe376f414bf4c0a81e6936d24ccc03f304835b86c7a39142fca723a689']",[],1.0,0ffee3ba8e615ad22535e7f771690a28,2b33c1374db4ddf06942f92373c0b54b,http/1.1,,6368.792051,10.0.2.15,59070,172.227.90.30,443,tcp,16.003256999999394,348.0,4651.0,SF,True,False,0,ShADadFfRr,12,836,13,5175,ssl,0
6370.556869,CTfsiBzmVx7UslIg9,10.0.2.15,59057,178.249.101.23,443,TLSv12,TLS_ECDHE_RSA_WITH_AES_128_GCM_SHA256,secp256r1,lptag.liveperson.net,False,True,CsxknGIti,"['5bc5659a1ad5999e74044d4625c1c6fb16384846a3b63cb208dc48a0104344f7', '111006378afbe8e99bb02ba87390ca429fca2773f74d7f7eb5744f5ddf68014b', '4f32d5dc00f715250abcc486511e37f501a899deb3bf7ea8adbbd3aef1c412da']",[],1.0,0ffee3ba8e615ad22535e7f771690a28,389ed42c02ebecc32e73aa31def07e14,,,6368.757021,10.0.2.15,59057,178.249.101.23,443,tcp,17.915735999999924,386.0,5184.0,SF,True,False,0,ShADadFf,13,914,13,5708,ssl,0
6370.556277,Czdint3Tjolm1vveAl,10.0.2.15,59058,178.249.101.23,443,TLSv12,TLS_ECDHE_RSA_WITH_AES_128_GCM_SHA256,secp256r1,lptag.liveperson.net,False,False,Csxkn,"['5bc5659a1ad5999e74044d4625c1c6fb16384846a3b63cb208dc48a0104344f7', '111006378afbe8e99bb02ba87390ca429fca2773f74d7f7eb5744f5ddf68014b', '4f32d5dc00f715250abcc486511e37f501a899deb3bf7ea8adbbd3aef1c412da']",[],1.0,0ffee3ba8e615ad22535e7f771690a28,389ed42c02ebecc32e73aa31def07e14,,,6368.757888,10.0.2.15,59058,178.249.101.23,443,tcp,9.136443000000328,229.0,4926.0,RSTO,True,False,0,ShADadR,9,597,9,5290,ssl,0
6385.059401,Cg1DTs1w8Nt2w2QjT1,10.0.2.15,59077,23.74.202.62,443,TLSv12,TLS_ECDHE_RSA_WITH_AES_256_GCM_SHA384,,px.owneriq.net,True,True,CsiI,,,,1a5fe5677b0e4fbbc854e8908225637d,410b9bedaf65dd26c6fe547154d60db4,http/1.1,,6384.767001,10.0.2.15,59077,23.74.202.62,443,tcp,11.908400999999683,599.0,183.0,SF,True,False,0,ShADadTFRfr,9,968,10,587,ssl,0
6387.069949,CZ0sC61qF543UPOR5c,10.0.2.15,59078,74.121.133.2,443,TLSv12,TLS_RSA_WITH_3DES_EDE_CBC_SHA,,data.coremetrics.com,False,True,CsxnGIi,"['ade5a88b47a60814af0ee6630b122fceba48090003e127d9b92374b16a77ee03', '19400be5b7a31fb733917700789d2f0a2471c0c9d506c0e504c06c16d7cb17c0', 'bf0adf6f1fd218cfa27f3884ce2aa6af2af5481c6878bfe3a6ca62515898b115']",[],1.0,0ffee3ba8e615ad22535e7f771690a28,66a6571ef756b3c9e82b3fd802bbcac2,,,6385.40113,10.0.2.15,59078,74.121.133.2,443,tcp,14.440848999999616,560.0,3848.0,SF,True,False,0,ShADadTFf,11,1009,11,4292,ssl,0
6390.255702,CzUg0g31xZv6bgryTg,10.0.2.15,59085,178.79.242.0,443,TLSv12,TLS_ECDHE_RSA_WITH_AES_256_GCM_SHA384,secp256r1,directv.hs.llnwd.net,False,True,CsxknGIti,"['8f4492bc8efdd1efe7273b857f322755ff727494b3f5500df240d3f03393f654', '074541ecdf88ed992ed5ade3ecddef27a26ba1b44480a195c0a8dadae2521d8e', '3c35cc963eb004451323d3275d05b353235053490d9cd83729a2faf5e7ca1cc0']",[],1.0,0ffee3ba8e615ad22535e7f771690a28,2b33c1374db4ddf06942f92373c0b54b,http/1.1,,6389.379883,10.0.2.15,59085,178.79.242.0,443,tcp,97.52849400000014,642.0,4889.0,SF,True,False,0,ShADadTfF,20,1458,23,5813,ssl,0
6390.266797,CjiuPD2LndRgbJZr26,10.0.2.15,59083,95.101.244.223,443,TLSv12,TLS_ECDHE_RSA_WITH_AES_256_GCM_SHA384,,s7d1.scene7.com,True,True,CsiI,,,,1a5fe5677b0e4fbbc854e8908225637d,410b9bedaf65dd26c6fe547154d60db4,http/1.1,,6389.374762,10.0.2.15,59083,95.101.244.223,443,tcp,6.806010999999671,599.0,183.0,RSTO,True,False,0,ShADadFR,8,927,7,467,ssl,0
6390.261869,Cd1VxS1d8awgplvfS4,10.0.2.15,59084,52.28.33.248,443,TLSv12,TLS_ECDHE_RSA_WITH_AES_128_GCM_SHA256,secp256r1,nexus.ensighten.com,False,True,CsxuknGIti,"['5fb5994638f535624889e2aa6260f51577963498d17ec00206936fa84169d21f', 'e0898ad662474b9f753c79bea878031c9a5d634a49edd6310b960ab023c02c0e']",[],1.0,0ffee3ba8e615ad22535e7f771690a28,0c0aff9ccea5e7e1de5c3a0069d103f3,,,6389.378438,10.0.2.15,59084,52.28.33.248,443,tcp,42.99217099999987,2515.0,44358.0,SF,True,False,0,ShADadTfF,43,4245,69,47122,ssl,0
6390.267345,CdzTme3yeotv9sykUd,10.0.2.15,59082,95.101.244.223,443,TLSv12,TLS_ECDHE_RSA_WITH_AES_256_GCM_SHA384,,s7d1.scene7.com,True,True,CsiI,,,,1a5fe5677b0e4fbbc854e8908225637d,410b9bedaf65dd26c6fe547154d60db4,http/1.1,,6389.368773,10.0.2.15,59082,95.101.244.223,443,tcp,7.066780000000108,599.0,183.0,RSTO,True,False,0,ShADadFR,8,927,7,467,ssl,0
6394.125285,CL97fi1pi3zej7K0K1,10.0.2.15,59087,23.65.208.91,443,TLSv12,TLS_ECDHE_RSA_WITH_AES_256_CBC_SHA,secp256r1,se.monetate.net,False,True,CsxknGIti,"['355b3d34d4ed4f7e0683e19de814d369b4dd838117c62d433c28358649da8d91', '154c433c491929c5ef686e838e323664a00e6a0d822ccc958fb4dab03e49a08f']",[],1.0,0ffee3ba8e615ad22535e7f771690a28,fe287a22c1814c37634a40cc81430145,http/1.1,,6393.670339,10.0.2.15,59087,23.65.208.91,443,tcp,131.43679799999973,1141.0,7245.0,SF,True,False,0,ShADadTTFf,27,2241,30,8449,ssl,0
6394.102874,CuAFH25fNLWIqX9R,10.0.2.15,59093,23.74.199.150,443,TLSv12,TLS_ECDHE_RSA_WITH_AES_256_GCM_SHA384,secp256r1,cdns.directv.com,False,True,CsxknGIti,"['770cb39b176090568a78637250b073fffe4d687f7c4a30500696dad03e91e4b3', '9e6bc5f9ecc52460e8edc02c644d1be1cb9f2316f41daf3b616a0b2058294b31']",[],1.0,0ffee3ba8e615ad22535e7f771690a28,2b33c1374db4ddf06942f92373c0b54b,http/1.1,,6393.67897,10.0.2.15,59093,23.74.199.150,443,tcp,236.3012660000004,13780.0,233916.0,SF,True,False,0,ShADadTTFRfr,128,18925,267,244600,ssl,0
6394.104148,Cpehns3aqGrqoeoce3,10.0.2.15,59092,23.74.199.150,443,TLSv12,TLS_ECDHE_RSA_WITH_AES_256_GCM_SHA384,secp256r1,cdns.directv.com,False,True,CsxknGIti,"['770cb39b176090568a78637250b073fffe4d687f7c4a30500696dad03e91e4b3', '9e6bc5f9ecc52460e8edc02c644d1be1cb9f2316f41daf3b616a0b2058294b31']",[],1.0,0ffee3ba8e615ad22535e7f771690a28,2b33c1374db4ddf06942f92373c0b54b,http/1.1,,6393.677559,10.0.2.15,59092,23.74.199.150,443,tcp,254.23718400000047,14433.0,568986.0,SF,True,False,0,ShADadWTTFfRr,305,26660,655,595190,ssl,0
6394.107586,CwqiOK2u5sBvqN5BU5,10.0.2.15,59091,23.74.199.150,443,TLSv12,TLS_ECDHE_RSA_WITH_AES_256_GCM_SHA384,secp256r1,cdns.directv.com,False,True,CsxknGIti,"['770cb39b176090568a78637250b073fffe4d687f7c4a30500696dad03e91e4b3', '9e6bc5f9ecc52460e8edc02c644d1be1cb9f2316f41daf3b616a0b2058294b31']",[],1.0,0ffee3ba8e615ad22535e7f771690a28,2b33c1374db4ddf06942f92373c0b54b,http/1.1,,6393.676388,10.0.2.15,59091,23.74.199.150,443,tcp,224.25333599999976,11158.0,309115.0,SF,True,False,0,ShADadTTFfRr,171,18023,360,323519,ssl,0
6394.109214,Cwyp0G80Mqvr2tWBh,10.0.2.15,59090,23.74.199.150,443,TLSv12,TLS_ECDHE_RSA_WITH_AES_256_GCM_SHA384,secp256r1,cdns.directv.com,False,True,CsxknGIti,"['770cb39b176090568a78637250b073fffe4d687f7c4a30500696dad03e91e4b3', '9e6bc5f9ecc52460e8edc02c644d1be1cb9f2316f41daf3b616a0b2058294b31']",[],1.0,0ffee3ba8e615ad22535e7f771690a28,2b33c1374db4ddf06942f92373c0b54b,http/1.1,,6393.674613,10.0.2.15,59090,23.74.199.150,443,tcp,218.99828799999975,10668.0,206323.0,SF,True,False,0,ShADadTTFfRr,116,15334,237,215807,ssl,0
6394.115565,C7dwfv3O2ClxbI5Jjh,10.0.2.15,59089,23.74.199.150,443,TLSv12,TLS_ECDHE_RSA_WITH_AES_256_GCM_SHA384,secp256r1,cdns.directv.com,False,True,CsxknGIti,"['770cb39b176090568a78637250b073fffe4d687f7c4a30500696dad03e91e4b3', '9e6bc5f9ecc52460e8edc02c644d1be1cb9f2316f41daf3b616a0b2058294b31']",[],1.0,0ffee3ba8e615ad22535e7f771690a28,2b33c1374db4ddf06942f92373c0b54b,http/1.1,,6393.673173,10.0.2.15,59089,23.74.199.150,443,tcp,224.25659199999973,9681.0,205000.0,SF,True,False,0,ShADadTTFfRr,122,14587,246,214844,ssl,0
6394.120265,C01sjW1ldwtCCAzxW,10.0.2.15,59088,23.74.199.150,443,TLSv12,TLS_ECDHE_RSA_WITH_AES_256_GCM_SHA384,secp256r1,cdns.directv.com,False,True,CsxknGIti,"['770cb39b176090568a78637250b073fffe4d687f7c4a30500696dad03e91e4b3', '9e6bc5f9ecc52460e8edc02c644d1be1cb9f2316f41daf3b616a0b2058294b31']",[],1.0,0ffee3ba8e615ad22535e7f771690a28,2b33c1374db4ddf06942f92373c0b54b,http/1.1,,6393.671962,10.0.2.15,59088,23.74.199.150,443,tcp,254.22247699999932,15400.0,730076.0,SF,True,False,0,ShADadTTFf,334,28785,797,761960,ssl,0
6370.510585,C5VPUa3OafkujZoS6l,10.0.2.15,59036,13.107.21.200,443,,,,bat.bing.com,False,False,C,,,,0ffee3ba8e615ad22535e7f771690a28,,,,6365.805501,10.0.2.15,59036,13.107.21.200,443,tcp,26.090659999999843,221.0,1420.0,RSTO,True,False,0,ShADaFTdR,7,518,5,1624,ssl,0
6400.604804,CC9Bzo40wCRPGJednh,10.0.2.15,59097,93.184.220.66,443,TLSv12,TLS_ECDHE_RSA_WITH_AES_128_GCM_SHA256,secp256r1,platform.twitter.com,False,True,CsxuknGIti,"['498dfbfa068ce7e3252a308f9578608d3df2d287b5b9284571f7d3ed43ba3ab0', '19400be5b7a31fb733917700789d2f0a2471c0c9d506c0e504c06c16d7cb17c0', '7431e5f4c3c1ce4690774f0b61e05440883ba9a01ed00ba6abd7806ed3b118cf']",[],1.0,1a5fe5677b0e4fbbc854e8908225637d,76cc3e2d3028143b23ec18e27dbd7ca9,http/1.1,,6400.243725,10.0.2.15,59097,93.184.220.66,443,tcp,6.411983999999393,674.0,5773.0,SF,True,False,0,ShADadFfRr,11,1122,14,6337,ssl,0
6400.60581,CxB1sd4zKTJq29Nura,10.0.2.15,59096,93.184.220.66,443,TLSv12,TLS_ECDHE_RSA_WITH_AES_128_GCM_SHA256,secp256r1,platform.twitter.com,False,True,CsxuknGIti,"['498dfbfa068ce7e3252a308f9578608d3df2d287b5b9284571f7d3ed43ba3ab0', '19400be5b7a31fb733917700789d2f0a2471c0c9d506c0e504c06c16d7cb17c0', '7431e5f4c3c1ce4690774f0b61e05440883ba9a01ed00ba6abd7806ed3b118cf']",[],1.0,1a5fe5677b0e4fbbc854e8908225637d,76cc3e2d3028143b23ec18e27dbd7ca9,http/1.1,,6400.243195,10.0.2.15,59096,93.184.220.66,443,tcp,6.407086999999592,674.0,5773.0,SF,True,False,0,ShADadFfRr,12,1162,14,6337,ssl,0
6400.606585,CeVBpm2uiJPckFFOJ7,10.0.2.15,59095,93.184.220.66,443,TLSv12,TLS_ECDHE_RSA_WITH_AES_128_GCM_SHA256,secp256r1,platform.twitter.com,False,True,CsxuknGIti,"['498dfbfa068ce7e3252a308f9578608d3df2d287b5b9284571f7d3ed43ba3ab0', '19400be5b7a31fb733917700789d2f0a2471c0c9d506c0e504c06c16d7cb17c0', '7431e5f4c3c1ce4690774f0b61e05440883ba9a01ed00ba6abd7806ed3b118cf']",[],1.0,1a5fe5677b0e4fbbc854e8908225637d,76cc3e2d3028143b23ec18e27dbd7ca9,http/1.1,,6400.242557,10.0.2.15,59095,93.184.220.66,443,tcp,6.435699000000568,674.0,5773.0,RSTO,True,False,0,ShADadFR,11,1122,13,6297,ssl,0
6400.604193,C7vyTd2WnuUOhigxqi,10.0.2.15,59094,206.17.25.188,443,TLSv12,TLS_RSA_WITH_AES_256_CBC_SHA,,att.inq.com,False,True,CsxnGIi,"['8684346040866b1f5e656abbfbfa71f9f2ed528fe71e627bbc77bd74ec76aaab', '074541ecdf88ed992ed5ade3ecddef27a26ba1b44480a195c0a8dadae2521d8e', '074541ecdf88ed992ed5ade3ecddef27a26ba1b44480a195c0a8dadae2521d8e']",[],1.0,0ffee3ba8e615ad22535e7f771690a28,0a917d753018dad73d9899ace370f8d8,,,6400.067325,10.0.2.15,59094,206.17.25.188,443,tcp,78.60961299999963,7025.0,14323.0,SF,True,False,0,ShADadTfF,25,8039,32,15607,ssl,0
6404.478227,C7z64aQ1c1ChoJudh,10.0.2.15,59101,23.65.215.204,443,TLSv12,TLS_ECDHE_RSA_WITH_AES_256_GCM_SHA384,,libs.coremetrics.com,True,True,CsiI,,,,1a5fe5677b0e4fbbc854e8908225637d,410b9bedaf65dd26c6fe547154d60db4,http/1.1,,6403.735591,10.0.2.15,59101,23.65.215.204,443,tcp,5.703790000000481,599.0,183.0,SF,True,False,0,ShADadFfRr,8,927,9,547,ssl,0
6404.600665,CLYVoE3f7CoJHzpohd,10.0.2.15,59103,151.101.112.207,443,TLSv12,TLS_ECDHE_RSA_WITH_AES_128_GCM_SHA256,,js-agent.newrelic.com,True,True,CsiI,,,,1a5fe5677b0e4fbbc854e8908225637d,1d0e57c6ae42e9204defa51e5e1cdc4c,http/1.1,,6403.737527,10.0.2.15,59103,151.101.112.207,443,tcp,5.738440000000082,599.0,191.0,SF,True,False,0,ShADadFfRr,8,927,9,555,ssl,0
6404.601379,CZwvsjYMMhZXTvMx7,10.0.2.15,59102,95.101.244.223,443,TLSv12,TLS_ECDHE_RSA_WITH_AES_256_GCM_SHA384,,petco.scene7.com,True,True,CsiI,,,,1a5fe5677b0e4fbbc854e8908225637d,410b9bedaf65dd26c6fe547154d60db4,http/1.1,,6403.736952,10.0.2.15,59102,95.101.244.223,443,tcp,5.707196999999724,599.0,183.0,SF,True,False,0,ShADadFfRr,8,927,9,547,ssl,0
6404.60559,CNZPwy4dYEjaWDimZf,10.0.2.15,59105,46.228.164.13,443,TLSv12,TLS_RSA_WITH_AES_128_CBC_SHA,,d.turn.com,False,True,CsxnGIti,"['331de231c71d6e7597ac717a3ade18b10f51eea0ce4b3c9c75144a7b5ce9e2cf', '154c433c491929c5ef686e838e323664a00e6a0d822ccc958fb4dab03e49a08f']",[],1.0,0ffee3ba8e615ad22535e7f771690a28,7224c92f21d262b619e105efd1055cf7,,,6403.739902,10.0.2.15,59105,46.228.164.13,443,tcp,5.704632999999376,582.0,3066.0,RSTO,True,False,0,ShADadFR,9,950,9,3430,ssl,0
6404.606336,CFYKPY1fYnvagI6eA2,10.0.2.15,59104,66.117.29.3,443,TLSv12,TLS_ECDHE_RSA_WITH_AES_128_GCM_SHA256,secp256r1,directtv.tt.omtrdc.net,False,True,CsxknGIi,"['103723154140b34b0b1260e3e747cfd392b7d030a78cd15f43cb9807d28f42f5', '19400be5b7a31fb733917700789d2f0a2471c0c9d506c0e504c06c16d7cb17c0']",[],1.0,0ffee3ba8e615ad22535e7f771690a28,ae7f2b2d1bd496bc9ce111c0a9fa3597,h2,,6403.739455,10.0.2.15,59104,66.117.29.3,443,tcp,3.018339000000196,565.0,3248.0,RSTO,True,False,0,ShADadFR,11,1013,12,3732,ssl,0
6404.866889,C772NL2Y86EggHs2Pf,10.0.2.15,59107,46.228.164.13,443,TLSv12,TLS_RSA_WITH_AES_128_CBC_SHA,,d.turn.com,False,True,CsxnGIti,"['331de231c71d6e7597ac717a3ade18b10f51eea0ce4b3c9c75144a7b5ce9e2cf', '154c433c491929c5ef686e838e323664a00e6a0d822ccc958fb4dab03e49a08f']",[],1.0,0ffee3ba8e615ad22535e7f771690a28,7224c92f21d262b619e105efd1055cf7,,,6403.993317,10.0.2.15,59107,46.228.164.13,443,tcp,6.069903999999951,529.0,3151.0,SF,True,False,0,ShADadfF,8,857,10,3555,ssl,0
6404.863889,CdNLNA3hMhRyGa2hva,10.0.2.15,59106,66.117.29.3,443,TLSv12,TLS_ECDHE_RSA_WITH_AES_128_GCM_SHA256,secp256r1,directtv.tt.omtrdc.net,False,True,CsxknGIi,"['103723154140b34b0b1260e3e747cfd392b7d030a78cd15f43cb9807d28f42f5', '19400be5b7a31fb733917700789d2f0a2471c0c9d506c0e504c06c16d7cb17c0']",[],1.0,0ffee3ba8e615ad22535e7f771690a28,ae7f2b2d1bd496bc9ce111c0a9fa3597,h2,,6403.992363,10.0.2.15,59106,66.117.29.3,443,tcp,4.18655200000012,565.0,3279.0,SF,True,False,0,ShADadFfRr,13,1093,16,3923,ssl,0
6404.482128,CNAJ5l4DyvgeXsgOBb,10.0.2.15,59099,46.228.164.13,443,TLSv12,TLS_RSA_WITH_AES_128_CBC_SHA,,d.turn.com,False,True,CsxnGIti,"['331de231c71d6e7597ac717a3ade18b10f51eea0ce4b3c9c75144a7b5ce9e2cf', '154c433c491929c5ef686e838e323664a00e6a0d822ccc958fb4dab03e49a08f']",[],1.0,0ffee3ba8e615ad22535e7f771690a28,7224c92f21d262b619e105efd1055cf7,,,6403.734574,10.0.2.15,59099,46.228.164.13,443,tcp,17.173948999999993,2405.0,6408.0,SF,True,False,0,ShADadfF,15,3013,17,7092,ssl,0
6408.137695,CxMGPQ9rBKCxEzJS8,10.0.2.15,59109,95.101.244.223,443,TLSv12,TLS_ECDHE_RSA_WITH_AES_256_GCM_SHA384,,s7d1.scene7.com,True,True,CsiI,,,,1a5fe5677b0e4fbbc854e8908225637d,410b9bedaf65dd26c6fe547154d60db4,http/1.1,,6407.793534,10.0.2.15,59109,95.101.244.223,443,tcp,181.72550599999977,1787.0,31261.0,SF,True,False,0,ShADadTTFfRr,44,3572,61,33705,ssl,0
6408.138462,C9IcB54iUeIlidhGE2,10.0.2.15,59108,95.101.244.223,443,TLSv12,TLS_ECDHE_RSA_WITH_AES_256_GCM_SHA384,,s7d1.scene7.com,True,True,CsiI,,,,1a5fe5677b0e4fbbc854e8908225637d,410b9bedaf65dd26c6fe547154d60db4,http/1.1,,6407.793023,10.0.2.15,59108,95.101.244.223,443,tcp,8.085567000000083,599.0,183.0,SF,True,False,0,ShADadFfRr,9,967,9,547,ssl,0
6409.422009,CBvME33sz199Ny1WU2,10.0.2.15,59110,172.217.23.228,443,TLSv12,TLS_ECDHE_RSA_WITH_AES_128_GCM_SHA256,,www.google.com,True,True,CsiI,,,,1a5fe5677b0e4fbbc854e8908225637d,67619a80665d7ab92d1041b1d11f9164,h2,,6409.040123,10.0.2.15,59110,172.217.23.228,443,tcp,59.32122600000002,6684.0,15067.0,SF,True,False,0,ShADadFf,30,7892,39,16631,ssl,0
6404.480565,CdXPxv13ttAeQ3LTy7,10.0.2.15,59100,66.117.29.3,443,TLSv12,TLS_ECDHE_RSA_WITH_AES_128_GCM_SHA256,secp256r1,directtv.tt.omtrdc.net,False,True,CsxknGIi,"['103723154140b34b0b1260e3e747cfd392b7d030a78cd15f43cb9807d28f42f5', '19400be5b7a31fb733917700789d2f0a2471c0c9d506c0e504c06c16d7cb17c0']",[],1.0,0ffee3ba8e615ad22535e7f771690a28,ae7f2b2d1bd496bc9ce111c0a9fa3597,h2,,6403.735112,10.0.2.15,59100,66.117.29.3,443,tcp,315.4647279999999,7951.0,10330.0,SF,True,False,0,ShADadFfRr,40,9559,44,12094,ssl,0
6412.156845,CTTYdL20peAnsCgtnk,10.0.2.15,59117,23.74.199.150,443,TLSv12,TLS_ECDHE_RSA_WITH_AES_256_GCM_SHA384,,www.directv.com,True,True,CsiI,,,,1a5fe5677b0e4fbbc854e8908225637d,410b9bedaf65dd26c6fe547154d60db4,http/1.1,,6411.260936,10.0.2.15,59117,23.74.199.150,443,tcp,255.42090800000005,12805.0,182220.0,SF,True,False,0,ShADadTTFfRr,97,16714,203,190344,ssl,0
6412.16325,CePbeo3UNCNQw1Wm6e,10.0.2.15,59116,23.74.199.150,443,TLSv12,TLS_ECDHE_RSA_WITH_AES_256_GCM_SHA384,,www.directv.com,True,True,CsiI,,,,1a5fe5677b0e4fbbc854e8908225637d,410b9bedaf65dd26c6fe547154d60db4,http/1.1,,6411.250873,10.0.2.15,59116,23.74.199.150,443,tcp,146.87740699999995,16923.0,48333.0,SF,True,False,0,ShADadTTFfRr,56,19183,81,51577,ssl,0
6412.166405,CJ1oZs3IRZby2f8iTk,10.0.2.15,59115,23.74.199.150,443,TLSv12,TLS_ECDHE_RSA_WITH_AES_256_GCM_SHA384,,www.directv.com,True,True,CsiI,,,,1a5fe5677b0e4fbbc854e8908225637d,410b9bedaf65dd26c6fe547154d60db4,http/1.1,,6411.249623,10.0.2.15,59115,23.74.199.150,443,tcp,201.4196950000005,2950.0,37518.0,SF,True,False,0,ShADadTTFfRr,43,4697,62,40002,ssl,0
6412.18475,CqB4vDiySasVPmiVg,10.0.2.15,59114,23.74.199.150,443,TLSv12,TLS_ECDHE_RSA_WITH_AES_256_GCM_SHA384,,www.directv.com,True,True,CsiI,,,,1a5fe5677b0e4fbbc854e8908225637d,410b9bedaf65dd26c6fe547154d60db4,http/1.1,,6411.2481,10.0.2.15,59114,23.74.199.150,443,tcp,7.373454999999922,599.0,183.0,SF,True,False,0,ShADadFfRr,9,967,9,547,ssl,0
6412.120254,CUPQqM14ivLBl75J59,10.0.2.15,59113,23.74.199.150,443,TLSv12,TLS_ECDHE_RSA_WITH_AES_256_GCM_SHA384,,www.directv.com,True,True,CsiI,,,,1a5fe5677b0e4fbbc854e8908225637d,410b9bedaf65dd26c6fe547154d60db4,http/1.1,,6410.985173,10.0.2.15,59113,23.74.199.150,443,tcp,201.67799899999957,2771.0,23876.0,RSTO,True,False,0,ShADadTTFR,39,4358,49,25840,ssl,0
6413.257435,CgrAkM3BtMfZ6xeq2l,10.0.2.15,59118,46.228.164.13,443,TLSv12,TLS_RSA_WITH_AES_128_CBC_SHA,,d.turn.com,False,True,CsxnGIti,"['331de231c71d6e7597ac717a3ade18b10f51eea0ce4b3c9c75144a7b5ce9e2cf', '154c433c491929c5ef686e838e323664a00e6a0d822ccc958fb4dab03e49a08f']",[],1.0,1a5fe5677b0e4fbbc854e8908225637d,7224c92f21d262b619e105efd1055cf7,,,6411.263596,10.0.2.15,59118,46.228.164.13,443,tcp,4.153987000000598,859.0,3119.0,SF,True,False,0,ShADadFfRr,10,1267,11,3563,ssl,0
6416.181515,Cp9nxXSI6naXcee,10.0.2.15,59120,172.217.23.194,443,TLSv12,TLS_ECDHE_RSA_WITH_AES_128_GCM_SHA256,x25519,www.googleadservices.com,False,True,CsxknGIti,"['33c13616ade5804cb64668e7fede6e1ef8141ce96a24e69910dfdd83efac1907', '9f630426df1d8abfd80ace98871ba833ab9742cb34838de2b5285ed54c0c7dcc', '3c35cc963eb004451323d3275d05b353235053490d9cd83729a2faf5e7ca1cc0']",[],1.0,0ffee3ba8e615ad22535e7f771690a28,ab41313cfec25328b20865eb1388e0a2,h2,,6414.761218,10.0.2.15,59120,172.217.23.194,443,tcp,305.8729080000003,3983.0,8994.0,SF,True,False,0,ShADadFf,42,5671,49,10958,ssl,0
6416.183837,CWFi7lCcfexU8kMAa,10.0.2.15,59121,95.100.189.33,443,TLSv12,TLS_ECDHE_RSA_WITH_AES_256_GCM_SHA384,secp256r1,tags.bkrtx.com,False,True,CsxknGIti,"['ed2d7e3b1c0d0b681a987912d114866983c71bef58ab0a9f982bb66691b1e8a9', 'eae72eb454bf6c3977ebd289e970b2f5282949190093d0d26f98d0f0d6a9cf17', '8420dfbe376f414bf4c0a81e6936d24ccc03f304835b86c7a39142fca723a689']",[],1.0,0ffee3ba8e615ad22535e7f771690a28,2b33c1374db4ddf06942f92373c0b54b,http/1.1,,6414.772639,10.0.2.15,59121,95.100.189.33,443,tcp,133.6671750000005,653.0,18518.0,SF,True,False,0,ShADadTTFf,34,2033,45,20322,ssl,0
6416.184725,CWciBP37YWfJ9qft58,10.0.2.15,59119,95.100.189.33,443,TLSv12,TLS_ECDHE_RSA_WITH_AES_256_GCM_SHA384,secp256r1,tags.bkrtx.com,False,True,CsxknGIti,"['ed2d7e3b1c0d0b681a987912d114866983c71bef58ab0a9f982bb66691b1e8a9', 'eae72eb454bf6c3977ebd289e970b2f5282949190093d0d26f98d0f0d6a9cf17', '8420dfbe376f414bf4c0a81e6936d24ccc03f304835b86c7a39142fca723a689']",[],1.0,0ffee3ba8e615ad22535e7f771690a28,2b33c1374db4ddf06942f92373c0b54b,http/1.1,,6414.758851,10.0.2.15,59119,95.100.189.33,443,tcp,7.893531000000621,348.0,4842.0,SF,True,False,0,ShADadFRfr,12,836,15,5446,ssl,0
6417.184938,CiQV0y3UrlIqITT2wd,10.0.2.15,59129,95.100.189.33,443,TLSv12,TLS_ECDHE_RSA_WITH_AES_256_GCM_SHA384,secp256r1,tags.bkrtx.com,False,True,CsxknGIti,"['ed2d7e3b1c0d0b681a987912d114866983c71bef58ab0a9f982bb66691b1e8a9', 'eae72eb454bf6c3977ebd289e970b2f5282949190093d0d26f98d0f0d6a9cf17', '8420dfbe376f414bf4c0a81e6936d24ccc03f304835b86c7a39142fca723a689']",[],1.0,0ffee3ba8e615ad22535e7f771690a28,2b33c1374db4ddf06942f92373c0b54b,http/1.1,,6416.41759,10.0.2.15,59129,95.100.189.33,443,tcp,6.521155999999792,348.0,4842.0,SF,True,False,0,ShADadFfRr,12,836,15,5446,ssl,0
6417.186389,CQWPoj1c8k43nGp19j,10.0.2.15,59134,52.28.33.248,443,TLSv12,TLS_ECDHE_RSA_WITH_AES_128_GCM_SHA256,secp256r1,nexus.ensighten.com,False,True,CsxuknGIti,"['5fb5994638f535624889e2aa6260f51577963498d17ec00206936fa84169d21f', 'e0898ad662474b9f753c79bea878031c9a5d634a49edd6310b960ab023c02c0e']",[],1.0,1a5fe5677b0e4fbbc854e8908225637d,0c0aff9ccea5e7e1de5c3a0069d103f3,,,6416.429179,10.0.2.15,59134,52.28.33.248,443,tcp,18.088960000000043,1041.0,36817.0,SF,True,False,0,ShADadTfF,33,2370,57,39101,ssl,0
6417.188074,CQ4OWZ3jEKsqurjnK6,10.0.2.15,59132,52.28.33.248,443,TLSv12,TLS_ECDHE_RSA_WITH_AES_128_GCM_SHA256,secp256r1,nexus.ensighten.com,False,True,CsxuknGIti,"['5fb5994638f535624889e2aa6260f51577963498d17ec00206936fa84169d21f', 'e0898ad662474b9f753c79bea878031c9a5d634a49edd6310b960ab023c02c0e']",[],1.0,1a5fe5677b0e4fbbc854e8908225637d,0c0aff9ccea5e7e1de5c3a0069d103f3,,,6416.428209,10.0.2.15,59132,52.28.33.248,443,tcp,10.158308000000034,674.0,5022.0,SF,True,False,0,ShADadFf,11,1122,13,5546,ssl,0
6417.193595,CX86Zw3WmD8z9sJO9,10.0.2.15,59131,52.28.33.248,443,TLSv12,TLS_ECDHE_RSA_WITH_AES_128_GCM_SHA256,secp256r1,nexus.ensighten.com,False,True,CsxuknGIti,"['5fb5994638f535624889e2aa6260f51577963498d17ec00206936fa84169d21f', 'e0898ad662474b9f753c79bea878031c9a5d634a49edd6310b960ab023c02c0e']",[],1.0,1a5fe5677b0e4fbbc854e8908225637d,0c0aff9ccea5e7e1de5c3a0069d103f3,,,6416.427784,10.0.2.15,59131,52.28.33.248,443,tcp,10.168988999999783,674.0,5022.0,SF,True,False,0,ShADadFf,11,1122,13,5546,ssl,0
6417.187384,CSrlFy4e6Yd1Mt7leb,10.0.2.15,59133,151.101.112.230,443,TLSv12,TLS_ECDHE_RSA_WITH_AES_128_GCM_SHA256,secp256r1,apps.nexus.bazaarvoice.com,False,True,CsxuknGIti,"['994b04ba8e8ee64ff0b2f7d5f735347f3ab0899c2b2f9222197160436256fb7d', '74ef335e5e18788307fb9d89cb704bec112abd23487dbff41c4ded5070f241d9']",[],1.0,0ffee3ba8e615ad22535e7f771690a28,860fcf58fd757e26aa8911e5eaff6b53,http/1.1,,6416.42867,10.0.2.15,59133,151.101.112.230,443,tcp,132.01112299999932,743.0,8964.0,SF,True,False,0,ShADadTTFfRr,27,1843,32,10248,ssl,0
6417.363397,CIUGpl1es4ajrvYDn7,10.0.2.15,59130,52.38.120.69,443,TLSv12,TLS_ECDHE_RSA_WITH_AES_256_GCM_SHA384,secp256r1,www.leafly.com,False,True,CsxuknGIti,"['7a2238b507cb27175a48cc8bc67ccc545d8b77b568d307764ea31ff1d709e417', '154c433c491929c5ef686e838e323664a00e6a0d822ccc958fb4dab03e49a08f', '4348a0e9444c78cb265e058d5e8944b4d84f9662bd26db257f8934a443c70161']",[],1.0,0ffee3ba8e615ad22535e7f771690a28,d53e4608f956df65bb2b8a8c4d3b025d,,,6416.426367,10.0.2.15,59130,52.38.120.69,443,tcp,64.03914700000041,692.0,30518.0,SF,True,False,0,ShADadTfF,34,2065,51,32562,ssl,0
6417.862894,CjerUH16nd2XiMIww2,10.0.2.15,59135,52.19.210.4,443,TLSv12,TLS_ECDHE_RSA_WITH_AES_128_GCM_SHA256,secp256r1,dpm.demdex.net,False,True,CsxknGIi,"['ab8f7b89fa3e472463832f1b07660350a24ba646789dce6dd09107fab1d86a12', '19400be5b7a31fb733917700789d2f0a2471c0c9d506c0e504c06c16d7cb17c0']",[],1.0,0ffee3ba8e615ad22535e7f771690a28,303951d4c50efb2e991652225a6f02b1,,,6416.981881,10.0.2.15,59135,52.19.210.4,443,tcp,89.0408010000001,6705.0,6046.0,SF,True,False,0,ShADadTFf,24,7679,27,7130,ssl,0
6418.611269,CB74g92pQ5Hj0PL1b9,10.0.2.15,59137,52.19.210.4,443,TLSv12,TLS_ECDHE_RSA_WITH_AES_128_GCM_SHA256,secp256r1,dpm.demdex.net,False,True,CsxknGIi,"['ab8f7b89fa3e472463832f1b07660350a24ba646789dce6dd09107fab1d86a12', '19400be5b7a31fb733917700789d2f0a2471c0c9d506c0e504c06c16d7cb17c0']",[],1.0,0ffee3ba8e615ad22535e7f771690a28,303951d4c50efb2e991652225a6f02b1,,,6417.554841,10.0.2.15,59137,52.19.210.4,443,tcp,16.240791000000172,348.0,3143.0,SF,True,False,0,ShADadTFfRr,13,877,15,3747,ssl,0
6421.174903,CHhAvq2qhFYI3SWsod,10.0.2.15,59123,52.38.120.69,443,TLSv12,TLS_ECDHE_RSA_WITH_AES_256_GCM_SHA384,secp256r1,www.leafly.com,False,True,CsxuknGIti,"['7a2238b507cb27175a48cc8bc67ccc545d8b77b568d307764ea31ff1d709e417', '154c433c491929c5ef686e838e323664a00e6a0d822ccc958fb4dab03e49a08f', '4348a0e9444c78cb265e058d5e8944b4d84f9662bd26db257f8934a443c70161']",[],1.0,1a5fe5677b0e4fbbc854e8908225637d,d53e4608f956df65bb2b8a8c4d3b025d,,,6415.490237,10.0.2.15,59123,52.38.120.69,443,tcp,19.051386000000093,674.0,4624.0,SF,True,False,0,ShADadFf,12,1170,13,5148,ssl,0
6421.180334,CPdazg3Ku7EhElQ8eg,10.0.2.15,59127,151.101.112.230,443,TLSv12,TLS_ECDHE_RSA_WITH_AES_128_GCM_SHA256,,apps.nexus.bazaarvoice.com,True,True,CsiI,,,,1a5fe5677b0e4fbbc854e8908225637d,1d0e57c6ae42e9204defa51e5e1cdc4c,http/1.1,,6415.550086,10.0.2.15,59127,151.101.112.230,443,tcp,13.204530999999406,599.0,191.0,SF,True,False,0,ShADadFfRr,10,1015,9,555,ssl,0
6421.17953,C9rGnh4AFo0dnFVw57,10.0.2.15,59128,52.28.33.248,443,TLSv12,TLS_ECDHE_RSA_WITH_AES_128_GCM_SHA256,secp256r1,nexus.ensighten.com,False,True,CsxuknGIti,"['5fb5994638f535624889e2aa6260f51577963498d17ec00206936fa84169d21f', 'e0898ad662474b9f753c79bea878031c9a5d634a49edd6310b960ab023c02c0e']",[],1.0,1a5fe5677b0e4fbbc854e8908225637d,0c0aff9ccea5e7e1de5c3a0069d103f3,,,6415.550697,10.0.2.15,59128,52.28.33.248,443,tcp,19.781308000000536,674.0,5022.0,SF,True,False,0,ShADadTFf,13,1211,14,5586,ssl,0
6421.17553,CWjFlWYzMrVoh1gMc,10.0.2.15,59122,52.38.120.69,443,TLSv12,TLS_ECDHE_RSA_WITH_AES_256_GCM_SHA384,secp256r1,www.leafly.com,False,True,CsxuknGIti,"['7a2238b507cb27175a48cc8bc67ccc545d8b77b568d307764ea31ff1d709e417', '154c433c491929c5ef686e838e323664a00e6a0d822ccc958fb4dab03e49a08f', '4348a0e9444c78cb265e058d5e8944b4d84f9662bd26db257f8934a443c70161']",[],1.0,1a5fe5677b0e4fbbc854e8908225637d,d53e4608f956df65bb2b8a8c4d3b025d,,,6415.489661,10.0.2.15,59122,52.38.120.69,443,tcp,19.651135000000068,674.0,4624.0,SF,True,False,0,ShADadFf,11,1130,12,5108,ssl,0
6421.18135,Ci0Wyk4JXNB1oGvjU4,10.0.2.15,59126,52.28.33.248,443,TLSv12,TLS_ECDHE_RSA_WITH_AES_128_GCM_SHA256,secp256r1,nexus.ensighten.com,False,True,CsxuknGIti,"['5fb5994638f535624889e2aa6260f51577963498d17ec00206936fa84169d21f', 'e0898ad662474b9f753c79bea878031c9a5d634a49edd6310b960ab023c02c0e']",[],1.0,1a5fe5677b0e4fbbc854e8908225637d,0c0aff9ccea5e7e1de5c3a0069d103f3,,,6415.518936,10.0.2.15,59126,52.28.33.248,443,tcp,19.941211999999723,674.0,5022.0,SF,True,False,0,ShADadTFf,13,1211,14,5586,ssl,0
6421.182169,CAC9wi4riXeMItlJbh,10.0.2.15,59125,52.28.33.248,443,TLSv12,TLS_ECDHE_RSA_WITH_AES_128_GCM_SHA256,secp256r1,nexus.ensighten.com,False,True,CsxuknGIti,"['5fb5994638f535624889e2aa6260f51577963498d17ec00206936fa84169d21f', 'e0898ad662474b9f753c79bea878031c9a5d634a49edd6310b960ab023c02c0e']",[],1.0,1a5fe5677b0e4fbbc854e8908225637d,0c0aff9ccea5e7e1de5c3a0069d103f3,,,6415.518443,10.0.2.15,59125,52.28.33.248,443,tcp,20.35056700000041,674.0,5022.0,SF,True,False,0,ShADadTFf,13,1211,14,5586,ssl,0
6421.183026,CfSkD33amh9Yk2GMH8,10.0.2.15,59124,52.28.33.248,443,TLSv12,TLS_ECDHE_RSA_WITH_AES_128_GCM_SHA256,secp256r1,nexus.ensighten.com,False,True,CsxuknGIti,"['5fb5994638f535624889e2aa6260f51577963498d17ec00206936fa84169d21f', 'e0898ad662474b9f753c79bea878031c9a5d634a49edd6310b960ab023c02c0e']",[],1.0,1a5fe5677b0e4fbbc854e8908225637d,0c0aff9ccea5e7e1de5c3a0069d103f3,,,6415.517393,10.0.2.15,59124,52.28.33.248,443,tcp,20.66774999999961,674.0,5022.0,SF,True,False,0,ShADadTFf,14,1251,15,5626,ssl,0
6427.069788,CJGwQppuxqISwD97d,10.0.2.15,60497,37.252.172.27,443,TLSv12,TLS_ECDHE_RSA_WITH_AES_256_GCM_SHA384,secp256r1,secure.adnxs.com,False,True,CsxuknGIti,"['5b081650e8034418a37504ce0820892be5a66474578207711eb688243fe1a8f2', '074541ecdf88ed992ed5ade3ecddef27a26ba1b44480a195c0a8dadae2521d8e']",[],1.0,0ffee3ba8e615ad22535e7f771690a28,d53e4608f956df65bb2b8a8c4d3b025d,,,6426.002887,10.0.2.15,60497,37.252.172.27,443,tcp,28.72422700000061,5646.0,10737.0,SF,True,False,0,ShADadTfF,19,6415,26,11781,ssl,0
6427.092882,Cn7BOg2nS97ruHHIO7,10.0.2.15,60498,46.137.125.133,443,TLSv12,TLS_ECDHE_RSA_WITH_AES_128_GCM_SHA256,secp256r1,insight.adsrvr.org,False,True,CsxknGIi,"['eb6a61e357a3b2f8e2ab4cc809f2088543de4475bcacfe6122f6dbe82d9b7c38', '58ea0688b7909aaa8eaaa2fff36f3bbe8f4a2ad03bd70243b3903469db4890f7']",[],1.0,0ffee3ba8e615ad22535e7f771690a28,303951d4c50efb2e991652225a6f02b1,,,6426.00423,10.0.2.15,60498,46.137.125.133,443,tcp,71.77815700000065,3078.0,6068.0,SF,True,False,0,ShADadTFf,18,3811,22,6952,ssl,0
6427.083706,CWcD5L2t7oNKgNEvBi,10.0.2.15,60500,23.74.188.194,443,TLSv12,TLS_ECDHE_RSA_WITH_AES_256_GCM_SHA384,secp256r1,s-cdn-tag.medialytics.com,False,True,CsxknGIti,"['ca8de159894be566f3df188076e60ebea70b42e6e92cf9ad8b6018b435630da3', 'eae72eb454bf6c3977ebd289e970b2f5282949190093d0d26f98d0f0d6a9cf17', '8420dfbe376f414bf4c0a81e6936d24ccc03f304835b86c7a39142fca723a689']",[],1.0,0ffee3ba8e615ad22535e7f771690a28,2b33c1374db4ddf06942f92373c0b54b,http/1.1,,6426.007394,10.0.2.15,60500,23.74.188.194,443,tcp,221.90730799999983,989.0,30086.0,SF,True,False,0,ShADadTTFf,43,2737,59,32450,ssl,0
6427.079321,CPyN3p17C3Uz0Rfpgd,10.0.2.15,60501,107.21.249.217,443,TLSv12,TLS_ECDHE_RSA_WITH_AES_128_GCM_SHA256,secp256r1,rtd.tubemogul.com,False,True,CsxknGIti,"['6d3663a75e2c0fe8f3fca9306a41dfdf189af006cc883d25fe8ca4f3548ce81a', '2c27bee478d887a2de99c81ee56a2d06ebc9d358e74a4e158e9e8823cd53e16f', '154c433c491929c5ef686e838e323664a00e6a0d822ccc958fb4dab03e49a08f']",[],1.0,0ffee3ba8e615ad22535e7f771690a28,389ed42c02ebecc32e73aa31def07e14,,,6426.008623,10.0.2.15,60501,107.21.249.217,443,tcp,25.92010699999992,714.0,6131.0,SF,True,False,0,ShADadTfF,13,1243,17,6815,ssl,0
6427.087901,CkmBet2swvuoOFZe7a,10.0.2.15,60499,107.22.219.90,443,TLSv12,TLS_ECDHE_RSA_WITH_AES_256_CBC_SHA,secp256r1,conv.tubemogul.com,False,True,CsxknGIti,"['6d3663a75e2c0fe8f3fca9306a41dfdf189af006cc883d25fe8ca4f3548ce81a', '2c27bee478d887a2de99c81ee56a2d06ebc9d358e74a4e158e9e8823cd53e16f', '154c433c491929c5ef686e838e323664a00e6a0d822ccc958fb4dab03e49a08f']",[],1.0,0ffee3ba8e615ad22535e7f771690a28,63a37e7be22df054d1f448fc0c28b98f,,,6426.006529,10.0.2.15,60499,107.22.219.90,443,tcp,17.392362999999932,766.0,5089.0,SF,True,False,0,ShADadfF,11,1214,14,5653,ssl,0
6430.85756,Czt73M2pfYRcM0RRbd,10.0.2.15,60512,91.121.44.108,443,TLSv12,TLS_ECDHE_RSA_WITH_AES_128_GCM_SHA256,secp384r1,connect.ekomi.de,False,True,CsxknGIi,"['9f135b411f4ac9a16c5fc44ad205d8f099c694d8ff161b8782f083cacd6419d6', '02ab57e4e67a0cb48dd2ff34830e8ac40f4476fb08ca6be3f5cd846f646840f0', '4f32d5dc00f715250abcc486511e37f501a899deb3bf7ea8adbbd3aef1c412da']",[],1.0,0ffee3ba8e615ad22535e7f771690a28,699a80bdb17efe157c861f92c5bf5d1d,,,6428.778829,10.0.2.15,60512,91.121.44.108,443,tcp,26.008544000000256,683.0,6443.0,SF,True,False,0,ShADadTfF,12,1172,16,7087,ssl,0
6430.889332,CXDJYq4slsGfKdIVUj,10.0.2.15,60509,46.137.168.38,443,TLSv12,TLS_ECDHE_RSA_WITH_AES_128_GCM_SHA256,secp256r1,secimg.vmmpxl.com,False,True,CsxknGIi,"['4f91575b0a2f9f789f4808589529c84d6ac49c228dcbbcf7fa3e1f97acd11d43', 'e6683e88315cd1cb403c0cea490f7c4b4c82c91cd485037489aadbaa90839f61']",[],1.0,0ffee3ba8e615ad22535e7f771690a28,303951d4c50efb2e991652225a6f02b1,,,6428.775795,10.0.2.15,60509,46.137.168.38,443,tcp,78.64917800000057,1000.0,4449.0,SF,True,False,0,ShADadTFf,19,1774,21,5293,ssl,0
6430.865703,C9zbf23wGXava9SP3h,10.0.2.15,60511,52.0.62.44,443,TLSv12,TLS_ECDHE_RSA_WITH_AES_128_GCM_SHA256,secp256r1,magnetic.t.domdex.com,False,True,CsxknGIi,"['e0a8ce7919fcfda04c7ec45d5d11a1709f8bc10d6f5510510062dd033131d4b6', '19400be5b7a31fb733917700789d2f0a2471c0c9d506c0e504c06c16d7cb17c0']",[],1.0,0ffee3ba8e615ad22535e7f771690a28,303951d4c50efb2e991652225a6f02b1,,,6428.777869,10.0.2.15,60511,52.0.62.44,443,tcp,70.97708300000068,906.0,3557.0,SF,True,False,0,ShADadTFf,16,1559,18,4281,ssl,0
6430.908472,Cs044N3WP8EsaP4dfb,10.0.2.15,60507,37.252.172.27,443,TLSv12,TLS_ECDHE_RSA_WITH_AES_256_GCM_SHA384,secp256r1,secure.adnxs.com,False,True,CsxuknGIti,"['5b081650e8034418a37504ce0820892be5a66474578207711eb688243fe1a8f2', '074541ecdf88ed992ed5ade3ecddef27a26ba1b44480a195c0a8dadae2521d8e']",[],1.0,0ffee3ba8e615ad22535e7f771690a28,d53e4608f956df65bb2b8a8c4d3b025d,,,6428.774262,10.0.2.15,60507,37.252.172.27,443,tcp,26.88731100000041,8310.0,13685.0,SF,True,False,0,ShADadFf,22,9198,31,14929,ssl,0
6430.915973,C4ycDZ1k6cR6jeddxa,10.0.2.15,60505,46.137.125.133,443,TLSv12,TLS_ECDHE_RSA_WITH_AES_128_GCM_SHA256,secp256r1,insight.adsrvr.org,False,True,CsxknGIi,"['eb6a61e357a3b2f8e2ab4cc809f2088543de4475bcacfe6122f6dbe82d9b7c38', '58ea0688b7909aaa8eaaa2fff36f3bbe8f4a2ad03bd70243b3903469db4890f7']",[],1.0,0ffee3ba8e615ad22535e7f771690a28,303951d4c50efb2e991652225a6f02b1,,,6428.77254,10.0.2.15,60505,46.137.125.133,443,tcp,75.4499310000001,3079.0,6025.0,SF,True,False,0,ShADadTFf,21,3934,22,6909,ssl,0
6430.906219,Cz029i3B6TroH9Hyjc,10.0.2.15,60508,52.206.234.102,443,TLSv12,TLS_ECDHE_RSA_WITH_AES_128_GCM_SHA256,secp256r1,js10.ringrevenue.com,False,True,CsxknGIi,"['97197a82332898c1ea357be43d8553345005ee959e7117e102811b4f6d8d48ab', '973a41276ffd01e027a2aad49e34c37846d3e976ff6a620b6712e33832041aa6', '3a2fbe92891e57fe05d57087f48e730f17e5a5f53ef403d618e5b74d7a7e6ecb', 'c3846bf24b9e93ca64274c0ec67c1ecc5e024ffcacd2d74019350e81fe546ae4']",[],1.0,0ffee3ba8e615ad22535e7f771690a28,303951d4c50efb2e991652225a6f02b1,,,6428.774935,10.0.2.15,60508,52.206.234.102,443,tcp,133.7750419999993,635.0,32846.0,SF,True,False,0,ShADadTTFf,31,1894,49,34810,ssl,0
6430.918318,Ccf3Xx2TKRyOfLkDef,10.0.2.15,60504,185.57.60.185,443,TLSv12,TLS_ECDHE_ECDSA_WITH_AES_256_GCM_SHA384,secp256r1,pixel.tapad.com,False,True,CsxknGIti,"['2e07c3eefcc0f914e58014ebb73641b122d04bc44d3fa4319f90ab3d10159da4', '93a07898d89b2cca166ba6f1f8a14138ce43828e491b831926bc8247d391cc72', '9f43d52e808c20aff69e02faac205aac684e6975213d6620fac64bde5fcab4bc', '1465fa205397b876faa6f0a9958e5590e40fcc7faa4fb7c2c8677521fb5fb658', '2e2861289b5ccedecae4c31bf262e0fb0c29b6c1530573442731ca65d821e901']",[],1.0,0ffee3ba8e615ad22535e7f771690a28,5590a2023cffab2c8ace569bfb23fab1,,,6428.771384,10.0.2.15,60504,185.57.60.185,443,tcp,17.43413000000055,773.0,7306.0,SF,True,False,0,ShADadfF,12,1261,16,7950,ssl,0
6430.922791,CMclVP3EkBFwoBXa4l,10.0.2.15,60502,72.14.246.86,443,TLSv12,TLS_ECDHE_RSA_WITH_AES_128_GCM_SHA256,x25519,p1.zemanta.com,False,True,CsxknGIi,"['dd209cbb642e597abc8250943af54626b54f51b8246746940f80716b9481eb3e', '973a41276ffd01e027a2aad49e34c37846d3e976ff6a620b6712e33832041aa6', '3a2fbe92891e57fe05d57087f48e730f17e5a5f53ef403d618e5b74d7a7e6ecb', 'c3846bf24b9e93ca64274c0ec67c1ecc5e024ffcacd2d74019350e81fe546ae4']",[],1.0,0ffee3ba8e615ad22535e7f771690a28,67619a80665d7ab92d1041b1d11f9164,h2,,6428.750476,10.0.2.15,60502,72.14.246.86,443,tcp,290.6609469999994,1112.0,6506.0,SF,True,False,0,ShADadTFf,27,2201,30,7710,ssl,0
6430.921186,CtrLh31FQVkQoUuMDg,10.0.2.15,60503,107.21.249.217,443,TLSv12,TLS_ECDHE_RSA_WITH_AES_128_GCM_SHA256,secp256r1,rtd.tubemogul.com,False,True,CsxknGIti,"['6d3663a75e2c0fe8f3fca9306a41dfdf189af006cc883d25fe8ca4f3548ce81a', '2c27bee478d887a2de99c81ee56a2d06ebc9d358e74a4e158e9e8823cd53e16f', '154c433c491929c5ef686e838e323664a00e6a0d822ccc958fb4dab03e49a08f']",[],1.0,0ffee3ba8e615ad22535e7f771690a28,389ed42c02ebecc32e73aa31def07e14,,,6428.764395,10.0.2.15,60503,107.21.249.217,443,tcp,26.02238599999964,714.0,6131.0,SF,True,False,0,ShADadTfF,12,1203,16,6775,ssl,0
6434.114734,Chaet22kc2JRbVQUVk,10.0.2.15,60519,172.217.23.226,443,TLSv12,TLS_ECDHE_RSA_WITH_AES_128_GCM_SHA256,,pubads.g.doubleclick.net,True,True,CsiI,,,,1a5fe5677b0e4fbbc854e8908225637d,67619a80665d7ab92d1041b1d11f9164,h2,,6433.246743,10.0.2.15,60519,172.217.23.226,443,tcp,54.07374100000016,4965.0,15124.0,SF,True,False,0,ShADadFf,42,6653,53,17248,ssl,0
6434.118557,CXaejey2n6XxTEbQf,10.0.2.15,60517,193.0.160.207,443,TLSv12,TLS_RSA_WITH_AES_256_CBC_SHA,,20737052p.rfihub.com,False,True,CsxnGIi,"['6319fe60346fb81cd95b32cf612cd0a3a9c962907bbad4fe17ce3c85e44e1f66', '154c433c491929c5ef686e838e323664a00e6a0d822ccc958fb4dab03e49a08f']",[],1.0,0ffee3ba8e615ad22535e7f771690a28,0a917d753018dad73d9899ace370f8d8,,,6433.244722,10.0.2.15,60517,193.0.160.207,443,tcp,20.885810999999197,2037.0,2713.0,SF,True,False,0,ShADadfF,10,2445,10,3117,ssl,0
6434.125496,COjTHf46aWYNk9qkAb,10.0.2.15,60516,188.125.66.33,443,TLSv12,TLS_ECDHE_RSA_WITH_AES_128_GCM_SHA256,secp256r1,sp.analytics.yahoo.com,False,True,CsxknGIti,"['a42bd5146a3d4010979322f493ea1cf3e1ba9033d64ae699935e6a6ad96bd3c4', '19400be5b7a31fb733917700789d2f0a2471c0c9d506c0e504c06c16d7cb17c0']",[],1.0,1a5fe5677b0e4fbbc854e8908225637d,b898351eb5e266aefd3723d466935494,http/1.1,,6433.244081,10.0.2.15,60516,188.125.66.33,443,tcp,18.05710799999997,1532.0,4917.0,SF,True,False,0,ShADadFfRr,15,2140,18,5641,ssl,0
6434.127044,CFZPou2E8DhVnnPHUe,10.0.2.15,60514,23.74.188.57,443,TLSv12,TLS_ECDHE_RSA_WITH_AES_256_GCM_SHA384,secp256r1,ads.undertone.com,False,True,CsxknGIti,"['defb2f6f69aac2fa08d31e1ead7df830ef6d6afd433b332ced53301a24598b20', 'eae72eb454bf6c3977ebd289e970b2f5282949190093d0d26f98d0f0d6a9cf17', '8420dfbe376f414bf4c0a81e6936d24ccc03f304835b86c7a39142fca723a689']",[],1.0,0ffee3ba8e615ad22535e7f771690a28,2b33c1374db4ddf06942f92373c0b54b,http/1.1,,6433.24246,10.0.2.15,60514,23.74.188.57,443,tcp,214.67221999999947,1245.0,5637.0,SF,True,False,0,ShADadTTFfRr,35,2672,38,7161,ssl,0
6434.109398,Cc5qdm39GPq7vFFJu,10.0.2.15,60522,162.247.242.19,443,TLSv12,TLS_DHE_RSA_WITH_AES_256_CBC_SHA,,bam.nr-data.net,False,True,CsxknGIi,"['e7489ed1f465ba2b3ce0faef3a43a3895cd097733dbb5b713df8b299270ca145', '074541ecdf88ed992ed5ade3ecddef27a26ba1b44480a195c0a8dadae2521d8e']",[],1.0,0ffee3ba8e615ad22535e7f771690a28,d90fa179c9daf35598ed8341272118f7,,,6433.249393,10.0.2.15,60522,162.247.242.19,443,tcp,100.42341099999976,1472.0,3673.0,SF,True,False,0,ShADadTfF,19,2248,20,4477,ssl,0
6434.112825,C8ecZbRAw3meGqXkf,10.0.2.15,60520,52.207.136.30,443,TLSv12,TLS_ECDHE_RSA_WITH_AES_128_GCM_SHA256,secp256r1,reports.adspdbl.com,False,True,CsxknGIi,"['69a2e9c9fbda481449da15490a87c884442455b080b9680e41a0e17c75e39725', 'f55f9ffcb83c73453261601c7e044db15a0f034b93c05830f28635ef889cf670', '87dcd4dc74640a322cd205552506d1be64f12596258096544986b4850bc72706', '28689b30e4c306aab53b027b29e36ad6dd1dcf4b953994482ca84bdc1ecac996']",[],1.0,0ffee3ba8e615ad22535e7f771690a28,303951d4c50efb2e991652225a6f02b1,,,6433.248064,10.0.2.15,60520,52.207.136.30,443,tcp,71.90771999999924,657.0,5688.0,SF,True,False,0,ShADadTFf,17,1351,19,6452,ssl,0
6434.116967,C2a3et2Pcql0fCpJP1,10.0.2.15,60518,149.174.28.142,443,TLSv12,TLS_RSA_WITH_AES_128_CBC_SHA,,secure.leadback.advertising.com,False,True,CsxnGIi,"['a70f555ecdd5db94cf6eb62f1e4f8173d17c2c4718d4452365a5372c191bacf8', '3b0cc20384ad7f24eb438f2b80c63ebe003f7f215b8877e418ebb0484028db57', '6b143c2005d5539cc22eab5f772db2a9fe87467feffa07fcf0a9f7d28274ca7a']",[],1.0,0ffee3ba8e615ad22535e7f771690a28,5397c414a9ebeaff1bf18b70ca22eaa0,,,6433.245715,10.0.2.15,60518,149.174.28.142,443,tcp,214.736707,3797.0,6014.0,SF,True,False,0,ShADadTTFf,35,5224,35,7418,ssl,0
6434.127827,CBeA6c3lR0ao0yxCu7,10.0.2.15,60513,37.252.172.27,443,TLSv12,TLS_ECDHE_RSA_WITH_AES_256_GCM_SHA384,secp256r1,secure.adnxs.com,False,True,CsxuknGIti,"['5b081650e8034418a37504ce0820892be5a66474578207711eb688243fe1a8f2', '074541ecdf88ed992ed5ade3ecddef27a26ba1b44480a195c0a8dadae2521d8e']",[],1.0,0ffee3ba8e615ad22535e7f771690a28,d53e4608f956df65bb2b8a8c4d3b025d,,,6433.241632,10.0.2.15,60513,37.252.172.27,443,tcp,18.035068999999567,5668.0,10814.0,SF,True,False,0,ShADadFf,17,6356,22,11698,ssl,0
6434.126369,CJZ35OL4Rb7b5gxQ3,10.0.2.15,60515,8.12.226.214,443,TLSv12,TLS_ECDHE_RSA_WITH_AES_256_GCM_SHA384,secp256r1,ads.dedicatedmedia.com,False,True,CsxknGIi,"['aa2926f4f19d8a29b6becc0bfd356588d2046fe787941736373d2f5866607daa', '973a41276ffd01e027a2aad49e34c37846d3e976ff6a620b6712e33832041aa6', '3a2fbe92891e57fe05d57087f48e730f17e5a5f53ef403d618e5b74d7a7e6ecb', 'c3846bf24b9e93ca64274c0ec67c1ecc5e024ffcacd2d74019350e81fe546ae4']",[],1.0,0ffee3ba8e615ad22535e7f771690a28,28ef90cc3d9d08c96a8a2cb6f365a79e,,,6433.243489,10.0.2.15,60515,8.12.226.214,443,tcp,143.519679,671.0,5448.0,SF,True,False,0,ShADadTTFf,27,1772,29,6612,ssl,0
6430.912129,CMV9g124DIfpThkiF5,10.0.2.15,60506,173.192.202.141,443,,,,cc.chango.com,False,False,C,,,,0ffee3ba8e615ad22535e7f771690a28,,,,6428.773498,10.0.2.15,60506,173.192.202.141,443,tcp,2.8735640000004423,222.0,0.0,SF,True,False,0,ShADafF,5,430,4,164,ssl,0
6430.876376,Cspeh832K0nuUkZWj,10.0.2.15,60510,173.192.202.131,443,TLSv12,TLS_ECDHE_RSA_WITH_AES_256_GCM_SHA384,secp256r1,s.chango.com,False,False,CsxknGI,"['007b8d695c7abbc8a20c56a6510fb90e3520e34541da542b8cac0e22a191111a', 'e6683e88315cd1cb403c0cea490f7c4b4c82c91cd485037489aadbaa90839f61']",[],1.0,0ffee3ba8e615ad22535e7f771690a28,758945630046fd37070521b8544d1fe8,,,6428.776932,10.0.2.15,60510,173.192.202.131,443,tcp,2.871169000000009,315.0,2927.0,SF,True,False,0,ShADadfF,7,603,8,3251,ssl,0
6440.319571,C4BqOy1j9Ka44ovYV8,10.0.2.15,60523,37.252.172.27,443,TLSv12,TLS_ECDHE_RSA_WITH_AES_256_GCM_SHA384,,secure.adnxs.com,True,True,CsiI,,,,1a5fe5677b0e4fbbc854e8908225637d,266bd998df907f9d5064d7f4c208b200,,,6439.799016,10.0.2.15,60523,37.252.172.27,443,tcp,18.77146999999968,8653.0,8942.0,SF,True,False,0,ShADadFf,17,9341,24,9906,ssl,0
6440.357203,C3guKo4gNlAwakcwUf,10.0.2.15,60524,46.137.168.38,443,TLSv12,TLS_ECDHE_RSA_WITH_AES_128_GCM_SHA256,,secimg.vmmpxl.com,True,True,CsiI,,,,0ffee3ba8e615ad22535e7f771690a28,303951d4c50efb2e991652225a6f02b1,,,6439.799841,10.0.2.15,60524,46.137.168.38,443,tcp,148.45767199999955,2421.0,3554.0,SF,True,False,0,ShADadTTFf,31,3682,32,4838,ssl,0
6440.336948,CcIRXr1xUUq64YSjT7,10.0.2.15,60530,95.100.185.90,443,TLSv12,TLS_ECDHE_RSA_WITH_AES_256_GCM_SHA384,secp256r1,secure.img-cdn.mediaplex.com,False,True,CsxknGIti,"['e5ed70ee224435c48b6164bb404094b8b8cceb06da9ddd9c466d87581dffe3d2', 'eae72eb454bf6c3977ebd289e970b2f5282949190093d0d26f98d0f0d6a9cf17', '8420dfbe376f414bf4c0a81e6936d24ccc03f304835b86c7a39142fca723a689']",[],1.0,0ffee3ba8e615ad22535e7f771690a28,2b33c1374db4ddf06942f92373c0b54b,http/1.1,,6439.811379,10.0.2.15,60530,95.100.185.90,443,tcp,11.472623999999996,930.0,7951.0,SF,True,False,0,ShADadFfRr,15,1538,20,8755,ssl,0
6440.349469,C3Ncvc1iZoYFIDMFpk,10.0.2.15,60527,185.57.60.185,443,TLSv12,TLS_ECDHE_ECDSA_WITH_AES_256_GCM_SHA384,,pixel.tapad.com,True,True,CsiI,,,,1a5fe5677b0e4fbbc854e8908225637d,a8e0da2f607d2a3c1956f56afc6da012,,,6439.802978,10.0.2.15,60527,185.57.60.185,443,tcp,8.309879000000365,1007.0,924.0,SF,True,False,0,ShADadfF,9,1375,9,1288,ssl,0
6440.339622,CtozcB17ZVczyoMBU4,10.0.2.15,60529,188.125.66.33,443,TLSv12,TLS_ECDHE_RSA_WITH_AES_128_GCM_SHA256,secp256r1,sp.analytics.yahoo.com,False,True,CsxknGIti,"['a42bd5146a3d4010979322f493ea1cf3e1ba9033d64ae699935e6a6ad96bd3c4', '19400be5b7a31fb733917700789d2f0a2471c0c9d506c0e504c06c16d7cb17c0']",[],1.0,1a5fe5677b0e4fbbc854e8908225637d,b898351eb5e266aefd3723d466935494,http/1.1,,6439.80988,10.0.2.15,60529,188.125.66.33,443,tcp,17.28798199999983,1469.0,4917.0,RSTO,True,False,0,ShADadFR,14,2037,15,5521,ssl,0
6440.347346,C867023X4OnnLn8q8c,10.0.2.15,60528,52.29.163.233,443,TLSv12,TLS_ECDHE_RSA_WITH_AES_128_GCM_SHA256,secp256r1,eb2.3lift.com,False,True,CsxknGIi,"['b474f45c1447e2483f4ddc518cc99dd14bb663764bea8f9fab330b94791a7185', 'f55f9ffcb83c73453261601c7e044db15a0f034b93c05830f28635ef889cf670', '87dcd4dc74640a322cd205552506d1be64f12596258096544986b4850bc72706', '28689b30e4c306aab53b027b29e36ad6dd1dcf4b953994482ca84bdc1ecac996']",[],1.0,0ffee3ba8e615ad22535e7f771690a28,303951d4c50efb2e991652225a6f02b1,,,6439.806067,10.0.2.15,60528,52.29.163.233,443,tcp,11.477981999999429,699.0,5564.0,SF,True,False,0,ShADadFfRr,13,1227,16,6208,ssl,0
6440.350907,ClWlUT1zCksl7INtTf,10.0.2.15,60526,185.29.133.52,443,TLSv12,TLS_ECDHE_RSA_WITH_AES_128_GCM_SHA256,secp256r1,tags.mathtag.com,False,True,CsxknGIti,"['82e454f53aa3be8b62d47779e364161287a2de0a1ce9e3b37243ae64bd7d7906', '154c433c491929c5ef686e838e323664a00e6a0d822ccc958fb4dab03e49a08f']",[],1.0,0ffee3ba8e615ad22535e7f771690a28,389ed42c02ebecc32e73aa31def07e14,,,6439.801649,10.0.2.15,60526,185.29.133.52,443,tcp,369.008296,1483.0,3563.0,SF,True,False,0,ShADadTTfF,46,3366,48,5487,ssl,0
6440.352149,CI0Ktx1DVd1QuYcHm1,10.0.2.15,60525,149.174.28.142,443,TLSv12,TLS_RSA_WITH_AES_128_CBC_SHA,,secure.leadback.advertising.com,False,True,CsxnGIi,"['a70f555ecdd5db94cf6eb62f1e4f8173d17c2c4718d4452365a5372c191bacf8', '3b0cc20384ad7f24eb438f2b80c63ebe003f7f215b8877e418ebb0484028db57', '6b143c2005d5539cc22eab5f772db2a9fe87467feffa07fcf0a9f7d28274ca7a']",[],1.0,0ffee3ba8e615ad22535e7f771690a28,5397c414a9ebeaff1bf18b70ca22eaa0,,,6439.800724,10.0.2.15,60525,149.174.28.142,443,tcp,137.0184650000001,2016.0,5033.0,SF,True,False,0,ShADadTTFf,24,2996,24,5997,ssl,0
6443.89896,CIfOnp3kXgTsaLNMDi,10.0.2.15,60531,172.217.23.230,443,TLSv12,TLS_ECDHE_RSA_WITH_AES_128_GCM_SHA256,x25519,6100125.fls.doubleclick.net,False,True,CsxknGIti,"['378a6c73f6dec1c6bc563fa8eda92c3e9ce61b893db7685686c41f33ab89931c', '9f630426df1d8abfd80ace98871ba833ab9742cb34838de2b5285ed54c0c7dcc', '3c35cc963eb004451323d3275d05b353235053490d9cd83729a2faf5e7ca1cc0']",[],1.0,0ffee3ba8e615ad22535e7f771690a28,ab41313cfec25328b20865eb1388e0a2,h2,,6442.928477,10.0.2.15,60531,172.217.23.230,443,tcp,12.743928999999298,508.0,4120.0,SF,True,False,0,ShADadTFf,13,1037,14,4684,ssl,0
6446.064415,CqKDA41a4gOtj2uOH8,10.0.2.15,60532,149.174.28.142,443,TLSv12,TLS_RSA_WITH_AES_128_CBC_SHA,,secure.leadback.advertising.com,True,True,CsiI,,,,0ffee3ba8e615ad22535e7f771690a28,5397c414a9ebeaff1bf18b70ca22eaa0,,,6445.66929,10.0.2.15,60532,149.174.28.142,443,tcp,131.14696800000002,1973.0,1135.0,SF,True,False,0,ShADadTTFf,22,2873,22,2019,ssl,0
6446.208627,CTd5JzMau4zDp7bO,10.0.2.15,60534,104.16.124.228,443,TLSv12,TLS_ECDHE_ECDSA_WITH_AES_128_GCM_SHA256,,c.go-mpulse.net,True,True,CsiI,,,,1a5fe5677b0e4fbbc854e8908225637d,96681175a9547081bf3d417f1a572091,http/1.1,,6445.869427,10.0.2.15,60534,104.16.124.228,443,tcp,130.82328899999993,899.0,550.0,SF,True,False,0,ShADadTTFf,22,1799,21,1394,ssl,0
6446.063146,CIlDqE4jH6Q9tRUGs8,10.0.2.15,60533,104.152.141.68,443,TLSv12,TLS_ECDHE_RSA_WITH_AES_256_CBC_SHA,secp256r1,b.collective-media.net,False,True,CsxknGIti,"['aea5e2088cd25ad1fb89b1877f816f6c90c23926c627d5b1a6e1038d797f23de', '973a41276ffd01e027a2aad49e34c37846d3e976ff6a620b6712e33832041aa6', '3a2fbe92891e57fe05d57087f48e730f17e5a5f53ef403d618e5b74d7a7e6ecb', 'c3846bf24b9e93ca64274c0ec67c1ecc5e024ffcacd2d74019350e81fe546ae4']",[],1.0,0ffee3ba8e615ad22535e7f771690a28,63a37e7be22df054d1f448fc0c28b98f,,,6445.670025,10.0.2.15,60533,104.152.141.68,443,tcp,11.6089750000001,674.0,6322.0,SF,True,False,0,ShADadTfF,11,1123,16,6966,ssl,0
6449.489368,Cu0PUt1XiW3h6zQRP3,10.0.2.15,60537,95.101.244.223,443,TLSv12,TLS_ECDHE_RSA_WITH_AES_256_GCM_SHA384,,s7d1.scene7.com,True,True,CsiI,,,,1a5fe5677b0e4fbbc854e8908225637d,410b9bedaf65dd26c6fe547154d60db4,http/1.1,,6448.502948,10.0.2.15,60537,95.101.244.223,443,tcp,141.00455499999953,1393.0,26652.0,SF,True,False,0,ShADadTTFfRr,34,2774,50,28656,ssl,0
6449.490516,CKAyA94LRFUa2q1l5e,10.0.2.15,60536,95.101.244.223,443,TLSv12,TLS_ECDHE_RSA_WITH_AES_256_GCM_SHA384,,s7d1.scene7.com,True,True,CsiI,,,,1a5fe5677b0e4fbbc854e8908225637d,410b9bedaf65dd26c6fe547154d60db4,http/1.1,,6448.501876,10.0.2.15,60536,95.101.244.223,443,tcp,141.03193999999985,1391.0,22797.0,SF,True,False,0,ShADadTTFfRr,33,2732,46,24641,ssl,0
6449.491754,CRmYcq2F5bJKqA4Ikl,10.0.2.15,60535,95.101.244.223,443,TLSv12,TLS_ECDHE_RSA_WITH_AES_256_GCM_SHA384,,s7d1.scene7.com,True,True,CsiI,,,,1a5fe5677b0e4fbbc854e8908225637d,410b9bedaf65dd26c6fe547154d60db4,http/1.1,,6448.499923,10.0.2.15,60535,95.101.244.223,443,tcp,141.063314,1393.0,21001.0,SF,True,False,0,ShADadTTFfRr,31,2654,45,22805,ssl,0
6450.024354,CPKQDM2LBMphTMnOF3,10.0.2.15,60539,54.192.93.150,443,TLSv12,TLS_ECDHE_RSA_WITH_AES_128_GCM_SHA256,,rules.quantcount.com,True,True,CsiI,,,,1a5fe5677b0e4fbbc854e8908225637d,d199ba0af2b08e204c73d6d81a1fd260,h2,,6449.502735,10.0.2.15,60539,54.192.93.150,443,tcp,13.017318999999588,1088.0,653.0,SF,True,False,0,ShADadFf,14,1656,16,1297,ssl,0
6450.02297,C2WULV3vP4tleJAoU1,10.0.2.15,60540,63.140.41.243,443,TLSv12,TLS_ECDHE_RSA_WITH_AES_256_GCM_SHA384,secp256r1,smetrics.directv.com,False,True,CsxknGIi,"['484f472aa59cbcff803e8941fe1d8312e3ba97fa3724e9b4cf5d2bbf090048e2', '19400be5b7a31fb733917700789d2f0a2471c0c9d506c0e504c06c16d7cb17c0']",[],1.0,0ffee3ba8e615ad22535e7f771690a28,959bfcf87532cbff1253e80a4ee81308,,,6449.503753,10.0.2.15,60540,63.140.41.243,443,tcp,9.091316000000006,323.0,3125.0,SF,True,False,0,ShADadFf,8,651,10,3529,ssl,0
6450.033453,CSX1qd45LRekDhHnt5,10.0.2.15,60538,95.172.94.47,443,TLSv12,TLS_ECDHE_RSA_WITH_AES_128_GCM_SHA256,secp256r1,pixel.quantserve.com,False,True,CsxknGIti,"['7d39ee69bdac843654f44bb3164a243b3e8c527019b6225992e5d36771f19e8f', '19400be5b7a31fb733917700789d2f0a2471c0c9d506c0e504c06c16d7cb17c0']",[],1.0,0ffee3ba8e615ad22535e7f771690a28,ccc514751b175866924439bdbb5bba34,,,6449.501352,10.0.2.15,60538,95.172.94.47,443,tcp,9.38882300000023,323.0,3323.0,SF,True,False,0,ShADadFfRr,10,731,11,3767,ssl,0
6451.191739,C2vHCJ3CXkABg39mid,10.0.2.15,60541,95.101.250.34,443,TLSv12,TLS_ECDHE_RSA_WITH_AES_256_GCM_SHA384,secp256r1,use.typekit.com,False,True,CsxknGIti,"['a023403dd8cfbb6a4de86bc4fc5926cf3d96ed52280ca0c8f64937c50ff66c73', 'eae72eb454bf6c3977ebd289e970b2f5282949190093d0d26f98d0f0d6a9cf17']",[],1.0,0ffee3ba8e615ad22535e7f771690a28,2b33c1374db4ddf06942f92373c0b54b,h2,,6450.041437,10.0.2.15,60541,95.101.250.34,443,tcp,16.676822999999786,712.0,3998.0,SF,True,False,0,ShADadfF,12,1200,15,4602,ssl,0
6451.891039,CfkRRn3kNVeve2f6s4,10.0.2.15,60543,216.137.61.177,443,TLSv12,TLS_ECDHE_RSA_WITH_AES_128_GCM_SHA256,secp256r1,d3ix816x6wuc0d.cloudfront.net,False,True,CsxuknGIti,"['90c0937808b31877df6c4a5c743c99325d974624be3735faa5078cf73d4fd205', 'eae72eb454bf6c3977ebd289e970b2f5282949190093d0d26f98d0f0d6a9cf17']",[],1.0,0ffee3ba8e615ad22535e7f771690a28,76cc3e2d3028143b23ec18e27dbd7ca9,http/1.1,,6450.049242,10.0.2.15,60543,216.137.61.177,443,tcp,147.13926900000024,1064.0,120367.0,SF,True,False,0,ShADadTTfF,64,3645,139,125931,ssl,0
6451.896209,ChmoSx2crIqLWth2S3,10.0.2.15,60542,216.137.61.177,443,TLSv12,TLS_ECDHE_RSA_WITH_AES_128_GCM_SHA256,secp256r1,d3ix816x6wuc0d.cloudfront.net,False,True,CsxuknGIti,"['90c0937808b31877df6c4a5c743c99325d974624be3735faa5078cf73d4fd205', 'eae72eb454bf6c3977ebd289e970b2f5282949190093d0d26f98d0f0d6a9cf17']",[],1.0,0ffee3ba8e615ad22535e7f771690a28,76cc3e2d3028143b23ec18e27dbd7ca9,http/1.1,,6450.047194,10.0.2.15,60542,216.137.61.177,443,tcp,154.21711500000038,1493.0,41400.0,SF,True,False,0,ShADadTTfF,39,3074,64,43964,ssl,0
6451.916723,CPtJVCXkO18Wd2qU9,10.0.2.15,60550,172.217.23.238,443,TLSv12,TLS_ECDHE_ECDSA_WITH_AES_128_GCM_SHA256,,maps.google.com,True,True,CsiI,,,,1a5fe5677b0e4fbbc854e8908225637d,c23237dbea656869600e48dfbd00ab7b,h2,,6450.089239,10.0.2.15,60550,172.217.23.238,443,tcp,37.64879999999994,1787.0,120024.0,SF,True,False,0,ShADadFf,73,4715,154,126188,ssl,0
6451.914846,C70jc54rpE67JNhuje,10.0.2.15,60544,216.137.61.177,443,TLSv12,TLS_ECDHE_RSA_WITH_AES_128_GCM_SHA256,secp256r1,d3ix816x6wuc0d.cloudfront.net,False,True,CsxuknGIti,"['90c0937808b31877df6c4a5c743c99325d974624be3735faa5078cf73d4fd205', 'eae72eb454bf6c3977ebd289e970b2f5282949190093d0d26f98d0f0d6a9cf17']",[],1.0,0ffee3ba8e615ad22535e7f771690a28,76cc3e2d3028143b23ec18e27dbd7ca9,http/1.1,,6450.04984,10.0.2.15,60544,216.137.61.177,443,tcp,154.2130299999999,1481.0,52647.0,SF,True,False,0,ShADadTTfF,47,3382,78,55771,ssl,0
6451.918948,CnVEzU28RGFsG7cnA9,10.0.2.15,60549,216.137.61.177,443,TLSv12,TLS_ECDHE_RSA_WITH_AES_128_GCM_SHA256,secp256r1,d3ix816x6wuc0d.cloudfront.net,False,True,CsxuknGIti,"['90c0937808b31877df6c4a5c743c99325d974624be3735faa5078cf73d4fd205', 'eae72eb454bf6c3977ebd289e970b2f5282949190093d0d26f98d0f0d6a9cf17']",[],1.0,0ffee3ba8e615ad22535e7f771690a28,76cc3e2d3028143b23ec18e27dbd7ca9,http/1.1,,6450.068708,10.0.2.15,60549,216.137.61.177,443,tcp,186.8454440000005,1563.0,418764.0,SF,True,False,0,ShADadTWTfF,155,7786,435,436168,ssl,0
6451.926654,CHBsm84kGbo8QGH9Lh,10.0.2.15,60545,95.101.241.136,443,TLSv12,TLS_ECDHE_RSA_WITH_AES_256_GCM_SHA384,,cdn.optimizely.com,True,True,CsiI,,,,1a5fe5677b0e4fbbc854e8908225637d,410b9bedaf65dd26c6fe547154d60db4,h2,,6450.055069,10.0.2.15,60545,95.101.241.136,443,tcp,203.7822130000004,1182.0,150876.0,RSTO,True,False,0,ShADadFR,81,4430,176,157920,ssl,0
6451.919875,CTfo711zhshiTjH2Ac,10.0.2.15,60548,216.137.61.177,443,TLSv12,TLS_ECDHE_RSA_WITH_AES_128_GCM_SHA256,secp256r1,d3ix816x6wuc0d.cloudfront.net,False,True,CsxuknGIti,"['90c0937808b31877df6c4a5c743c99325d974624be3735faa5078cf73d4fd205', 'eae72eb454bf6c3977ebd289e970b2f5282949190093d0d26f98d0f0d6a9cf17']",[],1.0,0ffee3ba8e615ad22535e7f771690a28,76cc3e2d3028143b23ec18e27dbd7ca9,http/1.1,,6450.062859,10.0.2.15,60548,216.137.61.177,443,tcp,152.02518800000053,1134.0,367856.0,SF,True,False,0,ShADadTTfF,189,8715,435,385260,ssl,0
6451.920797,CBxB6M2lDBTiDDXUs,10.0.2.15,60547,216.137.61.177,443,TLSv12,TLS_ECDHE_RSA_WITH_AES_128_GCM_SHA256,secp256r1,d3ix816x6wuc0d.cloudfront.net,False,True,CsxuknGIti,"['90c0937808b31877df6c4a5c743c99325d974624be3735faa5078cf73d4fd205', 'eae72eb454bf6c3977ebd289e970b2f5282949190093d0d26f98d0f0d6a9cf17']",[],1.0,0ffee3ba8e615ad22535e7f771690a28,76cc3e2d3028143b23ec18e27dbd7ca9,http/1.1,,6450.06098,10.0.2.15,60547,216.137.61.177,443,tcp,152.02765699999964,1129.0,584081.0,SF,True,False,0,ShADadTWTfF,233,10470,611,608525,ssl,0
6451.921475,C0BKEFOf9LzJ6FQS8,10.0.2.15,60546,63.251.232.148,443,TLSv12,TLS_ECDHE_RSA_WITH_AES_128_GCM_SHA256,secp256r1,cdn.goroost.com,False,True,CsxknGIti,"['139eaff9936c58b65793c0464cf0fe9d6cad582dd8d4c517c4ee9b5366124ea3', '19400be5b7a31fb733917700789d2f0a2471c0c9d506c0e504c06c16d7cb17c0']",[],1.0,0ffee3ba8e615ad22535e7f771690a28,8d2a028aa94425f76ced7826b1f39039,http/1.1,,6450.057974,10.0.2.15,60546,63.251.232.148,443,tcp,137.32159899999988,678.0,32154.0,SF,True,False,0,ShADadTTfF,32,1978,50,34158,ssl,0
6452.197788,C4reDx4r18kzVCjzU4,10.0.2.15,60552,23.74.202.62,443,TLSv12,TLS_ECDHE_RSA_WITH_AES_256_GCM_SHA384,,px.owneriq.net,True,True,CsiI,,,,1a5fe5677b0e4fbbc854e8908225637d,410b9bedaf65dd26c6fe547154d60db4,http/1.1,,6451.46559,10.0.2.15,60552,23.74.202.62,443,tcp,4.230757000000267,1190.0,1029.0,RSTO,True,False,0,ShADadFR,10,1598,9,1393,ssl,0
6452.286864,CWzYqLMeNxukc7cya,10.0.2.15,60551,23.74.202.62,443,TLSv12,TLS_ECDHE_RSA_WITH_AES_256_GCM_SHA384,,px.owneriq.net,True,True,CsiI,,,,1a5fe5677b0e4fbbc854e8908225637d,410b9bedaf65dd26c6fe547154d60db4,http/1.1,,6451.462822,10.0.2.15,60551,23.74.202.62,443,tcp,4.202228999999534,1100.0,3407.0,SF,True,False,0,ShADadFfRr,13,1628,15,4011,ssl,0
6452.503496,C51kZO1An1OCUA9bX7,10.0.2.15,60558,31.186.247.145,443,TLSv12,TLS_RSA_WITH_AES_256_CBC_SHA,,drtv.netmng.com,False,True,CsxnGIi,"['ea5c9ec66a0361cfe29ae7343f8ff841436e234e124306c14eb08fa7e52b9a36', '074541ecdf88ed992ed5ade3ecddef27a26ba1b44480a195c0a8dadae2521d8e']",[],1.0,0ffee3ba8e615ad22535e7f771690a28,db8185c4eafa7114cadaf05965b09ef0,,,6451.470454,10.0.2.15,60558,31.186.247.145,443,tcp,7.0959619999994175,534.0,2569.0,SF,True,False,0,ShADadFf,8,862,8,2893,ssl,0
6452.297188,C3bghy4MWRxe74TOkf,10.0.2.15,60553,38.126.130.202,443,TLSv12,TLS_ECDHE_RSA_WITH_AES_256_GCM_SHA384,secp256r1,secure.media6degrees.com,False,True,CsxknGIti,"['eda54f898187cafbe2a8bb8b08d81dd485262caab20c22583cfceaf596eba60f', '02ab57e4e67a0cb48dd2ff34830e8ac40f4476fb08ca6be3f5cd846f646840f0', '4f32d5dc00f715250abcc486511e37f501a899deb3bf7ea8adbbd3aef1c412da', '687fa451382278fff0c8b11f8d43d576671c6eb2bceab413fb83d965d06d2ff2']",[],1.0,0ffee3ba8e615ad22535e7f771690a28,e35df3e00ca4ef31d42b34bebaa2f86e,,,6451.466572,10.0.2.15,60553,38.126.130.202,443,tcp,7.157549999999901,327.0,6172.0,SF,True,False,0,ShADadFf,9,695,11,6616,ssl,0
6452.507335,C5SReV3rOtQgYYadu,10.0.2.15,60556,46.228.164.11,443,TLSv12,TLS_RSA_WITH_AES_128_CBC_SHA,,r.turn.com,False,True,CsxnGIti,"['331de231c71d6e7597ac717a3ade18b10f51eea0ce4b3c9c75144a7b5ce9e2cf', '154c433c491929c5ef686e838e323664a00e6a0d822ccc958fb4dab03e49a08f']",[],1.0,0ffee3ba8e615ad22535e7f771690a28,7224c92f21d262b619e105efd1055cf7,,,6451.468381,10.0.2.15,60556,46.228.164.11,443,tcp,7.033922999999959,529.0,3151.0,RSTO,True,False,0,ShADadfR,8,857,9,3515,ssl,0
6452.502386,C4MHfkEdqGfLTG483,10.0.2.15,60559,169.47.30.64,443,TLSv12,TLS_RSA_WITH_AES_256_CBC_SHA,,stags.bluekai.com,False,True,CsxnGIi,"['f3e2a1e01c5e2e8f20022b198cde61baf841fcf748c4639eea3fd3db4785c81d', 'e0898ad662474b9f753c79bea878031c9a5d634a49edd6310b960ab023c02c0e']",[],1.0,0ffee3ba8e615ad22535e7f771690a28,f4fb99c318cd91a4dfff259227ba977b,http/1.1,,6451.471245,10.0.2.15,60559,169.47.30.64,443,tcp,7.156471000000238,536.0,3050.0,SF,True,False,0,ShADadFf,9,904,10,3454,ssl,0
6452.505644,Ckl5JZ2bvO7HQvx4ui,10.0.2.15,60557,38.126.130.202,443,TLSv12,TLS_ECDHE_RSA_WITH_AES_256_GCM_SHA384,secp256r1,action.media6degrees.com,False,True,CsxknGIti,"['eda54f898187cafbe2a8bb8b08d81dd485262caab20c22583cfceaf596eba60f', '02ab57e4e67a0cb48dd2ff34830e8ac40f4476fb08ca6be3f5cd846f646840f0', '4f32d5dc00f715250abcc486511e37f501a899deb3bf7ea8adbbd3aef1c412da', '687fa451382278fff0c8b11f8d43d576671c6eb2bceab413fb83d965d06d2ff2']",[],1.0,0ffee3ba8e615ad22535e7f771690a28,758945630046fd37070521b8544d1fe8,,,6451.469123,10.0.2.15,60557,38.126.130.202,443,tcp,7.143606999999974,327.0,6176.0,SF,True,False,0,ShADadFf,9,695,11,6620,ssl,0
6455.576347,Cg0wx52isJWTUuLco3,10.0.2.15,60560,63.140.41.243,443,TLSv12,TLS_ECDHE_RSA_WITH_AES_256_GCM_SHA384,secp256r1,smetrics.directv.com,False,True,CsxknGIi,"['484f472aa59cbcff803e8941fe1d8312e3ba97fa3724e9b4cf5d2bbf090048e2', '19400be5b7a31fb733917700789d2f0a2471c0c9d506c0e504c06c16d7cb17c0']",[],1.0,0ffee3ba8e615ad22535e7f771690a28,959bfcf87532cbff1253e80a4ee81308,,,6454.142804,10.0.2.15,60560,63.140.41.243,443,tcp,4.440231999999924,323.0,3125.0,SF,True,False,0,ShADadFf,9,691,11,3569,ssl,0
6457.272422,CVskyQ24BY8wkSetr2,10.0.2.15,60567,95.101.247.236,443,TLSv12,TLS_ECDHE_RSA_WITH_AES_256_GCM_SHA384,secp256r1,www.att.com,False,True,CsxknGIti,"['a3a4516ecc4a5ec55ed89dbe6ba43ba60a72a3f704455302500d9eecbaa8f93c', 'eae72eb454bf6c3977ebd289e970b2f5282949190093d0d26f98d0f0d6a9cf17']",[],1.0,0ffee3ba8e615ad22535e7f771690a28,2b33c1374db4ddf06942f92373c0b54b,h2,,6456.722847,10.0.2.15,60567,95.101.247.236,443,tcp,2.002023000000008,314.0,3744.0,SF,True,False,0,ShADadFfRr,11,762,13,4268,ssl,0
6457.27386,C032jJ2ahWiuA919T8,10.0.2.15,60565,93.184.220.66,443,TLSv12,TLS_ECDHE_RSA_WITH_AES_128_GCM_SHA256,secp256r1,platform.twitter.com,False,True,CsxuknGIti,"['498dfbfa068ce7e3252a308f9578608d3df2d287b5b9284571f7d3ed43ba3ab0', '19400be5b7a31fb733917700789d2f0a2471c0c9d506c0e504c06c16d7cb17c0', '7431e5f4c3c1ce4690774f0b61e05440883ba9a01ed00ba6abd7806ed3b118cf']",[],1.0,1a5fe5677b0e4fbbc854e8908225637d,76cc3e2d3028143b23ec18e27dbd7ca9,http/1.1,,6456.721281,10.0.2.15,60565,93.184.220.66,443,tcp,1.81239000000005,643.0,5742.0,SF,True,False,0,ShADadFf,11,1091,13,6266,ssl,0
6457.276521,C5r34c3HRMhImCd3wb,10.0.2.15,60563,93.184.220.66,443,TLSv12,TLS_ECDHE_RSA_WITH_AES_128_GCM_SHA256,secp256r1,platform.twitter.com,False,True,CsxuknGIti,"['498dfbfa068ce7e3252a308f9578608d3df2d287b5b9284571f7d3ed43ba3ab0', '19400be5b7a31fb733917700789d2f0a2471c0c9d506c0e504c06c16d7cb17c0', '7431e5f4c3c1ce4690774f0b61e05440883ba9a01ed00ba6abd7806ed3b118cf']",[],1.0,1a5fe5677b0e4fbbc854e8908225637d,76cc3e2d3028143b23ec18e27dbd7ca9,http/1.1,,6456.719708,10.0.2.15,60563,93.184.220.66,443,tcp,1.814052000000629,643.0,5742.0,SF,True,False,0,ShADadFf,11,1091,13,6266,ssl,0
6457.27315,CCpamo1axgSjz2DuDh,10.0.2.15,60566,217.12.13.41,443,TLSv12,TLS_ECDHE_RSA_WITH_AES_128_GCM_SHA256,secp256r1,pclick.yahoo.com,False,True,CsxuknGIti,"['c91860d3ba8056c8450ca2899f5567603d28abba8a255de81e11829632379639', '19400be5b7a31fb733917700789d2f0a2471c0c9d506c0e504c06c16d7cb17c0']",[],1.0,0ffee3ba8e615ad22535e7f771690a28,76cc3e2d3028143b23ec18e27dbd7ca9,h2,,6456.722397,10.0.2.15,60566,217.12.13.41,443,tcp,2.127497000000403,319.0,5580.0,RSTO,True,False,0,ShADadR,9,687,11,6024,ssl,0
6457.277382,CeFpKD46U2R9mWcPml,10.0.2.15,60562,13.107.21.200,443,TLSv12,TLS_ECDHE_RSA_WITH_AES_256_CBC_SHA,secp384r1,bat.bing.com,False,True,CsxuknGIi,"['80c4440580dbd55b228f41e6c88a51ecdbb998b5d32d12acd31ce25518d37128', '2399983e99703ebd01cea466c10799810c4ba62a8d61b88170a334dcd61bb20f']",[],1.0,0ffee3ba8e615ad22535e7f771690a28,4fd467dd264720762ffe286277c00f57,,,6456.71883,10.0.2.15,60562,13.107.21.200,443,tcp,2.152258000000074,403.0,6880.0,SF,True,False,0,ShADadFf,11,851,15,7484,ssl,0
6457.275281,CDrtM33TH4D8AkhjYf,10.0.2.15,60564,31.13.65.2,443,TLSv12,TLS_ECDHE_RSA_WITH_AES_128_GCM_SHA256,secp256r1,ad.atdmt.com,False,True,CsxknGIti,"['f2b772fb266b4044bc352214c8ce5a08f207637984e60b48c5a77ee9a59cdacf', '19400be5b7a31fb733917700789d2f0a2471c0c9d506c0e504c06c16d7cb17c0']",[],1.0,0ffee3ba8e615ad22535e7f771690a28,b898351eb5e266aefd3723d466935494,h2,,6456.720378,10.0.2.15,60564,31.13.65.2,443,tcp,2.128195999999661,315.0,3875.0,RSTO,True,False,0,ShADadR,7,603,8,4199,ssl,0
6452.509331,C9bLe02D2S3KlWTjr4,10.0.2.15,60554,37.252.172.27,443,TLSv12,TLS_ECDHE_RSA_WITH_AES_256_GCM_SHA384,,secure.adnxs.com,True,False,Csi,,,,1a5fe5677b0e4fbbc854e8908225637d,266bd998df907f9d5064d7f4c208b200,,,6451.467193,10.0.2.15,60554,37.252.172.27,443,tcp,1.416462999999566,517.0,141.0,RSTO,True,False,0,ShADadR,5,725,3,265,ssl,0
6452.508579,C5FguK2KTdGQm3b984,10.0.2.15,60555,37.252.172.27,443,TLSv12,TLS_ECDHE_RSA_WITH_AES_256_GCM_SHA384,,secure.adnxs.com,True,False,Csi,,,,1a5fe5677b0e4fbbc854e8908225637d,266bd998df907f9d5064d7f4c208b200,,,6451.467755,10.0.2.15,60555,37.252.172.27,443,tcp,1.416387000000213,517.0,141.0,RSTO,True,False,0,ShADadR,5,725,3,265,ssl,0
6457.27848,CJaDCP3EddRIahlJce,10.0.2.15,60561,95.101.247.236,443,TLSv12,TLS_ECDHE_RSA_WITH_AES_256_GCM_SHA384,secp256r1,www.att.com,False,True,CsxknGIti,"['a3a4516ecc4a5ec55ed89dbe6ba43ba60a72a3f704455302500d9eecbaa8f93c', 'eae72eb454bf6c3977ebd289e970b2f5282949190093d0d26f98d0f0d6a9cf17']",[],1.0,0ffee3ba8e615ad22535e7f771690a28,2b33c1374db4ddf06942f92373c0b54b,h2,,6456.717388,10.0.2.15,60561,95.101.247.236,443,tcp,1.77675199999976,314.0,3667.0,RSTO,True,False,0,ShADadR,9,682,9,4031,ssl,0
6459.333162,CckOsL2ad562sO6xQe,10.0.2.15,60570,52.18.7.131,443,TLSv12,TLS_ECDHE_RSA_WITH_AES_256_GCM_SHA384,secp256r1,api.bazaarvoice.com,False,True,CsxknGIti,"['b26fa703db8503679f6313e8081a406a9817670efa3d647a79f5d1307eb325ed', '154c433c491929c5ef686e838e323664a00e6a0d822ccc958fb4dab03e49a08f']",[],1.0,0ffee3ba8e615ad22535e7f771690a28,e35df3e00ca4ef31d42b34bebaa2f86e,,,6458.518666,10.0.2.15,60570,52.18.7.131,443,tcp,28.42695300000014,1610.0,5735.0,SF,True,False,0,ShADadTFf,15,2219,16,6379,ssl,0
6487.86065,Com1WJSx8c6tjo7dc,10.0.2.15,60587,46.228.164.13,443,TLSv12,TLS_RSA_WITH_AES_128_CBC_SHA,,d.turn.com,False,True,CsxnGIti,"['331de231c71d6e7597ac717a3ade18b10f51eea0ce4b3c9c75144a7b5ce9e2cf', '154c433c491929c5ef686e838e323664a00e6a0d822ccc958fb4dab03e49a08f']",[],1.0,1a5fe5677b0e4fbbc854e8908225637d,7224c92f21d262b619e105efd1055cf7,,,6487.231231,10.0.2.15,60587,46.228.164.13,443,tcp,8.854353000000629,1312.0,3151.0,SF,True,False,0,ShADadfF,10,1720,11,3595,ssl,0
6486.116332,CjuZ8q4rZc5AxwNzJf,10.0.2.15,60573,63.140.41.243,443,TLSv12,TLS_ECDHE_RSA_WITH_AES_256_GCM_SHA384,secp256r1,smetrics.directv.com,False,True,CsxknGIi,"['484f472aa59cbcff803e8941fe1d8312e3ba97fa3724e9b4cf5d2bbf090048e2', '19400be5b7a31fb733917700789d2f0a2471c0c9d506c0e504c06c16d7cb17c0']",[],1.0,0ffee3ba8e615ad22535e7f771690a28,959bfcf87532cbff1253e80a4ee81308,,,6482.577048,10.0.2.15,60573,63.140.41.243,443,tcp,13.258127999999488,354.0,3125.0,SF,True,False,0,ShADadFf,10,762,11,3569,ssl,0
6486.114317,C0tdzXNjkiAShu31k,10.0.2.15,60574,63.140.41.243,443,TLSv12,TLS_ECDHE_RSA_WITH_AES_256_GCM_SHA384,secp256r1,smetrics.directv.com,False,True,CsxknGIi,"['484f472aa59cbcff803e8941fe1d8312e3ba97fa3724e9b4cf5d2bbf090048e2', '19400be5b7a31fb733917700789d2f0a2471c0c9d506c0e504c06c16d7cb17c0']",[],1.0,0ffee3ba8e615ad22535e7f771690a28,959bfcf87532cbff1253e80a4ee81308,,,6482.57771,10.0.2.15,60574,63.140.41.243,443,tcp,42.5437780000002,5625.0,4516.0,SF,True,False,0,ShADadTFf,19,6395,19,5280,ssl,0
6486.676855,Cz98QL38CcRwrRvtJh,10.0.2.15,60585,74.201.20.19,443,TLSv12,TLS_RSA_WITH_AES_256_CBC_SHA,,directv.inq.com,False,True,CsxnGIi,"['8684346040866b1f5e656abbfbfa71f9f2ed528fe71e627bbc77bd74ec76aaab', '074541ecdf88ed992ed5ade3ecddef27a26ba1b44480a195c0a8dadae2521d8e', '074541ecdf88ed992ed5ade3ecddef27a26ba1b44480a195c0a8dadae2521d8e']",[],1.0,0ffee3ba8e615ad22535e7f771690a28,0a917d753018dad73d9899ace370f8d8,,,6484.50354,10.0.2.15,60585,74.201.20.19,443,tcp,78.04297600000064,3460.0,21372.0,SF,True,False,0,ShADadTFf,27,4553,36,22816,ssl,0
6486.911101,CrTB04vGQCXVSZC22,10.0.2.15,60586,216.137.61.241,443,TLSv12,TLS_ECDHE_RSA_WITH_AES_128_GCM_SHA256,secp256r1,du3avdd2jplpp.cloudfront.net,False,True,CsxuknGIti,"['90c0937808b31877df6c4a5c743c99325d974624be3735faa5078cf73d4fd205', 'eae72eb454bf6c3977ebd289e970b2f5282949190093d0d26f98d0f0d6a9cf17']",[],1.0,0ffee3ba8e615ad22535e7f771690a28,76cc3e2d3028143b23ec18e27dbd7ca9,http/1.1,,6485.673991,10.0.2.15,60586,216.137.61.241,443,tcp,128.08294999999998,669.0,316217.0,SF,True,False,0,ShADadTTfF,123,5608,324,329181,ssl,0
6495.164044,C6pNNu1eDqE0dEXMyc,10.0.2.15,60591,23.74.199.150,443,TLSv12,TLS_ECDHE_RSA_WITH_AES_256_GCM_SHA384,,www.directv.com,True,True,CsiI,,,,1a5fe5677b0e4fbbc854e8908225637d,410b9bedaf65dd26c6fe547154d60db4,http/1.1,,6493.975519,10.0.2.15,60591,23.74.199.150,443,tcp,7.886189000000741,599.0,183.0,SF,True,False,0,ShADadFfRr,9,967,9,547,ssl,0
6495.175383,CO0DRB4R4tJVGIvIXg,10.0.2.15,60590,216.137.61.177,443,TLSv12,TLS_ECDHE_RSA_WITH_AES_128_GCM_SHA256,secp256r1,d3ix816x6wuc0d.cloudfront.net,False,True,CsxuknGIti,"['90c0937808b31877df6c4a5c743c99325d974624be3735faa5078cf73d4fd205', 'eae72eb454bf6c3977ebd289e970b2f5282949190093d0d26f98d0f0d6a9cf17']",[],1.0,0ffee3ba8e615ad22535e7f771690a28,76cc3e2d3028143b23ec18e27dbd7ca9,http/1.1,,6493.97128,10.0.2.15,60590,216.137.61.177,443,tcp,146.3094890000002,1368.0,85827.0,SF,True,False,0,ShADadTTfF,52,3468,105,90031,ssl,0
6495.178981,CvLMi24qJGLIiMou87,10.0.2.15,60588,52.38.120.69,443,TLSv12,TLS_ECDHE_RSA_WITH_AES_256_GCM_SHA384,secp256r1,www.leafly.com,False,True,CsxuknGIti,"['7a2238b507cb27175a48cc8bc67ccc545d8b77b568d307764ea31ff1d709e417', '154c433c491929c5ef686e838e323664a00e6a0d822ccc958fb4dab03e49a08f', '4348a0e9444c78cb265e058d5e8944b4d84f9662bd26db257f8934a443c70161']",[],1.0,1a5fe5677b0e4fbbc854e8908225637d,d53e4608f956df65bb2b8a8c4d3b025d,,,6493.959254,10.0.2.15,60588,52.38.120.69,443,tcp,141.00538999999935,7153.0,29345.0,SF,True,False,0,ShADadTfF,36,8610,53,31469,ssl,0
6495.176731,CXnEkq4F6ilEy0iPl5,10.0.2.15,60589,52.38.120.69,443,TLSv12,TLS_ECDHE_RSA_WITH_AES_256_GCM_SHA384,secp256r1,www.leafly.com,False,True,CsxuknGIti,"['7a2238b507cb27175a48cc8bc67ccc545d8b77b568d307764ea31ff1d709e417', '154c433c491929c5ef686e838e323664a00e6a0d822ccc958fb4dab03e49a08f', '4348a0e9444c78cb265e058d5e8944b4d84f9662bd26db257f8934a443c70161']",[],1.0,1a5fe5677b0e4fbbc854e8908225637d,d53e4608f956df65bb2b8a8c4d3b025d,,,6493.967051,10.0.2.15,60589,52.38.120.69,443,tcp,110.60525400000006,5593.0,10634.0,SF,True,False,0,ShADadTfF,28,6728,32,11918,ssl,0
6502.175556,CISGhc4Em9fxs4yxKh,10.0.2.15,60595,52.28.33.248,443,TLSv12,TLS_ECDHE_RSA_WITH_AES_128_GCM_SHA256,secp256r1,nexus.ensighten.com,False,True,CsxuknGIti,"['5fb5994638f535624889e2aa6260f51577963498d17ec00206936fa84169d21f', 'e0898ad662474b9f753c79bea878031c9a5d634a49edd6310b960ab023c02c0e']",[],1.0,1a5fe5677b0e4fbbc854e8908225637d,0c0aff9ccea5e7e1de5c3a0069d103f3,,,6501.406056,10.0.2.15,60595,52.28.33.248,443,tcp,26.208754000000223,2310.0,13971.0,SF,True,False,0,ShADadTfF,20,3119,26,15015,ssl,0
6502.18504,CbTf9I2ZhfOk1AGcVd,10.0.2.15,60594,23.74.199.150,443,TLSv12,TLS_ECDHE_RSA_WITH_AES_256_GCM_SHA384,secp256r1,cdns.directv.com,False,True,CsxknGIti,"['770cb39b176090568a78637250b073fffe4d687f7c4a30500696dad03e91e4b3', '9e6bc5f9ecc52460e8edc02c644d1be1cb9f2316f41daf3b616a0b2058294b31']",[],1.0,0ffee3ba8e615ad22535e7f771690a28,2b33c1374db4ddf06942f92373c0b54b,http/1.1,,6501.390728,10.0.2.15,60594,23.74.199.150,443,tcp,146.53760899999995,1300.0,5114.0,SF,True,False,0,ShADadTTFfRr,28,2441,29,6278,ssl,0
6502.188724,Clfh4E3WuWCzgqhan7,10.0.2.15,60593,23.74.199.150,443,TLSv12,TLS_ECDHE_RSA_WITH_AES_256_GCM_SHA384,secp256r1,cdns.directv.com,False,True,CsxknGIti,"['770cb39b176090568a78637250b073fffe4d687f7c4a30500696dad03e91e4b3', '9e6bc5f9ecc52460e8edc02c644d1be1cb9f2316f41daf3b616a0b2058294b31']",[],1.0,0ffee3ba8e615ad22535e7f771690a28,2b33c1374db4ddf06942f92373c0b54b,http/1.1,,6501.385873,10.0.2.15,60593,23.74.199.150,443,tcp,9.330587999999809,350.0,3907.0,SF,True,False,0,ShADadFfRr,11,798,12,4391,ssl,0
6502.208795,C9NGUy2cFfjsUNkCw1,10.0.2.15,60592,216.58.209.131,443,TLSv12,TLS_ECDHE_ECDSA_WITH_AES_128_GCM_SHA256,x25519,csi.gstatic.com,False,True,CsxknGIti,"['11ddd329046367c19b32ffdb02ed308de129de4d6ffcf95856d7bd6a7accfba9', '9f630426df1d8abfd80ace98871ba833ab9742cb34838de2b5285ed54c0c7dcc', '3c35cc963eb004451323d3275d05b353235053490d9cd83729a2faf5e7ca1cc0']",[],1.0,0ffee3ba8e615ad22535e7f771690a28,84480cf8cf0e732666092640e581e1a5,h2,,6501.384755,10.0.2.15,60592,216.58.209.131,443,tcp,270.23209099999985,2686.0,5697.0,SF,True,False,0,ShADadFf,45,4494,51,7741,ssl,0
6502.528334,CpY3E92WAWyMTNLEhe,10.0.2.15,60596,104.19.192.102,443,TLSv12,TLS_ECDHE_ECDSA_WITH_AES_128_GCM_SHA256,secp256r1,cdnjs.cloudflare.com,False,True,CsxuknGIti,"['288a62410b9a17d44ccccf0ca447daaee0f3c7bcd3e0cb6d4f24ef85d2dbfdd0', 'cd6c108a0e641f2ca122aaa6d03f826759cae7c6f800eabf76dc48b67cd083ce', '9573862ac0b4b125168810ea3fd101ae2eb0bb15f61fc0e6da7a2a38b85a89e8']",[],1.0,0ffee3ba8e615ad22535e7f771690a28,7d3eb4120cd50e889bcd3f3783be0f82,h2,,6501.804425,10.0.2.15,60596,104.19.192.102,443,tcp,307.507208,1399.0,66787.0,SF,True,False,0,ShADadFf,47,3287,83,70111,ssl,0
6504.596072,CTNtoA2EdPZCNxyfx7,10.0.2.15,60598,46.228.164.13,443,TLSv12,TLS_RSA_WITH_AES_128_CBC_SHA,,d.turn.com,False,True,CsxnGIti,"['331de231c71d6e7597ac717a3ade18b10f51eea0ce4b3c9c75144a7b5ce9e2cf', '154c433c491929c5ef686e838e323664a00e6a0d822ccc958fb4dab03e49a08f']",[],1.0,1a5fe5677b0e4fbbc854e8908225637d,7224c92f21d262b619e105efd1055cf7,,,6502.981807,10.0.2.15,60598,46.228.164.13,443,tcp,12.466449999999895,2005.0,4697.0,SF,True,False,0,ShADadfF,13,2533,14,5261,ssl,0
6504.599778,CiyJ26JCBhpuvcGBk,10.0.2.15,60597,46.228.164.13,443,TLSv12,TLS_RSA_WITH_AES_128_CBC_SHA,,d.turn.com,False,True,CsxnGIti,"['331de231c71d6e7597ac717a3ade18b10f51eea0ce4b3c9c75144a7b5ce9e2cf', '154c433c491929c5ef686e838e323664a00e6a0d822ccc958fb4dab03e49a08f']",[],1.0,1a5fe5677b0e4fbbc854e8908225637d,7224c92f21d262b619e105efd1055cf7,,,6502.980874,10.0.2.15,60597,46.228.164.13,443,tcp,7.437773000000561,859.0,3151.0,SF,True,False,0,ShADadfF,9,1227,10,3555,ssl,0
6511.102248,CeSEvM3ozEdXzaUY4d,10.0.2.15,60602,130.211.25.196,443,TLSv12,TLS_ECDHE_RSA_WITH_AES_128_GCM_SHA256,x25519,mediav3.inq.com,False,True,CsxknGIti,"['8684346040866b1f5e656abbfbfa71f9f2ed528fe71e627bbc77bd74ec76aaab', '074541ecdf88ed992ed5ade3ecddef27a26ba1b44480a195c0a8dadae2521d8e']",[],1.0,0ffee3ba8e615ad22535e7f771690a28,ab41313cfec25328b20865eb1388e0a2,h2,,6510.204118,10.0.2.15,60602,130.211.25.196,443,tcp,209.5510710000008,1095.0,151555.0,SF,True,False,0,ShADadFf,70,3903,163,158079,ssl,0
6511.10626,CgXn9u4oFLPuusoMvj,10.0.2.15,60601,172.217.23.238,443,TLSv12,TLS_ECDHE_ECDSA_WITH_AES_128_GCM_SHA256,,maps.google.com,True,True,CsiI,,,,1a5fe5677b0e4fbbc854e8908225637d,c23237dbea656869600e48dfbd00ab7b,h2,,6509.882395,10.0.2.15,60601,172.217.23.238,443,tcp,245.9228210000001,3875.0,252970.0,SF,True,False,0,ShADadFf,128,9003,290,264574,ssl,0
6511.106922,CjkF9w2Gq2Ft5zPugi,10.0.2.15,60600,95.101.250.34,443,TLSv12,TLS_ECDHE_RSA_WITH_AES_256_GCM_SHA384,,use.typekit.com,True,True,CsiI,,,,1a5fe5677b0e4fbbc854e8908225637d,410b9bedaf65dd26c6fe547154d60db4,h2,,6509.881437,10.0.2.15,60600,95.101.250.34,443,tcp,210.467052,1174.0,8646.0,SF,True,False,0,ShADadFfRr,21,2022,28,9770,ssl,0
6511.104435,CEVysS2VfNNlIgElEf,10.0.2.15,60603,130.211.25.196,443,TLSv12,TLS_ECDHE_RSA_WITH_AES_128_GCM_SHA256,x25519,mediav3.inq.com,False,True,CsxknGIti,"['8684346040866b1f5e656abbfbfa71f9f2ed528fe71e627bbc77bd74ec76aaab', '074541ecdf88ed992ed5ade3ecddef27a26ba1b44480a195c0a8dadae2521d8e']",[],1.0,0ffee3ba8e615ad22535e7f771690a28,ab41313cfec25328b20865eb1388e0a2,h2,,6510.204899,10.0.2.15,60603,130.211.25.196,443,tcp,3.545679999999265,525.0,3669.0,SF,True,False,0,ShADadFf,13,1053,14,4233,ssl,0
6511.349951,C89U5e34U2sLVA9en6,10.0.2.15,60615,37.252.172.27,443,TLSv12,TLS_ECDHE_RSA_WITH_AES_256_GCM_SHA384,,secure.adnxs.com,True,True,CsiI,,,,1a5fe5677b0e4fbbc854e8908225637d,266bd998df907f9d5064d7f4c208b200,,,6510.436588,10.0.2.15,60615,37.252.172.27,443,tcp,32.72427300000072,11482.0,11948.0,SF,True,False,0,ShADadfF,19,12250,28,13072,ssl,0
6511.348827,CrgQI5791Rsi8b77c,10.0.2.15,60616,46.51.180.207,443,TLSv12,TLS_ECDHE_RSA_WITH_AES_128_GCM_SHA256,secp256r1,secimg.vmmpxl.com,False,True,CsxknGIi,"['4f91575b0a2f9f789f4808589529c84d6ac49c228dcbbcf7fa3e1f97acd11d43', 'e6683e88315cd1cb403c0cea490f7c4b4c82c91cd485037489aadbaa90839f61']",[],1.0,0ffee3ba8e615ad22535e7f771690a28,303951d4c50efb2e991652225a6f02b1,,,6510.43719,10.0.2.15,60616,46.51.180.207,443,tcp,1.429651000000376,320.0,3245.0,RSTO,True,False,0,ShADadR,6,568,7,3529,ssl,0
6511.361625,CDaFgs4MaPJwQgRX0k,10.0.2.15,60614,95.101.247.236,443,TLSv12,TLS_ECDHE_RSA_WITH_AES_256_GCM_SHA384,secp256r1,www.att.com,False,True,CsxknGIti,"['a3a4516ecc4a5ec55ed89dbe6ba43ba60a72a3f704455302500d9eecbaa8f93c', 'eae72eb454bf6c3977ebd289e970b2f5282949190093d0d26f98d0f0d6a9cf17']",[],1.0,0ffee3ba8e615ad22535e7f771690a28,2b33c1374db4ddf06942f92373c0b54b,h2,,6510.435333,10.0.2.15,60614,95.101.247.236,443,tcp,225.25806699999976,1707.0,16609.0,SF,True,False,0,ShADadFfRr,26,2755,37,18093,ssl,0
6511.385374,C7rH9h2Rsc6sedHDJc,10.0.2.15,60607,52.28.33.248,443,TLSv12,TLS_ECDHE_RSA_WITH_AES_128_GCM_SHA256,,nexus.ensighten.com,True,True,CsiI,,,,1a5fe5677b0e4fbbc854e8908225637d,c6227321ea7621862dc7b7351771a62c,,,6510.427885,10.0.2.15,60607,52.28.33.248,443,tcp,17.1815459999998,992.0,11769.0,SF,True,False,0,ShADadTfF,14,1561,19,12533,ssl,0
6511.371272,CcC2KU1rrTo7lDWoBf,10.0.2.15,60612,93.184.220.66,443,TLSv12,TLS_ECDHE_RSA_WITH_AES_128_GCM_SHA256,secp256r1,platform.twitter.com,False,True,CsxuknGIti,"['498dfbfa068ce7e3252a308f9578608d3df2d287b5b9284571f7d3ed43ba3ab0', '19400be5b7a31fb733917700789d2f0a2471c0c9d506c0e504c06c16d7cb17c0', '7431e5f4c3c1ce4690774f0b61e05440883ba9a01ed00ba6abd7806ed3b118cf']",[],1.0,1a5fe5677b0e4fbbc854e8908225637d,76cc3e2d3028143b23ec18e27dbd7ca9,http/1.1,,6510.434316,10.0.2.15,60612,93.184.220.66,443,tcp,137.48171999999977,1321.0,6044.0,RSTO,True,False,0,ShADadTTFR,25,2342,27,7128,ssl,0
6511.373332,CTGA3o37eDSYcXqR99,10.0.2.15,60611,93.184.220.66,443,TLSv12,TLS_ECDHE_RSA_WITH_AES_128_GCM_SHA256,secp256r1,platform.twitter.com,False,True,CsxuknGIti,"['498dfbfa068ce7e3252a308f9578608d3df2d287b5b9284571f7d3ed43ba3ab0', '19400be5b7a31fb733917700789d2f0a2471c0c9d506c0e504c06c16d7cb17c0', '7431e5f4c3c1ce4690774f0b61e05440883ba9a01ed00ba6abd7806ed3b118cf']",[],1.0,1a5fe5677b0e4fbbc854e8908225637d,76cc3e2d3028143b23ec18e27dbd7ca9,http/1.1,,6510.433794,10.0.2.15,60611,93.184.220.66,443,tcp,137.447537,1321.0,6044.0,SF,True,False,0,ShADadTTFfRr,26,2382,28,7168,ssl,0
6511.377098,CxsVcN35Fofj7NtfF6,10.0.2.15,60610,13.107.21.200,443,TLSv12,TLS_ECDHE_RSA_WITH_AES_256_CBC_SHA,secp384r1,bat.bing.com,False,True,CsxuknGIi,"['80c4440580dbd55b228f41e6c88a51ecdbb998b5d32d12acd31ce25518d37128', '2399983e99703ebd01cea466c10799810c4ba62a8d61b88170a334dcd61bb20f']",[],1.0,0ffee3ba8e615ad22535e7f771690a28,4fd467dd264720762ffe286277c00f57,,,6510.433179,10.0.2.15,60610,13.107.21.200,443,tcp,68.51172900000074,989.0,7285.0,SF,True,False,0,ShADadTfF,19,1763,21,8129,ssl,0
6511.380198,Cp0Eum3TRKQmk098r7,10.0.2.15,60609,95.101.247.236,443,TLSv12,TLS_ECDHE_RSA_WITH_AES_256_GCM_SHA384,secp256r1,www.att.com,False,True,CsxknGIti,"['a3a4516ecc4a5ec55ed89dbe6ba43ba60a72a3f704455302500d9eecbaa8f93c', 'eae72eb454bf6c3977ebd289e970b2f5282949190093d0d26f98d0f0d6a9cf17']",[],1.0,0ffee3ba8e615ad22535e7f771690a28,2b33c1374db4ddf06942f92373c0b54b,h2,,6510.432623,10.0.2.15,60609,95.101.247.236,443,tcp,13.44048500000008,1401.0,32379.0,SF,True,False,0,ShADadFfRr,26,2449,47,34263,ssl,0
6511.36634,CT6ZVz3LLoiPtcJXS3,10.0.2.15,60613,217.12.13.41,443,TLSv12,TLS_ECDHE_RSA_WITH_AES_128_GCM_SHA256,secp256r1,pclick.yahoo.com,False,True,CsxuknGIti,"['c91860d3ba8056c8450ca2899f5567603d28abba8a255de81e11829632379639', '19400be5b7a31fb733917700789d2f0a2471c0c9d506c0e504c06c16d7cb17c0']",[],1.0,0ffee3ba8e615ad22535e7f771690a28,76cc3e2d3028143b23ec18e27dbd7ca9,h2,,6510.434807,10.0.2.15,60613,217.12.13.41,443,tcp,203.24822500000028,923.0,6315.0,SF,True,False,0,ShADadfF,18,1651,22,7199,ssl,0
6511.383131,CUvFRe4TvrcJSUYUp2,10.0.2.15,60608,52.28.33.248,443,TLSv12,TLS_ECDHE_RSA_WITH_AES_128_GCM_SHA256,secp256r1,nexus.ensighten.com,False,True,CsxuknGIti,"['5fb5994638f535624889e2aa6260f51577963498d17ec00206936fa84169d21f', 'e0898ad662474b9f753c79bea878031c9a5d634a49edd6310b960ab023c02c0e']",[],1.0,1a5fe5677b0e4fbbc854e8908225637d,0c0aff9ccea5e7e1de5c3a0069d103f3,,,6510.428492,10.0.2.15,60608,52.28.33.248,443,tcp,22.70257800000036,1067.0,11723.0,SF,True,False,0,ShADadTfF,14,1636,19,12487,ssl,0
6511.388028,CLh3o7nSvfy86x6wb,10.0.2.15,60606,52.28.33.248,443,TLSv12,TLS_ECDHE_RSA_WITH_AES_128_GCM_SHA256,secp256r1,nexus.ensighten.com,False,True,CsxuknGIti,"['5fb5994638f535624889e2aa6260f51577963498d17ec00206936fa84169d21f', 'e0898ad662474b9f753c79bea878031c9a5d634a49edd6310b960ab023c02c0e']",[],1.0,1a5fe5677b0e4fbbc854e8908225637d,0c0aff9ccea5e7e1de5c3a0069d103f3,,,6510.426985,10.0.2.15,60606,52.28.33.248,443,tcp,22.694303999999647,1087.0,5726.0,SF,True,False,0,ShADadTfF,13,1616,14,6290,ssl,0
6511.393941,CQOomu1onPu532ywY4,10.0.2.15,60605,52.28.33.248,443,TLSv12,TLS_ECDHE_RSA_WITH_AES_128_GCM_SHA256,secp256r1,nexus.ensighten.com,False,True,CsxuknGIti,"['5fb5994638f535624889e2aa6260f51577963498d17ec00206936fa84169d21f', 'e0898ad662474b9f753c79bea878031c9a5d634a49edd6310b960ab023c02c0e']",[],1.0,1a5fe5677b0e4fbbc854e8908225637d,0c0aff9ccea5e7e1de5c3a0069d103f3,,,6510.42546,10.0.2.15,60605,52.28.33.248,443,tcp,22.713700999999677,1087.0,18872.0,SF,True,False,0,ShADadTfF,17,1776,26,19916,ssl,0
6511.39664,Cfobjr1bfw5tVRcFTb,10.0.2.15,60604,52.28.33.248,443,TLSv12,TLS_ECDHE_RSA_WITH_AES_128_GCM_SHA256,secp256r1,nexus.ensighten.com,False,True,CsxuknGIti,"['5fb5994638f535624889e2aa6260f51577963498d17ec00206936fa84169d21f', 'e0898ad662474b9f753c79bea878031c9a5d634a49edd6310b960ab023c02c0e']",[],1.0,1a5fe5677b0e4fbbc854e8908225637d,0c0aff9ccea5e7e1de5c3a0069d103f3,,,6510.424953,10.0.2.15,60604,52.28.33.248,443,tcp,22.708825000000616,1067.0,5984.0,SF,True,False,0,ShADadTfF,13,1596,15,6588,ssl,0
6513.108025,CoTj9O3yIQFXv1dfMh,10.0.2.15,60617,216.239.32.27,443,TLSv12,TLS_ECDHE_RSA_WITH_AES_128_GCM_SHA256,x25519,js.dmtry.com,False,True,CsxknGIti,"['ca1291d8d34b9e62b555f734d5b8395add766b676159cd6a051c6273ad0746f3', '9f630426df1d8abfd80ace98871ba833ab9742cb34838de2b5285ed54c0c7dcc', '3c35cc963eb004451323d3275d05b353235053490d9cd83729a2faf5e7ca1cc0']",[],1.0,0ffee3ba8e615ad22535e7f771690a28,ab41313cfec25328b20865eb1388e0a2,h2,,6511.620226,10.0.2.15,60617,216.239.32.27,443,tcp,223.8848799999996,969.0,18419.0,SF,True,False,0,ShADadFf,27,2057,38,19943,ssl,0
6513.120073,CsMReAkkqvInJqOTj,10.0.2.15,60621,37.252.172.27,443,TLSv12,TLS_ECDHE_RSA_WITH_AES_256_GCM_SHA384,,secure.adnxs.com,True,True,CsiI,,,,1a5fe5677b0e4fbbc854e8908225637d,266bd998df907f9d5064d7f4c208b200,,,6511.625111,10.0.2.15,60621,37.252.172.27,443,tcp,25.849874999999884,8700.0,9095.0,SF,True,False,0,ShADadfF,18,9428,24,10059,ssl,0
6513.126298,CgpN1z43pCPffzxin9,10.0.2.15,60620,172.217.23.228,443,TLSv12,TLS_ECDHE_RSA_WITH_AES_128_GCM_SHA256,,www.google.com,True,True,CsiI,,,,1a5fe5677b0e4fbbc854e8908225637d,67619a80665d7ab92d1041b1d11f9164,h2,,6511.624556,10.0.2.15,60620,172.217.23.228,443,tcp,539.2743260000007,13311.0,46906.0,SF,True,False,0,ShADadFf,99,17279,138,52430,ssl,0
6513.13287,C1kJRAZ6njXeQpZbf,10.0.2.15,60619,188.125.66.33,443,TLSv12,TLS_ECDHE_RSA_WITH_AES_128_GCM_SHA256,secp256r1,sp.analytics.yahoo.com,False,True,CsxknGIti,"['a42bd5146a3d4010979322f493ea1cf3e1ba9033d64ae699935e6a6ad96bd3c4', '19400be5b7a31fb733917700789d2f0a2471c0c9d506c0e504c06c16d7cb17c0']",[],1.0,1a5fe5677b0e4fbbc854e8908225637d,b898351eb5e266aefd3723d466935494,http/1.1,,6511.624085,10.0.2.15,60619,188.125.66.33,443,tcp,73.88921699999992,1560.0,4917.0,SF,True,False,0,ShADadTfF,19,2334,21,5761,ssl,0
6513.135037,C3qZlh1PMfHM1dNZg2,10.0.2.15,60618,169.47.30.64,443,TLSv12,TLS_RSA_WITH_AES_256_CBC_SHA,,stags.bluekai.com,False,True,CsxnGIi,"['f3e2a1e01c5e2e8f20022b198cde61baf841fcf748c4639eea3fd3db4785c81d', 'e0898ad662474b9f753c79bea878031c9a5d634a49edd6310b960ab023c02c0e']",[],1.0,0ffee3ba8e615ad22535e7f771690a28,f4fb99c318cd91a4dfff259227ba977b,http/1.1,,6511.621357,10.0.2.15,60618,169.47.30.64,443,tcp,44.09542099999999,1981.0,3684.0,SF,True,False,0,ShADadTfF,14,2552,16,4328,ssl,0
6523.027431,CfK9Fz2Zpc9mIYmVN1,10.0.2.15,60623,37.252.172.27,443,TLSv12,TLS_ECDHE_RSA_WITH_AES_256_GCM_SHA384,,secure.adnxs.com,True,True,CsiI,,,,1a5fe5677b0e4fbbc854e8908225637d,266bd998df907f9d5064d7f4c208b200,,,6520.901241,10.0.2.15,60623,37.252.172.27,443,tcp,26.09642200000053,6013.0,6179.0,SF,True,False,0,ShADadfF,14,6581,18,6903,ssl,0
6523.028315,CAjOkx4xCE8s87AiQa,10.0.2.15,60622,37.252.172.27,443,TLSv12,TLS_ECDHE_RSA_WITH_AES_256_GCM_SHA384,,secure.adnxs.com,True,True,CsiI,,,,1a5fe5677b0e4fbbc854e8908225637d,266bd998df907f9d5064d7f4c208b200,,,6520.900705,10.0.2.15,60622,37.252.172.27,443,tcp,13.662768999999573,3253.0,3075.0,SF,True,False,0,ShADadfF,10,3661,13,3599,ssl,0
6528.963874,CLfths4easyE89u2U7,10.0.2.15,60628,172.217.23.232,443,TLSv12,TLS_ECDHE_RSA_WITH_AES_128_GCM_SHA256,,www.googletagmanager.com,True,True,CsiI,,,,1a5fe5677b0e4fbbc854e8908225637d,67619a80665d7ab92d1041b1d11f9164,h2,,6525.499777,10.0.2.15,60628,172.217.23.232,443,tcp,209.84799699999985,1189.0,54529.0,SF,True,False,0,ShADadFf,35,2597,73,57453,ssl,0
6528.966702,CWfhbxG2unClhw74e,10.0.2.15,60627,95.101.250.34,443,TLSv12,TLS_ECDHE_RSA_WITH_AES_256_GCM_SHA384,secp256r1,use.typekit.com,False,True,CsxknGIti,"['a023403dd8cfbb6a4de86bc4fc5926cf3d96ed52280ca0c8f64937c50ff66c73', 'eae72eb454bf6c3977ebd289e970b2f5282949190093d0d26f98d0f0d6a9cf17']",[],1.0,0ffee3ba8e615ad22535e7f771690a28,2b33c1374db4ddf06942f92373c0b54b,h2,,6525.498203,10.0.2.15,60627,95.101.250.34,443,tcp,16.698303999999553,1264.0,3998.0,SF,True,False,0,ShADadfF,16,1912,18,4722,ssl,0
6528.969855,CRAlxa1Dy02sncPUbk,10.0.2.15,60626,95.101.250.34,443,TLSv12,TLS_ECDHE_RSA_WITH_AES_256_GCM_SHA384,secp256r1,use.typekit.com,False,True,CsxknGIti,"['a023403dd8cfbb6a4de86bc4fc5926cf3d96ed52280ca0c8f64937c50ff66c73', 'eae72eb454bf6c3977ebd289e970b2f5282949190093d0d26f98d0f0d6a9cf17']",[],1.0,0ffee3ba8e615ad22535e7f771690a28,2b33c1374db4ddf06942f92373c0b54b,h2,,6525.497036,10.0.2.15,60626,95.101.250.34,443,tcp,17.123075000000426,817.0,3998.0,SF,True,False,0,ShADadfF,12,1305,14,4562,ssl,0
6528.971001,CT6QaPI95BBjp3qy8,10.0.2.15,60625,172.217.23.226,443,TLSv12,TLS_ECDHE_RSA_WITH_AES_128_GCM_SHA256,x25519,securepubads.g.doubleclick.net,False,True,CsxknGIti,"['a32ffddd76f9e7debbfc9a37b38d2ef86039b30a10d7c45ab8223d149cf99699', '9f630426df1d8abfd80ace98871ba833ab9742cb34838de2b5285ed54c0c7dcc', '3c35cc963eb004451323d3275d05b353235053490d9cd83729a2faf5e7ca1cc0']",[],1.0,0ffee3ba8e615ad22535e7f771690a28,ab41313cfec25328b20865eb1388e0a2,h2,,6525.495477,10.0.2.15,60625,172.217.23.226,443,tcp,128.88218999999935,3815.0,38887.0,SF,True,False,0,ShADadTFf,34,5184,58,41211,ssl,0
6528.97213,CgSFl937FOwQKqZ3Mg,10.0.2.15,60624,216.58.201.66,443,TLSv12,TLS_ECDHE_RSA_WITH_AES_128_GCM_SHA256,x25519,www.googletagservices.com,False,True,CsxknGIti,"['a32ffddd76f9e7debbfc9a37b38d2ef86039b30a10d7c45ab8223d149cf99699', '9f630426df1d8abfd80ace98871ba833ab9742cb34838de2b5285ed54c0c7dcc', '3c35cc963eb004451323d3275d05b353235053490d9cd83729a2faf5e7ca1cc0']",[],1.0,0ffee3ba8e615ad22535e7f771690a28,ab41313cfec25328b20865eb1388e0a2,h2,,6525.493545,10.0.2.15,60624,216.58.201.66,443,tcp,17.13596299999972,506.0,4085.0,SF,True,False,0,ShADadTFf,14,1075,15,4689,ssl,0
6530.133107,CFwWuz1NgpnZPZVZL3,10.0.2.15,60629,95.101.250.34,443,TLSv12,TLS_ECDHE_RSA_WITH_AES_256_GCM_SHA384,secp256r1,use.typekit.com,False,True,CsxknGIti,"['a023403dd8cfbb6a4de86bc4fc5926cf3d96ed52280ca0c8f64937c50ff66c73', 'eae72eb454bf6c3977ebd289e970b2f5282949190093d0d26f98d0f0d6a9cf17']",[],1.0,0ffee3ba8e615ad22535e7f771690a28,2b33c1374db4ddf06942f92373c0b54b,h2,,6528.073657,10.0.2.15,60629,95.101.250.34,443,tcp,13.71872600000006,817.0,3998.0,SF,True,False,0,ShADadfF,12,1305,14,4562,ssl,0
6530.112753,CFMown3aaJ0ae6KFs,10.0.2.15,60638,185.57.60.185,443,TLSv12,TLS_ECDHE_ECDSA_WITH_AES_256_GCM_SHA384,,pixel.tapad.com,True,True,CsiI,,,,1a5fe5677b0e4fbbc854e8908225637d,a8e0da2f607d2a3c1956f56afc6da012,,,6528.095242,10.0.2.15,60638,185.57.60.185,443,tcp,11.498703999999634,1005.0,924.0,SF,True,False,0,ShADadfF,9,1373,9,1288,ssl,0
6530.113457,Ct7jPX1P0rJyrMccDb,10.0.2.15,60637,46.137.125.133,443,TLSv12,TLS_ECDHE_RSA_WITH_AES_128_GCM_SHA256,,insight.adsrvr.org,True,True,CsiI,,,,0ffee3ba8e615ad22535e7f771690a28,303951d4c50efb2e991652225a6f02b1,,,6528.09429,10.0.2.15,60637,46.137.125.133,443,tcp,72.60851300000013,5730.0,5946.0,SF,True,False,0,ShADadTFf,20,6544,23,6870,ssl,0
6530.113921,Coa5ff1oIl4jjwmJJ3,10.0.2.15,60636,107.22.219.90,443,TLSv12,TLS_ECDHE_RSA_WITH_AES_256_CBC_SHA,,conv.tubemogul.com,True,True,CsiI,,,,1a5fe5677b0e4fbbc854e8908225637d,8529fd8de0d7f73186ef5ea8b4531a76,,,6528.093309,10.0.2.15,60636,107.22.219.90,443,tcp,11.692283999999743,1029.0,619.0,SF,True,False,0,ShADadfF,8,1357,9,983,ssl,0
6530.116337,CBm4aM3VfhN9s2PS1b,10.0.2.15,60634,185.57.60.185,443,TLSv12,TLS_ECDHE_ECDSA_WITH_AES_256_GCM_SHA384,,pixel.tapad.com,True,True,CsiI,,,,1a5fe5677b0e4fbbc854e8908225637d,a8e0da2f607d2a3c1956f56afc6da012,,,6528.092002,10.0.2.15,60634,185.57.60.185,443,tcp,12.000521999999364,1046.0,924.0,SF,True,False,0,ShADadfF,9,1414,9,1288,ssl,0
6530.117139,Chb69A2pyRHq9bAsHg,10.0.2.15,60633,107.22.219.90,443,TLSv12,TLS_ECDHE_RSA_WITH_AES_256_CBC_SHA,,conv.tubemogul.com,True,True,CsiI,,,,1a5fe5677b0e4fbbc854e8908225637d,8529fd8de0d7f73186ef5ea8b4531a76,,,6528.091303,10.0.2.15,60633,107.22.219.90,443,tcp,12.239126999999826,1029.0,619.0,SF,True,False,0,ShADadfF,8,1357,8,943,ssl,0
6530.131072,CSbIxL1wJnQfumZKt9,10.0.2.15,60631,172.217.23.230,443,TLSv12,TLS_ECDHE_RSA_WITH_AES_128_GCM_SHA256,x25519,2558160.fls.doubleclick.net,False,True,CsxknGIti,"['378a6c73f6dec1c6bc563fa8eda92c3e9ce61b893db7685686c41f33ab89931c', '9f630426df1d8abfd80ace98871ba833ab9742cb34838de2b5285ed54c0c7dcc', '3c35cc963eb004451323d3275d05b353235053490d9cd83729a2faf5e7ca1cc0']",[],1.0,0ffee3ba8e615ad22535e7f771690a28,ab41313cfec25328b20865eb1388e0a2,h2,,6528.087576,10.0.2.15,60631,172.217.23.230,443,tcp,14.53897700000016,508.0,4120.0,SF,True,False,0,ShADadTFf,13,1037,14,4684,ssl,0
6530.132084,CJ7PGx2a4Vl8tgtDz3,10.0.2.15,60630,172.217.23.238,443,TLSv12,TLS_ECDHE_ECDSA_WITH_AES_128_GCM_SHA256,x25519,s.ytimg.com,False,True,CsxknGIti,"['11ddd329046367c19b32ffdb02ed308de129de4d6ffcf95856d7bd6a7accfba9', '9f630426df1d8abfd80ace98871ba833ab9742cb34838de2b5285ed54c0c7dcc', '3c35cc963eb004451323d3275d05b353235053490d9cd83729a2faf5e7ca1cc0']",[],1.0,0ffee3ba8e615ad22535e7f771690a28,84480cf8cf0e732666092640e581e1a5,h2,,6528.080703,10.0.2.15,60630,172.217.23.238,443,tcp,221.70220400000017,992.0,13682.0,SF,True,False,0,ShADadTFf,24,1961,34,15046,ssl,0
6530.114455,CwPjZF1MyAhLfb4wR8,10.0.2.15,60635,52.0.62.44,443,TLSv12,TLS_ECDHE_RSA_WITH_AES_128_GCM_SHA256,secp256r1,magnetic.t.domdex.com,False,True,CsxknGIi,"['e0a8ce7919fcfda04c7ec45d5d11a1709f8bc10d6f5510510062dd033131d4b6', '19400be5b7a31fb733917700789d2f0a2471c0c9d506c0e504c06c16d7cb17c0']",[],1.0,0ffee3ba8e615ad22535e7f771690a28,303951d4c50efb2e991652225a6f02b1,,,6528.092577,10.0.2.15,60635,52.0.62.44,443,tcp,74.73993399999927,964.0,3557.0,SF,True,False,0,ShADadTFf,18,1699,20,4361,ssl,0
6530.124148,CcrewvpUCL19wvYy4,10.0.2.15,60632,149.174.28.196,443,TLSv12,TLS_RSA_WITH_AES_128_CBC_SHA,,secure.ace-tag.advertising.com,False,True,CsxnGIi,"['be0c2c090cb43589adde75c39198f8bfd6a94837b9852be22180661d8e5ecf57', '3b0cc20384ad7f24eb438f2b80c63ebe003f7f215b8877e418ebb0484028db57', '6b143c2005d5539cc22eab5f772db2a9fe87467feffa07fcf0a9f7d28274ca7a']",[],1.0,0ffee3ba8e615ad22535e7f771690a28,5397c414a9ebeaff1bf18b70ca22eaa0,,,6528.088873,10.0.2.15,60632,149.174.28.196,443,tcp,145.3474750000005,2143.0,5400.0,SF,True,False,0,ShADadTTFf,26,3204,27,6484,ssl,0
6533.110814,CmzGLKVZqqUQEQONf,10.0.2.15,60644,172.217.23.227,443,TLSv12,TLS_ECDHE_RSA_WITH_AES_128_GCM_SHA256,,www.google.cz,True,True,CsiI,,,,1a5fe5677b0e4fbbc854e8908225637d,67619a80665d7ab92d1041b1d11f9164,h2,,6531.539962,10.0.2.15,60644,172.217.23.227,443,tcp,208.383656,6241.0,1652.0,SF,True,False,0,ShADadFf,32,7529,35,3056,ssl,0
6533.090842,CciSS31uGW7MzbRo7b,10.0.2.15,60639,52.207.136.30,443,TLSv12,TLS_ECDHE_RSA_WITH_AES_128_GCM_SHA256,,reports.adspdbl.com,True,True,CsiI,,,,0ffee3ba8e615ad22535e7f771690a28,303951d4c50efb2e991652225a6f02b1,,,6531.533724,10.0.2.15,60639,52.207.136.30,443,tcp,64.55759500000022,690.0,851.0,SF,True,False,0,ShADadTFf,15,1304,15,1455,ssl,0
6533.112201,Cjgkdu1GL1NAuShoAa,10.0.2.15,60643,52.85.189.191,443,TLSv12,TLS_ECDHE_RSA_WITH_AES_128_GCM_SHA256,secp256r1,script.crazyegg.com,False,True,CsxuknGIti,"['1eee9739d945fe3410cb4c33c5b3417fae8fbc2b218d29ac043d8b604d6db263', '154c433c491929c5ef686e838e323664a00e6a0d822ccc958fb4dab03e49a08f']",[],1.0,0ffee3ba8e615ad22535e7f771690a28,76cc3e2d3028143b23ec18e27dbd7ca9,http/1.1,,6531.538882,10.0.2.15,60643,52.85.189.191,443,tcp,135.0867360000002,686.0,8177.0,SF,True,False,0,ShADadTTfF,23,1626,28,9301,ssl,0
6533.102397,CCvUAh3cgkf1ozA8D5,10.0.2.15,60646,23.74.202.62,443,TLSv12,TLS_ECDHE_RSA_WITH_AES_256_GCM_SHA384,,px.owneriq.net,True,True,CsiI,,,,1a5fe5677b0e4fbbc854e8908225637d,410b9bedaf65dd26c6fe547154d60db4,http/1.1,,6531.541206,10.0.2.15,60646,23.74.202.62,443,tcp,35.29906300000039,1751.0,4312.0,SF,True,False,0,ShADadTfF,12,2241,15,4916,ssl,0
6533.067796,CvlLRN2dYEUy3MLFWa,10.0.2.15,60642,159.122.19.158,443,TLSv12,TLS_ECDHE_RSA_WITH_AES_128_GCM_SHA256,secp256r1,api.mixpanel.com,False,True,CsxknGIti,"['229a96c70c6d8b2936b27ac8653884f7e9fa2fcfe8f007b03aed4728877f4903', 'e6683e88315cd1cb403c0cea490f7c4b4c82c91cd485037489aadbaa90839f61']",[],1.0,0ffee3ba8e615ad22535e7f771690a28,ccc514751b175866924439bdbb5bba34,,,6531.536429,10.0.2.15,60642,159.122.19.158,443,tcp,82.67888000000039,1524.0,3952.0,SF,True,False,0,ShADadTfF,18,2259,19,4716,ssl,0
6533.081108,C2QqZp37hmRTuyPfTg,10.0.2.15,60641,159.122.19.158,443,TLSv12,TLS_ECDHE_RSA_WITH_AES_128_GCM_SHA256,secp256r1,api.mixpanel.com,False,True,CsxknGIti,"['229a96c70c6d8b2936b27ac8653884f7e9fa2fcfe8f007b03aed4728877f4903', 'e6683e88315cd1cb403c0cea490f7c4b4c82c91cd485037489aadbaa90839f61']",[],1.0,0ffee3ba8e615ad22535e7f771690a28,ccc514751b175866924439bdbb5bba34,,,6531.53554,10.0.2.15,60641,159.122.19.158,443,tcp,82.68354799999997,742.0,4054.0,SF,True,False,0,ShADadTfF,18,1477,19,4818,ssl,0
6533.08659,C9aPnG1mUBPoo5EA0g,10.0.2.15,60640,54.192.92.248,443,TLSv12,TLS_ECDHE_RSA_WITH_AES_128_GCM_SHA256,secp256r1,cdn1-res.sundaysky.com,False,True,CsxuknGIti,"['390264c1cb6889d214d387539c833b7920fe4b01eac544cc03b0682ba31f2fd6', '154c433c491929c5ef686e838e323664a00e6a0d822ccc958fb4dab03e49a08f']",[],1.0,0ffee3ba8e615ad22535e7f771690a28,76cc3e2d3028143b23ec18e27dbd7ca9,http/1.1,,6531.534208,10.0.2.15,60640,54.192.92.248,443,tcp,136.68394999999964,761.0,5828.0,SF,True,False,0,ShADadTTfF,24,1741,27,6912,ssl,0
6533.106495,CvZeVtoUIK8YvUHSd,10.0.2.15,60645,46.228.164.11,443,TLSv12,TLS_RSA_WITH_AES_128_CBC_SHA,,r.turn.com,False,True,CsxnGIti,"['331de231c71d6e7597ac717a3ade18b10f51eea0ce4b3c9c75144a7b5ce9e2cf', '154c433c491929c5ef686e838e323664a00e6a0d822ccc958fb4dab03e49a08f']",[],1.0,0ffee3ba8e615ad22535e7f771690a28,7224c92f21d262b619e105efd1055cf7,,,6531.540746,10.0.2.15,60645,46.228.164.11,443,tcp,32.90369700000065,998.0,3151.0,SF,True,False,0,ShADadfTF,12,1488,14,3715,ssl,0
6533.097875,CPkjS33wq54gDi1pW4,10.0.2.15,60648,38.126.130.202,443,TLSv12,TLS_ECDHE_RSA_WITH_AES_256_GCM_SHA384,secp256r1,secure.media6degrees.com,False,True,CsxknGIti,"['eda54f898187cafbe2a8bb8b08d81dd485262caab20c22583cfceaf596eba60f', '02ab57e4e67a0cb48dd2ff34830e8ac40f4476fb08ca6be3f5cd846f646840f0', '4f32d5dc00f715250abcc486511e37f501a899deb3bf7ea8adbbd3aef1c412da', '687fa451382278fff0c8b11f8d43d576671c6eb2bceab413fb83d965d06d2ff2']",[],1.0,0ffee3ba8e615ad22535e7f771690a28,e35df3e00ca4ef31d42b34bebaa2f86e,,,6531.542257,10.0.2.15,60648,38.126.130.202,443,tcp,32.55327599999964,870.0,7199.0,SF,True,False,0,ShADadTfF,14,1440,17,7883,ssl,0
6533.099899,CWl4m44e8qrkfR9VR6,10.0.2.15,60647,38.126.130.202,443,TLSv12,TLS_ECDHE_RSA_WITH_AES_256_GCM_SHA384,secp256r1,secure.media6degrees.com,False,True,CsxknGIti,"['eda54f898187cafbe2a8bb8b08d81dd485262caab20c22583cfceaf596eba60f', '02ab57e4e67a0cb48dd2ff34830e8ac40f4476fb08ca6be3f5cd846f646840f0', '4f32d5dc00f715250abcc486511e37f501a899deb3bf7ea8adbbd3aef1c412da', '687fa451382278fff0c8b11f8d43d576671c6eb2bceab413fb83d965d06d2ff2']",[],1.0,0ffee3ba8e615ad22535e7f771690a28,e35df3e00ca4ef31d42b34bebaa2f86e,,,6531.541809,10.0.2.15,60647,38.126.130.202,443,tcp,33.20010699999966,870.0,7199.0,SF,True,False,0,ShADadTfF,13,1400,16,7843,ssl,0
6533.465622,C3msbIxPfAjv14BLa,10.0.2.15,60650,23.74.202.62,443,TLSv12,TLS_ECDHE_RSA_WITH_AES_256_GCM_SHA384,,px.owneriq.net,True,True,CsiI,,,,1a5fe5677b0e4fbbc854e8908225637d,410b9bedaf65dd26c6fe547154d60db4,http/1.1,,6531.784947,10.0.2.15,60650,23.74.202.62,443,tcp,36.664152000000286,2395.0,2428.0,SF,True,False,0,ShADadTfF,14,2965,15,3032,ssl,0
6533.498463,C0wtsJ2p1u7aoVM996,10.0.2.15,60651,23.74.167.50,443,TLSv12,TLS_ECDHE_RSA_WITH_AES_256_GCM_SHA384,secp256r1,ak.sail-horizon.com,False,True,CsxknGIti,"['c2e64b92c6a7ce833a6375db2aa0425fde7144c33372df829b1b718f1104a375', '074541ecdf88ed992ed5ade3ecddef27a26ba1b44480a195c0a8dadae2521d8e']",[],1.0,0ffee3ba8e615ad22535e7f771690a28,2b33c1374db4ddf06942f92373c0b54b,http/1.1,,6531.786038,10.0.2.15,60651,23.74.167.50,443,tcp,141.4991689999997,665.0,7428.0,SF,True,False,0,ShADadTTFfRr,27,1766,31,8672,ssl,0
6533.571962,C9xisl3J57syXduM21,10.0.2.15,60649,40.116.232.104,443,TLSv12,TLS_ECDHE_RSA_WITH_AES_256_CBC_SHA,secp384r1,adyapperstatic.blob.core.windows.net,False,True,CsxuknGIi,"['d4e53bfac22171f802f719c96eda374dc197ddb73f997058583250be8270d29d', '2399983e99703ebd01cea466c10799810c4ba62a8d61b88170a334dcd61bb20f']",[],1.0,0ffee3ba8e615ad22535e7f771690a28,4fd467dd264720762ffe286277c00f57,,,6531.542795,10.0.2.15,60649,40.116.232.104,443,tcp,141.91494899999998,821.0,6020.0,SF,True,False,0,ShADadTTFf,25,1842,27,7104,ssl,0
6535.713402,CKjYOY2oOoimq5uPd8,10.0.2.15,60652,52.38.120.69,443,TLSv12,TLS_ECDHE_RSA_WITH_AES_256_GCM_SHA384,secp256r1,www.leafly.com,False,True,CsxuknGIti,"['7a2238b507cb27175a48cc8bc67ccc545d8b77b568d307764ea31ff1d709e417', '154c433c491929c5ef686e838e323664a00e6a0d822ccc958fb4dab03e49a08f', '4348a0e9444c78cb265e058d5e8944b4d84f9662bd26db257f8934a443c70161']",[],1.0,1a5fe5677b0e4fbbc854e8908225637d,d53e4608f956df65bb2b8a8c4d3b025d,,,6533.145398,10.0.2.15,60652,52.38.120.69,443,tcp,34.75278200000048,674.0,4624.0,SF,True,False,0,ShADadTFf,13,1205,15,5228,ssl,0
6539.800341,CDGqbZUTEzVRYAfy7,10.0.2.15,60653,216.52.1.12,443,TLSv12,TLS_ECDHE_RSA_WITH_AES_128_GCM_SHA256,,loadm.exelator.com,True,True,CsiI,,,,1a5fe5677b0e4fbbc854e8908225637d,fbe78c619e7ea20046131294ad087f05,,,6539.265538,10.0.2.15,60653,216.52.1.12,443,tcp,10.405877000000146,4049.0,975.0,SF,True,False,0,ShADadfF,11,4497,11,1419,ssl,0
6539.792654,Cv4S9P2kLtgJt53rug,10.0.2.15,60654,173.192.202.131,443,TLSv12,TLS_ECDHE_RSA_WITH_AES_256_GCM_SHA384,secp256r1,s.chango.com,False,True,CsxknGIti,"['007b8d695c7abbc8a20c56a6510fb90e3520e34541da542b8cac0e22a191111a', 'e6683e88315cd1cb403c0cea490f7c4b4c82c91cd485037489aadbaa90839f61']",[],1.0,0ffee3ba8e615ad22535e7f771690a28,758945630046fd37070521b8544d1fe8,,,6539.268654,10.0.2.15,60654,173.192.202.131,443,tcp,15.527624999999716,786.0,3441.0,SF,True,False,0,ShADadfTF,10,1195,13,3965,ssl,0
6541.782126,Cv67EI1GnkUBmTMCyk,10.0.2.15,60655,172.217.23.230,443,TLSv12,TLS_ECDHE_RSA_WITH_AES_128_GCM_SHA256,,2558160.fls.doubleclick.net,True,True,CsiI,,,,1a5fe5677b0e4fbbc854e8908225637d,67619a80665d7ab92d1041b1d11f9164,h2,,6540.333239,10.0.2.15,60655,172.217.23.230,443,tcp,3.291900000000169,779.0,292.0,SF,True,False,0,ShADadFf,11,1227,10,696,ssl,0
6541.784291,C6D5KF1NAE4jSV8QC1,10.0.2.15,60656,104.244.43.144,443,TLSv12,TLS_ECDHE_RSA_WITH_AES_128_GCM_SHA256,secp256r1,static.ads-twitter.com,False,True,CsxuknGIti,"['57c868a580b1e1d5c88d4b5ac225b028e8774ddb7c0e68e7729c4df4ffc17086', '19400be5b7a31fb733917700789d2f0a2471c0c9d506c0e504c06c16d7cb17c0']",[],1.0,0ffee3ba8e615ad22535e7f771690a28,76cc3e2d3028143b23ec18e27dbd7ca9,http/1.1,,6540.335163,10.0.2.15,60656,104.244.43.144,443,tcp,15.690867000000251,760.0,4275.0,SF,True,False,0,ShADadTfF,12,1249,14,4839,ssl,0
6542.593102,Ce54UA2LhH6kM2Yhqk,10.0.2.15,60659,46.137.125.133,443,TLSv12,TLS_ECDHE_RSA_WITH_AES_128_GCM_SHA256,,insight.adsrvr.org,True,True,CsiI,,,,0ffee3ba8e615ad22535e7f771690a28,303951d4c50efb2e991652225a6f02b1,,,6540.526849,10.0.2.15,60659,46.137.125.133,443,tcp,18.300688000000264,309.0,176.0,SF,True,False,0,ShADadTFfRr,10,718,10,580,ssl,0
6542.609772,COzt224lfhyWexW3d,10.0.2.15,60657,52.48.15.20,443,TLSv12,TLS_ECDHE_RSA_WITH_AES_256_GCM_SHA384,secp256r1,cp.medialytics.com,False,True,CsxknGIti,"['9792dd2a13bdb8c8f1fc3963d7f9fdfb86d9f7b1ed5fd8be430fafd6e63c9d6c', 'eae72eb454bf6c3977ebd289e970b2f5282949190093d0d26f98d0f0d6a9cf17']",[],1.0,0ffee3ba8e615ad22535e7f771690a28,758945630046fd37070521b8544d1fe8,,,6540.525428,10.0.2.15,60657,52.48.15.20,443,tcp,18.847281999999723,1352.0,3584.0,SF,True,False,0,ShADadfTF,11,1801,13,4108,ssl,0
6542.585253,CB40XFfOvFf3tslzh,10.0.2.15,60660,172.217.23.230,443,TLSv12,TLS_ECDHE_RSA_WITH_AES_128_GCM_SHA256,,ad.doubleclick.net,True,True,CsiI,,,,1a5fe5677b0e4fbbc854e8908225637d,67619a80665d7ab92d1041b1d11f9164,h2,,6540.532246,10.0.2.15,60660,172.217.23.230,443,tcp,3.392039000000295,779.0,292.0,SF,True,False,0,ShADadFf,11,1227,10,696,ssl,0
6542.599282,CsjN0W2RjgaBVHLmh3,10.0.2.15,60658,52.38.120.69,443,TLSv12,TLS_ECDHE_RSA_WITH_AES_256_GCM_SHA384,secp256r1,www.leafly.com,False,True,CsxuknGIti,"['7a2238b507cb27175a48cc8bc67ccc545d8b77b568d307764ea31ff1d709e417', '154c433c491929c5ef686e838e323664a00e6a0d822ccc958fb4dab03e49a08f', '4348a0e9444c78cb265e058d5e8944b4d84f9662bd26db257f8934a443c70161']",[],1.0,1a5fe5677b0e4fbbc854e8908225637d,d53e4608f956df65bb2b8a8c4d3b025d,,,6540.526195,10.0.2.15,60658,52.38.120.69,443,tcp,30.468794999999773,674.0,4624.0,SF,True,False,0,ShADadTFf,12,1164,13,5148,ssl,0
6542.584042,ChV2To3RUggjmkroAh,10.0.2.15,60661,52.4.177.129,443,TLSv12,TLS_ECDHE_RSA_WITH_AES_128_GCM_SHA256,secp256r1,log.dmtry.com,False,True,CsxknGIi,"['3d2737bf724567460981e50a2bcf5796ffb1b193f1f2be49de475969491c7154', '9f630426df1d8abfd80ace98871ba833ab9742cb34838de2b5285ed54c0c7dcc']",[],1.0,0ffee3ba8e615ad22535e7f771690a28,303951d4c50efb2e991652225a6f02b1,,,6540.532845,10.0.2.15,60661,52.4.177.129,443,tcp,18.94771000000037,911.0,3218.0,RSTO,True,False,0,ShADadTFR,12,1400,13,3742,ssl,0
6545.850371,CKxam843swu61cs6Tf,10.0.2.15,60662,217.12.15.54,443,TLSv12,TLS_ECDHE_RSA_WITH_AES_128_GCM_SHA256,,ads.yahoo.com,True,True,CsiI,,,,1a5fe5677b0e4fbbc854e8908225637d,fbe78c619e7ea20046131294ad087f05,,,6544.502119,10.0.2.15,60662,217.12.15.54,443,tcp,20.8729000000003,1102.0,470.0,SF,True,False,0,ShADadTfF,10,1511,10,874,ssl,0
6569.244931,Ca4PjR1lWs3Zr3GlVe,10.0.2.15,60663,104.94.52.246,443,TLSv12,TLS_ECDHE_RSA_WITH_AES_256_GCM_SHA384,secp256r1,js.hs-analytics.net,False,True,CsxknGIti,"['88651d4a7377987c2531cd885c254d547255d7774ef59dfeb8be8924ebd3d8ea', '19400be5b7a31fb733917700789d2f0a2471c0c9d506c0e504c06c16d7cb17c0']",[],1.0,0ffee3ba8e615ad22535e7f771690a28,2b33c1374db4ddf06942f92373c0b54b,http/1.1,,6568.068956,10.0.2.15,60663,104.94.52.246,443,tcp,145.03244799999993,686.0,25396.0,SF,True,False,0,ShADadTTFRfr,32,1987,44,27160,ssl,0
6569.240526,CafxrDAycASwCRFIe,10.0.2.15,60664,54.231.40.178,443,TLSv12,TLS_ECDHE_RSA_WITH_AES_128_GCM_SHA256,secp256r1,s3.amazonaws.com,False,True,CsxknGIi,"['6be2c04e442c0aa126e2e374c248fc093077df1a3810867decdfea113add4357', 'f9690880819f06cdcc0b2f224b207f2af6003fb57339b8679a160fa95208d62d']",[],1.0,0ffee3ba8e615ad22535e7f771690a28,ea615e28cb25adfb2f261151eab3314f,,,6568.069733,10.0.2.15,60664,54.231.40.178,443,tcp,20.27313999999933,1000.0,12133.0,SF,True,False,0,ShADadFf,15,1608,23,13057,ssl,0
6569.793393,CyX2TC2C5K1GOhJNG,10.0.2.15,60667,74.125.206.155,443,TLSv12,TLS_ECDHE_RSA_WITH_AES_128_GCM_SHA256,,stats.g.doubleclick.net,True,True,CsiI,,,,1a5fe5677b0e4fbbc854e8908225637d,67619a80665d7ab92d1041b1d11f9164,h2,,6568.453842,10.0.2.15,60667,74.125.206.155,443,tcp,854.8139069999997,5388.0,22148.0,SF,True,False,0,ShADadFf,83,8716,98,26072,ssl,0
6569.800263,C5Lb4IpE83BITQTDh,10.0.2.15,60666,54.192.93.150,443,TLSv12,TLS_ECDHE_RSA_WITH_AES_128_GCM_SHA256,,rules.quantcount.com,True,True,CsiI,,,,1a5fe5677b0e4fbbc854e8908225637d,d199ba0af2b08e204c73d6d81a1fd260,h2,,6568.45196,10.0.2.15,60666,54.192.93.150,443,tcp,198.32415899999975,1142.0,747.0,SF,True,False,0,ShADadFf,18,1870,18,1471,ssl,0
6569.807203,CsJCkj3dMJQqLwcRJ1,10.0.2.15,60665,172.217.23.238,443,TLSv12,TLS_ECDHE_ECDSA_WITH_AES_128_GCM_SHA256,x25519,www.youtube.com,False,True,CsxknGIti,"['11ddd329046367c19b32ffdb02ed308de129de4d6ffcf95856d7bd6a7accfba9', '9f630426df1d8abfd80ace98871ba833ab9742cb34838de2b5285ed54c0c7dcc', '3c35cc963eb004451323d3275d05b353235053490d9cd83729a2faf5e7ca1cc0']",[],1.0,0ffee3ba8e615ad22535e7f771690a28,84480cf8cf0e732666092640e581e1a5,h2,,6568.450991,10.0.2.15,60665,172.217.23.238,443,tcp,202.77449400000023,1032.0,5608.0,SF,True,False,0,ShADadFf,20,1840,22,6492,ssl,0
6575.359719,Cm3L4K24FlekoN4Je1,10.0.2.15,60670,23.74.202.62,443,TLSv12,TLS_ECDHE_RSA_WITH_AES_256_GCM_SHA384,,px.owneriq.net,True,True,CsiI,,,,1a5fe5677b0e4fbbc854e8908225637d,410b9bedaf65dd26c6fe547154d60db4,http/1.1,,6573.338768,10.0.2.15,60670,23.74.202.62,443,tcp,7.439572000000226,1229.0,714.0,SF,True,False,0,ShADadfF,8,1557,8,1038,ssl,0
6576.402127,CNPs7L1rbtKPi5le1j,10.0.2.15,60671,95.101.250.34,443,TLSv12,TLS_ECDHE_RSA_WITH_AES_256_GCM_SHA384,,use.typekit.com,True,True,CsiI,,,,1a5fe5677b0e4fbbc854e8908225637d,410b9bedaf65dd26c6fe547154d60db4,h2,,6575.703809,10.0.2.15,60671,95.101.250.34,443,tcp,200.76379600000016,2283.0,185675.0,SF,True,False,0,ShADadFfRr,93,6011,214,194239,ssl,0
6581.575251,CztcAt1yFNSZlFdEQl,10.0.2.15,60675,52.28.33.248,443,TLSv12,TLS_ECDHE_RSA_WITH_AES_128_GCM_SHA256,secp256r1,nexus.ensighten.com,False,True,CsxuknGIti,"['5fb5994638f535624889e2aa6260f51577963498d17ec00206936fa84169d21f', 'e0898ad662474b9f753c79bea878031c9a5d634a49edd6310b960ab023c02c0e']",[],1.0,1a5fe5677b0e4fbbc854e8908225637d,0c0aff9ccea5e7e1de5c3a0069d103f3,,,6579.394757,10.0.2.15,60675,52.28.33.248,443,tcp,20.993626000000404,1186.0,5244.0,SF,True,False,0,ShADadTfF,13,1715,14,5808,ssl,0
6581.579739,CqqMS01f687SXqd2f9,10.0.2.15,60676,23.74.202.62,443,TLSv12,TLS_ECDHE_RSA_WITH_AES_256_GCM_SHA384,,px.owneriq.net,True,True,CsiI,,,,1a5fe5677b0e4fbbc854e8908225637d,410b9bedaf65dd26c6fe547154d60db4,http/1.1,,6579.396481,10.0.2.15,60676,23.74.202.62,443,tcp,10.088032000000569,599.0,183.0,SF,True,False,0,ShADadFfRr,9,967,9,547,ssl,0
6581.578335,C3hrHWDeUWVEAn0j5,10.0.2.15,60673,52.216.64.184,443,TLSv12,TLS_ECDHE_RSA_WITH_AES_128_GCM_SHA256,secp256r1,gtrk.s3.amazonaws.com,False,True,CsxknGIi,"['659a3d7684850e6d664f5131f9f8765469b9c7017b7a0e206f8c1c9445cb1c69', 'f9690880819f06cdcc0b2f224b207f2af6003fb57339b8679a160fa95208d62d']",[],1.0,0ffee3ba8e615ad22535e7f771690a28,ea615e28cb25adfb2f261151eab3314f,,,6578.97178,10.0.2.15,60673,52.216.64.184,443,tcp,13.887499000000387,644.0,3485.0,SF,True,False,0,ShADadFf,12,1132,15,4089,ssl,0
6581.579158,CZiLrR2cBeeOS2Zd29,10.0.2.15,60672,52.216.64.184,443,TLSv12,TLS_ECDHE_RSA_WITH_AES_128_GCM_SHA256,secp256r1,gtrk.s3.amazonaws.com,False,True,CsxknGIi,"['659a3d7684850e6d664f5131f9f8765469b9c7017b7a0e206f8c1c9445cb1c69', 'f9690880819f06cdcc0b2f224b207f2af6003fb57339b8679a160fa95208d62d']",[],1.0,0ffee3ba8e615ad22535e7f771690a28,ea615e28cb25adfb2f261151eab3314f,,,6578.963543,10.0.2.15,60672,52.216.64.184,443,tcp,13.89933900000051,644.0,3485.0,SF,True,False,0,ShADadFf,13,1172,15,4089,ssl,0
6586.250457,CsgA9L3wCuR5G47gV3,10.0.2.15,60679,95.172.94.16,443,TLSv12,TLS_ECDHE_RSA_WITH_AES_128_GCM_SHA256,secp256r1,pixel.quantserve.com,False,True,CsxknGIti,"['7d39ee69bdac843654f44bb3164a243b3e8c527019b6225992e5d36771f19e8f', '19400be5b7a31fb733917700789d2f0a2471c0c9d506c0e504c06c16d7cb17c0']",[],1.0,0ffee3ba8e615ad22535e7f771690a28,ccc514751b175866924439bdbb5bba34,,,6585.740916,10.0.2.15,60679,95.172.94.16,443,tcp,8.788167000000612,1161.0,3637.0,SF,True,False,0,ShADadfF,11,1609,13,4161,ssl,0
6586.253462,Cz0awe3VrDbsVFiyk9,10.0.2.15,60678,95.172.94.16,443,TLSv12,TLS_ECDHE_RSA_WITH_AES_128_GCM_SHA256,secp256r1,pixel.quantserve.com,False,True,CsxknGIti,"['7d39ee69bdac843654f44bb3164a243b3e8c527019b6225992e5d36771f19e8f', '19400be5b7a31fb733917700789d2f0a2471c0c9d506c0e504c06c16d7cb17c0']",[],1.0,0ffee3ba8e615ad22535e7f771690a28,ccc514751b175866924439bdbb5bba34,,,6585.730892,10.0.2.15,60678,95.172.94.16,443,tcp,7.531504000000496,354.0,3323.0,SF,True,False,0,ShADadFfRr,11,802,12,3807,ssl,0
6586.619663,CSYsdt1L2U6IaSsTC9,10.0.2.15,60683,151.101.113.6,443,TLSv12,TLS_ECDHE_RSA_WITH_AES_128_GCM_SHA256,secp256r1,tag.retargeter.com,False,True,CsxuknGIti,"['55274964bddb24a7cbc747e60bc8805a947d9bf0aa3a1db50a65e507740d0df4', '4b7334e1d8999822bafa8ff6888125389b18a4e5ab26ffa624c7f68fdc81f0cb']",[],1.0,0ffee3ba8e615ad22535e7f771690a28,860fcf58fd757e26aa8911e5eaff6b53,http/1.1,,6585.971661,10.0.2.15,60683,151.101.113.6,443,tcp,144.5205450000003,675.0,54223.0,SF,True,False,0,ShADadTTFfRr,49,2656,81,57467,ssl,0
6591.087107,C3kdQrFHTUdrV83G3,10.0.2.15,60695,54.192.93.152,443,TLSv12,TLS_ECDHE_RSA_WITH_AES_128_GCM_SHA256,secp256r1,t.gmg.io,False,True,CsxknGIti,"['3786d51674239c57194137a404d37cb6d2a6cf48e5bb0db7a004ad9d34409e36', 'f55f9ffcb83c73453261601c7e044db15a0f034b93c05830f28635ef889cf670', '87dcd4dc74640a322cd205552506d1be64f12596258096544986b4850bc72706', '28689b30e4c306aab53b027b29e36ad6dd1dcf4b953994482ca84bdc1ecac996']",[],1.0,0ffee3ba8e615ad22535e7f771690a28,b898351eb5e266aefd3723d466935494,h2,,6590.207187,10.0.2.15,60695,54.192.93.152,443,tcp,14.8707459999996,785.0,78581.0,SF,True,False,0,ShADadFf,68,3513,115,83185,ssl,0
6591.088185,C0aDPM2uG7VdWL21uc,10.0.2.15,60694,54.192.93.152,443,TLSv12,TLS_ECDHE_RSA_WITH_AES_128_GCM_SHA256,secp256r1,t.gmg.io,False,True,CsxknGIti,"['3786d51674239c57194137a404d37cb6d2a6cf48e5bb0db7a004ad9d34409e36', 'f55f9ffcb83c73453261601c7e044db15a0f034b93c05830f28635ef889cf670', '87dcd4dc74640a322cd205552506d1be64f12596258096544986b4850bc72706', '28689b30e4c306aab53b027b29e36ad6dd1dcf4b953994482ca84bdc1ecac996']",[],1.0,0ffee3ba8e615ad22535e7f771690a28,b898351eb5e266aefd3723d466935494,h2,,6590.206214,10.0.2.15,60694,54.192.93.152,443,tcp,15.079604000000472,791.0,212545.0,SF,True,False,0,ShADadFf,151,6839,298,224469,ssl,0
6591.089638,C9urWP2BW68f1xv8h7,10.0.2.15,60693,54.192.93.152,443,TLSv12,TLS_ECDHE_RSA_WITH_AES_128_GCM_SHA256,secp256r1,t.gmg.io,False,True,CsxuknGIti,"['3786d51674239c57194137a404d37cb6d2a6cf48e5bb0db7a004ad9d34409e36', 'f55f9ffcb83c73453261601c7e044db15a0f034b93c05830f28635ef889cf670', '87dcd4dc74640a322cd205552506d1be64f12596258096544986b4850bc72706', '28689b30e4c306aab53b027b29e36ad6dd1dcf4b953994482ca84bdc1ecac996']",[],1.0,0ffee3ba8e615ad22535e7f771690a28,76cc3e2d3028143b23ec18e27dbd7ca9,h2,,6590.205456,10.0.2.15,60693,54.192.93.152,443,tcp,251.55849800000036,1814.0,38993.0,SF,True,False,0,ShADadFf,41,3462,60,41397,ssl,0
6591.090574,Cyptg41LdLHMTHeQp9,10.0.2.15,60692,54.192.93.196,443,TLSv12,TLS_ECDHE_RSA_WITH_AES_128_GCM_SHA256,secp256r1,www.clickondetroit.com,False,True,CsxuknGIti,"['4e17792af7c01c0a380af2aae7704dca322a299c86ad7c37d196a8232813de92', 'f55f9ffcb83c73453261601c7e044db15a0f034b93c05830f28635ef889cf670', '87dcd4dc74640a322cd205552506d1be64f12596258096544986b4850bc72706', '28689b30e4c306aab53b027b29e36ad6dd1dcf4b953994482ca84bdc1ecac996']",[],1.0,0ffee3ba8e615ad22535e7f771690a28,76cc3e2d3028143b23ec18e27dbd7ca9,h2,,6590.199318,10.0.2.15,60692,54.192.93.196,443,tcp,11.636129000000436,850.0,31682.0,SF,True,False,0,ShADadFf,31,2098,49,33646,ssl,0
6591.09353,CqSbPE3CRWWQzBdtxd,10.0.2.15,60688,54.192.93.152,443,TLSv12,TLS_ECDHE_RSA_WITH_AES_128_GCM_SHA256,secp256r1,t.gmg.io,False,True,CsxuknGIti,"['3786d51674239c57194137a404d37cb6d2a6cf48e5bb0db7a004ad9d34409e36', 'f55f9ffcb83c73453261601c7e044db15a0f034b93c05830f28635ef889cf670', '87dcd4dc74640a322cd205552506d1be64f12596258096544986b4850bc72706', '28689b30e4c306aab53b027b29e36ad6dd1dcf4b953994482ca84bdc1ecac996']",[],1.0,0ffee3ba8e615ad22535e7f771690a28,76cc3e2d3028143b23ec18e27dbd7ca9,h2,,6590.169621,10.0.2.15,60688,54.192.93.152,443,tcp,12.331409000000347,790.0,10504.0,SF,True,False,0,ShADadFf,19,1558,27,11588,ssl,0
6591.106371,CE5zKp3hAFhrMZ6uKe,10.0.2.15,60687,54.192.93.196,443,TLSv12,TLS_ECDHE_RSA_WITH_AES_128_GCM_SHA256,secp256r1,www.clickondetroit.com,False,True,CsxuknGIti,"['4e17792af7c01c0a380af2aae7704dca322a299c86ad7c37d196a8232813de92', 'f55f9ffcb83c73453261601c7e044db15a0f034b93c05830f28635ef889cf670', '87dcd4dc74640a322cd205552506d1be64f12596258096544986b4850bc72706', '28689b30e4c306aab53b027b29e36ad6dd1dcf4b953994482ca84bdc1ecac996']",[],1.0,0ffee3ba8e615ad22535e7f771690a28,76cc3e2d3028143b23ec18e27dbd7ca9,h2,,6590.144191,10.0.2.15,60687,54.192.93.196,443,tcp,207.923468,1178.0,106369.0,SF,True,False,0,ShADadWFf,72,4066,143,112093,ssl,0
6591.091566,CRRx7l3zqKfMpSy3cf,10.0.2.15,60691,54.192.93.196,443,TLSv12,TLS_ECDHE_RSA_WITH_AES_128_GCM_SHA256,secp256r1,www.clickondetroit.com,False,True,CsxuknGIti,"['4e17792af7c01c0a380af2aae7704dca322a299c86ad7c37d196a8232813de92', 'f55f9ffcb83c73453261601c7e044db15a0f034b93c05830f28635ef889cf670', '87dcd4dc74640a322cd205552506d1be64f12596258096544986b4850bc72706', '28689b30e4c306aab53b027b29e36ad6dd1dcf4b953994482ca84bdc1ecac996']",[],1.0,0ffee3ba8e615ad22535e7f771690a28,76cc3e2d3028143b23ec18e27dbd7ca9,h2,,6590.175012,10.0.2.15,60691,54.192.93.196,443,tcp,11.940129000000525,854.0,13929.0,SF,True,False,0,ShADadFf,19,1622,26,14973,ssl,0
6595.589187,Ckrv0F4ga6SBxL35h4,10.0.2.15,60697,54.192.93.152,443,TLSv12,TLS_ECDHE_RSA_WITH_AES_128_GCM_SHA256,,t.gmg.io,True,True,CsiI,,,,1a5fe5677b0e4fbbc854e8908225637d,7bee5c1d424b7e5f943b06983bb11422,h2,,6593.735251,10.0.2.15,60697,54.192.93.152,443,tcp,3.066565999999511,808.0,253.0,SF,True,False,0,ShADadFf,12,1296,11,697,ssl,0
6603.007673,C9b3C3471bKIPryyOh,10.0.2.15,60702,151.101.112.143,443,TLSv12,TLS_ECDHE_RSA_WITH_AES_128_GCM_SHA256,secp256r1,t.sellpoints.com,False,True,CsxuknGIti,"['52fc1597547a52e9a880d37a1a04ee0f9860516731ec316dab3ba7d3641678c4', '74ef335e5e18788307fb9d89cb704bec112abd23487dbff41c4ded5070f241d9']",[],1.0,0ffee3ba8e615ad22535e7f771690a28,860fcf58fd757e26aa8911e5eaff6b53,http/1.1,,6602.484037,10.0.2.15,60702,151.101.112.143,443,tcp,2.84780899999987,319.0,5809.0,SF,True,False,0,ShADadFfRr,11,767,14,6373,ssl,0
6603.0087,Cxh1cn3mVlAJHwdU5,10.0.2.15,60708,151.101.112.143,443,TLSv12,TLS_ECDHE_RSA_WITH_AES_128_GCM_SHA256,secp256r1,t.sellpoints.com,False,True,CsxuknGIti,"['52fc1597547a52e9a880d37a1a04ee0f9860516731ec316dab3ba7d3641678c4', '74ef335e5e18788307fb9d89cb704bec112abd23487dbff41c4ded5070f241d9']",[],1.0,0ffee3ba8e615ad22535e7f771690a28,860fcf58fd757e26aa8911e5eaff6b53,http/1.1,,6602.491994,10.0.2.15,60708,151.101.112.143,443,tcp,2.810367000000042,319.0,5809.0,SF,True,False,0,ShADadFfRr,11,767,14,6373,ssl,0
6603.012702,CFsLzn3lVhxTXCioUe,10.0.2.15,60707,151.101.112.175,443,TLSv12,TLS_ECDHE_RSA_WITH_AES_128_GCM_SHA256,secp256r1,a.sellpoint.net,False,True,CsxuknGIti,"['08db83c9326d7da362a1d5b13d2c2eb3f30a9c28c65a16e8f0f5cbdfc0a6dc6d', '4b7334e1d8999822bafa8ff6888125389b18a4e5ab26ffa624c7f68fdc81f0cb']",[],1.0,0ffee3ba8e615ad22535e7f771690a28,860fcf58fd757e26aa8911e5eaff6b53,http/1.1,,6602.491166,10.0.2.15,60707,151.101.112.175,443,tcp,2.798794000000271,318.0,5742.0,RSTO,True,False,0,ShADadFR,10,726,12,6226,ssl,0
6603.014599,CGeJEJ3ufRo7JNWX5c,10.0.2.15,60706,151.101.112.143,443,TLSv12,TLS_ECDHE_RSA_WITH_AES_128_GCM_SHA256,secp256r1,t.sellpoints.com,False,True,CsxuknGIti,"['52fc1597547a52e9a880d37a1a04ee0f9860516731ec316dab3ba7d3641678c4', '74ef335e5e18788307fb9d89cb704bec112abd23487dbff41c4ded5070f241d9']",[],1.0,0ffee3ba8e615ad22535e7f771690a28,860fcf58fd757e26aa8911e5eaff6b53,http/1.1,,6602.490518,10.0.2.15,60706,151.101.112.143,443,tcp,2.79527600000074,319.0,5809.0,SF,True,False,0,ShADadFfRr,10,727,13,6333,ssl,0
6603.015962,CYYJNQ16SqRGcVymd5,10.0.2.15,60705,185.33.220.38,443,TLSv12,TLS_ECDHE_RSA_WITH_AES_256_GCM_SHA384,secp256r1,secure.adnxs.com,False,True,CsxuknGIti,"['5b081650e8034418a37504ce0820892be5a66474578207711eb688243fe1a8f2', '074541ecdf88ed992ed5ade3ecddef27a26ba1b44480a195c0a8dadae2521d8e']",[],1.0,0ffee3ba8e615ad22535e7f771690a28,d53e4608f956df65bb2b8a8c4d3b025d,,,6602.489959,10.0.2.15,60705,185.33.220.38,443,tcp,2.841791999999259,319.0,4867.0,SF,True,False,0,ShADadFf,9,687,11,5311,ssl,0
6603.017547,CpF0En4bl1KLCfubFc,10.0.2.15,60704,151.101.112.143,443,TLSv12,TLS_ECDHE_RSA_WITH_AES_128_GCM_SHA256,secp256r1,t.sellpoints.com,False,True,CsxuknGIti,"['52fc1597547a52e9a880d37a1a04ee0f9860516731ec316dab3ba7d3641678c4', '74ef335e5e18788307fb9d89cb704bec112abd23487dbff41c4ded5070f241d9']",[],1.0,0ffee3ba8e615ad22535e7f771690a28,860fcf58fd757e26aa8911e5eaff6b53,http/1.1,,6602.485434,10.0.2.15,60704,151.101.112.143,443,tcp,2.844081000000187,319.0,5809.0,RSTO,True,False,0,ShADadFR,9,687,10,6213,ssl,0
6603.018521,CGomwM2SLcVoqoK9V7,10.0.2.15,60703,151.101.112.143,443,TLSv12,TLS_ECDHE_RSA_WITH_AES_128_GCM_SHA256,secp256r1,t.sellpoints.com,False,True,CsxuknGIti,"['52fc1597547a52e9a880d37a1a04ee0f9860516731ec316dab3ba7d3641678c4', '74ef335e5e18788307fb9d89cb704bec112abd23487dbff41c4ded5070f241d9']",[],1.0,0ffee3ba8e615ad22535e7f771690a28,860fcf58fd757e26aa8911e5eaff6b53,http/1.1,,6602.48469,10.0.2.15,60703,151.101.112.143,443,tcp,128.00506099999984,919.0,6532.0,SF,True,False,0,ShADadTTFfRr,26,1979,29,7696,ssl,0
6607.5874,CYqUCmM9yVnVKIFhj,10.0.2.15,60712,54.192.93.117,443,TLSv12,TLS_ECDHE_RSA_WITH_AES_128_GCM_SHA256,secp256r1,cdn.viafoura.net,False,True,CsxuknGIti,"['f4a4175c9554bfa95722946b0fccfca0adc08e1171c4fcb91c8aee72e3ad4a7d', 'f55f9ffcb83c73453261601c7e044db15a0f034b93c05830f28635ef889cf670', '87dcd4dc74640a322cd205552506d1be64f12596258096544986b4850bc72706', '28689b30e4c306aab53b027b29e36ad6dd1dcf4b953994482ca84bdc1ecac996']",[],1.0,0ffee3ba8e615ad22535e7f771690a28,76cc3e2d3028143b23ec18e27dbd7ca9,h2,,6607.316389,10.0.2.15,60712,54.192.93.117,443,tcp,196.02910500000053,878.0,223773.0,SF,True,False,0,ShADadFf,87,4366,233,233097,ssl,0
6607.593326,CgHoAWNaRrOm7b4j2,10.0.2.15,60711,54.192.93.117,443,TLSv12,TLS_ECDHE_RSA_WITH_AES_128_GCM_SHA256,secp256r1,cdn.viafoura.net,False,True,CsxuknGIti,"['f4a4175c9554bfa95722946b0fccfca0adc08e1171c4fcb91c8aee72e3ad4a7d', 'f55f9ffcb83c73453261601c7e044db15a0f034b93c05830f28635ef889cf670', '87dcd4dc74640a322cd205552506d1be64f12596258096544986b4850bc72706', '28689b30e4c306aab53b027b29e36ad6dd1dcf4b953994482ca84bdc1ecac996']",[],1.0,0ffee3ba8e615ad22535e7f771690a28,76cc3e2d3028143b23ec18e27dbd7ca9,h2,,6607.312306,10.0.2.15,60711,54.192.93.117,443,tcp,3.115676999999777,559.0,5913.0,SF,True,False,0,ShADadFf,13,1087,14,6477,ssl,0
6608.378002,Cx4Do328BoOOtF1Ceg,10.0.2.15,60716,151.101.112.143,443,TLSv12,TLS_ECDHE_RSA_WITH_AES_128_GCM_SHA256,,t.sellpoints.com,True,True,CsiI,,,,1a5fe5677b0e4fbbc854e8908225637d,1d0e57c6ae42e9204defa51e5e1cdc4c,http/1.1,,6607.874775,10.0.2.15,60716,151.101.112.143,443,tcp,10.054905999999391,599.0,191.0,SF,True,False,0,ShADadFfRr,9,967,9,555,ssl,0
6613.031032,CwPnVp1Luxkaapebu,10.0.2.15,60722,54.192.93.94,443,TLSv12,TLS_ECDHE_RSA_WITH_AES_128_GCM_SHA256,secp256r1,media.clickondetroit.com,False,True,CsxknGIti,"['4e17792af7c01c0a380af2aae7704dca322a299c86ad7c37d196a8232813de92', 'f55f9ffcb83c73453261601c7e044db15a0f034b93c05830f28635ef889cf670', '87dcd4dc74640a322cd205552506d1be64f12596258096544986b4850bc72706', '28689b30e4c306aab53b027b29e36ad6dd1dcf4b953994482ca84bdc1ecac996']",[],1.0,0ffee3ba8e615ad22535e7f771690a28,b898351eb5e266aefd3723d466935494,h2,,6612.576174,10.0.2.15,60722,54.192.93.94,443,tcp,39.32379399999991,2137.0,320948.0,SF,True,False,0,ShADadWFf,113,6665,325,333952,ssl,0
6613.751312,Cj5f9bkuFdcIgewce,10.0.2.15,60723,54.192.93.94,443,TLSv12,TLS_ECDHE_RSA_WITH_AES_128_GCM_SHA256,secp256r1,media.clickondetroit.com,False,True,CsxuknGIti,"['4e17792af7c01c0a380af2aae7704dca322a299c86ad7c37d196a8232813de92', 'f55f9ffcb83c73453261601c7e044db15a0f034b93c05830f28635ef889cf670', '87dcd4dc74640a322cd205552506d1be64f12596258096544986b4850bc72706', '28689b30e4c306aab53b027b29e36ad6dd1dcf4b953994482ca84bdc1ecac996']",[],1.0,0ffee3ba8e615ad22535e7f771690a28,76cc3e2d3028143b23ec18e27dbd7ca9,h2,,6612.576675,10.0.2.15,60723,54.192.93.94,443,tcp,18.35197699999935,881.0,68244.0,SF,True,False,0,ShADadFf,43,2609,86,71688,ssl,0
6613.03419,CJCGPplExqcuzeCVk,10.0.2.15,60721,54.192.93.94,443,TLSv12,TLS_ECDHE_RSA_WITH_AES_128_GCM_SHA256,secp256r1,media.clickondetroit.com,False,True,CsxknGIti,"['4e17792af7c01c0a380af2aae7704dca322a299c86ad7c37d196a8232813de92', 'f55f9ffcb83c73453261601c7e044db15a0f034b93c05830f28635ef889cf670', '87dcd4dc74640a322cd205552506d1be64f12596258096544986b4850bc72706', '28689b30e4c306aab53b027b29e36ad6dd1dcf4b953994482ca84bdc1ecac996']",[],1.0,0ffee3ba8e615ad22535e7f771690a28,b898351eb5e266aefd3723d466935494,h2,,6612.575612,10.0.2.15,60721,54.192.93.94,443,tcp,17.85232900000028,847.0,49104.0,SF,True,False,0,ShADadFf,33,2175,63,51628,ssl,0
6613.736172,CDXLCX1zVbkRZv2dB5,10.0.2.15,60726,54.192.93.94,443,TLSv12,TLS_ECDHE_RSA_WITH_AES_128_GCM_SHA256,secp256r1,media.clickondetroit.com,False,True,CsxuknGIti,"['4e17792af7c01c0a380af2aae7704dca322a299c86ad7c37d196a8232813de92', 'f55f9ffcb83c73453261601c7e044db15a0f034b93c05830f28635ef889cf670', '87dcd4dc74640a322cd205552506d1be64f12596258096544986b4850bc72706', '28689b30e4c306aab53b027b29e36ad6dd1dcf4b953994482ca84bdc1ecac996']",[],1.0,0ffee3ba8e615ad22535e7f771690a28,76cc3e2d3028143b23ec18e27dbd7ca9,h2,,6612.579701,10.0.2.15,60726,54.192.93.94,443,tcp,20.161011000000144,844.0,372956.0,SF,True,False,0,ShADadtFf,114,5412,329,387540,ssl,0
6613.741874,C8boO9ZOod3sS8iGj,10.0.2.15,60725,54.192.93.94,443,TLSv12,TLS_ECDHE_RSA_WITH_AES_128_GCM_SHA256,secp256r1,media.clickondetroit.com,False,True,CsxuknGIti,"['4e17792af7c01c0a380af2aae7704dca322a299c86ad7c37d196a8232813de92', 'f55f9ffcb83c73453261601c7e044db15a0f034b93c05830f28635ef889cf670', '87dcd4dc74640a322cd205552506d1be64f12596258096544986b4850bc72706', '28689b30e4c306aab53b027b29e36ad6dd1dcf4b953994482ca84bdc1ecac996']",[],1.0,0ffee3ba8e615ad22535e7f771690a28,76cc3e2d3028143b23ec18e27dbd7ca9,h2,,6612.578053,10.0.2.15,60725,54.192.93.94,443,tcp,18.49317599999995,864.0,54288.0,SF,True,False,0,ShADadFf,37,2352,70,57092,ssl,0
6613.744804,CCTHbk4gYu2gmjhOx2,10.0.2.15,60724,54.192.93.94,443,TLSv12,TLS_ECDHE_RSA_WITH_AES_128_GCM_SHA256,secp256r1,media.clickondetroit.com,False,True,CsxuknGIti,"['4e17792af7c01c0a380af2aae7704dca322a299c86ad7c37d196a8232813de92', 'f55f9ffcb83c73453261601c7e044db15a0f034b93c05830f28635ef889cf670', '87dcd4dc74640a322cd205552506d1be64f12596258096544986b4850bc72706', '28689b30e4c306aab53b027b29e36ad6dd1dcf4b953994482ca84bdc1ecac996']",[],1.0,0ffee3ba8e615ad22535e7f771690a28,76cc3e2d3028143b23ec18e27dbd7ca9,h2,,6612.577259,10.0.2.15,60724,54.192.93.94,443,tcp,20.481410000000324,838.0,346019.0,SF,True,False,0,ShADadWFf,113,5366,330,359223,ssl,0
6614.52283,C5QIrb1hc2GoecnNOd,10.0.2.15,60727,54.192.93.196,443,TLSv12,TLS_ECDHE_RSA_WITH_AES_128_GCM_SHA256,secp256r1,www.clickondetroit.com,False,True,CsxuknGIti,"['4e17792af7c01c0a380af2aae7704dca322a299c86ad7c37d196a8232813de92', 'f55f9ffcb83c73453261601c7e044db15a0f034b93c05830f28635ef889cf670', '87dcd4dc74640a322cd205552506d1be64f12596258096544986b4850bc72706', '28689b30e4c306aab53b027b29e36ad6dd1dcf4b953994482ca84bdc1ecac996']",[],1.0,0ffee3ba8e615ad22535e7f771690a28,76cc3e2d3028143b23ec18e27dbd7ca9,h2,,6613.768876,10.0.2.15,60727,54.192.93.196,443,tcp,204.18324699999997,1446.0,181209.0,SF,True,False,0,ShADadFf,77,4534,193,188933,ssl,0
6624.670191,CSI6gn1pF9lA127CTg,10.0.2.15,60734,54.192.93.102,443,TLSv12,TLS_ECDHE_RSA_WITH_AES_128_GCM_SHA256,secp256r1,sharedmedia.grahamdigital.com,False,True,CsxuknGIti,"['d0a2a9c3efbf64e43776a40e84e456819bad7b85ebfba5141606f70cf3a58caa', 'f55f9ffcb83c73453261601c7e044db15a0f034b93c05830f28635ef889cf670', '87dcd4dc74640a322cd205552506d1be64f12596258096544986b4850bc72706', '28689b30e4c306aab53b027b29e36ad6dd1dcf4b953994482ca84bdc1ecac996']",[],1.0,0ffee3ba8e615ad22535e7f771690a28,76cc3e2d3028143b23ec18e27dbd7ca9,http/1.1,,6619.217051,10.0.2.15,60734,54.192.93.102,443,tcp,134.13892000000033,709.0,62014.0,SF,True,False,0,ShADadTTfF,41,2368,81,65258,ssl,0
6624.688264,CNZCnx3UB0Ee9Mlzm1,10.0.2.15,60733,54.192.93.102,443,TLSv12,TLS_ECDHE_RSA_WITH_AES_128_GCM_SHA256,secp256r1,sharedmedia.grahamdigital.com,False,True,CsxuknGIti,"['d0a2a9c3efbf64e43776a40e84e456819bad7b85ebfba5141606f70cf3a58caa', 'f55f9ffcb83c73453261601c7e044db15a0f034b93c05830f28635ef889cf670', '87dcd4dc74640a322cd205552506d1be64f12596258096544986b4850bc72706', '28689b30e4c306aab53b027b29e36ad6dd1dcf4b953994482ca84bdc1ecac996']",[],1.0,0ffee3ba8e615ad22535e7f771690a28,76cc3e2d3028143b23ec18e27dbd7ca9,http/1.1,,6619.216474,10.0.2.15,60733,54.192.93.102,443,tcp,134.13804700000037,729.0,89549.0,SF,True,False,0,ShADadTTfF,47,2628,101,93593,ssl,0
6623.490761,CJpIq73f2N2aSX8DOi,10.0.2.15,60729,54.192.93.102,443,TLSv12,TLS_ECDHE_RSA_WITH_AES_128_GCM_SHA256,secp256r1,sharedmedia.grahamdigital.com,False,True,CsxknGIti,"['d0a2a9c3efbf64e43776a40e84e456819bad7b85ebfba5141606f70cf3a58caa', 'f55f9ffcb83c73453261601c7e044db15a0f034b93c05830f28635ef889cf670', '87dcd4dc74640a322cd205552506d1be64f12596258096544986b4850bc72706', '28689b30e4c306aab53b027b29e36ad6dd1dcf4b953994482ca84bdc1ecac996']",[],1.0,0ffee3ba8e615ad22535e7f771690a28,b898351eb5e266aefd3723d466935494,http/1.1,,6617.303301,10.0.2.15,60729,54.192.93.102,443,tcp,136.91204600000037,717.0,66225.0,SF,True,False,0,ShADadTTfF,40,2336,82,69509,ssl,0
6623.49314,C0kgrC4YuQskRIhRl7,10.0.2.15,60728,54.192.93.102,443,TLSv12,TLS_ECDHE_RSA_WITH_AES_128_GCM_SHA256,secp256r1,sharedmedia.grahamdigital.com,False,True,CsxuknGIti,"['d0a2a9c3efbf64e43776a40e84e456819bad7b85ebfba5141606f70cf3a58caa', 'f55f9ffcb83c73453261601c7e044db15a0f034b93c05830f28635ef889cf670', '87dcd4dc74640a322cd205552506d1be64f12596258096544986b4850bc72706', '28689b30e4c306aab53b027b29e36ad6dd1dcf4b953994482ca84bdc1ecac996']",[],1.0,0ffee3ba8e615ad22535e7f771690a28,76cc3e2d3028143b23ec18e27dbd7ca9,http/1.1,,6617.295524,10.0.2.15,60728,54.192.93.102,443,tcp,136.05785300000025,750.0,65359.0,SF,True,False,0,ShADadTTfF,44,2529,86,68803,ssl,0
6624.744908,C6jbsO2kd9WTmJOgT,10.0.2.15,60732,54.192.93.102,443,TLSv12,TLS_ECDHE_RSA_WITH_AES_128_GCM_SHA256,secp256r1,sharedmedia.grahamdigital.com,False,True,CsxknGIti,"['d0a2a9c3efbf64e43776a40e84e456819bad7b85ebfba5141606f70cf3a58caa', 'f55f9ffcb83c73453261601c7e044db15a0f034b93c05830f28635ef889cf670', '87dcd4dc74640a322cd205552506d1be64f12596258096544986b4850bc72706', '28689b30e4c306aab53b027b29e36ad6dd1dcf4b953994482ca84bdc1ecac996']",[],1.0,0ffee3ba8e615ad22535e7f771690a28,b898351eb5e266aefd3723d466935494,http/1.1,,6619.216053,10.0.2.15,60732,54.192.93.102,443,tcp,23.97841799999969,363.0,5272.0,SF,True,False,0,ShADadTFf,11,812,12,5756,ssl,0
6624.752908,CD10gw1n9I4kTRbXB8,10.0.2.15,60740,93.184.220.141,443,TLSv12,TLS_ECDHE_RSA_WITH_AES_128_GCM_SHA256,secp256r1,cdn.loginradius.com,False,True,CsxuknGIti,"['5b88928293bdac9ccab66f84231d61d6c4ae964264d9a8405a93b9e6e4220211', '19400be5b7a31fb733917700789d2f0a2471c0c9d506c0e504c06c16d7cb17c0', '7431e5f4c3c1ce4690774f0b61e05440883ba9a01ed00ba6abd7806ed3b118cf']",[],1.0,0ffee3ba8e615ad22535e7f771690a28,49b45fc1ab090aa3a159778313fc9b9e,h2,,6619.241807,10.0.2.15,60740,93.184.220.141,443,tcp,193.9068669999997,910.0,6585.0,SF,True,False,0,ShADadfF,19,1678,22,7469,ssl,0
6624.756335,C8jLk34IPEwszpKAq1,10.0.2.15,60739,54.192.93.37,443,TLSv12,TLS_ECDHE_RSA_WITH_AES_128_GCM_SHA256,secp256r1,tomahawk.grahamdigital.com,False,True,CsxuknGIti,"['a2540ff6d34ad3bbbeb7df418fcd9c308092640b67c358840e9db866864cf7f3', 'f55f9ffcb83c73453261601c7e044db15a0f034b93c05830f28635ef889cf670', '87dcd4dc74640a322cd205552506d1be64f12596258096544986b4850bc72706', '28689b30e4c306aab53b027b29e36ad6dd1dcf4b953994482ca84bdc1ecac996']",[],1.0,0ffee3ba8e615ad22535e7f771690a28,76cc3e2d3028143b23ec18e27dbd7ca9,h2,,6619.229258,10.0.2.15,60739,54.192.93.37,443,tcp,206.2899779999998,1004.0,7948.0,SF,True,False,0,ShADadFf,23,1932,25,8952,ssl,0
6624.760782,C9SXjA3PUfDB3ogzCh,10.0.2.15,60738,54.192.93.37,443,TLSv12,TLS_ECDHE_RSA_WITH_AES_128_GCM_SHA256,secp256r1,tomahawk.grahamdigital.com,False,True,CsxuknGIti,"['a2540ff6d34ad3bbbeb7df418fcd9c308092640b67c358840e9db866864cf7f3', 'f55f9ffcb83c73453261601c7e044db15a0f034b93c05830f28635ef889cf670', '87dcd4dc74640a322cd205552506d1be64f12596258096544986b4850bc72706', '28689b30e4c306aab53b027b29e36ad6dd1dcf4b953994482ca84bdc1ecac996']",[],1.0,0ffee3ba8e615ad22535e7f771690a28,76cc3e2d3028143b23ec18e27dbd7ca9,h2,,6619.228682,10.0.2.15,60738,54.192.93.37,443,tcp,25.62940700000036,863.0,12146.0,SF,True,False,0,ShADadFf,20,1671,24,13110,ssl,0
6624.764467,CcpDhh37AVQfhd2j07,10.0.2.15,60737,54.192.93.37,443,TLSv12,TLS_ECDHE_RSA_WITH_AES_128_GCM_SHA256,secp256r1,tomahawk.grahamdigital.com,False,True,CsxuknGIti,"['a2540ff6d34ad3bbbeb7df418fcd9c308092640b67c358840e9db866864cf7f3', 'f55f9ffcb83c73453261601c7e044db15a0f034b93c05830f28635ef889cf670', '87dcd4dc74640a322cd205552506d1be64f12596258096544986b4850bc72706', '28689b30e4c306aab53b027b29e36ad6dd1dcf4b953994482ca84bdc1ecac996']",[],1.0,0ffee3ba8e615ad22535e7f771690a28,76cc3e2d3028143b23ec18e27dbd7ca9,h2,,6619.227796,10.0.2.15,60737,54.192.93.37,443,tcp,26.625186000000213,863.0,27350.0,SF,True,False,0,ShADadFf,30,2071,37,28834,ssl,0
6624.769503,CoHKJk2ocvsxF3MVUd,10.0.2.15,60736,54.192.93.198,443,TLSv12,TLS_ECDHE_RSA_WITH_AES_128_GCM_SHA256,secp256r1,shared-cf-resources.grahamdigital.com,False,True,CsxuknGIti,"['a2540ff6d34ad3bbbeb7df418fcd9c308092640b67c358840e9db866864cf7f3', 'f55f9ffcb83c73453261601c7e044db15a0f034b93c05830f28635ef889cf670', '87dcd4dc74640a322cd205552506d1be64f12596258096544986b4850bc72706', '28689b30e4c306aab53b027b29e36ad6dd1dcf4b953994482ca84bdc1ecac996']",[],1.0,0ffee3ba8e615ad22535e7f771690a28,76cc3e2d3028143b23ec18e27dbd7ca9,h2,,6619.222531,10.0.2.15,60736,54.192.93.198,443,tcp,205.9967659999993,975.0,53133.0,SF,True,False,0,ShADadFf,39,2543,64,55697,ssl,0
6624.77573,CZqVZh2R6HQgMeOGWe,10.0.2.15,60735,54.192.93.102,443,TLSv12,TLS_ECDHE_RSA_WITH_AES_128_GCM_SHA256,secp256r1,sharedmedia.grahamdigital.com,False,True,CsxuknGIti,"['d0a2a9c3efbf64e43776a40e84e456819bad7b85ebfba5141606f70cf3a58caa', 'f55f9ffcb83c73453261601c7e044db15a0f034b93c05830f28635ef889cf670', '87dcd4dc74640a322cd205552506d1be64f12596258096544986b4850bc72706', '28689b30e4c306aab53b027b29e36ad6dd1dcf4b953994482ca84bdc1ecac996']",[],1.0,0ffee3ba8e615ad22535e7f771690a28,76cc3e2d3028143b23ec18e27dbd7ca9,http/1.1,,6619.218177,10.0.2.15,60735,54.192.93.102,443,tcp,22.15342599999985,363.0,5760.0,SF,True,False,0,ShADadTFf,12,852,12,6244,ssl,0
6628.781691,CdGwjK2vngcrBIcbf8,10.0.2.15,60748,93.184.220.141,443,TLSv12,TLS_ECDHE_RSA_WITH_AES_128_GCM_SHA256,secp256r1,cdn.loginradius.com,False,True,CsxuknGIti,"['5b88928293bdac9ccab66f84231d61d6c4ae964264d9a8405a93b9e6e4220211', '19400be5b7a31fb733917700789d2f0a2471c0c9d506c0e504c06c16d7cb17c0', '7431e5f4c3c1ce4690774f0b61e05440883ba9a01ed00ba6abd7806ed3b118cf']",[],1.0,0ffee3ba8e615ad22535e7f771690a28,49b45fc1ab090aa3a159778313fc9b9e,h2,,6627.96651,10.0.2.15,60748,93.184.220.141,443,tcp,19.9072129999995,825.0,6318.0,SF,True,False,0,ShADadfF,14,1393,17,7002,ssl,0
6635.352616,Cp5llR10r5y8208NHj,10.0.2.15,60753,95.101.241.152,443,TLSv12,TLS_ECDHE_ECDSA_WITH_AES_256_GCM_SHA384,secp256r1,webwidgets.wsi.com,False,True,CsxuknGIti,"['0dda08f461db92489b256b9e97123bd25e7c67b448c79369e844b2c9c4e7e309', '2e2861289b5ccedecae4c31bf262e0fb0c29b6c1530573442731ca65d821e901']",[],1.0,0ffee3ba8e615ad22535e7f771690a28,2cba4988cee12fb77485df2186d14685,http/1.1,,6633.139967,10.0.2.15,60753,95.101.241.152,443,tcp,14.21225400000003,867.0,46863.0,RSTR,True,False,0,ShADadTFRr,29,2036,53,48987,ssl,0
6647.251881,CeR3Fw3ATMnqdC3l3l,10.0.2.15,60760,172.217.23.238,443,TLSv12,TLS_ECDHE_ECDSA_WITH_AES_128_GCM_SHA256,,encrypted-tbn3.gstatic.com,True,True,CsiI,,,,1a5fe5677b0e4fbbc854e8908225637d,c23237dbea656869600e48dfbd00ab7b,h2,,6646.138869,10.0.2.15,60760,172.217.23.238,443,tcp,196.29325100000003,1317.0,8377.0,SF,True,False,0,ShADadFf,22,2205,26,9421,ssl,0
6647.253759,C6drRDuETH9LsWeQ5,10.0.2.15,60759,172.217.23.238,443,TLSv12,TLS_ECDHE_ECDSA_WITH_AES_128_GCM_SHA256,,encrypted-tbn0.gstatic.com,True,True,CsiI,,,,1a5fe5677b0e4fbbc854e8908225637d,c23237dbea656869600e48dfbd00ab7b,h2,,6646.136967,10.0.2.15,60759,172.217.23.238,443,tcp,196.72966799999995,1596.0,39393.0,SF,True,False,0,ShADadFf,35,3004,56,41637,ssl,0
6647.264012,CNQTO94G6yqi6WWEP2,10.0.2.15,60755,172.217.23.225,443,TLSv12,TLS_ECDHE_RSA_WITH_AES_128_GCM_SHA256,,tpc.googlesyndication.com,True,True,CsiI,,,,1a5fe5677b0e4fbbc854e8908225637d,67619a80665d7ab92d1041b1d11f9164,h2,,6646.131979,10.0.2.15,60755,172.217.23.225,443,tcp,280.7493620000005,1521.0,120776.0,SF,True,False,0,ShADadFf,49,3489,125,125780,ssl,0
6647.260396,CoZ5KfffZOO4Da3tg,10.0.2.15,60757,172.217.23.227,443,TLSv12,TLS_ECDHE_ECDSA_WITH_AES_128_GCM_SHA256,,www.gstatic.com,True,True,CsiI,,,,1a5fe5677b0e4fbbc854e8908225637d,c23237dbea656869600e48dfbd00ab7b,h2,,6646.135112,10.0.2.15,60757,172.217.23.227,443,tcp,195.93121400000015,984.0,430.0,SF,True,False,0,ShADadFf,18,1712,18,1154,ssl,0
6647.255094,CU6DM11gFyFhQRbCU9,10.0.2.15,60758,172.217.23.194,443,TLSv12,TLS_ECDHE_RSA_WITH_AES_128_GCM_SHA256,x25519,cm.g.doubleclick.net,False,True,CsxknGIti,"['a32ffddd76f9e7debbfc9a37b38d2ef86039b30a10d7c45ab8223d149cf99699', '9f630426df1d8abfd80ace98871ba833ab9742cb34838de2b5285ed54c0c7dcc', '3c35cc963eb004451323d3275d05b353235053490d9cd83729a2faf5e7ca1cc0']",[],1.0,0ffee3ba8e615ad22535e7f771690a28,ab41313cfec25328b20865eb1388e0a2,h2,,6646.135501,10.0.2.15,60758,172.217.23.194,443,tcp,5.409929000000375,290.0,4047.0,RSTO,True,False,0,ShADadR,8,618,8,4371,ssl,0
6647.263181,CLA7C11Q9iCxngvIp2,10.0.2.15,60756,216.58.201.66,443,TLSv12,TLS_ECDHE_RSA_WITH_AES_128_GCM_SHA256,x25519,adx.g.doubleclick.net,False,True,CsxknGIti,"['a32ffddd76f9e7debbfc9a37b38d2ef86039b30a10d7c45ab8223d149cf99699', '9f630426df1d8abfd80ace98871ba833ab9742cb34838de2b5285ed54c0c7dcc', '3c35cc963eb004451323d3275d05b353235053490d9cd83729a2faf5e7ca1cc0']",[],1.0,0ffee3ba8e615ad22535e7f771690a28,ab41313cfec25328b20865eb1388e0a2,h2,,6646.134065,10.0.2.15,60756,216.58.201.66,443,tcp,5.409676999999647,291.0,4047.0,RSTO,True,False,0,ShADadR,9,659,10,4451,ssl,0
6651.556829,CFNIeZ3CeoUx8VkKCd,10.0.2.15,60761,216.58.201.66,443,TLSv12,TLS_ECDHE_RSA_WITH_AES_128_GCM_SHA256,x25519,adx.g.doubleclick.net,False,True,CsxknGIti,"['a32ffddd76f9e7debbfc9a37b38d2ef86039b30a10d7c45ab8223d149cf99699', '9f630426df1d8abfd80ace98871ba833ab9742cb34838de2b5285ed54c0c7dcc', '3c35cc963eb004451323d3275d05b353235053490d9cd83729a2faf5e7ca1cc0']",[],1.0,0ffee3ba8e615ad22535e7f771690a28,ab41313cfec25328b20865eb1388e0a2,h2,,6647.542445,10.0.2.15,60761,216.58.201.66,443,tcp,278.97443699999985,2622.0,4931.0,SF,True,False,0,ShADadFf,29,3790,33,6255,ssl,0
6651.489172,CwTlnW39BBsv3UKkdb,10.0.2.15,60767,54.192.93.117,443,TLSv12,TLS_ECDHE_RSA_WITH_AES_128_GCM_SHA256,secp256r1,appfeeds.grahamdigital.com,False,False,Csxukn,"['425f01472a40a5d02eff3132d0162790bb08300bcd0867e149a0b1be244c0ee6', 'f55f9ffcb83c73453261601c7e044db15a0f034b93c05830f28635ef889cf670', '87dcd4dc74640a322cd205552506d1be64f12596258096544986b4850bc72706', '28689b30e4c306aab53b027b29e36ad6dd1dcf4b953994482ca84bdc1ecac996']",[],1.0,0ffee3ba8e615ad22535e7f771690a28,76cc3e2d3028143b23ec18e27dbd7ca9,http/1.1,,6649.313957,10.0.2.15,60767,54.192.93.117,443,tcp,2.227640999999494,203.0,5482.0,RSTO,True,False,0,ShADadR,6,451,6,5726,ssl,0
6651.490891,C4IqUYQejE593nu3f,10.0.2.15,60766,54.192.93.117,443,TLSv12,TLS_ECDHE_RSA_WITH_AES_128_GCM_SHA256,,appfeeds.grahamdigital.com,False,False,Cs,,,,0ffee3ba8e615ad22535e7f771690a28,76cc3e2d3028143b23ec18e27dbd7ca9,http/1.1,,6649.309347,10.0.2.15,60766,54.192.93.117,443,tcp,2.284909999999399,203.0,2840.0,RSTR,True,False,0,ShADaFdRr,6,451,6,3084,ssl,0
6651.492203,CCCZcX0YJxm9tTcM6,10.0.2.15,60765,54.192.93.117,443,TLSv12,TLS_ECDHE_RSA_WITH_AES_128_GCM_SHA256,,appfeeds.grahamdigital.com,False,False,Cs,,,,0ffee3ba8e615ad22535e7f771690a28,76cc3e2d3028143b23ec18e27dbd7ca9,http/1.1,,6649.306133,10.0.2.15,60765,54.192.93.117,443,tcp,2.298020999999607,203.0,2840.0,RSTR,True,False,0,ShADaFdRr,6,451,6,3084,ssl,0
6651.492925,CCLng93HMgneQnUixh,10.0.2.15,60764,54.192.93.117,443,TLSv12,TLS_ECDHE_RSA_WITH_AES_128_GCM_SHA256,,appfeeds.grahamdigital.com,False,False,Cs,,,,0ffee3ba8e615ad22535e7f771690a28,76cc3e2d3028143b23ec18e27dbd7ca9,http/1.1,,6649.297556,10.0.2.15,60764,54.192.93.117,443,tcp,2.308892999999443,203.0,1460.0,RSTR,True,False,0,ShADaFdRr,6,451,6,1704,ssl,0
6651.495432,CBiAwU3CwHhVfm3nle,10.0.2.15,60763,54.192.93.117,443,TLSv12,TLS_ECDHE_RSA_WITH_AES_128_GCM_SHA256,,appfeeds.grahamdigital.com,False,False,Cs,,,,0ffee3ba8e615ad22535e7f771690a28,76cc3e2d3028143b23ec18e27dbd7ca9,http/1.1,,6649.297104,10.0.2.15,60763,54.192.93.117,443,tcp,2.340850999999929,203.0,1460.0,RSTR,True,False,0,ShADaFdRr,6,451,6,1704,ssl,0
6651.498555,ChBVqX3wsLklYKa6ci,10.0.2.15,60762,54.192.93.117,443,TLSv12,TLS_ECDHE_RSA_WITH_AES_128_GCM_SHA256,,appfeeds.grahamdigital.com,False,False,Cs,,,,0ffee3ba8e615ad22535e7f771690a28,76cc3e2d3028143b23ec18e27dbd7ca9,http/1.1,,6649.29472,10.0.2.15,60762,54.192.93.117,443,tcp,2.346387000000504,203.0,2880.0,RSTR,True,False,0,ShADaFdRr,7,491,8,3204,ssl,0
6661.448482,CpQ0Y92dkgVtzOJFhg,10.0.2.15,60769,54.192.93.254,443,TLSv12,TLS_ECDHE_RSA_WITH_AES_128_GCM_SHA256,secp256r1,media.click2houston.com,False,True,CsxuknGIti,"['0fb977cd186af35e5da68e73607c021dcea375f2c2c853084f2d371282ca57e3', 'f55f9ffcb83c73453261601c7e044db15a0f034b93c05830f28635ef889cf670', '87dcd4dc74640a322cd205552506d1be64f12596258096544986b4850bc72706', '28689b30e4c306aab53b027b29e36ad6dd1dcf4b953994482ca84bdc1ecac996']",[],1.0,0ffee3ba8e615ad22535e7f771690a28,76cc3e2d3028143b23ec18e27dbd7ca9,h2,,6661.128643,10.0.2.15,60769,54.192.93.254,443,tcp,192.93001000000004,967.0,12832.0,SF,True,False,0,ShADadFf,22,1855,28,13956,ssl,0
6661.45139,C679Ub3S5vU2IAxugh,10.0.2.15,60768,54.192.93.254,443,TLSv12,TLS_ECDHE_RSA_WITH_AES_128_GCM_SHA256,secp256r1,media.click2houston.com,False,True,CsxuknGIti,"['0fb977cd186af35e5da68e73607c021dcea375f2c2c853084f2d371282ca57e3', 'f55f9ffcb83c73453261601c7e044db15a0f034b93c05830f28635ef889cf670', '87dcd4dc74640a322cd205552506d1be64f12596258096544986b4850bc72706', '28689b30e4c306aab53b027b29e36ad6dd1dcf4b953994482ca84bdc1ecac996']",[],1.0,0ffee3ba8e615ad22535e7f771690a28,76cc3e2d3028143b23ec18e27dbd7ca9,h2,,6661.126476,10.0.2.15,60768,54.192.93.254,443,tcp,5.016005999999834,828.0,9823.0,SF,True,False,0,ShADadFf,16,1476,20,10627,ssl,0
6662.409272,CBF3ILGnYLHKx22Z6,10.0.2.15,60772,54.192.93.252,443,TLSv12,TLS_ECDHE_RSA_WITH_AES_128_GCM_SHA256,secp256r1,media.clickondetroit.com,False,True,CsxuknGIti,"['4e17792af7c01c0a380af2aae7704dca322a299c86ad7c37d196a8232813de92', 'f55f9ffcb83c73453261601c7e044db15a0f034b93c05830f28635ef889cf670', '87dcd4dc74640a322cd205552506d1be64f12596258096544986b4850bc72706', '28689b30e4c306aab53b027b29e36ad6dd1dcf4b953994482ca84bdc1ecac996']",[],1.0,0ffee3ba8e615ad22535e7f771690a28,76cc3e2d3028143b23ec18e27dbd7ca9,h2,,6661.46492,10.0.2.15,60772,54.192.93.252,443,tcp,195.6443999999992,1072.0,453327.0,SF,True,False,0,ShADadWFf,159,7440,451,471371,ssl,0
6701.673217,Cm6VQM37OdDYvol6ag,10.0.2.15,60831,172.217.23.227,443,TLSv12,TLS_ECDHE_ECDSA_WITH_AES_128_GCM_SHA256,,fonts.gstatic.com,True,True,CsiI,,,,1a5fe5677b0e4fbbc854e8908225637d,c23237dbea656869600e48dfbd00ab7b,h2,,6696.701867,10.0.2.15,60831,172.217.23.227,443,tcp,200.63948299999996,1355.0,21062.0,SF,True,False,0,ShADadFf,35,2771,49,23026,ssl,0
6695.790354,CcDioI3yT2sxuyvUag,10.0.2.15,60806,54.192.93.103,443,TLSv12,TLS_ECDHE_RSA_WITH_AES_128_GCM_SHA256,secp256r1,art19.com,False,True,CsxuknGIti,"['d7061c4431f0151fd478f95edf33b64013d4449f24bd9e87b9b6f33c19f68b13', 'f55f9ffcb83c73453261601c7e044db15a0f034b93c05830f28635ef889cf670', '87dcd4dc74640a322cd205552506d1be64f12596258096544986b4850bc72706', '28689b30e4c306aab53b027b29e36ad6dd1dcf4b953994482ca84bdc1ecac996']",[],1.0,0ffee3ba8e615ad22535e7f771690a28,76cc3e2d3028143b23ec18e27dbd7ca9,h2,,6691.61583,10.0.2.15,60806,54.192.93.103,443,tcp,217.21025400000053,1016.0,12848.0,SF,True,False,0,ShADaTdFf,27,2105,33,14172,ssl,0
6695.456361,CO9lyZD1B0ftkPJs6,10.0.2.15,60810,172.217.23.227,443,,,,fonts.gstatic.com,False,False,C,,,,1a5fe5677b0e4fbbc854e8908225637d,,,,6691.618808,10.0.2.15,60810,172.217.23.227,443,tcp,17.43655899999976,517.0,0.0,SF,True,False,0,ShADaTfF,6,766,5,204,ssl,0
6695.455104,CHjWoyoIxYShcxQak,10.0.2.15,60811,172.217.23.227,443,,,,fonts.gstatic.com,False,False,C,,,,1a5fe5677b0e4fbbc854e8908225637d,,,,6691.623265,10.0.2.15,60811,172.217.23.227,443,tcp,17.43255599999975,517.0,0.0,SF,True,False,0,ShADaTfF,6,766,5,204,ssl,0
6695.106216,CKauAFVSD53ptN0od,10.0.2.15,60815,172.217.23.226,443,,,,securepubads.g.doubleclick.net,False,False,C,,,,1a5fe5677b0e4fbbc854e8908225637d,,,,6691.632383,10.0.2.15,60815,172.217.23.226,443,tcp,17.423821999999745,517.0,0.0,SF,True,False,0,ShADaTfF,6,766,5,204,ssl,0
6729.308111,CLRusY1wIWYT3Guog4,10.0.2.15,60841,172.217.23.226,443,TLSv12,TLS_ECDHE_RSA_WITH_AES_128_GCM_SHA256,,securepubads.g.doubleclick.net,True,True,CsiI,,,,1a5fe5677b0e4fbbc854e8908225637d,67619a80665d7ab92d1041b1d11f9164,h2,,6728.336008,10.0.2.15,60841,172.217.23.226,443,tcp,320.949799,11371.0,138913.0,SF,True,False,0,ShADadFf,85,14779,175,145917,ssl,0
6738.501678,CKHbCKmPyvJA98ug8,10.0.2.15,60860,54.192.93.225,443,TLSv12,TLS_ECDHE_RSA_WITH_AES_128_GCM_SHA256,secp256r1,d2nx6ydw3e5y5d.cloudfront.net,False,True,CsxuknGIti,"['90c0937808b31877df6c4a5c743c99325d974624be3735faa5078cf73d4fd205', 'eae72eb454bf6c3977ebd289e970b2f5282949190093d0d26f98d0f0d6a9cf17']",[],1.0,0ffee3ba8e615ad22535e7f771690a28,76cc3e2d3028143b23ec18e27dbd7ca9,h2,,6737.964452,10.0.2.15,60860,54.192.93.225,443,tcp,200.20228899999984,1309.0,116599.0,SF,True,False,0,ShADadFf,59,3677,132,121883,ssl,0
6738.514549,CIhk7K3RbAwJnTJbS9,10.0.2.15,60863,54.192.93.225,443,TLSv12,TLS_ECDHE_RSA_WITH_AES_128_GCM_SHA256,secp256r1,d2nx6ydw3e5y5d.cloudfront.net,False,True,CsxuknGIti,"['90c0937808b31877df6c4a5c743c99325d974624be3735faa5078cf73d4fd205', 'eae72eb454bf6c3977ebd289e970b2f5282949190093d0d26f98d0f0d6a9cf17']",[],1.0,0ffee3ba8e615ad22535e7f771690a28,76cc3e2d3028143b23ec18e27dbd7ca9,h2,,6737.968367,10.0.2.15,60863,54.192.93.225,443,tcp,10.649365999999644,850.0,5635.0,SF,True,False,0,ShADadFf,15,1458,19,6399,ssl,0
6738.519229,CTAYsWlBKzYhJT49,10.0.2.15,60862,54.192.93.225,443,TLSv12,TLS_ECDHE_RSA_WITH_AES_128_GCM_SHA256,secp256r1,d2nx6ydw3e5y5d.cloudfront.net,False,True,CsxuknGIti,"['90c0937808b31877df6c4a5c743c99325d974624be3735faa5078cf73d4fd205', 'eae72eb454bf6c3977ebd289e970b2f5282949190093d0d26f98d0f0d6a9cf17']",[],1.0,0ffee3ba8e615ad22535e7f771690a28,76cc3e2d3028143b23ec18e27dbd7ca9,h2,,6737.967261,10.0.2.15,60862,54.192.93.225,443,tcp,3.427851999999802,572.0,5300.0,SF,True,False,0,ShADadFf,12,1060,15,5904,ssl,0
6738.52491,C8M5Pj3prmC7qHjnDb,10.0.2.15,60861,54.192.93.225,443,TLSv12,TLS_ECDHE_RSA_WITH_AES_128_GCM_SHA256,secp256r1,d2nx6ydw3e5y5d.cloudfront.net,False,True,CsxuknGIti,"['90c0937808b31877df6c4a5c743c99325d974624be3735faa5078cf73d4fd205', 'eae72eb454bf6c3977ebd289e970b2f5282949190093d0d26f98d0f0d6a9cf17']",[],1.0,0ffee3ba8e615ad22535e7f771690a28,76cc3e2d3028143b23ec18e27dbd7ca9,h2,,6737.965006,10.0.2.15,60861,54.192.93.225,443,tcp,3.423914999999397,572.0,5300.0,SF,True,False,0,ShADadFf,12,1060,14,5864,ssl,0
6739.123772,Cdmhhk3IP3Z4vYQJz,10.0.2.15,60865,172.217.23.194,443,TLSv12,TLS_ECDHE_RSA_WITH_AES_128_GCM_SHA256,x25519,cm.g.doubleclick.net,False,True,CsxknGIti,"['a32ffddd76f9e7debbfc9a37b38d2ef86039b30a10d7c45ab8223d149cf99699', '9f630426df1d8abfd80ace98871ba833ab9742cb34838de2b5285ed54c0c7dcc', '3c35cc963eb004451323d3275d05b353235053490d9cd83729a2faf5e7ca1cc0']",[],1.0,0ffee3ba8e615ad22535e7f771690a28,ab41313cfec25328b20865eb1388e0a2,h2,,6738.545284,10.0.2.15,60865,172.217.23.194,443,tcp,206.55413300000052,1666.0,5414.0,SF,True,False,0,ShADadTFf,29,2835,32,6698,ssl,0
6745.336196,CjiG7735cm2k61ZMk7,10.0.2.15,60876,152.163.56.2,443,TLSv12,TLS_RSA_WITH_AES_128_CBC_SHA,,ums.adtechus.com,False,True,CsxnGIi,"['7b2c77faa1292406517208a89d1914155f3b7d6323c20c805f51a4f07b5e97b3', '19400be5b7a31fb733917700789d2f0a2471c0c9d506c0e504c06c16d7cb17c0']",[],1.0,0ffee3ba8e615ad22535e7f771690a28,5397c414a9ebeaff1bf18b70ca22eaa0,,,6744.845876,10.0.2.15,60876,152.163.56.2,443,tcp,24.69221099999959,1020.0,3633.0,SF,True,False,0,ShADadTfF,12,1509,13,4157,ssl,0
6753.336032,Cvpymp1Arfg3KLh0nh,10.0.2.15,60883,46.228.164.13,443,TLSv12,TLS_RSA_WITH_AES_128_CBC_SHA,,d.turn.com,False,True,CsxnGIti,"['331de231c71d6e7597ac717a3ade18b10f51eea0ce4b3c9c75144a7b5ce9e2cf', '154c433c491929c5ef686e838e323664a00e6a0d822ccc958fb4dab03e49a08f']",[],1.0,1a5fe5677b0e4fbbc854e8908225637d,7224c92f21d262b619e105efd1055cf7,,,6752.350092,10.0.2.15,60883,46.228.164.13,443,tcp,9.96574899999996,1328.0,3407.0,SF,True,False,0,ShADadfF,10,1736,11,3851,ssl,0
6758.375665,CdwcLj37soA7zgBIR2,10.0.2.15,60896,54.192.93.118,443,TLSv12,TLS_ECDHE_RSA_WITH_AES_128_GCM_SHA256,secp256r1,web-player.art19.com,False,True,CsxuknGIti,"['0d1bd8b9736bfceb8c6421afbb64d54d593b4a891f861646424a120b64363d31', 'f55f9ffcb83c73453261601c7e044db15a0f034b93c05830f28635ef889cf670', '87dcd4dc74640a322cd205552506d1be64f12596258096544986b4850bc72706', '28689b30e4c306aab53b027b29e36ad6dd1dcf4b953994482ca84bdc1ecac996']",[],1.0,0ffee3ba8e615ad22535e7f771690a28,76cc3e2d3028143b23ec18e27dbd7ca9,h2,,6757.350779,10.0.2.15,60896,54.192.93.118,443,tcp,192.80822499999977,1123.0,16370.0,SF,True,False,0,ShADadFf,25,2131,34,17734,ssl,0
6758.377633,C8zAqSc4L2wh5NH6,10.0.2.15,60895,54.192.93.125,443,TLSv12,TLS_ECDHE_RSA_WITH_AES_128_GCM_SHA256,secp256r1,rss.art19.com,False,True,CsxuknGIti,"['d7061c4431f0151fd478f95edf33b64013d4449f24bd9e87b9b6f33c19f68b13', 'f55f9ffcb83c73453261601c7e044db15a0f034b93c05830f28635ef889cf670', '87dcd4dc74640a322cd205552506d1be64f12596258096544986b4850bc72706', '28689b30e4c306aab53b027b29e36ad6dd1dcf4b953994482ca84bdc1ecac996']",[],1.0,0ffee3ba8e615ad22535e7f771690a28,76cc3e2d3028143b23ec18e27dbd7ca9,h2,,6757.34475,10.0.2.15,60895,54.192.93.125,443,tcp,199.84577399999944,1149.0,9997.0,SF,True,False,0,ShADadFf,24,2117,28,11121,ssl,0
6758.379677,C07habFItvqE712of,10.0.2.15,60894,54.192.93.118,443,TLSv12,TLS_ECDHE_RSA_WITH_AES_128_GCM_SHA256,secp256r1,web-player.art19.com,False,True,CsxuknGIti,"['0d1bd8b9736bfceb8c6421afbb64d54d593b4a891f861646424a120b64363d31', 'f55f9ffcb83c73453261601c7e044db15a0f034b93c05830f28635ef889cf670', '87dcd4dc74640a322cd205552506d1be64f12596258096544986b4850bc72706', '28689b30e4c306aab53b027b29e36ad6dd1dcf4b953994482ca84bdc1ecac996']",[],1.0,0ffee3ba8e615ad22535e7f771690a28,76cc3e2d3028143b23ec18e27dbd7ca9,h2,,6757.343122,10.0.2.15,60894,54.192.93.118,443,tcp,201.75994399999945,1224.0,13778.0,SF,True,False,0,ShADadFf,24,2192,32,15062,ssl,0
6758.380221,CrWxfQ15FFXzDauxEc,10.0.2.15,60893,46.228.164.11,443,TLSv12,TLS_RSA_WITH_AES_128_CBC_SHA,,r.turn.com,False,True,CsxnGIti,"['331de231c71d6e7597ac717a3ade18b10f51eea0ce4b3c9c75144a7b5ce9e2cf', '154c433c491929c5ef686e838e323664a00e6a0d822ccc958fb4dab03e49a08f']",[],1.0,1a5fe5677b0e4fbbc854e8908225637d,7224c92f21d262b619e105efd1055cf7,,,6757.341571,10.0.2.15,60893,46.228.164.11,443,tcp,11.389760000000024,1296.0,3407.0,SF,True,False,0,ShADadfF,10,1704,11,3851,ssl,0
6758.38162,Codpbx2Sgy26rJv5Ck,10.0.2.15,60892,54.192.93.118,443,TLSv12,TLS_ECDHE_RSA_WITH_AES_128_GCM_SHA256,secp256r1,web-player.art19.com,False,True,CsxuknGIti,"['0d1bd8b9736bfceb8c6421afbb64d54d593b4a891f861646424a120b64363d31', 'f55f9ffcb83c73453261601c7e044db15a0f034b93c05830f28635ef889cf670', '87dcd4dc74640a322cd205552506d1be64f12596258096544986b4850bc72706', '28689b30e4c306aab53b027b29e36ad6dd1dcf4b953994482ca84bdc1ecac996']",[],1.0,0ffee3ba8e615ad22535e7f771690a28,76cc3e2d3028143b23ec18e27dbd7ca9,h2,,6757.339952,10.0.2.15,60892,54.192.93.118,443,tcp,11.08173699999952,858.0,6427.0,SF,True,False,0,ShADadFf,15,1466,17,7111,ssl,0
6758.384367,CyYydo2ixF9D6RpWDc,10.0.2.15,60891,54.192.93.118,443,TLSv12,TLS_ECDHE_RSA_WITH_AES_128_GCM_SHA256,secp256r1,web-player.art19.com,False,True,CsxuknGIti,"['0d1bd8b9736bfceb8c6421afbb64d54d593b4a891f861646424a120b64363d31', 'f55f9ffcb83c73453261601c7e044db15a0f034b93c05830f28635ef889cf670', '87dcd4dc74640a322cd205552506d1be64f12596258096544986b4850bc72706', '28689b30e4c306aab53b027b29e36ad6dd1dcf4b953994482ca84bdc1ecac996']",[],1.0,0ffee3ba8e615ad22535e7f771690a28,76cc3e2d3028143b23ec18e27dbd7ca9,h2,,6757.339083,10.0.2.15,60891,54.192.93.118,443,tcp,10.523670999999922,863.0,6602.0,SF,True,False,0,ShADadFf,15,1471,18,7326,ssl,0
6758.390454,CkGf6k3lbIwijtl2Ul,10.0.2.15,60890,54.192.93.118,443,TLSv12,TLS_ECDHE_RSA_WITH_AES_128_GCM_SHA256,secp256r1,web-player.art19.com,False,True,CsxuknGIti,"['0d1bd8b9736bfceb8c6421afbb64d54d593b4a891f861646424a120b64363d31', 'f55f9ffcb83c73453261601c7e044db15a0f034b93c05830f28635ef889cf670', '87dcd4dc74640a322cd205552506d1be64f12596258096544986b4850bc72706', '28689b30e4c306aab53b027b29e36ad6dd1dcf4b953994482ca84bdc1ecac996']",[],1.0,0ffee3ba8e615ad22535e7f771690a28,76cc3e2d3028143b23ec18e27dbd7ca9,h2,,6757.338145,10.0.2.15,60890,54.192.93.118,443,tcp,10.836839999999938,861.0,6741.0,SF,True,False,0,ShADadFf,16,1509,18,7465,ssl,0
6758.391374,CnWtnx29cjSOeBuWGa,10.0.2.15,60889,54.192.93.118,443,TLSv12,TLS_ECDHE_RSA_WITH_AES_128_GCM_SHA256,secp256r1,web-player.art19.com,False,True,CsxuknGIti,"['0d1bd8b9736bfceb8c6421afbb64d54d593b4a891f861646424a120b64363d31', 'f55f9ffcb83c73453261601c7e044db15a0f034b93c05830f28635ef889cf670', '87dcd4dc74640a322cd205552506d1be64f12596258096544986b4850bc72706', '28689b30e4c306aab53b027b29e36ad6dd1dcf4b953994482ca84bdc1ecac996']",[],1.0,0ffee3ba8e615ad22535e7f771690a28,76cc3e2d3028143b23ec18e27dbd7ca9,h2,,6757.336996,10.0.2.15,60889,54.192.93.118,443,tcp,4.678098000000318,563.0,5827.0,SF,True,False,0,ShADadFf,13,1091,15,6431,ssl,0
6758.392502,CJsmlvM4VpTBQRjM4,10.0.2.15,60888,54.192.93.125,443,TLSv12,TLS_ECDHE_RSA_WITH_AES_128_GCM_SHA256,secp256r1,rss.art19.com,False,True,CsxuknGIti,"['d7061c4431f0151fd478f95edf33b64013d4449f24bd9e87b9b6f33c19f68b13', 'f55f9ffcb83c73453261601c7e044db15a0f034b93c05830f28635ef889cf670', '87dcd4dc74640a322cd205552506d1be64f12596258096544986b4850bc72706', '28689b30e4c306aab53b027b29e36ad6dd1dcf4b953994482ca84bdc1ecac996']",[],1.0,0ffee3ba8e615ad22535e7f771690a28,76cc3e2d3028143b23ec18e27dbd7ca9,h2,,6757.32727,10.0.2.15,60888,54.192.93.125,443,tcp,4.683428000000276,556.0,5885.0,SF,True,False,0,ShADadFf,12,1044,15,6489,ssl,0
6758.393802,CtMHfc3N4jLxhl3Ntg,10.0.2.15,60887,54.192.93.118,443,TLSv12,TLS_ECDHE_RSA_WITH_AES_128_GCM_SHA256,secp256r1,web-player.art19.com,False,True,CsxuknGIti,"['0d1bd8b9736bfceb8c6421afbb64d54d593b4a891f861646424a120b64363d31', 'f55f9ffcb83c73453261601c7e044db15a0f034b93c05830f28635ef889cf670', '87dcd4dc74640a322cd205552506d1be64f12596258096544986b4850bc72706', '28689b30e4c306aab53b027b29e36ad6dd1dcf4b953994482ca84bdc1ecac996']",[],1.0,0ffee3ba8e615ad22535e7f771690a28,76cc3e2d3028143b23ec18e27dbd7ca9,h2,,6757.321359,10.0.2.15,60887,54.192.93.118,443,tcp,4.698199000000386,563.0,5827.0,SF,True,False,0,ShADadFf,12,1051,14,6391,ssl,0
6771.585621,CQfWLoOuEWySCQjR9,10.0.2.15,60899,151.101.112.207,443,TLSv12,TLS_ECDHE_RSA_WITH_AES_128_GCM_SHA256,,js-agent.newrelic.com,True,True,CsiI,,,,1a5fe5677b0e4fbbc854e8908225637d,1d0e57c6ae42e9204defa51e5e1cdc4c,http/1.1,,6770.801269,10.0.2.15,60899,151.101.112.207,443,tcp,8.06582200000048,599.0,191.0,SF,True,False,0,ShADadFfRr,9,967,9,555,ssl,0
6772.262839,Cno2Mz1HFpmtWQnt5,10.0.2.15,60902,162.247.242.19,443,TLSv12,TLS_DHE_RSA_WITH_AES_256_CBC_SHA,,bam.nr-data.net,False,True,CsxknGIi,"['e7489ed1f465ba2b3ce0faef3a43a3895cd097733dbb5b713df8b299270ca145', '074541ecdf88ed992ed5ade3ecddef27a26ba1b44480a195c0a8dadae2521d8e']",[],1.0,0ffee3ba8e615ad22535e7f771690a28,d90fa179c9daf35598ed8341272118f7,,,6771.589688,10.0.2.15,60902,162.247.242.19,443,tcp,1.443014999999832,438.0,3476.0,RSTO,True,False,0,ShADadR,7,726,7,3760,ssl,0
6772.263569,CnZzrL1JmtEqtJ4nK1,10.0.2.15,60901,162.247.242.19,443,TLSv12,TLS_DHE_RSA_WITH_AES_256_CBC_SHA,,bam.nr-data.net,False,True,CsxknGIi,"['e7489ed1f465ba2b3ce0faef3a43a3895cd097733dbb5b713df8b299270ca145', '074541ecdf88ed992ed5ade3ecddef27a26ba1b44480a195c0a8dadae2521d8e']",[],1.0,0ffee3ba8e615ad22535e7f771690a28,d90fa179c9daf35598ed8341272118f7,,,6771.588577,10.0.2.15,60901,162.247.242.19,443,tcp,7.387266999999156,491.0,3476.0,SF,True,False,0,ShADadFf,10,899,10,3880,ssl,0
6776.9707,CA3SJl499Qm9LBHH91,10.0.2.15,60909,23.74.184.34,443,TLSv12,TLS_ECDHE_RSA_WITH_AES_256_GCM_SHA384,secp256r1,akamai.mathtag.com,False,True,CsxknGIti,"['8146f864ba881a5e216e3775900c61acef72ac221020978501bb4cfde2638be2', 'eae72eb454bf6c3977ebd289e970b2f5282949190093d0d26f98d0f0d6a9cf17', '8420dfbe376f414bf4c0a81e6936d24ccc03f304835b86c7a39142fca723a689']",[],1.0,0ffee3ba8e615ad22535e7f771690a28,2b33c1374db4ddf06942f92373c0b54b,http/1.1,,6776.747181,10.0.2.15,60909,23.74.184.34,443,tcp,8.63557800000035,352.0,4827.0,SF,True,False,0,ShADadFfRr,11,800,13,5351,ssl,0
6777.230109,CeMvkP1d1DoF63FdEc,10.0.2.15,60911,172.217.23.243,443,TLSv12,TLS_ECDHE_RSA_WITH_AES_128_GCM_SHA256,x25519,cdn.groupbycloud.com,False,True,CsxknGIi,"['d8024e5e92785ecc2329116db4b652122d01d62b26561ae6568efaddc2471b4c', 'eae72eb454bf6c3977ebd289e970b2f5282949190093d0d26f98d0f0d6a9cf17', '8420dfbe376f414bf4c0a81e6936d24ccc03f304835b86c7a39142fca723a689']",[],1.0,0ffee3ba8e615ad22535e7f771690a28,67619a80665d7ab92d1041b1d11f9164,h2,,6776.749083,10.0.2.15,60911,172.217.23.243,443,tcp,192.3581460000005,706.0,4586.0,SF,True,False,0,ShADadFf,19,1474,21,5430,ssl,0
6786.125644,CMcZy51qzrJ88In2a,10.0.2.15,60933,151.101.112.84,443,TLSv12,TLS_ECDHE_RSA_WITH_AES_128_GCM_SHA256,secp256r1,ct.pinterest.com,False,True,CsxuknGIti,"['f4e51395ad2a5748284f72c5726b0c36d004a1400672e97a04aaa66629a6dbd0', '19400be5b7a31fb733917700789d2f0a2471c0c9d506c0e504c06c16d7cb17c0']",[],1.0,0ffee3ba8e615ad22535e7f771690a28,860fcf58fd757e26aa8911e5eaff6b53,http/1.1,,6785.650018,10.0.2.15,60933,151.101.112.84,443,tcp,125.18244499999946,1258.0,4768.0,SF,True,False,0,ShADadTTFfRr,25,2278,26,5812,ssl,0
6786.135987,CrXgnO30KhbW9tRGw7,10.0.2.15,60930,151.101.112.84,443,TLSv12,TLS_ECDHE_RSA_WITH_AES_128_GCM_SHA256,secp256r1,ct.pinterest.com,False,True,CsxuknGIti,"['f4e51395ad2a5748284f72c5726b0c36d004a1400672e97a04aaa66629a6dbd0', '19400be5b7a31fb733917700789d2f0a2471c0c9d506c0e504c06c16d7cb17c0']",[],1.0,0ffee3ba8e615ad22535e7f771690a28,860fcf58fd757e26aa8911e5eaff6b53,http/1.1,,6785.64549,10.0.2.15,60930,151.101.112.84,443,tcp,125.2071219999998,1162.0,4768.0,SF,True,False,0,ShADadTTFfRr,25,2182,26,5812,ssl,0
6786.138967,CY0Rsh45TWveiZrbwd,10.0.2.15,60929,151.101.112.84,443,TLSv12,TLS_ECDHE_RSA_WITH_AES_128_GCM_SHA256,secp256r1,ct.pinterest.com,False,True,CsxuknGIti,"['f4e51395ad2a5748284f72c5726b0c36d004a1400672e97a04aaa66629a6dbd0', '19400be5b7a31fb733917700789d2f0a2471c0c9d506c0e504c06c16d7cb17c0']",[],1.0,0ffee3ba8e615ad22535e7f771690a28,860fcf58fd757e26aa8911e5eaff6b53,http/1.1,,6785.643808,10.0.2.15,60929,151.101.112.84,443,tcp,6.775770000000193,382.0,4393.0,SF,True,False,0,ShADadFfRr,11,830,12,4877,ssl,0
6788.864693,Ct1jUM2JTv5wkhz93,10.0.2.15,60928,184.31.10.65,443,TLSv12,TLS_ECDHE_RSA_WITH_AES_256_GCM_SHA384,secp256r1,s.pinimg.com,False,True,CsxknGIti,"['5003f6c05d5f9fa4edfdf9f05d8a432d43389d3d37d27dd4d5fe412656e6caa7', '19400be5b7a31fb733917700789d2f0a2471c0c9d506c0e504c06c16d7cb17c0']",[],1.0,0ffee3ba8e615ad22535e7f771690a28,2b33c1374db4ddf06942f92373c0b54b,http/1.1,,6785.643197,10.0.2.15,60928,184.31.10.65,443,tcp,11.435915999999452,346.0,3825.0,SF,True,False,0,ShADadFRfr,11,802,12,4309,ssl,0
6789.304794,CqJtsz4v3ijKdSnEb,10.0.2.15,60940,157.240.0.22,443,TLSv12,TLS_ECDHE_ECDSA_WITH_AES_128_GCM_SHA256,secp256r1,connect.facebook.net,False,True,CsxknGIti,"['152151b387412a95ab90fd4664f2d98880408e9e43913124e4c91226a483386b', '19400be5b7a31fb733917700789d2f0a2471c0c9d506c0e504c06c16d7cb17c0']",[],1.0,0ffee3ba8e615ad22535e7f771690a28,2d1eb5817ece335c24904f516ad5da12,h2,,6788.866955,10.0.2.15,60940,157.240.0.22,443,tcp,372.5487149999999,1671.0,8094.0,SF,True,False,0,ShADadfF,32,2959,43,9818,ssl,0
6791.715602,CTYqwp1Fmi752K6G3,10.0.2.15,60942,172.217.23.227,443,TLSv12,TLS_ECDHE_RSA_WITH_AES_128_GCM_SHA256,,www.google.cz,True,True,CsiI,,,,1a5fe5677b0e4fbbc854e8908225637d,67619a80665d7ab92d1041b1d11f9164,h2,,6791.495476,10.0.2.15,60942,172.217.23.227,443,tcp,318.6356969999997,3908.0,1242.0,SF,True,False,0,ShADadFf,27,4996,31,2486,ssl,0
6791.716791,CacAoN1Zvqyq9nUrJ6,10.0.2.15,60941,172.217.23.227,443,TLSv12,TLS_ECDHE_RSA_WITH_AES_128_GCM_SHA256,,www.google.cz,True,True,CsiI,,,,1a5fe5677b0e4fbbc854e8908225637d,67619a80665d7ab92d1041b1d11f9164,h2,,6791.494212,10.0.2.15,60941,172.217.23.227,443,tcp,1.974300000000766,808.0,292.0,SF,True,False,0,ShADadFf,10,1216,11,736,ssl,0
6792.937198,CJt2Jk4bv3Wj0uGaF2,10.0.2.15,60946,104.244.43.16,443,TLSv12,TLS_ECDHE_RSA_WITH_AES_128_GCM_SHA256,secp256r1,static.ads-twitter.com,False,True,CsxuknGIti,"['57c868a580b1e1d5c88d4b5ac225b028e8774ddb7c0e68e7729c4df4ffc17086', '19400be5b7a31fb733917700789d2f0a2471c0c9d506c0e504c06c16d7cb17c0']",[],1.0,0ffee3ba8e615ad22535e7f771690a28,76cc3e2d3028143b23ec18e27dbd7ca9,http/1.1,,6791.93527,10.0.2.15,60946,104.244.43.16,443,tcp,4.908954000000449,775.0,4706.0,SF,True,False,0,ShADadFfRr,12,1263,15,5310,ssl,0
6793.429782,COT4Lb2Hxyvi2XwHqk,10.0.2.15,60949,104.244.43.16,443,TLSv12,TLS_ECDHE_RSA_WITH_AES_128_GCM_SHA256,secp256r1,static.ads-twitter.com,False,True,CsxuknGIti,"['57c868a580b1e1d5c88d4b5ac225b028e8774ddb7c0e68e7729c4df4ffc17086', '19400be5b7a31fb733917700789d2f0a2471c0c9d506c0e504c06c16d7cb17c0']",[],1.0,0ffee3ba8e615ad22535e7f771690a28,76cc3e2d3028143b23ec18e27dbd7ca9,http/1.1,,6791.937413,10.0.2.15,60949,104.244.43.16,443,tcp,9.96536500000002,356.0,4275.0,RSTO,True,False,0,ShADadFR,10,764,11,4719,ssl,0
6792.934287,CMqwXd17KKQuNWqkv9,10.0.2.15,60947,149.174.28.142,443,TLSv12,TLS_RSA_WITH_AES_128_CBC_SHA,,secure.leadback.advertising.com,False,True,CsxnGIi,"['a70f555ecdd5db94cf6eb62f1e4f8173d17c2c4718d4452365a5372c191bacf8', '3b0cc20384ad7f24eb438f2b80c63ebe003f7f215b8877e418ebb0484028db57', '6b143c2005d5539cc22eab5f772db2a9fe87467feffa07fcf0a9f7d28274ca7a']",[],1.0,0ffee3ba8e615ad22535e7f771690a28,5397c414a9ebeaff1bf18b70ca22eaa0,,,6791.935821,10.0.2.15,60947,149.174.28.142,443,tcp,5.012757999999849,582.0,4052.0,SF,True,False,0,ShADadFf,9,950,10,4456,ssl,0
6793.215506,ClFzIB456lofLvxcwh,10.0.2.15,60943,149.174.28.142,443,TLSv12,TLS_RSA_WITH_AES_128_CBC_SHA,,secure.leadback.advertising.com,False,True,CsxnGIi,"['a70f555ecdd5db94cf6eb62f1e4f8173d17c2c4718d4452365a5372c191bacf8', '3b0cc20384ad7f24eb438f2b80c63ebe003f7f215b8877e418ebb0484028db57', '6b143c2005d5539cc22eab5f772db2a9fe87467feffa07fcf0a9f7d28274ca7a']",[],1.0,0ffee3ba8e615ad22535e7f771690a28,5397c414a9ebeaff1bf18b70ca22eaa0,,,6791.93222,10.0.2.15,60943,149.174.28.142,443,tcp,7.8958990000000995,635.0,4052.0,SF,True,False,0,ShADadFf,10,1043,10,4456,ssl,0
6798.255186,C37HQS28AlhAvLXL9c,10.0.2.15,60952,31.13.70.36,443,TLSv12,TLS_ECDHE_ECDSA_WITH_AES_128_GCM_SHA256,secp256r1,www.facebook.com,False,True,CsxknGIti,"['152151b387412a95ab90fd4664f2d98880408e9e43913124e4c91226a483386b', '19400be5b7a31fb733917700789d2f0a2471c0c9d506c0e504c06c16d7cb17c0']",[],1.0,0ffee3ba8e615ad22535e7f771690a28,2d1eb5817ece335c24904f516ad5da12,h2,,6797.828377,10.0.2.15,60952,31.13.70.36,443,tcp,372.76722100000006,4252.0,19018.0,SF,True,False,0,ShADadfF,44,6020,62,21502,ssl,0
6798.916542,C8jX7U3tF9DoOZmj73,10.0.2.15,60955,172.217.23.230,443,TLSv12,TLS_ECDHE_RSA_WITH_AES_128_GCM_SHA256,,ad.doubleclick.net,True,True,CsiI,,,,1a5fe5677b0e4fbbc854e8908225637d,67619a80665d7ab92d1041b1d11f9164,h2,,6798.047307,10.0.2.15,60955,172.217.23.230,443,tcp,287.264921,1383.0,610.0,SF,True,False,0,ShADadFf,21,2231,22,1494,ssl,0
6804.926835,CwNWuF3EQAnRWZxpX6,10.0.2.15,60965,95.101.250.34,443,TLSv12,TLS_ECDHE_RSA_WITH_AES_256_GCM_SHA384,secp256r1,use.typekit.net,False,True,CsxknGIti,"['a023403dd8cfbb6a4de86bc4fc5926cf3d96ed52280ca0c8f64937c50ff66c73', 'eae72eb454bf6c3977ebd289e970b2f5282949190093d0d26f98d0f0d6a9cf17']",[],1.0,0ffee3ba8e615ad22535e7f771690a28,2b33c1374db4ddf06942f92373c0b54b,h2,,6804.312679,10.0.2.15,60965,95.101.250.34,443,tcp,201.04840700000025,949.0,12424.0,SF,True,False,0,ShADadFfRr,23,1877,31,13668,ssl,0
6805.130837,CNQetB26AzvBgaHlE5,10.0.2.15,60962,54.231.115.42,443,TLSv12,TLS_ECDHE_RSA_WITH_AES_128_GCM_SHA256,secp256r1,s3.amazonaws.com,False,True,CsxknGIi,"['6be2c04e442c0aa126e2e374c248fc093077df1a3810867decdfea113add4357', 'f9690880819f06cdcc0b2f224b207f2af6003fb57339b8679a160fa95208d62d']",[],1.0,0ffee3ba8e615ad22535e7f771690a28,ea615e28cb25adfb2f261151eab3314f,,,6804.310578,10.0.2.15,60962,54.231.115.42,443,tcp,9.00888600000053,632.0,6838.0,SF,True,False,0,ShADadFf,12,1120,16,7482,ssl,0
6804.922936,CJpOruLPfLgIY8Jth,10.0.2.15,60963,172.217.23.238,443,TLSv12,TLS_ECDHE_RSA_WITH_AES_128_GCM_SHA256,,apis.google.com,True,True,CsiI,,,,1a5fe5677b0e4fbbc854e8908225637d,67619a80665d7ab92d1041b1d11f9164,h2,,6804.311282,10.0.2.15,60963,172.217.23.238,443,tcp,200.9133980000006,984.0,430.0,SF,True,False,0,ShADadFf,18,1712,19,1194,ssl,0
6810.053403,CNgTJP2Bicg5wcw0Aj,10.0.2.15,60967,93.184.220.66,443,TLSv12,TLS_ECDHE_RSA_WITH_AES_128_GCM_SHA256,secp256r1,platform.twitter.com,False,True,CsxuknGIti,"['498dfbfa068ce7e3252a308f9578608d3df2d287b5b9284571f7d3ed43ba3ab0', '19400be5b7a31fb733917700789d2f0a2471c0c9d506c0e504c06c16d7cb17c0', '7431e5f4c3c1ce4690774f0b61e05440883ba9a01ed00ba6abd7806ed3b118cf']",[],1.0,0ffee3ba8e615ad22535e7f771690a28,76cc3e2d3028143b23ec18e27dbd7ca9,http/1.1,,6809.985515,10.0.2.15,60967,93.184.220.66,443,tcp,125.7206669999996,1113.0,6150.0,SF,True,False,0,ShADadTTFRfr,25,2133,28,7274,ssl,0
6810.060104,C4Pi9TDjItYtqYXzg,10.0.2.15,60975,216.137.61.37,443,TLSv12,TLS_ECDHE_RSA_WITH_AES_128_GCM_SHA256,secp256r1,d31qbv1cthcecs.cloudfront.net,False,True,CsxuknGIti,"['90c0937808b31877df6c4a5c743c99325d974624be3735faa5078cf73d4fd205', 'eae72eb454bf6c3977ebd289e970b2f5282949190093d0d26f98d0f0d6a9cf17']",[],1.0,0ffee3ba8e615ad22535e7f771690a28,76cc3e2d3028143b23ec18e27dbd7ca9,http/1.1,,6809.995872,10.0.2.15,60975,216.137.61.37,443,tcp,124.942008,689.0,5645.0,SF,True,False,0,ShADadTTfF,22,1588,25,6649,ssl,0
6810.066633,C7jjww1giLFbfqDdic,10.0.2.15,60974,93.184.220.66,443,TLSv12,TLS_ECDHE_RSA_WITH_AES_128_GCM_SHA256,secp256r1,platform.twitter.com,False,True,CsxuknGIti,"['498dfbfa068ce7e3252a308f9578608d3df2d287b5b9284571f7d3ed43ba3ab0', '19400be5b7a31fb733917700789d2f0a2471c0c9d506c0e504c06c16d7cb17c0', '7431e5f4c3c1ce4690774f0b61e05440883ba9a01ed00ba6abd7806ed3b118cf']",[],1.0,0ffee3ba8e615ad22535e7f771690a28,76cc3e2d3028143b23ec18e27dbd7ca9,http/1.1,,6809.994499,10.0.2.15,60974,93.184.220.66,443,tcp,6.53702499999963,386.0,5773.0,SF,True,False,0,ShADadFfRr,11,834,13,6297,ssl,0
6810.568763,CnKtkm4HSjSpVV3rH3,10.0.2.15,60969,216.137.61.37,443,TLSv12,TLS_ECDHE_RSA_WITH_AES_128_GCM_SHA256,secp256r1,d31qbv1cthcecs.cloudfront.net,False,True,CsxuknGIti,"['90c0937808b31877df6c4a5c743c99325d974624be3735faa5078cf73d4fd205', 'eae72eb454bf6c3977ebd289e970b2f5282949190093d0d26f98d0f0d6a9cf17']",[],1.0,0ffee3ba8e615ad22535e7f771690a28,76cc3e2d3028143b23ec18e27dbd7ca9,http/1.1,,6809.988447,10.0.2.15,60969,216.137.61.37,443,tcp,7.374450000000252,363.0,5199.0,SF,True,False,0,ShADadFf,10,771,12,5683,ssl,0
6813.155171,C67xzu3wxnz58MtoY8,10.0.2.15,60984,151.101.114.49,443,TLSv12,TLS_ECDHE_RSA_WITH_AES_128_GCM_SHA256,secp256r1,content.attn.com,False,True,CsxknGIti,"['43943bd572e8d64d7f906ac373660d1edb1769b948426ff1b454a4f86c9b243f', '4b7334e1d8999822bafa8ff6888125389b18a4e5ab26ffa624c7f68fdc81f0cb']",[],1.0,0ffee3ba8e615ad22535e7f771690a28,5bf3945147163753a854e165090c4120,h2,,6811.094251,10.0.2.15,60984,151.101.114.49,443,tcp,206.9526229999992,1686.0,9024.0,SF,True,False,0,ShADadFfRr,25,2694,29,10188,ssl,0
6813.158078,CIqddMTavCMqHGDxk,10.0.2.15,60983,151.101.114.49,443,TLSv12,TLS_ECDHE_RSA_WITH_AES_128_GCM_SHA256,secp256r1,content.attn.com,False,True,CsxknGIti,"['43943bd572e8d64d7f906ac373660d1edb1769b948426ff1b454a4f86c9b243f', '4b7334e1d8999822bafa8ff6888125389b18a4e5ab26ffa624c7f68fdc81f0cb']",[],1.0,0ffee3ba8e615ad22535e7f771690a28,5bf3945147163753a854e165090c4120,h2,,6811.092125,10.0.2.15,60983,151.101.114.49,443,tcp,11.080990999999813,969.0,7282.0,SF,True,False,0,ShADadFfRr,18,1697,22,8166,ssl,0
6813.170303,ChNsXz11z5w9TR1Evk,10.0.2.15,60986,54.231.114.156,443,TLSv12,TLS_ECDHE_RSA_WITH_AES_128_GCM_SHA256,secp256r1,s3.amazonaws.com,False,True,CsxknGIi,"['6be2c04e442c0aa126e2e374c248fc093077df1a3810867decdfea113add4357', 'f9690880819f06cdcc0b2f224b207f2af6003fb57339b8679a160fa95208d62d']",[],1.0,0ffee3ba8e615ad22535e7f771690a28,ea615e28cb25adfb2f261151eab3314f,,,6811.10543,10.0.2.15,60986,54.231.114.156,443,tcp,11.163644000000204,672.0,3826.0,SF,True,False,0,ShADadFf,11,1120,15,4430,ssl,0
6813.164624,CUxPsd37mTtlawDAti,10.0.2.15,60982,151.101.114.49,443,TLSv12,TLS_ECDHE_RSA_WITH_AES_128_GCM_SHA256,secp256r1,content.attn.com,False,True,CsxknGIti,"['43943bd572e8d64d7f906ac373660d1edb1769b948426ff1b454a4f86c9b243f', '4b7334e1d8999822bafa8ff6888125389b18a4e5ab26ffa624c7f68fdc81f0cb']",[],1.0,0ffee3ba8e615ad22535e7f771690a28,5bf3945147163753a854e165090c4120,h2,,6811.088208,10.0.2.15,60982,151.101.114.49,443,tcp,11.306698999999751,986.0,7032.0,SF,True,False,0,ShADadFfRr,17,1674,20,7836,ssl,0
6813.152281,Cl4YNr4Ix1jFCcgI21,10.0.2.15,60985,54.231.114.156,443,TLSv12,TLS_ECDHE_RSA_WITH_AES_128_GCM_SHA256,secp256r1,s3.amazonaws.com,False,True,CsxknGIi,"['6be2c04e442c0aa126e2e374c248fc093077df1a3810867decdfea113add4357', 'f9690880819f06cdcc0b2f224b207f2af6003fb57339b8679a160fa95208d62d']",[],1.0,0ffee3ba8e615ad22535e7f771690a28,ea615e28cb25adfb2f261151eab3314f,,,6811.104118,10.0.2.15,60985,54.231.114.156,443,tcp,11.173915999999736,672.0,3826.0,SF,True,False,0,ShADadFf,11,1120,13,4350,ssl,0
6813.166084,CZ59OL3zHrb0ScjdY2,10.0.2.15,60981,151.101.114.49,443,TLSv12,TLS_ECDHE_RSA_WITH_AES_128_GCM_SHA256,secp256r1,content.attn.com,False,True,CsxknGIti,"['43943bd572e8d64d7f906ac373660d1edb1769b948426ff1b454a4f86c9b243f', '4b7334e1d8999822bafa8ff6888125389b18a4e5ab26ffa624c7f68fdc81f0cb']",[],1.0,0ffee3ba8e615ad22535e7f771690a28,5bf3945147163753a854e165090c4120,h2,,6811.084627,10.0.2.15,60981,151.101.114.49,443,tcp,11.83060099999966,980.0,6670.0,SF,True,False,0,ShADadFRfr,16,1628,19,7434,ssl,0
6813.168947,C9obqu6gq2clrcHw7,10.0.2.15,60978,95.101.250.34,443,TLSv12,TLS_ECDHE_RSA_WITH_AES_256_GCM_SHA384,secp256r1,use.typekit.net,False,True,CsxknGIti,"['a023403dd8cfbb6a4de86bc4fc5926cf3d96ed52280ca0c8f64937c50ff66c73', 'eae72eb454bf6c3977ebd289e970b2f5282949190093d0d26f98d0f0d6a9cf17']",[],1.0,0ffee3ba8e615ad22535e7f771690a28,2b33c1374db4ddf06942f92373c0b54b,h2,,6810.038952,10.0.2.15,60978,95.101.250.34,443,tcp,208.21834600000057,1976.0,213136.0,SF,True,False,0,ShADadFfRr,76,5024,207,221420,ssl,0
6816.82219,Cp7g0k4otz2C9h5Zbf,10.0.2.15,60987,95.101.250.34,443,TLSv12,TLS_ECDHE_RSA_WITH_AES_256_GCM_SHA384,secp256r1,use.typekit.net,False,True,CsxknGIti,"['a023403dd8cfbb6a4de86bc4fc5926cf3d96ed52280ca0c8f64937c50ff66c73', 'eae72eb454bf6c3977ebd289e970b2f5282949190093d0d26f98d0f0d6a9cf17']",[],1.0,0ffee3ba8e615ad22535e7f771690a28,2b33c1374db4ddf06942f92373c0b54b,h2,,6816.095954,10.0.2.15,60987,95.101.250.34,443,tcp,8.430958999999348,919.0,40879.0,SF,True,False,0,ShADadFfRr,25,1927,52,42963,ssl,0
6824.738807,C032I72DIrXXgMnvpg,10.0.2.15,60997,151.101.113.179,443,TLSv12,TLS_ECDHE_RSA_WITH_AES_128_GCM_SHA256,secp256r1,static.attn.com,False,True,CsxuknGIti,"['b89df99947f6ab481d2096b53450e99633be45601805fa09994dfe9ab5eec0d5', '4b7334e1d8999822bafa8ff6888125389b18a4e5ab26ffa624c7f68fdc81f0cb']",[],1.0,0ffee3ba8e615ad22535e7f771690a28,860fcf58fd757e26aa8911e5eaff6b53,h2,,6824.522524,10.0.2.15,60997,151.101.113.179,443,tcp,203.81288700000005,4277.0,2871087.0,SF,True,False,0,ShADadtWFfRr,354,18445,2152,2958591,ssl,0
6824.74764,ClUQKp4vcLb2NQY2hc,10.0.2.15,61002,151.101.113.179,443,TLSv12,TLS_ECDHE_RSA_WITH_AES_128_GCM_SHA256,secp256r1,static.attn.com,False,True,CsxuknGIti,"['b89df99947f6ab481d2096b53450e99633be45601805fa09994dfe9ab5eec0d5', '4b7334e1d8999822bafa8ff6888125389b18a4e5ab26ffa624c7f68fdc81f0cb']",[],1.0,0ffee3ba8e615ad22535e7f771690a28,860fcf58fd757e26aa8911e5eaff6b53,h2,,6824.539397,10.0.2.15,61002,151.101.113.179,443,tcp,6.740107000000535,1515.0,27275.0,RSTO,True,False,0,ShADadFR,23,2443,37,28759,ssl,0
6824.755896,C06rkfHuJK84gRkWg,10.0.2.15,61001,151.101.113.179,443,TLSv12,TLS_ECDHE_RSA_WITH_AES_128_GCM_SHA256,secp256r1,static.attn.com,False,True,CsxuknGIti,"['b89df99947f6ab481d2096b53450e99633be45601805fa09994dfe9ab5eec0d5', '4b7334e1d8999822bafa8ff6888125389b18a4e5ab26ffa624c7f68fdc81f0cb']",[],1.0,0ffee3ba8e615ad22535e7f771690a28,860fcf58fd757e26aa8911e5eaff6b53,h2,,6824.537506,10.0.2.15,61001,151.101.113.179,443,tcp,7.663554000000659,1515.0,25376.0,SF,True,False,0,ShADadFfRr,25,2523,39,26940,ssl,0
6824.758534,Clc1t12cFjgpTL0CNe,10.0.2.15,61000,151.101.113.179,443,TLSv12,TLS_ECDHE_RSA_WITH_AES_128_GCM_SHA256,secp256r1,static.attn.com,False,True,CsxuknGIti,"['b89df99947f6ab481d2096b53450e99633be45601805fa09994dfe9ab5eec0d5', '4b7334e1d8999822bafa8ff6888125389b18a4e5ab26ffa624c7f68fdc81f0cb']",[],1.0,0ffee3ba8e615ad22535e7f771690a28,860fcf58fd757e26aa8911e5eaff6b53,h2,,6824.534626,10.0.2.15,61000,151.101.113.179,443,tcp,7.860633000000234,1518.0,21217.0,SF,True,False,0,ShADadFfRr,23,2446,34,22581,ssl,0
6824.773511,Cs3pHA2reLwlp7Zm8e,10.0.2.15,60999,151.101.113.179,443,TLSv12,TLS_ECDHE_RSA_WITH_AES_128_GCM_SHA256,secp256r1,static.attn.com,False,True,CsxuknGIti,"['b89df99947f6ab481d2096b53450e99633be45601805fa09994dfe9ab5eec0d5', '4b7334e1d8999822bafa8ff6888125389b18a4e5ab26ffa624c7f68fdc81f0cb']",[],1.0,0ffee3ba8e615ad22535e7f771690a28,860fcf58fd757e26aa8911e5eaff6b53,h2,,6824.525944,10.0.2.15,60999,151.101.113.179,443,tcp,8.40560000000005,1512.0,36756.0,SF,True,False,0,ShADadFfRr,30,2720,50,38760,ssl,0
6824.777496,CBC2g73kSWtbOzmOC5,10.0.2.15,60998,151.101.113.179,443,TLSv12,TLS_ECDHE_RSA_WITH_AES_128_GCM_SHA256,secp256r1,static.attn.com,False,True,CsxuknGIti,"['b89df99947f6ab481d2096b53450e99633be45601805fa09994dfe9ab5eec0d5', '4b7334e1d8999822bafa8ff6888125389b18a4e5ab26ffa624c7f68fdc81f0cb']",[],1.0,0ffee3ba8e615ad22535e7f771690a28,860fcf58fd757e26aa8911e5eaff6b53,h2,,6824.524612,10.0.2.15,60998,151.101.113.179,443,tcp,8.131061999999474,1515.0,27601.0,SF,True,False,0,ShADadFfRr,25,2523,40,29205,ssl,0
6825.480338,Ce2UF51MwGJqrLdLb9,10.0.2.15,61003,216.137.61.149,443,TLSv12,TLS_ECDHE_RSA_WITH_AES_128_GCM_SHA256,secp256r1,d5nxst8fruw4z.cloudfront.net,False,True,CsxuknGIti,"['90c0937808b31877df6c4a5c743c99325d974624be3735faa5078cf73d4fd205', 'eae72eb454bf6c3977ebd289e970b2f5282949190093d0d26f98d0f0d6a9cf17']",[],1.0,0ffee3ba8e615ad22535e7f771690a28,76cc3e2d3028143b23ec18e27dbd7ca9,http/1.1,,6824.919755,10.0.2.15,61003,216.137.61.149,443,tcp,120.91521399999964,1063.0,5786.0,SF,True,False,0,ShADadTTfF,21,1922,25,6790,ssl,0
6827.022649,CiCvbkLK1WWmEXLq3,10.0.2.15,60995,216.137.61.149,443,TLSv12,TLS_ECDHE_RSA_WITH_AES_128_GCM_SHA256,,d5nxst8fruw4z.cloudfront.net,True,True,CsiI,,,,1a5fe5677b0e4fbbc854e8908225637d,d199ba0af2b08e204c73d6d81a1fd260,http/1.1,,6822.668414,10.0.2.15,60995,216.137.61.149,443,tcp,11.230829000000083,599.0,156.0,SF,True,False,0,ShADadFf,9,975,7,440,ssl,0
6835.62341,CtTixJ2qWxYPOt2z46,10.0.2.15,61007,151.101.112.207,443,TLSv12,TLS_ECDHE_RSA_WITH_AES_128_GCM_SHA256,,js-agent.newrelic.com,True,True,CsiI,,,,1a5fe5677b0e4fbbc854e8908225637d,1d0e57c6ae42e9204defa51e5e1cdc4c,http/1.1,,6835.407836,10.0.2.15,61007,151.101.112.207,443,tcp,121.56545899999946,909.0,12833.0,SF,True,False,0,ShADadTTFRfr,26,1969,32,14117,ssl,0
6836.177116,CRSgWPoPlyFFWcrhj,10.0.2.15,61011,151.101.112.207,443,TLSv12,TLS_ECDHE_RSA_WITH_AES_128_GCM_SHA256,,js-agent.newrelic.com,True,True,CsiI,,,,1a5fe5677b0e4fbbc854e8908225637d,1d0e57c6ae42e9204defa51e5e1cdc4c,http/1.1,,6835.6435,10.0.2.15,61011,151.101.112.207,443,tcp,7.246167000000241,599.0,191.0,SF,True,False,0,ShADadFfRr,9,967,9,555,ssl,0
6838.819625,CQyBcY3H30wgSU4QUe,10.0.2.15,61014,162.247.242.19,443,TLSv12,TLS_DHE_RSA_WITH_AES_256_CBC_SHA,,bam.nr-data.net,False,True,CsxknGIi,"['e7489ed1f465ba2b3ce0faef3a43a3895cd097733dbb5b713df8b299270ca145', '074541ecdf88ed992ed5ade3ecddef27a26ba1b44480a195c0a8dadae2521d8e']",[],1.0,0ffee3ba8e615ad22535e7f771690a28,d90fa179c9daf35598ed8341272118f7,,,6838.197745,10.0.2.15,61014,162.247.242.19,443,tcp,116.88198399999963,5306.0,4035.0,SF,True,False,0,ShADadTTfF,27,6404,28,5159,ssl,0
6838.822421,CrOmC32TYUXryPa7je,10.0.2.15,61015,162.247.242.19,443,TLSv12,TLS_DHE_RSA_WITH_AES_256_CBC_SHA,,bam.nr-data.net,False,True,CsxknGIi,"['e7489ed1f465ba2b3ce0faef3a43a3895cd097733dbb5b713df8b299270ca145', '074541ecdf88ed992ed5ade3ecddef27a26ba1b44480a195c0a8dadae2521d8e']",[],1.0,0ffee3ba8e615ad22535e7f771690a28,d90fa179c9daf35598ed8341272118f7,,,6838.200541,10.0.2.15,61015,162.247.242.19,443,tcp,6.797364999999445,491.0,3476.0,SF,True,False,0,ShADadFf,10,899,10,3880,ssl,0
6839.824603,CaxoYb4PziBgfWT1Rb,10.0.2.15,61016,162.247.242.19,443,TLSv12,TLS_DHE_RSA_WITH_AES_256_CBC_SHA,,bam.nr-data.net,True,True,CsiI,,,,0ffee3ba8e615ad22535e7f771690a28,d90fa179c9daf35598ed8341272118f7,,,6839.248375,10.0.2.15,61016,162.247.242.19,443,tcp,6.774019999999837,352.0,165.0,SF,True,False,0,ShADadFf,8,680,7,449,ssl,0
6876.198029,CYIirl20qYeErIp2Qh,10.0.2.15,61036,172.217.23.238,443,TLSv12,TLS_ECDHE_ECDSA_WITH_AES_128_GCM_SHA256,,s.ytimg.com,True,True,CsiI,,,,1a5fe5677b0e4fbbc854e8908225637d,c23237dbea656869600e48dfbd00ab7b,h2,,6875.929908,10.0.2.15,61036,172.217.23.238,443,tcp,196.361981,1198.0,9734.0,SF,True,False,0,ShADadFf,21,2046,27,10818,ssl,0
6876.200457,C57z9T5sLlH26GoTa,10.0.2.15,61035,178.238.37.172,443,TLSv12,TLS_ECDHE_RSA_WITH_AES_128_GCM_SHA256,secp256r1,www.ikea-family.cz,False,True,CsxknGIti,"['06555ecdab0d01eda206f408f0426dfb6162b3073995835e14cb39349f31ef50', 'ee793643199474ed60efdc8ccde4d37445921683593aa751bbf8ee491a391e97']",[],1.0,0ffee3ba8e615ad22535e7f771690a28,b898351eb5e266aefd3723d466935494,h2,,6875.516826,10.0.2.15,61035,178.238.37.172,443,tcp,9.046368000000257,902.0,7582.0,SF,True,False,0,ShADadFf,17,1590,20,8386,ssl,0
6876.201076,Cw7bRuBLbQkTmXbKl,10.0.2.15,61034,178.238.37.172,443,TLSv12,TLS_ECDHE_RSA_WITH_AES_128_GCM_SHA256,secp256r1,www.ikea-family.cz,False,True,CsxknGIti,"['06555ecdab0d01eda206f408f0426dfb6162b3073995835e14cb39349f31ef50', 'ee793643199474ed60efdc8ccde4d37445921683593aa751bbf8ee491a391e97']",[],1.0,0ffee3ba8e615ad22535e7f771690a28,b898351eb5e266aefd3723d466935494,h2,,6875.516167,10.0.2.15,61034,178.238.37.172,443,tcp,9.840823999999884,902.0,3809.0,SF,True,False,0,ShADadFf,16,1550,17,4493,ssl,0
6876.201736,CT0OO73D9bDBe9lJFb,10.0.2.15,61033,178.238.37.172,443,TLSv12,TLS_ECDHE_RSA_WITH_AES_128_GCM_SHA256,secp256r1,www.ikea-family.cz,False,True,CsxknGIti,"['06555ecdab0d01eda206f408f0426dfb6162b3073995835e14cb39349f31ef50', 'ee793643199474ed60efdc8ccde4d37445921683593aa751bbf8ee491a391e97']",[],1.0,0ffee3ba8e615ad22535e7f771690a28,b898351eb5e266aefd3723d466935494,h2,,6875.515002,10.0.2.15,61033,178.238.37.172,443,tcp,6.185649000000012,561.0,3809.0,SF,True,False,0,ShADadFf,13,1089,15,4413,ssl,0
6876.202621,CnbkoM7EeIeN5vPt4,10.0.2.15,61032,178.238.37.172,443,TLSv12,TLS_ECDHE_RSA_WITH_AES_128_GCM_SHA256,secp256r1,www.ikea-family.cz,False,True,CsxknGIti,"['06555ecdab0d01eda206f408f0426dfb6162b3073995835e14cb39349f31ef50', 'ee793643199474ed60efdc8ccde4d37445921683593aa751bbf8ee491a391e97']",[],1.0,0ffee3ba8e615ad22535e7f771690a28,b898351eb5e266aefd3723d466935494,h2,,6875.514427,10.0.2.15,61032,178.238.37.172,443,tcp,6.360141000000112,561.0,3809.0,SF,True,False,0,ShADadFf,12,1049,13,4333,ssl,0
6877.767734,CEquqe3YyiV78f46of,10.0.2.15,61038,178.238.37.172,443,TLSv12,TLS_ECDHE_RSA_WITH_AES_128_GCM_SHA256,secp256r1,www.ikea-family.cz,False,True,CsxknGIti,"['06555ecdab0d01eda206f408f0426dfb6162b3073995835e14cb39349f31ef50', 'ee793643199474ed60efdc8ccde4d37445921683593aa751bbf8ee491a391e97']",[],1.0,0ffee3ba8e615ad22535e7f771690a28,b898351eb5e266aefd3723d466935494,h2,,6877.321289,10.0.2.15,61038,178.238.37.172,443,tcp,4.727375999999822,321.0,3771.0,RSTO,True,False,0,ShADadR,8,649,8,4095,ssl,0
6877.771091,CyUNK74zyWWcoPNfkh,10.0.2.15,61037,178.238.37.172,443,TLSv12,TLS_ECDHE_RSA_WITH_AES_128_GCM_SHA256,secp256r1,www.ikea-family.cz,False,True,CsxknGIti,"['06555ecdab0d01eda206f408f0426dfb6162b3073995835e14cb39349f31ef50', 'ee793643199474ed60efdc8ccde4d37445921683593aa751bbf8ee491a391e97']",[],1.0,0ffee3ba8e615ad22535e7f771690a28,b898351eb5e266aefd3723d466935494,h2,,6877.319959,10.0.2.15,61037,178.238.37.172,443,tcp,233.13346399999955,1006.0,19102.0,SF,True,False,0,ShADadFf,26,2054,38,20626,ssl,0
6892.611178,CQv5s54QsyOzXi8Rif,10.0.2.15,61057,172.217.23.232,443,TLSv12,TLS_ECDHE_RSA_WITH_AES_128_GCM_SHA256,,www.googletagmanager.com,True,True,CsiI,,,,1a5fe5677b0e4fbbc854e8908225637d,67619a80665d7ab92d1041b1d11f9164,h2,,6892.596288,10.0.2.15,61057,172.217.23.232,443,tcp,192.99426399999996,984.0,430.0,SF,True,False,0,ShADadFf,17,1672,19,1194,ssl,0
6892.802666,CKd3Pg1aor1Hzhs4Mh,10.0.2.15,61058,172.217.23.238,443,TLSv12,TLS_ECDHE_ECDSA_WITH_AES_128_GCM_SHA256,,www.youtube.com,True,True,CsiI,,,,1a5fe5677b0e4fbbc854e8908225637d,c23237dbea656869600e48dfbd00ab7b,h2,,6892.602119,10.0.2.15,61058,172.217.23.238,443,tcp,200.9730840000002,2558.0,18227.0,SF,True,False,0,ShADadFf,30,3766,44,19991,ssl,0
6897.442122,CxBpziIZHQ9U3QbJ6,10.0.2.15,61060,172.217.23.227,443,TLSv12,TLS_ECDHE_ECDSA_WITH_AES_128_GCM_SHA256,,fonts.gstatic.com,True,True,CsiI,,,,1a5fe5677b0e4fbbc854e8908225637d,c23237dbea656869600e48dfbd00ab7b,h2,,6897.388511,10.0.2.15,61060,172.217.23.227,443,tcp,305.8661940000002,1533.0,42734.0,SF,True,False,0,ShADadFf,34,2901,60,45138,ssl,0
6897.440573,CCoBO42nVjv6gbbSg8,10.0.2.15,61061,172.217.23.230,443,TLSv12,TLS_ECDHE_RSA_WITH_AES_128_GCM_SHA256,x25519,static.doubleclick.net,False,True,CsxknGIti,"['378a6c73f6dec1c6bc563fa8eda92c3e9ce61b893db7685686c41f33ab89931c', '9f630426df1d8abfd80ace98871ba833ab9742cb34838de2b5285ed54c0c7dcc', '3c35cc963eb004451323d3275d05b353235053490d9cd83729a2faf5e7ca1cc0']",[],1.0,0ffee3ba8e615ad22535e7f771690a28,ab41313cfec25328b20865eb1388e0a2,h2,,6897.388972,10.0.2.15,61061,172.217.23.230,443,tcp,2.25691900000038,503.0,4120.0,SF,True,False,0,ShADadFf,11,951,14,4684,ssl,0
6897.428847,CtQnWT16Sar4fmsyo4,10.0.2.15,61059,172.217.23.230,443,TLSv12,TLS_ECDHE_RSA_WITH_AES_128_GCM_SHA256,x25519,static.doubleclick.net,False,True,CsxknGIti,"['378a6c73f6dec1c6bc563fa8eda92c3e9ce61b893db7685686c41f33ab89931c', '9f630426df1d8abfd80ace98871ba833ab9742cb34838de2b5285ed54c0c7dcc', '3c35cc963eb004451323d3275d05b353235053490d9cd83729a2faf5e7ca1cc0']",[],1.0,0ffee3ba8e615ad22535e7f771690a28,ab41313cfec25328b20865eb1388e0a2,h2,,6897.388029,10.0.2.15,61059,172.217.23.230,443,tcp,2.252962000000479,503.0,4120.0,SF,True,False,0,ShADadFf,11,951,13,4644,ssl,0
6898.344292,CT9vNn46QRPnTqeypa,10.0.2.15,61068,172.217.23.238,443,TLSv12,TLS_ECDHE_ECDSA_WITH_AES_128_GCM_SHA256,x25519,i.ytimg.com,False,True,CsxknGIti,"['11ddd329046367c19b32ffdb02ed308de129de4d6ffcf95856d7bd6a7accfba9', '9f630426df1d8abfd80ace98871ba833ab9742cb34838de2b5285ed54c0c7dcc', '3c35cc963eb004451323d3275d05b353235053490d9cd83729a2faf5e7ca1cc0']",[],1.0,0ffee3ba8e615ad22535e7f771690a28,84480cf8cf0e732666092640e581e1a5,h2,,6897.397514,10.0.2.15,61068,172.217.23.238,443,tcp,212.89687499999943,984.0,39366.0,SF,True,False,0,ShADadFf,35,2392,58,41690,ssl,0
6932.061146,CuDnLy3hn88RlHs17i,10.0.2.15,61080,95.100.180.11,443,TLSv12,TLS_ECDHE_ECDSA_WITH_AES_256_GCM_SHA384,secp256r1,secure.ikea.com,False,True,CsxknGIti,"['8af7434a39a2d3d0ed2edc9c2bd71520702e0210028af81bb1806c3528ef0e9d', '663636c03fd0b5b171f2b04407c3df767b349c8a990d87ce485898166e2b5120']",[],1.0,0ffee3ba8e615ad22535e7f771690a28,1f5a67caff68e3d312696e32f7396c70,h2,,6932.040106,10.0.2.15,61080,95.100.180.11,443,tcp,254.07299499999957,22678.0,415556.0,SF,True,False,0,ShADadFfRr,153,28806,423,432480,ssl,0
6934.135032,CrpEcc4POlOAjcAShc,10.0.2.15,61083,68.232.35.180,443,TLSv12,TLS_ECDHE_RSA_WITH_AES_128_GCM_SHA256,secp256r1,tags.tiqcdn.com,False,True,CsxuknGIti,"['e9833ec9415ec4381e97b13a6a575b5ebe604ba96ebe8484d5edd67608a492ca', '19400be5b7a31fb733917700789d2f0a2471c0c9d506c0e504c06c16d7cb17c0', '7431e5f4c3c1ce4690774f0b61e05440883ba9a01ed00ba6abd7806ed3b118cf']",[],1.0,0ffee3ba8e615ad22535e7f771690a28,49b45fc1ab090aa3a159778313fc9b9e,h2,,6934.020988,10.0.2.15,61083,68.232.35.180,443,tcp,183.51225499999964,1275.0,49116.0,SF,True,False,0,ShADadfF,36,2723,69,51880,ssl,0
6936.840514,CWG4ho37LcKbF8iagl,10.0.2.15,61084,63.140.34.134,443,TLSv12,TLS_ECDHE_RSA_WITH_AES_256_GCM_SHA384,secp256r1,smetrics.ikea.com,False,True,CsxknGIi,"['9f692d0f27ec246594a3151eff8cd3ae70306645ac09dec1644aeedab881a071', '19400be5b7a31fb733917700789d2f0a2471c0c9d506c0e504c06c16d7cb17c0']",[],1.0,0ffee3ba8e615ad22535e7f771690a28,28ef90cc3d9d08c96a8a2cb6f365a79e,,,6936.685329,10.0.2.15,61084,63.140.34.134,443,tcp,17.383937999999944,4752.0,3769.0,SF,True,False,0,ShADadTFf,15,5361,16,4413,ssl,0
6937.670316,CMzJaY1XNX5zeY4gad,10.0.2.15,61086,104.16.124.228,443,TLSv12,TLS_ECDHE_ECDSA_WITH_AES_128_GCM_SHA256,secp256r1,c.go-mpulse.net,False,True,CsxuknGIti,"['d349ae445e7b0cf4c23dfcb3872fe5d08d7411fea3d3cb9dfc93269fa0934ee8', 'cd6c108a0e641f2ca122aaa6d03f826759cae7c6f800eabf76dc48b67cd083ce', '9573862ac0b4b125168810ea3fd101ae2eb0bb15f61fc0e6da7a2a38b85a89e8']",[],1.0,0ffee3ba8e615ad22535e7f771690a28,7d3eb4120cd50e889bcd3f3783be0f82,http/1.1,,6937.65865,10.0.2.15,61086,104.16.124.228,443,tcp,132.12845199999992,1510.0,30009.0,SF,True,False,0,ShADadTTFf,35,2931,50,32013,ssl,0
6939.262662,C0Gp3Q286vkgQ3Fkj7,10.0.2.15,61087,104.16.69.157,443,TLSv12,TLS_ECDHE_ECDSA_WITH_AES_128_GCM_SHA256,secp256r1,36c3feee.mpstat.us,False,True,CsxuknGIti,"['766129b439d4ec73f5e99ff044a704432430ae79353dde3a02e8f7661cf3fb31', 'cd6c108a0e641f2ca122aaa6d03f826759cae7c6f800eabf76dc48b67cd083ce', '9573862ac0b4b125168810ea3fd101ae2eb0bb15f61fc0e6da7a2a38b85a89e8']",[],1.0,0ffee3ba8e615ad22535e7f771690a28,7d3eb4120cd50e889bcd3f3783be0f82,http/1.1,,6939.24252,10.0.2.15,61087,104.16.69.157,443,tcp,130.53635399999985,7045.0,4018.0,SF,True,False,0,ShADadTTFf,27,8145,29,5182,ssl,0
6967.292248,C1GIYKxS3mZpPUr62,10.0.2.15,61088,104.16.67.157,443,TLSv12,TLS_ECDHE_ECDSA_WITH_AES_128_GCM_SHA256,secp256r1,36c3f470.mpstat.us,False,True,CsxuknGIti,"['766129b439d4ec73f5e99ff044a704432430ae79353dde3a02e8f7661cf3fb31', 'cd6c108a0e641f2ca122aaa6d03f826759cae7c6f800eabf76dc48b67cd083ce', '9573862ac0b4b125168810ea3fd101ae2eb0bb15f61fc0e6da7a2a38b85a89e8']",[],1.0,0ffee3ba8e615ad22535e7f771690a28,7d3eb4120cd50e889bcd3f3783be0f82,http/1.1,,6967.276922,10.0.2.15,61088,104.16.67.157,443,tcp,5.744794999999613,384.0,3750.0,SF,True,False,0,ShADadFf,10,792,11,4194,ssl,0
6971.112017,CvuGlh19TNLDPww6o4,10.0.2.15,61089,63.140.34.134,443,TLSv12,TLS_ECDHE_RSA_WITH_AES_256_GCM_SHA384,,smetrics.ikea.com,True,True,CsiI,,,,0ffee3ba8e615ad22535e7f771690a28,28ef90cc3d9d08c96a8a2cb6f365a79e,,,6970.964983,10.0.2.15,61089,63.140.34.134,443,tcp,18.00388699999985,5569.0,800.0,SF,True,False,0,ShADadTFf,14,6138,14,1364,ssl,0
6973.192405,CzM7Na4OddifcTnYma,10.0.2.15,61090,104.16.67.157,443,TLSv12,TLS_ECDHE_ECDSA_WITH_AES_128_GCM_SHA256,,36c3f470.mpstat.us,True,True,CsiI,,,,1a5fe5677b0e4fbbc854e8908225637d,96681175a9547081bf3d417f1a572091,http/1.1,,6973.178527,10.0.2.15,61090,104.16.67.157,443,tcp,131.95697999999993,8698.0,688.0,SF,True,False,0,ShADadTTFf,28,9838,28,1812,ssl,0
6984.388186,CUI8Cj2PVg10KJd675,10.0.2.15,61099,172.217.23.227,443,TLSv12,TLS_ECDHE_ECDSA_WITH_AES_128_GCM_SHA256,x25519,fonts.gstatic.com,False,True,CsxknGIti,"['11ddd329046367c19b32ffdb02ed308de129de4d6ffcf95856d7bd6a7accfba9', '9f630426df1d8abfd80ace98871ba833ab9742cb34838de2b5285ed54c0c7dcc', '3c35cc963eb004451323d3275d05b353235053490d9cd83729a2faf5e7ca1cc0']",[],1.0,0ffee3ba8e615ad22535e7f771690a28,84480cf8cf0e732666092640e581e1a5,h2,,6984.102659,10.0.2.15,61099,172.217.23.227,443,tcp,219.316562,703.0,4559.0,SF,True,False,0,ShADadFf,20,1511,20,5363,ssl,0
6987.856773,CgRMVU1LaSXA7HvYeh,10.0.2.15,61115,54.192.93.103,443,TLSv12,TLS_ECDHE_RSA_WITH_AES_128_GCM_SHA256,,art19.com,True,True,CsiI,,,,1a5fe5677b0e4fbbc854e8908225637d,d199ba0af2b08e204c73d6d81a1fd260,h2,,6986.782523,10.0.2.15,61115,54.192.93.103,443,tcp,215.9373169999999,1272.0,7187.0,SF,True,False,0,ShADadFf,21,2120,26,8231,ssl,0
6987.858227,CRNQGU1Rcvb5DST0F4,10.0.2.15,61112,104.25.84.101,443,TLSv12,TLS_ECDHE_ECDSA_WITH_AES_128_GCM_SHA256,secp256r1,c.lytics.io,False,True,CsxknGIti,"['ecf6ee93b5d61c3fdab108d0dd37aed76c6e095c1bac72a7601fe4d9b4a3b3e0', 'cd6c108a0e641f2ca122aaa6d03f826759cae7c6f800eabf76dc48b67cd083ce', '9573862ac0b4b125168810ea3fd101ae2eb0bb15f61fc0e6da7a2a38b85a89e8']",[],1.0,0ffee3ba8e615ad22535e7f771690a28,2d1eb5817ece335c24904f516ad5da12,h2,,6986.763402,10.0.2.15,61112,104.25.84.101,443,tcp,215.75483600000007,991.0,13553.0,SF,True,False,0,ShADadFf,24,1959,30,14757,ssl,0
6988.168171,CaOWhv1ryPtbRJ8wg4,10.0.2.15,61107,104.16.208.165,443,TLSv12,TLS_ECDHE_ECDSA_WITH_AES_128_GCM_SHA256,secp256r1,cdn.onesignal.com,False,True,CsxuknGIti,"['b0ad6221b59460c2adbe8239f30a9330216428febc77fde6fbfef1529e8b6b5c', 'cd6c108a0e641f2ca122aaa6d03f826759cae7c6f800eabf76dc48b67cd083ce', '9573862ac0b4b125168810ea3fd101ae2eb0bb15f61fc0e6da7a2a38b85a89e8']",[],1.0,0ffee3ba8e615ad22535e7f771690a28,7d3eb4120cd50e889bcd3f3783be0f82,h2,,6986.693711,10.0.2.15,61107,104.16.208.165,443,tcp,216.301332,951.0,63408.0,SF,True,False,0,ShADadFf,31,2199,71,66252,ssl,0
6999.629154,CSljDl1wwhRrhl8Jag,10.0.2.15,61119,172.217.23.238,443,TLSv12,TLS_ECDHE_ECDSA_WITH_AES_128_GCM_SHA256,x25519,safebrowsing.google.com,False,True,CsxknGIti,"['11ddd329046367c19b32ffdb02ed308de129de4d6ffcf95856d7bd6a7accfba9', '9f630426df1d8abfd80ace98871ba833ab9742cb34838de2b5285ed54c0c7dcc', '3c35cc963eb004451323d3275d05b353235053490d9cd83729a2faf5e7ca1cc0']",[],1.0,0ffee3ba8e615ad22535e7f771690a28,84480cf8cf0e732666092640e581e1a5,h2,,6997.127583,10.0.2.15,61119,172.217.23.238,443,tcp,14.540694999999689,565.0,4421.0,SF,True,False,0,ShADadTFf,14,1134,14,4985,ssl,0
6999.034854,CgNNPV1M3Zxuifwd6j,10.0.2.15,61125,172.217.23.238,443,TLSv12,TLS_ECDHE_ECDSA_WITH_AES_128_GCM_SHA256,x25519,safebrowsing.google.com,False,True,CsxknGIti,"['11ddd329046367c19b32ffdb02ed308de129de4d6ffcf95856d7bd6a7accfba9', '9f630426df1d8abfd80ace98871ba833ab9742cb34838de2b5285ed54c0c7dcc', '3c35cc963eb004451323d3275d05b353235053490d9cd83729a2faf5e7ca1cc0']",[],1.0,0ffee3ba8e615ad22535e7f771690a28,84480cf8cf0e732666092640e581e1a5,h2,,6997.166615,10.0.2.15,61125,172.217.23.238,443,tcp,224.0905069999999,23990.0,5505.0,SF,True,False,0,ShADadTFf,38,25519,40,7109,ssl,0
7018.810234,CV1dp297RaLd1PQL6,10.0.2.15,61166,104.154.79.29,443,TLSv12,TLS_ECDHE_RSA_WITH_AES_128_GCM_SHA256,secp256r1,api.lytics.io,False,True,CsxknGIti,"['2669921ac447f44f6125086d53c6456b49258e2c82c86d7b28a260656846fe02', 'e6683e88315cd1cb403c0cea490f7c4b4c82c91cd485037489aadbaa90839f61']",[],1.0,0ffee3ba8e615ad22535e7f771690a28,ccc514751b175866924439bdbb5bba34,,,7018.491432,10.0.2.15,61166,104.154.79.29,443,tcp,2.362707000000227,316.0,3422.0,SF,True,False,0,ShADadFf,8,644,9,3786,ssl,0
7018.811966,ClCtOO1zeQiqdWoH67,10.0.2.15,61165,104.154.79.29,443,TLSv12,TLS_ECDHE_RSA_WITH_AES_128_GCM_SHA256,secp256r1,api.lytics.io,False,True,CsxknGIti,"['2669921ac447f44f6125086d53c6456b49258e2c82c86d7b28a260656846fe02', 'e6683e88315cd1cb403c0cea490f7c4b4c82c91cd485037489aadbaa90839f61']",[],1.0,0ffee3ba8e615ad22535e7f771690a28,ccc514751b175866924439bdbb5bba34,,,7018.478802,10.0.2.15,61165,104.154.79.29,443,tcp,2.368975000000318,316.0,3422.0,SF,True,False,0,ShADadFf,8,644,9,3786,ssl,0
7022.218974,CIFdvj4kJElVYJy42,10.0.2.15,61172,172.217.23.226,443,TLSv12,TLS_ECDHE_RSA_WITH_AES_128_GCM_SHA256,,cm.g.doubleclick.net,True,True,CsiI,,,,1a5fe5677b0e4fbbc854e8908225637d,67619a80665d7ab92d1041b1d11f9164,h2,,7021.789724,10.0.2.15,61172,172.217.23.226,443,tcp,27.729902999999467,2081.0,2014.0,SF,True,False,0,ShADadFf,27,3169,33,3338,ssl,0
7022.224657,Czjwi94bpDnD8f55b,10.0.2.15,61169,172.217.23.225,443,TLSv12,TLS_ECDHE_RSA_WITH_AES_128_GCM_SHA256,,tpc.googlesyndication.com,True,True,CsiI,,,,1a5fe5677b0e4fbbc854e8908225637d,67619a80665d7ab92d1041b1d11f9164,h2,,7021.786964,10.0.2.15,61169,172.217.23.225,443,tcp,222.692376,1459.0,54297.0,SF,True,False,0,ShADadFf,36,2907,72,57181,ssl,0
7022.210741,C0XPUo1645HH5ARHjk,10.0.2.15,61179,54.192.93.152,443,TLSv12,TLS_ECDHE_RSA_WITH_AES_128_GCM_SHA256,secp256r1,cdn.boomtrain.com,False,True,CsxuknGIti,"['b5e9533e463f98d5533c9aa423cadeb130d075ea7b8f8fca87b71122ab991f2b', 'f55f9ffcb83c73453261601c7e044db15a0f034b93c05830f28635ef889cf670', '87dcd4dc74640a322cd205552506d1be64f12596258096544986b4850bc72706', '28689b30e4c306aab53b027b29e36ad6dd1dcf4b953994482ca84bdc1ecac996']",[],1.0,0ffee3ba8e615ad22535e7f771690a28,76cc3e2d3028143b23ec18e27dbd7ca9,http/1.1,,7021.860883,10.0.2.15,61179,54.192.93.152,443,tcp,124.55016399999931,686.0,15090.0,SF,True,False,0,ShADadTTfF,23,1625,31,16334,ssl,0
7025.026475,CY1qEo27xe237jAyVl,10.0.2.15,61183,172.217.23.238,443,TLSv12,TLS_ECDHE_ECDSA_WITH_AES_128_GCM_SHA256,,safebrowsing-cache.google.com,True,True,CsiI,,,,1a5fe5677b0e4fbbc854e8908225637d,c23237dbea656869600e48dfbd00ab7b,h2,,7024.545284,10.0.2.15,61183,172.217.23.238,443,tcp,207.75061300000016,1995.0,3023.0,SF,True,False,0,ShADadFf,28,3123,32,4307,ssl,0
7029.122698,ChWPl14J8bW6qosz78,10.0.2.15,61184,185.172.148.128,443,TLSv12,TLS_ECDHE_RSA_WITH_AES_256_GCM_SHA384,secp256r1,opensource.keycdn.com,False,True,CsxuknGIti,"['e367df86065816a19cd3d2273aad5debe79742cc590db5ead9aaebf2a9a453f6', '25847d668eb4f04fdd40b12b6b0740c567da7d024308eb6c2c96fe41d9de218d']",[],1.0,0ffee3ba8e615ad22535e7f771690a28,56b85db39191a25c7b51014bd797544e,h2,,7028.324189,10.0.2.15,61184,185.172.148.128,443,tcp,24.61096799999996,926.0,102607.0,SF,True,False,0,ShADadfF,34,2294,102,106691,ssl,0
7035.335058,CVF9WA4516W8hIO0Vc,10.0.2.15,61192,52.7.228.124,443,TLSv12,TLS_ECDHE_RSA_WITH_AES_128_GCM_SHA256,secp256r1,onsite.boomtrain.net,False,True,CsxknGIi,"['2ee94842dbf26d041cfd199394f07fe358b72b4a37ebf34758ee6cf5e4358b76', '154c433c491929c5ef686e838e323664a00e6a0d822ccc958fb4dab03e49a08f']",[],1.0,0ffee3ba8e615ad22535e7f771690a28,303951d4c50efb2e991652225a6f02b1,,,7033.4689,10.0.2.15,61192,52.7.228.124,443,tcp,75.29605600000014,1220.0,4534.0,SF,True,False,0,ShADadTFf,19,1994,20,5338,ssl,0
7035.338326,C9itUd2lJGYRL2yZJ7,10.0.2.15,61190,52.1.6.210,443,TLSv12,TLS_ECDHE_RSA_WITH_AES_128_GCM_SHA256,secp256r1,api.boomtrain.com,False,True,CsxknGIi,"['bade2621dd162f81784564cf4a9e5469870f2cf6ccba9f0ae5c72ca72ea498dc', 'f55f9ffcb83c73453261601c7e044db15a0f034b93c05830f28635ef889cf670', '87dcd4dc74640a322cd205552506d1be64f12596258096544986b4850bc72706', '28689b30e4c306aab53b027b29e36ad6dd1dcf4b953994482ca84bdc1ecac996']",[],1.0,0ffee3ba8e615ad22535e7f771690a28,303951d4c50efb2e991652225a6f02b1,,,7033.454239,10.0.2.15,61190,52.1.6.210,443,tcp,74.36101400000007,1283.0,6427.0,SF,True,False,0,ShADadTFf,19,2057,22,7311,ssl,0
7035.341313,CH1DZY29fAkzDSu9E8,10.0.2.15,61191,52.1.6.210,443,TLSv12,TLS_ECDHE_RSA_WITH_AES_128_GCM_SHA256,secp256r1,api.boomtrain.com,False,True,CsxknGIi,"['bade2621dd162f81784564cf4a9e5469870f2cf6ccba9f0ae5c72ca72ea498dc', 'f55f9ffcb83c73453261601c7e044db15a0f034b93c05830f28635ef889cf670', '87dcd4dc74640a322cd205552506d1be64f12596258096544986b4850bc72706', '28689b30e4c306aab53b027b29e36ad6dd1dcf4b953994482ca84bdc1ecac996']",[],1.0,0ffee3ba8e615ad22535e7f771690a28,303951d4c50efb2e991652225a6f02b1,,,7033.458053,10.0.2.15,61191,52.1.6.210,443,tcp,11.745161999999254,351.0,5077.0,SF,True,False,0,ShADadFfRr,12,839,14,5641,ssl,0
7036.518293,Cfq7Mb4EdTA2qkwPe4,10.0.2.15,61196,46.137.97.31,443,TLSv12,TLS_ECDHE_RSA_WITH_AES_128_GCM_SHA256,secp256r1,match.adsrvr.org,False,True,CsxknGIi,"['eb6a61e357a3b2f8e2ab4cc809f2088543de4475bcacfe6122f6dbe82d9b7c38', '58ea0688b7909aaa8eaaa2fff36f3bbe8f4a2ad03bd70243b3903469db4890f7']",[],1.0,0ffee3ba8e615ad22535e7f771690a28,303951d4c50efb2e991652225a6f02b1,,,7035.675888,10.0.2.15,61196,46.137.97.31,443,tcp,70.850684,3142.0,6474.0,SF,True,False,0,ShADadTFf,19,3916,22,7358,ssl,0
7038.190605,Ccqd8Q3Xr1oYie0Psh,10.0.2.15,61202,52.1.6.210,443,TLSv12,TLS_ECDHE_RSA_WITH_AES_128_GCM_SHA256,secp256r1,api.boomtrain.com,False,True,CsxknGIi,"['bade2621dd162f81784564cf4a9e5469870f2cf6ccba9f0ae5c72ca72ea498dc', 'f55f9ffcb83c73453261601c7e044db15a0f034b93c05830f28635ef889cf670', '87dcd4dc74640a322cd205552506d1be64f12596258096544986b4850bc72706', '28689b30e4c306aab53b027b29e36ad6dd1dcf4b953994482ca84bdc1ecac996']",[],1.0,0ffee3ba8e615ad22535e7f771690a28,303951d4c50efb2e991652225a6f02b1,,,7036.519998,10.0.2.15,61202,52.1.6.210,443,tcp,10.280080999999882,351.0,5077.0,SF,True,False,0,ShADadFfRr,12,839,15,5681,ssl,0
7045.106189,Cj1yL727fOCrNuAVn2,10.0.2.15,61208,95.101.241.136,443,TLSv12,TLS_ECDHE_RSA_WITH_AES_256_GCM_SHA384,,cdn.optimizely.com,True,True,CsiI,,,,1a5fe5677b0e4fbbc854e8908225637d,410b9bedaf65dd26c6fe547154d60db4,h2,,7043.690007,10.0.2.15,61208,95.101.241.136,443,tcp,200.8157229999997,1227.0,148526.0,SF,True,False,0,ShADadWFfRr,62,3715,153,154650,ssl,0
7045.113243,C1djXf2Av0EIzj3f6i,10.0.2.15,61204,52.22.100.55,443,TLSv12,TLS_ECDHE_RSA_WITH_AES_128_GCM_SHA256,secp256r1,log.pinterest.com,False,True,CsxknGIi,"['d1ab179db88a34a8c788897bd5b599cba4cfcc5de8a3b9b2349135779e8f2092', '19400be5b7a31fb733917700789d2f0a2471c0c9d506c0e504c06c16d7cb17c0']",[],1.0,0ffee3ba8e615ad22535e7f771690a28,303951d4c50efb2e991652225a6f02b1,,,7043.67179,10.0.2.15,61204,52.22.100.55,443,tcp,9.03446199999962,351.0,3647.0,SF,True,False,0,ShADadFfRr,11,799,12,4131,ssl,0
7045.100249,CUU9bi3eXZV1BL7je8,10.0.2.15,61213,52.22.100.55,443,TLSv12,TLS_ECDHE_RSA_WITH_AES_128_GCM_SHA256,secp256r1,log.pinterest.com,False,True,CsxknGIi,"['d1ab179db88a34a8c788897bd5b599cba4cfcc5de8a3b9b2349135779e8f2092', '19400be5b7a31fb733917700789d2f0a2471c0c9d506c0e504c06c16d7cb17c0']",[],1.0,0ffee3ba8e615ad22535e7f771690a28,303951d4c50efb2e991652225a6f02b1,,,7043.696993,10.0.2.15,61213,52.22.100.55,443,tcp,65.60761000000002,1091.0,3956.0,SF,True,False,0,ShADadTFf,17,1785,18,4680,ssl,0
7051.786681,CPBkSc3RP2fEwffSr,10.0.2.15,61223,50.121.73.21,443,TLSv12,TLS_DHE_RSA_WITH_AES_256_CBC_SHA,,frontier.com,False,True,CsxknGIi,"['314e88eaccbc4b5a13502c27fe102f80587f1e2c37096fe5647b883c9363e1a9', '13efb39a2f6654e8c67bd04f4c6d4c90cd6cab5091bcedc73787f6b77d3d3fe7', '6b143c2005d5539cc22eab5f772db2a9fe87467feffa07fcf0a9f7d28274ca7a', '73c176434f1bc6d5adf45b0e76e727287c8de57616c1e6e6141a2b2cbc7d8e4c']",[],1.0,0ffee3ba8e615ad22535e7f771690a28,38759e3bb980b0ca6bf7f22837b8582f,,,7051.404418,10.0.2.15,61223,50.121.73.21,443,tcp,25.24043299999994,2497.0,79034.0,RSTR,True,False,0,ShADadRr,34,3865,72,81918,ssl,0
7055.269091,Ctg4fX3Sz375X434Hl,10.0.2.15,61225,172.217.23.226,443,TLSv12,TLS_ECDHE_RSA_WITH_AES_128_GCM_SHA256,,securepubads.g.doubleclick.net,True,True,CsiI,,,,1a5fe5677b0e4fbbc854e8908225637d,67619a80665d7ab92d1041b1d11f9164,h2,,7054.697397,10.0.2.15,61225,172.217.23.226,443,tcp,134.16240199999993,10858.0,44602.0,SF,True,False,0,ShADadFf,68,13586,105,48806,ssl,0
7057.642948,CERQghBWE5SjDg2Aj,10.0.2.15,61235,216.58.201.66,443,TLSv12,TLS_ECDHE_RSA_WITH_AES_128_GCM_SHA256,,adx.g.doubleclick.net,True,True,CsiI,,,,1a5fe5677b0e4fbbc854e8908225637d,67619a80665d7ab92d1041b1d11f9164,h2,,7057.112911,10.0.2.15,61235,216.58.201.66,443,tcp,5.473637999999482,2101.0,768.0,SF,True,False,0,ShADadFf,16,2749,17,1452,ssl,0
7057.644661,CQVf133wSGEfAMghg2,10.0.2.15,61234,172.217.23.226,443,TLSv12,TLS_ECDHE_RSA_WITH_AES_128_GCM_SHA256,,cm.g.doubleclick.net,True,True,CsiI,,,,1a5fe5677b0e4fbbc854e8908225637d,67619a80665d7ab92d1041b1d11f9164,h2,,7057.109762,10.0.2.15,61234,172.217.23.226,443,tcp,5.1599200000000565,1269.0,550.0,SF,True,False,0,ShADadFf,14,1837,14,1114,ssl,0
7057.645816,CAWrjy4rw5Vm7TsL4,10.0.2.15,61233,172.217.23.228,443,TLSv12,TLS_ECDHE_RSA_WITH_AES_128_GCM_SHA256,x25519,www.google.com,False,True,CsxknGIti,"['956e194960c68ac27a798b9de5f275ac1b0d80576783cff18c752250b5f1f519', '9f630426df1d8abfd80ace98871ba833ab9742cb34838de2b5285ed54c0c7dcc', '3c35cc963eb004451323d3275d05b353235053490d9cd83729a2faf5e7ca1cc0']",[],1.0,0ffee3ba8e615ad22535e7f771690a28,ab41313cfec25328b20865eb1388e0a2,h2,,7057.107419,10.0.2.15,61233,172.217.23.228,443,tcp,2.025477000000137,316.0,3837.0,RSTO,True,False,0,ShADadR,8,644,9,4201,ssl,0
7057.64198,C0HOFIXulFYleGfAd,10.0.2.15,61236,34.200.62.66,443,TLSv12,TLS_ECDHE_RSA_WITH_AES_128_GCM_SHA256,secp256r1,events.api.boomtrain.com,False,True,CsxknGIi,"['2471da317deb3d7813ad11d0faa7715d19f2b97eeb7238cedcd82d46bc74085d', 'f55f9ffcb83c73453261601c7e044db15a0f034b93c05830f28635ef889cf670', '87dcd4dc74640a322cd205552506d1be64f12596258096544986b4850bc72706', '28689b30e4c306aab53b027b29e36ad6dd1dcf4b953994482ca84bdc1ecac996']",[],1.0,0ffee3ba8e615ad22535e7f771690a28,303951d4c50efb2e991652225a6f02b1,,,7057.116833,10.0.2.15,61236,34.200.62.66,443,tcp,2.126451000000088,327.0,5121.0,SF,True,False,0,ShADadFfRr,10,735,13,5645,ssl,0
7057.648642,CyLIJmpR4qsNxJKS6,10.0.2.15,61231,93.184.221.207,443,TLSv12,TLS_ECDHE_RSA_WITH_AES_128_GCM_SHA256,secp256r1,cdn01.centro.net,False,True,CsxuknGIti,"['3fba8decd7b61f36510c7826f398e31322ad2efec98185f7a7852a965c86f039', '19400be5b7a31fb733917700789d2f0a2471c0c9d506c0e504c06c16d7cb17c0', '7431e5f4c3c1ce4690774f0b61e05440883ba9a01ed00ba6abd7806ed3b118cf']",[],1.0,0ffee3ba8e615ad22535e7f771690a28,49b45fc1ab090aa3a159778313fc9b9e,h2,,7057.10618,10.0.2.15,61231,93.184.221.207,443,tcp,2.022550000000592,319.0,4785.0,RSTO,True,False,0,ShADadR,8,647,10,5189,ssl,0
7057.647127,CYumfU2rSA1LryI4Kh,10.0.2.15,61232,52.200.226.54,443,TLSv12,TLS_ECDHE_RSA_WITH_AES_128_GCM_SHA256,secp256r1,q.adrta.com,False,True,CsxknGIi,"['09a1e8b326b03362881f1a4460fe5adb748d3819b80a97c2518ed1fde1791708', '02ab57e4e67a0cb48dd2ff34830e8ac40f4476fb08ca6be3f5cd846f646840f0', '4f32d5dc00f715250abcc486511e37f501a899deb3bf7ea8adbbd3aef1c412da']",[],1.0,0ffee3ba8e615ad22535e7f771690a28,303951d4c50efb2e991652225a6f02b1,,,7057.106809,10.0.2.15,61232,52.200.226.54,443,tcp,2.144747000000279,314.0,4849.0,SF,True,False,0,ShADadFfRr,10,722,12,5333,ssl,0
7057.653777,Cq8X511VGZ7kUD69Rh,10.0.2.15,61229,31.186.229.68,443,TLSv12,TLS_ECDHE_RSA_WITH_AES_256_GCM_SHA384,secp256r1,node-nl-ao3ohm.sitescout.com,False,True,CsxknGIti,"['f015d4c86fc456a1d84bc3afa7ddb630a34da324037bb1cc3206209a00eae6e4', 'bc3f03a436240edba5f83714f6f677e34b37f9b1f0c08c1e558d981e279e8209']",[],1.0,0ffee3ba8e615ad22535e7f771690a28,758945630046fd37070521b8544d1fe8,,,7057.102438,10.0.2.15,61229,31.186.229.68,443,tcp,2.060451000000284,331.0,3013.0,SF,True,False,0,ShADadFfRr,9,699,10,3417,ssl,0
7057.66682,C6eyrdzF90QdI93cl,10.0.2.15,61228,31.186.229.68,443,TLSv12,TLS_ECDHE_RSA_WITH_AES_256_GCM_SHA384,secp256r1,node-nl-ao3ohm.sitescout.com,False,True,CsxknGIti,"['f015d4c86fc456a1d84bc3afa7ddb630a34da324037bb1cc3206209a00eae6e4', 'bc3f03a436240edba5f83714f6f677e34b37f9b1f0c08c1e558d981e279e8209']",[],1.0,0ffee3ba8e615ad22535e7f771690a28,758945630046fd37070521b8544d1fe8,,,7057.09842,10.0.2.15,61228,31.186.229.68,443,tcp,2.06448999999975,331.0,3013.0,SF,True,False,0,ShADadFfRr,10,739,11,3457,ssl,0
7057.65093,CeBvNP29jWAAcypUKj,10.0.2.15,61230,209.15.36.21,443,TLSv12,TLS_ECDHE_RSA_WITH_AES_256_CBC_SHA,secp256r1,pixel.sitescout.com,False,True,CsxknGIti,"['f015d4c86fc456a1d84bc3afa7ddb630a34da324037bb1cc3206209a00eae6e4', 'bc3f03a436240edba5f83714f6f677e34b37f9b1f0c08c1e558d981e279e8209']",[],1.0,0ffee3ba8e615ad22535e7f771690a28,63a37e7be22df054d1f448fc0c28b98f,,,7057.105436,10.0.2.15,61230,209.15.36.21,443,tcp,2.177483000000393,346.0,3272.0,SF,True,False,0,ShADadFRfr,9,714,10,3676,ssl,0
7059.525424,CkHeiR2K7sIplixgO9,10.0.2.15,61239,95.101.252.144,443,TLSv12,TLS_ECDHE_RSA_WITH_AES_256_GCM_SHA384,,z.moatads.com,True,True,CsiI,,,,1a5fe5677b0e4fbbc854e8908225637d,410b9bedaf65dd26c6fe547154d60db4,http/1.1,,7059.136005,10.0.2.15,61239,95.101.252.144,443,tcp,139.24122999999963,926.0,55652.0,SF,True,False,0,ShADadTTFfRr,40,2547,74,58616,ssl,0
7059.50587,C9T8q43k16jFBOLwW7,10.0.2.15,61237,54.235.150.94,443,TLSv12,TLS_ECDHE_RSA_WITH_AES_128_GCM_SHA256,secp256r1,129701606.log.optimizely.com,False,True,CsxknGIi,"['720a04382d93aa8932b95cc755b9fbaab1b6a01d85399736cf4d5a4607e41172', '19400be5b7a31fb733917700789d2f0a2471c0c9d506c0e504c06c16d7cb17c0', '7431e5f4c3c1ce4690774f0b61e05440883ba9a01ed00ba6abd7806ed3b118cf']",[],1.0,0ffee3ba8e615ad22535e7f771690a28,303951d4c50efb2e991652225a6f02b1,,,7059.126144,10.0.2.15,61237,54.235.150.94,443,tcp,110.21359099999972,1717.0,5255.0,SF,True,False,0,ShADadTFf,22,2614,25,6259,ssl,0
7059.532206,Cy666gEeWUqvXyJ6a,10.0.2.15,61238,52.54.237.99,443,TLSv12,TLS_ECDHE_RSA_WITH_AES_128_GCM_SHA256,secp256r1,logx.optimizely.com,False,True,CsxknGIi,"['121e4a8079d4afed2206030ff5d65362176fc4cf1d6cdc37d83304cf705a5212', '19400be5b7a31fb733917700789d2f0a2471c0c9d506c0e504c06c16d7cb17c0']",[],1.0,0ffee3ba8e615ad22535e7f771690a28,303951d4c50efb2e991652225a6f02b1,,,7059.135122,10.0.2.15,61238,52.54.237.99,443,tcp,74.57515400000011,2176.0,3947.0,SF,True,False,0,ShADadTFf,20,2990,20,4751,ssl,0
7070.26676,Cnt3hX30LH8lEKfE2,10.0.2.15,61248,50.121.73.21,443,TLSv12,TLS_DHE_RSA_WITH_AES_256_CBC_SHA,,frontier.com,True,True,CsiI,,,,0ffee3ba8e615ad22535e7f771690a28,38759e3bb980b0ca6bf7f22837b8582f,,,7069.760054,10.0.2.15,61248,50.121.73.21,443,tcp,5.512613999999303,1159.0,8266.0,RSTO,True,False,0,ShADadFR,11,1607,14,8830,ssl,0
7070.267249,CujGFl4gLAQjUtzQ2j,10.0.2.15,61247,50.121.73.21,443,TLSv12,TLS_DHE_RSA_WITH_AES_256_CBC_SHA,,frontier.com,True,True,CsiI,,,,0ffee3ba8e615ad22535e7f771690a28,38759e3bb980b0ca6bf7f22837b8582f,,,7069.753095,10.0.2.15,61247,50.121.73.21,443,tcp,5.925900999999612,1111.0,20112.0,SF,True,False,0,ShADadFf,14,1679,24,21076,ssl,0
7070.268494,C96hZ5UpJvRJx2qFl,10.0.2.15,61246,50.121.73.21,443,TLSv12,TLS_DHE_RSA_WITH_AES_256_CBC_SHA,,frontier.com,True,True,CsiI,,,,0ffee3ba8e615ad22535e7f771690a28,38759e3bb980b0ca6bf7f22837b8582f,,,7069.752437,10.0.2.15,61246,50.121.73.21,443,tcp,6.976179000000229,1175.0,3334.0,SF,True,False,0,ShADadFf,10,1583,12,3818,ssl,0
7070.268908,CCWyFj3sP5XWw1EZvj,10.0.2.15,61245,50.121.73.21,443,TLSv12,TLS_DHE_RSA_WITH_AES_256_CBC_SHA,,frontier.com,True,True,CsiI,,,,0ffee3ba8e615ad22535e7f771690a28,38759e3bb980b0ca6bf7f22837b8582f,,,7069.750643,10.0.2.15,61245,50.121.73.21,443,tcp,5.934230999999272,1143.0,4123.0,SF,True,False,0,ShADadFf,11,1591,12,4607,ssl,0
7070.26944,C5Y8pz3cI5gosAFfDj,10.0.2.15,61244,50.121.73.21,443,TLSv12,TLS_DHE_RSA_WITH_AES_256_CBC_SHA,,frontier.com,True,True,CsiI,,,,0ffee3ba8e615ad22535e7f771690a28,38759e3bb980b0ca6bf7f22837b8582f,,,7069.749847,10.0.2.15,61244,50.121.73.21,443,tcp,6.98122499999954,1159.0,1622.0,SF,True,False,0,ShADadFf,10,1567,11,2066,ssl,0
7070.263899,CWR75M36fEhetUZBqk,10.0.2.15,61250,23.65.208.91,443,TLSv12,TLS_ECDHE_RSA_WITH_AES_256_CBC_SHA,secp256r1,se.monetate.net,False,True,CsxknGIti,"['355b3d34d4ed4f7e0683e19de814d369b4dd838117c62d433c28358649da8d91', '154c433c491929c5ef686e838e323664a00e6a0d822ccc958fb4dab03e49a08f']",[],1.0,0ffee3ba8e615ad22535e7f771690a28,fe287a22c1814c37634a40cc81430145,http/1.1,,7069.788566,10.0.2.15,61250,23.65.208.91,443,tcp,6.881464000000051,427.0,3256.0,RSTO,True,False,0,ShADadFR,10,835,11,3700,ssl,0
7070.265505,CeGdL62UX1YsMJW611,10.0.2.15,61249,95.101.246.111,443,TLSv12,TLS_ECDHE_RSA_WITH_AES_256_GCM_SHA384,secp256r1,assets.adobedtm.com,False,True,CsxknGIti,"['195638e0ba8dff74d467b663a7e4afb9c011e8887f275192576ea167c7887e41', '19400be5b7a31fb733917700789d2f0a2471c0c9d506c0e504c06c16d7cb17c0']",[],1.0,0ffee3ba8e615ad22535e7f771690a28,2b33c1374db4ddf06942f92373c0b54b,http/1.1,,7069.787177,10.0.2.15,61249,95.101.246.111,443,tcp,6.879073000000062,385.0,3821.0,SF,True,False,0,ShADadFfRr,11,833,13,4345,ssl,0
7070.270436,Cn5UCt8f5HPo8od11,10.0.2.15,61262,54.192.93.212,443,TLSv12,TLS_ECDHE_RSA_WITH_AES_128_GCM_SHA256,secp256r1,cdn.cohesionapps.com,False,True,CsxknGIti,"['861fda9542145f155f826be321a1f3a0881299282618b3bcfc15f1d3cb9f92e7', 'f55f9ffcb83c73453261601c7e044db15a0f034b93c05830f28635ef889cf670', '87dcd4dc74640a322cd205552506d1be64f12596258096544986b4850bc72706', '28689b30e4c306aab53b027b29e36ad6dd1dcf4b953994482ca84bdc1ecac996']",[],1.0,0ffee3ba8e615ad22535e7f771690a28,b898351eb5e266aefd3723d466935494,h2,,7069.806003,10.0.2.15,61262,54.192.93.212,443,tcp,6.816744000000654,354.0,5307.0,SF,True,False,0,ShADadFf,10,762,12,5791,ssl,0
7070.271325,CcYy7p4qTPl6cH5tBk,10.0.2.15,61261,216.137.61.253,443,TLSv12,TLS_ECDHE_RSA_WITH_AES_128_GCM_SHA256,secp256r1,d2w3zkq33l1i26.cloudfront.net,False,True,CsxuknGIti,"['90c0937808b31877df6c4a5c743c99325d974624be3735faa5078cf73d4fd205', 'eae72eb454bf6c3977ebd289e970b2f5282949190093d0d26f98d0f0d6a9cf17']",[],1.0,0ffee3ba8e615ad22535e7f771690a28,76cc3e2d3028143b23ec18e27dbd7ca9,http/1.1,,7069.803888,10.0.2.15,61261,216.137.61.253,443,tcp,5.396490999999514,738.0,85567.0,RSTR,True,False,0,ShADadRr,40,2346,92,89251,ssl,0
7070.272709,CIbBM01mFQ9fXqmfmf,10.0.2.15,61260,216.137.61.253,443,TLSv12,TLS_ECDHE_RSA_WITH_AES_128_GCM_SHA256,secp256r1,d2w3zkq33l1i26.cloudfront.net,False,True,CsxuknGIti,"['90c0937808b31877df6c4a5c743c99325d974624be3735faa5078cf73d4fd205', 'eae72eb454bf6c3977ebd289e970b2f5282949190093d0d26f98d0f0d6a9cf17']",[],1.0,0ffee3ba8e615ad22535e7f771690a28,76cc3e2d3028143b23ec18e27dbd7ca9,http/1.1,,7069.803066,10.0.2.15,61260,216.137.61.253,443,tcp,5.394210999999814,754.0,91833.0,RSTR,True,False,0,ShADadRr,43,2482,99,95797,ssl,0
7070.274134,CmJHdEUUMHcO3u1k5,10.0.2.15,61259,172.217.23.228,443,TLSv12,TLS_ECDHE_RSA_WITH_AES_128_GCM_SHA256,x25519,www.google.com,False,True,CsxknGIti,"['956e194960c68ac27a798b9de5f275ac1b0d80576783cff18c752250b5f1f519', '9f630426df1d8abfd80ace98871ba833ab9742cb34838de2b5285ed54c0c7dcc', '3c35cc963eb004451323d3275d05b353235053490d9cd83729a2faf5e7ca1cc0']",[],1.0,0ffee3ba8e615ad22535e7f771690a28,ab41313cfec25328b20865eb1388e0a2,h2,,7069.799917,10.0.2.15,61259,172.217.23.228,443,tcp,6.798302999999578,347.0,3837.0,SF,True,False,0,ShADadFf,10,755,10,4241,ssl,0
7070.275472,COTgco1pcvNvfZyYIg,10.0.2.15,61258,94.31.29.54,443,TLSv12,TLS_ECDHE_RSA_WITH_AES_128_GCM_SHA256,secp256r1,code.jquery.com,False,True,CsxuknGIti,"['7b63a6dc9511ee7cdbf74a01a00ec40c9d2c39e68a61a90607ff590740ab369a', 'ee793643199474ed60efdc8ccde4d37445921683593aa751bbf8ee491a391e97', 'ebd41040e4bb3ec742c9e381d31ef2a41a48b6685c96e7cef3c1df6cd4331c99']",[],1.0,0ffee3ba8e615ad22535e7f771690a28,49b45fc1ab090aa3a159778313fc9b9e,h2,,7069.797454,10.0.2.15,61258,94.31.29.54,443,tcp,8.604145000000244,886.0,83378.0,RSTR,True,False,0,ShADadRr,41,2534,92,87062,ssl,0
7070.276515,Chr5xJ2vg6OI83Pzhc,10.0.2.15,61257,94.31.29.54,443,TLSv12,TLS_ECDHE_RSA_WITH_AES_128_GCM_SHA256,secp256r1,code.jquery.com,False,True,CsxuknGIti,"['7b63a6dc9511ee7cdbf74a01a00ec40c9d2c39e68a61a90607ff590740ab369a', 'ee793643199474ed60efdc8ccde4d37445921683593aa751bbf8ee491a391e97', 'ebd41040e4bb3ec742c9e381d31ef2a41a48b6685c96e7cef3c1df6cd4331c99']",[],1.0,0ffee3ba8e615ad22535e7f771690a28,49b45fc1ab090aa3a159778313fc9b9e,h2,,7069.795819,10.0.2.15,61257,94.31.29.54,443,tcp,8.7611509999997,902.0,13303.0,SF,True,False,0,ShADadFf,17,1590,24,14267,ssl,0
7070.277932,CsjACN3Zd79kQki0eh,10.0.2.15,61256,198.232.125.123,443,TLSv12,TLS_ECDHE_RSA_WITH_AES_128_GCM_SHA256,secp256r1,maxcdn.bootstrapcdn.com,False,True,CsxknGIti,"['dc5627a252c252d6d6f680d52001ccf439f2ff2633c9f766d6d5ab6e85ee6433', 'e6683e88315cd1cb403c0cea490f7c4b4c82c91cd485037489aadbaa90839f61']",[],1.0,0ffee3ba8e615ad22535e7f771690a28,8d2a028aa94425f76ced7826b1f39039,h2,,7069.794631,10.0.2.15,61256,198.232.125.123,443,tcp,6.780007000000296,357.0,3294.0,RSTR,True,False,0,ShADadRr,10,765,9,3658,ssl,0
7070.284155,C7SlaG3SvfbZ6ynJzi,10.0.2.15,61255,198.232.125.81,443,TLSv12,TLS_ECDHE_RSA_WITH_AES_128_GCM_SHA256,secp256r1,cdn.rawgit.com,False,True,CsxknGIti,"['02ac37edc23b77cfbfd2b4571cb5f8f7c96dc32ba1a3d40f2ce9241ebfb66f2e', '02ab57e4e67a0cb48dd2ff34830e8ac40f4476fb08ca6be3f5cd846f646840f0', '4f32d5dc00f715250abcc486511e37f501a899deb3bf7ea8adbbd3aef1c412da']",[],1.0,0ffee3ba8e615ad22535e7f771690a28,8d2a028aa94425f76ced7826b1f39039,h2,,7069.793852,10.0.2.15,61255,198.232.125.81,443,tcp,6.853197000000364,380.0,5120.0,SF,True,False,0,ShADadFf,10,788,11,5564,ssl,0
7070.289752,CvlGFdtIMkVGNVpx7,10.0.2.15,61254,104.19.192.102,443,TLSv12,TLS_ECDHE_ECDSA_WITH_AES_128_GCM_SHA256,secp256r1,cdnjs.cloudflare.com,False,True,CsxuknGIti,"['288a62410b9a17d44ccccf0ca447daaee0f3c7bcd3e0cb6d4f24ef85d2dbfdd0', 'cd6c108a0e641f2ca122aaa6d03f826759cae7c6f800eabf76dc48b67cd083ce', '9573862ac0b4b125168810ea3fd101ae2eb0bb15f61fc0e6da7a2a38b85a89e8']",[],1.0,0ffee3ba8e615ad22535e7f771690a28,7d3eb4120cd50e889bcd3f3783be0f82,h2,,7069.792877,10.0.2.15,61254,104.19.192.102,443,tcp,6.8542200000001685,386.0,3839.0,SF,True,False,0,ShADadFf,10,794,11,4283,ssl,0
7070.291721,CqHr394PsO1sxKoLw9,10.0.2.15,61253,216.137.61.253,443,TLSv12,TLS_ECDHE_RSA_WITH_AES_128_GCM_SHA256,secp256r1,d2w3zkq33l1i26.cloudfront.net,False,True,CsxuknGIti,"['90c0937808b31877df6c4a5c743c99325d974624be3735faa5078cf73d4fd205', 'eae72eb454bf6c3977ebd289e970b2f5282949190093d0d26f98d0f0d6a9cf17']",[],1.0,0ffee3ba8e615ad22535e7f771690a28,76cc3e2d3028143b23ec18e27dbd7ca9,http/1.1,,7069.792229,10.0.2.15,61253,216.137.61.253,443,tcp,6.851517000000058,363.0,5199.0,SF,True,False,0,ShADadFf,10,771,12,5683,ssl,0
7070.292705,COJHXw4P3zfEIqTTb5,10.0.2.15,61252,54.192.93.88,443,TLSv12,TLS_ECDHE_RSA_WITH_AES_128_GCM_SHA256,secp256r1,cdn.invoca.solutions,False,True,CsxknGIti,"['effffd212b20ba7469439f04b9fbadb9ea8dc620faf9bc5f64bd9cdb30fd8928', '973a41276ffd01e027a2aad49e34c37846d3e976ff6a620b6712e33832041aa6']",[],1.0,0ffee3ba8e615ad22535e7f771690a28,b898351eb5e266aefd3723d466935494,http/1.1,,7069.790148,10.0.2.15,61252,54.192.93.88,443,tcp,6.853642000000036,323.0,3261.0,SF,True,False,0,ShADadFf,9,691,10,3665,ssl,0
7070.293327,CLzyG93hT1bA4Y9hpg,10.0.2.15,61251,52.202.224.255,443,TLSv12,TLS_ECDHE_RSA_WITH_AES_128_GCM_SHA256,secp256r1,pnapi0.invoca.net,False,True,CsxknGIi,"['9ad8b7f78ddd17496974be62b7849739f402d6d1a63ce8283c0e3f69dcb9a256', '973a41276ffd01e027a2aad49e34c37846d3e976ff6a620b6712e33832041aa6', '3a2fbe92891e57fe05d57087f48e730f17e5a5f53ef403d618e5b74d7a7e6ecb', 'c3846bf24b9e93ca64274c0ec67c1ecc5e024ffcacd2d74019350e81fe546ae4']",[],1.0,0ffee3ba8e615ad22535e7f771690a28,303951d4c50efb2e991652225a6f02b1,,,7069.789587,10.0.2.15,61251,52.202.224.255,443,tcp,6.939006999999947,352.0,5280.0,SF,True,False,0,ShADadFfRr,10,760,12,5764,ssl,0
7085.98846,CFKhfE4ImYK9iTsBUe,10.0.2.15,61272,172.217.23.226,443,TLSv12,TLS_ECDHE_RSA_WITH_AES_128_GCM_SHA256,,cm.g.doubleclick.net,True,True,CsiI,,,,1a5fe5677b0e4fbbc854e8908225637d,67619a80665d7ab92d1041b1d11f9164,h2,,7085.772538,10.0.2.15,61272,172.217.23.226,443,tcp,458.25832399999945,3031.0,3700.0,SF,True,False,0,ShADadfF,49,4999,56,5944,ssl,0
7085.991714,CGlHbU3wmlMT1feOja,10.0.2.15,61270,172.217.23.228,443,TLSv12,TLS_ECDHE_RSA_WITH_AES_128_GCM_SHA256,x25519,www.google.com,False,True,CsxknGIti,"['956e194960c68ac27a798b9de5f275ac1b0d80576783cff18c752250b5f1f519', '9f630426df1d8abfd80ace98871ba833ab9742cb34838de2b5285ed54c0c7dcc', '3c35cc963eb004451323d3275d05b353235053490d9cd83729a2faf5e7ca1cc0']",[],1.0,0ffee3ba8e615ad22535e7f771690a28,ab41313cfec25328b20865eb1388e0a2,h2,,7085.760571,10.0.2.15,61270,172.217.23.228,443,tcp,175.53194900000017,3246.0,13586.0,SF,True,False,0,ShADadFf,35,4654,44,15350,ssl,0
7086.463778,CDVZ094ktY9H8sSym5,10.0.2.15,61274,151.101.112.128,443,TLSv12,TLS_ECDHE_RSA_WITH_AES_128_GCM_SHA256,secp256r1,cdn-mvpdmanager.video.aetnd.com,False,True,CsxuknGIti,"['699d2c0846a3911d067f27f56d0454e6c363f5ad235016b34727118c116b6dc9', '4b7334e1d8999822bafa8ff6888125389b18a4e5ab26ffa624c7f68fdc81f0cb']",[],1.0,0ffee3ba8e615ad22535e7f771690a28,860fcf58fd757e26aa8911e5eaff6b53,http/1.1,,7085.992818,10.0.2.15,61274,151.101.112.128,443,tcp,132.62361200000032,701.0,30970.0,RSTO,True,False,0,ShADadTTFR,32,2001,47,32854,ssl,0
7086.461419,CBCXIo4Qvgylt7Gt7e,10.0.2.15,61276,95.100.188.137,443,TLSv12,TLS_ECDHE_RSA_WITH_AES_256_GCM_SHA384,secp256r1,cdns.gigya.com,False,True,CsxknGIti,"['b04060d44d547fa9ca664c5b49bc0750241a752f0ffd54655c7e6bc93f68a42e', 'eae72eb454bf6c3977ebd289e970b2f5282949190093d0d26f98d0f0d6a9cf17']",[],1.0,0ffee3ba8e615ad22535e7f771690a28,2b33c1374db4ddf06942f92373c0b54b,http/1.1,,7085.994128,10.0.2.15,61276,95.100.188.137,443,tcp,143.7778819999994,917.0,59421.0,SF,True,False,0,ShADadTTFfRr,40,2539,74,62385,ssl,0
7086.46249,CuURWa3TA0o3FtzXya,10.0.2.15,61275,95.101.247.51,443,TLSv12,TLS_ECDHE_RSA_WITH_AES_256_GCM_SHA384,secp256r1,entitlement.auth.adobe.com,False,True,CsxknGIti,"['8710ecce257cbe1759a06bcc9a0fedb44eb6b643f873c4bd3c1f97a2a87bc501', '154c433c491929c5ef686e838e323664a00e6a0d822ccc958fb4dab03e49a08f', '4348a0e9444c78cb265e058d5e8944b4d84f9662bd26db257f8934a443c70161']",[],1.0,0ffee3ba8e615ad22535e7f771690a28,3323864de1cf84aeb345a54be983188f,http/1.1,,7085.993353,10.0.2.15,61275,95.101.247.51,443,tcp,143.78310000000056,1861.0,16793.0,SF,True,False,0,ShADadTTFfRr,32,3163,41,18437,ssl,0
7088.390542,CrkglC3FjSBoJ2Oprk,10.0.2.15,61281,151.101.112.128,443,TLSv12,TLS_ECDHE_RSA_WITH_AES_128_GCM_SHA256,secp256r1,cdn-mvpdmanager.video.aetnd.com,False,True,CsxuknGIti,"['699d2c0846a3911d067f27f56d0454e6c363f5ad235016b34727118c116b6dc9', '4b7334e1d8999822bafa8ff6888125389b18a4e5ab26ffa624c7f68fdc81f0cb']",[],1.0,0ffee3ba8e615ad22535e7f771690a28,860fcf58fd757e26aa8911e5eaff6b53,http/1.1,,7087.640091,10.0.2.15,61281,151.101.112.128,443,tcp,17.62415400000009,365.0,5737.0,RSTO,True,False,0,ShADadTFR,13,894,15,6341,ssl,0
7093.754638,COLlr14fyYDriCAy9f,10.0.2.15,61305,54.192.93.152,443,TLSv12,TLS_ECDHE_RSA_WITH_AES_128_GCM_SHA256,secp256r1,t.gmg.io,False,True,CsxuknGIti,"['3786d51674239c57194137a404d37cb6d2a6cf48e5bb0db7a004ad9d34409e36', 'f55f9ffcb83c73453261601c7e044db15a0f034b93c05830f28635ef889cf670', '87dcd4dc74640a322cd205552506d1be64f12596258096544986b4850bc72706', '28689b30e4c306aab53b027b29e36ad6dd1dcf4b953994482ca84bdc1ecac996']",[],1.0,0ffee3ba8e615ad22535e7f771690a28,76cc3e2d3028143b23ec18e27dbd7ca9,h2,,7093.24124,10.0.2.15,61305,54.192.93.152,443,tcp,14.96833499999957,849.0,79098.0,RSTO,True,False,0,ShADadR,44,2617,91,82742,ssl,0
7093.823485,CBV6rI1uK4e7U8cvEh,10.0.2.15,61302,54.192.93.196,443,TLSv12,TLS_ECDHE_RSA_WITH_AES_128_GCM_SHA256,,www.clickondetroit.com,True,True,CsiI,,,,1a5fe5677b0e4fbbc854e8908225637d,d199ba0af2b08e204c73d6d81a1fd260,h2,,7093.224606,10.0.2.15,61302,54.192.93.196,443,tcp,197.574044,1207.0,26163.0,SF,True,False,0,ShADadFf,27,2295,42,27847,ssl,0
7093.856143,CnrbwF2sYOeCxxeWwl,10.0.2.15,61300,54.192.93.196,443,TLSv12,TLS_ECDHE_RSA_WITH_AES_128_GCM_SHA256,,www.clickondetroit.com,True,True,CsiI,,,,1a5fe5677b0e4fbbc854e8908225637d,7bee5c1d424b7e5f943b06983bb11422,h2,,7093.221622,10.0.2.15,61300,54.192.93.196,443,tcp,12.182842000000164,1119.0,8308.0,SF,True,False,0,ShADadFf,16,1767,21,9152,ssl,0
7093.789348,CMOJX14I3UggCiCUek,10.0.2.15,61304,54.192.93.152,443,TLSv12,TLS_ECDHE_RSA_WITH_AES_128_GCM_SHA256,secp256r1,t.gmg.io,False,True,CsxknGIti,"['3786d51674239c57194137a404d37cb6d2a6cf48e5bb0db7a004ad9d34409e36', 'f55f9ffcb83c73453261601c7e044db15a0f034b93c05830f28635ef889cf670', '87dcd4dc74640a322cd205552506d1be64f12596258096544986b4850bc72706', '28689b30e4c306aab53b027b29e36ad6dd1dcf4b953994482ca84bdc1ecac996']",[],1.0,0ffee3ba8e615ad22535e7f771690a28,b898351eb5e266aefd3723d466935494,h2,,7093.240469,10.0.2.15,61304,54.192.93.152,443,tcp,15.401903999999377,855.0,146101.0,RSTR,True,False,0,ShADadRr,58,3183,148,152025,ssl,0
7093.952216,C2kiTm4jbofeo25x12,10.0.2.15,61293,54.192.93.196,443,TLSv12,TLS_ECDHE_RSA_WITH_AES_128_GCM_SHA256,,www.clickondetroit.com,True,True,CsiI,,,,1a5fe5677b0e4fbbc854e8908225637d,d199ba0af2b08e204c73d6d81a1fd260,h2,,7093.20709,10.0.2.15,61293,54.192.93.196,443,tcp,13.252698000000237,1154.0,97688.0,SF,True,False,0,ShADadFf,53,3282,113,102212,ssl,0
7093.795744,CN7mkW2DV1xx3zgNfd,10.0.2.15,61303,54.192.93.152,443,TLSv12,TLS_ECDHE_RSA_WITH_AES_128_GCM_SHA256,secp256r1,t.gmg.io,False,True,CsxknGIti,"['3786d51674239c57194137a404d37cb6d2a6cf48e5bb0db7a004ad9d34409e36', 'f55f9ffcb83c73453261601c7e044db15a0f034b93c05830f28635ef889cf670', '87dcd4dc74640a322cd205552506d1be64f12596258096544986b4850bc72706', '28689b30e4c306aab53b027b29e36ad6dd1dcf4b953994482ca84bdc1ecac996']",[],1.0,0ffee3ba8e615ad22535e7f771690a28,b898351eb5e266aefd3723d466935494,h2,,7093.238878,10.0.2.15,61303,54.192.93.152,443,tcp,15.575901000000158,862.0,6265.0,SF,True,False,0,ShADadFf,17,1550,19,7029,ssl,0
7093.922233,Ck73x5tEzps2tPTdj,10.0.2.15,61296,54.192.93.152,443,TLSv12,TLS_ECDHE_RSA_WITH_AES_128_GCM_SHA256,secp256r1,t.gmg.io,False,True,CsxuknGIti,"['3786d51674239c57194137a404d37cb6d2a6cf48e5bb0db7a004ad9d34409e36', 'f55f9ffcb83c73453261601c7e044db15a0f034b93c05830f28635ef889cf670', '87dcd4dc74640a322cd205552506d1be64f12596258096544986b4850bc72706', '28689b30e4c306aab53b027b29e36ad6dd1dcf4b953994482ca84bdc1ecac996']",[],1.0,0ffee3ba8e615ad22535e7f771690a28,76cc3e2d3028143b23ec18e27dbd7ca9,h2,,7093.209635,10.0.2.15,61296,54.192.93.152,443,tcp,16.747245999999905,854.0,10503.0,SF,True,False,0,ShADadFf,18,1582,23,11427,ssl,0
7093.93571,C0VN6X2TJgDOjhaWvf,10.0.2.15,61295,216.58.201.66,443,TLSv12,TLS_ECDHE_RSA_WITH_AES_128_GCM_SHA256,x25519,www.googletagservices.com,False,True,CsxknGIti,"['a32ffddd76f9e7debbfc9a37b38d2ef86039b30a10d7c45ab8223d149cf99699', '9f630426df1d8abfd80ace98871ba833ab9742cb34838de2b5285ed54c0c7dcc', '3c35cc963eb004451323d3275d05b353235053490d9cd83729a2faf5e7ca1cc0']",[],1.0,0ffee3ba8e615ad22535e7f771690a28,ab41313cfec25328b20865eb1388e0a2,h2,,7093.208651,10.0.2.15,61295,216.58.201.66,443,tcp,17.821853999999803,868.0,5776.0,SF,True,False,0,ShADadTFf,17,1557,20,6580,ssl,0
7093.947747,CrWxS63gyPP21zWX9b,10.0.2.15,61294,172.217.23.234,443,TLSv12,TLS_ECDHE_RSA_WITH_AES_128_GCM_SHA256,x25519,fonts.googleapis.com,False,True,CsxknGIti,"['0ca616f3b5a49ded9af60777a33ae7119bfd6de6a815dbee0b64d5d69491aa06', '9f630426df1d8abfd80ace98871ba833ab9742cb34838de2b5285ed54c0c7dcc', '3c35cc963eb004451323d3275d05b353235053490d9cd83729a2faf5e7ca1cc0']",[],1.0,0ffee3ba8e615ad22535e7f771690a28,ab41313cfec25328b20865eb1388e0a2,h2,,7093.207859,10.0.2.15,61294,172.217.23.234,443,tcp,16.30625599999985,920.0,5233.0,SF,True,False,0,ShADadFf,16,1568,18,5957,ssl,0
7104.139995,CYZlin4Si0o068G5sg,10.0.2.15,61307,104.16.147.224,443,TLSv12,TLS_ECDHE_ECDSA_WITH_AES_128_GCM_SHA256,secp256r1,coursehero.com,False,True,CsxuknGIti,"['0de79b621017ca5f09accc4f39f7a997f0e7ccef65eaebfdb03c379924e71931', 'cd6c108a0e641f2ca122aaa6d03f826759cae7c6f800eabf76dc48b67cd083ce', '9573862ac0b4b125168810ea3fd101ae2eb0bb15f61fc0e6da7a2a38b85a89e8']",[],1.0,0ffee3ba8e615ad22535e7f771690a28,7d3eb4120cd50e889bcd3f3783be0f82,h2,,7103.09756,10.0.2.15,61307,104.16.147.224,443,tcp,342.9278859999995,14212.0,1109092.0,SF,True,False,0,ShADadtFf,431,31460,1092,1154196,ssl,0
7105.668924,CPgDxc4rTTUSdvuCeg,10.0.2.15,61309,139.162.30.99,443,TLSv12,TLS_ECDHE_RSA_WITH_AES_128_GCM_SHA256,secp256r1,a.c.appier.net,False,False,CsxknGI,"['4cafbc7c80c54926262879d44f4597ef8973c39fd6ded37fba55ddb341373482', '02ab57e4e67a0cb48dd2ff34830e8ac40f4476fb08ca6be3f5cd846f646840f0', '4f32d5dc00f715250abcc486511e37f501a899deb3bf7ea8adbbd3aef1c412da']",[],1.0,0ffee3ba8e615ad22535e7f771690a28,ccc514751b175866924439bdbb5bba34,,,7104.972578,10.0.2.15,61309,139.162.30.99,443,tcp,1.753859000000375,317.0,4804.0,SF,True,False,0,ShADadfF,8,645,10,5208,ssl,0
7112.589158,CJd1dx2jKVDRoqTocd,10.0.2.15,61318,172.217.23.238,443,TLSv12,TLS_ECDHE_ECDSA_WITH_AES_128_GCM_SHA256,x25519,cse.google.com,False,True,CsxknGIti,"['11ddd329046367c19b32ffdb02ed308de129de4d6ffcf95856d7bd6a7accfba9', '9f630426df1d8abfd80ace98871ba833ab9742cb34838de2b5285ed54c0c7dcc', '3c35cc963eb004451323d3275d05b353235053490d9cd83729a2faf5e7ca1cc0']",[],1.0,0ffee3ba8e615ad22535e7f771690a28,84480cf8cf0e732666092640e581e1a5,h2,,7112.426201,10.0.2.15,61318,172.217.23.238,443,tcp,217.538047,1098.0,6441.0,SF,True,False,0,ShADadFf,21,1946,23,7365,ssl,0
7112.901254,CfJ6K3136RuHO0oaxa,10.0.2.15,61320,95.100.188.137,443,TLSv12,TLS_ECDHE_RSA_WITH_AES_256_GCM_SHA384,,cdns.us1.gigya.com,True,True,CsiI,,,,1a5fe5677b0e4fbbc854e8908225637d,410b9bedaf65dd26c6fe547154d60db4,http/1.1,,7112.433181,10.0.2.15,61320,95.100.188.137,443,tcp,165.56711499999983,2045.0,45534.0,SF,True,False,0,ShADadTTFf,37,3548,63,48058,ssl,0
7113.088486,CCve203CXd8DH35LZi,10.0.2.15,61319,54.149.15.98,443,TLSv12,TLS_ECDHE_RSA_WITH_AES_128_GCM_SHA256,secp256r1,sp.auth.adobe.com,False,True,CsxknGIi,"['66afbb7239e0e0867312515d6a9032dc949f55568fb50130508caba036dc22c9', '19400be5b7a31fb733917700789d2f0a2471c0c9d506c0e504c06c16d7cb17c0', '7431e5f4c3c1ce4690774f0b61e05440883ba9a01ed00ba6abd7806ed3b118cf']",[],1.0,0ffee3ba8e615ad22535e7f771690a28,303951d4c50efb2e991652225a6f02b1,,,7112.430836,10.0.2.15,61319,54.149.15.98,443,tcp,82.04503199999999,5536.0,62688.0,SF,True,False,0,ShADadTFf,43,7270,79,65852,ssl,0
7113.092816,CMAfdO3mWUozBvP3A,10.0.2.15,61321,52.38.120.69,443,TLSv12,TLS_ECDHE_RSA_WITH_AES_256_GCM_SHA384,secp256r1,www.leafly.com,False,True,CsxuknGIti,"['7a2238b507cb27175a48cc8bc67ccc545d8b77b568d307764ea31ff1d709e417', '154c433c491929c5ef686e838e323664a00e6a0d822ccc958fb4dab03e49a08f', '4348a0e9444c78cb265e058d5e8944b4d84f9662bd26db257f8934a443c70161']",[],1.0,0ffee3ba8e615ad22535e7f771690a28,d53e4608f956df65bb2b8a8c4d3b025d,,,7112.452441,10.0.2.15,61321,52.38.120.69,443,tcp,65.07714299999952,735.0,30518.0,SF,True,False,0,ShADadTfF,25,1748,42,32202,ssl,0
7114.882842,CK4HBW249C3mKcx5vk,10.0.2.15,61333,104.16.149.224,443,TLSv12,TLS_ECDHE_ECDSA_WITH_AES_128_GCM_SHA256,secp256r1,www.coursehero.com,False,True,CsxuknGIti,"['0de79b621017ca5f09accc4f39f7a997f0e7ccef65eaebfdb03c379924e71931', 'cd6c108a0e641f2ca122aaa6d03f826759cae7c6f800eabf76dc48b67cd083ce', '9573862ac0b4b125168810ea3fd101ae2eb0bb15f61fc0e6da7a2a38b85a89e8']",[],1.0,0ffee3ba8e615ad22535e7f771690a28,7d3eb4120cd50e889bcd3f3783be0f82,h2,,7114.586503,10.0.2.15,61333,104.16.149.224,443,tcp,8.334653999999318,532.0,3862.0,SF,True,False,0,ShADadFf,12,1020,12,4346,ssl,0
7128.46058,CV6rf422SF0u5Clvu6,10.0.2.15,61433,54.231.73.35,443,TLSv12,TLS_ECDHE_RSA_WITH_AES_128_GCM_SHA256,secp256r1,gtrk.s3.amazonaws.com,False,True,CsxknGIi,"['659a3d7684850e6d664f5131f9f8765469b9c7017b7a0e206f8c1c9445cb1c69', 'f9690880819f06cdcc0b2f224b207f2af6003fb57339b8679a160fa95208d62d']",[],1.0,0ffee3ba8e615ad22535e7f771690a28,ea615e28cb25adfb2f261151eab3314f,,,7127.853035,10.0.2.15,61433,54.231.73.35,443,tcp,26.943798000000243,638.0,3485.0,SF,True,False,0,ShADadfF,12,1126,14,4049,ssl,0
7128.462723,CbEAS83BidkdiCOwfc,10.0.2.15,61432,54.231.73.35,443,TLSv12,TLS_ECDHE_RSA_WITH_AES_128_GCM_SHA256,secp256r1,gtrk.s3.amazonaws.com,False,True,CsxknGIi,"['659a3d7684850e6d664f5131f9f8765469b9c7017b7a0e206f8c1c9445cb1c69', 'f9690880819f06cdcc0b2f224b207f2af6003fb57339b8679a160fa95208d62d']",[],1.0,0ffee3ba8e615ad22535e7f771690a28,ea615e28cb25adfb2f261151eab3314f,,,7127.852258,10.0.2.15,61432,54.231.73.35,443,tcp,27.24748400000044,638.0,3485.0,SF,True,False,0,ShADadfF,12,1126,14,4049,ssl,0
7129.20695,CI6pDm22gCJGg2SVCl,10.0.2.15,61434,198.232.125.123,443,TLSv12,TLS_ECDHE_RSA_WITH_AES_128_GCM_SHA256,secp256r1,maxcdn.bootstrapcdn.com,False,True,CsxknGIti,"['dc5627a252c252d6d6f680d52001ccf439f2ff2633c9f766d6d5ab6e85ee6433', 'e6683e88315cd1cb403c0cea490f7c4b4c82c91cd485037489aadbaa90839f61']",[],1.0,0ffee3ba8e615ad22535e7f771690a28,8d2a028aa94425f76ced7826b1f39039,h2,,7128.816203,10.0.2.15,61434,198.232.125.123,443,tcp,212.6796289999993,954.0,10637.0,SF,True,False,0,ShADadTFf,21,1803,27,11721,ssl,0
7130.16643,CWGoK92DsWp7Sl1suj,10.0.2.15,61444,23.74.199.60,443,TLSv12,TLS_ECDHE_RSA_WITH_AES_128_GCM_SHA256,,accounts.us1.gigya.com,True,True,CsiI,,,,1a5fe5677b0e4fbbc854e8908225637d,7bee5c1d424b7e5f943b06983bb11422,http/1.1,,7129.25027,10.0.2.15,61444,23.74.199.60,443,tcp,132.58169700000053,1434.0,1068.0,SF,True,False,0,ShADadTTFf,22,2335,22,1952,ssl,0
7130.184346,Cf8N8v2nJrsMKJm9P8,10.0.2.15,61436,104.19.192.102,443,TLSv12,TLS_ECDHE_ECDSA_WITH_AES_128_GCM_SHA256,secp256r1,cdnjs.cloudflare.com,False,True,CsxuknGIti,"['288a62410b9a17d44ccccf0ca447daaee0f3c7bcd3e0cb6d4f24ef85d2dbfdd0', 'cd6c108a0e641f2ca122aaa6d03f826759cae7c6f800eabf76dc48b67cd083ce', '9573862ac0b4b125168810ea3fd101ae2eb0bb15f61fc0e6da7a2a38b85a89e8']",[],1.0,0ffee3ba8e615ad22535e7f771690a28,7d3eb4120cd50e889bcd3f3783be0f82,h2,,7129.215067,10.0.2.15,61436,104.19.192.102,443,tcp,297.941382,1448.0,174409.0,SF,True,False,0,ShADadFf,71,4296,171,181253,ssl,0
7130.186468,COxPqn1YiHVqzDbmGe,10.0.2.15,61435,54.230.92.67,443,TLSv12,TLS_ECDHE_RSA_WITH_AES_128_GCM_SHA256,secp256r1,privacy-policy.truste.com,False,True,CsxuknGIti,"['9885030d1a13434b132aebde5f075a7157da85f8bb0e594c550f23b8f09d137f', 'e0898ad662474b9f753c79bea878031c9a5d634a49edd6310b960ab023c02c0e']",[],1.0,0ffee3ba8e615ad22535e7f771690a28,76cc3e2d3028143b23ec18e27dbd7ca9,http/1.1,,7129.211997,10.0.2.15,61435,54.230.92.67,443,tcp,237.42033999999967,2649.0,12240.0,SF,True,False,0,ShADadTTfF,41,4317,46,14084,ssl,0
7132.025184,CsaKKTtXmb4V5wE03,10.0.2.15,61456,172.217.23.226,443,TLSv12,TLS_ECDHE_RSA_WITH_AES_128_GCM_SHA256,x25519,www.googleadservices.com,False,True,CsxknGIti,"['33c13616ade5804cb64668e7fede6e1ef8141ce96a24e69910dfdd83efac1907', '9f630426df1d8abfd80ace98871ba833ab9742cb34838de2b5285ed54c0c7dcc', '3c35cc963eb004451323d3275d05b353235053490d9cd83729a2faf5e7ca1cc0']",[],1.0,0ffee3ba8e615ad22535e7f771690a28,ab41313cfec25328b20865eb1388e0a2,h2,,7131.740805,10.0.2.15,61456,172.217.23.226,443,tcp,210.35801899999933,929.0,9482.0,SF,True,False,0,ShADadTFf,21,1778,26,10526,ssl,0
7132.027632,CimrLKSvk7ACcWeu8,10.0.2.15,61454,216.137.61.177,443,TLSv12,TLS_ECDHE_RSA_WITH_AES_128_GCM_SHA256,,d3ix816x6wuc0d.cloudfront.net,True,True,CsiI,,,,1a5fe5677b0e4fbbc854e8908225637d,d199ba0af2b08e204c73d6d81a1fd260,http/1.1,,7131.739167,10.0.2.15,61454,216.137.61.177,443,tcp,162.09453500000018,1453.0,354592.0,SF,True,False,0,ShADadTTfF,189,9035,410,370996,ssl,0
7132.028092,CAMt3M3euBInEkgUC,10.0.2.15,61453,216.137.61.177,443,TLSv12,TLS_ECDHE_RSA_WITH_AES_128_GCM_SHA256,,d3ix816x6wuc0d.cloudfront.net,True,True,CsiI,,,,1a5fe5677b0e4fbbc854e8908225637d,d199ba0af2b08e204c73d6d81a1fd260,http/1.1,,7131.7382,10.0.2.15,61453,216.137.61.177,443,tcp,162.09195,1453.0,413013.0,SF,True,False,0,ShADadTTfF,192,9156,466,431657,ssl,0
7132.026627,CiHqUb1cjnBVghz673,10.0.2.15,61455,172.217.23.238,443,TLSv12,TLS_ECDHE_ECDSA_WITH_AES_128_GCM_SHA256,x25519,maps.google.com,False,True,CsxknGIti,"['11ddd329046367c19b32ffdb02ed308de129de4d6ffcf95856d7bd6a7accfba9', '9f630426df1d8abfd80ace98871ba833ab9742cb34838de2b5285ed54c0c7dcc', '3c35cc963eb004451323d3275d05b353235053490d9cd83729a2faf5e7ca1cc0']",[],1.0,0ffee3ba8e615ad22535e7f771690a28,84480cf8cf0e732666092640e581e1a5,h2,,7131.739916,10.0.2.15,61455,172.217.23.238,443,tcp,74.19468999999935,3203.0,368416.0,SF,True,False,0,ShADadTFf,147,9092,367,383100,ssl,0
7132.028637,Crl0nm4IOijRYyzTnk,10.0.2.15,61452,216.137.61.177,443,TLSv12,TLS_ECDHE_RSA_WITH_AES_128_GCM_SHA256,,d3ix816x6wuc0d.cloudfront.net,True,True,CsiI,,,,1a5fe5677b0e4fbbc854e8908225637d,d199ba0af2b08e204c73d6d81a1fd260,http/1.1,,7131.73673,10.0.2.15,61452,216.137.61.177,443,tcp,165.04569700000047,1827.0,257343.0,SF,True,False,0,ShADadtTTfF,95,5649,234,269547,ssl,0
7132.030151,CXHULU04gB8sShL8f,10.0.2.15,61451,63.251.232.148,443,TLSv12,TLS_ECDHE_RSA_WITH_AES_128_GCM_SHA256,secp256r1,cdn.goroost.com,False,True,CsxknGIti,"['139eaff9936c58b65793c0464cf0fe9d6cad582dd8d4c517c4ee9b5366124ea3', '19400be5b7a31fb733917700789d2f0a2471c0c9d506c0e504c06c16d7cb17c0']",[],1.0,0ffee3ba8e615ad22535e7f771690a28,8d2a028aa94425f76ced7826b1f39039,http/1.1,,7131.735091,10.0.2.15,61451,63.251.232.148,443,tcp,140.84208500000022,721.0,32154.0,SF,True,False,0,ShADadTTfF,30,1941,47,34038,ssl,0
7132.038068,CgFInD4BMaVK88EbI2,10.0.2.15,61450,172.217.23.238,443,TLSv12,TLS_ECDHE_RSA_WITH_AES_128_GCM_SHA256,x25519,apis.google.com,False,True,CsxknGIti,"['60db1a0e0585e4ded4482713fe44b119971d4535489a302ea33ca305b774f781', '9f630426df1d8abfd80ace98871ba833ab9742cb34838de2b5285ed54c0c7dcc', '3c35cc963eb004451323d3275d05b353235053490d9cd83729a2faf5e7ca1cc0']",[],1.0,0ffee3ba8e615ad22535e7f771690a28,ab41313cfec25328b20865eb1388e0a2,h2,,7131.734285,10.0.2.15,61450,172.217.23.238,443,tcp,85.21180099999947,574.0,3944.0,SF,True,False,0,ShADadTFf,16,1224,17,4628,ssl,0
7132.039689,CcpiDi48waEpAdtYjc,10.0.2.15,61448,216.137.61.177,443,TLSv12,TLS_ECDHE_RSA_WITH_AES_128_GCM_SHA256,,d3ix816x6wuc0d.cloudfront.net,True,True,CsiI,,,,1a5fe5677b0e4fbbc854e8908225637d,d199ba0af2b08e204c73d6d81a1fd260,http/1.1,,7131.726564,10.0.2.15,61448,216.137.61.177,443,tcp,165.05673900000056,1949.0,83334.0,SF,True,False,0,ShADadTTfF,59,4331,111,87778,ssl,0
7132.040472,CTSbLSX3B9x1LrUS2,10.0.2.15,61447,216.137.61.177,443,TLSv12,TLS_ECDHE_RSA_WITH_AES_128_GCM_SHA256,,d3ix816x6wuc0d.cloudfront.net,True,True,CsiI,,,,1a5fe5677b0e4fbbc854e8908225637d,d199ba0af2b08e204c73d6d81a1fd260,http/1.1,,7131.725348,10.0.2.15,61447,216.137.61.177,443,tcp,162.1094009999997,1468.0,347484.0,SF,True,False,0,ShADadTTfF,125,6491,354,361648,ssl,0
7132.040994,C9HDcy3TpPLd2qw6i7,10.0.2.15,61446,216.137.61.177,443,TLSv12,TLS_ECDHE_RSA_WITH_AES_128_GCM_SHA256,,d3ix816x6wuc0d.cloudfront.net,True,True,CsiI,,,,1a5fe5677b0e4fbbc854e8908225637d,d199ba0af2b08e204c73d6d81a1fd260,http/1.1,,7131.724743,10.0.2.15,61446,216.137.61.177,443,tcp,165.05920400000014,1856.0,138912.0,SF,True,False,0,ShADadTWTfF,54,4038,144,144676,ssl,0
7132.041607,CdvUMe2gYjaRbChb6f,10.0.2.15,61445,95.101.250.34,443,TLSv12,TLS_ECDHE_RSA_WITH_AES_256_GCM_SHA384,,use.typekit.com,True,True,CsiI,,,,1a5fe5677b0e4fbbc854e8908225637d,410b9bedaf65dd26c6fe547154d60db4,h2,,7131.720565,10.0.2.15,61445,95.101.250.34,443,tcp,247.42433800000072,2415.0,159464.0,SF,True,False,0,ShADadFfRr,95,6223,192,167148,ssl,0
7132.039094,CCOfRb1OHqN4hnP2Wl,10.0.2.15,61449,95.101.241.136,443,TLSv12,TLS_ECDHE_RSA_WITH_AES_256_GCM_SHA384,secp256r1,cdn.optimizely.com,False,True,CsxuknGIti,"['66f2989ea8d8daad5f7510b047626245f8d89d5a9ad6afec0c9dec62f0de05e9', 'eae72eb454bf6c3977ebd289e970b2f5282949190093d0d26f98d0f0d6a9cf17', '8420dfbe376f414bf4c0a81e6936d24ccc03f304835b86c7a39142fca723a689']",[],1.0,0ffee3ba8e615ad22535e7f771690a28,9a31479427499ded4d3656a260298ec7,h2,,7131.728636,10.0.2.15,61449,95.101.241.136,443,tcp,12.73826199999985,775.0,6508.0,SF,True,False,0,ShADadfF,13,1303,15,7112,ssl,0
7134.261162,Co6EyB1sGIwmkzijle,10.0.2.15,61470,54.77.164.43,443,TLSv12,TLS_ECDHE_RSA_WITH_AES_128_GCM_SHA256,secp256r1,aa.agkn.com,False,True,CsxknGIi,"['6276692c71c92a1d4e20d2a713b64c6aa863418031441e2a74bcda8e8dbb04f4', 'e6683e88315cd1cb403c0cea490f7c4b4c82c91cd485037489aadbaa90839f61', '3c35cc963eb004451323d3275d05b353235053490d9cd83729a2faf5e7ca1cc0']",[],1.0,0ffee3ba8e615ad22535e7f771690a28,76c691f46143bf86e2d1bb73c6187767,,,7133.302639,10.0.2.15,61470,54.77.164.43,443,tcp,31.98476999999912,891.0,4573.0,SF,True,False,0,ShADadTfF,13,1421,15,5177,ssl,0
7134.590522,C2DH7C4RURMG2uadk,10.0.2.15,61472,54.197.254.190,443,TLSv12,TLS_ECDHE_RSA_WITH_AES_128_GCM_SHA256,secp256r1,usermatch.krxd.net,False,True,CsxknGIi,"['801848f55bb97f055d1e2f3f6c8094cf12d7b6285a7ed7c20bf39440c6cb5f8e', '973a41276ffd01e027a2aad49e34c37846d3e976ff6a620b6712e33832041aa6', '3a2fbe92891e57fe05d57087f48e730f17e5a5f53ef403d618e5b74d7a7e6ecb', 'c3846bf24b9e93ca64274c0ec67c1ecc5e024ffcacd2d74019350e81fe546ae4']",[],1.0,0ffee3ba8e615ad22535e7f771690a28,303951d4c50efb2e991652225a6f02b1,,,7133.611208,10.0.2.15,61472,54.197.254.190,443,tcp,82.58722599999965,753.0,5663.0,SF,True,False,0,ShADadTFf,18,1488,20,6467,ssl,0
7147.108729,CZsOo3XWBklGlmisi,10.0.2.15,61476,172.217.23.234,443,TLSv12,TLS_ECDHE_RSA_WITH_AES_128_GCM_SHA256,x25519,www.googleapis.com,False,True,CsxknGIti,"['0ca616f3b5a49ded9af60777a33ae7119bfd6de6a815dbee0b64d5d69491aa06', '9f630426df1d8abfd80ace98871ba833ab9742cb34838de2b5285ed54c0c7dcc', '3c35cc963eb004451323d3275d05b353235053490d9cd83729a2faf5e7ca1cc0']",[],1.0,0ffee3ba8e615ad22535e7f771690a28,ab41313cfec25328b20865eb1388e0a2,h2,,7146.575027,10.0.2.15,61476,172.217.23.234,443,tcp,404.95923200000016,2678.0,13809.0,SF,True,False,0,ShADadTFf,42,4367,50,15813,ssl,0
7147.354365,CJvu8q2MF3RheTwnh1,10.0.2.15,61477,52.24.59.133,443,TLSv12,TLS_ECDHE_RSA_WITH_AES_128_GCM_SHA256,secp256r1,pixel.mtrcs.samba.tv,False,True,CsxknGIi,"['08889e6b7de5a91012d9c5fb5117bd972f0eb542b42061343511840d2d2ddf14', '973a41276ffd01e027a2aad49e34c37846d3e976ff6a620b6712e33832041aa6', '3a2fbe92891e57fe05d57087f48e730f17e5a5f53ef403d618e5b74d7a7e6ecb', 'c3846bf24b9e93ca64274c0ec67c1ecc5e024ffcacd2d74019350e81fe546ae4']",[],1.0,0ffee3ba8e615ad22535e7f771690a28,303951d4c50efb2e991652225a6f02b1,,,7146.576118,10.0.2.15,61477,52.24.59.133,443,tcp,76.58778900000016,783.0,5998.0,SF,True,False,0,ShADadTFf,18,1518,20,6802,ssl,0
7157.174696,Cbb08n3mo0WURsSaAa,10.0.2.15,61481,216.58.201.66,443,TLSv12,TLS_ECDHE_ECDSA_WITH_AES_128_GCM_SHA256,x25519,pagead2.googlesyndication.com,False,True,CsxknGIti,"['7dab2c14c2154b93fe35063ca1c26a233a78ca71cbb2bca391546edc16638392', '9f630426df1d8abfd80ace98871ba833ab9742cb34838de2b5285ed54c0c7dcc', '3c35cc963eb004451323d3275d05b353235053490d9cd83729a2faf5e7ca1cc0']",[],1.0,0ffee3ba8e615ad22535e7f771690a28,84480cf8cf0e732666092640e581e1a5,h2,,7156.472313,10.0.2.15,61481,216.58.201.66,443,tcp,210.77616500000025,1111.0,4965.0,SF,True,False,0,ShADadTFf,23,2040,26,6009,ssl,0
7157.178617,CxfM3D3Dg65UDfxCbb,10.0.2.15,61479,216.58.201.66,443,TLSv12,TLS_ECDHE_ECDSA_WITH_AES_128_GCM_SHA256,x25519,pagead2.googlesyndication.com,False,True,CsxknGIti,"['7dab2c14c2154b93fe35063ca1c26a233a78ca71cbb2bca391546edc16638392', '9f630426df1d8abfd80ace98871ba833ab9742cb34838de2b5285ed54c0c7dcc', '3c35cc963eb004451323d3275d05b353235053490d9cd83729a2faf5e7ca1cc0']",[],1.0,0ffee3ba8e615ad22535e7f771690a28,84480cf8cf0e732666092640e581e1a5,h2,,7156.460189,10.0.2.15,61479,216.58.201.66,443,tcp,25.475147999999532,925.0,4827.0,SF,True,False,0,ShADadTFf,17,1614,18,5551,ssl,0
7157.515868,C80ldH2GQRaF11kpya,10.0.2.15,61482,52.2.233.72,443,TLSv12,TLS_RSA_WITH_AES_128_CBC_SHA,,s.update.rubiconproject.com,False,True,CsxnGIi,"['af7e2bc3d959b48180be1d061d1686937bb2c7e4d1a531059ab7e4bdaddf7fc4', '02ab57e4e67a0cb48dd2ff34830e8ac40f4476fb08ca6be3f5cd846f646840f0', '4f32d5dc00f715250abcc486511e37f501a899deb3bf7ea8adbbd3aef1c412da']",[],1.0,0ffee3ba8e615ad22535e7f771690a28,b7ca612a52814d190006d99dcb63a655,,,7156.493081,10.0.2.15,61482,52.2.233.72,443,tcp,15.32647900000029,5175.0,4677.0,SF,True,False,0,ShADadfF,13,5703,17,5361,ssl,0
7167.856894,CUuNOo4TM4rMDPkjYl,10.0.2.15,61487,54.230.92.67,443,TLSv12,TLS_ECDHE_RSA_WITH_AES_128_GCM_SHA256,,privacy-policy.truste.com,True,True,CsiI,,,,1a5fe5677b0e4fbbc854e8908225637d,d199ba0af2b08e204c73d6d81a1fd260,http/1.1,,7166.356546,10.0.2.15,61487,54.230.92.67,443,tcp,15.316597000000002,599.0,156.0,SF,True,False,0,ShADadTFf,9,968,8,480,ssl,0
7169.758693,CS0Tfd2eY7NpPa8CF7,10.0.2.15,61488,216.58.201.66,443,TLSv12,TLS_ECDHE_RSA_WITH_AES_128_GCM_SHA256,,www.googletagservices.com,True,True,CsiI,,,,1a5fe5677b0e4fbbc854e8908225637d,67619a80665d7ab92d1041b1d11f9164,h2,,7169.21476,10.0.2.15,61488,216.58.201.66,443,tcp,197.68990200000007,1200.0,2075.0,SF,True,False,0,ShADadFf,20,2008,20,2879,ssl,0
7180.184529,CHZy9j2P9QPiSsBe2k,10.0.2.15,61494,172.217.23.238,443,TLSv12,TLS_ECDHE_ECDSA_WITH_AES_128_GCM_SHA256,,encrypted-tbn0.gstatic.com,True,True,CsiI,,,,1a5fe5677b0e4fbbc854e8908225637d,c23237dbea656869600e48dfbd00ab7b,h2,,7177.276161,10.0.2.15,61494,172.217.23.238,443,tcp,202.124914,1318.0,6854.0,SF,True,False,0,ShADadFf,23,2246,29,8018,ssl,0
7180.198049,CJUJUP1gtmNklF2V8b,10.0.2.15,61495,172.217.23.238,443,TLSv12,TLS_ECDHE_ECDSA_WITH_AES_128_GCM_SHA256,,encrypted-tbn1.gstatic.com,True,True,CsiI,,,,1a5fe5677b0e4fbbc854e8908225637d,c23237dbea656869600e48dfbd00ab7b,h2,,7177.304578,10.0.2.15,61495,172.217.23.238,443,tcp,201.57609599999975,1317.0,6114.0,SF,True,False,0,ShADadFf,22,2205,26,7158,ssl,0
7180.203067,Cw1Q3N19y8xXtxCe21,10.0.2.15,61493,172.217.23.238,443,TLSv12,TLS_ECDHE_ECDSA_WITH_AES_128_GCM_SHA256,,encrypted-tbn2.gstatic.com,True,True,CsiI,,,,1a5fe5677b0e4fbbc854e8908225637d,c23237dbea656869600e48dfbd00ab7b,h2,,7177.274172,10.0.2.15,61493,172.217.23.238,443,tcp,202.31854500000009,1455.0,22061.0,SF,True,False,0,ShADadFf,27,2543,40,23665,ssl,0
7182.115676,CMDe15G2GtaGIcZZ3,10.0.2.15,61502,198.232.125.123,443,TLSv12,TLS_ECDHE_RSA_WITH_AES_128_GCM_SHA256,,maxcdn.bootstrapcdn.com,True,True,CsiI,,,,1a5fe5677b0e4fbbc854e8908225637d,7bee5c1d424b7e5f943b06983bb11422,h2,,7180.793729,10.0.2.15,61502,198.232.125.123,443,tcp,199.0590689999999,1310.0,67610.0,SF,True,False,0,ShADadFf,40,2918,85,71014,ssl,0
7183.7061,CqdXHO10OtKU9zVKHj,10.0.2.15,61501,54.230.92.67,443,TLSv12,TLS_ECDHE_RSA_WITH_AES_128_GCM_SHA256,,privacy-policy.truste.com,True,True,CsiI,,,,1a5fe5677b0e4fbbc854e8908225637d,d199ba0af2b08e204c73d6d81a1fd260,http/1.1,,7179.053976,10.0.2.15,61501,54.230.92.67,443,tcp,18.9206379999996,599.0,156.0,SF,True,False,0,ShADadTFf,10,1016,8,480,ssl,0
7183.651467,CVzzB51hFKp3jf493l,10.0.2.15,61499,23.64.15.83,443,TLSv12,TLS_ECDHE_ECDSA_WITH_AES_256_GCM_SHA384,secp256r1,ds-aksb-a.akamaihd.net,False,True,CsxuknGIti,"['56d0de4121d9daaea7a1ed67ff7b49ba2ea3d77cbab1c27901ee618b74a29e16', '2e2861289b5ccedecae4c31bf262e0fb0c29b6c1530573442731ca65d821e901']",[],1.0,0ffee3ba8e615ad22535e7f771690a28,ca6f3b7b341bf732d741bd93e9b37436,http/1.1,,7179.051286,10.0.2.15,61499,23.64.15.83,443,tcp,140.55988799999977,681.0,8795.0,SF,True,False,0,ShADadTTFfRr,28,1830,32,10079,ssl,0
7183.695001,CabZ1v3M5N7wpeMnF9,10.0.2.15,61498,172.217.23.232,443,TLSv12,TLS_ECDHE_RSA_WITH_AES_128_GCM_SHA256,x25519,www.googletagmanager.com,False,True,CsxknGIti,"['31ed45c3400fc5f9a84dfaa0a6f6171369876ed4e2da669ee7f8edbe3593bf6b', '9f630426df1d8abfd80ace98871ba833ab9742cb34838de2b5285ed54c0c7dcc', '3c35cc963eb004451323d3275d05b353235053490d9cd83729a2faf5e7ca1cc0']",[],1.0,0ffee3ba8e615ad22535e7f771690a28,ab41313cfec25328b20865eb1388e0a2,h2,,7179.050441,10.0.2.15,61498,172.217.23.232,443,tcp,417.434491,2451.0,81224.0,SF,True,False,0,ShADadTFf,59,4828,107,85508,ssl,0
7183.638919,CpEy46zhSanz4rTdj,10.0.2.15,61500,23.74.177.88,443,TLSv12,TLS_ECDHE_RSA_WITH_AES_256_GCM_SHA384,secp256r1,secure-cdn.mplxtms.com,False,True,CsxknGIti,"['5c1005aac15a4c223de92c4d215a0d4e089a765d937cd4f7d9fd9f286f54a6ec', '074541ecdf88ed992ed5ade3ecddef27a26ba1b44480a195c0a8dadae2521d8e']",[],1.0,0ffee3ba8e615ad22535e7f771690a28,2b33c1374db4ddf06942f92373c0b54b,http/1.1,,7179.05225,10.0.2.15,61500,23.74.177.88,443,tcp,140.5639310000006,701.0,22820.0,RSTO,True,False,0,ShADadTTFR,31,1970,42,24504,ssl,0
7180.535827,CcTF2U3ZmLJZM2heo7,10.0.2.15,61496,199.16.156.105,443,TLSv12,TLS_ECDHE_RSA_WITH_AES_128_GCM_SHA256,secp256r1,analytics.twitter.com,False,False,Csxkn,"['d73ceb7605c00e14e0bb87516ddc2a48c8ba71d10920ec2c7d6680c42d3cdba0', '19400be5b7a31fb733917700789d2f0a2471c0c9d506c0e504c06c16d7cb17c0']",[],1.0,0ffee3ba8e615ad22535e7f771690a28,8d2a028aa94425f76ced7826b1f39039,h2,,7177.939123,10.0.2.15,61496,199.16.156.105,443,tcp,3.093988999999965,198.0,3551.0,RSTO,True,False,0,ShADadR,6,446,6,3795,ssl,0
7187.503656,CepJL73TlG6uVpYK0g,10.0.2.15,61503,216.137.61.7,443,TLSv12,TLS_ECDHE_RSA_WITH_AES_128_GCM_SHA256,secp256r1,ddd33q3967xhi.cloudfront.net,False,True,CsxuknGIti,"['90c0937808b31877df6c4a5c743c99325d974624be3735faa5078cf73d4fd205', 'eae72eb454bf6c3977ebd289e970b2f5282949190093d0d26f98d0f0d6a9cf17']",[],1.0,0ffee3ba8e615ad22535e7f771690a28,76cc3e2d3028143b23ec18e27dbd7ca9,h2,,7186.288119,10.0.2.15,61503,216.137.61.7,443,tcp,22.186061000000336,958.0,8736.0,SF,True,False,0,ShADadTFf,18,1687,22,9620,ssl,0
7187.523067,CaZT5c4RLlKX3JPdEc,10.0.2.15,61506,216.137.61.7,443,TLSv12,TLS_ECDHE_RSA_WITH_AES_128_GCM_SHA256,secp256r1,ddd33q3967xhi.cloudfront.net,False,True,CsxuknGIti,"['90c0937808b31877df6c4a5c743c99325d974624be3735faa5078cf73d4fd205', 'eae72eb454bf6c3977ebd289e970b2f5282949190093d0d26f98d0f0d6a9cf17']",[],1.0,0ffee3ba8e615ad22535e7f771690a28,76cc3e2d3028143b23ec18e27dbd7ca9,h2,,7186.292398,10.0.2.15,61506,216.137.61.7,443,tcp,14.656183000000055,916.0,7341.0,SF,True,False,0,ShADadTFf,16,1565,19,8105,ssl,0
7187.526155,Cm7emt2sDDHM2r67re,10.0.2.15,61505,216.137.61.7,443,TLSv12,TLS_ECDHE_RSA_WITH_AES_128_GCM_SHA256,secp256r1,ddd33q3967xhi.cloudfront.net,False,True,CsxuknGIti,"['90c0937808b31877df6c4a5c743c99325d974624be3735faa5078cf73d4fd205', 'eae72eb454bf6c3977ebd289e970b2f5282949190093d0d26f98d0f0d6a9cf17']",[],1.0,0ffee3ba8e615ad22535e7f771690a28,76cc3e2d3028143b23ec18e27dbd7ca9,h2,,7186.291469,10.0.2.15,61505,216.137.61.7,443,tcp,14.649051000000329,921.0,7519.0,SF,True,False,0,ShADadTFf,16,1570,21,8363,ssl,0
7187.539731,CwYNMj248H2x8Mwoh4,10.0.2.15,61504,216.137.61.7,443,TLSv12,TLS_ECDHE_RSA_WITH_AES_128_GCM_SHA256,secp256r1,ddd33q3967xhi.cloudfront.net,False,True,CsxuknGIti,"['90c0937808b31877df6c4a5c743c99325d974624be3735faa5078cf73d4fd205', 'eae72eb454bf6c3977ebd289e970b2f5282949190093d0d26f98d0f0d6a9cf17']",[],1.0,0ffee3ba8e615ad22535e7f771690a28,76cc3e2d3028143b23ec18e27dbd7ca9,h2,,7186.290252,10.0.2.15,61504,216.137.61.7,443,tcp,14.619158999999854,918.0,7303.0,SF,True,False,0,ShADadTFf,16,1567,19,8067,ssl,0
7188.990597,CHb22x4TEYZBsOso26,10.0.2.15,61513,216.137.61.67,443,TLSv12,TLS_ECDHE_RSA_WITH_AES_128_GCM_SHA256,secp256r1,d3atagt0rnqk7k.cloudfront.net,False,True,CsxuknGIti,"['90c0937808b31877df6c4a5c743c99325d974624be3735faa5078cf73d4fd205', 'eae72eb454bf6c3977ebd289e970b2f5282949190093d0d26f98d0f0d6a9cf17']",[],1.0,0ffee3ba8e615ad22535e7f771690a28,76cc3e2d3028143b23ec18e27dbd7ca9,h2,,7186.581771,10.0.2.15,61513,216.137.61.67,443,tcp,14.23641299999963,363.0,5262.0,SF,True,False,0,ShADadTFf,11,812,13,5786,ssl,0
7188.994527,CkS3EL30THhBaAWsf3,10.0.2.15,61512,216.137.61.67,443,TLSv12,TLS_ECDHE_RSA_WITH_AES_128_GCM_SHA256,secp256r1,d3atagt0rnqk7k.cloudfront.net,False,True,CsxuknGIti,"['90c0937808b31877df6c4a5c743c99325d974624be3735faa5078cf73d4fd205', 'eae72eb454bf6c3977ebd289e970b2f5282949190093d0d26f98d0f0d6a9cf17']",[],1.0,0ffee3ba8e615ad22535e7f771690a28,76cc3e2d3028143b23ec18e27dbd7ca9,h2,,7186.574915,10.0.2.15,61512,216.137.61.67,443,tcp,14.232474999999797,363.0,5262.0,SF,True,False,0,ShADadTFf,11,812,12,5746,ssl,0
7189.013362,CNrEje3EtogIGFdAX9,10.0.2.15,61511,216.137.61.67,443,TLSv12,TLS_ECDHE_RSA_WITH_AES_128_GCM_SHA256,secp256r1,d3atagt0rnqk7k.cloudfront.net,False,True,CsxuknGIti,"['90c0937808b31877df6c4a5c743c99325d974624be3735faa5078cf73d4fd205', 'eae72eb454bf6c3977ebd289e970b2f5282949190093d0d26f98d0f0d6a9cf17']",[],1.0,0ffee3ba8e615ad22535e7f771690a28,76cc3e2d3028143b23ec18e27dbd7ca9,h2,,7186.565015,10.0.2.15,61511,216.137.61.67,443,tcp,14.237323999999717,363.0,5262.0,SF,True,False,0,ShADadTFf,12,852,14,5826,ssl,0
7189.024216,CQrblN2DP8X2wOkoV7,10.0.2.15,61510,216.137.61.67,443,TLSv12,TLS_ECDHE_RSA_WITH_AES_128_GCM_SHA256,secp256r1,d3atagt0rnqk7k.cloudfront.net,False,True,CsxuknGIti,"['90c0937808b31877df6c4a5c743c99325d974624be3735faa5078cf73d4fd205', 'eae72eb454bf6c3977ebd289e970b2f5282949190093d0d26f98d0f0d6a9cf17']",[],1.0,0ffee3ba8e615ad22535e7f771690a28,76cc3e2d3028143b23ec18e27dbd7ca9,h2,,7186.543736,10.0.2.15,61510,216.137.61.67,443,tcp,14.253254000000195,363.0,5262.0,SF,True,False,0,ShADadTFf,11,812,13,5786,ssl,0
7189.031727,CHyKNi3XUO6QvX9A5b,10.0.2.15,61509,172.217.23.238,443,TLSv12,TLS_ECDHE_ECDSA_WITH_AES_128_GCM_SHA256,x25519,i.ytimg.com,False,True,CsxknGIti,"['11ddd329046367c19b32ffdb02ed308de129de4d6ffcf95856d7bd6a7accfba9', '9f630426df1d8abfd80ace98871ba833ab9742cb34838de2b5285ed54c0c7dcc', '3c35cc963eb004451323d3275d05b353235053490d9cd83729a2faf5e7ca1cc0']",[],1.0,0ffee3ba8e615ad22535e7f771690a28,84480cf8cf0e732666092640e581e1a5,h2,,7186.541774,10.0.2.15,61509,172.217.23.238,443,tcp,217.39526599999957,651.0,4499.0,SF,True,False,0,ShADadTFf,19,1420,19,5263,ssl,0
7189.033761,CQdEwC2PF2sFiryHr6,10.0.2.15,61508,172.217.23.238,443,TLSv12,TLS_ECDHE_ECDSA_WITH_AES_128_GCM_SHA256,x25519,i.ytimg.com,False,True,CsxknGIti,"['11ddd329046367c19b32ffdb02ed308de129de4d6ffcf95856d7bd6a7accfba9', '9f630426df1d8abfd80ace98871ba833ab9742cb34838de2b5285ed54c0c7dcc', '3c35cc963eb004451323d3275d05b353235053490d9cd83729a2faf5e7ca1cc0']",[],1.0,0ffee3ba8e615ad22535e7f771690a28,84480cf8cf0e732666092640e581e1a5,h2,,7186.525601,10.0.2.15,61508,172.217.23.238,443,tcp,15.050535999999738,521.0,4407.0,SF,True,False,0,ShADadTFf,14,1090,15,5011,ssl,0
7189.035342,CqtByq4oS3QEqp9eMl,10.0.2.15,61507,172.217.23.238,443,TLSv12,TLS_ECDHE_ECDSA_WITH_AES_128_GCM_SHA256,x25519,i.ytimg.com,False,True,CsxknGIti,"['11ddd329046367c19b32ffdb02ed308de129de4d6ffcf95856d7bd6a7accfba9', '9f630426df1d8abfd80ace98871ba833ab9742cb34838de2b5285ed54c0c7dcc', '3c35cc963eb004451323d3275d05b353235053490d9cd83729a2faf5e7ca1cc0']",[],1.0,0ffee3ba8e615ad22535e7f771690a28,84480cf8cf0e732666092640e581e1a5,h2,,7186.525019,10.0.2.15,61507,172.217.23.238,443,tcp,15.039706999999908,521.0,4407.0,SF,True,False,0,ShADadTFf,14,1090,14,4971,ssl,0
7198.828673,CP7qdg3OsbZ8m41IP9,10.0.2.15,61514,172.217.23.232,443,TLSv12,TLS_ECDHE_RSA_WITH_AES_128_GCM_SHA256,x25519,www.googletagmanager.com,False,True,CsxknGIti,"['31ed45c3400fc5f9a84dfaa0a6f6171369876ed4e2da669ee7f8edbe3593bf6b', '9f630426df1d8abfd80ace98871ba833ab9742cb34838de2b5285ed54c0c7dcc', '3c35cc963eb004451323d3275d05b353235053490d9cd83729a2faf5e7ca1cc0']",[],1.0,0ffee3ba8e615ad22535e7f771690a28,ab41313cfec25328b20865eb1388e0a2,h2,,7198.213957,10.0.2.15,61514,172.217.23.232,443,tcp,2.579383000000234,326.0,4031.0,RSTO,True,False,0,ShADadR,8,654,8,4355,ssl,0
7198.76953,CEQ4fU3Z0l0ROZazc7,10.0.2.15,61523,172.217.23.238,443,TLSv12,TLS_ECDHE_ECDSA_WITH_AES_128_GCM_SHA256,x25519,s.ytimg.com,False,True,CsxknGIti,"['11ddd329046367c19b32ffdb02ed308de129de4d6ffcf95856d7bd6a7accfba9', '9f630426df1d8abfd80ace98871ba833ab9742cb34838de2b5285ed54c0c7dcc', '3c35cc963eb004451323d3275d05b353235053490d9cd83729a2faf5e7ca1cc0']",[],1.0,0ffee3ba8e615ad22535e7f771690a28,84480cf8cf0e732666092640e581e1a5,h2,,7198.32036,10.0.2.15,61523,172.217.23.238,443,tcp,2.439220000000205,281.0,4368.0,RSTO,True,False,0,ShADadR,8,609,9,4732,ssl,0
7198.774158,CHFoJy1kw63IF4HuNb,10.0.2.15,61522,23.74.167.50,443,TLSv12,TLS_ECDHE_RSA_WITH_AES_256_GCM_SHA384,secp256r1,ak.sail-horizon.com,False,True,CsxknGIti,"['c2e64b92c6a7ce833a6375db2aa0425fde7144c33372df829b1b718f1104a375', '074541ecdf88ed992ed5ade3ecddef27a26ba1b44480a195c0a8dadae2521d8e']",[],1.0,0ffee3ba8e615ad22535e7f771690a28,2b33c1374db4ddf06942f92373c0b54b,http/1.1,,7198.30608,10.0.2.15,61522,23.74.167.50,443,tcp,2.458812999999281,322.0,3527.0,SF,True,False,0,ShADadFfRr,10,730,11,3971,ssl,0
7198.782022,C9vWMD2hjgf6GeT709,10.0.2.15,61521,23.74.165.57,443,TLSv12,TLS_ECDHE_RSA_WITH_AES_256_GCM_SHA384,secp256r1,cdn.mxpnl.com,False,True,CsxknGIti,"['dd68aebdf177ede1ceb61f46afff7db60fcc0a777b402521c2619632d069910f', 'eae72eb454bf6c3977ebd289e970b2f5282949190093d0d26f98d0f0d6a9cf17', '8420dfbe376f414bf4c0a81e6936d24ccc03f304835b86c7a39142fca723a689']",[],1.0,0ffee3ba8e615ad22535e7f771690a28,2b33c1374db4ddf06942f92373c0b54b,http/1.1,,7198.296118,10.0.2.15,61521,23.74.165.57,443,tcp,2.468816999999944,316.0,4822.0,SF,True,False,0,ShADadFfRr,10,724,13,5346,ssl,0
7198.793896,CVJJBC3BJE6DpStWC6,10.0.2.15,61520,52.85.189.191,443,TLSv12,TLS_ECDHE_RSA_WITH_AES_128_GCM_SHA256,secp256r1,script.crazyegg.com,False,True,CsxuknGIti,"['1eee9739d945fe3410cb4c33c5b3417fae8fbc2b218d29ac043d8b604d6db263', '154c433c491929c5ef686e838e323664a00e6a0d822ccc958fb4dab03e49a08f']",[],1.0,0ffee3ba8e615ad22535e7f771690a28,76cc3e2d3028143b23ec18e27dbd7ca9,http/1.1,,7198.29249,10.0.2.15,61520,52.85.189.191,443,tcp,2.472466000000167,322.0,3661.0,SF,True,False,0,ShADadFf,9,690,9,4025,ssl,0
7198.799653,C2VGVTJlHEmcZYuK7,10.0.2.15,61519,216.58.209.131,443,TLSv12,TLS_ECDHE_ECDSA_WITH_AES_128_GCM_SHA256,x25519,csi.gstatic.com,False,True,CsxknGIti,"['11ddd329046367c19b32ffdb02ed308de129de4d6ffcf95856d7bd6a7accfba9', '9f630426df1d8abfd80ace98871ba833ab9742cb34838de2b5285ed54c0c7dcc', '3c35cc963eb004451323d3275d05b353235053490d9cd83729a2faf5e7ca1cc0']",[],1.0,0ffee3ba8e615ad22535e7f771690a28,84480cf8cf0e732666092640e581e1a5,h2,,7198.285637,10.0.2.15,61519,216.58.209.131,443,tcp,2.4533300000002782,285.0,4384.0,RSTO,True,False,0,ShADadR,8,613,8,4708,ssl,0
7198.804479,CzY5tX2O4JvdD6ymc5,10.0.2.15,61518,216.137.61.241,443,TLSv12,TLS_ECDHE_RSA_WITH_AES_128_GCM_SHA256,secp256r1,du3avdd2jplpp.cloudfront.net,False,True,CsxuknGIti,"['90c0937808b31877df6c4a5c743c99325d974624be3735faa5078cf73d4fd205', 'eae72eb454bf6c3977ebd289e970b2f5282949190093d0d26f98d0f0d6a9cf17']",[],1.0,0ffee3ba8e615ad22535e7f771690a28,76cc3e2d3028143b23ec18e27dbd7ca9,http/1.1,,7198.2682,10.0.2.15,61518,216.137.61.241,443,tcp,18.94486199999937,743.0,78590.0,RSTR,True,False,0,ShADadTRr,36,2192,86,82034,ssl,0
7198.810226,C4FC38PZUYjQGkgPb,10.0.2.15,61517,172.217.23.238,443,TLSv12,TLS_ECDHE_ECDSA_WITH_AES_128_GCM_SHA256,x25519,www.youtube.com,False,True,CsxknGIti,"['11ddd329046367c19b32ffdb02ed308de129de4d6ffcf95856d7bd6a7accfba9', '9f630426df1d8abfd80ace98871ba833ab9742cb34838de2b5285ed54c0c7dcc', '3c35cc963eb004451323d3275d05b353235053490d9cd83729a2faf5e7ca1cc0']",[],1.0,0ffee3ba8e615ad22535e7f771690a28,84480cf8cf0e732666092640e581e1a5,h2,,7198.23564,10.0.2.15,61517,172.217.23.238,443,tcp,2.502341999999771,285.0,4384.0,RSTO,True,False,0,ShADadR,8,613,7,4668,ssl,0
7198.811133,CtPjyj2plBjlOpQ947,10.0.2.15,61516,172.217.23.238,443,TLSv12,TLS_ECDHE_ECDSA_WITH_AES_128_GCM_SHA256,x25519,www.youtube.com,False,True,CsxknGIti,"['11ddd329046367c19b32ffdb02ed308de129de4d6ffcf95856d7bd6a7accfba9', '9f630426df1d8abfd80ace98871ba833ab9742cb34838de2b5285ed54c0c7dcc', '3c35cc963eb004451323d3275d05b353235053490d9cd83729a2faf5e7ca1cc0']",[],1.0,0ffee3ba8e615ad22535e7f771690a28,84480cf8cf0e732666092640e581e1a5,h2,,7198.233989,10.0.2.15,61516,172.217.23.238,443,tcp,2.558332999999948,285.0,4385.0,RSTO,True,False,0,ShADadR,8,613,8,4709,ssl,0
7198.825942,Cr8nWh4Ie5kcNIKnsa,10.0.2.15,61515,172.217.23.238,443,TLSv12,TLS_ECDHE_ECDSA_WITH_AES_128_GCM_SHA256,x25519,www.youtube.com,False,True,CsxknGIti,"['11ddd329046367c19b32ffdb02ed308de129de4d6ffcf95856d7bd6a7accfba9', '9f630426df1d8abfd80ace98871ba833ab9742cb34838de2b5285ed54c0c7dcc', '3c35cc963eb004451323d3275d05b353235053490d9cd83729a2faf5e7ca1cc0']",[],1.0,0ffee3ba8e615ad22535e7f771690a28,84480cf8cf0e732666092640e581e1a5,h2,,7198.232498,10.0.2.15,61515,172.217.23.238,443,tcp,2.557170000000042,285.0,4383.0,RSTO,True,False,0,ShADadR,8,613,8,4707,ssl,0
7201.838188,CrMG4E1zVVtmliIIx8,10.0.2.15,61532,216.58.201.66,443,TLSv12,TLS_ECDHE_RSA_WITH_AES_128_GCM_SHA256,x25519,googleads.g.doubleclick.net,False,True,CsxknGIti,"['a32ffddd76f9e7debbfc9a37b38d2ef86039b30a10d7c45ab8223d149cf99699', '9f630426df1d8abfd80ace98871ba833ab9742cb34838de2b5285ed54c0c7dcc', '3c35cc963eb004451323d3275d05b353235053490d9cd83729a2faf5e7ca1cc0']",[],1.0,0ffee3ba8e615ad22535e7f771690a28,ab41313cfec25328b20865eb1388e0a2,h2,,7200.83542,10.0.2.15,61532,216.58.201.66,443,tcp,20.198042999999416,1248.0,5425.0,SF,True,False,0,ShADadTFf,18,1977,19,6189,ssl,0
7201.840182,CWJQ5o4sRHXy8oKuRl,10.0.2.15,61531,216.58.201.104,443,TLSv12,TLS_ECDHE_RSA_WITH_AES_128_GCM_SHA256,x25519,ssl.google-analytics.com,False,True,CsxknGIti,"['31ed45c3400fc5f9a84dfaa0a6f6171369876ed4e2da669ee7f8edbe3593bf6b', '9f630426df1d8abfd80ace98871ba833ab9742cb34838de2b5285ed54c0c7dcc', '3c35cc963eb004451323d3275d05b353235053490d9cd83729a2faf5e7ca1cc0']",[],1.0,0ffee3ba8e615ad22535e7f771690a28,ab41313cfec25328b20865eb1388e0a2,h2,,7200.832879,10.0.2.15,61531,216.58.201.104,443,tcp,17.786937000000762,537.0,4069.0,SF,True,False,0,ShADadTFf,13,1066,14,4633,ssl,0
7204.327406,C5FR1h48T67ROhz8O2,10.0.2.15,61533,23.74.200.24,443,TLSv12,TLS_ECDHE_RSA_WITH_AES_256_GCM_SHA384,,tracker.marinsm.com,True,True,CsiI,,,,1a5fe5677b0e4fbbc854e8908225637d,410b9bedaf65dd26c6fe547154d60db4,http/1.1,,7200.861718,10.0.2.15,61533,23.74.200.24,443,tcp,17.7580710000002,1461.0,3110.0,SF,True,False,0,ShADadTFfRr,14,2038,15,3714,ssl,0
7204.331841,CRqTWR2a6h7leLCXV3,10.0.2.15,61534,52.85.189.191,443,TLSv12,TLS_ECDHE_RSA_WITH_AES_128_GCM_SHA256,,script.crazyegg.com,True,True,CsiI,,,,1a5fe5677b0e4fbbc854e8908225637d,d199ba0af2b08e204c73d6d81a1fd260,http/1.1,,7200.864391,10.0.2.15,61534,52.85.189.191,443,tcp,170.07178999999996,1294.0,29178.0,SF,True,False,0,ShADadTTfF,36,2765,54,31342,ssl,0
7204.32974,C51HJh31qfLkxmAVk7,10.0.2.15,61535,52.216.227.3,443,TLSv12,TLS_ECDHE_RSA_WITH_AES_128_GCM_SHA256,secp256r1,s3.amazonaws.com,False,True,CsxknGIi,"['6be2c04e442c0aa126e2e374c248fc093077df1a3810867decdfea113add4357', 'f9690880819f06cdcc0b2f224b207f2af6003fb57339b8679a160fa95208d62d']",[],1.0,0ffee3ba8e615ad22535e7f771690a28,ea615e28cb25adfb2f261151eab3314f,,,7200.866248,10.0.2.15,61535,52.216.227.3,443,tcp,17.85065499999928,662.0,41787.0,SF,True,False,0,ShADadTFfRr,24,1639,51,43831,ssl,0
7221.513743,CtxG2W3Uq0hBHkV5wj,10.0.2.15,61541,13.107.21.200,443,TLSv12,TLS_ECDHE_RSA_WITH_AES_256_CBC_SHA,secp384r1,bat.bing.com,False,True,CsxuknGIi,"['80c4440580dbd55b228f41e6c88a51ecdbb998b5d32d12acd31ce25518d37128', '2399983e99703ebd01cea466c10799810c4ba62a8d61b88170a334dcd61bb20f']",[],1.0,0ffee3ba8e615ad22535e7f771690a28,4fd467dd264720762ffe286277c00f57,,,7221.028631,10.0.2.15,61541,13.107.21.200,443,tcp,10.656637000000046,456.0,6880.0,SF,True,False,0,ShADadFf,10,864,13,7404,ssl,0
7221.512179,CnokEP1jzSpjWukEa6,10.0.2.15,61537,72.21.206.140,443,TLSv12,TLS_ECDHE_RSA_WITH_AES_128_GCM_SHA256,secp256r1,s.amazon-adsystem.com,False,True,CsxuknGIi,"['7aa9c626df008ae871a1102a89e399d8a8937c96bfc3007e75c63e21494df449', 'eae72eb454bf6c3977ebd289e970b2f5282949190093d0d26f98d0f0d6a9cf17']",[],1.0,0ffee3ba8e615ad22535e7f771690a28,2b1f517a72b7346c86d59ef328167d49,,,7221.02628,10.0.2.15,61537,72.21.206.140,443,tcp,10.245587000000342,387.0,5056.0,SF,True,False,0,ShADadFf,10,795,11,5500,ssl,0
7221.523671,CUGIsj1ItEF5GBMkfd,10.0.2.15,61539,216.137.61.23,443,TLSv12,TLS_ECDHE_RSA_WITH_AES_128_GCM_SHA256,secp256r1,d24n15hnbwhuhn.cloudfront.net,False,True,CsxuknGIti,"['90c0937808b31877df6c4a5c743c99325d974624be3735faa5078cf73d4fd205', 'eae72eb454bf6c3977ebd289e970b2f5282949190093d0d26f98d0f0d6a9cf17']",[],1.0,0ffee3ba8e615ad22535e7f771690a28,76cc3e2d3028143b23ec18e27dbd7ca9,http/1.1,,7221.027356,10.0.2.15,61539,216.137.61.23,443,tcp,10.386380000000829,363.0,5199.0,SF,True,False,0,ShADadFf,10,771,11,5643,ssl,0
7221.526221,C6z70n15Eg07ryvO7j,10.0.2.15,61538,37.157.4.15,443,TLSv12,TLS_RSA_WITH_AES_128_CBC_SHA,,track.adform.net,False,True,CsxnGIti,"['c797ebebc4c6b85477e07004ca47b456ab2c29d706eabb0c9bbb1909c1a8e0d6', '074541ecdf88ed992ed5ade3ecddef27a26ba1b44480a195c0a8dadae2521d8e']",[],1.0,0ffee3ba8e615ad22535e7f771690a28,72f4dca7257e1f53d32a5c79b62173c7,http/1.1,,7221.026825,10.0.2.15,61538,37.157.4.15,443,tcp,9.640723999999864,620.0,3673.0,SF,True,False,0,ShADadFf,10,1028,10,4077,ssl,0
7221.515893,CQ3jCj4pBJ7Dcuugnh,10.0.2.15,61540,52.0.62.44,443,TLSv12,TLS_ECDHE_RSA_WITH_AES_128_GCM_SHA256,secp256r1,magnetic.t.domdex.com,False,True,CsxknGIi,"['e0a8ce7919fcfda04c7ec45d5d11a1709f8bc10d6f5510510062dd033131d4b6', '19400be5b7a31fb733917700789d2f0a2471c0c9d506c0e504c06c16d7cb17c0']",[],1.0,0ffee3ba8e615ad22535e7f771690a28,303951d4c50efb2e991652225a6f02b1,,,7221.027823,10.0.2.15,61540,52.0.62.44,443,tcp,13.13627499999984,387.0,3119.0,SF,True,False,0,ShADadTFfRr,11,836,13,3643,ssl,0
7222.972117,ClUem92bTbeIEmBH0j,10.0.2.15,61542,31.13.65.36,443,TLSv12,TLS_ECDHE_ECDSA_WITH_AES_128_GCM_SHA256,secp256r1,www.facebook.com,False,True,CsxknGIti,"['152151b387412a95ab90fd4664f2d98880408e9e43913124e4c91226a483386b', '19400be5b7a31fb733917700789d2f0a2471c0c9d506c0e504c06c16d7cb17c0']",[],1.0,0ffee3ba8e615ad22535e7f771690a28,2d1eb5817ece335c24904f516ad5da12,h2,,7222.653592,10.0.2.15,61542,31.13.65.36,443,tcp,407.1924370000006,6533.0,22478.0,SF,True,False,0,ShADadfF,49,8501,73,25402,ssl,0
7229.433591,CesXjP2KIY6Y8rxpJ,10.0.2.15,61544,216.58.201.66,443,TLSv12,TLS_ECDHE_RSA_WITH_AES_128_GCM_SHA256,,googleads.g.doubleclick.net,True,True,CsiI,,,,1a5fe5677b0e4fbbc854e8908225637d,67619a80665d7ab92d1041b1d11f9164,h2,,7228.089433,10.0.2.15,61544,216.58.201.66,443,tcp,308.2082529999998,38695.0,300757.0,SF,True,False,0,ShADadFf,195,46503,401,316801,ssl,0
7232.793451,CLzYFB3jxYlRUSG4T2,10.0.2.15,61547,172.217.23.238,443,TLSv12,TLS_ECDHE_RSA_WITH_AES_128_GCM_SHA256,x25519,apis.google.com,False,True,CsxknGIti,"['60db1a0e0585e4ded4482713fe44b119971d4535489a302ea33ca305b774f781', '9f630426df1d8abfd80ace98871ba833ab9742cb34838de2b5285ed54c0c7dcc', '3c35cc963eb004451323d3275d05b353235053490d9cd83729a2faf5e7ca1cc0']",[],1.0,0ffee3ba8e615ad22535e7f771690a28,ab41313cfec25328b20865eb1388e0a2,h2,,7232.289641,10.0.2.15,61547,172.217.23.238,443,tcp,364.1952199999996,2939.0,137940.0,SF,True,False,0,ShADadFf,71,5787,155,144144,ssl,0
7234.365011,CbFRr54Zhc1UOKXeO,10.0.2.15,61548,172.217.23.226,443,TLSv12,TLS_ECDHE_RSA_WITH_AES_128_GCM_SHA256,,www.googleadservices.com,True,True,CsiI,,,,1a5fe5677b0e4fbbc854e8908225637d,67619a80665d7ab92d1041b1d11f9164,h2,,7233.23943,10.0.2.15,61548,172.217.23.226,443,tcp,200.0599760000005,984.0,430.0,SF,True,False,0,ShADadFf,18,1712,18,1154,ssl,0
7234.361386,CqKXxq4nRN7sxEHrk5,10.0.2.15,61549,172.217.23.238,443,TLSv12,TLS_ECDHE_RSA_WITH_AES_128_GCM_SHA256,x25519,apis.google.com,False,True,CsxknGIti,"['60db1a0e0585e4ded4482713fe44b119971d4535489a302ea33ca305b774f781', '9f630426df1d8abfd80ace98871ba833ab9742cb34838de2b5285ed54c0c7dcc', '3c35cc963eb004451323d3275d05b353235053490d9cd83729a2faf5e7ca1cc0']",[],1.0,0ffee3ba8e615ad22535e7f771690a28,ab41313cfec25328b20865eb1388e0a2,h2,,7233.240023,10.0.2.15,61549,172.217.23.238,443,tcp,7.967631999999867,525.0,3898.0,SF,True,False,0,ShADadFf,13,1053,13,4422,ssl,0
7240.806503,ChhtsKZKtftf79oji,10.0.2.15,61562,188.125.66.33,443,TLSv12,TLS_ECDHE_RSA_WITH_AES_128_GCM_SHA256,secp256r1,sp.analytics.yahoo.com,False,True,CsxknGIti,"['a42bd5146a3d4010979322f493ea1cf3e1ba9033d64ae699935e6a6ad96bd3c4', '19400be5b7a31fb733917700789d2f0a2471c0c9d506c0e504c06c16d7cb17c0']",[],1.0,1a5fe5677b0e4fbbc854e8908225637d,b898351eb5e266aefd3723d466935494,http/1.1,,7240.071585,10.0.2.15,61562,188.125.66.33,443,tcp,66.78454000000056,1036.0,4475.0,SF,True,False,0,ShADadTfF,16,1689,18,5199,ssl,0
7247.772321,C3xTEr3eZpOh31RXdc,10.0.2.15,61572,63.215.202.72,443,TLSv12,TLS_RSA_WITH_3DES_EDE_CBC_SHA,,t.mplxtms.com,False,True,CsxnGIi,"['6f9e39b56f3300c20d4371b88b4429bd57f12a9bf0184c563d66882a2dbad000', '0b339212d7cff17a2c59e35669b58e77350133750a78da9404770edd470def76']",[],1.0,0ffee3ba8e615ad22535e7f771690a28,66a6571ef756b3c9e82b3fd802bbcac2,,,7246.804651,10.0.2.15,61572,63.215.202.72,443,tcp,15.027252999999291,1198.0,3477.0,SF,True,False,0,ShADadFf,11,1646,12,3961,ssl,0
7249.650843,C1NpAv37SPRTYjAUa6,10.0.2.15,61573,72.21.206.140,443,TLSv12,TLS_ECDHE_RSA_WITH_AES_128_GCM_SHA256,,s.amazon-adsystem.com,True,True,CsiI,,,,0ffee3ba8e615ad22535e7f771690a28,c6227321ea7621862dc7b7351771a62c,,,7248.806511,10.0.2.15,61573,72.21.206.140,443,tcp,67.0681510000004,874.0,545.0,SF,True,False,0,ShADadTfF,14,1448,15,1149,ssl,0
7249.654293,Che4eQ3nm2fxLmpfs1,10.0.2.15,61574,216.137.61.23,443,TLSv12,TLS_ECDHE_RSA_WITH_AES_128_GCM_SHA256,,d24n15hnbwhuhn.cloudfront.net,True,True,CsiI,,,,1a5fe5677b0e4fbbc854e8908225637d,d199ba0af2b08e204c73d6d81a1fd260,http/1.1,,7248.807643,10.0.2.15,61574,216.137.61.23,443,tcp,122.12500499999987,921.0,14754.0,SF,True,False,0,ShADadTTfF,24,1900,33,16078,ssl,0
7249.651839,CJ0a7ypvsKfgRGKka,10.0.2.15,61575,13.107.21.200,443,TLSv12,TLS_ECDHE_RSA_WITH_AES_256_CBC_SHA,secp384r1,bat.bing.com,False,True,CsxuknGIi,"['80c4440580dbd55b228f41e6c88a51ecdbb998b5d32d12acd31ce25518d37128', '2399983e99703ebd01cea466c10799810c4ba62a8d61b88170a334dcd61bb20f']",[],1.0,0ffee3ba8e615ad22535e7f771690a28,4fd467dd264720762ffe286277c00f57,,,7248.808198,10.0.2.15,61575,13.107.21.200,443,tcp,62.33476700000029,989.0,7285.0,SF,True,False,0,ShADadTfF,18,1722,20,8089,ssl,0
7252.151528,CtSbLv4f7G5lgLcUi4,10.0.2.15,61578,172.217.23.237,443,TLSv12,TLS_ECDHE_RSA_WITH_AES_128_GCM_SHA256,x25519,accounts.google.com,False,True,CsxknGIti,"['db115550b0150d52e887a39b4b96793248152b63f300461c73a507e588f3f749', '9f630426df1d8abfd80ace98871ba833ab9742cb34838de2b5285ed54c0c7dcc', '3c35cc963eb004451323d3275d05b353235053490d9cd83729a2faf5e7ca1cc0']",[],1.0,0ffee3ba8e615ad22535e7f771690a28,ab41313cfec25328b20865eb1388e0a2,h2,,7250.645212,10.0.2.15,61578,172.217.23.237,443,tcp,8.341317999999774,321.0,3870.0,RSTO,True,False,0,ShADadR,7,609,7,4154,ssl,0
7261.804324,CbsivG2zdNRT9fUxMe,10.0.2.15,61585,104.16.175.28,443,TLSv12,TLS_ECDHE_ECDSA_WITH_AES_128_GCM_SHA256,secp256r1,t.ambra.com,False,True,CsxknGIti,"['3a95654f5ceb3a0fac705e1a2adfa72b3ba0f5f80e854f6c9b2401e63c71c68f', 'cd6c108a0e641f2ca122aaa6d03f826759cae7c6f800eabf76dc48b67cd083ce', '9573862ac0b4b125168810ea3fd101ae2eb0bb15f61fc0e6da7a2a38b85a89e8']",[],1.0,0ffee3ba8e615ad22535e7f771690a28,2d1eb5817ece335c24904f516ad5da12,http/1.1,,7260.982813,10.0.2.15,61585,104.16.175.28,443,tcp,136.42780100000073,912.0,3706.0,SF,True,False,0,ShADadTTFf,24,1892,24,4670,ssl,0
7261.823681,C8NS9uOmhUWiDhqy9,10.0.2.15,61588,172.217.23.237,443,TLSv12,TLS_ECDHE_RSA_WITH_AES_128_GCM_SHA256,x25519,accounts.google.com,False,True,CsxknGIti,"['db115550b0150d52e887a39b4b96793248152b63f300461c73a507e588f3f749', '9f630426df1d8abfd80ace98871ba833ab9742cb34838de2b5285ed54c0c7dcc', '3c35cc963eb004451323d3275d05b353235053490d9cd83729a2faf5e7ca1cc0']",[],1.0,0ffee3ba8e615ad22535e7f771690a28,ab41313cfec25328b20865eb1388e0a2,h2,,7261.293259,10.0.2.15,61588,172.217.23.237,443,tcp,334.45899800000007,1781.0,5688.0,SF,True,False,0,ShADadFf,29,2949,33,7012,ssl,0
7261.827445,C3ZRaxaF5RQPx0fYh,10.0.2.15,61587,172.217.23.238,443,TLSv12,TLS_ECDHE_RSA_WITH_AES_128_GCM_SHA256,x25519,www.google-analytics.com,False,True,CsxknGIti,"['31ed45c3400fc5f9a84dfaa0a6f6171369876ed4e2da669ee7f8edbe3593bf6b', '9f630426df1d8abfd80ace98871ba833ab9742cb34838de2b5285ed54c0c7dcc', '3c35cc963eb004451323d3275d05b353235053490d9cd83729a2faf5e7ca1cc0']",[],1.0,0ffee3ba8e615ad22535e7f771690a28,ab41313cfec25328b20865eb1388e0a2,h2,,7261.292573,10.0.2.15,61587,172.217.23.238,443,tcp,659.8476460000002,7877.0,28347.0,SF,True,False,0,ShADadFf,82,11165,101,32391,ssl,0
7261.818081,CGqJ3SLThNZMQkRm3,10.0.2.15,61589,31.13.70.7,443,TLSv12,TLS_ECDHE_ECDSA_WITH_AES_128_GCM_SHA256,secp256r1,connect.facebook.net,False,True,CsxknGIti,"['152151b387412a95ab90fd4664f2d98880408e9e43913124e4c91226a483386b', '19400be5b7a31fb733917700789d2f0a2471c0c9d506c0e504c06c16d7cb17c0']",[],1.0,0ffee3ba8e615ad22535e7f771690a28,2d1eb5817ece335c24904f516ad5da12,h2,,7261.294212,10.0.2.15,61589,31.13.70.7,443,tcp,260.6477270000005,1395.0,94366.0,SF,True,False,0,ShADadfF,50,3403,98,98290,ssl,0
7265.090819,CuRbAi3IGkbVfn5dzd,10.0.2.15,61590,104.16.175.28,443,TLSv12,TLS_ECDHE_ECDSA_WITH_AES_128_GCM_SHA256,secp256r1,t.ambra.com,False,True,CsxknGIti,"['3a95654f5ceb3a0fac705e1a2adfa72b3ba0f5f80e854f6c9b2401e63c71c68f', 'cd6c108a0e641f2ca122aaa6d03f826759cae7c6f800eabf76dc48b67cd083ce', '9573862ac0b4b125168810ea3fd101ae2eb0bb15f61fc0e6da7a2a38b85a89e8']",[],1.0,0ffee3ba8e615ad22535e7f771690a28,2d1eb5817ece335c24904f516ad5da12,http/1.1,,7264.457539,10.0.2.15,61590,104.16.175.28,443,tcp,132.8310330000004,923.0,3708.0,SF,True,False,0,ShADadTTFf,24,1903,24,4672,ssl,0
7275.606022,CzXiTL2BPzYxgdx7gi,10.0.2.15,61608,151.101.112.67,443,TLSv12,TLS_ECDHE_RSA_WITH_AES_128_GCM_SHA256,secp256r1,media.timeout.com,False,True,CsxuknGIti,"['72ac1637a02d32e01dd73333886a0355fe5851981a36f16c88885d2eab08868f', '74ef335e5e18788307fb9d89cb704bec112abd23487dbff41c4ded5070f241d9']",[],1.0,0ffee3ba8e615ad22535e7f771690a28,860fcf58fd757e26aa8911e5eaff6b53,http/1.1,,7274.791043,10.0.2.15,61608,151.101.112.67,443,tcp,7.832652999999482,351.0,7337.0,SF,True,False,0,ShADadFfRr,12,839,17,8021,ssl,0
7285.153716,C1fdSKTMAzE7RSHH8,10.0.2.15,61622,151.101.112.67,443,TLSv12,TLS_ECDHE_RSA_WITH_AES_128_GCM_SHA256,,media.timeout.com,True,True,CsiI,,,,1a5fe5677b0e4fbbc854e8908225637d,1d0e57c6ae42e9204defa51e5e1cdc4c,http/1.1,,7284.757602,10.0.2.15,61622,151.101.112.67,443,tcp,127.09150200000022,1322.0,19869.0,SF,True,False,0,ShADadTTFfRr,30,2542,39,21433,ssl,0
7285.154601,CSik21W5nmc7fY3Kc,10.0.2.15,61621,151.101.112.67,443,TLSv12,TLS_ECDHE_RSA_WITH_AES_128_GCM_SHA256,,media.timeout.com,True,True,CsiI,,,,1a5fe5677b0e4fbbc854e8908225637d,1d0e57c6ae42e9204defa51e5e1cdc4c,http/1.1,,7284.756786,10.0.2.15,61621,151.101.112.67,443,tcp,122.71644199999992,961.0,7562.0,SF,True,False,0,ShADadTTFfRr,26,2021,30,8766,ssl,0
7285.155349,Ccee9m1iwxXddAAKWc,10.0.2.15,61620,151.101.112.67,443,TLSv12,TLS_ECDHE_RSA_WITH_AES_128_GCM_SHA256,,media.timeout.com,True,True,CsiI,,,,1a5fe5677b0e4fbbc854e8908225637d,1d0e57c6ae42e9204defa51e5e1cdc4c,http/1.1,,7284.756276,10.0.2.15,61620,151.101.112.67,443,tcp,122.72957700000006,961.0,9126.0,SF,True,False,0,ShADadTTFfRr,23,1901,29,10290,ssl,0
7285.156195,CfCxJgCaHwKzxyPG4,10.0.2.15,61619,151.101.112.67,443,TLSv12,TLS_ECDHE_RSA_WITH_AES_128_GCM_SHA256,,media.timeout.com,True,True,CsiI,,,,1a5fe5677b0e4fbbc854e8908225637d,1d0e57c6ae42e9204defa51e5e1cdc4c,http/1.1,,7284.755335,10.0.2.15,61619,151.101.112.67,443,tcp,122.71435500000008,968.0,8271.0,SF,True,False,0,ShADadTTFfRr,25,1988,30,9475,ssl,0
7285.157573,CULLEh3VsFbK4IGTs4,10.0.2.15,61618,151.101.112.67,443,TLSv12,TLS_ECDHE_RSA_WITH_AES_128_GCM_SHA256,,media.timeout.com,True,True,CsiI,,,,1a5fe5677b0e4fbbc854e8908225637d,1d0e57c6ae42e9204defa51e5e1cdc4c,http/1.1,,7284.754959,10.0.2.15,61618,151.101.112.67,443,tcp,122.72593899999993,961.0,8910.0,SF,True,False,0,ShADadTTFfRr,23,1901,29,10074,ssl,0
7285.158489,C6zrKYyyjAHOsfWlb,10.0.2.15,61617,151.101.112.67,443,TLSv12,TLS_ECDHE_RSA_WITH_AES_128_GCM_SHA256,,media.timeout.com,True,True,CsiI,,,,1a5fe5677b0e4fbbc854e8908225637d,1d0e57c6ae42e9204defa51e5e1cdc4c,http/1.1,,7284.753809,10.0.2.15,61617,151.101.112.67,443,tcp,122.72713300000032,968.0,11138.0,SF,True,False,0,ShADadTTFfRr,25,1988,31,12382,ssl,0
7304.15965,Ca5vXI1DeYz7AZwY02,10.0.2.15,61648,104.244.43.49,443,TLSv12,TLS_ECDHE_RSA_WITH_AES_128_GCM_SHA256,secp256r1,cdn.syndication.twimg.com,False,True,CsxuknGIti,"['9338063290465de85ffd7dfa8f0f6ea848447f66560443ad32bcb8665b3ffa18', '19400be5b7a31fb733917700789d2f0a2471c0c9d506c0e504c06c16d7cb17c0']",[],1.0,0ffee3ba8e615ad22535e7f771690a28,76cc3e2d3028143b23ec18e27dbd7ca9,http/1.1,,7303.542824,10.0.2.15,61648,104.244.43.49,443,tcp,18.850438999999824,816.0,14564.0,SF,True,False,0,ShADadTfF,15,1425,22,15448,ssl,0
7314.771207,CgMuNyBLnIdBZvM2c,10.0.2.15,61658,172.217.23.228,443,TLSv12,TLS_ECDHE_RSA_WITH_AES_128_GCM_SHA256,,www.google.com,True,True,CsiI,,,,1a5fe5677b0e4fbbc854e8908225637d,67619a80665d7ab92d1041b1d11f9164,h2,,7313.45268,10.0.2.15,61658,172.217.23.228,443,tcp,113.94869500000004,3822.0,1796.0,SF,True,False,0,ShADadFf,40,5430,43,3520,ssl,0
7315.175582,C1WALY36Mz1P7HjRPl,10.0.2.15,61656,95.101.252.144,443,TLSv12,TLS_ECDHE_RSA_WITH_AES_256_GCM_SHA384,,z.moatads.com,True,True,CsiI,,,,1a5fe5677b0e4fbbc854e8908225637d,410b9bedaf65dd26c6fe547154d60db4,http/1.1,,7313.449324,10.0.2.15,61656,95.101.252.144,443,tcp,129.47721699999963,966.0,69427.0,SF,True,False,0,ShADadTTFfRr,45,2786,85,72831,ssl,0
7314.732272,CZZRsi1tmaBw0COR0l,10.0.2.15,61661,94.31.29.64,443,TLSv12,TLS_ECDHE_RSA_WITH_AES_128_GCM_SHA256,secp256r1,vars.hotjar.com,False,True,CsxknGIti,"['87cc3355bb40b2a7f5b8082522c42478d0405f3193cd54900cd2a7da8bc828f7', 'b9f2164323638dce0b92218b43c41c1b2b2696389329db19f5cf7ad49b5cb372', '1a5174980a294a528a110726d5855650266c48d9883bea692b67b6d726da98c5']",[],1.0,0ffee3ba8e615ad22535e7f771690a28,b898351eb5e266aefd3723d466935494,h2,,7313.458546,10.0.2.15,61661,94.31.29.64,443,tcp,20.07018500000049,838.0,6273.0,SF,True,False,0,ShADadTfF,15,1447,19,7037,ssl,0
7314.74286,CjCENi2udvASj4xNy9,10.0.2.15,61660,94.31.29.249,443,TLSv12,TLS_ECDHE_RSA_WITH_AES_128_GCM_SHA256,secp256r1,script.hotjar.com,False,True,CsxknGIti,"['87cc3355bb40b2a7f5b8082522c42478d0405f3193cd54900cd2a7da8bc828f7', 'b9f2164323638dce0b92218b43c41c1b2b2696389329db19f5cf7ad49b5cb372', '1a5174980a294a528a110726d5855650266c48d9883bea692b67b6d726da98c5']",[],1.0,0ffee3ba8e615ad22535e7f771690a28,b898351eb5e266aefd3723d466935494,h2,,7313.456615,10.0.2.15,61660,94.31.29.249,443,tcp,153.56509900000037,867.0,75350.0,SF,True,False,0,ShADadTfF,34,2236,85,78754,ssl,0
7315.176892,CvjMVzUjwC6IOCyQ8,10.0.2.15,61655,54.230.92.242,443,TLSv12,TLS_ECDHE_RSA_WITH_AES_128_GCM_SHA256,secp256r1,choices.truste.com,False,True,CsxuknGIti,"['9885030d1a13434b132aebde5f075a7157da85f8bb0e594c550f23b8f09d137f', 'e0898ad662474b9f753c79bea878031c9a5d634a49edd6310b960ab023c02c0e']",[],1.0,0ffee3ba8e615ad22535e7f771690a28,76cc3e2d3028143b23ec18e27dbd7ca9,http/1.1,,7313.447786,10.0.2.15,61655,54.230.92.242,443,tcp,130.97352899999987,766.0,14416.0,SF,True,False,0,ShADadTTfF,24,1745,33,15740,ssl,0
7315.178678,CZewAx4J6nWmsADFq9,10.0.2.15,61654,217.79.188.2,443,TLSv12,TLS_ECDHE_RSA_WITH_AES_128_GCM_SHA256,secp256r1,ad1.adfarm1.adition.com,False,True,CsxknGIti,"['9dedac90fd8400d6b17afafd6083399d520b8778fd0b9204b431e77d6c52f656', 'ee793643199474ed60efdc8ccde4d37445921683593aa751bbf8ee491a391e97']",[],1.0,0ffee3ba8e615ad22535e7f771690a28,ccc514751b175866924439bdbb5bba34,,,7313.446371,10.0.2.15,61654,217.79.188.2,443,tcp,22.968173000000206,2088.0,5952.0,SF,True,False,0,ShADadTfF,13,2617,16,6596,ssl,0
7315.186458,C9WH1O2V8mrQQkEEm,10.0.2.15,61649,216.58.201.66,443,TLSv12,TLS_ECDHE_RSA_WITH_AES_128_GCM_SHA256,,adx.g.doubleclick.net,True,True,CsiI,,,,1a5fe5677b0e4fbbc854e8908225637d,67619a80665d7ab92d1041b1d11f9164,h2,,7313.430205,10.0.2.15,61649,216.58.201.66,443,tcp,665.115256,11850.0,2924.0,SF,True,False,0,ShADadFf,76,14898,81,6168,ssl,0
7315.181574,C0kDx71eipuh8qBude,10.0.2.15,61653,217.79.188.11,443,TLSv12,TLS_ECDHE_RSA_WITH_AES_128_GCM_SHA256,secp256r1,imagesrv.adition.com,False,True,CsxknGIti,"['319a7dfff736bf18e54b93faebbb26b556d886051e20ccf8df2451473f009b79', 'ee793643199474ed60efdc8ccde4d37445921683593aa751bbf8ee491a391e97', 'ebd41040e4bb3ec742c9e381d31ef2a41a48b6685c96e7cef3c1df6cd4331c99']",[],1.0,0ffee3ba8e615ad22535e7f771690a28,389ed42c02ebecc32e73aa31def07e14,,,7313.445316,10.0.2.15,61653,217.79.188.11,443,tcp,23.15455099999963,675.0,13974.0,SF,True,False,0,ShADadTfF,13,1204,21,14818,ssl,0
7315.183094,CVXLK6SJvGEEhBZV2,10.0.2.15,61652,176.74.173.247,443,TLSv12,TLS_ECDHE_RSA_WITH_AES_256_CBC_SHA,secp256r1,eur-ukp.adsrvr.org,False,True,CsxuknGIi,"['eb6a61e357a3b2f8e2ab4cc809f2088543de4475bcacfe6122f6dbe82d9b7c38', '58ea0688b7909aaa8eaaa2fff36f3bbe8f4a2ad03bd70243b3903469db4890f7']",[],1.0,0ffee3ba8e615ad22535e7f771690a28,4fd467dd264720762ffe286277c00f57,,,7313.442336,10.0.2.15,61652,176.74.173.247,443,tcp,23.328819999999723,3859.0,7481.0,SF,True,False,0,ShADadTfF,15,4469,19,8245,ssl,0
7314.753225,CHIcSv3rKJkMyG5qob,10.0.2.15,61659,199.16.156.52,443,TLSv12,TLS_ECDHE_RSA_WITH_AES_128_GCM_SHA256,secp256r1,syndication.twitter.com,False,True,CsxknGIti,"['75e85da383dbf4ced92713e6768c061d0aca2ee11ea14e2a1486adb26098b2de', '19400be5b7a31fb733917700789d2f0a2471c0c9d506c0e504c06c16d7cb17c0']",[],1.0,0ffee3ba8e615ad22535e7f771690a28,8d2a028aa94425f76ced7826b1f39039,h2,,7313.45469,10.0.2.15,61659,199.16.156.52,443,tcp,236.4264030000004,3043.0,5167.0,SF,True,False,0,ShADadTFfRr,27,4132,31,6411,ssl,0
7315.184606,CnHJsb2mGamymREo9d,10.0.2.15,61651,178.250.2.102,443,TLSv12,TLS_RSA_WITH_AES_128_CBC_SHA,,cas.nl.eu.criteo.com,False,True,CsxnGIi,"['a788c1ddecb433aa62d9bbc337417f448ebc0389161863ee31b5c1decac74c87', 'eae72eb454bf6c3977ebd289e970b2f5282949190093d0d26f98d0f0d6a9cf17', '8420dfbe376f414bf4c0a81e6936d24ccc03f304835b86c7a39142fca723a689']",[],1.0,0ffee3ba8e615ad22535e7f771690a28,5dcc087b1a1d0a5b0658981a7e8b2c3c,,,7313.433156,10.0.2.15,61651,178.250.2.102,443,tcp,26.400732000000065,4645.0,4412.0,SF,True,False,0,ShADadTfF,14,5214,15,5016,ssl,0
7315.185686,CzQn7J3yxfuybWn0Tk,10.0.2.15,61650,178.250.0.101,443,TLSv12,TLS_RSA_WITH_AES_128_CBC_SHA,,cas.fr.eu.criteo.com,False,True,CsxnGIi,"['8a258857ae6b43509c5769d79be153d2c41426a6c9fbdc79a626f601ad13560d', 'eae72eb454bf6c3977ebd289e970b2f5282949190093d0d26f98d0f0d6a9cf17', '8420dfbe376f414bf4c0a81e6936d24ccc03f304835b86c7a39142fca723a689']",[],1.0,0ffee3ba8e615ad22535e7f771690a28,5dcc087b1a1d0a5b0658981a7e8b2c3c,,,7313.431698,10.0.2.15,61650,178.250.0.101,443,tcp,24.683802999999894,4661.0,51158.0,SF,True,False,0,ShADadTfF,26,5711,56,53402,ssl,0
7320.210211,C2DyQQ1cgg4S6Bw6Sg,10.0.2.15,61662,40.71.240.24,443,TLSv12,TLS_ECDHE_RSA_WITH_AES_256_CBC_SHA,secp384r1,gunphotos.blob.core.windows.net,False,True,CsxuknGIi,"['3bead6eb3ca6e720c8fc735f2855d5175f27a431a36d7fd6b385fa9ee4f9ca1b', '2399983e99703ebd01cea466c10799810c4ba62a8d61b88170a334dcd61bb20f']",[],1.0,0ffee3ba8e615ad22535e7f771690a28,4fd467dd264720762ffe286277c00f57,,,7319.527291,10.0.2.15,61662,40.71.240.24,443,tcp,6.997435999999652,390.0,5487.0,SF,True,False,0,ShADadFf,9,758,11,5931,ssl,0
7329.962969,C7gZvA2vMjK3i2IvCa,10.0.2.15,61665,173.239.42.221,443,TLSv12,TLS_ECDHE_RSA_WITH_AES_128_GCM_SHA256,secp256r1,dsp.adkernel.com,False,True,CsxknGIti,"['b258160ee8a390fa29cc88145213fb619b33a7da383e07b34f63e3269b82554d', '02ab57e4e67a0cb48dd2ff34830e8ac40f4476fb08ca6be3f5cd846f646840f0', '4f32d5dc00f715250abcc486511e37f501a899deb3bf7ea8adbbd3aef1c412da']",[],1.0,0ffee3ba8e615ad22535e7f771690a28,389ed42c02ebecc32e73aa31def07e14,,,7329.624738,10.0.2.15,61665,173.239.42.221,443,tcp,11.531413999999131,889.0,5647.0,SF,True,False,0,ShADadTFf,13,1418,14,6211,ssl,0
7332.448107,CV1yNC17Kk5t42jkI6,10.0.2.15,61666,104.244.46.199,443,TLSv12,TLS_ECDHE_RSA_WITH_AES_128_GCM_SHA256,secp256r1,pbs.twimg.com,False,True,CsxuknGIti,"['50151d00a5e95211d26e50279b716712b0f4ae2e122f5cb802ccc24f1616a48e', '19400be5b7a31fb733917700789d2f0a2471c0c9d506c0e504c06c16d7cb17c0']",[],1.0,0ffee3ba8e615ad22535e7f771690a28,76cc3e2d3028143b23ec18e27dbd7ca9,h2,,7331.632044,10.0.2.15,61666,104.244.46.199,443,tcp,8.63495899999998,316.0,4309.0,SF,True,False,0,ShADadFfRr,10,724,11,4753,ssl,0
7340.623177,Co05rw33Dt2aFD6C3h,10.0.2.15,61670,104.244.46.199,443,TLSv12,TLS_ECDHE_RSA_WITH_AES_128_GCM_SHA256,secp256r1,pbs.twimg.com,False,True,CsxuknGIti,"['50151d00a5e95211d26e50279b716712b0f4ae2e122f5cb802ccc24f1616a48e', '19400be5b7a31fb733917700789d2f0a2471c0c9d506c0e504c06c16d7cb17c0']",[],1.0,0ffee3ba8e615ad22535e7f771690a28,76cc3e2d3028143b23ec18e27dbd7ca9,h2,,7339.846689,10.0.2.15,61670,104.244.46.199,443,tcp,8.907183999999688,796.0,39474.0,SF,True,False,0,ShADadFfRr,23,1724,46,41318,ssl,0
7340.627028,CQ1tJc2xfow36NVSl3,10.0.2.15,61669,104.244.46.199,443,TLSv12,TLS_ECDHE_RSA_WITH_AES_128_GCM_SHA256,secp256r1,pbs.twimg.com,False,True,CsxuknGIti,"['50151d00a5e95211d26e50279b716712b0f4ae2e122f5cb802ccc24f1616a48e', '19400be5b7a31fb733917700789d2f0a2471c0c9d506c0e504c06c16d7cb17c0']",[],1.0,0ffee3ba8e615ad22535e7f771690a28,76cc3e2d3028143b23ec18e27dbd7ca9,h2,,7339.846123,10.0.2.15,61669,104.244.46.199,443,tcp,209.7617469999996,998.0,139794.0,SF,True,False,0,ShADadFfRr,51,3046,141,145438,ssl,0
7340.642052,CuF76MfzjBCGq6iUc,10.0.2.15,61668,104.244.46.199,443,TLSv12,TLS_ECDHE_RSA_WITH_AES_128_GCM_SHA256,secp256r1,pbs.twimg.com,False,True,CsxuknGIti,"['50151d00a5e95211d26e50279b716712b0f4ae2e122f5cb802ccc24f1616a48e', '19400be5b7a31fb733917700789d2f0a2471c0c9d506c0e504c06c16d7cb17c0']",[],1.0,0ffee3ba8e615ad22535e7f771690a28,76cc3e2d3028143b23ec18e27dbd7ca9,h2,,7339.845634,10.0.2.15,61668,104.244.46.199,443,tcp,2.538857999999891,316.0,4309.0,SF,True,False,0,ShADadFfRr,10,724,12,4793,ssl,0
7340.647597,CtZTFw1Fhl7PrANJ4d,10.0.2.15,61667,104.244.46.199,443,TLSv12,TLS_ECDHE_RSA_WITH_AES_128_GCM_SHA256,secp256r1,pbs.twimg.com,False,True,CsxuknGIti,"['50151d00a5e95211d26e50279b716712b0f4ae2e122f5cb802ccc24f1616a48e', '19400be5b7a31fb733917700789d2f0a2471c0c9d506c0e504c06c16d7cb17c0']",[],1.0,0ffee3ba8e615ad22535e7f771690a28,76cc3e2d3028143b23ec18e27dbd7ca9,h2,,7339.845185,10.0.2.15,61667,104.244.46.199,443,tcp,2.536425000000235,316.0,4309.0,RSTO,True,False,0,ShADadFR,9,684,9,4673,ssl,0
7341.166766,CyhjqW2kpML2UwutE7,10.0.2.15,61671,93.184.220.70,443,TLSv12,TLS_ECDHE_RSA_WITH_AES_128_GCM_SHA256,secp256r1,ton.twimg.com,False,False,Csxukn,"['498dfbfa068ce7e3252a308f9578608d3df2d287b5b9284571f7d3ed43ba3ab0', '19400be5b7a31fb733917700789d2f0a2471c0c9d506c0e504c06c16d7cb17c0', '7431e5f4c3c1ce4690774f0b61e05440883ba9a01ed00ba6abd7806ed3b118cf']",[],1.0,0ffee3ba8e615ad22535e7f771690a28,76cc3e2d3028143b23ec18e27dbd7ca9,http/1.1,,7340.655354,10.0.2.15,61671,93.184.220.70,443,tcp,0.8194799999992021,190.0,5500.0,RSTO,True,False,0,ShADadR,6,438,7,5784,ssl,0
7349.261269,CHFaTr290107ywLNM8,10.0.2.15,61679,52.3.104.252,443,TLSv12,TLS_ECDHE_RSA_WITH_AES_128_GCM_SHA256,secp256r1,geo.moatads.com,False,True,CsxknGIi,"['a1f5b668b42edb358e83f7846b2d9b47b4c87d7ba7c20aecdceea13939a70e76', 'e6683e88315cd1cb403c0cea490f7c4b4c82c91cd485037489aadbaa90839f61']",[],1.0,0ffee3ba8e615ad22535e7f771690a28,303951d4c50efb2e991652225a6f02b1,,,7348.771833,10.0.2.15,61679,52.3.104.252,443,tcp,66.81374099999994,2940.0,3398.0,SF,True,False,0,ShADadTFf,17,3634,19,4162,ssl,0
7349.268252,CAmE2V3FnYVcf9EzN,10.0.2.15,61678,54.208.112.228,443,TLSv12,TLS_ECDHE_RSA_WITH_AES_128_GCM_SHA256,secp256r1,mb.moatads.com,False,True,CsxknGIi,"['a1f5b668b42edb358e83f7846b2d9b47b4c87d7ba7c20aecdceea13939a70e76', 'e6683e88315cd1cb403c0cea490f7c4b4c82c91cd485037489aadbaa90839f61']",[],1.0,0ffee3ba8e615ad22535e7f771690a28,303951d4c50efb2e991652225a6f02b1,,,7348.762127,10.0.2.15,61678,54.208.112.228,443,tcp,67.08482800000002,772.0,3742.0,SF,True,False,0,ShADadTFf,17,1466,19,4506,ssl,0
7350.122161,CXvQ3u4LOUcfoLcU79,10.0.2.15,61683,104.244.43.49,443,TLSv12,TLS_ECDHE_RSA_WITH_AES_128_GCM_SHA256,,cdn.syndication.twimg.com,True,True,CsiI,,,,1a5fe5677b0e4fbbc854e8908225637d,d199ba0af2b08e204c73d6d81a1fd260,http/1.1,,7349.297659,10.0.2.15,61683,104.244.43.49,443,tcp,12.438219000000572,1090.0,1192.0,SF,True,False,0,ShADadTfF,10,1499,10,1596,ssl,0
7355.416423,C7e5eb2szFDtb2uvDg,10.0.2.15,61696,54.192.93.58,443,TLSv12,TLS_ECDHE_RSA_WITH_AES_128_GCM_SHA256,secp256r1,sdk.amazonaws.com,False,True,CsxuknGIti,"['04750fdc675d301056fa729358aec5a636eee7ff5e23338703689e2aadb8bff9', 'eae72eb454bf6c3977ebd289e970b2f5282949190093d0d26f98d0f0d6a9cf17']",[],1.0,0ffee3ba8e615ad22535e7f771690a28,76cc3e2d3028143b23ec18e27dbd7ca9,http/1.1,,7354.440517,10.0.2.15,61696,54.192.93.58,443,tcp,127.00764700000036,642.0,66707.0,SF,True,False,0,ShADadTTfF,48,2581,90,70311,ssl,0
7355.428154,Ciegk82t5Ag5kFZAQb,10.0.2.15,61694,54.231.49.112,443,TLSv12,TLS_ECDHE_RSA_WITH_AES_128_GCM_SHA256,secp256r1,windo.s3.amazonaws.com,False,True,CsxknGIi,"['659a3d7684850e6d664f5131f9f8765469b9c7017b7a0e206f8c1c9445cb1c69', 'f9690880819f06cdcc0b2f224b207f2af6003fb57339b8679a160fa95208d62d']",[],1.0,0ffee3ba8e615ad22535e7f771690a28,ea615e28cb25adfb2f261151eab3314f,,,7354.438736,10.0.2.15,61694,54.231.49.112,443,tcp,15.811464000000342,642.0,6122.0,SF,True,False,0,ShADadFf,12,1130,14,6686,ssl,0
7371.946863,C9hqH6ZTI67hgt38k,10.0.2.15,61721,54.192.93.241,443,TLSv12,TLS_ECDHE_RSA_WITH_AES_128_GCM_SHA256,secp256r1,cdn.branch.io,False,True,CsxuknGIti,"['3bd0acd0a1b69967511a615cdefae401fab35b10dd7c05c7642cbd6810b3e394', '154c433c491929c5ef686e838e323664a00e6a0d822ccc958fb4dab03e49a08f', '4348a0e9444c78cb265e058d5e8944b4d84f9662bd26db257f8934a443c70161']",[],1.0,0ffee3ba8e615ad22535e7f771690a28,76cc3e2d3028143b23ec18e27dbd7ca9,http/1.1,,7371.41586,10.0.2.15,61721,54.192.93.241,443,tcp,127.95531599999958,662.0,22778.0,SF,True,False,0,ShADadTTfF,27,1761,40,24382,ssl,0
7379.133179,CJGEa1nA7f0s0kltb,10.0.2.15,61724,107.154.248.105,443,TLSv12,TLS_ECDHE_RSA_WITH_AES_256_GCM_SHA384,secp256r1,www.gunbroker.com,False,True,CsxuknGIti,"['58faaa305810a514f697586e4cfbaf1271c276ee090355ea10dc3c0dea85d1ff', '4b7334e1d8999822bafa8ff6888125389b18a4e5ab26ffa624c7f68fdc81f0cb']",[],1.0,0ffee3ba8e615ad22535e7f771690a28,56b85db39191a25c7b51014bd797544e,h2,,7378.664774,10.0.2.15,61724,107.154.248.105,443,tcp,242.24106800000027,6490.0,255390.0,SF,True,False,0,ShADadfF,129,11658,290,266994,ssl,0
7390.228117,CFNTgm4hwjUg2ptSW3,10.0.2.15,61728,172.217.23.227,443,TLSv12,TLS_ECDHE_ECDSA_WITH_AES_128_GCM_SHA256,,fonts.gstatic.com,True,True,CsiI,,,,1a5fe5677b0e4fbbc854e8908225637d,c23237dbea656869600e48dfbd00ab7b,h2,,7385.777046,10.0.2.15,61728,172.217.23.227,443,tcp,239.43769900000007,1361.0,16134.0,SF,True,False,0,ShADadFf,28,2489,34,17498,ssl,0
7389.084996,CpluYx41QMyHad3r4,10.0.2.15,61726,35.163.28.163,443,TLSv12,TLS_ECDHE_RSA_WITH_AES_128_GCM_SHA256,secp256r1,api.segment.io,False,True,CsxknGIti,"['1056f9b178b85f0151b370b1db60a8ef8ca329c7d395d5064e6bb2f2d899fb54', '154c433c491929c5ef686e838e323664a00e6a0d822ccc958fb4dab03e49a08f']",[],1.0,0ffee3ba8e615ad22535e7f771690a28,8d2a028aa94425f76ced7826b1f39039,h2,,7385.775211,10.0.2.15,61726,35.163.28.163,443,tcp,8.61500199999955,349.0,3263.0,RSTO,True,False,0,ShADadR,8,677,7,3547,ssl,0
7392.349162,CCvNVk1EO8kgMQxlTl,10.0.2.15,61740,54.192.93.139,443,TLSv12,TLS_ECDHE_RSA_WITH_AES_128_GCM_SHA256,secp256r1,app.link,False,True,CsxuknGIti,"['bf371478ffb23a8de16b6f6f71f20fa19d3fc61ad5df7e151ade09bf77527b27', 'f55f9ffcb83c73453261601c7e044db15a0f034b93c05830f28635ef889cf670', '87dcd4dc74640a322cd205552506d1be64f12596258096544986b4850bc72706', '28689b30e4c306aab53b027b29e36ad6dd1dcf4b953994482ca84bdc1ecac996']",[],1.0,0ffee3ba8e615ad22535e7f771690a28,76cc3e2d3028143b23ec18e27dbd7ca9,http/1.1,,7389.076165,10.0.2.15,61740,54.192.93.139,443,tcp,5.334002999999939,311.0,5698.0,SF,True,False,0,ShADadFf,10,719,12,6182,ssl,0
7393.71028,CKOSSJ2SD1iAiGcAZb,10.0.2.15,61743,95.101.241.136,443,TLSv12,TLS_ECDHE_RSA_WITH_AES_256_GCM_SHA384,,cdn.optimizely.com,True,True,CsiI,,,,1a5fe5677b0e4fbbc854e8908225637d,410b9bedaf65dd26c6fe547154d60db4,h2,,7393.215763,10.0.2.15,61743,95.101.241.136,443,tcp,193.015214,1248.0,63002.0,SF,True,False,0,ShADadFfRr,38,2776,74,65966,ssl,0
7393.717269,CbRcNw2X87RZ7uAy84,10.0.2.15,61742,54.192.93.139,443,TLSv12,TLS_ECDHE_RSA_WITH_AES_128_GCM_SHA256,secp256r1,app.link,False,True,CsxuknGIti,"['bf371478ffb23a8de16b6f6f71f20fa19d3fc61ad5df7e151ade09bf77527b27', 'f55f9ffcb83c73453261601c7e044db15a0f034b93c05830f28635ef889cf670', '87dcd4dc74640a322cd205552506d1be64f12596258096544986b4850bc72706', '28689b30e4c306aab53b027b29e36ad6dd1dcf4b953994482ca84bdc1ecac996']",[],1.0,0ffee3ba8e615ad22535e7f771690a28,76cc3e2d3028143b23ec18e27dbd7ca9,http/1.1,,7393.214713,10.0.2.15,61742,54.192.93.139,443,tcp,1.166424999999435,311.0,5698.0,RSTO,True,False,0,ShADadR,8,639,8,6022,ssl,0
7406.420478,C7gGM35INqOGsQQp2,10.0.2.15,61752,66.117.29.35,443,TLSv12,TLS_ECDHE_RSA_WITH_AES_256_GCM_SHA384,secp256r1,lunchbox.d2.sc.omtrdc.net,False,True,CsxknGIi,"['aa7ccf9b1f73186b903ab785a9a7e1d78f2c1d3c15f70fe366369ee11a32e958', '19400be5b7a31fb733917700789d2f0a2471c0c9d506c0e504c06c16d7cb17c0']",[],1.0,0ffee3ba8e615ad22535e7f771690a28,959bfcf87532cbff1253e80a4ee81308,,,7404.90918,10.0.2.15,61752,66.117.29.35,443,tcp,28.279625000000124,1130.0,3789.0,SF,True,False,0,ShADadTFf,13,1659,13,4313,ssl,0
7406.41752,CWUOPE16za02vZPiZ3,10.0.2.15,61751,54.192.93.139,443,TLSv12,TLS_ECDHE_RSA_WITH_AES_128_GCM_SHA256,secp256r1,app.link,False,True,CsxuknGIti,"['bf371478ffb23a8de16b6f6f71f20fa19d3fc61ad5df7e151ade09bf77527b27', 'f55f9ffcb83c73453261601c7e044db15a0f034b93c05830f28635ef889cf670', '87dcd4dc74640a322cd205552506d1be64f12596258096544986b4850bc72706', '28689b30e4c306aab53b027b29e36ad6dd1dcf4b953994482ca84bdc1ecac996']",[],1.0,0ffee3ba8e615ad22535e7f771690a28,76cc3e2d3028143b23ec18e27dbd7ca9,http/1.1,,7404.908636,10.0.2.15,61751,54.192.93.139,443,tcp,125.0381550000002,761.0,6130.0,SF,True,False,0,ShADadTTfF,22,1660,24,7094,ssl,0
7408.00625,CzkWgv2FAKlI20MeV7,10.0.2.15,61753,52.94.236.123,443,TLSv12,TLS_ECDHE_RSA_WITH_AES_128_GCM_SHA256,secp256r1,api-cdn.amazon.com,False,True,CsxuknGIi,"['b3f49af784614cc8c8b2c059b597df1ee1a487e2f264a84eba51de868db583f9', 'eae72eb454bf6c3977ebd289e970b2f5282949190093d0d26f98d0f0d6a9cf17']",[],1.0,0ffee3ba8e615ad22535e7f771690a28,159d46e54a2c066ef95e656fdf034e1d,http/1.1,,7406.156274,10.0.2.15,61753,52.94.236.123,443,tcp,86.45651499999985,1366.0,13760.0,SF,True,False,0,ShADadTfF,22,2262,29,14924,ssl,0
7408.26488,CaIOlF2LAaUxgzRx3g,10.0.2.15,61759,185.33.220.199,443,TLSv12,TLS_ECDHE_RSA_WITH_AES_256_GCM_SHA384,secp256r1,secure-ams.adnxs.com,False,True,CsxuknGIti,"['5b081650e8034418a37504ce0820892be5a66474578207711eb688243fe1a8f2', '074541ecdf88ed992ed5ade3ecddef27a26ba1b44480a195c0a8dadae2521d8e']",[],1.0,0ffee3ba8e615ad22535e7f771690a28,d53e4608f956df65bb2b8a8c4d3b025d,,,7407.255734,10.0.2.15,61759,185.33.220.199,443,tcp,16.648854999999458,9593.0,29583.0,SF,True,False,0,ShADadfF,24,10561,40,31187,ssl,0
7408.265543,CIRKA83ssIM2ucVIH2,10.0.2.15,61758,185.33.220.199,443,TLSv12,TLS_ECDHE_RSA_WITH_AES_256_GCM_SHA384,secp256r1,secure-ams.adnxs.com,False,True,CsxuknGIti,"['5b081650e8034418a37504ce0820892be5a66474578207711eb688243fe1a8f2', '074541ecdf88ed992ed5ade3ecddef27a26ba1b44480a195c0a8dadae2521d8e']",[],1.0,0ffee3ba8e615ad22535e7f771690a28,d53e4608f956df65bb2b8a8c4d3b025d,,,7407.255178,10.0.2.15,61758,185.33.220.199,443,tcp,16.877512999999453,8439.0,6753.0,SF,True,False,0,ShADadfF,17,9127,20,7557,ssl,0
7408.329965,CL4z0n4UtwUrjQCKwj,10.0.2.15,61761,185.33.220.199,443,TLSv12,TLS_ECDHE_RSA_WITH_AES_256_GCM_SHA384,secp256r1,secure-ams.adnxs.com,False,True,CsxuknGIti,"['5b081650e8034418a37504ce0820892be5a66474578207711eb688243fe1a8f2', '074541ecdf88ed992ed5ade3ecddef27a26ba1b44480a195c0a8dadae2521d8e']",[],1.0,0ffee3ba8e615ad22535e7f771690a28,d53e4608f956df65bb2b8a8c4d3b025d,,,7407.256711,10.0.2.15,61761,185.33.220.199,443,tcp,23.462446999999884,14862.0,19288.0,SF,True,False,0,ShADadfF,28,15990,39,20852,ssl,0
7408.33108,C7mwGJ1w47TQ2Mp2Nh,10.0.2.15,61760,185.33.220.199,443,TLSv12,TLS_ECDHE_RSA_WITH_AES_256_GCM_SHA384,secp256r1,secure-ams.adnxs.com,False,True,CsxuknGIti,"['5b081650e8034418a37504ce0820892be5a66474578207711eb688243fe1a8f2', '074541ecdf88ed992ed5ade3ecddef27a26ba1b44480a195c0a8dadae2521d8e']",[],1.0,0ffee3ba8e615ad22535e7f771690a28,d53e4608f956df65bb2b8a8c4d3b025d,,,7407.256227,10.0.2.15,61760,185.33.220.199,443,tcp,19.001484000000342,9368.0,6754.0,SF,True,False,0,ShADadTfF,19,10137,21,7598,ssl,0
7408.326472,CHYUnr28shYD1U8ML5,10.0.2.15,61762,185.33.220.199,443,TLSv12,TLS_ECDHE_RSA_WITH_AES_256_GCM_SHA384,secp256r1,secure-ams.adnxs.com,False,True,CsxuknGIti,"['5b081650e8034418a37504ce0820892be5a66474578207711eb688243fe1a8f2', '074541ecdf88ed992ed5ade3ecddef27a26ba1b44480a195c0a8dadae2521d8e']",[],1.0,0ffee3ba8e615ad22535e7f771690a28,d53e4608f956df65bb2b8a8c4d3b025d,,,7407.25731,10.0.2.15,61762,185.33.220.199,443,tcp,14.861141000000316,4387.0,5825.0,SF,True,False,0,ShADadfF,13,4915,15,6429,ssl,0
7408.288062,Ce8UPJ21swhPehUfbh,10.0.2.15,61765,151.101.112.84,443,TLSv12,TLS_ECDHE_RSA_WITH_AES_128_GCM_SHA256,secp256r1,widgets.pinterest.com,False,True,CsxuknGIti,"['f4e51395ad2a5748284f72c5726b0c36d004a1400672e97a04aaa66629a6dbd0', '19400be5b7a31fb733917700789d2f0a2471c0c9d506c0e504c06c16d7cb17c0']",[],1.0,0ffee3ba8e615ad22535e7f771690a28,860fcf58fd757e26aa8911e5eaff6b53,http/1.1,,7407.262099,10.0.2.15,61765,151.101.112.84,443,tcp,7.914397000000463,1053.0,5164.0,SF,True,False,0,ShADadfF,10,1461,11,5608,ssl,0
7408.294184,Cr1A4j21uXIXKB86fk,10.0.2.15,61764,178.250.0.101,443,TLSv12,TLS_RSA_WITH_AES_128_CBC_SHA,,cas.fr.eu.criteo.com,False,True,CsxnGIi,"['8a258857ae6b43509c5769d79be153d2c41426a6c9fbdc79a626f601ad13560d', 'eae72eb454bf6c3977ebd289e970b2f5282949190093d0d26f98d0f0d6a9cf17', '8420dfbe376f414bf4c0a81e6936d24ccc03f304835b86c7a39142fca723a689']",[],1.0,0ffee3ba8e615ad22535e7f771690a28,5dcc087b1a1d0a5b0658981a7e8b2c3c,,,7407.260082,10.0.2.15,61764,178.250.0.101,443,tcp,16.002426000000014,4677.0,9676.0,SF,True,False,0,ShADadTfF,17,5366,22,10560,ssl,0
7408.305813,C8gzUrjfeql9YCorc,10.0.2.15,61763,185.33.220.199,443,TLSv12,TLS_ECDHE_RSA_WITH_AES_256_GCM_SHA384,secp256r1,secure-ams.adnxs.com,False,True,CsxuknGIti,"['5b081650e8034418a37504ce0820892be5a66474578207711eb688243fe1a8f2', '074541ecdf88ed992ed5ade3ecddef27a26ba1b44480a195c0a8dadae2521d8e']",[],1.0,0ffee3ba8e615ad22535e7f771690a28,d53e4608f956df65bb2b8a8c4d3b025d,,,7407.258253,10.0.2.15,61763,185.33.220.199,443,tcp,19.00692600000002,9928.0,18416.0,SF,True,False,0,ShADadTfF,23,10857,33,19740,ssl,0
7409.73129,CrnIeU1fHdnY9HBJM8,10.0.2.15,61768,52.85.185.127,443,TLSv12,TLS_ECDHE_RSA_WITH_AES_128_GCM_SHA256,secp256r1,cdn.listrakbi.com,False,True,CsxuknGIti,"['9a7a30bba8c1f5fc86382d31411fa2272a80148c49be4f845494ee2a060b7c52', 'f55f9ffcb83c73453261601c7e044db15a0f034b93c05830f28635ef889cf670', '87dcd4dc74640a322cd205552506d1be64f12596258096544986b4850bc72706', '28689b30e4c306aab53b027b29e36ad6dd1dcf4b953994482ca84bdc1ecac996']",[],1.0,0ffee3ba8e615ad22535e7f771690a28,76cc3e2d3028143b23ec18e27dbd7ca9,http/1.1,,7408.775594,10.0.2.15,61768,52.85.185.127,443,tcp,124.88766100000066,781.0,42877.0,SF,True,False,0,ShADadTTfF,32,2080,60,45281,ssl,0
7409.736201,CRUbIJ11AyXjIxRFZ7,10.0.2.15,61767,54.76.24.249,443,TLSv12,TLS_ECDHE_RSA_WITH_AES_128_GCM_SHA256,secp256r1,bcp.crwdcntrl.net,False,True,CsxknGIi,"['131513af4a65033acc7234be892849a35819b02b70aba4c428c133a0a88fdd2e', '973a41276ffd01e027a2aad49e34c37846d3e976ff6a620b6712e33832041aa6', '3a2fbe92891e57fe05d57087f48e730f17e5a5f53ef403d618e5b74d7a7e6ecb', 'c3846bf24b9e93ca64274c0ec67c1ecc5e024ffcacd2d74019350e81fe546ae4']",[],1.0,0ffee3ba8e615ad22535e7f771690a28,303951d4c50efb2e991652225a6f02b1,,,7408.775068,10.0.2.15,61767,54.76.24.249,443,tcp,68.445514,2526.0,5632.0,SF,True,False,0,ShADadTFf,17,3219,20,6436,ssl,0
7409.741575,CKDcLO12rw2sweodS9,10.0.2.15,61766,93.184.220.113,443,TLSv12,TLS_ECDHE_RSA_WITH_AES_128_GCM_SHA256,secp256r1,tags.crwdcntrl.net,False,True,CsxuknGIti,"['01abac41ff2430a09d598802a0878a768bc327b04a083fa1ec8335474a3e52aa', '154c433c491929c5ef686e838e323664a00e6a0d822ccc958fb4dab03e49a08f', '4348a0e9444c78cb265e058d5e8944b4d84f9662bd26db257f8934a443c70161']",[],1.0,0ffee3ba8e615ad22535e7f771690a28,49b45fc1ab090aa3a159778313fc9b9e,h2,,7408.774176,10.0.2.15,61766,93.184.220.113,443,tcp,184.59525699999995,2386.0,14965.0,SF,True,False,0,ShADadfF,24,3354,32,16249,ssl,0
7412.062023,CnoOtx1tgmVdtmygf3,10.0.2.15,61769,54.192.93.150,443,TLSv12,TLS_ECDHE_RSA_WITH_AES_128_GCM_SHA256,,rules.quantcount.com,True,True,CsiI,,,,1a5fe5677b0e4fbbc854e8908225637d,d199ba0af2b08e204c73d6d81a1fd260,h2,,7411.562852,10.0.2.15,61769,54.192.93.150,443,tcp,194.84101999999984,1159.0,746.0,SF,True,False,0,ShADadFf,18,1887,19,1510,ssl,0
7412.120877,CdB5OH3PW3X8RE8Qf,10.0.2.15,61770,52.22.128.236,443,TLSv12,TLS_ECDHE_RSA_WITH_AES_128_GCM_SHA256,secp256r1,log.pinterest.com,False,True,CsxknGIi,"['d1ab179db88a34a8c788897bd5b599cba4cfcc5de8a3b9b2349135779e8f2092', '19400be5b7a31fb733917700789d2f0a2471c0c9d506c0e504c06c16d7cb17c0']",[],1.0,0ffee3ba8e615ad22535e7f771690a28,303951d4c50efb2e991652225a6f02b1,,,7411.564852,10.0.2.15,61770,52.22.128.236,443,tcp,65.71593099999973,1075.0,3946.0,SF,True,False,0,ShADadTFf,16,1729,18,4670,ssl,0
7423.61262,CS5MRu26zQtoPHBJxe,10.0.2.15,61788,151.101.113.108,443,TLSv12,TLS_ECDHE_RSA_WITH_AES_128_GCM_SHA256,secp256r1,vcdn.adnxs.com,False,True,CsxuknGIti,"['a5760412fe8dc77ba83e5ba531d4ccb590842bab7d15560c5b9681bce87ae512', '4b7334e1d8999822bafa8ff6888125389b18a4e5ab26ffa624c7f68fdc81f0cb']",[],1.0,0ffee3ba8e615ad22535e7f771690a28,860fcf58fd757e26aa8911e5eaff6b53,http/1.1,,7423.0296,10.0.2.15,61788,151.101.113.108,443,tcp,3.962989000000561,317.0,5024.0,RSTO,True,False,0,ShADadFR,9,685,11,5468,ssl,0
7423.625356,C2jMSf3svIpXDNew5g,10.0.2.15,61789,23.219.91.66,443,TLSv12,TLS_ECDHE_ECDSA_WITH_AES_256_GCM_SHA384,secp256r1,a248.e.akamai.net,False,True,CsxuknGIti,"['56d0de4121d9daaea7a1ed67ff7b49ba2ea3d77cbab1c27901ee618b74a29e16', '2e2861289b5ccedecae4c31bf262e0fb0c29b6c1530573442731ca65d821e901']",[],1.0,0ffee3ba8e615ad22535e7f771690a28,ca6f3b7b341bf732d741bd93e9b37436,http/1.1,,7423.030374,10.0.2.15,61789,23.219.91.66,443,tcp,3.94177000000036,320.0,3928.0,SF,True,False,0,ShADadFfRr,9,688,11,4372,ssl,0
7433.297085,CjXajt3uYqmsEADP0h,10.0.2.15,61803,93.184.220.43,443,TLSv12,TLS_ECDHE_RSA_WITH_AES_128_GCM_SHA256,secp256r1,mediacdn.espssl.com,False,True,CsxuknGIti,"['04e6e546b69b716ff5b17142d505996f08a30356fc65cbe8ec025b5c1501b3cc', '154c433c491929c5ef686e838e323664a00e6a0d822ccc958fb4dab03e49a08f']",[],1.0,0ffee3ba8e615ad22535e7f771690a28,49b45fc1ab090aa3a159778313fc9b9e,h2,,7433.020575,10.0.2.15,61803,93.184.220.43,443,tcp,182.63514300000045,881.0,200491.0,SF,True,False,0,ShADadfF,69,3649,199,208455,ssl,0
7434.1631,CqwmW14Hv4ugSMKzF3,10.0.2.15,61811,93.184.220.43,443,TLSv12,TLS_ECDHE_RSA_WITH_AES_128_GCM_SHA256,secp256r1,mediacdn.espssl.com,False,True,CsxuknGIti,"['04e6e546b69b716ff5b17142d505996f08a30356fc65cbe8ec025b5c1501b3cc', '154c433c491929c5ef686e838e323664a00e6a0d822ccc958fb4dab03e49a08f']",[],1.0,0ffee3ba8e615ad22535e7f771690a28,49b45fc1ab090aa3a159778313fc9b9e,h2,,7433.329205,10.0.2.15,61811,93.184.220.43,443,tcp,185.2116560000004,964.0,198201.0,SF,True,False,0,ShADadWfF,69,3732,198,206125,ssl,0
7442.451604,CeiiaS1RmYzq4peD4h,10.0.2.15,61818,74.125.206.157,443,TLSv12,TLS_ECDHE_RSA_WITH_AES_128_GCM_SHA256,x25519,stats.g.doubleclick.net,False,True,CsxknGIti,"['8d80516b26a9002a020bc551f01c44620d0d726476e4babc515dc5c82f0555b5', '9f630426df1d8abfd80ace98871ba833ab9742cb34838de2b5285ed54c0c7dcc', '3c35cc963eb004451323d3275d05b353235053490d9cd83729a2faf5e7ca1cc0']",[],1.0,0ffee3ba8e615ad22535e7f771690a28,ab41313cfec25328b20865eb1388e0a2,h2,,7442.060831,10.0.2.15,61818,74.125.206.157,443,tcp,212.9604120000004,1565.0,4959.0,SF,True,False,0,ShADadFf,26,2613,30,6163,ssl,0
7451.327589,C2FYmm3T6uRgnjYVT1,10.0.2.15,61830,172.217.23.238,443,TLSv12,TLS_ECDHE_ECDSA_WITH_AES_128_GCM_SHA256,,www.youtube.com,True,True,CsiI,,,,1a5fe5677b0e4fbbc854e8908225637d,c23237dbea656869600e48dfbd00ab7b,h2,,7450.924445,10.0.2.15,61830,172.217.23.238,443,tcp,338.3256780000001,3595.0,19213.0,SF,True,False,0,ShADadFf,38,5123,51,21257,ssl,0
7451.328155,CLBT6u2lmghtPSsgM1,10.0.2.15,61829,172.217.23.238,443,TLSv12,TLS_ECDHE_ECDSA_WITH_AES_128_GCM_SHA256,,www.youtube.com,True,True,CsiI,,,,1a5fe5677b0e4fbbc854e8908225637d,c23237dbea656869600e48dfbd00ab7b,h2,,7450.923625,10.0.2.15,61829,172.217.23.238,443,tcp,7.428879000000052,1236.0,13371.0,SF,True,False,0,ShADadFf,17,1924,25,14375,ssl,0
7453.210887,CUKeob2xvUcEacOxv8,10.0.2.15,61831,172.217.23.230,443,TLSv12,TLS_ECDHE_RSA_WITH_AES_128_GCM_SHA256,x25519,ad.doubleclick.net,False,True,CsxknGIti,"['378a6c73f6dec1c6bc563fa8eda92c3e9ce61b893db7685686c41f33ab89931c', '9f630426df1d8abfd80ace98871ba833ab9742cb34838de2b5285ed54c0c7dcc', '3c35cc963eb004451323d3275d05b353235053490d9cd83729a2faf5e7ca1cc0']",[],1.0,0ffee3ba8e615ad22535e7f771690a28,ab41313cfec25328b20865eb1388e0a2,h2,,7451.813777,10.0.2.15,61831,172.217.23.230,443,tcp,206.77535799999987,1426.0,10182.0,SF,True,False,0,ShADadFf,26,2474,30,11386,ssl,0
7466.430018,CGDJdIxLXDeMKaUi,10.0.2.15,64945,172.217.23.230,443,TLSv12,TLS_ECDHE_RSA_WITH_AES_128_GCM_SHA256,,static.doubleclick.net,True,True,CsiI,,,,1a5fe5677b0e4fbbc854e8908225637d,67619a80665d7ab92d1041b1d11f9164,h2,,7465.151263,10.0.2.15,64945,172.217.23.230,443,tcp,2.9675130000005083,779.0,292.0,RSTO,True,False,0,ShADadFR,10,1187,9,656,ssl,0
7466.686246,CKyzEw4vG6LBRNVPb3,10.0.2.15,64947,172.217.23.238,443,TLSv12,TLS_ECDHE_ECDSA_WITH_AES_128_GCM_SHA256,,i.ytimg.com,True,True,CsiI,,,,1a5fe5677b0e4fbbc854e8908225637d,c23237dbea656869600e48dfbd00ab7b,h2,,7465.259964,10.0.2.15,64947,172.217.23.238,443,tcp,195.4421140000004,1399.0,142634.0,SF,True,False,0,ShADadFf,112,5887,213,151158,ssl,0
7466.677413,C2BHtz48MoVVCD079c,10.0.2.15,64943,52.24.59.133,443,TLSv12,TLS_ECDHE_RSA_WITH_AES_128_GCM_SHA256,secp256r1,pixel.mtrcs.samba.tv,False,True,CsxknGIi,"['08889e6b7de5a91012d9c5fb5117bd972f0eb542b42061343511840d2d2ddf14', '973a41276ffd01e027a2aad49e34c37846d3e976ff6a620b6712e33832041aa6', '3a2fbe92891e57fe05d57087f48e730f17e5a5f53ef403d618e5b74d7a7e6ecb', 'c3846bf24b9e93ca64274c0ec67c1ecc5e024ffcacd2d74019350e81fe546ae4']",[],1.0,0ffee3ba8e615ad22535e7f771690a28,303951d4c50efb2e991652225a6f02b1,,,7465.140365,10.0.2.15,64943,52.24.59.133,443,tcp,72.12372499999947,765.0,5987.0,SF,True,False,0,ShADadTFf,18,1499,21,6831,ssl,0
7466.680719,CIhWY6fD5qdmzlyre,10.0.2.15,64942,52.24.59.133,443,TLSv12,TLS_ECDHE_RSA_WITH_AES_128_GCM_SHA256,secp256r1,pixel.mtrcs.samba.tv,False,True,CsxknGIi,"['08889e6b7de5a91012d9c5fb5117bd972f0eb542b42061343511840d2d2ddf14', '973a41276ffd01e027a2aad49e34c37846d3e976ff6a620b6712e33832041aa6', '3a2fbe92891e57fe05d57087f48e730f17e5a5f53ef403d618e5b74d7a7e6ecb', 'c3846bf24b9e93ca64274c0ec67c1ecc5e024ffcacd2d74019350e81fe546ae4']",[],1.0,0ffee3ba8e615ad22535e7f771690a28,303951d4c50efb2e991652225a6f02b1,,,7465.139021,10.0.2.15,64942,52.24.59.133,443,tcp,16.653572000000167,386.0,5302.0,SF,True,False,0,ShADadTFfRr,13,915,14,5866,ssl,0
7469.821646,Cl6e1C1Atx5n7Vtdg,10.0.2.15,64954,151.101.112.134,443,TLSv12,TLS_ECDHE_RSA_WITH_AES_128_GCM_SHA256,secp256r1,tmz.disqus.com,False,True,CsxuknGIti,"['72fccfb0423eeaf4a935114758c42ae52c971a55e6226361bf3b672459c93599', '154c433c491929c5ef686e838e323664a00e6a0d822ccc958fb4dab03e49a08f']",[],1.0,0ffee3ba8e615ad22535e7f771690a28,860fcf58fd757e26aa8911e5eaff6b53,http/1.1,,7469.539502,10.0.2.15,64954,151.101.112.134,443,tcp,10.57117500000004,1935.0,6163.0,SF,True,False,0,ShADadFRfr,15,2543,19,6927,ssl,0
7469.811989,CUTBy73HFG4j2ob3T8,10.0.2.15,64956,54.72.61.29,443,TLSv12,TLS_RSA_WITH_AES_128_CBC_SHA,,aa.agkn.com,False,True,CsxnGIi,"['6276692c71c92a1d4e20d2a713b64c6aa863418031441e2a74bcda8e8dbb04f4', 'e6683e88315cd1cb403c0cea490f7c4b4c82c91cd485037489aadbaa90839f61', '3c35cc963eb004451323d3275d05b353235053490d9cd83729a2faf5e7ca1cc0']",[],1.0,0ffee3ba8e615ad22535e7f771690a28,5dcc087b1a1d0a5b0658981a7e8b2c3c,,,7469.540802,10.0.2.15,64956,54.72.61.29,443,tcp,12.695410999999694,1148.0,4319.0,SF,True,False,0,ShADadfF,11,1596,13,4843,ssl,0
7469.831149,CHtV47wRJGYAugNWf,10.0.2.15,64952,95.101.245.163,443,TLSv12,TLS_ECDHE_RSA_WITH_AES_256_GCM_SHA384,secp256r1,sb.voicefive.com,False,True,CsxknGIti,"['842e3da2c01207a9184fa6872d2f40c02831018b5c22a7e46ac83deb93f502ea', '111006378afbe8e99bb02ba87390ca429fca2773f74d7f7eb5744f5ddf68014b', '4f32d5dc00f715250abcc486511e37f501a899deb3bf7ea8adbbd3aef1c412da']",[],1.0,0ffee3ba8e615ad22535e7f771690a28,2b33c1374db4ddf06942f92373c0b54b,http/1.1,,7469.535422,10.0.2.15,64952,95.101.245.163,443,tcp,130.06300199999987,653.0,8565.0,SF,True,False,0,ShADadTTFfRr,25,1673,31,9809,ssl,0
7469.83583,CRuny22pOfOnLTEeE6,10.0.2.15,64951,209.197.3.19,443,TLSv12,TLS_ECDHE_RSA_WITH_AES_128_GCM_SHA256,secp256r1,servedby.flashtalking.com,False,True,CsxuknGIti,"['7549769e2f25b91f9a298d65a84318336c920895fb2b18a462b53558a6f3edb7', '074541ecdf88ed992ed5ade3ecddef27a26ba1b44480a195c0a8dadae2521d8e', '3c35cc963eb004451323d3275d05b353235053490d9cd83729a2faf5e7ca1cc0']",[],1.0,0ffee3ba8e615ad22535e7f771690a28,a9f50de6377ae7c6dbaabc53f089ac30,,,7469.534384,10.0.2.15,64951,209.197.3.19,443,tcp,16.204720000000634,908.0,6180.0,SF,True,False,0,ShADadfF,11,1356,13,6704,ssl,0
7470.068063,CUvsDa3Gi71Y19fZog,10.0.2.15,64957,23.23.219.8,443,TLSv12,TLS_ECDHE_RSA_WITH_AES_128_GCM_SHA256,secp256r1,usermatch.krxd.net,False,True,CsxknGIi,"['801848f55bb97f055d1e2f3f6c8094cf12d7b6285a7ed7c20bf39440c6cb5f8e', '973a41276ffd01e027a2aad49e34c37846d3e976ff6a620b6712e33832041aa6', '3a2fbe92891e57fe05d57087f48e730f17e5a5f53ef403d618e5b74d7a7e6ecb', 'c3846bf24b9e93ca64274c0ec67c1ecc5e024ffcacd2d74019350e81fe546ae4']",[],1.0,0ffee3ba8e615ad22535e7f771690a28,303951d4c50efb2e991652225a6f02b1,,,7469.542011,10.0.2.15,64957,23.23.219.8,443,tcp,114.25851600000078,2253.0,6355.0,SF,True,False,0,ShADadTFf,24,3230,26,7399,ssl,0
7470.20973,C9L85Oqz4NU4UqGVb,10.0.2.15,64950,54.225.210.131,443,TLSv12,TLS_ECDHE_RSA_WITH_AES_128_GCM_SHA256,secp256r1,api.placed.com,False,True,CsxknGIi,"['cdccb88f3724bf540379ba06d42f5b57b929a5f9e21e37f36468fe25b834128a', 'f55f9ffcb83c73453261601c7e044db15a0f034b93c05830f28635ef889cf670', '87dcd4dc74640a322cd205552506d1be64f12596258096544986b4850bc72706', '28689b30e4c306aab53b027b29e36ad6dd1dcf4b953994482ca84bdc1ecac996']",[],1.0,0ffee3ba8e615ad22535e7f771690a28,303951d4c50efb2e991652225a6f02b1,,,7469.533375,10.0.2.15,64950,54.225.210.131,443,tcp,68.24271000000044,899.0,5687.0,SF,True,False,0,ShADadTFf,17,1593,20,6491,ssl,0
7480.798341,CIrXtF1rXZPSQKSsej,10.0.2.15,64966,172.217.23.238,443,TLSv12,TLS_ECDHE_ECDSA_WITH_AES_128_GCM_SHA256,x25519,youtubei.youtube.com,False,True,CsxknGIti,"['11ddd329046367c19b32ffdb02ed308de129de4d6ffcf95856d7bd6a7accfba9', '9f630426df1d8abfd80ace98871ba833ab9742cb34838de2b5285ed54c0c7dcc', '3c35cc963eb004451323d3275d05b353235053490d9cd83729a2faf5e7ca1cc0']",[],1.0,0ffee3ba8e615ad22535e7f771690a28,84480cf8cf0e732666092640e581e1a5,h2,,7480.476938,10.0.2.15,64966,172.217.23.238,443,tcp,3.340348000000631,322.0,4384.0,RSTO,True,False,0,ShADadR,8,650,7,4668,ssl,0
7482.941019,CfAtralgtzFrqGrig,10.0.2.15,64968,209.15.36.34,443,TLSv12,TLS_ECDHE_RSA_WITH_AES_256_CBC_SHA,secp256r1,pixel-a.sitescout.com,False,True,CsxknGIti,"['f015d4c86fc456a1d84bc3afa7ddb630a34da324037bb1cc3206209a00eae6e4', 'bc3f03a436240edba5f83714f6f677e34b37f9b1f0c08c1e558d981e279e8209']",[],1.0,0ffee3ba8e615ad22535e7f771690a28,63a37e7be22df054d1f448fc0c28b98f,,,7482.546348,10.0.2.15,64968,209.15.36.34,443,tcp,1.435212999999748,348.0,3219.0,RSTO,True,False,0,ShADadFR,8,676,8,3543,ssl,0
7495.12593,CvJX9o4xiM7djrbkUf,10.0.2.15,65026,169.55.70.153,443,TLSv12,TLS_ECDHE_RSA_WITH_AES_256_GCM_SHA384,secp256r1,ce.lijit.com,False,True,CsxknGIti,"['4e68dd8cc0ae3d809610dade80621e59f10433705355d9540c3a7fe52d0a4e51', '973a41276ffd01e027a2aad49e34c37846d3e976ff6a620b6712e33832041aa6', '3a2fbe92891e57fe05d57087f48e730f17e5a5f53ef403d618e5b74d7a7e6ecb', 'c3846bf24b9e93ca64274c0ec67c1ecc5e024ffcacd2d74019350e81fe546ae4']",[],1.0,0ffee3ba8e615ad22535e7f771690a28,758945630046fd37070521b8544d1fe8,,,7494.026774,10.0.2.15,65026,169.55.70.153,443,tcp,29.60934999999972,1765.0,6582.0,SF,True,False,0,ShADadTfF,13,2295,16,7226,ssl,0
7510.867205,CxDmp4nd0EDL0lOi6,10.0.2.15,65052,54.192.93.194,443,TLSv12,TLS_ECDHE_RSA_WITH_AES_128_GCM_SHA256,secp256r1,mw-api.tmz.com,False,True,CsxuknGIti,"['1f97a45d5ea97ed742c4eaddb20a3b88a247bb46a75257205b5a7e2288d06254', 'f55f9ffcb83c73453261601c7e044db15a0f034b93c05830f28635ef889cf670', '87dcd4dc74640a322cd205552506d1be64f12596258096544986b4850bc72706', '28689b30e4c306aab53b027b29e36ad6dd1dcf4b953994482ca84bdc1ecac996']",[],1.0,0ffee3ba8e615ad22535e7f771690a28,76cc3e2d3028143b23ec18e27dbd7ca9,h2,,7510.14975,10.0.2.15,65052,54.192.93.194,443,tcp,223.05787000000052,2275.0,22547.0,SF,True,False,0,ShADadFf,30,3483,45,24351,ssl,0
7511.114206,CyiEAv1GLt1loNpSF7,10.0.2.15,65056,72.14.249.132,443,TLSv12,TLS_ECDHE_RSA_WITH_AES_128_GCM_SHA256,x25519,www.khanacademy.org,False,True,CsxknGIi,"['5707d193be5c97173f1ad7b22803f887a25c4743677129cd98ab0d560477cadf', '973a41276ffd01e027a2aad49e34c37846d3e976ff6a620b6712e33832041aa6', '3a2fbe92891e57fe05d57087f48e730f17e5a5f53ef403d618e5b74d7a7e6ecb', 'c3846bf24b9e93ca64274c0ec67c1ecc5e024ffcacd2d74019350e81fe546ae4']",[],1.0,0ffee3ba8e615ad22535e7f771690a28,67619a80665d7ab92d1041b1d11f9164,h2,,7510.180812,10.0.2.15,65056,72.14.249.132,443,tcp,278.9028240000007,3430.0,163162.0,SF,True,False,0,ShADadFf,73,6358,164,169726,ssl,0
7516.817186,CosqwQ1P6w5U14cZfa,10.0.2.15,65063,54.192.93.194,443,TLSv12,TLS_ECDHE_RSA_WITH_AES_128_GCM_SHA256,secp256r1,mw-api.tmz.com,False,True,CsxuknGIti,"['1f97a45d5ea97ed742c4eaddb20a3b88a247bb46a75257205b5a7e2288d06254', 'f55f9ffcb83c73453261601c7e044db15a0f034b93c05830f28635ef889cf670', '87dcd4dc74640a322cd205552506d1be64f12596258096544986b4850bc72706', '28689b30e4c306aab53b027b29e36ad6dd1dcf4b953994482ca84bdc1ecac996']",[],1.0,0ffee3ba8e615ad22535e7f771690a28,76cc3e2d3028143b23ec18e27dbd7ca9,h2,,7516.207291,10.0.2.15,65063,54.192.93.194,443,tcp,19.20827400000053,941.0,6424.0,SF,True,False,0,ShADadFf,16,1589,19,7188,ssl,0
7517.568705,CCGqIq1Tc87bE1kiXg,10.0.2.15,65066,95.101.252.144,443,TLSv12,TLS_ECDHE_RSA_WITH_AES_256_GCM_SHA384,,z.moatads.com,True,True,CsiI,,,,1a5fe5677b0e4fbbc854e8908225637d,410b9bedaf65dd26c6fe547154d60db4,http/1.1,,7516.243328,10.0.2.15,65066,95.101.252.144,443,tcp,330.2755750000006,1573.0,195894.0,SF,True,False,0,ShADadTTFfRr,85,5012,219,204658,ssl,0
7517.574721,C0G7M830cEl89RJA8,10.0.2.15,65064,199.16.156.232,443,TLSv12,TLS_ECDHE_RSA_WITH_AES_128_GCM_SHA256,secp256r1,analytics.twitter.com,False,True,CsxknGIti,"['d73ceb7605c00e14e0bb87516ddc2a48c8ba71d10920ec2c7d6680c42d3cdba0', '19400be5b7a31fb733917700789d2f0a2471c0c9d506c0e504c06c16d7cb17c0']",[],1.0,0ffee3ba8e615ad22535e7f771690a28,8d2a028aa94425f76ced7826b1f39039,h2,,7516.239455,10.0.2.15,65064,199.16.156.232,443,tcp,216.86354699999995,1872.0,5150.0,SF,True,False,0,ShADadFfRr,24,2840,29,6314,ssl,0
7525.598152,CWgagS2OZ9XRbp1dWg,10.0.2.15,65084,185.80.37.143,443,TLSv12,TLS_ECDHE_RSA_WITH_AES_128_GCM_SHA256,secp256r1,a684.casalemedia.com,False,True,CsxknGIti,"['5411d2a7b127c23a2b53ad668cc23a70731cbb15cf5ce32d66614a1fbc5fb90d', '973a41276ffd01e027a2aad49e34c37846d3e976ff6a620b6712e33832041aa6', '3a2fbe92891e57fe05d57087f48e730f17e5a5f53ef403d618e5b74d7a7e6ecb']",[],1.0,0ffee3ba8e615ad22535e7f771690a28,389ed42c02ebecc32e73aa31def07e14,,,7525.179056,10.0.2.15,65084,185.80.37.143,443,tcp,10.564438000000337,323.0,4515.0,RSTO,True,False,0,ShADadfR,8,651,9,4879,ssl,0
7525.603284,CuWfcLBGqH9aec6gc,10.0.2.15,65083,172.217.23.194,443,TLSv12,TLS_ECDHE_ECDSA_WITH_AES_128_GCM_SHA256,x25519,pagead2.googlesyndication.com,False,True,CsxknGIti,"['7dab2c14c2154b93fe35063ca1c26a233a78ca71cbb2bca391546edc16638392', '9f630426df1d8abfd80ace98871ba833ab9742cb34838de2b5285ed54c0c7dcc', '3c35cc963eb004451323d3275d05b353235053490d9cd83729a2faf5e7ca1cc0']",[],1.0,0ffee3ba8e615ad22535e7f771690a28,84480cf8cf0e732666092640e581e1a5,h2,,7525.178525,10.0.2.15,65083,172.217.23.194,443,tcp,11.56779000000006,1834.0,5030.0,SF,True,False,0,ShADadFf,24,2802,28,6154,ssl,0
7529.310212,C3AV57D0iZ7sQlUh5,10.0.2.15,65094,172.217.23.228,443,TLSv12,TLS_ECDHE_RSA_WITH_AES_128_GCM_SHA256,,www.google.com,True,True,CsiI,,,,1a5fe5677b0e4fbbc854e8908225637d,67619a80665d7ab92d1041b1d11f9164,h2,,7528.817597,10.0.2.15,65094,172.217.23.228,443,tcp,16.39576599999964,3228.0,1048.0,SF,True,False,0,ShADadFf,27,4316,30,2252,ssl,0
7529.312775,CBbLtW2lNOA5lmUEnk,10.0.2.15,65093,172.217.23.228,443,TLSv12,TLS_ECDHE_RSA_WITH_AES_128_GCM_SHA256,,www.google.com,True,True,CsiI,,,,1a5fe5677b0e4fbbc854e8908225637d,67619a80665d7ab92d1041b1d11f9164,h2,,7528.816914,10.0.2.15,65093,172.217.23.228,443,tcp,11.737065000000255,1442.0,556.0,SF,True,False,0,ShADadFf,14,2010,15,1160,ssl,0
7529.30499,Cyh2dA3DUjT3gAm5f2,10.0.2.15,65085,185.80.37.137,443,TLSv12,TLS_ECDHE_RSA_WITH_AES_128_GCM_SHA256,secp256r1,a678.casalemedia.com,False,True,CsxknGIti,"['5411d2a7b127c23a2b53ad668cc23a70731cbb15cf5ce32d66614a1fbc5fb90d', '973a41276ffd01e027a2aad49e34c37846d3e976ff6a620b6712e33832041aa6', '3a2fbe92891e57fe05d57087f48e730f17e5a5f53ef403d618e5b74d7a7e6ecb']",[],1.0,0ffee3ba8e615ad22535e7f771690a28,389ed42c02ebecc32e73aa31def07e14,,,7528.791114,10.0.2.15,65085,185.80.37.137,443,tcp,7.479850000000624,323.0,4515.0,RSTO,True,False,0,ShADadfR,9,691,10,4919,ssl,0
7529.318334,CNLf3a2lwFS9D1K3nd,10.0.2.15,65090,172.217.23.228,443,TLSv12,TLS_ECDHE_RSA_WITH_AES_128_GCM_SHA256,,www.google.com,True,True,CsiI,,,,1a5fe5677b0e4fbbc854e8908225637d,67619a80665d7ab92d1041b1d11f9164,h2,,7528.814261,10.0.2.15,65090,172.217.23.228,443,tcp,11.973558999999112,1441.0,556.0,SF,True,False,0,ShADadFf,14,2009,14,1120,ssl,0
7529.31644,CedRO43LDnepTfQ88,10.0.2.15,65092,185.80.37.217,443,TLSv12,TLS_ECDHE_RSA_WITH_AES_128_GCM_SHA256,secp256r1,a1858.casalemedia.com,False,True,CsxknGIti,"['5411d2a7b127c23a2b53ad668cc23a70731cbb15cf5ce32d66614a1fbc5fb90d', '973a41276ffd01e027a2aad49e34c37846d3e976ff6a620b6712e33832041aa6', '3a2fbe92891e57fe05d57087f48e730f17e5a5f53ef403d618e5b74d7a7e6ecb']",[],1.0,0ffee3ba8e615ad22535e7f771690a28,389ed42c02ebecc32e73aa31def07e14,,,7528.815769,10.0.2.15,65092,185.80.37.217,443,tcp,7.454123999999865,324.0,4515.0,RSTO,True,False,0,ShADadfR,9,692,9,4879,ssl,0
7529.317443,C1jr684YVlrEQYWCXg,10.0.2.15,65091,185.80.37.213,443,TLSv12,TLS_ECDHE_RSA_WITH_AES_128_GCM_SHA256,secp256r1,a1854.casalemedia.com,False,True,CsxknGIti,"['5411d2a7b127c23a2b53ad668cc23a70731cbb15cf5ce32d66614a1fbc5fb90d', '973a41276ffd01e027a2aad49e34c37846d3e976ff6a620b6712e33832041aa6', '3a2fbe92891e57fe05d57087f48e730f17e5a5f53ef403d618e5b74d7a7e6ecb']",[],1.0,0ffee3ba8e615ad22535e7f771690a28,389ed42c02ebecc32e73aa31def07e14,,,7528.815069,10.0.2.15,65091,185.80.37.213,443,tcp,7.453148999999939,324.0,4515.0,RSTO,True,False,0,ShADadfR,8,652,9,4879,ssl,0
7529.319651,CKuubw3KWal9OemTe8,10.0.2.15,65089,185.80.37.157,443,TLSv12,TLS_ECDHE_RSA_WITH_AES_128_GCM_SHA256,secp256r1,a698.casalemedia.com,False,True,CsxknGIti,"['5411d2a7b127c23a2b53ad668cc23a70731cbb15cf5ce32d66614a1fbc5fb90d', '973a41276ffd01e027a2aad49e34c37846d3e976ff6a620b6712e33832041aa6', '3a2fbe92891e57fe05d57087f48e730f17e5a5f53ef403d618e5b74d7a7e6ecb']",[],1.0,0ffee3ba8e615ad22535e7f771690a28,389ed42c02ebecc32e73aa31def07e14,,,7528.812005,10.0.2.15,65089,185.80.37.157,443,tcp,6.925036000000546,323.0,4515.0,RSTO,True,False,0,ShADadfR,8,651,9,4879,ssl,0
7529.325217,Ck40LH3XQ81uByD6Ic,10.0.2.15,65086,172.217.23.228,443,TLSv12,TLS_ECDHE_RSA_WITH_AES_128_GCM_SHA256,,www.google.com,True,True,CsiI,,,,1a5fe5677b0e4fbbc854e8908225637d,67619a80665d7ab92d1041b1d11f9164,h2,,7528.793303,10.0.2.15,65086,172.217.23.228,443,tcp,11.56806400000005,1443.0,556.0,SF,True,False,0,ShADadFf,13,1971,15,1160,ssl,0
7529.321371,CMwFBOCutdOWBtaq8,10.0.2.15,65088,185.80.37.238,443,TLSv12,TLS_ECDHE_RSA_WITH_AES_128_GCM_SHA256,secp256r1,a1879.casalemedia.com,False,True,CsxknGIti,"['5411d2a7b127c23a2b53ad668cc23a70731cbb15cf5ce32d66614a1fbc5fb90d', '973a41276ffd01e027a2aad49e34c37846d3e976ff6a620b6712e33832041aa6', '3a2fbe92891e57fe05d57087f48e730f17e5a5f53ef403d618e5b74d7a7e6ecb']",[],1.0,0ffee3ba8e615ad22535e7f771690a28,389ed42c02ebecc32e73aa31def07e14,,,7528.804197,10.0.2.15,65088,185.80.37.238,443,tcp,6.937337999999727,324.0,4515.0,RSTO,True,False,0,ShADadfR,9,692,9,4879,ssl,0
7529.323913,CfmZza6cZK2TJRBLi,10.0.2.15,65087,169.47.30.64,443,TLSv12,TLS_RSA_WITH_AES_256_CBC_SHA,,stags.bluekai.com,False,True,CsxnGIi,"['f3e2a1e01c5e2e8f20022b198cde61baf841fcf748c4639eea3fd3db4785c81d', 'e0898ad662474b9f753c79bea878031c9a5d634a49edd6310b960ab023c02c0e']",[],1.0,0ffee3ba8e615ad22535e7f771690a28,f4fb99c318cd91a4dfff259227ba977b,http/1.1,,7528.79837,10.0.2.15,65087,169.47.30.64,443,tcp,7.796533999999156,536.0,3050.0,SF,True,False,0,ShADadFf,9,904,10,3454,ssl,0
7551.324156,Co0zUo4rEo2ieDK70f,10.0.2.15,65127,95.101.246.112,443,TLSv12,TLS_ECDHE_RSA_WITH_AES_256_GCM_SHA384,secp256r1,www.chowhound.com,False,True,CsxknGIti,"['0921b094e8b427e49b90c45ec702268cc0b41886e9f9549abc840a9b51510532', '074541ecdf88ed992ed5ade3ecddef27a26ba1b44480a195c0a8dadae2521d8e']",[],1.0,0ffee3ba8e615ad22535e7f771690a28,2b33c1374db4ddf06942f92373c0b54b,http/1.1,,7551.066577,10.0.2.15,65127,95.101.246.112,443,tcp,81.0402550000008,7239.0,148047.0,SF,True,False,0,ShADadTFfRr,60,9652,151,154091,ssl,0
7551.325724,CrIaA64UFhhupzKsjl,10.0.2.15,65128,169.47.30.64,443,TLSv12,TLS_RSA_WITH_AES_256_CBC_SHA,,stags.bluekai.com,False,True,CsxnGIi,"['f3e2a1e01c5e2e8f20022b198cde61baf841fcf748c4639eea3fd3db4785c81d', 'e0898ad662474b9f753c79bea878031c9a5d634a49edd6310b960ab023c02c0e']",[],1.0,0ffee3ba8e615ad22535e7f771690a28,f4fb99c318cd91a4dfff259227ba977b,http/1.1,,7551.070785,10.0.2.15,65128,169.47.30.64,443,tcp,34.163940000000366,1005.0,3668.0,SF,True,False,0,ShADadTfF,14,1576,16,4312,ssl,0
7552.343309,CnMnlx1sYLsL8ARzrc,10.0.2.15,65129,151.101.113.42,443,TLSv12,TLS_ECDHE_RSA_WITH_AES_128_GCM_SHA256,secp256r1,cdn.kastatic.org,False,True,CsxuknGIti,"['77ee1709ef7a780079e6ee7c10f61c00866c8ced019a451c24b330b41079b2bc', '4b7334e1d8999822bafa8ff6888125389b18a4e5ab26ffa624c7f68fdc81f0cb']",[],1.0,0ffee3ba8e615ad22535e7f771690a28,860fcf58fd757e26aa8911e5eaff6b53,http/1.1,,7552.104853,10.0.2.15,65129,151.101.113.42,443,tcp,35.515841000000364,4395.0,787516.0,RSTR,True,False,0,ShADadTWFRr,260,14804,755,817720,ssl,0
7555.310575,CeOFIs26Qt3WeBi2Wh,10.0.2.15,65133,151.101.113.42,443,TLSv12,TLS_ECDHE_RSA_WITH_AES_128_GCM_SHA256,secp256r1,cdn.kastatic.org,False,True,CsxuknGIti,"['77ee1709ef7a780079e6ee7c10f61c00866c8ced019a451c24b330b41079b2bc', '4b7334e1d8999822bafa8ff6888125389b18a4e5ab26ffa624c7f68fdc81f0cb']",[],1.0,0ffee3ba8e615ad22535e7f771690a28,860fcf58fd757e26aa8911e5eaff6b53,http/1.1,,7555.278554,10.0.2.15,65133,151.101.113.42,443,tcp,128.42709399999967,2526.0,96413.0,SF,True,False,0,ShADadTTFfRr,57,4826,116,101057,ssl,0
7555.541337,CHlEGj2m5idfSGSG3d,10.0.2.15,65135,95.101.246.112,443,TLSv12,TLS_ECDHE_RSA_WITH_AES_256_GCM_SHA384,secp256r1,www.chowstatic.com,False,True,CsxknGIti,"['0921b094e8b427e49b90c45ec702268cc0b41886e9f9549abc840a9b51510532', '074541ecdf88ed992ed5ade3ecddef27a26ba1b44480a195c0a8dadae2521d8e']",[],1.0,0ffee3ba8e615ad22535e7f771690a28,2b33c1374db4ddf06942f92373c0b54b,http/1.1,,7555.467653,10.0.2.15,65135,95.101.246.112,443,tcp,230.1011320000007,2192.0,769973.0,SF,True,False,0,ShADadTTFfRr,244,11979,724,798937,ssl,0
7555.525366,CfJVLdBLfEp1TjhO2,10.0.2.15,65134,95.101.246.112,443,TLSv12,TLS_ECDHE_RSA_WITH_AES_256_GCM_SHA384,secp256r1,www.chowstatic.com,False,True,CsxknGIti,"['0921b094e8b427e49b90c45ec702268cc0b41886e9f9549abc840a9b51510532', '074541ecdf88ed992ed5ade3ecddef27a26ba1b44480a195c0a8dadae2521d8e']",[],1.0,0ffee3ba8e615ad22535e7f771690a28,2b33c1374db4ddf06942f92373c0b54b,http/1.1,,7555.466715,10.0.2.15,65134,95.101.246.112,443,tcp,173.63266300000032,2142.0,414586.0,SF,True,False,0,ShADadTTFf,135,7564,389,430150,ssl,0
7555.896644,CJbhW44DNzPehdZoO3,10.0.2.15,65136,95.101.246.112,443,TLSv12,TLS_ECDHE_RSA_WITH_AES_256_GCM_SHA384,secp256r1,www.chowstatic.com,False,True,CsxknGIti,"['0921b094e8b427e49b90c45ec702268cc0b41886e9f9549abc840a9b51510532', '074541ecdf88ed992ed5ade3ecddef27a26ba1b44480a195c0a8dadae2521d8e']",[],1.0,0ffee3ba8e615ad22535e7f771690a28,2b33c1374db4ddf06942f92373c0b54b,http/1.1,,7555.54265,10.0.2.15,65136,95.101.246.112,443,tcp,6.908070999999836,352.0,4929.0,SF,True,False,0,ShADadFfRr,11,800,14,5493,ssl,0
7556.394864,CSxK2s1uZgoNUL0hJb,10.0.2.15,65138,151.101.113.42,443,TLSv12,TLS_ECDHE_RSA_WITH_AES_128_GCM_SHA256,,cdn.kastatic.org,True,True,CsiI,,,,1a5fe5677b0e4fbbc854e8908225637d,1d0e57c6ae42e9204defa51e5e1cdc4c,http/1.1,,7556.015463,10.0.2.15,65138,151.101.113.42,443,tcp,162.2070530000001,4263.0,134832.0,SF,True,False,0,ShADadTTFfRr,88,7805,164,141396,ssl,0
7556.387106,CdS09r2HjjmcqZ46kd,10.0.2.15,65142,151.101.113.42,443,TLSv12,TLS_ECDHE_RSA_WITH_AES_128_GCM_SHA256,,cdn.kastatic.org,True,True,CsiI,,,,1a5fe5677b0e4fbbc854e8908225637d,1d0e57c6ae42e9204defa51e5e1cdc4c,http/1.1,,7556.018058,10.0.2.15,65142,151.101.113.42,443,tcp,157.11936200000036,3161.0,129719.0,SF,True,False,0,ShADadTTFfRr,66,5823,145,135523,ssl,0
7556.389466,CKS9cBAiwUncJUULd,10.0.2.15,65141,151.101.113.42,443,TLSv12,TLS_ECDHE_RSA_WITH_AES_128_GCM_SHA256,,cdn.kastatic.org,True,True,CsiI,,,,1a5fe5677b0e4fbbc854e8908225637d,1d0e57c6ae42e9204defa51e5e1cdc4c,http/1.1,,7556.017396,10.0.2.15,65141,151.101.113.42,443,tcp,31.306117999999515,4236.0,282742.0,RSTR,True,False,0,ShADadTFRr,125,9245,302,294826,ssl,0
7556.391317,CgoO0E2GVWS5lKnjB1,10.0.2.15,65140,151.101.113.42,443,TLSv12,TLS_ECDHE_RSA_WITH_AES_128_GCM_SHA256,,cdn.kastatic.org,True,True,CsiI,,,,1a5fe5677b0e4fbbc854e8908225637d,1d0e57c6ae42e9204defa51e5e1cdc4c,http/1.1,,7556.016672,10.0.2.15,65140,151.101.113.42,443,tcp,162.22567900000013,4262.0,1050649.0,SF,True,False,0,ShADadTTFfRr,237,13764,915,1087253,ssl,0
7556.393383,CGRGrU3wJQr3Nu8Hl4,10.0.2.15,65139,151.101.113.42,443,TLSv12,TLS_ECDHE_RSA_WITH_AES_128_GCM_SHA256,,cdn.kastatic.org,True,True,CsiI,,,,1a5fe5677b0e4fbbc854e8908225637d,1d0e57c6ae42e9204defa51e5e1cdc4c,http/1.1,,7556.016006,10.0.2.15,65139,151.101.113.42,443,tcp,162.0926500000005,3855.0,204964.0,RSTO,True,False,0,ShADadTTFR,98,7797,223,213888,ssl,0
7556.378291,CTKFFF4WTgIQt6eYE9,10.0.2.15,65137,31.13.66.5,443,TLSv12,TLS_ECDHE_ECDSA_WITH_AES_128_GCM_SHA256,secp256r1,connect.facebook.net,False,True,CsxknGIti,"['152151b387412a95ab90fd4664f2d98880408e9e43913124e4c91226a483386b', '19400be5b7a31fb733917700789d2f0a2471c0c9d506c0e504c06c16d7cb17c0']",[],1.0,0ffee3ba8e615ad22535e7f771690a28,2d1eb5817ece335c24904f516ad5da12,h2,,7556.014651,10.0.2.15,65137,31.13.66.5,443,tcp,429.8288519999997,1407.0,69468.0,SF,True,False,0,ShADadfF,43,3135,79,72632,ssl,0
7559.666715,CFuSaG3NXSofGi9Cdb,10.0.2.15,65146,151.101.113.42,443,TLSv12,TLS_ECDHE_RSA_WITH_AES_128_GCM_SHA256,,cdn.kastatic.org,True,True,CsiI,,,,1a5fe5677b0e4fbbc854e8908225637d,1d0e57c6ae42e9204defa51e5e1cdc4c,http/1.1,,7559.191278,10.0.2.15,65146,151.101.113.42,443,tcp,124.51177599999936,991.0,22776.0,RSTO,True,False,0,ShADadTTFR,27,2091,38,24300,ssl,0
7559.668683,CTMcmv30gE7Pzt66Pg,10.0.2.15,65150,151.101.113.42,443,TLSv12,TLS_ECDHE_RSA_WITH_AES_128_GCM_SHA256,,cdn.kastatic.org,True,True,CsiI,,,,1a5fe5677b0e4fbbc854e8908225637d,1d0e57c6ae42e9204defa51e5e1cdc4c,http/1.1,,7559.198086,10.0.2.15,65150,151.101.113.42,443,tcp,7.357296999999562,599.0,191.0,SF,True,False,0,ShADadFfRr,8,927,9,555,ssl,0
7559.670014,CRDm1R34Ogr43cwIK1,10.0.2.15,65149,151.101.113.42,443,TLSv12,TLS_ECDHE_RSA_WITH_AES_128_GCM_SHA256,,cdn.kastatic.org,True,True,CsiI,,,,1a5fe5677b0e4fbbc854e8908225637d,1d0e57c6ae42e9204defa51e5e1cdc4c,http/1.1,,7559.195853,10.0.2.15,65149,151.101.113.42,443,tcp,7.349870999999439,599.0,191.0,SF,True,False,0,ShADadFfRr,8,927,9,555,ssl,0
7559.671225,CudwTo2sx01ZbCCFQb,10.0.2.15,65148,151.101.113.42,443,TLSv12,TLS_ECDHE_RSA_WITH_AES_128_GCM_SHA256,,cdn.kastatic.org,True,True,CsiI,,,,1a5fe5677b0e4fbbc854e8908225637d,1d0e57c6ae42e9204defa51e5e1cdc4c,http/1.1,,7559.194833,10.0.2.15,65148,151.101.113.42,443,tcp,7.360594000000674,599.0,191.0,SF,True,False,0,ShADadFfRr,8,927,9,555,ssl,0
7559.6739,CzFmMR3AwgZ4faL9o8,10.0.2.15,65147,151.101.113.42,443,TLSv12,TLS_ECDHE_RSA_WITH_AES_128_GCM_SHA256,,cdn.kastatic.org,True,True,CsiI,,,,1a5fe5677b0e4fbbc854e8908225637d,1d0e57c6ae42e9204defa51e5e1cdc4c,http/1.1,,7559.193744,10.0.2.15,65147,151.101.113.42,443,tcp,7.361723999999413,599.0,191.0,SF,True,False,0,ShADadFfRr,8,927,9,555,ssl,0
7562.437607,CwUGIK2tTdg6T0XXEb,10.0.2.15,65151,23.74.167.50,443,TLSv12,TLS_ECDHE_RSA_WITH_AES_256_GCM_SHA384,,ak.sail-horizon.com,True,True,CsiI,,,,1a5fe5677b0e4fbbc854e8908225637d,410b9bedaf65dd26c6fe547154d60db4,http/1.1,,7562.41696,10.0.2.15,65151,23.74.167.50,443,tcp,5.403376000000208,599.0,183.0,SF,True,False,0,ShADadFfRr,8,927,9,547,ssl,0
7562.571484,Cjnnb640EUzyAgOP53,10.0.2.15,65157,95.101.246.112,443,TLSv12,TLS_ECDHE_RSA_WITH_AES_256_GCM_SHA384,secp256r1,www.chowstatic.com,False,True,CsxknGIti,"['0921b094e8b427e49b90c45ec702268cc0b41886e9f9549abc840a9b51510532', '074541ecdf88ed992ed5ade3ecddef27a26ba1b44480a195c0a8dadae2521d8e']",[],1.0,0ffee3ba8e615ad22535e7f771690a28,2b33c1374db4ddf06942f92373c0b54b,http/1.1,,7562.42305,10.0.2.15,65157,95.101.246.112,443,tcp,125.74979699999948,821.0,31856.0,SF,True,False,0,ShADadTTFfRr,33,2161,52,33940,ssl,0
7562.572711,CJbE1p3hxXfaX73rB8,10.0.2.15,65156,95.101.246.112,443,TLSv12,TLS_ECDHE_RSA_WITH_AES_256_GCM_SHA384,secp256r1,www.chowstatic.com,False,True,CsxknGIti,"['0921b094e8b427e49b90c45ec702268cc0b41886e9f9549abc840a9b51510532', '074541ecdf88ed992ed5ade3ecddef27a26ba1b44480a195c0a8dadae2521d8e']",[],1.0,0ffee3ba8e615ad22535e7f771690a28,2b33c1374db4ddf06942f92373c0b54b,http/1.1,,7562.421769,10.0.2.15,65156,95.101.246.112,443,tcp,125.75849600000038,823.0,32048.0,SF,True,False,0,ShADadTTFfRr,31,2083,50,34052,ssl,0
7562.575299,CahDkZ1kIVAfDWijBi,10.0.2.15,65155,95.101.246.112,443,TLSv12,TLS_ECDHE_RSA_WITH_AES_256_GCM_SHA384,secp256r1,www.chowstatic.com,False,True,CsxknGIti,"['0921b094e8b427e49b90c45ec702268cc0b41886e9f9549abc840a9b51510532', '074541ecdf88ed992ed5ade3ecddef27a26ba1b44480a195c0a8dadae2521d8e']",[],1.0,0ffee3ba8e615ad22535e7f771690a28,2b33c1374db4ddf06942f92373c0b54b,http/1.1,,7562.421297,10.0.2.15,65155,95.101.246.112,443,tcp,129.90237200000047,814.0,27880.0,SF,True,False,0,ShADadTTFf,30,2034,44,29644,ssl,0
7562.576279,CCu4Ab1iKzGQ5qqi6g,10.0.2.15,65154,95.101.246.112,443,TLSv12,TLS_ECDHE_RSA_WITH_AES_256_GCM_SHA384,secp256r1,www.chowstatic.com,False,True,CsxknGIti,"['0921b094e8b427e49b90c45ec702268cc0b41886e9f9549abc840a9b51510532', '074541ecdf88ed992ed5ade3ecddef27a26ba1b44480a195c0a8dadae2521d8e']",[],1.0,0ffee3ba8e615ad22535e7f771690a28,2b33c1374db4ddf06942f92373c0b54b,http/1.1,,7562.420878,10.0.2.15,65154,95.101.246.112,443,tcp,129.9175919999998,824.0,32225.0,SF,True,False,0,ShADadTTFf,32,2124,48,34149,ssl,0
7562.57703,CJi2qA3F5Zn9nIFHo,10.0.2.15,65153,95.101.246.112,443,TLSv12,TLS_ECDHE_RSA_WITH_AES_256_GCM_SHA384,secp256r1,www.chowstatic.com,False,True,CsxknGIti,"['0921b094e8b427e49b90c45ec702268cc0b41886e9f9549abc840a9b51510532', '074541ecdf88ed992ed5ade3ecddef27a26ba1b44480a195c0a8dadae2521d8e']",[],1.0,0ffee3ba8e615ad22535e7f771690a28,2b33c1374db4ddf06942f92373c0b54b,http/1.1,,7562.420362,10.0.2.15,65153,95.101.246.112,443,tcp,129.90338900000006,820.0,32185.0,SF,True,False,0,ShADadTTFf,33,2160,51,34229,ssl,0
7562.578234,CWF8e008H8rlqzzd,10.0.2.15,65152,95.101.246.112,443,TLSv12,TLS_ECDHE_RSA_WITH_AES_256_GCM_SHA384,secp256r1,www.chowstatic.com,False,True,CsxknGIti,"['0921b094e8b427e49b90c45ec702268cc0b41886e9f9549abc840a9b51510532', '074541ecdf88ed992ed5ade3ecddef27a26ba1b44480a195c0a8dadae2521d8e']",[],1.0,0ffee3ba8e615ad22535e7f771690a28,2b33c1374db4ddf06942f92373c0b54b,http/1.1,,7562.419879,10.0.2.15,65152,95.101.246.112,443,tcp,129.91142500000024,819.0,112629.0,RSTO,True,False,0,ShADadTTFR,50,2839,115,117233,ssl,0
7565.729292,C1SdVuaKkRtrjmZmd,10.0.2.15,65162,54.231.32.90,443,TLSv12,TLS_ECDHE_RSA_WITH_AES_128_GCM_SHA256,secp256r1,s3.amazonaws.com,False,True,CsxknGIi,"['6be2c04e442c0aa126e2e374c248fc093077df1a3810867decdfea113add4357', 'f9690880819f06cdcc0b2f224b207f2af6003fb57339b8679a160fa95208d62d']",[],1.0,0ffee3ba8e615ad22535e7f771690a28,ea615e28cb25adfb2f261151eab3314f,,,7565.093199,10.0.2.15,65162,54.231.32.90,443,tcp,8.492173999999977,647.0,43884.0,SF,True,False,0,ShADadFf,21,1495,49,45848,ssl,0
7565.733136,CRV3Q83lfSoa66NUHj,10.0.2.15,65161,54.231.32.90,443,TLSv12,TLS_ECDHE_RSA_WITH_AES_128_GCM_SHA256,secp256r1,s3.amazonaws.com,False,True,CsxknGIi,"['6be2c04e442c0aa126e2e374c248fc093077df1a3810867decdfea113add4357', 'f9690880819f06cdcc0b2f224b207f2af6003fb57339b8679a160fa95208d62d']",[],1.0,0ffee3ba8e615ad22535e7f771690a28,ea615e28cb25adfb2f261151eab3314f,,,7565.092325,10.0.2.15,65161,54.231.32.90,443,tcp,7.585055000000466,350.0,3177.0,RSTO,True,False,0,ShADadFR,10,758,11,3621,ssl,0
7566.045662,Cdmq23zHLw2e7KkWj,10.0.2.15,65164,172.217.23.234,443,TLSv12,TLS_ECDHE_RSA_WITH_AES_128_GCM_SHA256,x25519,ajax.googleapis.com,False,True,CsxknGIti,"['0ca616f3b5a49ded9af60777a33ae7119bfd6de6a815dbee0b64d5d69491aa06', '9f630426df1d8abfd80ace98871ba833ab9742cb34838de2b5285ed54c0c7dcc', '3c35cc963eb004451323d3275d05b353235053490d9cd83729a2faf5e7ca1cc0']",[],1.0,0ffee3ba8e615ad22535e7f771690a28,ab41313cfec25328b20865eb1388e0a2,h2,,7565.738154,10.0.2.15,65164,172.217.23.234,443,tcp,1138.8443390000002,3187.0,112338.0,SF,True,False,0,ShADadFf,99,7155,172,119222,ssl,0
7566.046768,CcbrZk2Emt00odM0v6,10.0.2.15,65163,172.217.23.234,443,TLSv12,TLS_ECDHE_RSA_WITH_AES_128_GCM_SHA256,x25519,ajax.googleapis.com,False,True,CsxknGIti,"['0ca616f3b5a49ded9af60777a33ae7119bfd6de6a815dbee0b64d5d69491aa06', '9f630426df1d8abfd80ace98871ba833ab9742cb34838de2b5285ed54c0c7dcc', '3c35cc963eb004451323d3275d05b353235053490d9cd83729a2faf5e7ca1cc0']",[],1.0,0ffee3ba8e615ad22535e7f771690a28,ab41313cfec25328b20865eb1388e0a2,h2,,7565.737376,10.0.2.15,65163,172.217.23.234,443,tcp,1.6100690000002942,529.0,3968.0,SF,True,False,0,ShADadFf,12,1017,14,4532,ssl,0
7568.406809,CTy97HLogcoT08Kaj,10.0.2.15,65165,151.101.112.207,443,TLSv12,TLS_ECDHE_RSA_WITH_AES_128_GCM_SHA256,secp256r1,js-agent.newrelic.com,False,True,CsxuknGIti,"['ca070501b7e46f43787e9ec2f2d3e72c170cd1881f8200e63bdae1b6ded39ed9', '74ef335e5e18788307fb9d89cb704bec112abd23487dbff41c4ded5070f241d9']",[],1.0,0ffee3ba8e615ad22535e7f771690a28,860fcf58fd757e26aa8911e5eaff6b53,http/1.1,,7568.371053,10.0.2.15,65165,151.101.112.207,443,tcp,9.210149999999883,387.0,6617.0,SF,True,False,0,ShADadFfRr,12,875,15,7221,ssl,0
7569.007613,Cfk6NH3x1bfwNik4td,10.0.2.15,65166,162.247.242.20,443,TLSv12,TLS_DHE_RSA_WITH_AES_256_CBC_SHA,,bam.nr-data.net,False,True,CsxknGIi,"['e7489ed1f465ba2b3ce0faef3a43a3895cd097733dbb5b713df8b299270ca145', '074541ecdf88ed992ed5ade3ecddef27a26ba1b44480a195c0a8dadae2521d8e']",[],1.0,0ffee3ba8e615ad22535e7f771690a28,d90fa179c9daf35598ed8341272118f7,,,7568.865889,10.0.2.15,65166,162.247.242.20,443,tcp,184.40198300000063,3098.0,4067.0,SF,True,False,0,ShADadTTfF,31,4363,33,5391,ssl,0
7571.374073,CdY0un2NYk8M1Lvfe5,10.0.2.15,65168,95.101.246.112,443,TLSv12,TLS_ECDHE_RSA_WITH_AES_256_GCM_SHA384,secp256r1,search.chow.com,False,True,CsxknGIti,"['0921b094e8b427e49b90c45ec702268cc0b41886e9f9549abc840a9b51510532', '074541ecdf88ed992ed5ade3ecddef27a26ba1b44480a195c0a8dadae2521d8e']",[],1.0,0ffee3ba8e615ad22535e7f771690a28,2b33c1374db4ddf06942f92373c0b54b,http/1.1,,7571.344233,10.0.2.15,65168,95.101.246.112,443,tcp,250.2682560000003,4700.0,1116429.0,SF,True,False,0,ShADadTTFfRr,298,16647,993,1156153,ssl,0
7571.381681,COYHwg3t9mnixTrOyd,10.0.2.15,65169,95.101.246.112,443,TLSv12,TLS_ECDHE_RSA_WITH_AES_256_GCM_SHA384,secp256r1,search.chow.com,False,True,CsxknGIti,"['0921b094e8b427e49b90c45ec702268cc0b41886e9f9549abc840a9b51510532', '074541ecdf88ed992ed5ade3ecddef27a26ba1b44480a195c0a8dadae2521d8e']",[],1.0,0ffee3ba8e615ad22535e7f771690a28,2b33c1374db4ddf06942f92373c0b54b,http/1.1,,7571.344696,10.0.2.15,65169,95.101.246.112,443,tcp,251.10164600000007,5533.0,1441422.0,SF,True,False,0,ShADadTTFfRr,390,21161,1301,1493466,ssl,0
7571.377033,CEwZae1DtDCIUK9cO4,10.0.2.15,65167,95.101.246.112,443,TLSv12,TLS_ECDHE_RSA_WITH_AES_256_GCM_SHA384,secp256r1,search.chow.com,False,True,CsxknGIti,"['0921b094e8b427e49b90c45ec702268cc0b41886e9f9549abc840a9b51510532', '074541ecdf88ed992ed5ade3ecddef27a26ba1b44480a195c0a8dadae2521d8e']",[],1.0,0ffee3ba8e615ad22535e7f771690a28,2b33c1374db4ddf06942f92373c0b54b,http/1.1,,7571.342272,10.0.2.15,65167,95.101.246.112,443,tcp,252.61999100000048,5418.0,768548.0,SF,True,False,0,ShADadTTFfRr,233,14764,700,796552,ssl,0
7571.528659,Cc3GbFOSzBWo8vxC8,10.0.2.15,65170,95.101.246.112,443,TLSv12,TLS_ECDHE_RSA_WITH_AES_256_GCM_SHA384,secp256r1,search.chow.com,False,True,CsxknGIti,"['0921b094e8b427e49b90c45ec702268cc0b41886e9f9549abc840a9b51510532', '074541ecdf88ed992ed5ade3ecddef27a26ba1b44480a195c0a8dadae2521d8e']",[],1.0,0ffee3ba8e615ad22535e7f771690a28,2b33c1374db4ddf06942f92373c0b54b,http/1.1,,7571.378907,10.0.2.15,65170,95.101.246.112,443,tcp,6.19938699999966,349.0,4929.0,SF,True,False,0,ShADadFfRr,11,797,14,5493,ssl,0
7571.530073,CLkj2U2KGsfd6R7Im1,10.0.2.15,65171,95.101.246.112,443,TLSv12,TLS_ECDHE_RSA_WITH_AES_256_GCM_SHA384,secp256r1,search.chow.com,False,True,CsxknGIti,"['0921b094e8b427e49b90c45ec702268cc0b41886e9f9549abc840a9b51510532', '074541ecdf88ed992ed5ade3ecddef27a26ba1b44480a195c0a8dadae2521d8e']",[],1.0,0ffee3ba8e615ad22535e7f771690a28,2b33c1374db4ddf06942f92373c0b54b,http/1.1,,7571.383591,10.0.2.15,65171,95.101.246.112,443,tcp,6.194657000000006,349.0,4929.0,SF,True,False,0,ShADadFfRr,11,797,13,5453,ssl,0
7572.710071,CWelnL34Wrp724KCzh,10.0.2.15,65172,95.101.245.177,443,TLSv12,TLS_ECDHE_RSA_WITH_AES_256_GCM_SHA384,secp256r1,js-sec.indexww.com,False,True,CsxknGIti,"['089b510ac565aa1b2f05236cba3421cb755641c1bd4eeb25a856954a4c1d7cfb', '074541ecdf88ed992ed5ade3ecddef27a26ba1b44480a195c0a8dadae2521d8e']",[],1.0,0ffee3ba8e615ad22535e7f771690a28,2b33c1374db4ddf06942f92373c0b54b,http/1.1,,7572.140029,10.0.2.15,65172,95.101.245.177,443,tcp,127.4316859999999,697.0,23362.0,SF,True,False,0,ShADadTTFfRr,33,2037,46,25206,ssl,0
7572.713987,CnQFDi20zjZwHuPFAe,10.0.2.15,65173,95.101.245.177,443,TLSv12,TLS_ECDHE_RSA_WITH_AES_256_GCM_SHA384,secp256r1,js-sec.indexww.com,False,True,CsxknGIti,"['089b510ac565aa1b2f05236cba3421cb755641c1bd4eeb25a856954a4c1d7cfb', '074541ecdf88ed992ed5ade3ecddef27a26ba1b44480a195c0a8dadae2521d8e']",[],1.0,0ffee3ba8e615ad22535e7f771690a28,2b33c1374db4ddf06942f92373c0b54b,http/1.1,,7572.14098,10.0.2.15,65173,95.101.245.177,443,tcp,6.383197999999538,384.0,3963.0,SF,True,False,0,ShADadFfRr,10,792,12,4447,ssl,0
7573.83962,CZZE9O2TBpkoA4ag5d,10.0.2.15,65174,151.101.112.176,443,TLSv12,TLS_ECDHE_RSA_WITH_AES_128_GCM_SHA256,secp256r1,checkout.stripe.com,False,True,CsxuknGIti,"['eec0f9a12469a8512dde777258ca9bfc58adaf23dc79a4d5174a7bd9f718c8cd', '403e062a2653059113285baf80a0d4ae422c848c9f78fad01fc94bc5b87fef1a']",[],1.0,0ffee3ba8e615ad22535e7f771690a28,860fcf58fd757e26aa8911e5eaff6b53,h2,,7573.533936,10.0.2.15,65174,151.101.112.176,443,tcp,199.9392530000005,933.0,31190.0,SF,True,False,0,ShADadFfRr,30,2141,48,33114,ssl,0
7578.512055,CXofMKsAyAnn5nhmi,10.0.2.15,65176,172.217.23.194,443,TLSv12,TLS_ECDHE_RSA_WITH_AES_128_GCM_SHA256,x25519,www.googletagservices.com,False,True,CsxknGIti,"['a32ffddd76f9e7debbfc9a37b38d2ef86039b30a10d7c45ab8223d149cf99699', '9f630426df1d8abfd80ace98871ba833ab9742cb34838de2b5285ed54c0c7dcc', '3c35cc963eb004451323d3275d05b353235053490d9cd83729a2faf5e7ca1cc0']",[],1.0,0ffee3ba8e615ad22535e7f771690a28,ab41313cfec25328b20865eb1388e0a2,h2,,7578.494042,10.0.2.15,65176,172.217.23.194,443,tcp,195.297544,1010.0,4453.0,SF,True,False,0,ShADadFf,21,1858,23,5377,ssl,0
7580.093268,CZr2yU1EiMO7GRbeDa,10.0.2.15,65178,172.217.23.226,443,TLSv12,TLS_ECDHE_RSA_WITH_AES_128_GCM_SHA256,,securepubads.g.doubleclick.net,True,True,CsiI,,,,1a5fe5677b0e4fbbc854e8908225637d,67619a80665d7ab92d1041b1d11f9164,h2,,7580.073043,10.0.2.15,65178,172.217.23.226,443,tcp,399.007783,22803.0,145707.0,SF,True,False,0,ShADadFf,158,29131,258,156031,ssl,0
7581.134043,C9Kmef4aNFbSRMi307,10.0.2.15,65180,95.101.246.112,443,TLSv12,TLS_ECDHE_RSA_WITH_AES_256_GCM_SHA384,,www.chowhound.com,True,True,CsiI,,,,1a5fe5677b0e4fbbc854e8908225637d,410b9bedaf65dd26c6fe547154d60db4,http/1.1,,7581.036465,10.0.2.15,65180,95.101.246.112,443,tcp,6.280526999999893,599.0,183.0,SF,True,False,0,ShADadFfRr,8,927,9,547,ssl,0
7581.125398,CrrWpF1GIekozbjC04,10.0.2.15,65179,95.101.246.112,443,TLSv12,TLS_ECDHE_RSA_WITH_AES_256_GCM_SHA384,,www.chowhound.com,True,True,CsiI,,,,1a5fe5677b0e4fbbc854e8908225637d,410b9bedaf65dd26c6fe547154d60db4,http/1.1,,7581.034378,10.0.2.15,65179,95.101.246.112,443,tcp,6.282658999999512,599.0,183.0,SF,True,False,0,ShADadFfRr,8,927,9,547,ssl,0
7581.135671,CEPw6E1uZ0R0PgGQNk,10.0.2.15,65182,95.101.246.112,443,TLSv12,TLS_ECDHE_RSA_WITH_AES_256_GCM_SHA384,,search.chow.com,True,True,CsiI,,,,1a5fe5677b0e4fbbc854e8908225637d,410b9bedaf65dd26c6fe547154d60db4,http/1.1,,7581.048273,10.0.2.15,65182,95.101.246.112,443,tcp,6.287503999999899,599.0,183.0,SF,True,False,0,ShADadFfRr,8,927,9,547,ssl,0
7581.138505,COgnCMgYK3D88a2Dd,10.0.2.15,65181,95.101.246.112,443,TLSv12,TLS_ECDHE_RSA_WITH_AES_256_GCM_SHA384,,search.chow.com,True,True,CsiI,,,,1a5fe5677b0e4fbbc854e8908225637d,410b9bedaf65dd26c6fe547154d60db4,http/1.1,,7581.046327,10.0.2.15,65181,95.101.246.112,443,tcp,6.2818450000004304,599.0,183.0,SF,True,False,0,ShADadFfRr,8,927,9,547,ssl,0
7581.139702,Ca6cqe1SZXsyn0UN18,10.0.2.15,65183,68.232.35.180,443,TLSv12,TLS_ECDHE_RSA_WITH_AES_128_GCM_SHA256,secp256r1,tags.tiqcdn.com,False,True,CsxuknGIti,"['e9833ec9415ec4381e97b13a6a575b5ebe604ba96ebe8484d5edd67608a492ca', '19400be5b7a31fb733917700789d2f0a2471c0c9d506c0e504c06c16d7cb17c0', '7431e5f4c3c1ce4690774f0b61e05440883ba9a01ed00ba6abd7806ed3b118cf']",[],1.0,0ffee3ba8e615ad22535e7f771690a28,49b45fc1ab090aa3a159778313fc9b9e,h2,,7581.063102,10.0.2.15,65183,68.232.35.180,443,tcp,263.96307999999954,2576.0,114990.0,SF,True,False,0,ShADadfF,69,5344,148,120914,ssl,0
7581.443696,CJFG4J3SyI4IzE4YH5,10.0.2.15,65184,95.101.246.112,443,TLSv12,TLS_ECDHE_RSA_WITH_AES_256_GCM_SHA384,,search.chow.com,True,True,CsiI,,,,1a5fe5677b0e4fbbc854e8908225637d,410b9bedaf65dd26c6fe547154d60db4,http/1.1,,7581.12761,10.0.2.15,65184,95.101.246.112,443,tcp,6.245529000000715,599.0,183.0,SF,True,False,0,ShADadFfRr,8,927,9,547,ssl,0
7583.254,CQgAG32GfGX5XnXov2,10.0.2.15,65185,95.101.245.177,443,TLSv12,TLS_ECDHE_RSA_WITH_AES_256_GCM_SHA384,,as-sec.casalemedia.com,True,True,CsiI,,,,1a5fe5677b0e4fbbc854e8908225637d,410b9bedaf65dd26c6fe547154d60db4,http/1.1,,7583.232968,10.0.2.15,65185,95.101.245.177,443,tcp,209.802909,8233.0,22223.0,SF,True,False,0,ShADadTTFf,41,9901,53,24347,ssl,0
7583.258218,C7JGDD1xOLnZm63vXh,10.0.2.15,65186,95.101.245.177,443,TLSv12,TLS_ECDHE_RSA_WITH_AES_256_GCM_SHA384,,as-sec.casalemedia.com,True,True,CsiI,,,,1a5fe5677b0e4fbbc854e8908225637d,410b9bedaf65dd26c6fe547154d60db4,http/1.1,,7583.235841,10.0.2.15,65186,95.101.245.177,443,tcp,6.46791900000062,599.0,183.0,SF,True,False,0,ShADadFfRr,8,927,9,547,ssl,0
7583.883455,CWvdVT2S3Ke44SEqDl,10.0.2.15,65187,23.64.15.25,443,TLSv12,TLS_ECDHE_ECDSA_WITH_AES_256_GCM_SHA384,secp256r1,iicbsi-a.akamaihd.net,False,True,CsxuknGIti,"['56d0de4121d9daaea7a1ed67ff7b49ba2ea3d77cbab1c27901ee618b74a29e16', '2e2861289b5ccedecae4c31bf262e0fb0c29b6c1530573442731ca65d821e901']",[],1.0,0ffee3ba8e615ad22535e7f771690a28,ca6f3b7b341bf732d741bd93e9b37436,http/1.1,,7583.857609,10.0.2.15,65187,23.64.15.25,443,tcp,5.840329000000565,355.0,3929.0,SF,True,False,0,ShADadFfRr,10,763,12,4413,ssl,0
7585.23915,CclZYP1WIqSngibRk6,10.0.2.15,65188,185.33.220.26,443,TLSv12,TLS_ECDHE_RSA_WITH_AES_256_GCM_SHA384,secp256r1,secure.adnxs.com,False,True,CsxuknGIti,"['5b081650e8034418a37504ce0820892be5a66474578207711eb688243fe1a8f2', '074541ecdf88ed992ed5ade3ecddef27a26ba1b44480a195c0a8dadae2521d8e']",[],1.0,0ffee3ba8e615ad22535e7f771690a28,d53e4608f956df65bb2b8a8c4d3b025d,,,7585.191062,10.0.2.15,65188,185.33.220.26,443,tcp,10.96776200000022,3123.0,9634.0,SF,True,False,0,ShADadfF,11,3571,17,10318,ssl,0
7585.248663,Cz2IwkDSKX6aiqcRk,10.0.2.15,65193,185.33.220.26,443,TLSv12,TLS_ECDHE_RSA_WITH_AES_256_GCM_SHA384,secp256r1,secure.adnxs.com,False,True,CsxuknGIti,"['5b081650e8034418a37504ce0820892be5a66474578207711eb688243fe1a8f2', '074541ecdf88ed992ed5ade3ecddef27a26ba1b44480a195c0a8dadae2521d8e']",[],1.0,0ffee3ba8e615ad22535e7f771690a28,d53e4608f956df65bb2b8a8c4d3b025d,,,7585.199749,10.0.2.15,65193,185.33.220.26,443,tcp,10.96050699999978,3144.0,9641.0,SF,True,False,0,ShADadfF,12,3632,17,10325,ssl,0
7585.25364,CKjFxM3Yemopt7if2d,10.0.2.15,65192,185.33.220.26,443,TLSv12,TLS_ECDHE_RSA_WITH_AES_256_GCM_SHA384,secp256r1,secure.adnxs.com,False,True,CsxuknGIti,"['5b081650e8034418a37504ce0820892be5a66474578207711eb688243fe1a8f2', '074541ecdf88ed992ed5ade3ecddef27a26ba1b44480a195c0a8dadae2521d8e']",[],1.0,0ffee3ba8e615ad22535e7f771690a28,d53e4608f956df65bb2b8a8c4d3b025d,,,7585.198917,10.0.2.15,65192,185.33.220.26,443,tcp,10.960837999999969,3124.0,9634.0,SF,True,False,0,ShADadfF,12,3612,17,10318,ssl,0
7585.263059,C0JyX734bT2aRKupl8,10.0.2.15,65191,185.33.220.26,443,TLSv12,TLS_ECDHE_RSA_WITH_AES_256_GCM_SHA384,secp256r1,secure.adnxs.com,False,True,CsxuknGIti,"['5b081650e8034418a37504ce0820892be5a66474578207711eb688243fe1a8f2', '074541ecdf88ed992ed5ade3ecddef27a26ba1b44480a195c0a8dadae2521d8e']",[],1.0,0ffee3ba8e615ad22535e7f771690a28,d53e4608f956df65bb2b8a8c4d3b025d,,,7585.198255,10.0.2.15,65191,185.33.220.26,443,tcp,7.440008999999918,350.0,4867.0,SF,True,False,0,ShADadFf,10,758,12,5351,ssl,0
7585.266465,C9V126vU9nh6EHXR6,10.0.2.15,65190,185.33.220.26,443,TLSv12,TLS_ECDHE_RSA_WITH_AES_256_GCM_SHA384,secp256r1,secure.adnxs.com,False,True,CsxuknGIti,"['5b081650e8034418a37504ce0820892be5a66474578207711eb688243fe1a8f2', '074541ecdf88ed992ed5ade3ecddef27a26ba1b44480a195c0a8dadae2521d8e']",[],1.0,0ffee3ba8e615ad22535e7f771690a28,d53e4608f956df65bb2b8a8c4d3b025d,,,7585.193583,10.0.2.15,65190,185.33.220.26,443,tcp,7.436674999999923,350.0,4867.0,SF,True,False,0,ShADadFf,10,758,11,5311,ssl,0
7585.269509,CTPPMp2lt0onbaT9C1,10.0.2.15,65189,185.33.220.26,443,TLSv12,TLS_ECDHE_RSA_WITH_AES_256_GCM_SHA384,secp256r1,secure.adnxs.com,False,True,CsxuknGIti,"['5b081650e8034418a37504ce0820892be5a66474578207711eb688243fe1a8f2', '074541ecdf88ed992ed5ade3ecddef27a26ba1b44480a195c0a8dadae2521d8e']",[],1.0,0ffee3ba8e615ad22535e7f771690a28,d53e4608f956df65bb2b8a8c4d3b025d,,,7585.192063,10.0.2.15,65189,185.33.220.26,443,tcp,7.460890999999719,350.0,4867.0,SF,True,False,0,ShADadFf,10,758,11,5311,ssl,0
7587.068397,CpSegr1er2Z0078R5c,10.0.2.15,65194,23.74.167.50,443,TLSv12,TLS_ECDHE_RSA_WITH_AES_256_GCM_SHA384,,ak.sail-horizon.com,True,True,CsiI,,,,1a5fe5677b0e4fbbc854e8908225637d,410b9bedaf65dd26c6fe547154d60db4,http/1.1,,7587.021411,10.0.2.15,65194,23.74.167.50,443,tcp,7.756470000000263,599.0,183.0,SF,True,False,0,ShADadFfRr,9,967,9,547,ssl,0
7587.885898,Cvuud933XjngdjAtpi,10.0.2.15,65195,198.232.125.123,443,TLSv12,TLS_ECDHE_RSA_WITH_AES_128_GCM_SHA256,secp256r1,maxcdn.bootstrapcdn.com,False,True,CsxknGIti,"['dc5627a252c252d6d6f680d52001ccf439f2ff2633c9f766d6d5ab6e85ee6433', 'e6683e88315cd1cb403c0cea490f7c4b4c82c91cd485037489aadbaa90839f61']",[],1.0,0ffee3ba8e615ad22535e7f771690a28,8d2a028aa94425f76ced7826b1f39039,h2,,7587.044582,10.0.2.15,65195,198.232.125.123,443,tcp,202.44624899999965,1032.0,11138.0,SF,True,False,0,ShADadFf,23,1960,30,12342,ssl,0
7587.882935,CWLFCb3QISHzjztuvj,10.0.2.15,65196,54.231.121.90,443,TLSv12,TLS_ECDHE_RSA_WITH_AES_128_GCM_SHA256,secp256r1,s3.amazonaws.com,False,True,CsxknGIi,"['6be2c04e442c0aa126e2e374c248fc093077df1a3810867decdfea113add4357', 'f9690880819f06cdcc0b2f224b207f2af6003fb57339b8679a160fa95208d62d']",[],1.0,0ffee3ba8e615ad22535e7f771690a28,ea615e28cb25adfb2f261151eab3314f,,,7587.045049,10.0.2.15,65196,54.231.121.90,443,tcp,7.821969999999965,350.0,3177.0,SF,True,False,0,ShADadFfRr,11,798,13,3701,ssl,0
7590.898805,CVVkvl1mWFjrdMR08,10.0.2.15,65199,172.217.23.238,443,TLSv12,TLS_ECDHE_ECDSA_WITH_AES_128_GCM_SHA256,,s.ytimg.com,True,True,CsiI,,,,1a5fe5677b0e4fbbc854e8908225637d,c23237dbea656869600e48dfbd00ab7b,h2,,7590.313979,10.0.2.15,65199,172.217.23.238,443,tcp,198.57514000000083,984.0,430.0,SF,True,False,0,ShADadFf,18,1712,18,1154,ssl,0
7593.652347,CaEHxz1NTMY47Z0ID1,10.0.2.15,65201,95.101.246.112,443,TLSv12,TLS_ECDHE_RSA_WITH_AES_256_GCM_SHA384,,www.chowstatic.com,True,True,CsiI,,,,1a5fe5677b0e4fbbc854e8908225637d,410b9bedaf65dd26c6fe547154d60db4,http/1.1,,7592.971154,10.0.2.15,65201,95.101.246.112,443,tcp,125.22882800000023,936.0,89218.0,SF,True,False,0,ShADadTTFf,45,2756,95,93022,ssl,0
7593.649259,CbUW9GvWxavxRyqxg,10.0.2.15,65200,95.101.246.112,443,TLSv12,TLS_ECDHE_RSA_WITH_AES_256_GCM_SHA384,,www.chowstatic.com,True,True,CsiI,,,,1a5fe5677b0e4fbbc854e8908225637d,410b9bedaf65dd26c6fe547154d60db4,http/1.1,,7592.970655,10.0.2.15,65200,95.101.246.112,443,tcp,125.16323300000022,943.0,80290.0,SF,True,False,0,ShADadWTTFfRr,49,2923,92,83974,ssl,0
7593.650223,CNkhdY14mW4cQXzaJj,10.0.2.15,65203,95.101.246.112,443,TLSv12,TLS_ECDHE_RSA_WITH_AES_256_GCM_SHA384,,www.chowstatic.com,True,True,CsiI,,,,1a5fe5677b0e4fbbc854e8908225637d,410b9bedaf65dd26c6fe547154d60db4,http/1.1,,7592.983515,10.0.2.15,65203,95.101.246.112,443,tcp,125.22628299999997,936.0,42291.0,SF,True,False,0,ShADadTTFfRr,33,2276,56,44535,ssl,0
7593.651335,CYOlodT8vYTgDGk16,10.0.2.15,65202,95.101.246.112,443,TLSv12,TLS_ECDHE_RSA_WITH_AES_256_GCM_SHA384,,www.chowstatic.com,True,True,CsiI,,,,1a5fe5677b0e4fbbc854e8908225637d,410b9bedaf65dd26c6fe547154d60db4,http/1.1,,7592.973164,10.0.2.15,65202,95.101.246.112,443,tcp,125.1419480000004,933.0,24813.0,SF,True,False,0,ShADadTTFfRr,30,2153,43,26537,ssl,0
7596.555597,CK8haG41QMKmvHNKO5,10.0.2.15,65204,151.101.112.207,443,TLSv12,TLS_ECDHE_RSA_WITH_AES_128_GCM_SHA256,,js-agent.newrelic.com,True,True,CsiI,,,,1a5fe5677b0e4fbbc854e8908225637d,1d0e57c6ae42e9204defa51e5e1cdc4c,http/1.1,,7596.479951,10.0.2.15,65204,151.101.112.207,443,tcp,7.106597999999394,599.0,191.0,SF,True,False,0,ShADadFfRr,8,927,9,555,ssl,0
7602.113047,CrEnS2IbDrc2aUTc6,10.0.2.15,65210,95.101.246.112,443,TLSv12,TLS_ECDHE_RSA_WITH_AES_256_GCM_SHA384,,search.chow.com,True,True,CsiI,,,,1a5fe5677b0e4fbbc854e8908225637d,410b9bedaf65dd26c6fe547154d60db4,http/1.1,,7602.032043,10.0.2.15,65210,95.101.246.112,443,tcp,6.66519900000003,599.0,183.0,SF,True,False,0,ShADadFfRr,8,927,9,547,ssl,0
7609.258736,CTHkrB3b74FXwKfZ33,10.0.2.15,65223,95.101.246.112,443,TLSv12,TLS_ECDHE_RSA_WITH_AES_256_GCM_SHA384,,search.chow.com,True,True,CsiI,,,,1a5fe5677b0e4fbbc854e8908225637d,410b9bedaf65dd26c6fe547154d60db4,http/1.1,,7609.067123,10.0.2.15,65223,95.101.246.112,443,tcp,8.094702999999754,599.0,183.0,SF,True,False,0,ShADadFfRr,9,967,9,547,ssl,0
7609.245961,Cp2e141t4HVl4wvZDh,10.0.2.15,65222,23.64.15.25,443,TLSv12,TLS_ECDHE_ECDSA_WITH_AES_256_GCM_SHA384,,iicbsi-a.akamaihd.net,True,True,CsiI,,,,1a5fe5677b0e4fbbc854e8908225637d,7503e261fd125ccacbd1ce01c16feaa4,http/1.1,,7608.965929,10.0.2.15,65222,23.64.15.25,443,tcp,8.176228999999694,599.0,178.0,SF,True,False,0,ShADadFfRr,9,967,9,542,ssl,0
7609.25106,CEUIUF4xWzZOSMTE45,10.0.2.15,65221,172.217.23.194,443,TLSv12,TLS_ECDHE_ECDSA_WITH_AES_128_GCM_SHA256,,pagead2.googlesyndication.com,True,True,CsiI,,,,1a5fe5677b0e4fbbc854e8908225637d,c23237dbea656869600e48dfbd00ab7b,h2,,7608.964161,10.0.2.15,65221,172.217.23.194,443,tcp,306.6299909999998,4779.0,1819.0,SF,True,False,0,ShADadFf,41,6427,44,3583,ssl,0
7609.253997,CyC1QC1igNJXJiCT41,10.0.2.15,65220,172.217.23.225,443,TLSv12,TLS_ECDHE_RSA_WITH_AES_128_GCM_SHA256,x25519,tpc.googlesyndication.com,False,True,CsxknGIti,"['1a04953b8e7e73c9260dd8ebc167433d66e5c2dd13da8be4a7be677086cfb34c', '9f630426df1d8abfd80ace98871ba833ab9742cb34838de2b5285ed54c0c7dcc', '3c35cc963eb004451323d3275d05b353235053490d9cd83729a2faf5e7ca1cc0']",[],1.0,0ffee3ba8e615ad22535e7f771690a28,ab41313cfec25328b20865eb1388e0a2,h2,,7608.962333,10.0.2.15,65220,172.217.23.225,443,tcp,370.446121,1893.0,164899.0,SF,True,False,0,ShADadfF,80,5101,185,172303,ssl,0
7609.854711,CS1EBn13w5PlNTH1cj,10.0.2.15,65225,95.101.246.112,443,TLSv12,TLS_ECDHE_RSA_WITH_AES_256_GCM_SHA384,,search.chow.com,True,True,CsiI,,,,1a5fe5677b0e4fbbc854e8908225637d,410b9bedaf65dd26c6fe547154d60db4,http/1.1,,7609.121788,10.0.2.15,65225,95.101.246.112,443,tcp,8.042947999999342,599.0,183.0,SF,True,False,0,ShADadFfRr,8,927,9,547,ssl,0
7609.858452,CtxAs725FDiesoXEfb,10.0.2.15,65224,95.101.246.112,443,TLSv12,TLS_ECDHE_RSA_WITH_AES_256_GCM_SHA384,,search.chow.com,True,True,CsiI,,,,1a5fe5677b0e4fbbc854e8908225637d,410b9bedaf65dd26c6fe547154d60db4,http/1.1,,7609.121149,10.0.2.15,65224,95.101.246.112,443,tcp,8.024089000000458,599.0,183.0,SF,True,False,0,ShADadFfRr,8,927,9,547,ssl,0
7609.852272,CUWJ1RUsSHijK5Me7,10.0.2.15,65226,54.192.93.181,443,TLSv12,TLS_ECDHE_RSA_WITH_AES_128_GCM_SHA256,secp256r1,native.sharethrough.com,False,True,CsxuknGIti,"['016adb8bf1adc1c6c272ebcf7e9afd3d3e5edf58d7c13536caef615154bbda38', '973a41276ffd01e027a2aad49e34c37846d3e976ff6a620b6712e33832041aa6', '3a2fbe92891e57fe05d57087f48e730f17e5a5f53ef403d618e5b74d7a7e6ecb', 'c3846bf24b9e93ca64274c0ec67c1ecc5e024ffcacd2d74019350e81fe546ae4']",[],1.0,0ffee3ba8e615ad22535e7f771690a28,76cc3e2d3028143b23ec18e27dbd7ca9,h2,,7609.122327,10.0.2.15,65226,54.192.93.181,443,tcp,233.9319779999996,1109.0,8084.0,SF,True,False,0,ShADadFf,23,2037,27,9168,ssl,0
7612.87377,CrzJ1VSaveo29rcia,10.0.2.15,65229,138.108.96.100,443,TLSv12,TLS_DHE_RSA_WITH_AES_256_CBC_SHA,,secure-us.imrworldwide.com,False,True,CsxknGIi,"['56eaef0c87e42a128a7c9cd2d411ee09732eabcb28560a489f2476ef6483c001', 'eae72eb454bf6c3977ebd289e970b2f5282949190093d0d26f98d0f0d6a9cf17', '8420dfbe376f414bf4c0a81e6936d24ccc03f304835b86c7a39142fca723a689']",[],1.0,0ffee3ba8e615ad22535e7f771690a28,d90fa179c9daf35598ed8341272118f7,,,7612.484619,10.0.2.15,65229,138.108.96.100,443,tcp,6.675640000000385,891.0,9282.0,SF,True,False,0,ShADadfF,12,1379,18,10006,ssl,0
7612.874676,Cvjp0317ar9SxeGIxf,10.0.2.15,65228,95.101.253.252,443,TLSv12,TLS_ECDHE_RSA_WITH_AES_256_GCM_SHA384,secp256r1,zn9tpesl2k1zdbytl-cbs.siteintercept.qualtrics.com,False,True,CsxknGIti,"['549e0da80cc39c6d7cbe3eeb94565d533558c702c19bea5609256486b64d1cff', '154c433c491929c5ef686e838e323664a00e6a0d822ccc958fb4dab03e49a08f']",[],1.0,0ffee3ba8e615ad22535e7f771690a28,2b33c1374db4ddf06942f92373c0b54b,h2,,7612.475317,10.0.2.15,65228,95.101.253.252,443,tcp,276.208979,2664.0,35654.0,SF,True,False,0,ShADadFfRr,48,4592,70,38458,ssl,0
7612.879973,CMYTSgA2tWYZSkDn4,10.0.2.15,65231,138.108.96.100,443,TLSv12,TLS_DHE_RSA_WITH_AES_256_CBC_SHA,,secure-us.imrworldwide.com,False,True,CsxknGIi,"['56eaef0c87e42a128a7c9cd2d411ee09732eabcb28560a489f2476ef6483c001', 'eae72eb454bf6c3977ebd289e970b2f5282949190093d0d26f98d0f0d6a9cf17', '8420dfbe376f414bf4c0a81e6936d24ccc03f304835b86c7a39142fca723a689']",[],1.0,0ffee3ba8e615ad22535e7f771690a28,d90fa179c9daf35598ed8341272118f7,,,7612.49475,10.0.2.15,65231,138.108.96.100,443,tcp,6.454913999999917,502.0,4579.0,SF,True,False,0,ShADadFf,11,950,13,5103,ssl,0
7612.875578,C4NtSS2CkDY2gz1Va9,10.0.2.15,65227,216.239.120.246,443,TLSv12,TLS_ECDHE_RSA_WITH_AES_256_GCM_SHA384,secp256r1,dw.cbsi.com,False,True,CsxknGIi,"['46749ff43d5c8c5f0fe965eb4217820f76942794e8865755b1608c642c07c1c3', '19400be5b7a31fb733917700789d2f0a2471c0c9d506c0e504c06c16d7cb17c0', '7431e5f4c3c1ce4690774f0b61e05440883ba9a01ed00ba6abd7806ed3b118cf']",[],1.0,0ffee3ba8e615ad22535e7f771690a28,d8ca8fec03c8093db1017ef2017076d0,http/1.1,,7612.472365,10.0.2.15,65227,216.239.120.246,443,tcp,19.414244999999937,1649.0,11819.0,SF,True,False,0,ShADadTFf,16,2298,21,12663,ssl,0
7612.881583,Cjuu3022cN70776BB6,10.0.2.15,65230,95.101.253.252,443,TLSv12,TLS_ECDHE_RSA_WITH_AES_256_GCM_SHA384,secp256r1,zn9tpesl2k1zdbytl-cbs.siteintercept.qualtrics.com,False,True,CsxknGIti,"['549e0da80cc39c6d7cbe3eeb94565d533558c702c19bea5609256486b64d1cff', '154c433c491929c5ef686e838e323664a00e6a0d822ccc958fb4dab03e49a08f']",[],1.0,0ffee3ba8e615ad22535e7f771690a28,2b33c1374db4ddf06942f92373c0b54b,h2,,7612.489799,10.0.2.15,65230,95.101.253.252,443,tcp,8.039902000000438,592.0,3706.0,SF,True,False,0,ShADadFfRr,14,1160,16,4350,ssl,0
7612.877336,CiufxG2OANjDzvJiI3,10.0.2.15,65232,216.239.120.246,443,TLSv12,TLS_ECDHE_RSA_WITH_AES_256_GCM_SHA384,secp256r1,dw.cbsi.com,False,True,CsxknGIi,"['46749ff43d5c8c5f0fe965eb4217820f76942794e8865755b1608c642c07c1c3', '19400be5b7a31fb733917700789d2f0a2471c0c9d506c0e504c06c16d7cb17c0', '7431e5f4c3c1ce4690774f0b61e05440883ba9a01ed00ba6abd7806ed3b118cf']",[],1.0,0ffee3ba8e615ad22535e7f771690a28,d8ca8fec03c8093db1017ef2017076d0,http/1.1,,7612.501534,10.0.2.15,65232,216.239.120.246,443,tcp,19.392595999999685,774.0,5004.0,SF,True,False,0,ShADadTFf,13,1303,14,5568,ssl,0
7613.629148,C4mmEymjeiHkjsfy4,10.0.2.15,65234,95.100.191.4,443,TLSv12,TLS_ECDHE_RSA_WITH_AES_256_GCM_SHA384,,sb.scorecardresearch.com,True,True,CsiI,,,,1a5fe5677b0e4fbbc854e8908225637d,410b9bedaf65dd26c6fe547154d60db4,http/1.1,,7612.870323,10.0.2.15,65234,95.100.191.4,443,tcp,186.09357699999964,2866.0,1443.0,SF,True,False,0,ShADadTTFfRr,33,4211,34,2807,ssl,0
7613.629825,Cm4N2a3JpdvWmzt3N2,10.0.2.15,65233,95.100.191.4,443,TLSv12,TLS_ECDHE_RSA_WITH_AES_256_GCM_SHA384,,sb.scorecardresearch.com,True,True,CsiI,,,,1a5fe5677b0e4fbbc854e8908225637d,410b9bedaf65dd26c6fe547154d60db4,http/1.1,,7612.869412,10.0.2.15,65233,95.100.191.4,443,tcp,126.29641100000026,1192.0,460.0,SF,True,False,0,ShADadTTFfRr,23,2132,23,1384,ssl,0
7613.625061,CBXqE91tCVdEUUfS7g,10.0.2.15,65235,54.171.4.69,443,TLSv12,TLS_ECDHE_RSA_WITH_AES_128_GCM_SHA256,secp256r1,dpm.demdex.net,False,True,CsxknGIi,"['ab8f7b89fa3e472463832f1b07660350a24ba646789dce6dd09107fab1d86a12', '19400be5b7a31fb733917700789d2f0a2471c0c9d506c0e504c06c16d7cb17c0']",[],1.0,0ffee3ba8e615ad22535e7f771690a28,303951d4c50efb2e991652225a6f02b1,,,7612.871384,10.0.2.15,65235,54.171.4.69,443,tcp,137.08457799999996,6916.0,6726.0,SF,True,False,0,ShADadTTFf,30,8136,33,8050,ssl,0
7613.635574,CbUAGp3BGqgCEW8GNe,10.0.2.15,65236,216.239.120.246,443,TLSv12,TLS_ECDHE_RSA_WITH_AES_256_GCM_SHA384,secp256r1,dw.cbsi.com,False,True,CsxknGIi,"['46749ff43d5c8c5f0fe965eb4217820f76942794e8865755b1608c642c07c1c3', '19400be5b7a31fb733917700789d2f0a2471c0c9d506c0e504c06c16d7cb17c0', '7431e5f4c3c1ce4690774f0b61e05440883ba9a01ed00ba6abd7806ed3b118cf']",[],1.0,0ffee3ba8e615ad22535e7f771690a28,d8ca8fec03c8093db1017ef2017076d0,http/1.1,,7612.872318,10.0.2.15,65236,216.239.120.246,443,tcp,10.223437000000558,345.0,4579.0,SF,True,False,0,ShADadFf,10,753,11,5023,ssl,0
7617.561979,CjZ0N14F2Bei3A95ge,10.0.2.15,65244,54.194.240.68,443,TLSv12,TLS_ECDHE_RSA_WITH_AES_128_GCM_SHA256,secp256r1,cbsi.demdex.net,False,True,CsxknGIi,"['ab8f7b89fa3e472463832f1b07660350a24ba646789dce6dd09107fab1d86a12', '19400be5b7a31fb733917700789d2f0a2471c0c9d506c0e504c06c16d7cb17c0']",[],1.0,0ffee3ba8e615ad22535e7f771690a28,303951d4c50efb2e991652225a6f02b1,,,7616.755571,10.0.2.15,65244,54.194.240.68,443,tcp,74.72165000000041,5312.0,8142.0,SF,True,False,0,ShADadTFf,21,6166,26,9186,ssl,0
7617.588872,C6asBs4FmRdfDj87Uc,10.0.2.15,65240,54.194.240.68,443,TLSv12,TLS_ECDHE_RSA_WITH_AES_128_GCM_SHA256,secp256r1,cbsi.demdex.net,False,True,CsxknGIi,"['ab8f7b89fa3e472463832f1b07660350a24ba646789dce6dd09107fab1d86a12', '19400be5b7a31fb733917700789d2f0a2471c0c9d506c0e504c06c16d7cb17c0']",[],1.0,0ffee3ba8e615ad22535e7f771690a28,303951d4c50efb2e991652225a6f02b1,,,7616.727976,10.0.2.15,65240,54.194.240.68,443,tcp,119.16586000000008,9691.0,11476.0,SF,True,False,0,ShADadTTFf,33,11029,39,13040,ssl,0
7617.570153,Cd1DO93MHn7rFwjaul,10.0.2.15,65243,52.87.148.162,443,TLSv12,TLS_ECDHE_RSA_WITH_AES_128_GCM_SHA256,secp256r1,stats.pagefair.com,False,True,CsxknGIi,"['ae10e02cf02c9ca412fa82ecb3598aa529b426c5d50ed00f75c5d9f42db77551', 'b9f2164323638dce0b92218b43c41c1b2b2696389329db19f5cf7ad49b5cb372', '1a5174980a294a528a110726d5855650266c48d9883bea692b67b6d726da98c5']",[],1.0,0ffee3ba8e615ad22535e7f771690a28,303951d4c50efb2e991652225a6f02b1,,,7616.736985,10.0.2.15,65243,52.87.148.162,443,tcp,66.68225400000028,870.0,5281.0,SF,True,False,0,ShADadTFf,17,1563,19,6045,ssl,0
7617.580064,CZHQi24xvQpxJH6DDb,10.0.2.15,65241,52.87.148.162,443,TLSv12,TLS_ECDHE_RSA_WITH_AES_128_GCM_SHA256,secp256r1,stats.pagefair.com,False,True,CsxknGIi,"['ae10e02cf02c9ca412fa82ecb3598aa529b426c5d50ed00f75c5d9f42db77551', 'b9f2164323638dce0b92218b43c41c1b2b2696389329db19f5cf7ad49b5cb372', '1a5174980a294a528a110726d5855650266c48d9883bea692b67b6d726da98c5']",[],1.0,0ffee3ba8e615ad22535e7f771690a28,303951d4c50efb2e991652225a6f02b1,,,7616.728778,10.0.2.15,65241,52.87.148.162,443,tcp,12.634378000000652,352.0,4745.0,RSTO,True,False,0,ShADadTFR,11,801,12,5229,ssl,0
7619.942676,CyLt4n1eeDdwNjfm2i,10.0.2.15,65248,151.101.114.2,443,TLSv12,TLS_ECDHE_RSA_WITH_AES_128_GCM_SHA256,secp256r1,cdn.taboola.com,False,True,CsxuknGIti,"['1b90ad8858722a0f2048bb4da66bfe69ccb05827d075f8dbd6dea0562198334b', '4b7334e1d8999822bafa8ff6888125389b18a4e5ab26ffa624c7f68fdc81f0cb']",[],1.0,0ffee3ba8e615ad22535e7f771690a28,860fcf58fd757e26aa8911e5eaff6b53,h2,,7619.481154,10.0.2.15,65248,151.101.114.2,443,tcp,268.19153800000004,7809.0,188471.0,SF,True,False,0,ShADadFfRr,101,11857,210,196875,ssl,0
7619.945498,C7MNo7bWhOEO1vpf6,10.0.2.15,65247,178.250.2.67,443,TLSv12,TLS_RSA_WITH_AES_128_CBC_SHA,,gum.criteo.com,False,True,CsxnGIi,"['b0337c4f8b2eca88eca4de5aad8cba6d249c58c7a69f2d4b680e5adae991d2ac', 'eae72eb454bf6c3977ebd289e970b2f5282949190093d0d26f98d0f0d6a9cf17', '8420dfbe376f414bf4c0a81e6936d24ccc03f304835b86c7a39142fca723a689']",[],1.0,0ffee3ba8e615ad22535e7f771690a28,5dcc087b1a1d0a5b0658981a7e8b2c3c,,,7619.479393,10.0.2.15,65247,178.250.2.67,443,tcp,15.672623000000383,3519.0,4383.0,SF,True,False,0,ShADadTfF,14,4088,14,4947,ssl,0
7619.94726,CekO7q4Ca1dWZDMMuh,10.0.2.15,65246,54.194.240.68,443,TLSv12,TLS_ECDHE_RSA_WITH_AES_128_GCM_SHA256,secp256r1,cbsi.demdex.net,False,True,CsxknGIi,"['ab8f7b89fa3e472463832f1b07660350a24ba646789dce6dd09107fab1d86a12', '19400be5b7a31fb733917700789d2f0a2471c0c9d506c0e504c06c16d7cb17c0']",[],1.0,0ffee3ba8e615ad22535e7f771690a28,303951d4c50efb2e991652225a6f02b1,,,7619.478432,10.0.2.15,65246,54.194.240.68,443,tcp,13.033465000000431,349.0,3143.0,SF,True,False,0,ShADadTFfRr,12,838,13,3667,ssl,0
7620.627651,CYGIhB1ZW9u2IoxcFj,10.0.2.15,65251,54.192.93.202,443,TLSv12,TLS_ECDHE_RSA_WITH_AES_128_GCM_SHA256,secp256r1,hds-api.hearst.io,False,True,CsxuknGIti,"['22fd3cb109926d592a67566d3dadc6917cfb91074b2f69f927b259dbb273bc6f', '154c433c491929c5ef686e838e323664a00e6a0d822ccc958fb4dab03e49a08f']",[],1.0,0ffee3ba8e615ad22535e7f771690a28,76cc3e2d3028143b23ec18e27dbd7ca9,http/1.1,,7620.164377,10.0.2.15,65251,54.192.93.202,443,tcp,127.09304299999984,674.0,4931.0,SF,True,False,0,ShADadTTfF,21,1533,23,5855,ssl,0
7625.601356,COxJ1C2Swkjpr4bBL9,10.0.2.15,65256,95.101.246.112,443,TLSv12,TLS_ECDHE_RSA_WITH_AES_256_GCM_SHA384,,search.chow.com,True,True,CsiI,,,,1a5fe5677b0e4fbbc854e8908225637d,410b9bedaf65dd26c6fe547154d60db4,http/1.1,,7625.028634,10.0.2.15,65256,95.101.246.112,443,tcp,198.9386930000001,2997.0,252903.0,SF,True,False,0,ShADadTTFfRr,109,7382,262,263387,ssl,0
7625.603365,CFcUc41HIUFJq4jLHg,10.0.2.15,65255,54.192.93.152,443,TLSv12,TLS_ECDHE_RSA_WITH_AES_128_GCM_SHA256,,cdn.boomtrain.com,True,True,CsiI,,,,1a5fe5677b0e4fbbc854e8908225637d,d199ba0af2b08e204c73d6d81a1fd260,http/1.1,,7625.028119,10.0.2.15,65255,54.192.93.152,443,tcp,121.1271540000007,910.0,9458.0,SF,True,False,0,ShADadTTfF,21,1769,28,10582,ssl,0
7629.585175,CDmpdB4vYkyIXif2mj,10.0.2.15,65258,138.108.96.100,443,TLSv12,TLS_DHE_RSA_WITH_AES_256_CBC_SHA,,secure-us.imrworldwide.com,True,True,CsiI,,,,0ffee3ba8e615ad22535e7f771690a28,d90fa179c9daf35598ed8341272118f7,,,7629.27908,10.0.2.15,65258,138.108.96.100,443,tcp,5.439921999999569,848.0,3983.0,SF,True,False,0,ShADadfF,10,1256,12,4467,ssl,0
7630.981144,COG8mx3GiY3bmGFtbk,10.0.2.15,65262,95.101.246.112,443,TLSv12,TLS_ECDHE_RSA_WITH_AES_256_GCM_SHA384,,search.chow.com,True,True,CsiI,,,,1a5fe5677b0e4fbbc854e8908225637d,410b9bedaf65dd26c6fe547154d60db4,http/1.1,,7630.609056,10.0.2.15,65262,95.101.246.112,443,tcp,193.3531809999995,1413.0,126587.0,SF,True,False,0,ShADadTTFfRr,70,4239,141,132231,ssl,0
7630.982406,CBMesx2S4qK4zbSN2h,10.0.2.15,65263,95.101.246.112,443,TLSv12,TLS_ECDHE_RSA_WITH_AES_256_GCM_SHA384,,search.chow.com,True,True,CsiI,,,,1a5fe5677b0e4fbbc854e8908225637d,410b9bedaf65dd26c6fe547154d60db4,http/1.1,,7630.609688,10.0.2.15,65263,95.101.246.112,443,tcp,191.8328720000009,2223.0,496243.0,SF,True,False,0,ShADadTTFfRr,139,7808,446,514087,ssl,0
7632.568221,CfLnRe1CnFmVbFqQt2,10.0.2.15,65264,63.140.43.34,443,TLSv12,TLS_ECDHE_RSA_WITH_AES_256_GCM_SHA384,secp256r1,som.cbsi.com,False,True,CsxknGIi,"['a572afb0b4aaeb34ebbe47c85e883b1cf367cc09c530bb6bd7c706fefefd79fd', '19400be5b7a31fb733917700789d2f0a2471c0c9d506c0e504c06c16d7cb17c0']",[],1.0,0ffee3ba8e615ad22535e7f771690a28,959bfcf87532cbff1253e80a4ee81308,,,7631.604524,10.0.2.15,65264,63.140.43.34,443,tcp,21.76109599999927,1837.0,3617.0,SF,True,False,0,ShADadTFf,13,2366,13,4141,ssl,0
7632.835183,CFt0A4GAvV5q2JFN3,10.0.2.15,65265,54.194.240.68,443,TLSv12,TLS_ECDHE_RSA_WITH_AES_128_GCM_SHA256,,cbsi.demdex.net,True,True,CsiI,,,,0ffee3ba8e615ad22535e7f771690a28,303951d4c50efb2e991652225a6f02b1,,,7632.045374,10.0.2.15,65265,54.194.240.68,443,tcp,9.355587999999443,306.0,176.0,SF,True,False,0,ShADadFfRr,9,674,9,540,ssl,0
7637.249975,CRy9321TbCeMARJD41,10.0.2.15,65271,52.1.6.210,443,TLSv12,TLS_ECDHE_RSA_WITH_AES_128_GCM_SHA256,secp256r1,api.boomtrain.com,False,True,CsxknGIi,"['bade2621dd162f81784564cf4a9e5469870f2cf6ccba9f0ae5c72ca72ea498dc', 'f55f9ffcb83c73453261601c7e044db15a0f034b93c05830f28635ef889cf670', '87dcd4dc74640a322cd205552506d1be64f12596258096544986b4850bc72706', '28689b30e4c306aab53b027b29e36ad6dd1dcf4b953994482ca84bdc1ecac996']",[],1.0,0ffee3ba8e615ad22535e7f771690a28,303951d4c50efb2e991652225a6f02b1,,,7636.54807,10.0.2.15,65271,52.1.6.210,443,tcp,103.52957400000014,2648.0,7756.0,SF,True,False,0,ShADadTFf,26,3704,32,9040,ssl,0
7637.25769,CfdZSX2ts2b2SiJaWd,10.0.2.15,65270,52.7.228.124,443,TLSv12,TLS_ECDHE_RSA_WITH_AES_128_GCM_SHA256,secp256r1,onsite.boomtrain.net,False,True,CsxknGIi,"['2ee94842dbf26d041cfd199394f07fe358b72b4a37ebf34758ee6cf5e4358b76', '154c433c491929c5ef686e838e323664a00e6a0d822ccc958fb4dab03e49a08f']",[],1.0,0ffee3ba8e615ad22535e7f771690a28,303951d4c50efb2e991652225a6f02b1,,,7636.546775,10.0.2.15,65270,52.7.228.124,443,tcp,105.07335599999988,2106.0,6038.0,SF,True,False,0,ShADadTFf,25,3123,27,7122,ssl,0
7637.262409,CszEDDZ9RAS8xKsf8,10.0.2.15,65269,52.1.6.210,443,TLSv12,TLS_ECDHE_RSA_WITH_AES_128_GCM_SHA256,secp256r1,api.boomtrain.com,False,True,CsxknGIi,"['bade2621dd162f81784564cf4a9e5469870f2cf6ccba9f0ae5c72ca72ea498dc', 'f55f9ffcb83c73453261601c7e044db15a0f034b93c05830f28635ef889cf670', '87dcd4dc74640a322cd205552506d1be64f12596258096544986b4850bc72706', '28689b30e4c306aab53b027b29e36ad6dd1dcf4b953994482ca84bdc1ecac996']",[],1.0,0ffee3ba8e615ad22535e7f771690a28,303951d4c50efb2e991652225a6f02b1,,,7636.545052,10.0.2.15,65269,52.1.6.210,443,tcp,6.827013999999508,383.0,5077.0,RSTO,True,False,0,ShADadFR,10,791,11,5521,ssl,0
7638.230117,Cumcbm3lIToJ8TPYS9,10.0.2.15,65272,138.108.96.100,443,TLSv12,TLS_DHE_RSA_WITH_AES_256_CBC_SHA,,secure-us.imrworldwide.com,True,True,CsiI,,,,0ffee3ba8e615ad22535e7f771690a28,d90fa179c9daf35598ed8341272118f7,,,7637.90308,10.0.2.15,65272,138.108.96.100,443,tcp,2.22699300000022,976.0,586.0,SF,True,False,0,ShADadfF,9,1344,9,950,ssl,0
7639.114991,Cv4txz6ieLjtH2GG5,10.0.2.15,65283,95.100.186.48,443,TLSv12,TLS_ECDHE_RSA_WITH_AES_256_GCM_SHA384,secp256r1,subscribe.hearstmags.com,False,True,CsxknGIti,"['679ab3b5d225a80deb97a0e6adf9ff4f020c5b393dfa43456a25e828e2dcf7c4', 'eae72eb454bf6c3977ebd289e970b2f5282949190093d0d26f98d0f0d6a9cf17']",[],1.0,0ffee3ba8e615ad22535e7f771690a28,2b33c1374db4ddf06942f92373c0b54b,http/1.1,,7638.519818,10.0.2.15,65283,95.100.186.48,443,tcp,7.669504000000415,358.0,4359.0,SF,True,False,0,ShADadFfRr,11,806,13,4883,ssl,0
7639.116421,C0sAYS3G6QXsGk2X2j,10.0.2.15,65282,95.100.186.48,443,TLSv12,TLS_ECDHE_RSA_WITH_AES_256_GCM_SHA384,secp256r1,subscribe.hearstmags.com,False,True,CsxknGIti,"['679ab3b5d225a80deb97a0e6adf9ff4f020c5b393dfa43456a25e828e2dcf7c4', 'eae72eb454bf6c3977ebd289e970b2f5282949190093d0d26f98d0f0d6a9cf17']",[],1.0,0ffee3ba8e615ad22535e7f771690a28,2b33c1374db4ddf06942f92373c0b54b,http/1.1,,7638.519297,10.0.2.15,65282,95.100.186.48,443,tcp,7.66753400000016,358.0,4359.0,SF,True,False,0,ShADadFfRr,11,806,13,4883,ssl,0
7642.549734,CBO0iE2r565wysVuz2,10.0.2.15,65289,151.101.113.108,443,TLSv12,TLS_ECDHE_RSA_WITH_AES_128_GCM_SHA256,secp256r1,acdn.adnxs.com,False,True,CsxuknGIti,"['a5760412fe8dc77ba83e5ba531d4ccb590842bab7d15560c5b9681bce87ae512', '4b7334e1d8999822bafa8ff6888125389b18a4e5ab26ffa624c7f68fdc81f0cb']",[],1.0,0ffee3ba8e615ad22535e7f771690a28,860fcf58fd757e26aa8911e5eaff6b53,http/1.1,,7641.809228,10.0.2.15,65289,151.101.113.108,443,tcp,131.2892670000001,4482.0,9534.0,SF,True,False,0,ShADadTTFfRr,28,5622,34,10898,ssl,0
7642.55555,CVN0rq10IONRdYncng,10.0.2.15,65288,151.101.113.108,443,TLSv12,TLS_ECDHE_RSA_WITH_AES_128_GCM_SHA256,secp256r1,acdn.adnxs.com,False,True,CsxuknGIti,"['a5760412fe8dc77ba83e5ba531d4ccb590842bab7d15560c5b9681bce87ae512', '4b7334e1d8999822bafa8ff6888125389b18a4e5ab26ffa624c7f68fdc81f0cb']",[],1.0,0ffee3ba8e615ad22535e7f771690a28,860fcf58fd757e26aa8911e5eaff6b53,http/1.1,,7641.802045,10.0.2.15,65288,151.101.113.108,443,tcp,7.899541999999201,380.0,5024.0,SF,True,False,0,ShADadFfRr,11,828,13,5548,ssl,0
7642.559478,CV7iav1hCHhZS7JVZb,10.0.2.15,65287,151.101.113.108,443,TLSv12,TLS_ECDHE_RSA_WITH_AES_128_GCM_SHA256,secp256r1,acdn.adnxs.com,False,True,CsxuknGIti,"['a5760412fe8dc77ba83e5ba531d4ccb590842bab7d15560c5b9681bce87ae512', '4b7334e1d8999822bafa8ff6888125389b18a4e5ab26ffa624c7f68fdc81f0cb']",[],1.0,0ffee3ba8e615ad22535e7f771690a28,860fcf58fd757e26aa8911e5eaff6b53,http/1.1,,7641.800471,10.0.2.15,65287,151.101.113.108,443,tcp,7.9011600000003455,380.0,5024.0,SF,True,False,0,ShADadFfRr,11,828,13,5548,ssl,0
7643.69278,CA4aNB43suyM1gSLU3,10.0.2.15,65292,34.200.62.66,443,TLSv12,TLS_ECDHE_RSA_WITH_AES_128_GCM_SHA256,secp256r1,events.api.boomtrain.com,False,True,CsxknGIi,"['2471da317deb3d7813ad11d0faa7715d19f2b97eeb7238cedcd82d46bc74085d', 'f55f9ffcb83c73453261601c7e044db15a0f034b93c05830f28635ef889cf670', '87dcd4dc74640a322cd205552506d1be64f12596258096544986b4850bc72706', '28689b30e4c306aab53b027b29e36ad6dd1dcf4b953994482ca84bdc1ecac996']",[],1.0,0ffee3ba8e615ad22535e7f771690a28,303951d4c50efb2e991652225a6f02b1,,,7643.267892,10.0.2.15,65292,34.200.62.66,443,tcp,65.0543459999999,1206.0,5511.0,SF,True,False,0,ShADadTFf,17,1900,19,6275,ssl,0
7643.695658,C9E9rS1Ydmk6xt0Us9,10.0.2.15,65291,34.200.62.66,443,TLSv12,TLS_ECDHE_RSA_WITH_AES_128_GCM_SHA256,secp256r1,events.api.boomtrain.com,False,True,CsxknGIi,"['2471da317deb3d7813ad11d0faa7715d19f2b97eeb7238cedcd82d46bc74085d', 'f55f9ffcb83c73453261601c7e044db15a0f034b93c05830f28635ef889cf670', '87dcd4dc74640a322cd205552506d1be64f12596258096544986b4850bc72706', '28689b30e4c306aab53b027b29e36ad6dd1dcf4b953994482ca84bdc1ecac996']",[],1.0,0ffee3ba8e615ad22535e7f771690a28,303951d4c50efb2e991652225a6f02b1,,,7643.266208,10.0.2.15,65291,34.200.62.66,443,tcp,102.12080100000004,2864.0,6229.0,SF,True,False,0,ShADadTFf,24,3841,26,7273,ssl,0
7643.697807,CqqVyY2bGXxej3fW4i,10.0.2.15,65290,34.200.62.66,443,TLSv12,TLS_ECDHE_RSA_WITH_AES_128_GCM_SHA256,secp256r1,events.api.boomtrain.com,False,True,CsxknGIi,"['2471da317deb3d7813ad11d0faa7715d19f2b97eeb7238cedcd82d46bc74085d', 'f55f9ffcb83c73453261601c7e044db15a0f034b93c05830f28635ef889cf670', '87dcd4dc74640a322cd205552506d1be64f12596258096544986b4850bc72706', '28689b30e4c306aab53b027b29e36ad6dd1dcf4b953994482ca84bdc1ecac996']",[],1.0,0ffee3ba8e615ad22535e7f771690a28,303951d4c50efb2e991652225a6f02b1,,,7643.264843,10.0.2.15,65290,34.200.62.66,443,tcp,6.350594000000456,358.0,5121.0,RSTO,True,False,0,ShADadFR,10,766,11,5565,ssl,0
7645.151959,CMUvlP1Ticu1OwlEQ1,10.0.2.15,65301,151.101.113.108,443,TLSv12,TLS_ECDHE_RSA_WITH_AES_128_GCM_SHA256,secp256r1,vcdn.adnxs.com,False,True,CsxuknGIti,"['a5760412fe8dc77ba83e5ba531d4ccb590842bab7d15560c5b9681bce87ae512', '4b7334e1d8999822bafa8ff6888125389b18a4e5ab26ffa624c7f68fdc81f0cb']",[],1.0,0ffee3ba8e615ad22535e7f771690a28,860fcf58fd757e26aa8911e5eaff6b53,http/1.1,,7644.564006,10.0.2.15,65301,151.101.113.108,443,tcp,2.354847999999947,348.0,5024.0,SF,True,False,0,ShADadFfRr,13,876,16,5668,ssl,0
7645.165055,CsEXbfUGn6N336MUh,10.0.2.15,65300,151.101.113.108,443,TLSv12,TLS_ECDHE_RSA_WITH_AES_128_GCM_SHA256,secp256r1,vcdn.adnxs.com,False,True,CsxuknGIti,"['a5760412fe8dc77ba83e5ba531d4ccb590842bab7d15560c5b9681bce87ae512', '4b7334e1d8999822bafa8ff6888125389b18a4e5ab26ffa624c7f68fdc81f0cb']",[],1.0,0ffee3ba8e615ad22535e7f771690a28,860fcf58fd757e26aa8911e5eaff6b53,http/1.1,,7644.554937,10.0.2.15,65300,151.101.113.108,443,tcp,2.353191000000151,348.0,5024.0,SF,True,False,0,ShADadFfRr,12,836,15,5628,ssl,0
7645.1669,C4Xk1oQQ62Q8q9TJ2,10.0.2.15,65299,151.101.113.108,443,TLSv12,TLS_ECDHE_RSA_WITH_AES_128_GCM_SHA256,secp256r1,vcdn.adnxs.com,False,True,CsxuknGIti,"['a5760412fe8dc77ba83e5ba531d4ccb590842bab7d15560c5b9681bce87ae512', '4b7334e1d8999822bafa8ff6888125389b18a4e5ab26ffa624c7f68fdc81f0cb']",[],1.0,0ffee3ba8e615ad22535e7f771690a28,860fcf58fd757e26aa8911e5eaff6b53,http/1.1,,7644.553382,10.0.2.15,65299,151.101.113.108,443,tcp,1.852888000000348,317.0,5024.0,SF,True,False,0,ShADadFRfr,10,725,12,5508,ssl,0
7645.380456,CBF09n3VrXq7AFxfh7,10.0.2.15,65297,151.101.113.108,443,TLSv12,TLS_ECDHE_RSA_WITH_AES_128_GCM_SHA256,secp256r1,vcdn.adnxs.com,False,True,CsxuknGIti,"['a5760412fe8dc77ba83e5ba531d4ccb590842bab7d15560c5b9681bce87ae512', '4b7334e1d8999822bafa8ff6888125389b18a4e5ab26ffa624c7f68fdc81f0cb']",[],1.0,0ffee3ba8e615ad22535e7f771690a28,860fcf58fd757e26aa8911e5eaff6b53,http/1.1,,7644.549547,10.0.2.15,65297,151.101.113.108,443,tcp,6.205939000000399,348.0,5024.0,SF,True,False,0,ShADadFfRr,13,876,16,5668,ssl,0
7645.381542,CgUegE20WXW4uBUabe,10.0.2.15,65296,151.101.113.108,443,TLSv12,TLS_ECDHE_RSA_WITH_AES_128_GCM_SHA256,secp256r1,vcdn.adnxs.com,False,True,CsxuknGIti,"['a5760412fe8dc77ba83e5ba531d4ccb590842bab7d15560c5b9681bce87ae512', '4b7334e1d8999822bafa8ff6888125389b18a4e5ab26ffa624c7f68fdc81f0cb']",[],1.0,0ffee3ba8e615ad22535e7f771690a28,860fcf58fd757e26aa8911e5eaff6b53,http/1.1,,7644.548966,10.0.2.15,65296,151.101.113.108,443,tcp,6.203003999999964,348.0,5024.0,SF,True,False,0,ShADadFfRr,13,876,16,5668,ssl,0
7645.606829,CgxfKx4qOWaJXcRwrf,10.0.2.15,65293,151.101.113.108,443,TLSv12,TLS_ECDHE_RSA_WITH_AES_128_GCM_SHA256,secp256r1,vcdn.adnxs.com,False,True,CsxuknGIti,"['a5760412fe8dc77ba83e5ba531d4ccb590842bab7d15560c5b9681bce87ae512', '4b7334e1d8999822bafa8ff6888125389b18a4e5ab26ffa624c7f68fdc81f0cb']",[],1.0,0ffee3ba8e615ad22535e7f771690a28,860fcf58fd757e26aa8911e5eaff6b53,http/1.1,,7644.547189,10.0.2.15,65293,151.101.113.108,443,tcp,7.356281000000308,348.0,5024.0,RSTO,True,False,0,ShADadFR,10,756,12,5508,ssl,0
7650.062966,CeIjM34ED1aXZ9b0df,10.0.2.15,65306,95.101.246.112,443,TLSv12,TLS_ECDHE_RSA_WITH_AES_256_GCM_SHA384,,www.chowhound.com,True,True,CsiI,,,,1a5fe5677b0e4fbbc854e8908225637d,410b9bedaf65dd26c6fe547154d60db4,http/1.1,,7649.688339,10.0.2.15,65306,95.101.246.112,443,tcp,1.998421999999664,3151.0,3072.0,RSTR,True,False,0,ShADadFRr,11,3599,13,3596,ssl,0
7650.06448,ClHsof3bWJZqE4B4E2,10.0.2.15,65307,95.101.246.112,443,TLSv12,TLS_ECDHE_RSA_WITH_AES_256_GCM_SHA384,,www.chowhound.com,True,True,CsiI,,,,1a5fe5677b0e4fbbc854e8908225637d,410b9bedaf65dd26c6fe547154d60db4,http/1.1,,7649.935424,10.0.2.15,65307,95.101.246.112,443,tcp,149.0214049999995,8329.0,39454.0,SF,True,False,0,ShADadTTFfRr,43,10070,69,42218,ssl,0
7650.895457,CbI1dQ2NOyJAn0JQ2k,10.0.2.15,65308,66.43.22.135,443,TLSv12,TLS_DHE_RSA_WITH_AES_256_CBC_SHA,,findagrave.com,False,True,CsxknGIi,"['0350695070ba20df33ab04918b579da7234b65d2761e759f665ab5c8553eb336', '3f3af9c9cc2c7599ef8f6dd7ca516cfc1797d7d12002254f3bfd0d4d0fe9de86', '4b03f45807ad70f21bfc2cae71c9fde4604c064cf5ffb686bae5dbaad7fdd34c']",[],1.0,0ffee3ba8e615ad22535e7f771690a28,38759e3bb980b0ca6bf7f22837b8582f,,,7650.707357,10.0.2.15,65308,66.43.22.135,443,tcp,2.61254800000006,815.0,11588.0,SF,True,False,0,ShADadfF,12,1303,18,12312,ssl,0
7650.910412,CXyykUf7Il6FibNdh,10.0.2.15,65309,66.43.22.135,443,TLSv12,TLS_DHE_RSA_WITH_AES_256_CBC_SHA,,findagrave.com,False,True,CsxknGIi,"['0350695070ba20df33ab04918b579da7234b65d2761e759f665ab5c8553eb336', '3f3af9c9cc2c7599ef8f6dd7ca516cfc1797d7d12002254f3bfd0d4d0fe9de86', '4b03f45807ad70f21bfc2cae71c9fde4604c064cf5ffb686bae5dbaad7fdd34c']",[],1.0,0ffee3ba8e615ad22535e7f771690a28,38759e3bb980b0ca6bf7f22837b8582f,,,7650.715172,10.0.2.15,65309,66.43.22.135,443,tcp,5.339514000000236,799.0,10896.0,SF,True,False,0,ShADadfF,12,1287,18,11620,ssl,0
7655.545669,CwK1qc4V598XoCaygl,10.0.2.15,65313,178.250.2.67,443,TLSv12,TLS_RSA_WITH_AES_128_CBC_SHA,,gum.criteo.com,False,True,CsxnGIi,"['b0337c4f8b2eca88eca4de5aad8cba6d249c58c7a69f2d4b680e5adae991d2ac', 'eae72eb454bf6c3977ebd289e970b2f5282949190093d0d26f98d0f0d6a9cf17', '8420dfbe376f414bf4c0a81e6936d24ccc03f304835b86c7a39142fca723a689']",[],1.0,0ffee3ba8e615ad22535e7f771690a28,5dcc087b1a1d0a5b0658981a7e8b2c3c,,,7655.009965,10.0.2.15,65313,178.250.2.67,443,tcp,6.861452999999528,618.0,4026.0,SF,True,False,0,ShADadFf,10,1026,11,4470,ssl,0
7656.38519,ChExuf4uzlt3A2mt67,10.0.2.15,65314,66.43.22.135,443,TLSv12,TLS_DHE_RSA_WITH_AES_256_CBC_SHA,,findagrave.com,True,True,CsiI,,,,0ffee3ba8e615ad22535e7f771690a28,38759e3bb980b0ca6bf7f22837b8582f,,,7655.891716,10.0.2.15,65314,66.43.22.135,443,tcp,2.291497000000163,676.0,5760.0,SF,True,False,0,ShADadfF,9,1044,11,6204,ssl,0
7656.221592,CflK2f7Latcs2MmC1,10.0.2.15,65318,66.43.22.135,443,TLSv12,TLS_DHE_RSA_WITH_AES_256_CBC_SHA,,findagrave.com,True,True,CsiI,,,,0ffee3ba8e615ad22535e7f771690a28,38759e3bb980b0ca6bf7f22837b8582f,,,7655.89432,10.0.2.15,65318,66.43.22.135,443,tcp,1.860351999999693,692.0,2528.0,SF,True,False,0,ShADadfF,8,1020,11,2972,ssl,0
7656.222059,CthZRo1RpI38kHjXp,10.0.2.15,65317,66.43.22.135,443,TLSv12,TLS_DHE_RSA_WITH_AES_256_CBC_SHA,,findagrave.com,True,True,CsiI,,,,0ffee3ba8e615ad22535e7f771690a28,38759e3bb980b0ca6bf7f22837b8582f,,,7655.89371,10.0.2.15,65317,66.43.22.135,443,tcp,1.9844069999999192,692.0,598.0,SF,True,False,0,ShADadfF,8,1020,9,962,ssl,0
7656.223185,CB3LzaKQFUzw8x6V6,10.0.2.15,65316,66.43.22.135,443,TLSv12,TLS_DHE_RSA_WITH_AES_256_CBC_SHA,,findagrave.com,True,True,CsiI,,,,0ffee3ba8e615ad22535e7f771690a28,38759e3bb980b0ca6bf7f22837b8582f,,,7655.892858,10.0.2.15,65316,66.43.22.135,443,tcp,2.171256999999968,692.0,3691.0,SF,True,False,0,ShADadfF,10,1100,12,4175,ssl,0
7656.224508,CclGDw1ljTgqQPIPq3,10.0.2.15,65315,66.43.22.135,443,TLSv12,TLS_DHE_RSA_WITH_AES_256_CBC_SHA,,findagrave.com,True,True,CsiI,,,,0ffee3ba8e615ad22535e7f771690a28,38759e3bb980b0ca6bf7f22837b8582f,,,7655.892265,10.0.2.15,65315,66.43.22.135,443,tcp,2.474095999999917,692.0,5349.0,SF,True,False,0,ShADadfF,9,1060,13,5873,ssl,0
7656.969347,C8Ro1v3vQbvZZ2Bx7i,10.0.2.15,65321,66.43.22.135,443,TLSv12,TLS_DHE_RSA_WITH_AES_256_CBC_SHA,,findagrave.com,True,True,CsiI,,,,0ffee3ba8e615ad22535e7f771690a28,38759e3bb980b0ca6bf7f22837b8582f,,,7656.751258,10.0.2.15,65321,66.43.22.135,443,tcp,6.988572000000204,351.0,161.0,SF,True,False,0,ShADadFf,7,639,7,445,ssl,0
7656.754886,CQaRaVp3ESRUfCCh6,10.0.2.15,65320,66.43.22.135,443,TLSv12,TLS_DHE_RSA_WITH_AES_256_CBC_SHA,,beta.findagrave.com,False,True,CsxknGIi,"['0350695070ba20df33ab04918b579da7234b65d2761e759f665ab5c8553eb336', '3f3af9c9cc2c7599ef8f6dd7ca516cfc1797d7d12002254f3bfd0d4d0fe9de86', '4b03f45807ad70f21bfc2cae71c9fde4604c064cf5ffb686bae5dbaad7fdd34c']",[],1.0,0ffee3ba8e615ad22535e7f771690a28,d90fa179c9daf35598ed8341272118f7,,,7656.575193,10.0.2.15,65320,66.43.22.135,443,tcp,2.872706000000107,788.0,144494.0,SF,True,False,0,ShADadfF,45,2596,117,149178,ssl,0
7656.589434,Cyz3Vd3F9u31sbA8D5,10.0.2.15,65319,66.43.22.135,443,TLSv12,TLS_DHE_RSA_WITH_AES_256_CBC_SHA,,findagrave.com,True,True,CsiI,,,,0ffee3ba8e615ad22535e7f771690a28,38759e3bb980b0ca6bf7f22837b8582f,,,7656.219728,10.0.2.15,65319,66.43.22.135,443,tcp,7.192519000000175,351.0,161.0,SF,True,False,0,ShADadFf,8,679,7,445,ssl,0
7658.589853,CuoUpc2QC1E2gUoogl,10.0.2.15,65322,151.101.112.207,443,TLSv12,TLS_ECDHE_RSA_WITH_AES_128_GCM_SHA256,,js-agent.newrelic.com,True,True,CsiI,,,,1a5fe5677b0e4fbbc854e8908225637d,1d0e57c6ae42e9204defa51e5e1cdc4c,http/1.1,,7658.371805,10.0.2.15,65322,151.101.112.207,443,tcp,5.857350000000224,599.0,191.0,SF,True,False,0,ShADadFfRr,8,927,9,555,ssl,0
7660.924423,CRfns64L76CjktX7fb,10.0.2.15,65323,95.172.94.60,443,TLSv12,TLS_ECDHE_RSA_WITH_AES_128_GCM_SHA256,secp256r1,secure.quantserve.com,False,True,CsxknGIti,"['7d39ee69bdac843654f44bb3164a243b3e8c527019b6225992e5d36771f19e8f', '19400be5b7a31fb733917700789d2f0a2471c0c9d506c0e504c06c16d7cb17c0']",[],1.0,0ffee3ba8e615ad22535e7f771690a28,ccc514751b175866924439bdbb5bba34,,,7660.705717,10.0.2.15,65323,95.172.94.60,443,tcp,6.579034999999749,355.0,3323.0,RSTO,True,False,0,ShADadFR,10,763,11,3767,ssl,0
7660.934955,CCUaIn1gHle7ICMQm6,10.0.2.15,65325,172.217.23.200,443,TLSv12,TLS_ECDHE_RSA_WITH_AES_128_GCM_SHA256,x25519,ssl.google-analytics.com,False,True,CsxknGIti,"['31ed45c3400fc5f9a84dfaa0a6f6171369876ed4e2da669ee7f8edbe3593bf6b', '9f630426df1d8abfd80ace98871ba833ab9742cb34838de2b5285ed54c0c7dcc', '3c35cc963eb004451323d3275d05b353235053490d9cd83729a2faf5e7ca1cc0']",[],1.0,0ffee3ba8e615ad22535e7f771690a28,ab41313cfec25328b20865eb1388e0a2,h2,,7660.869829,10.0.2.15,65325,172.217.23.200,443,tcp,536.0083089999998,4949.0,52772.0,SF,True,False,0,ShADadFf,58,7277,92,56456,ssl,0
7660.976651,CNG6ln2PkpVSVhsJ0g,10.0.2.15,65324,151.101.112.69,443,TLSv12,TLS_ECDHE_RSA_WITH_AES_128_GCM_SHA256,secp256r1,report-ads-to.pubnation.com,False,True,CsxuknGIti,"['47a1469b14083af8cd208ab763b1ec6770cf9829f4a47a0f61f529d53b50eb6e', '74ef335e5e18788307fb9d89cb704bec112abd23487dbff41c4ded5070f241d9']",[],1.0,0ffee3ba8e615ad22535e7f771690a28,860fcf58fd757e26aa8911e5eaff6b53,http/1.1,,7660.866067,10.0.2.15,65324,151.101.112.69,443,tcp,124.71472199999972,695.0,32424.0,SF,True,False,0,ShADadTTFfRr,35,2115,53,34548,ssl,0
7664.473859,C8ioIp4c2p28K0b4G4,10.0.2.15,65326,54.192.93.150,443,TLSv12,TLS_ECDHE_RSA_WITH_AES_128_GCM_SHA256,,rules.quantcount.com,True,True,CsiI,,,,1a5fe5677b0e4fbbc854e8908225637d,d199ba0af2b08e204c73d6d81a1fd260,h2,,7664.414486,10.0.2.15,65326,54.192.93.150,443,tcp,304.6024610000004,1410.0,1110.0,SF,True,False,0,ShADadFf,22,2298,24,2074,ssl,0
7665.266366,CpvC6x19Je9rdy4IFa,10.0.2.15,65327,95.172.94.16,443,TLSv12,TLS_ECDHE_RSA_WITH_AES_128_GCM_SHA256,secp256r1,pixel.quantserve.com,False,True,CsxknGIti,"['7d39ee69bdac843654f44bb3164a243b3e8c527019b6225992e5d36771f19e8f', '19400be5b7a31fb733917700789d2f0a2471c0c9d506c0e504c06c16d7cb17c0']",[],1.0,0ffee3ba8e615ad22535e7f771690a28,ccc514751b175866924439bdbb5bba34,,,7665.131653,10.0.2.15,65327,95.172.94.16,443,tcp,2.623788999999306,1102.0,3637.0,SF,True,False,0,ShADadfF,11,1550,13,4161,ssl,0
7665.281275,CLzy75Gg9CbUocnR8,10.0.2.15,65328,35.157.57.38,443,TLSv12,TLS_ECDHE_RSA_WITH_AES_128_GCM_SHA256,secp256r1,datacloud.tealiumiq.com,False,True,CsxknGIi,"['cfa1969d3275c415a1e8282354984f63562f2faa6c41e1659afaaa1c35ccabd1', '154c433c491929c5ef686e838e323664a00e6a0d822ccc958fb4dab03e49a08f']",[],1.0,0ffee3ba8e615ad22535e7f771690a28,303951d4c50efb2e991652225a6f02b1,,,7665.166835,10.0.2.15,65328,35.157.57.38,443,tcp,63.64093700000012,4809.0,4451.0,SF,True,False,0,ShADadTFf,20,5623,21,5295,ssl,0
7665.773333,CoEiAD3hyjp5Q4NTX1,10.0.2.15,65330,54.192.93.233,443,TLSv12,TLS_ECDHE_RSA_WITH_AES_128_GCM_SHA256,secp256r1,prod.adspsp.com,False,True,CsxuknGIti,"['d9d02f9f9358c6ebb02a14ce8e4f01fb63ff9c52c482bf8b971cab706f202fde', 'f55f9ffcb83c73453261601c7e044db15a0f034b93c05830f28635ef889cf670', '87dcd4dc74640a322cd205552506d1be64f12596258096544986b4850bc72706', '28689b30e4c306aab53b027b29e36ad6dd1dcf4b953994482ca84bdc1ecac996']",[],1.0,0ffee3ba8e615ad22535e7f771690a28,76cc3e2d3028143b23ec18e27dbd7ca9,http/1.1,,7665.721255,10.0.2.15,65330,54.192.93.233,443,tcp,141.34451699999954,1066.0,31718.0,SF,True,False,0,ShADadTTfF,32,2366,51,33762,ssl,0
7665.811916,CKNqk1285EntDg3ZC6,10.0.2.15,65329,54.192.95.240,443,TLSv12,TLS_ECDHE_RSA_WITH_AES_128_GCM_SHA256,secp256r1,c.amazon-adsystem.com,False,True,CsxuknGIti,"['b9b6df199f4c187e935549f2cf7a972566e5ff1bb034df67cdd6e10969007dd2', 'eae72eb454bf6c3977ebd289e970b2f5282949190093d0d26f98d0f0d6a9cf17']",[],1.0,0ffee3ba8e615ad22535e7f771690a28,76cc3e2d3028143b23ec18e27dbd7ca9,http/1.1,,7665.685975,10.0.2.15,65329,54.192.95.240,443,tcp,7.332331999999951,387.0,5176.0,SF,True,False,0,ShADadFf,10,795,12,5660,ssl,0
7666.263264,CqJ98g18gx8Elk8sA6,10.0.2.15,65332,178.250.2.74,443,TLSv12,TLS_RSA_WITH_AES_128_CBC_SHA,,static.criteo.net,False,True,CsxnGIi,"['a53dd8cd1b9752c487c3339127e3f77ac7434d43b66db4a373f9df5da010c22f', 'eae72eb454bf6c3977ebd289e970b2f5282949190093d0d26f98d0f0d6a9cf17', '8420dfbe376f414bf4c0a81e6936d24ccc03f304835b86c7a39142fca723a689']",[],1.0,0ffee3ba8e615ad22535e7f771690a28,5dcc087b1a1d0a5b0658981a7e8b2c3c,,,7665.819001,10.0.2.15,65332,178.250.2.74,443,tcp,4.0573830000003,589.0,4413.0,SF,True,False,0,ShADadFf,10,997,11,4857,ssl,0
7666.260974,C7JkDJ1M0NfvrFmxF9,10.0.2.15,65333,52.94.216.48,443,TLSv12,TLS_ECDHE_RSA_WITH_AES_128_GCM_SHA256,secp256r1,aax.amazon-adsystem.com,False,True,CsxuknGIi,"['0b4e7df09d4f64b59af32ee16a71ad7d8947ded5f2a2bd4acfcc9f187fdf36c9', 'eae72eb454bf6c3977ebd289e970b2f5282949190093d0d26f98d0f0d6a9cf17']",[],1.0,0ffee3ba8e615ad22535e7f771690a28,2b1f517a72b7346c86d59ef328167d49,,,7665.824511,10.0.2.15,65333,52.94.216.48,443,tcp,170.4866550000006,2266.0,5996.0,SF,True,False,0,ShADadTTfF,32,3569,36,7440,ssl,0
7666.26561,CbhPqew27P7Ti8yck,10.0.2.15,65331,54.192.93.233,443,TLSv12,TLS_ECDHE_RSA_WITH_AES_128_GCM_SHA256,secp256r1,prod.adspsp.com,False,True,CsxuknGIti,"['d9d02f9f9358c6ebb02a14ce8e4f01fb63ff9c52c482bf8b971cab706f202fde', 'f55f9ffcb83c73453261601c7e044db15a0f034b93c05830f28635ef889cf670', '87dcd4dc74640a322cd205552506d1be64f12596258096544986b4850bc72706', '28689b30e4c306aab53b027b29e36ad6dd1dcf4b953994482ca84bdc1ecac996']",[],1.0,0ffee3ba8e615ad22535e7f771690a28,76cc3e2d3028143b23ec18e27dbd7ca9,http/1.1,,7665.759304,10.0.2.15,65331,54.192.93.233,443,tcp,7.2404859999996924,349.0,5716.0,SF,True,False,0,ShADadFf,11,797,13,6240,ssl,0
7667.256956,CVDP5t3uJgPz3Y8jj,10.0.2.15,65337,52.94.216.48,443,TLSv12,TLS_ECDHE_RSA_WITH_AES_128_GCM_SHA256,,aax.amazon-adsystem.com,True,True,CsiI,,,,0ffee3ba8e615ad22535e7f771690a28,c6227321ea7621862dc7b7351771a62c,,,7666.99148,10.0.2.15,65337,52.94.216.48,443,tcp,6.044628000000557,314.0,141.0,SF,True,False,0,ShADadFf,8,642,7,425,ssl,0
7667.476592,CADr2R3VVXsBsHpYYi,10.0.2.15,65335,178.250.2.74,443,TLSv12,TLS_RSA_WITH_AES_128_CBC_SHA,,static.criteo.net,False,True,CsxnGIi,"['a53dd8cd1b9752c487c3339127e3f77ac7434d43b66db4a373f9df5da010c22f', 'eae72eb454bf6c3977ebd289e970b2f5282949190093d0d26f98d0f0d6a9cf17', '8420dfbe376f414bf4c0a81e6936d24ccc03f304835b86c7a39142fca723a689']",[],1.0,0ffee3ba8e615ad22535e7f771690a28,5dcc087b1a1d0a5b0658981a7e8b2c3c,,,7666.986968,10.0.2.15,65335,178.250.2.74,443,tcp,9.879699999999502,589.0,4413.0,SF,True,False,0,ShADadFf,10,997,12,4897,ssl,0
7671.037376,Cztr3x3H3ig3qmBjv8,10.0.2.15,65343,66.43.22.135,443,TLSv12,TLS_DHE_RSA_WITH_AES_256_CBC_SHA,,findagrave.com,True,True,CsiI,,,,0ffee3ba8e615ad22535e7f771690a28,38759e3bb980b0ca6bf7f22837b8582f,,,7670.76507,10.0.2.15,65343,66.43.22.135,443,tcp,3.739238999999543,1540.0,854.0,SF,True,False,0,ShADadfF,8,1868,9,1218,ssl,0
7671.039093,C9lSwd1buldYO077e9,10.0.2.15,65342,66.43.22.135,443,TLSv12,TLS_DHE_RSA_WITH_AES_256_CBC_SHA,,findagrave.com,True,True,CsiI,,,,0ffee3ba8e615ad22535e7f771690a28,38759e3bb980b0ca6bf7f22837b8582f,,,7670.76371,10.0.2.15,65342,66.43.22.135,443,tcp,3.900848999999652,1604.0,7461.0,SF,True,False,0,ShADadfF,9,1972,13,7985,ssl,0
7671.041089,CVOklc19Ezf6wT83Rf,10.0.2.15,65341,95.101.246.112,443,TLSv12,TLS_ECDHE_RSA_WITH_AES_256_GCM_SHA384,,www.chowhound.com,True,True,CsiI,,,,1a5fe5677b0e4fbbc854e8908225637d,410b9bedaf65dd26c6fe547154d60db4,http/1.1,,7670.76314,10.0.2.15,65341,95.101.246.112,443,tcp,6.092974999999569,599.0,183.0,SF,True,False,0,ShADadFfRr,9,967,9,547,ssl,0
7671.044753,CHSoSU266LuEJID9p8,10.0.2.15,65340,66.117.29.37,443,TLSv12,TLS_ECDHE_RSA_WITH_AES_256_GCM_SHA384,secp256r1,ancestry.sc.omtrdc.net,False,True,CsxknGIi,"['2a6e9d2e728ec51e35f4e39e58b5fcd4640d3f2e8ad07ad95b1f72e891b71f96', '19400be5b7a31fb733917700789d2f0a2471c0c9d506c0e504c06c16d7cb17c0']",[],1.0,0ffee3ba8e615ad22535e7f771690a28,959bfcf87532cbff1253e80a4ee81308,,,7670.762215,10.0.2.15,65340,66.117.29.37,443,tcp,42.37511100000029,3119.0,4701.0,SF,True,False,0,ShADadTFf,20,3930,20,5505,ssl,0
7671.075845,C5EoeD2nAJBjCxa2uc,10.0.2.15,65348,95.101.246.112,443,TLSv12,TLS_ECDHE_RSA_WITH_AES_256_GCM_SHA384,,www.chowhound.com,True,True,CsiI,,,,1a5fe5677b0e4fbbc854e8908225637d,410b9bedaf65dd26c6fe547154d60db4,http/1.1,,7670.772749,10.0.2.15,65348,95.101.246.112,443,tcp,6.106874000000062,599.0,183.0,SF,True,False,0,ShADadFfRr,9,967,9,547,ssl,0
7671.093359,Cv3UTA36Erxy5PR0Pl,10.0.2.15,65347,66.43.22.135,443,TLSv12,TLS_DHE_RSA_WITH_AES_256_CBC_SHA,,findagrave.com,True,True,CsiI,,,,0ffee3ba8e615ad22535e7f771690a28,38759e3bb980b0ca6bf7f22837b8582f,,,7670.771093,10.0.2.15,65347,66.43.22.135,443,tcp,6.961631000000125,1636.0,8853.0,SF,True,False,0,ShADadfF,10,2044,15,9457,ssl,0
7671.094603,C7JJc3bWdW4mhwRsc,10.0.2.15,65346,66.43.22.135,443,TLSv12,TLS_DHE_RSA_WITH_AES_256_CBC_SHA,,findagrave.com,True,True,CsiI,,,,0ffee3ba8e615ad22535e7f771690a28,38759e3bb980b0ca6bf7f22837b8582f,,,7670.770511,10.0.2.15,65346,66.43.22.135,443,tcp,7.11455400000068,1636.0,1110.0,SF,True,False,0,ShADadfF,8,1964,9,1474,ssl,0
7671.065997,CIOHMDsFMhvM46eHb,10.0.2.15,65349,66.117.29.37,443,TLSv12,TLS_ECDHE_RSA_WITH_AES_256_GCM_SHA384,secp256r1,ancestry.sc.omtrdc.net,False,True,CsxknGIi,"['2a6e9d2e728ec51e35f4e39e58b5fcd4640d3f2e8ad07ad95b1f72e891b71f96', '19400be5b7a31fb733917700789d2f0a2471c0c9d506c0e504c06c16d7cb17c0']",[],1.0,0ffee3ba8e615ad22535e7f771690a28,959bfcf87532cbff1253e80a4ee81308,,,7670.77453,10.0.2.15,65349,66.117.29.37,443,tcp,6.07850099999996,356.0,3112.0,SF,True,False,0,ShADadFf,10,764,11,3556,ssl,0
7671.10915,CvdbAe1aNHCNJuZ1Sd,10.0.2.15,65345,66.117.29.37,443,TLSv12,TLS_ECDHE_RSA_WITH_AES_256_GCM_SHA384,secp256r1,ancestry.sc.omtrdc.net,False,True,CsxknGIi,"['2a6e9d2e728ec51e35f4e39e58b5fcd4640d3f2e8ad07ad95b1f72e891b71f96', '19400be5b7a31fb733917700789d2f0a2471c0c9d506c0e504c06c16d7cb17c0']",[],1.0,0ffee3ba8e615ad22535e7f771690a28,959bfcf87532cbff1253e80a4ee81308,,,7670.769494,10.0.2.15,65345,66.117.29.37,443,tcp,6.120076999999583,356.0,3112.0,SF,True,False,0,ShADadFf,10,764,10,3516,ssl,0
7671.036792,CQZNiavSwYsygegs5,10.0.2.15,65344,52.40.35.120,443,TLSv12,TLS_ECDHE_RSA_WITH_AES_128_GCM_SHA256,secp256r1,adspsp.com,False,True,CsxknGIi,"['3bb3de686523a69ef51d765a9ded90046f91398674a2facff6291a1442afe764', 'f55f9ffcb83c73453261601c7e044db15a0f034b93c05830f28635ef889cf670', '87dcd4dc74640a322cd205552506d1be64f12596258096544986b4850bc72706', '28689b30e4c306aab53b027b29e36ad6dd1dcf4b953994482ca84bdc1ecac996']",[],1.0,0ffee3ba8e615ad22535e7f771690a28,303951d4c50efb2e991652225a6f02b1,,,7670.766171,10.0.2.15,65344,52.40.35.120,443,tcp,77.46839699999964,4237.0,5870.0,RSTO,True,False,0,ShADadTFR,26,5290,27,6954,ssl,0
7671.056516,C6BIEi4zC9txC2MZDk,10.0.2.15,65350,52.40.35.120,443,TLSv12,TLS_ECDHE_RSA_WITH_AES_128_GCM_SHA256,secp256r1,adspsp.com,False,True,CsxknGIi,"['3bb3de686523a69ef51d765a9ded90046f91398674a2facff6291a1442afe764', 'f55f9ffcb83c73453261601c7e044db15a0f034b93c05830f28635ef889cf670', '87dcd4dc74640a322cd205552506d1be64f12596258096544986b4850bc72706', '28689b30e4c306aab53b027b29e36ad6dd1dcf4b953994482ca84bdc1ecac996']",[],1.0,0ffee3ba8e615ad22535e7f771690a28,303951d4c50efb2e991652225a6f02b1,,,7670.795131,10.0.2.15,65350,52.40.35.120,443,tcp,6.245552999999745,344.0,5067.0,SF,True,False,0,ShADadFfRr,11,792,13,5591,ssl,0
7673.358111,C8g8TC3UumdglGVYe2,10.0.2.15,65360,104.16.19.6,443,TLSv12,TLS_ECDHE_RSA_WITH_AES_128_GCM_SHA256,secp256r1,go.newspapers.com,False,True,CsxknGIti,"['47295234897b92457ff4ef62c598f135ad3e80d4c0bf03640cd1f6c7b1c6075e', '19400be5b7a31fb733917700789d2f0a2471c0c9d506c0e504c06c16d7cb17c0']",[],1.0,0ffee3ba8e615ad22535e7f771690a28,b898351eb5e266aefd3723d466935494,http/1.1,,7672.743567,10.0.2.15,65360,104.16.19.6,443,tcp,2.924767999999858,320.0,3284.0,SF,True,False,0,ShADadFf,8,648,9,3648,ssl,0
7673.359604,Cd5WIR2uFUWmcQO7Eh,10.0.2.15,65359,95.101.245.177,443,TLSv12,TLS_ECDHE_RSA_WITH_AES_256_GCM_SHA384,secp256r1,as-sec.casalemedia.com,False,True,CsxknGIti,"['089b510ac565aa1b2f05236cba3421cb755641c1bd4eeb25a856954a4c1d7cfb', '074541ecdf88ed992ed5ade3ecddef27a26ba1b44480a195c0a8dadae2521d8e']",[],1.0,0ffee3ba8e615ad22535e7f771690a28,2b33c1374db4ddf06942f92373c0b54b,http/1.1,,7672.741709,10.0.2.15,65359,95.101.245.177,443,tcp,131.8832080000002,1564.0,4376.0,SF,True,False,0,ShADadTTFfRr,24,2544,26,5420,ssl,0
7673.364761,C98Jhz1pcCUFAbUZ23,10.0.2.15,65358,185.33.222.20,443,TLSv12,TLS_ECDHE_RSA_WITH_AES_256_GCM_SHA384,secp256r1,secure.adnxs.com,False,True,CsxuknGIti,"['5b081650e8034418a37504ce0820892be5a66474578207711eb688243fe1a8f2', '074541ecdf88ed992ed5ade3ecddef27a26ba1b44480a195c0a8dadae2521d8e']",[],1.0,0ffee3ba8e615ad22535e7f771690a28,d53e4608f956df65bb2b8a8c4d3b025d,,,7672.740604,10.0.2.15,65358,185.33.222.20,443,tcp,13.52362600000015,3210.0,9389.0,SF,True,False,0,ShADadfF,12,3698,18,10113,ssl,0
7673.367181,CBKH55165H3IwR42Sg,10.0.2.15,65357,185.33.222.20,443,TLSv12,TLS_ECDHE_RSA_WITH_AES_256_GCM_SHA384,secp256r1,secure.adnxs.com,False,True,CsxuknGIti,"['5b081650e8034418a37504ce0820892be5a66474578207711eb688243fe1a8f2', '074541ecdf88ed992ed5ade3ecddef27a26ba1b44480a195c0a8dadae2521d8e']",[],1.0,0ffee3ba8e615ad22535e7f771690a28,d53e4608f956df65bb2b8a8c4d3b025d,,,7672.739436,10.0.2.15,65357,185.33.222.20,443,tcp,13.521818000000168,3209.0,9389.0,SF,True,False,0,ShADadfF,13,3737,18,10113,ssl,0
7673.368518,CaMnW11srS1cGjWmh2,10.0.2.15,65356,104.16.19.6,443,TLSv12,TLS_ECDHE_RSA_WITH_AES_128_GCM_SHA256,secp256r1,go.newspapers.com,False,True,CsxknGIti,"['47295234897b92457ff4ef62c598f135ad3e80d4c0bf03640cd1f6c7b1c6075e', '19400be5b7a31fb733917700789d2f0a2471c0c9d506c0e504c06c16d7cb17c0']",[],1.0,0ffee3ba8e615ad22535e7f771690a28,b898351eb5e266aefd3723d466935494,http/1.1,,7672.738342,10.0.2.15,65356,104.16.19.6,443,tcp,6.923972000000504,351.0,3284.0,SF,True,False,0,ShADadFf,10,759,10,3688,ssl,0
7673.370601,CXFfIy1B3lWiCx37g4,10.0.2.15,65355,185.33.222.20,443,TLSv12,TLS_ECDHE_RSA_WITH_AES_256_GCM_SHA384,secp256r1,secure.adnxs.com,False,True,CsxuknGIti,"['5b081650e8034418a37504ce0820892be5a66474578207711eb688243fe1a8f2', '074541ecdf88ed992ed5ade3ecddef27a26ba1b44480a195c0a8dadae2521d8e']",[],1.0,0ffee3ba8e615ad22535e7f771690a28,d53e4608f956df65bb2b8a8c4d3b025d,,,7672.737262,10.0.2.15,65355,185.33.222.20,443,tcp,13.524757000000136,3230.0,9381.0,SF,True,False,0,ShADadfF,12,3718,18,10105,ssl,0
7673.372082,Cg4pXO3uEd9U3MdTo1,10.0.2.15,65354,185.33.222.20,443,TLSv12,TLS_ECDHE_RSA_WITH_AES_256_GCM_SHA384,secp256r1,secure.adnxs.com,False,True,CsxuknGIti,"['5b081650e8034418a37504ce0820892be5a66474578207711eb688243fe1a8f2', '074541ecdf88ed992ed5ade3ecddef27a26ba1b44480a195c0a8dadae2521d8e']",[],1.0,0ffee3ba8e615ad22535e7f771690a28,d53e4608f956df65bb2b8a8c4d3b025d,,,7672.735431,10.0.2.15,65354,185.33.222.20,443,tcp,13.528338000000076,3229.0,9392.0,SF,True,False,0,ShADadfF,13,3757,18,10116,ssl,0
7673.374461,CZJcjv2LfJgyueiAPc,10.0.2.15,65353,185.33.222.20,443,TLSv12,TLS_ECDHE_RSA_WITH_AES_256_GCM_SHA384,secp256r1,secure.adnxs.com,False,True,CsxuknGIti,"['5b081650e8034418a37504ce0820892be5a66474578207711eb688243fe1a8f2', '074541ecdf88ed992ed5ade3ecddef27a26ba1b44480a195c0a8dadae2521d8e']",[],1.0,0ffee3ba8e615ad22535e7f771690a28,d53e4608f956df65bb2b8a8c4d3b025d,,,7672.734232,10.0.2.15,65353,185.33.222.20,443,tcp,10.985924999999952,382.0,4867.0,SF,True,False,0,ShADadFf,10,790,11,5311,ssl,0
7673.379023,CJFDIx4WSC84X9Y3t2,10.0.2.15,65352,185.33.222.20,443,TLSv12,TLS_ECDHE_RSA_WITH_AES_256_GCM_SHA384,secp256r1,secure.adnxs.com,False,True,CsxuknGIti,"['5b081650e8034418a37504ce0820892be5a66474578207711eb688243fe1a8f2', '074541ecdf88ed992ed5ade3ecddef27a26ba1b44480a195c0a8dadae2521d8e']",[],1.0,0ffee3ba8e615ad22535e7f771690a28,d53e4608f956df65bb2b8a8c4d3b025d,,,7672.732842,10.0.2.15,65352,185.33.222.20,443,tcp,10.979897999999594,382.0,4867.0,SF,True,False,0,ShADadFf,10,790,11,5311,ssl,0
7673.382269,CVRo8AIAk6avzcSNi,10.0.2.15,65351,95.101.245.177,443,TLSv12,TLS_ECDHE_RSA_WITH_AES_256_GCM_SHA384,secp256r1,as-sec.casalemedia.com,False,True,CsxknGIti,"['089b510ac565aa1b2f05236cba3421cb755641c1bd4eeb25a856954a4c1d7cfb', '074541ecdf88ed992ed5ade3ecddef27a26ba1b44480a195c0a8dadae2521d8e']",[],1.0,0ffee3ba8e615ad22535e7f771690a28,2b33c1374db4ddf06942f92373c0b54b,http/1.1,,7672.73073,10.0.2.15,65351,95.101.245.177,443,tcp,9.184800999999425,356.0,3963.0,SF,True,False,0,ShADadFfRr,11,804,12,4447,ssl,0
7675.970132,ClxHsk3lANtREQJJJ9,10.0.2.15,65361,63.140.43.34,443,TLSv12,TLS_ECDHE_RSA_WITH_AES_256_GCM_SHA384,,som.cbsi.com,True,True,CsiI,,,,0ffee3ba8e615ad22535e7f771690a28,959bfcf87532cbff1253e80a4ee81308,,,7674.67805,10.0.2.15,65361,63.140.43.34,443,tcp,22.544747999999345,2040.0,681.0,SF,True,False,0,ShADadTFf,12,2529,12,1165,ssl,0
7677.543279,CxPI3qvdStb1WTgX8,10.0.2.15,65362,216.239.120.246,443,TLSv12,TLS_ECDHE_RSA_WITH_AES_256_GCM_SHA384,,dw.cbsi.com,True,True,CsiI,,,,0ffee3ba8e615ad22535e7f771690a28,410b9bedaf65dd26c6fe547154d60db4,http/1.1,,7676.000324,10.0.2.15,65362,216.239.120.246,443,tcp,7.849853000000621,1257.0,525.0,SF,True,False,0,ShADadFf,10,1665,10,929,ssl,0
7677.544693,CLnvPG1VrVjHPKEfBj,10.0.2.15,65363,138.108.96.100,443,TLSv12,TLS_DHE_RSA_WITH_AES_256_CBC_SHA,,secure-us.imrworldwide.com,True,True,CsiI,,,,0ffee3ba8e615ad22535e7f771690a28,d90fa179c9daf35598ed8341272118f7,,,7676.893973,10.0.2.15,65363,138.108.96.100,443,tcp,4.634089000000131,992.0,586.0,SF,True,False,0,ShADadfF,8,1320,9,950,ssl,0
7677.55668,CAJtMG31xFsdoCiRz4,10.0.2.15,65364,23.111.11.222,443,TLSv12,TLS_ECDHE_RSA_WITH_AES_128_GCM_SHA256,secp256r1,asset.pagefair.net,False,True,CsxknGIti,"['ed8b36827d8bf7d471524d36def7e2d212f45a8e2b263143d3be400b6813055e', 'b9f2164323638dce0b92218b43c41c1b2b2696389329db19f5cf7ad49b5cb372', '1a5174980a294a528a110726d5855650266c48d9883bea692b67b6d726da98c5']",[],1.0,0ffee3ba8e615ad22535e7f771690a28,8d2a028aa94425f76ced7826b1f39039,http/1.1,,7676.896335,10.0.2.15,65364,23.111.11.222,443,tcp,7.086311000000023,384.0,4908.0,SF,True,False,0,ShADadFf,10,792,12,5392,ssl,0
7678.80238,CO1gB26dO8qBSIk2l,10.0.2.15,65367,85.91.44.34,443,TLSv12,TLS_ECDHE_RSA_WITH_AES_128_GCM_SHA256,secp256r1,a1162.casalemedia.com,False,True,CsxknGIti,"['5411d2a7b127c23a2b53ad668cc23a70731cbb15cf5ce32d66614a1fbc5fb90d', '973a41276ffd01e027a2aad49e34c37846d3e976ff6a620b6712e33832041aa6', '3a2fbe92891e57fe05d57087f48e730f17e5a5f53ef403d618e5b74d7a7e6ecb']",[],1.0,0ffee3ba8e615ad22535e7f771690a28,389ed42c02ebecc32e73aa31def07e14,,,7678.448487,10.0.2.15,65367,85.91.44.34,443,tcp,6.82833699999992,3097.0,4515.0,SF,True,False,0,ShADadfF,11,3545,13,5039,ssl,0
7678.804981,CYgyem3znM6sZIRiZ1,10.0.2.15,65366,23.111.9.30,443,TLSv12,TLS_ECDHE_RSA_WITH_AES_128_GCM_SHA256,secp256r1,asset.pagefair.com,False,True,CsxknGIti,"['ae10e02cf02c9ca412fa82ecb3598aa529b426c5d50ed00f75c5d9f42db77551', 'b9f2164323638dce0b92218b43c41c1b2b2696389329db19f5cf7ad49b5cb372', '1a5174980a294a528a110726d5855650266c48d9883bea692b67b6d726da98c5']",[],1.0,0ffee3ba8e615ad22535e7f771690a28,8d2a028aa94425f76ced7826b1f39039,http/1.1,,7678.447298,10.0.2.15,65366,23.111.9.30,443,tcp,6.379576999999699,384.0,4908.0,SF,True,False,0,ShADadFf,10,792,11,5352,ssl,0
7678.805695,COasNK2g6JpRbKzJ2,10.0.2.15,65365,23.111.9.30,443,TLSv12,TLS_ECDHE_RSA_WITH_AES_128_GCM_SHA256,secp256r1,asset.pagefair.com,False,True,CsxknGIti,"['ae10e02cf02c9ca412fa82ecb3598aa529b426c5d50ed00f75c5d9f42db77551', 'b9f2164323638dce0b92218b43c41c1b2b2696389329db19f5cf7ad49b5cb372', '1a5174980a294a528a110726d5855650266c48d9883bea692b67b6d726da98c5']",[],1.0,0ffee3ba8e615ad22535e7f771690a28,8d2a028aa94425f76ced7826b1f39039,http/1.1,,7678.446558,10.0.2.15,65365,23.111.9.30,443,tcp,6.507383000000118,384.0,4908.0,SF,True,False,0,ShADadFf,10,792,11,5352,ssl,0
7679.045326,CTdPFq2KY5I7IUg8ia,10.0.2.15,65372,23.64.15.25,443,TLSv12,TLS_ECDHE_ECDSA_WITH_AES_256_GCM_SHA384,secp256r1,edge.quantserve.com,False,True,CsxuknGIti,"['56d0de4121d9daaea7a1ed67ff7b49ba2ea3d77cbab1c27901ee618b74a29e16', '2e2861289b5ccedecae4c31bf262e0fb0c29b6c1530573442731ca65d821e901']",[],0.0,0ffee3ba8e615ad22535e7f771690a28,ca6f3b7b341bf732d741bd93e9b37436,http/1.1,,7678.661068,10.0.2.15,65372,23.64.15.25,443,tcp,4.034547999999631,353.0,3929.0,RSTO,True,False,0,ShADadfR,10,761,11,4373,ssl,0
7679.238878,CuFjc61MUAtGjAMUd9,10.0.2.15,65371,66.43.22.135,443,TLSv12,TLS_DHE_RSA_WITH_AES_256_CBC_SHA,,findagrave.com,True,True,CsiI,,,,0ffee3ba8e615ad22535e7f771690a28,38759e3bb980b0ca6bf7f22837b8582f,,,7678.65758,10.0.2.15,65371,66.43.22.135,443,tcp,4.337505999999848,1652.0,1190.0,SF,True,False,0,ShADadfF,9,2020,9,1554,ssl,0
7679.240029,CMT5jB1QXbUb7ihSKg,10.0.2.15,65370,66.43.22.135,443,TLSv12,TLS_DHE_RSA_WITH_AES_256_CBC_SHA,,findagrave.com,True,True,CsiI,,,,0ffee3ba8e615ad22535e7f771690a28,38759e3bb980b0ca6bf7f22837b8582f,,,7678.655559,10.0.2.15,65370,66.43.22.135,443,tcp,4.460170000000289,1652.0,966.0,SF,True,False,0,ShADadfF,9,2020,9,1330,ssl,0
7679.240558,CjEgUR2T0owzzrv7p2,10.0.2.15,65369,66.43.22.135,443,TLSv12,TLS_DHE_RSA_WITH_AES_256_CBC_SHA,,findagrave.com,True,True,CsiI,,,,0ffee3ba8e615ad22535e7f771690a28,38759e3bb980b0ca6bf7f22837b8582f,,,7678.654104,10.0.2.15,65369,66.43.22.135,443,tcp,4.638222999999925,1636.0,886.0,SF,True,False,0,ShADadfF,8,1964,9,1250,ssl,0
7679.241738,CzQKqoqmzxVqgowBd,10.0.2.15,65368,66.43.22.135,443,TLSv12,TLS_DHE_RSA_WITH_AES_256_CBC_SHA,,findagrave.com,True,True,CsiI,,,,0ffee3ba8e615ad22535e7f771690a28,38759e3bb980b0ca6bf7f22837b8582f,,,7678.644145,10.0.2.15,65368,66.43.22.135,443,tcp,4.6491070000001855,1636.0,566.0,SF,True,False,0,ShADadfF,9,2004,9,930,ssl,0
7683.482067,CIoApv1681QjjsYFr7,10.0.2.15,65374,172.217.23.228,443,TLSv12,TLS_ECDHE_RSA_WITH_AES_128_GCM_SHA256,,www.google.com,True,True,CsiI,,,,1a5fe5677b0e4fbbc854e8908225637d,67619a80665d7ab92d1041b1d11f9164,h2,,7681.901182,10.0.2.15,65374,172.217.23.228,443,tcp,59.19663800000035,2818.0,1114.0,SF,True,False,0,ShADadFf,27,3906,29,2278,ssl,0
7683.491976,CMajG5FlES1oOpwjj,10.0.2.15,65375,138.108.96.100,443,TLSv12,TLS_DHE_RSA_WITH_AES_256_CBC_SHA,,secure-us.imrworldwide.com,True,True,CsiI,,,,0ffee3ba8e615ad22535e7f771690a28,d90fa179c9daf35598ed8341272118f7,,,7682.467203,10.0.2.15,65375,138.108.96.100,443,tcp,9.895566000000144,363.0,165.0,SF,True,False,0,ShADadFf,8,691,7,449,ssl,0
7683.480993,CUN0TYst1SeWar9s,10.0.2.15,65373,151.101.113.7,443,TLSv12,TLS_ECDHE_RSA_WITH_AES_128_GCM_SHA256,secp256r1,widget.perfectmarket.com,False,True,CsxuknGIti,"['57820187080f0f481f7656fdf201a7de0b6b4d9753ac57929cfdcc602266ceaa', '4b7334e1d8999822bafa8ff6888125389b18a4e5ab26ffa624c7f68fdc81f0cb']",[],1.0,0ffee3ba8e615ad22535e7f771690a28,860fcf58fd757e26aa8911e5eaff6b53,http/1.1,,7681.735598,10.0.2.15,65373,151.101.113.7,443,tcp,133.34546899999987,1824.0,94519.0,SF,True,False,0,ShADadTTFfRr,61,4284,114,99083,ssl,0
7684.474356,CcOJUT493ptRvPcj6,10.0.2.15,65376,66.43.22.135,443,TLSv12,TLS_DHE_RSA_WITH_AES_256_CBC_SHA,,findagrave.com,True,True,CsiI,,,,0ffee3ba8e615ad22535e7f771690a28,38759e3bb980b0ca6bf7f22837b8582f,,,7683.474311,10.0.2.15,65376,66.43.22.135,443,tcp,3.829219999999623,1636.0,886.0,SF,True,False,0,ShADadfF,9,2004,9,1250,ssl,0
7684.475339,CXsEZxeL0XeroPqb3,10.0.2.15,65377,66.43.22.135,443,TLSv12,TLS_DHE_RSA_WITH_AES_256_CBC_SHA,,findagrave.com,True,True,CsiI,,,,0ffee3ba8e615ad22535e7f771690a28,38759e3bb980b0ca6bf7f22837b8582f,,,7683.47537,10.0.2.15,65377,66.43.22.135,443,tcp,4.002104999999574,1652.0,966.0,SF,True,False,0,ShADadfF,9,2020,9,1330,ssl,0
7684.476607,CHSsl3CyIEgIpMmgi,10.0.2.15,65379,34.249.129.150,443,TLSv12,TLS_ECDHE_RSA_WITH_AES_128_GCM_SHA256,secp256r1,ml314.com,False,True,CsxknGIi,"['350428d86863ba92425e23f0c8836ec422cc4b56220a31ec2255d8f6e9f2c779', '02ab57e4e67a0cb48dd2ff34830e8ac40f4476fb08ca6be3f5cd846f646840f0', '4f32d5dc00f715250abcc486511e37f501a899deb3bf7ea8adbbd3aef1c412da', '687fa451382278fff0c8b11f8d43d576671c6eb2bceab413fb83d965d06d2ff2']",[],1.0,0ffee3ba8e615ad22535e7f771690a28,303951d4c50efb2e991652225a6f02b1,,,7683.551142,10.0.2.15,65379,34.249.129.150,443,tcp,74.56744399999934,1703.0,7615.0,SF,True,False,0,ShADadTFf,19,2477,22,8499,ssl,0
7684.477958,Cr6ove10IN5GcO1dZ6,10.0.2.15,65378,52.22.63.50,443,TLSv12,TLS_ECDHE_RSA_WITH_AES_128_GCM_SHA256,secp256r1,geo.moatads.com,False,True,CsxknGIi,"['a1f5b668b42edb358e83f7846b2d9b47b4c87d7ba7c20aecdceea13939a70e76', 'e6683e88315cd1cb403c0cea490f7c4b4c82c91cd485037489aadbaa90839f61']",[],1.0,0ffee3ba8e615ad22535e7f771690a28,303951d4c50efb2e991652225a6f02b1,,,7683.49932,10.0.2.15,65378,52.22.63.50,443,tcp,66.72860000000037,2252.0,3399.0,SF,True,False,0,ShADadTFf,18,2986,20,4203,ssl,0
7684.970621,Cka0ZN1HAuVf26aDf5,10.0.2.15,65380,216.58.201.66,443,TLSv12,TLS_ECDHE_RSA_WITH_AES_128_GCM_SHA256,x25519,cm.g.doubleclick.net,False,True,CsxknGIti,"['a32ffddd76f9e7debbfc9a37b38d2ef86039b30a10d7c45ab8223d149cf99699', '9f630426df1d8abfd80ace98871ba833ab9742cb34838de2b5285ed54c0c7dcc', '3c35cc963eb004451323d3275d05b353235053490d9cd83729a2faf5e7ca1cc0']",[],1.0,0ffee3ba8e615ad22535e7f771690a28,ab41313cfec25328b20865eb1388e0a2,h2,,7684.349343,10.0.2.15,65380,216.58.201.66,443,tcp,56.52366400000028,1854.0,5321.0,SF,True,False,0,ShADadFf,27,2942,31,6565,ssl,0
7686.094165,C0PkLO1uXF6J4j8Rd5,10.0.2.15,65383,95.101.253.252,443,TLSv12,TLS_ECDHE_RSA_WITH_AES_256_GCM_SHA384,,siteintercept.qualtrics.com,True,True,CsiI,,,,1a5fe5677b0e4fbbc854e8908225637d,410b9bedaf65dd26c6fe547154d60db4,h2,,7685.286629,10.0.2.15,65383,95.101.253.252,443,tcp,191.3897639999996,1403.0,2597.0,SF,True,False,0,ShADadFfRr,21,2251,23,3521,ssl,0
7686.090314,C3SjqcLTtxMB2L1tj,10.0.2.15,65381,66.43.22.135,443,TLSv12,TLS_DHE_RSA_WITH_AES_256_CBC_SHA,,findagrave.com,True,True,CsiI,,,,0ffee3ba8e615ad22535e7f771690a28,38759e3bb980b0ca6bf7f22837b8582f,,,7685.007069,10.0.2.15,65381,66.43.22.135,443,tcp,3.15468299999975,1652.0,1190.0,SF,True,False,0,ShADadfF,8,1980,9,1554,ssl,0
7686.088723,C3WbBe2VVQazVi6s3k,10.0.2.15,65382,66.43.22.135,443,TLSv12,TLS_DHE_RSA_WITH_AES_256_CBC_SHA,,findagrave.com,True,True,CsiI,,,,0ffee3ba8e615ad22535e7f771690a28,38759e3bb980b0ca6bf7f22837b8582f,,,7685.012392,10.0.2.15,65382,66.43.22.135,443,tcp,4.080232000000251,1652.0,2091.0,SF,True,False,0,ShADadfF,9,2020,10,2495,ssl,0
7688.718221,CcdVDe3MrOtrKlsP9b,10.0.2.15,65385,85.91.44.34,443,TLSv12,TLS_ECDHE_RSA_WITH_AES_128_GCM_SHA256,,a1162.casalemedia.com,True,True,CsiI,,,,1a5fe5677b0e4fbbc854e8908225637d,fbe78c619e7ea20046131294ad087f05,,,7687.790078,10.0.2.15,65385,85.91.44.34,443,tcp,2.838294999999561,3341.0,3725.0,SF,True,False,0,ShADadfF,10,3749,13,4249,ssl,0
7689.995024,CHaEpp2UD4U1K0uMXa,10.0.2.15,65388,54.192.95.240,443,TLSv12,TLS_ECDHE_RSA_WITH_AES_128_GCM_SHA256,,c.amazon-adsystem.com,True,True,CsiI,,,,1a5fe5677b0e4fbbc854e8908225637d,d199ba0af2b08e204c73d6d81a1fd260,http/1.1,,7689.482874,10.0.2.15,65388,54.192.95.240,443,tcp,7.790015999999923,599.0,156.0,SF,True,False,0,ShADadFf,8,927,7,440,ssl,0
7689.989386,C5ZSFv3CYSAmJxVVUg,10.0.2.15,65391,178.250.2.74,443,TLSv12,TLS_ECDHE_RSA_WITH_AES_256_GCM_SHA384,secp256r1,static.criteo.net,False,True,CsxknGIi,"['a53dd8cd1b9752c487c3339127e3f77ac7434d43b66db4a373f9df5da010c22f', 'eae72eb454bf6c3977ebd289e970b2f5282949190093d0d26f98d0f0d6a9cf17']",[],1.0,0ffee3ba8e615ad22535e7f771690a28,a9e3ed16ee3208291487c8d2aa2ad924,,,7689.489291,10.0.2.15,65391,178.250.2.74,443,tcp,22.50137799999993,1361.0,18287.0,SF,True,False,0,ShADadTfF,20,2170,27,19371,ssl,0
7689.992173,C3zgJe1IwbB8PkwAn5,10.0.2.15,65390,35.156.247.233,443,TLSv12,TLS_ECDHE_RSA_WITH_AES_128_GCM_SHA256,secp256r1,datacloud-eu-central-1.tealiumiq.com,False,True,CsxknGIi,"['cfa1969d3275c415a1e8282354984f63562f2faa6c41e1659afaaa1c35ccabd1', '154c433c491929c5ef686e838e323664a00e6a0d822ccc958fb4dab03e49a08f']",[],1.0,0ffee3ba8e615ad22535e7f771690a28,303951d4c50efb2e991652225a6f02b1,,,7689.488759,10.0.2.15,65390,35.156.247.233,443,tcp,142.06606499999998,15032.0,7277.0,SF,True,False,0,ShADadTTFf,36,16493,38,8801,ssl,0
7689.993182,CReWyzAkOhmM0jPu1,10.0.2.15,65389,178.250.2.74,443,TLSv12,TLS_ECDHE_RSA_WITH_AES_256_GCM_SHA384,secp256r1,static.criteo.net,False,True,CsxknGIi,"['a53dd8cd1b9752c487c3339127e3f77ac7434d43b66db4a373f9df5da010c22f', 'eae72eb454bf6c3977ebd289e970b2f5282949190093d0d26f98d0f0d6a9cf17']",[],1.0,0ffee3ba8e615ad22535e7f771690a28,a9e3ed16ee3208291487c8d2aa2ad924,,,7689.485795,10.0.2.15,65389,178.250.2.74,443,tcp,19.87412500000028,383.0,3496.0,SF,True,False,0,ShADadFTf,11,832,11,3940,ssl,0
7689.997244,CHzywUE8m9e1FTBc,10.0.2.15,65387,35.156.247.233,443,TLSv12,TLS_ECDHE_RSA_WITH_AES_128_GCM_SHA256,secp256r1,datacloud-eu-central-1.tealiumiq.com,False,True,CsxknGIi,"['cfa1969d3275c415a1e8282354984f63562f2faa6c41e1659afaaa1c35ccabd1', '154c433c491929c5ef686e838e323664a00e6a0d822ccc958fb4dab03e49a08f']",[],1.0,0ffee3ba8e615ad22535e7f771690a28,303951d4c50efb2e991652225a6f02b1,,,7689.479968,10.0.2.15,65387,35.156.247.233,443,tcp,7.762987000000066,370.0,3038.0,RSTO,True,False,0,ShADadFR,10,778,10,3442,ssl,0
7691.191422,ClcjrB4WOyoFlQKJji,10.0.2.15,65395,151.101.114.2,443,TLSv12,TLS_ECDHE_RSA_WITH_AES_128_GCM_SHA256,secp256r1,images.taboola.com,False,True,CsxuknGIti,"['1b90ad8858722a0f2048bb4da66bfe69ccb05827d075f8dbd6dea0562198334b', '4b7334e1d8999822bafa8ff6888125389b18a4e5ab26ffa624c7f68fdc81f0cb']",[],1.0,0ffee3ba8e615ad22535e7f771690a28,860fcf58fd757e26aa8911e5eaff6b53,h2,,7690.711603,10.0.2.15,65395,151.101.114.2,443,tcp,1.954626000000644,532.0,5957.0,RSTO,True,False,0,ShADadFR,11,980,14,6521,ssl,0
7691.011761,C8xQUu43fqVNt92xtd,10.0.2.15,65394,151.101.114.2,443,TLSv12,TLS_ECDHE_RSA_WITH_AES_128_GCM_SHA256,secp256r1,images.taboola.com,False,True,CsxuknGIti,"['1b90ad8858722a0f2048bb4da66bfe69ccb05827d075f8dbd6dea0562198334b', '4b7334e1d8999822bafa8ff6888125389b18a4e5ab26ffa624c7f68fdc81f0cb']",[],1.0,0ffee3ba8e615ad22535e7f771690a28,860fcf58fd757e26aa8911e5eaff6b53,h2,,7690.269564,10.0.2.15,65394,151.101.114.2,443,tcp,4.352127999999539,532.0,5988.0,SF,True,False,0,ShADadFfRr,14,1100,17,6672,ssl,0
7691.013312,CDgn8AWyHJwNqiMRf,10.0.2.15,65393,151.101.114.2,443,TLSv12,TLS_ECDHE_RSA_WITH_AES_128_GCM_SHA256,secp256r1,images.taboola.com,False,True,CsxuknGIti,"['1b90ad8858722a0f2048bb4da66bfe69ccb05827d075f8dbd6dea0562198334b', '4b7334e1d8999822bafa8ff6888125389b18a4e5ab26ffa624c7f68fdc81f0cb']",[],1.0,0ffee3ba8e615ad22535e7f771690a28,860fcf58fd757e26aa8911e5eaff6b53,h2,,7690.269026,10.0.2.15,65393,151.101.114.2,443,tcp,4.29106800000045,532.0,5988.0,SF,True,False,0,ShADadFfRr,13,1060,16,6632,ssl,0
7691.010484,CsrgNf484Di1X0o5Vj,10.0.2.15,65392,151.101.114.2,443,TLSv12,TLS_ECDHE_RSA_WITH_AES_128_GCM_SHA256,secp256r1,images.taboola.com,False,True,CsxuknGIti,"['1b90ad8858722a0f2048bb4da66bfe69ccb05827d075f8dbd6dea0562198334b', '4b7334e1d8999822bafa8ff6888125389b18a4e5ab26ffa624c7f68fdc81f0cb']",[],1.0,0ffee3ba8e615ad22535e7f771690a28,860fcf58fd757e26aa8911e5eaff6b53,h2,,7690.013646,10.0.2.15,65392,151.101.114.2,443,tcp,2.653489999999692,532.0,5957.0,RSTO,True,False,0,ShADadFR,11,980,13,6481,ssl,0
7691.192194,CoqRVH380AmF5viNDc,10.0.2.15,65396,151.101.114.2,443,TLSv12,TLS_ECDHE_RSA_WITH_AES_128_GCM_SHA256,secp256r1,images.taboola.com,False,True,CsxuknGIti,"['1b90ad8858722a0f2048bb4da66bfe69ccb05827d075f8dbd6dea0562198334b', '4b7334e1d8999822bafa8ff6888125389b18a4e5ab26ffa624c7f68fdc81f0cb']",[],1.0,0ffee3ba8e615ad22535e7f771690a28,860fcf58fd757e26aa8911e5eaff6b53,h2,,7690.713389,10.0.2.15,65396,151.101.114.2,443,tcp,3.83977700000014,532.0,5988.0,SF,True,False,0,ShADadFfRr,14,1100,17,6672,ssl,0
7695.937223,CBkz0h4LgjmYaX7KL2,10.0.2.15,65400,35.156.247.14,443,TLSv12,TLS_ECDHE_RSA_WITH_AES_256_GCM_SHA384,secp256r1,ps.eyeota.net,False,True,CsxknGIti,"['608200e46ff5bc6d8861bd249d36caf3eacf610169db57ac062a2fea448f457a', '02ab57e4e67a0cb48dd2ff34830e8ac40f4476fb08ca6be3f5cd846f646840f0', '4f32d5dc00f715250abcc486511e37f501a899deb3bf7ea8adbbd3aef1c412da']",[],1.0,0ffee3ba8e615ad22535e7f771690a28,758945630046fd37070521b8544d1fe8,,,7695.336607,10.0.2.15,65400,35.156.247.14,443,tcp,4.290501999999833,719.0,5378.0,RSTO,True,False,0,ShADadFR,11,1167,13,5902,ssl,0
7695.939102,CObhT945Ht9gEDoxb,10.0.2.15,65399,35.156.247.14,443,TLSv12,TLS_ECDHE_RSA_WITH_AES_256_GCM_SHA384,secp256r1,ps.eyeota.net,False,True,CsxknGIti,"['608200e46ff5bc6d8861bd249d36caf3eacf610169db57ac062a2fea448f457a', '02ab57e4e67a0cb48dd2ff34830e8ac40f4476fb08ca6be3f5cd846f646840f0', '4f32d5dc00f715250abcc486511e37f501a899deb3bf7ea8adbbd3aef1c412da']",[],1.0,0ffee3ba8e615ad22535e7f771690a28,758945630046fd37070521b8544d1fe8,,,7695.32948,10.0.2.15,65399,35.156.247.14,443,tcp,8.242316999999275,347.0,5292.0,SF,True,False,0,ShADadFRfr,12,835,15,5896,ssl,0
7697.372581,Cw4D1V2O4DtZKgfuwl,10.0.2.15,65402,95.101.245.177,443,TLSv12,TLS_ECDHE_RSA_WITH_AES_256_GCM_SHA384,,ssum-sec.casalemedia.com,True,True,CsiI,,,,1a5fe5677b0e4fbbc854e8908225637d,410b9bedaf65dd26c6fe547154d60db4,http/1.1,,7696.887947,10.0.2.15,65402,95.101.245.177,443,tcp,2.835180999999465,3361.0,1297.0,SF,True,False,0,ShADadFfRr,10,3769,11,1741,ssl,0
7697.379107,CEqfCz3E6loe2CNZdj,10.0.2.15,65405,208.146.36.220,443,TLSv12,TLS_ECDHE_RSA_WITH_AES_256_GCM_SHA384,secp256r1,rp.gwallet.com,False,True,CsxknGIti,"['0c294bffff4c5704168ebbacc49e77745caf228b0f9c52d4f82759d5823f40d2', '19400be5b7a31fb733917700789d2f0a2471c0c9d506c0e504c06c16d7cb17c0']",[],1.0,0ffee3ba8e615ad22535e7f771690a28,e35df3e00ca4ef31d42b34bebaa2f86e,,,7696.895872,10.0.2.15,65405,208.146.36.220,443,tcp,2.666900000000169,317.0,3259.0,SF,True,False,0,ShADadFf,8,645,9,3623,ssl,0
7697.381975,CoJYxO20iFiY8h2AQ2,10.0.2.15,65404,54.154.184.64,443,TLSv12,TLS_ECDHE_RSA_WITH_AES_128_GCM_SHA256,secp256r1,px.powerlinks.com,False,True,CsxknGIi,"['160a0aea808776b91400bb42d9827daa95a7dee447aa98b56176c0d72d0df190', 'f55f9ffcb83c73453261601c7e044db15a0f034b93c05830f28635ef889cf670', '87dcd4dc74640a322cd205552506d1be64f12596258096544986b4850bc72706', '28689b30e4c306aab53b027b29e36ad6dd1dcf4b953994482ca84bdc1ecac996']",[],1.0,0ffee3ba8e615ad22535e7f771690a28,303951d4c50efb2e991652225a6f02b1,,,7696.894032,10.0.2.15,65404,54.154.184.64,443,tcp,2.685469999999441,352.0,5079.0,SF,True,False,0,ShADadFfRr,10,760,13,5603,ssl,0
7697.373802,CQpqJCFuGelHBhKqk,10.0.2.15,65401,173.239.42.221,443,TLSv12,TLS_ECDHE_RSA_WITH_AES_128_GCM_SHA256,secp256r1,dsp.adkernel.com,False,True,CsxknGIti,"['b258160ee8a390fa29cc88145213fb619b33a7da383e07b34f63e3269b82554d', '02ab57e4e67a0cb48dd2ff34830e8ac40f4476fb08ca6be3f5cd846f646840f0', '4f32d5dc00f715250abcc486511e37f501a899deb3bf7ea8adbbd3aef1c412da']",[],1.0,0ffee3ba8e615ad22535e7f771690a28,389ed42c02ebecc32e73aa31def07e14,,,7696.886948,10.0.2.15,65401,173.239.42.221,443,tcp,3.051030999999966,351.0,5011.0,SF,True,False,0,ShADadFf,9,719,10,5415,ssl,0
7697.603808,CU4nt23QmXNGOyujZg,10.0.2.15,65408,95.101.245.177,443,TLSv12,TLS_ECDHE_RSA_WITH_AES_256_GCM_SHA384,,ssum-sec.casalemedia.com,True,True,CsiI,,,,1a5fe5677b0e4fbbc854e8908225637d,410b9bedaf65dd26c6fe547154d60db4,http/1.1,,7696.913009,10.0.2.15,65408,95.101.245.177,443,tcp,6.676395999999841,599.0,183.0,SF,True,False,0,ShADadFfRr,8,927,9,547,ssl,0
7697.370534,CEWLct21YG6Zn2i0Y3,10.0.2.15,65403,204.2.197.204,443,TLSv12,TLS_ECDHE_RSA_WITH_AES_256_GCM_SHA384,secp256r1,idpix.media6degrees.com,False,True,CsxknGIti,"['eda54f898187cafbe2a8bb8b08d81dd485262caab20c22583cfceaf596eba60f', '02ab57e4e67a0cb48dd2ff34830e8ac40f4476fb08ca6be3f5cd846f646840f0', '4f32d5dc00f715250abcc486511e37f501a899deb3bf7ea8adbbd3aef1c412da', '687fa451382278fff0c8b11f8d43d576671c6eb2bceab413fb83d965d06d2ff2']",[],1.0,0ffee3ba8e615ad22535e7f771690a28,e35df3e00ca4ef31d42b34bebaa2f86e,,,7696.891958,10.0.2.15,65403,204.2.197.204,443,tcp,3.272552999999789,1092.0,6507.0,SF,True,False,0,ShADadFfRr,13,1620,16,7151,ssl,0
7697.608694,C0YNqF1zaaVCIRGCOg,10.0.2.15,65407,173.239.42.221,443,TLSv12,TLS_ECDHE_RSA_WITH_AES_128_GCM_SHA256,secp256r1,dsp.adkernel.com,False,True,CsxknGIti,"['b258160ee8a390fa29cc88145213fb619b33a7da383e07b34f63e3269b82554d', '02ab57e4e67a0cb48dd2ff34830e8ac40f4476fb08ca6be3f5cd846f646840f0', '4f32d5dc00f715250abcc486511e37f501a899deb3bf7ea8adbbd3aef1c412da']",[],1.0,0ffee3ba8e615ad22535e7f771690a28,389ed42c02ebecc32e73aa31def07e14,,,7696.898296,10.0.2.15,65407,173.239.42.221,443,tcp,6.7815160000000105,350.0,5011.0,SF,True,False,0,ShADadFf,10,758,11,5455,ssl,0
7697.611745,C9e2g91QuThh01aWPf,10.0.2.15,65406,216.52.1.12,443,TLSv12,TLS_ECDHE_RSA_WITH_AES_128_GCM_SHA256,secp256r1,loadus.exelator.com,False,True,CsxknGIti,"['df7c62f472c1d3b0d062e9ed1c65f67a88aad738cc232a6b40b55a446e9092f9', '973a41276ffd01e027a2aad49e34c37846d3e976ff6a620b6712e33832041aa6', '3a2fbe92891e57fe05d57087f48e730f17e5a5f53ef403d618e5b74d7a7e6ecb', 'c3846bf24b9e93ca64274c0ec67c1ecc5e024ffcacd2d74019350e81fe546ae4']",[],1.0,0ffee3ba8e615ad22535e7f771690a28,ccc514751b175866924439bdbb5bba34,,,7696.897683,10.0.2.15,65406,216.52.1.12,443,tcp,4.871632999999747,4025.0,5433.0,SF,True,False,0,ShADadFf,13,4553,14,5997,ssl,0
7702.931212,CpgzIr3XPjC7VHqQUj,10.0.2.15,65410,178.250.2.74,443,TLSv12,TLS_RSA_WITH_AES_128_CBC_SHA,,static.criteo.net,False,True,CsxnGIi,"['a53dd8cd1b9752c487c3339127e3f77ac7434d43b66db4a373f9df5da010c22f', 'eae72eb454bf6c3977ebd289e970b2f5282949190093d0d26f98d0f0d6a9cf17', '8420dfbe376f414bf4c0a81e6936d24ccc03f304835b86c7a39142fca723a689']",[],1.0,0ffee3ba8e615ad22535e7f771690a28,5dcc087b1a1d0a5b0658981a7e8b2c3c,,,7698.989447,10.0.2.15,65410,178.250.2.74,443,tcp,11.227305000000342,621.0,4413.0,SF,True,False,0,ShADadFf,10,1029,12,4897,ssl,0
7702.932613,CeTsR32hzTJpWXb70f,10.0.2.15,65409,52.28.170.232,443,TLSv12,TLS_ECDHE_RSA_WITH_AES_128_GCM_SHA256,secp256r1,visitor-service-eu-central-1.tealiumiq.com,False,True,CsxknGIi,"['cfa1969d3275c415a1e8282354984f63562f2faa6c41e1659afaaa1c35ccabd1', '154c433c491929c5ef686e838e323664a00e6a0d822ccc958fb4dab03e49a08f']",[],1.0,0ffee3ba8e615ad22535e7f771690a28,303951d4c50efb2e991652225a6f02b1,,,7698.988832,10.0.2.15,65409,52.28.170.232,443,tcp,134.85695899999973,3393.0,6848.0,SF,True,False,0,ShADadTTFf,29,4581,32,8132,ssl,0
7703.706779,CmvYIv2tiqTkHJW8de,10.0.2.15,65417,52.28.170.232,443,TLSv12,TLS_ECDHE_RSA_WITH_AES_128_GCM_SHA256,secp256r1,visitor-service-eu-central-1.tealiumiq.com,False,True,CsxknGIi,"['cfa1969d3275c415a1e8282354984f63562f2faa6c41e1659afaaa1c35ccabd1', '154c433c491929c5ef686e838e323664a00e6a0d822ccc958fb4dab03e49a08f']",[],1.0,0ffee3ba8e615ad22535e7f771690a28,303951d4c50efb2e991652225a6f02b1,,,7703.327784,10.0.2.15,65417,52.28.170.232,443,tcp,6.884987999999794,376.0,3038.0,SF,True,False,0,ShADadFRfr,10,784,12,3522,ssl,0
7703.708623,CEC3033iGE1DGZDGi3,10.0.2.15,65418,178.250.2.74,443,TLSv12,TLS_ECDHE_RSA_WITH_AES_256_GCM_SHA384,secp256r1,static.criteo.net,False,True,CsxknGIi,"['a53dd8cd1b9752c487c3339127e3f77ac7434d43b66db4a373f9df5da010c22f', 'eae72eb454bf6c3977ebd289e970b2f5282949190093d0d26f98d0f0d6a9cf17']",[],1.0,0ffee3ba8e615ad22535e7f771690a28,a9e3ed16ee3208291487c8d2aa2ad924,,,7703.328282,10.0.2.15,65418,178.250.2.74,443,tcp,18.87098799999967,383.0,3496.0,SF,True,False,0,ShADadFTf,10,792,11,3940,ssl,0
7710.634891,CGXbZU1J5ox2tjH55f,10.0.2.15,65447,66.43.22.135,443,TLSv12,TLS_DHE_RSA_WITH_AES_256_CBC_SHA,,findagrave.com,True,True,CsiI,,,,0ffee3ba8e615ad22535e7f771690a28,38759e3bb980b0ca6bf7f22837b8582f,,,7710.309151,10.0.2.15,65447,66.43.22.135,443,tcp,2.638685999999325,2180.0,12409.0,SF,True,False,0,ShADadfF,12,2668,18,13133,ssl,0
7713.269045,Cz4Uzl2Fpo6owP8ey4,10.0.2.15,65456,104.16.28.156,443,TLSv12,TLS_ECDHE_ECDSA_WITH_AES_128_GCM_SHA256,secp256r1,cdn1.tmbi.com,False,True,CsxknGIti,"['12e1755ba83eb4a3e2150281ab593e0eba001922fdfbe810a1d61e7a67c6e2c2', 'cd6c108a0e641f2ca122aaa6d03f826759cae7c6f800eabf76dc48b67cd083ce', '9573862ac0b4b125168810ea3fd101ae2eb0bb15f61fc0e6da7a2a38b85a89e8']",[],1.0,0ffee3ba8e615ad22535e7f771690a28,2d1eb5817ece335c24904f516ad5da12,http/1.1,,7713.003293,10.0.2.15,65456,104.16.28.156,443,tcp,126.7137389999998,683.0,12403.0,SF,True,False,0,ShADadTTFf,24,1663,30,13607,ssl,0
7713.276014,CLMcVJ2zAMEbMHHQv,10.0.2.15,65455,104.16.28.156,443,TLSv12,TLS_ECDHE_ECDSA_WITH_AES_128_GCM_SHA256,secp256r1,cdn1.tmbi.com,False,True,CsxknGIti,"['12e1755ba83eb4a3e2150281ab593e0eba001922fdfbe810a1d61e7a67c6e2c2', 'cd6c108a0e641f2ca122aaa6d03f826759cae7c6f800eabf76dc48b67cd083ce', '9573862ac0b4b125168810ea3fd101ae2eb0bb15f61fc0e6da7a2a38b85a89e8']",[],1.0,0ffee3ba8e615ad22535e7f771690a28,2d1eb5817ece335c24904f516ad5da12,http/1.1,,7712.996505,10.0.2.15,65455,104.16.28.156,443,tcp,126.71772599999986,677.0,7036.0,SF,True,False,0,ShADadTTFf,24,1657,26,8080,ssl,0
7713.291541,Ct6nfc4LrQfWUkUqg,10.0.2.15,65451,104.16.26.156,443,TLSv12,TLS_ECDHE_ECDSA_WITH_AES_128_GCM_SHA256,secp256r1,cdn2.tmbi.com,False,True,CsxknGIti,"['12e1755ba83eb4a3e2150281ab593e0eba001922fdfbe810a1d61e7a67c6e2c2', 'cd6c108a0e641f2ca122aaa6d03f826759cae7c6f800eabf76dc48b67cd083ce', '9573862ac0b4b125168810ea3fd101ae2eb0bb15f61fc0e6da7a2a38b85a89e8']",[],1.0,0ffee3ba8e615ad22535e7f771690a28,2d1eb5817ece335c24904f516ad5da12,http/1.1,,7712.978352,10.0.2.15,65451,104.16.26.156,443,tcp,126.7230559999998,692.0,72341.0,SF,True,False,0,ShADadTTFf,42,2392,82,75625,ssl,0
7713.298245,C5gMx131MdtZwlHmve,10.0.2.15,65450,104.16.26.156,443,TLSv12,TLS_ECDHE_ECDSA_WITH_AES_128_GCM_SHA256,secp256r1,cdn2.tmbi.com,False,True,CsxknGIti,"['12e1755ba83eb4a3e2150281ab593e0eba001922fdfbe810a1d61e7a67c6e2c2', 'cd6c108a0e641f2ca122aaa6d03f826759cae7c6f800eabf76dc48b67cd083ce', '9573862ac0b4b125168810ea3fd101ae2eb0bb15f61fc0e6da7a2a38b85a89e8']",[],1.0,0ffee3ba8e615ad22535e7f771690a28,2d1eb5817ece335c24904f516ad5da12,http/1.1,,7712.975966,10.0.2.15,65450,104.16.26.156,443,tcp,126.72551899999962,688.0,119721.0,SF,True,False,0,ShADadTTFf,52,2788,127,124805,ssl,0
7713.592129,C7svlffPH6ufdRi2h,10.0.2.15,65452,152.163.50.2,443,TLSv12,TLS_RSA_WITH_AES_128_CBC_SHA,,secure.leadback.advertising.com,False,True,CsxnGIi,"['a70f555ecdd5db94cf6eb62f1e4f8173d17c2c4718d4452365a5372c191bacf8', '3b0cc20384ad7f24eb438f2b80c63ebe003f7f215b8877e418ebb0484028db57', '6b143c2005d5539cc22eab5f772db2a9fe87467feffa07fcf0a9f7d28274ca7a']",[],1.0,0ffee3ba8e615ad22535e7f771690a28,5397c414a9ebeaff1bf18b70ca22eaa0,,,7712.979221,10.0.2.15,65452,152.163.50.2,443,tcp,126.8443670000006,2192.0,5113.0,SF,True,False,0,ShADadTTFf,24,3172,25,6117,ssl,0
7719.070677,CSwbku12yYp6LN7W3g,10.0.2.15,65468,23.64.15.25,443,TLSv12,TLS_ECDHE_ECDSA_WITH_AES_256_GCM_SHA384,secp256r1,edge.quantserve.com,False,True,CsxuknGIti,"['56d0de4121d9daaea7a1ed67ff7b49ba2ea3d77cbab1c27901ee618b74a29e16', '2e2861289b5ccedecae4c31bf262e0fb0c29b6c1530573442731ca65d821e901']",[],0.0,0ffee3ba8e615ad22535e7f771690a28,ca6f3b7b341bf732d741bd93e9b37436,http/1.1,,7717.987773,10.0.2.15,65468,23.64.15.25,443,tcp,5.059202000000369,353.0,3927.0,RSTO,True,False,0,ShADadfR,10,761,10,4331,ssl,0
7723.370634,CYFias1UTzP1YtZUb2,10.0.2.15,65471,66.43.22.135,443,TLSv12,TLS_DHE_RSA_WITH_AES_256_CBC_SHA,,findagrave.com,True,True,CsiI,,,,0ffee3ba8e615ad22535e7f771690a28,38759e3bb980b0ca6bf7f22837b8582f,,,7722.679042,10.0.2.15,65471,66.43.22.135,443,tcp,4.153498000000582,2100.0,1840.0,SF,True,False,0,ShADadfF,10,2508,11,2284,ssl,0
7723.372671,CkAtvF1ntzkRoOrvFb,10.0.2.15,65470,66.43.22.135,443,TLSv12,TLS_DHE_RSA_WITH_AES_256_CBC_SHA,,findagrave.com,True,True,CsiI,,,,0ffee3ba8e615ad22535e7f771690a28,38759e3bb980b0ca6bf7f22837b8582f,,,7722.678168,10.0.2.15,65470,66.43.22.135,443,tcp,4.315157999999428,2100.0,1558.0,SF,True,False,0,ShADadfF,10,2508,10,1962,ssl,0
7723.382044,CB8BOG1Hu3ieqTHpb9,10.0.2.15,65469,66.43.22.135,443,TLSv12,TLS_DHE_RSA_WITH_AES_256_CBC_SHA,,findagrave.com,True,True,CsiI,,,,0ffee3ba8e615ad22535e7f771690a28,38759e3bb980b0ca6bf7f22837b8582f,,,7722.677579,10.0.2.15,65469,66.43.22.135,443,tcp,4.467854999999872,2100.0,646.0,SF,True,False,0,ShADadfF,10,2508,10,1050,ssl,0
7723.527455,Ccqgr71oWP0brqPc68,10.0.2.15,65472,34.251.18.112,443,TLSv12,TLS_ECDHE_RSA_WITH_AES_128_GCM_SHA256,secp256r1,sync.go.sonobi.com,False,True,CsxknGIi,"['e29320cc54226aee4e56a43ee6fa79b553ecc35d18a9349c38a98f6d62047255', '973a41276ffd01e027a2aad49e34c37846d3e976ff6a620b6712e33832041aa6', '3a2fbe92891e57fe05d57087f48e730f17e5a5f53ef403d618e5b74d7a7e6ecb', 'c3846bf24b9e93ca64274c0ec67c1ecc5e024ffcacd2d74019350e81fe546ae4']",[],1.0,0ffee3ba8e615ad22535e7f771690a28,303951d4c50efb2e991652225a6f02b1,,,7723.049858,10.0.2.15,65472,34.251.18.112,443,tcp,10.649202999999943,1225.0,6022.0,SF,True,False,0,ShADadFf,11,1673,13,6546,ssl,0
7723.528729,CN7n6h25exTkYukhVc,10.0.2.15,65474,34.250.255.134,443,TLSv12,TLS_ECDHE_RSA_WITH_AES_128_GCM_SHA256,secp256r1,keymaker.go.sonobi.com,False,True,CsxknGIi,"['e29320cc54226aee4e56a43ee6fa79b553ecc35d18a9349c38a98f6d62047255', '973a41276ffd01e027a2aad49e34c37846d3e976ff6a620b6712e33832041aa6', '3a2fbe92891e57fe05d57087f48e730f17e5a5f53ef403d618e5b74d7a7e6ecb', 'c3846bf24b9e93ca64274c0ec67c1ecc5e024ffcacd2d74019350e81fe546ae4']",[],1.0,0ffee3ba8e615ad22535e7f771690a28,303951d4c50efb2e991652225a6f02b1,,,7723.05432,10.0.2.15,65474,34.250.255.134,443,tcp,10.63223199999993,1328.0,5989.0,SF,True,False,0,ShADadFf,11,1776,13,6513,ssl,0
7723.536221,CBvLHSqSCEMqsY29l,10.0.2.15,65475,34.251.18.112,443,TLSv12,TLS_ECDHE_RSA_WITH_AES_128_GCM_SHA256,secp256r1,sync.go.sonobi.com,False,True,CsxknGIi,"['e29320cc54226aee4e56a43ee6fa79b553ecc35d18a9349c38a98f6d62047255', '973a41276ffd01e027a2aad49e34c37846d3e976ff6a620b6712e33832041aa6', '3a2fbe92891e57fe05d57087f48e730f17e5a5f53ef403d618e5b74d7a7e6ecb', 'c3846bf24b9e93ca64274c0ec67c1ecc5e024ffcacd2d74019350e81fe546ae4']",[],1.0,0ffee3ba8e615ad22535e7f771690a28,303951d4c50efb2e991652225a6f02b1,,,7723.063831,10.0.2.15,65475,34.251.18.112,443,tcp,6.33002199999919,352.0,5298.0,SF,True,False,0,ShADadFfRr,11,800,13,5822,ssl,0
7726.324351,C3Q13u1UQFk9O8x6Pa,10.0.2.15,65482,52.43.240.174,443,TLSv12,TLS_ECDHE_RSA_WITH_AES_128_GCM_SHA256,secp256r1,shavar.services.mozilla.com,False,True,CsxknGIi,"['ab0cab1d1d1157eb5dff0ea41cd6d1eeebf59d1f123042954c61ea78003457d0', '154c433c491929c5ef686e838e323664a00e6a0d822ccc958fb4dab03e49a08f']",[],1.0,0ffee3ba8e615ad22535e7f771690a28,303951d4c50efb2e991652225a6f02b1,,,7725.891512,10.0.2.15,65482,52.43.240.174,443,tcp,71.05333900000005,919.0,3396.0,SF,True,False,0,ShADadTFf,17,1613,18,4120,ssl,0
7739.959643,CjAb0TfI2RfFXzezd,10.0.2.15,65500,66.117.29.37,443,TLSv12,TLS_ECDHE_RSA_WITH_AES_256_GCM_SHA384,,ancestry.sc.omtrdc.net,True,True,CsiI,,,,0ffee3ba8e615ad22535e7f771690a28,959bfcf87532cbff1253e80a4ee81308,,,7738.940741,10.0.2.15,65500,66.117.29.37,443,tcp,19.503664999999277,2126.0,680.0,SF,True,False,0,ShADadTFf,12,2615,11,1124,ssl,0
7741.089004,CyIY7B12bx1cfqT1e5,10.0.2.15,65501,172.217.23.238,443,TLSv12,TLS_ECDHE_ECDSA_WITH_AES_128_GCM_SHA256,,encrypted-tbn3.gstatic.com,True,True,CsiI,,,,1a5fe5677b0e4fbbc854e8908225637d,c23237dbea656869600e48dfbd00ab7b,h2,,7740.396324,10.0.2.15,65501,172.217.23.238,443,tcp,505.90102600000046,16838.0,192947.0,SF,True,False,0,ShADadFf,175,23846,310,205351,ssl,0
7741.086231,CXbgtd3Y0KsJCvB0w1,10.0.2.15,65503,54.154.169.202,443,TLSv12,TLS_ECDHE_RSA_WITH_AES_128_GCM_SHA256,secp256r1,apex.go.sonobi.com,False,True,CsxknGIi,"['e29320cc54226aee4e56a43ee6fa79b553ecc35d18a9349c38a98f6d62047255', '973a41276ffd01e027a2aad49e34c37846d3e976ff6a620b6712e33832041aa6', '3a2fbe92891e57fe05d57087f48e730f17e5a5f53ef403d618e5b74d7a7e6ecb', 'c3846bf24b9e93ca64274c0ec67c1ecc5e024ffcacd2d74019350e81fe546ae4']",[],1.0,0ffee3ba8e615ad22535e7f771690a28,303951d4c50efb2e991652225a6f02b1,,,7740.404951,10.0.2.15,65503,54.154.169.202,443,tcp,11.81462399999964,321.0,5298.0,SF,True,False,0,ShADadFf,10,729,11,5742,ssl,0
7741.087996,CswQRc3PSz5KyJYXUb,10.0.2.15,65502,157.240.11.35,443,TLSv12,TLS_ECDHE_ECDSA_WITH_AES_128_GCM_SHA256,secp256r1,www.facebook.com,False,True,CsxknGIti,"['152151b387412a95ab90fd4664f2d98880408e9e43913124e4c91226a483386b', '19400be5b7a31fb733917700789d2f0a2471c0c9d506c0e504c06c16d7cb17c0']",[],1.0,0ffee3ba8e615ad22535e7f771690a28,2d1eb5817ece335c24904f516ad5da12,h2,,7740.400232,10.0.2.15,65502,157.240.11.35,443,tcp,1808.1722100000009,22277.0,369944.0,SF,True,False,0,ShADadfF,277,33365,527,391028,ssl,0
7745.235591,C0O61eECqAxlLfDAf,10.0.2.15,65504,185.33.222.20,443,TLSv12,TLS_ECDHE_RSA_WITH_AES_256_GCM_SHA384,,secure.adnxs.com,True,True,CsiI,,,,1a5fe5677b0e4fbbc854e8908225637d,266bd998df907f9d5064d7f4c208b200,,,7744.745568,10.0.2.15,65504,185.33.222.20,443,tcp,1.267412000000149,3486.0,4707.0,SF,True,False,0,ShADadFf,11,3934,14,5271,ssl,0
7745.216928,C4L7d517yOIxwRAgH,10.0.2.15,65516,185.33.222.20,443,TLSv12,TLS_ECDHE_RSA_WITH_AES_256_GCM_SHA384,,secure.adnxs.com,True,True,CsiI,,,,1a5fe5677b0e4fbbc854e8908225637d,266bd998df907f9d5064d7f4c208b200,,,7744.842309,10.0.2.15,65516,185.33.222.20,443,tcp,1.170620000000781,3487.0,3653.0,SF,True,False,0,ShADadFf,10,3895,13,4177,ssl,0
7745.223506,CFpsW12sUNpvmzGlQh,10.0.2.15,65513,185.33.222.20,443,TLSv12,TLS_ECDHE_RSA_WITH_AES_256_GCM_SHA384,,secure.adnxs.com,True,True,CsiI,,,,1a5fe5677b0e4fbbc854e8908225637d,266bd998df907f9d5064d7f4c208b200,,,7744.801573,10.0.2.15,65513,185.33.222.20,443,tcp,1.207433000000492,3486.0,3653.0,SF,True,False,0,ShADadFf,11,3934,13,4177,ssl,0
7745.224223,CR72Nr4BtDH4zZ2im9,10.0.2.15,65512,185.33.222.20,443,TLSv12,TLS_ECDHE_RSA_WITH_AES_256_GCM_SHA384,,secure.adnxs.com,True,True,CsiI,,,,1a5fe5677b0e4fbbc854e8908225637d,266bd998df907f9d5064d7f4c208b200,,,7744.792701,10.0.2.15,65512,185.33.222.20,443,tcp,1.187646999999742,3486.0,3653.0,RSTR,True,False,0,ShADadRr,11,3934,12,4137,ssl,0
7745.218023,CyMy6R1GooNCkxA4Kh,10.0.2.15,65515,209.197.3.36,443,TLSv12,TLS_ECDHE_RSA_WITH_AES_128_GCM_SHA256,secp256r1,s.komoona.com,False,True,CsxuknGIti,"['202e1a2c1a9a91720182ea763d8affc73fa5da76f8f9dbf20da6cc2d44ab913f', '973a41276ffd01e027a2aad49e34c37846d3e976ff6a620b6712e33832041aa6', '3a2fbe92891e57fe05d57087f48e730f17e5a5f53ef403d618e5b74d7a7e6ecb', 'c3846bf24b9e93ca64274c0ec67c1ecc5e024ffcacd2d74019350e81fe546ae4', 'c3846bf24b9e93ca64274c0ec67c1ecc5e024ffcacd2d74019350e81fe546ae4']",[],1.0,0ffee3ba8e615ad22535e7f771690a28,a9f50de6377ae7c6dbaabc53f089ac30,,,7744.838245,10.0.2.15,65515,209.197.3.36,443,tcp,3.301674000000275,316.0,8270.0,RSTO,True,False,0,ShADadFR,10,724,13,8794,ssl,0
7745.222354,CHicIE2i5CfvWrNlx9,10.0.2.15,65514,63.215.202.75,443,TLSv12,TLS_RSA_WITH_3DES_EDE_CBC_SHA,,media.msg.dotomi.com,False,True,CsxnGIi,"['370d1fd0e334b74c1a6d71187a298d31d2c1ce22a20a93f01604461ab62c07f7', '0b339212d7cff17a2c59e35669b58e77350133750a78da9404770edd470def76']",[],1.0,0ffee3ba8e615ad22535e7f771690a28,66a6571ef756b3c9e82b3fd802bbcac2,,,7744.811849,10.0.2.15,65514,63.215.202.75,443,tcp,3.352374000000054,523.0,2665.0,SF,True,False,0,ShADadFf,8,851,8,2989,ssl,0
7745.229092,CRTid94L6mDWc0mHxa,10.0.2.15,65509,185.33.222.20,443,TLSv12,TLS_ECDHE_RSA_WITH_AES_256_GCM_SHA384,,secure.adnxs.com,True,True,CsiI,,,,1a5fe5677b0e4fbbc854e8908225637d,266bd998df907f9d5064d7f4c208b200,,,7744.762143,10.0.2.15,65509,185.33.222.20,443,tcp,1.2469209999999291,3486.0,4787.0,SF,True,False,0,ShADadFf,11,3934,14,5351,ssl,0
7745.229865,CkcMet3YDsaNWxIFoc,10.0.2.15,65508,185.33.222.20,443,TLSv12,TLS_ECDHE_RSA_WITH_AES_256_GCM_SHA384,,secure.adnxs.com,True,True,CsiI,,,,1a5fe5677b0e4fbbc854e8908225637d,266bd998df907f9d5064d7f4c208b200,,,7744.757717,10.0.2.15,65508,185.33.222.20,443,tcp,1.248028999999405,3487.0,4792.0,SF,True,False,0,ShADadFf,11,3935,14,5356,ssl,0
7745.228018,C2HiHE1juVAtYyvKS8,10.0.2.15,65510,192.229.133.53,443,TLSv12,TLS_ECDHE_RSA_WITH_AES_128_GCM_SHA256,secp256r1,secure-ads.pictela.net,False,True,CsxuknGIti,"['318fb203bfb9e112a35d1f2e2072b1ff9a544dc06446b8a3a389b4b901096e91', '19400be5b7a31fb733917700789d2f0a2471c0c9d506c0e504c06c16d7cb17c0']",[],1.0,0ffee3ba8e615ad22535e7f771690a28,49b45fc1ab090aa3a159778313fc9b9e,h2,,7744.76444,10.0.2.15,65510,192.229.133.53,443,tcp,3.3356730000004973,325.0,3857.0,RSTO,True,False,0,ShADadR,8,653,8,4181,ssl,0
7745.231163,CAG9Nf2YFtVZnMt9W4,10.0.2.15,65507,172.227.89.134,443,TLSv12,TLS_ECDHE_RSA_WITH_AES_256_GCM_SHA384,secp256r1,ads.rubiconproject.com,False,True,CsxknGIti,"['9ba4a5e102d4f9c6913572ee857994305f65669d98e7e45ccee8b31f39508065', '154c433c491929c5ef686e838e323664a00e6a0d822ccc958fb4dab03e49a08f']",[],1.0,0ffee3ba8e615ad22535e7f771690a28,2b33c1374db4ddf06942f92373c0b54b,http/1.1,,7744.755719,10.0.2.15,65507,172.227.89.134,443,tcp,3.36289300000044,325.0,3246.0,SF,True,False,0,ShADadFfRr,10,733,12,3730,ssl,0
7745.233305,Ca87d12kT1R4DDciug,10.0.2.15,65506,178.250.0.93,443,TLSv12,TLS_RSA_WITH_AES_128_CBC_SHA,,bidder.criteo.com,False,True,CsxnGIi,"['b0337c4f8b2eca88eca4de5aad8cba6d249c58c7a69f2d4b680e5adae991d2ac', 'eae72eb454bf6c3977ebd289e970b2f5282949190093d0d26f98d0f0d6a9cf17', '8420dfbe376f414bf4c0a81e6936d24ccc03f304835b86c7a39142fca723a689']",[],1.0,0ffee3ba8e615ad22535e7f771690a28,5dcc087b1a1d0a5b0658981a7e8b2c3c,,,7744.752322,10.0.2.15,65506,178.250.0.93,443,tcp,3.403075000000171,536.0,4026.0,SF,True,False,0,ShADadFf,9,904,10,4430,ssl,0
7745.225266,ChzBZD2Jvc0lgcLxvg,10.0.2.15,65511,169.55.70.227,443,TLSv12,TLS_ECDHE_RSA_WITH_AES_256_GCM_SHA384,secp256r1,ap.lijit.com,False,True,CsxknGIti,"['4e68dd8cc0ae3d809610dade80621e59f10433705355d9540c3a7fe52d0a4e51', '973a41276ffd01e027a2aad49e34c37846d3e976ff6a620b6712e33832041aa6', '3a2fbe92891e57fe05d57087f48e730f17e5a5f53ef403d618e5b74d7a7e6ecb', 'c3846bf24b9e93ca64274c0ec67c1ecc5e024ffcacd2d74019350e81fe546ae4']",[],1.0,0ffee3ba8e615ad22535e7f771690a28,758945630046fd37070521b8544d1fe8,,,7744.7748,10.0.2.15,65511,169.55.70.227,443,tcp,3.451471999999739,315.0,5669.0,SF,True,False,0,ShADadFfRr,10,723,13,6193,ssl,0
7745.234659,CcD2we1S9LKxYESX1,10.0.2.15,65505,63.215.202.75,443,TLSv12,TLS_RSA_WITH_3DES_EDE_CBC_SHA,,media.msg.dotomi.com,False,True,CsxnGIi,"['370d1fd0e334b74c1a6d71187a298d31d2c1ce22a20a93f01604461ab62c07f7', '0b339212d7cff17a2c59e35669b58e77350133750a78da9404770edd470def76']",[],1.0,0ffee3ba8e615ad22535e7f771690a28,66a6571ef756b3c9e82b3fd802bbcac2,,,7744.747266,10.0.2.15,65505,63.215.202.75,443,tcp,3.4171239999996037,523.0,2665.0,SF,True,False,0,ShADadFf,8,851,9,3029,ssl,0
7749.06315,CxvYcl6iU1vZFGbpd,10.0.2.15,65518,52.40.35.120,443,TLSv12,TLS_ECDHE_RSA_WITH_AES_128_GCM_SHA256,,adspsp.com,True,True,CsiI,,,,0ffee3ba8e615ad22535e7f771690a28,303951d4c50efb2e991652225a6f02b1,,,7748.087879,10.0.2.15,65518,52.40.35.120,443,tcp,8.16401500000029,301.0,176.0,SF,True,False,0,ShADadFfRr,8,629,9,540,ssl,0
7754.335452,CSapqRPm1lmRq8FC1,10.0.2.15,65522,172.217.23.228,443,TLSv12,TLS_ECDHE_RSA_WITH_AES_128_GCM_SHA256,,www.google.com,True,True,CsiI,,,,1a5fe5677b0e4fbbc854e8908225637d,67619a80665d7ab92d1041b1d11f9164,h2,,7753.61213,10.0.2.15,65522,172.217.23.228,443,tcp,1321.9519169999994,36916.0,179038.0,SF,True,False,0,ShADadFf,274,47884,409,195402,ssl,0
7755.268758,CFLCJzO12swXkaFZ,10.0.2.15,65524,216.58.201.66,443,TLSv12,TLS_ECDHE_RSA_WITH_AES_128_GCM_SHA256,,cm.g.doubleclick.net,True,True,CsiI,,,,1a5fe5677b0e4fbbc854e8908225637d,67619a80665d7ab92d1041b1d11f9164,h2,,7754.349552,10.0.2.15,65524,216.58.201.66,443,tcp,208.7456930000008,1747.0,1497.0,SF,True,False,0,ShADadFf,23,2675,26,2541,ssl,0
7755.269425,CSVBHW3IvQkFshYzk9,10.0.2.15,65523,66.43.22.135,443,TLSv12,TLS_DHE_RSA_WITH_AES_256_CBC_SHA,,findagrave.com,True,True,CsiI,,,,0ffee3ba8e615ad22535e7f771690a28,38759e3bb980b0ca6bf7f22837b8582f,,,7754.342936,10.0.2.15,65523,66.43.22.135,443,tcp,4.068180000000211,2324.0,11411.0,SF,True,False,0,ShADadfF,13,2852,19,12175,ssl,0
7755.563111,CLjAIC4S9KeUGIedUi,10.0.2.15,65527,216.58.201.66,443,TLSv12,TLS_ECDHE_RSA_WITH_AES_128_GCM_SHA256,,googleads.g.doubleclick.net,True,True,CsiI,,,,1a5fe5677b0e4fbbc854e8908225637d,67619a80665d7ab92d1041b1d11f9164,h2,,7755.280092,10.0.2.15,65527,216.58.201.66,443,tcp,294.39809799999966,5854.0,8319.0,SF,True,False,0,ShADadFf,58,8182,65,10923,ssl,0
7758.843178,CZSjHo1XQOHUmxuL9g,10.0.2.15,49158,104.16.18.35,443,TLSv12,TLS_ECDHE_RSA_WITH_AES_128_GCM_SHA256,secp256r1,s7.addthis.com,False,True,CsxuknGIti,"['2a7d536a35fd2aa422b5d3f15213e933f90355cf5e488a23d2ba9d2dc36ac69f', '154c433c491929c5ef686e838e323664a00e6a0d822ccc958fb4dab03e49a08f']",[],1.0,0ffee3ba8e615ad22535e7f771690a28,76cc3e2d3028143b23ec18e27dbd7ca9,h2,,7758.427271,10.0.2.15,49158,104.16.18.35,443,tcp,210.27663100000063,1816.0,142374.0,SF,True,False,0,ShADadFf,62,4304,145,148178,ssl,0
7759.069641,CEykfP33FgVJkRgFi7,10.0.2.15,49167,216.137.61.13,443,TLSv12,TLS_ECDHE_RSA_WITH_AES_128_GCM_SHA256,secp256r1,d2na2p72vtqyok.cloudfront.net,False,True,CsxuknGIti,"['90c0937808b31877df6c4a5c743c99325d974624be3735faa5078cf73d4fd205', 'eae72eb454bf6c3977ebd289e970b2f5282949190093d0d26f98d0f0d6a9cf17']",[],1.0,0ffee3ba8e615ad22535e7f771690a28,76cc3e2d3028143b23ec18e27dbd7ca9,http/1.1,,7758.450629,10.0.2.15,49167,216.137.61.13,443,tcp,5.712399000000005,754.0,84359.0,RSTR,True,False,0,ShADadRr,34,2122,88,87883,ssl,0
7759.03477,CpRcXF1eAEcDASUwu6,10.0.2.15,49165,52.218.144.76,443,TLSv12,TLS_ECDHE_RSA_WITH_AES_128_GCM_SHA256,secp256r1,s3-us-west-2.amazonaws.com,False,True,CsxknGIi,"['e0657743a56f71e04caf81531d9422c249945c95c8a699935ec21dd8466ca120', 'f9690880819f06cdcc0b2f224b207f2af6003fb57339b8679a160fa95208d62d']",[],1.0,0ffee3ba8e615ad22535e7f771690a28,ea615e28cb25adfb2f261151eab3314f,,,7758.43423,10.0.2.15,49165,52.218.144.76,443,tcp,5.7208300000002055,773.0,6473.0,RSTR,True,False,0,ShADadRr,11,1221,13,6997,ssl,0
7759.035422,CQ9yqB1XvFfvDc0o8l,10.0.2.15,49164,52.218.144.76,443,TLSv12,TLS_ECDHE_RSA_WITH_AES_128_GCM_SHA256,secp256r1,s3-us-west-2.amazonaws.com,False,True,CsxknGIi,"['e0657743a56f71e04caf81531d9422c249945c95c8a699935ec21dd8466ca120', 'f9690880819f06cdcc0b2f224b207f2af6003fb57339b8679a160fa95208d62d']",[],1.0,0ffee3ba8e615ad22535e7f771690a28,ea615e28cb25adfb2f261151eab3314f,,,7758.433441,10.0.2.15,49164,52.218.144.76,443,tcp,5.7148529999994935,770.0,16498.0,RSTR,True,False,0,ShADadRr,14,1338,23,17422,ssl,0
7759.063071,CGXZX04q3HyItdLae3,10.0.2.15,49157,66.43.22.135,443,TLSv12,TLS_DHE_RSA_WITH_AES_256_CBC_SHA,,findagrave.com,True,True,CsiI,,,,0ffee3ba8e615ad22535e7f771690a28,38759e3bb980b0ca6bf7f22837b8582f,,,7758.426496,10.0.2.15,49157,66.43.22.135,443,tcp,3.9551620000002,2260.0,2459.0,SF,True,False,0,ShADadfF,9,2628,11,2903,ssl,0
7759.064666,CbP4eb4Vtr5TXAPBwa,10.0.2.15,65534,66.43.22.135,443,TLSv12,TLS_DHE_RSA_WITH_AES_256_CBC_SHA,,findagrave.com,True,True,CsiI,,,,0ffee3ba8e615ad22535e7f771690a28,38759e3bb980b0ca6bf7f22837b8582f,,,7758.425767,10.0.2.15,65534,66.43.22.135,443,tcp,4.087585000000217,2244.0,1062.0,SF,True,False,0,ShADadfF,9,2612,10,1466,ssl,0
7759.065609,CjuiMf4DgKhZw5c223,10.0.2.15,65533,66.43.22.135,443,TLSv12,TLS_DHE_RSA_WITH_AES_256_CBC_SHA,,findagrave.com,True,True,CsiI,,,,0ffee3ba8e615ad22535e7f771690a28,38759e3bb980b0ca6bf7f22837b8582f,,,7758.42533,10.0.2.15,65533,66.43.22.135,443,tcp,4.264774000000216,2244.0,1126.0,SF,True,False,0,ShADadfF,9,2612,10,1530,ssl,0
7759.036242,CHBdWFDMYtpigTD27,10.0.2.15,49163,52.218.144.76,443,TLSv12,TLS_ECDHE_RSA_WITH_AES_128_GCM_SHA256,secp256r1,s3-us-west-2.amazonaws.com,False,True,CsxknGIi,"['e0657743a56f71e04caf81531d9422c249945c95c8a699935ec21dd8466ca120', 'f9690880819f06cdcc0b2f224b207f2af6003fb57339b8679a160fa95208d62d']",[],1.0,0ffee3ba8e615ad22535e7f771690a28,ea615e28cb25adfb2f261151eab3314f,,,7758.432528,10.0.2.15,49163,52.218.144.76,443,tcp,5.706866999999875,773.0,7905.0,RSTO,True,False,0,ShADadR,12,1261,15,8509,ssl,0
7759.037269,C4gA1M1Q7hz40pXO6,10.0.2.15,49162,52.218.144.76,443,TLSv12,TLS_ECDHE_RSA_WITH_AES_128_GCM_SHA256,secp256r1,s3-us-west-2.amazonaws.com,False,True,CsxknGIi,"['e0657743a56f71e04caf81531d9422c249945c95c8a699935ec21dd8466ca120', 'f9690880819f06cdcc0b2f224b207f2af6003fb57339b8679a160fa95208d62d']",[],1.0,0ffee3ba8e615ad22535e7f771690a28,ea615e28cb25adfb2f261151eab3314f,,,7758.431497,10.0.2.15,49162,52.218.144.76,443,tcp,5.706393000000389,755.0,7907.0,RSTR,True,False,0,ShADadRr,12,1243,16,8551,ssl,0
7759.066091,Ct8zdxdmISA2HCWRc,10.0.2.15,65532,66.43.22.135,443,TLSv12,TLS_DHE_RSA_WITH_AES_256_CBC_SHA,,findagrave.com,True,True,CsiI,,,,0ffee3ba8e615ad22535e7f771690a28,38759e3bb980b0ca6bf7f22837b8582f,,,7758.424597,10.0.2.15,65532,66.43.22.135,443,tcp,4.512958999999682,2260.0,3019.0,SF,True,False,0,ShADadfF,11,2708,12,3503,ssl,0
7759.066769,CiVRdSxFCjs4xx3f2,10.0.2.15,49166,66.43.22.135,443,TLSv12,TLS_DHE_RSA_WITH_AES_256_CBC_SHA,,beta.findagrave.com,True,True,CsiI,,,,0ffee3ba8e615ad22535e7f771690a28,d90fa179c9daf35598ed8341272118f7,,,7758.448477,10.0.2.15,49166,66.43.22.135,443,tcp,4.858694999999898,1913.0,538.0,SF,True,False,0,ShADadfF,10,2321,10,942,ssl,0
7759.039063,CXTmd24c8DdZPIsRv,10.0.2.15,49161,52.218.144.76,443,TLSv12,TLS_ECDHE_RSA_WITH_AES_128_GCM_SHA256,secp256r1,s3-us-west-2.amazonaws.com,False,True,CsxknGIi,"['e0657743a56f71e04caf81531d9422c249945c95c8a699935ec21dd8466ca120', 'f9690880819f06cdcc0b2f224b207f2af6003fb57339b8679a160fa95208d62d']",[],1.0,0ffee3ba8e615ad22535e7f771690a28,ea615e28cb25adfb2f261151eab3314f,,,7758.429812,10.0.2.15,49161,52.218.144.76,443,tcp,5.823387999999795,755.0,7907.0,RSTR,True,False,0,ShADadFRr,13,1283,18,8631,ssl,0
7759.040107,CUTPKq3nZsUdoOsNv6,10.0.2.15,49160,52.218.144.76,443,TLSv12,TLS_ECDHE_RSA_WITH_AES_128_GCM_SHA256,secp256r1,s3-us-west-2.amazonaws.com,False,True,CsxknGIi,"['e0657743a56f71e04caf81531d9422c249945c95c8a699935ec21dd8466ca120', 'f9690880819f06cdcc0b2f224b207f2af6003fb57339b8679a160fa95208d62d']",[],1.0,0ffee3ba8e615ad22535e7f771690a28,ea615e28cb25adfb2f261151eab3314f,,,7758.428753,10.0.2.15,49160,52.218.144.76,443,tcp,5.738096000000041,755.0,6475.0,RSTR,True,False,0,ShADadRr,12,1243,15,7079,ssl,0
7759.041937,Cw76CF4ifsb7vRbTj3,10.0.2.15,49159,66.43.22.135,443,TLSv12,TLS_DHE_RSA_WITH_AES_256_CBC_SHA,,www.findagrave.com,False,True,CsxknGIi,"['0350695070ba20df33ab04918b579da7234b65d2761e759f665ab5c8553eb336', '3f3af9c9cc2c7599ef8f6dd7ca516cfc1797d7d12002254f3bfd0d4d0fe9de86', '4b03f45807ad70f21bfc2cae71c9fde4604c064cf5ffb686bae5dbaad7fdd34c']",[],1.0,0ffee3ba8e615ad22535e7f771690a28,d90fa179c9daf35598ed8341272118f7,,,7758.427762,10.0.2.15,49159,66.43.22.135,443,tcp,5.779754000000139,1939.0,9044.0,SF,True,False,0,ShADadFfRr,16,2587,21,9888,ssl,0
7759.068559,CsmKck4TBLZzYn98o,10.0.2.15,49168,23.56.3.183,443,TLSv12,TLS_ECDHE_RSA_WITH_AES_256_GCM_SHA384,secp256r1,contextual.media.net,False,True,CsxknGIti,"['1d387aa03c1a15cf202e998803d42312c5684b0fa37074ee31ec15ba4081e7f5', 'eae72eb454bf6c3977ebd289e970b2f5282949190093d0d26f98d0f0d6a9cf17']",[],1.0,0ffee3ba8e615ad22535e7f771690a28,2b33c1374db4ddf06942f92373c0b54b,http/1.1,,7758.455419,10.0.2.15,49168,23.56.3.183,443,tcp,6.166345000000547,323.0,3588.0,SF,True,False,0,ShADadFRfr,9,691,11,4032,ssl,0
7762.517458,CKcWMG17qHyg2jjaFe,10.0.2.15,49170,66.43.22.135,443,TLSv12,TLS_DHE_RSA_WITH_AES_256_CBC_SHA,,findagrave.com,True,True,CsiI,,,,0ffee3ba8e615ad22535e7f771690a28,38759e3bb980b0ca6bf7f22837b8582f,,,7762.041659,10.0.2.15,49170,66.43.22.135,443,tcp,1.651075999999193,2244.0,1174.0,SF,True,False,0,ShADadfF,10,2652,10,1578,ssl,0
7762.521582,CsBBIL34Lhdsb2pCOa,10.0.2.15,49169,66.43.22.135,443,TLSv12,TLS_DHE_RSA_WITH_AES_256_CBC_SHA,,findagrave.com,True,True,CsiI,,,,0ffee3ba8e615ad22535e7f771690a28,38759e3bb980b0ca6bf7f22837b8582f,,,7762.03903,10.0.2.15,49169,66.43.22.135,443,tcp,1.714111999999659,2244.0,1206.0,SF,True,False,0,ShADadfF,10,2652,10,1610,ssl,0
7764.415083,CkRlWD37eb9NaqU6ee,10.0.2.15,49179,23.219.91.11,443,TLSv12,TLS_ECDHE_ECDSA_WITH_AES_256_GCM_SHA384,secp256r1,lolstatic-a.akamaihd.net,False,True,CsxuknGIti,"['56d0de4121d9daaea7a1ed67ff7b49ba2ea3d77cbab1c27901ee618b74a29e16', '2e2861289b5ccedecae4c31bf262e0fb0c29b6c1530573442731ca65d821e901']",[],1.0,0ffee3ba8e615ad22535e7f771690a28,ca6f3b7b341bf732d741bd93e9b37436,http/1.1,,7763.77449,10.0.2.15,49179,23.219.91.11,443,tcp,182.11226100000025,4182.0,175335.0,SF,True,False,0,ShADadTTFfRr,102,8284,213,183859,ssl,0
7774.883598,Cv3eJ81SPehWiRhHo7,10.0.2.15,49186,66.43.22.135,443,TLSv12,TLS_DHE_RSA_WITH_AES_256_CBC_SHA,,findagrave.com,True,True,CsiI,,,,0ffee3ba8e615ad22535e7f771690a28,38759e3bb980b0ca6bf7f22837b8582f,,,7772.84237,10.0.2.15,49186,66.43.22.135,443,tcp,8.262596999999914,2244.0,1174.0,SF,True,False,0,ShADadfF,9,2612,10,1578,ssl,0
7774.898433,CPzOnd3TubyaRlquqe,10.0.2.15,49189,66.43.22.135,443,TLSv12,TLS_DHE_RSA_WITH_AES_256_CBC_SHA,,findagrave.com,True,True,CsiI,,,,0ffee3ba8e615ad22535e7f771690a28,38759e3bb980b0ca6bf7f22837b8582f,,,7772.855533,10.0.2.15,49189,66.43.22.135,443,tcp,8.61617600000045,2244.0,1222.0,SF,True,False,0,ShADadfF,9,2612,10,1626,ssl,0
7774.898942,CFsXZ71jgMTFWF2KJ,10.0.2.15,49188,66.43.22.135,443,TLSv12,TLS_DHE_RSA_WITH_AES_256_CBC_SHA,,findagrave.com,True,True,CsiI,,,,0ffee3ba8e615ad22535e7f771690a28,38759e3bb980b0ca6bf7f22837b8582f,,,7772.854551,10.0.2.15,49188,66.43.22.135,443,tcp,8.815095999999357,2244.0,1238.0,SF,True,False,0,ShADadfF,9,2612,10,1642,ssl,0
7774.899432,ClgyyD2VA18EolmQQf,10.0.2.15,49187,66.43.22.135,443,TLSv12,TLS_DHE_RSA_WITH_AES_256_CBC_SHA,,findagrave.com,True,True,CsiI,,,,0ffee3ba8e615ad22535e7f771690a28,38759e3bb980b0ca6bf7f22837b8582f,,,7772.853345,10.0.2.15,49187,66.43.22.135,443,tcp,9.005717999999433,2244.0,1206.0,SF,True,False,0,ShADadfF,9,2612,10,1610,ssl,0
7774.894685,CnXKAy1UWs2zxWGzgb,10.0.2.15,49191,34.193.211.177,443,TLSv12,TLS_ECDHE_RSA_WITH_AES_128_GCM_SHA256,secp256r1,route.carambo.la,False,True,CsxknGIi,"['3fca41348b425ee0ed97cf46f3517f9ff5cd9f320134dbc99dfed8edc7f0d363', 'f55f9ffcb83c73453261601c7e044db15a0f034b93c05830f28635ef889cf670', '87dcd4dc74640a322cd205552506d1be64f12596258096544986b4850bc72706', '28689b30e4c306aab53b027b29e36ad6dd1dcf4b953994482ca84bdc1ecac996']",[],1.0,0ffee3ba8e615ad22535e7f771690a28,303951d4c50efb2e991652225a6f02b1,,,7772.857124,10.0.2.15,49191,34.193.211.177,443,tcp,66.24856399999953,689.0,5362.0,SF,True,False,0,ShADadTFf,16,1342,18,6086,ssl,0
7774.897075,CoYwJ043aLUaSWKHxj,10.0.2.15,49190,54.243.170.75,443,TLSv12,TLS_ECDHE_RSA_WITH_AES_128_GCM_SHA256,secp256r1,pixel.watch,False,True,CsxknGIi,"['9049fe4f9be087a9cc4453a915ddb81c3e7020fb42fc4f0e4ae9f569f97dd929', 'f55f9ffcb83c73453261601c7e044db15a0f034b93c05830f28635ef889cf670', '87dcd4dc74640a322cd205552506d1be64f12596258096544986b4850bc72706', '28689b30e4c306aab53b027b29e36ad6dd1dcf4b953994482ca84bdc1ecac996']",[],1.0,0ffee3ba8e615ad22535e7f771690a28,303951d4c50efb2e991652225a6f02b1,,,7772.856537,10.0.2.15,49190,54.243.170.75,443,tcp,72.0398610000002,639.0,5435.0,SF,True,False,0,ShADadTFf,18,1373,19,6199,ssl,0
7775.281674,C3E1nm3uFV31x2ZEOe,10.0.2.15,49203,23.219.91.11,443,TLSv12,TLS_ECDHE_ECDSA_WITH_AES_256_GCM_SHA384,,lolstatic-a.akamaihd.net,True,True,CsiI,,,,1a5fe5677b0e4fbbc854e8908225637d,7503e261fd125ccacbd1ce01c16feaa4,http/1.1,,7773.80452,10.0.2.15,49203,23.219.91.11,443,tcp,11.764219000000594,599.0,178.0,SF,True,False,0,ShADadFfRr,8,927,9,542,ssl,0
7775.127052,CoZyO72XNF6gQmRWMl,10.0.2.15,49213,209.197.3.36,443,TLSv12,TLS_ECDHE_RSA_WITH_AES_128_GCM_SHA256,secp256r1,s.komoona.com,False,True,CsxuknGIti,"['202e1a2c1a9a91720182ea763d8affc73fa5da76f8f9dbf20da6cc2d44ab913f', '973a41276ffd01e027a2aad49e34c37846d3e976ff6a620b6712e33832041aa6', '3a2fbe92891e57fe05d57087f48e730f17e5a5f53ef403d618e5b74d7a7e6ecb', 'c3846bf24b9e93ca64274c0ec67c1ecc5e024ffcacd2d74019350e81fe546ae4', 'c3846bf24b9e93ca64274c0ec67c1ecc5e024ffcacd2d74019350e81fe546ae4']",[],1.0,0ffee3ba8e615ad22535e7f771690a28,a9f50de6377ae7c6dbaabc53f089ac30,,,7773.957612,10.0.2.15,49213,209.197.3.36,443,tcp,11.603017999999793,693.0,8270.0,SF,True,False,0,ShADadfF,12,1181,16,8914,ssl,0
7775.1299,CLj0jG39dl4DsuBC1d,10.0.2.15,49212,37.252.172.12,443,TLSv12,TLS_ECDHE_RSA_WITH_AES_256_GCM_SHA384,secp256r1,secure.adnxs.com,False,True,CsxuknGIti,"['5b081650e8034418a37504ce0820892be5a66474578207711eb688243fe1a8f2', '074541ecdf88ed992ed5ade3ecddef27a26ba1b44480a195c0a8dadae2521d8e']",[],1.0,0ffee3ba8e615ad22535e7f771690a28,d53e4608f956df65bb2b8a8c4d3b025d,,,7773.953316,10.0.2.15,49212,37.252.172.12,443,tcp,26.117825999999692,8815.0,16514.0,SF,True,False,0,ShADadfF,19,9583,29,17678,ssl,0
7775.131065,CkB1gNYiJ6eILFz7,10.0.2.15,49194,104.16.26.235,443,TLSv12,TLS_ECDHE_RSA_WITH_AES_128_GCM_SHA256,secp256r1,m.addthisedge.com,False,True,CsxuknGIti,"['8f5ac796ae85111a4e9f1c7d20065c1ec4d3309e37ad000815328a9a78bd4ed3', '154c433c491929c5ef686e838e323664a00e6a0d822ccc958fb4dab03e49a08f']",[],1.0,0ffee3ba8e615ad22535e7f771690a28,76cc3e2d3028143b23ec18e27dbd7ca9,http/1.1,,7773.280841,10.0.2.15,49194,104.16.26.235,443,tcp,128.34223100000054,731.0,4496.0,SF,True,False,0,ShADadTTFf,24,1711,24,5460,ssl,0
7775.231697,CeGU2C1DsTgeZR6j6j,10.0.2.15,49193,66.43.22.135,443,TLSv12,TLS_DHE_RSA_WITH_AES_256_CBC_SHA,,findagrave.com,True,True,CsiI,,,,0ffee3ba8e615ad22535e7f771690a28,38759e3bb980b0ca6bf7f22837b8582f,,,7773.267023,10.0.2.15,49193,66.43.22.135,443,tcp,9.020023000000036,2228.0,598.0,SF,True,False,0,ShADadfF,10,2636,10,1002,ssl,0
7775.233309,CNoNrk1HzSrU0C7y4f,10.0.2.15,49192,66.43.22.135,443,TLSv12,TLS_DHE_RSA_WITH_AES_256_CBC_SHA,,findagrave.com,True,True,CsiI,,,,0ffee3ba8e615ad22535e7f771690a28,38759e3bb980b0ca6bf7f22837b8582f,,,7773.266233,10.0.2.15,49192,66.43.22.135,443,tcp,9.445271999999932,2244.0,3147.0,SF,True,False,0,ShADadfF,10,2652,12,3631,ssl,0
7775.235121,C555xn16ZHAfqg8kF2,10.0.2.15,49206,52.40.35.120,443,TLSv12,TLS_ECDHE_RSA_WITH_AES_128_GCM_SHA256,,adspsp.com,True,True,CsiI,,,,0ffee3ba8e615ad22535e7f771690a28,303951d4c50efb2e991652225a6f02b1,,,7773.921353,10.0.2.15,49206,52.40.35.120,443,tcp,80.31133000000045,3868.0,593.0,SF,True,False,0,ShADadTFf,21,4722,20,1397,ssl,0
7775.132061,C2hN4LzJ3Hnn2jQDh,10.0.2.15,49211,37.252.172.12,443,TLSv12,TLS_ECDHE_RSA_WITH_AES_256_GCM_SHA384,secp256r1,secure.adnxs.com,False,True,CsxuknGIti,"['5b081650e8034418a37504ce0820892be5a66474578207711eb688243fe1a8f2', '074541ecdf88ed992ed5ade3ecddef27a26ba1b44480a195c0a8dadae2521d8e']",[],1.0,0ffee3ba8e615ad22535e7f771690a28,d53e4608f956df65bb2b8a8c4d3b025d,,,7773.95178,10.0.2.15,49211,37.252.172.12,443,tcp,26.12039199999981,8817.0,15431.0,SF,True,False,0,ShADadfF,19,9585,27,16515,ssl,0
7775.132605,CzebO43YY4EgIeCIu3,10.0.2.15,49210,37.252.172.12,443,TLSv12,TLS_ECDHE_RSA_WITH_AES_256_GCM_SHA384,secp256r1,secure.adnxs.com,False,True,CsxuknGIti,"['5b081650e8034418a37504ce0820892be5a66474578207711eb688243fe1a8f2', '074541ecdf88ed992ed5ade3ecddef27a26ba1b44480a195c0a8dadae2521d8e']",[],1.0,0ffee3ba8e615ad22535e7f771690a28,d53e4608f956df65bb2b8a8c4d3b025d,,,7773.948891,10.0.2.15,49210,37.252.172.12,443,tcp,26.122847999999976,8818.0,17625.0,SF,True,False,0,ShADadfF,20,9626,30,18829,ssl,0
7775.228596,CQABrA4LkFL5zDbm17,10.0.2.15,49209,37.252.172.12,443,TLSv12,TLS_ECDHE_RSA_WITH_AES_256_GCM_SHA384,secp256r1,secure.adnxs.com,False,True,CsxuknGIti,"['5b081650e8034418a37504ce0820892be5a66474578207711eb688243fe1a8f2', '074541ecdf88ed992ed5ade3ecddef27a26ba1b44480a195c0a8dadae2521d8e']",[],1.0,0ffee3ba8e615ad22535e7f771690a28,d53e4608f956df65bb2b8a8c4d3b025d,,,7773.946887,10.0.2.15,49209,37.252.172.12,443,tcp,22.804065000000264,5995.0,12924.0,SF,True,False,0,ShADadfF,17,6683,25,13928,ssl,0
7775.229411,CZLT653Z7eiwVvzPhb,10.0.2.15,49208,37.252.172.12,443,TLSv12,TLS_ECDHE_RSA_WITH_AES_256_GCM_SHA384,secp256r1,secure.adnxs.com,False,True,CsxuknGIti,"['5b081650e8034418a37504ce0820892be5a66474578207711eb688243fe1a8f2', '074541ecdf88ed992ed5ade3ecddef27a26ba1b44480a195c0a8dadae2521d8e']",[],1.0,0ffee3ba8e615ad22535e7f771690a28,d53e4608f956df65bb2b8a8c4d3b025d,,,7773.937248,10.0.2.15,49208,37.252.172.12,443,tcp,22.814879999999903,5997.0,14033.0,SF,True,False,0,ShADadfF,15,6605,23,14957,ssl,0
7775.230022,CHny3l1Cerz1BoWme7,10.0.2.15,49207,37.252.172.12,443,TLSv12,TLS_ECDHE_RSA_WITH_AES_256_GCM_SHA384,secp256r1,secure.adnxs.com,False,True,CsxuknGIti,"['5b081650e8034418a37504ce0820892be5a66474578207711eb688243fe1a8f2', '074541ecdf88ed992ed5ade3ecddef27a26ba1b44480a195c0a8dadae2521d8e']",[],1.0,0ffee3ba8e615ad22535e7f771690a28,d53e4608f956df65bb2b8a8c4d3b025d,,,7773.923366,10.0.2.15,49207,37.252.172.12,443,tcp,22.83218000000033,5994.0,12936.0,SF,True,False,0,ShADadfF,16,6642,23,13860,ssl,0
7775.236886,CM34vC16hGAfhU2oXb,10.0.2.15,49195,104.16.27.235,443,TLSv12,TLS_ECDHE_RSA_WITH_AES_128_GCM_SHA256,secp256r1,m.addthis.com,False,True,CsxuknGIti,"['2a7d536a35fd2aa422b5d3f15213e933f90355cf5e488a23d2ba9d2dc36ac69f', '154c433c491929c5ef686e838e323664a00e6a0d822ccc958fb4dab03e49a08f']",[],1.0,0ffee3ba8e615ad22535e7f771690a28,76cc3e2d3028143b23ec18e27dbd7ca9,h2,,7773.285871,10.0.2.15,49195,104.16.27.235,443,tcp,226.30929300000025,2525.0,4734.0,SF,True,False,0,ShADadFf,25,3533,27,5818,ssl,0
7775.281149,CHjIW62oPXCOlUGZX,10.0.2.15,49204,66.117.29.37,443,TLSv12,TLS_ECDHE_RSA_WITH_AES_256_GCM_SHA384,,ancestry.sc.omtrdc.net,True,True,CsiI,,,,0ffee3ba8e615ad22535e7f771690a28,959bfcf87532cbff1253e80a4ee81308,,,7773.81005,10.0.2.15,49204,66.117.29.37,443,tcp,25.142257999999856,2164.0,680.0,SF,True,False,0,ShADadTFf,13,2694,12,1164,ssl,0
7775.239274,CXye0G1B2dV3i0tVJj,10.0.2.15,49201,54.231.177.0,443,TLSv12,TLS_ECDHE_RSA_WITH_AES_128_GCM_SHA256,secp256r1,s3-us-west-2.amazonaws.com,False,True,CsxknGIi,"['e0657743a56f71e04caf81531d9422c249945c95c8a699935ec21dd8466ca120', 'f9690880819f06cdcc0b2f224b207f2af6003fb57339b8679a160fa95208d62d']",[],1.0,0ffee3ba8e615ad22535e7f771690a28,ea615e28cb25adfb2f261151eab3314f,,,7773.465925,10.0.2.15,49201,54.231.177.0,443,tcp,14.60135199999968,742.0,7938.0,SF,True,False,0,ShADadFf,12,1230,18,8662,ssl,0
7775.240905,CmkwSPcVAdFwvedOf,10.0.2.15,49200,54.231.177.0,443,TLSv12,TLS_ECDHE_RSA_WITH_AES_128_GCM_SHA256,secp256r1,s3-us-west-2.amazonaws.com,False,True,CsxknGIi,"['e0657743a56f71e04caf81531d9422c249945c95c8a699935ec21dd8466ca120', 'f9690880819f06cdcc0b2f224b207f2af6003fb57339b8679a160fa95208d62d']",[],1.0,0ffee3ba8e615ad22535e7f771690a28,ea615e28cb25adfb2f261151eab3314f,,,7773.46514,10.0.2.15,49200,54.231.177.0,443,tcp,16.401159999999436,739.0,195049.0,SF,True,False,0,ShADadFf,77,3827,203,203173,ssl,0
7775.634059,CNlmI8a65yS3ZVeDg,10.0.2.15,49218,178.250.0.93,443,TLSv12,TLS_RSA_WITH_AES_128_CBC_SHA,,bidder.criteo.com,False,True,CsxnGIi,"['b0337c4f8b2eca88eca4de5aad8cba6d249c58c7a69f2d4b680e5adae991d2ac', 'eae72eb454bf6c3977ebd289e970b2f5282949190093d0d26f98d0f0d6a9cf17', '8420dfbe376f414bf4c0a81e6936d24ccc03f304835b86c7a39142fca723a689']",[],1.0,0ffee3ba8e615ad22535e7f771690a28,5dcc087b1a1d0a5b0658981a7e8b2c3c,,,7773.997421,10.0.2.15,49218,178.250.0.93,443,tcp,18.35078900000008,3890.0,5844.0,SF,True,False,0,ShADadTfF,16,4539,18,6568,ssl,0
7775.636749,Cf06FjbK2zisyg396,10.0.2.15,49217,172.227.89.134,443,TLSv12,TLS_ECDHE_RSA_WITH_AES_256_GCM_SHA384,secp256r1,ads.rubiconproject.com,False,True,CsxknGIti,"['9ba4a5e102d4f9c6913572ee857994305f65669d98e7e45ccee8b31f39508065', '154c433c491929c5ef686e838e323664a00e6a0d822ccc958fb4dab03e49a08f']",[],1.0,0ffee3ba8e615ad22535e7f771690a28,2b33c1374db4ddf06942f92373c0b54b,http/1.1,,7773.982034,10.0.2.15,49217,172.227.89.134,443,tcp,131.12287900000047,4903.0,27722.0,SF,True,False,0,ShADadTTFf,32,6202,48,29646,ssl,0
7775.650745,Cdk6134VI0tFVazA2i,10.0.2.15,49216,192.229.133.53,443,TLSv12,TLS_ECDHE_RSA_WITH_AES_128_GCM_SHA256,secp256r1,secure-ads.pictela.net,False,True,CsxuknGIti,"['318fb203bfb9e112a35d1f2e2072b1ff9a544dc06446b8a3a389b4b901096e91', '19400be5b7a31fb733917700789d2f0a2471c0c9d506c0e504c06c16d7cb17c0']",[],1.0,0ffee3ba8e615ad22535e7f771690a28,49b45fc1ab090aa3a159778313fc9b9e,h2,,7773.980917,10.0.2.15,49216,192.229.133.53,443,tcp,186.94857000000047,906.0,21654.0,SF,True,False,0,ShADadfF,23,1834,37,23138,ssl,0
7775.247433,CZxpwwaXjmJsfB306,10.0.2.15,49199,54.231.177.0,443,TLSv12,TLS_ECDHE_RSA_WITH_AES_128_GCM_SHA256,secp256r1,s3-us-west-2.amazonaws.com,False,True,CsxknGIi,"['e0657743a56f71e04caf81531d9422c249945c95c8a699935ec21dd8466ca120', 'f9690880819f06cdcc0b2f224b207f2af6003fb57339b8679a160fa95208d62d']",[],1.0,0ffee3ba8e615ad22535e7f771690a28,ea615e28cb25adfb2f261151eab3314f,,,7773.464525,10.0.2.15,49199,54.231.177.0,443,tcp,15.785323000000062,742.0,50225.0,SF,True,False,0,ShADadFf,34,2110,66,52869,ssl,0
7775.279752,CjMQmaMETXpTrGqNb,10.0.2.15,49196,54.231.177.0,443,TLSv12,TLS_ECDHE_RSA_WITH_AES_128_GCM_SHA256,secp256r1,s3-us-west-2.amazonaws.com,False,True,CsxknGIi,"['e0657743a56f71e04caf81531d9422c249945c95c8a699935ec21dd8466ca120', 'f9690880819f06cdcc0b2f224b207f2af6003fb57339b8679a160fa95208d62d']",[],1.0,0ffee3ba8e615ad22535e7f771690a28,ea615e28cb25adfb2f261151eab3314f,,,7773.462529,10.0.2.15,49196,54.231.177.0,443,tcp,15.986057999999502,724.0,115010.0,SF,True,False,0,ShADadFf,50,2732,125,120014,ssl,0
7775.249749,CW5Mzc3FSrhxcjFXDh,10.0.2.15,49198,54.231.177.0,443,TLSv12,TLS_ECDHE_RSA_WITH_AES_128_GCM_SHA256,secp256r1,s3-us-west-2.amazonaws.com,False,True,CsxknGIi,"['e0657743a56f71e04caf81531d9422c249945c95c8a699935ec21dd8466ca120', 'f9690880819f06cdcc0b2f224b207f2af6003fb57339b8679a160fa95208d62d']",[],1.0,0ffee3ba8e615ad22535e7f771690a28,ea615e28cb25adfb2f261151eab3314f,,,7773.464015,10.0.2.15,49198,54.231.177.0,443,tcp,16.97277800000029,724.0,249265.0,SF,True,False,0,ShADadFf,69,3492,231,258509,ssl,0
7775.278573,C8oyaP34NicvBCibD5,10.0.2.15,49197,54.231.177.0,443,TLSv12,TLS_ECDHE_RSA_WITH_AES_128_GCM_SHA256,secp256r1,s3-us-west-2.amazonaws.com,False,True,CsxknGIi,"['e0657743a56f71e04caf81531d9422c249945c95c8a699935ec21dd8466ca120', 'f9690880819f06cdcc0b2f224b207f2af6003fb57339b8679a160fa95208d62d']",[],1.0,0ffee3ba8e615ad22535e7f771690a28,ea615e28cb25adfb2f261151eab3314f,,,7773.463408,10.0.2.15,49197,54.231.177.0,443,tcp,17.22292000000016,724.0,358939.0,SF,True,False,0,ShADadFf,98,4652,335,372343,ssl,0
7775.655965,CCoetNOthGRUZN8Ne,10.0.2.15,49215,169.55.70.227,443,TLSv12,TLS_ECDHE_RSA_WITH_AES_256_GCM_SHA384,secp256r1,ap.lijit.com,False,True,CsxknGIti,"['4e68dd8cc0ae3d809610dade80621e59f10433705355d9540c3a7fe52d0a4e51', '973a41276ffd01e027a2aad49e34c37846d3e976ff6a620b6712e33832041aa6', '3a2fbe92891e57fe05d57087f48e730f17e5a5f53ef403d618e5b74d7a7e6ecb', 'c3846bf24b9e93ca64274c0ec67c1ecc5e024ffcacd2d74019350e81fe546ae4']",[],1.0,0ffee3ba8e615ad22535e7f771690a28,758945630046fd37070521b8544d1fe8,,,7773.978517,10.0.2.15,49215,169.55.70.227,443,tcp,26.573261000000457,2385.0,6906.0,SF,True,False,0,ShADadTfF,13,2914,16,7550,ssl,0
7775.670637,Czv2n64dTn5jkAqZpd,10.0.2.15,49214,63.215.202.75,443,TLSv12,TLS_RSA_WITH_3DES_EDE_CBC_SHA,,media.msg.dotomi.com,False,True,CsxnGIi,"['370d1fd0e334b74c1a6d71187a298d31d2c1ce22a20a93f01604461ab62c07f7', '0b339212d7cff17a2c59e35669b58e77350133750a78da9404770edd470def76']",[],1.0,0ffee3ba8e615ad22535e7f771690a28,66a6571ef756b3c9e82b3fd802bbcac2,,,7773.958705,10.0.2.15,49214,63.215.202.75,443,tcp,19.0771050000003,1909.0,3614.0,SF,True,False,0,ShADadTFf,13,2438,13,4138,ssl,0
7775.630229,Czv6Sd4Q4UlF5z9My9,10.0.2.15,49219,63.215.202.75,443,TLSv12,TLS_RSA_WITH_3DES_EDE_CBC_SHA,,media.msg.dotomi.com,False,True,CsxnGIi,"['370d1fd0e334b74c1a6d71187a298d31d2c1ce22a20a93f01604461ab62c07f7', '0b339212d7cff17a2c59e35669b58e77350133750a78da9404770edd470def76']",[],1.0,0ffee3ba8e615ad22535e7f771690a28,66a6571ef756b3c9e82b3fd802bbcac2,,,7774.001229,10.0.2.15,49219,63.215.202.75,443,tcp,19.05135699999937,1901.0,3606.0,SF,True,False,0,ShADadTFf,12,2390,12,4090,ssl,0
7778.685578,CfoyFh4O8ApQSk40xi,10.0.2.15,49220,95.172.94.12,443,TLSv12,TLS_ECDHE_RSA_WITH_AES_128_GCM_SHA256,secp256r1,pixel.quantserve.com,False,True,CsxknGIti,"['7d39ee69bdac843654f44bb3164a243b3e8c527019b6225992e5d36771f19e8f', '19400be5b7a31fb733917700789d2f0a2471c0c9d506c0e504c06c16d7cb17c0']",[],1.0,0ffee3ba8e615ad22535e7f771690a28,ccc514751b175866924439bdbb5bba34,,,7777.318574,10.0.2.15,49220,95.172.94.12,443,tcp,12.5111109999998,1264.0,3637.0,SF,True,False,0,ShADadfF,11,1712,13,4161,ssl,0
7778.683441,C4L5qd2GHi5eq8dlFb,10.0.2.15,49221,52.40.35.120,443,TLSv12,TLS_ECDHE_RSA_WITH_AES_128_GCM_SHA256,,adspsp.com,True,True,CsiI,,,,0ffee3ba8e615ad22535e7f771690a28,303951d4c50efb2e991652225a6f02b1,,,7777.319284,10.0.2.15,49221,52.40.35.120,443,tcp,71.80528700000013,1814.0,454.0,SF,True,False,0,ShADadTFf,17,2508,17,1138,ssl,0
7787.55616,Cve1v93shzpzbZeaa,10.0.2.15,49225,172.217.23.227,443,TLSv12,TLS_ECDHE_RSA_WITH_AES_128_GCM_SHA256,x25519,www.google.cz,False,True,CsxknGIti,"['635ff633f6427d8bb4cff322e016a54fd8da246e8392221d6a58ae24f13c6119', '9f630426df1d8abfd80ace98871ba833ab9742cb34838de2b5285ed54c0c7dcc', '3c35cc963eb004451323d3275d05b353235053490d9cd83729a2faf5e7ca1cc0']",[],1.0,0ffee3ba8e615ad22535e7f771690a28,ab41313cfec25328b20865eb1388e0a2,h2,,7787.177795,10.0.2.15,49225,172.217.23.227,443,tcp,261.59827100000075,7181.0,5657.0,SF,True,False,0,ShADadFf,38,8709,46,7501,ssl,0
7787.552054,CPIynQbSitB4sxwQi,10.0.2.15,49226,104.16.19.6,443,TLSv12,TLS_ECDHE_RSA_WITH_AES_128_GCM_SHA256,,go.newspapers.com,True,True,CsiI,,,,1a5fe5677b0e4fbbc854e8908225637d,7bee5c1d424b7e5f943b06983bb11422,http/1.1,,7787.180583,10.0.2.15,49226,104.16.19.6,443,tcp,127.80097999999998,2838.0,40363.0,SF,True,False,0,ShADadTTFf,38,4378,59,42727,ssl,0
7787.738505,CBVCA51vPPVX9njj9e,10.0.2.15,49223,104.16.19.6,443,TLSv12,TLS_ECDHE_RSA_WITH_AES_128_GCM_SHA256,,go.newspapers.com,True,True,CsiI,,,,1a5fe5677b0e4fbbc854e8908225637d,7bee5c1d424b7e5f943b06983bb11422,http/1.1,,7787.173564,10.0.2.15,49223,104.16.19.6,443,tcp,127.79724700000044,1493.0,3131.0,SF,True,False,0,ShADadTTFf,21,2353,23,4055,ssl,0
7787.877222,CxaqB63YZvBV7TO516,10.0.2.15,49227,52.40.35.120,443,TLSv12,TLS_ECDHE_RSA_WITH_AES_128_GCM_SHA256,,adspsp.com,True,True,CsiI,,,,0ffee3ba8e615ad22535e7f771690a28,303951d4c50efb2e991652225a6f02b1,,,7787.181425,10.0.2.15,49227,52.40.35.120,443,tcp,11.936056000000464,301.0,176.0,SF,True,False,0,ShADadTFfRr,9,670,10,580,ssl,0
7787.880003,CXYrgwxh7WDqk1Cwd,10.0.2.15,49224,52.40.35.120,443,TLSv12,TLS_ECDHE_RSA_WITH_AES_128_GCM_SHA256,,adspsp.com,True,True,CsiI,,,,0ffee3ba8e615ad22535e7f771690a28,303951d4c50efb2e991652225a6f02b1,,,7787.174052,10.0.2.15,49224,52.40.35.120,443,tcp,11.928413999999975,301.0,176.0,SF,True,False,0,ShADadTFfRr,9,670,10,580,ssl,0
7787.866403,CR64Cd3Jjp8fNmR737,10.0.2.15,49228,204.11.109.78,443,TLSv12,TLS_RSA_WITH_AES_128_CBC_SHA,,tags.expo9.exponential.com,False,True,CsxnGIti,"['c3319006d5f25436f3082534260bf44417743c6f73adc2847da959b536462e06', '973a41276ffd01e027a2aad49e34c37846d3e976ff6a620b6712e33832041aa6', '3a2fbe92891e57fe05d57087f48e730f17e5a5f53ef403d618e5b74d7a7e6ecb', 'c3846bf24b9e93ca64274c0ec67c1ecc5e024ffcacd2d74019350e81fe546ae4']",[],1.0,0ffee3ba8e615ad22535e7f771690a28,c67e8b533a9001ce4e36883b8d3489c4,,,7787.182308,10.0.2.15,49228,204.11.109.78,443,tcp,127.96454099999936,987.0,19505.0,SF,True,False,0,ShADadTTFf,28,2127,36,20949,ssl,0
7787.889032,CBzziK2xEhPzSn8Rh7,10.0.2.15,49222,204.11.109.78,443,TLSv12,TLS_RSA_WITH_AES_128_CBC_SHA,,tags.expo9.exponential.com,False,True,CsxnGIti,"['c3319006d5f25436f3082534260bf44417743c6f73adc2847da959b536462e06', '973a41276ffd01e027a2aad49e34c37846d3e976ff6a620b6712e33832041aa6', '3a2fbe92891e57fe05d57087f48e730f17e5a5f53ef403d618e5b74d7a7e6ecb', 'c3846bf24b9e93ca64274c0ec67c1ecc5e024ffcacd2d74019350e81fe546ae4']",[],1.0,0ffee3ba8e615ad22535e7f771690a28,c67e8b533a9001ce4e36883b8d3489c4,,,7787.170591,10.0.2.15,49222,204.11.109.78,443,tcp,8.711731999999756,598.0,5148.0,SF,True,False,0,ShADadFf,10,1006,12,5632,ssl,0
7789.068676,CKLRkJXy4ddVONOUg,10.0.2.15,49229,68.232.35.182,443,TLSv12,TLS_ECDHE_RSA_WITH_AES_128_GCM_SHA256,secp256r1,fast.fonts.net,False,True,CsxuknGIti,"['d8f6270341a22425bd93b0d234fed03fc4d18f57e6a2499de4ed9d09925ecbcd', '154c433c491929c5ef686e838e323664a00e6a0d822ccc958fb4dab03e49a08f', '4348a0e9444c78cb265e058d5e8944b4d84f9662bd26db257f8934a443c70161']",[],1.0,0ffee3ba8e615ad22535e7f771690a28,49b45fc1ab090aa3a159778313fc9b9e,h2,,7788.752209,10.0.2.15,49229,68.232.35.182,443,tcp,183.79268799999957,922.0,5765.0,SF,True,False,0,ShADadfF,18,1650,24,6729,ssl,0
7789.830889,CBaULx2iap8EBddvie,10.0.2.15,49232,66.43.22.135,443,TLSv12,TLS_DHE_RSA_WITH_AES_256_CBC_SHA,,findagrave.com,True,True,CsiI,,,,0ffee3ba8e615ad22535e7f771690a28,38759e3bb980b0ca6bf7f22837b8582f,,,7789.481608,10.0.2.15,49232,66.43.22.135,443,tcp,3.529900999999881,2244.0,1126.0,SF,True,False,0,ShADadfF,9,2612,10,1530,ssl,0
7789.831717,CfUQqA353xbRnmVSwl,10.0.2.15,49231,66.43.22.135,443,TLSv12,TLS_DHE_RSA_WITH_AES_256_CBC_SHA,,findagrave.com,True,True,CsiI,,,,0ffee3ba8e615ad22535e7f771690a28,38759e3bb980b0ca6bf7f22837b8582f,,,7789.481481,10.0.2.15,49231,66.43.22.135,443,tcp,3.529220999999779,2260.0,854.0,SF,True,False,0,ShADadfF,9,2628,10,1258,ssl,0
7791.822434,C3mYem32fdW5M6HM27,10.0.2.15,49233,192.229.133.42,443,TLSv12,TLS_ECDHE_RSA_WITH_AES_128_GCM_SHA256,secp256r1,cdata.carambo.la,False,True,CsxuknGIti,"['d8f8cf4a532eaef541181d5a3aa1c58dcc80a825b8d1450874aab41f95c6acf2', 'e6683e88315cd1cb403c0cea490f7c4b4c82c91cd485037489aadbaa90839f61']",[],1.0,0ffee3ba8e615ad22535e7f771690a28,49b45fc1ab090aa3a159778313fc9b9e,h2,,7791.570475,10.0.2.15,49233,192.229.133.42,443,tcp,182.29675599999973,918.0,85984.0,SF,True,False,0,ShADadfF,38,2446,94,89748,ssl,0
7793.36747,Cvy1xo1RoblMCGvax7,10.0.2.15,49234,209.197.3.36,443,TLSv12,TLS_ECDHE_RSA_WITH_AES_128_GCM_SHA256,,s.komoona.com,True,True,CsiI,,,,1a5fe5677b0e4fbbc854e8908225637d,c6227321ea7621862dc7b7351771a62c,,,7792.213067,10.0.2.15,49234,209.197.3.36,443,tcp,7.539890000000014,945.0,18212.0,SF,True,False,0,ShADadfF,13,1473,22,19096,ssl,0
7793.370328,Cv9riC1ir89XYhWf15,10.0.2.15,49235,152.163.66.131,443,TLSv12,TLS_RSA_WITH_AES_128_CBC_SHA,,adserver.adtechus.com,False,True,CsxnGIi,"['44ece7e30b43e443909ae7a302f38efd8870eb688ae56b799946ce3cf62fbf0a', '3b0cc20384ad7f24eb438f2b80c63ebe003f7f215b8877e418ebb0484028db57', '6b143c2005d5539cc22eab5f772db2a9fe87467feffa07fcf0a9f7d28274ca7a']",[],1.0,0ffee3ba8e615ad22535e7f771690a28,5397c414a9ebeaff1bf18b70ca22eaa0,,,7792.216959,10.0.2.15,49235,152.163.66.131,443,tcp,22.088678000000076,1185.0,5281.0,SF,True,False,0,ShADadTfF,12,1674,14,5845,ssl,0
7793.914217,C8qxSV36VTu3jc6u8d,10.0.2.15,49238,152.163.66.131,443,TLSv12,TLS_RSA_WITH_AES_128_CBC_SHA,,adserver.adtechus.com,False,True,CsxnGIi,"['44ece7e30b43e443909ae7a302f38efd8870eb688ae56b799946ce3cf62fbf0a', '3b0cc20384ad7f24eb438f2b80c63ebe003f7f215b8877e418ebb0484028db57', '6b143c2005d5539cc22eab5f772db2a9fe87467feffa07fcf0a9f7d28274ca7a']",[],1.0,0ffee3ba8e615ad22535e7f771690a28,5397c414a9ebeaff1bf18b70ca22eaa0,,,7792.219034,10.0.2.15,49238,152.163.66.131,443,tcp,21.03381300000001,1185.0,5281.0,SF,True,False,0,ShADadTfF,12,1674,15,5885,ssl,0
7793.920095,Co8KPR3iny8SAlFiz3,10.0.2.15,49237,152.163.66.131,443,TLSv12,TLS_RSA_WITH_AES_128_CBC_SHA,,adserver.adtechus.com,False,True,CsxnGIi,"['44ece7e30b43e443909ae7a302f38efd8870eb688ae56b799946ce3cf62fbf0a', '3b0cc20384ad7f24eb438f2b80c63ebe003f7f215b8877e418ebb0484028db57', '6b143c2005d5539cc22eab5f772db2a9fe87467feffa07fcf0a9f7d28274ca7a']",[],1.0,0ffee3ba8e615ad22535e7f771690a28,5397c414a9ebeaff1bf18b70ca22eaa0,,,7792.218461,10.0.2.15,49237,152.163.66.131,443,tcp,18.961624999999916,1169.0,5105.0,SF,True,False,0,ShADadTfF,12,1658,14,5669,ssl,0
7793.9252,CokcWG3OYFxnA9YuV8,10.0.2.15,49236,152.163.66.131,443,TLSv12,TLS_RSA_WITH_AES_128_CBC_SHA,,adserver.adtechus.com,False,True,CsxnGIi,"['44ece7e30b43e443909ae7a302f38efd8870eb688ae56b799946ce3cf62fbf0a', '3b0cc20384ad7f24eb438f2b80c63ebe003f7f215b8877e418ebb0484028db57', '6b143c2005d5539cc22eab5f772db2a9fe87467feffa07fcf0a9f7d28274ca7a']",[],1.0,0ffee3ba8e615ad22535e7f771690a28,5397c414a9ebeaff1bf18b70ca22eaa0,,,7792.21749,10.0.2.15,49236,152.163.66.131,443,tcp,18.77930199999992,1169.0,5084.0,SF,True,False,0,ShADadTfF,12,1658,14,5648,ssl,0
7793.929016,C4qWfP11uO5sNRUZy4,10.0.2.15,49239,52.216.65.131,443,TLSv12,TLS_ECDHE_RSA_WITH_AES_128_GCM_SHA256,secp256r1,s3.amazonaws.com,False,True,CsxknGIi,"['6be2c04e442c0aa126e2e374c248fc093077df1a3810867decdfea113add4357', 'f9690880819f06cdcc0b2f224b207f2af6003fb57339b8679a160fa95208d62d']",[],1.0,0ffee3ba8e615ad22535e7f771690a28,ea615e28cb25adfb2f261151eab3314f,,,7793.027028,10.0.2.15,49239,52.216.65.131,443,tcp,11.112341999999444,680.0,3732.0,SF,True,False,0,ShADadFf,11,1128,13,4256,ssl,0
7794.484479,Cc1z0W2ukHvIxKblpf,10.0.2.15,49240,62.67.193.61,443,TLSv12,TLS_RSA_WITH_AES_256_CBC_SHA,,fastlane.rubiconproject.com,False,True,CsxnGIi,"['323de379ee34a94e415f63b56183d0d5d0e5a863f4ac89f97dc40ae81cc021c8', '154c433c491929c5ef686e838e323664a00e6a0d822ccc958fb4dab03e49a08f']",[],1.0,0ffee3ba8e615ad22535e7f771690a28,0a917d753018dad73d9899ace370f8d8,,,7793.735349,10.0.2.15,49240,62.67.193.61,443,tcp,13.411573000000317,5484.0,10121.0,SF,True,False,0,ShADadFf,15,6092,19,10885,ssl,0
7794.485985,CRyPcd48ARrJQlu5ij,10.0.2.15,49243,62.67.193.61,443,TLSv12,TLS_RSA_WITH_AES_256_CBC_SHA,,fastlane.rubiconproject.com,False,True,CsxnGIi,"['323de379ee34a94e415f63b56183d0d5d0e5a863f4ac89f97dc40ae81cc021c8', '154c433c491929c5ef686e838e323664a00e6a0d822ccc958fb4dab03e49a08f']",[],1.0,0ffee3ba8e615ad22535e7f771690a28,0a917d753018dad73d9899ace370f8d8,,,7793.741478,10.0.2.15,49243,62.67.193.61,443,tcp,13.295366999999716,5484.0,9849.0,SF,True,False,0,ShADadFf,15,6092,19,10613,ssl,0
7794.488803,C3uNHN2nTuOixEUigc,10.0.2.15,49242,62.67.193.61,443,TLSv12,TLS_RSA_WITH_AES_256_CBC_SHA,,fastlane.rubiconproject.com,False,True,CsxnGIi,"['323de379ee34a94e415f63b56183d0d5d0e5a863f4ac89f97dc40ae81cc021c8', '154c433c491929c5ef686e838e323664a00e6a0d822ccc958fb4dab03e49a08f']",[],1.0,0ffee3ba8e615ad22535e7f771690a28,0a917d753018dad73d9899ace370f8d8,,,7793.739924,10.0.2.15,49242,62.67.193.61,443,tcp,13.934289999999235,5500.0,9993.0,SF,True,False,0,ShADadFf,15,6108,19,10757,ssl,0
7794.489854,CAQgEQ3KyM3zubNDN2,10.0.2.15,49241,62.67.193.61,443,TLSv12,TLS_RSA_WITH_AES_256_CBC_SHA,,fastlane.rubiconproject.com,False,True,CsxnGIi,"['323de379ee34a94e415f63b56183d0d5d0e5a863f4ac89f97dc40ae81cc021c8', '154c433c491929c5ef686e838e323664a00e6a0d822ccc958fb4dab03e49a08f']",[],1.0,0ffee3ba8e615ad22535e7f771690a28,0a917d753018dad73d9899ace370f8d8,,,7793.73824,10.0.2.15,49241,62.67.193.61,443,tcp,13.288915000000088,5484.0,9465.0,SF,True,False,0,ShADadFf,15,6092,19,10229,ssl,0
7797.954869,CD7ucq1kXxiucJSslg,10.0.2.15,49246,74.125.206.157,443,TLSv12,TLS_ECDHE_RSA_WITH_AES_128_GCM_SHA256,,stats.g.doubleclick.net,True,True,CsiI,,,,1a5fe5677b0e4fbbc854e8908225637d,67619a80665d7ab92d1041b1d11f9164,h2,,7797.403427,10.0.2.15,49246,74.125.206.157,443,tcp,392.2873979999995,2228.0,2877.0,SF,True,False,0,ShADadfF,31,3476,36,4321,ssl,0
7800.688326,CkjGJf27nBKjBj50S7,10.0.2.15,49250,23.219.91.11,443,TLSv12,TLS_ECDHE_ECDSA_WITH_AES_256_GCM_SHA384,,lolstatic-a.akamaihd.net,True,True,CsiI,,,,1a5fe5677b0e4fbbc854e8908225637d,7503e261fd125ccacbd1ce01c16feaa4,http/1.1,,7800.404368,10.0.2.15,49250,23.219.91.11,443,tcp,7.205007999999907,599.0,178.0,RSTO,True,False,0,ShADadFR,8,927,7,462,ssl,0
7802.588984,Cie6Oq2JTeYXWzPpyf,10.0.2.15,49257,104.94.37.54,443,TLSv12,TLS_ECDHE_RSA_WITH_AES_256_GCM_SHA384,secp256r1,s.lolstatic.com,False,True,CsxknGIti,"['d194c83c146d0139c356288aec2d7ab30ca38dfef43212dfb81702a352eec999', '074541ecdf88ed992ed5ade3ecddef27a26ba1b44480a195c0a8dadae2521d8e']",[],1.0,0ffee3ba8e615ad22535e7f771690a28,2b33c1374db4ddf06942f92373c0b54b,http/1.1,,7802.223769,10.0.2.15,49257,104.94.37.54,443,tcp,190.08028599999943,1279.0,108368.0,SF,True,False,0,ShADadTTFRfr,55,3505,124,113332,ssl,0
7802.591763,CPra504uYXzuZr7Aj,10.0.2.15,49256,104.16.2.92,443,TLSv12,TLS_ECDHE_ECDSA_WITH_AES_128_GCM_SHA256,secp256r1,cdn.leagueoflegends.com,False,True,CsxuknGIti,"['03953f478a43d05a7fd9b254fa19753f6df31f1c6f651fde9af4359c1aa432f3', 'cd6c108a0e641f2ca122aaa6d03f826759cae7c6f800eabf76dc48b67cd083ce', '9573862ac0b4b125168810ea3fd101ae2eb0bb15f61fc0e6da7a2a38b85a89e8']",[],1.0,0ffee3ba8e615ad22535e7f771690a28,7d3eb4120cd50e889bcd3f3783be0f82,http/1.1,,7802.223241,10.0.2.15,49256,104.16.2.92,443,tcp,135.01445500000045,909.0,5575.0,SF,True,False,0,ShADadTTFf,25,1930,26,6619,ssl,0
7802.593328,C8MsZk3VuRiKVSRpt1,10.0.2.15,49254,23.219.91.11,443,TLSv12,TLS_ECDHE_ECDSA_WITH_AES_256_GCM_SHA384,,lolstatic-a.akamaihd.net,True,True,CsiI,,,,1a5fe5677b0e4fbbc854e8908225637d,7503e261fd125ccacbd1ce01c16feaa4,http/1.1,,7802.220612,10.0.2.15,49254,23.219.91.11,443,tcp,7.248254999999517,599.0,178.0,RSTO,True,False,0,ShADadFR,8,927,7,462,ssl,0
7802.592713,CKJ7fr4NAklxaoxQub,10.0.2.15,49255,104.16.2.92,443,TLSv12,TLS_ECDHE_ECDSA_WITH_AES_128_GCM_SHA256,secp256r1,cdn.leagueoflegends.com,False,True,CsxuknGIti,"['03953f478a43d05a7fd9b254fa19753f6df31f1c6f651fde9af4359c1aa432f3', 'cd6c108a0e641f2ca122aaa6d03f826759cae7c6f800eabf76dc48b67cd083ce', '9573862ac0b4b125168810ea3fd101ae2eb0bb15f61fc0e6da7a2a38b85a89e8']",[],1.0,0ffee3ba8e615ad22535e7f771690a28,7d3eb4120cd50e889bcd3f3783be0f82,http/1.1,,7802.222246,10.0.2.15,49255,104.16.2.92,443,tcp,134.99506999999994,900.0,19944.0,SF,True,False,0,ShADadTTFf,29,2081,37,21428,ssl,0
7802.595524,CqQzbP373SP6egak2j,10.0.2.15,49252,104.94.37.54,443,TLSv12,TLS_ECDHE_RSA_WITH_AES_256_GCM_SHA384,secp256r1,s.lolstatic.com,False,True,CsxknGIti,"['d194c83c146d0139c356288aec2d7ab30ca38dfef43212dfb81702a352eec999', '074541ecdf88ed992ed5ade3ecddef27a26ba1b44480a195c0a8dadae2521d8e']",[],1.0,0ffee3ba8e615ad22535e7f771690a28,2b33c1374db4ddf06942f92373c0b54b,http/1.1,,7802.218773,10.0.2.15,49252,104.94.37.54,443,tcp,135.0569570000007,698.0,19026.0,SF,True,False,0,ShADadTTFf,27,1799,37,20510,ssl,0
7802.935214,CcMRM04MdJdS1n4271,10.0.2.15,49258,104.16.2.92,443,TLSv12,TLS_ECDHE_ECDSA_WITH_AES_128_GCM_SHA256,secp256r1,cdn.leagueoflegends.com,False,True,CsxuknGIti,"['03953f478a43d05a7fd9b254fa19753f6df31f1c6f651fde9af4359c1aa432f3', 'cd6c108a0e641f2ca122aaa6d03f826759cae7c6f800eabf76dc48b67cd083ce', '9573862ac0b4b125168810ea3fd101ae2eb0bb15f61fc0e6da7a2a38b85a89e8']",[],1.0,0ffee3ba8e615ad22535e7f771690a28,7d3eb4120cd50e889bcd3f3783be0f82,http/1.1,,7802.359993,10.0.2.15,49258,104.16.2.92,443,tcp,134.8945020000001,908.0,7775.0,SF,True,False,0,ShADadTTFf,25,1929,28,8899,ssl,0
7803.649433,COYcVD3c3FBmHdbYYd,10.0.2.15,49260,23.219.91.11,443,TLSv12,TLS_ECDHE_ECDSA_WITH_AES_256_GCM_SHA384,secp256r1,lolstatic-a.akamaihd.net,False,True,CsxuknGIti,"['56d0de4121d9daaea7a1ed67ff7b49ba2ea3d77cbab1c27901ee618b74a29e16', '2e2861289b5ccedecae4c31bf262e0fb0c29b6c1530573442731ca65d821e901']",[],1.0,0ffee3ba8e615ad22535e7f771690a28,ca6f3b7b341bf732d741bd93e9b37436,http/1.1,,7803.323632,10.0.2.15,49260,23.219.91.11,443,tcp,142.55031099999997,1318.0,136989.0,SF,True,False,0,ShADadTTFfRr,60,3739,146,142833,ssl,0
7806.336399,CmoSWm1kBRCUB8vh8l,10.0.2.15,49261,52.26.13.135,443,TLSv12,TLS_ECDHE_RSA_WITH_AES_128_GCM_SHA256,secp256r1,ekg.riotgames.com,False,True,CsxknGIi,"['049596c49b801bcc7a1677fbf93976fb203502b6e5f0034f4295ffa0b4408cb9', '19400be5b7a31fb733917700789d2f0a2471c0c9d506c0e504c06c16d7cb17c0']",[],1.0,0ffee3ba8e615ad22535e7f771690a28,303951d4c50efb2e991652225a6f02b1,,,7805.984806,10.0.2.15,49261,52.26.13.135,443,tcp,6.489665000000059,351.0,3157.0,SF,True,False,0,ShADadFfRr,11,799,12,3641,ssl,0
7806.3322,CMR6Tm4j9VKAhoTO1h,10.0.2.15,49262,52.26.13.135,443,TLSv12,TLS_ECDHE_RSA_WITH_AES_128_GCM_SHA256,secp256r1,ekg.riotgames.com,False,True,CsxknGIi,"['049596c49b801bcc7a1677fbf93976fb203502b6e5f0034f4295ffa0b4408cb9', '19400be5b7a31fb733917700789d2f0a2471c0c9d506c0e504c06c16d7cb17c0']",[],1.0,0ffee3ba8e615ad22535e7f771690a28,303951d4c50efb2e991652225a6f02b1,,,7805.989872,10.0.2.15,49262,52.26.13.135,443,tcp,100.73006499999974,2323.0,4547.0,SF,True,False,0,ShADadTFf,23,3260,24,5511,ssl,0
7808.99656,CN2M9D3L21CPocYLxd,10.0.2.15,49265,182.22.67.119,443,TLSv12,TLS_ECDHE_RSA_WITH_AES_128_GCM_SHA256,secp256r1,b97.yahoo.co.jp,False,True,CsxknGIti,"['737d5ce5c8fa3aa0c440bda1ab74dc357944907c59d123691cae71aca0857e95', 'cfb93c1b398f5884e698dceb02fc4300fbfff3824a03b43a89d7ae56cc401204']",[],1.0,0ffee3ba8e615ad22535e7f771690a28,389ed42c02ebecc32e73aa31def07e14,,,7808.664015,10.0.2.15,49265,182.22.67.119,443,tcp,4.208251999999447,966.0,3927.0,RSTR,True,False,0,ShADadfRr,12,1454,12,4411,ssl,0
7811.780632,C5iMn32Pnytv9UIvXc,10.0.2.15,49276,104.244.43.144,443,TLSv12,TLS_ECDHE_RSA_WITH_AES_128_GCM_SHA256,secp256r1,static.ads-twitter.com,False,True,CsxuknGIti,"['57c868a580b1e1d5c88d4b5ac225b028e8774ddb7c0e68e7729c4df4ffc17086', '19400be5b7a31fb733917700789d2f0a2471c0c9d506c0e504c06c16d7cb17c0']",[],1.0,0ffee3ba8e615ad22535e7f771690a28,76cc3e2d3028143b23ec18e27dbd7ca9,http/1.1,,7811.371379,10.0.2.15,49276,104.244.43.144,443,tcp,1.156199000000015,805.0,4707.0,RSTO,True,False,0,ShADadFR,11,1253,13,5231,ssl,0
7811.785473,C7bTFt18gmWeX172z,10.0.2.15,49274,104.244.43.144,443,TLSv12,TLS_ECDHE_RSA_WITH_AES_128_GCM_SHA256,secp256r1,static.ads-twitter.com,False,True,CsxuknGIti,"['57c868a580b1e1d5c88d4b5ac225b028e8774ddb7c0e68e7729c4df4ffc17086', '19400be5b7a31fb733917700789d2f0a2471c0c9d506c0e504c06c16d7cb17c0']",[],1.0,0ffee3ba8e615ad22535e7f771690a28,76cc3e2d3028143b23ec18e27dbd7ca9,http/1.1,,7811.369668,10.0.2.15,49274,104.244.43.144,443,tcp,7.052074000000175,388.0,4275.0,SF,True,False,0,ShADadFfRr,10,796,12,4759,ssl,0
7813.784729,CqJqhbvvlVEH2X2c4,10.0.2.15,49280,52.10.160.1,443,TLSv12,TLS_ECDHE_RSA_WITH_AES_128_GCM_SHA256,secp256r1,login.leagueoflegends.com,False,True,CsxknGIi,"['6a05f1b75ee4329c905bd46daceb5bf0c523df68f9b190fa106827741cf3a107', '19400be5b7a31fb733917700789d2f0a2471c0c9d506c0e504c06c16d7cb17c0']",[],1.0,0ffee3ba8e615ad22535e7f771690a28,303951d4c50efb2e991652225a6f02b1,,,7813.547945,10.0.2.15,49280,52.10.160.1,443,tcp,8.229230999999345,359.0,3165.0,SF,True,False,0,ShADadFfRr,10,767,12,3649,ssl,0
7813.752912,CBkCGy3o3MKbpvHM85,10.0.2.15,49279,52.10.160.1,443,TLSv12,TLS_ECDHE_RSA_WITH_AES_128_GCM_SHA256,secp256r1,login.leagueoflegends.com,False,True,CsxknGIi,"['6a05f1b75ee4329c905bd46daceb5bf0c523df68f9b190fa106827741cf3a107', '19400be5b7a31fb733917700789d2f0a2471c0c9d506c0e504c06c16d7cb17c0']",[],1.0,0ffee3ba8e615ad22535e7f771690a28,303951d4c50efb2e991652225a6f02b1,,,7813.543992,10.0.2.15,49279,52.10.160.1,443,tcp,123.89850399999978,1088.0,5174.0,SF,True,False,0,ShADadTTFfRr,26,2148,28,6298,ssl,0
7815.532909,CduOPZ2QvF7D3m0mii,10.0.2.15,49281,104.16.120.50,443,TLSv12,TLS_ECDHE_RSA_WITH_AES_128_GCM_SHA256,secp256r1,auth.riotgames.com,False,True,CsxuknGIti,"['07860b27679b4d7b6c6a80aef6cad2e1691be90ead5f9ccf93f3deabe7875399', '403e062a2653059113285baf80a0d4ae422c848c9f78fad01fc94bc5b87fef1a']",[],1.0,0ffee3ba8e615ad22535e7f771690a28,76cc3e2d3028143b23ec18e27dbd7ca9,http/1.1,,7815.508383,10.0.2.15,49281,104.16.120.50,443,tcp,140.17109899999923,2502.0,10571.0,SF,True,False,0,ShADadTTFf,27,3602,30,11775,ssl,0
7816.615834,CGedXOp3J9yu0ELni,10.0.2.15,49282,23.219.91.11,443,TLSv12,TLS_ECDHE_ECDSA_WITH_AES_256_GCM_SHA384,,lolstatic-a.akamaihd.net,True,True,CsiI,,,,1a5fe5677b0e4fbbc854e8908225637d,7503e261fd125ccacbd1ce01c16feaa4,http/1.1,,7816.312852,10.0.2.15,49282,23.219.91.11,443,tcp,155.14738599999964,3300.0,158906.0,SF,True,False,0,ShADadWTTFfRr,76,6362,177,165990,ssl,0
7816.617422,CT8qOokxCEt4vi1x1,10.0.2.15,49284,23.219.91.11,443,TLSv12,TLS_ECDHE_ECDSA_WITH_AES_256_GCM_SHA384,,lolstatic-a.akamaihd.net,True,True,CsiI,,,,1a5fe5677b0e4fbbc854e8908225637d,7503e261fd125ccacbd1ce01c16feaa4,http/1.1,,7816.31851,10.0.2.15,49284,23.219.91.11,443,tcp,129.5483290000002,978.0,42737.0,SF,True,False,0,ShADadTTFfRr,32,2278,58,45061,ssl,0
7816.61827,C8YCrw304XwdBhr2s7,10.0.2.15,49283,23.219.91.11,443,TLSv12,TLS_ECDHE_ECDSA_WITH_AES_256_GCM_SHA384,,lolstatic-a.akamaihd.net,True,True,CsiI,,,,1a5fe5677b0e4fbbc854e8908225637d,7503e261fd125ccacbd1ce01c16feaa4,http/1.1,,7816.315236,10.0.2.15,49283,23.219.91.11,443,tcp,129.55169099999966,1564.0,4518.0,SF,True,False,0,ShADadTTFfRr,24,2544,27,5602,ssl,0
7819.221951,CTgbId1dJWrs4p64k2,10.0.2.15,49286,23.219.91.11,443,TLSv12,TLS_ECDHE_ECDSA_WITH_AES_256_GCM_SHA384,,lolstatic-a.akamaihd.net,True,True,CsiI,,,,1a5fe5677b0e4fbbc854e8908225637d,7503e261fd125ccacbd1ce01c16feaa4,http/1.1,,7818.28296,10.0.2.15,49286,23.219.91.11,443,tcp,7.262004000000161,599.0,178.0,SF,True,False,0,ShADadFfRr,9,967,9,542,ssl,0
7819.222892,CV4GeQ14jxb5F8lhgd,10.0.2.15,49285,23.219.91.11,443,TLSv12,TLS_ECDHE_ECDSA_WITH_AES_256_GCM_SHA384,,lolstatic-a.akamaihd.net,True,True,CsiI,,,,1a5fe5677b0e4fbbc854e8908225637d,7503e261fd125ccacbd1ce01c16feaa4,http/1.1,,7818.279481,10.0.2.15,49285,23.219.91.11,443,tcp,127.5726910000003,1078.0,51729.0,SF,True,False,0,ShADadTTFfRr,37,2578,70,54533,ssl,0
7819.225724,CWBH6Q2ZV3BKmqiNSh,10.0.2.15,49287,23.219.91.11,443,TLSv12,TLS_ECDHE_ECDSA_WITH_AES_256_GCM_SHA384,,lolstatic-a.akamaihd.net,True,True,CsiI,,,,1a5fe5677b0e4fbbc854e8908225637d,7503e261fd125ccacbd1ce01c16feaa4,http/1.1,,7818.285395,10.0.2.15,49287,23.219.91.11,443,tcp,7.268804000000273,599.0,178.0,SF,True,False,0,ShADadFfRr,9,967,9,542,ssl,0
7821.178347,CRFDrxTKLF8H2eZua,10.0.2.15,49288,23.219.91.11,443,TLSv12,TLS_ECDHE_ECDSA_WITH_AES_256_GCM_SHA384,,lolstatic-a.akamaihd.net,True,True,CsiI,,,,1a5fe5677b0e4fbbc854e8908225637d,7503e261fd125ccacbd1ce01c16feaa4,http/1.1,,7820.533423,10.0.2.15,49288,23.219.91.11,443,tcp,6.069848000000093,599.0,178.0,SF,True,False,0,ShADadFfRr,9,967,9,542,ssl,0
7822.076894,CfVqPx1jv8mBv9Dy02,10.0.2.15,49290,52.42.90.189,443,TLSv12,TLS_ECDHE_RSA_WITH_AES_128_GCM_SHA256,x25519,prod02.kaxsdc.com,False,True,CsxknGIti,"['4512b4938ea932ff3976c5c9d535b80cd828a4fbd439499daf0faa3919483425', 'bc3f03a436240edba5f83714f6f677e34b37f9b1f0c08c1e558d981e279e8209']",[],1.0,0ffee3ba8e615ad22535e7f771690a28,9e4af711131ebfb2a0cff53c4f2d64e6,,,7821.883772,10.0.2.15,49290,52.42.90.189,443,tcp,17.95831300000009,3566.0,35245.0,SF,True,False,0,ShADadfF,25,4574,44,37009,ssl,0
7822.081922,C7F1sC2Cqyo1T4Gurl,10.0.2.15,49289,52.42.90.189,443,TLSv12,TLS_ECDHE_RSA_WITH_AES_128_GCM_SHA256,x25519,prod02.kaxsdc.com,False,True,CsxknGIti,"['4512b4938ea932ff3976c5c9d535b80cd828a4fbd439499daf0faa3919483425', 'bc3f03a436240edba5f83714f6f677e34b37f9b1f0c08c1e558d981e279e8209']",[],1.0,0ffee3ba8e615ad22535e7f771690a28,9e4af711131ebfb2a0cff53c4f2d64e6,,,7821.882515,10.0.2.15,49289,52.42.90.189,443,tcp,13.00046199999997,995.0,3068.0,SF,True,False,0,ShADadfF,11,1443,11,3512,ssl,0
7840.945801,CHsyyqu69X14usYLb,10.0.2.15,49296,104.16.139.241,443,TLSv12,TLS_ECDHE_ECDSA_WITH_AES_128_GCM_SHA256,secp256r1,signup.euw.leagueoflegends.com,False,True,CsxknGIti,"['da0604bfbe3a1471be33b187e4b126db2f6d4c634184225d8539ab72fb2a0f56', '6172d7a1996cbef71a0182dd44b99e9c035742a9ebd0311aa73aa4733344c5a6']",[],1.0,0ffee3ba8e615ad22535e7f771690a28,2d1eb5817ece335c24904f516ad5da12,http/1.1,,7840.91377,10.0.2.15,49296,104.16.139.241,443,tcp,151.44662900000003,5954.0,37761.0,SF,True,False,0,ShADadTTFf,40,7575,62,40245,ssl,0
7843.383285,Cy7RTk4cnKr2irwfmb,10.0.2.15,49298,104.16.139.241,443,TLSv12,TLS_ECDHE_ECDSA_WITH_AES_128_GCM_SHA256,,signup.euw.leagueoflegends.com,True,True,CsiI,,,,1a5fe5677b0e4fbbc854e8908225637d,96681175a9547081bf3d417f1a572091,http/1.1,,7843.286621,10.0.2.15,49298,104.16.139.241,443,tcp,149.0770539999994,3405.0,138330.0,SF,True,False,0,ShADadTTFf,53,5546,135,143734,ssl,0
7843.662449,CEbvcv26HwaicBk7u6,10.0.2.15,49300,54.230.92.15,443,TLSv12,TLS_ECDHE_RSA_WITH_AES_128_GCM_SHA256,secp256r1,consent-st.truste.com,False,True,CsxuknGIti,"['9885030d1a13434b132aebde5f075a7157da85f8bb0e594c550f23b8f09d137f', 'e0898ad662474b9f753c79bea878031c9a5d634a49edd6310b960ab023c02c0e']",[],1.0,0ffee3ba8e615ad22535e7f771690a28,76cc3e2d3028143b23ec18e27dbd7ca9,http/1.1,,7843.306877,10.0.2.15,49300,54.230.92.15,443,tcp,7.435746000000108,355.0,5555.0,SF,True,False,0,ShADadFf,10,763,11,5999,ssl,0
7843.676322,ChpyV42UiAzJEUnJo1,10.0.2.15,49299,54.247.107.48,443,TLSv12,TLS_ECDHE_RSA_WITH_AES_128_GCM_SHA256,secp256r1,consent.truste.com,False,True,CsxknGIi,"['9885030d1a13434b132aebde5f075a7157da85f8bb0e594c550f23b8f09d137f', 'e0898ad662474b9f753c79bea878031c9a5d634a49edd6310b960ab023c02c0e']",[],1.0,0ffee3ba8e615ad22535e7f771690a28,303951d4c50efb2e991652225a6f02b1,,,7843.290399,10.0.2.15,49299,54.247.107.48,443,tcp,7.479380999999194,352.0,3690.0,SF,True,False,0,ShADadFfRr,11,800,12,4174,ssl,0
7844.276227,CNbrWh18fGYAjkcDs6,10.0.2.15,49304,104.16.139.241,443,TLSv12,TLS_ECDHE_ECDSA_WITH_AES_128_GCM_SHA256,,signup.euw.leagueoflegends.com,True,True,CsiI,,,,1a5fe5677b0e4fbbc854e8908225637d,96681175a9547081bf3d417f1a572091,http/1.1,,7843.387289,10.0.2.15,49304,104.16.139.241,443,tcp,148.95157999999992,3315.0,171666.0,SF,True,False,0,ShADadWTTFf,59,5696,169,178430,ssl,0
7844.321055,Cb21792KrJjyodhuk,10.0.2.15,49303,104.16.139.241,443,TLSv12,TLS_ECDHE_ECDSA_WITH_AES_128_GCM_SHA256,,signup.euw.leagueoflegends.com,True,True,CsiI,,,,1a5fe5677b0e4fbbc854e8908225637d,96681175a9547081bf3d417f1a572091,http/1.1,,7843.38658,10.0.2.15,49303,104.16.139.241,443,tcp,148.9590330000001,2701.0,5575.0,SF,True,False,0,ShADadTTFf,26,3762,28,6699,ssl,0
7844.327951,CiUmvdJoO0hS0hEw5,10.0.2.15,49301,172.217.23.227,443,TLSv12,TLS_ECDHE_ECDSA_WITH_AES_128_GCM_SHA256,,fonts.gstatic.com,True,True,CsiI,,,,1a5fe5677b0e4fbbc854e8908225637d,c23237dbea656869600e48dfbd00ab7b,h2,,7843.319648,10.0.2.15,49301,172.217.23.227,443,tcp,196.5016260000002,984.0,430.0,SF,True,False,0,ShADadFf,18,1712,19,1194,ssl,0
7844.331828,CBIDys3PICAdDKrRWa,10.0.2.15,49302,52.26.13.135,443,TLSv12,TLS_ECDHE_RSA_WITH_AES_128_GCM_SHA256,secp256r1,ekg.riotgames.com,False,True,CsxknGIi,"['049596c49b801bcc7a1677fbf93976fb203502b6e5f0034f4295ffa0b4408cb9', '19400be5b7a31fb733917700789d2f0a2471c0c9d506c0e504c06c16d7cb17c0']",[],1.0,0ffee3ba8e615ad22535e7f771690a28,303951d4c50efb2e991652225a6f02b1,,,7843.377228,10.0.2.15,49302,52.26.13.135,443,tcp,7.521629999999277,351.0,3157.0,SF,True,False,0,ShADadFfRr,10,759,13,3681,ssl,0
7844.647813,CsGlotJKL8zDv84oc,10.0.2.15,49305,172.217.23.227,443,TLSv12,TLS_ECDHE_ECDSA_WITH_AES_128_GCM_SHA256,x25519,www.gstatic.com,False,True,CsxknGIti,"['11ddd329046367c19b32ffdb02ed308de129de4d6ffcf95856d7bd6a7accfba9', '9f630426df1d8abfd80ace98871ba833ab9742cb34838de2b5285ed54c0c7dcc', '3c35cc963eb004451323d3275d05b353235053490d9cd83729a2faf5e7ca1cc0']",[],1.0,0ffee3ba8e615ad22535e7f771690a28,84480cf8cf0e732666092640e581e1a5,h2,,7843.731944,10.0.2.15,49305,172.217.23.227,443,tcp,303.0676309999999,1616.0,20378.0,SF,True,False,0,ShADadFf,36,3064,50,22382,ssl,0
7846.794729,C7GyyCDCSNs4Yvng3,10.0.2.15,49307,104.16.139.241,443,TLSv12,TLS_ECDHE_ECDSA_WITH_AES_128_GCM_SHA256,,signup.euw.leagueoflegends.com,True,True,CsiI,,,,1a5fe5677b0e4fbbc854e8908225637d,96681175a9547081bf3d417f1a572091,http/1.1,,7846.259883,10.0.2.15,49307,104.16.139.241,443,tcp,145.985635,2015.0,4805.0,SF,True,False,0,ShADadTTFf,24,2996,26,5849,ssl,0
7846.795712,CbKe6e1cA65oszWnd1,10.0.2.15,49306,104.16.139.241,443,TLSv12,TLS_ECDHE_ECDSA_WITH_AES_128_GCM_SHA256,,signup.euw.leagueoflegends.com,True,True,CsiI,,,,1a5fe5677b0e4fbbc854e8908225637d,96681175a9547081bf3d417f1a572091,http/1.1,,7846.258907,10.0.2.15,49306,104.16.139.241,443,tcp,125.1924599999993,1297.0,983.0,SF,True,False,0,ShADadTTFf,21,2157,21,1827,ssl,0
7848.930453,CETxng2SCVdXGA8oH7,10.0.2.15,49308,172.217.23.227,443,TLSv12,TLS_ECDHE_ECDSA_WITH_AES_128_GCM_SHA256,,www.gstatic.com,True,True,CsiI,,,,1a5fe5677b0e4fbbc854e8908225637d,c23237dbea656869600e48dfbd00ab7b,h2,,7847.503346,10.0.2.15,49308,172.217.23.227,443,tcp,3.812950999999884,808.0,292.0,SF,True,False,0,ShADadFf,11,1256,11,736,ssl,0
7850.148367,C0dZHO3XRjg95vSN1g,10.0.2.15,49311,198.232.124.194,443,TLSv12,TLS_ECDHE_RSA_WITH_AES_128_GCM_SHA256,secp256r1,static.hotjar.com,False,True,CsxknGIti,"['87cc3355bb40b2a7f5b8082522c42478d0405f3193cd54900cd2a7da8bc828f7', 'b9f2164323638dce0b92218b43c41c1b2b2696389329db19f5cf7ad49b5cb372', '1a5174980a294a528a110726d5855650266c48d9883bea692b67b6d726da98c5']",[],1.0,0ffee3ba8e615ad22535e7f771690a28,b898351eb5e266aefd3723d466935494,h2,,7849.624347,10.0.2.15,49311,198.232.124.194,443,tcp,42.96092000000044,827.0,6171.0,SF,True,False,0,ShADadfFRRRRr,18,1555,22,7055,ssl,0
7850.150338,CyLuMk3f9fgAoTdrJ5,10.0.2.15,49310,216.58.201.66,443,TLSv12,TLS_ECDHE_RSA_WITH_AES_128_GCM_SHA256,x25519,www.googleadservices.com,False,True,CsxknGIti,"['33c13616ade5804cb64668e7fede6e1ef8141ce96a24e69910dfdd83efac1907', '9f630426df1d8abfd80ace98871ba833ab9742cb34838de2b5285ed54c0c7dcc', '3c35cc963eb004451323d3275d05b353235053490d9cd83729a2faf5e7ca1cc0']",[],1.0,0ffee3ba8e615ad22535e7f771690a28,ab41313cfec25328b20865eb1388e0a2,h2,,7849.586344,10.0.2.15,49310,216.58.201.66,443,tcp,199.49113599999964,742.0,4033.0,SF,True,False,0,ShADadFf,19,1510,21,4877,ssl,0
7850.38045,ClnvYa422k00euk3S2,10.0.2.15,49312,183.79.248.252,443,TLSv12,TLS_ECDHE_RSA_WITH_AES_128_GCM_SHA256,secp256r1,s.yimg.jp,False,True,CsxknGIti,"['864799f0ec72700aa95e2890cecd7f503c007724db4f47f446a8310fc1c5b991', 'eb57f205113a581147e0f1d97328274fb030ec69eec89ca297dcf55a3fb4463c']",[],1.0,0ffee3ba8e615ad22535e7f771690a28,b898351eb5e266aefd3723d466935494,h2,,7849.625433,10.0.2.15,49312,183.79.248.252,443,tcp,197.4647299999997,928.0,6936.0,SF,True,False,0,ShADadfF,21,1776,25,7940,ssl,0
7851.801886,CtKP3q6IRAIn4FBJe,10.0.2.15,49313,198.232.124.194,443,TLSv12,TLS_ECDHE_RSA_WITH_AES_128_GCM_SHA256,secp256r1,static.hotjar.com,False,True,CsxknGIti,"['87cc3355bb40b2a7f5b8082522c42478d0405f3193cd54900cd2a7da8bc828f7', 'b9f2164323638dce0b92218b43c41c1b2b2696389329db19f5cf7ad49b5cb372', '1a5174980a294a528a110726d5855650266c48d9883bea692b67b6d726da98c5']",[],1.0,0ffee3ba8e615ad22535e7f771690a28,b898351eb5e266aefd3723d466935494,h2,,7850.393306,10.0.2.15,49313,198.232.124.194,443,tcp,4.892906000000039,560.0,5007.0,SF,True,False,0,ShADadFf,12,1048,15,5611,ssl,0
7851.8115,CLAJQJnIPi3Bw5eMl,10.0.2.15,49314,183.79.248.252,443,TLSv12,TLS_ECDHE_RSA_WITH_AES_128_GCM_SHA256,secp256r1,s.yimg.jp,False,True,CsxknGIti,"['864799f0ec72700aa95e2890cecd7f503c007724db4f47f446a8310fc1c5b991', 'eb57f205113a581147e0f1d97328274fb030ec69eec89ca297dcf55a3fb4463c']",[],1.0,0ffee3ba8e615ad22535e7f771690a28,b898351eb5e266aefd3723d466935494,h2,,7850.398755,10.0.2.15,49314,183.79.248.252,443,tcp,4.511384999999791,552.0,5282.0,RSTO,True,False,0,ShADadFR,12,1040,13,5806,ssl,0
7854.218679,CCqTYU6ue32947O0e,10.0.2.15,49323,54.247.107.48,443,TLSv12,TLS_ECDHE_RSA_WITH_AES_128_GCM_SHA256,,consent.truste.com,True,True,CsiI,,,,0ffee3ba8e615ad22535e7f771690a28,303951d4c50efb2e991652225a6f02b1,,,7852.866231,10.0.2.15,49323,54.247.107.48,443,tcp,139.5601429999997,1705.0,7671.0,SF,True,False,0,ShADadTTFfRr,29,2886,32,8955,ssl,0
7855.258769,CW0gVy4udZxzi46VId,10.0.2.15,49324,54.247.107.48,443,TLSv12,TLS_ECDHE_RSA_WITH_AES_128_GCM_SHA256,,consent.truste.com,True,True,CsiI,,,,0ffee3ba8e615ad22535e7f771690a28,303951d4c50efb2e991652225a6f02b1,,,7854.663253,10.0.2.15,49324,54.247.107.48,443,tcp,7.5139680000002045,309.0,176.0,SF,True,False,0,ShADadFfRr,8,637,9,540,ssl,0
7856.923433,CjV2bBho7zHbpuPX6,10.0.2.15,49326,94.31.29.64,443,TLSv12,TLS_ECDHE_RSA_WITH_AES_128_GCM_SHA256,secp256r1,vars.hotjar.com,False,True,CsxknGIti,"['87cc3355bb40b2a7f5b8082522c42478d0405f3193cd54900cd2a7da8bc828f7', 'b9f2164323638dce0b92218b43c41c1b2b2696389329db19f5cf7ad49b5cb372', '1a5174980a294a528a110726d5855650266c48d9883bea692b67b6d726da98c5']",[],1.0,0ffee3ba8e615ad22535e7f771690a28,b898351eb5e266aefd3723d466935494,h2,,7856.886068,10.0.2.15,49326,94.31.29.64,443,tcp,35.087716,597.0,5084.0,SF,True,False,0,ShADadfF,13,1125,16,5728,ssl,0
7856.925536,CGxFhp4EwSQKgF0zka,10.0.2.15,49325,94.31.29.249,443,TLSv12,TLS_ECDHE_RSA_WITH_AES_128_GCM_SHA256,secp256r1,script.hotjar.com,False,True,CsxknGIti,"['87cc3355bb40b2a7f5b8082522c42478d0405f3193cd54900cd2a7da8bc828f7', 'b9f2164323638dce0b92218b43c41c1b2b2696389329db19f5cf7ad49b5cb372', '1a5174980a294a528a110726d5855650266c48d9883bea692b67b6d726da98c5']",[],1.0,0ffee3ba8e615ad22535e7f771690a28,b898351eb5e266aefd3723d466935494,h2,,7856.882874,10.0.2.15,49325,94.31.29.249,443,tcp,137.5277530000003,691.0,5176.0,SF,True,False,0,ShADadfF,17,1379,21,6020,ssl,0
7857.271081,C7zTih4llMvwZ1MqWa,10.0.2.15,49333,54.230.92.15,443,TLSv12,TLS_ECDHE_RSA_WITH_AES_128_GCM_SHA256,,consent-st.truste.com,True,True,CsiI,,,,1a5fe5677b0e4fbbc854e8908225637d,d199ba0af2b08e204c73d6d81a1fd260,http/1.1,,7856.898168,10.0.2.15,49333,54.230.92.15,443,tcp,121.24292700000024,1051.0,17176.0,SF,True,False,0,ShADadTTfF,23,1990,31,18420,ssl,0
7857.276143,CNgvvldQnMEG9mh3k,10.0.2.15,49332,199.96.57.6,443,TLSv12,TLS_ECDHE_RSA_WITH_AES_128_GCM_SHA256,secp256r1,platform.twitter.com,False,True,CsxuknGIti,"['03836d502e2fb8a9f4cc51e912b5e69c5f72393c36e0ed751d7fb22118adb56e', '19400be5b7a31fb733917700789d2f0a2471c0c9d506c0e504c06c16d7cb17c0']",[],1.0,0ffee3ba8e615ad22535e7f771690a28,76cc3e2d3028143b23ec18e27dbd7ca9,http/1.1,,7856.89574,10.0.2.15,49332,199.96.57.6,443,tcp,2.117140999999719,1020.0,4832.0,SF,True,False,0,ShADadfF,10,1428,12,5316,ssl,0
7857.516045,C6WtrU1daMI3gQaQ6b,10.0.2.15,49329,199.96.57.6,443,TLSv12,TLS_ECDHE_RSA_WITH_AES_128_GCM_SHA256,secp256r1,platform.twitter.com,False,True,CsxuknGIti,"['03836d502e2fb8a9f4cc51e912b5e69c5f72393c36e0ed751d7fb22118adb56e', '19400be5b7a31fb733917700789d2f0a2471c0c9d506c0e504c06c16d7cb17c0']",[],1.0,0ffee3ba8e615ad22535e7f771690a28,76cc3e2d3028143b23ec18e27dbd7ca9,http/1.1,,7856.891974,10.0.2.15,49329,199.96.57.6,443,tcp,7.16767499999969,386.0,4447.0,SF,True,False,0,ShADadFRfr,11,834,13,4971,ssl,0
7857.54185,CRVPPXZB7oDswG5Ld,10.0.2.15,49330,182.22.67.119,443,TLSv12,TLS_ECDHE_RSA_WITH_AES_128_GCM_SHA256,secp256r1,b97.yahoo.co.jp,False,True,CsxknGIti,"['737d5ce5c8fa3aa0c440bda1ab74dc357944907c59d123691cae71aca0857e95', 'cfb93c1b398f5884e698dceb02fc4300fbfff3824a03b43a89d7ae56cc401204']",[],1.0,1a5fe5677b0e4fbbc854e8908225637d,389ed42c02ebecc32e73aa31def07e14,,,7856.893216,10.0.2.15,49330,182.22.67.119,443,tcp,4.079218999999284,1388.0,3927.0,SF,True,False,0,ShADadfF,11,1836,13,4451,ssl,0
7857.544931,Cer7wx4Q6tReFpPsfh,10.0.2.15,49328,182.22.67.119,443,TLSv12,TLS_ECDHE_RSA_WITH_AES_128_GCM_SHA256,secp256r1,b97.yahoo.co.jp,False,True,CsxknGIti,"['737d5ce5c8fa3aa0c440bda1ab74dc357944907c59d123691cae71aca0857e95', 'cfb93c1b398f5884e698dceb02fc4300fbfff3824a03b43a89d7ae56cc401204']",[],1.0,1a5fe5677b0e4fbbc854e8908225637d,389ed42c02ebecc32e73aa31def07e14,,,7856.890183,10.0.2.15,49328,182.22.67.119,443,tcp,7.406353999999737,674.0,3303.0,SF,True,False,0,ShADadFf,9,1042,11,3747,ssl,0
7859.523834,Covjd51FwbYOw49Xn8,10.0.2.15,49334,151.101.65.63,443,TLSv12,TLS_ECDHE_RSA_WITH_AES_128_GCM_SHA256,secp256r1,streamable.com,False,True,CsxuknGIti,"['cbc13f8ebc861afb8679437a499943acd9d8d9cad7f529e8ac7ea23d1cf07d4d', '4b7334e1d8999822bafa8ff6888125389b18a4e5ab26ffa624c7f68fdc81f0cb']",[],1.0,0ffee3ba8e615ad22535e7f771690a28,860fcf58fd757e26aa8911e5eaff6b53,h2,,7858.892133,10.0.2.15,49334,151.101.65.63,443,tcp,256.59760000000006,1214.0,21688.0,SF,True,False,0,ShADadFfRr,28,2342,41,23332,ssl,0
7859.520031,Cd0OIK1Nuc7ZsWlTtg,10.0.2.15,49335,151.101.65.63,443,TLSv12,TLS_ECDHE_RSA_WITH_AES_128_GCM_SHA256,secp256r1,streamable.com,False,True,CsxuknGIti,"['cbc13f8ebc861afb8679437a499943acd9d8d9cad7f529e8ac7ea23d1cf07d4d', '4b7334e1d8999822bafa8ff6888125389b18a4e5ab26ffa624c7f68fdc81f0cb']",[],1.0,0ffee3ba8e615ad22535e7f771690a28,860fcf58fd757e26aa8911e5eaff6b53,h2,,7858.898721,10.0.2.15,49335,151.101.65.63,443,tcp,4.386611000000812,819.0,19226.0,SF,True,False,0,ShADadFfRr,24,1787,35,20630,ssl,0
7862.731204,CIFnap4lhngsMhXdBj,10.0.2.15,49337,104.244.43.112,443,TLSv12,TLS_ECDHE_RSA_WITH_AES_128_GCM_SHA256,secp256r1,static.ads-twitter.com,False,True,CsxuknGIti,"['57c868a580b1e1d5c88d4b5ac225b028e8774ddb7c0e68e7729c4df4ffc17086', '19400be5b7a31fb733917700789d2f0a2471c0c9d506c0e504c06c16d7cb17c0']",[],1.0,0ffee3ba8e615ad22535e7f771690a28,76cc3e2d3028143b23ec18e27dbd7ca9,http/1.1,,7861.28656,10.0.2.15,49337,104.244.43.112,443,tcp,12.99886300000071,810.0,4707.0,SF,True,False,0,ShADadTfF,11,1259,13,5231,ssl,0
7862.734915,CrczSU29QGfhuFwPsd,10.0.2.15,49336,104.244.43.112,443,TLSv12,TLS_ECDHE_RSA_WITH_AES_128_GCM_SHA256,secp256r1,static.ads-twitter.com,False,True,CsxuknGIti,"['57c868a580b1e1d5c88d4b5ac225b028e8774ddb7c0e68e7729c4df4ffc17086', '19400be5b7a31fb733917700789d2f0a2471c0c9d506c0e504c06c16d7cb17c0']",[],1.0,0ffee3ba8e615ad22535e7f771690a28,76cc3e2d3028143b23ec18e27dbd7ca9,http/1.1,,7861.2852,10.0.2.15,49336,104.244.43.112,443,tcp,7.638211999999839,388.0,4275.0,RSTO,True,False,0,ShADadFR,9,756,11,4719,ssl,0
7864.993904,CLLLaVf8Wxp4NYtz4,10.0.2.15,49343,151.101.113.63,443,TLSv12,TLS_ECDHE_RSA_WITH_AES_128_GCM_SHA256,secp256r1,cdn-w2.streamable.com,False,True,CsxuknGIti,"['cbc13f8ebc861afb8679437a499943acd9d8d9cad7f529e8ac7ea23d1cf07d4d', '4b7334e1d8999822bafa8ff6888125389b18a4e5ab26ffa624c7f68fdc81f0cb']",[],1.0,0ffee3ba8e615ad22535e7f771690a28,860fcf58fd757e26aa8911e5eaff6b53,h2,,7864.850781,10.0.2.15,49343,151.101.113.63,443,tcp,5.774655999999595,355.0,6986.0,SF,True,False,0,ShADadFRfr,11,803,14,7550,ssl,0
7865.117909,Cgx5w62LGRlQwCnMq8,10.0.2.15,49342,91.198.174.208,443,TLSv12,TLS_ECDHE_ECDSA_WITH_CHACHA20_POLY1305_SHA256,x25519,upload.wikimedia.org,False,True,CsxuknGIi,"['e804b75cf2b50b1f41eeb1bb9081178d86863f93253d100d858dfb3d5120b86b', '19400be5b7a31fb733917700789d2f0a2471c0c9d506c0e504c06c16d7cb17c0']",[],1.0,0ffee3ba8e615ad22535e7f771690a28,e1780de8814476f0cb0c3f0226424e51,h2,,7864.850027,10.0.2.15,49342,91.198.174.208,443,tcp,204.09547099999963,1009.0,91998.0,SF,True,False,0,ShADadFf,41,2657,100,96002,ssl,0
7865.325182,CiHPxf134ShdZG44B4,10.0.2.15,49341,151.101.113.63,443,TLSv12,TLS_ECDHE_RSA_WITH_AES_128_GCM_SHA256,secp256r1,cdn-e2.streamable.com,False,True,CsxuknGIti,"['cbc13f8ebc861afb8679437a499943acd9d8d9cad7f529e8ac7ea23d1cf07d4d', '4b7334e1d8999822bafa8ff6888125389b18a4e5ab26ffa624c7f68fdc81f0cb']",[],1.0,0ffee3ba8e615ad22535e7f771690a28,860fcf58fd757e26aa8911e5eaff6b53,h2,,7864.849552,10.0.2.15,49341,151.101.113.63,443,tcp,5.790546000000177,355.0,6986.0,SF,True,False,0,ShADadFRfr,12,843,18,7710,ssl,0
7865.51314,C12LJz2zGtbG4JK3jl,10.0.2.15,49340,151.101.113.63,443,TLSv12,TLS_ECDHE_RSA_WITH_AES_128_GCM_SHA256,secp256r1,cdn-e2.streamable.com,False,True,CsxuknGIti,"['cbc13f8ebc861afb8679437a499943acd9d8d9cad7f529e8ac7ea23d1cf07d4d', '4b7334e1d8999822bafa8ff6888125389b18a4e5ab26ffa624c7f68fdc81f0cb']",[],1.0,0ffee3ba8e615ad22535e7f771690a28,860fcf58fd757e26aa8911e5eaff6b53,h2,,7864.848499,10.0.2.15,49340,151.101.113.63,443,tcp,8.451317000000017,355.0,6986.0,SF,True,False,0,ShADadFfRr,11,803,15,7590,ssl,0
7865.70261,CisSSb3wPuZMjYextk,10.0.2.15,49339,91.198.174.208,443,TLSv12,TLS_ECDHE_ECDSA_WITH_CHACHA20_POLY1305_SHA256,x25519,upload.wikimedia.org,False,True,CsxuknGIi,"['e804b75cf2b50b1f41eeb1bb9081178d86863f93253d100d858dfb3d5120b86b', '19400be5b7a31fb733917700789d2f0a2471c0c9d506c0e504c06c16d7cb17c0']",[],1.0,0ffee3ba8e615ad22535e7f771690a28,e1780de8814476f0cb0c3f0226424e51,h2,,7864.847929,10.0.2.15,49339,91.198.174.208,443,tcp,8.468613000000005,305.0,3960.0,SF,True,False,0,ShADadFf,9,673,10,4364,ssl,0
7864.990216,CmOnYl3v6AK4aIfWV8,10.0.2.15,49346,151.101.113.63,443,TLSv12,TLS_ECDHE_RSA_WITH_AES_128_GCM_SHA256,secp256r1,app.streamable.com,False,True,CsxuknGIti,"['cbc13f8ebc861afb8679437a499943acd9d8d9cad7f529e8ac7ea23d1cf07d4d', '4b7334e1d8999822bafa8ff6888125389b18a4e5ab26ffa624c7f68fdc81f0cb']",[],1.0,0ffee3ba8e615ad22535e7f771690a28,860fcf58fd757e26aa8911e5eaff6b53,h2,,7864.857986,10.0.2.15,49346,151.101.113.63,443,tcp,4.34151699999984,809.0,40297.0,SF,True,False,0,ShADadFfRr,25,1817,49,42261,ssl,0
7864.991949,C2QO343sEXkYp26ox2,10.0.2.15,49345,151.101.113.63,443,TLSv12,TLS_ECDHE_RSA_WITH_AES_128_GCM_SHA256,secp256r1,app.streamable.com,False,True,CsxuknGIti,"['cbc13f8ebc861afb8679437a499943acd9d8d9cad7f529e8ac7ea23d1cf07d4d', '4b7334e1d8999822bafa8ff6888125389b18a4e5ab26ffa624c7f68fdc81f0cb']",[],1.0,0ffee3ba8e615ad22535e7f771690a28,860fcf58fd757e26aa8911e5eaff6b53,h2,,7864.854288,10.0.2.15,49345,151.101.113.63,443,tcp,4.468151999999463,812.0,9096.0,SF,True,False,0,ShADadFfRr,18,1540,24,10060,ssl,0
7864.993028,C7Qi9f3BOl4tnt6Zxe,10.0.2.15,49344,151.101.113.63,443,TLSv12,TLS_ECDHE_RSA_WITH_AES_128_GCM_SHA256,secp256r1,app.streamable.com,False,True,CsxuknGIti,"['cbc13f8ebc861afb8679437a499943acd9d8d9cad7f529e8ac7ea23d1cf07d4d', '4b7334e1d8999822bafa8ff6888125389b18a4e5ab26ffa624c7f68fdc81f0cb']",[],1.0,0ffee3ba8e615ad22535e7f771690a28,860fcf58fd757e26aa8911e5eaff6b53,h2,,7864.852272,10.0.2.15,49344,151.101.113.63,443,tcp,5.095307999999932,797.0,368330.0,SF,True,False,0,ShADadFfRr,66,3445,288,379854,ssl,0
7865.910231,CZstXfKgLb5HoSb4,10.0.2.15,49338,151.101.113.63,443,TLSv12,TLS_ECDHE_RSA_WITH_AES_128_GCM_SHA256,secp256r1,app.streamable.com,False,True,CsxuknGIti,"['cbc13f8ebc861afb8679437a499943acd9d8d9cad7f529e8ac7ea23d1cf07d4d', '4b7334e1d8999822bafa8ff6888125389b18a4e5ab26ffa624c7f68fdc81f0cb']",[],1.0,0ffee3ba8e615ad22535e7f771690a28,860fcf58fd757e26aa8911e5eaff6b53,h2,,7864.84732,10.0.2.15,49338,151.101.113.63,443,tcp,204.1167949999999,1245.0,221786.0,SF,True,False,0,ShADadFfRr,83,4573,231,231030,ssl,0
7866.772716,CnFEPc4IjO5fQJUsIc,10.0.2.15,49347,199.16.156.11,443,TLSv12,TLS_ECDHE_RSA_WITH_AES_128_GCM_SHA256,secp256r1,t.co,False,True,CsxknGIti,"['2cb0d0ceb37216303762007711e3445be2b7c56611c5ccce3598505c63e56c54', '403e062a2653059113285baf80a0d4ae422c848c9f78fad01fc94bc5b87fef1a']",[],1.0,0ffee3ba8e615ad22535e7f771690a28,8d2a028aa94425f76ced7826b1f39039,h2,,7866.596552,10.0.2.15,49347,199.16.156.11,443,tcp,4.118046999999933,934.0,5018.0,SF,True,False,0,ShADadFRfr,18,1662,22,5902,ssl,0
7871.056731,CTOy2bi9wcS8Hj7Ki,10.0.2.15,49349,172.217.23.227,443,TLSv12,TLS_ECDHE_ECDSA_WITH_AES_128_GCM_SHA256,x25519,fonts.gstatic.com,False,True,CsxknGIti,"['11ddd329046367c19b32ffdb02ed308de129de4d6ffcf95856d7bd6a7accfba9', '9f630426df1d8abfd80ace98871ba833ab9742cb34838de2b5285ed54c0c7dcc', '3c35cc963eb004451323d3275d05b353235053490d9cd83729a2faf5e7ca1cc0']",[],1.0,0ffee3ba8e615ad22535e7f771690a28,84480cf8cf0e732666092640e581e1a5,h2,,7871.032747,10.0.2.15,49349,172.217.23.227,443,tcp,355.16387399999894,2311.0,93353.0,SF,True,False,0,ShADadFf,58,4639,121,98197,ssl,0
7871.062742,CxLwKE5xSU0TBCqqf,10.0.2.15,49350,172.217.23.227,443,TLSv12,TLS_ECDHE_ECDSA_WITH_AES_128_GCM_SHA256,x25519,fonts.gstatic.com,False,True,CsxknGIti,"['11ddd329046367c19b32ffdb02ed308de129de4d6ffcf95856d7bd6a7accfba9', '9f630426df1d8abfd80ace98871ba833ab9742cb34838de2b5285ed54c0c7dcc', '3c35cc963eb004451323d3275d05b353235053490d9cd83729a2faf5e7ca1cc0']",[],1.0,0ffee3ba8e615ad22535e7f771690a28,84480cf8cf0e732666092640e581e1a5,h2,,7871.038649,10.0.2.15,49350,172.217.23.227,443,tcp,1.837881999999808,559.0,4422.0,SF,True,False,0,ShADadFf,13,1087,15,5026,ssl,0
7871.290869,Cp4AXD4SxInO6pYqia,10.0.2.15,49348,34.199.142.90,443,TLSv12,TLS_ECDHE_RSA_WITH_AES_128_GCM_SHA256,secp256r1,ajax.streamable.com,False,True,CsxknGIi,"['da871f0f77e5c6af244af02370abcf6a7ac12808e8074d7eaf7c03ea26239da7', '154c433c491929c5ef686e838e323664a00e6a0d822ccc958fb4dab03e49a08f']",[],1.0,0ffee3ba8e615ad22535e7f771690a28,303951d4c50efb2e991652225a6f02b1,,,7871.021787,10.0.2.15,49348,34.199.142.90,443,tcp,188.36526800000047,1058.0,4595.0,SF,True,False,0,ShADadTTFf,29,2243,31,5839,ssl,0
7871.55401,COB3oa10kHzKrg3aJb,10.0.2.15,49351,34.199.142.90,443,TLSv12,TLS_ECDHE_RSA_WITH_AES_128_GCM_SHA256,secp256r1,ajax.streamable.com,False,True,CsxknGIi,"['da871f0f77e5c6af244af02370abcf6a7ac12808e8074d7eaf7c03ea26239da7', '154c433c491929c5ef686e838e323664a00e6a0d822ccc958fb4dab03e49a08f']",[],1.0,0ffee3ba8e615ad22535e7f771690a28,303951d4c50efb2e991652225a6f02b1,,,7871.296077,10.0.2.15,49351,34.199.142.90,443,tcp,6.331925999999839,353.0,3047.0,SF,True,False,0,ShADadFfRr,11,801,12,3531,ssl,0
7874.404748,CCY8oD1c33ueTuPPol,10.0.2.15,49353,52.44.4.52,443,TLSv12,TLS_ECDHE_RSA_WITH_AES_128_GCM_SHA256,secp256r1,chat.streamable.com,False,True,CsxknGIti,"['da871f0f77e5c6af244af02370abcf6a7ac12808e8074d7eaf7c03ea26239da7', '154c433c491929c5ef686e838e323664a00e6a0d822ccc958fb4dab03e49a08f']",[],1.0,0ffee3ba8e615ad22535e7f771690a28,8d2a028aa94425f76ced7826b1f39039,http/1.1,,7874.289282,10.0.2.15,49353,52.44.4.52,443,tcp,41.16257600000063,897.0,3580.0,SF,True,False,0,ShADadFf,12,1385,14,4144,ssl,0
7875.254789,CXjlLS15sJbupM4Ka5,10.0.2.15,49354,52.44.4.52,443,TLSv12,TLS_ECDHE_RSA_WITH_AES_128_GCM_SHA256,,chat.streamable.com,True,True,CsiI,,,,1a5fe5677b0e4fbbc854e8908225637d,7bee5c1d424b7e5f943b06983bb11422,http/1.1,,7875.130897,10.0.2.15,49354,52.44.4.52,443,tcp,40.3174769999996,1312.0,506.0,SF,True,False,0,ShADadFf,10,1720,10,910,ssl,0
7902.368777,CCXL4S3nhEPoglTtx9,10.0.2.15,49355,192.0.79.32,443,TLSv12,TLS_ECDHE_RSA_WITH_AES_128_GCM_SHA256,secp256r1,techcrunch.com,False,True,CsxuknGIti,"['88adf856dbdcafbd90c3b0e80517aa01acdf8382b94ed553e31655622affdcf2', 'd6c3fc493bacd1df8a1ba30f4ae26254b2a4528e4876081eacc6a16a090aa36a']",[],1.0,0ffee3ba8e615ad22535e7f771690a28,76cc3e2d3028143b23ec18e27dbd7ca9,h2,,7902.34823,10.0.2.15,49355,192.0.79.32,443,tcp,289.2541200000005,4082.0,124604.0,SF,True,False,0,ShADadFf,46,5930,119,129368,ssl,0
7903.617424,C6QWyX3GTE5usQp7Si,10.0.2.15,49359,192.229.221.24,443,TLSv12,TLS_ECDHE_RSA_WITH_AES_128_GCM_SHA256,secp256r1,o.aolcdn.com,False,True,CsxuknGIti,"['7cad4431f5e1812766eceb1908baeb16a299d89260d1d3a7b7403c465defe26a', '19400be5b7a31fb733917700789d2f0a2471c0c9d506c0e504c06c16d7cb17c0']",[],1.0,0ffee3ba8e615ad22535e7f771690a28,49b45fc1ab090aa3a159778313fc9b9e,h2,,7903.492094,10.0.2.15,49359,192.229.221.24,443,tcp,60.89670299999944,1391.0,102004.0,SF,True,False,0,ShADadfF,49,3359,117,106688,ssl,0
7903.521318,CLjBlb3SGQckkea4R7,10.0.2.15,49356,192.0.77.32,443,TLSv12,TLS_ECDHE_RSA_WITH_AES_128_GCM_SHA256,secp256r1,s0.wp.com,False,True,CsxuknGIti,"['100d19010050ffe81865a1cae3b70fe455286cf162042ac5bf146d2a7491e24f', '973a41276ffd01e027a2aad49e34c37846d3e976ff6a620b6712e33832041aa6', '3a2fbe92891e57fe05d57087f48e730f17e5a5f53ef403d618e5b74d7a7e6ecb']",[],1.0,0ffee3ba8e615ad22535e7f771690a28,76cc3e2d3028143b23ec18e27dbd7ca9,h2,,7903.486362,10.0.2.15,49356,192.0.77.32,443,tcp,64.91762600000038,601.0,6342.0,SF,True,False,0,ShADadFf,13,1129,16,6986,ssl,0
7903.619847,CoCbLp2vWl1jij8esa,10.0.2.15,49358,192.0.78.18,443,TLSv12,TLS_ECDHE_RSA_WITH_AES_128_GCM_SHA256,secp256r1,r-login.wordpress.com,False,True,CsxuknGIti,"['e52189f9148266e011534d0392d8050d6d9317f089699c10fb59eb62278a8199', '973a41276ffd01e027a2aad49e34c37846d3e976ff6a620b6712e33832041aa6', '3a2fbe92891e57fe05d57087f48e730f17e5a5f53ef403d618e5b74d7a7e6ecb']",[],1.0,0ffee3ba8e615ad22535e7f771690a28,76cc3e2d3028143b23ec18e27dbd7ca9,h2,,7903.491235,10.0.2.15,49358,192.0.78.18,443,tcp,290.8225759999996,1464.0,6836.0,SF,True,False,0,ShADadFf,26,2512,30,8040,ssl,0
7903.620589,CzWetfIs5jkFhdNZd,10.0.2.15,49357,192.0.77.32,443,TLSv12,TLS_ECDHE_RSA_WITH_AES_128_GCM_SHA256,secp256r1,s2.wp.com,False,True,CsxuknGIti,"['100d19010050ffe81865a1cae3b70fe455286cf162042ac5bf146d2a7491e24f', '973a41276ffd01e027a2aad49e34c37846d3e976ff6a620b6712e33832041aa6', '3a2fbe92891e57fe05d57087f48e730f17e5a5f53ef403d618e5b74d7a7e6ecb']",[],1.0,0ffee3ba8e615ad22535e7f771690a28,76cc3e2d3028143b23ec18e27dbd7ca9,h2,,7903.487435,10.0.2.15,49357,192.0.77.32,443,tcp,345.7036309999994,4079.0,631419.0,SF,True,False,0,ShADadFf,175,11087,555,653623,ssl,0
7903.880692,CGqBQot1GVBILXnhg,10.0.2.15,49360,192.229.221.24,443,TLSv12,TLS_ECDHE_RSA_WITH_AES_128_GCM_SHA256,secp256r1,o.aolcdn.com,False,True,CsxuknGIti,"['7cad4431f5e1812766eceb1908baeb16a299d89260d1d3a7b7403c465defe26a', '19400be5b7a31fb733917700789d2f0a2471c0c9d506c0e504c06c16d7cb17c0']",[],1.0,0ffee3ba8e615ad22535e7f771690a28,49b45fc1ab090aa3a159778313fc9b9e,h2,,7903.492601,10.0.2.15,49360,192.229.221.24,443,tcp,3.495968000000175,751.0,13342.0,SF,True,False,0,ShADadfF,15,1359,22,14226,ssl,0
7903.874801,C5vg8Y3CkG4GkPoFb4,10.0.2.15,49361,54.236.154.182,443,TLSv12,TLS_ECDHE_RSA_WITH_AES_128_GCM_SHA256,secp256r1,delivery.vidible.tv,False,True,CsxknGIi,"['b837ddb24593c80ad8a2105dee44f32a01ab64f062ed12da6eb5552ae97c3b0f', '73c176434f1bc6d5adf45b0e76e727287c8de57616c1e6e6141a2b2cbc7d8e4c', '6b143c2005d5539cc22eab5f772db2a9fe87467feffa07fcf0a9f7d28274ca7a', '13efb39a2f6654e8c67bd04f4c6d4c90cd6cab5091bcedc73787f6b77d3d3fe7']",[],1.0,0ffee3ba8e615ad22535e7f771690a28,303951d4c50efb2e991652225a6f02b1,,,7903.493367,10.0.2.15,49361,54.236.154.182,443,tcp,11.972042000000329,812.0,101657.0,SF,True,False,0,ShADadFf,36,2260,97,105541,ssl,0
7903.975105,Cu0nrI3NmGETLJgbc6,10.0.2.15,49362,192.0.77.32,443,TLSv12,TLS_ECDHE_RSA_WITH_AES_128_GCM_SHA256,secp256r1,s2.wp.com,False,True,CsxuknGIti,"['100d19010050ffe81865a1cae3b70fe455286cf162042ac5bf146d2a7491e24f', '973a41276ffd01e027a2aad49e34c37846d3e976ff6a620b6712e33832041aa6', '3a2fbe92891e57fe05d57087f48e730f17e5a5f53ef403d618e5b74d7a7e6ecb']",[],1.0,0ffee3ba8e615ad22535e7f771690a28,76cc3e2d3028143b23ec18e27dbd7ca9,h2,,7903.495268,10.0.2.15,49362,192.0.77.32,443,tcp,3.753136000000268,552.0,6296.0,SF,True,False,0,ShADadFf,14,1120,16,6940,ssl,0
7903.96245,Cmr9p74JlAbL3bvUS5,10.0.2.15,49365,192.229.221.24,443,TLSv12,TLS_ECDHE_RSA_WITH_AES_128_GCM_SHA256,secp256r1,o.aolcdn.com,False,True,CsxuknGIti,"['7cad4431f5e1812766eceb1908baeb16a299d89260d1d3a7b7403c465defe26a', '19400be5b7a31fb733917700789d2f0a2471c0c9d506c0e504c06c16d7cb17c0']",[],1.0,0ffee3ba8e615ad22535e7f771690a28,49b45fc1ab090aa3a159778313fc9b9e,h2,,7903.497299,10.0.2.15,49365,192.229.221.24,443,tcp,3.545466000000488,524.0,4281.0,SF,True,False,0,ShADadfF,10,932,13,4805,ssl,0
7903.966308,CmJpFo2OM29aJyk1d2,10.0.2.15,49364,192.229.221.24,443,TLSv12,TLS_ECDHE_RSA_WITH_AES_128_GCM_SHA256,secp256r1,o.aolcdn.com,False,True,CsxuknGIti,"['7cad4431f5e1812766eceb1908baeb16a299d89260d1d3a7b7403c465defe26a', '19400be5b7a31fb733917700789d2f0a2471c0c9d506c0e504c06c16d7cb17c0']",[],1.0,0ffee3ba8e615ad22535e7f771690a28,49b45fc1ab090aa3a159778313fc9b9e,h2,,7903.496672,10.0.2.15,49364,192.229.221.24,443,tcp,3.544337999999698,524.0,4281.0,SF,True,False,0,ShADadfF,11,972,13,4805,ssl,0
7904.376577,CmNeVs2GzcFRICl109,10.0.2.15,49363,54.236.154.182,443,TLSv12,TLS_ECDHE_RSA_WITH_AES_128_GCM_SHA256,secp256r1,delivery.vidible.tv,False,True,CsxknGIi,"['b837ddb24593c80ad8a2105dee44f32a01ab64f062ed12da6eb5552ae97c3b0f', '73c176434f1bc6d5adf45b0e76e727287c8de57616c1e6e6141a2b2cbc7d8e4c', '6b143c2005d5539cc22eab5f772db2a9fe87467feffa07fcf0a9f7d28274ca7a', '13efb39a2f6654e8c67bd04f4c6d4c90cd6cab5091bcedc73787f6b77d3d3fe7']",[],1.0,0ffee3ba8e615ad22535e7f771690a28,303951d4c50efb2e991652225a6f02b1,,,7903.496097,10.0.2.15,49363,54.236.154.182,443,tcp,8.952804999999898,322.0,6989.0,SF,True,False,0,ShADadFf,9,690,12,7473,ssl,0
7907.005983,CD2fFXUFHPmPm500j,10.0.2.15,49372,199.96.57.6,443,TLSv12,TLS_ECDHE_RSA_WITH_AES_128_GCM_SHA256,,platform.twitter.com,True,True,CsiI,,,,1a5fe5677b0e4fbbc854e8908225637d,d199ba0af2b08e204c73d6d81a1fd260,http/1.1,,7906.145823,10.0.2.15,49372,199.96.57.6,443,tcp,11.90048999999999,1205.0,34216.0,SF,True,False,0,ShADadfF,18,1933,39,35780,ssl,0
7906.993832,CWhNIN2yOmyC7AppMd,10.0.2.15,49366,192.0.72.3,443,TLSv12,TLS_ECDHE_RSA_WITH_AES_128_GCM_SHA256,secp256r1,tctechcrunch2011.files.wordpress.com,False,True,CsxuknGIti,"['85689b4edf0bbe608de648fdc0881fccddc08931f07b74e7162ff28f70ecdd54', '973a41276ffd01e027a2aad49e34c37846d3e976ff6a620b6712e33832041aa6', '3a2fbe92891e57fe05d57087f48e730f17e5a5f53ef403d618e5b74d7a7e6ecb']",[],1.0,0ffee3ba8e615ad22535e7f771690a28,49b45fc1ab090aa3a159778313fc9b9e,h2,,7906.140794,10.0.2.15,49366,192.0.72.3,443,tcp,251.6818629999998,1406.0,389876.0,SF,True,False,0,ShADadFf,81,4654,311,402320,ssl,0
7907.003148,CK01nr2RGvrF8JndDg,10.0.2.15,49373,192.0.76.3,443,TLSv12,TLS_ECDHE_RSA_WITH_AES_128_GCM_SHA256,secp256r1,stats.wp.com,False,True,CsxuknGIti,"['100d19010050ffe81865a1cae3b70fe455286cf162042ac5bf146d2a7491e24f', '973a41276ffd01e027a2aad49e34c37846d3e976ff6a620b6712e33832041aa6', '3a2fbe92891e57fe05d57087f48e730f17e5a5f53ef403d618e5b74d7a7e6ecb']",[],1.0,0ffee3ba8e615ad22535e7f771690a28,49b45fc1ab090aa3a159778313fc9b9e,h2,,7906.152168,10.0.2.15,49373,192.0.76.3,443,tcp,3.538645000000542,806.0,10590.0,SF,True,False,0,ShADadFf,16,1454,22,11474,ssl,0
7907.011479,CYQKgP3imJH4MxZuz4,10.0.2.15,49371,192.0.73.2,443,TLSv12,TLS_ECDHE_RSA_WITH_AES_128_GCM_SHA256,secp256r1,0.gravatar.com,False,True,CsxuknGIti,"['8c28d16b374e8d7aa9a93222e609d5567bdfd728eb1f137fd1f5de9731f6ff2c', '973a41276ffd01e027a2aad49e34c37846d3e976ff6a620b6712e33832041aa6', '3a2fbe92891e57fe05d57087f48e730f17e5a5f53ef403d618e5b74d7a7e6ecb']",[],1.0,0ffee3ba8e615ad22535e7f771690a28,49b45fc1ab090aa3a159778313fc9b9e,h2,,7906.145008,10.0.2.15,49371,192.0.73.2,443,tcp,3.580200999999761,791.0,13467.0,SF,True,False,0,ShADadFf,16,1439,23,14391,ssl,0
7907.215957,Cht8i923rGwuuMy1x4,10.0.2.15,49378,192.0.76.3,443,TLSv12,TLS_ECDHE_RSA_WITH_AES_128_GCM_SHA256,secp256r1,stats.wp.com,False,True,CsxuknGIti,"['100d19010050ffe81865a1cae3b70fe455286cf162042ac5bf146d2a7491e24f', '973a41276ffd01e027a2aad49e34c37846d3e976ff6a620b6712e33832041aa6', '3a2fbe92891e57fe05d57087f48e730f17e5a5f53ef403d618e5b74d7a7e6ecb']",[],1.0,0ffee3ba8e615ad22535e7f771690a28,49b45fc1ab090aa3a159778313fc9b9e,h2,,7906.587179,10.0.2.15,49378,192.0.76.3,443,tcp,303.5451319999993,2837.0,7907.0,SF,True,False,0,ShADadFf,38,4365,43,9631,ssl,0
7907.217727,CO6E9p4fVzoIJz1u36,10.0.2.15,49377,93.184.220.66,443,TLSv12,TLS_ECDHE_RSA_WITH_AES_128_GCM_SHA256,secp256r1,platform.twitter.com,False,True,CsxuknGIti,"['498dfbfa068ce7e3252a308f9578608d3df2d287b5b9284571f7d3ed43ba3ab0', '19400be5b7a31fb733917700789d2f0a2471c0c9d506c0e504c06c16d7cb17c0', '7431e5f4c3c1ce4690774f0b61e05440883ba9a01ed00ba6abd7806ed3b118cf']",[],1.0,0ffee3ba8e615ad22535e7f771690a28,76cc3e2d3028143b23ec18e27dbd7ca9,http/1.1,,7906.58647,10.0.2.15,49377,93.184.220.66,443,tcp,8.395066999999472,386.0,5773.0,SF,True,False,0,ShADadFfRr,11,834,13,6297,ssl,0
7907.219697,CmkfY71Y66IgnUaeS,10.0.2.15,49376,192.0.73.2,443,TLSv12,TLS_ECDHE_RSA_WITH_AES_128_GCM_SHA256,secp256r1,0.gravatar.com,False,True,CsxuknGIti,"['8c28d16b374e8d7aa9a93222e609d5567bdfd728eb1f137fd1f5de9731f6ff2c', '973a41276ffd01e027a2aad49e34c37846d3e976ff6a620b6712e33832041aa6', '3a2fbe92891e57fe05d57087f48e730f17e5a5f53ef403d618e5b74d7a7e6ecb']",[],1.0,0ffee3ba8e615ad22535e7f771690a28,49b45fc1ab090aa3a159778313fc9b9e,h2,,7906.585937,10.0.2.15,49376,192.0.73.2,443,tcp,208.289761,982.0,9275.0,SF,True,False,0,ShADadFf,21,1830,26,10319,ssl,0
7907.015275,CHDCCu2LHRcjvQwp0b,10.0.2.15,49370,23.74.166.49,443,TLSv12,TLS_ECDHE_RSA_WITH_AES_256_GCM_SHA384,secp256r1,tag.researchnow.com,False,True,CsxknGIti,"['9d81cad503961120d2ce3e625dfda2ddad27084ee7f1cd94282e9d98c991b3ca', 'eae72eb454bf6c3977ebd289e970b2f5282949190093d0d26f98d0f0d6a9cf17', '8420dfbe376f414bf4c0a81e6936d24ccc03f304835b86c7a39142fca723a689']",[],1.0,0ffee3ba8e615ad22535e7f771690a28,2b33c1374db4ddf06942f92373c0b54b,http/1.1,,7906.143757,10.0.2.15,49370,23.74.166.49,443,tcp,233.41341400000056,1474.0,5997.0,SF,True,False,0,ShADadTTFfRr,38,3023,41,7641,ssl,0
7907.023608,Ceeh1V3fkBc1tINWC6,10.0.2.15,49369,192.0.72.3,443,TLSv12,TLS_ECDHE_RSA_WITH_AES_128_GCM_SHA256,secp256r1,tctechcrunch2011.files.wordpress.com,False,True,CsxuknGIti,"['85689b4edf0bbe608de648fdc0881fccddc08931f07b74e7162ff28f70ecdd54', '973a41276ffd01e027a2aad49e34c37846d3e976ff6a620b6712e33832041aa6', '3a2fbe92891e57fe05d57087f48e730f17e5a5f53ef403d618e5b74d7a7e6ecb']",[],1.0,0ffee3ba8e615ad22535e7f771690a28,49b45fc1ab090aa3a159778313fc9b9e,h2,,7906.14277,10.0.2.15,49369,192.0.72.3,443,tcp,7.045343999999204,926.0,18866.0,SF,True,False,0,ShADadFf,18,1654,27,19950,ssl,0
7907.030947,CJuQpU39WPQdkhYiIg,10.0.2.15,49368,192.0.72.3,443,TLSv12,TLS_ECDHE_RSA_WITH_AES_128_GCM_SHA256,secp256r1,tctechcrunch2011.files.wordpress.com,False,True,CsxuknGIti,"['85689b4edf0bbe608de648fdc0881fccddc08931f07b74e7162ff28f70ecdd54', '973a41276ffd01e027a2aad49e34c37846d3e976ff6a620b6712e33832041aa6', '3a2fbe92891e57fe05d57087f48e730f17e5a5f53ef403d618e5b74d7a7e6ecb']",[],1.0,0ffee3ba8e615ad22535e7f771690a28,49b45fc1ab090aa3a159778313fc9b9e,h2,,7906.141976,10.0.2.15,49368,192.0.72.3,443,tcp,7.243188999999802,929.0,10812.0,SF,True,False,0,ShADadFf,15,1537,21,11656,ssl,0
7907.036897,CO3QRp3UNFnJtUuvTe,10.0.2.15,49367,192.0.72.3,443,TLSv12,TLS_ECDHE_RSA_WITH_AES_128_GCM_SHA256,secp256r1,tctechcrunch2011.files.wordpress.com,False,True,CsxuknGIti,"['85689b4edf0bbe608de648fdc0881fccddc08931f07b74e7162ff28f70ecdd54', '973a41276ffd01e027a2aad49e34c37846d3e976ff6a620b6712e33832041aa6', '3a2fbe92891e57fe05d57087f48e730f17e5a5f53ef403d618e5b74d7a7e6ecb']",[],1.0,0ffee3ba8e615ad22535e7f771690a28,49b45fc1ab090aa3a159778313fc9b9e,h2,,7906.14136,10.0.2.15,49367,192.0.72.3,443,tcp,7.405486999999994,922.0,20249.0,SF,True,False,0,ShADadFf,19,1690,30,21453,ssl,0
7910.391239,CG1QbA3KsRSi0MmvUd,10.0.2.15,49379,23.74.166.49,443,TLSv12,TLS_ECDHE_RSA_WITH_AES_256_GCM_SHA384,secp256r1,tag.researchnow.com,False,True,CsxknGIti,"['9d81cad503961120d2ce3e625dfda2ddad27084ee7f1cd94282e9d98c991b3ca', 'eae72eb454bf6c3977ebd289e970b2f5282949190093d0d26f98d0f0d6a9cf17', '8420dfbe376f414bf4c0a81e6936d24ccc03f304835b86c7a39142fca723a689']",[],1.0,0ffee3ba8e615ad22535e7f771690a28,2b33c1374db4ddf06942f92373c0b54b,http/1.1,,7909.669238,10.0.2.15,49379,23.74.166.49,443,tcp,10.139439999999922,353.0,4827.0,SF,True,False,0,ShADadFfRr,11,801,14,5391,ssl,0
7915.349023,C3SOpmoebhmUKSqNi,10.0.2.15,49381,104.20.31.2,443,TLSv12,TLS_ECDHE_RSA_WITH_AES_128_GCM_SHA256,secp256r1,dashboard.tinypass.com,False,True,CsxuknGIti,"['7f997faa50484b4ed9f16b4050d6bbb67735251139279d065c146f4c12c52aee', '154c433c491929c5ef686e838e323664a00e6a0d822ccc958fb4dab03e49a08f']",[],1.0,0ffee3ba8e615ad22535e7f771690a28,76cc3e2d3028143b23ec18e27dbd7ca9,http/1.1,,7914.367723,10.0.2.15,49381,104.20.31.2,443,tcp,132.41403899999932,924.0,5278.0,SF,True,False,0,ShADadTTFf,23,1864,25,6282,ssl,0
7915.621717,CMHBfN3zcAfzw6wBA2,10.0.2.15,49388,95.100.191.4,443,TLSv12,TLS_ECDHE_RSA_WITH_AES_256_GCM_SHA384,,sb.scorecardresearch.com,True,True,CsiI,,,,1a5fe5677b0e4fbbc854e8908225637d,410b9bedaf65dd26c6fe547154d60db4,http/1.1,,7914.742951,10.0.2.15,49388,95.100.191.4,443,tcp,154.2298549999996,2790.0,1291.0,SF,True,False,0,ShADadTTFfRr,30,4011,30,2495,ssl,0
7915.61808,CNntfy20N4Bbuu5aJ7,10.0.2.15,49382,104.20.31.2,443,TLSv12,TLS_ECDHE_RSA_WITH_AES_128_GCM_SHA256,secp256r1,dashboard.tinypass.com,False,True,CsxuknGIti,"['7f997faa50484b4ed9f16b4050d6bbb67735251139279d065c146f4c12c52aee', '154c433c491929c5ef686e838e323664a00e6a0d822ccc958fb4dab03e49a08f']",[],1.0,0ffee3ba8e615ad22535e7f771690a28,76cc3e2d3028143b23ec18e27dbd7ca9,http/1.1,,7914.737455,10.0.2.15,49382,104.20.31.2,443,tcp,15.516167999999196,325.0,3735.0,SF,True,False,0,ShADadTfF,10,734,11,4179,ssl,0
7915.627077,CmqMbzdrklQVCpX93,10.0.2.15,49387,192.243.255.6,443,TLSv12,TLS_ECDHE_RSA_WITH_AES_256_GCM_SHA384,secp256r1,s.sa.aol.com,False,True,CsxknGIi,"['51a07425afdd7ff83801fdd065c204ce3d94dea0d871eeba3d8d867cd14cd091', '19400be5b7a31fb733917700789d2f0a2471c0c9d506c0e504c06c16d7cb17c0']",[],1.0,0ffee3ba8e615ad22535e7f771690a28,959bfcf87532cbff1253e80a4ee81308,,,7914.742338,10.0.2.15,49387,192.243.255.6,443,tcp,31.14431499999955,1913.0,3642.0,SF,True,False,0,ShADadTFf,15,2523,16,4286,ssl,0
7915.630913,CKFUVd498gAMG8JUsb,10.0.2.15,49386,104.18.37.50,443,TLSv12,TLS_ECDHE_ECDSA_WITH_AES_128_GCM_SHA256,secp256r1,www.npttech.com,False,True,CsxuknGIti,"['18fbfd299afaf1c4831b6cb7a3129296ddc4e86109a4d61648332511e183bff8', 'cd6c108a0e641f2ca122aaa6d03f826759cae7c6f800eabf76dc48b67cd083ce', '9573862ac0b4b125168810ea3fd101ae2eb0bb15f61fc0e6da7a2a38b85a89e8']",[],1.0,0ffee3ba8e615ad22535e7f771690a28,7d3eb4120cd50e889bcd3f3783be0f82,h2,,7914.741872,10.0.2.15,49386,104.18.37.50,443,tcp,200.30172400000083,961.0,8579.0,SF,True,False,0,ShADadFf,22,1849,25,9583,ssl,0
7915.640717,CqCcu3NWZmg1dmLbe,10.0.2.15,49384,95.100.191.4,443,TLSv12,TLS_ECDHE_RSA_WITH_AES_256_GCM_SHA384,,sb.scorecardresearch.com,True,True,CsiI,,,,1a5fe5677b0e4fbbc854e8908225637d,410b9bedaf65dd26c6fe547154d60db4,http/1.1,,7914.737879,10.0.2.15,49384,95.100.191.4,443,tcp,21.164490000000114,568.0,183.0,SF,True,False,0,ShADadTfF,8,897,8,507,ssl,0
7915.643695,Cup46w37jx11p8q7fe,10.0.2.15,49383,192.243.255.6,443,TLSv12,TLS_ECDHE_RSA_WITH_AES_256_GCM_SHA384,secp256r1,s.sa.aol.com,False,True,CsxknGIi,"['51a07425afdd7ff83801fdd065c204ce3d94dea0d871eeba3d8d867cd14cd091', '19400be5b7a31fb733917700789d2f0a2471c0c9d506c0e504c06c16d7cb17c0']",[],1.0,0ffee3ba8e615ad22535e7f771690a28,959bfcf87532cbff1253e80a4ee81308,,,7914.737515,10.0.2.15,49383,192.243.255.6,443,tcp,18.53650000000016,346.0,3116.0,SF,True,False,0,ShADadTFf,11,795,12,3600,ssl,0
7915.63554,CHys3FU6MVPu4hgki,10.0.2.15,49385,34.202.144.44,443,TLSv12,TLS_ECDHE_RSA_WITH_AES_128_GCM_SHA256,secp256r1,b.aol.com,False,True,CsxknGIi,"['9b1d69da000c003262f487807ad9d9474b2aa55d5c6af1afed2609d12310fb2b', '19400be5b7a31fb733917700789d2f0a2471c0c9d506c0e504c06c16d7cb17c0', '7431e5f4c3c1ce4690774f0b61e05440883ba9a01ed00ba6abd7806ed3b118cf']",[],1.0,0ffee3ba8e615ad22535e7f771690a28,303951d4c50efb2e991652225a6f02b1,,,7914.738697,10.0.2.15,49385,34.202.144.44,443,tcp,48.04453300000023,2731.0,5634.0,RSTR,True,False,0,ShADadTRr,18,3463,19,6398,ssl,0
7916.342077,CMovUQ2pgqfE8HcCHc,10.0.2.15,49395,192.0.77.32,443,TLSv12,TLS_ECDHE_RSA_WITH_AES_128_GCM_SHA256,secp256r1,s2.wp.com,False,True,CsxuknGIti,"['100d19010050ffe81865a1cae3b70fe455286cf162042ac5bf146d2a7491e24f', '973a41276ffd01e027a2aad49e34c37846d3e976ff6a620b6712e33832041aa6', '3a2fbe92891e57fe05d57087f48e730f17e5a5f53ef403d618e5b74d7a7e6ecb']",[],1.0,0ffee3ba8e615ad22535e7f771690a28,76cc3e2d3028143b23ec18e27dbd7ca9,h2,,7915.354944,10.0.2.15,49395,192.0.77.32,443,tcp,18.266642000000505,1109.0,49538.0,SF,True,False,0,ShADadFf,30,2317,58,51862,ssl,0
7916.337375,CbA52qeQ3VchGyvY,10.0.2.15,49396,34.202.144.44,443,TLSv12,TLS_ECDHE_RSA_WITH_AES_128_GCM_SHA256,secp256r1,b.aol.com,False,True,CsxknGIi,"['9b1d69da000c003262f487807ad9d9474b2aa55d5c6af1afed2609d12310fb2b', '19400be5b7a31fb733917700789d2f0a2471c0c9d506c0e504c06c16d7cb17c0', '7431e5f4c3c1ce4690774f0b61e05440883ba9a01ed00ba6abd7806ed3b118cf']",[],1.0,0ffee3ba8e615ad22535e7f771690a28,303951d4c50efb2e991652225a6f02b1,,,7915.36388,10.0.2.15,49396,34.202.144.44,443,tcp,86.43938100000014,6281.0,6229.0,SF,True,False,0,ShADadTFfRr,26,7335,29,7393,ssl,0
7916.335213,CwuJ1o427n4i3QB1Qe,10.0.2.15,49397,152.163.56.3,443,TLSv12,TLS_RSA_WITH_AES_256_CBC_SHA,,at.atwola.com,False,True,CsxnGIi,"['bad160b8c938633f39e47671631e40fdf05bacd1a9ffc5f039f8fb517fbc7b25', '3b0cc20384ad7f24eb438f2b80c63ebe003f7f215b8877e418ebb0484028db57', '6b143c2005d5539cc22eab5f772db2a9fe87467feffa07fcf0a9f7d28274ca7a']",[],1.0,0ffee3ba8e615ad22535e7f771690a28,82f0d8a75fa483d1cfe4b7085b784d7e,,,7915.365436,10.0.2.15,49397,152.163.56.3,443,tcp,20.76874700000008,1449.0,4901.0,SF,True,False,0,ShADadTfF,12,1938,13,5425,ssl,0
7916.344876,CywnFS1vOFRxfMSYy3,10.0.2.15,49394,192.0.77.32,443,TLSv12,TLS_ECDHE_RSA_WITH_AES_128_GCM_SHA256,secp256r1,s2.wp.com,False,True,CsxuknGIti,"['100d19010050ffe81865a1cae3b70fe455286cf162042ac5bf146d2a7491e24f', '973a41276ffd01e027a2aad49e34c37846d3e976ff6a620b6712e33832041aa6', '3a2fbe92891e57fe05d57087f48e730f17e5a5f53ef403d618e5b74d7a7e6ecb']",[],1.0,0ffee3ba8e615ad22535e7f771690a28,76cc3e2d3028143b23ec18e27dbd7ca9,h2,,7915.354449,10.0.2.15,49394,192.0.77.32,443,tcp,18.599652999999307,1109.0,47872.0,SF,True,False,0,ShADadFf,31,2357,59,50236,ssl,0
7916.352931,C9ZcaW1zuvx8NGbmb,10.0.2.15,49393,192.0.77.32,443,TLSv12,TLS_ECDHE_RSA_WITH_AES_128_GCM_SHA256,secp256r1,s2.wp.com,False,True,CsxuknGIti,"['100d19010050ffe81865a1cae3b70fe455286cf162042ac5bf146d2a7491e24f', '973a41276ffd01e027a2aad49e34c37846d3e976ff6a620b6712e33832041aa6', '3a2fbe92891e57fe05d57087f48e730f17e5a5f53ef403d618e5b74d7a7e6ecb']",[],1.0,0ffee3ba8e615ad22535e7f771690a28,76cc3e2d3028143b23ec18e27dbd7ca9,h2,,7915.353999,10.0.2.15,49393,192.0.77.32,443,tcp,15.466161000000284,1109.0,48184.0,SF,True,False,0,ShADadFf,29,2277,56,50428,ssl,0
7916.35856,CAJav74y6enX930cle,10.0.2.15,49392,192.0.77.32,443,TLSv12,TLS_ECDHE_RSA_WITH_AES_128_GCM_SHA256,secp256r1,s2.wp.com,False,True,CsxuknGIti,"['100d19010050ffe81865a1cae3b70fe455286cf162042ac5bf146d2a7491e24f', '973a41276ffd01e027a2aad49e34c37846d3e976ff6a620b6712e33832041aa6', '3a2fbe92891e57fe05d57087f48e730f17e5a5f53ef403d618e5b74d7a7e6ecb']",[],1.0,0ffee3ba8e615ad22535e7f771690a28,76cc3e2d3028143b23ec18e27dbd7ca9,h2,,7915.353513,10.0.2.15,49392,192.0.77.32,443,tcp,199.9344549999996,1183.0,10536.0,SF,True,False,0,ShADadFf,19,1951,25,11540,ssl,0
7916.361871,CrKCqeFduphgahPId,10.0.2.15,49391,93.184.221.193,443,TLSv12,TLS_ECDHE_RSA_WITH_AES_128_GCM_SHA256,secp256r1,cdn-ssl.vidible.tv,False,True,CsxuknGIti,"['f2c5d80faa2a656359a8a6daa62f19c0070427672cfccb102f9e118ca64241a0', '19400be5b7a31fb733917700789d2f0a2471c0c9d506c0e504c06c16d7cb17c0', '7431e5f4c3c1ce4690774f0b61e05440883ba9a01ed00ba6abd7806ed3b118cf']",[],1.0,0ffee3ba8e615ad22535e7f771690a28,49b45fc1ab090aa3a159778313fc9b9e,h2,,7915.352923,10.0.2.15,49391,93.184.221.193,443,tcp,290.9058299999997,1582.0,219056.0,SF,True,False,0,ShADadfF,66,4230,221,227900,ssl,0
7916.368397,Cto3Ey2YhDjo5CLGhc,10.0.2.15,49390,52.30.83.211,443,TLSv12,TLS_ECDHE_RSA_WITH_AES_128_GCM_SHA256,secp256r1,trk.vidible.tv,False,True,CsxknGIi,"['b837ddb24593c80ad8a2105dee44f32a01ab64f062ed12da6eb5552ae97c3b0f', '73c176434f1bc6d5adf45b0e76e727287c8de57616c1e6e6141a2b2cbc7d8e4c', '6b143c2005d5539cc22eab5f772db2a9fe87467feffa07fcf0a9f7d28274ca7a', '13efb39a2f6654e8c67bd04f4c6d4c90cd6cab5091bcedc73787f6b77d3d3fe7']",[],1.0,0ffee3ba8e615ad22535e7f771690a28,303951d4c50efb2e991652225a6f02b1,,,7915.35235,10.0.2.15,49390,52.30.83.211,443,tcp,153.62599500000033,6731.0,11202.0,SF,True,False,0,ShADadTTFRfr,44,8509,47,13086,ssl,0
7916.378116,C9XHDi2PzXaxpWvTN9,10.0.2.15,49389,52.30.83.211,443,TLSv12,TLS_ECDHE_RSA_WITH_AES_128_GCM_SHA256,secp256r1,trk.vidible.tv,False,True,CsxknGIi,"['b837ddb24593c80ad8a2105dee44f32a01ab64f062ed12da6eb5552ae97c3b0f', '73c176434f1bc6d5adf45b0e76e727287c8de57616c1e6e6141a2b2cbc7d8e4c', '6b143c2005d5539cc22eab5f772db2a9fe87467feffa07fcf0a9f7d28274ca7a', '13efb39a2f6654e8c67bd04f4c6d4c90cd6cab5091bcedc73787f6b77d3d3fe7']",[],1.0,0ffee3ba8e615ad22535e7f771690a28,303951d4c50efb2e991652225a6f02b1,,,7915.351581,10.0.2.15,49389,52.30.83.211,443,tcp,153.59838300000047,6296.0,11202.0,SF,True,False,0,ShADadTFfRr,42,7993,45,13006,ssl,0
7916.926436,CheULgGo8lS8wqmri,10.0.2.15,49401,192.0.77.32,443,TLSv12,TLS_ECDHE_RSA_WITH_AES_128_GCM_SHA256,secp256r1,s2.wp.com,False,True,CsxuknGIti,"['100d19010050ffe81865a1cae3b70fe455286cf162042ac5bf146d2a7491e24f', '973a41276ffd01e027a2aad49e34c37846d3e976ff6a620b6712e33832041aa6', '3a2fbe92891e57fe05d57087f48e730f17e5a5f53ef403d618e5b74d7a7e6ecb']",[],1.0,0ffee3ba8e615ad22535e7f771690a28,76cc3e2d3028143b23ec18e27dbd7ca9,h2,,7915.751734,10.0.2.15,49401,192.0.77.32,443,tcp,18.48777699999937,1100.0,34504.0,SF,True,False,0,ShADadFf,24,2068,43,36228,ssl,0
7916.933268,CI1NTa3qusn4rhc8a2,10.0.2.15,49399,192.229.221.24,443,TLSv12,TLS_ECDHE_RSA_WITH_AES_128_GCM_SHA256,secp256r1,s.aolcdn.com,False,True,CsxuknGIti,"['7cad4431f5e1812766eceb1908baeb16a299d89260d1d3a7b7403c465defe26a', '19400be5b7a31fb733917700789d2f0a2471c0c9d506c0e504c06c16d7cb17c0']",[],1.0,0ffee3ba8e615ad22535e7f771690a28,49b45fc1ab090aa3a159778313fc9b9e,h2,,7915.680837,10.0.2.15,49399,192.229.221.24,443,tcp,6.307886999999937,495.0,4243.0,SF,True,False,0,ShADadfF,10,903,11,4687,ssl,0
7916.929126,CzTd5g18lgWBWdzZVc,10.0.2.15,49400,152.163.56.3,443,TLSv12,TLS_RSA_WITH_AES_256_CBC_SHA,,at.atwola.com,False,True,CsxnGIi,"['bad160b8c938633f39e47671631e40fdf05bacd1a9ffc5f039f8fb517fbc7b25', '3b0cc20384ad7f24eb438f2b80c63ebe003f7f215b8877e418ebb0484028db57', '6b143c2005d5539cc22eab5f772db2a9fe87467feffa07fcf0a9f7d28274ca7a']",[],1.0,0ffee3ba8e615ad22535e7f771690a28,82f0d8a75fa483d1cfe4b7085b784d7e,,,7915.681641,10.0.2.15,49400,152.163.56.3,443,tcp,26.202659999999923,1401.0,4853.0,SF,True,False,0,ShADadTfF,13,1931,15,5457,ssl,0
7916.934727,Ci3RZb3uvKm3Zllv79,10.0.2.15,49398,54.208.171.71,443,TLSv12,TLS_ECDHE_RSA_WITH_AES_256_GCM_SHA384,secp256r1,apx.moatads.com,False,True,CsxknGIti,"['a1f5b668b42edb358e83f7846b2d9b47b4c87d7ba7c20aecdceea13939a70e76', 'e6683e88315cd1cb403c0cea490f7c4b4c82c91cd485037489aadbaa90839f61']",[],1.0,0ffee3ba8e615ad22535e7f771690a28,a39e18564e32e1822751c4af0bfba817,http/1.1,,7915.651078,10.0.2.15,49398,54.208.171.71,443,tcp,83.43924700000025,2734.0,4347.0,SF,True,False,0,ShADadTFf,22,3629,23,5271,ssl,0
7917.354907,CjaIkSo0VNUb6NVUh,10.0.2.15,49402,192.0.77.32,443,TLSv12,TLS_ECDHE_RSA_WITH_AES_128_GCM_SHA256,secp256r1,s2.wp.com,False,True,CsxuknGIti,"['100d19010050ffe81865a1cae3b70fe455286cf162042ac5bf146d2a7491e24f', '973a41276ffd01e027a2aad49e34c37846d3e976ff6a620b6712e33832041aa6', '3a2fbe92891e57fe05d57087f48e730f17e5a5f53ef403d618e5b74d7a7e6ecb']",[],1.0,0ffee3ba8e615ad22535e7f771690a28,76cc3e2d3028143b23ec18e27dbd7ca9,h2,,7915.754275,10.0.2.15,49402,192.0.77.32,443,tcp,19.46879600000011,1102.0,35312.0,SF,True,False,0,ShADadFf,24,2070,44,37076,ssl,0
7917.352135,CKlu4W3kY5s8jhtfW8,10.0.2.15,49403,152.163.56.3,443,TLSv12,TLS_RSA_WITH_AES_256_CBC_SHA,,at.atwola.com,False,True,CsxnGIi,"['bad160b8c938633f39e47671631e40fdf05bacd1a9ffc5f039f8fb517fbc7b25', '3b0cc20384ad7f24eb438f2b80c63ebe003f7f215b8877e418ebb0484028db57', '6b143c2005d5539cc22eab5f772db2a9fe87467feffa07fcf0a9f7d28274ca7a']",[],1.0,0ffee3ba8e615ad22535e7f771690a28,82f0d8a75fa483d1cfe4b7085b784d7e,,,7915.755401,10.0.2.15,49403,152.163.56.3,443,tcp,26.129947999999786,1417.0,5386.0,SF,True,False,0,ShADadTfF,13,1947,16,6030,ssl,0
7917.335847,CItzRd2Bfa8C5ch5T5,10.0.2.15,49405,152.163.56.3,443,TLSv12,TLS_RSA_WITH_AES_256_CBC_SHA,,at.atwola.com,False,True,CsxnGIi,"['bad160b8c938633f39e47671631e40fdf05bacd1a9ffc5f039f8fb517fbc7b25', '3b0cc20384ad7f24eb438f2b80c63ebe003f7f215b8877e418ebb0484028db57', '6b143c2005d5539cc22eab5f772db2a9fe87467feffa07fcf0a9f7d28274ca7a']",[],1.0,0ffee3ba8e615ad22535e7f771690a28,82f0d8a75fa483d1cfe4b7085b784d7e,,,7915.761389,10.0.2.15,49405,152.163.56.3,443,tcp,26.117811999999503,1417.0,4224.0,SF,True,False,0,ShADadTfF,11,1866,13,4748,ssl,0
7917.342788,CaY4Qd3cEe3f0pLLc9,10.0.2.15,49404,152.163.56.3,443,TLSv12,TLS_RSA_WITH_AES_256_CBC_SHA,,at.atwola.com,False,True,CsxnGIi,"['bad160b8c938633f39e47671631e40fdf05bacd1a9ffc5f039f8fb517fbc7b25', '3b0cc20384ad7f24eb438f2b80c63ebe003f7f215b8877e418ebb0484028db57', '6b143c2005d5539cc22eab5f772db2a9fe87467feffa07fcf0a9f7d28274ca7a']",[],1.0,0ffee3ba8e615ad22535e7f771690a28,82f0d8a75fa483d1cfe4b7085b784d7e,,,7915.757219,10.0.2.15,49404,152.163.56.3,443,tcp,19.81890300000032,1417.0,5258.0,SF,True,False,0,ShADadTfF,12,1906,14,5822,ssl,0
7918.525816,CpR6DJdL2srekkrge,10.0.2.15,49406,216.137.61.72,443,TLSv12,TLS_ECDHE_RSA_WITH_AES_128_GCM_SHA256,,d1z2jf7jlzjs58.cloudfront.net,True,True,CsiI,,,,1a5fe5677b0e4fbbc854e8908225637d,d199ba0af2b08e204c73d6d81a1fd260,http/1.1,,7917.365371,10.0.2.15,49406,216.137.61.72,443,tcp,219.23494000000028,1996.0,13938.0,SF,True,False,0,ShADadTTFf,37,3503,43,15662,ssl,0
7919.785614,CnsllP1MP1oh1G4Dp7,10.0.2.15,49409,54.236.154.182,443,TLSv12,TLS_ECDHE_RSA_WITH_AES_128_GCM_SHA256,,delivery.vidible.tv,True,True,CsiI,,,,0ffee3ba8e615ad22535e7f771690a28,303951d4c50efb2e991652225a6f02b1,,,7919.487238,10.0.2.15,49409,54.236.154.182,443,tcp,16.085148000000117,1319.0,17963.0,SF,True,False,0,ShADadfF,13,1847,24,18927,ssl,0
7919.786507,CH1HtE4stXoJJbCSF,10.0.2.15,49408,104.19.192.102,443,TLSv12,TLS_ECDHE_ECDSA_WITH_AES_128_GCM_SHA256,secp256r1,cdnjs.cloudflare.com,False,True,CsxuknGIti,"['288a62410b9a17d44ccccf0ca447daaee0f3c7bcd3e0cb6d4f24ef85d2dbfdd0', 'cd6c108a0e641f2ca122aaa6d03f826759cae7c6f800eabf76dc48b67cd083ce', '9573862ac0b4b125168810ea3fd101ae2eb0bb15f61fc0e6da7a2a38b85a89e8']",[],1.0,0ffee3ba8e615ad22535e7f771690a28,7d3eb4120cd50e889bcd3f3783be0f82,h2,,7919.48592,10.0.2.15,49408,104.19.192.102,443,tcp,210.58839100000023,1038.0,4972.0,SF,True,False,0,ShADadFf,21,1886,24,5936,ssl,0
7919.793454,CWDGKrX8YTbHQ093j,10.0.2.15,49407,192.229.133.97,443,TLSv12,TLS_ECDHE_RSA_WITH_AES_128_GCM_SHA256,secp256r1,b-ssl.grvcdn.com,False,True,CsxuknGIti,"['557a2f72db4e28d94419a91b9af8b545bf327dc33fc38c96fb44ae8e383c7351', '19400be5b7a31fb733917700789d2f0a2471c0c9d506c0e504c06c16d7cb17c0', '7431e5f4c3c1ce4690774f0b61e05440883ba9a01ed00ba6abd7806ed3b118cf']",[],1.0,0ffee3ba8e615ad22535e7f771690a28,49b45fc1ab090aa3a159778313fc9b9e,h2,,7919.482524,10.0.2.15,49407,192.229.133.97,443,tcp,189.36573700000008,844.0,7049.0,SF,True,False,0,ShADadfF,18,1572,25,8053,ssl,0
7929.376812,COrE3YY95u0mCI1Tb,10.0.2.15,49416,52.85.185.34,443,TLSv12,TLS_ECDHE_RSA_WITH_AES_128_GCM_SHA256,secp256r1,cdn.livefyre.com,False,True,CsxuknGIti,"['7eb9af44ac1088cefb1bd72da85a036198a0dc6a5765b88c41112b633d241c70', '154c433c491929c5ef686e838e323664a00e6a0d822ccc958fb4dab03e49a08f']",[],1.0,0ffee3ba8e615ad22535e7f771690a28,76cc3e2d3028143b23ec18e27dbd7ca9,http/1.1,,7927.517316,10.0.2.15,49416,52.85.185.34,443,tcp,134.24580799999967,647.0,7706.0,SF,True,False,0,ShADadTTfF,24,1627,27,8790,ssl,0
7929.387878,CgAddz2Tt8jYk7HW81,10.0.2.15,49415,95.100.187.51,443,TLSv12,TLS_ECDHE_RSA_WITH_AES_256_GCM_SHA384,secp256r1,cdn.mediavoice.com,False,True,CsxknGIti,"['94ce4a5602d5bdd835d4fc958ddc8973012851297a28c540a632c50fe505a0df', 'eae72eb454bf6c3977ebd289e970b2f5282949190093d0d26f98d0f0d6a9cf17', '8420dfbe376f414bf4c0a81e6936d24ccc03f304835b86c7a39142fca723a689']",[],1.0,0ffee3ba8e615ad22535e7f771690a28,2b33c1374db4ddf06942f92373c0b54b,http/1.1,,7927.515023,10.0.2.15,49415,95.100.187.51,443,tcp,140.2157040000002,679.0,7999.0,SF,True,False,0,ShADadTTFfRr,27,1780,31,9243,ssl,0
7929.395023,CPYkkMErRPC3C5n38,10.0.2.15,49414,192.229.133.150,443,TLSv12,TLS_ECDHE_RSA_WITH_AES_128_GCM_SHA256,secp256r1,platform.linkedin.com,False,True,CsxuknGIti,"['849f43356cfe3077982f03bc7a3236d585535f9ced8b39594c6f35825ee07fc7', '154c433c491929c5ef686e838e323664a00e6a0d822ccc958fb4dab03e49a08f']",[],1.0,0ffee3ba8e615ad22535e7f771690a28,76cc3e2d3028143b23ec18e27dbd7ca9,http/1.1,,7927.50504,10.0.2.15,49414,192.229.133.150,443,tcp,149.77949799999988,1453.0,53166.0,SF,True,False,0,ShADadTTFRfr,34,2835,68,55890,ssl,0
7929.336786,CtkWWC1nLW0U8b2qZc,10.0.2.15,49418,151.101.112.143,443,TLSv12,TLS_ECDHE_RSA_WITH_AES_128_GCM_SHA256,secp256r1,s.swiftypecdn.com,False,True,CsxuknGIti,"['52fc1597547a52e9a880d37a1a04ee0f9860516731ec316dab3ba7d3641678c4', '74ef335e5e18788307fb9d89cb704bec112abd23487dbff41c4ded5070f241d9']",[],1.0,0ffee3ba8e615ad22535e7f771690a28,860fcf58fd757e26aa8911e5eaff6b53,http/1.1,,7927.538519,10.0.2.15,49418,151.101.112.143,443,tcp,140.24128800000017,668.0,6807.0,SF,True,False,0,ShADadTTFfRr,26,1729,28,7931,ssl,0
7929.356883,C5E1rM5cNWGA4b6If,10.0.2.15,49417,151.101.112.129,443,TLSv12,TLS_ECDHE_RSA_WITH_AES_128_GCM_SHA256,secp256r1,s.skimresources.com,False,True,CsxknGIti,"['ca5c57bee6ab21c055dcdbe8ad25feef6d1764a92e2aaaadb5d55fb667c3f8ac', '19400be5b7a31fb733917700789d2f0a2471c0c9d506c0e504c06c16d7cb17c0']",[],1.0,0ffee3ba8e615ad22535e7f771690a28,5bf3945147163753a854e165090c4120,http/1.1,,7927.519734,10.0.2.15,49417,151.101.112.129,443,tcp,140.19086199999947,1114.0,25892.0,SF,True,False,0,ShADadTTFfRr,32,2415,47,27776,ssl,0
7943.773996,CeoVvb2w1AWT2ul5oa,10.0.2.15,49420,104.20.30.2,443,TLSv12,TLS_ECDHE_RSA_WITH_AES_128_GCM_SHA256,secp256r1,cdn.tinypass.com,False,True,CsxuknGIti,"['7f997faa50484b4ed9f16b4050d6bbb67735251139279d065c146f4c12c52aee', '154c433c491929c5ef686e838e323664a00e6a0d822ccc958fb4dab03e49a08f']",[],1.0,0ffee3ba8e615ad22535e7f771690a28,76cc3e2d3028143b23ec18e27dbd7ca9,http/1.1,,7942.255186,10.0.2.15,49420,104.20.30.2,443,tcp,135.0228989999996,892.0,106870.0,SF,True,False,0,ShADadTTFf,41,2552,104,111034,ssl,0
7945.858007,CkxObx7yownQ6Peda,10.0.2.15,49421,192.229.233.248,443,TLSv12,TLS_ECDHE_RSA_WITH_AES_128_GCM_SHA256,secp256r1,aka-cdn.adtechus.com,False,True,CsxuknGIti,"['7b8038dc03690801ab36d08929c5ea4ff3fbe5f9a93eea0303f2389f77dc3089', '154c433c491929c5ef686e838e323664a00e6a0d822ccc958fb4dab03e49a08f']",[],1.0,0ffee3ba8e615ad22535e7f771690a28,49b45fc1ab090aa3a159778313fc9b9e,h2,,7943.791543,10.0.2.15,49421,192.229.233.248,443,tcp,188.893368,1144.0,166984.0,SF,True,False,0,ShADadfF,46,2992,164,173548,ssl,0
7945.908506,C0Lbip4VtN5reNLFV1,10.0.2.15,49423,152.195.34.35,443,TLSv12,TLS_ECDHE_RSA_WITH_AES_128_GCM_SHA256,secp256r1,cdn2.vidible.tv,False,True,CsxuknGIti,"['a2ac4b46abd4302413768fa7c7eefd0700c5493de08e9b7fbe902b83e6c70f7d', '154c433c491929c5ef686e838e323664a00e6a0d822ccc958fb4dab03e49a08f']",[],1.0,0ffee3ba8e615ad22535e7f771690a28,76cc3e2d3028143b23ec18e27dbd7ca9,h2,,7943.798063,10.0.2.15,49423,152.195.34.35,443,tcp,182.2520399999994,1025.0,75363.0,SF,True,False,0,ShADadfF,39,2593,89,78927,ssl,0
7945.922102,CHVySw2N27Nr2Kvjd4,10.0.2.15,49422,152.195.34.35,443,TLSv12,TLS_ECDHE_RSA_WITH_AES_128_GCM_SHA256,secp256r1,cdn2.vidible.tv,False,True,CsxuknGIti,"['a2ac4b46abd4302413768fa7c7eefd0700c5493de08e9b7fbe902b83e6c70f7d', '154c433c491929c5ef686e838e323664a00e6a0d822ccc958fb4dab03e49a08f']",[],1.0,0ffee3ba8e615ad22535e7f771690a28,76cc3e2d3028143b23ec18e27dbd7ca9,h2,,7943.795154,10.0.2.15,49422,152.195.34.35,443,tcp,5.311629999999241,527.0,3864.0,SF,True,False,0,ShADadfF,11,975,13,4388,ssl,0
7946.400076,CunTsn3pS40AwHGZpl,10.0.2.15,49426,62.51.0.36,443,TLSv12,TLS_RSA_WITH_AES_128_CBC_SHA,,uk.at.atwola.com,False,True,CsxnGIi,"['bad160b8c938633f39e47671631e40fdf05bacd1a9ffc5f039f8fb517fbc7b25', '3b0cc20384ad7f24eb438f2b80c63ebe003f7f215b8877e418ebb0484028db57', '6b143c2005d5539cc22eab5f772db2a9fe87467feffa07fcf0a9f7d28274ca7a']",[],1.0,0ffee3ba8e615ad22535e7f771690a28,5397c414a9ebeaff1bf18b70ca22eaa0,,,7945.541359,10.0.2.15,49426,62.51.0.36,443,tcp,18.85786300000018,1537.0,5845.0,SF,True,False,0,ShADadTfF,13,2066,15,6449,ssl,0
7946.419649,CfShDu2974P5AbVYU,10.0.2.15,49437,152.163.56.3,443,TLSv12,TLS_RSA_WITH_AES_256_CBC_SHA,,at.atwola.com,True,True,CsiI,,,,0ffee3ba8e615ad22535e7f771690a28,82f0d8a75fa483d1cfe4b7085b784d7e,,,7945.955,10.0.2.15,49437,152.163.56.3,443,tcp,17.937394999999924,1182.0,1225.0,SF,True,False,0,ShADadTfF,9,1551,11,1669,ssl,0
7946.406762,Cj4Tm74wdHp9Krup57,10.0.2.15,49425,62.51.0.36,443,TLSv12,TLS_RSA_WITH_AES_128_CBC_SHA,,uk.at.atwola.com,False,True,CsxnGIi,"['bad160b8c938633f39e47671631e40fdf05bacd1a9ffc5f039f8fb517fbc7b25', '3b0cc20384ad7f24eb438f2b80c63ebe003f7f215b8877e418ebb0484028db57', '6b143c2005d5539cc22eab5f772db2a9fe87467feffa07fcf0a9f7d28274ca7a']",[],1.0,0ffee3ba8e615ad22535e7f771690a28,5397c414a9ebeaff1bf18b70ca22eaa0,,,7945.539984,10.0.2.15,49425,62.51.0.36,443,tcp,19.50274199999967,1436.0,7082.0,SF,True,False,0,ShADadTfF,12,1925,15,7686,ssl,0
7946.40988,CmknXg2IlGQTMSZHOg,10.0.2.15,49424,31.13.84.4,443,TLSv12,TLS_ECDHE_ECDSA_WITH_AES_128_GCM_SHA256,secp256r1,scontent-vie1-1.xx.fbcdn.net,False,True,CsxknGIti,"['152151b387412a95ab90fd4664f2d98880408e9e43913124e4c91226a483386b', '19400be5b7a31fb733917700789d2f0a2471c0c9d506c0e504c06c16d7cb17c0']",[],1.0,0ffee3ba8e615ad22535e7f771690a28,2d1eb5817ece335c24904f516ad5da12,h2,,7945.538537,10.0.2.15,49424,31.13.84.4,443,tcp,201.255639,748.0,4097.0,SF,True,False,0,ShADadfF,18,1476,21,4941,ssl,0
7946.438853,CHSyz34QHqRQ0KNNr9,10.0.2.15,49433,52.30.83.211,443,TLSv12,TLS_ECDHE_RSA_WITH_AES_128_GCM_SHA256,,trk.vidible.tv,True,True,CsiI,,,,0ffee3ba8e615ad22535e7f771690a28,303951d4c50efb2e991652225a6f02b1,,,7945.945455,10.0.2.15,49433,52.30.83.211,443,tcp,9.768251999999848,305.0,176.0,SF,True,False,0,ShADadFfRr,9,673,9,540,ssl,0
7946.430397,CMjOBt3CzxRUIRd8u4,10.0.2.15,49435,95.101.252.144,443,TLSv12,TLS_ECDHE_RSA_WITH_AES_256_GCM_SHA384,secp256r1,s-jsonp.moatads.com,False,True,CsxknGIti,"['435a847bccecae336a1a751c2209ae3f32a8cda1aae8b0da90f1755f7ede9adc', 'e6683e88315cd1cb403c0cea490f7c4b4c82c91cd485037489aadbaa90839f61', '3c35cc963eb004451323d3275d05b353235053490d9cd83729a2faf5e7ca1cc0']",[],1.0,0ffee3ba8e615ad22535e7f771690a28,2b33c1374db4ddf06942f92373c0b54b,http/1.1,,7945.949645,10.0.2.15,49435,95.101.252.144,443,tcp,16.833663000000342,1011.0,5039.0,RSTR,True,False,0,ShADadRr,13,1539,14,5603,ssl,0
7946.444077,CzRlkk1EPL22hm1kge,10.0.2.15,49431,95.101.252.144,443,TLSv12,TLS_ECDHE_RSA_WITH_AES_256_GCM_SHA384,,z.moatads.com,True,True,CsiI,,,,1a5fe5677b0e4fbbc854e8908225637d,410b9bedaf65dd26c6fe547154d60db4,http/1.1,,7945.942862,10.0.2.15,49431,95.101.252.144,443,tcp,131.3416470000002,921.0,53524.0,SF,True,False,0,ShADadTTFfRr,32,2221,67,56208,ssl,0
7946.423783,CfxWiVtScfbzfx3Kf,10.0.2.15,49436,52.45.225.183,443,TLSv12,TLS_ECDHE_RSA_WITH_AES_128_GCM_SHA256,secp256r1,srv-2017-05-02-01.config.parsely.com,False,True,CsxknGIi,"['a7b7f2a8c98b22a0653289704912d08573231516a034573fb4e13d080bc231e4', '02ab57e4e67a0cb48dd2ff34830e8ac40f4476fb08ca6be3f5cd846f646840f0', '4f32d5dc00f715250abcc486511e37f501a899deb3bf7ea8adbbd3aef1c412da']",[],1.0,0ffee3ba8e615ad22535e7f771690a28,303951d4c50efb2e991652225a6f02b1,,,7945.951863,10.0.2.15,49436,52.45.225.183,443,tcp,152.35185099999944,1647.0,7359.0,SF,True,False,0,ShADadTTFf,29,2828,30,8563,ssl,0
7946.441831,CBvLMa4XdKIjXd5kS9,10.0.2.15,49432,192.229.220.39,443,TLSv12,TLS_ECDHE_RSA_WITH_AES_128_GCM_SHA256,secp256r1,sz.on.aol.com,False,True,CsxuknGIti,"['f06ab1269d375471cfad4c95737dd4c590b8877410e2ba5f79f1d288da716c32', '19400be5b7a31fb733917700789d2f0a2471c0c9d506c0e504c06c16d7cb17c0']",[],1.0,0ffee3ba8e615ad22535e7f771690a28,49b45fc1ab090aa3a159778313fc9b9e,h2,,7945.944338,10.0.2.15,49432,192.229.220.39,443,tcp,171.9397659999995,1126.0,5363.0,SF,True,False,0,ShADadfF,20,1934,24,6327,ssl,0
7946.451591,Cke1vr4He2YDjQyFw9,10.0.2.15,49430,62.51.0.36,443,TLSv12,TLS_RSA_WITH_AES_128_CBC_SHA,,uk.at.atwola.com,False,True,CsxnGIi,"['bad160b8c938633f39e47671631e40fdf05bacd1a9ffc5f039f8fb517fbc7b25', '3b0cc20384ad7f24eb438f2b80c63ebe003f7f215b8877e418ebb0484028db57', '6b143c2005d5539cc22eab5f772db2a9fe87467feffa07fcf0a9f7d28274ca7a']",[],1.0,0ffee3ba8e615ad22535e7f771690a28,5397c414a9ebeaff1bf18b70ca22eaa0,,,7945.941829,10.0.2.15,49430,62.51.0.36,443,tcp,9.754198999999971,588.0,4171.0,SF,True,False,0,ShADadFf,10,996,10,4575,ssl,0
7946.456505,C2NFIarkw9qkDyys8,10.0.2.15,49429,152.195.52.14,443,TLSv12,TLS_ECDHE_RSA_WITH_AES_128_GCM_SHA256,secp256r1,secure-api.gravity.com,False,True,CsxuknGIti,"['2466b83fcfc4407a97fc4d48874508be87aa738fd830a8ac57d08314653304df', '19400be5b7a31fb733917700789d2f0a2471c0c9d506c0e504c06c16d7cb17c0']",[],1.0,0ffee3ba8e615ad22535e7f771690a28,49b45fc1ab090aa3a159778313fc9b9e,h2,,7945.939563,10.0.2.15,49429,152.195.52.14,443,tcp,263.40257500000007,3029.0,5161.0,SF,True,False,0,ShADadfF,28,4157,34,6525,ssl,0
7946.461394,CG2n1L1NRJFOW2kEy5,10.0.2.15,49427,52.44.4.52,443,TLSv12,TLS_ECDHE_RSA_WITH_AES_128_GCM_SHA256,,chat.streamable.com,True,True,CsiI,,,,1a5fe5677b0e4fbbc854e8908225637d,7bee5c1d424b7e5f943b06983bb11422,http/1.1,,7945.933519,10.0.2.15,49427,52.44.4.52,443,tcp,14.411731000000144,1222.0,442.0,SF,True,False,0,ShADadFf,10,1630,9,806,ssl,0
7946.436869,Cj1IWy3jS0pPMmxdw5,10.0.2.15,49434,31.13.69.197,443,TLSv12,TLS_ECDHE_ECDSA_WITH_AES_128_GCM_SHA256,secp256r1,graph.facebook.com,False,True,CsxknGIti,"['152151b387412a95ab90fd4664f2d98880408e9e43913124e4c91226a483386b', '19400be5b7a31fb733917700789d2f0a2471c0c9d506c0e504c06c16d7cb17c0']",[],1.0,0ffee3ba8e615ad22535e7f771690a28,2d1eb5817ece335c24904f516ad5da12,h2,,7945.948075,10.0.2.15,49434,31.13.69.197,443,tcp,287.64460899999904,22064.0,7938.0,SF,True,False,0,ShADadfF,50,24072,55,10142,ssl,0
7946.458584,C2rVwN3oxSqYWilqa3,10.0.2.15,49428,152.195.52.14,443,TLSv12,TLS_ECDHE_RSA_WITH_AES_128_GCM_SHA256,secp256r1,secure-api.gravity.com,False,True,CsxuknGIti,"['2466b83fcfc4407a97fc4d48874508be87aa738fd830a8ac57d08314653304df', '19400be5b7a31fb733917700789d2f0a2471c0c9d506c0e504c06c16d7cb17c0']",[],1.0,0ffee3ba8e615ad22535e7f771690a28,49b45fc1ab090aa3a159778313fc9b9e,h2,,7945.937403,10.0.2.15,49428,152.195.52.14,443,tcp,12.16993900000034,1127.0,4475.0,SF,True,False,0,ShADadfF,15,1735,17,5159,ssl,0
7947.426516,CXB8kL2FNKw0YuWsBi,10.0.2.15,49438,93.184.221.193,443,TLSv12,TLS_ECDHE_RSA_WITH_AES_128_GCM_SHA256,secp256r1,cdn-ssl.vidible.tv,False,True,CsxuknGIti,"['f2c5d80faa2a656359a8a6daa62f19c0070427672cfccb102f9e118ca64241a0', '19400be5b7a31fb733917700789d2f0a2471c0c9d506c0e504c06c16d7cb17c0', '7431e5f4c3c1ce4690774f0b61e05440883ba9a01ed00ba6abd7806ed3b118cf']",[],1.0,0ffee3ba8e615ad22535e7f771690a28,49b45fc1ab090aa3a159778313fc9b9e,h2,,7946.468971,10.0.2.15,49438,93.184.221.193,443,tcp,312.9993290000002,1282.0,368015.0,SF,True,False,0,ShADadfF,72,4170,309,380379,ssl,0
7951.73966,Coso0m2IQy9rOba3hg,10.0.2.15,49440,54.76.253.20,443,TLSv12,TLS_ECDHE_RSA_WITH_AES_128_GCM_SHA256,secp256r1,p.skimresources.com,False,True,CsxknGIi,"['1a611f2a3f3fdc248d84b3738af1c96f26d3141bbc74ed02f544728bf0a5d068', '154c433c491929c5ef686e838e323664a00e6a0d822ccc958fb4dab03e49a08f']",[],1.0,0ffee3ba8e615ad22535e7f771690a28,303951d4c50efb2e991652225a6f02b1,,,7950.90953,10.0.2.15,49440,54.76.253.20,443,tcp,9.716703000000052,1160.0,3375.0,SF,True,False,0,ShADadFfRr,13,1688,14,3939,ssl,0
7951.733368,CZCejg1OSIcDz6FN5j,10.0.2.15,49443,95.100.187.51,443,TLSv12,TLS_ECDHE_RSA_WITH_AES_256_GCM_SHA384,secp256r1,plugin.mediavoice.com,False,True,CsxknGIti,"['94ce4a5602d5bdd835d4fc958ddc8973012851297a28c540a632c50fe505a0df', 'eae72eb454bf6c3977ebd289e970b2f5282949190093d0d26f98d0f0d6a9cf17', '8420dfbe376f414bf4c0a81e6936d24ccc03f304835b86c7a39142fca723a689']",[],1.0,0ffee3ba8e615ad22535e7f771690a28,2b33c1374db4ddf06942f92373c0b54b,http/1.1,,7950.916657,10.0.2.15,49443,95.100.187.51,443,tcp,9.675680000000284,659.0,97649.0,RSTR,True,False,0,ShADadFRRrRR,40,2267,102,101733,ssl,0
7951.741426,CQb64j3ZeeYjeBSLsa,10.0.2.15,49439,173.192.91.158,443,TLSv12,TLS_ECDHE_RSA_WITH_AES_128_GCM_SHA256,secp384r1,cc.swiftype.com,False,True,CsxuknGIi,"['d2d920e6307f89577db1c0bb8c8badb89eae8caa9b0d5a4709cec0fc4794d9ec', '154c433c491929c5ef686e838e323664a00e6a0d822ccc958fb4dab03e49a08f']",[],1.0,0ffee3ba8e615ad22535e7f771690a28,8bbcb0bf0a942234f77bd504ffdd2013,,,7950.902413,10.0.2.15,49439,173.192.91.158,443,tcp,9.821936000000278,740.0,3841.0,SF,True,False,0,ShADadFf,12,1228,12,4325,ssl,0
7951.735085,CKSGutNAZz2k5Hnh,10.0.2.15,49442,54.77.91.81,443,TLSv12,TLS_ECDHE_RSA_WITH_AES_128_GCM_SHA256,secp256r1,r.skimresources.com,False,True,CsxknGIi,"['caa8c2f1a990107a717080115f60a4a96012ff04d07014ab0c049da6d3c7e3ff', 'f55f9ffcb83c73453261601c7e044db15a0f034b93c05830f28635ef889cf670', '87dcd4dc74640a322cd205552506d1be64f12596258096544986b4850bc72706', '28689b30e4c306aab53b027b29e36ad6dd1dcf4b953994482ca84bdc1ecac996']",[],1.0,0ffee3ba8e615ad22535e7f771690a28,303951d4c50efb2e991652225a6f02b1,,,7950.914754,10.0.2.15,49442,54.77.91.81,443,tcp,10.050789999999324,1819.0,6095.0,SF,True,False,0,ShADadFfRr,12,2307,15,6699,ssl,0
7951.736079,CU3OyD1abHH6Y83xKj,10.0.2.15,49441,54.76.253.20,443,TLSv12,TLS_ECDHE_RSA_WITH_AES_128_GCM_SHA256,secp256r1,p.skimresources.com,False,True,CsxknGIi,"['1a611f2a3f3fdc248d84b3738af1c96f26d3141bbc74ed02f544728bf0a5d068', '154c433c491929c5ef686e838e323664a00e6a0d822ccc958fb4dab03e49a08f']",[],1.0,0ffee3ba8e615ad22535e7f771690a28,303951d4c50efb2e991652225a6f02b1,,,7950.91225,10.0.2.15,49441,54.76.253.20,443,tcp,9.726031999999575,1160.0,3375.0,SF,True,False,0,ShADadFfRr,13,1688,14,3939,ssl,0
7965.528132,CMDlGj3wnICsSATwX9,10.0.2.15,49448,52.203.32.111,443,TLSv12,TLS_ECDHE_RSA_WITH_AES_128_GCM_SHA256,secp256r1,geo.moatads.com,False,True,CsxknGIi,"['a1f5b668b42edb358e83f7846b2d9b47b4c87d7ba7c20aecdceea13939a70e76', 'e6683e88315cd1cb403c0cea490f7c4b4c82c91cd485037489aadbaa90839f61']",[],1.0,0ffee3ba8e615ad22535e7f771690a28,303951d4c50efb2e991652225a6f02b1,,,7964.859484,10.0.2.15,49448,52.203.32.111,443,tcp,12.481064000000517,349.0,3157.0,SF,True,False,0,ShADadTFRfr,12,838,13,3681,ssl,0
7965.531535,C3Ugkv1d9GwQtnLfg8,10.0.2.15,49447,52.203.32.111,443,TLSv12,TLS_ECDHE_RSA_WITH_AES_128_GCM_SHA256,secp256r1,geo.moatads.com,False,True,CsxknGIi,"['a1f5b668b42edb358e83f7846b2d9b47b4c87d7ba7c20aecdceea13939a70e76', 'e6683e88315cd1cb403c0cea490f7c4b4c82c91cd485037489aadbaa90839f61']",[],1.0,0ffee3ba8e615ad22535e7f771690a28,303951d4c50efb2e991652225a6f02b1,,,7964.855056,10.0.2.15,49447,52.203.32.111,443,tcp,12.834544999999707,349.0,3157.0,SF,True,False,0,ShADadTFfRr,12,838,14,3721,ssl,0
7965.532825,CC4Dza1zqzTtgZcCga,10.0.2.15,49446,52.203.32.111,443,TLSv12,TLS_ECDHE_RSA_WITH_AES_128_GCM_SHA256,secp256r1,geo.moatads.com,False,True,CsxknGIi,"['a1f5b668b42edb358e83f7846b2d9b47b4c87d7ba7c20aecdceea13939a70e76', 'e6683e88315cd1cb403c0cea490f7c4b4c82c91cd485037489aadbaa90839f61']",[],1.0,0ffee3ba8e615ad22535e7f771690a28,303951d4c50efb2e991652225a6f02b1,,,7964.854098,10.0.2.15,49446,52.203.32.111,443,tcp,13.375990999999884,349.0,3157.0,SF,True,False,0,ShADadTFRfr,12,838,13,3681,ssl,0
7968.229787,CpKA7c5HL3dQeKW22,10.0.2.15,49449,95.101.252.144,443,TLSv12,TLS_ECDHE_RSA_WITH_AES_256_GCM_SHA384,,s-jsonp.moatads.com,True,True,CsiI,,,,1a5fe5677b0e4fbbc854e8908225637d,410b9bedaf65dd26c6fe547154d60db4,http/1.1,,7967.849569,10.0.2.15,49449,95.101.252.144,443,tcp,20.50240699999995,568.0,183.0,SF,True,False,0,ShADadTfF,7,857,8,507,ssl,0
7970.009023,CPa9eV1dln05uR9Cr,10.0.2.15,49457,37.252.172.12,443,TLSv12,TLS_ECDHE_RSA_WITH_AES_256_GCM_SHA384,secp256r1,ib.adnxs.com,False,True,CsxuknGIti,"['5b081650e8034418a37504ce0820892be5a66474578207711eb688243fe1a8f2', '074541ecdf88ed992ed5ade3ecddef27a26ba1b44480a195c0a8dadae2521d8e']",[],1.0,0ffee3ba8e615ad22535e7f771690a28,d53e4608f956df65bb2b8a8c4d3b025d,,,7969.488015,10.0.2.15,49457,37.252.172.12,443,tcp,4.089175000000068,3045.0,5809.0,SF,True,False,0,ShADadFf,12,3533,14,6373,ssl,0
7970.023255,CL0hJP3N1NuK0oMCM8,10.0.2.15,49456,185.29.133.52,443,TLSv12,TLS_ECDHE_RSA_WITH_AES_128_GCM_SHA256,secp256r1,sync.mathtag.com,False,True,CsxknGIti,"['82e454f53aa3be8b62d47779e364161287a2de0a1ce9e3b37243ae64bd7d7906', '154c433c491929c5ef686e838e323664a00e6a0d822ccc958fb4dab03e49a08f']",[],1.0,0ffee3ba8e615ad22535e7f771690a28,389ed42c02ebecc32e73aa31def07e14,,,7969.486004,10.0.2.15,49456,185.29.133.52,443,tcp,4.108266999999614,1557.0,3664.0,SF,True,False,0,ShADadFf,11,2005,12,4148,ssl,0
7970.027225,CqFcct2tI5W972LwJi,10.0.2.15,49452,216.58.201.66,443,TLSv12,TLS_ECDHE_RSA_WITH_AES_128_GCM_SHA256,,cm.g.doubleclick.net,True,True,CsiI,,,,1a5fe5677b0e4fbbc854e8908225637d,67619a80665d7ab92d1041b1d11f9164,h2,,7969.458882,10.0.2.15,49452,216.58.201.66,443,tcp,289.4365979999993,1812.0,2619.0,SF,True,False,0,ShADadFf,27,2900,30,3823,ssl,0
7970.02536,CsBfnhbz7lXXbbfQi,10.0.2.15,49454,62.210.127.67,443,TLSv12,TLS_ECDHE_RSA_WITH_AES_128_GCM_SHA256,secp256r1,atpixel.alephd.com,False,True,CsxknGIti,"['018c48e69b3389c1a6ee04c16881dd90cd1998492b0c23dc9b245c1969465efb', 'b9f2164323638dce0b92218b43c41c1b2b2696389329db19f5cf7ad49b5cb372', '1a5174980a294a528a110726d5855650266c48d9883bea692b67b6d726da98c5']",[],1.0,0ffee3ba8e615ad22535e7f771690a28,ccc514751b175866924439bdbb5bba34,,,7969.468141,10.0.2.15,49454,62.210.127.67,443,tcp,10.73611399999936,321.0,4886.0,SF,True,False,0,ShADadFf,9,689,10,5290,ssl,0
7970.024282,C89paB2efdasLCSyFf,10.0.2.15,49455,152.163.64.2,443,TLSv12,TLS_RSA_WITH_AES_128_CBC_SHA,,adt.pxl.ace.advertising.com,False,True,CsxnGIi,"['0026705123888b480ac204691f51c7389a495443f5416a6256fe704260d381d5', '3b0cc20384ad7f24eb438f2b80c63ebe003f7f215b8877e418ebb0484028db57', '6b143c2005d5539cc22eab5f772db2a9fe87467feffa07fcf0a9f7d28274ca7a']",[],1.0,0ffee3ba8e615ad22535e7f771690a28,5397c414a9ebeaff1bf18b70ca22eaa0,,,7969.481676,10.0.2.15,49455,152.163.64.2,443,tcp,4.514303999999356,2172.0,5030.0,SF,True,False,0,ShADadFf,12,2660,14,5594,ssl,0
7970.026375,COtLJ03fMqtVYH8x6k,10.0.2.15,49453,185.29.133.52,443,TLSv12,TLS_ECDHE_RSA_WITH_AES_128_GCM_SHA256,secp256r1,sync.mathtag.com,False,True,CsxknGIti,"['82e454f53aa3be8b62d47779e364161287a2de0a1ce9e3b37243ae64bd7d7906', '154c433c491929c5ef686e838e323664a00e6a0d822ccc958fb4dab03e49a08f']",[],1.0,0ffee3ba8e615ad22535e7f771690a28,389ed42c02ebecc32e73aa31def07e14,,,7969.462912,10.0.2.15,49453,185.29.133.52,443,tcp,38.7116960000003,2784.0,4154.0,SF,True,False,0,ShADadTFf,17,3475,17,4838,ssl,0
7970.029251,C9xOD33zWNLanNPAJh,10.0.2.15,49450,37.252.172.12,443,TLSv12,TLS_ECDHE_RSA_WITH_AES_256_GCM_SHA384,secp256r1,ib.adnxs.com,False,True,CsxuknGIti,"['5b081650e8034418a37504ce0820892be5a66474578207711eb688243fe1a8f2', '074541ecdf88ed992ed5ade3ecddef27a26ba1b44480a195c0a8dadae2521d8e']",[],1.0,0ffee3ba8e615ad22535e7f771690a28,d53e4608f956df65bb2b8a8c4d3b025d,,,7969.45494,10.0.2.15,49450,37.252.172.12,443,tcp,15.290713000000324,3014.0,5840.0,SF,True,False,0,ShADadfTF,13,3543,16,6484,ssl,0
7970.02831,CQMdR52DZOF0QhmVhd,10.0.2.15,49451,152.163.64.2,443,TLSv12,TLS_RSA_WITH_AES_128_CBC_SHA,,adt.pxl.ace.advertising.com,False,True,CsxnGIi,"['0026705123888b480ac204691f51c7389a495443f5416a6256fe704260d381d5', '3b0cc20384ad7f24eb438f2b80c63ebe003f7f215b8877e418ebb0484028db57', '6b143c2005d5539cc22eab5f772db2a9fe87467feffa07fcf0a9f7d28274ca7a']",[],1.0,0ffee3ba8e615ad22535e7f771690a28,5397c414a9ebeaff1bf18b70ca22eaa0,,,7969.456994,10.0.2.15,49451,152.163.64.2,443,tcp,38.79537299999993,3761.0,5995.0,SF,True,False,0,ShADadTFf,18,4492,20,6799,ssl,0
7972.319704,CprnuA2NKqgBqKPbe1,10.0.2.15,49458,52.30.83.211,443,TLSv12,TLS_ECDHE_RSA_WITH_AES_128_GCM_SHA256,,trk.vidible.tv,True,True,CsiI,,,,0ffee3ba8e615ad22535e7f771690a28,303951d4c50efb2e991652225a6f02b1,,,7970.78717,10.0.2.15,49458,52.30.83.211,443,tcp,12.511355999999978,305.0,176.0,SF,True,False,0,ShADadTFfRr,10,714,10,580,ssl,0
7972.755031,CqI0ac3fqaso5XkcC6,10.0.2.15,49459,138.108.96.100,443,TLSv12,TLS_DHE_RSA_WITH_AES_256_CBC_SHA,,secure-dcr.imrworldwide.com,False,True,CsxknGIi,"['56eaef0c87e42a128a7c9cd2d411ee09732eabcb28560a489f2476ef6483c001', 'eae72eb454bf6c3977ebd289e970b2f5282949190093d0d26f98d0f0d6a9cf17', '8420dfbe376f414bf4c0a81e6936d24ccc03f304835b86c7a39142fca723a689']",[],1.0,0ffee3ba8e615ad22535e7f771690a28,d90fa179c9daf35598ed8341272118f7,,,7970.998306,10.0.2.15,49459,138.108.96.100,443,tcp,26.137844999999288,860.0,9362.0,SF,True,False,0,ShADadTfF,13,1389,18,10086,ssl,0
7973.829612,C97gn24aQtuzAoEJHi,10.0.2.15,49465,172.227.14.222,443,TLSv12,TLS_ECDHE_RSA_WITH_AES_256_GCM_SHA384,secp256r1,crunchbase-production-res.cloudinary.com,False,True,CsxknGIti,"['508fa357866d195bea870b37198c416b7b241394d2b51a439ac13e554feb7a51', '973a41276ffd01e027a2aad49e34c37846d3e976ff6a620b6712e33832041aa6', '3a2fbe92891e57fe05d57087f48e730f17e5a5f53ef403d618e5b74d7a7e6ecb']",[],1.0,0ffee3ba8e615ad22535e7f771690a28,2b33c1374db4ddf06942f92373c0b54b,h2,,7973.347683,10.0.2.15,49465,172.227.14.222,443,tcp,14.708639000000405,2090.0,4530.0,SF,True,False,0,ShADadfF,24,3058,26,5574,ssl,0
7973.8324,CdZ8jx44VkDIZIFdPl,10.0.2.15,49463,172.227.14.222,443,TLSv12,TLS_ECDHE_RSA_WITH_AES_256_GCM_SHA384,secp256r1,crunchbase-production-res.cloudinary.com,False,True,CsxknGIti,"['508fa357866d195bea870b37198c416b7b241394d2b51a439ac13e554feb7a51', '973a41276ffd01e027a2aad49e34c37846d3e976ff6a620b6712e33832041aa6', '3a2fbe92891e57fe05d57087f48e730f17e5a5f53ef403d618e5b74d7a7e6ecb']",[],1.0,0ffee3ba8e615ad22535e7f771690a28,2b33c1374db4ddf06942f92373c0b54b,h2,,7973.346569,10.0.2.15,49463,172.227.14.222,443,tcp,15.01850899999954,799.0,4530.0,SF,True,False,0,ShADadfF,12,1287,14,5094,ssl,0
7973.857131,COgTDAJTQAJyVd4Uh,10.0.2.15,49467,172.227.14.222,443,TLSv12,TLS_ECDHE_RSA_WITH_AES_256_GCM_SHA384,secp256r1,crunchbase-production-res.cloudinary.com,False,True,CsxknGIti,"['508fa357866d195bea870b37198c416b7b241394d2b51a439ac13e554feb7a51', '973a41276ffd01e027a2aad49e34c37846d3e976ff6a620b6712e33832041aa6', '3a2fbe92891e57fe05d57087f48e730f17e5a5f53ef403d618e5b74d7a7e6ecb']",[],1.0,0ffee3ba8e615ad22535e7f771690a28,2b33c1374db4ddf06942f92373c0b54b,h2,,7973.349319,10.0.2.15,49467,172.227.14.222,443,tcp,14.990918999999847,799.0,4530.0,SF,True,False,0,ShADadfF,12,1287,14,5094,ssl,0
7973.838791,CfcQlPsY1hbF1yiK1,10.0.2.15,49462,172.227.14.222,443,TLSv12,TLS_ECDHE_RSA_WITH_AES_256_GCM_SHA384,secp256r1,crunchbase-production-res.cloudinary.com,False,True,CsxknGIti,"['508fa357866d195bea870b37198c416b7b241394d2b51a439ac13e554feb7a51', '973a41276ffd01e027a2aad49e34c37846d3e976ff6a620b6712e33832041aa6', '3a2fbe92891e57fe05d57087f48e730f17e5a5f53ef403d618e5b74d7a7e6ecb']",[],1.0,0ffee3ba8e615ad22535e7f771690a28,2b33c1374db4ddf06942f92373c0b54b,h2,,7973.345813,10.0.2.15,49462,172.227.14.222,443,tcp,14.991667999999663,800.0,4530.0,SF,True,False,0,ShADadfF,12,1288,13,5054,ssl,0
7973.846601,CXj8sG4szexWYxxte6,10.0.2.15,49464,172.227.14.222,443,TLSv12,TLS_ECDHE_RSA_WITH_AES_256_GCM_SHA384,secp256r1,crunchbase-production-res.cloudinary.com,False,True,CsxknGIti,"['508fa357866d195bea870b37198c416b7b241394d2b51a439ac13e554feb7a51', '973a41276ffd01e027a2aad49e34c37846d3e976ff6a620b6712e33832041aa6', '3a2fbe92891e57fe05d57087f48e730f17e5a5f53ef403d618e5b74d7a7e6ecb']",[],1.0,0ffee3ba8e615ad22535e7f771690a28,2b33c1374db4ddf06942f92373c0b54b,h2,,7973.347013,10.0.2.15,49464,172.227.14.222,443,tcp,16.588756000000103,800.0,4530.0,SF,True,False,0,ShADadfF,12,1288,14,5094,ssl,0
7973.862156,CHzl741GokxA83oNk3,10.0.2.15,49466,172.227.14.222,443,TLSv12,TLS_ECDHE_RSA_WITH_AES_256_GCM_SHA384,secp256r1,crunchbase-production-res.cloudinary.com,False,True,CsxknGIti,"['508fa357866d195bea870b37198c416b7b241394d2b51a439ac13e554feb7a51', '973a41276ffd01e027a2aad49e34c37846d3e976ff6a620b6712e33832041aa6', '3a2fbe92891e57fe05d57087f48e730f17e5a5f53ef403d618e5b74d7a7e6ecb']",[],1.0,0ffee3ba8e615ad22535e7f771690a28,2b33c1374db4ddf06942f92373c0b54b,h2,,7973.348455,10.0.2.15,49466,172.227.14.222,443,tcp,14.98776799999996,799.0,4530.0,SF,True,False,0,ShADadfF,12,1287,14,5094,ssl,0
7978.131562,CAfYCGdfhsCLGjgob,10.0.2.15,49469,192.0.77.32,443,TLSv12,TLS_ECDHE_RSA_WITH_AES_128_GCM_SHA256,secp256r1,s1.wp.com,False,True,CsxuknGIti,"['100d19010050ffe81865a1cae3b70fe455286cf162042ac5bf146d2a7491e24f', '973a41276ffd01e027a2aad49e34c37846d3e976ff6a620b6712e33832041aa6', '3a2fbe92891e57fe05d57087f48e730f17e5a5f53ef403d618e5b74d7a7e6ecb']",[],1.0,0ffee3ba8e615ad22535e7f771690a28,76cc3e2d3028143b23ec18e27dbd7ca9,h2,,7976.721709,10.0.2.15,49469,192.0.77.32,443,tcp,14.402157999999872,555.0,6296.0,SF,True,False,0,ShADadTFf,14,1124,17,6980,ssl,0
7991.099907,CgwICr1fIYsEqg7Ape,10.0.2.15,49471,192.243.255.6,443,TLSv12,TLS_ECDHE_RSA_WITH_AES_256_GCM_SHA384,,s.sa.aol.com,True,True,CsiI,,,,0ffee3ba8e615ad22535e7f771690a28,959bfcf87532cbff1253e80a4ee81308,,,7989.939634,10.0.2.15,49471,192.243.255.6,443,tcp,21.221661999999924,2073.0,680.0,SF,True,False,0,ShADadTFf,12,2562,12,1164,ssl,0
7992.860802,CGj0nl2BigaDGPeoH1,10.0.2.15,49472,152.163.56.3,443,TLSv12,TLS_RSA_WITH_AES_256_CBC_SHA,,at.atwola.com,True,True,CsiI,,,,0ffee3ba8e615ad22535e7f771690a28,82f0d8a75fa483d1cfe4b7085b784d7e,,,7990.072909,10.0.2.15,49472,152.163.56.3,443,tcp,19.64592999999968,1310.0,932.0,SF,True,False,0,ShADadTfF,10,1719,11,1376,ssl,0
7993.133236,CoFs3z1rVmf6r4CEGf,10.0.2.15,49473,152.163.56.3,443,TLSv12,TLS_RSA_WITH_AES_256_CBC_SHA,,at.atwola.com,True,True,CsiI,,,,0ffee3ba8e615ad22535e7f771690a28,82f0d8a75fa483d1cfe4b7085b784d7e,,,7991.124184,10.0.2.15,49473,152.163.56.3,443,tcp,20.91453999999976,2259.0,884.0,SF,True,False,0,ShADadTfF,11,2708,11,1328,ssl,0
7999.221235,COcFVf26H63jksobF5,10.0.2.15,49475,34.200.99.148,443,TLSv12,TLS_ECDHE_RSA_WITH_AES_128_GCM_SHA256,secp256r1,b.aol.com,False,True,CsxknGIi,"['9b1d69da000c003262f487807ad9d9474b2aa55d5c6af1afed2609d12310fb2b', '19400be5b7a31fb733917700789d2f0a2471c0c9d506c0e504c06c16d7cb17c0', '7431e5f4c3c1ce4690774f0b61e05440883ba9a01ed00ba6abd7806ed3b118cf']",[],1.0,0ffee3ba8e615ad22535e7f771690a28,303951d4c50efb2e991652225a6f02b1,,,7998.757663,10.0.2.15,49475,34.200.99.148,443,tcp,7.043957999999293,343.0,4652.0,SF,True,False,0,ShADadFRfr,11,791,13,5176,ssl,0
7999.223816,C6CR2c2XCJUAmndXad,10.0.2.15,49474,34.200.99.148,443,TLSv12,TLS_ECDHE_RSA_WITH_AES_128_GCM_SHA256,secp256r1,b.aol.com,False,True,CsxknGIi,"['9b1d69da000c003262f487807ad9d9474b2aa55d5c6af1afed2609d12310fb2b', '19400be5b7a31fb733917700789d2f0a2471c0c9d506c0e504c06c16d7cb17c0', '7431e5f4c3c1ce4690774f0b61e05440883ba9a01ed00ba6abd7806ed3b118cf']",[],1.0,0ffee3ba8e615ad22535e7f771690a28,303951d4c50efb2e991652225a6f02b1,,,7998.756483,10.0.2.15,49474,34.200.99.148,443,tcp,6.926285999999891,343.0,4652.0,SF,True,False,0,ShADadFfRr,11,791,13,5176,ssl,0
7999.936541,C9zfjB3tg3JpoRkSoe,10.0.2.15,49476,192.229.221.24,443,TLSv12,TLS_ECDHE_RSA_WITH_AES_128_GCM_SHA256,secp256r1,s.aolcdn.com,False,True,CsxuknGIti,"['7cad4431f5e1812766eceb1908baeb16a299d89260d1d3a7b7403c465defe26a', '19400be5b7a31fb733917700789d2f0a2471c0c9d506c0e504c06c16d7cb17c0']",[],1.0,1a5fe5677b0e4fbbc854e8908225637d,49b45fc1ab090aa3a159778313fc9b9e,h2,,7999.445472,10.0.2.15,49476,192.229.221.24,443,tcp,2.149680999999873,643.0,4212.0,RSTO,True,False,0,ShADadR,7,931,7,4496,ssl,0
8000.116728,CtteOO1AFdibj9TNT,10.0.2.15,49477,62.51.0.45,443,TLSv12,TLS_RSA_WITH_AES_128_CBC_SHA,,ums.adtech.de,False,True,CsxnGIi,"['83dc825a285d75874ad3093d3c109950d638be3a813b789cebec11ec6396cc8f', '3b0cc20384ad7f24eb438f2b80c63ebe003f7f215b8877e418ebb0484028db57', '6b143c2005d5539cc22eab5f772db2a9fe87467feffa07fcf0a9f7d28274ca7a']",[],1.0,0ffee3ba8e615ad22535e7f771690a28,5397c414a9ebeaff1bf18b70ca22eaa0,,,7999.589108,10.0.2.15,49477,62.51.0.45,443,tcp,19.84055999999964,985.0,4368.0,SF,True,False,0,ShADadTfF,12,1474,13,4892,ssl,0
8003.992322,Cpuu8y3wILIsi4wOI4,10.0.2.15,49483,62.51.0.45,443,TLSv12,TLS_RSA_WITH_AES_128_CBC_SHA,,ums.adtech.de,False,True,CsxnGIi,"['83dc825a285d75874ad3093d3c109950d638be3a813b789cebec11ec6396cc8f', '3b0cc20384ad7f24eb438f2b80c63ebe003f7f215b8877e418ebb0484028db57', '6b143c2005d5539cc22eab5f772db2a9fe87467feffa07fcf0a9f7d28274ca7a']",[],1.0,0ffee3ba8e615ad22535e7f771690a28,5397c414a9ebeaff1bf18b70ca22eaa0,,,8002.910034,10.0.2.15,49483,62.51.0.45,443,tcp,17.873923999999533,1070.0,4315.0,SF,True,False,0,ShADadTfF,12,1559,14,4879,ssl,0
8003.993069,CfZ5B62NbioQwrB8ag,10.0.2.15,49482,62.51.0.45,443,TLSv12,TLS_RSA_WITH_AES_128_CBC_SHA,,ums.adtech.de,False,True,CsxnGIi,"['83dc825a285d75874ad3093d3c109950d638be3a813b789cebec11ec6396cc8f', '3b0cc20384ad7f24eb438f2b80c63ebe003f7f215b8877e418ebb0484028db57', '6b143c2005d5539cc22eab5f772db2a9fe87467feffa07fcf0a9f7d28274ca7a']",[],1.0,0ffee3ba8e615ad22535e7f771690a28,5397c414a9ebeaff1bf18b70ca22eaa0,,,8002.909188,10.0.2.15,49482,62.51.0.45,443,tcp,18.211753999999928,969.0,4368.0,SF,True,False,0,ShADadTfF,11,1418,13,4892,ssl,0
8004.068858,CYRNgP29pxdCgD9iH8,10.0.2.15,49481,62.51.0.45,443,TLSv12,TLS_RSA_WITH_AES_128_CBC_SHA,,ums.adtech.de,False,True,CsxnGIi,"['83dc825a285d75874ad3093d3c109950d638be3a813b789cebec11ec6396cc8f', '3b0cc20384ad7f24eb438f2b80c63ebe003f7f215b8877e418ebb0484028db57', '6b143c2005d5539cc22eab5f772db2a9fe87467feffa07fcf0a9f7d28274ca7a']",[],1.0,0ffee3ba8e615ad22535e7f771690a28,5397c414a9ebeaff1bf18b70ca22eaa0,,,8002.906596,10.0.2.15,49481,62.51.0.45,443,tcp,18.199123000000327,985.0,4368.0,SF,True,False,0,ShADadTfF,11,1434,14,4932,ssl,0
8006.261711,CYeXJm3QRyDJwbO9xg,10.0.2.15,49486,62.51.0.36,443,TLSv12,TLS_RSA_WITH_AES_128_CBC_SHA,,uk.at.atwola.com,True,True,CsiI,,,,0ffee3ba8e615ad22535e7f771690a28,5397c414a9ebeaff1bf18b70ca22eaa0,,,8005.850056,10.0.2.15,49486,62.51.0.36,443,tcp,12.525888000000124,1345.0,1881.0,SF,True,False,0,ShADadTfF,9,1714,11,2325,ssl,0
8006.908234,CLRftp24t7frO09tG5,10.0.2.15,49488,34.200.99.148,443,TLSv12,TLS_ECDHE_RSA_WITH_AES_128_GCM_SHA256,,b.aol.com,True,True,CsiI,,,,0ffee3ba8e615ad22535e7f771690a28,303951d4c50efb2e991652225a6f02b1,,,8006.42748,10.0.2.15,49488,34.200.99.148,443,tcp,65.53683099999944,2731.0,1169.0,SF,True,False,0,ShADadTFf,17,3425,17,1853,ssl,0
8006.908854,CYxNXs2nH6JGHq5n07,10.0.2.15,49487,34.200.99.148,443,TLSv12,TLS_ECDHE_RSA_WITH_AES_128_GCM_SHA256,,b.aol.com,True,True,CsiI,,,,0ffee3ba8e615ad22535e7f771690a28,303951d4c50efb2e991652225a6f02b1,,,8006.426794,10.0.2.15,49487,34.200.99.148,443,tcp,66.4294319999999,1435.0,361.0,SF,True,False,0,ShADadTFf,15,2049,15,965,ssl,0
8007.380631,Ch9tmT3g9xR36AM3F,10.0.2.15,49490,54.236.154.182,443,TLSv12,TLS_ECDHE_RSA_WITH_AES_128_GCM_SHA256,,delivery.vidible.tv,True,True,CsiI,,,,0ffee3ba8e615ad22535e7f771690a28,303951d4c50efb2e991652225a6f02b1,,,8006.910225,10.0.2.15,49490,54.236.154.182,443,tcp,8.605992000000697,812.0,94749.0,SF,True,False,0,ShADadFf,29,1980,93,98473,ssl,0
8007.387291,Cdosjv2W2irxBu1JB9,10.0.2.15,49492,54.236.154.182,443,TLSv12,TLS_ECDHE_RSA_WITH_AES_128_GCM_SHA256,,delivery.vidible.tv,True,True,CsiI,,,,0ffee3ba8e615ad22535e7f771690a28,303951d4c50efb2e991652225a6f02b1,,,8006.923354,10.0.2.15,49492,54.236.154.182,443,tcp,7.424976000000242,279.0,176.0,SF,True,False,0,ShADadFf,6,527,7,460,ssl,0
8007.383322,CiNeMp2ONcmWEjUMYi,10.0.2.15,49489,192.229.221.24,443,TLSv12,TLS_ECDHE_RSA_WITH_AES_128_GCM_SHA256,secp256r1,o.aolcdn.com,False,True,CsxuknGIti,"['7cad4431f5e1812766eceb1908baeb16a299d89260d1d3a7b7403c465defe26a', '19400be5b7a31fb733917700789d2f0a2471c0c9d506c0e504c06c16d7cb17c0']",[],1.0,1a5fe5677b0e4fbbc854e8908225637d,49b45fc1ab090aa3a159778313fc9b9e,h2,,8006.909582,10.0.2.15,49489,192.229.221.24,443,tcp,218.40904299999968,1263.0,12784.0,SF,True,False,0,ShADadfF,20,2071,29,13948,ssl,0
8012.055155,CBENUo4DwyWI0WiNU9,10.0.2.15,49499,37.252.172.12,443,TLSv12,TLS_ECDHE_RSA_WITH_AES_256_GCM_SHA384,,ib.adnxs.com,True,True,CsiI,,,,1a5fe5677b0e4fbbc854e8908225637d,266bd998df907f9d5064d7f4c208b200,,,8011.452877,10.0.2.15,49499,37.252.172.12,443,tcp,9.407993000000715,599.0,141.0,SF,True,False,0,ShADadFf,8,927,7,425,ssl,0
8012.042546,CvZhfS3btw6OHj0I1e,10.0.2.15,49497,192.229.221.24,443,TLSv12,TLS_ECDHE_RSA_WITH_AES_128_GCM_SHA256,secp256r1,s.aolcdn.com,False,True,CsxuknGIti,"['7cad4431f5e1812766eceb1908baeb16a299d89260d1d3a7b7403c465defe26a', '19400be5b7a31fb733917700789d2f0a2471c0c9d506c0e504c06c16d7cb17c0']",[],1.0,0ffee3ba8e615ad22535e7f771690a28,49b45fc1ab090aa3a159778313fc9b9e,h2,,8011.445739,10.0.2.15,49497,192.229.221.24,443,tcp,2.800802000000658,495.0,4243.0,SF,True,False,0,ShADadfF,10,903,12,4727,ssl,0
8012.0656,CRVHam2ypGaVqbdSfb,10.0.2.15,49498,62.210.127.67,443,TLSv12,TLS_ECDHE_RSA_WITH_AES_128_GCM_SHA256,secp256r1,atpixel.alephd.com,False,True,CsxknGIti,"['018c48e69b3389c1a6ee04c16881dd90cd1998492b0c23dc9b245c1969465efb', 'b9f2164323638dce0b92218b43c41c1b2b2696389329db19f5cf7ad49b5cb372', '1a5174980a294a528a110726d5855650266c48d9883bea692b67b6d726da98c5']",[],1.0,0ffee3ba8e615ad22535e7f771690a28,ccc514751b175866924439bdbb5bba34,,,8011.447941,10.0.2.15,49498,62.210.127.67,443,tcp,8.461879999999837,352.0,4886.0,SF,True,False,0,ShADadFf,10,760,11,5330,ssl,0
8012.765508,CaJQ5g2wZnkQh0IEmb,10.0.2.15,49502,192.243.255.6,443,TLSv12,TLS_ECDHE_RSA_WITH_AES_256_GCM_SHA384,,s.sa.aol.com,True,True,CsiI,,,,0ffee3ba8e615ad22535e7f771690a28,959bfcf87532cbff1253e80a4ee81308,,,8012.082867,10.0.2.15,49502,192.243.255.6,443,tcp,24.46228799999972,2009.0,681.0,SF,True,False,0,ShADadTFf,12,2499,12,1165,ssl,0
8012.770843,CFvCB0473M3pbBK3xh,10.0.2.15,49501,54.192.93.228,443,TLSv12,TLS_ECDHE_RSA_WITH_AES_128_GCM_SHA256,secp256r1,minecraft.net,False,True,CsxuknGIti,"['83a99274f5d06a85327ff13f5ba6f3bd0b3347cefa9172903cb6073e1c1ca0d8', '074541ecdf88ed992ed5ade3ecddef27a26ba1b44480a195c0a8dadae2521d8e']",[],1.0,0ffee3ba8e615ad22535e7f771690a28,76cc3e2d3028143b23ec18e27dbd7ca9,http/1.1,,8012.080455,10.0.2.15,49501,54.192.93.228,443,tcp,155.74746999999934,4029.0,158881.0,SF,True,False,0,ShADadTTFf,61,6489,175,165885,ssl,0
8012.77715,Cy8doa30c0YgTVba7e,10.0.2.15,49500,54.192.93.228,443,TLSv12,TLS_ECDHE_RSA_WITH_AES_128_GCM_SHA256,secp256r1,minecraft.net,False,True,CsxuknGIti,"['83a99274f5d06a85327ff13f5ba6f3bd0b3347cefa9172903cb6073e1c1ca0d8', '074541ecdf88ed992ed5ade3ecddef27a26ba1b44480a195c0a8dadae2521d8e']",[],1.0,0ffee3ba8e615ad22535e7f771690a28,76cc3e2d3028143b23ec18e27dbd7ca9,http/1.1,,8012.077681,10.0.2.15,49500,54.192.93.228,443,tcp,8.777310000000398,347.0,4490.0,SF,True,False,0,ShADadFf,9,715,10,4894,ssl,0
8014.230328,CtDyhw44jT1jqnQaR,10.0.2.15,49506,152.163.56.3,443,TLSv12,TLS_RSA_WITH_AES_256_CBC_SHA,,at.atwola.com,True,True,CsiI,,,,0ffee3ba8e615ad22535e7f771690a28,82f0d8a75fa483d1cfe4b7085b784d7e,,,8013.783257,10.0.2.15,49506,152.163.56.3,443,tcp,15.24158400000033,1230.0,852.0,SF,True,False,0,ShADadTfF,9,1599,10,1256,ssl,0
8014.235228,CkANQ63695KBSlaIsc,10.0.2.15,49503,104.20.30.2,443,TLSv12,TLS_ECDHE_RSA_WITH_AES_128_GCM_SHA256,secp256r1,experience.tinypass.com,False,True,CsxuknGIti,"['7f997faa50484b4ed9f16b4050d6bbb67735251139279d065c146f4c12c52aee', '154c433c491929c5ef686e838e323664a00e6a0d822ccc958fb4dab03e49a08f']",[],1.0,0ffee3ba8e615ad22535e7f771690a28,76cc3e2d3028143b23ec18e27dbd7ca9,http/1.1,,8013.766203,10.0.2.15,49503,104.20.30.2,443,tcp,125.78107199999975,2664.0,6603.0,SF,True,False,0,ShADadTTFf,24,3644,27,7687,ssl,0
8014.231101,CIyBRKGUiQ5gUzQHa,10.0.2.15,49505,95.101.252.144,443,TLSv12,TLS_ECDHE_RSA_WITH_AES_256_GCM_SHA384,,s-jsonp.moatads.com,True,True,CsiI,,,,1a5fe5677b0e4fbbc854e8908225637d,410b9bedaf65dd26c6fe547154d60db4,http/1.1,,8013.769536,10.0.2.15,49505,95.101.252.144,443,tcp,142.99109099999987,1593.0,1449.0,SF,True,False,0,ShADadTTFfRr,27,2694,28,2573,ssl,0
8014.232763,CYhbbk2QWayCrgkOqb,10.0.2.15,49504,54.235.230.219,443,TLSv12,TLS_ECDHE_RSA_WITH_AES_256_GCM_SHA384,secp256r1,apx.moatads.com,False,True,CsxknGIti,"['a1f5b668b42edb358e83f7846b2d9b47b4c87d7ba7c20aecdceea13939a70e76', 'e6683e88315cd1cb403c0cea490f7c4b4c82c91cd485037489aadbaa90839f61']",[],1.0,0ffee3ba8e615ad22535e7f771690a28,a39e18564e32e1822751c4af0bfba817,http/1.1,,8013.767289,10.0.2.15,49504,54.235.230.219,443,tcp,55.73675800000001,6856.0,6052.0,SF,True,False,0,ShADadTFf,28,7986,29,7216,ssl,0
8015.402797,CwwUWB3NquYlT7Nke9,10.0.2.15,49510,152.163.56.3,443,TLSv12,TLS_RSA_WITH_AES_256_CBC_SHA,,at.atwola.com,True,True,CsiI,,,,0ffee3ba8e615ad22535e7f771690a28,82f0d8a75fa483d1cfe4b7085b784d7e,,,8014.850517,10.0.2.15,49510,152.163.56.3,443,tcp,18.43315200000052,1246.0,1225.0,SF,True,False,0,ShADadTfF,9,1615,11,1669,ssl,0
8015.398022,CzOMls2nMGyZ5lizEb,10.0.2.15,49507,152.163.56.3,443,TLSv12,TLS_RSA_WITH_AES_256_CBC_SHA,,at.atwola.com,True,True,CsiI,,,,0ffee3ba8e615ad22535e7f771690a28,82f0d8a75fa483d1cfe4b7085b784d7e,,,8014.842175,10.0.2.15,49507,152.163.56.3,443,tcp,18.22421800000029,1278.0,916.0,SF,True,False,0,ShADadTfF,10,1687,11,1360,ssl,0
8015.39849,CT1ADjbQy17fKsGN2,10.0.2.15,49509,152.163.56.3,443,TLSv12,TLS_RSA_WITH_AES_256_CBC_SHA,,at.atwola.com,True,True,CsiI,,,,0ffee3ba8e615ad22535e7f771690a28,82f0d8a75fa483d1cfe4b7085b784d7e,,,8014.845828,10.0.2.15,49509,152.163.56.3,443,tcp,14.17953999999918,1246.0,1241.0,SF,True,False,0,ShADadTfF,10,1655,12,1725,ssl,0
8015.395625,Ce6TGv4T2iGYkR1lPb,10.0.2.15,49508,152.163.56.3,443,TLSv12,TLS_RSA_WITH_AES_256_CBC_SHA,,at.atwola.com,True,True,CsiI,,,,0ffee3ba8e615ad22535e7f771690a28,82f0d8a75fa483d1cfe4b7085b784d7e,,,8014.844829,10.0.2.15,49508,152.163.56.3,443,tcp,14.18163800000002,1246.0,1369.0,SF,True,False,0,ShADadTfF,9,1615,10,1773,ssl,0
8017.15712,CQUaj73dzkPm8IPKL,10.0.2.15,49511,54.235.230.219,443,TLSv12,TLS_ECDHE_RSA_WITH_AES_256_GCM_SHA384,secp256r1,v4.moatads.com,False,True,CsxknGIti,"['a1f5b668b42edb358e83f7846b2d9b47b4c87d7ba7c20aecdceea13939a70e76', 'e6683e88315cd1cb403c0cea490f7c4b4c82c91cd485037489aadbaa90839f61']",[],1.0,0ffee3ba8e615ad22535e7f771690a28,a39e18564e32e1822751c4af0bfba817,http/1.1,,8016.76302,10.0.2.15,49511,54.235.230.219,443,tcp,85.58875999999964,1166.0,4037.0,SF,True,False,0,ShADadTfF,19,1941,21,4881,ssl,0
8021.346258,CK12jO1zA2hRr2zDe6,10.0.2.15,49513,54.236.154.182,443,TLSv12,TLS_ECDHE_RSA_WITH_AES_128_GCM_SHA256,,delivery.vidible.tv,True,True,CsiI,,,,0ffee3ba8e615ad22535e7f771690a28,303951d4c50efb2e991652225a6f02b1,,,8020.80908,10.0.2.15,49513,54.236.154.182,443,tcp,8.711350999999922,1362.0,17942.0,SF,True,False,0,ShADadFf,13,1890,23,18866,ssl,0
8021.547611,CxTcTa3U59JFxpq0Gl,10.0.2.15,49522,62.51.0.36,443,TLSv12,TLS_RSA_WITH_AES_128_CBC_SHA,,uk.at.atwola.com,True,True,CsiI,,,,0ffee3ba8e615ad22535e7f771690a28,5397c414a9ebeaff1bf18b70ca22eaa0,,,8021.127671,10.0.2.15,49522,62.51.0.36,443,tcp,13.801378999999542,1265.0,3081.0,SF,True,False,0,ShADadTfF,9,1634,12,3565,ssl,0
8021.355621,CAOzkNxdoKJIG3zi4,10.0.2.15,49514,54.236.154.182,443,TLSv12,TLS_ECDHE_RSA_WITH_AES_128_GCM_SHA256,,delivery.vidible.tv,True,True,CsiI,,,,0ffee3ba8e615ad22535e7f771690a28,303951d4c50efb2e991652225a6f02b1,,,8020.812438,10.0.2.15,49514,54.236.154.182,443,tcp,6.07995099999971,310.0,176.0,SF,True,False,0,ShADadFfRr,9,678,9,540,ssl,0
8021.548125,C2iZjV3rIwx4LPxGx2,10.0.2.15,49521,173.192.91.158,443,TLSv12,TLS_ECDHE_RSA_WITH_AES_128_GCM_SHA256,,cc.swiftype.com,True,True,CsiI,,,,0ffee3ba8e615ad22535e7f771690a28,c6227321ea7621862dc7b7351771a62c,,,8021.114949,10.0.2.15,49521,173.192.91.158,443,tcp,61.2373349999998,690.0,480.0,SF,True,False,0,ShADadTfF,13,1223,14,1044,ssl,0
8021.548724,CLQZCY7QWXqrRi387,10.0.2.15,49520,54.77.91.81,443,TLSv12,TLS_ECDHE_RSA_WITH_AES_128_GCM_SHA256,,r.skimresources.com,True,True,CsiI,,,,0ffee3ba8e615ad22535e7f771690a28,303951d4c50efb2e991652225a6f02b1,,,8021.114157,10.0.2.15,49520,54.77.91.81,443,tcp,62.25238300000001,1713.0,1129.0,SF,True,False,0,ShADadTFf,15,2327,15,1733,ssl,0
8021.550525,CuCjAR19wfAjhZt2U7,10.0.2.15,49519,95.100.187.51,443,TLSv12,TLS_ECDHE_RSA_WITH_AES_256_GCM_SHA384,,plugin.mediavoice.com,True,True,CsiI,,,,1a5fe5677b0e4fbbc854e8908225637d,410b9bedaf65dd26c6fe547154d60db4,http/1.1,,8021.113331,10.0.2.15,49519,95.100.187.51,443,tcp,122.56609900000058,903.0,119775.0,RSTO,True,False,0,ShADadTTFR,38,2443,110,124179,ssl,0
8021.551045,C5vHVi2yk7AbIAzoV6,10.0.2.15,49518,54.76.253.20,443,TLSv12,TLS_ECDHE_RSA_WITH_AES_128_GCM_SHA256,,p.skimresources.com,True,True,CsiI,,,,0ffee3ba8e615ad22535e7f771690a28,303951d4c50efb2e991652225a6f02b1,,,8021.111652,10.0.2.15,49518,54.76.253.20,443,tcp,62.2412060000006,1054.0,519.0,SF,True,False,0,ShADadTFf,15,1668,15,1123,ssl,0
8021.551601,CgCzYd3Z2ZqLKJ5VHd,10.0.2.15,49517,54.76.253.20,443,TLSv12,TLS_ECDHE_RSA_WITH_AES_128_GCM_SHA256,,p.skimresources.com,True,True,CsiI,,,,0ffee3ba8e615ad22535e7f771690a28,303951d4c50efb2e991652225a6f02b1,,,8021.110817,10.0.2.15,49517,54.76.253.20,443,tcp,62.24212299999999,1054.0,519.0,SF,True,False,0,ShADadTFf,15,1668,15,1123,ssl,0
8021.552185,CyAfeD2jvVftqFz3ke,10.0.2.15,49516,95.100.187.51,443,TLSv12,TLS_ECDHE_RSA_WITH_AES_256_GCM_SHA384,,plugin.mediavoice.com,True,True,CsiI,,,,1a5fe5677b0e4fbbc854e8908225637d,410b9bedaf65dd26c6fe547154d60db4,http/1.1,,8021.109942,10.0.2.15,49516,95.100.187.51,443,tcp,15.416251999999986,599.0,183.0,SF,True,False,0,ShADadTFfRr,10,1008,10,587,ssl,0
8022.150894,CbUn22czE4jUITR28,10.0.2.15,49524,54.236.154.182,443,TLSv12,TLS_ECDHE_RSA_WITH_AES_128_GCM_SHA256,,delivery.vidible.tv,True,True,CsiI,,,,0ffee3ba8e615ad22535e7f771690a28,303951d4c50efb2e991652225a6f02b1,,,8021.553928,10.0.2.15,49524,54.236.154.182,443,tcp,7.966440999999577,279.0,176.0,SF,True,False,0,ShADadFf,7,567,7,460,ssl,0
8022.154029,C9LW6d2MD5q4Sd72M7,10.0.2.15,49523,62.51.0.36,443,TLSv12,TLS_RSA_WITH_AES_128_CBC_SHA,,uk.at.atwola.com,True,True,CsiI,,,,0ffee3ba8e615ad22535e7f771690a28,5397c414a9ebeaff1bf18b70ca22eaa0,,,8021.553367,10.0.2.15,49523,62.51.0.36,443,tcp,13.38231799999994,1313.0,1881.0,SF,True,False,0,ShADadTfF,10,1722,11,2325,ssl,0
8027.132262,CK17x7L86ogxwUJCe,10.0.2.15,49525,95.101.241.136,443,TLSv12,TLS_ECDHE_RSA_WITH_AES_256_GCM_SHA384,,cdn.optimizely.com,True,True,CsiI,,,,1a5fe5677b0e4fbbc854e8908225637d,410b9bedaf65dd26c6fe547154d60db4,h2,,8026.580151,10.0.2.15,49525,95.101.241.136,443,tcp,537.675389,1890.0,318890.0,SF,True,False,0,ShADadWFfRr,114,6458,306,331134,ssl,0
8027.138138,CrFlz91HJB61xT7cJg,10.0.2.15,49542,37.252.172.12,443,TLSv12,TLS_ECDHE_RSA_WITH_AES_256_GCM_SHA384,,ib.adnxs.com,True,True,CsiI,,,,1a5fe5677b0e4fbbc854e8908225637d,266bd998df907f9d5064d7f4c208b200,,,8026.686302,10.0.2.15,49542,37.252.172.12,443,tcp,11.18250900000021,3235.0,1114.0,SF,True,False,0,ShADadfF,10,3643,10,1518,ssl,0
8027.12734,CWxYiy8a47aooC81j,10.0.2.15,49526,35.157.176.124,443,TLSv12,TLS_ECDHE_RSA_WITH_AES_128_GCM_SHA256,secp256r1,nexus.ensighten.com,False,True,CsxuknGIti,"['5fb5994638f535624889e2aa6260f51577963498d17ec00206936fa84169d21f', 'e0898ad662474b9f753c79bea878031c9a5d634a49edd6310b960ab023c02c0e']",[],1.0,0ffee3ba8e615ad22535e7f771690a28,0c0aff9ccea5e7e1de5c3a0069d103f3,,,8026.58069,10.0.2.15,49526,35.157.176.124,443,tcp,39.21840800000064,2185.0,14475.0,SF,True,False,0,ShADadTfF,21,3034,27,15559,ssl,0
8027.136939,CM5uCr4UyikcKx1Shl,10.0.2.15,49543,46.228.164.11,443,TLSv12,TLS_RSA_WITH_AES_128_CBC_SHA,,ad.turn.com,False,True,CsxnGIti,"['331de231c71d6e7597ac717a3ade18b10f51eea0ce4b3c9c75144a7b5ce9e2cf', '154c433c491929c5ef686e838e323664a00e6a0d822ccc958fb4dab03e49a08f']",[],1.0,0ffee3ba8e615ad22535e7f771690a28,7224c92f21d262b619e105efd1055cf7,,,8026.694119,10.0.2.15,49543,46.228.164.11,443,tcp,11.171559000000345,1063.0,3151.0,SF,True,False,0,ShADadfF,10,1471,12,3635,ssl,0
8027.139921,CUDCT019WFi8v7nQb7,10.0.2.15,49540,152.163.64.2,443,TLSv12,TLS_RSA_WITH_AES_128_CBC_SHA,,adt.pxl.ace.advertising.com,True,True,CsiI,,,,0ffee3ba8e615ad22535e7f771690a28,5397c414a9ebeaff1bf18b70ca22eaa0,,,8026.666616,10.0.2.15,49540,152.163.64.2,443,tcp,164.59743600000002,3510.0,2084.0,SF,True,False,0,ShADadTTFf,29,4693,29,3248,ssl,0
8027.139354,CV8Ohm3erD5YT1Rt06,10.0.2.15,49541,104.155.94.88,443,TLSv12,TLS_ECDHE_RSA_WITH_AES_128_GCM_SHA256,secp256r1,x.bidswitch.net,False,True,CsxknGIti,"['6710fb217b2e1c9d2a9394e53e369972943bb04823ae76a38f0ed2d28ac778a4', '02ab57e4e67a0cb48dd2ff34830e8ac40f4476fb08ca6be3f5cd846f646840f0', '4f32d5dc00f715250abcc486511e37f501a899deb3bf7ea8adbbd3aef1c412da', '687fa451382278fff0c8b11f8d43d576671c6eb2bceab413fb83d965d06d2ff2']",[],1.0,0ffee3ba8e615ad22535e7f771690a28,ccc514751b175866924439bdbb5bba34,,,8026.684262,10.0.2.15,49541,104.155.94.88,443,tcp,109.06210900000042,1112.0,6909.0,SF,True,False,0,ShADadTfF,22,2009,25,7913,ssl,0
8027.142757,CRJhuffkng9Eg8Syb,10.0.2.15,49537,95.101.245.177,443,TLSv12,TLS_ECDHE_RSA_WITH_AES_256_GCM_SHA384,,ssum-sec.casalemedia.com,True,True,CsiI,,,,1a5fe5677b0e4fbbc854e8908225637d,410b9bedaf65dd26c6fe547154d60db4,http/1.1,,8026.655984,10.0.2.15,49537,95.101.245.177,443,tcp,169.92872799999986,11235.0,9989.0,SF,True,False,0,ShADadTTFfRr,36,12697,40,11593,ssl,0
8027.145316,CAw8am4h60UFBLWeva,10.0.2.15,49535,62.210.127.67,443,TLSv12,TLS_ECDHE_RSA_WITH_AES_128_GCM_SHA256,,atpixel.alephd.com,True,True,CsiI,,,,1a5fe5677b0e4fbbc854e8908225637d,fbe78c619e7ea20046131294ad087f05,,,8026.650273,10.0.2.15,49535,62.210.127.67,443,tcp,60.99253599999975,1628.0,594.0,SF,True,False,0,ShADadTfF,15,2240,15,1198,ssl,0
8027.147893,C0dME74gA2L4m2TgQ7,10.0.2.15,49533,54.192.93.228,443,TLSv12,TLS_ECDHE_RSA_WITH_AES_128_GCM_SHA256,,minecraft.net,True,True,CsiI,,,,1a5fe5677b0e4fbbc854e8908225637d,d199ba0af2b08e204c73d6d81a1fd260,http/1.1,,8026.605221,10.0.2.15,49533,54.192.93.228,443,tcp,141.21642800000063,2958.0,304434.0,SF,True,False,0,ShADadTWTFf,84,6338,293,316158,ssl,0
8027.141929,CN6UO92QYAwdvz2bQa,10.0.2.15,49538,37.157.6.253,443,TLSv12,TLS_RSA_WITH_AES_128_CBC_SHA,,c1.adform.net,False,True,CsxnGIti,"['c797ebebc4c6b85477e07004ca47b456ab2c29d706eabb0c9bbb1909c1a8e0d6', '074541ecdf88ed992ed5ade3ecddef27a26ba1b44480a195c0a8dadae2521d8e']",[],1.0,0ffee3ba8e615ad22535e7f771690a28,bab73237c9b5b0009cbcca812de9ef1b,http/1.1,,8026.660673,10.0.2.15,49538,37.157.6.253,443,tcp,30.181845000000067,1038.0,3946.0,SF,True,False,0,ShADadTfF,14,1608,14,4510,ssl,0
8027.143982,CXdGae2joJ7jcsV4H,10.0.2.15,49536,193.0.160.206,443,TLSv12,TLS_RSA_WITH_AES_256_CBC_SHA,,p.rfihub.com,False,True,CsxnGIi,"['6319fe60346fb81cd95b32cf612cd0a3a9c962907bbad4fe17ce3c85e44e1f66', '154c433c491929c5ef686e838e323664a00e6a0d822ccc958fb4dab03e49a08f']",[],1.0,0ffee3ba8e615ad22535e7f771690a28,0a917d753018dad73d9899ace370f8d8,,,8026.654852,10.0.2.15,49536,193.0.160.206,443,tcp,15.602757999999994,2045.0,4062.0,SF,True,False,0,ShADadfF,12,2533,12,4546,ssl,0
8027.14653,CPRQGE1u9Qi3lFuUAf,10.0.2.15,49534,192.229.233.249,443,TLSv12,TLS_ECDHE_RSA_WITH_AES_128_GCM_SHA256,secp256r1,aka-cdn.adtech.de,False,True,CsxuknGIti,"['782d65ba1aa90b883c5d6e4e6b3faa12c501748d647b37966fe2608a8072552e', '154c433c491929c5ef686e838e323664a00e6a0d822ccc958fb4dab03e49a08f']",[],1.0,0ffee3ba8e615ad22535e7f771690a28,49b45fc1ab090aa3a159778313fc9b9e,h2,,8026.649026,10.0.2.15,49534,192.229.233.249,443,tcp,185.87366199999903,898.0,38803.0,SF,True,False,0,ShADadfF,28,2026,54,40967,ssl,0
8027.150195,ChdFoE28fOq6iDGh3c,10.0.2.15,49531,95.101.241.136,443,TLSv12,TLS_ECDHE_RSA_WITH_AES_256_GCM_SHA384,,cdn.optimizely.com,True,True,CsiI,,,,1a5fe5677b0e4fbbc854e8908225637d,410b9bedaf65dd26c6fe547154d60db4,h2,,8026.597003,10.0.2.15,49531,95.101.241.136,443,tcp,1.570439000000078,808.0,283.0,SF,True,False,0,ShADadFfRr,12,1296,12,767,ssl,0
8027.150801,CoUU3w1TrMs7ldEKol,10.0.2.15,49530,54.192.93.228,443,TLSv12,TLS_ECDHE_RSA_WITH_AES_128_GCM_SHA256,,minecraft.net,True,True,CsiI,,,,1a5fe5677b0e4fbbc854e8908225637d,d199ba0af2b08e204c73d6d81a1fd260,http/1.1,,8026.593647,10.0.2.15,49530,54.192.93.228,443,tcp,143.25780600000053,3267.0,45027.0,SF,True,False,0,ShADadTTFf,40,4886,68,47751,ssl,0
8027.151537,C2nPv459i8XQexnyi,10.0.2.15,49529,54.192.93.228,443,TLSv12,TLS_ECDHE_RSA_WITH_AES_128_GCM_SHA256,,minecraft.net,True,True,CsiI,,,,1a5fe5677b0e4fbbc854e8908225637d,d199ba0af2b08e204c73d6d81a1fd260,http/1.1,,8026.591418,10.0.2.15,49529,54.192.93.228,443,tcp,141.23642000000018,3333.0,70843.0,SF,True,False,0,ShADadTTFf,50,5352,92,74527,ssl,0
8027.152164,C7jA9R3CY2Qg4j2aV8,10.0.2.15,49528,54.192.93.228,443,TLSv12,TLS_ECDHE_RSA_WITH_AES_128_GCM_SHA256,,minecraft.net,True,True,CsiI,,,,1a5fe5677b0e4fbbc854e8908225637d,d199ba0af2b08e204c73d6d81a1fd260,http/1.1,,8026.585244,10.0.2.15,49528,54.192.93.228,443,tcp,140.22402200000033,2226.0,341069.0,SF,True,False,0,ShADadTTFf,77,5326,297,352953,ssl,0
8027.15263,CFf6y925MVSS2nxzd7,10.0.2.15,49527,54.192.93.228,443,TLSv12,TLS_ECDHE_RSA_WITH_AES_128_GCM_SHA256,,minecraft.net,True,True,CsiI,,,,1a5fe5677b0e4fbbc854e8908225637d,d199ba0af2b08e204c73d6d81a1fd260,http/1.1,,8026.583397,10.0.2.15,49527,54.192.93.228,443,tcp,196.982661,14802.0,1018851.0,RSTR,True,False,0,ShADadTTRr,281,26065,955,1057055,ssl,0
8027.149427,CFSybW1LQ218VBMvQa,10.0.2.15,49532,35.157.176.124,443,TLSv12,TLS_ECDHE_RSA_WITH_AES_128_GCM_SHA256,secp256r1,nexus.ensighten.com,False,True,CsxuknGIti,"['5fb5994638f535624889e2aa6260f51577963498d17ec00206936fa84169d21f', 'e0898ad662474b9f753c79bea878031c9a5d634a49edd6310b960ab023c02c0e']",[],1.0,0ffee3ba8e615ad22535e7f771690a28,0c0aff9ccea5e7e1de5c3a0069d103f3,,,8026.599552,10.0.2.15,49532,35.157.176.124,443,tcp,9.93619200000012,353.0,5022.0,SF,True,False,0,ShADadFf,10,761,11,5466,ssl,0
8027.140971,CCW1Wb2I3LVTxTzkUd,10.0.2.15,49539,209.15.36.34,443,TLSv12,TLS_ECDHE_RSA_WITH_AES_256_CBC_SHA,secp256r1,pixel-a.sitescout.com,False,True,CsxknGIti,"['f015d4c86fc456a1d84bc3afa7ddb630a34da324037bb1cc3206209a00eae6e4', 'bc3f03a436240edba5f83714f6f677e34b37f9b1f0c08c1e558d981e279e8209']",[],1.0,0ffee3ba8e615ad22535e7f771690a28,63a37e7be22df054d1f448fc0c28b98f,,,8026.664361,10.0.2.15,49539,209.15.36.34,443,tcp,16.275525000000016,961.0,3304.0,SF,True,False,0,ShADadfF,9,1329,11,3748,ssl,0
8027.68667,Cy9IaZ3mVqlN7wvUhg,10.0.2.15,49544,62.210.127.67,443,TLSv12,TLS_ECDHE_RSA_WITH_AES_128_GCM_SHA256,,atpixel.alephd.com,True,True,CsiI,,,,1a5fe5677b0e4fbbc854e8908225637d,fbe78c619e7ea20046131294ad087f05,,,8027.153588,10.0.2.15,49544,62.210.127.67,443,tcp,32.10371500000019,1088.0,381.0,SF,True,False,0,ShADadTfF,10,1498,11,825,ssl,0
8029.020564,CcvN8R10gbX11JSAL8,10.0.2.15,49547,54.174.94.121,443,TLSv12,TLS_ECDHE_RSA_WITH_AES_128_GCM_SHA256,secp256r1,geo.moatads.com,False,True,CsxknGIi,"['a1f5b668b42edb358e83f7846b2d9b47b4c87d7ba7c20aecdceea13939a70e76', 'e6683e88315cd1cb403c0cea490f7c4b4c82c91cd485037489aadbaa90839f61']",[],1.0,0ffee3ba8e615ad22535e7f771690a28,303951d4c50efb2e991652225a6f02b1,,,8027.694859,10.0.2.15,49547,54.174.94.121,443,tcp,70.19427600000017,1789.0,3399.0,SF,True,False,0,ShADadTFf,18,2523,20,4203,ssl,0
8029.000795,Cwd3KMzi2byaGqKQh,10.0.2.15,49546,54.174.94.121,443,TLSv12,TLS_ECDHE_RSA_WITH_AES_128_GCM_SHA256,secp256r1,geo.moatads.com,False,True,CsxknGIi,"['a1f5b668b42edb358e83f7846b2d9b47b4c87d7ba7c20aecdceea13939a70e76', 'e6683e88315cd1cb403c0cea490f7c4b4c82c91cd485037489aadbaa90839f61']",[],1.0,0ffee3ba8e615ad22535e7f771690a28,303951d4c50efb2e991652225a6f02b1,,,8027.692916,10.0.2.15,49546,54.174.94.121,443,tcp,70.19629400000031,1790.0,3399.0,SF,True,False,0,ShADadTFf,18,2524,20,4203,ssl,0
8029.019443,CTxCST1UiyhRQWGvFg,10.0.2.15,49545,54.174.94.121,443,TLSv12,TLS_ECDHE_RSA_WITH_AES_128_GCM_SHA256,secp256r1,geo.moatads.com,False,True,CsxknGIi,"['a1f5b668b42edb358e83f7846b2d9b47b4c87d7ba7c20aecdceea13939a70e76', 'e6683e88315cd1cb403c0cea490f7c4b4c82c91cd485037489aadbaa90839f61']",[],1.0,0ffee3ba8e615ad22535e7f771690a28,303951d4c50efb2e991652225a6f02b1,,,8027.691747,10.0.2.15,49545,54.174.94.121,443,tcp,70.18716500000028,1790.0,3399.0,SF,True,False,0,ShADadTFf,18,2524,20,4203,ssl,0
8033.960257,C9kEJtcV82GGURO1,10.0.2.15,49548,185.29.133.223,443,TLSv12,TLS_ECDHE_RSA_WITH_AES_128_GCM_SHA256,secp256r1,sync.mathtag.com,False,True,CsxknGIti,"['82e454f53aa3be8b62d47779e364161287a2de0a1ce9e3b37243ae64bd7d7906', '154c433c491929c5ef686e838e323664a00e6a0d822ccc958fb4dab03e49a08f']",[],1.0,0ffee3ba8e615ad22535e7f771690a28,389ed42c02ebecc32e73aa31def07e14,,,8033.287579,10.0.2.15,49548,185.29.133.223,443,tcp,397.4862499999999,2733.0,4185.0,SF,True,False,0,ShADadTTfF,51,4819,52,6269,ssl,0
8041.570702,CBvvcG1uHoc8jdUdI8,10.0.2.15,49553,95.101.252.144,443,TLSv12,TLS_ECDHE_RSA_WITH_AES_256_GCM_SHA384,,s-jsonp.moatads.com,True,True,CsiI,,,,1a5fe5677b0e4fbbc854e8908225637d,410b9bedaf65dd26c6fe547154d60db4,http/1.1,,8040.156781,10.0.2.15,49553,95.101.252.144,443,tcp,16.71038000000044,599.0,183.0,SF,True,False,0,ShADadTFfRr,10,1008,10,587,ssl,0
8041.572174,CrWQM92U71EqetUKI4,10.0.2.15,49552,95.101.252.144,443,TLSv12,TLS_ECDHE_RSA_WITH_AES_256_GCM_SHA384,,s-jsonp.moatads.com,True,True,CsiI,,,,1a5fe5677b0e4fbbc854e8908225637d,410b9bedaf65dd26c6fe547154d60db4,http/1.1,,8040.156289,10.0.2.15,49552,95.101.252.144,443,tcp,16.653063000000657,599.0,183.0,SF,True,False,0,ShADadTFfRr,10,1008,10,587,ssl,0
8046.093382,ChUXKG18Hd3ybjOvS2,10.0.2.15,49555,62.51.0.45,443,TLSv12,TLS_RSA_WITH_AES_128_CBC_SHA,,ums.adtech.de,True,True,CsiI,,,,0ffee3ba8e615ad22535e7f771690a28,5397c414a9ebeaff1bf18b70ca22eaa0,,,8044.573533,10.0.2.15,49555,62.51.0.45,443,tcp,21.22676500000034,1176.0,782.0,SF,True,False,0,ShADadTfF,13,1705,12,1266,ssl,0
8046.089704,CfwhpV1dXKGM5tlApi,10.0.2.15,49557,54.154.184.64,443,TLSv12,TLS_ECDHE_RSA_WITH_AES_128_GCM_SHA256,secp256r1,px.powerlinks.com,False,True,CsxknGIi,"['160a0aea808776b91400bb42d9827daa95a7dee447aa98b56176c0d72d0df190', 'f55f9ffcb83c73453261601c7e044db15a0f034b93c05830f28635ef889cf670', '87dcd4dc74640a322cd205552506d1be64f12596258096544986b4850bc72706', '28689b30e4c306aab53b027b29e36ad6dd1dcf4b953994482ca84bdc1ecac996']",[],1.0,0ffee3ba8e615ad22535e7f771690a28,303951d4c50efb2e991652225a6f02b1,,,8044.57497,10.0.2.15,49557,54.154.184.64,443,tcp,94.05739300000003,2096.0,5701.0,SF,True,False,0,ShADadTFf,21,2952,24,6665,ssl,0
8046.094571,C8kwke1OlyGQuitGK,10.0.2.15,49554,62.51.0.36,443,TLSv12,TLS_RSA_WITH_AES_128_CBC_SHA,,uk.at.atwola.com,True,True,CsiI,,,,0ffee3ba8e615ad22535e7f771690a28,5397c414a9ebeaff1bf18b70ca22eaa0,,,8044.572116,10.0.2.15,49554,62.51.0.36,443,tcp,14.68080099999952,1121.0,5017.0,SF,True,False,0,ShADadTfF,11,1570,14,5581,ssl,0
8046.095127,C3zoUP34Ue6NArpwHl,10.0.2.15,49560,62.51.0.45,443,TLSv12,TLS_RSA_WITH_AES_128_CBC_SHA,,ums.adtech.de,True,True,CsiI,,,,0ffee3ba8e615ad22535e7f771690a28,5397c414a9ebeaff1bf18b70ca22eaa0,,,8044.578871,10.0.2.15,49560,62.51.0.45,443,tcp,21.22523100000035,1123.0,835.0,SF,True,False,0,ShADadTfF,12,1612,12,1319,ssl,0
8046.095737,CXtcru4LuSFMGa1AF1,10.0.2.15,49559,62.51.0.45,443,TLSv12,TLS_RSA_WITH_AES_128_CBC_SHA,,ums.adtech.de,True,True,CsiI,,,,0ffee3ba8e615ad22535e7f771690a28,5397c414a9ebeaff1bf18b70ca22eaa0,,,8044.577674,10.0.2.15,49559,62.51.0.45,443,tcp,21.22473199999968,1288.0,782.0,SF,True,False,0,ShADadTfF,13,1817,12,1266,ssl,0
8046.096546,CI6ovbFu5lZZRqwaj,10.0.2.15,49558,216.52.1.12,443,TLSv12,TLS_ECDHE_RSA_WITH_AES_128_GCM_SHA256,secp256r1,loadus.exelator.com,False,True,CsxknGIti,"['df7c62f472c1d3b0d062e9ed1c65f67a88aad738cc232a6b40b55a446e9092f9', '973a41276ffd01e027a2aad49e34c37846d3e976ff6a620b6712e33832041aa6', '3a2fbe92891e57fe05d57087f48e730f17e5a5f53ef403d618e5b74d7a7e6ecb', 'c3846bf24b9e93ca64274c0ec67c1ecc5e024ffcacd2d74019350e81fe546ae4']",[],1.0,0ffee3ba8e615ad22535e7f771690a28,ccc514751b175866924439bdbb5bba34,,,8044.576527,10.0.2.15,49558,216.52.1.12,443,tcp,8.492661999999655,3885.0,6271.0,SF,True,False,0,ShADadfF,13,4413,15,6875,ssl,0
8046.093205,C3jkRl3liQ7fqEcLH4,10.0.2.15,49556,204.2.197.204,443,TLSv12,TLS_ECDHE_RSA_WITH_AES_256_GCM_SHA384,secp256r1,idpix.media6degrees.com,False,True,CsxknGIti,"['eda54f898187cafbe2a8bb8b08d81dd485262caab20c22583cfceaf596eba60f', '02ab57e4e67a0cb48dd2ff34830e8ac40f4476fb08ca6be3f5cd846f646840f0', '4f32d5dc00f715250abcc486511e37f501a899deb3bf7ea8adbbd3aef1c412da', '687fa451382278fff0c8b11f8d43d576671c6eb2bceab413fb83d965d06d2ff2']",[],1.0,0ffee3ba8e615ad22535e7f771690a28,e35df3e00ca4ef31d42b34bebaa2f86e,,,8044.574068,10.0.2.15,49556,204.2.197.204,443,tcp,8.299520000000484,952.0,6507.0,SF,True,False,0,ShADadfF,10,1360,15,7111,ssl,0
8047.325407,CC15pE3DOD69zTv839,10.0.2.15,49562,62.51.0.45,443,TLSv12,TLS_RSA_WITH_AES_128_CBC_SHA,,ums.adtech.de,True,True,CsiI,,,,0ffee3ba8e615ad22535e7f771690a28,5397c414a9ebeaff1bf18b70ca22eaa0,,,8046.785005,10.0.2.15,49562,62.51.0.45,443,tcp,12.893868000000111,702.0,521.0,SF,True,False,0,ShADadTfF,10,1111,11,965,ssl,0
8047.330264,C43mmT1B3Cvlr794Nd,10.0.2.15,49561,62.51.0.45,443,TLSv12,TLS_RSA_WITH_AES_128_CBC_SHA,,ums.adtech.de,True,True,CsiI,,,,0ffee3ba8e615ad22535e7f771690a28,5397c414a9ebeaff1bf18b70ca22eaa0,,,8046.728157,10.0.2.15,49561,62.51.0.45,443,tcp,15.032938000000286,750.0,521.0,SF,True,False,0,ShADadTfF,10,1159,10,925,ssl,0
8047.990969,C5Yn982s0oyYj4x3Y3,10.0.2.15,49563,52.202.38.240,443,TLSv12,TLS_ECDHE_RSA_WITH_AES_128_GCM_SHA256,secp256r1,logx.optimizely.com,False,True,CsxknGIi,"['121e4a8079d4afed2206030ff5d65362176fc4cf1d6cdc37d83304cf705a5212', '19400be5b7a31fb733917700789d2f0a2471c0c9d506c0e504c06c16d7cb17c0']",[],1.0,0ffee3ba8e615ad22535e7f771690a28,303951d4c50efb2e991652225a6f02b1,,,8047.358761,10.0.2.15,49563,52.202.38.240,443,tcp,103.04425300000004,3648.0,4271.0,SF,True,False,0,ShADadTFf,22,4544,25,5275,ssl,0
8050.411505,C7VsYf2We1biFrrfB,10.0.2.15,49565,62.51.0.45,443,TLSv12,TLS_RSA_WITH_AES_128_CBC_SHA,,ums.adtech.de,True,True,CsiI,,,,0ffee3ba8e615ad22535e7f771690a28,5397c414a9ebeaff1bf18b70ca22eaa0,,,8049.704767,10.0.2.15,49565,62.51.0.45,443,tcp,8.0342899999996,350.0,154.0,SF,True,False,0,ShADadFf,8,678,7,438,ssl,0
8050.407722,CWFP212JsEf1RXygmc,10.0.2.15,49564,77.238.185.35,443,TLSv12,TLS_ECDHE_RSA_WITH_AES_128_GCM_SHA256,secp256r1,pr-bh.ybp.yahoo.com,False,True,CsxknGIti,"['c559338a744fd74f4c99482ace0a700b4162fbc35b45b65ac24e779b808fefdf', 'eae72eb454bf6c3977ebd289e970b2f5282949190093d0d26f98d0f0d6a9cf17', '8420dfbe376f414bf4c0a81e6936d24ccc03f304835b86c7a39142fca723a689']",[],1.0,1a5fe5677b0e4fbbc854e8908225637d,b898351eb5e266aefd3723d466935494,http/1.1,,8049.703939,10.0.2.15,49564,77.238.185.35,443,tcp,16.087604999999712,1146.0,5117.0,SF,True,False,0,ShADadfF,11,1594,15,5721,ssl,0
8050.709086,CQEiEYuHgPDMIPN48,10.0.2.15,49568,152.163.56.3,443,TLSv12,TLS_RSA_WITH_AES_256_CBC_SHA,,at.atwola.com,True,True,CsiI,,,,0ffee3ba8e615ad22535e7f771690a28,82f0d8a75fa483d1cfe4b7085b784d7e,,,8050.130899,10.0.2.15,49568,152.163.56.3,443,tcp,15.661192000000485,1038.0,404.0,SF,True,False,0,ShADadTfF,10,1447,11,848,ssl,0
8050.71382,CkhGGu4QEcwox5GdGf,10.0.2.15,49567,35.157.176.124,443,TLSv12,TLS_ECDHE_RSA_WITH_AES_128_GCM_SHA256,,nexus.ensighten.com,True,True,CsiI,,,,1a5fe5677b0e4fbbc854e8908225637d,c6227321ea7621862dc7b7351771a62c,,,8050.130333,10.0.2.15,49567,35.157.176.124,443,tcp,7.886711000000105,599.0,141.0,SF,True,False,0,ShADadFf,7,887,7,425,ssl,0
8050.714361,CSpDCn2IVRutjk3Fnk,10.0.2.15,49566,35.157.176.124,443,TLSv12,TLS_ECDHE_RSA_WITH_AES_128_GCM_SHA256,secp256r1,nexus.ensighten.com,False,True,CsxuknGIti,"['5fb5994638f535624889e2aa6260f51577963498d17ec00206936fa84169d21f', 'e0898ad662474b9f753c79bea878031c9a5d634a49edd6310b960ab023c02c0e']",[],1.0,1a5fe5677b0e4fbbc854e8908225637d,0c0aff9ccea5e7e1de5c3a0069d103f3,,,8050.126889,10.0.2.15,49566,35.157.176.124,443,tcp,11.754770999999892,674.0,5022.0,SF,True,False,0,ShADadTFf,11,1123,13,5546,ssl,0
8050.693083,Cx58Rf1aEPR9HXRNq9,10.0.2.15,49569,34.192.125.129,443,TLSv12,TLS_ECDHE_RSA_WITH_AES_128_GCM_SHA256,secp256r1,srv-2017-05-02-01.pixel.parsely.com,False,True,CsxknGIi,"['9ef436fd497ee75524e1cbde374a65ea785dae9777626d083d2076114fa85642', '02ab57e4e67a0cb48dd2ff34830e8ac40f4476fb08ca6be3f5cd846f646840f0', '4f32d5dc00f715250abcc486511e37f501a899deb3bf7ea8adbbd3aef1c412da']",[],1.0,0ffee3ba8e615ad22535e7f771690a28,303951d4c50efb2e991652225a6f02b1,,,8050.136456,10.0.2.15,49569,34.192.125.129,443,tcp,18.891607999999906,2156.0,5389.0,RSTO,True,False,0,ShADadFR,14,2724,15,5993,ssl,0
8053.565931,CYCCcf1ePed58UrZk2,10.0.2.15,49571,52.30.83.211,443,TLSv12,TLS_ECDHE_RSA_WITH_AES_128_GCM_SHA256,,trk.vidible.tv,True,True,CsiI,,,,0ffee3ba8e615ad22535e7f771690a28,303951d4c50efb2e991652225a6f02b1,,,8053.076385,10.0.2.15,49571,52.30.83.211,443,tcp,6.081725000000006,305.0,176.0,SF,True,False,0,ShADadFfRr,8,633,9,540,ssl,0
8053.566468,CTKpEQ351Vk1Eg2wBa,10.0.2.15,49570,52.30.83.211,443,TLSv12,TLS_ECDHE_RSA_WITH_AES_128_GCM_SHA256,,trk.vidible.tv,True,True,CsiI,,,,0ffee3ba8e615ad22535e7f771690a28,303951d4c50efb2e991652225a6f02b1,,,8053.07508,10.0.2.15,49570,52.30.83.211,443,tcp,6.213794000000234,305.0,176.0,SF,True,False,0,ShADadFfRr,8,633,9,540,ssl,0
8054.211624,CLMiTGjLEgGBbAi6f,10.0.2.15,49573,216.137.61.94,443,TLSv12,TLS_ECDHE_RSA_WITH_AES_128_GCM_SHA256,secp256r1,community-content-assets.minecraft.net,False,True,CsxuknGIti,"['83a99274f5d06a85327ff13f5ba6f3bd0b3347cefa9172903cb6073e1c1ca0d8', '074541ecdf88ed992ed5ade3ecddef27a26ba1b44480a195c0a8dadae2521d8e']",[],1.0,0ffee3ba8e615ad22535e7f771690a28,76cc3e2d3028143b23ec18e27dbd7ca9,h2,,8053.810234,10.0.2.15,49573,216.137.61.94,443,tcp,15.065905000000384,1109.0,40723.0,SF,True,False,0,ShADadFf,27,2197,53,42847,ssl,0
8054.216677,CYyBzk2bluOdWX8txe,10.0.2.15,49572,216.137.61.94,443,TLSv12,TLS_ECDHE_RSA_WITH_AES_128_GCM_SHA256,secp256r1,community-content-assets.minecraft.net,False,True,CsxuknGIti,"['83a99274f5d06a85327ff13f5ba6f3bd0b3347cefa9172903cb6073e1c1ca0d8', '074541ecdf88ed992ed5ade3ecddef27a26ba1b44480a195c0a8dadae2521d8e']",[],1.0,0ffee3ba8e615ad22535e7f771690a28,76cc3e2d3028143b23ec18e27dbd7ca9,h2,,8053.806246,10.0.2.15,49572,216.137.61.94,443,tcp,205.30351899999917,3071.0,1584155.0,SF,True,False,0,ShADadtWFf,388,18599,1312,1645159,ssl,0
8054.217792,CTaiHE2phl5gmgJtn2,10.0.2.15,49575,216.137.61.94,443,TLSv12,TLS_ECDHE_RSA_WITH_AES_128_GCM_SHA256,secp256r1,community-content-assets.minecraft.net,False,True,CsxuknGIti,"['83a99274f5d06a85327ff13f5ba6f3bd0b3347cefa9172903cb6073e1c1ca0d8', '074541ecdf88ed992ed5ade3ecddef27a26ba1b44480a195c0a8dadae2521d8e']",[],1.0,0ffee3ba8e615ad22535e7f771690a28,76cc3e2d3028143b23ec18e27dbd7ca9,h2,,8053.822998,10.0.2.15,49575,216.137.61.94,443,tcp,13.968871000000036,1106.0,56919.0,SF,True,False,0,ShADadFf,29,2274,66,59563,ssl,0
8054.220791,C1zebG3r33NNd4P5J5,10.0.2.15,49574,216.137.61.94,443,TLSv12,TLS_ECDHE_RSA_WITH_AES_128_GCM_SHA256,secp256r1,community-content-assets.minecraft.net,False,True,CsxuknGIti,"['83a99274f5d06a85327ff13f5ba6f3bd0b3347cefa9172903cb6073e1c1ca0d8', '074541ecdf88ed992ed5ade3ecddef27a26ba1b44480a195c0a8dadae2521d8e']",[],1.0,0ffee3ba8e615ad22535e7f771690a28,76cc3e2d3028143b23ec18e27dbd7ca9,h2,,8053.814985,10.0.2.15,49574,216.137.61.94,443,tcp,14.578892000000453,1104.0,24264.0,SF,True,False,0,ShADadFf,21,1952,35,25668,ssl,0
8069.303635,Cf0UyD1phvl1P0yuOg,10.0.2.15,49583,93.184.221.200,443,TLSv12,TLS_ECDHE_RSA_WITH_AES_128_GCM_SHA256,secp256r1,az725175.vo.msecnd.net,False,True,CsxuknGIti,"['c6919253ee0b0d6dfe373455fc39b03abeb5666f6303d84cc6eed99f1a254545', '2399983e99703ebd01cea466c10799810c4ba62a8d61b88170a334dcd61bb20f']",[],1.0,0ffee3ba8e615ad22535e7f771690a28,49b45fc1ab090aa3a159778313fc9b9e,h2,,8067.25512,10.0.2.15,49583,93.184.221.200,443,tcp,185.60272500000065,864.0,54773.0,SF,True,False,0,ShADadfF,29,2032,68,57497,ssl,0
8069.30955,CPKRmk2HIEdNkRiuC2,10.0.2.15,49581,23.74.205.197,443,TLSv12,TLS_ECDHE_RSA_WITH_AES_256_GCM_SHA384,secp256r1,cdnssl.clicktale.net,False,True,CsxknGIti,"['c9dfccf4797ba6ca2632caefc43ad382f8c86b1727d233517d9ab5ad45352b78', 'eae72eb454bf6c3977ebd289e970b2f5282949190093d0d26f98d0f0d6a9cf17']",[],1.0,0ffee3ba8e615ad22535e7f771690a28,2b33c1374db4ddf06942f92373c0b54b,http/1.1,,8067.241671,10.0.2.15,49581,23.74.205.197,443,tcp,12.30225900000005,702.0,11924.0,SF,True,False,0,ShADadFfRr,13,1230,19,12688,ssl,0
8069.329435,Cdh5F42MHFQvX0bWoh,10.0.2.15,49584,192.229.133.53,443,TLSv12,TLS_ECDHE_RSA_WITH_AES_128_GCM_SHA256,secp256r1,secure-ads.pictela.net,False,True,CsxuknGIti,"['318fb203bfb9e112a35d1f2e2072b1ff9a544dc06446b8a3a389b4b901096e91', '19400be5b7a31fb733917700789d2f0a2471c0c9d506c0e504c06c16d7cb17c0']",[],1.0,1a5fe5677b0e4fbbc854e8908225637d,49b45fc1ab090aa3a159778313fc9b9e,h2,,8067.290022,10.0.2.15,49584,192.229.133.53,443,tcp,2.584353000000192,643.0,3857.0,RSTO,True,False,0,ShADadR,7,931,7,4141,ssl,0
8069.315118,Cn2PC51sRsTbwCIa72,10.0.2.15,49580,23.74.205.197,443,TLSv12,TLS_ECDHE_RSA_WITH_AES_256_GCM_SHA384,secp256r1,cdnssl.clicktale.net,False,True,CsxknGIti,"['c9dfccf4797ba6ca2632caefc43ad382f8c86b1727d233517d9ab5ad45352b78', 'eae72eb454bf6c3977ebd289e970b2f5282949190093d0d26f98d0f0d6a9cf17']",[],1.0,0ffee3ba8e615ad22535e7f771690a28,2b33c1374db4ddf06942f92373c0b54b,http/1.1,,8067.240903,10.0.2.15,49580,23.74.205.197,443,tcp,15.532705999999962,354.0,3592.0,RSTO,True,False,0,ShADadTFR,11,803,12,4076,ssl,0
8069.307318,CMBZLs3rDwAJ1LvGf8,10.0.2.15,49582,31.13.65.2,443,TLSv12,TLS_ECDHE_RSA_WITH_AES_128_GCM_SHA256,secp256r1,ad.atdmt.com,False,True,CsxknGIti,"['f2b772fb266b4044bc352214c8ce5a08f207637984e60b48c5a77ee9a59cdacf', '19400be5b7a31fb733917700789d2f0a2471c0c9d506c0e504c06c16d7cb17c0']",[],1.0,0ffee3ba8e615ad22535e7f771690a28,b898351eb5e266aefd3723d466935494,h2,,8067.242446,10.0.2.15,49582,31.13.65.2,443,tcp,17.83961399999953,923.0,4971.0,SF,True,False,0,ShADadfF,15,1531,19,5735,ssl,0
8069.320191,CPeVNxRrHKU2xjg1i,10.0.2.15,49579,93.184.221.200,443,TLSv12,TLS_ECDHE_RSA_WITH_AES_128_GCM_SHA256,secp256r1,az725175.vo.msecnd.net,False,True,CsxuknGIti,"['c6919253ee0b0d6dfe373455fc39b03abeb5666f6303d84cc6eed99f1a254545', '2399983e99703ebd01cea466c10799810c4ba62a8d61b88170a334dcd61bb20f']",[],1.0,0ffee3ba8e615ad22535e7f771690a28,49b45fc1ab090aa3a159778313fc9b9e,h2,,8067.240021,10.0.2.15,49579,93.184.221.200,443,tcp,10.030982000000222,534.0,8117.0,SF,True,False,0,ShADadfF,14,1102,19,8881,ssl,0
8069.327761,C1ew5k3Hdbml8PO7if,10.0.2.15,49578,31.13.65.2,443,TLSv12,TLS_ECDHE_RSA_WITH_AES_128_GCM_SHA256,secp256r1,ad.atdmt.com,False,True,CsxknGIti,"['f2b772fb266b4044bc352214c8ce5a08f207637984e60b48c5a77ee9a59cdacf', '19400be5b7a31fb733917700789d2f0a2471c0c9d506c0e504c06c16d7cb17c0']",[],1.0,0ffee3ba8e615ad22535e7f771690a28,b898351eb5e266aefd3723d466935494,h2,,8067.239112,10.0.2.15,49578,31.13.65.2,443,tcp,12.276499999999942,524.0,3990.0,SF,True,False,0,ShADadfF,12,1012,15,4594,ssl,0
8070.707899,CVhhKJ3UqevBbOtvKd,10.0.2.15,49587,54.173.67.221,443,TLSv12,TLS_ECDHE_RSA_WITH_AES_256_GCM_SHA384,secp256r1,apx.moatads.com,False,True,CsxknGIti,"['a1f5b668b42edb358e83f7846b2d9b47b4c87d7ba7c20aecdceea13939a70e76', 'e6683e88315cd1cb403c0cea490f7c4b4c82c91cd485037489aadbaa90839f61']",[],1.0,0ffee3ba8e615ad22535e7f771690a28,a39e18564e32e1822751c4af0bfba817,http/1.1,,8069.456631,10.0.2.15,49587,54.173.67.221,443,tcp,14.334326000000146,349.0,3324.0,SF,True,False,0,ShADadTFf,11,798,11,3768,ssl,0
8069.328718,CDVSht3AJQOshhCTxi,10.0.2.15,49585,209.15.36.34,443,TLSv12,TLS_ECDHE_RSA_WITH_AES_256_CBC_SHA,,pixel-a.sitescout.com,True,False,Csi,,,,1a5fe5677b0e4fbbc854e8908225637d,8529fd8de0d7f73186ef5ea8b4531a76,,,8067.291137,10.0.2.15,49585,209.15.36.34,443,tcp,2.587406999999984,517.0,161.0,RSTO,True,False,0,ShADadR,5,725,3,285,ssl,0
8075.11945,C5ndRo1r7fRTIBqGta,10.0.2.15,49589,54.192.94.56,443,TLSv12,TLS_ECDHE_RSA_WITH_AES_128_GCM_SHA256,secp256r1,api.mojang.com,False,True,CsxuknGIti,"['357776d34011eaaf1737eab8647c0ab172e988fb68e0db3df31c6606c210b30d', '074541ecdf88ed992ed5ade3ecddef27a26ba1b44480a195c0a8dadae2521d8e']",[],1.0,0ffee3ba8e615ad22535e7f771690a28,76cc3e2d3028143b23ec18e27dbd7ca9,http/1.1,,8074.00197,10.0.2.15,49589,54.192.94.56,443,tcp,5.809626999999637,719.0,5232.0,SF,True,False,0,ShADadFf,11,1167,12,5716,ssl,0
8079.785864,Cw97er4AMmvlyGzaN4,10.0.2.15,49590,93.184.221.193,443,TLSv12,TLS_ECDHE_RSA_WITH_AES_128_GCM_SHA256,secp256r1,img.vidible.tv,False,True,CsxuknGIti,"['f2c5d80faa2a656359a8a6daa62f19c0070427672cfccb102f9e118ca64241a0', '19400be5b7a31fb733917700789d2f0a2471c0c9d506c0e504c06c16d7cb17c0', '7431e5f4c3c1ce4690774f0b61e05440883ba9a01ed00ba6abd7806ed3b118cf']",[],1.0,0ffee3ba8e615ad22535e7f771690a28,49b45fc1ab090aa3a159778313fc9b9e,h2,,8078.586669,10.0.2.15,49590,93.184.221.193,443,tcp,9.056643999999324,497.0,5379.0,SF,True,False,0,ShADadfF,10,905,13,5903,ssl,0
8080.502674,CJsX462AxdMI2IpAvj,10.0.2.15,49593,37.157.6.253,443,TLSv12,TLS_RSA_WITH_AES_128_CBC_SHA,,c1.adform.net,True,True,CsiI,,,,1a5fe5677b0e4fbbc854e8908225637d,57df70f7b256d75f6e1232daa61a7092,http/1.1,,8079.791609,10.0.2.15,49593,37.157.6.253,443,tcp,9.236149999999723,645.0,176.0,SF,True,False,0,ShADadFf,8,973,7,460,ssl,0
8080.503843,CSmRf52pi9g4gPndHi,10.0.2.15,49592,193.0.160.206,443,TLSv12,TLS_RSA_WITH_AES_256_CBC_SHA,,p.rfihub.com,False,True,CsxnGIi,"['6319fe60346fb81cd95b32cf612cd0a3a9c962907bbad4fe17ce3c85e44e1f66', '154c433c491929c5ef686e838e323664a00e6a0d822ccc958fb4dab03e49a08f']",[],1.0,0ffee3ba8e615ad22535e7f771690a28,0a917d753018dad73d9899ace370f8d8,,,8079.790141,10.0.2.15,49592,193.0.160.206,443,tcp,13.517625999999836,616.0,2713.0,SF,True,False,0,ShADadfF,9,984,9,3077,ssl,0
8080.497749,CuTH263z4tUVgyC1D4,10.0.2.15,49598,37.157.6.253,443,TLSv12,TLS_RSA_WITH_AES_128_CBC_SHA,,c1.adform.net,True,True,CsiI,,,,1a5fe5677b0e4fbbc854e8908225637d,57df70f7b256d75f6e1232daa61a7092,http/1.1,,8079.797127,10.0.2.15,49598,37.157.6.253,443,tcp,21.18564500000048,1098.0,453.0,SF,True,False,0,ShADadTFf,11,1547,10,857,ssl,0
8080.49683,CaR7ug1MiVsZyoXMZ5,10.0.2.15,49599,193.0.160.206,443,TLSv12,TLS_RSA_WITH_AES_256_CBC_SHA,,p.rfihub.com,False,True,CsxnGIi,"['6319fe60346fb81cd95b32cf612cd0a3a9c962907bbad4fe17ce3c85e44e1f66', '154c433c491929c5ef686e838e323664a00e6a0d822ccc958fb4dab03e49a08f']",[],1.0,0ffee3ba8e615ad22535e7f771690a28,0a917d753018dad73d9899ace370f8d8,,,8079.803268,10.0.2.15,49599,193.0.160.206,443,tcp,14.10425100000066,2077.0,4062.0,SF,True,False,0,ShADadfF,12,2565,12,4546,ssl,0
8080.500523,CdF0651lRe14BC4WZb,10.0.2.15,49595,37.252.172.12,443,TLSv12,TLS_ECDHE_RSA_WITH_AES_256_GCM_SHA384,,ib.adnxs.com,True,True,CsiI,,,,1a5fe5677b0e4fbbc854e8908225637d,266bd998df907f9d5064d7f4c208b200,,,8079.793722,10.0.2.15,49595,37.252.172.12,443,tcp,11.861735999999835,3235.0,1114.0,SF,True,False,0,ShADadfF,10,3643,10,1518,ssl,0
8080.499426,CqYSTY3yTfB2r4I0Y8,10.0.2.15,49596,46.228.164.11,443,TLSv12,TLS_RSA_WITH_AES_128_CBC_SHA,,ad.turn.com,False,True,CsxnGIti,"['331de231c71d6e7597ac717a3ade18b10f51eea0ce4b3c9c75144a7b5ce9e2cf', '154c433c491929c5ef686e838e323664a00e6a0d822ccc958fb4dab03e49a08f']",[],1.0,1a5fe5677b0e4fbbc854e8908225637d,7224c92f21d262b619e105efd1055cf7,,,8079.794317,10.0.2.15,49596,46.228.164.11,443,tcp,12.424712,1360.0,3151.0,SF,True,False,0,ShADadfF,10,1768,11,3595,ssl,0
8080.49589,CikfqS2ldp7YRETMDc,10.0.2.15,49600,52.86.87.195,443,TLSv12,TLS_ECDHE_RSA_WITH_AES_128_GCM_SHA256,secp256r1,video.adaptv.advertising.com,False,True,CsxknGIi,"['d65b7968e13197bc37839a48770c9c326bf99b7b58f6fcd3390739999f28ab2a', '3b0cc20384ad7f24eb438f2b80c63ebe003f7f215b8877e418ebb0484028db57', '6b143c2005d5539cc22eab5f772db2a9fe87467feffa07fcf0a9f7d28274ca7a']",[],1.0,0ffee3ba8e615ad22535e7f771690a28,303951d4c50efb2e991652225a6f02b1,,,8079.808118,10.0.2.15,49600,52.86.87.195,443,tcp,14.64415000000008,3233.0,4412.0,SF,True,False,0,ShADadfF,12,3721,14,4976,ssl,0
8080.498566,Cgl0x928zv7gFScTT5,10.0.2.15,49597,209.15.36.34,443,TLSv12,TLS_ECDHE_RSA_WITH_AES_256_CBC_SHA,secp256r1,pixel-a.sitescout.com,False,True,CsxknGIti,"['f015d4c86fc456a1d84bc3afa7ddb630a34da324037bb1cc3206209a00eae6e4', 'bc3f03a436240edba5f83714f6f677e34b37f9b1f0c08c1e558d981e279e8209']",[],1.0,1a5fe5677b0e4fbbc854e8908225637d,63a37e7be22df054d1f448fc0c28b98f,,,8079.795192,10.0.2.15,49597,209.15.36.34,443,tcp,14.459616000000096,1280.0,3304.0,SF,True,False,0,ShADadfF,10,1688,11,3748,ssl,0
8080.501789,C5yCyv3trh8Fr9THm9,10.0.2.15,49594,209.15.36.34,443,TLSv12,TLS_ECDHE_RSA_WITH_AES_256_CBC_SHA,secp256r1,pixel-a.sitescout.com,False,True,CsxknGIti,"['f015d4c86fc456a1d84bc3afa7ddb630a34da324037bb1cc3206209a00eae6e4', 'bc3f03a436240edba5f83714f6f677e34b37f9b1f0c08c1e558d981e279e8209']",[],1.0,1a5fe5677b0e4fbbc854e8908225637d,63a37e7be22df054d1f448fc0c28b98f,,,8079.792615,10.0.2.15,49594,209.15.36.34,443,tcp,13.282516999999643,667.0,3304.0,SF,True,False,0,ShADadfF,8,995,11,3748,ssl,0
8085.780382,CckEWJ3O4o1rOk7gwf,10.0.2.15,49601,52.86.87.195,443,TLSv12,TLS_ECDHE_RSA_WITH_AES_128_GCM_SHA256,secp256r1,video.adaptv.advertising.com,False,True,CsxknGIi,"['d65b7968e13197bc37839a48770c9c326bf99b7b58f6fcd3390739999f28ab2a', '3b0cc20384ad7f24eb438f2b80c63ebe003f7f215b8877e418ebb0484028db57', '6b143c2005d5539cc22eab5f772db2a9fe87467feffa07fcf0a9f7d28274ca7a']",[],1.0,0ffee3ba8e615ad22535e7f771690a28,303951d4c50efb2e991652225a6f02b1,,,8085.102692,10.0.2.15,49601,52.86.87.195,443,tcp,18.500756999999798,9698.0,8992.0,SF,True,False,0,ShADadFf,19,10466,24,9956,ssl,0
8087.35664,Cy3lILBHhkPF7sP5i,10.0.2.15,49602,62.51.0.45,443,TLSv12,TLS_RSA_WITH_AES_128_CBC_SHA,,ums.adtech.de,True,True,CsiI,,,,0ffee3ba8e615ad22535e7f771690a28,5397c414a9ebeaff1bf18b70ca22eaa0,,,8086.694853,10.0.2.15,49602,62.51.0.45,443,tcp,17.997945000000072,1176.0,782.0,SF,True,False,0,ShADadTfF,13,1705,13,1306,ssl,0
8087.634844,CKLv301u70eX8h7Ot5,10.0.2.15,49608,62.51.0.45,443,TLSv12,TLS_RSA_WITH_AES_128_CBC_SHA,,ums.adtech.de,True,True,CsiI,,,,0ffee3ba8e615ad22535e7f771690a28,5397c414a9ebeaff1bf18b70ca22eaa0,,,8087.187002,10.0.2.15,49608,62.51.0.45,443,tcp,16.30508700000064,1123.0,835.0,SF,True,False,0,ShADadTfF,11,1572,12,1319,ssl,0
8087.636463,C4jxS44M8y9Jw6zx9h,10.0.2.15,49607,62.51.0.45,443,TLSv12,TLS_RSA_WITH_AES_128_CBC_SHA,,ums.adtech.de,True,True,CsiI,,,,0ffee3ba8e615ad22535e7f771690a28,5397c414a9ebeaff1bf18b70ca22eaa0,,,8087.185266,10.0.2.15,49607,62.51.0.45,443,tcp,21.94258399999944,1176.0,782.0,SF,True,False,0,ShADadTfF,12,1665,12,1266,ssl,0
8087.638308,C265sjIlWbsH09Mm1,10.0.2.15,49606,62.51.0.45,443,TLSv12,TLS_RSA_WITH_AES_128_CBC_SHA,,ums.adtech.de,True,True,CsiI,,,,0ffee3ba8e615ad22535e7f771690a28,5397c414a9ebeaff1bf18b70ca22eaa0,,,8087.184263,10.0.2.15,49606,62.51.0.45,443,tcp,12.746000000000096,750.0,521.0,SF,True,False,0,ShADadTfF,9,1119,10,925,ssl,0
8087.640467,CsNltb4Lp3KF0580fj,10.0.2.15,49604,62.51.0.45,443,TLSv12,TLS_RSA_WITH_AES_128_CBC_SHA,,ums.adtech.de,True,True,CsiI,,,,0ffee3ba8e615ad22535e7f771690a28,5397c414a9ebeaff1bf18b70ca22eaa0,,,8087.179236,10.0.2.15,49604,62.51.0.45,443,tcp,14.015801999999894,814.0,521.0,SF,True,False,0,ShADadTfF,9,1183,10,925,ssl,0
8087.639329,CCsadq1nkLvwzIO74g,10.0.2.15,49605,216.52.1.12,443,TLSv12,TLS_ECDHE_RSA_WITH_AES_128_GCM_SHA256,secp256r1,loadus.exelator.com,False,True,CsxknGIti,"['df7c62f472c1d3b0d062e9ed1c65f67a88aad738cc232a6b40b55a446e9092f9', '973a41276ffd01e027a2aad49e34c37846d3e976ff6a620b6712e33832041aa6', '3a2fbe92891e57fe05d57087f48e730f17e5a5f53ef403d618e5b74d7a7e6ecb', 'c3846bf24b9e93ca64274c0ec67c1ecc5e024ffcacd2d74019350e81fe546ae4']",[],1.0,1a5fe5677b0e4fbbc854e8908225637d,ccc514751b175866924439bdbb5bba34,,,8087.1805,10.0.2.15,49605,216.52.1.12,443,tcp,7.808489000000009,4174.0,6271.0,SF,True,False,0,ShADadfF,13,4702,15,6875,ssl,0
8087.642271,CDe7MO1k4NmkJJeYX1,10.0.2.15,49603,208.146.36.220,443,TLSv12,TLS_ECDHE_RSA_WITH_AES_256_GCM_SHA384,secp256r1,rp.gwallet.com,False,True,CsxknGIti,"['0c294bffff4c5704168ebbacc49e77745caf228b0f9c52d4f82759d5823f40d2', '19400be5b7a31fb733917700789d2f0a2471c0c9d506c0e504c06c16d7cb17c0']",[],1.0,0ffee3ba8e615ad22535e7f771690a28,e35df3e00ca4ef31d42b34bebaa2f86e,,,8087.173397,10.0.2.15,49603,208.146.36.220,443,tcp,71.37176100000033,848.0,3857.0,SF,True,False,0,ShADadTfF,16,1502,18,4581,ssl,0
8090.393087,Cwm5od185vmLMyDJj,10.0.2.15,49609,34.205.241.155,443,TLSv12,TLS_ECDHE_RSA_WITH_AES_128_GCM_SHA256,secp256r1,srv-2017-05-02-01.pixel.parsely.com,False,True,CsxknGIi,"['9ef436fd497ee75524e1cbde374a65ea785dae9777626d083d2076114fa85642', '02ab57e4e67a0cb48dd2ff34830e8ac40f4476fb08ca6be3f5cd846f646840f0', '4f32d5dc00f715250abcc486511e37f501a899deb3bf7ea8adbbd3aef1c412da']",[],1.0,0ffee3ba8e615ad22535e7f771690a28,303951d4c50efb2e991652225a6f02b1,,,8089.596255,10.0.2.15,49609,34.205.241.155,443,tcp,18.24627899999996,2059.0,5389.0,SF,True,False,0,ShADadTFf,14,2628,16,6033,ssl,0
8093.62519,C9Rebh2AdPC1AERC18,10.0.2.15,49610,95.101.245.177,443,TLSv12,TLS_ECDHE_RSA_WITH_AES_256_GCM_SHA384,,dsum-sec.casalemedia.com,True,True,CsiI,,,,1a5fe5677b0e4fbbc854e8908225637d,410b9bedaf65dd26c6fe547154d60db4,http/1.1,,8093.312878,10.0.2.15,49610,95.101.245.177,443,tcp,119.98638599999958,3255.0,500.0,SF,True,False,0,ShADadTTFfRr,22,4154,23,1424,ssl,0
8093.621471,Cnc2bs2NAKUSlzVBek,10.0.2.15,49611,77.238.185.35,443,TLSv12,TLS_ECDHE_RSA_WITH_AES_128_GCM_SHA256,secp256r1,pr-bh.ybp.yahoo.com,False,True,CsxknGIti,"['c559338a744fd74f4c99482ace0a700b4162fbc35b45b65ac24e779b808fefdf', 'eae72eb454bf6c3977ebd289e970b2f5282949190093d0d26f98d0f0d6a9cf17', '8420dfbe376f414bf4c0a81e6936d24ccc03f304835b86c7a39142fca723a689']",[],1.0,1a5fe5677b0e4fbbc854e8908225637d,b898351eb5e266aefd3723d466935494,http/1.1,,8093.314949,10.0.2.15,49611,77.238.185.35,443,tcp,10.903561000000082,1146.0,5117.0,SF,True,False,0,ShADadfF,11,1594,14,5681,ssl,0
8095.416132,CWgStd1lPyQN5uMGoh,10.0.2.15,49617,152.163.56.3,443,TLSv12,TLS_RSA_WITH_AES_256_CBC_SHA,,at.atwola.com,True,True,CsiI,,,,0ffee3ba8e615ad22535e7f771690a28,82f0d8a75fa483d1cfe4b7085b784d7e,,,8094.996467,10.0.2.15,49617,152.163.56.3,443,tcp,16.179667999999765,1246.0,1353.0,SF,True,False,0,ShADadTfF,10,1655,10,1757,ssl,0
8095.417175,CgsrfZ1fG0TDu7xKGf,10.0.2.15,49616,62.51.0.45,443,TLSv12,TLS_RSA_WITH_AES_128_CBC_SHA,,ums.adtech.de,True,True,CsiI,,,,0ffee3ba8e615ad22535e7f771690a28,5397c414a9ebeaff1bf18b70ca22eaa0,,,8094.994793,10.0.2.15,49616,62.51.0.45,443,tcp,11.69316600000002,297.0,207.0,SF,True,False,0,ShADadTfF,8,626,9,571,ssl,0
8095.812617,CoNcJB2W1pbrYi9u22,10.0.2.15,49618,34.205.241.155,443,TLSv12,TLS_ECDHE_RSA_WITH_AES_128_GCM_SHA256,,srv-2017-05-02-01.pixel.parsely.com,True,True,CsiI,,,,0ffee3ba8e615ad22535e7f771690a28,303951d4c50efb2e991652225a6f02b1,,,8095.000419,10.0.2.15,49618,34.205.241.155,443,tcp,12.10311300000012,1155.0,434.0,SF,True,False,0,ShADadTFf,10,1564,10,838,ssl,0
8095.418258,Cmd7Qx3vBtSKjeWfJ9,10.0.2.15,49615,35.157.176.124,443,TLSv12,TLS_ECDHE_RSA_WITH_AES_128_GCM_SHA256,secp256r1,nexus.ensighten.com,False,True,CsxuknGIti,"['5fb5994638f535624889e2aa6260f51577963498d17ec00206936fa84169d21f', 'e0898ad662474b9f753c79bea878031c9a5d634a49edd6310b960ab023c02c0e']",[],1.0,1a5fe5677b0e4fbbc854e8908225637d,0c0aff9ccea5e7e1de5c3a0069d103f3,,,8094.993455,10.0.2.15,49615,35.157.176.124,443,tcp,20.28773900000033,1533.0,6591.0,SF,True,False,0,ShADadTfF,15,2142,17,7275,ssl,0
8095.811916,CkEglCFPwa1EtY5h9,10.0.2.15,49619,35.157.176.124,443,TLSv12,TLS_ECDHE_RSA_WITH_AES_128_GCM_SHA256,secp256r1,nexus.ensighten.com,False,True,CsxuknGIti,"['5fb5994638f535624889e2aa6260f51577963498d17ec00206936fa84169d21f', 'e0898ad662474b9f753c79bea878031c9a5d634a49edd6310b960ab023c02c0e']",[],1.0,1a5fe5677b0e4fbbc854e8908225637d,0c0aff9ccea5e7e1de5c3a0069d103f3,,,8095.012151,10.0.2.15,49619,35.157.176.124,443,tcp,13.31527300000016,674.0,5022.0,SF,True,False,0,ShADadTFf,11,1123,13,5546,ssl,0
8099.428703,CwcJTEKKHBge1kHVe,10.0.2.15,49621,52.30.83.211,443,TLSv12,TLS_ECDHE_RSA_WITH_AES_128_GCM_SHA256,,trk.vidible.tv,True,True,CsiI,,,,0ffee3ba8e615ad22535e7f771690a28,303951d4c50efb2e991652225a6f02b1,,,8098.903667,10.0.2.15,49621,52.30.83.211,443,tcp,61.24789400000009,1034.0,559.0,SF,True,False,0,ShADadTFf,14,1608,15,1163,ssl,0
8099.430844,CvJZZf14JGkguRtf01,10.0.2.15,49620,52.86.87.195,443,TLSv12,TLS_ECDHE_RSA_WITH_AES_128_GCM_SHA256,,video.adaptv.advertising.com,True,True,CsiI,,,,0ffee3ba8e615ad22535e7f771690a28,303951d4c50efb2e991652225a6f02b1,,,8098.903127,10.0.2.15,49620,52.86.87.195,443,tcp,7.938290000000052,288.0,176.0,SF,True,False,0,ShADadFf,6,536,7,460,ssl,0
8099.720679,CWEI5cFjVrIX4fL3l,10.0.2.15,49622,54.192.94.56,443,TLSv12,TLS_ECDHE_RSA_WITH_AES_128_GCM_SHA256,,api.mojang.com,True,True,CsiI,,,,1a5fe5677b0e4fbbc854e8908225637d,d199ba0af2b08e204c73d6d81a1fd260,http/1.1,,8099.434354,10.0.2.15,49622,54.192.94.56,443,tcp,124.13426399999936,2229.0,3510.0,RSTR,True,False,0,ShADadTTRr,25,3248,26,4554,ssl,0
8101.189024,C5TPIQDw8VcuQBJk1,10.0.2.15,49627,52.30.83.211,443,TLSv12,TLS_ECDHE_RSA_WITH_AES_128_GCM_SHA256,,trk.vidible.tv,True,True,CsiI,,,,0ffee3ba8e615ad22535e7f771690a28,303951d4c50efb2e991652225a6f02b1,,,8100.58829,10.0.2.15,49627,52.30.83.211,443,tcp,61.56710100000055,1241.0,559.0,SF,True,False,0,ShADadTFf,14,1815,15,1163,ssl,0
8101.191579,CgEcYK1Pui9uL8qyxd,10.0.2.15,49626,52.86.87.195,443,TLSv12,TLS_ECDHE_RSA_WITH_AES_128_GCM_SHA256,,video.adaptv.advertising.com,True,True,CsiI,,,,0ffee3ba8e615ad22535e7f771690a28,303951d4c50efb2e991652225a6f02b1,,,8100.587759,10.0.2.15,49626,52.86.87.195,443,tcp,7.796505000000252,319.0,176.0,RSTO,True,False,0,ShADadFR,7,607,7,460,ssl,0
8101.193118,CbXfYW3rehok7mOYe7,10.0.2.15,49625,52.30.83.211,443,TLSv12,TLS_ECDHE_RSA_WITH_AES_128_GCM_SHA256,,trk.vidible.tv,True,True,CsiI,,,,0ffee3ba8e615ad22535e7f771690a28,303951d4c50efb2e991652225a6f02b1,,,8100.586571,10.0.2.15,49625,52.30.83.211,443,tcp,61.57135600000038,1256.0,559.0,SF,True,False,0,ShADadTFf,15,1870,15,1163,ssl,0
8101.952275,CExpZKsy5vQrXDKUi,10.0.2.15,49628,52.54.159.218,443,TLSv12,TLS_ECDHE_RSA_WITH_AES_128_GCM_SHA256,secp256r1,srv-2017-05-02-01.pixel.parsely.com,False,True,CsxknGIi,"['9ef436fd497ee75524e1cbde374a65ea785dae9777626d083d2076114fa85642', '02ab57e4e67a0cb48dd2ff34830e8ac40f4476fb08ca6be3f5cd846f646840f0', '4f32d5dc00f715250abcc486511e37f501a899deb3bf7ea8adbbd3aef1c412da']",[],1.0,0ffee3ba8e615ad22535e7f771690a28,303951d4c50efb2e991652225a6f02b1,,,8101.490598,10.0.2.15,49628,52.54.159.218,443,tcp,9.143569999999272,369.0,4873.0,SF,True,False,0,ShADadFfRr,11,817,13,5397,ssl,0
8102.35108,CEbAb83jtY0kN9VhAl,10.0.2.15,49629,34.200.99.148,443,TLSv12,TLS_ECDHE_RSA_WITH_AES_128_GCM_SHA256,secp256r1,b.aol.com,False,True,CsxknGIi,"['9b1d69da000c003262f487807ad9d9474b2aa55d5c6af1afed2609d12310fb2b', '19400be5b7a31fb733917700789d2f0a2471c0c9d506c0e504c06c16d7cb17c0', '7431e5f4c3c1ce4690774f0b61e05440883ba9a01ed00ba6abd7806ed3b118cf']",[],1.0,0ffee3ba8e615ad22535e7f771690a28,303951d4c50efb2e991652225a6f02b1,,,8101.956659,10.0.2.15,49629,34.200.99.148,443,tcp,65.67483799999991,1590.0,4866.0,SF,True,False,0,ShADadTFf,17,2284,20,5670,ssl,0
8102.913895,C5Dgri4cRuhRHrgirk,10.0.2.15,49637,149.126.77.22,443,TLSv12,TLS_ECDHE_RSA_WITH_AES_256_GCM_SHA384,secp256r1,img.medscapestatic.com,False,True,CsxuknGIti,"['0b402f2c1763ba6a79e7b55023646a137b657ad05597b77591556e68e3f292c6', '19400be5b7a31fb733917700789d2f0a2471c0c9d506c0e504c06c16d7cb17c0', '7431e5f4c3c1ce4690774f0b61e05440883ba9a01ed00ba6abd7806ed3b118cf']",[],1.0,0ffee3ba8e615ad22535e7f771690a28,d53e4608f956df65bb2b8a8c4d3b025d,,,8102.561185,10.0.2.15,49637,149.126.77.22,443,tcp,155.7043590000003,4414.0,160621.0,SF,True,False,0,ShADadTTFfRr,82,7716,178,167745,ssl,0
8105.485885,C3ZpTpwuRX04sIhv3,10.0.2.15,49639,54.173.67.221,443,TLSv12,TLS_ECDHE_RSA_WITH_AES_256_GCM_SHA384,,apx.moatads.com,True,True,CsiI,,,,1a5fe5677b0e4fbbc854e8908225637d,410b9bedaf65dd26c6fe547154d60db4,http/1.1,,8105.009558,10.0.2.15,49639,54.173.67.221,443,tcp,66.29171300000053,2558.0,524.0,SF,True,False,0,ShADadTFf,16,3212,16,1168,ssl,0
8106.970039,CAyRWh2sHrgwq0PMvg,10.0.2.15,49642,23.74.205.197,443,TLSv12,TLS_ECDHE_RSA_WITH_AES_256_GCM_SHA384,,cdnssl.clicktale.net,True,True,CsiI,,,,1a5fe5677b0e4fbbc854e8908225637d,410b9bedaf65dd26c6fe547154d60db4,http/1.1,,8106.457907,10.0.2.15,49642,23.74.205.197,443,tcp,134.87883499999953,2075.0,56412.0,SF,True,False,0,ShADadTTFfRr,44,3855,76,59456,ssl,0
8107.230882,CQMQRYfsbxsWdsBch,10.0.2.15,49641,31.13.65.2,443,TLSv12,TLS_ECDHE_RSA_WITH_AES_128_GCM_SHA256,,ad.atdmt.com,True,True,CsiI,,,,1a5fe5677b0e4fbbc854e8908225637d,7bee5c1d424b7e5f943b06983bb11422,h2,,8106.456872,10.0.2.15,49641,31.13.65.2,443,tcp,212.1025190000009,1382.0,2312.0,SF,True,False,0,ShADadfF,17,2070,23,3236,ssl,0
8109.292638,C2SxWQ362QHk538mfd,10.0.2.15,49644,95.101.31.127,443,TLSv12,TLS_ECDHE_RSA_WITH_AES_128_GCM_SHA256,secp256r1,js.braintreegateway.com,False,True,CsxknGIti,"['9c207c50f62a18d25fb6d537bd3f84ce0a76495c54db3f7997af7bb6cc1510bd', '403e062a2653059113285baf80a0d4ae422c848c9f78fad01fc94bc5b87fef1a']",[],1.0,0ffee3ba8e615ad22535e7f771690a28,8d2a028aa94425f76ced7826b1f39039,http/1.1,,8108.310625,10.0.2.15,49644,95.101.31.127,443,tcp,133.02375199999915,707.0,57640.0,SF,True,False,0,ShADadTTFfRr,38,2247,72,60524,ssl,0
8109.295387,CpaJ7zzEMJGatDiUe,10.0.2.15,49643,40.77.226.250,443,TLSv12,TLS_ECDHE_RSA_WITH_AES_256_CBC_SHA,secp256r1,web.vortex.data.microsoft.com,False,True,CsxuknGIi,"['bf2ba8975ba6d6b00437877766dfa9cda074b375e4cfda6d9fc911a8d12a7030', '2399983e99703ebd01cea466c10799810c4ba62a8d61b88170a334dcd61bb20f']",[],1.0,0ffee3ba8e615ad22535e7f771690a28,4fd467dd264720762ffe286277c00f57,,,8108.028479,10.0.2.15,49643,40.77.226.250,443,tcp,212.00329900000088,11634.0,7650.0,SF,True,False,0,ShADadTTFf,43,13380,45,9454,ssl,0
8113.032198,CI450V1MEnrYm2jHJg,10.0.2.15,49648,23.74.205.197,443,TLSv12,TLS_ECDHE_RSA_WITH_AES_256_GCM_SHA384,,cdnssl.clicktale.net,True,True,CsiI,,,,1a5fe5677b0e4fbbc854e8908225637d,410b9bedaf65dd26c6fe547154d60db4,http/1.1,,8112.053725,10.0.2.15,49648,23.74.205.197,443,tcp,17.169002000000546,599.0,183.0,SF,True,False,0,ShADadTFfRr,9,968,10,587,ssl,0
8113.033214,CLOJBs2w5PJxCygPT8,10.0.2.15,49647,23.74.205.197,443,TLSv12,TLS_ECDHE_RSA_WITH_AES_256_GCM_SHA384,,cdnssl.clicktale.net,True,True,CsiI,,,,1a5fe5677b0e4fbbc854e8908225637d,410b9bedaf65dd26c6fe547154d60db4,http/1.1,,8112.05321,10.0.2.15,49647,23.74.205.197,443,tcp,17.20997299999999,599.0,183.0,SF,True,False,0,ShADadTFfRr,9,968,10,587,ssl,0
8118.606827,Cr6r244fYIFiIvbKDh,10.0.2.15,49668,172.217.23.226,443,TLSv12,TLS_ECDHE_RSA_WITH_AES_128_GCM_SHA256,,securepubads.g.doubleclick.net,True,True,CsiI,,,,1a5fe5677b0e4fbbc854e8908225637d,67619a80665d7ab92d1041b1d11f9164,h2,,8117.930296,10.0.2.15,49668,172.217.23.226,443,tcp,11.646166999999878,2392.0,6745.0,SF,True,False,0,ShADadFf,17,3080,24,7709,ssl,0
8121.507035,CYtpC92CDxYMXNXTU,10.0.2.15,49672,31.13.70.7,443,TLSv12,TLS_ECDHE_ECDSA_WITH_AES_128_GCM_SHA256,,connect.facebook.net,True,True,CsiI,,,,1a5fe5677b0e4fbbc854e8908225637d,96681175a9547081bf3d417f1a572091,h2,,8119.990362,10.0.2.15,49672,31.13.70.7,443,tcp,456.1939490000013,1828.0,4161.0,SF,True,False,0,ShADadfF,32,3116,38,5685,ssl,0
8121.50533,CqpSI6ZoT76yTizS1,10.0.2.15,49674,40.77.226.250,443,TLSv12,TLS_ECDHE_RSA_WITH_AES_256_CBC_SHA,secp256r1,web.vortex.data.microsoft.com,False,True,CsxuknGIi,"['bf2ba8975ba6d6b00437877766dfa9cda074b375e4cfda6d9fc911a8d12a7030', '2399983e99703ebd01cea466c10799810c4ba62a8d61b88170a334dcd61bb20f']",[],1.0,0ffee3ba8e615ad22535e7f771690a28,4fd467dd264720762ffe286277c00f57,,,8119.996234,10.0.2.15,49674,40.77.226.250,443,tcp,217.4279150000002,6808.0,6744.0,SF,True,False,0,ShADadTTFf,39,8396,40,8348,ssl,0
8121.505979,CFdXsI1Ut8ypnTVfTf,10.0.2.15,49673,40.77.226.250,443,TLSv12,TLS_ECDHE_RSA_WITH_AES_256_CBC_SHA,secp256r1,web.vortex.data.microsoft.com,False,True,CsxuknGIi,"['bf2ba8975ba6d6b00437877766dfa9cda074b375e4cfda6d9fc911a8d12a7030', '2399983e99703ebd01cea466c10799810c4ba62a8d61b88170a334dcd61bb20f']",[],1.0,0ffee3ba8e615ad22535e7f771690a28,4fd467dd264720762ffe286277c00f57,,,8119.993269,10.0.2.15,49673,40.77.226.250,443,tcp,217.4233720000002,6792.0,6744.0,SF,True,False,0,ShADadTTFf,39,8380,41,8388,ssl,0
8128.61888,CCJtQCy7UQBq1SgGe,10.0.2.15,49679,216.58.201.66,443,TLSv12,TLS_ECDHE_RSA_WITH_AES_128_GCM_SHA256,,googleads.g.doubleclick.net,True,True,CsiI,,,,1a5fe5677b0e4fbbc854e8908225637d,67619a80665d7ab92d1041b1d11f9164,h2,,8128.369768,10.0.2.15,49679,216.58.201.66,443,tcp,104.87979700000052,2974.0,4314.0,SF,True,False,0,ShADadFf,25,3982,29,5478,ssl,0
8128.61884,CQUClMRTZOna3aU5i,10.0.2.15,49678,40.77.226.250,443,TLSv12,TLS_ECDHE_RSA_WITH_AES_256_CBC_SHA,secp256r1,web.vortex.data.microsoft.com,False,True,CsxuknGIi,"['bf2ba8975ba6d6b00437877766dfa9cda074b375e4cfda6d9fc911a8d12a7030', '2399983e99703ebd01cea466c10799810c4ba62a8d61b88170a334dcd61bb20f']",[],1.0,0ffee3ba8e615ad22535e7f771690a28,4fd467dd264720762ffe286277c00f57,,,8128.360311,10.0.2.15,49678,40.77.226.250,443,tcp,209.06376099999943,7416.0,6840.0,SF,True,False,0,ShADadTTFf,39,9004,41,8484,ssl,0
8130.793485,CExhIt4ZQJ7oiELTba,10.0.2.15,49681,95.101.252.144,443,TLSv12,TLS_ECDHE_RSA_WITH_AES_256_GCM_SHA384,,z.moatads.com,True,True,CsiI,,,,1a5fe5677b0e4fbbc854e8908225637d,410b9bedaf65dd26c6fe547154d60db4,http/1.1,,8130.462273,10.0.2.15,49681,95.101.252.144,443,tcp,120.8489899999995,920.0,63692.0,SF,True,False,0,ShADadTTFfRr,35,2339,75,66696,ssl,0
8130.794079,C5iheSHRXi2t2D3k8,10.0.2.15,49680,172.217.23.225,443,TLSv12,TLS_ECDHE_RSA_WITH_AES_128_GCM_SHA256,,tpc.googlesyndication.com,True,True,CsiI,,,,1a5fe5677b0e4fbbc854e8908225637d,67619a80665d7ab92d1041b1d11f9164,h2,,8130.461821,10.0.2.15,49680,172.217.23.225,443,tcp,196.30679999999936,1424.0,42777.0,SF,True,False,0,ShADadFf,40,3032,66,45421,ssl,0
8130.603015,CGYTPIn681I0lz6ik,10.0.2.15,49685,40.77.226.250,443,TLSv12,TLS_ECDHE_RSA_WITH_AES_256_CBC_SHA,secp256r1,web.vortex.data.microsoft.com,False,True,CsxuknGIi,"['bf2ba8975ba6d6b00437877766dfa9cda074b375e4cfda6d9fc911a8d12a7030', '2399983e99703ebd01cea466c10799810c4ba62a8d61b88170a334dcd61bb20f']",[],1.0,0ffee3ba8e615ad22535e7f771690a28,4fd467dd264720762ffe286277c00f57,,,8130.468185,10.0.2.15,49685,40.77.226.250,443,tcp,5.385232000000542,441.0,5721.0,SF,True,False,0,ShADadFf,10,849,11,6165,ssl,0
8130.607425,CywcLL1hXJr65KkMq4,10.0.2.15,49684,207.46.194.10,443,TLSv12,TLS_ECDHE_RSA_WITH_AES_256_CBC_SHA,secp256r1,c1.microsoft.com,False,True,CsxknGIi,"['14a9d5ba86f31a422720764e677d7d9fa838fbbc29d48aec40d84169ec0c9405', '2399983e99703ebd01cea466c10799810c4ba62a8d61b88170a334dcd61bb20f']",[],1.0,0ffee3ba8e615ad22535e7f771690a28,96c9f2048f1e949c8bb9ad97c36c9eea,,,8130.467372,10.0.2.15,49684,207.46.194.10,443,tcp,63.83825200000047,3062.0,5180.0,SF,True,False,0,ShADadTfF,19,3835,20,5984,ssl,0
8131.047442,Co7RtQ27BSm6MGlnPd,10.0.2.15,49687,95.101.252.144,443,TLSv12,TLS_ECDHE_RSA_WITH_AES_256_GCM_SHA384,,z.moatads.com,True,True,CsiI,,,,1a5fe5677b0e4fbbc854e8908225637d,410b9bedaf65dd26c6fe547154d60db4,http/1.1,,8130.601042,10.0.2.15,49687,95.101.252.144,443,tcp,7.060779999999795,599.0,183.0,SF,True,False,0,ShADadFfRr,8,927,9,547,ssl,0
8131.051629,CdIxz91LKT9eE6agx9,10.0.2.15,49686,149.126.77.134,443,TLSv12,TLS_ECDHE_RSA_WITH_AES_256_GCM_SHA384,secp256r1,profreg.medscape.com,False,True,CsxuknGIti,"['825a6cfd09219e0c1e9f1fc0c2c048b5efa081139db83ceba5bbe0350c27a4ae', '19400be5b7a31fb733917700789d2f0a2471c0c9d506c0e504c06c16d7cb17c0', '7431e5f4c3c1ce4690774f0b61e05440883ba9a01ed00ba6abd7806ed3b118cf']",[],1.0,0ffee3ba8e615ad22535e7f771690a28,d53e4608f956df65bb2b8a8c4d3b025d,,,8130.59863,10.0.2.15,49686,149.126.77.134,443,tcp,128.7346469999993,10806.0,24199.0,SF,True,False,0,ShADadTTFfRr,41,12465,54,26363,ssl,0
8132.396368,CqDRI44dwWhe3MSQI3,10.0.2.15,49690,95.101.252.144,443,TLSv12,TLS_ECDHE_RSA_WITH_AES_256_GCM_SHA384,secp256r1,px.moatads.com,False,True,CsxknGIti,"['435a847bccecae336a1a751c2209ae3f32a8cda1aae8b0da90f1755f7ede9adc', 'e6683e88315cd1cb403c0cea490f7c4b4c82c91cd485037489aadbaa90839f61', '3c35cc963eb004451323d3275d05b353235053490d9cd83729a2faf5e7ca1cc0']",[],1.0,0ffee3ba8e615ad22535e7f771690a28,2b33c1374db4ddf06942f92373c0b54b,http/1.1,,8132.351277,10.0.2.15,49690,95.101.252.144,443,tcp,125.9327489999996,6278.0,5990.0,SF,True,False,0,ShADadTTFfRr,31,7538,34,7354,ssl,0
8133.120412,CgPsgr4saKKpflEsfe,10.0.2.15,49694,207.46.194.10,443,TLSv12,TLS_ECDHE_RSA_WITH_AES_256_CBC_SHA,secp256r1,c.bing.com,False,True,CsxknGIi,"['14a9d5ba86f31a422720764e677d7d9fa838fbbc29d48aec40d84169ec0c9405', '2399983e99703ebd01cea466c10799810c4ba62a8d61b88170a334dcd61bb20f']",[],1.0,0ffee3ba8e615ad22535e7f771690a28,96c9f2048f1e949c8bb9ad97c36c9eea,,,8132.876061,10.0.2.15,49694,207.46.194.10,443,tcp,6.709203999999772,390.0,4050.0,SF,True,False,0,ShADadFf,10,798,11,4494,ssl,0
8133.112982,CmPlyP1vROFssPqmJ8,10.0.2.15,49695,207.46.194.10,443,TLSv12,TLS_ECDHE_RSA_WITH_AES_256_CBC_SHA,secp256r1,c.bing.com,False,True,CsxknGIi,"['14a9d5ba86f31a422720764e677d7d9fa838fbbc29d48aec40d84169ec0c9405', '2399983e99703ebd01cea466c10799810c4ba62a8d61b88170a334dcd61bb20f']",[],1.0,0ffee3ba8e615ad22535e7f771690a28,96c9f2048f1e949c8bb9ad97c36c9eea,,,8132.87745,10.0.2.15,49695,207.46.194.10,443,tcp,61.235095,1147.0,4743.0,SF,True,False,0,ShADadTfF,17,1841,19,5507,ssl,0
8134.396765,C4RbqP3GxCnw5C27wf,10.0.2.15,49701,216.58.201.66,443,TLSv12,TLS_ECDHE_RSA_WITH_AES_128_GCM_SHA256,,www.googleadservices.com,True,True,CsiI,,,,1a5fe5677b0e4fbbc854e8908225637d,67619a80665d7ab92d1041b1d11f9164,h2,,8134.29698,10.0.2.15,49701,216.58.201.66,443,tcp,192.27900800000043,984.0,430.0,SF,True,False,0,ShADadFf,16,1632,18,1154,ssl,0
8134.486493,C6oB292ejprVgY7fi3,10.0.2.15,49700,149.126.77.22,443,TLSv12,TLS_ECDHE_RSA_WITH_AES_256_GCM_SHA384,,img.medscapestatic.com,True,True,CsiI,,,,1a5fe5677b0e4fbbc854e8908225637d,266bd998df907f9d5064d7f4c208b200,,,8134.294663,10.0.2.15,49700,149.126.77.22,443,tcp,123.96870000000035,1875.0,5486.0,SF,True,False,0,ShADadTTFfRr,27,2975,31,6730,ssl,0
8134.487616,CEyyeB4pwXhZRuTXwk,10.0.2.15,49699,149.126.77.22,443,TLSv12,TLS_ECDHE_RSA_WITH_AES_256_GCM_SHA384,,img.medscapestatic.com,True,True,CsiI,,,,1a5fe5677b0e4fbbc854e8908225637d,266bd998df907f9d5064d7f4c208b200,,,8134.293922,10.0.2.15,49699,149.126.77.22,443,tcp,123.93691499999932,1874.0,11371.0,SF,True,False,0,ShADadTTFfRr,32,3174,40,12975,ssl,0
8134.493993,Ce8j651kVIgFPpmZbi,10.0.2.15,49698,149.126.77.22,443,TLSv12,TLS_ECDHE_RSA_WITH_AES_256_GCM_SHA384,,img.medscapestatic.com,True,True,CsiI,,,,1a5fe5677b0e4fbbc854e8908225637d,266bd998df907f9d5064d7f4c208b200,,,8134.293101,10.0.2.15,49698,149.126.77.22,443,tcp,123.94751799999996,1871.0,30074.0,SF,True,False,0,ShADadTTFfRr,38,3411,61,32518,ssl,0
8134.496587,CeyTGhoAD4MiCJ3ua,10.0.2.15,49697,149.126.77.22,443,TLSv12,TLS_ECDHE_RSA_WITH_AES_256_GCM_SHA384,,img.medscapestatic.com,True,True,CsiI,,,,1a5fe5677b0e4fbbc854e8908225637d,266bd998df907f9d5064d7f4c208b200,,,8134.292526,10.0.2.15,49697,149.126.77.22,443,tcp,124.01121599999988,1863.0,13779.0,SF,True,False,0,ShADadTTFfRr,32,3163,42,15463,ssl,0
8134.500058,ClCtZ519NlcWgHsawd,10.0.2.15,49696,149.126.77.22,443,TLSv12,TLS_ECDHE_RSA_WITH_AES_256_GCM_SHA384,,img.medscapestatic.com,True,True,CsiI,,,,1a5fe5677b0e4fbbc854e8908225637d,266bd998df907f9d5064d7f4c208b200,,,8134.291219,10.0.2.15,49696,149.126.77.22,443,tcp,123.98397700000078,1854.0,3823.0,SF,True,False,0,ShADadTTFfRr,27,2954,29,4987,ssl,0
8135.976043,C2UJUf4JNatpXjEKU,10.0.2.15,49702,63.140.40.60,443,TLSv12,TLS_ECDHE_RSA_WITH_AES_256_GCM_SHA384,secp256r1,ssl.o.webmd.com,False,True,CsxknGIi,"['9e09e0f0b5f55a38b79cefc11b5cef118cfeaeca4ecf20fbdbca7a199676ddd0', '19400be5b7a31fb733917700789d2f0a2471c0c9d506c0e504c06c16d7cb17c0']",[],1.0,0ffee3ba8e615ad22535e7f771690a28,959bfcf87532cbff1253e80a4ee81308,,,8135.925499,10.0.2.15,49702,63.140.40.60,443,tcp,16.830221000000165,2868.0,3597.0,SF,True,False,0,ShADadTFf,13,3397,15,4201,ssl,0
8136.364647,CLKsXe4W3leIP8Vc48,10.0.2.15,49703,149.126.77.134,443,TLSv12,TLS_ECDHE_RSA_WITH_AES_256_GCM_SHA384,,profreg.medscape.com,True,True,CsiI,,,,1a5fe5677b0e4fbbc854e8908225637d,266bd998df907f9d5064d7f4c208b200,,,8136.1114,10.0.2.15,49703,149.126.77.134,443,tcp,122.114963,2518.0,582.0,SF,True,False,0,ShADadTTFfRr,23,3458,24,1546,ssl,0
8136.610942,Cm3UguJjXHvhHkVpa,10.0.2.15,49704,149.126.77.134,443,TLSv12,TLS_ECDHE_RSA_WITH_AES_256_GCM_SHA384,,profreg.medscape.com,True,True,CsiI,,,,1a5fe5677b0e4fbbc854e8908225637d,266bd998df907f9d5064d7f4c208b200,,,8136.122178,10.0.2.15,49704,149.126.77.134,443,tcp,122.18152000000008,2465.0,1426.0,SF,True,False,0,ShADadTTFfRr,22,3364,23,2350,ssl,0
8136.674064,CiaJBCFlMzJVKCsf9,10.0.2.15,49706,23.111.9.30,443,TLSv12,TLS_ECDHE_RSA_WITH_AES_128_GCM_SHA256,secp256r1,asset.pagefair.com,False,True,CsxknGIti,"['ae10e02cf02c9ca412fa82ecb3598aa529b426c5d50ed00f75c5d9f42db77551', 'b9f2164323638dce0b92218b43c41c1b2b2696389329db19f5cf7ad49b5cb372', '1a5174980a294a528a110726d5855650266c48d9883bea692b67b6d726da98c5']",[],1.0,0ffee3ba8e615ad22535e7f771690a28,8d2a028aa94425f76ced7826b1f39039,http/1.1,,8136.172373,10.0.2.15,49706,23.111.9.30,443,tcp,5.476259999999456,384.0,4908.0,SF,True,False,0,ShADadFf,11,832,13,5432,ssl,0
8136.84028,C1r7VBSxtpStxgqya,10.0.2.15,49708,23.111.11.222,443,TLSv12,TLS_ECDHE_RSA_WITH_AES_128_GCM_SHA256,secp256r1,asset.pagefair.net,False,True,CsxknGIti,"['ed8b36827d8bf7d471524d36def7e2d212f45a8e2b263143d3be400b6813055e', 'b9f2164323638dce0b92218b43c41c1b2b2696389329db19f5cf7ad49b5cb372', '1a5174980a294a528a110726d5855650266c48d9883bea692b67b6d726da98c5']",[],1.0,0ffee3ba8e615ad22535e7f771690a28,8d2a028aa94425f76ced7826b1f39039,http/1.1,,8136.224836,10.0.2.15,49708,23.111.11.222,443,tcp,6.472836999999345,384.0,4908.0,SF,True,False,0,ShADadFf,11,832,14,5472,ssl,0
8136.838341,CmqC1bWATGhccvyDk,10.0.2.15,49707,23.111.11.222,443,TLSv12,TLS_ECDHE_RSA_WITH_AES_128_GCM_SHA256,secp256r1,asset.pagefair.net,False,True,CsxknGIti,"['ed8b36827d8bf7d471524d36def7e2d212f45a8e2b263143d3be400b6813055e', 'b9f2164323638dce0b92218b43c41c1b2b2696389329db19f5cf7ad49b5cb372', '1a5174980a294a528a110726d5855650266c48d9883bea692b67b6d726da98c5']",[],1.0,0ffee3ba8e615ad22535e7f771690a28,8d2a028aa94425f76ced7826b1f39039,http/1.1,,8136.173597,10.0.2.15,49707,23.111.11.222,443,tcp,6.494160000000193,384.0,4908.0,SF,True,False,0,ShADadFf,11,832,14,5472,ssl,0
8136.652827,Cx5j9g2pra4KDMEHal,10.0.2.15,49705,46.228.164.13,443,TLSv12,TLS_RSA_WITH_AES_128_CBC_SHA,,d.turn.com,False,True,CsxnGIti,"['331de231c71d6e7597ac717a3ade18b10f51eea0ce4b3c9c75144a7b5ce9e2cf', '154c433c491929c5ef686e838e323664a00e6a0d822ccc958fb4dab03e49a08f']",[],1.0,0ffee3ba8e615ad22535e7f771690a28,7224c92f21d262b619e105efd1055cf7,,,8136.149511,10.0.2.15,49705,46.228.164.13,443,tcp,7.273576999999932,1046.0,3407.0,SF,True,False,0,ShADadfF,10,1454,11,3851,ssl,0
8137.099444,CR89aI3DrlqKnODSqb,10.0.2.15,49710,149.126.77.22,443,TLSv12,TLS_ECDHE_RSA_WITH_AES_256_GCM_SHA384,secp256r1,img.medscapestatic.com,False,True,CsxuknGIti,"['0b402f2c1763ba6a79e7b55023646a137b657ad05597b77591556e68e3f292c6', '19400be5b7a31fb733917700789d2f0a2471c0c9d506c0e504c06c16d7cb17c0', '7431e5f4c3c1ce4690774f0b61e05440883ba9a01ed00ba6abd7806ed3b118cf']",[],1.0,0ffee3ba8e615ad22535e7f771690a28,d53e4608f956df65bb2b8a8c4d3b025d,,,8136.276058,10.0.2.15,49710,149.126.77.22,443,tcp,121.98537300000044,863.0,27990.0,SF,True,False,0,ShADadTTFfRr,40,2482,59,30354,ssl,0
8137.102732,C3xnXp2UxmHoJuvXl,10.0.2.15,49712,149.126.77.22,443,TLSv12,TLS_ECDHE_RSA_WITH_AES_256_GCM_SHA384,secp256r1,img.medscapestatic.com,False,True,CsxuknGIti,"['0b402f2c1763ba6a79e7b55023646a137b657ad05597b77591556e68e3f292c6', '19400be5b7a31fb733917700789d2f0a2471c0c9d506c0e504c06c16d7cb17c0', '7431e5f4c3c1ce4690774f0b61e05440883ba9a01ed00ba6abd7806ed3b118cf']",[],1.0,0ffee3ba8e615ad22535e7f771690a28,d53e4608f956df65bb2b8a8c4d3b025d,,,8136.282303,10.0.2.15,49712,149.126.77.22,443,tcp,122.0147539999998,866.0,28585.0,SF,True,False,0,ShADadTTFRfr,40,2485,57,30869,ssl,0
8137.100667,CvAFWC2oc3hnYVthd2,10.0.2.15,49709,149.126.77.22,443,TLSv12,TLS_ECDHE_RSA_WITH_AES_256_GCM_SHA384,secp256r1,img.medscapestatic.com,False,True,CsxuknGIti,"['0b402f2c1763ba6a79e7b55023646a137b657ad05597b77591556e68e3f292c6', '19400be5b7a31fb733917700789d2f0a2471c0c9d506c0e504c06c16d7cb17c0', '7431e5f4c3c1ce4690774f0b61e05440883ba9a01ed00ba6abd7806ed3b118cf']",[],1.0,0ffee3ba8e615ad22535e7f771690a28,d53e4608f956df65bb2b8a8c4d3b025d,,,8136.275175,10.0.2.15,49709,149.126.77.22,443,tcp,122.02005100000042,861.0,28788.0,SF,True,False,0,ShADadTTFfRr,39,2440,57,31072,ssl,0
8137.501779,CwN5cCeVjKOZeYtuh,10.0.2.15,49719,149.126.77.134,443,TLSv12,TLS_ECDHE_RSA_WITH_AES_256_GCM_SHA384,,profreg.medscape.com,True,True,CsiI,,,,1a5fe5677b0e4fbbc854e8908225637d,266bd998df907f9d5064d7f4c208b200,,,8136.624765,10.0.2.15,49719,149.126.77.134,443,tcp,6.053900000000794,599.0,172.0,SF,True,False,0,ShADadFfRr,8,927,9,536,ssl,0
8137.444862,CHFWln3vY0bA5M6xcd,10.0.2.15,49717,149.126.77.22,443,TLSv12,TLS_ECDHE_RSA_WITH_AES_256_GCM_SHA384,secp256r1,img.medscapestatic.com,False,True,CsxuknGIti,"['0b402f2c1763ba6a79e7b55023646a137b657ad05597b77591556e68e3f292c6', '19400be5b7a31fb733917700789d2f0a2471c0c9d506c0e504c06c16d7cb17c0', '7431e5f4c3c1ce4690774f0b61e05440883ba9a01ed00ba6abd7806ed3b118cf']",[],1.0,0ffee3ba8e615ad22535e7f771690a28,d53e4608f956df65bb2b8a8c4d3b025d,,,8136.541743,10.0.2.15,49717,149.126.77.22,443,tcp,6.153635000000577,356.0,5409.0,RSTO,True,False,0,ShADadFR,11,804,13,5933,ssl,0
8137.44773,CNVsAz3eYGiQFvuRhe,10.0.2.15,49715,149.126.77.22,443,TLSv12,TLS_ECDHE_RSA_WITH_AES_256_GCM_SHA384,secp256r1,img.medscapestatic.com,False,True,CsxuknGIti,"['0b402f2c1763ba6a79e7b55023646a137b657ad05597b77591556e68e3f292c6', '19400be5b7a31fb733917700789d2f0a2471c0c9d506c0e504c06c16d7cb17c0', '7431e5f4c3c1ce4690774f0b61e05440883ba9a01ed00ba6abd7806ed3b118cf']",[],1.0,0ffee3ba8e615ad22535e7f771690a28,d53e4608f956df65bb2b8a8c4d3b025d,,,8136.529472,10.0.2.15,49715,149.126.77.22,443,tcp,6.168181999999433,356.0,5409.0,SF,True,False,0,ShADadFfRr,12,844,14,5973,ssl,0
8137.448346,C0AD4lomG71Z0BUXa,10.0.2.15,49714,46.228.164.13,443,TLSv12,TLS_RSA_WITH_AES_128_CBC_SHA,,d.turn.com,False,True,CsxnGIti,"['331de231c71d6e7597ac717a3ade18b10f51eea0ce4b3c9c75144a7b5ce9e2cf', '154c433c491929c5ef686e838e323664a00e6a0d822ccc958fb4dab03e49a08f']",[],1.0,0ffee3ba8e615ad22535e7f771690a28,7224c92f21d262b619e105efd1055cf7,,,8136.469947,10.0.2.15,49714,46.228.164.13,443,tcp,6.193365000000085,561.0,3151.0,SF,True,False,0,ShADadfF,8,889,9,3515,ssl,0
8137.449263,CcRE6h11d7pktstwhh,10.0.2.15,49716,149.126.77.22,443,TLSv12,TLS_ECDHE_RSA_WITH_AES_256_GCM_SHA384,secp256r1,img.medscapestatic.com,False,True,CsxuknGIti,"['0b402f2c1763ba6a79e7b55023646a137b657ad05597b77591556e68e3f292c6', '19400be5b7a31fb733917700789d2f0a2471c0c9d506c0e504c06c16d7cb17c0', '7431e5f4c3c1ce4690774f0b61e05440883ba9a01ed00ba6abd7806ed3b118cf']",[],1.0,0ffee3ba8e615ad22535e7f771690a28,d53e4608f956df65bb2b8a8c4d3b025d,,,8136.53001,10.0.2.15,49716,149.126.77.22,443,tcp,6.167598999999427,356.0,5409.0,SF,True,False,0,ShADadFfRr,12,844,14,5973,ssl,0
8137.500231,CvvKRU3ZLPGD8H6uQg,10.0.2.15,49713,149.126.77.134,443,TLSv12,TLS_ECDHE_RSA_WITH_AES_256_GCM_SHA384,,profreg.medscape.com,True,True,CsiI,,,,1a5fe5677b0e4fbbc854e8908225637d,266bd998df907f9d5064d7f4c208b200,,,8136.368931,10.0.2.15,49713,149.126.77.134,443,tcp,6.325915999999779,599.0,172.0,SF,True,False,0,ShADadFfRr,9,967,9,536,ssl,0
8137.450152,CDBmWK1npO8di6Vmv1,10.0.2.15,49718,149.126.77.22,443,TLSv12,TLS_ECDHE_RSA_WITH_AES_256_GCM_SHA384,secp256r1,img.medscapestatic.com,False,True,CsxuknGIti,"['0b402f2c1763ba6a79e7b55023646a137b657ad05597b77591556e68e3f292c6', '19400be5b7a31fb733917700789d2f0a2471c0c9d506c0e504c06c16d7cb17c0', '7431e5f4c3c1ce4690774f0b61e05440883ba9a01ed00ba6abd7806ed3b118cf']",[],1.0,0ffee3ba8e615ad22535e7f771690a28,d53e4608f956df65bb2b8a8c4d3b025d,,,8136.542229,10.0.2.15,49718,149.126.77.22,443,tcp,6.1332820000006905,356.0,5409.0,SF,True,False,0,ShADadFfRr,12,844,15,6013,ssl,0
8137.101765,Cdr5692Zl9C61neLmg,10.0.2.15,49711,149.126.77.22,443,TLSv12,TLS_ECDHE_RSA_WITH_AES_256_GCM_SHA384,secp256r1,img.medscapestatic.com,False,True,CsxuknGIti,"['0b402f2c1763ba6a79e7b55023646a137b657ad05597b77591556e68e3f292c6', '19400be5b7a31fb733917700789d2f0a2471c0c9d506c0e504c06c16d7cb17c0', '7431e5f4c3c1ce4690774f0b61e05440883ba9a01ed00ba6abd7806ed3b118cf']",[],1.0,0ffee3ba8e615ad22535e7f771690a28,d53e4608f956df65bb2b8a8c4d3b025d,,,8136.280252,10.0.2.15,49711,149.126.77.22,443,tcp,121.9499020000012,859.0,28791.0,SF,True,False,0,ShADadTTFfRr,41,2518,60,31195,ssl,0
8137.503809,CtxRUoCanDzQMnw6g,10.0.2.15,49720,46.228.164.13,443,TLSv12,TLS_RSA_WITH_AES_128_CBC_SHA,,d.turn.com,False,True,CsxnGIti,"['331de231c71d6e7597ac717a3ade18b10f51eea0ce4b3c9c75144a7b5ce9e2cf', '154c433c491929c5ef686e838e323664a00e6a0d822ccc958fb4dab03e49a08f']",[],1.0,0ffee3ba8e615ad22535e7f771690a28,7224c92f21d262b619e105efd1055cf7,,,8136.841208,10.0.2.15,49720,46.228.164.13,443,tcp,5.8209029999998165,561.0,3151.0,SF,True,False,0,ShADadfF,9,929,11,3595,ssl,0
8140.133783,CNrixUeTpo7R2Wntd,10.0.2.15,49729,172.217.23.227,443,TLSv12,TLS_ECDHE_RSA_WITH_AES_128_GCM_SHA256,,www.google.cz,True,True,CsiI,,,,1a5fe5677b0e4fbbc854e8908225637d,67619a80665d7ab92d1041b1d11f9164,h2,,8139.525148,10.0.2.15,49729,172.217.23.227,443,tcp,308.04615400000057,3786.0,1603.0,SF,True,False,0,ShADadFf,25,4794,28,2727,ssl,0
8140.137994,C0dJkbicyNVdxT9pg,10.0.2.15,49725,52.87.148.162,443,TLSv12,TLS_ECDHE_RSA_WITH_AES_128_GCM_SHA256,secp256r1,stats.pagefair.com,False,True,CsxknGIi,"['ae10e02cf02c9ca412fa82ecb3598aa529b426c5d50ed00f75c5d9f42db77551', 'b9f2164323638dce0b92218b43c41c1b2b2696389329db19f5cf7ad49b5cb372', '1a5174980a294a528a110726d5855650266c48d9883bea692b67b6d726da98c5']",[],1.0,0ffee3ba8e615ad22535e7f771690a28,303951d4c50efb2e991652225a6f02b1,,,8139.522195,10.0.2.15,49725,52.87.148.162,443,tcp,62.41610000000037,929.0,5284.0,SF,True,False,0,ShADadTFf,18,1663,21,6128,ssl,0
8140.13853,CZvaC6adJ2YnSmSZe,10.0.2.15,49723,52.87.148.162,443,TLSv12,TLS_ECDHE_RSA_WITH_AES_128_GCM_SHA256,secp256r1,stats.pagefair.com,False,True,CsxknGIi,"['ae10e02cf02c9ca412fa82ecb3598aa529b426c5d50ed00f75c5d9f42db77551', 'b9f2164323638dce0b92218b43c41c1b2b2696389329db19f5cf7ad49b5cb372', '1a5174980a294a528a110726d5855650266c48d9883bea692b67b6d726da98c5']",[],1.0,0ffee3ba8e615ad22535e7f771690a28,303951d4c50efb2e991652225a6f02b1,,,8139.520753,10.0.2.15,49723,52.87.148.162,443,tcp,6.272488999999951,384.0,4745.0,SF,True,False,0,ShADadFfRr,12,872,15,5349,ssl,0
8184.295502,CpyqKh4s86J6wOxIl1,10.0.2.15,49730,54.192.93.228,443,TLSv12,TLS_ECDHE_RSA_WITH_AES_128_GCM_SHA256,,minecraft.net,True,True,CsiI,,,,1a5fe5677b0e4fbbc854e8908225637d,d199ba0af2b08e204c73d6d81a1fd260,http/1.1,,8184.234947,10.0.2.15,49730,54.192.93.228,443,tcp,39.33781999999974,7643.0,161098.0,RSTR,True,False,0,ShADadTFRRrR,78,10774,179,168262,ssl,0
8184.416075,C677qt269Wnzo8al5k,10.0.2.15,49731,54.192.93.228,443,TLSv12,TLS_ECDHE_RSA_WITH_AES_128_GCM_SHA256,,minecraft.net,True,True,CsiI,,,,1a5fe5677b0e4fbbc854e8908225637d,d199ba0af2b08e204c73d6d81a1fd260,http/1.1,,8184.242841,10.0.2.15,49731,54.192.93.228,443,tcp,39.885638000000654,6050.0,84931.0,RSTO,True,False,0,ShADadTFR,53,8181,105,89135,ssl,0
8184.545914,CWMsig1pR3dB3I4oPi,10.0.2.15,49732,54.192.93.228,443,TLSv12,TLS_ECDHE_RSA_WITH_AES_128_GCM_SHA256,,minecraft.net,True,True,CsiI,,,,1a5fe5677b0e4fbbc854e8908225637d,d199ba0af2b08e204c73d6d81a1fd260,http/1.1,,8184.245189,10.0.2.15,49732,54.192.93.228,443,tcp,39.34028599999965,7628.0,297601.0,RSTR,True,False,0,ShADadTRr,134,12998,329,310765,ssl,0
8184.737553,CEJI6x3LX3IWOgvJ4g,10.0.2.15,49734,54.192.93.228,443,TLSv12,TLS_ECDHE_RSA_WITH_AES_128_GCM_SHA256,,minecraft.net,True,True,CsiI,,,,1a5fe5677b0e4fbbc854e8908225637d,d199ba0af2b08e204c73d6d81a1fd260,http/1.1,,8184.248724,10.0.2.15,49734,54.192.93.228,443,tcp,39.58628699999917,8394.0,688133.0,RSTR,True,False,0,ShADadWTRr,250,18404,700,716137,ssl,0
8184.738213,CgvYse2ilm6OazJO2k,10.0.2.15,49733,54.192.93.228,443,TLSv12,TLS_ECDHE_RSA_WITH_AES_128_GCM_SHA256,,minecraft.net,True,True,CsiI,,,,1a5fe5677b0e4fbbc854e8908225637d,d199ba0af2b08e204c73d6d81a1fd260,http/1.1,,8184.246937,10.0.2.15,49733,54.192.93.228,443,tcp,39.36418500000036,5320.0,102115.0,RSTR,True,False,0,ShADadTFRr,69,8091,130,107319,ssl,0
8184.885155,CyqkZ413p3KNceUnok,10.0.2.15,49735,35.157.176.124,443,TLSv12,TLS_ECDHE_RSA_WITH_AES_128_GCM_SHA256,secp256r1,nexus.ensighten.com,False,True,CsxuknGIti,"['5fb5994638f535624889e2aa6260f51577963498d17ec00206936fa84169d21f', 'e0898ad662474b9f753c79bea878031c9a5d634a49edd6310b960ab023c02c0e']",[],1.0,1a5fe5677b0e4fbbc854e8908225637d,0c0aff9ccea5e7e1de5c3a0069d103f3,,,8184.629149,10.0.2.15,49735,35.157.176.124,443,tcp,17.718628999999055,1119.0,5649.0,SF,True,False,0,ShADadTfF,13,1648,14,6213,ssl,0
8187.234807,CNVvgV2bfOOGRCGNbe,10.0.2.15,49736,52.207.117.208,443,TLSv12,TLS_ECDHE_RSA_WITH_AES_128_GCM_SHA256,secp256r1,logx.optimizely.com,False,True,CsxknGIi,"['121e4a8079d4afed2206030ff5d65362176fc4cf1d6cdc37d83304cf705a5212', '19400be5b7a31fb733917700789d2f0a2471c0c9d506c0e504c06c16d7cb17c0']",[],1.0,0ffee3ba8e615ad22535e7f771690a28,303951d4c50efb2e991652225a6f02b1,,,8187.099954,10.0.2.15,49736,52.207.117.208,443,tcp,36.16645899999912,3652.0,4273.0,SF,True,False,0,ShADadTFfRr,18,4382,20,5077,ssl,0
8187.547523,Cybj791ukMCZ7QImQg,10.0.2.15,49737,52.207.117.208,443,TLSv12,TLS_ECDHE_RSA_WITH_AES_128_GCM_SHA256,secp256r1,logx.optimizely.com,False,True,CsxknGIi,"['121e4a8079d4afed2206030ff5d65362176fc4cf1d6cdc37d83304cf705a5212', '19400be5b7a31fb733917700789d2f0a2471c0c9d506c0e504c06c16d7cb17c0']",[],1.0,0ffee3ba8e615ad22535e7f771690a28,303951d4c50efb2e991652225a6f02b1,,,8187.24025,10.0.2.15,49737,52.207.117.208,443,tcp,7.006656000000476,353.0,3148.0,RSTO,True,False,0,ShADadFR,10,761,11,3592,ssl,0
8194.304104,CQXfZq1zqARPizqtz7,10.0.2.15,49741,172.217.23.230,443,TLSv12,TLS_ECDHE_RSA_WITH_AES_128_GCM_SHA256,,static.doubleclick.net,True,True,CsiI,,,,1a5fe5677b0e4fbbc854e8908225637d,67619a80665d7ab92d1041b1d11f9164,h2,,8194.120685,10.0.2.15,49741,172.217.23.230,443,tcp,250.45130600000084,2372.0,1766.0,SF,True,False,0,ShADadFf,29,3540,32,3050,ssl,0
8195.907453,CYfA1W23pT1FRi36ik,10.0.2.15,49742,207.46.194.10,443,TLSv12,TLS_ECDHE_RSA_WITH_AES_256_CBC_SHA,secp256r1,c1.microsoft.com,False,True,CsxknGIi,"['14a9d5ba86f31a422720764e677d7d9fa838fbbc29d48aec40d84169ec0c9405', '2399983e99703ebd01cea466c10799810c4ba62a8d61b88170a334dcd61bb20f']",[],1.0,0ffee3ba8e615ad22535e7f771690a28,96c9f2048f1e949c8bb9ad97c36c9eea,,,8195.835599,10.0.2.15,49742,207.46.194.10,443,tcp,59.546236000000135,1729.0,4519.0,SF,True,False,0,ShADadTfF,17,2422,18,5243,ssl,0
8202.170929,Cnq9TJoFgjih3jqFd,10.0.2.15,49744,54.192.93.102,443,TLSv12,TLS_ECDHE_RSA_WITH_AES_128_GCM_SHA256,secp256r1,www.truecar.com,False,True,CsxuknGIti,"['42242dbdd7bf2cae63be2b2186296ee8ebf1cd6236cd2c29ac9a56deef02cb3c', 'f55f9ffcb83c73453261601c7e044db15a0f034b93c05830f28635ef889cf670', '87dcd4dc74640a322cd205552506d1be64f12596258096544986b4850bc72706', '28689b30e4c306aab53b027b29e36ad6dd1dcf4b953994482ca84bdc1ecac996']",[],1.0,0ffee3ba8e615ad22535e7f771690a28,76cc3e2d3028143b23ec18e27dbd7ca9,h2,,8202.140837,10.0.2.15,49744,54.192.93.102,443,tcp,246.7970499999992,1894.0,45294.0,SF,True,False,0,ShADadFf,30,3102,59,47658,ssl,0
8203.275515,CmHz0A1g8dBOjN3bd7,10.0.2.15,49745,63.140.40.60,443,TLSv12,TLS_ECDHE_RSA_WITH_AES_256_GCM_SHA384,,ssl.o.webmd.com,True,True,CsiI,,,,0ffee3ba8e615ad22535e7f771690a28,959bfcf87532cbff1253e80a4ee81308,,,8203.232584,10.0.2.15,49745,63.140.40.60,443,tcp,23.520292000001064,2582.0,681.0,SF,True,False,0,ShADadTFf,13,3112,12,1165,ssl,0
8203.686798,Cehkrn24Uk2iSgUU5k,10.0.2.15,49749,68.232.35.180,443,TLSv12,TLS_ECDHE_RSA_WITH_AES_128_GCM_SHA256,secp256r1,tags.tiqcdn.com,False,True,CsxuknGIti,"['e9833ec9415ec4381e97b13a6a575b5ebe604ba96ebe8484d5edd67608a492ca', '19400be5b7a31fb733917700789d2f0a2471c0c9d506c0e504c06c16d7cb17c0', '7431e5f4c3c1ce4690774f0b61e05440883ba9a01ed00ba6abd7806ed3b118cf']",[],1.0,0ffee3ba8e615ad22535e7f771690a28,49b45fc1ab090aa3a159778313fc9b9e,h2,,8203.650506,10.0.2.15,49749,68.232.35.180,443,tcp,209.69913500000075,1338.0,22270.0,SF,True,False,0,ShADadfF,27,2426,42,23954,ssl,0
8204.199958,CXhGlip8fGMtQssvh,10.0.2.15,49748,66.172.31.150,443,TLSv12,TLS_ECDHE_RSA_WITH_AES_128_GCM_SHA256,secp256r1,a.tcimg.net,False,True,CsxknGIti,"['de330bcb48814dd852841bbc783a6afb3780d570c889ca396a9546d8f2569f3e', 'b7a8af2a4a43f0a86b15604de6461209c9cd76894d8b0748bc99d9a797013bb0']",[],1.0,0ffee3ba8e615ad22535e7f771690a28,389ed42c02ebecc32e73aa31def07e14,,,8203.64976,10.0.2.15,49748,66.172.31.150,443,tcp,353.3718829999998,5753.0,318976.0,SF,True,False,0,ShADadTTfF,124,10751,291,330620,ssl,0
8204.191358,CUiAgv2lET1DOk7ZD7,10.0.2.15,49747,66.172.31.150,443,TLSv12,TLS_ECDHE_RSA_WITH_AES_128_GCM_SHA256,secp256r1,a.tcimg.net,False,True,CsxknGIti,"['de330bcb48814dd852841bbc783a6afb3780d570c889ca396a9546d8f2569f3e', 'b7a8af2a4a43f0a86b15604de6461209c9cd76894d8b0748bc99d9a797013bb0']",[],1.0,0ffee3ba8e615ad22535e7f771690a28,389ed42c02ebecc32e73aa31def07e14,,,8203.649292,10.0.2.15,49747,66.172.31.150,443,tcp,354.2853469999991,5756.0,450879.0,SF,True,False,0,ShADadTTfF,152,11874,384,466243,ssl,0
8204.193054,CD1OW1vQk8tlWg62j,10.0.2.15,49746,66.172.31.150,443,TLSv12,TLS_ECDHE_RSA_WITH_AES_128_GCM_SHA256,secp256r1,a.tcimg.net,False,True,CsxknGIti,"['de330bcb48814dd852841bbc783a6afb3780d570c889ca396a9546d8f2569f3e', 'b7a8af2a4a43f0a86b15604de6461209c9cd76894d8b0748bc99d9a797013bb0']",[],1.0,0ffee3ba8e615ad22535e7f771690a28,389ed42c02ebecc32e73aa31def07e14,,,8203.64298,10.0.2.15,49746,66.172.31.150,443,tcp,42.16944599999988,4225.0,134903.0,SF,True,False,0,ShADadFf,48,6153,121,139747,ssl,0
8204.197017,CpbYQF3lximj4rwSl4,10.0.2.15,49751,66.172.31.150,443,TLSv12,TLS_ECDHE_RSA_WITH_AES_128_GCM_SHA256,secp256r1,a.tcimg.net,False,True,CsxknGIti,"['de330bcb48814dd852841bbc783a6afb3780d570c889ca396a9546d8f2569f3e', 'b7a8af2a4a43f0a86b15604de6461209c9cd76894d8b0748bc99d9a797013bb0']",[],1.0,0ffee3ba8e615ad22535e7f771690a28,389ed42c02ebecc32e73aa31def07e14,,,8203.652407,10.0.2.15,49751,66.172.31.150,443,tcp,354.25740100000075,5335.0,188757.0,SF,True,False,0,ShADadTTfF,104,9533,195,196561,ssl,0
8204.198892,CQIHI71NqXshycBRi7,10.0.2.15,49750,66.172.31.150,443,TLSv12,TLS_ECDHE_RSA_WITH_AES_128_GCM_SHA256,secp256r1,a.tcimg.net,False,True,CsxknGIti,"['de330bcb48814dd852841bbc783a6afb3780d570c889ca396a9546d8f2569f3e', 'b7a8af2a4a43f0a86b15604de6461209c9cd76894d8b0748bc99d9a797013bb0']",[],1.0,0ffee3ba8e615ad22535e7f771690a28,389ed42c02ebecc32e73aa31def07e14,,,8203.651505,10.0.2.15,49750,66.172.31.150,443,tcp,42.15591200000017,4648.0,181539.0,SF,True,False,0,ShADadFf,61,7096,157,187823,ssl,0
8205.473575,CMH9kz4kwK6DfW2Ti6,10.0.2.15,49752,66.172.31.150,443,TLSv12,TLS_ECDHE_RSA_WITH_AES_128_GCM_SHA256,secp256r1,a.tcimg.net,False,True,CsxknGIti,"['de330bcb48814dd852841bbc783a6afb3780d570c889ca396a9546d8f2569f3e', 'b7a8af2a4a43f0a86b15604de6461209c9cd76894d8b0748bc99d9a797013bb0']",[],1.0,0ffee3ba8e615ad22535e7f771690a28,389ed42c02ebecc32e73aa31def07e14,,,8205.047805,10.0.2.15,49752,66.172.31.150,443,tcp,352.87736399999994,5627.0,78036.0,SF,True,False,0,ShADadTTfF,76,8705,117,82720,ssl,0
8205.691502,Crf6yv3BkhcfzQSxlh,10.0.2.15,49754,94.31.6.166,443,TLSv12,TLS_ECDHE_RSA_WITH_AES_256_GCM_SHA384,secp256r1,p.adsymptotic.com,False,True,CsxknGIti,"['f95697b82e0f1b3a898790255e2557e3b00c96208989e8036037f5c3cdf041d8', '154c433c491929c5ef686e838e323664a00e6a0d822ccc958fb4dab03e49a08f', '4348a0e9444c78cb265e058d5e8944b4d84f9662bd26db257f8934a443c70161']",[],1.0,0ffee3ba8e615ad22535e7f771690a28,758945630046fd37070521b8544d1fe8,,,8205.479906,10.0.2.15,49754,94.31.6.166,443,tcp,9.796913000000131,769.0,4728.0,SF,True,False,0,ShADadfF,11,1217,13,5252,ssl,0
8208.218682,CceWsc2fNTO8APHzeg,10.0.2.15,49762,172.217.23.238,443,TLSv12,TLS_ECDHE_ECDSA_WITH_AES_128_GCM_SHA256,x25519,youtubei.youtube.com,False,True,CsxknGIti,"['11ddd329046367c19b32ffdb02ed308de129de4d6ffcf95856d7bd6a7accfba9', '9f630426df1d8abfd80ace98871ba833ab9742cb34838de2b5285ed54c0c7dcc', '3c35cc963eb004451323d3275d05b353235053490d9cd83729a2faf5e7ca1cc0']",[],1.0,0ffee3ba8e615ad22535e7f771690a28,84480cf8cf0e732666092640e581e1a5,h2,,8207.726449,10.0.2.15,49762,172.217.23.238,443,tcp,222.5545660000007,1344.0,5110.0,SF,True,False,0,ShADadFf,25,2352,28,6234,ssl,0
8208.225371,CbJjgP1HZ1MJixXYk9,10.0.2.15,49761,172.217.23.238,443,TLSv12,TLS_ECDHE_ECDSA_WITH_AES_128_GCM_SHA256,x25519,youtubei.youtube.com,False,True,CsxknGIti,"['11ddd329046367c19b32ffdb02ed308de129de4d6ffcf95856d7bd6a7accfba9', '9f630426df1d8abfd80ace98871ba833ab9742cb34838de2b5285ed54c0c7dcc', '3c35cc963eb004451323d3275d05b353235053490d9cd83729a2faf5e7ca1cc0']",[],1.0,0ffee3ba8e615ad22535e7f771690a28,84480cf8cf0e732666092640e581e1a5,h2,,8207.725625,10.0.2.15,49761,172.217.23.238,443,tcp,6.616057000001092,533.0,4423.0,SF,True,False,0,ShADadFf,12,1021,13,4947,ssl,0
8205.917055,CUxzE71GO6Kb4L1GU4,10.0.2.15,49753,185.57.60.185,443,TLSv12,TLS_ECDHE_ECDSA_WITH_AES_256_GCM_SHA384,secp256r1,tapestry.tapad.com,False,True,CsxknGIti,"['2e07c3eefcc0f914e58014ebb73641b122d04bc44d3fa4319f90ab3d10159da4', '93a07898d89b2cca166ba6f1f8a14138ce43828e491b831926bc8247d391cc72', '9f43d52e808c20aff69e02faac205aac684e6975213d6620fac64bde5fcab4bc', '1465fa205397b876faa6f0a9958e5590e40fcc7faa4fb7c2c8677521fb5fb658', '2e2861289b5ccedecae4c31bf262e0fb0c29b6c1530573442731ca65d821e901']",[],1.0,0ffee3ba8e615ad22535e7f771690a28,5590a2023cffab2c8ace569bfb23fab1,,,8205.478223,10.0.2.15,49753,185.57.60.185,443,tcp,9.950220000000629,777.0,7190.0,SF,True,False,0,ShADadfF,12,1265,15,7794,ssl,0
8226.201278,CLWjhT19RYv85856Fi,10.0.2.15,49767,35.157.176.124,443,TLSv12,TLS_ECDHE_RSA_WITH_AES_128_GCM_SHA256,secp256r1,nexus.ensighten.com,False,True,CsxuknGIti,"['5fb5994638f535624889e2aa6260f51577963498d17ec00206936fa84169d21f', 'e0898ad662474b9f753c79bea878031c9a5d634a49edd6310b960ab023c02c0e']",[],1.0,1a5fe5677b0e4fbbc854e8908225637d,0c0aff9ccea5e7e1de5c3a0069d103f3,,,8225.794518,10.0.2.15,49767,35.157.176.124,443,tcp,8.45944099999906,674.0,5022.0,SF,True,False,0,ShADadFf,10,1082,12,5506,ssl,0
8226.196802,CsmB8j2NZtQHE5i0n3,10.0.2.15,49768,172.217.23.232,443,TLSv12,TLS_ECDHE_RSA_WITH_AES_128_GCM_SHA256,x25519,ssl.google-analytics.com,False,True,CsxknGIti,"['31ed45c3400fc5f9a84dfaa0a6f6171369876ed4e2da669ee7f8edbe3593bf6b', '9f630426df1d8abfd80ace98871ba833ab9742cb34838de2b5285ed54c0c7dcc', '3c35cc963eb004451323d3275d05b353235053490d9cd83729a2faf5e7ca1cc0']",[],1.0,0ffee3ba8e615ad22535e7f771690a28,ab41313cfec25328b20865eb1388e0a2,h2,,8225.796516,10.0.2.15,49768,172.217.23.232,443,tcp,214.76661799999965,1907.0,5216.0,SF,True,False,0,ShADadFf,23,2835,24,6180,ssl,0
8226.193667,CxuPM9nRJo4J3R8w3,10.0.2.15,49769,66.172.31.150,443,TLSv12,TLS_ECDHE_RSA_WITH_AES_128_GCM_SHA256,secp256r1,a.tcimg.net,False,True,CsxknGIti,"['de330bcb48814dd852841bbc783a6afb3780d570c889ca396a9546d8f2569f3e', 'b7a8af2a4a43f0a86b15604de6461209c9cd76894d8b0748bc99d9a797013bb0']",[],1.0,0ffee3ba8e615ad22535e7f771690a28,389ed42c02ebecc32e73aa31def07e14,,,8225.798338,10.0.2.15,49769,66.172.31.150,443,tcp,313.54710499999965,777.0,70213.0,SF,True,False,0,ShADadTTfF,54,2975,90,73817,ssl,0
8227.841384,CsGgDL2BE2oGjhQOpc,10.0.2.15,49770,66.172.31.150,443,TLSv12,TLS_ECDHE_RSA_WITH_AES_128_GCM_SHA256,secp256r1,a.tcimg.net,False,True,CsxknGIti,"['de330bcb48814dd852841bbc783a6afb3780d570c889ca396a9546d8f2569f3e', 'b7a8af2a4a43f0a86b15604de6461209c9cd76894d8b0748bc99d9a797013bb0']",[],1.0,0ffee3ba8e615ad22535e7f771690a28,389ed42c02ebecc32e73aa31def07e14,,,8226.204383,10.0.2.15,49770,66.172.31.150,443,tcp,9.40176799999972,345.0,3560.0,SF,True,False,0,ShADadFf,9,713,10,3964,ssl,0
8230.243866,C2zn4S2qyeMrUj0ome,10.0.2.15,49771,52.207.117.208,443,TLSv12,TLS_ECDHE_RSA_WITH_AES_128_GCM_SHA256,,logx.optimizely.com,True,True,CsiI,,,,0ffee3ba8e615ad22535e7f771690a28,303951d4c50efb2e991652225a6f02b1,,,8229.437017,10.0.2.15,49771,52.207.117.208,443,tcp,16.91646799999944,6800.0,1457.0,RSTO,True,False,0,ShADadTFR,17,7489,17,2141,ssl,0
8234.674686,CGOJTF4MKUkZQlW1Fi,10.0.2.15,49773,95.100.191.4,443,TLSv12,TLS_ECDHE_RSA_WITH_AES_256_GCM_SHA384,,sb.scorecardresearch.com,True,True,CsiI,,,,1a5fe5677b0e4fbbc854e8908225637d,410b9bedaf65dd26c6fe547154d60db4,http/1.1,,8233.077423,10.0.2.15,49773,95.100.191.4,443,tcp,141.35910499999954,1786.0,737.0,RSTO,True,False,0,ShADadTTFR,25,2807,24,1701,ssl,0
8234.675993,CJG7xW2KhehhUw5qU6,10.0.2.15,49775,172.217.23.230,443,TLSv12,TLS_ECDHE_RSA_WITH_AES_128_GCM_SHA256,,ad.doubleclick.net,True,True,CsiI,,,,1a5fe5677b0e4fbbc854e8908225637d,67619a80665d7ab92d1041b1d11f9164,h2,,8233.091023,10.0.2.15,49775,172.217.23.230,443,tcp,2.380840999998327,779.0,292.0,RSTR,True,False,0,ShADadRr,10,1187,9,656,ssl,0
8234.921629,Cyz6me1QGWtMHXWGR7,10.0.2.15,49776,172.217.23.230,443,TLSv12,TLS_ECDHE_RSA_WITH_AES_128_GCM_SHA256,,ad.doubleclick.net,True,True,CsiI,,,,1a5fe5677b0e4fbbc854e8908225637d,67619a80665d7ab92d1041b1d11f9164,h2,,8233.09171,10.0.2.15,49776,172.217.23.230,443,tcp,2.3785319999988133,779.0,292.0,RSTR,True,False,0,ShADadFRr,11,1227,10,696,ssl,0
8235.223534,CdSNRdbXYlPMqvn53,10.0.2.15,49778,52.207.117.208,443,TLSv12,TLS_ECDHE_RSA_WITH_AES_128_GCM_SHA256,,logx.optimizely.com,True,True,CsiI,,,,0ffee3ba8e615ad22535e7f771690a28,303951d4c50efb2e991652225a6f02b1,,,8233.594008,10.0.2.15,49778,52.207.117.208,443,tcp,7.848598000000493,310.0,176.0,SF,True,False,0,ShADadFfRr,8,638,9,540,ssl,0
8235.182682,C7puW81vXJVCZBa5gb,10.0.2.15,49783,172.217.23.237,443,TLSv12,TLS_ECDHE_RSA_WITH_AES_128_GCM_SHA256,,accounts.google.com,True,True,CsiI,,,,1a5fe5677b0e4fbbc854e8908225637d,67619a80665d7ab92d1041b1d11f9164,h2,,8234.004025,10.0.2.15,49783,172.217.23.237,443,tcp,189.57938400000057,1645.0,1191.0,SF,True,False,0,ShADadFf,20,2453,22,2075,ssl,0
8235.189967,Cq4CEB3HE4LcV9ZLfa,10.0.2.15,49782,54.192.94.56,443,TLSv12,TLS_ECDHE_RSA_WITH_AES_128_GCM_SHA256,,api.mojang.com,True,True,CsiI,,,,1a5fe5677b0e4fbbc854e8908225637d,d199ba0af2b08e204c73d6d81a1fd260,http/1.1,,8233.604551,10.0.2.15,49782,54.192.94.56,443,tcp,122.99751900000048,951.0,938.0,SF,True,False,0,ShADadTTfF,20,1770,20,1742,ssl,0
8235.201521,Cg0P674DehmO4l9pQi,10.0.2.15,49781,52.207.117.208,443,TLSv12,TLS_ECDHE_RSA_WITH_AES_128_GCM_SHA256,,logx.optimizely.com,True,True,CsiI,,,,0ffee3ba8e615ad22535e7f771690a28,303951d4c50efb2e991652225a6f02b1,,,8233.602277,10.0.2.15,49781,52.207.117.208,443,tcp,81.51265899999999,3983.0,1305.0,SF,True,False,0,ShADadTFf,20,4798,21,2149,ssl,0
8235.221877,CsTQ9y2nOlxXblOJI4,10.0.2.15,49780,52.207.117.208,443,TLSv12,TLS_ECDHE_RSA_WITH_AES_128_GCM_SHA256,,logx.optimizely.com,True,True,CsiI,,,,0ffee3ba8e615ad22535e7f771690a28,303951d4c50efb2e991652225a6f02b1,,,8233.600913,10.0.2.15,49780,52.207.117.208,443,tcp,86.31874400000015,4250.0,1305.0,SF,True,False,0,ShADadTFf,21,5105,22,2189,ssl,0
8235.222862,CgK5aN2bqOvAMVhYUg,10.0.2.15,49779,52.207.117.208,443,TLSv12,TLS_ECDHE_RSA_WITH_AES_128_GCM_SHA256,,logx.optimizely.com,True,True,CsiI,,,,0ffee3ba8e615ad22535e7f771690a28,303951d4c50efb2e991652225a6f02b1,,,8233.595644,10.0.2.15,49779,52.207.117.208,443,tcp,80.44043799999963,4118.0,832.0,SF,True,False,0,ShADadTFf,20,4933,20,1636,ssl,0
8236.646686,C15aag45oFhzReE1H8,10.0.2.15,49772,52.207.117.208,443,TLSv12,TLS_ECDHE_RSA_WITH_AES_128_GCM_SHA256,,logx.optimizely.com,True,True,CsiI,,,,0ffee3ba8e615ad22535e7f771690a28,303951d4c50efb2e991652225a6f02b1,,,8232.667684,10.0.2.15,49772,52.207.117.208,443,tcp,11.043013000000428,310.0,176.0,SF,True,False,0,ShADadFfRr,10,726,9,540,ssl,0
8236.646071,COkvvR2mR2CvDtV2s,10.0.2.15,49784,172.217.23.230,443,TLSv12,TLS_ECDHE_RSA_WITH_AES_128_GCM_SHA256,x25519,4189459.fls.doubleclick.net,False,True,CsxknGIti,"['378a6c73f6dec1c6bc563fa8eda92c3e9ce61b893db7685686c41f33ab89931c', '9f630426df1d8abfd80ace98871ba833ab9742cb34838de2b5285ed54c0c7dcc', '3c35cc963eb004451323d3275d05b353235053490d9cd83729a2faf5e7ca1cc0']",[],1.0,0ffee3ba8e615ad22535e7f771690a28,ab41313cfec25328b20865eb1388e0a2,h2,,8235.472558,10.0.2.15,49784,172.217.23.230,443,tcp,8.156903000000966,508.0,4120.0,SF,True,False,0,ShADadFRfr,12,996,15,4724,ssl,0
8244.69559,CWrl8q2GKK4Vo6llD5,10.0.2.15,49785,74.125.206.157,443,TLSv12,TLS_ECDHE_RSA_WITH_AES_128_GCM_SHA256,,stats.g.doubleclick.net,True,True,CsiI,,,,1a5fe5677b0e4fbbc854e8908225637d,67619a80665d7ab92d1041b1d11f9164,h2,,8243.617764,10.0.2.15,49785,74.125.206.157,443,tcp,5.113174999998591,1272.0,1130.0,SF,True,False,0,ShADadFf,15,1880,16,1774,ssl,0
8246.056136,C1tSpExYT6JSlFKJ2,10.0.2.15,49788,172.217.23.227,443,TLSv12,TLS_ECDHE_ECDSA_WITH_AES_128_GCM_SHA256,,ssl.gstatic.com,True,True,CsiI,,,,1a5fe5677b0e4fbbc854e8908225637d,c23237dbea656869600e48dfbd00ab7b,h2,,8244.95872,10.0.2.15,49788,172.217.23.227,443,tcp,184.82131499999923,984.0,444.0,SF,True,False,0,ShADadfF,18,1712,18,1168,ssl,0
8251.597523,Cv0UmAAqwZaB9KaC1,10.0.2.15,49794,66.172.31.150,443,TLSv12,TLS_ECDHE_RSA_WITH_AES_128_GCM_SHA256,,a.tcimg.net,True,True,CsiI,,,,1a5fe5677b0e4fbbc854e8908225637d,fbe78c619e7ea20046131294ad087f05,,,8251.172895,10.0.2.15,49794,66.172.31.150,443,tcp,306.7380570000005,939.0,13385.0,SF,True,False,0,ShADadTTfF,42,2657,48,15309,ssl,0
8251.611551,CyQ8HZ2BabwmLYGoyg,10.0.2.15,49793,94.31.6.166,443,TLSv12,TLS_ECDHE_RSA_WITH_AES_256_GCM_SHA384,,p.adsymptotic.com,True,True,CsiI,,,,1a5fe5677b0e4fbbc854e8908225637d,364ff14b04ef93c3b4cfa429d729c0d9,,,8251.170841,10.0.2.15,49793,94.31.6.166,443,tcp,6.583337000000029,1039.0,570.0,SF,True,False,0,ShADadfF,8,1367,9,934,ssl,0
8251.93037,CtUpWXxda1zLadUSc,10.0.2.15,49795,66.172.31.150,443,TLSv12,TLS_ECDHE_RSA_WITH_AES_128_GCM_SHA256,,a.tcimg.net,True,True,CsiI,,,,1a5fe5677b0e4fbbc854e8908225637d,fbe78c619e7ea20046131294ad087f05,,,8251.633022,10.0.2.15,49795,66.172.31.150,443,tcp,306.7730709999996,946.0,3384.0,SF,True,False,0,ShADadTTfF,38,2504,41,5028,ssl,0
8252.520411,C5WxMy1gKvvcivsbL8,10.0.2.15,49796,94.31.6.166,443,TLSv12,TLS_ECDHE_RSA_WITH_AES_256_GCM_SHA384,,p.adsymptotic.com,True,True,CsiI,,,,1a5fe5677b0e4fbbc854e8908225637d,364ff14b04ef93c3b4cfa429d729c0d9,,,8251.889286,10.0.2.15,49796,94.31.6.166,443,tcp,6.319682999999713,599.0,409.0,RSTR,True,False,0,ShADadfRr,9,967,8,733,ssl,0
8252.532425,CnpxLD14Y3cCL1aXwl,10.0.2.15,49797,172.217.23.238,443,TLSv12,TLS_ECDHE_RSA_WITH_AES_128_GCM_SHA256,,www.google-analytics.com,True,True,CsiI,,,,1a5fe5677b0e4fbbc854e8908225637d,67619a80665d7ab92d1041b1d11f9164,h2,,8251.940143,10.0.2.15,49797,172.217.23.238,443,tcp,1560.202147,43897.0,19872.0,SF,True,False,0,ShADadFf,196,51745,231,29116,ssl,0
8253.295823,CBjdB14ew7ObN72mil,10.0.2.15,49798,74.125.206.157,443,TLSv12,TLS_ECDHE_RSA_WITH_AES_128_GCM_SHA256,,stats.g.doubleclick.net,True,True,CsiI,,,,1a5fe5677b0e4fbbc854e8908225637d,67619a80665d7ab92d1041b1d11f9164,h2,,8252.548538,10.0.2.15,49798,74.125.206.157,443,tcp,820.3636840000017,4374.0,6787.0,SF,True,False,0,ShADadFf,64,6942,72,9671,ssl,0
8259.313328,CW4HwzB9u0KxSYU82,10.0.2.15,49801,172.217.23.238,443,TLSv12,TLS_ECDHE_RSA_WITH_AES_128_GCM_SHA256,,apis.google.com,True,True,CsiI,,,,1a5fe5677b0e4fbbc854e8908225637d,67619a80665d7ab92d1041b1d11f9164,h2,,8259.13367,10.0.2.15,49801,172.217.23.238,443,tcp,186.60690000000068,938.0,384.0,SF,True,False,0,ShADadFf,16,1586,17,1068,ssl,0
8259.313886,CwPmUoeoX3zyb64a3,10.0.2.15,49800,185.57.60.185,443,TLSv12,TLS_ECDHE_ECDSA_WITH_AES_256_GCM_SHA384,,tapestry.tapad.com,True,True,CsiI,,,,1a5fe5677b0e4fbbc854e8908225637d,a8e0da2f607d2a3c1956f56afc6da012,,,8259.132804,10.0.2.15,49800,185.57.60.185,443,tcp,5.573389999999563,1046.0,808.0,SF,True,False,0,ShADadfF,8,1374,9,1172,ssl,0
8259.315281,CHOeYV3w67tfY3YDCa,10.0.2.15,49799,216.58.201.66,443,TLSv12,TLS_ECDHE_RSA_WITH_AES_128_GCM_SHA256,,googleads.g.doubleclick.net,True,True,CsiI,,,,1a5fe5677b0e4fbbc854e8908225637d,67619a80665d7ab92d1041b1d11f9164,h2,,8259.131638,10.0.2.15,49799,216.58.201.66,443,tcp,186.48749399999903,1666.0,1702.0,SF,True,False,0,ShADadFf,18,2394,20,2506,ssl,0
8259.657866,CeMx964VqKLF596k2f,10.0.2.15,49802,185.57.60.185,443,TLSv12,TLS_ECDHE_ECDSA_WITH_AES_256_GCM_SHA384,,tapestry.tapad.com,True,True,CsiI,,,,1a5fe5677b0e4fbbc854e8908225637d,a8e0da2f607d2a3c1956f56afc6da012,,,8259.304084,10.0.2.15,49802,185.57.60.185,443,tcp,6.484378000001016,599.0,137.0,SF,True,False,0,ShADadFf,8,927,7,421,ssl,0
8260.502431,CZcQsm1ZjcHoZceZPh,10.0.2.15,49803,31.13.70.7,443,TLSv12,TLS_ECDHE_ECDSA_WITH_AES_128_GCM_SHA256,secp256r1,staticxx.facebook.com,False,True,CsxknGIti,"['152151b387412a95ab90fd4664f2d98880408e9e43913124e4c91226a483386b', '19400be5b7a31fb733917700789d2f0a2471c0c9d506c0e504c06c16d7cb17c0']",[],1.0,0ffee3ba8e615ad22535e7f771690a28,2d1eb5817ece335c24904f516ad5da12,h2,,8259.305639,10.0.2.15,49803,31.13.70.7,443,tcp,67.9878119999994,617.0,3942.0,SF,True,False,0,ShADadfF,13,1145,16,4586,ssl,0
8262.252099,CF0fjE340Dcm0Swdm1,10.0.2.15,49805,151.101.112.207,443,TLSv12,TLS_ECDHE_RSA_WITH_AES_128_GCM_SHA256,,js-agent.newrelic.com,True,True,CsiI,,,,1a5fe5677b0e4fbbc854e8908225637d,1d0e57c6ae42e9204defa51e5e1cdc4c,http/1.1,,8262.229294,10.0.2.15,49805,151.101.112.207,443,tcp,5.563691999999719,599.0,191.0,SF,True,False,0,ShADadFfRr,8,927,9,555,ssl,0
8262.44068,CTenoZeOxIupWlSKl,10.0.2.15,49804,136.146.208.40,443,TLSv12,TLS_ECDHE_RSA_WITH_AES_256_GCM_SHA384,secp256r1,c.la4-c1-chi.salesforceliveagent.com,False,True,CsxknGIi,"['9574c341071bc25160a2ee0c00a90e5aeb1e1f4c516d3e03d5a62e53d17eb84b', 'eae72eb454bf6c3977ebd289e970b2f5282949190093d0d26f98d0f0d6a9cf17']",[],1.0,0ffee3ba8e615ad22535e7f771690a28,959bfcf87532cbff1253e80a4ee81308,,,8262.214679,10.0.2.15,49804,136.146.208.40,443,tcp,126.94597299999988,726.0,3452.0,SF,True,False,0,ShADadTTFf,23,1666,25,4456,ssl,0
8262.945613,Cq5JBu2CpWDvqDxFq3,10.0.2.15,49808,162.247.242.20,443,TLSv12,TLS_DHE_RSA_WITH_AES_256_CBC_SHA,,bam.nr-data.net,False,True,CsxknGIi,"['e7489ed1f465ba2b3ce0faef3a43a3895cd097733dbb5b713df8b299270ca145', '074541ecdf88ed992ed5ade3ecddef27a26ba1b44480a195c0a8dadae2521d8e']",[],1.0,0ffee3ba8e615ad22535e7f771690a28,d90fa179c9daf35598ed8341272118f7,,,8262.657536,10.0.2.15,49808,162.247.242.20,443,tcp,137.1915229999995,3301.0,3806.0,SF,True,False,0,ShADadTTfF,26,4362,28,4930,ssl,0
8262.946936,CbyUVr2vBAiLvDZfF1,10.0.2.15,49807,162.247.242.20,443,TLSv12,TLS_DHE_RSA_WITH_AES_256_CBC_SHA,,bam.nr-data.net,False,True,CsxknGIi,"['e7489ed1f465ba2b3ce0faef3a43a3895cd097733dbb5b713df8b299270ca145', '074541ecdf88ed992ed5ade3ecddef27a26ba1b44480a195c0a8dadae2521d8e']",[],1.0,0ffee3ba8e615ad22535e7f771690a28,d90fa179c9daf35598ed8341272118f7,,,8262.645218,10.0.2.15,49807,162.247.242.20,443,tcp,6.275994999999966,491.0,3476.0,SF,True,False,0,ShADadFf,9,859,10,3880,ssl,0
8262.94157,CiXjer5Q00PcyQUlb,10.0.2.15,49806,136.146.208.40,443,TLSv12,TLS_ECDHE_RSA_WITH_AES_256_GCM_SHA384,secp256r1,c.la4-c1-chi.salesforceliveagent.com,False,True,CsxknGIi,"['9574c341071bc25160a2ee0c00a90e5aeb1e1f4c516d3e03d5a62e53d17eb84b', 'eae72eb454bf6c3977ebd289e970b2f5282949190093d0d26f98d0f0d6a9cf17']",[],1.0,0ffee3ba8e615ad22535e7f771690a28,959bfcf87532cbff1253e80a4ee81308,,,8262.636147,10.0.2.15,49806,136.146.208.40,443,tcp,6.315348000000085,370.0,3214.0,SF,True,False,0,ShADadFf,9,738,11,3658,ssl,0
8264.397643,CrJ1Ya26jmBRPnc5W1,10.0.2.15,49811,136.146.208.40,443,TLSv12,TLS_ECDHE_RSA_WITH_AES_256_GCM_SHA384,secp256r1,la4-c1-chi.salesforceliveagent.com,False,True,CsxknGIi,"['9574c341071bc25160a2ee0c00a90e5aeb1e1f4c516d3e03d5a62e53d17eb84b', 'eae72eb454bf6c3977ebd289e970b2f5282949190093d0d26f98d0f0d6a9cf17']",[],1.0,0ffee3ba8e615ad22535e7f771690a28,bca21c822832874f6c48fee5a84015ba,,,8264.252085,10.0.2.15,49811,136.146.208.40,443,tcp,124.90854199999922,730.0,41451.0,SF,True,False,0,ShADadTTFf,34,2110,54,43615,ssl,0
8264.4004,Ct2I4n1bJqlI9CWOOf,10.0.2.15,49810,136.146.208.40,443,TLSv12,TLS_ECDHE_RSA_WITH_AES_256_GCM_SHA384,secp256r1,la4-c1-chi.salesforceliveagent.com,False,True,CsxknGIi,"['9574c341071bc25160a2ee0c00a90e5aeb1e1f4c516d3e03d5a62e53d17eb84b', 'eae72eb454bf6c3977ebd289e970b2f5282949190093d0d26f98d0f0d6a9cf17']",[],1.0,0ffee3ba8e615ad22535e7f771690a28,bca21c822832874f6c48fee5a84015ba,,,8264.249505,10.0.2.15,49810,136.146.208.40,443,tcp,5.6817879999998695,368.0,3210.0,SF,True,False,0,ShADadFf,9,736,11,3654,ssl,0
8265.575614,CDNuLK9hB9Ko5MSj5,10.0.2.15,49812,136.146.208.40,443,TLSv12,TLS_ECDHE_RSA_WITH_AES_256_GCM_SHA384,secp256r1,d.la4-c1-chi.salesforceliveagent.com,False,True,CsxknGIi,"['9574c341071bc25160a2ee0c00a90e5aeb1e1f4c516d3e03d5a62e53d17eb84b', 'eae72eb454bf6c3977ebd289e970b2f5282949190093d0d26f98d0f0d6a9cf17']",[],1.0,0ffee3ba8e615ad22535e7f771690a28,959bfcf87532cbff1253e80a4ee81308,,,8265.440768,10.0.2.15,49812,136.146.208.40,443,tcp,0.7832770000004531,970.0,3811.0,SF,True,False,0,ShADadfF,10,1378,13,4335,ssl,0
8312.584761,CyH0qgUlK2vBTAYGg,10.0.2.15,49840,157.240.3.52,443,TLSv12,TLS_ECDHE_RSA_WITH_AES_128_GCM_SHA256,secp256r1,scontent.cdninstagram.com,False,True,CsxknGIti,"['75f97496eafd0cbf253c16a154838631116569e35c96831f9720036d048f93a4', '19400be5b7a31fb733917700789d2f0a2471c0c9d506c0e504c06c16d7cb17c0']",[],1.0,0ffee3ba8e615ad22535e7f771690a28,b898351eb5e266aefd3723d466935494,h2,,8311.402072,10.0.2.15,49840,157.240.3.52,443,tcp,77.20881399999962,2251.0,266341.0,SF,True,False,0,ShADadfF,78,5379,218,275065,ssl,0
8325.207464,Co1hyY2B4zLqthIiR4,10.0.2.15,49861,152.163.66.131,443,TLSv12,TLS_RSA_WITH_AES_128_CBC_SHA,,adserver.adtechus.com,False,True,CsxnGIi,"['44ece7e30b43e443909ae7a302f38efd8870eb688ae56b799946ce3cf62fbf0a', '3b0cc20384ad7f24eb438f2b80c63ebe003f7f215b8877e418ebb0484028db57', '6b143c2005d5539cc22eab5f772db2a9fe87467feffa07fcf0a9f7d28274ca7a']",[],1.0,0ffee3ba8e615ad22535e7f771690a28,5397c414a9ebeaff1bf18b70ca22eaa0,,,8323.274728,10.0.2.15,49861,152.163.66.131,443,tcp,31.74976400000014,1510.0,6123.0,SF,True,False,0,ShADadTfF,14,2079,17,6807,ssl,0
8325.208386,CJnyLz32ifhAsmWyJg,10.0.2.15,49860,152.163.66.131,443,TLSv12,TLS_RSA_WITH_AES_128_CBC_SHA,,adserver.adtechus.com,False,True,CsxnGIi,"['44ece7e30b43e443909ae7a302f38efd8870eb688ae56b799946ce3cf62fbf0a', '3b0cc20384ad7f24eb438f2b80c63ebe003f7f215b8877e418ebb0484028db57', '6b143c2005d5539cc22eab5f772db2a9fe87467feffa07fcf0a9f7d28274ca7a']",[],1.0,0ffee3ba8e615ad22535e7f771690a28,5397c414a9ebeaff1bf18b70ca22eaa0,,,8323.272689,10.0.2.15,49860,152.163.66.131,443,tcp,30.927254000000172,1510.0,5451.0,SF,True,False,0,ShADadTfF,14,2079,18,6175,ssl,0
8325.209063,CaA6iJ1YN0BMPRk3Qi,10.0.2.15,49859,152.163.66.131,443,TLSv12,TLS_RSA_WITH_AES_128_CBC_SHA,,adserver.adtechus.com,False,True,CsxnGIi,"['44ece7e30b43e443909ae7a302f38efd8870eb688ae56b799946ce3cf62fbf0a', '3b0cc20384ad7f24eb438f2b80c63ebe003f7f215b8877e418ebb0484028db57', '6b143c2005d5539cc22eab5f772db2a9fe87467feffa07fcf0a9f7d28274ca7a']",[],1.0,0ffee3ba8e615ad22535e7f771690a28,5397c414a9ebeaff1bf18b70ca22eaa0,,,8323.268674,10.0.2.15,49859,152.163.66.131,443,tcp,31.946530999999595,1510.0,5787.0,SF,True,False,0,ShADadTfF,14,2079,19,6551,ssl,0
8325.209754,CGDktg2RcGYDRFkXI5,10.0.2.15,49858,152.163.66.131,443,TLSv12,TLS_RSA_WITH_AES_128_CBC_SHA,,adserver.adtechus.com,False,True,CsxnGIi,"['44ece7e30b43e443909ae7a302f38efd8870eb688ae56b799946ce3cf62fbf0a', '3b0cc20384ad7f24eb438f2b80c63ebe003f7f215b8877e418ebb0484028db57', '6b143c2005d5539cc22eab5f772db2a9fe87467feffa07fcf0a9f7d28274ca7a']",[],1.0,0ffee3ba8e615ad22535e7f771690a28,5397c414a9ebeaff1bf18b70ca22eaa0,,,8323.238263,10.0.2.15,49858,152.163.66.131,443,tcp,30.42105200000151,1510.0,5787.0,SF,True,False,0,ShADadTfF,14,2079,16,6431,ssl,0
8326.901439,CNlAbx4MSZ4tQKffc6,10.0.2.15,49868,216.58.201.66,443,TLSv12,TLS_ECDHE_RSA_WITH_AES_128_GCM_SHA256,,www.googletagservices.com,True,True,CsiI,,,,1a5fe5677b0e4fbbc854e8908225637d,67619a80665d7ab92d1041b1d11f9164,h2,,8326.407116,10.0.2.15,49868,216.58.201.66,443,tcp,187.5891119999997,1247.0,659.0,SF,True,False,0,ShADadFf,21,2095,22,1543,ssl,0
8347.130532,CayWVi18bFgYi6DzKb,10.0.2.15,49877,172.217.23.226,443,TLSv12,TLS_ECDHE_RSA_WITH_AES_128_GCM_SHA256,,securepubads.g.doubleclick.net,True,True,CsiI,,,,1a5fe5677b0e4fbbc854e8908225637d,67619a80665d7ab92d1041b1d11f9164,h2,,8346.536988,10.0.2.15,49877,172.217.23.226,443,tcp,406.8278690000007,6555.0,64378.0,SF,True,False,0,ShADadFf,57,8843,101,68422,ssl,0
8347.30783,CQ2e443gE0uDulaC3,10.0.2.15,49882,152.163.66.131,443,TLSv12,TLS_RSA_WITH_AES_128_CBC_SHA,,adserver.adtechus.com,True,True,CsiI,,,,0ffee3ba8e615ad22535e7f771690a28,5397c414a9ebeaff1bf18b70ca22eaa0,,,8346.557922,10.0.2.15,49882,152.163.66.131,443,tcp,8.818793000000369,358.0,154.0,SF,True,False,0,ShADadFf,7,646,7,438,ssl,0
8347.310397,CcBUv22sVNhA99ECwa,10.0.2.15,49881,152.163.66.131,443,TLSv12,TLS_RSA_WITH_AES_128_CBC_SHA,,adserver.adtechus.com,True,True,CsiI,,,,0ffee3ba8e615ad22535e7f771690a28,5397c414a9ebeaff1bf18b70ca22eaa0,,,8346.555923,10.0.2.15,49881,152.163.66.131,443,tcp,8.820831000000908,358.0,154.0,SF,True,False,0,ShADadFf,7,646,7,438,ssl,0
8349.930129,C5l1VY1PGnjOIzCk4g,10.0.2.15,49888,40.101.9.202,443,TLSv12,TLS_ECDHE_RSA_WITH_AES_128_CBC_SHA,secp256r1,www.outlook.com,False,True,CsxuknGIi,"['6d8451fb910faf423f71738fa213f22c5e6df233e9547cfad35ef9641cdc300c', '2f6889961a7ca7067e8ba103c2cf9b9a924f8ca293f11178e23a1978d2f133d3']",[],1.0,0ffee3ba8e615ad22535e7f771690a28,59e9d2de2dfcb545cde309f8973fad73,,,8349.725962,10.0.2.15,49888,40.101.9.202,443,tcp,1.811289999999644,768.0,4330.0,SF,True,False,0,ShADadfF,9,1136,12,4814,ssl,0
8350.199475,CA97Dh2RqMA8TRvv69,10.0.2.15,49896,40.101.9.202,443,TLSv12,TLS_ECDHE_RSA_WITH_AES_128_CBC_SHA,secp256r1,www.outlook.com,False,True,CsxuknGIi,"['6d8451fb910faf423f71738fa213f22c5e6df233e9547cfad35ef9641cdc300c', '2f6889961a7ca7067e8ba103c2cf9b9a924f8ca293f11178e23a1978d2f133d3']",[],1.0,0ffee3ba8e615ad22535e7f771690a28,59e9d2de2dfcb545cde309f8973fad73,,,8350.041544,10.0.2.15,49896,40.101.9.202,443,tcp,1.535108000000036,427.0,3813.0,SF,True,False,0,ShADadFf,10,835,11,4257,ssl,0
8352.870493,CI1nwxCq1LruT4il9,10.0.2.15,49899,23.74.176.75,443,TLSv12,TLS_ECDHE_RSA_WITH_AES_256_GCM_SHA384,secp256r1,images.scanalert.com,False,True,CsxknGIti,"['6afe1af1a0098c53ba1f8acb8f7207b190472aaf5a0e0c75fdf25dbcfa4e7ed8', 'eae72eb454bf6c3977ebd289e970b2f5282949190093d0d26f98d0f0d6a9cf17', '8420dfbe376f414bf4c0a81e6936d24ccc03f304835b86c7a39142fca723a689']",[],1.0,0ffee3ba8e615ad22535e7f771690a28,2b33c1374db4ddf06942f92373c0b54b,http/1.1,,8352.156917,10.0.2.15,49899,23.74.176.75,443,tcp,10.048428000000058,354.0,4845.0,SF,True,False,0,ShADadFRfr,11,802,13,5369,ssl,0
8352.717452,CU0XfnWMOBFz6HEzc,10.0.2.15,49902,23.74.179.202,443,TLSv12,TLS_ECDHE_RSA_WITH_AES_256_GCM_SHA384,secp256r1,dsa.csdata1.com,False,True,CsxknGIti,"['af861f326c863d054fd0b9f3b6ba553769a383de73432a046c262bc0e2d1c3bc', 'eae72eb454bf6c3977ebd289e970b2f5282949190093d0d26f98d0f0d6a9cf17', '8420dfbe376f414bf4c0a81e6936d24ccc03f304835b86c7a39142fca723a689']",[],1.0,0ffee3ba8e615ad22535e7f771690a28,2b33c1374db4ddf06942f92373c0b54b,http/1.1,,8352.161916,10.0.2.15,49902,23.74.179.202,443,tcp,128.15744900000027,1101.0,10718.0,SF,True,False,0,ShADadTTFRfr,26,2160,31,11962,ssl,0
8355.448819,CtnDiE42MWttWPWZk9,10.0.2.15,49909,13.107.42.11,443,TLSv12,TLS_ECDHE_RSA_WITH_AES_256_CBC_SHA,secp384r1,outlook.live.com,False,True,CsxuknGIi,"['23610413301920c64924a48bcb461c169cabd991aeb302ccf0c5f4b3bdc14a21', '2399983e99703ebd01cea466c10799810c4ba62a8d61b88170a334dcd61bb20f']",[],1.0,0ffee3ba8e615ad22535e7f771690a28,4fd467dd264720762ffe286277c00f57,,,8355.227499,10.0.2.15,49909,13.107.42.11,443,tcp,117.5721649999996,3845.0,22320.0,SF,True,False,0,ShADadTfF,33,5182,43,24044,ssl,0
8355.816395,Cum4hj1cXMrbXkMeTj,10.0.2.15,49906,23.74.179.202,443,TLSv12,TLS_ECDHE_RSA_WITH_AES_256_GCM_SHA384,secp256r1,dsa.csdata1.com,False,True,CsxknGIti,"['af861f326c863d054fd0b9f3b6ba553769a383de73432a046c262bc0e2d1c3bc', 'eae72eb454bf6c3977ebd289e970b2f5282949190093d0d26f98d0f0d6a9cf17', '8420dfbe376f414bf4c0a81e6936d24ccc03f304835b86c7a39142fca723a689']",[],1.0,0ffee3ba8e615ad22535e7f771690a28,2b33c1374db4ddf06942f92373c0b54b,http/1.1,,8355.223707,10.0.2.15,49906,23.74.179.202,443,tcp,7.170148000001063,349.0,4814.0,SF,True,False,0,ShADadFfRr,11,797,14,5378,ssl,0
8369.704852,CdqjGF1iIxEmonGEm6,10.0.2.15,49919,23.74.176.75,443,TLSv12,TLS_ECDHE_RSA_WITH_AES_256_GCM_SHA384,,images.scanalert.com,True,True,CsiI,,,,1a5fe5677b0e4fbbc854e8908225637d,410b9bedaf65dd26c6fe547154d60db4,http/1.1,,8368.867694,10.0.2.15,49919,23.74.176.75,443,tcp,119.56216099999985,943.0,3121.0,SF,True,False,0,ShADadTTFfRr,21,1802,24,4085,ssl,0
8370.184945,CEhSWJ1iJoJSCnCxZ2,10.0.2.15,49928,95.101.31.195,443,TLSv12,TLS_ECDHE_RSA_WITH_AES_256_GCM_SHA384,secp256r1,c.microsoft.com,False,True,CsxuknGIti,"['e9b4cfbc3202516b6ca083c9896845a494d27ecf74e0215d109e61ce1f5753f0', 'eae72eb454bf6c3977ebd289e970b2f5282949190093d0d26f98d0f0d6a9cf17']",[],1.0,0ffee3ba8e615ad22535e7f771690a28,9a31479427499ded4d3656a260298ec7,http/1.1,,8369.725514,10.0.2.15,49928,95.101.31.195,443,tcp,172.86369100000047,5513.0,11422.0,SF,True,False,0,ShADadTTFfRr,35,6936,41,13066,ssl,0
8370.18601,CVRvYw46O3ATYBqNjf,10.0.2.15,49927,93.184.221.200,443,TLSv12,TLS_ECDHE_RSA_WITH_AES_128_GCM_SHA256,secp256r1,az725175.vo.msecnd.net,False,True,CsxuknGIti,"['c6919253ee0b0d6dfe373455fc39b03abeb5666f6303d84cc6eed99f1a254545', '2399983e99703ebd01cea466c10799810c4ba62a8d61b88170a334dcd61bb20f']",[],1.0,1a5fe5677b0e4fbbc854e8908225637d,49b45fc1ab090aa3a159778313fc9b9e,h2,,8369.717134,10.0.2.15,49927,93.184.221.200,443,tcp,180.90789500000028,1188.0,52072.0,SF,True,False,0,ShADadfF,38,2716,71,54916,ssl,0
8370.188144,CHJT7Ywf5qMdwuGCf,10.0.2.15,49926,23.74.182.176,443,TLSv12,TLS_ECDHE_RSA_WITH_AES_256_GCM_SHA384,secp256r1,r1.res.office365.com,False,True,CsxknGIti,"['6fb760d8af2466ec1fadeb2f000276373b8eed38a5c85a0ded7e176eeab5e99d', '2399983e99703ebd01cea466c10799810c4ba62a8d61b88170a334dcd61bb20f']",[],1.0,0ffee3ba8e615ad22535e7f771690a28,2b33c1374db4ddf06942f92373c0b54b,http/1.1,,8369.710164,10.0.2.15,49926,23.74.182.176,443,tcp,161.98987400000078,4745.0,1918590.0,SF,True,False,0,ShADadWtTTFfRr,367,19444,1605,1984214,ssl,0
8371.261962,CSBFgn3aezX4Rx6cIk,10.0.2.15,49931,95.100.185.88,443,TLSv12,TLS_ECDHE_RSA_WITH_AES_256_GCM_SHA384,secp256r1,secure-ds.serving-sys.com,False,True,CsxknGIti,"['93170a04e8e6d30cc7fe95b7ee0aa3de4bc16f069c1467fbf047462275e6a20c', 'eae72eb454bf6c3977ebd289e970b2f5282949190093d0d26f98d0f0d6a9cf17']",[],1.0,0ffee3ba8e615ad22535e7f771690a28,2b33c1374db4ddf06942f92373c0b54b,http/1.1,,8370.935306,10.0.2.15,49931,95.100.185.88,443,tcp,121.5383180000008,1284.0,3904.0,SF,True,False,0,ShADadTTFf,22,2183,23,4828,ssl,0
8377.810067,CHV6W840i0QLaqctq2,10.0.2.15,49938,207.46.194.10,443,TLSv12,TLS_ECDHE_RSA_WITH_AES_256_CBC_SHA,secp256r1,c1.microsoft.com,False,True,CsxknGIi,"['14a9d5ba86f31a422720764e677d7d9fa838fbbc29d48aec40d84169ec0c9405', '2399983e99703ebd01cea466c10799810c4ba62a8d61b88170a334dcd61bb20f']",[],1.0,0ffee3ba8e615ad22535e7f771690a28,96c9f2048f1e949c8bb9ad97c36c9eea,,,8376.678944,10.0.2.15,49938,207.46.194.10,443,tcp,108.69315100000132,3414.0,4988.0,SF,True,False,0,ShADadTTfF,24,4392,26,6032,ssl,0
8381.904175,CBmCYB2SYlcNbKQZEb,10.0.2.15,49941,87.248.118.22,443,TLSv12,TLS_ECDHE_RSA_WITH_AES_128_GCM_SHA256,secp256r1,s.yimg.com,False,True,CsxuknGIti,"['17c38c0774bea02f4d68cddbf13b5353fecf6187ce52c722477434573a17ee28', 'eae72eb454bf6c3977ebd289e970b2f5282949190093d0d26f98d0f0d6a9cf17']",[],1.0,0ffee3ba8e615ad22535e7f771690a28,76cc3e2d3028143b23ec18e27dbd7ca9,h2,,8380.49432,10.0.2.15,49941,87.248.118.22,443,tcp,202.7549600000002,698.0,5292.0,SF,True,False,0,ShADadfF,19,1466,21,6136,ssl,0
8381.909707,CZ9JzR3QZEZpu9WS91,10.0.2.15,49940,82.199.68.72,443,TLSv12,TLS_RSA_WITH_AES_256_CBC_SHA,,bs.serving-sys.com,False,True,CsxnGIi,"['da83f8402756964819e846696c134edb748ee8801ff17fcfd761d886058327c8', '3f3af9c9cc2c7599ef8f6dd7ca516cfc1797d7d12002254f3bfd0d4d0fe9de86']",[],1.0,0ffee3ba8e615ad22535e7f771690a28,0a917d753018dad73d9899ace370f8d8,,,8380.488887,10.0.2.15,49940,82.199.68.72,443,tcp,27.85917400000108,1555.0,4139.0,SF,True,False,0,ShADadTfF,12,2044,13,4663,ssl,0
8381.911294,CoVNW1OXSPJdgPyh3,10.0.2.15,49939,82.199.68.72,443,TLSv12,TLS_RSA_WITH_AES_256_CBC_SHA,,bs.serving-sys.com,False,True,CsxnGIi,"['da83f8402756964819e846696c134edb748ee8801ff17fcfd761d886058327c8', '3f3af9c9cc2c7599ef8f6dd7ca516cfc1797d7d12002254f3bfd0d4d0fe9de86']",[],1.0,0ffee3ba8e615ad22535e7f771690a28,0a917d753018dad73d9899ace370f8d8,,,8380.484397,10.0.2.15,49939,82.199.68.72,443,tcp,16.931060999999318,590.0,2673.0,SF,True,False,0,ShADadTFf,10,999,10,3077,ssl,0
8382.704262,C3R0JOFFN9QzzYIc9,10.0.2.15,49942,46.137.125.133,443,TLSv12,TLS_ECDHE_RSA_WITH_AES_128_GCM_SHA256,secp256r1,insight.adsrvr.org,False,True,CsxknGIi,"['eb6a61e357a3b2f8e2ab4cc809f2088543de4475bcacfe6122f6dbe82d9b7c38', '58ea0688b7909aaa8eaaa2fff36f3bbe8f4a2ad03bd70243b3903469db4890f7']",[],1.0,0ffee3ba8e615ad22535e7f771690a28,303951d4c50efb2e991652225a6f02b1,,,8381.536784,10.0.2.15,49942,46.137.125.133,443,tcp,71.35236500000065,3264.0,7139.0,SF,True,False,0,ShADadTFf,19,4038,22,8023,ssl,0
8383.246115,C3O3c7Ymau4qkSnM8,10.0.2.15,49947,23.74.182.176,443,TLSv12,TLS_ECDHE_RSA_WITH_AES_256_GCM_SHA384,,r1.res.office365.com,True,True,CsiI,,,,1a5fe5677b0e4fbbc854e8908225637d,410b9bedaf65dd26c6fe547154d60db4,http/1.1,,8381.920577,10.0.2.15,49947,23.74.182.176,443,tcp,137.7522939999999,1963.0,306551.0,SF,True,False,0,ShADadtTTFfRr,94,5742,277,320475,ssl,0
8383.246993,CnJzox1NrCd9B61vHk,10.0.2.15,49946,23.74.182.176,443,TLSv12,TLS_ECDHE_RSA_WITH_AES_256_GCM_SHA384,,r1.res.office365.com,True,True,CsiI,,,,1a5fe5677b0e4fbbc854e8908225637d,410b9bedaf65dd26c6fe547154d60db4,http/1.1,,8381.918898,10.0.2.15,49946,23.74.182.176,443,tcp,137.73348799999985,1623.0,690912.0,SF,True,False,0,ShADadWtTTFfRr,114,6202,531,713576,ssl,0
8383.247914,C5XwM71M9sKLXDJCR9,10.0.2.15,49945,23.74.182.176,443,TLSv12,TLS_ECDHE_RSA_WITH_AES_256_GCM_SHA384,,r1.res.office365.com,True,True,CsiI,,,,1a5fe5677b0e4fbbc854e8908225637d,410b9bedaf65dd26c6fe547154d60db4,http/1.1,,8381.918114,10.0.2.15,49945,23.74.182.176,443,tcp,137.7374830000008,1962.0,515817.0,SF,True,False,0,ShADadWTTFfRr,96,5821,421,532661,ssl,0
8383.248974,CQWaac4diJtJg7rcwc,10.0.2.15,49944,23.74.182.176,443,TLSv12,TLS_ECDHE_RSA_WITH_AES_256_GCM_SHA384,,r1.res.office365.com,True,True,CsiI,,,,1a5fe5677b0e4fbbc854e8908225637d,410b9bedaf65dd26c6fe547154d60db4,http/1.1,,8381.915197,10.0.2.15,49944,23.74.182.176,443,tcp,26.64368099999956,2356.0,1737118.0,RSTR,True,False,0,ShADadWtFRr,316,15004,1368,1797522,ssl,0
8383.249966,CASBNb4Y3xtVdosAoh,10.0.2.15,49943,23.74.182.176,443,TLSv12,TLS_ECDHE_RSA_WITH_AES_256_GCM_SHA384,,r1.res.office365.com,True,True,CsiI,,,,1a5fe5677b0e4fbbc854e8908225637d,410b9bedaf65dd26c6fe547154d60db4,http/1.1,,8381.912749,10.0.2.15,49943,23.74.182.176,443,tcp,137.7601450000002,1963.0,496506.0,SF,True,False,0,ShADadtTTFf,130,7182,452,516010,ssl,0
8396.020694,CQQV8Q34DoeRPYPX4,10.0.2.15,49948,40.77.226.250,443,TLSv12,TLS_ECDHE_RSA_WITH_AES_256_CBC_SHA,secp256r1,web.vortex.data.microsoft.com,False,True,CsxuknGIi,"['bf2ba8975ba6d6b00437877766dfa9cda074b375e4cfda6d9fc911a8d12a7030', '2399983e99703ebd01cea466c10799810c4ba62a8d61b88170a334dcd61bb20f']",[],1.0,0ffee3ba8e615ad22535e7f771690a28,4fd467dd264720762ffe286277c00f57,,,8395.388722,10.0.2.15,49948,40.77.226.250,443,tcp,124.28093900000022,2382.0,6158.0,SF,True,False,0,ShADadTTFf,24,3361,26,7202,ssl,0
8400.534966,Cf7xf32lKWpjOMPNe6,10.0.2.15,49951,23.74.182.176,443,TLSv12,TLS_ECDHE_RSA_WITH_AES_256_GCM_SHA384,secp256r1,r1.res.office365.com,False,True,CsxknGIti,"['6fb760d8af2466ec1fadeb2f000276373b8eed38a5c85a0ded7e176eeab5e99d', '2399983e99703ebd01cea466c10799810c4ba62a8d61b88170a334dcd61bb20f']",[],1.0,0ffee3ba8e615ad22535e7f771690a28,2b33c1374db4ddf06942f92373c0b54b,http/1.1,,8400.201399,10.0.2.15,49951,23.74.182.176,443,tcp,120.6105320000006,814.0,33952.0,SF,True,False,0,ShADadTTFf,28,1953,52,36036,ssl,0
8400.530436,CUjIEDJQNTSYeFmzd,10.0.2.15,49952,52.54.74.39,443,TLSv12,TLS_ECDHE_RSA_WITH_AES_128_GCM_SHA256,secp256r1,logx.optimizely.com,False,True,CsxknGIi,"['121e4a8079d4afed2206030ff5d65362176fc4cf1d6cdc37d83304cf705a5212', '19400be5b7a31fb733917700789d2f0a2471c0c9d506c0e504c06c16d7cb17c0']",[],1.0,0ffee3ba8e615ad22535e7f771690a28,303951d4c50efb2e991652225a6f02b1,,,8400.201976,10.0.2.15,49952,52.54.74.39,443,tcp,65.83777000000009,2442.0,3951.0,SF,True,False,0,ShADadTFf,20,3256,21,4795,ssl,0
8400.536931,CBkAkE4jaOU83DOS38,10.0.2.15,49950,52.54.74.39,443,TLSv12,TLS_ECDHE_RSA_WITH_AES_128_GCM_SHA256,secp256r1,logx.optimizely.com,False,True,CsxknGIi,"['121e4a8079d4afed2206030ff5d65362176fc4cf1d6cdc37d83304cf705a5212', '19400be5b7a31fb733917700789d2f0a2471c0c9d506c0e504c06c16d7cb17c0']",[],1.0,0ffee3ba8e615ad22535e7f771690a28,303951d4c50efb2e991652225a6f02b1,,,8400.198337,10.0.2.15,49950,52.54.74.39,443,tcp,8.586687999999413,2676.0,3946.0,SF,True,False,0,ShADadFfRr,16,3324,19,4710,ssl,0
8400.545622,CdMa4d1785Hguxwl7g,10.0.2.15,49949,52.54.74.39,443,TLSv12,TLS_ECDHE_RSA_WITH_AES_128_GCM_SHA256,secp256r1,logx.optimizely.com,False,True,CsxknGIi,"['121e4a8079d4afed2206030ff5d65362176fc4cf1d6cdc37d83304cf705a5212', '19400be5b7a31fb733917700789d2f0a2471c0c9d506c0e504c06c16d7cb17c0']",[],1.0,0ffee3ba8e615ad22535e7f771690a28,303951d4c50efb2e991652225a6f02b1,,,8400.197005,10.0.2.15,49949,52.54.74.39,443,tcp,8.57018699999935,3653.0,3801.0,SF,True,False,0,ShADadFRfr,15,4261,16,4445,ssl,0
8401.612406,CtfrN3UXKKgtamxvj,10.0.2.15,49955,157.56.198.220,443,TLSv12,TLS_ECDHE_RSA_WITH_AES_256_CBC_SHA,secp384r1,mail.live.com,False,True,CsxuknGIi,"['629d8a14b844dcc7d0c7c80d3fa431b76a67f1a6dfbc0b4f2e17e57eaf8e4014', '9e6bc5f9ecc52460e8edc02c644d1be1cb9f2316f41daf3b616a0b2058294b31']",[],1.0,0ffee3ba8e615ad22535e7f771690a28,4fd467dd264720762ffe286277c00f57,,,8401.442348,10.0.2.15,49955,157.56.198.220,443,tcp,63.65220500000032,1086.0,10155.0,SF,True,False,0,ShADadTfF,20,1900,25,11159,ssl,0
8401.608211,CMpKno4noiK1Sv7mCh,10.0.2.15,49954,52.54.74.39,443,TLSv12,TLS_ECDHE_RSA_WITH_AES_128_GCM_SHA256,secp256r1,logx.optimizely.com,False,True,CsxknGIi,"['121e4a8079d4afed2206030ff5d65362176fc4cf1d6cdc37d83304cf705a5212', '19400be5b7a31fb733917700789d2f0a2471c0c9d506c0e504c06c16d7cb17c0']",[],1.0,0ffee3ba8e615ad22535e7f771690a28,303951d4c50efb2e991652225a6f02b1,,,8400.549459,10.0.2.15,49954,52.54.74.39,443,tcp,7.369502999999895,353.0,3148.0,SF,True,False,0,ShADadFfRr,10,761,12,3632,ssl,0
8401.609339,C9aOIQ2MIGKziURe6k,10.0.2.15,49953,52.54.74.39,443,TLSv12,TLS_ECDHE_RSA_WITH_AES_128_GCM_SHA256,secp256r1,logx.optimizely.com,False,True,CsxknGIi,"['121e4a8079d4afed2206030ff5d65362176fc4cf1d6cdc37d83304cf705a5212', '19400be5b7a31fb733917700789d2f0a2471c0c9d506c0e504c06c16d7cb17c0']",[],1.0,0ffee3ba8e615ad22535e7f771690a28,303951d4c50efb2e991652225a6f02b1,,,8400.548267,10.0.2.15,49953,52.54.74.39,443,tcp,7.36016600000039,353.0,3148.0,SF,True,False,0,ShADadFfRr,10,761,12,3632,ssl,0
8406.327184,CmU9t42qLqTyPR9EL2,10.0.2.15,49963,23.74.195.60,443,TLSv12,TLS_ECDHE_RSA_WITH_AES_256_GCM_SHA384,secp256r1,a.gfx.ms,False,True,CsxknGIti,"['c949552a4ae6cf0d2d521d3000334e04c9fa9c3a719522addb8bebdd6775cc16', '2399983e99703ebd01cea466c10799810c4ba62a8d61b88170a334dcd61bb20f']",[],1.0,0ffee3ba8e615ad22535e7f771690a28,2b33c1374db4ddf06942f92373c0b54b,http/1.1,,8406.170001,10.0.2.15,49963,23.74.195.60,443,tcp,119.48824699999932,782.0,24220.0,SF,True,False,0,ShADadTTFfRr,29,1961,44,25984,ssl,0
8406.328449,CTs3lj2snc1M7ra5sa,10.0.2.15,49968,23.74.195.60,443,TLSv12,TLS_ECDHE_RSA_WITH_AES_256_GCM_SHA384,secp256r1,a.gfx.ms,False,True,CsxknGIti,"['c949552a4ae6cf0d2d521d3000334e04c9fa9c3a719522addb8bebdd6775cc16', '2399983e99703ebd01cea466c10799810c4ba62a8d61b88170a334dcd61bb20f']",[],1.0,0ffee3ba8e615ad22535e7f771690a28,2b33c1374db4ddf06942f92373c0b54b,http/1.1,,8406.180469,10.0.2.15,49968,23.74.195.60,443,tcp,120.48809899999831,772.0,20197.0,RSTO,True,False,0,ShADadTTFR,26,1831,39,21761,ssl,0
8406.331467,CWCsXt3dPTo5lTuZjb,10.0.2.15,49967,23.74.195.60,443,TLSv12,TLS_ECDHE_RSA_WITH_AES_256_GCM_SHA384,secp256r1,a.gfx.ms,False,True,CsxknGIti,"['c949552a4ae6cf0d2d521d3000334e04c9fa9c3a719522addb8bebdd6775cc16', '2399983e99703ebd01cea466c10799810c4ba62a8d61b88170a334dcd61bb20f']",[],1.0,0ffee3ba8e615ad22535e7f771690a28,2b33c1374db4ddf06942f92373c0b54b,http/1.1,,8406.180402,10.0.2.15,49967,23.74.195.60,443,tcp,2.492334000000482,342.0,4183.0,SF,True,False,0,ShADadFfRr,10,750,12,4667,ssl,0
8406.332971,CnHgnp3bv141XoSYGf,10.0.2.15,49966,23.74.195.60,443,TLSv12,TLS_ECDHE_RSA_WITH_AES_256_GCM_SHA384,secp256r1,a.gfx.ms,False,True,CsxknGIti,"['c949552a4ae6cf0d2d521d3000334e04c9fa9c3a719522addb8bebdd6775cc16', '2399983e99703ebd01cea466c10799810c4ba62a8d61b88170a334dcd61bb20f']",[],1.0,0ffee3ba8e615ad22535e7f771690a28,2b33c1374db4ddf06942f92373c0b54b,http/1.1,,8406.17803,10.0.2.15,49966,23.74.195.60,443,tcp,2.485035000001517,342.0,4183.0,SF,True,False,0,ShADadFfRr,11,790,13,4707,ssl,0
8406.335008,C3AuPz3DdOiQ81xNSe,10.0.2.15,49965,23.74.195.60,443,TLSv12,TLS_ECDHE_RSA_WITH_AES_256_GCM_SHA384,secp256r1,a.gfx.ms,False,True,CsxknGIti,"['c949552a4ae6cf0d2d521d3000334e04c9fa9c3a719522addb8bebdd6775cc16', '2399983e99703ebd01cea466c10799810c4ba62a8d61b88170a334dcd61bb20f']",[],1.0,0ffee3ba8e615ad22535e7f771690a28,2b33c1374db4ddf06942f92373c0b54b,http/1.1,,8406.172741,10.0.2.15,49965,23.74.195.60,443,tcp,2.490374999999403,342.0,4183.0,SF,True,False,0,ShADadFfRr,10,750,13,4707,ssl,0
8406.335155,Ct7sdb2TAGSEGtouVl,10.0.2.15,49964,23.74.195.60,443,TLSv12,TLS_ECDHE_RSA_WITH_AES_256_GCM_SHA384,secp256r1,a.gfx.ms,False,True,CsxknGIti,"['c949552a4ae6cf0d2d521d3000334e04c9fa9c3a719522addb8bebdd6775cc16', '2399983e99703ebd01cea466c10799810c4ba62a8d61b88170a334dcd61bb20f']",[],1.0,0ffee3ba8e615ad22535e7f771690a28,2b33c1374db4ddf06942f92373c0b54b,http/1.1,,8406.171263,10.0.2.15,49964,23.74.195.60,443,tcp,5.39106399999946,342.0,4183.0,SF,True,False,0,ShADadFfRr,10,750,12,4667,ssl,0
8409.880703,CqKbhK2FcE7OmXCTT2,10.0.2.15,49975,13.107.42.11,443,TLSv12,TLS_ECDHE_RSA_WITH_AES_256_CBC_SHA,secp384r1,outlook.live.com,False,True,CsxuknGIi,"['23610413301920c64924a48bcb461c169cabd991aeb302ccf0c5f4b3bdc14a21', '2399983e99703ebd01cea466c10799810c4ba62a8d61b88170a334dcd61bb20f']",[],1.0,0ffee3ba8e615ad22535e7f771690a28,4fd467dd264720762ffe286277c00f57,,,8409.608633,10.0.2.15,49975,13.107.42.11,443,tcp,5.955125000000408,460.0,5560.0,SF,True,False,0,ShADadFf,10,868,11,6004,ssl,0
8410.097767,CnDWU62BzrwdIt5mae,10.0.2.15,49980,104.45.0.26,443,TLSv12,TLS_ECDHE_RSA_WITH_AES_256_CBC_SHA,secp384r1,signup.live.com,False,True,CsxknGIi,"['03799bf5afc56e3687938d3cad1bed95434e2644e3034b278ca838f23eeb532c', '34bd941a06ed10e2fac8459f79e4748c1ea08f142c6de5e557884d0d3ce249fa']",[],1.0,0ffee3ba8e615ad22535e7f771690a28,20992b30dc416d990d2dc152223779ba,,,8409.893392,10.0.2.15,49980,104.45.0.26,443,tcp,139.4577590000008,5706.0,60928.0,SF,True,False,0,ShADadTTfF,45,7527,85,64332,ssl,0
8410.099643,Cuzaq21uGHno4FUYJ4,10.0.2.15,49979,104.45.0.26,443,TLSv12,TLS_ECDHE_RSA_WITH_AES_256_CBC_SHA,secp384r1,signup.live.com,False,True,CsxknGIi,"['03799bf5afc56e3687938d3cad1bed95434e2644e3034b278ca838f23eeb532c', '34bd941a06ed10e2fac8459f79e4748c1ea08f142c6de5e557884d0d3ce249fa']",[],1.0,0ffee3ba8e615ad22535e7f771690a28,20992b30dc416d990d2dc152223779ba,,,8409.892907,10.0.2.15,49979,104.45.0.26,443,tcp,5.670745000001261,427.0,5010.0,SF,True,False,0,ShADadFf,10,835,11,5454,ssl,0
8410.096162,CxvY3i4gLySPf5K2xk,10.0.2.15,49976,206.31.248.81,443,TLSv12,TLS_RSA_WITH_AES_256_CBC_SHA,,www.mathxl.com,False,True,CsxnGIi,"['3bf2c9d94f6685afbc085f47f2bb78330dc860183493c3e5f1d859ba1d24025c', '14363822517e2989b087d0c9a42eef134a774bd0b2a0664d455af784bc08f4d0', '1a5174980a294a528a110726d5855650266c48d9883bea692b67b6d726da98c5', '687fa451382278fff0c8b11f8d43d576671c6eb2bceab413fb83d965d06d2ff2']",[],1.0,0ffee3ba8e615ad22535e7f771690a28,7b6819ed58e8d8415604b7dfcef92d55,,,8409.803876,10.0.2.15,49976,206.31.248.81,443,tcp,122.99878600000012,1460.0,13252.0,SF,True,False,0,ShADadTTFf,27,2559,34,14616,ssl,0
8410.093992,CCc9RZ1g7gm0Nxpfje,10.0.2.15,49978,206.31.248.81,443,TLSv12,TLS_RSA_WITH_AES_256_CBC_SHA,,www.mathxl.com,False,True,CsxnGIi,"['3bf2c9d94f6685afbc085f47f2bb78330dc860183493c3e5f1d859ba1d24025c', '14363822517e2989b087d0c9a42eef134a774bd0b2a0664d455af784bc08f4d0', '1a5174980a294a528a110726d5855650266c48d9883bea692b67b6d726da98c5', '687fa451382278fff0c8b11f8d43d576671c6eb2bceab413fb83d965d06d2ff2']",[],1.0,0ffee3ba8e615ad22535e7f771690a28,7b6819ed58e8d8415604b7dfcef92d55,,,8409.80548,10.0.2.15,49978,206.31.248.81,443,tcp,123.0066939999997,1476.0,8277.0,SF,True,False,0,ShADadTTFf,26,2535,30,9481,ssl,0
8412.583194,CpTho21ga5dChVvnvb,10.0.2.15,49985,131.253.61.96,443,TLSv12,TLS_ECDHE_RSA_WITH_AES_256_CBC_SHA,secp521r1,login.live.com,False,True,CsxuknGIi,"['3c64cc4e95205a63eb4db4cba4a27f8354220a4026d897e8ba1083762d1e6264', '9e6bc5f9ecc52460e8edc02c644d1be1cb9f2316f41daf3b616a0b2058294b31']",[],1.0,0ffee3ba8e615ad22535e7f771690a28,4fd467dd264720762ffe286277c00f57,,,8412.44618,10.0.2.15,49985,131.253.61.96,443,tcp,1.316965999998501,1939.0,6596.0,SF,True,False,0,ShADadfF,11,2387,14,7160,ssl,0
8412.585433,CUSRJv3HbM6V6BNbs8,10.0.2.15,49986,131.253.61.96,443,TLSv12,TLS_ECDHE_RSA_WITH_AES_256_CBC_SHA,secp521r1,login.live.com,False,True,CsxuknGIi,"['3c64cc4e95205a63eb4db4cba4a27f8354220a4026d897e8ba1083762d1e6264', '9e6bc5f9ecc52460e8edc02c644d1be1cb9f2316f41daf3b616a0b2058294b31', '5bd0a995ad9721601725c889c0132e0ac00323afc6b49e1c9af27ac07f9157bf']",[],1.0,0ffee3ba8e615ad22535e7f771690a28,4fd467dd264720762ffe286277c00f57,,,8412.447758,10.0.2.15,49986,131.253.61.96,443,tcp,5.821572999999262,462.0,6908.0,SF,True,False,0,ShADadFf,10,870,13,7432,ssl,0
8414.408912,C7xvQk2fsmHb2KtPli,10.0.2.15,49992,95.100.190.71,443,TLSv12,TLS_ECDHE_RSA_WITH_AES_256_GCM_SHA384,secp256r1,www.pearsonmylabandmastering.com,False,True,CsxknGIti,"['6a9155ce4b4d78659f232e7d817b1568c87d23bd20481697140531b9aa57085c', '111006378afbe8e99bb02ba87390ca429fca2773f74d7f7eb5744f5ddf68014b', '4f32d5dc00f715250abcc486511e37f501a899deb3bf7ea8adbbd3aef1c412da']",[],1.0,0ffee3ba8e615ad22535e7f771690a28,2b33c1374db4ddf06942f92373c0b54b,http/1.1,,8414.320145,10.0.2.15,49992,95.100.190.71,443,tcp,135.70115799999985,3161.0,233747.0,SF,True,False,0,ShADadTTFfRr,69,5941,219,242511,ssl,0
8414.663607,CnXFgg4XVycdsLbdU2,10.0.2.15,49996,95.100.190.71,443,TLSv12,TLS_ECDHE_RSA_WITH_AES_256_GCM_SHA384,secp256r1,www.pearsonmylabandmastering.com,False,True,CsxknGIti,"['6a9155ce4b4d78659f232e7d817b1568c87d23bd20481697140531b9aa57085c', '111006378afbe8e99bb02ba87390ca429fca2773f74d7f7eb5744f5ddf68014b', '4f32d5dc00f715250abcc486511e37f501a899deb3bf7ea8adbbd3aef1c412da']",[],1.0,0ffee3ba8e615ad22535e7f771690a28,2b33c1374db4ddf06942f92373c0b54b,http/1.1,,8414.392694,10.0.2.15,49996,95.100.190.71,443,tcp,125.34004599999936,1165.0,59048.0,SF,True,False,0,ShADadTTFfRr,34,2544,75,62052,ssl,0
8414.888218,CQBFXA1kJCzj5QJti2,10.0.2.15,49995,95.100.166.204,443,TLSv12,TLS_ECDHE_RSA_WITH_AES_256_GCM_SHA384,secp256r1,e2e-comms.pearson.com,False,True,CsxknGIti,"['43a17d66709f6ff3d7a95ddeff73202dde1adc81dc88f7112659dda924a8d09f', '111006378afbe8e99bb02ba87390ca429fca2773f74d7f7eb5744f5ddf68014b', '4f32d5dc00f715250abcc486511e37f501a899deb3bf7ea8adbbd3aef1c412da']",[],1.0,0ffee3ba8e615ad22535e7f771690a28,2b33c1374db4ddf06942f92373c0b54b,http/1.1,,8414.377069,10.0.2.15,49995,95.100.166.204,443,tcp,123.99950399999943,729.0,15659.0,SF,True,False,0,ShADadTTFfRr,27,1829,35,17063,ssl,0
8414.394092,CpXz7H3wYhhlljGQL,10.0.2.15,49991,95.100.190.71,443,TLSv12,TLS_ECDHE_RSA_WITH_AES_256_GCM_SHA384,secp256r1,www.pearsonmylabandmastering.com,False,True,CsxknGIti,"['6a9155ce4b4d78659f232e7d817b1568c87d23bd20481697140531b9aa57085c', '111006378afbe8e99bb02ba87390ca429fca2773f74d7f7eb5744f5ddf68014b', '4f32d5dc00f715250abcc486511e37f501a899deb3bf7ea8adbbd3aef1c412da']",[],1.0,0ffee3ba8e615ad22535e7f771690a28,2b33c1374db4ddf06942f92373c0b54b,http/1.1,,8414.319386,10.0.2.15,49991,95.100.190.71,443,tcp,125.4133950000014,1540.0,27304.0,SF,True,False,0,ShADadTTFfRr,31,2799,48,29228,ssl,0
8414.396761,CJJqvK1Dn63qC2Yuh5,10.0.2.15,49990,95.100.190.71,443,TLSv12,TLS_ECDHE_RSA_WITH_AES_256_GCM_SHA384,secp256r1,www.pearsonmylabandmastering.com,False,True,CsxknGIti,"['6a9155ce4b4d78659f232e7d817b1568c87d23bd20481697140531b9aa57085c', '111006378afbe8e99bb02ba87390ca429fca2773f74d7f7eb5744f5ddf68014b', '4f32d5dc00f715250abcc486511e37f501a899deb3bf7ea8adbbd3aef1c412da']",[],1.0,0ffee3ba8e615ad22535e7f771690a28,2b33c1374db4ddf06942f92373c0b54b,http/1.1,,8414.318459,10.0.2.15,49990,95.100.190.71,443,tcp,125.42507900000057,1504.0,36333.0,SF,True,False,0,ShADadTTFfRr,33,2843,57,38617,ssl,0
8414.39801,CZP3BQ3VZVuUbZpsAk,10.0.2.15,49989,95.100.190.71,443,TLSv12,TLS_ECDHE_RSA_WITH_AES_256_GCM_SHA384,secp256r1,www.pearsonmylabandmastering.com,False,True,CsxknGIti,"['6a9155ce4b4d78659f232e7d817b1568c87d23bd20481697140531b9aa57085c', '111006378afbe8e99bb02ba87390ca429fca2773f74d7f7eb5744f5ddf68014b', '4f32d5dc00f715250abcc486511e37f501a899deb3bf7ea8adbbd3aef1c412da']",[],1.0,0ffee3ba8e615ad22535e7f771690a28,2b33c1374db4ddf06942f92373c0b54b,http/1.1,,8414.316634,10.0.2.15,49989,95.100.190.71,443,tcp,125.4161669999994,1531.0,22927.0,SF,True,False,0,ShADadTTFf,30,2750,43,24651,ssl,0
8414.387693,CyB4YRdahhKFkFQY,10.0.2.15,49988,95.100.190.71,443,TLSv12,TLS_ECDHE_RSA_WITH_AES_256_GCM_SHA384,secp256r1,www.pearsonmylabandmastering.com,False,True,CsxknGIti,"['6a9155ce4b4d78659f232e7d817b1568c87d23bd20481697140531b9aa57085c', '111006378afbe8e99bb02ba87390ca429fca2773f74d7f7eb5744f5ddf68014b', '4f32d5dc00f715250abcc486511e37f501a899deb3bf7ea8adbbd3aef1c412da']",[],1.0,0ffee3ba8e615ad22535e7f771690a28,2b33c1374db4ddf06942f92373c0b54b,http/1.1,,8414.315934,10.0.2.15,49988,95.100.190.71,443,tcp,126.61747800000012,1953.0,54078.0,SF,True,False,0,ShADadTTFf,37,3452,71,56922,ssl,0
8414.889051,C0IYQZ3O2c1Hu9p2T,10.0.2.15,49994,95.100.166.204,443,TLSv12,TLS_ECDHE_RSA_WITH_AES_256_GCM_SHA384,secp256r1,e2e-comms.pearson.com,False,True,CsxknGIti,"['43a17d66709f6ff3d7a95ddeff73202dde1adc81dc88f7112659dda924a8d09f', '111006378afbe8e99bb02ba87390ca429fca2773f74d7f7eb5744f5ddf68014b', '4f32d5dc00f715250abcc486511e37f501a899deb3bf7ea8adbbd3aef1c412da']",[],1.0,0ffee3ba8e615ad22535e7f771690a28,2b33c1374db4ddf06942f92373c0b54b,http/1.1,,8414.376459,10.0.2.15,49994,95.100.166.204,443,tcp,124.01220100000135,745.0,6848.0,SF,True,False,0,ShADadTTFfRr,24,1724,28,7972,ssl,0
8415.942194,CZADJF312Ug9QkZOpb,10.0.2.15,49997,95.100.166.204,443,TLSv12,TLS_ECDHE_RSA_WITH_AES_256_GCM_SHA384,secp256r1,e2e-comms.pearson.com,False,True,CsxknGIti,"['43a17d66709f6ff3d7a95ddeff73202dde1adc81dc88f7112659dda924a8d09f', '111006378afbe8e99bb02ba87390ca429fca2773f74d7f7eb5744f5ddf68014b', '4f32d5dc00f715250abcc486511e37f501a899deb3bf7ea8adbbd3aef1c412da']",[],1.0,0ffee3ba8e615ad22535e7f771690a28,2b33c1374db4ddf06942f92373c0b54b,http/1.1,,8415.518276,10.0.2.15,49997,95.100.166.204,443,tcp,6.424296999999569,355.0,5197.0,SF,True,False,0,ShADadFfRr,11,803,13,5721,ssl,0
8415.949656,C8sXXI33BtM7CfFQph,10.0.2.15,50004,95.101.245.11,443,TLSv12,TLS_ECDHE_RSA_WITH_AES_256_GCM_SHA384,secp256r1,auth.gfx.ms,False,True,CsxuknGIti,"['1e42f3ed478fe825639bcfeb6865f5bdbdab10c9a6a62c4b5cb13f940ea7a3f1', 'eae72eb454bf6c3977ebd289e970b2f5282949190093d0d26f98d0f0d6a9cf17']",[],1.0,0ffee3ba8e615ad22535e7f771690a28,9a31479427499ded4d3656a260298ec7,http/1.1,,8415.547076,10.0.2.15,50004,95.101.245.11,443,tcp,124.18559599999936,2028.0,24942.0,SF,True,False,0,ShADadTTFf,30,3247,44,26706,ssl,0
8415.962627,CdTAkg1Jh21VB6GM6g,10.0.2.15,50003,95.101.245.11,443,TLSv12,TLS_ECDHE_RSA_WITH_AES_256_GCM_SHA384,secp256r1,auth.gfx.ms,False,True,CsxuknGIti,"['1e42f3ed478fe825639bcfeb6865f5bdbdab10c9a6a62c4b5cb13f940ea7a3f1', 'eae72eb454bf6c3977ebd289e970b2f5282949190093d0d26f98d0f0d6a9cf17']",[],1.0,0ffee3ba8e615ad22535e7f771690a28,9a31479427499ded4d3656a260298ec7,http/1.1,,8415.546296,10.0.2.15,50003,95.101.245.11,443,tcp,122.83327199999984,1479.0,17034.0,SF,True,False,0,ShADadTTFfRr,28,2618,35,18438,ssl,0
8415.964426,CgJcDl4r5JwCC8qdAa,10.0.2.15,50002,95.101.245.11,443,TLSv12,TLS_ECDHE_RSA_WITH_AES_256_GCM_SHA384,secp256r1,auth.gfx.ms,False,True,CsxuknGIti,"['1e42f3ed478fe825639bcfeb6865f5bdbdab10c9a6a62c4b5cb13f940ea7a3f1', 'eae72eb454bf6c3977ebd289e970b2f5282949190093d0d26f98d0f0d6a9cf17']",[],1.0,0ffee3ba8e615ad22535e7f771690a28,9a31479427499ded4d3656a260298ec7,http/1.1,,8415.545434,10.0.2.15,50002,95.101.245.11,443,tcp,122.8465130000004,1486.0,24396.0,SF,True,False,0,ShADadTTFfRr,29,2665,42,26080,ssl,0
8415.965704,C9EA5U2bbXDtCaljx7,10.0.2.15,50001,95.101.245.11,443,TLSv12,TLS_ECDHE_RSA_WITH_AES_256_GCM_SHA384,secp256r1,auth.gfx.ms,False,True,CsxuknGIti,"['1e42f3ed478fe825639bcfeb6865f5bdbdab10c9a6a62c4b5cb13f940ea7a3f1', 'eae72eb454bf6c3977ebd289e970b2f5282949190093d0d26f98d0f0d6a9cf17']",[],1.0,0ffee3ba8e615ad22535e7f771690a28,9a31479427499ded4d3656a260298ec7,http/1.1,,8415.544559,10.0.2.15,50001,95.101.245.11,443,tcp,146.05371100000048,1722.0,61995.0,SF,True,False,0,ShADadTTFfRr,40,3344,81,65239,ssl,0
8415.967568,CMz3fT2XmcPhbGV9D9,10.0.2.15,49999,95.101.245.11,443,TLSv12,TLS_ECDHE_RSA_WITH_AES_256_GCM_SHA384,secp256r1,auth.gfx.ms,False,True,CsxuknGIti,"['1e42f3ed478fe825639bcfeb6865f5bdbdab10c9a6a62c4b5cb13f940ea7a3f1', 'eae72eb454bf6c3977ebd289e970b2f5282949190093d0d26f98d0f0d6a9cf17']",[],1.0,0ffee3ba8e615ad22535e7f771690a28,9a31479427499ded4d3656a260298ec7,http/1.1,,8415.54156,10.0.2.15,49999,95.101.245.11,443,tcp,122.84405300000071,1468.0,43641.0,SF,True,False,0,ShADadTTFfRr,35,2887,62,46125,ssl,0
8415.968881,CSRWj82MFrC2lGSa4f,10.0.2.15,49998,95.101.245.11,443,TLSv12,TLS_ECDHE_RSA_WITH_AES_256_GCM_SHA384,secp256r1,auth.gfx.ms,False,True,CsxuknGIti,"['1e42f3ed478fe825639bcfeb6865f5bdbdab10c9a6a62c4b5cb13f940ea7a3f1', 'eae72eb454bf6c3977ebd289e970b2f5282949190093d0d26f98d0f0d6a9cf17']",[],1.0,0ffee3ba8e615ad22535e7f771690a28,9a31479427499ded4d3656a260298ec7,http/1.1,,8415.541044,10.0.2.15,49998,95.101.245.11,443,tcp,124.2023850000005,2024.0,23718.0,SF,True,False,0,ShADadTTFf,30,3243,43,25442,ssl,0
8423.305467,CudRRn17VKGZDGDaZ2,10.0.2.15,50013,172.217.23.227,443,TLSv12,TLS_ECDHE_ECDSA_WITH_AES_128_GCM_SHA256,,fonts.gstatic.com,True,True,CsiI,,,,1a5fe5677b0e4fbbc854e8908225637d,c23237dbea656869600e48dfbd00ab7b,h2,,8422.986151,10.0.2.15,50013,172.217.23.227,443,tcp,1.316932000001543,808.0,292.0,SF,True,False,0,ShADadFf,11,1256,12,776,ssl,0
8423.292219,CfHdNA4OHmnVVTobEa,10.0.2.15,50010,172.217.23.227,443,TLSv12,TLS_ECDHE_ECDSA_WITH_AES_128_GCM_SHA256,,fonts.gstatic.com,True,True,CsiI,,,,1a5fe5677b0e4fbbc854e8908225637d,c23237dbea656869600e48dfbd00ab7b,h2,,8422.984295,10.0.2.15,50010,172.217.23.227,443,tcp,2.73616199999924,1251.0,25799.0,SF,True,False,0,ShADadFf,20,2059,33,27123,ssl,0
8423.304073,Ces8uL1vrt7GukXBna,10.0.2.15,50015,172.217.23.227,443,TLSv12,TLS_ECDHE_ECDSA_WITH_AES_128_GCM_SHA256,,fonts.gstatic.com,True,True,CsiI,,,,1a5fe5677b0e4fbbc854e8908225637d,c23237dbea656869600e48dfbd00ab7b,h2,,8422.991575,10.0.2.15,50015,172.217.23.227,443,tcp,1.311435999999957,808.0,292.0,SF,True,False,0,ShADadFf,11,1256,11,736,ssl,0
8423.304591,CFP9fY46R8VSay30b,10.0.2.15,50014,172.217.23.227,443,TLSv12,TLS_ECDHE_ECDSA_WITH_AES_128_GCM_SHA256,,fonts.gstatic.com,True,True,CsiI,,,,1a5fe5677b0e4fbbc854e8908225637d,c23237dbea656869600e48dfbd00ab7b,h2,,8422.987194,10.0.2.15,50014,172.217.23.227,443,tcp,281.5976920000012,1368.0,9780.0,SF,True,False,0,ShADadFf,22,2256,30,10984,ssl,0
8423.302269,ClXKMW1cvLR6wsDrCk,10.0.2.15,50016,95.100.190.71,443,TLSv12,TLS_ECDHE_RSA_WITH_AES_256_GCM_SHA384,secp256r1,www.pearsonmylabandmastering.com,False,True,CsxknGIti,"['6a9155ce4b4d78659f232e7d817b1568c87d23bd20481697140531b9aa57085c', '111006378afbe8e99bb02ba87390ca429fca2773f74d7f7eb5744f5ddf68014b', '4f32d5dc00f715250abcc486511e37f501a899deb3bf7ea8adbbd3aef1c412da']",[],1.0,0ffee3ba8e615ad22535e7f771690a28,2b33c1374db4ddf06942f92373c0b54b,http/1.1,,8422.992338,10.0.2.15,50016,95.100.190.71,443,tcp,121.11325700000089,891.0,21491.0,RSTO,True,False,0,ShADadTTFR,26,1950,37,22975,ssl,0
8424.866192,CXFg8z2cGheBK9jIC,10.0.2.15,50017,31.13.65.2,443,TLSv12,TLS_ECDHE_RSA_WITH_AES_128_GCM_SHA256,secp256r1,view.atdmt.com,False,True,CsxknGIti,"['f2b772fb266b4044bc352214c8ce5a08f207637984e60b48c5a77ee9a59cdacf', '19400be5b7a31fb733917700789d2f0a2471c0c9d506c0e504c06c16d7cb17c0']",[],1.0,0ffee3ba8e615ad22535e7f771690a28,b898351eb5e266aefd3723d466935494,h2,,8424.517472,10.0.2.15,50017,31.13.65.2,443,tcp,190.2723590000005,1146.0,4307.0,SF,True,False,0,ShADadfF,17,1834,22,5191,ssl,0
8424.862528,CNzi6f4SxcZh4bzkqe,10.0.2.15,50018,40.71.94.214,443,TLSv12,TLS_ECDHE_RSA_WITH_AES_256_CBC_SHA,secp384r1,client.hip.live.com,False,True,CsxuknGIi,"['d6d6b41ec966eabfa46762c74a35995e43a9af592595a9add3ead60bbe71d603', '34bd941a06ed10e2fac8459f79e4748c1ea08f142c6de5e557884d0d3ce249fa']",[],1.0,0ffee3ba8e615ad22535e7f771690a28,4fd467dd264720762ffe286277c00f57,,,8424.519419,10.0.2.15,50018,40.71.94.214,443,tcp,47.150893,1700.0,15574.0,SF,True,False,0,ShADadTfF,18,2432,27,16658,ssl,0
8427.867134,CXQQfU2CqcFyQumbYd,10.0.2.15,50025,40.71.94.214,443,TLSv12,TLS_ECDHE_RSA_WITH_AES_256_CBC_SHA,secp384r1,eu1.client.hip.live.com,False,True,CsxuknGIi,"['d6d6b41ec966eabfa46762c74a35995e43a9af592595a9add3ead60bbe71d603', '34bd941a06ed10e2fac8459f79e4748c1ea08f142c6de5e557884d0d3ce249fa']",[],1.0,0ffee3ba8e615ad22535e7f771690a28,4fd467dd264720762ffe286277c00f57,,,8427.755308,10.0.2.15,50025,40.71.94.214,443,tcp,48.9356659999994,1752.0,14582.0,SF,True,False,0,ShADadTfF,16,2404,26,15626,ssl,0
8427.870032,CEdGgl3vcZxcYGKN3f,10.0.2.15,50024,40.71.94.214,443,TLSv12,TLS_ECDHE_RSA_WITH_AES_256_CBC_SHA,secp384r1,eu1.client.hip.live.com,False,True,CsxuknGIi,"['d6d6b41ec966eabfa46762c74a35995e43a9af592595a9add3ead60bbe71d603', '34bd941a06ed10e2fac8459f79e4748c1ea08f142c6de5e557884d0d3ce249fa']",[],1.0,0ffee3ba8e615ad22535e7f771690a28,4fd467dd264720762ffe286277c00f57,,,8427.754393,10.0.2.15,50024,40.71.94.214,443,tcp,44.23887400000058,1640.0,13910.0,SF,True,False,0,ShADadTfF,17,2332,26,14954,ssl,0
8427.865857,C6qxRG20JiXNiVrC23,10.0.2.15,50023,40.71.94.214,443,TLSv12,TLS_ECDHE_RSA_WITH_AES_256_CBC_SHA,secp384r1,eu1.client.hip.live.com,False,True,CsxuknGIi,"['d6d6b41ec966eabfa46762c74a35995e43a9af592595a9add3ead60bbe71d603', '34bd941a06ed10e2fac8459f79e4748c1ea08f142c6de5e557884d0d3ce249fa']",[],1.0,0ffee3ba8e615ad22535e7f771690a28,4fd467dd264720762ffe286277c00f57,,,8427.752552,10.0.2.15,50023,40.71.94.214,443,tcp,44.77640699999938,1624.0,7334.0,SF,True,False,0,ShADadTfF,16,2276,20,8138,ssl,0
8427.89183,Cv55lZaTdFo9pUVSc,10.0.2.15,50029,40.71.94.214,443,TLSv12,TLS_ECDHE_RSA_WITH_AES_256_CBC_SHA,secp384r1,eu1.client.hip.live.com,False,True,CsxuknGIi,"['d6d6b41ec966eabfa46762c74a35995e43a9af592595a9add3ead60bbe71d603', '34bd941a06ed10e2fac8459f79e4748c1ea08f142c6de5e557884d0d3ce249fa']",[],1.0,0ffee3ba8e615ad22535e7f771690a28,4fd467dd264720762ffe286277c00f57,,,8427.775082,10.0.2.15,50029,40.71.94.214,443,tcp,5.779059000000416,435.0,5937.0,SF,True,False,0,ShADadFf,10,843,13,6461,ssl,0
8427.895274,CVtb8q2gi7FB3nQvOe,10.0.2.15,50027,40.71.94.214,443,TLSv12,TLS_ECDHE_RSA_WITH_AES_256_CBC_SHA,secp384r1,eu1.client.hip.live.com,False,True,CsxuknGIi,"['d6d6b41ec966eabfa46762c74a35995e43a9af592595a9add3ead60bbe71d603', '34bd941a06ed10e2fac8459f79e4748c1ea08f142c6de5e557884d0d3ce249fa']",[],1.0,0ffee3ba8e615ad22535e7f771690a28,4fd467dd264720762ffe286277c00f57,,,8427.772423,10.0.2.15,50027,40.71.94.214,443,tcp,5.789776999999958,435.0,5937.0,SF,True,False,0,ShADadFf,10,843,13,6461,ssl,0
8428.015597,Cx9g4S2wAhjyESgBPh,10.0.2.15,50026,23.100.40.72,443,TLSv12,TLS_ECDHE_RSA_WITH_AES_256_CBC_SHA,secp384r1,wut.smartscreen.microsoft.com,False,True,CsxuknGIi,"['949bf4de05dfee40b9f99c414b203b48cb29c11867c4ecf065c4e844a14f0c0b', '34bd941a06ed10e2fac8459f79e4748c1ea08f142c6de5e557884d0d3ce249fa']",[],1.0,0ffee3ba8e615ad22535e7f771690a28,4fd467dd264720762ffe286277c00f57,,,8427.76902,10.0.2.15,50026,23.100.40.72,443,tcp,42.78210100000069,2030.0,6606.0,SF,True,False,0,ShADadTfF,16,2682,19,7370,ssl,0
8427.888909,CXeeuzBHN0vgRTtxj,10.0.2.15,50028,40.71.94.214,443,TLSv12,TLS_ECDHE_RSA_WITH_AES_256_CBC_SHA,secp384r1,eu1.client.hip.live.com,False,True,CsxuknGIi,"['d6d6b41ec966eabfa46762c74a35995e43a9af592595a9add3ead60bbe71d603', '34bd941a06ed10e2fac8459f79e4748c1ea08f142c6de5e557884d0d3ce249fa']",[],1.0,0ffee3ba8e615ad22535e7f771690a28,4fd467dd264720762ffe286277c00f57,,,8427.773981,10.0.2.15,50028,40.71.94.214,443,tcp,5.7802429999992455,435.0,5937.0,SF,True,False,0,ShADadFf,11,883,14,6501,ssl,0
8428.018088,CpzqGc1bOT9xq9bwv6,10.0.2.15,50030,23.100.40.72,443,TLSv12,TLS_ECDHE_RSA_WITH_AES_256_CBC_SHA,secp384r1,wut.smartscreen.microsoft.com,False,True,CsxuknGIi,"['949bf4de05dfee40b9f99c414b203b48cb29c11867c4ecf065c4e844a14f0c0b', '34bd941a06ed10e2fac8459f79e4748c1ea08f142c6de5e557884d0d3ce249fa']",[],1.0,0ffee3ba8e615ad22535e7f771690a28,4fd467dd264720762ffe286277c00f57,,,8427.776197,10.0.2.15,50030,23.100.40.72,443,tcp,6.842434000000139,441.0,5593.0,SF,True,False,0,ShADadFf,10,849,11,6037,ssl,0
8429.673204,CVQc8512BINrjeI136,10.0.2.15,50032,95.100.166.204,443,TLSv12,TLS_ECDHE_RSA_WITH_AES_256_GCM_SHA384,secp256r1,support.pearson.com,False,True,CsxknGIti,"['43a17d66709f6ff3d7a95ddeff73202dde1adc81dc88f7112659dda924a8d09f', '111006378afbe8e99bb02ba87390ca429fca2773f74d7f7eb5744f5ddf68014b', '4f32d5dc00f715250abcc486511e37f501a899deb3bf7ea8adbbd3aef1c412da']",[],1.0,0ffee3ba8e615ad22535e7f771690a28,2b33c1374db4ddf06942f92373c0b54b,http/1.1,,8429.592337,10.0.2.15,50032,95.100.166.204,443,tcp,5.8840110000001005,353.0,5197.0,RSTO,True,False,0,ShADadFR,10,761,12,5681,ssl,0
8429.431793,CFa7Zct4a9dMiMwFi,10.0.2.15,50031,23.100.40.72,443,TLSv12,TLS_ECDHE_RSA_WITH_AES_256_CBC_SHA,secp384r1,wu.wut.smartscreen.microsoft.com,False,True,CsxuknGIi,"['949bf4de05dfee40b9f99c414b203b48cb29c11867c4ecf065c4e844a14f0c0b', '34bd941a06ed10e2fac8459f79e4748c1ea08f142c6de5e557884d0d3ce249fa']",[],1.0,0ffee3ba8e615ad22535e7f771690a28,4fd467dd264720762ffe286277c00f57,,,8429.265276,10.0.2.15,50031,23.100.40.72,443,tcp,41.90502299999935,2097.0,10254.0,SF,True,False,0,ShADadTfF,16,2749,23,11178,ssl,0
8435.491109,C7X1Uy3wssgThMSnn2,10.0.2.15,50033,23.100.40.72,443,TLSv12,TLS_ECDHE_RSA_WITH_AES_256_CBC_SHA,secp384r1,wu.wut.smartscreen.microsoft.com,False,True,CsxuknGIi,"['949bf4de05dfee40b9f99c414b203b48cb29c11867c4ecf065c4e844a14f0c0b', '34bd941a06ed10e2fac8459f79e4748c1ea08f142c6de5e557884d0d3ce249fa']",[],1.0,0ffee3ba8e615ad22535e7f771690a28,4fd467dd264720762ffe286277c00f57,,,8435.326366,10.0.2.15,50033,23.100.40.72,443,tcp,55.78241600000001,3126.0,7107.0,SF,True,False,0,ShADadTfF,18,3858,20,7911,ssl,0
8445.771874,C24A9f24Iwf234fOo1,10.0.2.15,50036,104.25.191.16,443,TLSv12,TLS_ECDHE_ECDSA_WITH_AES_128_GCM_SHA256,secp256r1,www.good.is,False,True,CsxknGIti,"['db6f90460b0f3f0226d56b87719fb52d455238002dcdda4fa30a82d9f65af1dc', 'cd6c108a0e641f2ca122aaa6d03f826759cae7c6f800eabf76dc48b67cd083ce', '9573862ac0b4b125168810ea3fd101ae2eb0bb15f61fc0e6da7a2a38b85a89e8']",[],1.0,0ffee3ba8e615ad22535e7f771690a28,2d1eb5817ece335c24904f516ad5da12,h2,,8445.708756,10.0.2.15,50036,104.25.191.16,443,tcp,290.25002499999937,3743.0,722507.0,SF,True,False,0,ShADadFf,252,13831,716,751151,ssl,0
8446.948239,CZhRVN2oZTCUWHDNf4,10.0.2.15,50038,68.232.35.182,443,TLSv12,TLS_ECDHE_RSA_WITH_AES_128_GCM_SHA256,secp256r1,fast.fonts.net,False,True,CsxuknGIti,"['d8f6270341a22425bd93b0d234fed03fc4d18f57e6a2499de4ed9d09925ecbcd', '154c433c491929c5ef686e838e323664a00e6a0d822ccc958fb4dab03e49a08f', '4348a0e9444c78cb265e058d5e8944b4d84f9662bd26db257f8934a443c70161']",[],1.0,0ffee3ba8e615ad22535e7f771690a28,49b45fc1ab090aa3a159778313fc9b9e,h2,,8446.915144,10.0.2.15,50038,68.232.35.182,443,tcp,282.10418799999934,1234.0,6053.0,SF,True,False,0,ShADadfF,21,2082,25,7057,ssl,0
8447.269213,CepzQcwaZpx9UUE17,10.0.2.15,50040,104.25.132.112,443,TLSv12,TLS_ECDHE_ECDSA_WITH_AES_128_GCM_SHA256,secp256r1,assets.goodstatic.com,False,True,CsxknGIti,"['f832c561e8ce1771574a32009de07d1ff447b17b2eb24f620c6ef06e978c71b5', 'cd6c108a0e641f2ca122aaa6d03f826759cae7c6f800eabf76dc48b67cd083ce', '9573862ac0b4b125168810ea3fd101ae2eb0bb15f61fc0e6da7a2a38b85a89e8']",[],1.0,0ffee3ba8e615ad22535e7f771690a28,2d1eb5817ece335c24904f516ad5da12,h2,,8447.108024,10.0.2.15,50040,104.25.132.112,443,tcp,296.91702800000166,6032.0,3014060.0,SF,True,False,0,ShADadtWFf,603,30160,2545,3117284,ssl,0
8447.263285,CZHHYgq6XzE1TCAxe,10.0.2.15,50039,173.241.240.220,443,TLSv12,TLS_ECDHE_RSA_WITH_AES_128_GCM_SHA256,secp256r1,goodworldwide-d.openx.net,False,True,CsxknGIi,"['ab7de06ea7a3de3225f335667d38750434931049f9e9cb0cb4a9caf5df22819c', '074541ecdf88ed992ed5ade3ecddef27a26ba1b44480a195c0a8dadae2521d8e']",[],1.0,0ffee3ba8e615ad22535e7f771690a28,699a80bdb17efe157c861f92c5bf5d1d,,,8447.105391,10.0.2.15,50039,173.241.240.220,443,tcp,78.7608420000015,7384.0,55369.0,SF,True,False,0,ShADadTFf,38,8917,72,58253,ssl,0
8447.264813,C3fIsX19QYsaYo9bDl,10.0.2.15,50041,173.241.240.220,443,TLSv12,TLS_ECDHE_RSA_WITH_AES_128_GCM_SHA256,secp256r1,goodworldwide-d.openx.net,False,True,CsxknGIi,"['ab7de06ea7a3de3225f335667d38750434931049f9e9cb0cb4a9caf5df22819c', '074541ecdf88ed992ed5ade3ecddef27a26ba1b44480a195c0a8dadae2521d8e']",[],1.0,0ffee3ba8e615ad22535e7f771690a28,699a80bdb17efe157c861f92c5bf5d1d,,,8447.108847,10.0.2.15,50041,173.241.240.220,443,tcp,35.20755100000133,2532.0,7137.0,SF,True,False,0,ShADadTfF,15,3142,19,7901,ssl,0
8448.141344,CGE4dYSZ67F6CttQc,10.0.2.15,50045,172.217.23.232,443,TLSv12,TLS_ECDHE_RSA_WITH_AES_128_GCM_SHA256,,www.googletagmanager.com,True,True,CsiI,,,,1a5fe5677b0e4fbbc854e8908225637d,67619a80665d7ab92d1041b1d11f9164,h2,,8448.132167,10.0.2.15,50045,172.217.23.232,443,tcp,464.0281470000009,1680.0,71489.0,SF,True,False,0,ShADadFf,50,3688,96,75333,ssl,0
8452.08754,CX43gl4cT7yxQGXFC9,10.0.2.15,50047,23.74.165.57,443,TLSv12,TLS_ECDHE_RSA_WITH_AES_256_GCM_SHA384,secp256r1,cdn.mxpnl.com,False,True,CsxknGIti,"['dd68aebdf177ede1ceb61f46afff7db60fcc0a777b402521c2619632d069910f', 'eae72eb454bf6c3977ebd289e970b2f5282949190093d0d26f98d0f0d6a9cf17', '8420dfbe376f414bf4c0a81e6936d24ccc03f304835b86c7a39142fca723a689']",[],1.0,0ffee3ba8e615ad22535e7f771690a28,2b33c1374db4ddf06942f92373c0b54b,http/1.1,,8451.769953,10.0.2.15,50047,23.74.165.57,443,tcp,5.879397999999128,379.0,4822.0,SF,True,False,0,ShADadFfRr,12,867,15,5426,ssl,0
8452.234077,CzEFW61BPFCyCVtHkg,10.0.2.15,50046,95.172.94.29,443,TLSv12,TLS_ECDHE_RSA_WITH_AES_128_GCM_SHA256,secp256r1,secure.quantserve.com,False,True,CsxknGIti,"['7d39ee69bdac843654f44bb3164a243b3e8c527019b6225992e5d36771f19e8f', '19400be5b7a31fb733917700789d2f0a2471c0c9d506c0e504c06c16d7cb17c0']",[],1.0,0ffee3ba8e615ad22535e7f771690a28,ccc514751b175866924439bdbb5bba34,,,8451.767203,10.0.2.15,50046,95.172.94.29,443,tcp,7.572272000001249,355.0,3323.0,SF,True,False,0,ShADadFfRr,11,803,12,3807,ssl,0
8452.234924,CUPdQ32mXqBedynFQ2,10.0.2.15,50048,95.100.191.4,443,TLSv12,TLS_ECDHE_RSA_WITH_AES_256_GCM_SHA384,secp256r1,sb.scorecardresearch.com,False,True,CsxknGIti,"['a523ef18d09457b0fe5084a65e99053ed280f9473c38bc9ddade90f9ae25f115', '111006378afbe8e99bb02ba87390ca429fca2773f74d7f7eb5744f5ddf68014b', '4f32d5dc00f715250abcc486511e37f501a899deb3bf7ea8adbbd3aef1c412da']",[],1.0,1a5fe5677b0e4fbbc854e8908225637d,2b33c1374db4ddf06942f92373c0b54b,http/1.1,,8451.785924,10.0.2.15,50048,95.100.191.4,443,tcp,186.86744499999983,3956.0,9915.0,SF,True,False,0,ShADadTTFf,39,5539,41,11559,ssl,0
8452.861596,CHAzmy3xQZgHH1DbT3,10.0.2.15,50049,95.100.191.4,443,TLSv12,TLS_ECDHE_RSA_WITH_AES_256_GCM_SHA384,secp256r1,sb.scorecardresearch.com,False,True,CsxknGIti,"['a523ef18d09457b0fe5084a65e99053ed280f9473c38bc9ddade90f9ae25f115', '111006378afbe8e99bb02ba87390ca429fca2773f74d7f7eb5744f5ddf68014b', '4f32d5dc00f715250abcc486511e37f501a899deb3bf7ea8adbbd3aef1c412da']",[],1.0,1a5fe5677b0e4fbbc854e8908225637d,2b33c1374db4ddf06942f92373c0b54b,http/1.1,,8452.235971,10.0.2.15,50049,95.100.191.4,443,tcp,7.095601999999417,674.0,5199.0,SF,True,False,0,ShADadFfRr,11,1122,14,5763,ssl,0
8452.86343,CO62Pw4jVXZrJMzqIb,10.0.2.15,50050,159.122.19.153,443,TLSv12,TLS_ECDHE_RSA_WITH_AES_128_GCM_SHA256,secp256r1,api.mixpanel.com,False,True,CsxknGIti,"['229a96c70c6d8b2936b27ac8653884f7e9fa2fcfe8f007b03aed4728877f4903', 'e6683e88315cd1cb403c0cea490f7c4b4c82c91cd485037489aadbaa90839f61']",[],1.0,0ffee3ba8e615ad22535e7f771690a28,ccc514751b175866924439bdbb5bba34,,,8452.437362,10.0.2.15,50050,159.122.19.153,443,tcp,108.76545599999918,2390.0,5127.0,SF,True,False,0,ShADadTfF,23,3327,25,6131,ssl,0
8453.062678,CwOEOS3H1HmSToDob5,10.0.2.15,50051,54.192.93.150,443,TLSv12,TLS_ECDHE_RSA_WITH_AES_128_GCM_SHA256,secp256r1,rules.quantcount.com,False,True,CsxuknGIti,"['7d39ee69bdac843654f44bb3164a243b3e8c527019b6225992e5d36771f19e8f', '19400be5b7a31fb733917700789d2f0a2471c0c9d506c0e504c06c16d7cb17c0']",[],1.0,0ffee3ba8e615ad22535e7f771690a28,76cc3e2d3028143b23ec18e27dbd7ca9,h2,,8452.776387,10.0.2.15,50051,54.192.93.150,443,tcp,232.9505050000007,1125.0,4708.0,SF,True,False,0,ShADadFf,22,2013,25,5712,ssl,0
8453.304985,Ckdttgi98NmK2Ml0j,10.0.2.15,50052,159.122.19.153,443,TLSv12,TLS_ECDHE_RSA_WITH_AES_128_GCM_SHA256,secp256r1,api.mixpanel.com,False,True,CsxknGIti,"['229a96c70c6d8b2936b27ac8653884f7e9fa2fcfe8f007b03aed4728877f4903', 'e6683e88315cd1cb403c0cea490f7c4b4c82c91cd485037489aadbaa90839f61']",[],1.0,0ffee3ba8e615ad22535e7f771690a28,ccc514751b175866924439bdbb5bba34,,,8452.845432,10.0.2.15,50052,159.122.19.153,443,tcp,107.93722399999932,2903.0,4436.0,SF,True,False,0,ShADadTfF,22,3800,24,5400,ssl,0
8454.256778,CFq0FT3VoA9AqQRJrd,10.0.2.15,50056,159.122.19.153,443,TLSv12,TLS_ECDHE_RSA_WITH_AES_128_GCM_SHA256,secp256r1,api.mixpanel.com,False,True,CsxknGIti,"['229a96c70c6d8b2936b27ac8653884f7e9fa2fcfe8f007b03aed4728877f4903', 'e6683e88315cd1cb403c0cea490f7c4b4c82c91cd485037489aadbaa90839f61']",[],1.0,0ffee3ba8e615ad22535e7f771690a28,ccc514751b175866924439bdbb5bba34,,,8453.606435,10.0.2.15,50056,159.122.19.153,443,tcp,6.767804000000979,350.0,3431.0,SF,True,False,0,ShADadFf,10,758,10,3835,ssl,0
8454.264001,Cys9gv2B3TG76gj5wj,10.0.2.15,50055,159.122.19.153,443,TLSv12,TLS_ECDHE_RSA_WITH_AES_128_GCM_SHA256,secp256r1,api.mixpanel.com,False,True,CsxknGIti,"['229a96c70c6d8b2936b27ac8653884f7e9fa2fcfe8f007b03aed4728877f4903', 'e6683e88315cd1cb403c0cea490f7c4b4c82c91cd485037489aadbaa90839f61']",[],1.0,0ffee3ba8e615ad22535e7f771690a28,ccc514751b175866924439bdbb5bba34,,,8453.595053,10.0.2.15,50055,159.122.19.153,443,tcp,6.791845000001558,350.0,3431.0,SF,True,False,0,ShADadFf,10,758,10,3835,ssl,0
8455.351825,Cd8r874MIAyQCK1TE1,10.0.2.15,50061,95.172.94.55,443,TLSv12,TLS_ECDHE_RSA_WITH_AES_128_GCM_SHA256,secp256r1,pixel.quantserve.com,False,True,CsxknGIti,"['7d39ee69bdac843654f44bb3164a243b3e8c527019b6225992e5d36771f19e8f', '19400be5b7a31fb733917700789d2f0a2471c0c9d506c0e504c06c16d7cb17c0']",[],1.0,0ffee3ba8e615ad22535e7f771690a28,ccc514751b175866924439bdbb5bba34,,,8455.041528,10.0.2.15,50061,95.172.94.55,443,tcp,2.580078999999386,2072.0,3637.0,SF,True,False,0,ShADadfF,12,2560,14,4201,ssl,0
8455.700921,CItlND4neWUIbzgGSj,10.0.2.15,50062,172.217.23.225,443,TLSv12,TLS_ECDHE_RSA_WITH_AES_128_GCM_SHA256,,tpc.googlesyndication.com,True,True,CsiI,,,,1a5fe5677b0e4fbbc854e8908225637d,67619a80665d7ab92d1041b1d11f9164,h2,,8455.354288,10.0.2.15,50062,172.217.23.225,443,tcp,232.45480099999983,1326.0,7895.0,SF,True,False,0,ShADadFf,20,2134,27,8979,ssl,0
8455.69924,CPoyBV2q6lPAnL9sVa,10.0.2.15,50063,216.58.201.98,443,TLSv12,TLS_ECDHE_ECDSA_WITH_AES_128_GCM_SHA256,x25519,pagead2.googlesyndication.com,False,True,CsxknGIti,"['7dab2c14c2154b93fe35063ca1c26a233a78ca71cbb2bca391546edc16638392', '9f630426df1d8abfd80ace98871ba833ab9742cb34838de2b5285ed54c0c7dcc', '3c35cc963eb004451323d3275d05b353235053490d9cd83729a2faf5e7ca1cc0']",[],1.0,0ffee3ba8e615ad22535e7f771690a28,84480cf8cf0e732666092640e581e1a5,h2,,8455.355848,10.0.2.15,50063,216.58.201.98,443,tcp,399.187777000001,6453.0,7232.0,SF,True,False,0,ShADadFf,53,8581,65,9836,ssl,0
8456.137509,CFE8eX2QLhgQp47uCb,10.0.2.15,50064,216.58.201.98,443,TLSv12,TLS_ECDHE_RSA_WITH_AES_128_GCM_SHA256,x25519,adx.g.doubleclick.net,False,True,CsxknGIti,"['a32ffddd76f9e7debbfc9a37b38d2ef86039b30a10d7c45ab8223d149cf99699', '9f630426df1d8abfd80ace98871ba833ab9742cb34838de2b5285ed54c0c7dcc', '3c35cc963eb004451323d3275d05b353235053490d9cd83729a2faf5e7ca1cc0']",[],1.0,0ffee3ba8e615ad22535e7f771690a28,ab41313cfec25328b20865eb1388e0a2,h2,,8455.832988,10.0.2.15,50064,216.58.201.98,443,tcp,345.17617599999903,5050.0,7722.0,SF,True,False,0,ShADadfF,57,7338,74,10686,ssl,0
8456.141277,C4jKxJ2dzZ2UpE8fu5,10.0.2.15,50066,216.58.201.98,443,TLSv12,TLS_ECDHE_RSA_WITH_AES_128_GCM_SHA256,x25519,googleads.g.doubleclick.net,False,True,CsxknGIti,"['a32ffddd76f9e7debbfc9a37b38d2ef86039b30a10d7c45ab8223d149cf99699', '9f630426df1d8abfd80ace98871ba833ab9742cb34838de2b5285ed54c0c7dcc', '3c35cc963eb004451323d3275d05b353235053490d9cd83729a2faf5e7ca1cc0']",[],1.0,0ffee3ba8e615ad22535e7f771690a28,ab41313cfec25328b20865eb1388e0a2,h2,,8455.912031,10.0.2.15,50066,216.58.201.98,443,tcp,128.67742399999952,5630.0,25861.0,SF,True,False,0,ShADadFf,44,7398,67,28545,ssl,0
8456.142699,C8DfQb2S68MwIGEMm4,10.0.2.15,50065,216.58.201.98,443,TLSv12,TLS_ECDHE_RSA_WITH_AES_128_GCM_SHA256,x25519,adx.g.doubleclick.net,False,True,CsxknGIti,"['a32ffddd76f9e7debbfc9a37b38d2ef86039b30a10d7c45ab8223d149cf99699', '9f630426df1d8abfd80ace98871ba833ab9742cb34838de2b5285ed54c0c7dcc', '3c35cc963eb004451323d3275d05b353235053490d9cd83729a2faf5e7ca1cc0']",[],1.0,0ffee3ba8e615ad22535e7f771690a28,ab41313cfec25328b20865eb1388e0a2,h2,,8455.836049,10.0.2.15,50065,216.58.201.98,443,tcp,3.043342000000848,531.0,4085.0,SF,True,False,0,ShADadFf,13,1059,14,4649,ssl,0
8456.838273,CpXt6VVEOogFYAlRc,10.0.2.15,50067,172.217.23.226,443,TLSv12,TLS_ECDHE_RSA_WITH_AES_128_GCM_SHA256,x25519,cm.g.doubleclick.net,False,True,CsxknGIti,"['a32ffddd76f9e7debbfc9a37b38d2ef86039b30a10d7c45ab8223d149cf99699', '9f630426df1d8abfd80ace98871ba833ab9742cb34838de2b5285ed54c0c7dcc', '3c35cc963eb004451323d3275d05b353235053490d9cd83729a2faf5e7ca1cc0']",[],1.0,0ffee3ba8e615ad22535e7f771690a28,ab41313cfec25328b20865eb1388e0a2,h2,,8456.147699,10.0.2.15,50067,172.217.23.226,443,tcp,63.5301210000016,579.0,4131.0,SF,True,False,0,ShADadFf,12,1067,15,4735,ssl,0
8459.593891,COkzJu17Bp6iZhsq6e,10.0.2.15,50074,173.241.240.143,443,TLSv12,TLS_ECDHE_RSA_WITH_AES_128_GCM_SHA256,secp256r1,us-u.openx.net,False,True,CsxknGIi,"['ab7de06ea7a3de3225f335667d38750434931049f9e9cb0cb4a9caf5df22819c', '074541ecdf88ed992ed5ade3ecddef27a26ba1b44480a195c0a8dadae2521d8e']",[],1.0,0ffee3ba8e615ad22535e7f771690a28,699a80bdb17efe157c861f92c5bf5d1d,,,8459.553418,10.0.2.15,50074,173.241.240.143,443,tcp,33.086833999999726,2376.0,4975.0,SF,True,False,0,ShADadTfF,17,3066,20,5779,ssl,0
8460.401107,CQvL5v1mg3hjLsMchh,10.0.2.15,50078,185.29.135.227,443,TLSv12,TLS_ECDHE_RSA_WITH_AES_128_GCM_SHA256,secp256r1,sync.mathtag.com,False,True,CsxknGIti,"['82e454f53aa3be8b62d47779e364161287a2de0a1ce9e3b37243ae64bd7d7906', '154c433c491929c5ef686e838e323664a00e6a0d822ccc958fb4dab03e49a08f']",[],1.0,0ffee3ba8e615ad22535e7f771690a28,389ed42c02ebecc32e73aa31def07e14,,,8460.357578,10.0.2.15,50078,185.29.135.227,443,tcp,517.1553120000008,4929.0,4667.0,SF,True,False,0,ShADadTTfF,65,7587,68,7391,ssl,0
8460.516747,C1DHIT2ZCWiQODxMKg,10.0.2.15,50076,46.228.164.11,443,TLSv12,TLS_RSA_WITH_AES_128_CBC_SHA,,ad.turn.com,False,True,CsxnGIti,"['331de231c71d6e7597ac717a3ade18b10f51eea0ce4b3c9c75144a7b5ce9e2cf', '154c433c491929c5ef686e838e323664a00e6a0d822ccc958fb4dab03e49a08f']",[],1.0,1a5fe5677b0e4fbbc854e8908225637d,7224c92f21d262b619e105efd1055cf7,,,8460.355677,10.0.2.15,50076,46.228.164.11,443,tcp,5.5596370000002935,1328.0,7118.0,SF,True,False,0,ShADadfF,9,1696,13,7642,ssl,0
8460.520032,CLHZYw1LnnL0S2z4t4,10.0.2.15,50079,54.246.119.134,443,TLSv12,TLS_ECDHE_RSA_WITH_AES_128_GCM_SHA256,secp256r1,match.adsrvr.org,False,True,CsxknGIi,"['eb6a61e357a3b2f8e2ab4cc809f2088543de4475bcacfe6122f6dbe82d9b7c38', '58ea0688b7909aaa8eaaa2fff36f3bbe8f4a2ad03bd70243b3903469db4890f7']",[],1.0,0ffee3ba8e615ad22535e7f771690a28,303951d4c50efb2e991652225a6f02b1,,,8460.358811,10.0.2.15,50079,54.246.119.134,443,tcp,62.63578699999925,3215.0,6253.0,SF,True,False,0,ShADadTFf,18,3949,22,7137,ssl,0
8460.649872,CT2N382pvfIv6tsdNf,10.0.2.15,50082,46.228.164.11,443,TLSv12,TLS_RSA_WITH_AES_128_CBC_SHA,,ad.turn.com,False,True,CsxnGIti,"['331de231c71d6e7597ac717a3ade18b10f51eea0ce4b3c9c75144a7b5ce9e2cf', '154c433c491929c5ef686e838e323664a00e6a0d822ccc958fb4dab03e49a08f']",[],1.0,1a5fe5677b0e4fbbc854e8908225637d,7224c92f21d262b619e105efd1055cf7,,,8460.53977,10.0.2.15,50082,46.228.164.11,443,tcp,5.527001000000382,859.0,3151.0,SF,True,False,0,ShADadfF,8,1187,10,3555,ssl,0
8460.523379,CUBnOj2uvIcnNCHnMb,10.0.2.15,50075,8.30.11.14,443,TLSv12,TLS_DHE_RSA_WITH_AES_256_CBC_SHA,,sync.1rx.io,False,True,CsxknGIi,"['a6d6212e891902d3452e6aa1363c98fd50370873cf2238e90bfd7e9c433318a9', 'e6683e88315cd1cb403c0cea490f7c4b4c82c91cd485037489aadbaa90839f61']",[],1.0,0ffee3ba8e615ad22535e7f771690a28,d90fa179c9daf35598ed8341272118f7,,,8460.352091,10.0.2.15,50075,8.30.11.14,443,tcp,8.40617999999995,1132.0,3641.0,SF,True,False,0,ShADadfF,11,1580,12,4125,ssl,0
8460.522196,ChyOxz2hUll18KdBIc,10.0.2.15,50077,149.174.28.143,443,TLSv12,TLS_RSA_WITH_AES_128_CBC_SHA,,ox.pxl.ace.advertising.com,False,True,CsxnGIi,"['0026705123888b480ac204691f51c7389a495443f5416a6256fe704260d381d5', '3b0cc20384ad7f24eb438f2b80c63ebe003f7f215b8877e418ebb0484028db57', '6b143c2005d5539cc22eab5f772db2a9fe87467feffa07fcf0a9f7d28274ca7a']",[],1.0,0ffee3ba8e615ad22535e7f771690a28,5397c414a9ebeaff1bf18b70ca22eaa0,,,8460.356639,10.0.2.15,50077,149.174.28.143,443,tcp,123.0104050000009,2267.0,5014.0,SF,True,False,0,ShADadTTFf,24,3247,25,6018,ssl,0
8460.815773,CRTdXx4kowXok1Raj,10.0.2.15,50083,54.246.119.134,443,TLSv12,TLS_ECDHE_RSA_WITH_AES_128_GCM_SHA256,secp256r1,match.adsrvr.org,False,True,CsxknGIi,"['eb6a61e357a3b2f8e2ab4cc809f2088543de4475bcacfe6122f6dbe82d9b7c38', '58ea0688b7909aaa8eaaa2fff36f3bbe8f4a2ad03bd70243b3903469db4890f7']",[],1.0,0ffee3ba8e615ad22535e7f771690a28,303951d4c50efb2e991652225a6f02b1,,,8460.540889,10.0.2.15,50083,54.246.119.134,443,tcp,5.570063999999547,350.0,3188.0,SF,True,False,0,ShADadFRfr,11,798,13,3712,ssl,0
8460.932896,C9R8964cFGhLl7AkT8,10.0.2.15,50080,149.174.28.143,443,TLSv12,TLS_RSA_WITH_AES_128_CBC_SHA,,ox.pxl.ace.advertising.com,False,True,CsxnGIi,"['0026705123888b480ac204691f51c7389a495443f5416a6256fe704260d381d5', '3b0cc20384ad7f24eb438f2b80c63ebe003f7f215b8877e418ebb0484028db57', '6b143c2005d5539cc22eab5f772db2a9fe87467feffa07fcf0a9f7d28274ca7a']",[],1.0,0ffee3ba8e615ad22535e7f771690a28,5397c414a9ebeaff1bf18b70ca22eaa0,,,8460.535787,10.0.2.15,50080,149.174.28.143,443,tcp,6.8407419999985,598.0,4065.0,SF,True,False,0,ShADadFf,10,1006,10,4469,ssl,0
8460.971552,C1M5tl1TJilX1nyEyc,10.0.2.15,50081,8.30.11.14,443,TLSv12,TLS_DHE_RSA_WITH_AES_256_CBC_SHA,,sync.1rx.io,False,True,CsxknGIi,"['a6d6212e891902d3452e6aa1363c98fd50370873cf2238e90bfd7e9c433318a9', 'e6683e88315cd1cb403c0cea490f7c4b4c82c91cd485037489aadbaa90839f61']",[],1.0,0ffee3ba8e615ad22535e7f771690a28,d90fa179c9daf35598ed8341272118f7,,,8460.537887,10.0.2.15,50081,8.30.11.14,443,tcp,6.831435000000056,487.0,3204.0,SF,True,False,0,ShADadFf,10,895,11,3648,ssl,0
8462.46144,CFfyBw1XIiewb5pLa2,10.0.2.15,50086,173.241.240.143,443,TLSv12,TLS_ECDHE_RSA_WITH_AES_128_GCM_SHA256,secp256r1,us-u.openx.net,False,True,CsxknGIi,"['ab7de06ea7a3de3225f335667d38750434931049f9e9cb0cb4a9caf5df22819c', '074541ecdf88ed992ed5ade3ecddef27a26ba1b44480a195c0a8dadae2521d8e']",[],1.0,0ffee3ba8e615ad22535e7f771690a28,699a80bdb17efe157c861f92c5bf5d1d,,,8462.019611,10.0.2.15,50086,173.241.240.143,443,tcp,31.161871000000247,867.0,3255.0,SF,True,False,0,ShADadTfF,12,1357,15,3859,ssl,0
8462.462449,CGOEu83WITazk4R99a,10.0.2.15,50087,173.241.240.143,443,TLSv12,TLS_ECDHE_RSA_WITH_AES_128_GCM_SHA256,secp256r1,us-u.openx.net,False,True,CsxknGIi,"['ab7de06ea7a3de3225f335667d38750434931049f9e9cb0cb4a9caf5df22819c', '074541ecdf88ed992ed5ade3ecddef27a26ba1b44480a195c0a8dadae2521d8e']",[],1.0,0ffee3ba8e615ad22535e7f771690a28,699a80bdb17efe157c861f92c5bf5d1d,,,8462.020413,10.0.2.15,50087,173.241.240.143,443,tcp,6.280576999999539,380.0,3124.0,SF,True,False,0,ShADadFfRr,11,828,13,3648,ssl,0
8463.050779,CIB3qk3EAI1AUhsM94,10.0.2.15,50090,173.241.240.143,443,TLSv12,TLS_ECDHE_RSA_WITH_AES_128_GCM_SHA256,secp256r1,us-u.openx.net,False,True,CsxknGIi,"['ab7de06ea7a3de3225f335667d38750434931049f9e9cb0cb4a9caf5df22819c', '074541ecdf88ed992ed5ade3ecddef27a26ba1b44480a195c0a8dadae2521d8e']",[],1.0,0ffee3ba8e615ad22535e7f771690a28,699a80bdb17efe157c861f92c5bf5d1d,,,8462.702567,10.0.2.15,50090,173.241.240.143,443,tcp,5.60825499999919,380.0,3124.0,SF,True,False,0,ShADadFRfr,10,788,12,3608,ssl,0
8463.051819,Cma0XVQijKmSwsyy6,10.0.2.15,50091,173.241.240.143,443,TLSv12,TLS_ECDHE_RSA_WITH_AES_128_GCM_SHA256,secp256r1,us-u.openx.net,False,True,CsxknGIi,"['ab7de06ea7a3de3225f335667d38750434931049f9e9cb0cb4a9caf5df22819c', '074541ecdf88ed992ed5ade3ecddef27a26ba1b44480a195c0a8dadae2521d8e']",[],1.0,0ffee3ba8e615ad22535e7f771690a28,699a80bdb17efe157c861f92c5bf5d1d,,,8462.709098,10.0.2.15,50091,173.241.240.143,443,tcp,5.589096000001518,380.0,3124.0,SF,True,False,0,ShADadFfRr,10,788,12,3608,ssl,0
8465.395638,CmNSDOPmM0KiqMHYf,10.0.2.15,50092,172.217.23.238,443,TLSv12,TLS_ECDHE_ECDSA_WITH_AES_128_GCM_SHA256,x25519,encrypted-tbn3.gstatic.com,False,True,CsxknGIti,"['11ddd329046367c19b32ffdb02ed308de129de4d6ffcf95856d7bd6a7accfba9', '9f630426df1d8abfd80ace98871ba833ab9742cb34838de2b5285ed54c0c7dcc', '3c35cc963eb004451323d3275d05b353235053490d9cd83729a2faf5e7ca1cc0']",[],1.0,0ffee3ba8e615ad22535e7f771690a28,84480cf8cf0e732666092640e581e1a5,h2,,8465.35277,10.0.2.15,50092,172.217.23.238,443,tcp,190.32526400000097,744.0,4561.0,SF,True,False,0,ShADadFf,19,1512,21,5405,ssl,0
8465.715592,C3OA5s4MCDVh0JWM9h,10.0.2.15,50094,172.217.23.238,443,TLSv12,TLS_ECDHE_ECDSA_WITH_AES_128_GCM_SHA256,x25519,encrypted-tbn1.gstatic.com,False,True,CsxknGIti,"['11ddd329046367c19b32ffdb02ed308de129de4d6ffcf95856d7bd6a7accfba9', '9f630426df1d8abfd80ace98871ba833ab9742cb34838de2b5285ed54c0c7dcc', '3c35cc963eb004451323d3275d05b353235053490d9cd83729a2faf5e7ca1cc0']",[],1.0,0ffee3ba8e615ad22535e7f771690a28,84480cf8cf0e732666092640e581e1a5,h2,,8465.355597,10.0.2.15,50094,172.217.23.238,443,tcp,190.0865450000001,744.0,4559.0,SF,True,False,0,ShADadFf,19,1512,22,5443,ssl,0
8465.719338,ClelS91Q6ej4qC4hK3,10.0.2.15,50093,172.217.23.238,443,TLSv12,TLS_ECDHE_ECDSA_WITH_AES_128_GCM_SHA256,x25519,encrypted-tbn2.gstatic.com,False,True,CsxknGIti,"['11ddd329046367c19b32ffdb02ed308de129de4d6ffcf95856d7bd6a7accfba9', '9f630426df1d8abfd80ace98871ba833ab9742cb34838de2b5285ed54c0c7dcc', '3c35cc963eb004451323d3275d05b353235053490d9cd83729a2faf5e7ca1cc0']",[],1.0,0ffee3ba8e615ad22535e7f771690a28,84480cf8cf0e732666092640e581e1a5,h2,,8465.354604,10.0.2.15,50093,172.217.23.238,443,tcp,192.6361940000006,744.0,4560.0,SF,True,False,0,ShADadFf,18,1472,20,5364,ssl,0
8494.222104,C9Ub7P1VQkQvEk2iwc,10.0.2.15,50095,173.241.240.220,443,TLSv12,TLS_ECDHE_RSA_WITH_AES_128_GCM_SHA256,secp256r1,goodworldwide-d.openx.net,False,True,CsxknGIi,"['ab7de06ea7a3de3225f335667d38750434931049f9e9cb0cb4a9caf5df22819c', '074541ecdf88ed992ed5ade3ecddef27a26ba1b44480a195c0a8dadae2521d8e']",[],1.0,0ffee3ba8e615ad22535e7f771690a28,699a80bdb17efe157c861f92c5bf5d1d,,,8494.177104,10.0.2.15,50095,173.241.240.220,443,tcp,31.697147999999288,2586.0,7104.0,SF,True,False,0,ShADadTfF,15,3196,18,7828,ssl,0
8494.494165,C8jORc4cEB0aeks80e,10.0.2.15,50096,173.241.240.220,443,TLSv12,TLS_ECDHE_RSA_WITH_AES_128_GCM_SHA256,secp256r1,goodworldwide-d.openx.net,False,True,CsxknGIi,"['ab7de06ea7a3de3225f335667d38750434931049f9e9cb0cb4a9caf5df22819c', '074541ecdf88ed992ed5ade3ecddef27a26ba1b44480a195c0a8dadae2521d8e']",[],1.0,0ffee3ba8e615ad22535e7f771690a28,699a80bdb17efe157c861f92c5bf5d1d,,,8494.455898,10.0.2.15,50096,173.241.240.220,443,tcp,31.41880999999921,1900.0,3241.0,SF,True,False,0,ShADadTfF,13,2430,14,3805,ssl,0
8494.492282,C8T0fhL3ujAKHCRL8,10.0.2.15,50097,173.241.240.220,443,TLSv12,TLS_ECDHE_RSA_WITH_AES_128_GCM_SHA256,secp256r1,goodworldwide-d.openx.net,False,True,CsxknGIi,"['ab7de06ea7a3de3225f335667d38750434931049f9e9cb0cb4a9caf5df22819c', '074541ecdf88ed992ed5ade3ecddef27a26ba1b44480a195c0a8dadae2521d8e']",[],1.0,0ffee3ba8e615ad22535e7f771690a28,699a80bdb17efe157c861f92c5bf5d1d,,,8494.456446,10.0.2.15,50097,173.241.240.220,443,tcp,5.732373999999254,391.0,3124.0,SF,True,False,0,ShADadFfRr,10,799,11,3568,ssl,0
8495.76763,CBYuDiRmDLAsYg2Bj,10.0.2.15,50099,95.172.94.29,443,TLSv12,TLS_ECDHE_RSA_WITH_AES_128_GCM_SHA256,,secure.quantserve.com,True,True,CsiI,,,,1a5fe5677b0e4fbbc854e8908225637d,fbe78c619e7ea20046131294ad087f05,,,8495.343618,10.0.2.15,50099,95.172.94.29,443,tcp,6.599144999998316,599.0,168.0,SF,True,False,0,ShADadFfRr,9,967,9,532,ssl,0
8495.770619,CG1WvP2kvHq6nRC6B4,10.0.2.15,50098,23.74.165.57,443,TLSv12,TLS_ECDHE_RSA_WITH_AES_256_GCM_SHA384,,cdn.mxpnl.com,True,True,CsiI,,,,1a5fe5677b0e4fbbc854e8908225637d,410b9bedaf65dd26c6fe547154d60db4,http/1.1,,8495.342691,10.0.2.15,50098,23.74.165.57,443,tcp,6.582889999999679,599.0,183.0,SF,True,False,0,ShADadFfRr,9,967,9,547,ssl,0
8497.066318,CAl6we2JaK23mBeaKd,10.0.2.15,50101,95.172.94.55,443,TLSv12,TLS_ECDHE_RSA_WITH_AES_128_GCM_SHA256,,pixel.quantserve.com,True,True,CsiI,,,,1a5fe5677b0e4fbbc854e8908225637d,fbe78c619e7ea20046131294ad087f05,,,8497.013399,10.0.2.15,50101,95.172.94.55,443,tcp,0.375588000000789,2274.0,482.0,SF,True,False,0,ShADadfF,9,2642,10,886,ssl,0
8497.068154,ChzrhzJvhvR70piFb,10.0.2.15,50100,95.172.94.55,443,TLSv12,TLS_ECDHE_RSA_WITH_AES_128_GCM_SHA256,,pixel.quantserve.com,True,True,CsiI,,,,1a5fe5677b0e4fbbc854e8908225637d,fbe78c619e7ea20046131294ad087f05,,,8497.012455,10.0.2.15,50100,95.172.94.55,443,tcp,6.967751000000135,599.0,168.0,SF,True,False,0,ShADadFfRr,8,927,9,532,ssl,0
8497.873387,Ci30TIifUxnJRHnnf,10.0.2.15,50102,52.214.39.79,443,TLSv12,TLS_ECDHE_RSA_WITH_AES_128_GCM_SHA256,secp256r1,sync.adotmob.com,False,True,CsxknGIi,"['55b1f0275fb9ebc214d0b886053c5e53144fb6bbefc8b9756152e6dd0f38308e', '074541ecdf88ed992ed5ade3ecddef27a26ba1b44480a195c0a8dadae2521d8e']",[],1.0,0ffee3ba8e615ad22535e7f771690a28,303951d4c50efb2e991652225a6f02b1,,,8497.821036,10.0.2.15,50102,52.214.39.79,443,tcp,60.62580100000014,937.0,3716.0,SF,True,False,0,ShADadTFf,15,1550,18,4440,ssl,0
8498.545357,CuSLrv2LTtN0LfmxMk,10.0.2.15,50103,31.172.81.160,443,TLSv12,TLS_RSA_WITH_AES_128_CBC_SHA,,sync3.sniperlog.ru,False,True,CsxnGIti,"['a85a1ba50ebda1d1245e6d263116de24e6962867e883879de053a9b19d60321b', '973a41276ffd01e027a2aad49e34c37846d3e976ff6a620b6712e33832041aa6', '3a2fbe92891e57fe05d57087f48e730f17e5a5f53ef403d618e5b74d7a7e6ecb', 'c3846bf24b9e93ca64274c0ec67c1ecc5e024ffcacd2d74019350e81fe546ae4']",[],1.0,0ffee3ba8e615ad22535e7f771690a28,7224c92f21d262b619e105efd1055cf7,,,8498.523369,10.0.2.15,50103,31.172.81.160,443,tcp,124.05786199999966,2157.0,7044.0,SF,True,False,0,ShADadTTFf,27,3257,29,8208,ssl,0
8499.313519,C4Hn1d256rNnQq4GUj,10.0.2.15,50105,31.172.81.172,443,TLSv12,TLS_RSA_WITH_AES_128_CBC_SHA,,sync3.adsniper.ru,False,True,CsxnGIti,"['bbfbd3fc692cf758f3b3ebe3b58c6191783897a07dd9ab899165bdb748f92fa4', '973a41276ffd01e027a2aad49e34c37846d3e976ff6a620b6712e33832041aa6', '3a2fbe92891e57fe05d57087f48e730f17e5a5f53ef403d618e5b74d7a7e6ecb', 'c3846bf24b9e93ca64274c0ec67c1ecc5e024ffcacd2d74019350e81fe546ae4']",[],1.0,0ffee3ba8e615ad22535e7f771690a28,7224c92f21d262b619e105efd1055cf7,,,8499.284326,10.0.2.15,50105,31.172.81.172,443,tcp,123.29681699999855,1671.0,6525.0,SF,True,False,0,ShADadTTFf,24,2651,28,7649,ssl,0
8500.730353,ClVfIE75Dup1078Pi,10.0.2.15,50108,46.228.164.11,443,TLSv12,TLS_RSA_WITH_AES_128_CBC_SHA,,ad.turn.com,False,True,CsxnGIti,"['331de231c71d6e7597ac717a3ade18b10f51eea0ce4b3c9c75144a7b5ce9e2cf', '154c433c491929c5ef686e838e323664a00e6a0d822ccc958fb4dab03e49a08f']",[],1.0,1a5fe5677b0e4fbbc854e8908225637d,7224c92f21d262b619e105efd1055cf7,,,8500.600917,10.0.2.15,50108,46.228.164.11,443,tcp,7.50901900000099,859.0,3151.0,SF,True,False,0,ShADadfF,9,1227,10,3555,ssl,0
8500.734856,CjHKJa2CXq16lLwyA8,10.0.2.15,50110,54.246.119.134,443,TLSv12,TLS_ECDHE_RSA_WITH_AES_128_GCM_SHA256,,match.adsrvr.org,True,True,CsiI,,,,0ffee3ba8e615ad22535e7f771690a28,303951d4c50efb2e991652225a6f02b1,,,8500.621279,10.0.2.15,50110,54.246.119.134,443,tcp,7.538322999998854,307.0,176.0,SF,True,False,0,ShADadFfRr,9,675,9,540,ssl,0
8500.732842,C05pqF3ZarUe9g2VQ,10.0.2.15,50111,185.29.135.190,443,TLSv12,TLS_ECDHE_RSA_WITH_AES_128_GCM_SHA256,secp256r1,sync.mathtag.com,False,True,CsxknGIti,"['82e454f53aa3be8b62d47779e364161287a2de0a1ce9e3b37243ae64bd7d7906', '154c433c491929c5ef686e838e323664a00e6a0d822ccc958fb4dab03e49a08f']",[],1.0,0ffee3ba8e615ad22535e7f771690a28,389ed42c02ebecc32e73aa31def07e14,,,8500.622118,10.0.2.15,50111,185.29.135.190,443,tcp,7.511734000001525,350.0,3174.0,SF,True,False,0,ShADadFf,10,758,11,3618,ssl,0
8500.620275,C1yPLc1dzucPZpfKc6,10.0.2.15,50106,23.100.40.72,443,TLSv12,TLS_ECDHE_RSA_WITH_AES_256_CBC_SHA,secp384r1,wu.wut.smartscreen.microsoft.com,False,True,CsxuknGIi,"['949bf4de05dfee40b9f99c414b203b48cb29c11867c4ecf065c4e844a14f0c0b', '34bd941a06ed10e2fac8459f79e4748c1ea08f142c6de5e557884d0d3ce249fa']",[],1.0,0ffee3ba8e615ad22535e7f771690a28,4fd467dd264720762ffe286277c00f57,,,8500.409721,10.0.2.15,50106,23.100.40.72,443,tcp,53.11284700000033,4838.0,7107.0,SF,True,False,0,ShADadTfF,19,5610,22,7991,ssl,0
8501.148648,C8qBj013IykqUXt7v8,10.0.2.15,50107,8.30.11.14,443,TLSv12,TLS_DHE_RSA_WITH_AES_256_CBC_SHA,,sync.1rx.io,True,True,CsiI,,,,0ffee3ba8e615ad22535e7f771690a28,d90fa179c9daf35598ed8341272118f7,,,8500.591197,10.0.2.15,50107,8.30.11.14,443,tcp,7.618500000000495,348.0,165.0,SF,True,False,0,ShADadFf,7,636,7,449,ssl,0
8501.154322,CAgCed3VLENTXa6Rs5,10.0.2.15,50112,173.241.240.143,443,TLSv12,TLS_ECDHE_RSA_WITH_AES_128_GCM_SHA256,secp256r1,us-u.openx.net,False,True,CsxknGIi,"['ab7de06ea7a3de3225f335667d38750434931049f9e9cb0cb4a9caf5df22819c', '074541ecdf88ed992ed5ade3ecddef27a26ba1b44480a195c0a8dadae2521d8e']",[],1.0,0ffee3ba8e615ad22535e7f771690a28,699a80bdb17efe157c861f92c5bf5d1d,,,8500.736394,10.0.2.15,50112,173.241.240.143,443,tcp,37.20588500000122,2881.0,5238.0,SF,True,False,0,ShADadTfF,20,3691,23,6162,ssl,0
8501.145481,CWVKvQ1K1GpfngBLha,10.0.2.15,50109,152.163.51.3,443,TLSv12,TLS_RSA_WITH_AES_128_CBC_SHA,,ox.pxl.ace.advertising.com,False,True,CsxnGIi,"['0026705123888b480ac204691f51c7389a495443f5416a6256fe704260d381d5', '3b0cc20384ad7f24eb438f2b80c63ebe003f7f215b8877e418ebb0484028db57', '6b143c2005d5539cc22eab5f772db2a9fe87467feffa07fcf0a9f7d28274ca7a']",[],1.0,0ffee3ba8e615ad22535e7f771690a28,5397c414a9ebeaff1bf18b70ca22eaa0,,,8500.619204,10.0.2.15,50109,152.163.51.3,443,tcp,7.595067999998719,598.0,4065.0,SF,True,False,0,ShADadFf,9,966,10,4469,ssl,0
8502.228998,COQnXy4CKgjcfVwByf,10.0.2.15,50114,23.74.202.62,443,TLSv12,TLS_ECDHE_RSA_WITH_AES_256_GCM_SHA384,,px.owneriq.net,True,True,CsiI,,,,1a5fe5677b0e4fbbc854e8908225637d,410b9bedaf65dd26c6fe547154d60db4,http/1.1,,8502.200143,10.0.2.15,50114,23.74.202.62,443,tcp,0.6627399999997571,1121.0,977.0,SF,True,False,0,ShADadfF,7,1409,8,1301,ssl,0
8502.418857,Cw72Zm1L3qCZOkQPHe,10.0.2.15,50115,66.117.28.86,443,TLSv12,TLS_RSA_WITH_AES_256_CBC_SHA,,cm.everesttech.net,False,True,CsxnGIi,"['1dcf86c8106d52ccf4a9dc98a6c36a11671533906cb9e1c517075b65df21e850', '154c433c491929c5ef686e838e323664a00e6a0d822ccc958fb4dab03e49a08f']",[],1.0,0ffee3ba8e615ad22535e7f771690a28,759968158b0e1df906786a4b8c44bf39,http/1.1,,8502.200897,10.0.2.15,50115,66.117.28.86,443,tcp,17.44892599999912,1187.0,3061.0,SF,True,False,0,ShADadTFf,12,1676,12,3545,ssl,0
8502.413031,CJYa9y2Tsy3B43aYLi,10.0.2.15,50116,37.252.172.70,443,TLSv12,TLS_ECDHE_RSA_WITH_AES_256_GCM_SHA384,secp256r1,ib.adnxs.com,False,True,CsxuknGIti,"['5b081650e8034418a37504ce0820892be5a66474578207711eb688243fe1a8f2', '074541ecdf88ed992ed5ade3ecddef27a26ba1b44480a195c0a8dadae2521d8e']",[],1.0,0ffee3ba8e615ad22535e7f771690a28,d53e4608f956df65bb2b8a8c4d3b025d,,,8502.202617,10.0.2.15,50116,37.252.172.70,443,tcp,10.874855999998545,3032.0,5837.0,SF,True,False,0,ShADadfF,12,3520,14,6401,ssl,0
8502.430971,CRBTvv2fFkAmjs0No1,10.0.2.15,50118,52.214.168.116,443,TLSv12,TLS_ECDHE_RSA_WITH_AES_128_GCM_SHA256,secp256r1,rtb.gumgum.com,False,True,CsxknGIi,"['ed199485c625cfd14423817d43792d4cfc1c600ad8a64b65541ade9942f03808', 'f55f9ffcb83c73453261601c7e044db15a0f034b93c05830f28635ef889cf670', '87dcd4dc74640a322cd205552506d1be64f12596258096544986b4850bc72706', '28689b30e4c306aab53b027b29e36ad6dd1dcf4b953994482ca84bdc1ecac996']",[],1.0,0ffee3ba8e615ad22535e7f771690a28,303951d4c50efb2e991652225a6f02b1,,,8502.210813,10.0.2.15,50118,52.214.168.116,443,tcp,64.18664800000079,888.0,5350.0,SF,True,False,0,ShADadTFf,17,1582,19,6114,ssl,0
8502.586305,CBiXFj2XAHeP1hbDE4,10.0.2.15,50119,66.117.28.86,443,TLSv12,TLS_RSA_WITH_AES_256_CBC_SHA,,cm.everesttech.net,False,True,CsxnGIi,"['1dcf86c8106d52ccf4a9dc98a6c36a11671533906cb9e1c517075b65df21e850', '154c433c491929c5ef686e838e323664a00e6a0d822ccc958fb4dab03e49a08f']",[],1.0,0ffee3ba8e615ad22535e7f771690a28,759968158b0e1df906786a4b8c44bf39,http/1.1,,8502.439419,10.0.2.15,50119,66.117.28.86,443,tcp,5.672381000000314,622.0,2720.0,SF,True,False,0,ShADadFf,9,990,9,3084,ssl,0
8502.576796,C78Cjm4b8Ie35H1dpi,10.0.2.15,50121,37.252.172.70,443,TLSv12,TLS_ECDHE_RSA_WITH_AES_256_GCM_SHA384,secp256r1,ib.adnxs.com,False,True,CsxuknGIti,"['5b081650e8034418a37504ce0820892be5a66474578207711eb688243fe1a8f2', '074541ecdf88ed992ed5ade3ecddef27a26ba1b44480a195c0a8dadae2521d8e']",[],1.0,0ffee3ba8e615ad22535e7f771690a28,d53e4608f956df65bb2b8a8c4d3b025d,,,8502.442618,10.0.2.15,50121,37.252.172.70,443,tcp,5.685634000001301,346.0,4867.0,SF,True,False,0,ShADadFf,10,754,11,5311,ssl,0
8502.427278,CXBoPt4JLwtv6k6c4l,10.0.2.15,50113,64.124.217.61,443,TLSv12,TLS_ECDHE_RSA_WITH_AES_256_GCM_SHA384,secp256r1,um2.eqads.com,False,True,CsxknGIti,"['c52ead0dae04bcd96755f86e80a4d067fb264d82624c893f6a47b4676ab1e8ce', '154c433c491929c5ef686e838e323664a00e6a0d822ccc958fb4dab03e49a08f']",[],1.0,0ffee3ba8e615ad22535e7f771690a28,e35df3e00ca4ef31d42b34bebaa2f86e,,,8502.199633,10.0.2.15,50113,64.124.217.61,443,tcp,3.652485000000524,719.0,3880.0,SF,True,False,0,ShADadfF,10,1127,11,4324,ssl,0
8502.431739,CiZstY2kWSelSRxqXl,10.0.2.15,50117,107.23.5.109,443,TLSv12,TLS_ECDHE_RSA_WITH_AES_128_GCM_SHA256,secp256r1,cmi.netseer.com,False,True,CsxknGIi,"['1f01a20974849628eabbf3c6b0fd2b0c557f5e536ad5a6da918ff3ac1f6efd93', '154c433c491929c5ef686e838e323664a00e6a0d822ccc958fb4dab03e49a08f']",[],1.0,0ffee3ba8e615ad22535e7f771690a28,303951d4c50efb2e991652225a6f02b1,,,8502.210225,10.0.2.15,50117,107.23.5.109,443,tcp,64.23876599999858,1241.0,3336.0,SF,True,False,0,ShADadTFf,16,1894,17,4020,ssl,0
8502.95838,Cbx9FQ3pjeRHPJqIgl,10.0.2.15,50122,52.214.168.116,443,TLSv12,TLS_ECDHE_RSA_WITH_AES_128_GCM_SHA256,secp256r1,rtb.gumgum.com,False,True,CsxknGIi,"['ed199485c625cfd14423817d43792d4cfc1c600ad8a64b65541ade9942f03808', 'f55f9ffcb83c73453261601c7e044db15a0f034b93c05830f28635ef889cf670', '87dcd4dc74640a322cd205552506d1be64f12596258096544986b4850bc72706', '28689b30e4c306aab53b027b29e36ad6dd1dcf4b953994482ca84bdc1ecac996']",[],1.0,0ffee3ba8e615ad22535e7f771690a28,303951d4c50efb2e991652225a6f02b1,,,8502.443358,10.0.2.15,50122,52.214.168.116,443,tcp,7.067098999999871,348.0,5071.0,SF,True,False,0,ShADadFRfr,11,796,13,5595,ssl,0
8503.15814,CMFULtvpzogyoizT9,10.0.2.15,50120,64.124.217.61,443,TLSv12,TLS_ECDHE_RSA_WITH_AES_256_GCM_SHA384,secp256r1,um2.eqads.com,False,True,CsxknGIti,"['c52ead0dae04bcd96755f86e80a4d067fb264d82624c893f6a47b4676ab1e8ce', '154c433c491929c5ef686e838e323664a00e6a0d822ccc958fb4dab03e49a08f']",[],1.0,0ffee3ba8e615ad22535e7f771690a28,e35df3e00ca4ef31d42b34bebaa2f86e,,,8502.441801,10.0.2.15,50120,64.124.217.61,443,tcp,5.280337999998665,316.0,3202.0,SF,True,False,0,ShADadfF,8,644,10,3606,ssl,0
8503.170501,C2oueP2y6JdF2WWgi3,10.0.2.15,50123,107.23.5.109,443,TLSv12,TLS_ECDHE_RSA_WITH_AES_128_GCM_SHA256,secp256r1,cmi.netseer.com,False,True,CsxknGIi,"['1f01a20974849628eabbf3c6b0fd2b0c557f5e536ad5a6da918ff3ac1f6efd93', '154c433c491929c5ef686e838e323664a00e6a0d822ccc958fb4dab03e49a08f']",[],1.0,0ffee3ba8e615ad22535e7f771690a28,303951d4c50efb2e991652225a6f02b1,,,8502.443881,10.0.2.15,50123,107.23.5.109,443,tcp,7.136976000001596,349.0,3037.0,SF,True,False,0,ShADadFfRr,10,757,12,3521,ssl,0
8504.894896,CBqZIy9z2HlcpudSb,10.0.2.15,50131,173.241.240.143,443,TLSv12,TLS_ECDHE_RSA_WITH_AES_128_GCM_SHA256,secp256r1,us-u.openx.net,False,True,CsxknGIi,"['ab7de06ea7a3de3225f335667d38750434931049f9e9cb0cb4a9caf5df22819c', '074541ecdf88ed992ed5ade3ecddef27a26ba1b44480a195c0a8dadae2521d8e']",[],1.0,0ffee3ba8e615ad22535e7f771690a28,699a80bdb17efe157c861f92c5bf5d1d,,,8504.371912,10.0.2.15,50131,173.241.240.143,443,tcp,8.696925999998712,380.0,3124.0,SF,True,False,0,ShADadFfRr,10,788,11,3568,ssl,0
8504.900337,C4UKkv7iybvDTeB2,10.0.2.15,50134,66.117.28.68,443,TLSv12,TLS_RSA_WITH_AES_256_CBC_SHA,,pixel.everesttech.net,False,True,CsxnGIi,"['1dcf86c8106d52ccf4a9dc98a6c36a11671533906cb9e1c517075b65df21e850', '154c433c491929c5ef686e838e323664a00e6a0d822ccc958fb4dab03e49a08f']",[],1.0,0ffee3ba8e615ad22535e7f771690a28,759968158b0e1df906786a4b8c44bf39,http/1.1,,8504.623172,10.0.2.15,50134,66.117.28.68,443,tcp,20.03250599999956,1190.0,3173.0,SF,True,False,0,ShADadTFf,12,1679,12,3657,ssl,0
8508.706501,CmqwIM1oxYpcYkpT8f,10.0.2.15,50138,173.241.240.143,443,TLSv12,TLS_ECDHE_RSA_WITH_AES_128_GCM_SHA256,secp256r1,us-u.openx.net,False,True,CsxknGIi,"['ab7de06ea7a3de3225f335667d38750434931049f9e9cb0cb4a9caf5df22819c', '074541ecdf88ed992ed5ade3ecddef27a26ba1b44480a195c0a8dadae2521d8e']",[],1.0,0ffee3ba8e615ad22535e7f771690a28,699a80bdb17efe157c861f92c5bf5d1d,,,8508.360882,10.0.2.15,50138,173.241.240.143,443,tcp,6.098166999998284,380.0,3124.0,SF,True,False,0,ShADadFfRr,11,828,12,3608,ssl,0
8508.713026,C2leTB2RaUrd01FZr1,10.0.2.15,50137,173.241.240.143,443,TLSv12,TLS_ECDHE_RSA_WITH_AES_128_GCM_SHA256,secp256r1,us-u.openx.net,False,True,CsxknGIi,"['ab7de06ea7a3de3225f335667d38750434931049f9e9cb0cb4a9caf5df22819c', '074541ecdf88ed992ed5ade3ecddef27a26ba1b44480a195c0a8dadae2521d8e']",[],1.0,0ffee3ba8e615ad22535e7f771690a28,699a80bdb17efe157c861f92c5bf5d1d,,,8508.267189,10.0.2.15,50137,173.241.240.143,443,tcp,6.191902999999002,380.0,3124.0,SF,True,False,0,ShADadFfRr,10,788,11,3568,ssl,0
8514.410861,CPRmTV1bqHEvoQnw76,10.0.2.15,50145,172.217.23.225,443,TLSv12,TLS_ECDHE_ECDSA_WITH_AES_128_GCM_SHA256,x25519,lh4.googleusercontent.com,False,True,CsxknGIti,"['7dab2c14c2154b93fe35063ca1c26a233a78ca71cbb2bca391546edc16638392', '9f630426df1d8abfd80ace98871ba833ab9742cb34838de2b5285ed54c0c7dcc', '3c35cc963eb004451323d3275d05b353235053490d9cd83729a2faf5e7ca1cc0']",[],1.0,0ffee3ba8e615ad22535e7f771690a28,84480cf8cf0e732666092640e581e1a5,h2,,8514.304034,10.0.2.15,50145,172.217.23.225,443,tcp,192.1280549999992,1180.0,11516.0,SF,True,False,0,ShADadFf,23,2108,29,12680,ssl,0
8519.967743,CBPKPh2E04DIzbA06i,10.0.2.15,50158,31.13.65.7,443,TLSv12,TLS_ECDHE_ECDSA_WITH_AES_128_GCM_SHA256,secp256r1,staticxx.facebook.com,False,True,CsxknGIti,"['152151b387412a95ab90fd4664f2d98880408e9e43913124e4c91226a483386b', '19400be5b7a31fb733917700789d2f0a2471c0c9d506c0e504c06c16d7cb17c0']",[],1.0,0ffee3ba8e615ad22535e7f771690a28,2d1eb5817ece335c24904f516ad5da12,h2,,8519.844381,10.0.2.15,50158,31.13.65.7,443,tcp,190.6576759999989,740.0,4080.0,RSTR,True,False,0,ShADadfRr,18,1468,21,4924,ssl,0
8521.34817,CWWfAv4doLu6xIxLW3,10.0.2.15,50161,104.244.43.81,443,TLSv12,TLS_ECDHE_RSA_WITH_AES_128_GCM_SHA256,secp256r1,cdn.syndication.twimg.com,False,True,CsxuknGIti,"['9338063290465de85ffd7dfa8f0f6ea848447f66560443ad32bcb8665b3ffa18', '19400be5b7a31fb733917700789d2f0a2471c0c9d506c0e504c06c16d7cb17c0']",[],1.0,0ffee3ba8e615ad22535e7f771690a28,76cc3e2d3028143b23ec18e27dbd7ca9,http/1.1,,8521.313014,10.0.2.15,50161,104.244.43.81,443,tcp,10.299909999999729,821.0,5211.0,SF,True,False,0,ShADadTFf,11,1270,14,5775,ssl,0
8521.913497,CjHbxH1QTQsgaxnyx9,10.0.2.15,50162,199.16.156.120,443,TLSv12,TLS_ECDHE_RSA_WITH_AES_128_GCM_SHA256,secp256r1,syndication.twitter.com,False,True,CsxknGIti,"['75e85da383dbf4ced92713e6768c061d0aca2ee11ea14e2a1486adb26098b2de', '19400be5b7a31fb733917700789d2f0a2471c0c9d506c0e504c06c16d7cb17c0']",[],1.0,0ffee3ba8e615ad22535e7f771690a28,8d2a028aa94425f76ced7826b1f39039,h2,,8521.770133,10.0.2.15,50162,199.16.156.120,443,tcp,191.01714399999943,1534.0,4864.0,SF,True,False,0,ShADadFfRr,22,2422,27,5948,ssl,0
8540.939809,CjE1mB1zPuWjfbBjO1,10.0.2.15,50175,95.100.188.137,443,TLSv12,TLS_ECDHE_RSA_WITH_AES_256_GCM_SHA384,secp256r1,cdns.gigya.com,False,True,CsxknGIti,"['b04060d44d547fa9ca664c5b49bc0750241a752f0ffd54655c7e6bc93f68a42e', 'eae72eb454bf6c3977ebd289e970b2f5282949190093d0d26f98d0f0d6a9cf17']",[],1.0,1a5fe5677b0e4fbbc854e8908225637d,2b33c1374db4ddf06942f92373c0b54b,http/1.1,,8540.880076,10.0.2.15,50175,95.100.188.137,443,tcp,138.729166000001,2005.0,115534.0,SF,True,False,0,ShADadTTFfRr,52,4106,125,120538,ssl,0
8540.965164,CBGRLaBO5ODOmFYb2,10.0.2.15,50176,95.100.188.137,443,TLSv12,TLS_ECDHE_RSA_WITH_AES_256_GCM_SHA384,secp256r1,cdns.gigya.com,False,True,CsxknGIti,"['b04060d44d547fa9ca664c5b49bc0750241a752f0ffd54655c7e6bc93f68a42e', 'eae72eb454bf6c3977ebd289e970b2f5282949190093d0d26f98d0f0d6a9cf17']",[],1.0,1a5fe5677b0e4fbbc854e8908225637d,2b33c1374db4ddf06942f92373c0b54b,http/1.1,,8540.901731,10.0.2.15,50176,95.100.188.137,443,tcp,9.12228900000082,674.0,3712.0,SF,True,False,0,ShADadFRfr,10,1082,12,4196,ssl,0
8543.47939,CZHDOV19t0Kntv6fI8,10.0.2.15,50187,178.79.243.134,443,TLSv12,TLS_ECDHE_RSA_WITH_AES_256_GCM_SHA384,secp256r1,static.advance.net,False,True,CsxknGIti,"['630f31331f55034a0e3878568ec9f5c3308c01647ddc50ac41129ddf61d8e5fe', 'f5c2f23c6518f9d19b6f39beaea4fbae10031ba9dc985ce1563a520da0ad4116', '6b143c2005d5539cc22eab5f772db2a9fe87467feffa07fcf0a9f7d28274ca7a', '73c176434f1bc6d5adf45b0e76e727287c8de57616c1e6e6141a2b2cbc7d8e4c']",[],1.0,0ffee3ba8e615ad22535e7f771690a28,2b33c1374db4ddf06942f92373c0b54b,http/1.1,,8543.116218,10.0.2.15,50187,178.79.243.134,443,tcp,80.81725900000129,809.0,61175.0,SF,True,False,0,ShADadTfF,28,1944,66,63819,ssl,0
8543.481174,CYXsGZ2k01Dlsvpoa,10.0.2.15,50186,178.79.243.134,443,TLSv12,TLS_ECDHE_RSA_WITH_AES_256_GCM_SHA384,secp256r1,static.advance.net,False,True,CsxknGIti,"['630f31331f55034a0e3878568ec9f5c3308c01647ddc50ac41129ddf61d8e5fe', 'f5c2f23c6518f9d19b6f39beaea4fbae10031ba9dc985ce1563a520da0ad4116', '6b143c2005d5539cc22eab5f772db2a9fe87467feffa07fcf0a9f7d28274ca7a', '73c176434f1bc6d5adf45b0e76e727287c8de57616c1e6e6141a2b2cbc7d8e4c']",[],1.0,0ffee3ba8e615ad22535e7f771690a28,2b33c1374db4ddf06942f92373c0b54b,http/1.1,,8543.113723,10.0.2.15,50186,178.79.243.134,443,tcp,80.818937,811.0,60801.0,SF,True,False,0,ShADadTfF,30,2026,71,63645,ssl,0
8543.482876,C2XWjm1giPGR65lFnh,10.0.2.15,50185,178.79.243.134,443,TLSv12,TLS_ECDHE_RSA_WITH_AES_256_GCM_SHA384,secp256r1,static.advance.net,False,True,CsxknGIti,"['630f31331f55034a0e3878568ec9f5c3308c01647ddc50ac41129ddf61d8e5fe', 'f5c2f23c6518f9d19b6f39beaea4fbae10031ba9dc985ce1563a520da0ad4116', '6b143c2005d5539cc22eab5f772db2a9fe87467feffa07fcf0a9f7d28274ca7a', '73c176434f1bc6d5adf45b0e76e727287c8de57616c1e6e6141a2b2cbc7d8e4c']",[],1.0,0ffee3ba8e615ad22535e7f771690a28,2b33c1374db4ddf06942f92373c0b54b,http/1.1,,8543.094583,10.0.2.15,50185,178.79.243.134,443,tcp,88.97926799999914,1308.0,115811.0,SF,True,False,0,ShADadTfF,40,2923,115,120415,ssl,0
8543.484282,CbLWCT2BB1FOOEYDkg,10.0.2.15,50184,178.79.243.134,443,TLSv12,TLS_ECDHE_RSA_WITH_AES_256_GCM_SHA384,secp256r1,static.advance.net,False,True,CsxknGIti,"['630f31331f55034a0e3878568ec9f5c3308c01647ddc50ac41129ddf61d8e5fe', 'f5c2f23c6518f9d19b6f39beaea4fbae10031ba9dc985ce1563a520da0ad4116', '6b143c2005d5539cc22eab5f772db2a9fe87467feffa07fcf0a9f7d28274ca7a', '73c176434f1bc6d5adf45b0e76e727287c8de57616c1e6e6141a2b2cbc7d8e4c']",[],1.0,0ffee3ba8e615ad22535e7f771690a28,2b33c1374db4ddf06942f92373c0b54b,http/1.1,,8543.087496,10.0.2.15,50184,178.79.243.134,443,tcp,7.295000000000073,352.0,6019.0,SF,True,False,0,ShADadFf,10,760,12,6503,ssl,0
8543.48557,C6eJ761dCuwWQmmXbc,10.0.2.15,50183,178.79.243.134,443,TLSv12,TLS_ECDHE_RSA_WITH_AES_256_GCM_SHA384,secp256r1,static.advance.net,False,True,CsxknGIti,"['630f31331f55034a0e3878568ec9f5c3308c01647ddc50ac41129ddf61d8e5fe', 'f5c2f23c6518f9d19b6f39beaea4fbae10031ba9dc985ce1563a520da0ad4116', '6b143c2005d5539cc22eab5f772db2a9fe87467feffa07fcf0a9f7d28274ca7a', '73c176434f1bc6d5adf45b0e76e727287c8de57616c1e6e6141a2b2cbc7d8e4c']",[],1.0,0ffee3ba8e615ad22535e7f771690a28,2b33c1374db4ddf06942f92373c0b54b,http/1.1,,8543.086454,10.0.2.15,50183,178.79.243.134,443,tcp,7.522560999999769,352.0,6019.0,SF,True,False,0,ShADadFf,10,760,12,6503,ssl,0
8544.100747,CBa41fHLVVGC5jEji,10.0.2.15,50188,178.79.243.134,443,TLSv12,TLS_ECDHE_RSA_WITH_AES_256_GCM_SHA384,secp256r1,static.advance.net,False,True,CsxknGIti,"['630f31331f55034a0e3878568ec9f5c3308c01647ddc50ac41129ddf61d8e5fe', 'f5c2f23c6518f9d19b6f39beaea4fbae10031ba9dc985ce1563a520da0ad4116', '6b143c2005d5539cc22eab5f772db2a9fe87467feffa07fcf0a9f7d28274ca7a', '73c176434f1bc6d5adf45b0e76e727287c8de57616c1e6e6141a2b2cbc7d8e4c']",[],1.0,0ffee3ba8e615ad22535e7f771690a28,2b33c1374db4ddf06942f92373c0b54b,http/1.1,,8543.822181,10.0.2.15,50188,178.79.243.134,443,tcp,6.199002000001201,352.0,6019.0,SF,True,False,0,ShADadFf,10,760,13,6543,ssl,0
8555.329127,CpYzX1T67n1mWKNC9,10.0.2.15,50211,172.217.23.238,443,TLSv12,TLS_ECDHE_ECDSA_WITH_AES_128_GCM_SHA256,,i.ytimg.com,True,True,CsiI,,,,1a5fe5677b0e4fbbc854e8908225637d,c23237dbea656869600e48dfbd00ab7b,h2,,8554.17405,10.0.2.15,50211,172.217.23.238,443,tcp,215.24518900000112,1757.0,110992.0,SF,True,False,0,ShADadFf,53,3885,125,115996,ssl,0
8555.305517,C2hlrZ3AypdugLrvma,10.0.2.15,50206,95.100.188.137,443,TLSv12,TLS_ECDHE_RSA_WITH_AES_256_GCM_SHA384,secp256r1,cdns.us1.gigya.com,False,True,CsxknGIti,"['b04060d44d547fa9ca664c5b49bc0750241a752f0ffd54655c7e6bc93f68a42e', 'eae72eb454bf6c3977ebd289e970b2f5282949190093d0d26f98d0f0d6a9cf17']",[],1.0,0ffee3ba8e615ad22535e7f771690a28,2b33c1374db4ddf06942f92373c0b54b,http/1.1,,8554.168755,10.0.2.15,50206,95.100.188.137,443,tcp,166.6948709999997,2009.0,48440.0,SF,True,False,0,ShADadTTFfRr,39,3592,67,51124,ssl,0
8555.456138,CD3b9o30sQCLXxsU7j,10.0.2.15,50207,95.100.188.137,443,TLSv12,TLS_ECDHE_RSA_WITH_AES_256_GCM_SHA384,secp256r1,cdns.us1.gigya.com,False,True,CsxknGIti,"['b04060d44d547fa9ca664c5b49bc0750241a752f0ffd54655c7e6bc93f68a42e', 'eae72eb454bf6c3977ebd289e970b2f5282949190093d0d26f98d0f0d6a9cf17']",[],1.0,0ffee3ba8e615ad22535e7f771690a28,2b33c1374db4ddf06942f92373c0b54b,http/1.1,,8554.169508,10.0.2.15,50207,95.100.188.137,443,tcp,11.598335999999108,384.0,3712.0,SF,True,False,0,ShADadFfRr,11,832,12,4196,ssl,0
8557.018165,CLQTw688yk2YEylAa,10.0.2.15,50217,95.100.177.215,443,TLSv12,TLS_ECDHE_RSA_WITH_AES_256_GCM_SHA384,secp256r1,www.legacy.com,False,True,CsxknGIti,"['cf549f9de450548d51a52740c188483f9988ee74c8ea4db48c63396316a9b01a', 'eae72eb454bf6c3977ebd289e970b2f5282949190093d0d26f98d0f0d6a9cf17', '8420dfbe376f414bf4c0a81e6936d24ccc03f304835b86c7a39142fca723a689']",[],1.0,0ffee3ba8e615ad22535e7f771690a28,2b33c1374db4ddf06942f92373c0b54b,http/1.1,,8555.938661,10.0.2.15,50217,95.100.177.215,443,tcp,130.6888739999995,780.0,7898.0,SF,True,False,0,ShADadTTFfRr,25,1800,29,9062,ssl,0
8565.174717,CU3JLK2ydL0ERBQCAk,10.0.2.15,50230,173.241.240.220,443,TLSv12,TLS_ECDHE_RSA_WITH_AES_128_GCM_SHA256,secp256r1,goodworldwide-d.openx.net,False,True,CsxknGIi,"['ab7de06ea7a3de3225f335667d38750434931049f9e9cb0cb4a9caf5df22819c', '074541ecdf88ed992ed5ade3ecddef27a26ba1b44480a195c0a8dadae2521d8e']",[],1.0,0ffee3ba8e615ad22535e7f771690a28,699a80bdb17efe157c861f92c5bf5d1d,,,8564.081503,10.0.2.15,50230,173.241.240.220,443,tcp,14.12496800000008,1154.0,2877.0,SF,True,False,0,ShADadfF,10,1562,10,3281,ssl,0
8565.172698,Cs1Fuu3qcyDZEaXlv5,10.0.2.15,50229,173.241.240.220,443,TLSv12,TLS_ECDHE_RSA_WITH_AES_128_GCM_SHA256,secp256r1,goodworldwide-d.openx.net,False,True,CsxknGIi,"['ab7de06ea7a3de3225f335667d38750434931049f9e9cb0cb4a9caf5df22819c', '074541ecdf88ed992ed5ade3ecddef27a26ba1b44480a195c0a8dadae2521d8e']",[],1.0,0ffee3ba8e615ad22535e7f771690a28,699a80bdb17efe157c861f92c5bf5d1d,,,8564.080725,10.0.2.15,50229,173.241.240.220,443,tcp,62.82517999999982,6535.0,11634.0,SF,True,False,0,ShADadTfF,25,7546,31,12878,ssl,0
8565.173886,CdmPcy1Bpv7zAUQ9Fj,10.0.2.15,50231,173.241.240.220,443,TLSv12,TLS_ECDHE_RSA_WITH_AES_128_GCM_SHA256,secp256r1,goodworldwide-d.openx.net,False,True,CsxknGIi,"['ab7de06ea7a3de3225f335667d38750434931049f9e9cb0cb4a9caf5df22819c', '074541ecdf88ed992ed5ade3ecddef27a26ba1b44480a195c0a8dadae2521d8e']",[],1.0,0ffee3ba8e615ad22535e7f771690a28,699a80bdb17efe157c861f92c5bf5d1d,,,8564.081997,10.0.2.15,50231,173.241.240.220,443,tcp,14.8194110000004,1159.0,2877.0,SF,True,False,0,ShADadfF,11,1607,11,3321,ssl,0
8565.960304,CZYTpJ2Omw7yxikmQb,10.0.2.15,50242,52.85.185.34,443,TLSv12,TLS_ECDHE_RSA_WITH_AES_128_GCM_SHA256,,cdn.livefyre.com,True,True,CsiI,,,,1a5fe5677b0e4fbbc854e8908225637d,d199ba0af2b08e204c73d6d81a1fd260,http/1.1,,8565.514513,10.0.2.15,50242,52.85.185.34,443,tcp,120.81632100000024,866.0,1289.0,SF,True,False,0,ShADadTTFf,19,1645,21,2133,ssl,0
8565.974174,CSJ5hW2fSOftD750B3,10.0.2.15,50239,172.217.23.238,443,TLSv12,TLS_ECDHE_ECDSA_WITH_AES_128_GCM_SHA256,,www.youtube.com,True,True,CsiI,,,,1a5fe5677b0e4fbbc854e8908225637d,c23237dbea656869600e48dfbd00ab7b,h2,,8565.503624,10.0.2.15,50239,172.217.23.238,443,tcp,203.90970099999868,1757.0,19040.0,SF,True,False,0,ShADadFf,29,2925,43,20764,ssl,0
8570.402595,C2XC8g3mTcT3KB8e9c,10.0.2.15,50265,95.101.252.144,443,TLSv12,TLS_ECDHE_RSA_WITH_AES_256_GCM_SHA384,,z.moatads.com,True,True,CsiI,,,,1a5fe5677b0e4fbbc854e8908225637d,410b9bedaf65dd26c6fe547154d60db4,http/1.1,,8569.736525,10.0.2.15,50265,95.101.252.144,443,tcp,122.9591760000003,933.0,635.0,RSTO,True,False,0,ShADadTTFR,21,1793,21,1479,ssl,0
8570.215248,CYAI8D1sPkwOOxbaOl,10.0.2.15,50271,34.196.131.125,443,TLSv12,TLS_ECDHE_RSA_WITH_AES_128_GCM_SHA256,secp256r1,images.parsely.com,False,True,CsxknGIi,"['8d7d527e8e558a9ef4f8a25326b3349a2eb634b1bf6a68ee9da9bd3863700215', 'e6683e88315cd1cb403c0cea490f7c4b4c82c91cd485037489aadbaa90839f61']",[],1.0,0ffee3ba8e615ad22535e7f771690a28,303951d4c50efb2e991652225a6f02b1,,,8569.747535,10.0.2.15,50271,34.196.131.125,443,tcp,72.2329979999995,748.0,5808.0,SF,True,False,0,ShADadTFf,18,1482,19,6572,ssl,0
8570.220486,C3qTGe2HSHQvfkxtI7,10.0.2.15,50270,34.196.131.125,443,TLSv12,TLS_ECDHE_RSA_WITH_AES_128_GCM_SHA256,secp256r1,images.parsely.com,False,True,CsxknGIi,"['8d7d527e8e558a9ef4f8a25326b3349a2eb634b1bf6a68ee9da9bd3863700215', 'e6683e88315cd1cb403c0cea490f7c4b4c82c91cd485037489aadbaa90839f61']",[],1.0,0ffee3ba8e615ad22535e7f771690a28,303951d4c50efb2e991652225a6f02b1,,,8569.746809,10.0.2.15,50270,34.196.131.125,443,tcp,72.2375579999989,745.0,6978.0,SF,True,False,0,ShADadTFf,17,1439,20,7782,ssl,0
8570.22728,CKE6IW26vtvZTMJs0k,10.0.2.15,50269,34.196.131.125,443,TLSv12,TLS_ECDHE_RSA_WITH_AES_128_GCM_SHA256,secp256r1,images.parsely.com,False,True,CsxknGIi,"['8d7d527e8e558a9ef4f8a25326b3349a2eb634b1bf6a68ee9da9bd3863700215', 'e6683e88315cd1cb403c0cea490f7c4b4c82c91cd485037489aadbaa90839f61']",[],1.0,0ffee3ba8e615ad22535e7f771690a28,303951d4c50efb2e991652225a6f02b1,,,8569.745551,10.0.2.15,50269,34.196.131.125,443,tcp,72.22026299999925,781.0,18115.0,SF,True,False,0,ShADadTFf,20,1595,30,19319,ssl,0
8570.239821,C5QdgK3ZGUBil6lC9f,10.0.2.15,50268,34.196.131.125,443,TLSv12,TLS_ECDHE_RSA_WITH_AES_128_GCM_SHA256,secp256r1,images.parsely.com,False,True,CsxknGIi,"['8d7d527e8e558a9ef4f8a25326b3349a2eb634b1bf6a68ee9da9bd3863700215', 'e6683e88315cd1cb403c0cea490f7c4b4c82c91cd485037489aadbaa90839f61']",[],1.0,0ffee3ba8e615ad22535e7f771690a28,303951d4c50efb2e991652225a6f02b1,,,8569.741462,10.0.2.15,50268,34.196.131.125,443,tcp,72.4977770000005,701.0,6395.0,SF,True,False,0,ShADadTFf,18,1436,22,7279,ssl,0
8570.249288,CqavQs9UzOlaoub33,10.0.2.15,50267,34.196.131.125,443,TLSv12,TLS_ECDHE_RSA_WITH_AES_128_GCM_SHA256,secp256r1,images.parsely.com,False,True,CsxknGIi,"['8d7d527e8e558a9ef4f8a25326b3349a2eb634b1bf6a68ee9da9bd3863700215', 'e6683e88315cd1cb403c0cea490f7c4b4c82c91cd485037489aadbaa90839f61']",[],1.0,0ffee3ba8e615ad22535e7f771690a28,303951d4c50efb2e991652225a6f02b1,,,8569.739491,10.0.2.15,50267,34.196.131.125,443,tcp,72.8182340000003,751.0,6496.0,SF,True,False,0,ShADadTFf,19,1526,22,7380,ssl,0
8571.596727,CQmkQ13BqKVd29Vfhl,10.0.2.15,50276,159.122.19.153,443,TLSv12,TLS_ECDHE_RSA_WITH_AES_128_GCM_SHA256,,api.mixpanel.com,True,True,CsiI,,,,1a5fe5677b0e4fbbc854e8908225637d,fbe78c619e7ea20046131294ad087f05,,,8570.975609,10.0.2.15,50276,159.122.19.153,443,tcp,74.36477800000102,3376.0,1142.0,SF,True,False,0,ShADadTfF,16,4030,17,1826,ssl,0
8571.597328,C7uiAp2M6YOUi748Qa,10.0.2.15,50275,95.172.94.55,443,TLSv12,TLS_ECDHE_RSA_WITH_AES_128_GCM_SHA256,,pixel.quantserve.com,True,True,CsiI,,,,1a5fe5677b0e4fbbc854e8908225637d,fbe78c619e7ea20046131294ad087f05,,,8570.972217,10.0.2.15,50275,95.172.94.55,443,tcp,8.135455999999976,2282.0,482.0,SF,True,False,0,ShADadfF,9,2650,10,886,ssl,0
8571.598064,CZhdTX185vKh5tzIKg,10.0.2.15,50274,159.122.19.153,443,TLSv12,TLS_ECDHE_RSA_WITH_AES_128_GCM_SHA256,,api.mixpanel.com,True,True,CsiI,,,,1a5fe5677b0e4fbbc854e8908225637d,fbe78c619e7ea20046131294ad087f05,,,8570.968378,10.0.2.15,50274,159.122.19.153,443,tcp,101.2682220000006,2408.0,1244.0,SF,True,False,0,ShADadTfF,20,3225,20,2048,ssl,0
8576.449572,CEptF4mEbmFjl71va,10.0.2.15,50282,52.2.214.42,443,TLSv12,TLS_ECDHE_RSA_WITH_AES_128_GCM_SHA256,secp256r1,tracker.samplicio.us,False,True,CsxknGIi,"['d75d0f830c4d9ae4c26cf2b7fbe2e81b7918afa1a85054f4521f9a05add08fd7', '973a41276ffd01e027a2aad49e34c37846d3e976ff6a620b6712e33832041aa6', '3a2fbe92891e57fe05d57087f48e730f17e5a5f53ef403d618e5b74d7a7e6ecb', 'c3846bf24b9e93ca64274c0ec67c1ecc5e024ffcacd2d74019350e81fe546ae4']",[],1.0,0ffee3ba8e615ad22535e7f771690a28,303951d4c50efb2e991652225a6f02b1,,,8575.879915,10.0.2.15,50282,52.2.214.42,443,tcp,68.72750400000041,860.0,5838.0,SF,True,False,0,ShADadTFf,18,1594,19,6602,ssl,0
8580.778564,CGxinL3YFvqZjE84T8,10.0.2.15,50286,172.217.23.238,443,TLSv12,TLS_ECDHE_ECDSA_WITH_AES_128_GCM_SHA256,x25519,encrypted-tbn0.gstatic.com,False,True,CsxknGIti,"['11ddd329046367c19b32ffdb02ed308de129de4d6ffcf95856d7bd6a7accfba9', '9f630426df1d8abfd80ace98871ba833ab9742cb34838de2b5285ed54c0c7dcc', '3c35cc963eb004451323d3275d05b353235053490d9cd83729a2faf5e7ca1cc0']",[],1.0,0ffee3ba8e615ad22535e7f771690a28,84480cf8cf0e732666092640e581e1a5,h2,,8580.116656,10.0.2.15,50286,172.217.23.238,443,tcp,190.74910400000044,1215.0,20887.0,SF,True,False,0,ShADadfF,26,2263,38,22411,ssl,0
8585.713942,C8W5TKaz2ajb3IBla,10.0.2.15,50306,74.120.149.33,443,TLSv12,TLS_ECDHE_RSA_WITH_AES_128_GCM_SHA256,secp256r1,login.nola.com,False,True,CsxknGIti,"['1e5d18ca3e2a540c896a71607065a63aa1677cca733376dc97caa762d952bd3a', '02ab57e4e67a0cb48dd2ff34830e8ac40f4476fb08ca6be3f5cd846f646840f0', '4f32d5dc00f715250abcc486511e37f501a899deb3bf7ea8adbbd3aef1c412da', '687fa451382278fff0c8b11f8d43d576671c6eb2bceab413fb83d965d06d2ff2']",[],1.0,0ffee3ba8e615ad22535e7f771690a28,ccc514751b175866924439bdbb5bba34,,,8585.079956,10.0.2.15,50306,74.120.149.33,443,tcp,10.464571000000433,1315.0,7434.0,SF,True,False,0,ShADadfF,11,1763,14,7998,ssl,0
8586.470966,ChZNda2XESavSca26h,10.0.2.15,50307,54.192.93.37,443,TLSv12,TLS_ECDHE_RSA_WITH_AES_128_GCM_SHA256,secp256r1,n-cdn.areyouahuman.com,False,True,CsxuknGIti,"['030d64a1f79469fd05a62305ee4bd2b8d998720f9042b64250f2dfc38f31bcaf', '93a07898d89b2cca166ba6f1f8a14138ce43828e491b831926bc8247d391cc72', '9f43d52e808c20aff69e02faac205aac684e6975213d6620fac64bde5fcab4bc', '1465fa205397b876faa6f0a9958e5590e40fcc7faa4fb7c2c8677521fb5fb658']",[],1.0,0ffee3ba8e615ad22535e7f771690a28,76cc3e2d3028143b23ec18e27dbd7ca9,http/1.1,,8586.103542,10.0.2.15,50307,54.192.93.37,443,tcp,128.8066269999999,1306.0,62793.0,SF,True,False,0,ShADadTTfF,36,2765,75,65797,ssl,0
8587.265774,CcSFTw1TNQDY8xnDF7,10.0.2.15,50309,173.241.240.220,443,TLSv12,TLS_ECDHE_RSA_WITH_AES_128_GCM_SHA256,secp256r1,goodworldwide-d.openx.net,False,True,CsxknGIi,"['ab7de06ea7a3de3225f335667d38750434931049f9e9cb0cb4a9caf5df22819c', '074541ecdf88ed992ed5ade3ecddef27a26ba1b44480a195c0a8dadae2521d8e']",[],1.0,0ffee3ba8e615ad22535e7f771690a28,699a80bdb17efe157c861f92c5bf5d1d,,,8586.543512,10.0.2.15,50309,173.241.240.220,443,tcp,36.86440399999992,1128.0,6804.0,SF,True,False,0,ShADadTfF,12,1618,15,7408,ssl,0
8587.2835,CV2nUV1jPj4m1qFNvj,10.0.2.15,50308,173.241.240.220,443,TLSv12,TLS_ECDHE_RSA_WITH_AES_128_GCM_SHA256,secp256r1,goodworldwide-d.openx.net,False,True,CsxknGIi,"['ab7de06ea7a3de3225f335667d38750434931049f9e9cb0cb4a9caf5df22819c', '074541ecdf88ed992ed5ade3ecddef27a26ba1b44480a195c0a8dadae2521d8e']",[],1.0,0ffee3ba8e615ad22535e7f771690a28,699a80bdb17efe157c861f92c5bf5d1d,,,8586.541773,10.0.2.15,50308,173.241.240.220,443,tcp,9.214603999998872,391.0,3124.0,SF,True,False,0,ShADadFfRr,10,799,11,3568,ssl,0
8587.288551,CCWVFF4EoYhtHHK9L7,10.0.2.15,50310,173.241.240.220,443,TLSv12,TLS_ECDHE_RSA_WITH_AES_128_GCM_SHA256,secp256r1,goodworldwide-d.openx.net,False,True,CsxknGIi,"['ab7de06ea7a3de3225f335667d38750434931049f9e9cb0cb4a9caf5df22819c', '074541ecdf88ed992ed5ade3ecddef27a26ba1b44480a195c0a8dadae2521d8e']",[],1.0,0ffee3ba8e615ad22535e7f771690a28,699a80bdb17efe157c861f92c5bf5d1d,,,8586.558214,10.0.2.15,50310,173.241.240.220,443,tcp,9.915839999999662,391.0,3124.0,SF,True,False,0,ShADadFfRr,10,799,11,3568,ssl,0
8590.796576,CWvl6t3GYSPHFYGqa3,10.0.2.15,50327,173.241.240.220,443,TLSv12,TLS_ECDHE_RSA_WITH_AES_128_GCM_SHA256,secp256r1,goodworldwide-d.openx.net,False,True,CsxknGIi,"['ab7de06ea7a3de3225f335667d38750434931049f9e9cb0cb4a9caf5df22819c', '074541ecdf88ed992ed5ade3ecddef27a26ba1b44480a195c0a8dadae2521d8e']",[],1.0,0ffee3ba8e615ad22535e7f771690a28,699a80bdb17efe157c861f92c5bf5d1d,,,8590.297181,10.0.2.15,50327,173.241.240.220,443,tcp,7.470217000000048,391.0,3124.0,SF,True,False,0,ShADadFfRr,10,799,11,3568,ssl,0
8596.16661,CAGYN22My0PFTyoT3g,10.0.2.15,50330,216.58.201.98,443,TLSv12,TLS_ECDHE_RSA_WITH_AES_128_GCM_SHA256,,googleads.g.doubleclick.net,True,True,CsiI,,,,1a5fe5677b0e4fbbc854e8908225637d,67619a80665d7ab92d1041b1d11f9164,h2,,8595.553591,10.0.2.15,50330,216.58.201.98,443,tcp,304.1073290000004,12122.0,48014.0,SF,True,False,0,ShADadFf,79,15290,114,52578,ssl,0
8596.467667,CqawX31Wuv9Rveuwa2,10.0.2.15,50332,172.217.23.238,443,TLSv12,TLS_ECDHE_ECDSA_WITH_AES_128_GCM_SHA256,,youtubei.youtube.com,True,True,CsiI,,,,1a5fe5677b0e4fbbc854e8908225637d,c23237dbea656869600e48dfbd00ab7b,h2,,8596.171429,10.0.2.15,50332,172.217.23.238,443,tcp,184.2756040000004,1404.0,869.0,SF,True,False,0,ShADadfF,19,2172,21,1713,ssl,0
8597.889351,CRTVQH1fkFOii7zaMj,10.0.2.15,50335,54.165.65.165,443,TLSv12,TLS_ECDHE_RSA_WITH_AES_128_GCM_SHA256,secp256r1,n-cdn-origin.areyouahuman.com,False,True,CsxknGIi,"['030d64a1f79469fd05a62305ee4bd2b8d998720f9042b64250f2dfc38f31bcaf', '93a07898d89b2cca166ba6f1f8a14138ce43828e491b831926bc8247d391cc72', '9f43d52e808c20aff69e02faac205aac684e6975213d6620fac64bde5fcab4bc', '1465fa205397b876faa6f0a9958e5590e40fcc7faa4fb7c2c8677521fb5fb658']",[],1.0,0ffee3ba8e615ad22535e7f771690a28,303951d4c50efb2e991652225a6f02b1,,,8597.449732,10.0.2.15,50335,54.165.65.165,443,tcp,97.9052670000001,1308.0,6293.0,SF,True,False,0,ShADadTFf,22,2205,25,7297,ssl,0
8597.891053,CyB6KE1tfI3IDxMnr4,10.0.2.15,50334,54.165.65.165,443,TLSv12,TLS_ECDHE_RSA_WITH_AES_128_GCM_SHA256,secp256r1,n-cdn-origin.areyouahuman.com,False,True,CsxknGIi,"['030d64a1f79469fd05a62305ee4bd2b8d998720f9042b64250f2dfc38f31bcaf', '93a07898d89b2cca166ba6f1f8a14138ce43828e491b831926bc8247d391cc72', '9f43d52e808c20aff69e02faac205aac684e6975213d6620fac64bde5fcab4bc', '1465fa205397b876faa6f0a9958e5590e40fcc7faa4fb7c2c8677521fb5fb658']",[],1.0,0ffee3ba8e615ad22535e7f771690a28,303951d4c50efb2e991652225a6f02b1,,,8597.448699,10.0.2.15,50334,54.165.65.165,443,tcp,104.24770100000023,4957.0,6127.0,SF,True,False,0,ShADadTFf,25,5974,26,7171,ssl,0
8599.599245,C2Z5bh2qxaL9c0c4R5,10.0.2.15,50339,54.89.182.162,443,TLSv12,TLS_ECDHE_RSA_WITH_AES_256_GCM_SHA384,secp256r1,v4.moatads.com,False,True,CsxknGIti,"['a1f5b668b42edb358e83f7846b2d9b47b4c87d7ba7c20aecdceea13939a70e76', 'e6683e88315cd1cb403c0cea490f7c4b4c82c91cd485037489aadbaa90839f61']",[],1.0,0ffee3ba8e615ad22535e7f771690a28,a39e18564e32e1822751c4af0bfba817,http/1.1,,8599.217,10.0.2.15,50339,54.89.182.162,443,tcp,91.87125899999955,6357.0,4719.0,SF,True,False,0,ShADadTfF,27,7452,28,5843,ssl,0
8599.609219,CHJbvp3ALP6EVil8Te,10.0.2.15,50337,54.89.182.162,443,TLSv12,TLS_ECDHE_RSA_WITH_AES_256_GCM_SHA384,secp256r1,v4.moatads.com,False,True,CsxknGIti,"['a1f5b668b42edb358e83f7846b2d9b47b4c87d7ba7c20aecdceea13939a70e76', 'e6683e88315cd1cb403c0cea490f7c4b4c82c91cd485037489aadbaa90839f61']",[],1.0,0ffee3ba8e615ad22535e7f771690a28,a39e18564e32e1822751c4af0bfba817,http/1.1,,8599.215027,10.0.2.15,50337,54.89.182.162,443,tcp,6.354709999999613,348.0,3324.0,SF,True,False,0,ShADadFf,10,756,10,3728,ssl,0
8602.011191,CTreSCf8OuiRHlJb6,10.0.2.15,50341,172.217.23.238,443,TLSv12,TLS_ECDHE_ECDSA_WITH_AES_128_GCM_SHA256,,youtubei.youtube.com,True,True,CsiI,,,,1a5fe5677b0e4fbbc854e8908225637d,c23237dbea656869600e48dfbd00ab7b,h2,,8601.869558,10.0.2.15,50341,172.217.23.238,443,tcp,195.69727000000057,2871.0,1317.0,SF,True,False,0,ShADadFf,21,3719,23,2241,ssl,0
8604.591477,COJ1VD2vgNSXdhWSAi,10.0.2.15,50345,173.241.240.143,443,TLSv12,TLS_ECDHE_RSA_WITH_AES_128_GCM_SHA256,secp256r1,us-u.openx.net,False,True,CsxknGIi,"['ab7de06ea7a3de3225f335667d38750434931049f9e9cb0cb4a9caf5df22819c', '074541ecdf88ed992ed5ade3ecddef27a26ba1b44480a195c0a8dadae2521d8e']",[],1.0,0ffee3ba8e615ad22535e7f771690a28,699a80bdb17efe157c861f92c5bf5d1d,,,8603.938854,10.0.2.15,50345,173.241.240.143,443,tcp,7.334262000000308,1619.0,4473.0,SF,True,False,0,ShADadFfRr,14,2187,15,5077,ssl,0
8604.791618,Cnd3MF4ZOMp42QfV0i,10.0.2.15,50348,173.241.240.143,443,TLSv12,TLS_ECDHE_RSA_WITH_AES_128_GCM_SHA256,secp256r1,us-u.openx.net,False,True,CsxknGIi,"['ab7de06ea7a3de3225f335667d38750434931049f9e9cb0cb4a9caf5df22819c', '074541ecdf88ed992ed5ade3ecddef27a26ba1b44480a195c0a8dadae2521d8e']",[],1.0,0ffee3ba8e615ad22535e7f771690a28,699a80bdb17efe157c861f92c5bf5d1d,,,8603.953098,10.0.2.15,50348,173.241.240.143,443,tcp,6.840667000000394,380.0,3124.0,SF,True,False,0,ShADadFfRr,10,788,11,3568,ssl,0
8608.422865,CMvoE6tVbMxeP2nNg,10.0.2.15,50354,23.74.189.100,443,TLSv12,TLS_ECDHE_RSA_WITH_AES_256_GCM_SHA384,secp256r1,ssl.connextra.com,False,True,CsxknGIti,"['0744b967418c16c14e2609471363dc89737afe97b310240324db9d737d98c498', 'eae72eb454bf6c3977ebd289e970b2f5282949190093d0d26f98d0f0d6a9cf17', '8420dfbe376f414bf4c0a81e6936d24ccc03f304835b86c7a39142fca723a689']",[],1.0,0ffee3ba8e615ad22535e7f771690a28,2b33c1374db4ddf06942f92373c0b54b,h2,,8607.744051,10.0.2.15,50354,23.74.189.100,443,tcp,7.776836000000912,2297.0,6192.0,SF,True,False,0,ShADadFfRr,17,2985,20,6996,ssl,0
8608.424466,CX7prm2lCeC4yqJdWj,10.0.2.15,50353,23.74.189.100,443,TLSv12,TLS_ECDHE_RSA_WITH_AES_256_GCM_SHA384,secp256r1,ssl.connextra.com,False,True,CsxknGIti,"['0744b967418c16c14e2609471363dc89737afe97b310240324db9d737d98c498', 'eae72eb454bf6c3977ebd289e970b2f5282949190093d0d26f98d0f0d6a9cf17', '8420dfbe376f414bf4c0a81e6936d24ccc03f304835b86c7a39142fca723a689']",[],1.0,0ffee3ba8e615ad22535e7f771690a28,2b33c1374db4ddf06942f92373c0b54b,h2,,8607.743532,10.0.2.15,50353,23.74.189.100,443,tcp,203.313451,9422.0,110633.0,SF,True,False,0,ShADadFfRr,64,11990,135,116037,ssl,0
8617.047893,Ct9IOfms88lhCgCPe,10.0.2.15,54395,52.202.40.127,443,TLSv12,TLS_ECDHE_RSA_WITH_AES_128_GCM_SHA256,secp256r1,geo.moatads.com,False,True,CsxknGIi,"['a1f5b668b42edb358e83f7846b2d9b47b4c87d7ba7c20aecdceea13939a70e76', 'e6683e88315cd1cb403c0cea490f7c4b4c82c91cd485037489aadbaa90839f61']",[],1.0,0ffee3ba8e615ad22535e7f771690a28,303951d4c50efb2e991652225a6f02b1,,,8616.106863,10.0.2.15,54395,52.202.40.127,443,tcp,64.929157999999,1733.0,3399.0,SF,True,False,0,ShADadTFf,15,2346,18,4123,ssl,0
8618.615781,CfIPoI20Efviym4qZ8,10.0.2.15,54401,74.120.149.33,443,TLSv12,TLS_ECDHE_RSA_WITH_AES_128_GCM_SHA256,secp256r1,login.nola.com,False,True,CsxknGIti,"['1e5d18ca3e2a540c896a71607065a63aa1677cca733376dc97caa762d952bd3a', '02ab57e4e67a0cb48dd2ff34830e8ac40f4476fb08ca6be3f5cd846f646840f0', '4f32d5dc00f715250abcc486511e37f501a899deb3bf7ea8adbbd3aef1c412da', '687fa451382278fff0c8b11f8d43d576671c6eb2bceab413fb83d965d06d2ff2']",[],1.0,1a5fe5677b0e4fbbc854e8908225637d,ccc514751b175866924439bdbb5bba34,,,8617.565464,10.0.2.15,54401,74.120.149.33,443,tcp,4.154329000000871,2315.0,17613.0,SF,True,False,0,ShADadfF,13,2843,23,18537,ssl,0
8618.617069,CN5Z0SCIolda40Sib,10.0.2.15,54400,74.120.149.33,443,TLSv12,TLS_ECDHE_RSA_WITH_AES_128_GCM_SHA256,secp256r1,login.nola.com,False,True,CsxknGIti,"['1e5d18ca3e2a540c896a71607065a63aa1677cca733376dc97caa762d952bd3a', '02ab57e4e67a0cb48dd2ff34830e8ac40f4476fb08ca6be3f5cd846f646840f0', '4f32d5dc00f715250abcc486511e37f501a899deb3bf7ea8adbbd3aef1c412da', '687fa451382278fff0c8b11f8d43d576671c6eb2bceab413fb83d965d06d2ff2']",[],1.0,1a5fe5677b0e4fbbc854e8908225637d,ccc514751b175866924439bdbb5bba34,,,8617.564877,10.0.2.15,54400,74.120.149.33,443,tcp,3.730706999998801,2297.0,6891.0,SF,True,False,0,ShADadfF,11,2745,15,7495,ssl,0
8618.618295,C89NwL1clafPijAkvk,10.0.2.15,54399,74.120.149.33,443,TLSv12,TLS_ECDHE_RSA_WITH_AES_128_GCM_SHA256,secp256r1,login.nola.com,False,True,CsxknGIti,"['1e5d18ca3e2a540c896a71607065a63aa1677cca733376dc97caa762d952bd3a', '02ab57e4e67a0cb48dd2ff34830e8ac40f4476fb08ca6be3f5cd846f646840f0', '4f32d5dc00f715250abcc486511e37f501a899deb3bf7ea8adbbd3aef1c412da', '687fa451382278fff0c8b11f8d43d576671c6eb2bceab413fb83d965d06d2ff2']",[],1.0,1a5fe5677b0e4fbbc854e8908225637d,ccc514751b175866924439bdbb5bba34,,,8617.556142,10.0.2.15,54399,74.120.149.33,443,tcp,3.486274000000776,2314.0,6891.0,SF,True,False,0,ShADadfF,11,2762,16,7535,ssl,0
8618.621725,CvHMCS14xFBzfy5rPb,10.0.2.15,54398,74.120.149.33,443,TLSv12,TLS_ECDHE_RSA_WITH_AES_128_GCM_SHA256,secp256r1,login.nola.com,False,True,CsxknGIti,"['1e5d18ca3e2a540c896a71607065a63aa1677cca733376dc97caa762d952bd3a', '02ab57e4e67a0cb48dd2ff34830e8ac40f4476fb08ca6be3f5cd846f646840f0', '4f32d5dc00f715250abcc486511e37f501a899deb3bf7ea8adbbd3aef1c412da', '687fa451382278fff0c8b11f8d43d576671c6eb2bceab413fb83d965d06d2ff2']",[],1.0,1a5fe5677b0e4fbbc854e8908225637d,ccc514751b175866924439bdbb5bba34,,,8617.555025,10.0.2.15,54398,74.120.149.33,443,tcp,5.192775999999867,2315.0,17620.0,SF,True,False,0,ShADadfF,15,2923,23,18544,ssl,0
8619.173338,CstqBt1vkvKbCOv823,10.0.2.15,54403,74.120.149.33,443,TLSv12,TLS_ECDHE_RSA_WITH_AES_128_GCM_SHA256,secp256r1,login.nola.com,False,True,CsxknGIti,"['1e5d18ca3e2a540c896a71607065a63aa1677cca733376dc97caa762d952bd3a', '02ab57e4e67a0cb48dd2ff34830e8ac40f4476fb08ca6be3f5cd846f646840f0', '4f32d5dc00f715250abcc486511e37f501a899deb3bf7ea8adbbd3aef1c412da', '687fa451382278fff0c8b11f8d43d576671c6eb2bceab413fb83d965d06d2ff2']",[],1.0,0ffee3ba8e615ad22535e7f771690a28,ccc514751b175866924439bdbb5bba34,,,8618.35598,10.0.2.15,54403,74.120.149.33,443,tcp,5.41950899999938,1988.0,6891.0,SF,True,False,0,ShADadfF,12,2476,15,7495,ssl,0
8619.799889,CrKoAGrNK4EeVTKna,10.0.2.15,54404,23.74.189.100,443,TLSv12,TLS_ECDHE_RSA_WITH_AES_256_GCM_SHA384,secp256r1,zz.connextra.com,False,True,CsxknGIti,"['0744b967418c16c14e2609471363dc89737afe97b310240324db9d737d98c498', 'eae72eb454bf6c3977ebd289e970b2f5282949190093d0d26f98d0f0d6a9cf17', '8420dfbe376f414bf4c0a81e6936d24ccc03f304835b86c7a39142fca723a689']",[],1.0,0ffee3ba8e615ad22535e7f771690a28,2b33c1374db4ddf06942f92373c0b54b,h2,,8619.194414,10.0.2.15,54404,23.74.189.100,443,tcp,1.888130999999703,530.0,4916.0,SF,True,False,0,ShADadFRfr,13,1058,16,5560,ssl,0
8620.510657,CX3YfjSIVg9hK37zb,10.0.2.15,54406,172.227.94.145,443,TLSv12,TLS_ECDHE_RSA_WITH_AES_256_GCM_SHA384,secp256r1,www.redfin.com,False,True,CsxknGIti,"['9015e145bd6969d471596c57ca3c39be91a4974a9473f882716f247128063c03', '9e6bc5f9ecc52460e8edc02c644d1be1cb9f2316f41daf3b616a0b2058294b31']",[],1.0,0ffee3ba8e615ad22535e7f771690a28,2b33c1374db4ddf06942f92373c0b54b,http/1.1,,8620.079812,10.0.2.15,54406,172.227.94.145,443,tcp,230.3803229999994,25256.0,376907.0,SF,True,False,0,ShADadTTFfRr,128,30398,378,392031,ssl,0
8622.758597,CZDY7e8JzPkv3rK04,10.0.2.15,54407,74.120.149.33,443,TLSv12,TLS_ECDHE_RSA_WITH_AES_128_GCM_SHA256,,login.nola.com,True,True,CsiI,,,,1a5fe5677b0e4fbbc854e8908225637d,fbe78c619e7ea20046131294ad087f05,,,8622.370503,10.0.2.15,54407,74.120.149.33,443,tcp,6.504644999999073,599.0,137.0,SF,True,False,0,ShADadFf,8,927,7,421,ssl,0
8624.608842,CkYdQl24i9qeoE4s6g,10.0.2.15,54410,95.100.188.137,443,TLSv12,TLS_ECDHE_RSA_WITH_AES_256_GCM_SHA384,secp256r1,cdns1.gigya.com,False,True,CsxknGIti,"['b04060d44d547fa9ca664c5b49bc0750241a752f0ffd54655c7e6bc93f68a42e', 'eae72eb454bf6c3977ebd289e970b2f5282949190093d0d26f98d0f0d6a9cf17']",[],1.0,0ffee3ba8e615ad22535e7f771690a28,2b33c1374db4ddf06942f92373c0b54b,http/1.1,,8624.341331,10.0.2.15,54410,95.100.188.137,443,tcp,128.67140300000028,1801.0,8773.0,SF,True,False,0,ShADadTTFfRr,25,2820,30,9977,ssl,0
8624.622929,C8Hm7Y3Y4n8iLSOZxa,10.0.2.15,54411,95.100.188.137,443,TLSv12,TLS_ECDHE_RSA_WITH_AES_256_GCM_SHA384,secp256r1,cdns1.gigya.com,False,True,CsxknGIti,"['b04060d44d547fa9ca664c5b49bc0750241a752f0ffd54655c7e6bc93f68a42e', 'eae72eb454bf6c3977ebd289e970b2f5282949190093d0d26f98d0f0d6a9cf17']",[],1.0,0ffee3ba8e615ad22535e7f771690a28,2b33c1374db4ddf06942f92373c0b54b,http/1.1,,8624.34498,10.0.2.15,54411,95.100.188.137,443,tcp,11.107583999999406,349.0,3712.0,SF,True,False,0,ShADadTFfRr,11,798,13,4236,ssl,0
8625.059684,CHj7Qn3QqMYyjUuc69,10.0.2.15,54415,95.100.188.137,443,TLSv12,TLS_ECDHE_RSA_WITH_AES_256_GCM_SHA384,secp256r1,cdns3.gigya.com,False,True,CsxknGIti,"['b04060d44d547fa9ca664c5b49bc0750241a752f0ffd54655c7e6bc93f68a42e', 'eae72eb454bf6c3977ebd289e970b2f5282949190093d0d26f98d0f0d6a9cf17']",[],1.0,0ffee3ba8e615ad22535e7f771690a28,2b33c1374db4ddf06942f92373c0b54b,http/1.1,,8624.641389,10.0.2.15,54415,95.100.188.137,443,tcp,123.33529400000045,1075.0,15060.0,RSTO,True,False,0,ShADadTTFR,26,2135,33,16384,ssl,0
8625.07006,C9mxEjbfpmrp2R5Af,10.0.2.15,54413,95.100.188.137,443,TLSv12,TLS_ECDHE_RSA_WITH_AES_256_GCM_SHA384,secp256r1,cdns3.gigya.com,False,True,CsxknGIti,"['b04060d44d547fa9ca664c5b49bc0750241a752f0ffd54655c7e6bc93f68a42e', 'eae72eb454bf6c3977ebd289e970b2f5282949190093d0d26f98d0f0d6a9cf17']",[],1.0,0ffee3ba8e615ad22535e7f771690a28,2b33c1374db4ddf06942f92373c0b54b,http/1.1,,8624.630368,10.0.2.15,54413,95.100.188.137,443,tcp,10.797822000000451,349.0,3712.0,SF,True,False,0,ShADadFfRr,10,757,12,4196,ssl,0
8627.803118,C5zeGU2JG5w54JasP8,10.0.2.15,54422,93.184.220.20,443,TLSv12,TLS_ECDHE_RSA_WITH_AES_128_GCM_SHA256,secp256r1,ssl.cdn-redfin.com,False,True,CsxuknGIti,"['e92d0ac28add73970fe8985e24650cf116f0167741991865b3f83ffd37e8c172', '154c433c491929c5ef686e838e323664a00e6a0d822ccc958fb4dab03e49a08f']",[],1.0,0ffee3ba8e615ad22535e7f771690a28,49b45fc1ab090aa3a159778313fc9b9e,h2,,8627.370537,10.0.2.15,54422,93.184.220.20,443,tcp,239.56023899999852,4357.0,2721592.0,SF,True,False,0,ShADadtTWfF,456,22605,2095,2811076,ssl,0
8627.804871,CiaIOSS8ejwjHk9t2,10.0.2.15,54427,93.184.220.20,443,TLSv12,TLS_ECDHE_RSA_WITH_AES_128_GCM_SHA256,secp256r1,ssl.cdn-redfin.com,False,True,CsxuknGIti,"['e92d0ac28add73970fe8985e24650cf116f0167741991865b3f83ffd37e8c172', '154c433c491929c5ef686e838e323664a00e6a0d822ccc958fb4dab03e49a08f']",[],1.0,0ffee3ba8e615ad22535e7f771690a28,49b45fc1ab090aa3a159778313fc9b9e,h2,,8627.382189,10.0.2.15,54427,93.184.220.20,443,tcp,5.928636000000552,796.0,15378.0,SF,True,False,0,ShADadfF,15,1404,24,16342,ssl,0
8627.806574,C6L46e1p1nNQfAiWw7,10.0.2.15,54426,93.184.220.20,443,TLSv12,TLS_ECDHE_RSA_WITH_AES_128_GCM_SHA256,secp256r1,ssl.cdn-redfin.com,False,True,CsxuknGIti,"['e92d0ac28add73970fe8985e24650cf116f0167741991865b3f83ffd37e8c172', '154c433c491929c5ef686e838e323664a00e6a0d822ccc958fb4dab03e49a08f']",[],1.0,0ffee3ba8e615ad22535e7f771690a28,49b45fc1ab090aa3a159778313fc9b9e,h2,,8627.378663,10.0.2.15,54426,93.184.220.20,443,tcp,6.343633000000409,799.0,29905.0,SF,True,False,0,ShADadfF,19,1567,37,31389,ssl,0
8627.813785,CXjvp52rhdujdDR7Rg,10.0.2.15,54425,93.184.220.20,443,TLSv12,TLS_ECDHE_RSA_WITH_AES_128_GCM_SHA256,secp256r1,ssl.cdn-redfin.com,False,True,CsxuknGIti,"['e92d0ac28add73970fe8985e24650cf116f0167741991865b3f83ffd37e8c172', '154c433c491929c5ef686e838e323664a00e6a0d822ccc958fb4dab03e49a08f']",[],1.0,0ffee3ba8e615ad22535e7f771690a28,49b45fc1ab090aa3a159778313fc9b9e,h2,,8627.374207,10.0.2.15,54425,93.184.220.20,443,tcp,7.013912999998865,815.0,10002.0,SF,True,False,0,ShADadfF,14,1383,20,10806,ssl,0
8627.815135,CYaLRUwGrTf9yqc,10.0.2.15,54424,93.184.220.20,443,TLSv12,TLS_ECDHE_RSA_WITH_AES_128_GCM_SHA256,secp256r1,ssl.cdn-redfin.com,False,True,CsxuknGIti,"['e92d0ac28add73970fe8985e24650cf116f0167741991865b3f83ffd37e8c172', '154c433c491929c5ef686e838e323664a00e6a0d822ccc958fb4dab03e49a08f']",[],1.0,0ffee3ba8e615ad22535e7f771690a28,49b45fc1ab090aa3a159778313fc9b9e,h2,,8627.373311,10.0.2.15,54424,93.184.220.20,443,tcp,1.785578000000896,530.0,5209.0,SF,True,False,0,ShADadfF,12,1018,14,5773,ssl,0
8627.816452,CqESzq3o3vQq74KbTk,10.0.2.15,54423,93.184.220.20,443,TLSv12,TLS_ECDHE_RSA_WITH_AES_128_GCM_SHA256,secp256r1,ssl.cdn-redfin.com,False,True,CsxuknGIti,"['e92d0ac28add73970fe8985e24650cf116f0167741991865b3f83ffd37e8c172', '154c433c491929c5ef686e838e323664a00e6a0d822ccc958fb4dab03e49a08f']",[],1.0,0ffee3ba8e615ad22535e7f771690a28,49b45fc1ab090aa3a159778313fc9b9e,h2,,8627.372074,10.0.2.15,54423,93.184.220.20,443,tcp,1.785812000000078,530.0,5209.0,SF,True,False,0,ShADadfF,12,1018,16,5853,ssl,0
8633.729796,Cqq01G4qnj08cnMppl,10.0.2.15,54428,172.227.94.145,443,TLSv12,TLS_ECDHE_RSA_WITH_AES_256_GCM_SHA384,,www.redfin.com,True,True,CsiI,,,,1a5fe5677b0e4fbbc854e8908225637d,410b9bedaf65dd26c6fe547154d60db4,http/1.1,,8633.065826,10.0.2.15,54428,172.227.94.145,443,tcp,146.8873509999994,2639.0,1785.0,SF,True,False,0,ShADadTTFfRr,27,3741,28,2909,ssl,0
8633.747181,CT3eKtCyZ2s76GsD4,10.0.2.15,54432,95.100.188.137,443,TLSv12,TLS_ECDHE_RSA_WITH_AES_256_GCM_SHA384,secp256r1,cdns2.gigya.com,False,True,CsxknGIti,"['b04060d44d547fa9ca664c5b49bc0750241a752f0ffd54655c7e6bc93f68a42e', 'eae72eb454bf6c3977ebd289e970b2f5282949190093d0d26f98d0f0d6a9cf17']",[],1.0,0ffee3ba8e615ad22535e7f771690a28,2b33c1374db4ddf06942f92373c0b54b,http/1.1,,8633.068689,10.0.2.15,54432,95.100.188.137,443,tcp,126.96911700000057,1114.0,8098.0,RSTO,True,False,0,ShADadTTFR,24,2093,27,9182,ssl,0
8633.755226,CWEk3v3SCTXUI4FU2j,10.0.2.15,54431,93.184.220.20,443,TLSv12,TLS_ECDHE_RSA_WITH_AES_128_GCM_SHA256,secp256r1,ssl.cdn-redfin.com,False,True,CsxuknGIti,"['e92d0ac28add73970fe8985e24650cf116f0167741991865b3f83ffd37e8c172', '154c433c491929c5ef686e838e323664a00e6a0d822ccc958fb4dab03e49a08f']",[],1.0,0ffee3ba8e615ad22535e7f771690a28,49b45fc1ab090aa3a159778313fc9b9e,h2,,8633.067995,10.0.2.15,54431,93.184.220.20,443,tcp,230.92561900000143,1244.0,404452.0,SF,True,False,0,ShADadtfF,100,5252,322,420176,ssl,0
8633.773288,ChfhsC1RhRqkSu1Dc7,10.0.2.15,54429,172.227.94.145,443,TLSv12,TLS_ECDHE_RSA_WITH_AES_256_GCM_SHA384,,www.redfin.com,True,True,CsiI,,,,1a5fe5677b0e4fbbc854e8908225637d,410b9bedaf65dd26c6fe547154d60db4,http/1.1,,8633.066575,10.0.2.15,54429,172.227.94.145,443,tcp,7.6289749999996275,599.0,183.0,SF,True,False,0,ShADadFfRr,9,967,9,547,ssl,0
8633.769162,C6XhpH2ybDXopAF8ra,10.0.2.15,54430,93.184.220.20,443,TLSv12,TLS_ECDHE_RSA_WITH_AES_128_GCM_SHA256,secp256r1,ssl.cdn-redfin.com,False,True,CsxuknGIti,"['e92d0ac28add73970fe8985e24650cf116f0167741991865b3f83ffd37e8c172', '154c433c491929c5ef686e838e323664a00e6a0d822ccc958fb4dab03e49a08f']",[],1.0,0ffee3ba8e615ad22535e7f771690a28,49b45fc1ab090aa3a159778313fc9b9e,h2,,8633.067125,10.0.2.15,54430,93.184.220.20,443,tcp,5.897655000000668,902.0,63484.0,RSTR,True,False,0,ShADadfRr,31,2150,72,66368,ssl,0
8638.594598,ChsMqnTLvl361slBl,10.0.2.15,54433,172.227.94.145,443,TLSv12,TLS_ECDHE_RSA_WITH_AES_256_GCM_SHA384,,www.redfin.com,True,True,CsiI,,,,1a5fe5677b0e4fbbc854e8908225637d,410b9bedaf65dd26c6fe547154d60db4,http/1.1,,8634.415691,10.0.2.15,54433,172.227.94.145,443,tcp,10.643947999999,599.0,183.0,SF,True,False,0,ShADadFfRr,9,967,9,547,ssl,0
8638.586258,CZsfAnhZjAVlJNUp3,10.0.2.15,54435,95.100.188.137,443,TLSv12,TLS_ECDHE_RSA_WITH_AES_256_GCM_SHA384,secp256r1,cdns2.gigya.com,False,True,CsxknGIti,"['b04060d44d547fa9ca664c5b49bc0750241a752f0ffd54655c7e6bc93f68a42e', 'eae72eb454bf6c3977ebd289e970b2f5282949190093d0d26f98d0f0d6a9cf17']",[],1.0,0ffee3ba8e615ad22535e7f771690a28,2b33c1374db4ddf06942f92373c0b54b,http/1.1,,8634.417735,10.0.2.15,54435,95.100.188.137,443,tcp,10.652850999998918,349.0,3712.0,SF,True,False,0,ShADadFRfr,11,797,12,4196,ssl,0
8638.59392,CZAQrw1uDfDxuMfj0a,10.0.2.15,54434,172.227.94.145,443,TLSv12,TLS_ECDHE_RSA_WITH_AES_256_GCM_SHA384,,www.redfin.com,True,True,CsiI,,,,1a5fe5677b0e4fbbc854e8908225637d,410b9bedaf65dd26c6fe547154d60db4,http/1.1,,8634.416593,10.0.2.15,54434,172.227.94.145,443,tcp,10.634508999999523,599.0,183.0,SF,True,False,0,ShADadFfRr,9,967,9,547,ssl,0
8640.447798,CNATyo4waopeHLgd6,10.0.2.15,54438,172.227.94.145,443,TLSv12,TLS_ECDHE_RSA_WITH_AES_256_GCM_SHA384,,www.redfin.com,True,True,CsiI,,,,1a5fe5677b0e4fbbc854e8908225637d,410b9bedaf65dd26c6fe547154d60db4,http/1.1,,8638.600425,10.0.2.15,54438,172.227.94.145,443,tcp,10.322446999998649,599.0,183.0,SF,True,False,0,ShADadFfRr,8,927,9,547,ssl,0
8640.469005,CYkIKG1Lu5AIgCItL4,10.0.2.15,54440,172.217.23.226,443,TLSv12,TLS_ECDHE_RSA_WITH_AES_128_GCM_SHA256,x25519,www.googleadservices.com,False,True,CsxknGIti,"['33c13616ade5804cb64668e7fede6e1ef8141ce96a24e69910dfdd83efac1907', '9f630426df1d8abfd80ace98871ba833ab9742cb34838de2b5285ed54c0c7dcc', '3c35cc963eb004451323d3275d05b353235053490d9cd83729a2faf5e7ca1cc0']",[],1.0,0ffee3ba8e615ad22535e7f771690a28,ab41313cfec25328b20865eb1388e0a2,h2,,8638.613312,10.0.2.15,54440,172.217.23.226,443,tcp,268.8615860000009,1311.0,4976.0,SF,True,False,0,ShADadFf,23,2239,26,6020,ssl,0
8640.470024,CuW7By2MCYLww4d5bl,10.0.2.15,54439,95.100.188.137,443,TLSv12,TLS_ECDHE_RSA_WITH_AES_256_GCM_SHA384,,cdns2.gigya.com,True,True,CsiI,,,,1a5fe5677b0e4fbbc854e8908225637d,410b9bedaf65dd26c6fe547154d60db4,http/1.1,,8638.612439,10.0.2.15,54439,95.100.188.137,443,tcp,10.328604000000269,599.0,183.0,SF,True,False,0,ShADadFfRr,9,967,9,547,ssl,0
8640.551122,C2pCeq4xmmVfCLdRXk,10.0.2.15,54441,13.107.21.200,443,TLSv12,TLS_ECDHE_RSA_WITH_AES_256_CBC_SHA,secp384r1,bat.bing.com,False,True,CsxuknGIi,"['80c4440580dbd55b228f41e6c88a51ecdbb998b5d32d12acd31ce25518d37128', '2399983e99703ebd01cea466c10799810c4ba62a8d61b88170a334dcd61bb20f']",[],1.0,0ffee3ba8e615ad22535e7f771690a28,4fd467dd264720762ffe286277c00f57,,,8640.006442,10.0.2.15,54441,13.107.21.200,443,tcp,8.909390000000712,456.0,6880.0,SF,True,False,0,ShADadFf,11,904,13,7404,ssl,0
8640.549963,C29AaG2fR8zlGDBlRc,10.0.2.15,54442,31.13.76.107,443,TLSv12,TLS_ECDHE_ECDSA_WITH_AES_128_GCM_SHA256,secp256r1,connect.facebook.net,False,True,CsxknGIti,"['152151b387412a95ab90fd4664f2d98880408e9e43913124e4c91226a483386b', '19400be5b7a31fb733917700789d2f0a2471c0c9d506c0e504c06c16d7cb17c0']",[],1.0,0ffee3ba8e615ad22535e7f771690a28,2d1eb5817ece335c24904f516ad5da12,h2,,8640.018934,10.0.2.15,54442,31.13.76.107,443,tcp,936.485697,3057.0,143743.0,SF,True,False,0,ShADadfF,82,6345,165,150347,ssl,0
8650.370587,CrTeyq2GPWgZMZSJxa,10.0.2.15,54448,172.217.23.238,443,TLSv12,TLS_ECDHE_RSA_WITH_AES_128_GCM_SHA256,,apis.google.com,True,True,CsiI,,,,1a5fe5677b0e4fbbc854e8908225637d,67619a80665d7ab92d1041b1d11f9164,h2,,8650.340295,10.0.2.15,54448,172.217.23.238,443,tcp,204.95504299999996,1640.0,27704.0,SF,True,False,0,ShADadFf,32,2928,49,29668,ssl,0
8652.433329,CfKtxt12zBTzyPRpK8,10.0.2.15,54449,172.227.84.143,443,TLSv12,TLS_ECDHE_RSA_WITH_AES_256_GCM_SHA384,secp256r1,www.usaa.com,False,True,CsxknGIti,"['b03e53c021cf01d959621c8c92796d0bf2eda3eecdd1f919228ac765d7910ff2', '9e6bc5f9ecc52460e8edc02c644d1be1cb9f2316f41daf3b616a0b2058294b31']",[],1.0,0ffee3ba8e615ad22535e7f771690a28,2b33c1374db4ddf06942f92373c0b54b,http/1.1,,8652.400905,10.0.2.15,54449,172.227.84.143,443,tcp,168.3676919999998,5870.0,76470.0,SF,True,False,0,ShADadTTFRfr,55,8093,100,80474,ssl,0
8655.671717,CBuTIj3BE8DIXT7A6c,10.0.2.15,54453,172.217.23.237,443,TLSv12,TLS_ECDHE_RSA_WITH_AES_128_GCM_SHA256,,accounts.google.com,True,True,CsiI,,,,1a5fe5677b0e4fbbc854e8908225637d,67619a80665d7ab92d1041b1d11f9164,h2,,8655.244066,10.0.2.15,54453,172.217.23.237,443,tcp,199.11145399999987,1753.0,1590.0,SF,True,False,0,ShADadFf,22,2641,25,2594,ssl,0
8656.502265,CuXi2r2jqvik2dMsa6,10.0.2.15,54456,95.100.191.4,443,TLSv12,TLS_ECDHE_RSA_WITH_AES_256_GCM_SHA384,,sb.scorecardresearch.com,True,True,CsiI,,,,1a5fe5677b0e4fbbc854e8908225637d,410b9bedaf65dd26c6fe547154d60db4,http/1.1,,8655.792612,10.0.2.15,54456,95.100.191.4,443,tcp,6.74136400000134,599.0,183.0,SF,True,False,0,ShADadFfRr,8,927,9,547,ssl,0
8656.491782,Cjiifx4QClbq3j5op9,10.0.2.15,54455,95.100.191.4,443,TLSv12,TLS_ECDHE_RSA_WITH_AES_256_GCM_SHA384,,sb.scorecardresearch.com,True,True,CsiI,,,,1a5fe5677b0e4fbbc854e8908225637d,410b9bedaf65dd26c6fe547154d60db4,http/1.1,,8655.79067,10.0.2.15,54455,95.100.191.4,443,tcp,124.1686809999992,1139.0,460.0,SF,True,False,0,ShADadTTFfRr,22,2039,23,1384,ssl,0
8656.49371,CzwXov2hEPTJ2JXJi9,10.0.2.15,54459,95.100.191.4,443,TLSv12,TLS_ECDHE_RSA_WITH_AES_256_GCM_SHA384,,sb.scorecardresearch.com,True,True,CsiI,,,,1a5fe5677b0e4fbbc854e8908225637d,410b9bedaf65dd26c6fe547154d60db4,http/1.1,,8655.81409,10.0.2.15,54459,95.100.191.4,443,tcp,209.20823799999928,2053.0,1227.0,SF,True,False,0,ShADadTTFfRr,34,3441,35,2631,ssl,0
8656.495935,CUBeeg1Y46kthcl8wa,10.0.2.15,54458,95.100.191.4,443,TLSv12,TLS_ECDHE_RSA_WITH_AES_256_GCM_SHA384,,sb.scorecardresearch.com,True,True,CsiI,,,,1a5fe5677b0e4fbbc854e8908225637d,410b9bedaf65dd26c6fe547154d60db4,http/1.1,,8655.800336,10.0.2.15,54458,95.100.191.4,443,tcp,6.733613000000332,599.0,183.0,SF,True,False,0,ShADadFfRr,8,927,9,547,ssl,0
8656.496771,C9sd0X2Wa1UpgOXMfc,10.0.2.15,54457,13.107.21.200,443,TLSv12,TLS_ECDHE_RSA_WITH_AES_256_CBC_SHA,secp384r1,bat.bing.com,False,True,CsxuknGIi,"['80c4440580dbd55b228f41e6c88a51ecdbb998b5d32d12acd31ce25518d37128', '2399983e99703ebd01cea466c10799810c4ba62a8d61b88170a334dcd61bb20f']",[],1.0,0ffee3ba8e615ad22535e7f771690a28,4fd467dd264720762ffe286277c00f57,,,8655.796391,10.0.2.15,54457,13.107.21.200,443,tcp,118.50785999999972,3996.0,8468.0,SF,True,False,0,ShADadTTfF,29,5174,31,9712,ssl,0
8657.194208,Cgwils4qkjOEqrziNj,10.0.2.15,54460,13.107.21.200,443,TLSv12,TLS_ECDHE_RSA_WITH_AES_256_CBC_SHA,secp384r1,bat.bing.com,False,True,CsxuknGIi,"['80c4440580dbd55b228f41e6c88a51ecdbb998b5d32d12acd31ce25518d37128', '2399983e99703ebd01cea466c10799810c4ba62a8d61b88170a334dcd61bb20f']",[],1.0,0ffee3ba8e615ad22535e7f771690a28,4fd467dd264720762ffe286277c00f57,,,8656.655626,10.0.2.15,54460,13.107.21.200,443,tcp,5.867997999999716,456.0,6880.0,SF,True,False,0,ShADadFf,11,904,13,7404,ssl,0
8658.126458,C0t4Uj2phCTh3Tg4ue,10.0.2.15,54464,172.217.23.227,443,TLSv12,TLS_ECDHE_ECDSA_WITH_AES_128_GCM_SHA256,x25519,ssl.gstatic.com,False,True,CsxknGIti,"['11ddd329046367c19b32ffdb02ed308de129de4d6ffcf95856d7bd6a7accfba9', '9f630426df1d8abfd80ace98871ba833ab9742cb34838de2b5285ed54c0c7dcc', '3c35cc963eb004451323d3275d05b353235053490d9cd83729a2faf5e7ca1cc0']",[],1.0,0ffee3ba8e615ad22535e7f771690a28,84480cf8cf0e732666092640e581e1a5,h2,,8657.882257,10.0.2.15,54464,172.217.23.227,443,tcp,196.9294260000006,992.0,18506.0,SF,True,False,0,ShADadFf,26,2040,34,19870,ssl,0
8658.129403,CSAfBh4SJvM1exAiM9,10.0.2.15,54462,172.227.84.143,443,TLSv12,TLS_ECDHE_RSA_WITH_AES_256_GCM_SHA384,,www.usaa.com,True,True,CsiI,,,,1a5fe5677b0e4fbbc854e8908225637d,410b9bedaf65dd26c6fe547154d60db4,http/1.1,,8657.880777,10.0.2.15,54462,172.227.84.143,443,tcp,5.657408999999461,599.0,183.0,SF,True,False,0,ShADadFfRr,9,967,9,547,ssl,0
8658.127529,CouSvb14TMbNBsR5V9,10.0.2.15,54463,172.217.23.227,443,TLSv12,TLS_ECDHE_ECDSA_WITH_AES_128_GCM_SHA256,x25519,ssl.gstatic.com,False,True,CsxknGIti,"['11ddd329046367c19b32ffdb02ed308de129de4d6ffcf95856d7bd6a7accfba9', '9f630426df1d8abfd80ace98871ba833ab9742cb34838de2b5285ed54c0c7dcc', '3c35cc963eb004451323d3275d05b353235053490d9cd83729a2faf5e7ca1cc0']",[],1.0,0ffee3ba8e615ad22535e7f771690a28,84480cf8cf0e732666092640e581e1a5,h2,,8657.881588,10.0.2.15,54463,172.217.23.227,443,tcp,2.789897000000564,557.0,4421.0,SF,True,False,0,ShADadFf,13,1085,14,4985,ssl,0
8658.584142,CdDAAM3HkSK2aiVIGg,10.0.2.15,54465,172.217.23.227,443,TLSv12,TLS_ECDHE_RSA_WITH_AES_128_GCM_SHA256,,www.google.cz,True,True,CsiI,,,,1a5fe5677b0e4fbbc854e8908225637d,67619a80665d7ab92d1041b1d11f9164,h2,,8658.13366,10.0.2.15,54465,172.217.23.227,443,tcp,249.135902,6059.0,1675.0,SF,True,False,0,ShADadFf,30,7267,37,3159,ssl,0
8658.591111,CjdKuCJVxfQIXK1Yi,10.0.2.15,54466,172.217.23.227,443,TLSv12,TLS_ECDHE_RSA_WITH_AES_128_GCM_SHA256,,www.google.cz,True,True,CsiI,,,,1a5fe5677b0e4fbbc854e8908225637d,67619a80665d7ab92d1041b1d11f9164,h2,,8658.135254,10.0.2.15,54466,172.217.23.227,443,tcp,1.136269999999058,808.0,292.0,SF,True,False,0,ShADadFf,11,1256,12,776,ssl,0
8659.26026,CDHWKi4kczAzGzSnc,10.0.2.15,54467,52.94.208.205,443,TLSv12,TLS_ECDHE_RSA_WITH_AES_128_GCM_SHA256,secp256r1,sqs.us-west-2.amazonaws.com,False,True,CsxknGIi,"['0016c6e3d5015b305c45b18b9fa58d86faf4e7ce612f73e4845491afbafad71a', 'eae72eb454bf6c3977ebd289e970b2f5282949190093d0d26f98d0f0d6a9cf17']",[],1.0,0ffee3ba8e615ad22535e7f771690a28,303951d4c50efb2e991652225a6f02b1,,,8658.597403,10.0.2.15,54467,52.94.208.205,443,tcp,87.03979000000072,14434.0,12743.0,SF,True,False,0,ShADadTFf,36,15886,38,14267,ssl,0
8659.429695,Cd9k5D3TYtxnAl7Qbc,10.0.2.15,54468,52.94.208.205,443,TLSv12,TLS_ECDHE_RSA_WITH_AES_128_GCM_SHA256,secp256r1,sqs.us-west-2.amazonaws.com,False,True,CsxknGIi,"['0016c6e3d5015b305c45b18b9fa58d86faf4e7ce612f73e4845491afbafad71a', 'eae72eb454bf6c3977ebd289e970b2f5282949190093d0d26f98d0f0d6a9cf17']",[],1.0,0ffee3ba8e615ad22535e7f771690a28,303951d4c50efb2e991652225a6f02b1,,,8658.665578,10.0.2.15,54468,52.94.208.205,443,tcp,7.120988999999099,361.0,3415.0,SF,True,False,0,ShADadFf,10,769,10,3819,ssl,0
8660.224505,CtUByf4ccfLYcjCnv3,10.0.2.15,54475,52.94.208.205,443,TLSv12,TLS_ECDHE_RSA_WITH_AES_128_GCM_SHA256,,sqs.us-west-2.amazonaws.com,True,True,CsiI,,,,0ffee3ba8e615ad22535e7f771690a28,fbe78c619e7ea20046131294ad087f05,,,8659.999171,10.0.2.15,54475,52.94.208.205,443,tcp,2.29776800000036,2326.0,1347.0,RSTO,True,False,0,ShADadFR,9,2694,9,1711,ssl,0
8660.208997,Cw0PTn2HxFSr16dS4j,10.0.2.15,54474,52.94.208.205,443,TLSv12,TLS_ECDHE_RSA_WITH_AES_128_GCM_SHA256,secp256r1,sqs.us-west-2.amazonaws.com,False,True,CsxknGIi,"['0016c6e3d5015b305c45b18b9fa58d86faf4e7ce612f73e4845491afbafad71a', 'eae72eb454bf6c3977ebd289e970b2f5282949190093d0d26f98d0f0d6a9cf17']",[],1.0,0ffee3ba8e615ad22535e7f771690a28,303951d4c50efb2e991652225a6f02b1,,,8659.929429,10.0.2.15,54474,52.94.208.205,443,tcp,5.825823000001037,361.0,3415.0,SF,True,False,0,ShADadFf,10,769,10,3819,ssl,0
8660.207,CF1Hzv3NotTUY9aTHd,10.0.2.15,54473,52.94.208.205,443,TLSv12,TLS_ECDHE_RSA_WITH_AES_128_GCM_SHA256,,sqs.us-west-2.amazonaws.com,False,False,Cs,,,,0ffee3ba8e615ad22535e7f771690a28,303951d4c50efb2e991652225a6f02b1,,,8659.928638,10.0.2.15,54473,52.94.208.205,443,tcp,0.488224000000627,204.0,2840.0,RSTR,True,False,0,ShADaFdRr,6,452,6,3084,ssl,0
8698.069099,CrScGh3xBsAfP0zkDi,10.0.2.15,54476,95.101.240.171,443,TLSv12,TLS_ECDHE_RSA_WITH_AES_256_GCM_SHA384,secp256r1,mvt.usaa.com,False,True,CsxknGIti,"['e37eb04aae10ba5f60230c2a194297fafdde83e57e6fc66582090542aa8d88e9', '9e6bc5f9ecc52460e8edc02c644d1be1cb9f2316f41daf3b616a0b2058294b31']",[],1.0,0ffee3ba8e615ad22535e7f771690a28,2b33c1374db4ddf06942f92373c0b54b,http/1.1,,8698.044363,10.0.2.15,54476,95.101.240.171,443,tcp,126.19188399999985,3485.0,36008.0,SF,True,False,0,ShADadTTFfRr,33,4824,56,38252,ssl,0
8698.431101,CT5T24CDb4p135iSi,10.0.2.15,54479,172.227.84.143,443,TLSv12,TLS_ECDHE_RSA_WITH_AES_256_GCM_SHA384,secp256r1,s.usaa.com,False,True,CsxknGIti,"['b03e53c021cf01d959621c8c92796d0bf2eda3eecdd1f919228ac765d7910ff2', '9e6bc5f9ecc52460e8edc02c644d1be1cb9f2316f41daf3b616a0b2058294b31']",[],1.0,0ffee3ba8e615ad22535e7f771690a28,2b33c1374db4ddf06942f92373c0b54b,h2,,8698.056701,10.0.2.15,54479,172.227.84.143,443,tcp,208.9759040000008,11287.0,977379.0,SF,True,False,0,ShADadtFfRr,256,21535,837,1012283,ssl,0
8698.421809,CUR5Ry4ffKOGlEY2Jg,10.0.2.15,54477,172.227.84.143,443,TLSv12,TLS_ECDHE_RSA_WITH_AES_256_GCM_SHA384,secp256r1,s.usaa.com,False,True,CsxknGIti,"['b03e53c021cf01d959621c8c92796d0bf2eda3eecdd1f919228ac765d7910ff2', '9e6bc5f9ecc52460e8edc02c644d1be1cb9f2316f41daf3b616a0b2058294b31']",[],1.0,0ffee3ba8e615ad22535e7f771690a28,2b33c1374db4ddf06942f92373c0b54b,h2,,8698.055245,10.0.2.15,54477,172.227.84.143,443,tcp,4.823518000001059,1480.0,212083.0,SF,True,False,0,ShADadFfRr,49,3448,186,219527,ssl,0
8698.433512,CPAEZv3npO3LHqlyl,10.0.2.15,54478,172.227.84.143,443,TLSv12,TLS_ECDHE_RSA_WITH_AES_256_GCM_SHA384,secp256r1,s.usaa.com,False,True,CsxknGIti,"['b03e53c021cf01d959621c8c92796d0bf2eda3eecdd1f919228ac765d7910ff2', '9e6bc5f9ecc52460e8edc02c644d1be1cb9f2316f41daf3b616a0b2058294b31']",[],1.0,0ffee3ba8e615ad22535e7f771690a28,2b33c1374db4ddf06942f92373c0b54b,h2,,8698.056034,10.0.2.15,54478,172.227.84.143,443,tcp,3.418713000000934,1228.0,5315.0,SF,True,False,0,ShADadFfRr,15,1836,19,6079,ssl,0
8698.425325,CKIhYV375Z5x0QSksg,10.0.2.15,54481,172.227.84.143,443,TLSv12,TLS_ECDHE_RSA_WITH_AES_256_GCM_SHA384,secp256r1,s.usaa.com,False,True,CsxknGIti,"['b03e53c021cf01d959621c8c92796d0bf2eda3eecdd1f919228ac765d7910ff2', '9e6bc5f9ecc52460e8edc02c644d1be1cb9f2316f41daf3b616a0b2058294b31']",[],1.0,0ffee3ba8e615ad22535e7f771690a28,2b33c1374db4ddf06942f92373c0b54b,h2,,8698.058241,10.0.2.15,54481,172.227.84.143,443,tcp,3.53054499999962,1226.0,7287.0,SF,True,False,0,ShADadFfRr,15,1834,21,8131,ssl,0
8698.427656,Chd6Js2VCEfG1R5a0i,10.0.2.15,54480,172.227.84.143,443,TLSv12,TLS_ECDHE_RSA_WITH_AES_256_GCM_SHA384,secp256r1,s.usaa.com,False,True,CsxknGIti,"['b03e53c021cf01d959621c8c92796d0bf2eda3eecdd1f919228ac765d7910ff2', '9e6bc5f9ecc52460e8edc02c644d1be1cb9f2316f41daf3b616a0b2058294b31']",[],1.0,0ffee3ba8e615ad22535e7f771690a28,2b33c1374db4ddf06942f92373c0b54b,h2,,8698.05773,10.0.2.15,54480,172.227.84.143,443,tcp,5.579168000000209,2648.0,119551.0,SF,True,False,0,ShADadFfRr,47,4536,121,124395,ssl,0
8698.68822,C0JvE2uePTOzi8fmd,10.0.2.15,54487,172.227.84.143,443,TLSv12,TLS_ECDHE_RSA_WITH_AES_256_GCM_SHA384,secp256r1,content.usaa.com,False,True,CsxknGIti,"['b03e53c021cf01d959621c8c92796d0bf2eda3eecdd1f919228ac765d7910ff2', '9e6bc5f9ecc52460e8edc02c644d1be1cb9f2316f41daf3b616a0b2058294b31']",[],1.0,0ffee3ba8e615ad22535e7f771690a28,2b33c1374db4ddf06942f92373c0b54b,h2,,8698.45358,10.0.2.15,54487,172.227.84.143,443,tcp,63.68127500000082,576.0,4180.0,RSTO,True,False,0,ShADadFR,13,1104,14,4744,ssl,0
8698.691902,Cl4enn4SMZUPrAABFl,10.0.2.15,54486,172.227.84.143,443,TLSv12,TLS_ECDHE_RSA_WITH_AES_256_GCM_SHA384,secp256r1,content.usaa.com,False,True,CsxknGIti,"['b03e53c021cf01d959621c8c92796d0bf2eda3eecdd1f919228ac765d7910ff2', '9e6bc5f9ecc52460e8edc02c644d1be1cb9f2316f41daf3b616a0b2058294b31']",[],1.0,0ffee3ba8e615ad22535e7f771690a28,2b33c1374db4ddf06942f92373c0b54b,h2,,8698.446972,10.0.2.15,54486,172.227.84.143,443,tcp,62.670476999999664,576.0,4211.0,SF,True,False,0,ShADadFfRr,14,1144,16,4855,ssl,0
8698.697244,CPs69F2q7XCtjaOte6,10.0.2.15,54485,172.227.84.143,443,TLSv12,TLS_ECDHE_RSA_WITH_AES_256_GCM_SHA384,secp256r1,content.usaa.com,False,True,CsxknGIti,"['b03e53c021cf01d959621c8c92796d0bf2eda3eecdd1f919228ac765d7910ff2', '9e6bc5f9ecc52460e8edc02c644d1be1cb9f2316f41daf3b616a0b2058294b31']",[],1.0,0ffee3ba8e615ad22535e7f771690a28,2b33c1374db4ddf06942f92373c0b54b,h2,,8698.439744,10.0.2.15,54485,172.227.84.143,443,tcp,62.68495500000063,576.0,4211.0,SF,True,False,0,ShADadFfRr,14,1144,16,4855,ssl,0
8698.699215,C19oal4ar3rBqHQOMk,10.0.2.15,54484,172.227.84.143,443,TLSv12,TLS_ECDHE_RSA_WITH_AES_256_GCM_SHA384,secp256r1,content.usaa.com,False,True,CsxknGIti,"['b03e53c021cf01d959621c8c92796d0bf2eda3eecdd1f919228ac765d7910ff2', '9e6bc5f9ecc52460e8edc02c644d1be1cb9f2316f41daf3b616a0b2058294b31']",[],1.0,0ffee3ba8e615ad22535e7f771690a28,2b33c1374db4ddf06942f92373c0b54b,h2,,8698.437692,10.0.2.15,54484,172.227.84.143,443,tcp,62.68705200000113,576.0,4211.0,SF,True,False,0,ShADadFfRr,14,1144,15,4815,ssl,0
8698.711815,CmEw3K5ZHeCOK8NZf,10.0.2.15,54483,172.227.84.143,443,TLSv12,TLS_ECDHE_RSA_WITH_AES_256_GCM_SHA384,secp256r1,content.usaa.com,False,True,CsxknGIti,"['b03e53c021cf01d959621c8c92796d0bf2eda3eecdd1f919228ac765d7910ff2', '9e6bc5f9ecc52460e8edc02c644d1be1cb9f2316f41daf3b616a0b2058294b31']",[],1.0,0ffee3ba8e615ad22535e7f771690a28,2b33c1374db4ddf06942f92373c0b54b,h2,,8698.4372,10.0.2.15,54483,172.227.84.143,443,tcp,63.70163599999978,576.0,4180.0,RSTO,True,False,0,ShADadFR,13,1104,13,4704,ssl,0
8698.716361,CySf664B5bEYV3rw5l,10.0.2.15,54482,172.227.84.143,443,TLSv12,TLS_ECDHE_RSA_WITH_AES_256_GCM_SHA384,secp256r1,content.usaa.com,False,True,CsxknGIti,"['b03e53c021cf01d959621c8c92796d0bf2eda3eecdd1f919228ac765d7910ff2', '9e6bc5f9ecc52460e8edc02c644d1be1cb9f2316f41daf3b616a0b2058294b31']",[],1.0,0ffee3ba8e615ad22535e7f771690a28,2b33c1374db4ddf06942f92373c0b54b,h2,,8698.436432,10.0.2.15,54482,172.227.84.143,443,tcp,63.71076399999947,576.0,4211.0,SF,True,False,0,ShADadFfRr,14,1144,16,4855,ssl,0
8705.51174,CoNYW61PRFsRiq4JHl,10.0.2.15,54489,52.2.86.101,443,TLSv12,TLS_ECDHE_RSA_WITH_AES_128_GCM_SHA256,secp256r1,detectca.easysol.net,False,True,CsxknGIti,"['5c6362fa075c761c45ec26ca61f6c644436e64da82fbf8a95beda9be47b18998', 'eae72eb454bf6c3977ebd289e970b2f5282949190093d0d26f98d0f0d6a9cf17']",[],1.0,0ffee3ba8e615ad22535e7f771690a28,ccc514751b175866924439bdbb5bba34,,,8705.385568,10.0.2.15,54489,52.2.86.101,443,tcp,6.490090000001146,1268.0,6069.0,SF,True,False,0,ShADadfF,12,1756,15,6673,ssl,0
8706.801921,Cghty24x7U5GVc94E6,10.0.2.15,54490,95.101.240.171,443,TLSv12,TLS_ECDHE_RSA_WITH_AES_256_GCM_SHA384,secp256r1,tms.usaa.com,False,True,CsxknGIti,"['e37eb04aae10ba5f60230c2a194297fafdde83e57e6fc66582090542aa8d88e9', '9e6bc5f9ecc52460e8edc02c644d1be1cb9f2316f41daf3b616a0b2058294b31']",[],1.0,0ffee3ba8e615ad22535e7f771690a28,2b33c1374db4ddf06942f92373c0b54b,http/1.1,,8706.24796,10.0.2.15,54490,95.101.240.171,443,tcp,144.28475499999877,5231.0,61810.0,SF,True,False,0,ShADadTTFfRr,42,6932,80,65014,ssl,0
8707.042247,CPSbRa37Et11GURL5h,10.0.2.15,54491,95.101.240.171,443,TLSv12,TLS_ECDHE_RSA_WITH_AES_256_GCM_SHA384,,tms.usaa.com,True,True,CsiI,,,,1a5fe5677b0e4fbbc854e8908225637d,410b9bedaf65dd26c6fe547154d60db4,http/1.1,,8706.844111,10.0.2.15,54491,95.101.240.171,443,tcp,143.68856400000004,4051.0,3315.0,SF,True,False,0,ShADadTTFf,27,5152,28,4439,ssl,0
8710.895393,Cm9xUe46wCddIHO0q5,10.0.2.15,54495,95.101.240.171,443,TLSv12,TLS_ECDHE_RSA_WITH_AES_256_GCM_SHA384,,tms.usaa.com,True,True,CsiI,,,,1a5fe5677b0e4fbbc854e8908225637d,410b9bedaf65dd26c6fe547154d60db4,http/1.1,,8710.861091,10.0.2.15,54495,95.101.240.171,443,tcp,139.689386,2325.0,1775.0,SF,True,False,0,ShADadTTFf,23,3266,24,2739,ssl,0
8710.898496,CtvPZf3ES36hxandm2,10.0.2.15,54494,95.101.240.171,443,TLSv12,TLS_ECDHE_RSA_WITH_AES_256_GCM_SHA384,,tms.usaa.com,True,True,CsiI,,,,1a5fe5677b0e4fbbc854e8908225637d,410b9bedaf65dd26c6fe547154d60db4,http/1.1,,8710.860075,10.0.2.15,54494,95.101.240.171,443,tcp,139.69261799999913,2325.0,2370.0,SF,True,False,0,ShADadTTFfRr,24,3306,26,3414,ssl,0
8710.880622,CZB4eK2iKzLJlSP8El,10.0.2.15,54493,95.101.240.171,443,TLSv12,TLS_ECDHE_RSA_WITH_AES_256_GCM_SHA384,,tms.usaa.com,True,True,CsiI,,,,1a5fe5677b0e4fbbc854e8908225637d,410b9bedaf65dd26c6fe547154d60db4,http/1.1,,8710.857758,10.0.2.15,54493,95.101.240.171,443,tcp,139.67489600000044,4051.0,10147.0,SF,True,False,0,ShADadTTFf,28,5192,33,11471,ssl,0
8710.883529,CQhy592CtKWZJCIfD5,10.0.2.15,54492,95.101.240.171,443,TLSv12,TLS_ECDHE_RSA_WITH_AES_256_GCM_SHA384,,tms.usaa.com,True,True,CsiI,,,,1a5fe5677b0e4fbbc854e8908225637d,410b9bedaf65dd26c6fe547154d60db4,http/1.1,,8710.855316,10.0.2.15,54492,95.101.240.171,443,tcp,139.6317600000002,4051.0,2724.0,SF,True,False,0,ShADadTTFfRr,27,5152,29,3888,ssl,0
8712.875975,CyIm3h4elSZfPifIW5,10.0.2.15,54497,172.217.23.230,443,TLSv12,TLS_ECDHE_RSA_WITH_AES_128_GCM_SHA256,x25519,6301032.fls.doubleclick.net,False,True,CsxknGIti,"['378a6c73f6dec1c6bc563fa8eda92c3e9ce61b893db7685686c41f33ab89931c', '9f630426df1d8abfd80ace98871ba833ab9742cb34838de2b5285ed54c0c7dcc', '3c35cc963eb004451323d3275d05b353235053490d9cd83729a2faf5e7ca1cc0']",[],1.0,0ffee3ba8e615ad22535e7f771690a28,ab41313cfec25328b20865eb1388e0a2,h2,,8712.678759,10.0.2.15,54497,172.217.23.230,443,tcp,496.196731,2379.0,156819.0,SF,True,False,0,ShADadfF,68,5107,174,163783,ssl,0
8712.880922,C7bUsn11SJNz1vidQ1,10.0.2.15,54496,172.217.23.230,443,TLSv12,TLS_ECDHE_RSA_WITH_AES_128_GCM_SHA256,x25519,6301032.fls.doubleclick.net,False,True,CsxknGIti,"['378a6c73f6dec1c6bc563fa8eda92c3e9ce61b893db7685686c41f33ab89931c', '9f630426df1d8abfd80ace98871ba833ab9742cb34838de2b5285ed54c0c7dcc', '3c35cc963eb004451323d3275d05b353235053490d9cd83729a2faf5e7ca1cc0']",[],1.0,0ffee3ba8e615ad22535e7f771690a28,ab41313cfec25328b20865eb1388e0a2,h2,,8712.672647,10.0.2.15,54496,172.217.23.230,443,tcp,1.411981000001105,537.0,4120.0,SF,True,False,0,ShADadFf,11,985,14,4684,ssl,0
8713.103535,C6B9KW1UvRClCcSb7,10.0.2.15,54501,54.192.92.61,443,TLSv12,TLS_ECDHE_RSA_WITH_AES_128_GCM_SHA256,secp256r1,usaa.secure.zag.com,False,True,CsxknGIti,"['f7acb85ec01410d24fa40ac952efe5207b045d3a5f29946b93799c3dfbf7e3b1', 'f55f9ffcb83c73453261601c7e044db15a0f034b93c05830f28635ef889cf670', '87dcd4dc74640a322cd205552506d1be64f12596258096544986b4850bc72706', '28689b30e4c306aab53b027b29e36ad6dd1dcf4b953994482ca84bdc1ecac996']",[],1.0,0ffee3ba8e615ad22535e7f771690a28,b898351eb5e266aefd3723d466935494,h2,,8712.837419,10.0.2.15,54501,54.192.92.61,443,tcp,194.33090300000003,932.0,6058.0,SF,True,False,0,ShADadFf,19,1700,22,6942,ssl,0
8713.105147,C30w0i28VX3z992via,10.0.2.15,54500,54.192.92.61,443,TLSv12,TLS_ECDHE_RSA_WITH_AES_128_GCM_SHA256,secp256r1,usaa.secure.zag.com,False,True,CsxknGIti,"['f7acb85ec01410d24fa40ac952efe5207b045d3a5f29946b93799c3dfbf7e3b1', 'f55f9ffcb83c73453261601c7e044db15a0f034b93c05830f28635ef889cf670', '87dcd4dc74640a322cd205552506d1be64f12596258096544986b4850bc72706', '28689b30e4c306aab53b027b29e36ad6dd1dcf4b953994482ca84bdc1ecac996']",[],1.0,0ffee3ba8e615ad22535e7f771690a28,b898351eb5e266aefd3723d466935494,h2,,8712.836641,10.0.2.15,54500,54.192.92.61,443,tcp,3.654146000000764,562.0,5350.0,SF,True,False,0,ShADadFf,13,1090,14,5914,ssl,0
8713.189746,CCgxPGANNBYDCCupg,10.0.2.15,54503,52.211.21.195,443,TLSv12,TLS_ECDHE_RSA_WITH_AES_128_GCM_SHA256,secp256r1,dpm.demdex.net,False,True,CsxknGIi,"['ab8f7b89fa3e472463832f1b07660350a24ba646789dce6dd09107fab1d86a12', '19400be5b7a31fb733917700789d2f0a2471c0c9d506c0e504c06c16d7cb17c0']",[],1.0,0ffee3ba8e615ad22535e7f771690a28,303951d4c50efb2e991652225a6f02b1,,,8712.844264,10.0.2.15,54503,52.211.21.195,443,tcp,65.25041400000009,2448.0,4607.0,SF,True,False,0,ShADadTFf,18,3182,20,5411,ssl,0
8713.191659,CYGctL2oVjSj203Hee,10.0.2.15,54502,188.125.66.33,443,TLSv12,TLS_ECDHE_RSA_WITH_AES_128_GCM_SHA256,secp256r1,sp.analytics.yahoo.com,False,True,CsxknGIti,"['a42bd5146a3d4010979322f493ea1cf3e1ba9033d64ae699935e6a6ad96bd3c4', '19400be5b7a31fb733917700789d2f0a2471c0c9d506c0e504c06c16d7cb17c0']",[],1.0,1a5fe5677b0e4fbbc854e8908225637d,b898351eb5e266aefd3723d466935494,http/1.1,,8712.841272,10.0.2.15,54502,188.125.66.33,443,tcp,64.5931899999996,1105.0,4475.0,SF,True,False,0,ShADadTfF,17,1799,19,5239,ssl,0
8713.226909,Chn2R64u6JLMMdeBy,10.0.2.15,54499,188.125.66.33,443,TLSv12,TLS_ECDHE_RSA_WITH_AES_128_GCM_SHA256,secp256r1,sp.analytics.yahoo.com,False,True,CsxknGIti,"['a42bd5146a3d4010979322f493ea1cf3e1ba9033d64ae699935e6a6ad96bd3c4', '19400be5b7a31fb733917700789d2f0a2471c0c9d506c0e504c06c16d7cb17c0']",[],1.0,1a5fe5677b0e4fbbc854e8908225637d,b898351eb5e266aefd3723d466935494,http/1.1,,8712.83513,10.0.2.15,54499,188.125.66.33,443,tcp,8.047571000000971,674.0,4002.0,SF,True,False,0,ShADadFf,10,1082,11,4446,ssl,0
8713.229405,CWigWU2CN7wtJOHVAk,10.0.2.15,54498,52.211.21.195,443,TLSv12,TLS_ECDHE_RSA_WITH_AES_128_GCM_SHA256,secp256r1,dpm.demdex.net,False,True,CsxknGIi,"['ab8f7b89fa3e472463832f1b07660350a24ba646789dce6dd09107fab1d86a12', '19400be5b7a31fb733917700789d2f0a2471c0c9d506c0e504c06c16d7cb17c0']",[],1.0,0ffee3ba8e615ad22535e7f771690a28,303951d4c50efb2e991652225a6f02b1,,,8712.833144,10.0.2.15,54498,52.211.21.195,443,tcp,8.053124000000025,380.0,3143.0,SF,True,False,0,ShADadFRfr,11,828,12,3627,ssl,0
8713.232511,CBlPyQ3IHXnvZACDR7,10.0.2.15,54504,95.101.240.171,443,TLSv12,TLS_ECDHE_RSA_WITH_AES_256_GCM_SHA384,secp256r1,da.usaa.com,False,True,CsxknGIti,"['e37eb04aae10ba5f60230c2a194297fafdde83e57e6fc66582090542aa8d88e9', '9e6bc5f9ecc52460e8edc02c644d1be1cb9f2316f41daf3b616a0b2058294b31']",[],1.0,0ffee3ba8e615ad22535e7f771690a28,2b33c1374db4ddf06942f92373c0b54b,http/1.1,,8712.86361,10.0.2.15,54504,95.101.240.171,443,tcp,137.66902300000038,5513.0,5681.0,SF,True,False,0,ShADadTTFfRr,31,6774,33,7005,ssl,0
8717.351513,C1J5qi3ncn3q2zdjce,10.0.2.15,54515,95.101.240.171,443,TLSv12,TLS_ECDHE_RSA_WITH_AES_256_GCM_SHA384,,da.usaa.com,True,True,CsiI,,,,1a5fe5677b0e4fbbc854e8908225637d,410b9bedaf65dd26c6fe547154d60db4,http/1.1,,8716.979664,10.0.2.15,54515,95.101.240.171,443,tcp,5.976936999999452,599.0,183.0,SF,True,False,0,ShADadFfRr,9,967,9,547,ssl,0
8717.35229,CN8VaY3sap2pky3nOf,10.0.2.15,54514,52.211.21.195,443,TLSv12,TLS_ECDHE_RSA_WITH_AES_128_GCM_SHA256,,dpm.demdex.net,True,True,CsiI,,,,0ffee3ba8e615ad22535e7f771690a28,303951d4c50efb2e991652225a6f02b1,,,8716.978438,10.0.2.15,54514,52.211.21.195,443,tcp,62.16633499999989,2444.0,1681.0,SF,True,False,0,ShADadTFf,17,3138,17,2365,ssl,0
8717.622699,CmtEKt3LyaluYGBsYc,10.0.2.15,54508,52.211.21.195,443,TLSv12,TLS_ECDHE_RSA_WITH_AES_128_GCM_SHA256,,dpm.demdex.net,True,True,CsiI,,,,0ffee3ba8e615ad22535e7f771690a28,303951d4c50efb2e991652225a6f02b1,,,8716.956343,10.0.2.15,54508,52.211.21.195,443,tcp,62.185935999999856,2419.0,1697.0,SF,True,False,0,ShADadTFf,17,3113,17,2381,ssl,0
8717.350842,CB9r8l3Tad1IdyWX8g,10.0.2.15,54516,207.154.35.20,443,TLSv12,TLS_DHE_RSA_WITH_AES_256_CBC_SHA,,cargurus.com,False,True,CsxknGIi,"['b6401d3f44efb722c61ab4a1cf7360eb8d00ee4419b0594f3a68f01664f1264a', '111006378afbe8e99bb02ba87390ca429fca2773f74d7f7eb5744f5ddf68014b', '4f32d5dc00f715250abcc486511e37f501a899deb3bf7ea8adbbd3aef1c412da', '687fa451382278fff0c8b11f8d43d576671c6eb2bceab413fb83d965d06d2ff2']",[],1.0,0ffee3ba8e615ad22535e7f771690a28,38759e3bb980b0ca6bf7f22837b8582f,,,8716.980278,10.0.2.15,54516,207.154.35.20,443,tcp,11.039395999998304,813.0,6762.0,SF,True,False,0,ShADadFf,14,1381,17,7446,ssl,0
8717.353528,CCCzMZ36PCXZGPnCY7,10.0.2.15,54513,52.30.191.133,443,TLSv12,TLS_ECDHE_RSA_WITH_AES_128_GCM_SHA256,secp256r1,usaa.demdex.net,False,True,CsxknGIi,"['ab8f7b89fa3e472463832f1b07660350a24ba646789dce6dd09107fab1d86a12', '19400be5b7a31fb733917700789d2f0a2471c0c9d506c0e504c06c16d7cb17c0']",[],1.0,0ffee3ba8e615ad22535e7f771690a28,303951d4c50efb2e991652225a6f02b1,,,8716.96461,10.0.2.15,54513,52.30.191.133,443,tcp,64.33275399999911,2299.0,6647.0,SF,True,False,0,ShADadTFf,18,3033,21,7491,ssl,0
8718.544079,CIVsUw3pfTi7mHenPk,10.0.2.15,54517,52.211.21.195,443,TLSv12,TLS_ECDHE_RSA_WITH_AES_128_GCM_SHA256,,dpm.demdex.net,True,True,CsiI,,,,0ffee3ba8e615ad22535e7f771690a28,303951d4c50efb2e991652225a6f02b1,,,8718.036017,10.0.2.15,54517,52.211.21.195,443,tcp,9.899132000000463,305.0,176.0,SF,True,False,0,ShADadFfRr,8,633,9,540,ssl,0
8721.93055,C9W4Se3QadZPOS8yTh,10.0.2.15,54519,151.101.114.55,443,TLSv12,TLS_ECDHE_RSA_WITH_AES_128_GCM_SHA256,secp256r1,www.cargurus.com,False,True,CsxuknGIti,"['739e42273d2c8c831195569be8c3c74fb19482e51c0f698e941309ef2f2dcf8c', '403e062a2653059113285baf80a0d4ae422c848c9f78fad01fc94bc5b87fef1a']",[],1.0,0ffee3ba8e615ad22535e7f771690a28,860fcf58fd757e26aa8911e5eaff6b53,h2,,8721.901963,10.0.2.15,54519,151.101.114.55,443,tcp,199.8801629999998,2049.0,70031.0,SF,True,False,0,ShADadFfRr,48,3977,85,73435,ssl,0
8723.128434,CIXICx28Sy3TD9zIn7,10.0.2.15,54526,151.101.112.69,443,TLSv12,TLS_ECDHE_RSA_WITH_AES_128_GCM_SHA256,secp256r1,static3.cargurus.com,False,True,CsxuknGIti,"['47a1469b14083af8cd208ab763b1ec6770cf9829f4a47a0f61f529d53b50eb6e', '74ef335e5e18788307fb9d89cb704bec112abd23487dbff41c4ded5070f241d9']",[],1.0,0ffee3ba8e615ad22535e7f771690a28,860fcf58fd757e26aa8911e5eaff6b53,http/1.1,,8723.100179,10.0.2.15,54526,151.101.112.69,443,tcp,127.42515300000014,1583.0,126804.0,SF,True,False,0,ShADadTTFfRr,54,3763,134,132168,ssl,0
8723.142072,CllqVD1KmenmM4bFm4,10.0.2.15,54525,151.101.112.69,443,TLSv12,TLS_ECDHE_RSA_WITH_AES_128_GCM_SHA256,secp256r1,static3.cargurus.com,False,True,CsxuknGIti,"['47a1469b14083af8cd208ab763b1ec6770cf9829f4a47a0f61f529d53b50eb6e', '74ef335e5e18788307fb9d89cb704bec112abd23487dbff41c4ded5070f241d9']",[],1.0,0ffee3ba8e615ad22535e7f771690a28,860fcf58fd757e26aa8911e5eaff6b53,http/1.1,,8723.095345,10.0.2.15,54525,151.101.112.69,443,tcp,127.43992500000058,1573.0,84999.0,SF,True,False,0,ShADadTTFfRr,44,3353,96,88843,ssl,0
8723.145387,CzFCjG1ptNX25Cp9ih,10.0.2.15,54524,151.101.112.69,443,TLSv12,TLS_ECDHE_RSA_WITH_AES_128_GCM_SHA256,secp256r1,static4.cargurus.com,False,True,CsxuknGIti,"['47a1469b14083af8cd208ab763b1ec6770cf9829f4a47a0f61f529d53b50eb6e', '74ef335e5e18788307fb9d89cb704bec112abd23487dbff41c4ded5070f241d9']",[],1.0,0ffee3ba8e615ad22535e7f771690a28,860fcf58fd757e26aa8911e5eaff6b53,http/1.1,,8723.092326,10.0.2.15,54524,151.101.112.69,443,tcp,127.45810800000072,693.0,305317.0,SF,True,False,0,ShADadtTTFfRr,100,4713,267,318841,ssl,0
8723.148468,Cwq3Uc1RW64731TV6e,10.0.2.15,54523,151.101.112.69,443,TLSv12,TLS_ECDHE_RSA_WITH_AES_128_GCM_SHA256,secp256r1,static4.cargurus.com,False,True,CsxuknGIti,"['47a1469b14083af8cd208ab763b1ec6770cf9829f4a47a0f61f529d53b50eb6e', '74ef335e5e18788307fb9d89cb704bec112abd23487dbff41c4ded5070f241d9']",[],1.0,0ffee3ba8e615ad22535e7f771690a28,860fcf58fd757e26aa8911e5eaff6b53,http/1.1,,8723.091193,10.0.2.15,54523,151.101.112.69,443,tcp,127.44139600000015,699.0,12567.0,SF,True,False,0,ShADadTTFfRr,24,1679,32,13851,ssl,0
8723.150152,CdxbyR3kE3k4o8yypa,10.0.2.15,54522,151.101.112.69,443,TLSv12,TLS_ECDHE_RSA_WITH_AES_128_GCM_SHA256,secp256r1,static4.cargurus.com,False,True,CsxuknGIti,"['47a1469b14083af8cd208ab763b1ec6770cf9829f4a47a0f61f529d53b50eb6e', '74ef335e5e18788307fb9d89cb704bec112abd23487dbff41c4ded5070f241d9']",[],1.0,0ffee3ba8e615ad22535e7f771690a28,860fcf58fd757e26aa8911e5eaff6b53,http/1.1,,8723.053772,10.0.2.15,54522,151.101.112.69,443,tcp,127.49428700000136,695.0,70661.0,SF,True,False,0,ShADadTTFfRr,40,2315,83,73985,ssl,0
8723.151763,CdgRk34kls8w4y3pn,10.0.2.15,54521,151.101.112.69,443,TLSv12,TLS_ECDHE_RSA_WITH_AES_128_GCM_SHA256,secp256r1,static4.cargurus.com,False,True,CsxuknGIti,"['47a1469b14083af8cd208ab763b1ec6770cf9829f4a47a0f61f529d53b50eb6e', '74ef335e5e18788307fb9d89cb704bec112abd23487dbff41c4ded5070f241d9']",[],1.0,0ffee3ba8e615ad22535e7f771690a28,860fcf58fd757e26aa8911e5eaff6b53,http/1.1,,8723.048991,10.0.2.15,54521,151.101.112.69,443,tcp,127.49910900000032,698.0,8484.0,SF,True,False,0,ShADadTTFfRr,24,1678,29,9648,ssl,0
8723.153961,C1Eqe845LXWx1jHj68,10.0.2.15,54520,151.101.112.69,443,TLSv12,TLS_ECDHE_RSA_WITH_AES_128_GCM_SHA256,secp256r1,static4.cargurus.com,False,True,CsxuknGIti,"['47a1469b14083af8cd208ab763b1ec6770cf9829f4a47a0f61f529d53b50eb6e', '74ef335e5e18788307fb9d89cb704bec112abd23487dbff41c4ded5070f241d9']",[],1.0,0ffee3ba8e615ad22535e7f771690a28,860fcf58fd757e26aa8911e5eaff6b53,http/1.1,,8723.038651,10.0.2.15,54520,151.101.112.69,443,tcp,127.476795999999,692.0,89230.0,SF,True,False,0,ShADadWTTFfRr,50,2712,105,93434,ssl,0
8723.166446,CysLAU1WSPIfj6w77i,10.0.2.15,54528,151.101.112.69,443,TLSv12,TLS_ECDHE_RSA_WITH_AES_128_GCM_SHA256,secp256r1,static3.cargurus.com,False,True,CsxuknGIti,"['47a1469b14083af8cd208ab763b1ec6770cf9829f4a47a0f61f529d53b50eb6e', '74ef335e5e18788307fb9d89cb704bec112abd23487dbff41c4ded5070f241d9']",[],1.0,0ffee3ba8e615ad22535e7f771690a28,860fcf58fd757e26aa8911e5eaff6b53,http/1.1,,8723.119488,10.0.2.15,54528,151.101.112.69,443,tcp,127.39591499999916,710.0,8372.0,SF,True,False,0,ShADadTTFfRr,24,1690,29,9536,ssl,0
8723.167933,CdkUgF1d9dMMq2xj96,10.0.2.15,54527,151.101.112.69,443,TLSv12,TLS_ECDHE_RSA_WITH_AES_128_GCM_SHA256,secp256r1,static3.cargurus.com,False,True,CsxuknGIti,"['47a1469b14083af8cd208ab763b1ec6770cf9829f4a47a0f61f529d53b50eb6e', '74ef335e5e18788307fb9d89cb704bec112abd23487dbff41c4ded5070f241d9']",[],1.0,0ffee3ba8e615ad22535e7f771690a28,860fcf58fd757e26aa8911e5eaff6b53,http/1.1,,8723.114328,10.0.2.15,54527,151.101.112.69,443,tcp,127.45085599999948,718.0,15165.0,RSTO,True,False,0,ShADadTTFR,23,1658,32,16449,ssl,0
8723.489464,C0TgtT28KEPg2wXUp2,10.0.2.15,54531,151.101.112.69,443,TLSv12,TLS_ECDHE_RSA_WITH_AES_128_GCM_SHA256,,static4.cargurus.com,True,True,CsiI,,,,1a5fe5677b0e4fbbc854e8908225637d,1d0e57c6ae42e9204defa51e5e1cdc4c,http/1.1,,8723.164191,10.0.2.15,54531,151.101.112.69,443,tcp,7.179824999999255,599.0,191.0,SF,True,False,0,ShADadFRfr,9,967,9,555,ssl,0
8723.497154,CJkvoGRfHTda4sNOh,10.0.2.15,54530,151.101.112.69,443,TLSv12,TLS_ECDHE_RSA_WITH_AES_128_GCM_SHA256,,static3.cargurus.com,True,True,CsiI,,,,1a5fe5677b0e4fbbc854e8908225637d,1d0e57c6ae42e9204defa51e5e1cdc4c,http/1.1,,8723.162672,10.0.2.15,54530,151.101.112.69,443,tcp,7.089856000000509,599.0,191.0,SF,True,False,0,ShADadFfRr,9,967,9,555,ssl,0
8723.499619,C089G1LupB2WCb2K3,10.0.2.15,54529,151.101.112.69,443,TLSv12,TLS_ECDHE_RSA_WITH_AES_128_GCM_SHA256,,static3.cargurus.com,True,True,CsiI,,,,1a5fe5677b0e4fbbc854e8908225637d,1d0e57c6ae42e9204defa51e5e1cdc4c,http/1.1,,8723.161018,10.0.2.15,54529,151.101.112.69,443,tcp,7.088862999999037,599.0,191.0,SF,True,False,0,ShADadFfRr,9,967,9,555,ssl,0
8728.26814,CtrUbCBaMbG933HK7,10.0.2.15,54539,151.101.112.69,443,TLSv12,TLS_ECDHE_RSA_WITH_AES_128_GCM_SHA256,secp256r1,static3.cargurus.com,False,True,CsxuknGIti,"['47a1469b14083af8cd208ab763b1ec6770cf9829f4a47a0f61f529d53b50eb6e', '74ef335e5e18788307fb9d89cb704bec112abd23487dbff41c4ded5070f241d9']",[],1.0,0ffee3ba8e615ad22535e7f771690a28,860fcf58fd757e26aa8911e5eaff6b53,http/1.1,,8727.94816,10.0.2.15,54539,151.101.112.69,443,tcp,122.59981499999958,1236.0,83299.0,SF,True,False,0,ShADadTTFfRr,50,3255,101,87343,ssl,0
8728.277785,CqWwt54h4FpEuvv4hl,10.0.2.15,54538,151.101.112.69,443,TLSv12,TLS_ECDHE_RSA_WITH_AES_128_GCM_SHA256,secp256r1,static.cargurus.com,False,True,CsxuknGIti,"['47a1469b14083af8cd208ab763b1ec6770cf9829f4a47a0f61f529d53b50eb6e', '74ef335e5e18788307fb9d89cb704bec112abd23487dbff41c4ded5070f241d9']",[],1.0,0ffee3ba8e615ad22535e7f771690a28,860fcf58fd757e26aa8911e5eaff6b53,http/1.1,,8727.929276,10.0.2.15,54538,151.101.112.69,443,tcp,122.61327999999958,1135.0,33982.0,SF,True,False,0,ShADadTTFfRr,35,2554,53,36106,ssl,0
8728.290256,C91p1n1Rw8krIHAbWj,10.0.2.15,54537,151.101.112.69,443,TLSv12,TLS_ECDHE_RSA_WITH_AES_128_GCM_SHA256,secp256r1,static.cargurus.com,False,True,CsxuknGIti,"['47a1469b14083af8cd208ab763b1ec6770cf9829f4a47a0f61f529d53b50eb6e', '74ef335e5e18788307fb9d89cb704bec112abd23487dbff41c4ded5070f241d9']",[],1.0,0ffee3ba8e615ad22535e7f771690a28,860fcf58fd757e26aa8911e5eaff6b53,http/1.1,,8727.928659,10.0.2.15,54537,151.101.112.69,443,tcp,122.62173299999996,730.0,21263.0,SF,True,False,0,ShADadTTFfRr,32,2030,41,22907,ssl,0
8728.297128,Cn2ViA1LUnJMQPPN13,10.0.2.15,54536,151.101.112.69,443,TLSv12,TLS_ECDHE_RSA_WITH_AES_128_GCM_SHA256,secp256r1,static.cargurus.com,False,True,CsxuknGIti,"['47a1469b14083af8cd208ab763b1ec6770cf9829f4a47a0f61f529d53b50eb6e', '74ef335e5e18788307fb9d89cb704bec112abd23487dbff41c4ded5070f241d9']",[],1.0,0ffee3ba8e615ad22535e7f771690a28,860fcf58fd757e26aa8911e5eaff6b53,http/1.1,,8727.904426,10.0.2.15,54536,151.101.112.69,443,tcp,122.6208600000009,745.0,17368.0,SF,True,False,0,ShADadTTFfRr,27,1845,37,18852,ssl,0
8728.300988,ChYxme29ghLynRXlg9,10.0.2.15,54535,151.101.112.69,443,TLSv12,TLS_ECDHE_RSA_WITH_AES_128_GCM_SHA256,secp256r1,static.cargurus.com,False,True,CsxuknGIti,"['47a1469b14083af8cd208ab763b1ec6770cf9829f4a47a0f61f529d53b50eb6e', '74ef335e5e18788307fb9d89cb704bec112abd23487dbff41c4ded5070f241d9']",[],1.0,0ffee3ba8e615ad22535e7f771690a28,860fcf58fd757e26aa8911e5eaff6b53,http/1.1,,8727.903608,10.0.2.15,54535,151.101.112.69,443,tcp,122.64440899999865,761.0,17793.0,SF,True,False,0,ShADadTTFfRr,30,1981,39,19357,ssl,0
8728.318167,Clxt6Z2Ab9Qkbd6Wke,10.0.2.15,54534,151.101.1.167,443,TLSv12,TLS_ECDHE_RSA_WITH_AES_128_GCM_SHA256,secp256r1,cdn.ravenjs.com,False,True,CsxuknGIti,"['52fc1597547a52e9a880d37a1a04ee0f9860516731ec316dab3ba7d3641678c4', '74ef335e5e18788307fb9d89cb704bec112abd23487dbff41c4ded5070f241d9']",[],1.0,0ffee3ba8e615ad22535e7f771690a28,860fcf58fd757e26aa8911e5eaff6b53,h2,,8727.89626,10.0.2.15,54534,151.101.1.167,443,tcp,191.4168410000002,734.0,6000.0,SF,True,False,0,ShADadFfRr,20,1542,23,6924,ssl,0
8728.333388,C4gREW2EFCnoMTIWVh,10.0.2.15,54533,151.101.112.69,443,TLSv12,TLS_ECDHE_RSA_WITH_AES_128_GCM_SHA256,secp256r1,static.cargurus.com,False,True,CsxuknGIti,"['47a1469b14083af8cd208ab763b1ec6770cf9829f4a47a0f61f529d53b50eb6e', '74ef335e5e18788307fb9d89cb704bec112abd23487dbff41c4ded5070f241d9']",[],1.0,0ffee3ba8e615ad22535e7f771690a28,860fcf58fd757e26aa8911e5eaff6b53,http/1.1,,8727.895436,10.0.2.15,54533,151.101.112.69,443,tcp,122.61476199999925,740.0,18076.0,RSTO,True,False,0,ShADadTTFR,30,1960,38,19600,ssl,0
8728.253414,CNR43u2yW1bRRHGlC6,10.0.2.15,54532,151.101.112.69,443,TLSv12,TLS_ECDHE_RSA_WITH_AES_128_GCM_SHA256,secp256r1,static.cargurus.com,False,True,CsxuknGIti,"['47a1469b14083af8cd208ab763b1ec6770cf9829f4a47a0f61f529d53b50eb6e', '74ef335e5e18788307fb9d89cb704bec112abd23487dbff41c4ded5070f241d9']",[],1.0,0ffee3ba8e615ad22535e7f771690a28,860fcf58fd757e26aa8911e5eaff6b53,http/1.1,,8727.890595,10.0.2.15,54532,151.101.112.69,443,tcp,122.65442699999949,1106.0,31916.0,SF,True,False,0,ShADadTTFfRr,33,2445,49,33880,ssl,0
8728.346752,Cfig2I2E2FTXW84Mlk,10.0.2.15,54540,151.101.112.69,443,TLSv12,TLS_ECDHE_RSA_WITH_AES_128_GCM_SHA256,secp256r1,static1.cargurus.com,False,True,CsxuknGIti,"['47a1469b14083af8cd208ab763b1ec6770cf9829f4a47a0f61f529d53b50eb6e', '74ef335e5e18788307fb9d89cb704bec112abd23487dbff41c4ded5070f241d9']",[],1.0,0ffee3ba8e615ad22535e7f771690a28,860fcf58fd757e26aa8911e5eaff6b53,http/1.1,,8727.949792,10.0.2.15,54540,151.101.112.69,443,tcp,122.5981380000012,716.0,1281648.0,SF,True,False,0,ShADadWTTFfRr,168,7455,1005,1321852,ssl,0
8733.751109,CYdosu4vHfy1r9SrHl,10.0.2.15,54542,151.101.112.69,443,TLSv12,TLS_ECDHE_RSA_WITH_AES_128_GCM_SHA256,,static3.cargurus.com,True,True,CsiI,,,,1a5fe5677b0e4fbbc854e8908225637d,1d0e57c6ae42e9204defa51e5e1cdc4c,http/1.1,,8732.831636,10.0.2.15,54542,151.101.112.69,443,tcp,6.060881999999765,599.0,191.0,SF,True,False,0,ShADadFfRr,8,927,9,555,ssl,0
8733.751529,CcICbB4tX7XAdpTFEl,10.0.2.15,54541,151.101.112.69,443,TLSv12,TLS_ECDHE_RSA_WITH_AES_128_GCM_SHA256,,static3.cargurus.com,True,True,CsiI,,,,1a5fe5677b0e4fbbc854e8908225637d,1d0e57c6ae42e9204defa51e5e1cdc4c,http/1.1,,8732.815876,10.0.2.15,54541,151.101.112.69,443,tcp,6.079052999999476,599.0,191.0,SF,True,False,0,ShADadFfRr,8,927,9,555,ssl,0
8734.044089,C08Pqm4zvr1QR7uDqf,10.0.2.15,54544,172.217.23.238,443,TLSv12,TLS_ECDHE_ECDSA_WITH_AES_128_GCM_SHA256,,safebrowsing.google.com,True,True,CsiI,,,,1a5fe5677b0e4fbbc854e8908225637d,c23237dbea656869600e48dfbd00ab7b,h2,,8733.758114,10.0.2.15,54544,172.217.23.238,443,tcp,188.27337799999987,24233.0,1366.0,SF,True,False,0,ShADadFf,36,25681,39,2930,ssl,0
8734.046234,CVBZGK2YS0nDVo6zM9,10.0.2.15,54543,172.217.23.238,443,TLSv12,TLS_ECDHE_ECDSA_WITH_AES_128_GCM_SHA256,,safebrowsing.google.com,True,True,CsiI,,,,1a5fe5677b0e4fbbc854e8908225637d,c23237dbea656869600e48dfbd00ab7b,h2,,8733.757515,10.0.2.15,54543,172.217.23.238,443,tcp,1.161218000001099,808.0,292.0,SF,True,False,0,ShADadFf,11,1256,11,736,ssl,0
8734.042068,CdjsKE1NA6Hz8fEbhk,10.0.2.15,54546,172.217.23.230,443,TLSv12,TLS_ECDHE_RSA_WITH_AES_128_GCM_SHA256,x25519,6637310.fls.doubleclick.net,False,True,CsxknGIti,"['378a6c73f6dec1c6bc563fa8eda92c3e9ce61b893db7685686c41f33ab89931c', '9f630426df1d8abfd80ace98871ba833ab9742cb34838de2b5285ed54c0c7dcc', '3c35cc963eb004451323d3275d05b353235053490d9cd83729a2faf5e7ca1cc0']",[],1.0,0ffee3ba8e615ad22535e7f771690a28,ab41313cfec25328b20865eb1388e0a2,h2,,8733.764968,10.0.2.15,54546,172.217.23.230,443,tcp,1.266116000000693,508.0,4120.0,SF,True,False,0,ShADadFf,11,956,13,4644,ssl,0
8734.04973,Cfpcpc4kQUOUApgn2f,10.0.2.15,54545,169.47.30.64,443,TLSv12,TLS_RSA_WITH_AES_256_CBC_SHA,,stags.bluekai.com,False,True,CsxnGIi,"['f3e2a1e01c5e2e8f20022b198cde61baf841fcf748c4639eea3fd3db4785c81d', 'e0898ad662474b9f753c79bea878031c9a5d634a49edd6310b960ab023c02c0e']",[],1.0,0ffee3ba8e615ad22535e7f771690a28,f4fb99c318cd91a4dfff259227ba977b,http/1.1,,8733.758585,10.0.2.15,54545,169.47.30.64,443,tcp,18.438277999999627,1661.0,3684.0,SF,True,False,0,ShADadTfF,12,2150,14,4248,ssl,0
8734.510035,CEnHK7qBoswOnbDw9,10.0.2.15,54547,169.47.30.64,443,TLSv12,TLS_RSA_WITH_AES_256_CBC_SHA,,stags.bluekai.com,False,True,CsxnGIi,"['f3e2a1e01c5e2e8f20022b198cde61baf841fcf748c4639eea3fd3db4785c81d', 'e0898ad662474b9f753c79bea878031c9a5d634a49edd6310b960ab023c02c0e']",[],1.0,0ffee3ba8e615ad22535e7f771690a28,f4fb99c318cd91a4dfff259227ba977b,http/1.1,,8734.051945,10.0.2.15,54547,169.47.30.64,443,tcp,5.934736000001067,589.0,3050.0,SF,True,False,0,ShADadFf,10,997,11,3494,ssl,0
8735.954619,CpDWkn18pOgN9MLcUd,10.0.2.15,54550,172.217.23.238,443,TLSv12,TLS_ECDHE_ECDSA_WITH_AES_128_GCM_SHA256,x25519,safebrowsing-cache.google.com,False,True,CsxknGIti,"['11ddd329046367c19b32ffdb02ed308de129de4d6ffcf95856d7bd6a7accfba9', '9f630426df1d8abfd80ace98871ba833ab9742cb34838de2b5285ed54c0c7dcc', '3c35cc963eb004451323d3275d05b353235053490d9cd83729a2faf5e7ca1cc0']",[],1.0,0ffee3ba8e615ad22535e7f771690a28,84480cf8cf0e732666092640e581e1a5,h2,,8735.843892,10.0.2.15,54550,172.217.23.238,443,tcp,191.97937199999976,1712.0,9552.0,SF,True,False,0,ShADadFf,26,2760,33,10876,ssl,0
8748.797845,CzBpL83y1AZt637Ukk,10.0.2.15,54556,104.16.54.21,443,TLSv12,TLS_ECDHE_RSA_WITH_AES_128_GCM_SHA256,secp256r1,www.sling.com,False,True,CsxknGIti,"['42d82a5359cbd2aada8364f10edba0e4d61d9ff18dc8c6c5a0646984ceace42c', '154c433c491929c5ef686e838e323664a00e6a0d822ccc958fb4dab03e49a08f']",[],1.0,0ffee3ba8e615ad22535e7f771690a28,b898351eb5e266aefd3723d466935494,http/1.1,,8748.788528,10.0.2.15,54556,104.16.54.21,443,tcp,0.9559760000011012,1064.0,542496.0,RSTR,True,False,0,ShADadFRr,133,6392,485,561900,ssl,0
8749.848275,CmRfbI17Eya7rRpSXf,10.0.2.15,54558,104.16.54.21,443,TLSv12,TLS_ECDHE_RSA_WITH_AES_128_GCM_SHA256,,www.sling.com,True,True,CsiI,,,,1a5fe5677b0e4fbbc854e8908225637d,7bee5c1d424b7e5f943b06983bb11422,http/1.1,,8749.837636,10.0.2.15,54558,104.16.54.21,443,tcp,136.8994019999991,985.0,495415.0,SF,True,False,0,ShADadTTFf,128,6126,456,513659,ssl,0
8749.846935,C8znqP3Kw2l0VraR2h,10.0.2.15,54557,104.16.54.21,443,TLSv12,TLS_ECDHE_RSA_WITH_AES_128_GCM_SHA256,,www.sling.com,True,True,CsiI,,,,1a5fe5677b0e4fbbc854e8908225637d,7bee5c1d424b7e5f943b06983bb11422,http/1.1,,8749.837122,10.0.2.15,54557,104.16.54.21,443,tcp,0.172113999999055,925.0,15592.0,RSTR,True,False,0,ShADadFRr,12,1413,20,16396,ssl,0
8768.748432,CGhZSE3j8pexUS1Usc,10.0.2.15,54560,45.76.4.125,443,TLSv12,TLS_ECDHE_RSA_WITH_AES_128_GCM_SHA256,secp256r1,www.infowars.com,False,True,CsxknGIti,"['a8c8cac914d423e0e1dee9885a0e9c9d4dda3f22a81c4bd040e5e61860142e2d', '02ab57e4e67a0cb48dd2ff34830e8ac40f4476fb08ca6be3f5cd846f646840f0', '4f32d5dc00f715250abcc486511e37f501a899deb3bf7ea8adbbd3aef1c412da']",[],1.0,0ffee3ba8e615ad22535e7f771690a28,ccc514751b175866924439bdbb5bba34,,,8768.638711,10.0.2.15,54560,45.76.4.125,443,tcp,214.18969199999992,7363.0,579386.0,SF,True,False,0,ShADadTTfF,178,14506,531,600630,ssl,0
8769.597071,C341P51jstuLadhmz4,10.0.2.15,54562,104.19.192.102,443,TLSv12,TLS_ECDHE_ECDSA_WITH_AES_128_GCM_SHA256,secp256r1,cdnjs.cloudflare.com,False,True,CsxuknGIti,"['288a62410b9a17d44ccccf0ca447daaee0f3c7bcd3e0cb6d4f24ef85d2dbfdd0', 'cd6c108a0e641f2ca122aaa6d03f826759cae7c6f800eabf76dc48b67cd083ce', '9573862ac0b4b125168810ea3fd101ae2eb0bb15f61fc0e6da7a2a38b85a89e8']",[],1.0,0ffee3ba8e615ad22535e7f771690a28,7d3eb4120cd50e889bcd3f3783be0f82,h2,,8769.562475,10.0.2.15,54562,104.19.192.102,443,tcp,210.0616599999994,2198.0,168472.0,SF,True,False,0,ShADadFf,65,4806,169,175236,ssl,0
8770.363726,CCM34p2NGZOBPxCnEb,10.0.2.15,54568,69.16.175.10,443,TLSv12,TLS_ECDHE_RSA_WITH_AES_128_GCM_SHA256,secp256r1,hw.infowars.com,False,True,CsxuknGIti,"['522080dd01d712658ae67604923805b2d79902cb373cb35b222873a80fa1ef08', 'e6683e88315cd1cb403c0cea490f7c4b4c82c91cd485037489aadbaa90839f61', '3c35cc963eb004451323d3275d05b353235053490d9cd83729a2faf5e7ca1cc0', '08297a4047dba23680c731db6e317653ca7848e1bebd3a0b0179a707f92cf178']",[],1.0,0ffee3ba8e615ad22535e7f771690a28,a9f50de6377ae7c6dbaabc53f089ac30,,,8770.073599,10.0.2.15,54568,69.16.175.10,443,tcp,27.489459000000352,4266.0,1114126.0,SF,True,False,0,ShADadtWfF,218,12994,877,1152050,ssl,0
8770.378554,CgLDzx13r72LEAe0r6,10.0.2.15,54567,69.16.175.10,443,TLSv12,TLS_ECDHE_RSA_WITH_AES_128_GCM_SHA256,secp256r1,hw.infowars.com,False,True,CsxuknGIti,"['522080dd01d712658ae67604923805b2d79902cb373cb35b222873a80fa1ef08', 'e6683e88315cd1cb403c0cea490f7c4b4c82c91cd485037489aadbaa90839f61', '3c35cc963eb004451323d3275d05b353235053490d9cd83729a2faf5e7ca1cc0', '08297a4047dba23680c731db6e317653ca7848e1bebd3a0b0179a707f92cf178']",[],1.0,0ffee3ba8e615ad22535e7f771690a28,a9f50de6377ae7c6dbaabc53f089ac30,,,8770.064713,10.0.2.15,54567,69.16.175.10,443,tcp,27.49714099999983,4849.0,300459.0,SF,True,False,0,ShADadfF,84,8217,263,310983,ssl,0
8770.384612,C0XMgb4KLnT7WJFBL5,10.0.2.15,54566,69.16.175.10,443,TLSv12,TLS_ECDHE_RSA_WITH_AES_128_GCM_SHA256,secp256r1,hw.infowars.com,False,True,CsxuknGIti,"['522080dd01d712658ae67604923805b2d79902cb373cb35b222873a80fa1ef08', 'e6683e88315cd1cb403c0cea490f7c4b4c82c91cd485037489aadbaa90839f61', '3c35cc963eb004451323d3275d05b353235053490d9cd83729a2faf5e7ca1cc0', '08297a4047dba23680c731db6e317653ca7848e1bebd3a0b0179a707f92cf178']",[],1.0,0ffee3ba8e615ad22535e7f771690a28,a9f50de6377ae7c6dbaabc53f089ac30,,,8770.050677,10.0.2.15,54566,69.16.175.10,443,tcp,10.39409599999999,1077.0,211618.0,SF,True,False,0,ShADadfF,43,2805,176,218662,ssl,0
8770.402121,C9Q28s3duc9tLASgb,10.0.2.15,54565,69.16.175.10,443,TLSv12,TLS_ECDHE_RSA_WITH_AES_128_GCM_SHA256,secp256r1,hw.infowars.com,False,True,CsxuknGIti,"['522080dd01d712658ae67604923805b2d79902cb373cb35b222873a80fa1ef08', 'e6683e88315cd1cb403c0cea490f7c4b4c82c91cd485037489aadbaa90839f61', '3c35cc963eb004451323d3275d05b353235053490d9cd83729a2faf5e7ca1cc0', '08297a4047dba23680c731db6e317653ca7848e1bebd3a0b0179a707f92cf178']",[],1.0,0ffee3ba8e615ad22535e7f771690a28,a9f50de6377ae7c6dbaabc53f089ac30,,,8770.0476,10.0.2.15,54565,69.16.175.10,443,tcp,10.51854099999946,1050.0,30599.0,SF,True,False,0,ShADadfF,23,1978,40,32203,ssl,0
8770.415492,CUiQFcqSLfM5RoMb6,10.0.2.15,54564,69.16.175.10,443,TLSv12,TLS_ECDHE_RSA_WITH_AES_128_GCM_SHA256,secp256r1,hw.infowars.com,False,True,CsxuknGIti,"['522080dd01d712658ae67604923805b2d79902cb373cb35b222873a80fa1ef08', 'e6683e88315cd1cb403c0cea490f7c4b4c82c91cd485037489aadbaa90839f61', '3c35cc963eb004451323d3275d05b353235053490d9cd83729a2faf5e7ca1cc0', '08297a4047dba23680c731db6e317653ca7848e1bebd3a0b0179a707f92cf178']",[],1.0,0ffee3ba8e615ad22535e7f771690a28,a9f50de6377ae7c6dbaabc53f089ac30,,,8770.043963,10.0.2.15,54564,69.16.175.10,443,tcp,27.66577899999902,4897.0,186311.0,SF,True,False,0,ShADadfF,64,7465,174,193275,ssl,0
8770.423944,Ca6NIi1pGGeDg5Lt3g,10.0.2.15,54563,69.16.175.10,443,TLSv12,TLS_ECDHE_RSA_WITH_AES_128_GCM_SHA256,secp256r1,hw.infowars.com,False,True,CsxuknGIti,"['522080dd01d712658ae67604923805b2d79902cb373cb35b222873a80fa1ef08', 'e6683e88315cd1cb403c0cea490f7c4b4c82c91cd485037489aadbaa90839f61', '3c35cc963eb004451323d3275d05b353235053490d9cd83729a2faf5e7ca1cc0', '08297a4047dba23680c731db6e317653ca7848e1bebd3a0b0179a707f92cf178']",[],1.0,0ffee3ba8e615ad22535e7f771690a28,a9f50de6377ae7c6dbaabc53f089ac30,,,8770.04067,10.0.2.15,54563,69.16.175.10,443,tcp,27.67596099999901,4914.0,228967.0,SF,True,False,0,ShADadfF,80,8122,212,237451,ssl,0
8775.072609,CL6d0tgjiMDdPq3Zd,10.0.2.15,54569,95.101.250.34,443,TLSv12,TLS_ECDHE_RSA_WITH_AES_256_GCM_SHA384,,use.typekit.net,True,True,CsiI,,,,1a5fe5677b0e4fbbc854e8908225637d,410b9bedaf65dd26c6fe547154d60db4,h2,,8774.47862,10.0.2.15,54569,95.101.250.34,443,tcp,338.85718799999995,1708.0,17388.0,SF,True,False,0,ShADadFfRr,33,3036,45,19192,ssl,0
8775.070927,CxXto2Vx7E1Q7DOH,10.0.2.15,54570,172.217.23.234,443,TLSv12,TLS_ECDHE_RSA_WITH_AES_128_GCM_SHA256,x25519,fonts.googleapis.com,False,True,CsxknGIti,"['0ca616f3b5a49ded9af60777a33ae7119bfd6de6a815dbee0b64d5d69491aa06', '9f630426df1d8abfd80ace98871ba833ab9742cb34838de2b5285ed54c0c7dcc', '3c35cc963eb004451323d3275d05b353235053490d9cd83729a2faf5e7ca1cc0']",[],1.0,0ffee3ba8e615ad22535e7f771690a28,ab41313cfec25328b20865eb1388e0a2,h2,,8774.480917,10.0.2.15,54570,172.217.23.234,443,tcp,250.65087999999923,1776.0,267885.0,SF,True,False,0,ShADadFf,77,4864,247,277769,ssl,0
8775.715847,CehYzK3vbLyIry22l,10.0.2.15,54574,69.16.175.42,443,TLSv12,TLS_ECDHE_RSA_WITH_AES_128_GCM_SHA256,secp256r1,static.infowars.com,False,True,CsxuknGIti,"['68b0e050487517aa29d6bc251796856c1bba1f10720774608b9d6b3e96f8f720', 'e6683e88315cd1cb403c0cea490f7c4b4c82c91cd485037489aadbaa90839f61', '3c35cc963eb004451323d3275d05b353235053490d9cd83729a2faf5e7ca1cc0', '08297a4047dba23680c731db6e317653ca7848e1bebd3a0b0179a707f92cf178']",[],1.0,0ffee3ba8e615ad22535e7f771690a28,a9f50de6377ae7c6dbaabc53f089ac30,,,8775.081567,10.0.2.15,54574,69.16.175.42,443,tcp,6.427845000000161,322.0,6974.0,SF,True,False,0,ShADadfF,10,730,14,7538,ssl,0
8776.058104,Coi9dC2mwjkmfuYfBb,10.0.2.15,54573,69.16.175.42,443,TLSv12,TLS_ECDHE_RSA_WITH_AES_128_GCM_SHA256,secp256r1,static.infowars.com,False,True,CsxuknGIti,"['68b0e050487517aa29d6bc251796856c1bba1f10720774608b9d6b3e96f8f720', 'e6683e88315cd1cb403c0cea490f7c4b4c82c91cd485037489aadbaa90839f61', '3c35cc963eb004451323d3275d05b353235053490d9cd83729a2faf5e7ca1cc0', '08297a4047dba23680c731db6e317653ca7848e1bebd3a0b0179a707f92cf178']",[],1.0,0ffee3ba8e615ad22535e7f771690a28,a9f50de6377ae7c6dbaabc53f089ac30,,,8775.081086,10.0.2.15,54573,69.16.175.42,443,tcp,6.428991000000679,322.0,6974.0,SF,True,False,0,ShADadfF,10,730,13,7498,ssl,0
8776.486531,CsCeus2GYK9zu1tJo7,10.0.2.15,54571,69.16.175.42,443,TLSv12,TLS_ECDHE_RSA_WITH_AES_128_GCM_SHA256,secp256r1,static.infowars.com,False,True,CsxuknGIti,"['68b0e050487517aa29d6bc251796856c1bba1f10720774608b9d6b3e96f8f720', 'e6683e88315cd1cb403c0cea490f7c4b4c82c91cd485037489aadbaa90839f61', '3c35cc963eb004451323d3275d05b353235053490d9cd83729a2faf5e7ca1cc0', '08297a4047dba23680c731db6e317653ca7848e1bebd3a0b0179a707f92cf178']",[],1.0,0ffee3ba8e615ad22535e7f771690a28,a9f50de6377ae7c6dbaabc53f089ac30,,,8775.079678,10.0.2.15,54571,69.16.175.42,443,tcp,8.278754000000845,322.0,6974.0,SF,True,False,0,ShADadfF,10,730,13,7498,ssl,0
8778.52026,C7UpmF2KCrVASehO63,10.0.2.15,54572,69.16.175.42,443,TLSv12,TLS_ECDHE_RSA_WITH_AES_128_GCM_SHA256,secp256r1,static.infowars.com,False,True,CsxuknGIti,"['68b0e050487517aa29d6bc251796856c1bba1f10720774608b9d6b3e96f8f720', 'e6683e88315cd1cb403c0cea490f7c4b4c82c91cd485037489aadbaa90839f61', '3c35cc963eb004451323d3275d05b353235053490d9cd83729a2faf5e7ca1cc0', '08297a4047dba23680c731db6e317653ca7848e1bebd3a0b0179a707f92cf178']",[],1.0,0ffee3ba8e615ad22535e7f771690a28,a9f50de6377ae7c6dbaabc53f089ac30,,,8775.080323,10.0.2.15,54572,69.16.175.42,443,tcp,22.6394020000007,1962.0,229506.0,SF,True,False,0,ShADadfF,65,4578,198,237430,ssl,0
8781.892192,CMAwrH2Wd5dnVFBCkc,10.0.2.15,54578,69.16.175.10,443,TLSv12,TLS_ECDHE_RSA_WITH_AES_128_GCM_SHA256,,hw.infowars.com,True,True,CsiI,,,,1a5fe5677b0e4fbbc854e8908225637d,c6227321ea7621862dc7b7351771a62c,,,8781.501103,10.0.2.15,54578,69.16.175.10,443,tcp,16.062850000000253,3390.0,185205.0,SF,True,False,0,ShADadfF,53,5518,159,191569,ssl,0
8781.892717,C6IGf13E4RXkFEuRhi,10.0.2.15,54576,69.16.175.10,443,TLSv12,TLS_ECDHE_RSA_WITH_AES_128_GCM_SHA256,,hw.infowars.com,True,True,CsiI,,,,1a5fe5677b0e4fbbc854e8908225637d,c6227321ea7621862dc7b7351771a62c,,,8781.495176,10.0.2.15,54576,69.16.175.10,443,tcp,16.220234000000346,3390.0,135178.0,SF,True,False,0,ShADadfF,49,5358,127,140262,ssl,0
8786.808005,C3APsf4jhlMjRUH92e,10.0.2.15,54588,172.217.23.238,443,TLSv12,TLS_ECDHE_ECDSA_WITH_AES_128_GCM_SHA256,,cse.google.com,True,True,CsiI,,,,1a5fe5677b0e4fbbc854e8908225637d,c23237dbea656869600e48dfbd00ab7b,h2,,8786.178186,10.0.2.15,54588,172.217.23.238,443,tcp,193.0539510000017,1403.0,3299.0,SF,True,False,0,ShADadFf,21,2251,24,4263,ssl,0
8786.809278,CUbPwS2tKGG4ZioJ1h,10.0.2.15,54587,69.16.175.42,443,TLSv12,TLS_ECDHE_RSA_WITH_AES_128_GCM_SHA256,,static.infowars.com,True,True,CsiI,,,,1a5fe5677b0e4fbbc854e8908225637d,c6227321ea7621862dc7b7351771a62c,,,8786.177195,10.0.2.15,54587,69.16.175.42,443,tcp,12.133654999999637,1546.0,104427.0,SF,True,False,0,ShADadtfF,47,3434,97,109731,ssl,0
8786.811555,CsGRML1ove5TPOxAq,10.0.2.15,54586,69.16.175.42,443,TLSv12,TLS_ECDHE_RSA_WITH_AES_128_GCM_SHA256,,static.infowars.com,True,True,CsiI,,,,1a5fe5677b0e4fbbc854e8908225637d,c6227321ea7621862dc7b7351771a62c,,,8786.176626,10.0.2.15,54586,69.16.175.42,443,tcp,12.134756999999809,1563.0,161098.0,SF,True,False,0,ShADadfF,44,3331,145,166902,ssl,0
8786.814855,C6EW834KFSSUZohJwg,10.0.2.15,54585,69.16.175.42,443,TLSv12,TLS_ECDHE_RSA_WITH_AES_128_GCM_SHA256,,static.infowars.com,True,True,CsiI,,,,1a5fe5677b0e4fbbc854e8908225637d,c6227321ea7621862dc7b7351771a62c,,,8786.17613,10.0.2.15,54585,69.16.175.42,443,tcp,6.448743000000832,889.0,83420.0,SF,True,False,0,ShADadfF,33,2217,84,86784,ssl,0
8786.817481,Cpi07H3ZCpqeBQJLpl,10.0.2.15,54584,69.16.175.42,443,TLSv12,TLS_ECDHE_RSA_WITH_AES_128_GCM_SHA256,,static.infowars.com,True,True,CsiI,,,,1a5fe5677b0e4fbbc854e8908225637d,c6227321ea7621862dc7b7351771a62c,,,8786.174288,10.0.2.15,54584,69.16.175.42,443,tcp,11.540085000000545,1566.0,290619.0,SF,True,False,0,ShADadtfF,76,4614,233,304203,ssl,0
8786.821067,C2nsvV34eJdFAn3wzj,10.0.2.15,54583,69.16.175.42,443,TLSv12,TLS_ECDHE_RSA_WITH_AES_128_GCM_SHA256,,static.infowars.com,True,True,CsiI,,,,1a5fe5677b0e4fbbc854e8908225637d,c6227321ea7621862dc7b7351771a62c,,,8786.173438,10.0.2.15,54583,69.16.175.42,443,tcp,9.117357999999513,897.0,93683.0,SF,True,False,0,ShADadfF,27,1985,87,97167,ssl,0
8795.938195,CHNNCi1TKCZOP4taA8,10.0.2.15,54590,216.137.61.137,443,TLSv12,TLS_ECDHE_RSA_WITH_AES_128_GCM_SHA256,secp256r1,d31qbv1cthcecs.cloudfront.net,False,True,CsxuknGIti,"['90c0937808b31877df6c4a5c743c99325d974624be3735faa5078cf73d4fd205', 'eae72eb454bf6c3977ebd289e970b2f5282949190093d0d26f98d0f0d6a9cf17']",[],1.0,0ffee3ba8e615ad22535e7f771690a28,76cc3e2d3028143b23ec18e27dbd7ca9,http/1.1,,8795.041588,10.0.2.15,54590,216.137.61.137,443,tcp,234.9493110000003,1504.0,6475.0,SF,True,False,0,ShADadTTfF,36,2973,39,8039,ssl,0
8795.940939,CYYRSO1C3dufZPzXpa,10.0.2.15,54589,216.137.61.137,443,TLSv12,TLS_ECDHE_RSA_WITH_AES_128_GCM_SHA256,secp256r1,d31qbv1cthcecs.cloudfront.net,False,True,CsxuknGIti,"['90c0937808b31877df6c4a5c743c99325d974624be3735faa5078cf73d4fd205', 'eae72eb454bf6c3977ebd289e970b2f5282949190093d0d26f98d0f0d6a9cf17']",[],1.0,0ffee3ba8e615ad22535e7f771690a28,76cc3e2d3028143b23ec18e27dbd7ca9,http/1.1,,8795.038619,10.0.2.15,54589,216.137.61.137,443,tcp,11.129107999999178,363.0,5199.0,SF,True,False,0,ShADadFf,10,771,11,5643,ssl,0
8797.705822,CBw0F223PTVfOElqt1,10.0.2.15,54591,95.172.94.45,443,TLSv12,TLS_ECDHE_RSA_WITH_AES_128_GCM_SHA256,secp256r1,secure.quantserve.com,False,True,CsxknGIti,"['7d39ee69bdac843654f44bb3164a243b3e8c527019b6225992e5d36771f19e8f', '19400be5b7a31fb733917700789d2f0a2471c0c9d506c0e504c06c16d7cb17c0']",[],1.0,0ffee3ba8e615ad22535e7f771690a28,ccc514751b175866924439bdbb5bba34,,,8797.382007,10.0.2.15,54591,95.172.94.45,443,tcp,8.790997000000061,355.0,3323.0,SF,True,False,0,ShADadFfRr,10,763,12,3807,ssl,0
8797.844749,CX3ykQ3emWWJLAcCt2,10.0.2.15,54593,172.217.23.227,443,TLSv12,TLS_ECDHE_ECDSA_WITH_AES_128_GCM_SHA256,,fonts.gstatic.com,True,True,CsiI,,,,1a5fe5677b0e4fbbc854e8908225637d,c23237dbea656869600e48dfbd00ab7b,h2,,8797.566495,10.0.2.15,54593,172.217.23.227,443,tcp,457.9466650000013,2202.0,77492.0,SF,True,False,0,ShADadFf,56,4450,103,81616,ssl,0
8797.707597,CfgZAk3UBDDsZJFoOd,10.0.2.15,54592,54.192.93.150,443,TLSv12,TLS_ECDHE_RSA_WITH_AES_128_GCM_SHA256,,rules.quantcount.com,True,True,CsiI,,,,1a5fe5677b0e4fbbc854e8908225637d,d199ba0af2b08e204c73d6d81a1fd260,h2,,8797.382788,10.0.2.15,54592,54.192.93.150,443,tcp,265.25526699999864,1436.0,1111.0,SF,True,False,0,ShADadFf,24,2404,25,2115,ssl,0
8797.955496,Cl93YxXuDugxy0h5,10.0.2.15,54594,104.19.192.102,443,TLSv12,TLS_ECDHE_ECDSA_WITH_AES_128_GCM_SHA256,secp256r1,cdnjs.cloudflare.com,False,True,CsxuknGIti,"['288a62410b9a17d44ccccf0ca447daaee0f3c7bcd3e0cb6d4f24ef85d2dbfdd0', 'cd6c108a0e641f2ca122aaa6d03f826759cae7c6f800eabf76dc48b67cd083ce', '9573862ac0b4b125168810ea3fd101ae2eb0bb15f61fc0e6da7a2a38b85a89e8']",[],1.0,0ffee3ba8e615ad22535e7f771690a28,7d3eb4120cd50e889bcd3f3783be0f82,h2,,8797.568919,10.0.2.15,54594,104.19.192.102,443,tcp,203.56158400000092,1058.0,69997.0,SF,True,False,0,ShADadFf,38,2586,75,73001,ssl,0
8797.954589,C8zFos1Nb6HyL5Zgqg,10.0.2.15,54595,45.76.4.125,443,TLSv12,TLS_ECDHE_RSA_WITH_AES_128_GCM_SHA256,,www.infowars.com,True,True,CsiI,,,,1a5fe5677b0e4fbbc854e8908225637d,fbe78c619e7ea20046131294ad087f05,,,8797.569454,10.0.2.15,54595,45.76.4.125,443,tcp,26.83031800000026,3053.0,803738.0,SF,True,False,0,ShADadtWTFf,270,13862,755,835362,ssl,0
8798.714422,C5De4v4preKjo4ByWe,10.0.2.15,54596,69.16.175.42,443,TLSv12,TLS_ECDHE_RSA_WITH_AES_128_GCM_SHA256,,static.infowars.com,True,True,CsiI,,,,1a5fe5677b0e4fbbc854e8908225637d,c6227321ea7621862dc7b7351771a62c,,,8798.595928,10.0.2.15,54596,69.16.175.42,443,tcp,8.192429999999149,1226.0,36179.0,SF,True,False,0,ShADadfF,20,2034,40,37783,ssl,0
8798.712985,CQfob7NtqJA5MHQc9,10.0.2.15,54598,151.101.112.134,443,TLSv12,TLS_ECDHE_RSA_WITH_AES_128_GCM_SHA256,secp256r1,nfocom.disqus.com,False,True,CsxuknGIti,"['72fccfb0423eeaf4a935114758c42ae52c971a55e6226361bf3b672459c93599', '154c433c491929c5ef686e838e323664a00e6a0d822ccc958fb4dab03e49a08f']",[],1.0,0ffee3ba8e615ad22535e7f771690a28,860fcf58fd757e26aa8911e5eaff6b53,http/1.1,,8798.598061,10.0.2.15,54598,151.101.112.134,443,tcp,101.07178399999977,7249.0,10649.0,SF,True,False,0,ShADadTFfRr,33,8585,35,12053,ssl,0
8798.71391,CIXXQv4BpDw8LJrVpe,10.0.2.15,54597,172.217.23.238,443,TLSv12,TLS_ECDHE_ECDSA_WITH_AES_128_GCM_SHA256,x25519,www.youtube.com,False,True,CsxknGIti,"['11ddd329046367c19b32ffdb02ed308de129de4d6ffcf95856d7bd6a7accfba9', '9f630426df1d8abfd80ace98871ba833ab9742cb34838de2b5285ed54c0c7dcc', '3c35cc963eb004451323d3275d05b353235053490d9cd83729a2faf5e7ca1cc0']",[],1.0,0ffee3ba8e615ad22535e7f771690a28,84480cf8cf0e732666092640e581e1a5,h2,,8798.597422,10.0.2.15,54597,172.217.23.238,443,tcp,309.1625349999995,4263.0,104825.0,SF,True,False,0,ShADadtfF,78,7391,139,111809,ssl,0
8800.149994,C9kcEn2R0xIeQoa2Ka,10.0.2.15,54599,64.91.226.129,443,TLSv12,TLS_ECDHE_RSA_WITH_AES_256_GCM_SHA384,secp256r1,shop.pe,False,True,CsxknGIti,"['8a8bfab26678132d3672c542f154fea948562fdc18d5944042425f1a2f3909e2', 'e6683e88315cd1cb403c0cea490f7c4b4c82c91cd485037489aadbaa90839f61']",[],1.0,0ffee3ba8e615ad22535e7f771690a28,758945630046fd37070521b8544d1fe8,,,8798.599783,10.0.2.15,54599,64.91.226.129,443,tcp,25.84544900000037,1601.0,4330.0,SF,True,False,0,ShADadTFf,14,2170,16,4974,ssl,0
8800.827066,Cvlol84Ysc5P9asbx,10.0.2.15,54605,151.101.112.134,443,TLSv12,TLS_ECDHE_RSA_WITH_AES_128_GCM_SHA256,,nfocom.disqus.com,True,True,CsiI,,,,1a5fe5677b0e4fbbc854e8908225637d,1d0e57c6ae42e9204defa51e5e1cdc4c,http/1.1,,8799.431066,10.0.2.15,54605,151.101.112.134,443,tcp,100.2202380000017,7248.0,25440.0,SF,True,False,0,ShADadTFfRr,37,8743,49,27404,ssl,0
8800.827561,CFuaTVF12AgYb7Pq3,10.0.2.15,54604,45.76.4.125,443,TLSv12,TLS_ECDHE_RSA_WITH_AES_128_GCM_SHA256,,www.infowars.com,True,True,CsiI,,,,1a5fe5677b0e4fbbc854e8908225637d,fbe78c619e7ea20046131294ad087f05,,,8799.430612,10.0.2.15,54604,45.76.4.125,443,tcp,139.6698899999992,2256.0,56968.0,SF,True,False,0,ShADadTTfF,42,3956,74,59932,ssl,0
8800.828051,ChHbFk1lQ3otzJ49Nc,10.0.2.15,54603,45.76.4.125,443,TLSv12,TLS_ECDHE_RSA_WITH_AES_128_GCM_SHA256,,www.infowars.com,True,True,CsiI,,,,1a5fe5677b0e4fbbc854e8908225637d,fbe78c619e7ea20046131294ad087f05,,,8799.430149,10.0.2.15,54603,45.76.4.125,443,tcp,67.16454800000065,1025.0,2088.0,SF,True,False,0,ShADadTfF,15,1639,16,2732,ssl,0
8800.830909,CPWKOBZhelL2ajhog,10.0.2.15,54600,45.76.4.125,443,TLSv12,TLS_ECDHE_RSA_WITH_AES_128_GCM_SHA256,,www.infowars.com,True,True,CsiI,,,,1a5fe5677b0e4fbbc854e8908225637d,fbe78c619e7ea20046131294ad087f05,,,8799.380069,10.0.2.15,54600,45.76.4.125,443,tcp,6.870351999999912,599.0,137.0,SF,True,False,0,ShADadFf,8,927,7,421,ssl,0
8800.82897,Cw8KNV3CZnvoykz1rc,10.0.2.15,54602,23.74.196.84,443,TLSv12,TLS_ECDHE_RSA_WITH_AES_256_GCM_SHA384,secp256r1,cdn.dashjs.org,False,True,CsxknGIti,"['62faa1a2af56297e8ee1736cb008322996c5740c1bb0562e9ce59cfa0bc23104', 'ab2c93e01cc215807f04cdbfc362808d88940a7b2cee70238d356d8d94956df9', '4f32d5dc00f715250abcc486511e37f501a899deb3bf7ea8adbbd3aef1c412da']",[],1.0,0ffee3ba8e615ad22535e7f771690a28,2b33c1374db4ddf06942f92373c0b54b,http/1.1,,8799.429541,10.0.2.15,54602,23.74.196.84,443,tcp,134.82379700000092,660.0,111651.0,SF,True,False,0,ShADadTWTFfRr,44,2441,115,116255,ssl,0
8800.830016,CZuTOQ2TBjbUGEmEQf,10.0.2.15,54601,172.217.23.234,443,TLSv12,TLS_ECDHE_RSA_WITH_AES_128_GCM_SHA256,x25519,imasdk.googleapis.com,False,True,CsxknGIti,"['0ca616f3b5a49ded9af60777a33ae7119bfd6de6a815dbee0b64d5d69491aa06', '9f630426df1d8abfd80ace98871ba833ab9742cb34838de2b5285ed54c0c7dcc', '3c35cc963eb004451323d3275d05b353235053490d9cd83729a2faf5e7ca1cc0']",[],1.0,0ffee3ba8e615ad22535e7f771690a28,ab41313cfec25328b20865eb1388e0a2,h2,,8799.427604,10.0.2.15,54601,172.217.23.234,443,tcp,3.435751999999411,502.0,3968.0,SF,True,False,0,ShADadFf,11,950,12,4452,ssl,0
8802.454448,C7aiV21RENbnDygwaf,10.0.2.15,54619,69.16.175.42,443,TLSv12,TLS_ECDHE_RSA_WITH_AES_128_GCM_SHA256,,static.infowars.com,True,True,CsiI,,,,1a5fe5677b0e4fbbc854e8908225637d,c6227321ea7621862dc7b7351771a62c,,,8802.239722,10.0.2.15,54619,69.16.175.42,443,tcp,5.738949999999022,941.0,1051.0,SF,True,False,0,ShADadfF,8,1269,9,1415,ssl,0
8802.455396,CjN3jt3aEhl4I68I8,10.0.2.15,54618,69.16.175.42,443,TLSv12,TLS_ECDHE_RSA_WITH_AES_128_GCM_SHA256,,static.infowars.com,True,True,CsiI,,,,1a5fe5677b0e4fbbc854e8908225637d,c6227321ea7621862dc7b7351771a62c,,,8802.238892,10.0.2.15,54618,69.16.175.42,443,tcp,5.7380580000008194,897.0,13552.0,SF,True,False,0,ShADadfF,12,1385,19,14316,ssl,0
8802.456751,Ch48972Jcg5D4ygmSl,10.0.2.15,54617,69.16.175.42,443,TLSv12,TLS_ECDHE_RSA_WITH_AES_128_GCM_SHA256,,static.infowars.com,True,True,CsiI,,,,1a5fe5677b0e4fbbc854e8908225637d,c6227321ea7621862dc7b7351771a62c,,,8802.237149,10.0.2.15,54617,69.16.175.42,443,tcp,5.742070999998759,897.0,21043.0,SF,True,False,0,ShADadfF,14,1465,26,22087,ssl,0
8802.45917,CPLz4o3qd0lrjAtJy1,10.0.2.15,54616,69.16.175.42,443,TLSv12,TLS_ECDHE_RSA_WITH_AES_128_GCM_SHA256,,static.infowars.com,True,True,CsiI,,,,1a5fe5677b0e4fbbc854e8908225637d,c6227321ea7621862dc7b7351771a62c,,,8802.23642,10.0.2.15,54616,69.16.175.42,443,tcp,5.741013000000748,897.0,91890.0,SF,True,False,0,ShADadfF,27,1985,86,95334,ssl,0
8802.460452,CC1uak2SyKO0fIO28e,10.0.2.15,54615,69.16.175.42,443,TLSv12,TLS_ECDHE_RSA_WITH_AES_128_GCM_SHA256,,static.infowars.com,True,True,CsiI,,,,1a5fe5677b0e4fbbc854e8908225637d,c6227321ea7621862dc7b7351771a62c,,,8802.235861,10.0.2.15,54615,69.16.175.42,443,tcp,4.553007000000434,568.0,172.0,SF,True,False,0,ShADadfF,6,816,7,456,ssl,0
8802.46201,CU7Ue91JUe0My7F342,10.0.2.15,54614,95.101.250.34,443,TLSv12,TLS_ECDHE_RSA_WITH_AES_256_GCM_SHA384,,use.typekit.net,True,True,CsiI,,,,1a5fe5677b0e4fbbc854e8908225637d,410b9bedaf65dd26c6fe547154d60db4,h2,,8802.234515,10.0.2.15,54614,95.101.250.34,443,tcp,311.46867999999995,3391.0,373430.0,SF,True,False,0,ShADadtFfRr,147,9279,357,389134,ssl,0
8802.464251,CzNDxY2xP5HQJIgxN5,10.0.2.15,54613,45.76.4.125,443,TLSv12,TLS_ECDHE_RSA_WITH_AES_128_GCM_SHA256,,www.infowars.com,True,True,CsiI,,,,1a5fe5677b0e4fbbc854e8908225637d,fbe78c619e7ea20046131294ad087f05,,,8802.234371,10.0.2.15,54613,45.76.4.125,443,tcp,7.989282999998977,599.0,137.0,SF,True,False,0,ShADadFf,7,887,7,421,ssl,0
8802.465473,CoMW0CphZrC8DdOj6,10.0.2.15,54612,69.16.175.10,443,TLSv12,TLS_ECDHE_RSA_WITH_AES_128_GCM_SHA256,,hw.infowars.com,True,True,CsiI,,,,1a5fe5677b0e4fbbc854e8908225637d,c6227321ea7621862dc7b7351771a62c,,,8802.233923,10.0.2.15,54612,69.16.175.10,443,tcp,10.091435000000274,1366.0,90874.0,SF,True,False,0,ShADadfF,29,2534,82,94158,ssl,0
8802.475587,CWW6O1Ra3J1QnEvn4,10.0.2.15,54611,69.16.175.10,443,TLSv12,TLS_ECDHE_RSA_WITH_AES_128_GCM_SHA256,,hw.infowars.com,True,True,CsiI,,,,1a5fe5677b0e4fbbc854e8908225637d,c6227321ea7621862dc7b7351771a62c,,,8802.233473,10.0.2.15,54611,69.16.175.10,443,tcp,10.104315000000495,1362.0,31058.0,SF,True,False,0,ShADadfF,19,2130,36,32502,ssl,0
8802.476093,CiQxex1dJmAntsO9Mi,10.0.2.15,54610,69.16.175.10,443,TLSv12,TLS_ECDHE_RSA_WITH_AES_128_GCM_SHA256,,hw.infowars.com,True,True,CsiI,,,,1a5fe5677b0e4fbbc854e8908225637d,c6227321ea7621862dc7b7351771a62c,,,8802.232971,10.0.2.15,54610,69.16.175.10,443,tcp,10.098458000000392,1445.0,32429.0,SF,True,False,0,ShADadfF,18,2173,38,33953,ssl,0
8802.476523,CEc9zF35FEo9QxTNm7,10.0.2.15,54609,69.16.175.10,443,TLSv12,TLS_ECDHE_RSA_WITH_AES_128_GCM_SHA256,,hw.infowars.com,True,True,CsiI,,,,1a5fe5677b0e4fbbc854e8908225637d,c6227321ea7621862dc7b7351771a62c,,,8802.232237,10.0.2.15,54609,69.16.175.10,443,tcp,10.098737000000256,1430.0,87489.0,SF,True,False,0,ShADadfF,36,2878,81,90733,ssl,0
8802.476967,Cq27RQ2y4NKudFty6b,10.0.2.15,54608,69.16.175.10,443,TLSv12,TLS_ECDHE_RSA_WITH_AES_128_GCM_SHA256,,hw.infowars.com,True,True,CsiI,,,,1a5fe5677b0e4fbbc854e8908225637d,c6227321ea7621862dc7b7351771a62c,,,8802.23112,10.0.2.15,54608,69.16.175.10,443,tcp,10.098857999999382,1439.0,5106.0,SF,True,False,0,ShADadfF,10,1847,15,5710,ssl,0
8802.477421,CgvTaD1MoCuAuAEd69,10.0.2.15,54607,69.16.175.10,443,TLSv12,TLS_ECDHE_RSA_WITH_AES_128_GCM_SHA256,,hw.infowars.com,True,True,CsiI,,,,1a5fe5677b0e4fbbc854e8908225637d,c6227321ea7621862dc7b7351771a62c,,,8802.230192,10.0.2.15,54607,69.16.175.10,443,tcp,10.865896999999675,1765.0,139180.0,SF,True,False,0,ShADadfF,35,3173,121,144024,ssl,0
8802.478824,Cp0NtC3cLX8R2PRl7c,10.0.2.15,54606,95.172.94.20,443,TLSv12,TLS_ECDHE_RSA_WITH_AES_128_GCM_SHA256,secp256r1,pixel.quantserve.com,False,True,CsxknGIti,"['7d39ee69bdac843654f44bb3164a243b3e8c527019b6225992e5d36771f19e8f', '19400be5b7a31fb733917700789d2f0a2471c0c9d506c0e504c06c16d7cb17c0']",[],1.0,0ffee3ba8e615ad22535e7f771690a28,ccc514751b175866924439bdbb5bba34,,,8802.228328,10.0.2.15,54606,95.172.94.20,443,tcp,6.878558000000339,1577.0,3637.0,SF,True,False,0,ShADadfF,11,2025,13,4161,ssl,0
8804.218975,CgIfPD24I4kysVd4r3,10.0.2.15,54620,216.137.61.220,443,TLSv12,TLS_ECDHE_RSA_WITH_AES_128_GCM_SHA256,secp256r1,d5nxst8fruw4z.cloudfront.net,False,True,CsxuknGIti,"['90c0937808b31877df6c4a5c743c99325d974624be3735faa5078cf73d4fd205', 'eae72eb454bf6c3977ebd289e970b2f5282949190093d0d26f98d0f0d6a9cf17']",[],1.0,0ffee3ba8e615ad22535e7f771690a28,76cc3e2d3028143b23ec18e27dbd7ca9,http/1.1,,8803.232609,10.0.2.15,54620,216.137.61.220,443,tcp,226.795263,3254.0,6870.0,SF,True,False,0,ShADadTTFf,36,4722,38,8394,ssl,0
8807.552378,CC10QdmeZW24I1Sl9,10.0.2.15,54625,151.101.112.134,443,TLSv12,TLS_ECDHE_RSA_WITH_AES_128_GCM_SHA256,,nfocom.disqus.com,True,True,CsiI,,,,1a5fe5677b0e4fbbc854e8908225637d,1d0e57c6ae42e9204defa51e5e1cdc4c,http/1.1,,8806.798958,10.0.2.15,54625,151.101.112.134,443,tcp,6.128858000000036,599.0,191.0,SF,True,False,0,ShADadFRfr,9,967,9,555,ssl,0
8807.55415,C8B4pd2GopJqHWXyxa,10.0.2.15,54624,151.101.112.134,443,TLSv12,TLS_ECDHE_RSA_WITH_AES_128_GCM_SHA256,,nfocom.disqus.com,True,True,CsiI,,,,1a5fe5677b0e4fbbc854e8908225637d,1d0e57c6ae42e9204defa51e5e1cdc4c,http/1.1,,8806.79763,10.0.2.15,54624,151.101.112.134,443,tcp,6.117020000001503,599.0,191.0,SF,True,False,0,ShADadFfRr,9,967,9,555,ssl,0
8807.555296,CC4lZY3N5cIgyGhfMa,10.0.2.15,54623,151.101.112.134,443,TLSv12,TLS_ECDHE_RSA_WITH_AES_128_GCM_SHA256,,nfocom.disqus.com,True,True,CsiI,,,,1a5fe5677b0e4fbbc854e8908225637d,1d0e57c6ae42e9204defa51e5e1cdc4c,http/1.1,,8806.796445,10.0.2.15,54623,151.101.112.134,443,tcp,6.131777000000511,599.0,191.0,SF,True,False,0,ShADadFRfr,9,967,9,555,ssl,0
8807.556606,C39XG211q4dchjdsw5,10.0.2.15,54622,151.101.112.134,443,TLSv12,TLS_ECDHE_RSA_WITH_AES_128_GCM_SHA256,,nfocom.disqus.com,True,True,CsiI,,,,1a5fe5677b0e4fbbc854e8908225637d,1d0e57c6ae42e9204defa51e5e1cdc4c,http/1.1,,8806.795189,10.0.2.15,54622,151.101.112.134,443,tcp,6.133066000000326,599.0,191.0,SF,True,False,0,ShADadFRfr,9,967,9,555,ssl,0
8811.285706,CGG9kq2UMrbizx5pha,10.0.2.15,54629,172.217.23.238,443,TLSv12,TLS_ECDHE_ECDSA_WITH_AES_128_GCM_SHA256,,i.ytimg.com,True,True,CsiI,,,,1a5fe5677b0e4fbbc854e8908225637d,c23237dbea656869600e48dfbd00ab7b,h2,,8810.856263,10.0.2.15,54629,172.217.23.238,443,tcp,279.21972300000016,1874.0,246881.0,SF,True,False,0,ShADadFf,80,5082,239,256445,ssl,0
8811.281765,ChoREA4uJxk4sp8XVk,10.0.2.15,54628,216.137.61.129,443,TLSv12,TLS_ECDHE_RSA_WITH_AES_128_GCM_SHA256,secp256r1,d3rr3d0n31t48m.cloudfront.net,False,True,CsxuknGIti,"['90c0937808b31877df6c4a5c743c99325d974624be3735faa5078cf73d4fd205', 'eae72eb454bf6c3977ebd289e970b2f5282949190093d0d26f98d0f0d6a9cf17']",[],1.0,0ffee3ba8e615ad22535e7f771690a28,76cc3e2d3028143b23ec18e27dbd7ca9,http/1.1,,8810.855727,10.0.2.15,54628,216.137.61.129,443,tcp,184.8419959999992,1837.0,59815.0,SF,True,False,0,ShADadTTfF,56,4101,93,63539,ssl,0
8813.505279,C7IVyy2unNmyI2sQv2,10.0.2.15,54646,95.100.167.187,443,TLSv12,TLS_ECDHE_RSA_WITH_AES_256_GCM_SHA384,secp256r1,si.dailymail.co.uk,False,True,CsxknGIti,"['c4bf29421b310197ecda10b20a3240d791cd75fb765d2f7b7ff8074ae0ad6654', 'eae72eb454bf6c3977ebd289e970b2f5282949190093d0d26f98d0f0d6a9cf17']",[],1.0,0ffee3ba8e615ad22535e7f771690a28,2b33c1374db4ddf06942f92373c0b54b,http/1.1,,8813.177028,10.0.2.15,54646,95.100.167.187,443,tcp,130.51142299999992,1432.0,6901.0,SF,True,False,0,ShADadTTFf,24,2412,26,7945,ssl,0
8813.506008,Cpmgp14gc3tIglhS0i,10.0.2.15,54645,192.0.77.32,443,TLSv12,TLS_ECDHE_RSA_WITH_AES_128_GCM_SHA256,secp256r1,s2.wp.com,False,True,CsxuknGIti,"['100d19010050ffe81865a1cae3b70fe455286cf162042ac5bf146d2a7491e24f', '973a41276ffd01e027a2aad49e34c37846d3e976ff6a620b6712e33832041aa6', '3a2fbe92891e57fe05d57087f48e730f17e5a5f53ef403d618e5b74d7a7e6ecb']",[],1.0,0ffee3ba8e615ad22535e7f771690a28,76cc3e2d3028143b23ec18e27dbd7ca9,h2,,8813.138237,10.0.2.15,54645,192.0.77.32,443,tcp,337.114141,4105.0,397733.0,SF,True,False,0,ShADadFf,119,8873,366,412377,ssl,0
8813.50767,CBuThE3rj27v4lA1Sh,10.0.2.15,54643,192.0.77.32,443,TLSv12,TLS_ECDHE_RSA_WITH_AES_128_GCM_SHA256,secp256r1,s1.wp.com,False,True,CsxuknGIti,"['100d19010050ffe81865a1cae3b70fe455286cf162042ac5bf146d2a7491e24f', '973a41276ffd01e027a2aad49e34c37846d3e976ff6a620b6712e33832041aa6', '3a2fbe92891e57fe05d57087f48e730f17e5a5f53ef403d618e5b74d7a7e6ecb']",[],1.0,0ffee3ba8e615ad22535e7f771690a28,76cc3e2d3028143b23ec18e27dbd7ca9,h2,,8813.135943,10.0.2.15,54643,192.0.77.32,443,tcp,71.47599400000036,601.0,6342.0,SF,True,False,0,ShADadFf,14,1169,16,6986,ssl,0
8813.508332,CxyTLO3TRfX8QXWym2,10.0.2.15,54642,192.0.77.32,443,TLSv12,TLS_ECDHE_RSA_WITH_AES_128_GCM_SHA256,secp256r1,s1.wp.com,False,True,CsxuknGIti,"['100d19010050ffe81865a1cae3b70fe455286cf162042ac5bf146d2a7491e24f', '973a41276ffd01e027a2aad49e34c37846d3e976ff6a620b6712e33832041aa6', '3a2fbe92891e57fe05d57087f48e730f17e5a5f53ef403d618e5b74d7a7e6ecb']",[],1.0,0ffee3ba8e615ad22535e7f771690a28,76cc3e2d3028143b23ec18e27dbd7ca9,h2,,8813.13486,10.0.2.15,54642,192.0.77.32,443,tcp,71.4805720000004,601.0,6342.0,SF,True,False,0,ShADadFf,14,1169,16,6986,ssl,0
8813.536751,CLXFUq1xS5Y1pPl1o5,10.0.2.15,54638,192.0.77.32,443,TLSv12,TLS_ECDHE_RSA_WITH_AES_128_GCM_SHA256,secp256r1,s1.wp.com,False,True,CsxuknGIti,"['100d19010050ffe81865a1cae3b70fe455286cf162042ac5bf146d2a7491e24f', '973a41276ffd01e027a2aad49e34c37846d3e976ff6a620b6712e33832041aa6', '3a2fbe92891e57fe05d57087f48e730f17e5a5f53ef403d618e5b74d7a7e6ecb']",[],1.0,0ffee3ba8e615ad22535e7f771690a28,76cc3e2d3028143b23ec18e27dbd7ca9,h2,,8813.118556,10.0.2.15,54638,192.0.77.32,443,tcp,71.51532800000132,601.0,6342.0,SF,True,False,0,ShADadFf,15,1209,17,7026,ssl,0
8813.541487,CDGa1J2yR41x2echw6,10.0.2.15,54637,192.0.77.32,443,TLSv12,TLS_ECDHE_RSA_WITH_AES_128_GCM_SHA256,secp256r1,s0.wp.com,False,True,CsxuknGIti,"['100d19010050ffe81865a1cae3b70fe455286cf162042ac5bf146d2a7491e24f', '973a41276ffd01e027a2aad49e34c37846d3e976ff6a620b6712e33832041aa6', '3a2fbe92891e57fe05d57087f48e730f17e5a5f53ef403d618e5b74d7a7e6ecb']",[],1.0,0ffee3ba8e615ad22535e7f771690a28,76cc3e2d3028143b23ec18e27dbd7ca9,h2,,8813.11556,10.0.2.15,54637,192.0.77.32,443,tcp,71.49991600000067,601.0,6342.0,SF,True,False,0,ShADadFf,15,1209,18,7066,ssl,0
8813.552184,Ct2hB03KIIsZIqRHHk,10.0.2.15,54636,192.0.78.18,443,TLSv12,TLS_ECDHE_RSA_WITH_AES_128_GCM_SHA256,secp256r1,r-login.wordpress.com,False,True,CsxuknGIti,"['e52189f9148266e011534d0392d8050d6d9317f089699c10fb59eb62278a8199', '973a41276ffd01e027a2aad49e34c37846d3e976ff6a620b6712e33832041aa6', '3a2fbe92891e57fe05d57087f48e730f17e5a5f53ef403d618e5b74d7a7e6ecb']",[],1.0,0ffee3ba8e615ad22535e7f771690a28,76cc3e2d3028143b23ec18e27dbd7ca9,h2,,8813.110827,10.0.2.15,54636,192.0.78.18,443,tcp,196.9083799999989,1053.0,6532.0,SF,True,False,0,ShADadFf,20,1861,23,7456,ssl,0
8822.246566,CjcUXC3NUhKAsJYui1,10.0.2.15,54648,216.137.61.129,443,TLSv12,TLS_ECDHE_RSA_WITH_AES_128_GCM_SHA256,,d3rr3d0n31t48m.cloudfront.net,True,True,CsiI,,,,1a5fe5677b0e4fbbc854e8908225637d,d199ba0af2b08e204c73d6d81a1fd260,http/1.1,,8821.7762,10.0.2.15,54648,216.137.61.129,443,tcp,28.66358799999944,599.0,156.0,SF,True,False,0,ShADadTFf,9,969,9,520,ssl,0
8823.031566,CSg3a91mwb1OB8jsd3,10.0.2.15,54649,216.137.61.129,443,TLSv12,TLS_ECDHE_RSA_WITH_AES_128_GCM_SHA256,,d3rr3d0n31t48m.cloudfront.net,True,True,CsiI,,,,1a5fe5677b0e4fbbc854e8908225637d,d199ba0af2b08e204c73d6d81a1fd260,http/1.1,,8822.521531,10.0.2.15,54649,216.137.61.129,443,tcp,27.929003999999622,599.0,156.0,SF,True,False,0,ShADadTFf,9,969,9,520,ssl,0
8824.225335,CGE6Io4FIUc2Kb74pj,10.0.2.15,54650,172.217.23.238,443,TLSv12,TLS_ECDHE_ECDSA_WITH_AES_128_GCM_SHA256,,youtubei.youtube.com,True,True,CsiI,,,,1a5fe5677b0e4fbbc854e8908225637d,c23237dbea656869600e48dfbd00ab7b,h2,,8823.731951,10.0.2.15,54650,172.217.23.238,443,tcp,198.61646800000017,4396.0,2049.0,SF,True,False,0,ShADadFf,23,5324,28,3173,ssl,0
8825.662234,CvORbC3OfOSSRreQEd,10.0.2.15,54664,192.0.72.3,443,TLSv12,TLS_ECDHE_RSA_WITH_AES_128_GCM_SHA256,secp256r1,metrouk2.files.wordpress.com,False,True,CsxuknGIti,"['85689b4edf0bbe608de648fdc0881fccddc08931f07b74e7162ff28f70ecdd54', '973a41276ffd01e027a2aad49e34c37846d3e976ff6a620b6712e33832041aa6', '3a2fbe92891e57fe05d57087f48e730f17e5a5f53ef403d618e5b74d7a7e6ecb']",[],1.0,0ffee3ba8e615ad22535e7f771690a28,49b45fc1ab090aa3a159778313fc9b9e,h2,,8824.349869,10.0.2.15,54664,192.0.72.3,443,tcp,223.8069950000008,1657.0,828475.0,SF,True,False,0,ShADadtFf,212,10145,688,860259,ssl,0
8825.66425,CZGyLn1FusEmtFBYB9,10.0.2.15,54663,192.0.72.3,443,TLSv12,TLS_ECDHE_RSA_WITH_AES_128_GCM_SHA256,secp256r1,metrouk2.files.wordpress.com,False,True,CsxuknGIti,"['85689b4edf0bbe608de648fdc0881fccddc08931f07b74e7162ff28f70ecdd54', '973a41276ffd01e027a2aad49e34c37846d3e976ff6a620b6712e33832041aa6', '3a2fbe92891e57fe05d57087f48e730f17e5a5f53ef403d618e5b74d7a7e6ecb']",[],1.0,0ffee3ba8e615ad22535e7f771690a28,49b45fc1ab090aa3a159778313fc9b9e,h2,,8824.337612,10.0.2.15,54663,192.0.72.3,443,tcp,24.557404000001043,896.0,453376.0,SF,True,False,0,ShADadFf,71,3744,357,467660,ssl,0
8825.665692,CrdF4j2yjQldTXePc1,10.0.2.15,54662,192.0.72.3,443,TLSv12,TLS_ECDHE_RSA_WITH_AES_128_GCM_SHA256,secp256r1,metrouk2.files.wordpress.com,False,True,CsxuknGIti,"['85689b4edf0bbe608de648fdc0881fccddc08931f07b74e7162ff28f70ecdd54', '973a41276ffd01e027a2aad49e34c37846d3e976ff6a620b6712e33832041aa6', '3a2fbe92891e57fe05d57087f48e730f17e5a5f53ef403d618e5b74d7a7e6ecb']",[],1.0,0ffee3ba8e615ad22535e7f771690a28,49b45fc1ab090aa3a159778313fc9b9e,h2,,8824.305654,10.0.2.15,54662,192.0.72.3,443,tcp,24.09991199999968,927.0,21959.0,SF,True,False,0,ShADadFf,21,1775,30,23163,ssl,0
8825.668188,CzKcdN2g9lmTuNhZv9,10.0.2.15,54661,192.0.72.3,443,TLSv12,TLS_ECDHE_RSA_WITH_AES_128_GCM_SHA256,secp256r1,metrouk2.files.wordpress.com,False,True,CsxuknGIti,"['85689b4edf0bbe608de648fdc0881fccddc08931f07b74e7162ff28f70ecdd54', '973a41276ffd01e027a2aad49e34c37846d3e976ff6a620b6712e33832041aa6', '3a2fbe92891e57fe05d57087f48e730f17e5a5f53ef403d618e5b74d7a7e6ecb']",[],1.0,0ffee3ba8e615ad22535e7f771690a28,49b45fc1ab090aa3a159778313fc9b9e,h2,,8824.304747,10.0.2.15,54661,192.0.72.3,443,tcp,24.38667100000021,916.0,34793.0,SF,True,False,0,ShADadFf,25,1924,42,36477,ssl,0
8825.669701,ChEp5d1jFwL2Yv92Yb,10.0.2.15,54660,192.0.72.3,443,TLSv12,TLS_ECDHE_RSA_WITH_AES_128_GCM_SHA256,secp256r1,metrouk2.files.wordpress.com,False,True,CsxuknGIti,"['85689b4edf0bbe608de648fdc0881fccddc08931f07b74e7162ff28f70ecdd54', '973a41276ffd01e027a2aad49e34c37846d3e976ff6a620b6712e33832041aa6', '3a2fbe92891e57fe05d57087f48e730f17e5a5f53ef403d618e5b74d7a7e6ecb']",[],1.0,0ffee3ba8e615ad22535e7f771690a28,49b45fc1ab090aa3a159778313fc9b9e,h2,,8824.304152,10.0.2.15,54660,192.0.72.3,443,tcp,25.359997999999905,927.0,23781.0,SF,True,False,0,ShADadFf,21,1775,34,25145,ssl,0
8846.945745,CMd5oE1iuT2HXloHpe,10.0.2.15,54688,192.0.77.32,443,TLSv12,TLS_ECDHE_RSA_WITH_AES_128_GCM_SHA256,secp256r1,s0.wp.com,False,True,CsxuknGIti,"['100d19010050ffe81865a1cae3b70fe455286cf162042ac5bf146d2a7491e24f', '973a41276ffd01e027a2aad49e34c37846d3e976ff6a620b6712e33832041aa6', '3a2fbe92891e57fe05d57087f48e730f17e5a5f53ef403d618e5b74d7a7e6ecb']",[],1.0,0ffee3ba8e615ad22535e7f771690a28,76cc3e2d3028143b23ec18e27dbd7ca9,h2,,8844.941095,10.0.2.15,54688,192.0.77.32,443,tcp,210.3958220000004,1392.0,52902.0,SF,True,False,0,ShADadFf,33,2720,64,55466,ssl,0
8846.950032,CQsFZt3dDbxX1IoqA2,10.0.2.15,54686,192.0.77.32,443,TLSv12,TLS_ECDHE_RSA_WITH_AES_128_GCM_SHA256,secp256r1,s0.wp.com,False,True,CsxuknGIti,"['100d19010050ffe81865a1cae3b70fe455286cf162042ac5bf146d2a7491e24f', '973a41276ffd01e027a2aad49e34c37846d3e976ff6a620b6712e33832041aa6', '3a2fbe92891e57fe05d57087f48e730f17e5a5f53ef403d618e5b74d7a7e6ecb']",[],1.0,0ffee3ba8e615ad22535e7f771690a28,76cc3e2d3028143b23ec18e27dbd7ca9,h2,,8844.937,10.0.2.15,54686,192.0.77.32,443,tcp,16.82245999999941,1130.0,38024.0,SF,True,False,0,ShADadFf,23,2058,44,39788,ssl,0
8849.393403,Cc3lGj4NANAFw5e91c,10.0.2.15,54689,192.0.77.32,443,TLSv12,TLS_ECDHE_RSA_WITH_AES_128_GCM_SHA256,secp256r1,s0.wp.com,False,True,CsxuknGIti,"['100d19010050ffe81865a1cae3b70fe455286cf162042ac5bf146d2a7491e24f', '973a41276ffd01e027a2aad49e34c37846d3e976ff6a620b6712e33832041aa6', '3a2fbe92891e57fe05d57087f48e730f17e5a5f53ef403d618e5b74d7a7e6ecb']",[],1.0,0ffee3ba8e615ad22535e7f771690a28,76cc3e2d3028143b23ec18e27dbd7ca9,h2,,8848.880693,10.0.2.15,54689,192.0.77.32,443,tcp,5.986464000001433,1136.0,17567.0,SF,True,False,0,ShADadFf,23,2064,28,18691,ssl,0
8856.384476,CsOSpl4fYuBWaXNz3f,10.0.2.15,54709,69.16.175.10,443,TLSv12,TLS_ECDHE_RSA_WITH_AES_128_GCM_SHA256,,hw.infowars.com,True,True,CsiI,,,,1a5fe5677b0e4fbbc854e8908225637d,c6227321ea7621862dc7b7351771a62c,,,8855.867042,10.0.2.15,54709,69.16.175.10,443,tcp,13.97744799999964,1144.0,2141.0,SF,True,False,0,ShADadfF,9,1512,11,2585,ssl,0
8856.38554,CLjDoX06n33nZCz38,10.0.2.15,54704,69.16.175.10,443,TLSv12,TLS_ECDHE_RSA_WITH_AES_128_GCM_SHA256,,hw.infowars.com,True,True,CsiI,,,,1a5fe5677b0e4fbbc854e8908225637d,c6227321ea7621862dc7b7351771a62c,,,8855.845161,10.0.2.15,54704,69.16.175.10,443,tcp,14.589329000000362,1181.0,53684.0,SF,True,False,0,ShADadfF,20,1989,54,55848,ssl,0
8856.391278,CDhp9P3pPbkJxrZa4d,10.0.2.15,54708,69.16.175.10,443,TLSv12,TLS_ECDHE_RSA_WITH_AES_128_GCM_SHA256,,hw.infowars.com,True,True,CsiI,,,,1a5fe5677b0e4fbbc854e8908225637d,c6227321ea7621862dc7b7351771a62c,,,8855.865988,10.0.2.15,54708,69.16.175.10,443,tcp,14.767878000000564,1139.0,6204.0,SF,True,False,0,ShADadfF,10,1547,13,6728,ssl,0
8856.393129,Cqjo1E1fcKMMDCBs5g,10.0.2.15,54707,69.16.175.10,443,TLSv12,TLS_ECDHE_RSA_WITH_AES_128_GCM_SHA256,,hw.infowars.com,True,True,CsiI,,,,1a5fe5677b0e4fbbc854e8908225637d,c6227321ea7621862dc7b7351771a62c,,,8855.856118,10.0.2.15,54707,69.16.175.10,443,tcp,14.9968170000011,1129.0,1661.0,SF,True,False,0,ShADadfF,9,1497,10,2065,ssl,0
8856.397532,CDmLhUfe6lmdbBpkk,10.0.2.15,54706,69.16.175.10,443,TLSv12,TLS_ECDHE_RSA_WITH_AES_128_GCM_SHA256,,hw.infowars.com,True,True,CsiI,,,,1a5fe5677b0e4fbbc854e8908225637d,c6227321ea7621862dc7b7351771a62c,,,8855.848527,10.0.2.15,54706,69.16.175.10,443,tcp,15.378364000000149,1185.0,19213.0,SF,True,False,0,ShADadfF,14,1753,24,20177,ssl,0
8856.398164,CFd5UL1UdToKDcZp52,10.0.2.15,54705,69.16.175.10,443,TLSv12,TLS_ECDHE_RSA_WITH_AES_128_GCM_SHA256,,hw.infowars.com,True,True,CsiI,,,,1a5fe5677b0e4fbbc854e8908225637d,c6227321ea7621862dc7b7351771a62c,,,8855.846816,10.0.2.15,54705,69.16.175.10,443,tcp,15.913187000000107,1178.0,1367.0,SF,True,False,0,ShADadfF,9,1546,9,1731,ssl,0
8856.41939,CDgal92fHQNkcnw6vd,10.0.2.15,54710,93.184.220.66,443,TLSv12,TLS_ECDHE_RSA_WITH_AES_128_GCM_SHA256,secp256r1,platform.twitter.com,False,True,CsxuknGIti,"['498dfbfa068ce7e3252a308f9578608d3df2d287b5b9284571f7d3ed43ba3ab0', '19400be5b7a31fb733917700789d2f0a2471c0c9d506c0e504c06c16d7cb17c0', '7431e5f4c3c1ce4690774f0b61e05440883ba9a01ed00ba6abd7806ed3b118cf']",[],1.0,0ffee3ba8e615ad22535e7f771690a28,76cc3e2d3028143b23ec18e27dbd7ca9,http/1.1,,8855.868644,10.0.2.15,54710,93.184.220.66,443,tcp,153.09649700000045,1922.0,13117.0,SF,True,False,0,ShADadTTFfRr,30,3144,37,14601,ssl,0
8872.242042,CP7BklDqNsiUEdv0j,10.0.2.15,54727,104.16.88.26,443,TLSv12,TLS_ECDHE_RSA_WITH_AES_128_GCM_SHA256,secp256r1,sc.tynt.com,False,True,CsxuknGIti,"['deb78a8322380fa2e86f5ceeebeefdfd36014e3c95bb89e773411b7d35ccf60f', '02ab57e4e67a0cb48dd2ff34830e8ac40f4476fb08ca6be3f5cd846f646840f0', '4f32d5dc00f715250abcc486511e37f501a899deb3bf7ea8adbbd3aef1c412da']",[],1.0,0ffee3ba8e615ad22535e7f771690a28,76cc3e2d3028143b23ec18e27dbd7ca9,h2,,8871.772528,10.0.2.15,54727,104.16.88.26,443,tcp,21.064763000000312,896.0,6145.0,SF,True,False,0,ShADadTFf,17,1585,21,6989,ssl,0
8872.24822,Culzkk33XWMccz9kp8,10.0.2.15,54725,93.184.220.113,443,TLSv12,TLS_ECDHE_RSA_WITH_AES_128_GCM_SHA256,secp256r1,tags.crwdcntrl.net,False,True,CsxuknGIti,"['01abac41ff2430a09d598802a0878a768bc327b04a083fa1ec8335474a3e52aa', '154c433c491929c5ef686e838e323664a00e6a0d822ccc958fb4dab03e49a08f', '4348a0e9444c78cb265e058d5e8944b4d84f9662bd26db257f8934a443c70161']",[],1.0,0ffee3ba8e615ad22535e7f771690a28,49b45fc1ab090aa3a159778313fc9b9e,h2,,8871.768533,10.0.2.15,54725,93.184.220.113,443,tcp,21.500871999998708,2554.0,25828.0,SF,True,False,0,ShADadTfF,21,3403,37,27312,ssl,0
8887.945202,CvmJ2y40PRAhSo1suk,10.0.2.15,54730,69.16.175.10,443,TLSv12,TLS_ECDHE_RSA_WITH_AES_128_GCM_SHA256,,hw.infowars.com,True,True,CsiI,,,,1a5fe5677b0e4fbbc854e8908225637d,c6227321ea7621862dc7b7351771a62c,,,8887.088066,10.0.2.15,54730,69.16.175.10,443,tcp,2.942203999999037,1162.0,20565.0,SF,True,False,0,ShADadFfRr,16,1810,27,21649,ssl,0
8888.786817,C82IYT1h1QomYASC5k,10.0.2.15,54735,69.16.175.10,443,TLSv12,TLS_ECDHE_RSA_WITH_AES_128_GCM_SHA256,,hw.infowars.com,True,True,CsiI,,,,1a5fe5677b0e4fbbc854e8908225637d,c6227321ea7621862dc7b7351771a62c,,,8887.480118,10.0.2.15,54735,69.16.175.10,443,tcp,3.254882999999608,1171.0,56858.0,SF,True,False,0,ShADadFfRr,23,2099,60,59262,ssl,0
8888.78773,C6EEmJ23Nij0ZNHnvf,10.0.2.15,54734,69.16.175.10,443,TLSv12,TLS_ECDHE_RSA_WITH_AES_128_GCM_SHA256,,hw.infowars.com,True,True,CsiI,,,,1a5fe5677b0e4fbbc854e8908225637d,c6227321ea7621862dc7b7351771a62c,,,8887.4793,10.0.2.15,54734,69.16.175.10,443,tcp,3.282255999998597,1176.0,37774.0,SF,True,False,0,ShADadFfRr,21,2024,45,39578,ssl,0
8888.788814,CeNwDRqWLQq4Hhxeg,10.0.2.15,54733,69.16.175.10,443,TLSv12,TLS_ECDHE_RSA_WITH_AES_128_GCM_SHA256,,hw.infowars.com,True,True,CsiI,,,,1a5fe5677b0e4fbbc854e8908225637d,c6227321ea7621862dc7b7351771a62c,,,8887.478687,10.0.2.15,54733,69.16.175.10,443,tcp,3.292325999998866,1174.0,48050.0,SF,True,False,0,ShADadFfRr,22,2062,53,50174,ssl,0
8888.789671,Ckuu4j4FBTpLNVC3J4,10.0.2.15,54732,69.16.175.10,443,TLSv12,TLS_ECDHE_RSA_WITH_AES_128_GCM_SHA256,,hw.infowars.com,True,True,CsiI,,,,1a5fe5677b0e4fbbc854e8908225637d,c6227321ea7621862dc7b7351771a62c,,,8887.477388,10.0.2.15,54732,69.16.175.10,443,tcp,3.248441000001548,1165.0,139247.0,RSTR,True,False,0,ShADadRr,31,2413,116,143891,ssl,0
8892.05824,CRU0Y9mVtfgAOwfLl,10.0.2.15,54739,45.76.4.125,443,TLSv12,TLS_ECDHE_RSA_WITH_AES_128_GCM_SHA256,,www.infowars.com,True,True,CsiI,,,,1a5fe5677b0e4fbbc854e8908225637d,fbe78c619e7ea20046131294ad087f05,,,8890.821895,10.0.2.15,54739,45.76.4.125,443,tcp,13.523190000001703,599.0,137.0,SF,True,False,0,ShADadTFf,9,968,8,461,ssl,0
8892.08144,CYhtv4MkaKxhJdQU1,10.0.2.15,54738,52.17.243.201,443,TLSv12,TLS_ECDHE_RSA_WITH_AES_128_GCM_SHA256,secp256r1,trends.revcontent.com,False,True,CsxknGIi,"['e29909b1c1715d830c883d99e7b3b62c157b0e615f1b77bba7ceda93a43a1063', '154c433c491929c5ef686e838e323664a00e6a0d822ccc958fb4dab03e49a08f']",[],1.0,0ffee3ba8e615ad22535e7f771690a28,303951d4c50efb2e991652225a6f02b1,,,8890.819537,10.0.2.15,54738,52.17.243.201,443,tcp,8.86500900000101,324.0,3542.0,SF,True,False,0,ShADadFfRr,10,732,12,4026,ssl,0
8892.095404,Cq5Mb74iOuxahZQAOl,10.0.2.15,54736,69.16.175.10,443,TLSv12,TLS_ECDHE_RSA_WITH_AES_128_GCM_SHA256,,hw.infowars.com,True,True,CsiI,,,,1a5fe5677b0e4fbbc854e8908225637d,c6227321ea7621862dc7b7351771a62c,,,8890.782787,10.0.2.15,54736,69.16.175.10,443,tcp,13.674691000000166,1127.0,757.0,SF,True,False,0,ShADadfF,9,1495,9,1121,ssl,0
8892.091002,CSZH6JE9ZwEaZoVR9,10.0.2.15,54737,172.217.23.226,443,TLSv12,TLS_ECDHE_RSA_WITH_AES_128_GCM_SHA256,x25519,securepubads.g.doubleclick.net,False,True,CsxknGIti,"['a32ffddd76f9e7debbfc9a37b38d2ef86039b30a10d7c45ab8223d149cf99699', '9f630426df1d8abfd80ace98871ba833ab9742cb34838de2b5285ed54c0c7dcc', '3c35cc963eb004451323d3275d05b353235053490d9cd83729a2faf5e7ca1cc0']",[],1.0,0ffee3ba8e615ad22535e7f771690a28,ab41313cfec25328b20865eb1388e0a2,h2,,8890.785786,10.0.2.15,54737,172.217.23.226,443,tcp,8.856938999999329,332.0,4063.0,RSTO,True,False,0,ShADadR,8,660,9,4427,ssl,0
8900.375169,CykqnY2SOyMM4HjUs8,10.0.2.15,54742,151.101.112.134,443,TLSv12,TLS_ECDHE_RSA_WITH_AES_128_GCM_SHA256,,nfocom.disqus.com,True,True,CsiI,,,,1a5fe5677b0e4fbbc854e8908225637d,1d0e57c6ae42e9204defa51e5e1cdc4c,http/1.1,,8899.060242,10.0.2.15,54742,151.101.112.134,443,tcp,7.784772000000885,599.0,191.0,SF,True,False,0,ShADadFfRr,9,967,9,555,ssl,0
8907.905904,CLRS2F2i5Dh2ZAYuZ,10.0.2.15,54744,199.16.156.120,443,TLSv12,TLS_ECDHE_RSA_WITH_AES_128_GCM_SHA256,,syndication.twitter.com,True,True,CsiI,,,,1a5fe5677b0e4fbbc854e8908225637d,7bee5c1d424b7e5f943b06983bb11422,h2,,8907.467056,10.0.2.15,54744,199.16.156.120,443,tcp,194.1302429999996,1929.0,1195.0,SF,True,False,0,ShADadFfRr,19,2697,23,2119,ssl,0
8908.750209,CaKHOt4mrkvat8wX0a,10.0.2.15,54748,69.16.175.10,443,TLSv12,TLS_ECDHE_RSA_WITH_AES_128_GCM_SHA256,,hw.infowars.com,True,True,CsiI,,,,1a5fe5677b0e4fbbc854e8908225637d,c6227321ea7621862dc7b7351771a62c,,,8908.113561,10.0.2.15,54748,69.16.175.10,443,tcp,4.679739999999583,568.0,172.0,SF,True,False,0,ShADadfF,6,816,7,456,ssl,0
8911.079252,CwKTuC1UPHoPHYNC9f,10.0.2.15,54750,95.172.94.45,443,TLSv12,TLS_ECDHE_RSA_WITH_AES_128_GCM_SHA256,secp256r1,secure.quantserve.com,False,True,CsxknGIti,"['7d39ee69bdac843654f44bb3164a243b3e8c527019b6225992e5d36771f19e8f', '19400be5b7a31fb733917700789d2f0a2471c0c9d506c0e504c06c16d7cb17c0']",[],1.0,1a5fe5677b0e4fbbc854e8908225637d,ccc514751b175866924439bdbb5bba34,,,8910.70312,10.0.2.15,54750,95.172.94.45,443,tcp,6.131306999999652,674.0,3323.0,SF,True,False,0,ShADadFfRr,11,1122,13,3847,ssl,0
8912.787282,CUrJg3HKRFq4dI8Lk,10.0.2.15,54755,64.91.226.129,443,TLSv12,TLS_ECDHE_RSA_WITH_AES_256_GCM_SHA384,,shop.pe,True,True,CsiI,,,,1a5fe5677b0e4fbbc854e8908225637d,364ff14b04ef93c3b4cfa429d729c0d9,,,8912.1621,10.0.2.15,54755,64.91.226.129,443,tcp,71.80539300000055,3076.0,1877.0,SF,True,False,0,ShADadTfF,16,3730,17,2561,ssl,0
8912.787802,CRtqHAZJscECu19Wl,10.0.2.15,54754,151.101.112.134,443,TLSv12,TLS_ECDHE_RSA_WITH_AES_128_GCM_SHA256,,nfocom.disqus.com,True,True,CsiI,,,,1a5fe5677b0e4fbbc854e8908225637d,1d0e57c6ae42e9204defa51e5e1cdc4c,http/1.1,,8912.161538,10.0.2.15,54754,151.101.112.134,443,tcp,132.48307100000056,2121.0,1374.0,SF,True,False,0,ShADadTTFfRr,25,3142,25,2378,ssl,0
8912.790913,Cm4kkk2UHLmtVWAbxf,10.0.2.15,54753,95.172.94.20,443,TLSv12,TLS_ECDHE_RSA_WITH_AES_128_GCM_SHA256,,pixel.quantserve.com,True,True,CsiI,,,,1a5fe5677b0e4fbbc854e8908225637d,fbe78c619e7ea20046131294ad087f05,,,8912.160446,10.0.2.15,54753,95.172.94.20,443,tcp,2.648654000000533,1876.0,482.0,SF,True,False,0,ShADadfF,9,2244,9,846,ssl,0
8908.75574,CGRKMZ121VGllQALfk,10.0.2.15,54749,172.217.23.238,443,TLSv12,TLS_ECDHE_ECDSA_WITH_AES_128_GCM_SHA256,,youtubei.youtube.com,True,False,Csi,,,,1a5fe5677b0e4fbbc854e8908225637d,c23237dbea656869600e48dfbd00ab7b,h2,,8908.114034,10.0.2.15,54749,172.217.23.238,443,tcp,0.778205999999045,517.0,156.0,RSTO,True,False,0,ShADadR,4,685,3,280,ssl,0
8913.742003,Cl3SD5cVtXr9CBXV4,10.0.2.15,54756,151.101.112.134,443,TLSv12,TLS_ECDHE_RSA_WITH_AES_128_GCM_SHA256,,nfocom.disqus.com,True,True,CsiI,,,,1a5fe5677b0e4fbbc854e8908225637d,1d0e57c6ae42e9204defa51e5e1cdc4c,http/1.1,,8913.147019,10.0.2.15,54756,151.101.112.134,443,tcp,131.4945889999999,1187.0,1667.0,SF,True,False,0,ShADadTTFfRr,23,2127,24,2631,ssl,0
8914.277417,CyamAC4TmlCt3PjF,10.0.2.15,54758,151.101.112.134,443,TLSv12,TLS_ECDHE_RSA_WITH_AES_128_GCM_SHA256,,nfocom.disqus.com,True,True,CsiI,,,,1a5fe5677b0e4fbbc854e8908225637d,1d0e57c6ae42e9204defa51e5e1cdc4c,http/1.1,,8913.751591,10.0.2.15,54758,151.101.112.134,443,tcp,6.996664000000237,599.0,191.0,SF,True,False,0,ShADadFfRr,9,967,9,555,ssl,0
8914.275182,CaM4iD1OQH8yYwqtRl,10.0.2.15,54757,95.172.94.20,443,TLSv12,TLS_ECDHE_RSA_WITH_AES_128_GCM_SHA256,,pixel.quantserve.com,True,True,CsiI,,,,1a5fe5677b0e4fbbc854e8908225637d,fbe78c619e7ea20046131294ad087f05,,,8913.376745,10.0.2.15,54757,95.172.94.20,443,tcp,7.349458000000595,599.0,168.0,SF,True,False,0,ShADadFfRr,9,967,9,532,ssl,0
8915.760667,CWv9Q8HhnPihLSlaa,10.0.2.15,54760,151.101.112.134,443,TLSv12,TLS_ECDHE_RSA_WITH_AES_128_GCM_SHA256,,nfocom.disqus.com,True,True,CsiI,,,,1a5fe5677b0e4fbbc854e8908225637d,1d0e57c6ae42e9204defa51e5e1cdc4c,http/1.1,,8914.823469,10.0.2.15,54760,151.101.112.134,443,tcp,11.672665000000052,599.0,191.0,SF,True,False,0,ShADadFfRr,9,967,9,555,ssl,0
8916.033948,CwxQgw2xiD06zhBCp4,10.0.2.15,54761,151.101.112.134,443,TLSv12,TLS_ECDHE_RSA_WITH_AES_128_GCM_SHA256,,nfocom.disqus.com,True,True,CsiI,,,,1a5fe5677b0e4fbbc854e8908225637d,1d0e57c6ae42e9204defa51e5e1cdc4c,http/1.1,,8914.824682,10.0.2.15,54761,151.101.112.134,443,tcp,11.671410999999352,599.0,191.0,SF,True,False,0,ShADadFRfr,9,967,9,555,ssl,0
8916.436789,CXgs8s4M8jXtNI961a,10.0.2.15,54762,95.101.250.34,443,TLSv12,TLS_ECDHE_RSA_WITH_AES_256_GCM_SHA384,secp256r1,p.typekit.net,False,True,CsxknGIti,"['a023403dd8cfbb6a4de86bc4fc5926cf3d96ed52280ca0c8f64937c50ff66c73', 'eae72eb454bf6c3977ebd289e970b2f5282949190093d0d26f98d0f0d6a9cf17']",[],1.0,0ffee3ba8e615ad22535e7f771690a28,2b33c1374db4ddf06942f92373c0b54b,http/1.1,,8915.194156,10.0.2.15,54762,95.101.250.34,443,tcp,11.301912000000812,347.0,3958.0,SF,True,False,0,ShADadFfRr,11,795,12,4442,ssl,0
8920.741746,CrBySu2rZHPMI4Iz1d,10.0.2.15,54771,172.217.23.230,443,TLSv12,TLS_ECDHE_RSA_WITH_AES_128_GCM_SHA256,x25519,6492375.fls.doubleclick.net,False,True,CsxknGIti,"['378a6c73f6dec1c6bc563fa8eda92c3e9ce61b893db7685686c41f33ab89931c', '9f630426df1d8abfd80ace98871ba833ab9742cb34838de2b5285ed54c0c7dcc', '3c35cc963eb004451323d3275d05b353235053490d9cd83729a2faf5e7ca1cc0']",[],1.0,0ffee3ba8e615ad22535e7f771690a28,ab41313cfec25328b20865eb1388e0a2,h2,,8919.600537,10.0.2.15,54771,172.217.23.230,443,tcp,3.736128999998982,508.0,4120.0,SF,True,False,0,ShADadFf,11,956,13,4644,ssl,0
8920.754563,Cc6j7L2JXIC5bMZk6,10.0.2.15,54770,172.217.23.230,443,TLSv12,TLS_ECDHE_RSA_WITH_AES_128_GCM_SHA256,x25519,6492375.fls.doubleclick.net,False,True,CsxknGIti,"['378a6c73f6dec1c6bc563fa8eda92c3e9ce61b893db7685686c41f33ab89931c', '9f630426df1d8abfd80ace98871ba833ab9742cb34838de2b5285ed54c0c7dcc', '3c35cc963eb004451323d3275d05b353235053490d9cd83729a2faf5e7ca1cc0']",[],1.0,0ffee3ba8e615ad22535e7f771690a28,ab41313cfec25328b20865eb1388e0a2,h2,,8919.599502,10.0.2.15,54770,172.217.23.230,443,tcp,3.739863000000696,508.0,4120.0,SF,True,False,0,ShADadFf,12,996,14,4684,ssl,0
8921.461126,CaYOD2PTbNliQX595,10.0.2.15,54776,54.231.120.123,443,TLSv12,TLS_ECDHE_RSA_WITH_AES_128_GCM_SHA256,secp256r1,addshoppers.s3.amazonaws.com,False,True,CsxknGIi,"['659a3d7684850e6d664f5131f9f8765469b9c7017b7a0e206f8c1c9445cb1c69', 'f9690880819f06cdcc0b2f224b207f2af6003fb57339b8679a160fa95208d62d']",[],1.0,0ffee3ba8e615ad22535e7f771690a28,ea615e28cb25adfb2f261151eab3314f,,,8921.061302,10.0.2.15,54776,54.231.120.123,443,tcp,12.98070700000062,733.0,4975.0,SF,True,False,0,ShADadFf,11,1181,15,5579,ssl,0
8928.029715,CK69SC2OSeRb0NLUHb,10.0.2.15,54779,216.58.201.98,443,TLSv12,TLS_ECDHE_RSA_WITH_AES_128_GCM_SHA256,,googleads.g.doubleclick.net,True,True,CsiI,,,,1a5fe5677b0e4fbbc854e8908225637d,67619a80665d7ab92d1041b1d11f9164,h2,,8927.018696,10.0.2.15,54779,216.58.201.98,443,tcp,857.5053960000005,78859.0,383030.0,SF,True,False,0,ShADadFf,414,95427,696,410874,ssl,0
8928.032099,CEauzbGtkpr3ki5Q9,10.0.2.15,54778,216.58.201.66,443,TLSv12,TLS_ECDHE_RSA_WITH_AES_128_GCM_SHA256,,www.googleadservices.com,True,True,CsiI,,,,1a5fe5677b0e4fbbc854e8908225637d,67619a80665d7ab92d1041b1d11f9164,h2,,8927.018166,10.0.2.15,54778,216.58.201.66,443,tcp,186.9049830000004,938.0,384.0,SF,True,False,0,ShADadFf,17,1626,16,1028,ssl,0
8928.027029,CyTAkE4xpyxhwaWR6,10.0.2.15,54781,209.15.36.23,443,TLSv12,TLS_ECDHE_RSA_WITH_AES_256_CBC_SHA,secp256r1,centro.pixel.ad,False,True,CsxknGIti,"['61da0477e0f09b86f6713752fb08c1eb5268c4ac6f81dc422580dbe9dd52a1b8', 'bc3f03a436240edba5f83714f6f677e34b37f9b1f0c08c1e558d981e279e8209', '3c35cc963eb004451323d3275d05b353235053490d9cd83729a2faf5e7ca1cc0']",[],1.0,0ffee3ba8e615ad22535e7f771690a28,63a37e7be22df054d1f448fc0c28b98f,,,8927.020488,10.0.2.15,54781,209.15.36.23,443,tcp,9.168243000000077,811.0,4173.0,SF,True,False,0,ShADadfF,11,1259,13,4697,ssl,0
8928.02803,Ck5ISf2N9c9gD6jpnb,10.0.2.15,54780,209.15.36.23,443,TLSv12,TLS_ECDHE_RSA_WITH_AES_256_CBC_SHA,secp256r1,centro.pixel.ad,False,True,CsxknGIti,"['61da0477e0f09b86f6713752fb08c1eb5268c4ac6f81dc422580dbe9dd52a1b8', 'bc3f03a436240edba5f83714f6f677e34b37f9b1f0c08c1e558d981e279e8209', '3c35cc963eb004451323d3275d05b353235053490d9cd83729a2faf5e7ca1cc0']",[],1.0,0ffee3ba8e615ad22535e7f771690a28,63a37e7be22df054d1f448fc0c28b98f,,,8927.019479,10.0.2.15,54780,209.15.36.23,443,tcp,6.886220000000321,342.0,4173.0,SF,True,False,0,ShADadfF,8,670,10,4577,ssl,0
8931.312964,ClNfFA2pcpsItGnQn,10.0.2.15,54785,46.137.99.11,443,TLSv12,TLS_ECDHE_RSA_WITH_AES_128_GCM_SHA256,secp256r1,c.vepxl1.net,False,True,CsxknGIi,"['b225fa4edf8f284faf51da36cccab81c67b15c51ee65295d28c8d9e4014e5588', '074541ecdf88ed992ed5ade3ecddef27a26ba1b44480a195c0a8dadae2521d8e', 'ff856a2d251dcd88d36656f450126798cfabaade40799c722de4d2b5db36a73a']",[],1.0,0ffee3ba8e615ad22535e7f771690a28,303951d4c50efb2e991652225a6f02b1,,,8931.03547,10.0.2.15,54785,46.137.99.11,443,tcp,64.71895399999994,640.0,4570.0,SF,True,False,0,ShADadTFf,18,1374,18,5294,ssl,0
8931.316241,Cw0a7ApX4PAbKW1I2,10.0.2.15,54789,46.137.99.11,443,TLSv12,TLS_ECDHE_RSA_WITH_AES_128_GCM_SHA256,secp256r1,c.vepxl1.net,False,True,CsxknGIi,"['b225fa4edf8f284faf51da36cccab81c67b15c51ee65295d28c8d9e4014e5588', '074541ecdf88ed992ed5ade3ecddef27a26ba1b44480a195c0a8dadae2521d8e', 'ff856a2d251dcd88d36656f450126798cfabaade40799c722de4d2b5db36a73a']",[],1.0,0ffee3ba8e615ad22535e7f771690a28,303951d4c50efb2e991652225a6f02b1,,,8931.038548,10.0.2.15,54789,46.137.99.11,443,tcp,6.859739999999874,346.0,4038.0,SF,True,False,0,ShADadFRfr,11,794,12,4522,ssl,0
8932.598924,C6B6Gg2EN0ODJWf9x9,10.0.2.15,54792,172.217.23.227,443,TLSv12,TLS_ECDHE_RSA_WITH_AES_128_GCM_SHA256,,www.google.cz,True,True,CsiI,,,,1a5fe5677b0e4fbbc854e8908225637d,67619a80665d7ab92d1041b1d11f9164,h2,,8932.147045,10.0.2.15,54792,172.217.23.227,443,tcp,185.4570590000003,2227.0,837.0,SF,True,False,0,ShADadFf,19,2995,19,1601,ssl,0
8932.603974,CSGdR82z3DRXpL7eP5,10.0.2.15,54791,52.216.81.0,443,TLSv12,TLS_ECDHE_RSA_WITH_AES_128_GCM_SHA256,secp256r1,gtrk.s3.amazonaws.com,False,True,CsxknGIi,"['659a3d7684850e6d664f5131f9f8765469b9c7017b7a0e206f8c1c9445cb1c69', 'f9690880819f06cdcc0b2f224b207f2af6003fb57339b8679a160fa95208d62d']",[],1.0,0ffee3ba8e615ad22535e7f771690a28,ea615e28cb25adfb2f261151eab3314f,,,8932.145188,10.0.2.15,54791,52.216.81.0,443,tcp,9.917558999999528,639.0,3485.0,SF,True,False,0,ShADadFf,10,1047,12,3969,ssl,0
8935.386141,CU5DwM1Bnd6G7DyFi7,10.0.2.15,54794,209.15.36.21,443,TLSv12,TLS_ECDHE_RSA_WITH_AES_256_CBC_SHA,secp256r1,pixel.sitescout.com,False,True,CsxknGIti,"['f015d4c86fc456a1d84bc3afa7ddb630a34da324037bb1cc3206209a00eae6e4', 'bc3f03a436240edba5f83714f6f677e34b37f9b1f0c08c1e558d981e279e8209']",[],1.0,0ffee3ba8e615ad22535e7f771690a28,63a37e7be22df054d1f448fc0c28b98f,,,8934.447041,10.0.2.15,54794,209.15.36.21,443,tcp,7.255169000000023,879.0,3464.0,SF,True,False,0,ShADadfF,10,1287,12,3948,ssl,0
8935.388287,CLpKJ61FHgpCPREZR,10.0.2.15,54793,209.15.36.21,443,TLSv12,TLS_ECDHE_RSA_WITH_AES_256_CBC_SHA,secp256r1,pixel.sitescout.com,False,True,CsxknGIti,"['f015d4c86fc456a1d84bc3afa7ddb630a34da324037bb1cc3206209a00eae6e4', 'bc3f03a436240edba5f83714f6f677e34b37f9b1f0c08c1e558d981e279e8209']",[],1.0,0ffee3ba8e615ad22535e7f771690a28,63a37e7be22df054d1f448fc0c28b98f,,,8934.436631,10.0.2.15,54793,209.15.36.21,443,tcp,6.777893999998923,346.0,3304.0,SF,True,False,0,ShADadfF,8,674,10,3708,ssl,0
8935.748445,C3Z8ZDDDISrPfdTE9,10.0.2.15,54800,209.15.36.21,443,TLSv12,TLS_ECDHE_RSA_WITH_AES_256_CBC_SHA,secp256r1,pixel.sitescout.com,False,True,CsxknGIti,"['f015d4c86fc456a1d84bc3afa7ddb630a34da324037bb1cc3206209a00eae6e4', 'bc3f03a436240edba5f83714f6f677e34b37f9b1f0c08c1e558d981e279e8209']",[],1.0,0ffee3ba8e615ad22535e7f771690a28,63a37e7be22df054d1f448fc0c28b98f,,,8935.389335,10.0.2.15,54800,209.15.36.21,443,tcp,6.019534000000931,346.0,3304.0,SF,True,False,0,ShADadfF,8,674,10,3708,ssl,0
8936.658746,Ca7AsE10PyTBIAvyV9,10.0.2.15,54801,130.211.88.163,443,TLSv12,TLS_ECDHE_RSA_WITH_AES_256_GCM_SHA384,secp256r1,c.flx1.com,False,True,CsxknGIti,"['b63fc952c4eeb726897a502fb461a816a496bcdaaee41437776859309efd6234', '111006378afbe8e99bb02ba87390ca429fca2773f74d7f7eb5744f5ddf68014b', '4f32d5dc00f715250abcc486511e37f501a899deb3bf7ea8adbbd3aef1c412da', '687fa451382278fff0c8b11f8d43d576671c6eb2bceab413fb83d965d06d2ff2']",[],1.0,0ffee3ba8e615ad22535e7f771690a28,e35df3e00ca4ef31d42b34bebaa2f86e,,,8936.449041,10.0.2.15,54801,130.211.88.163,443,tcp,68.12060100000053,649.0,13523.0,SF,True,False,0,ShADadTfF,18,1383,25,14527,ssl,0
8936.665381,CQqdKQ3Yo2MfPqVUZ4,10.0.2.15,54802,130.211.88.163,443,TLSv12,TLS_ECDHE_RSA_WITH_AES_256_GCM_SHA384,secp256r1,c.flx1.com,False,True,CsxknGIti,"['b63fc952c4eeb726897a502fb461a816a496bcdaaee41437776859309efd6234', '111006378afbe8e99bb02ba87390ca429fca2773f74d7f7eb5744f5ddf68014b', '4f32d5dc00f715250abcc486511e37f501a899deb3bf7ea8adbbd3aef1c412da', '687fa451382278fff0c8b11f8d43d576671c6eb2bceab413fb83d965d06d2ff2']",[],1.0,0ffee3ba8e615ad22535e7f771690a28,e35df3e00ca4ef31d42b34bebaa2f86e,,,8936.449667,10.0.2.15,54802,130.211.88.163,443,tcp,5.660509999999704,344.0,6195.0,SF,True,False,0,ShADadFf,10,752,12,6679,ssl,0
8939.257102,C9N6Ad1bT8hpN5qQNd,10.0.2.15,54807,31.13.69.203,443,TLSv12,TLS_ECDHE_ECDSA_WITH_AES_128_GCM_SHA256,secp256r1,staticxx.facebook.com,False,True,CsxknGIti,"['152151b387412a95ab90fd4664f2d98880408e9e43913124e4c91226a483386b', '19400be5b7a31fb733917700789d2f0a2471c0c9d506c0e504c06c16d7cb17c0']",[],1.0,0ffee3ba8e615ad22535e7f771690a28,2d1eb5817ece335c24904f516ad5da12,h2,,8939.102978,10.0.2.15,54807,31.13.69.203,443,tcp,188.0605659999983,709.0,4079.0,SF,True,False,0,ShADadfF,19,1477,21,4923,ssl,0
8940.521689,CqcfTS20wnkaYPFhKh,10.0.2.15,54811,178.79.171.103,443,TLSv12,TLS_ECDHE_RSA_WITH_AES_256_GCM_SHA384,secp256r1,go.flx1.com,False,True,CsxknGIti,"['b63fc952c4eeb726897a502fb461a816a496bcdaaee41437776859309efd6234', '111006378afbe8e99bb02ba87390ca429fca2773f74d7f7eb5744f5ddf68014b', '4f32d5dc00f715250abcc486511e37f501a899deb3bf7ea8adbbd3aef1c412da', '687fa451382278fff0c8b11f8d43d576671c6eb2bceab413fb83d965d06d2ff2']",[],1.0,0ffee3ba8e615ad22535e7f771690a28,e35df3e00ca4ef31d42b34bebaa2f86e,,,8940.300964,10.0.2.15,54811,178.79.171.103,443,tcp,87.3013890000002,3422.0,9250.0,SF,True,False,0,ShADadTfF,28,4556,31,10494,ssl,0
8940.522447,CpJTJm13zmzqrztCjh,10.0.2.15,54810,178.79.171.103,443,TLSv12,TLS_ECDHE_RSA_WITH_AES_256_GCM_SHA384,secp256r1,go.flx1.com,False,True,CsxknGIti,"['b63fc952c4eeb726897a502fb461a816a496bcdaaee41437776859309efd6234', '111006378afbe8e99bb02ba87390ca429fca2773f74d7f7eb5744f5ddf68014b', '4f32d5dc00f715250abcc486511e37f501a899deb3bf7ea8adbbd3aef1c412da', '687fa451382278fff0c8b11f8d43d576671c6eb2bceab413fb83d965d06d2ff2']",[],1.0,0ffee3ba8e615ad22535e7f771690a28,e35df3e00ca4ef31d42b34bebaa2f86e,,,8940.299988,10.0.2.15,54810,178.79.171.103,443,tcp,6.464715999998589,345.0,6195.0,SF,True,False,0,ShADadFf,11,793,13,6719,ssl,0
8941.807021,CETF9F2btc1tw6015,10.0.2.15,54814,178.79.171.103,443,TLSv12,TLS_ECDHE_RSA_WITH_AES_256_GCM_SHA384,,go.flx1.com,True,True,CsiI,,,,1a5fe5677b0e4fbbc854e8908225637d,364ff14b04ef93c3b4cfa429d729c0d9,,,8941.413718,10.0.2.15,54814,178.79.171.103,443,tcp,70.68065899999965,1597.0,1171.0,SF,True,False,0,ShADadTfF,16,2251,17,1855,ssl,0
8941.808187,Cu2f8u1XI9gnGANei3,10.0.2.15,54815,178.79.171.103,443,TLSv12,TLS_ECDHE_RSA_WITH_AES_256_GCM_SHA384,,go.flx1.com,True,True,CsiI,,,,1a5fe5677b0e4fbbc854e8908225637d,364ff14b04ef93c3b4cfa429d729c0d9,,,8941.414793,10.0.2.15,54815,178.79.171.103,443,tcp,70.68014100000073,1592.0,1202.0,SF,True,False,0,ShADadTfF,16,2246,17,1886,ssl,0
8942.068926,CXI5NP3mwuYkaDTE6i,10.0.2.15,54818,185.33.220.39,443,TLSv12,TLS_ECDHE_RSA_WITH_AES_256_GCM_SHA384,secp256r1,secure.adnxs.com,False,True,CsxuknGIti,"['5b081650e8034418a37504ce0820892be5a66474578207711eb688243fe1a8f2', '074541ecdf88ed992ed5ade3ecddef27a26ba1b44480a195c0a8dadae2521d8e']",[],1.0,0ffee3ba8e615ad22535e7f771690a28,d53e4608f956df65bb2b8a8c4d3b025d,,,8941.811437,10.0.2.15,54818,185.33.220.39,443,tcp,11.520150000000283,2961.0,5753.0,SF,True,False,0,ShADadfF,12,3449,15,6357,ssl,0
8942.071982,CuFAe8UE6ZC2KWxRc,10.0.2.15,54816,185.33.220.39,443,TLSv12,TLS_ECDHE_RSA_WITH_AES_256_GCM_SHA384,secp256r1,secure.adnxs.com,False,True,CsxuknGIti,"['5b081650e8034418a37504ce0820892be5a66474578207711eb688243fe1a8f2', '074541ecdf88ed992ed5ade3ecddef27a26ba1b44480a195c0a8dadae2521d8e']",[],1.0,0ffee3ba8e615ad22535e7f771690a28,d53e4608f956df65bb2b8a8c4d3b025d,,,8941.810306,10.0.2.15,54816,185.33.220.39,443,tcp,5.833610000001499,350.0,4867.0,SF,True,False,0,ShADadFf,10,758,11,5311,ssl,0
8943.420151,CnyQCr4Qap9NnEf3Hi,10.0.2.15,54821,185.33.223.10,443,TLSv12,TLS_ECDHE_RSA_WITH_AES_256_GCM_SHA384,secp256r1,ib.adnxs.com,False,True,CsxuknGIti,"['5b081650e8034418a37504ce0820892be5a66474578207711eb688243fe1a8f2', '074541ecdf88ed992ed5ade3ecddef27a26ba1b44480a195c0a8dadae2521d8e']",[],1.0,0ffee3ba8e615ad22535e7f771690a28,d53e4608f956df65bb2b8a8c4d3b025d,,,8943.23477,10.0.2.15,54821,185.33.223.10,443,tcp,12.161145000000031,5665.0,6768.0,SF,True,False,0,ShADadfF,14,6233,16,7412,ssl,0
8943.427159,CByZyk225FerU1ulwd,10.0.2.15,54820,185.33.223.10,443,TLSv12,TLS_ECDHE_RSA_WITH_AES_256_GCM_SHA384,secp256r1,ib.adnxs.com,False,True,CsxuknGIti,"['5b081650e8034418a37504ce0820892be5a66474578207711eb688243fe1a8f2', '074541ecdf88ed992ed5ade3ecddef27a26ba1b44480a195c0a8dadae2521d8e']",[],1.0,0ffee3ba8e615ad22535e7f771690a28,d53e4608f956df65bb2b8a8c4d3b025d,,,8943.225807,10.0.2.15,54820,185.33.223.10,443,tcp,12.156562000000122,2990.0,5832.0,SF,True,False,0,ShADadTfF,13,3519,15,6436,ssl,0
8943.70534,CR88Yk2MIcvbcwDXei,10.0.2.15,54823,185.33.223.10,443,TLSv12,TLS_ECDHE_RSA_WITH_AES_256_GCM_SHA384,secp256r1,ib.adnxs.com,False,True,CsxuknGIti,"['5b081650e8034418a37504ce0820892be5a66474578207711eb688243fe1a8f2', '074541ecdf88ed992ed5ade3ecddef27a26ba1b44480a195c0a8dadae2521d8e']",[],1.0,0ffee3ba8e615ad22535e7f771690a28,d53e4608f956df65bb2b8a8c4d3b025d,,,8943.433304,10.0.2.15,54823,185.33.223.10,443,tcp,12.1046580000002,2991.0,5834.0,SF,True,False,0,ShADadFf,12,3479,14,6398,ssl,0
8943.711949,C3hXAw2q63XUZLJPRe,10.0.2.15,54822,185.33.223.10,443,TLSv12,TLS_ECDHE_RSA_WITH_AES_256_GCM_SHA384,secp256r1,ib.adnxs.com,False,True,CsxuknGIti,"['5b081650e8034418a37504ce0820892be5a66474578207711eb688243fe1a8f2', '074541ecdf88ed992ed5ade3ecddef27a26ba1b44480a195c0a8dadae2521d8e']",[],1.0,0ffee3ba8e615ad22535e7f771690a28,d53e4608f956df65bb2b8a8c4d3b025d,,,8943.432435,10.0.2.15,54822,185.33.223.10,443,tcp,6.233844999998837,346.0,4867.0,SF,True,False,0,ShADadFf,10,754,11,5311,ssl,0
8946.0772,CF46sC1YjcsRuqB4X1,10.0.2.15,54828,216.58.201.66,443,TLSv12,TLS_ECDHE_RSA_WITH_AES_128_GCM_SHA256,,cm.g.doubleclick.net,True,True,CsiI,,,,1a5fe5677b0e4fbbc854e8908225637d,67619a80665d7ab92d1041b1d11f9164,h2,,8945.862193,10.0.2.15,54828,216.58.201.66,443,tcp,128.351224,8016.0,6526.0,SF,True,False,0,ShADadFf,80,11224,95,10330,ssl,0
8942.065537,CueNrO3GiHl2v35DCa,10.0.2.15,54819,178.79.171.103,443,TLSv12,TLS_ECDHE_RSA_WITH_AES_256_GCM_SHA384,,go.flx1.com,True,False,Csi,,,,1a5fe5677b0e4fbbc854e8908225637d,364ff14b04ef93c3b4cfa429d729c0d9,,,8941.812238,10.0.2.15,54819,178.79.171.103,443,tcp,0.309558999999353,517.0,137.0,SF,True,False,0,ShADaFdfRr,6,765,6,381,ssl,0
8942.06986,Ca0S0w173HprngpIqg,10.0.2.15,54817,178.79.171.103,443,TLSv12,TLS_ECDHE_RSA_WITH_AES_256_GCM_SHA384,,go.flx1.com,True,False,Csi,,,,1a5fe5677b0e4fbbc854e8908225637d,364ff14b04ef93c3b4cfa429d729c0d9,,,8941.810984,10.0.2.15,54817,178.79.171.103,443,tcp,0.307792999999946,517.0,137.0,RSTO,True,False,0,ShADaFdR,5,725,4,301,ssl,0
8961.513289,CgMH1kDOQi2tVCPul,10.0.2.15,54832,192.0.66.2,443,TLSv12,TLS_ECDHE_RSA_WITH_AES_128_GCM_SHA256,secp256r1,thesun.co.uk,False,True,CsxknGIti,"['e101735b93e71f7fa5baa67b9ee82bd0e8c6b4cd022f1626cfb3b835652be5d0', '111006378afbe8e99bb02ba87390ca429fca2773f74d7f7eb5744f5ddf68014b', '4f32d5dc00f715250abcc486511e37f501a899deb3bf7ea8adbbd3aef1c412da']",[],1.0,0ffee3ba8e615ad22535e7f771690a28,b898351eb5e266aefd3723d466935494,h2,,8961.496736,10.0.2.15,54832,192.0.66.2,443,tcp,186.67702400000053,954.0,5761.0,SF,True,False,0,ShADadFf,21,1802,25,6765,ssl,0
8962.844336,CSf0Rg2QHeTeBrH2p3,10.0.2.15,54833,104.94.34.85,443,TLSv12,TLS_ECDHE_RSA_WITH_AES_256_GCM_SHA384,secp256r1,www.thesun.co.uk,False,True,CsxknGIti,"['0274d477b622bc0cfa04529eafa0564617a0ff2cb9429b499b457cac0e67d1ba', '074541ecdf88ed992ed5ade3ecddef27a26ba1b44480a195c0a8dadae2521d8e']",[],1.0,0ffee3ba8e615ad22535e7f771690a28,2b33c1374db4ddf06942f92373c0b54b,h2,,8962.792447,10.0.2.15,54833,104.94.34.85,443,tcp,186.87527299999965,32937.0,6258093.0,SF,True,False,0,ShADadWWttFfRr,1368,87665,4986,6477417,ssl,0
8962.84964,CYryrd14dTwwo2U0Yb,10.0.2.15,54834,104.94.34.85,443,TLSv12,TLS_ECDHE_RSA_WITH_AES_256_GCM_SHA384,secp256r1,www.thesun.co.uk,False,True,CsxknGIti,"['0274d477b622bc0cfa04529eafa0564617a0ff2cb9429b499b457cac0e67d1ba', '074541ecdf88ed992ed5ade3ecddef27a26ba1b44480a195c0a8dadae2521d8e']",[],1.0,0ffee3ba8e615ad22535e7f771690a28,2b33c1374db4ddf06942f92373c0b54b,h2,,8962.794958,10.0.2.15,54834,104.94.34.85,443,tcp,1.579721000000063,559.0,3986.0,SF,True,False,0,ShADadFfRr,14,1127,15,4590,ssl,0
8965.449162,ClF05J3wGoef12koHf,10.0.2.15,54839,216.58.201.98,443,TLSv12,TLS_ECDHE_RSA_WITH_AES_128_GCM_SHA256,x25519,www.googletagservices.com,False,True,CsxknGIti,"['a32ffddd76f9e7debbfc9a37b38d2ef86039b30a10d7c45ab8223d149cf99699', '9f630426df1d8abfd80ace98871ba833ab9742cb34838de2b5285ed54c0c7dcc', '3c35cc963eb004451323d3275d05b353235053490d9cd83729a2faf5e7ca1cc0']",[],1.0,0ffee3ba8e615ad22535e7f771690a28,ab41313cfec25328b20865eb1388e0a2,h2,,8965.147908,10.0.2.15,54839,216.58.201.98,443,tcp,6.233452999998917,506.0,4085.0,SF,True,False,0,ShADadFf,12,994,12,4569,ssl,0
8965.451713,CzQW6J2zBYhbSGlrxh,10.0.2.15,54842,23.74.27.178,443,TLSv12,TLS_ECDHE_RSA_WITH_AES_256_GCM_SHA384,secp256r1,video.unrulymedia.com,False,True,CsxknGIti,"['64b3d29a4ea6eed315eea342a3adb56c92feb22adf895d9e6163e7f95a4f368d', 'eae72eb454bf6c3977ebd289e970b2f5282949190093d0d26f98d0f0d6a9cf17', '8420dfbe376f414bf4c0a81e6936d24ccc03f304835b86c7a39142fca723a689']",[],1.0,0ffee3ba8e615ad22535e7f771690a28,2b33c1374db4ddf06942f92373c0b54b,http/1.1,,8965.354815,10.0.2.15,54842,23.74.27.178,443,tcp,283.01848999999856,7211.0,114860.0,SF,True,False,0,ShADadWTTFfRr,81,10481,149,120824,ssl,0
8965.450214,CVw9Hr1gAMP8upkT2f,10.0.2.15,54838,178.250.2.74,443,TLSv12,TLS_ECDHE_RSA_WITH_AES_256_GCM_SHA384,secp256r1,static.criteo.net,False,True,CsxknGIi,"['a53dd8cd1b9752c487c3339127e3f77ac7434d43b66db4a373f9df5da010c22f', 'eae72eb454bf6c3977ebd289e970b2f5282949190093d0d26f98d0f0d6a9cf17']",[],1.0,0ffee3ba8e615ad22535e7f771690a28,a9e3ed16ee3208291487c8d2aa2ad924,,,8965.121505,10.0.2.15,54838,178.250.2.74,443,tcp,19.90555300000051,383.0,3496.0,SF,True,False,0,ShADadFTf,11,832,11,3940,ssl,0
8965.453048,CmvcUy12vcfqSKDf3c,10.0.2.15,54840,54.192.95.240,443,TLSv12,TLS_ECDHE_RSA_WITH_AES_128_GCM_SHA256,,c.amazon-adsystem.com,True,True,CsiI,,,,1a5fe5677b0e4fbbc854e8908225637d,d199ba0af2b08e204c73d6d81a1fd260,http/1.1,,8965.340963,10.0.2.15,54840,54.192.95.240,443,tcp,7.671082999999271,599.0,156.0,SF,True,False,0,ShADadFf,8,927,7,440,ssl,0
8966.610596,COSr1x4uzU83ozpSr1,10.0.2.15,54841,52.85.185.34,443,TLSv12,TLS_ECDHE_RSA_WITH_AES_128_GCM_SHA256,,cdn.livefyre.com,True,True,CsiI,,,,1a5fe5677b0e4fbbc854e8908225637d,d199ba0af2b08e204c73d6d81a1fd260,http/1.1,,8965.348963,10.0.2.15,54841,52.85.185.34,443,tcp,181.70913800000017,1676.0,21387.0,SF,True,False,0,ShADadTTFf,34,3060,45,23191,ssl,0
8967.173117,Co1YVqCSPfGPjimz3,10.0.2.15,54843,52.85.185.34,443,TLSv12,TLS_ECDHE_RSA_WITH_AES_128_GCM_SHA256,,cdn.livefyre.com,True,True,CsiI,,,,1a5fe5677b0e4fbbc854e8908225637d,d199ba0af2b08e204c73d6d81a1fd260,http/1.1,,8966.716939,10.0.2.15,54843,52.85.185.34,443,tcp,6.300608999999895,599.0,156.0,SF,True,False,0,ShADadFf,8,927,7,440,ssl,0
8967.198574,CWqZ3s1Jw6qx1TDtJc,10.0.2.15,54847,52.85.185.34,443,TLSv12,TLS_ECDHE_RSA_WITH_AES_128_GCM_SHA256,,cdn.livefyre.com,True,True,CsiI,,,,1a5fe5677b0e4fbbc854e8908225637d,d199ba0af2b08e204c73d6d81a1fd260,http/1.1,,8966.855541,10.0.2.15,54847,52.85.185.34,443,tcp,6.160045999999056,599.0,156.0,SF,True,False,0,ShADadFf,8,927,7,440,ssl,0
8967.197835,CfsTRgXGRhVghdxIi,10.0.2.15,54848,52.218.16.91,443,TLSv12,TLS_ECDHE_RSA_WITH_AES_128_GCM_SHA256,secp256r1,prod-sunbets-widgets.s3-eu-west-1.amazonaws.com,False,True,CsxknGIi,"['be2a4ca366ffc3e74868c80ca817a87c54f7d229316531a1c10e6d26215460c4', 'f9690880819f06cdcc0b2f224b207f2af6003fb57339b8679a160fa95208d62d']",[],1.0,0ffee3ba8e615ad22535e7f771690a28,ea615e28cb25adfb2f261151eab3314f,,,8966.856152,10.0.2.15,54848,52.218.16.91,443,tcp,12.256798999998864,712.0,95580.0,SF,True,False,0,ShADadFf,32,2000,94,99344,ssl,0
8969.658679,CWKnI43LTKkRuYmd4g,10.0.2.15,54852,52.218.16.91,443,TLSv12,TLS_ECDHE_RSA_WITH_AES_128_GCM_SHA256,secp256r1,prod-sunbets-widgets.s3-eu-west-1.amazonaws.com,False,True,CsxknGIi,"['be2a4ca366ffc3e74868c80ca817a87c54f7d229316531a1c10e6d26215460c4', 'f9690880819f06cdcc0b2f224b207f2af6003fb57339b8679a160fa95208d62d']",[],1.0,0ffee3ba8e615ad22535e7f771690a28,ea615e28cb25adfb2f261151eab3314f,,,8967.20215,10.0.2.15,54852,52.218.16.91,443,tcp,8.144445000001724,381.0,3229.0,RSTO,True,False,0,ShADadFR,10,789,11,3673,ssl,0
8973.273613,C84bircp4iNUJHwTd,10.0.2.15,54854,172.217.23.226,443,TLSv12,TLS_ECDHE_RSA_WITH_AES_128_GCM_SHA256,x25519,securepubads.g.doubleclick.net,False,True,CsxknGIti,"['a32ffddd76f9e7debbfc9a37b38d2ef86039b30a10d7c45ab8223d149cf99699', '9f630426df1d8abfd80ace98871ba833ab9742cb34838de2b5285ed54c0c7dcc', '3c35cc963eb004451323d3275d05b353235053490d9cd83729a2faf5e7ca1cc0']",[],1.0,0ffee3ba8e615ad22535e7f771690a28,ab41313cfec25328b20865eb1388e0a2,h2,,8971.370565,10.0.2.15,54854,172.217.23.226,443,tcp,461.4192510000012,22713.0,154408.0,SF,True,False,0,ShADadFf,121,27561,221,163252,ssl,0
8973.275144,CYqjsn1xj8KeE0lcTb,10.0.2.15,54855,68.232.35.180,443,TLSv12,TLS_ECDHE_RSA_WITH_AES_128_GCM_SHA256,secp256r1,tags.tiqcdn.com,False,True,CsxuknGIti,"['e9833ec9415ec4381e97b13a6a575b5ebe604ba96ebe8484d5edd67608a492ca', '19400be5b7a31fb733917700789d2f0a2471c0c9d506c0e504c06c16d7cb17c0', '7431e5f4c3c1ce4690774f0b61e05440883ba9a01ed00ba6abd7806ed3b118cf']",[],1.0,0ffee3ba8e615ad22535e7f771690a28,49b45fc1ab090aa3a159778313fc9b9e,h2,,8971.371723,10.0.2.15,54855,68.232.35.180,443,tcp,193.64027799999891,1893.0,65855.0,SF,True,False,0,ShADadfF,44,3661,84,69219,ssl,0
8973.278007,CIl2Z94LZQagckwSf1,10.0.2.15,54853,89.145.95.51,443,TLSv12,TLS_ECDHE_RSA_WITH_AES_128_GCM_SHA256,secp256r1,newscorp.grapeshot.co.uk,False,True,CsxknGIi,"['c6810593511f473d3d1068f910ebb6de0df82fed730b092658b32e84c7b7484b', 'ee793643199474ed60efdc8ccde4d37445921683593aa751bbf8ee491a391e97']",[],1.0,0ffee3ba8e615ad22535e7f771690a28,699a80bdb17efe157c861f92c5bf5d1d,,,8971.37005,10.0.2.15,54853,89.145.95.51,443,tcp,17.96228499999961,684.0,3806.0,SF,True,False,0,ShADadfF,11,1132,12,4290,ssl,0
8973.313423,CSidHG3ZvkRikhCiNe,10.0.2.15,54856,216.137.61.209,443,TLSv12,TLS_ECDHE_RSA_WITH_AES_128_GCM_SHA256,secp256r1,d1z2jf7jlzjs58.cloudfront.net,False,True,CsxuknGIti,"['90c0937808b31877df6c4a5c743c99325d974624be3735faa5078cf73d4fd205', 'eae72eb454bf6c3977ebd289e970b2f5282949190093d0d26f98d0f0d6a9cf17']",[],1.0,0ffee3ba8e615ad22535e7f771690a28,76cc3e2d3028143b23ec18e27dbd7ca9,http/1.1,,8971.37269,10.0.2.15,54856,216.137.61.209,443,tcp,310.2472259999995,1827.0,6907.0,SF,True,False,0,ShADadTTFf,45,3663,47,8791,ssl,0
8973.306524,CDEh1s4krqmCagxFK2,10.0.2.15,54858,89.145.95.51,443,TLSv12,TLS_ECDHE_RSA_WITH_AES_128_GCM_SHA256,secp256r1,newscorp.grapeshot.co.uk,False,True,CsxknGIi,"['c6810593511f473d3d1068f910ebb6de0df82fed730b092658b32e84c7b7484b', 'ee793643199474ed60efdc8ccde4d37445921683593aa751bbf8ee491a391e97']",[],1.0,0ffee3ba8e615ad22535e7f771690a28,699a80bdb17efe157c861f92c5bf5d1d,,,8971.384245,10.0.2.15,54858,89.145.95.51,443,tcp,8.132136000000173,358.0,3419.0,SF,True,False,0,ShADadFfRr,11,806,12,3903,ssl,0
8973.311932,CAMnLpC1OJZao4B1j,10.0.2.15,54857,52.94.216.48,443,TLSv12,TLS_ECDHE_RSA_WITH_AES_128_GCM_SHA256,secp256r1,aax.amazon-adsystem.com,False,True,CsxuknGIi,"['0b4e7df09d4f64b59af32ee16a71ad7d8947ded5f2a2bd4acfcc9f187fdf36c9', 'eae72eb454bf6c3977ebd289e970b2f5282949190093d0d26f98d0f0d6a9cf17']",[],1.0,0ffee3ba8e615ad22535e7f771690a28,2b1f517a72b7346c86d59ef328167d49,,,8971.377838,10.0.2.15,54857,52.94.216.48,443,tcp,175.6619659999997,1657.0,5769.0,SF,True,False,0,ShADadTTfF,29,2840,33,7093,ssl,0
8974.787483,CSXvgw1967FgK3bW7l,10.0.2.15,54867,185.33.222.60,443,TLSv12,TLS_ECDHE_RSA_WITH_AES_256_GCM_SHA384,secp256r1,secure.adnxs.com,False,True,CsxuknGIti,"['5b081650e8034418a37504ce0820892be5a66474578207711eb688243fe1a8f2', '074541ecdf88ed992ed5ade3ecddef27a26ba1b44480a195c0a8dadae2521d8e']",[],1.0,0ffee3ba8e615ad22535e7f771690a28,d53e4608f956df65bb2b8a8c4d3b025d,,,8972.805461,10.0.2.15,54867,185.33.222.60,443,tcp,14.199028999999427,3091.0,9458.0,SF,True,False,0,ShADadfF,12,3579,17,10142,ssl,0
8974.78934,CvuCx13ExFi1YgCjr3,10.0.2.15,54866,185.33.222.60,443,TLSv12,TLS_ECDHE_RSA_WITH_AES_256_GCM_SHA384,secp256r1,secure.adnxs.com,False,True,CsxuknGIti,"['5b081650e8034418a37504ce0820892be5a66474578207711eb688243fe1a8f2', '074541ecdf88ed992ed5ade3ecddef27a26ba1b44480a195c0a8dadae2521d8e']",[],1.0,0ffee3ba8e615ad22535e7f771690a28,d53e4608f956df65bb2b8a8c4d3b025d,,,8972.804792,10.0.2.15,54866,185.33.222.60,443,tcp,14.19148199999836,3089.0,9465.0,SF,True,False,0,ShADadfF,12,3577,17,10149,ssl,0
8974.797307,CQpo7IRiHYFYsSVh,10.0.2.15,54865,185.33.222.60,443,TLSv12,TLS_ECDHE_RSA_WITH_AES_256_GCM_SHA384,secp256r1,secure.adnxs.com,False,True,CsxuknGIti,"['5b081650e8034418a37504ce0820892be5a66474578207711eb688243fe1a8f2', '074541ecdf88ed992ed5ade3ecddef27a26ba1b44480a195c0a8dadae2521d8e']",[],1.0,0ffee3ba8e615ad22535e7f771690a28,d53e4608f956df65bb2b8a8c4d3b025d,,,8972.803951,10.0.2.15,54865,185.33.222.60,443,tcp,14.187839000000167,3089.0,9457.0,SF,True,False,0,ShADadfF,12,3577,18,10181,ssl,0
8974.802059,CU7VrZ3p1tRxqtA1q9,10.0.2.15,54864,185.33.222.60,443,TLSv12,TLS_ECDHE_RSA_WITH_AES_256_GCM_SHA384,secp256r1,secure.adnxs.com,False,True,CsxuknGIti,"['5b081650e8034418a37504ce0820892be5a66474578207711eb688243fe1a8f2', '074541ecdf88ed992ed5ade3ecddef27a26ba1b44480a195c0a8dadae2521d8e']",[],1.0,0ffee3ba8e615ad22535e7f771690a28,d53e4608f956df65bb2b8a8c4d3b025d,,,8972.803426,10.0.2.15,54864,185.33.222.60,443,tcp,14.19099599999936,3116.0,9462.0,SF,True,False,0,ShADadfF,12,3604,18,10186,ssl,0
8974.804716,CD9zsF1JyJ1njeIHNi,10.0.2.15,54863,62.67.193.61,443,TLSv12,TLS_RSA_WITH_AES_256_CBC_SHA,,fastlane.rubiconproject.com,False,True,CsxnGIi,"['323de379ee34a94e415f63b56183d0d5d0e5a863f4ac89f97dc40ae81cc021c8', '154c433c491929c5ef686e838e323664a00e6a0d822ccc958fb4dab03e49a08f']",[],1.0,0ffee3ba8e615ad22535e7f771690a28,0a917d753018dad73d9899ace370f8d8,,,8972.802336,10.0.2.15,54863,62.67.193.61,443,tcp,21.63590699999986,5692.0,9321.0,SF,True,False,0,ShADadTFf,16,6341,19,10085,ssl,0
8974.810834,CdVHzG46CWTJtU9a7f,10.0.2.15,54862,62.67.193.61,443,TLSv12,TLS_RSA_WITH_AES_256_CBC_SHA,,fastlane.rubiconproject.com,False,True,CsxnGIi,"['323de379ee34a94e415f63b56183d0d5d0e5a863f4ac89f97dc40ae81cc021c8', '154c433c491929c5ef686e838e323664a00e6a0d822ccc958fb4dab03e49a08f']",[],1.0,0ffee3ba8e615ad22535e7f771690a28,0a917d753018dad73d9899ace370f8d8,,,8972.796826,10.0.2.15,54862,62.67.193.61,443,tcp,21.63152799999989,5692.0,9577.0,SF,True,False,0,ShADadTFf,17,6381,19,10341,ssl,0
8974.812527,CAvGm4Fh6xdbvVROk,10.0.2.15,54861,62.67.193.61,443,TLSv12,TLS_RSA_WITH_AES_256_CBC_SHA,,fastlane.rubiconproject.com,False,True,CsxnGIi,"['323de379ee34a94e415f63b56183d0d5d0e5a863f4ac89f97dc40ae81cc021c8', '154c433c491929c5ef686e838e323664a00e6a0d822ccc958fb4dab03e49a08f']",[],1.0,0ffee3ba8e615ad22535e7f771690a28,0a917d753018dad73d9899ace370f8d8,,,8972.796292,10.0.2.15,54861,62.67.193.61,443,tcp,21.65819799999917,5692.0,9289.0,SF,True,False,0,ShADadTFf,18,6421,21,10133,ssl,0
8974.817834,CsTN9V3R1JVAlKul81,10.0.2.15,54860,62.67.193.61,443,TLSv12,TLS_RSA_WITH_AES_256_CBC_SHA,,fastlane.rubiconproject.com,False,True,CsxnGIi,"['323de379ee34a94e415f63b56183d0d5d0e5a863f4ac89f97dc40ae81cc021c8', '154c433c491929c5ef686e838e323664a00e6a0d822ccc958fb4dab03e49a08f']",[],1.0,0ffee3ba8e615ad22535e7f771690a28,0a917d753018dad73d9899ace370f8d8,,,8972.792835,10.0.2.15,54860,62.67.193.61,443,tcp,21.652176999999934,5708.0,8745.0,SF,True,False,0,ShADadTFf,16,6357,20,9549,ssl,0
8974.917945,CsVMgx3UIMXPmNynZ8,10.0.2.15,54869,95.101.245.177,443,TLSv12,TLS_ECDHE_RSA_WITH_AES_256_GCM_SHA384,secp256r1,as-sec.casalemedia.com,False,True,CsxknGIti,"['089b510ac565aa1b2f05236cba3421cb755641c1bd4eeb25a856954a4c1d7cfb', '074541ecdf88ed992ed5ade3ecddef27a26ba1b44480a195c0a8dadae2521d8e']",[],1.0,0ffee3ba8e615ad22535e7f771690a28,2b33c1374db4ddf06942f92373c0b54b,http/1.1,,8973.31861,10.0.2.15,54869,95.101.245.177,443,tcp,306.42413899999883,15434.0,67265.0,SF,True,False,0,ShADadTTFf,66,18109,107,71549,ssl,0
8974.920765,CrXeMH1LoNAqdNGTUa,10.0.2.15,54868,95.101.241.120,443,TLSv12,TLS_ECDHE_RSA_WITH_AES_256_GCM_SHA384,secp256r1,ads.pubmatic.com,False,True,CsxknGIti,"['d464b8ef5b3f58be694a4a3ec8e52a16de178bc251a34230d731ec125fd0363c', 'eae72eb454bf6c3977ebd289e970b2f5282949190093d0d26f98d0f0d6a9cf17', '8420dfbe376f414bf4c0a81e6936d24ccc03f304835b86c7a39142fca723a689']",[],1.0,0ffee3ba8e615ad22535e7f771690a28,2b33c1374db4ddf06942f92373c0b54b,http/1.1,,8973.318071,10.0.2.15,54868,95.101.241.120,443,tcp,124.37521600000036,4715.0,10228.0,SF,True,False,0,ShADadTTFfRr,27,5814,32,11512,ssl,0
8974.822818,Csi632ocVNfjzSuij,10.0.2.15,54859,178.250.0.100,443,TLSv12,TLS_RSA_WITH_AES_128_CBC_SHA,,rtax.criteo.com,False,True,CsxnGIi,"['b0337c4f8b2eca88eca4de5aad8cba6d249c58c7a69f2d4b680e5adae991d2ac', 'eae72eb454bf6c3977ebd289e970b2f5282949190093d0d26f98d0f0d6a9cf17', '8420dfbe376f414bf4c0a81e6936d24ccc03f304835b86c7a39142fca723a689']",[],1.0,0ffee3ba8e615ad22535e7f771690a28,5dcc087b1a1d0a5b0658981a7e8b2c3c,,,8972.791631,10.0.2.15,54859,178.250.0.100,443,tcp,17.81663099999969,3536.0,7167.0,SF,True,False,0,ShADadTfF,16,4185,18,7891,ssl,0
8975.060628,CLK88034L4yzo69v3b,10.0.2.15,54871,34.253.13.61,443,TLSv12,TLS_RSA_WITH_AES_128_CBC_SHA,,stats3.unrulymedia.com,False,True,CsxnGIti,"['e571c1b63efd2ad8e30551275b2763465c7e99efdeea2370694189949d21cc5c', '154c433c491929c5ef686e838e323664a00e6a0d822ccc958fb4dab03e49a08f']",[],1.0,0ffee3ba8e615ad22535e7f771690a28,7224c92f21d262b619e105efd1055cf7,,,8973.319664,10.0.2.15,54871,34.253.13.61,443,tcp,298.4162749999996,9348.0,8845.0,SF,True,False,0,ShADadTTfF,55,11581,56,11089,ssl,0
8977.371574,CLoO0K3tlwWP8YfiWh,10.0.2.15,54877,185.33.222.60,443,TLSv12,TLS_ECDHE_RSA_WITH_AES_256_GCM_SHA384,,secure.adnxs.com,True,True,CsiI,,,,1a5fe5677b0e4fbbc854e8908225637d,266bd998df907f9d5064d7f4c208b200,,,8974.856043,10.0.2.15,54877,185.33.222.60,443,tcp,9.927580999999918,599.0,141.0,SF,True,False,0,ShADadFf,8,927,7,425,ssl,0
8977.367032,Cw7Z1J1aUnT5WKonX,10.0.2.15,54880,185.33.222.60,443,TLSv12,TLS_ECDHE_RSA_WITH_AES_256_GCM_SHA384,,secure.adnxs.com,True,True,CsiI,,,,1a5fe5677b0e4fbbc854e8908225637d,266bd998df907f9d5064d7f4c208b200,,,8974.867553,10.0.2.15,54880,185.33.222.60,443,tcp,9.903652999999396,599.0,141.0,SF,True,False,0,ShADadFf,8,927,7,425,ssl,0
8977.370126,C0A3eUNCEHxJQgof,10.0.2.15,54879,185.33.222.60,443,TLSv12,TLS_ECDHE_RSA_WITH_AES_256_GCM_SHA384,,secure.adnxs.com,True,True,CsiI,,,,1a5fe5677b0e4fbbc854e8908225637d,266bd998df907f9d5064d7f4c208b200,,,8974.861814,10.0.2.15,54879,185.33.222.60,443,tcp,9.918589000000791,599.0,141.0,SF,True,False,0,ShADadFf,8,927,7,425,ssl,0
8977.37094,CEwSmD4pdknarmoFga,10.0.2.15,54878,185.33.222.60,443,TLSv12,TLS_ECDHE_RSA_WITH_AES_256_GCM_SHA384,,secure.adnxs.com,True,True,CsiI,,,,1a5fe5677b0e4fbbc854e8908225637d,266bd998df907f9d5064d7f4c208b200,,,8974.857863,10.0.2.15,54878,185.33.222.60,443,tcp,9.916853000000629,599.0,141.0,SF,True,False,0,ShADadFf,8,927,7,425,ssl,0
8977.372405,CIvG9L1lygvXsqNGAj,10.0.2.15,54876,62.67.193.61,443,TLSv12,TLS_RSA_WITH_AES_256_CBC_SHA,,fastlane.rubiconproject.com,False,True,CsxnGIi,"['323de379ee34a94e415f63b56183d0d5d0e5a863f4ac89f97dc40ae81cc021c8', '154c433c491929c5ef686e838e323664a00e6a0d822ccc958fb4dab03e49a08f']",[],1.0,0ffee3ba8e615ad22535e7f771690a28,0a917d753018dad73d9899ace370f8d8,,,8974.840863,10.0.2.15,54876,62.67.193.61,443,tcp,9.017288000000915,631.0,2719.0,SF,True,False,0,ShADadFf,9,999,9,3083,ssl,0
8977.346074,CEsvKk2StwCQIycqmc,10.0.2.15,54875,62.67.193.61,443,TLSv12,TLS_RSA_WITH_AES_256_CBC_SHA,,fastlane.rubiconproject.com,False,True,CsxnGIi,"['323de379ee34a94e415f63b56183d0d5d0e5a863f4ac89f97dc40ae81cc021c8', '154c433c491929c5ef686e838e323664a00e6a0d822ccc958fb4dab03e49a08f']",[],1.0,0ffee3ba8e615ad22535e7f771690a28,0a917d753018dad73d9899ace370f8d8,,,8974.840228,10.0.2.15,54875,62.67.193.61,443,tcp,8.188073000001168,631.0,2719.0,SF,True,False,0,ShADadFf,9,999,9,3083,ssl,0
8977.348091,CZnvVZdIq6es5jP21,10.0.2.15,54874,62.67.193.61,443,TLSv12,TLS_RSA_WITH_AES_256_CBC_SHA,,fastlane.rubiconproject.com,False,True,CsxnGIi,"['323de379ee34a94e415f63b56183d0d5d0e5a863f4ac89f97dc40ae81cc021c8', '154c433c491929c5ef686e838e323664a00e6a0d822ccc958fb4dab03e49a08f']",[],1.0,0ffee3ba8e615ad22535e7f771690a28,0a917d753018dad73d9899ace370f8d8,,,8974.835848,10.0.2.15,54874,62.67.193.61,443,tcp,8.686416999998983,631.0,2719.0,SF,True,False,0,ShADadFf,9,999,9,3083,ssl,0
8977.355525,Csh75rnHiiG4lrrQ5,10.0.2.15,54873,62.67.193.61,443,TLSv12,TLS_RSA_WITH_AES_256_CBC_SHA,,fastlane.rubiconproject.com,False,True,CsxnGIi,"['323de379ee34a94e415f63b56183d0d5d0e5a863f4ac89f97dc40ae81cc021c8', '154c433c491929c5ef686e838e323664a00e6a0d822ccc958fb4dab03e49a08f']",[],1.0,0ffee3ba8e615ad22535e7f771690a28,0a917d753018dad73d9899ace370f8d8,,,8974.8345,10.0.2.15,54873,62.67.193.61,443,tcp,9.147624999999609,631.0,2719.0,SF,True,False,0,ShADadFf,9,999,9,3083,ssl,0
8977.364691,C79bME4myYHygCk4Oe,10.0.2.15,54872,178.250.0.100,443,TLSv12,TLS_RSA_WITH_AES_128_CBC_SHA,,rtax.criteo.com,False,True,CsxnGIi,"['b0337c4f8b2eca88eca4de5aad8cba6d249c58c7a69f2d4b680e5adae991d2ac', 'eae72eb454bf6c3977ebd289e970b2f5282949190093d0d26f98d0f0d6a9cf17', '8420dfbe376f414bf4c0a81e6936d24ccc03f304835b86c7a39142fca723a689']",[],1.0,0ffee3ba8e615ad22535e7f771690a28,5dcc087b1a1d0a5b0658981a7e8b2c3c,,,8974.833939,10.0.2.15,54872,178.250.0.100,443,tcp,9.937292999999045,587.0,4026.0,SF,True,False,0,ShADadFf,10,995,10,4430,ssl,0
8979.785842,CDsh0Cqq3V7dNoDFj,10.0.2.15,54890,54.192.93.38,443,TLSv12,TLS_ECDHE_RSA_WITH_AES_128_GCM_SHA256,secp256r1,cloud-video.unrulymedia.com,False,True,CsxuknGIti,"['e571c1b63efd2ad8e30551275b2763465c7e99efdeea2370694189949d21cc5c', '154c433c491929c5ef686e838e323664a00e6a0d822ccc958fb4dab03e49a08f']",[],1.0,0ffee3ba8e615ad22535e7f771690a28,76cc3e2d3028143b23ec18e27dbd7ca9,http/1.1,,8979.498852,10.0.2.15,54890,54.192.93.38,443,tcp,264.6807829999998,1811.0,7907.0,SF,True,False,0,ShADadTTFf,41,3483,43,9631,ssl,0
8979.788955,C5sIio4O5KwruMF74f,10.0.2.15,54888,54.192.93.38,443,TLSv12,TLS_ECDHE_RSA_WITH_AES_128_GCM_SHA256,secp256r1,cloud-video.unrulymedia.com,False,True,CsxuknGIti,"['e571c1b63efd2ad8e30551275b2763465c7e99efdeea2370694189949d21cc5c', '154c433c491929c5ef686e838e323664a00e6a0d822ccc958fb4dab03e49a08f']",[],1.0,0ffee3ba8e615ad22535e7f771690a28,76cc3e2d3028143b23ec18e27dbd7ca9,http/1.1,,8979.495077,10.0.2.15,54888,54.192.93.38,443,tcp,14.93689699999959,361.0,3690.0,SF,True,False,0,ShADadTFf,11,810,12,4174,ssl,0
8980.274038,CkVnQs3csav3wNj527,10.0.2.15,54892,52.45.225.183,443,TLSv12,TLS_ECDHE_RSA_WITH_AES_128_GCM_SHA256,secp256r1,srv-2017-05-02-01.config.parsely.com,False,True,CsxknGIi,"['a7b7f2a8c98b22a0653289704912d08573231516a034573fb4e13d080bc231e4', '02ab57e4e67a0cb48dd2ff34830e8ac40f4476fb08ca6be3f5cd846f646840f0', '4f32d5dc00f715250abcc486511e37f501a899deb3bf7ea8adbbd3aef1c412da']",[],1.0,0ffee3ba8e615ad22535e7f771690a28,303951d4c50efb2e991652225a6f02b1,,,8979.530688,10.0.2.15,54892,52.45.225.183,443,tcp,64.53733999999895,769.0,5701.0,SF,True,False,0,ShADadTFf,16,1422,18,6425,ssl,0
8985.178745,CBjajm1kWngfsVcVL4,10.0.2.15,54897,95.101.241.152,443,TLSv12,TLS_ECDHE_ECDSA_WITH_AES_256_GCM_SHA384,secp256r1,api-ak.wunderground.com,False,True,CsxuknGIti,"['0dda08f461db92489b256b9e97123bd25e7c67b448c79369e844b2c9c4e7e309', '2e2861289b5ccedecae4c31bf262e0fb0c29b6c1530573442731ca65d821e901']",[],1.0,0ffee3ba8e615ad22535e7f771690a28,2cba4988cee12fb77485df2186d14685,h2,,8984.791968,10.0.2.15,54897,95.101.241.152,443,tcp,185.99999000000025,1006.0,9285.0,SF,True,False,0,ShADadFfRr,23,1934,29,10449,ssl,0
8985.190836,Cw9fyYOQYlKWZvsOg,10.0.2.15,54905,192.0.77.2,443,TLSv12,TLS_ECDHE_RSA_WITH_AES_128_GCM_SHA256,secp256r1,i1.wp.com,False,True,CsxuknGIti,"['100d19010050ffe81865a1cae3b70fe455286cf162042ac5bf146d2a7491e24f', '973a41276ffd01e027a2aad49e34c37846d3e976ff6a620b6712e33832041aa6', '3a2fbe92891e57fe05d57087f48e730f17e5a5f53ef403d618e5b74d7a7e6ecb']",[],1.0,0ffee3ba8e615ad22535e7f771690a28,76cc3e2d3028143b23ec18e27dbd7ca9,h2,,8984.826832,10.0.2.15,54905,192.0.77.2,443,tcp,312.6241769999997,2062.0,105727.0,SF,True,False,0,ShADadFf,58,4390,111,110171,ssl,0
8985.19274,ChMsBf13apYiUyD4T4,10.0.2.15,54902,198.47.127.21,443,TLSv12,TLS_RSA_WITH_3DES_EDE_CBC_SHA,,gads.pubmatic.com,False,True,CsxnGIi,"['cff54ceae5bc84cde0613894d40cbecfeede547bfdef6b9458b626c348f09d84', '111006378afbe8e99bb02ba87390ca429fca2773f74d7f7eb5744f5ddf68014b', '4f32d5dc00f715250abcc486511e37f501a899deb3bf7ea8adbbd3aef1c412da']",[],1.0,0ffee3ba8e615ad22535e7f771690a28,ccf031939aa8979b73a604c356f7fd68,,,8984.807194,10.0.2.15,54902,198.47.127.21,443,tcp,12.495504999998955,5197.0,14131.0,SF,True,False,0,ShADadfF,17,5885,24,15095,ssl,0
8985.195431,C43sIA1I3mYCXvmID1,10.0.2.15,54901,95.101.241.152,443,TLSv12,TLS_ECDHE_ECDSA_WITH_AES_256_GCM_SHA384,secp256r1,api-ak.wunderground.com,False,True,CsxuknGIti,"['0dda08f461db92489b256b9e97123bd25e7c67b448c79369e844b2c9c4e7e309', '2e2861289b5ccedecae4c31bf262e0fb0c29b6c1530573442731ca65d821e901']",[],1.0,0ffee3ba8e615ad22535e7f771690a28,2cba4988cee12fb77485df2186d14685,h2,,8984.806677,10.0.2.15,54901,95.101.241.152,443,tcp,5.102828999999474,566.0,4192.0,SF,True,False,0,ShADadFfRr,14,1134,16,4836,ssl,0
8985.200379,CJH0BUQ7BFKRVB7Fa,10.0.2.15,54900,198.47.127.21,443,TLSv12,TLS_RSA_WITH_3DES_EDE_CBC_SHA,,gads.pubmatic.com,False,True,CsxnGIi,"['cff54ceae5bc84cde0613894d40cbecfeede547bfdef6b9458b626c348f09d84', '111006378afbe8e99bb02ba87390ca429fca2773f74d7f7eb5744f5ddf68014b', '4f32d5dc00f715250abcc486511e37f501a899deb3bf7ea8adbbd3aef1c412da']",[],1.0,0ffee3ba8e615ad22535e7f771690a28,ccf031939aa8979b73a604c356f7fd68,,,8984.800947,10.0.2.15,54900,198.47.127.21,443,tcp,11.879447999999684,557.0,4567.0,SF,True,False,0,ShADadTFf,11,1006,12,5051,ssl,0
8985.20412,CCnbEW2YYPFozSPNch,10.0.2.15,54899,54.231.142.48,443,TLSv12,TLS_ECDHE_RSA_WITH_AES_128_GCM_SHA256,secp256r1,prod-betsense-sunbets.s3-eu-west-1.amazonaws.com,False,True,CsxknGIi,"['be2a4ca366ffc3e74868c80ca817a87c54f7d229316531a1c10e6d26215460c4', 'f9690880819f06cdcc0b2f224b207f2af6003fb57339b8679a160fa95208d62d']",[],1.0,0ffee3ba8e615ad22535e7f771690a28,ea615e28cb25adfb2f261151eab3314f,,,8984.797089,10.0.2.15,54899,54.231.142.48,443,tcp,12.19880700000067,721.0,4043.0,SF,True,False,0,ShADadFf,12,1209,14,4607,ssl,0
8985.909684,CA7zXx2Wn7aINtXym9,10.0.2.15,54903,54.231.142.48,443,TLSv12,TLS_ECDHE_RSA_WITH_AES_128_GCM_SHA256,secp256r1,prod-betsense-sunbets.s3-eu-west-1.amazonaws.com,False,True,CsxknGIi,"['be2a4ca366ffc3e74868c80ca817a87c54f7d229316531a1c10e6d26215460c4', 'f9690880819f06cdcc0b2f224b207f2af6003fb57339b8679a160fa95208d62d']",[],1.0,0ffee3ba8e615ad22535e7f771690a28,ea615e28cb25adfb2f261151eab3314f,,,8984.807631,10.0.2.15,54903,54.231.142.48,443,tcp,13.786078999999518,382.0,3229.0,RSTO,True,False,0,ShADadTFR,11,831,11,3673,ssl,0
8985.905692,CXrppjoAbCOrLEqS7,10.0.2.15,54904,34.207.48.84,443,TLSv12,TLS_ECDHE_RSA_WITH_AES_128_GCM_SHA256,secp256r1,thesun.bootstrap.fyre.co,False,True,CsxknGIi,"['3c253c19bbede3c426a9c94ba6c818d08332ab500358396cf262f557c0e5fc91', '154c433c491929c5ef686e838e323664a00e6a0d822ccc958fb4dab03e49a08f']",[],1.0,0ffee3ba8e615ad22535e7f771690a28,303951d4c50efb2e991652225a6f02b1,,,8984.810811,10.0.2.15,54904,34.207.48.84,443,tcp,161.05011700000068,4386.0,6589.0,SF,True,False,0,ShADadTTFf,30,5608,32,7873,ssl,0
8986.086694,COLsc32zIsBrqKGL5,10.0.2.15,54915,54.217.117.189,443,TLSv12,TLS_RSA_WITH_AES_128_CBC_SHA,,targeting.unrulymedia.com,False,True,CsxnGIi,"['e571c1b63efd2ad8e30551275b2763465c7e99efdeea2370694189949d21cc5c', '154c433c491929c5ef686e838e323664a00e6a0d822ccc958fb4dab03e49a08f']",[],1.0,0ffee3ba8e615ad22535e7f771690a28,573a9f3f80037fb40d481e2054def5bb,,,8984.879209,10.0.2.15,54915,54.217.117.189,443,tcp,14.75154399999883,1157.0,2725.0,SF,True,False,0,ShADadfF,9,1525,10,3129,ssl,0
8986.104628,CXiqWD3iacNcb3ejBj,10.0.2.15,54910,130.211.5.124,443,TLSv12,TLS_ECDHE_RSA_WITH_AES_128_GCM_SHA256,x25519,q1mediahydraplatform.com,False,True,CsxknGIti,"['3269d948fceb78e55dfea14a6cf9353e1d9366a963e60b56b0576253f2bd3e10', '3f3af9c9cc2c7599ef8f6dd7ca516cfc1797d7d12002254f3bfd0d4d0fe9de86']",[],1.0,0ffee3ba8e615ad22535e7f771690a28,ab41313cfec25328b20865eb1388e0a2,h2,,8984.858912,10.0.2.15,54910,130.211.5.124,443,tcp,251.58493199999972,1172.0,24638.0,SF,True,False,0,ShADadTfF,32,2461,46,26482,ssl,0
8986.083376,CEbAcX3fDIeXN3PUXi,10.0.2.15,54898,34.207.48.84,443,TLSv12,TLS_ECDHE_RSA_WITH_AES_128_GCM_SHA256,secp256r1,thesun.bootstrap.fyre.co,False,True,CsxknGIi,"['3c253c19bbede3c426a9c94ba6c818d08332ab500358396cf262f557c0e5fc91', '154c433c491929c5ef686e838e323664a00e6a0d822ccc958fb4dab03e49a08f']",[],1.0,0ffee3ba8e615ad22535e7f771690a28,303951d4c50efb2e991652225a6f02b1,,,8984.794178,10.0.2.15,54898,34.207.48.84,443,tcp,20.92585599999984,358.0,3286.0,SF,True,False,0,ShADadTFfRr,12,847,13,3810,ssl,0
8986.949015,CPBqdu1sJofuUHBx54,10.0.2.15,54919,23.74.27.178,443,TLSv12,TLS_ECDHE_RSA_WITH_AES_256_GCM_SHA384,,video.unrulymedia.com,True,True,CsiI,,,,1a5fe5677b0e4fbbc854e8908225637d,410b9bedaf65dd26c6fe547154d60db4,http/1.1,,8986.112242,10.0.2.15,54919,23.74.27.178,443,tcp,140.93722100000014,2026.0,2776.0,SF,True,False,0,ShADadTTFf,26,3086,25,3780,ssl,0
8986.952047,CcbH9gh0NxQC0dWZj,10.0.2.15,54918,23.74.27.178,443,TLSv12,TLS_ECDHE_RSA_WITH_AES_256_GCM_SHA384,,video.unrulymedia.com,True,True,CsiI,,,,1a5fe5677b0e4fbbc854e8908225637d,410b9bedaf65dd26c6fe547154d60db4,http/1.1,,8986.111791,10.0.2.15,54918,23.74.27.178,443,tcp,131.12671899999987,1589.0,1480.0,SF,True,False,0,ShADadTTFf,24,2569,23,2404,ssl,0
8986.955967,CRALVY1TBqwtPKXYIg,10.0.2.15,54917,23.74.27.178,443,TLSv12,TLS_ECDHE_RSA_WITH_AES_256_GCM_SHA384,,video.unrulymedia.com,True,True,CsiI,,,,1a5fe5677b0e4fbbc854e8908225637d,410b9bedaf65dd26c6fe547154d60db4,http/1.1,,8986.111047,10.0.2.15,54917,23.74.27.178,443,tcp,8.336763999999675,599.0,183.0,SF,True,False,0,ShADadFfRr,9,967,9,547,ssl,0
8986.977716,CY8jw2V8yEUCOSAVe,10.0.2.15,54916,151.101.112.175,443,TLSv12,TLS_ECDHE_RSA_WITH_AES_128_GCM_SHA256,secp256r1,cdn.krxd.net,False,True,CsxuknGIti,"['08db83c9326d7da362a1d5b13d2c2eb3f30a9c28c65a16e8f0f5cbdfc0a6dc6d', '4b7334e1d8999822bafa8ff6888125389b18a4e5ab26ffa624c7f68fdc81f0cb']",[],1.0,0ffee3ba8e615ad22535e7f771690a28,860fcf58fd757e26aa8911e5eaff6b53,http/1.1,,8986.109616,10.0.2.15,54916,151.101.112.175,443,tcp,199.9442670000008,2717.0,22694.0,SF,True,False,0,ShADadTTFfRr,42,4422,53,24818,ssl,0
8986.984375,CAVzGk2DfGbJYsGoFi,10.0.2.15,54922,95.100.191.4,443,TLSv12,TLS_ECDHE_RSA_WITH_AES_256_GCM_SHA384,,sb.scorecardresearch.com,True,True,CsiI,,,,1a5fe5677b0e4fbbc854e8908225637d,410b9bedaf65dd26c6fe547154d60db4,http/1.1,,8986.114121,10.0.2.15,54922,95.100.191.4,443,tcp,313.2029480000001,2841.0,1443.0,SF,True,False,0,ShADadTTFfRr,46,4718,46,3287,ssl,0
8986.986483,Cv3CFh4KcpC6x6jWc8,10.0.2.15,54921,95.100.191.4,443,TLSv12,TLS_ECDHE_RSA_WITH_AES_256_GCM_SHA384,,sb.scorecardresearch.com,True,True,CsiI,,,,1a5fe5677b0e4fbbc854e8908225637d,410b9bedaf65dd26c6fe547154d60db4,http/1.1,,8986.113535,10.0.2.15,54921,95.100.191.4,443,tcp,123.4825469999996,1128.0,429.0,SF,True,False,0,ShADadTTFf,22,2028,21,1273,ssl,0
8986.982859,CFVVOn2U4xzkpo6xM4,10.0.2.15,54920,54.192.93.117,443,TLSv12,TLS_ECDHE_RSA_WITH_AES_128_GCM_SHA256,secp256r1,ir.tags.newscgp.com,False,True,CsxuknGIti,"['01848834869eadb621c0ca700425f13e438b58b5d46bcc799f0d02f3fc11d8e4', 'f55f9ffcb83c73453261601c7e044db15a0f034b93c05830f28635ef889cf670', '87dcd4dc74640a322cd205552506d1be64f12596258096544986b4850bc72706', '28689b30e4c306aab53b027b29e36ad6dd1dcf4b953994482ca84bdc1ecac996']",[],1.0,0ffee3ba8e615ad22535e7f771690a28,76cc3e2d3028143b23ec18e27dbd7ca9,http/1.1,,8986.112866,10.0.2.15,54920,54.192.93.117,443,tcp,187.522019,1187.0,6666.0,SF,True,False,0,ShADadTTFf,31,2452,32,7950,ssl,0
8990.870628,CGoIyx8nxtFVFj7qh,10.0.2.15,54924,52.213.110.213,443,TLSv12,TLS_ECDHE_RSA_WITH_AES_128_GCM_SHA256,secp256r1,pixelappcollector.thesun.co.uk,False,True,CsxknGIi,"['6ebc53b3552e8355f33b89ba72859bda37ca385ecc82632c5ce5b1965cb99885', '111006378afbe8e99bb02ba87390ca429fca2773f74d7f7eb5744f5ddf68014b', '4f32d5dc00f715250abcc486511e37f501a899deb3bf7ea8adbbd3aef1c412da', '687fa451382278fff0c8b11f8d43d576671c6eb2bceab413fb83d965d06d2ff2']",[],1.0,0ffee3ba8e615ad22535e7f771690a28,303951d4c50efb2e991652225a6f02b1,,,8990.033337,10.0.2.15,54924,52.213.110.213,443,tcp,157.40670499999942,5893.0,7088.0,SF,True,False,0,ShADadTTFf,32,7195,34,8452,ssl,0
8990.89748,CtSa6J19ZoguQVOxJh,10.0.2.15,54923,63.140.38.156,443,TLSv12,TLS_ECDHE_RSA_WITH_AES_256_GCM_SHA384,secp256r1,smetrics.news.co.uk,False,True,CsxknGIi,"['5cda8e09eaf43052d2268d9235ecf9d9c946c2c89a32eb579741c0fa7a724c43', '111006378afbe8e99bb02ba87390ca429fca2773f74d7f7eb5744f5ddf68014b', '4f32d5dc00f715250abcc486511e37f501a899deb3bf7ea8adbbd3aef1c412da']",[],1.0,0ffee3ba8e615ad22535e7f771690a28,28ef90cc3d9d08c96a8a2cb6f365a79e,,,8990.031039,10.0.2.15,54923,63.140.38.156,443,tcp,32.48450200000116,4107.0,7811.0,SF,True,False,0,ShADadTFf,18,4837,23,8735,ssl,0
9003.019965,CbihGN12eLvevwSlN1,10.0.2.15,54927,34.205.241.155,443,TLSv12,TLS_ECDHE_RSA_WITH_AES_128_GCM_SHA256,secp256r1,srv-2017-05-02-01.pixel.parsely.com,False,True,CsxknGIi,"['9ef436fd497ee75524e1cbde374a65ea785dae9777626d083d2076114fa85642', '02ab57e4e67a0cb48dd2ff34830e8ac40f4476fb08ca6be3f5cd846f646840f0', '4f32d5dc00f715250abcc486511e37f501a899deb3bf7ea8adbbd3aef1c412da']",[],1.0,0ffee3ba8e615ad22535e7f771690a28,303951d4c50efb2e991652225a6f02b1,,,9001.129685,10.0.2.15,54927,34.205.241.155,443,tcp,21.851135000000795,1914.0,5389.0,SF,True,False,0,ShADadTFf,14,2483,16,6033,ssl,0
9009.646092,CpSJjT2fOXNP92G5Oa,10.0.2.15,54934,216.58.201.98,443,TLSv12,TLS_ECDHE_RSA_WITH_AES_128_GCM_SHA256,,adx.g.doubleclick.net,True,True,CsiI,,,,1a5fe5677b0e4fbbc854e8908225637d,67619a80665d7ab92d1041b1d11f9164,h2,,9008.692703,10.0.2.15,54934,216.58.201.98,443,tcp,4.809921999998551,779.0,292.0,SF,True,False,0,ShADadFf,11,1227,10,696,ssl,0
9009.635504,CstmCo3A8hJ5zjKkQ3,10.0.2.15,54930,172.217.23.225,443,TLSv12,TLS_ECDHE_RSA_WITH_AES_128_GCM_SHA256,,tpc.googlesyndication.com,True,True,CsiI,,,,1a5fe5677b0e4fbbc854e8908225637d,67619a80665d7ab92d1041b1d11f9164,h2,,9007.047641,10.0.2.15,54930,172.217.23.225,443,tcp,386.3792090000006,1880.0,189672.0,SF,True,False,0,ShADadFf,67,4568,180,196876,ssl,0
9009.63411,C7vFo92WhF30sfwihd,10.0.2.15,54931,95.101.252.144,443,TLSv12,TLS_ECDHE_RSA_WITH_AES_256_GCM_SHA384,secp256r1,z.moatads.com,False,True,CsxknGIti,"['435a847bccecae336a1a751c2209ae3f32a8cda1aae8b0da90f1755f7ede9adc', 'e6683e88315cd1cb403c0cea490f7c4b4c82c91cd485037489aadbaa90839f61', '3c35cc963eb004451323d3275d05b353235053490d9cd83729a2faf5e7ca1cc0']",[],1.0,0ffee3ba8e615ad22535e7f771690a28,2b33c1374db4ddf06942f92373c0b54b,http/1.1,,9007.051004,10.0.2.15,54931,95.101.252.144,443,tcp,13.098393999998734,703.0,67981.0,SF,True,False,0,ShADadFfRr,25,1711,67,70665,ssl,0
9009.650019,CVWw8U70h25xid2U6,10.0.2.15,54939,52.218.49.3,443,TLSv12,TLS_ECDHE_RSA_WITH_AES_128_GCM_SHA256,secp256r1,prod-betsense-sunbets.s3-eu-west-1.amazonaws.com,False,True,CsxknGIi,"['be2a4ca366ffc3e74868c80ca817a87c54f7d229316531a1c10e6d26215460c4', 'f9690880819f06cdcc0b2f224b207f2af6003fb57339b8679a160fa95208d62d']",[],1.0,0ffee3ba8e615ad22535e7f771690a28,ea615e28cb25adfb2f261151eab3314f,,,9008.712421,10.0.2.15,54939,52.218.49.3,443,tcp,11.891335000000254,749.0,184193.0,SF,True,False,0,ShADadFf,36,2197,153,190317,ssl,0
9009.662723,CUu2yp3JTaFK61qgvk,10.0.2.15,54937,216.58.201.98,443,TLSv12,TLS_ECDHE_RSA_WITH_AES_128_GCM_SHA256,,adx.g.doubleclick.net,True,True,CsiI,,,,1a5fe5677b0e4fbbc854e8908225637d,67619a80665d7ab92d1041b1d11f9164,h2,,9008.706642,10.0.2.15,54937,216.58.201.98,443,tcp,4.787206000000879,779.0,292.0,SF,True,False,0,ShADadFf,10,1187,10,696,ssl,0
9009.664329,CFMar514xRRD3nIKd8,10.0.2.15,54936,34.205.241.155,443,TLSv12,TLS_ECDHE_RSA_WITH_AES_128_GCM_SHA256,,srv-2017-05-02-01.pixel.parsely.com,True,True,CsiI,,,,0ffee3ba8e615ad22535e7f771690a28,303951d4c50efb2e991652225a6f02b1,,,9008.69676,10.0.2.15,54936,34.205.241.155,443,tcp,13.97060699999929,1818.0,692.0,SF,True,False,0,ShADadFfRr,12,2306,13,1216,ssl,0
9012.099437,CQyalg2kibhkkQphCh,10.0.2.15,54945,172.217.23.238,443,TLSv12,TLS_ECDHE_ECDSA_WITH_AES_128_GCM_SHA256,,encrypted-tbn2.gstatic.com,True,True,CsiI,,,,1a5fe5677b0e4fbbc854e8908225637d,c23237dbea656869600e48dfbd00ab7b,h2,,9010.277015,10.0.2.15,54945,172.217.23.238,443,tcp,363.9041209999996,2151.0,30148.0,SF,True,False,0,ShADadFf,40,3759,61,32592,ssl,0
9012.247248,CTgOXo3xuAQAz80fal,10.0.2.15,54942,216.58.201.98,443,TLSv12,TLS_ECDHE_RSA_WITH_AES_128_GCM_SHA256,,adx.g.doubleclick.net,True,True,CsiI,,,,1a5fe5677b0e4fbbc854e8908225637d,67619a80665d7ab92d1041b1d11f9164,h2,,9009.704361,10.0.2.15,54942,216.58.201.98,443,tcp,4.998911000000589,779.0,292.0,SF,True,False,0,ShADadFf,11,1227,10,696,ssl,0
9012.229437,CfqsxW3nL1Yiwy80jd,10.0.2.15,54943,52.17.249.178,443,TLSv12,TLS_ECDHE_RSA_WITH_AES_128_GCM_SHA256,secp256r1,bcp.crwdcntrl.net,False,True,CsxknGIi,"['131513af4a65033acc7234be892849a35819b02b70aba4c428c133a0a88fdd2e', '973a41276ffd01e027a2aad49e34c37846d3e976ff6a620b6712e33832041aa6', '3a2fbe92891e57fe05d57087f48e730f17e5a5f53ef403d618e5b74d7a7e6ecb', 'c3846bf24b9e93ca64274c0ec67c1ecc5e024ffcacd2d74019350e81fe546ae4']",[],1.0,0ffee3ba8e615ad22535e7f771690a28,303951d4c50efb2e991652225a6f02b1,,,9010.275145,10.0.2.15,54943,52.17.249.178,443,tcp,12.127504000000044,2982.0,8301.0,SF,True,False,0,ShADadFfRr,14,3550,19,9065,ssl,0
9012.248745,CPkhqt4Y7vlzxzp6S7,10.0.2.15,54941,192.0.76.3,443,TLSv12,TLS_ECDHE_RSA_WITH_AES_128_GCM_SHA256,secp256r1,pixel.wp.com,False,True,CsxuknGIti,"['100d19010050ffe81865a1cae3b70fe455286cf162042ac5bf146d2a7491e24f', '973a41276ffd01e027a2aad49e34c37846d3e976ff6a620b6712e33832041aa6', '3a2fbe92891e57fe05d57087f48e730f17e5a5f53ef403d618e5b74d7a7e6ecb']",[],1.0,0ffee3ba8e615ad22535e7f771690a28,49b45fc1ab090aa3a159778313fc9b9e,h2,,9009.703614,10.0.2.15,54941,192.0.76.3,443,tcp,354.0284670000001,1726.0,7112.0,SF,True,False,0,ShADadFf,29,2894,32,8396,ssl,0
9012.227351,CZyTEeEErzjnIDQK9,10.0.2.15,54944,52.73.205.133,443,TLSv12,TLS_ECDHE_RSA_WITH_AES_128_GCM_SHA256,secp256r1,idsync.rlcdn.com,False,True,CsxknGIi,"['7c75ac9ac997d5af7e63eee4070015e373d07d15fa206505a14434fb86a90686', '973a41276ffd01e027a2aad49e34c37846d3e976ff6a620b6712e33832041aa6', '3a2fbe92891e57fe05d57087f48e730f17e5a5f53ef403d618e5b74d7a7e6ecb', 'c3846bf24b9e93ca64274c0ec67c1ecc5e024ffcacd2d74019350e81fe546ae4']",[],1.0,0ffee3ba8e615ad22535e7f771690a28,303951d4c50efb2e991652225a6f02b1,,,9010.276036,10.0.2.15,54944,52.73.205.133,443,tcp,12.197834000000512,1450.0,6689.0,SF,True,False,0,ShADadFfRr,12,1938,15,7293,ssl,0
9013.961008,CWBwOYwf8EkA8evHd,10.0.2.15,54946,34.205.241.155,443,TLSv12,TLS_ECDHE_RSA_WITH_AES_128_GCM_SHA256,,srv-2017-05-02-01.pixel.parsely.com,True,True,CsiI,,,,0ffee3ba8e615ad22535e7f771690a28,303951d4c50efb2e991652225a6f02b1,,,9012.278607,10.0.2.15,54946,34.205.241.155,443,tcp,10.05524499999956,326.0,176.0,SF,True,False,0,ShADadFfRr,9,694,9,540,ssl,0
9013.969694,CncQbq4rU5V1DY4jwk,10.0.2.15,54955,93.184.220.113,443,TLSv12,TLS_ECDHE_RSA_WITH_AES_128_GCM_SHA256,secp256r1,tags.crwdcntrl.net,False,True,CsxuknGIti,"['01abac41ff2430a09d598802a0878a768bc327b04a083fa1ec8335474a3e52aa', '154c433c491929c5ef686e838e323664a00e6a0d822ccc958fb4dab03e49a08f', '4348a0e9444c78cb265e058d5e8944b4d84f9662bd26db257f8934a443c70161']",[],1.0,1a5fe5677b0e4fbbc854e8908225637d,49b45fc1ab090aa3a159778313fc9b9e,h2,,9012.422318,10.0.2.15,54955,93.184.220.113,443,tcp,189.78196599999865,2947.0,14854.0,SF,True,False,0,ShADadfF,23,3875,32,16138,ssl,0
9009.632634,C5hDRobLSInKNXK5,10.0.2.15,54932,185.80.37.183,443,,,,a1824.casalemedia.com,False,False,C,,,,0ffee3ba8e615ad22535e7f771690a28,,,,9007.073056,10.0.2.15,54932,185.80.37.183,443,tcp,2.564985000000888,198.0,0.0,SF,True,False,0,ShAfDaF,5,406,4,164,ssl,0
9013.978359,CXeHC74AmQzFDtbGS5,10.0.2.15,54954,5.153.20.140,443,TLSv12,TLS_ECDHE_RSA_WITH_AES_256_GCM_SHA384,secp384r1,i.simpli.fi,False,True,CsxuknGIi,"['dca88e44b4969994c9a552ec37078ef61bc6bc25ee7a84aa3eb4d5e446018a58', '154c433c491929c5ef686e838e323664a00e6a0d822ccc958fb4dab03e49a08f']",[],1.0,0ffee3ba8e615ad22535e7f771690a28,2464432ec440b95b36263230c3148d11,http/1.1,,9012.420529,10.0.2.15,54954,5.153.20.140,443,tcp,40.00171599999885,1497.0,9107.0,SF,True,False,0,ShADadTfF,16,2146,20,9911,ssl,0
9013.980281,CQnXbi1oZZVGsftTs8,10.0.2.15,54953,54.192.93.22,443,TLSv12,TLS_ECDHE_RSA_WITH_AES_128_GCM_SHA256,secp256r1,p.cpx.to,False,True,CsxuknGIti,"['3d542481f3f80bee6c38fa3f68447c62986ddb3043a14ef92208deff7820beb7', '02ab57e4e67a0cb48dd2ff34830e8ac40f4476fb08ca6be3f5cd846f646840f0', '4f32d5dc00f715250abcc486511e37f501a899deb3bf7ea8adbbd3aef1c412da', '687fa451382278fff0c8b11f8d43d576671c6eb2bceab413fb83d965d06d2ff2']",[],1.0,0ffee3ba8e615ad22535e7f771690a28,76cc3e2d3028143b23ec18e27dbd7ca9,http/1.1,,9012.419259,10.0.2.15,54953,54.192.93.22,443,tcp,125.21362699999918,689.0,8077.0,SF,True,False,0,ShADadTTFf,24,1668,28,9201,ssl,0
9013.964865,Cbq3dB7swJpQ5XNC2,10.0.2.15,54958,34.192.81.183,443,TLSv12,TLS_ECDHE_RSA_WITH_AES_256_GCM_SHA384,secp384r1,ads.yieldmo.com,False,True,CsxknGIti,"['61f58d445f05f09d8b7f31c90ff975e51dbf1cd54703b82127400021238bd96a', '458446ba75d932e914f23c2b57b7d192eddbc2181d958e1181ad5251747a1ee8']",[],1.0,0ffee3ba8e615ad22535e7f771690a28,e35df3e00ca4ef31d42b34bebaa2f86e,,,9012.430617,10.0.2.15,54958,34.192.81.183,443,tcp,10.04312899999968,939.0,3364.0,SF,True,False,0,ShADadFf,10,1347,11,3808,ssl,0
9009.659988,C5uerb38Ppsc4WII23,10.0.2.15,54938,185.80.37.214,443,TLSv12,TLS_ECDHE_RSA_WITH_AES_128_GCM_SHA256,secp256r1,a1855.casalemedia.com,False,False,CsxknGI,"['5411d2a7b127c23a2b53ad668cc23a70731cbb15cf5ce32d66614a1fbc5fb90d', '973a41276ffd01e027a2aad49e34c37846d3e976ff6a620b6712e33832041aa6', '3a2fbe92891e57fe05d57087f48e730f17e5a5f53ef403d618e5b74d7a7e6ecb']",[],1.0,0ffee3ba8e615ad22535e7f771690a28,389ed42c02ebecc32e73aa31def07e14,,,9008.711436,10.0.2.15,54938,185.80.37.214,443,tcp,3.373585000001185,324.0,4210.0,SF,True,False,0,ShADadfF,8,652,8,4534,ssl,0
9009.647659,CxREIx1eOdqbGB8OSk,10.0.2.15,54933,185.80.37.153,443,TLSv12,TLS_ECDHE_RSA_WITH_AES_128_GCM_SHA256,secp256r1,a694.casalemedia.com,False,False,CsxknGI,"['5411d2a7b127c23a2b53ad668cc23a70731cbb15cf5ce32d66614a1fbc5fb90d', '973a41276ffd01e027a2aad49e34c37846d3e976ff6a620b6712e33832041aa6', '3a2fbe92891e57fe05d57087f48e730f17e5a5f53ef403d618e5b74d7a7e6ecb']",[],1.0,0ffee3ba8e615ad22535e7f771690a28,389ed42c02ebecc32e73aa31def07e14,,,9008.676896,10.0.2.15,54933,185.80.37.153,443,tcp,3.408646999998382,323.0,4210.0,SF,True,False,0,ShADadfF,8,651,8,4534,ssl,0
9009.66984,C4W4M92YzaXrga7iol,10.0.2.15,54935,185.80.37.177,443,TLSv12,TLS_ECDHE_RSA_WITH_AES_128_GCM_SHA256,secp256r1,a718.casalemedia.com,False,False,CsxknGI,"['5411d2a7b127c23a2b53ad668cc23a70731cbb15cf5ce32d66614a1fbc5fb90d', '973a41276ffd01e027a2aad49e34c37846d3e976ff6a620b6712e33832041aa6', '3a2fbe92891e57fe05d57087f48e730f17e5a5f53ef403d618e5b74d7a7e6ecb']",[],1.0,0ffee3ba8e615ad22535e7f771690a28,389ed42c02ebecc32e73aa31def07e14,,,9008.695992,10.0.2.15,54935,185.80.37.177,443,tcp,3.390903999999864,323.0,4210.0,SF,True,False,0,ShADadfF,8,651,8,4534,ssl,0
9012.259992,CZ1AnFWKYuq5E4Z5k,10.0.2.15,54940,54.217.117.189,443,,,,targeting.unrulymedia.com,False,False,C,,,,0ffee3ba8e615ad22535e7f771690a28,,,,9009.672592,10.0.2.15,54940,54.217.117.189,443,tcp,2.5965789999991102,234.0,0.0,SF,True,False,0,ShAfDaF,5,442,4,164,ssl,0
9018.312301,CCPVrS3lrKxDL9yIT7,10.0.2.15,54962,54.228.198.41,443,TLSv12,TLS_ECDHE_RSA_WITH_AES_128_GCM_SHA256,secp256r1,beacon.krxd.net,False,True,CsxknGIi,"['801848f55bb97f055d1e2f3f6c8094cf12d7b6285a7ed7c20bf39440c6cb5f8e', '973a41276ffd01e027a2aad49e34c37846d3e976ff6a620b6712e33832041aa6', '3a2fbe92891e57fe05d57087f48e730f17e5a5f53ef403d618e5b74d7a7e6ecb', 'c3846bf24b9e93ca64274c0ec67c1ecc5e024ffcacd2d74019350e81fe546ae4']",[],1.0,0ffee3ba8e615ad22535e7f771690a28,303951d4c50efb2e991652225a6f02b1,,,9017.288746,10.0.2.15,54962,54.228.198.41,443,tcp,6.418696999999156,318.0,5273.0,RSTO,True,False,0,ShADadR,9,686,10,5677,ssl,0
9022.870824,CnfJnU3QvkxsCyiVxg,10.0.2.15,54963,34.205.241.155,443,TLSv12,TLS_ECDHE_RSA_WITH_AES_128_GCM_SHA256,,srv-2017-05-02-01.pixel.parsely.com,True,True,CsiI,,,,0ffee3ba8e615ad22535e7f771690a28,303951d4c50efb2e991652225a6f02b1,,,9022.333818,10.0.2.15,54963,34.205.241.155,443,tcp,7.768989000000147,326.0,176.0,SF,True,False,0,ShADadFfRr,8,654,9,540,ssl,0
9033.802191,CAIWCU1HqxNBDSQEg,10.0.2.15,55016,185.33.222.60,443,TLSv12,TLS_ECDHE_RSA_WITH_AES_256_GCM_SHA384,,secure.adnxs.com,True,True,CsiI,,,,1a5fe5677b0e4fbbc854e8908225637d,266bd998df907f9d5064d7f4c208b200,,,9031.573062,10.0.2.15,55016,185.33.222.60,443,tcp,20.8514439999999,3402.0,4763.0,SF,True,False,0,ShADadfF,12,3890,15,5367,ssl,0
9034.108923,CyBbqu3QZNG6YNcvt1,10.0.2.15,55015,185.33.222.60,443,TLSv12,TLS_ECDHE_RSA_WITH_AES_256_GCM_SHA384,,secure.adnxs.com,True,True,CsiI,,,,1a5fe5677b0e4fbbc854e8908225637d,266bd998df907f9d5064d7f4c208b200,,,9031.571741,10.0.2.15,55015,185.33.222.60,443,tcp,20.85400200000004,3400.0,4763.0,SF,True,False,0,ShADadfF,11,3848,13,5287,ssl,0
9034.589577,CBbz303eVx5bLlsXGe,10.0.2.15,54982,151.101.112.129,443,TLSv12,TLS_ECDHE_RSA_WITH_AES_128_GCM_SHA256,,s.skimresources.com,True,True,CsiI,,,,1a5fe5677b0e4fbbc854e8908225637d,73af335fe09e39201fe5051320f25083,http/1.1,,9030.17375,10.0.2.15,54982,151.101.112.129,443,tcp,124.60251900000004,1398.0,30887.0,SF,True,False,0,ShADadTTFfRr,33,2737,51,32931,ssl,0
9034.110497,CDlYhe3w14337b60Zj,10.0.2.15,54979,95.100.165.226,443,TLSv12,TLS_ECDHE_RSA_WITH_AES_256_GCM_SHA384,secp256r1,www.spot.im,False,True,CsxknGIti,"['7d1c2aaa5a8aa4f8976b572c0d91a577a55692d5259d6806ece7b05835553495', 'ea4e5d2b9c99560f13dd094b8121a623bfdd902038dfd6d772ce32ffabec094d']",[],1.0,0ffee3ba8e615ad22535e7f771690a28,2b33c1374db4ddf06942f92373c0b54b,http/1.1,,9030.165527,10.0.2.15,54979,95.100.165.226,443,tcp,172.75728600000002,2988.0,10069.0,SF,True,False,0,ShADadTTFfRr,34,4369,38,11593,ssl,0
9034.609972,C1cuUr3wp745c15Cth,10.0.2.15,54980,185.33.222.60,443,TLSv12,TLS_ECDHE_RSA_WITH_AES_256_GCM_SHA384,,secure.adnxs.com,True,True,CsiI,,,,1a5fe5677b0e4fbbc854e8908225637d,266bd998df907f9d5064d7f4c208b200,,,9030.171173,10.0.2.15,54980,185.33.222.60,443,tcp,22.260623000000123,3346.0,1160.0,SF,True,False,0,ShADadTfF,12,3835,11,1604,ssl,0
9034.612577,CX7U1gkXjsFBuaSE4,10.0.2.15,55014,185.33.222.60,443,TLSv12,TLS_ECDHE_RSA_WITH_AES_256_GCM_SHA384,,secure.adnxs.com,True,True,CsiI,,,,1a5fe5677b0e4fbbc854e8908225637d,266bd998df907f9d5064d7f4c208b200,,,9031.57103,10.0.2.15,55014,185.33.222.60,443,tcp,20.84582700000101,3401.0,4778.0,SF,True,False,0,ShADadfF,11,3849,14,5342,ssl,0
9034.608636,CkSA1r2UUpeY49Dhti,10.0.2.15,54981,31.13.84.4,443,TLSv12,TLS_ECDHE_ECDSA_WITH_AES_128_GCM_SHA256,secp256r1,scontent-vie1-1.xx.fbcdn.net,False,True,CsxknGIti,"['152151b387412a95ab90fd4664f2d98880408e9e43913124e4c91226a483386b', '19400be5b7a31fb733917700789d2f0a2471c0c9d506c0e504c06c16d7cb17c0']",[],1.0,0ffee3ba8e615ad22535e7f771690a28,2d1eb5817ece335c24904f516ad5da12,h2,,9030.171897,10.0.2.15,54981,31.13.84.4,443,tcp,23.57296899999892,1713.0,30753.0,SF,True,False,0,ShADadfF,29,2881,48,32677,ssl,0
9034.626129,CBn3H53qWZK4i5Z6Q8,10.0.2.15,55013,185.33.222.60,443,TLSv12,TLS_ECDHE_RSA_WITH_AES_256_GCM_SHA384,,secure.adnxs.com,True,True,CsiI,,,,1a5fe5677b0e4fbbc854e8908225637d,266bd998df907f9d5064d7f4c208b200,,,9031.541483,10.0.2.15,55013,185.33.222.60,443,tcp,20.884816999998293,3424.0,4772.0,SF,True,False,0,ShADadfF,11,3872,14,5336,ssl,0
9034.618208,Cdydcb3qRhCLQv7XCk,10.0.2.15,54989,52.218.49.44,443,TLSv12,TLS_ECDHE_RSA_WITH_AES_128_GCM_SHA256,secp256r1,s3-eu-west-1.amazonaws.com,False,True,CsxknGIi,"['be2a4ca366ffc3e74868c80ca817a87c54f7d229316531a1c10e6d26215460c4', 'f9690880819f06cdcc0b2f224b207f2af6003fb57339b8679a160fa95208d62d']",[],1.0,0ffee3ba8e615ad22535e7f771690a28,ea615e28cb25adfb2f261151eab3314f,,,9031.376643,10.0.2.15,54989,52.218.49.44,443,tcp,22.442321000000447,700.0,89134.0,SF,True,False,0,ShADadFf,26,1748,84,92498,ssl,0
9034.621772,CJGDpWCTXVy8RG7Il,10.0.2.15,54988,52.30.82.237,443,TLSv12,TLS_ECDHE_RSA_WITH_AES_128_GCM_SHA256,secp256r1,s.cpx.to,False,True,CsxknGIi,"['ec767b2bbe59bf8cb5129f0ed11d57d1f9964b17a482faeff06863c478dd5bb7', '02ab57e4e67a0cb48dd2ff34830e8ac40f4476fb08ca6be3f5cd846f646840f0', '4f32d5dc00f715250abcc486511e37f501a899deb3bf7ea8adbbd3aef1c412da', '687fa451382278fff0c8b11f8d43d576671c6eb2bceab413fb83d965d06d2ff2']",[],1.0,0ffee3ba8e615ad22535e7f771690a28,303951d4c50efb2e991652225a6f02b1,,,9031.375155,10.0.2.15,54988,52.30.82.237,443,tcp,21.075243000001137,1235.0,7007.0,SF,True,False,0,ShADadFfRr,15,1843,18,7731,ssl,0
9034.626783,Csf5U8smvHxJLb3Ld,10.0.2.15,55012,62.67.193.61,443,TLSv12,TLS_RSA_WITH_AES_256_CBC_SHA,,fastlane.rubiconproject.com,False,True,CsxnGIi,"['323de379ee34a94e415f63b56183d0d5d0e5a863f4ac89f97dc40ae81cc021c8', '154c433c491929c5ef686e838e323664a00e6a0d822ccc958fb4dab03e49a08f']",[],1.0,0ffee3ba8e615ad22535e7f771690a28,0a917d753018dad73d9899ace370f8d8,,,9031.539016,10.0.2.15,55012,62.67.193.61,443,tcp,26.936005999999907,5756.0,9353.0,SF,True,False,0,ShADadTFf,17,6445,21,10197,ssl,0
9034.627853,CVySms2EpR0laywbz8,10.0.2.15,55011,62.67.193.61,443,TLSv12,TLS_RSA_WITH_AES_256_CBC_SHA,,fastlane.rubiconproject.com,False,True,CsxnGIi,"['323de379ee34a94e415f63b56183d0d5d0e5a863f4ac89f97dc40ae81cc021c8', '154c433c491929c5ef686e838e323664a00e6a0d822ccc958fb4dab03e49a08f']",[],1.0,0ffee3ba8e615ad22535e7f771690a28,0a917d753018dad73d9899ace370f8d8,,,9031.538176,10.0.2.15,55011,62.67.193.61,443,tcp,26.926063000000795,5756.0,7833.0,SF,True,False,0,ShADadTFf,17,6445,20,8637,ssl,0
9034.629871,Cy89ImwikXLTWlOM1,10.0.2.15,55010,62.67.193.61,443,TLSv12,TLS_RSA_WITH_AES_256_CBC_SHA,,fastlane.rubiconproject.com,False,True,CsxnGIi,"['323de379ee34a94e415f63b56183d0d5d0e5a863f4ac89f97dc40ae81cc021c8', '154c433c491929c5ef686e838e323664a00e6a0d822ccc958fb4dab03e49a08f']",[],1.0,0ffee3ba8e615ad22535e7f771690a28,0a917d753018dad73d9899ace370f8d8,,,9031.537421,10.0.2.15,55010,62.67.193.61,443,tcp,26.926887999999963,5756.0,9577.0,SF,True,False,0,ShADadTFf,17,6445,21,10421,ssl,0
9034.630539,Cq4mG91tRxlweG2qLe,10.0.2.15,55009,62.67.193.61,443,TLSv12,TLS_RSA_WITH_AES_256_CBC_SHA,,fastlane.rubiconproject.com,False,True,CsxnGIi,"['323de379ee34a94e415f63b56183d0d5d0e5a863f4ac89f97dc40ae81cc021c8', '154c433c491929c5ef686e838e323664a00e6a0d822ccc958fb4dab03e49a08f']",[],1.0,0ffee3ba8e615ad22535e7f771690a28,0a917d753018dad73d9899ace370f8d8,,,9031.536822,10.0.2.15,55009,62.67.193.61,443,tcp,26.938281999999163,5772.0,8825.0,SF,True,False,0,ShADadTFf,16,6421,20,9629,ssl,0
9034.630647,C9eNME3SyaCwgWtmRd,10.0.2.15,55007,172.217.23.230,443,TLSv12,TLS_ECDHE_RSA_WITH_AES_128_GCM_SHA256,x25519,s1.2mdn.net,False,True,CsxknGIti,"['378a6c73f6dec1c6bc563fa8eda92c3e9ce61b893db7685686c41f33ab89931c', '9f630426df1d8abfd80ace98871ba833ab9742cb34838de2b5285ed54c0c7dcc', '3c35cc963eb004451323d3275d05b353235053490d9cd83729a2faf5e7ca1cc0']",[],1.0,0ffee3ba8e615ad22535e7f771690a28,ab41313cfec25328b20865eb1388e0a2,h2,,9031.52709,10.0.2.15,55007,172.217.23.230,443,tcp,16.5411550000008,524.0,4104.0,SF,True,False,0,ShADadFf,11,972,13,4628,ssl,0
9035.506219,C5K7Ky4fWfVkniIuIg,10.0.2.15,54999,151.101.112.129,443,TLSv12,TLS_ECDHE_RSA_WITH_AES_128_GCM_SHA256,,s.skimresources.com,True,True,CsiI,,,,1a5fe5677b0e4fbbc854e8908225637d,73af335fe09e39201fe5051320f25083,http/1.1,,9031.499773,10.0.2.15,54999,151.101.112.129,443,tcp,15.187158000000636,599.0,187.0,SF,True,False,0,ShADadFfRr,9,967,9,551,ssl,0
9034.631291,CWnkqy4hCtIpVBrsUf,10.0.2.15,55006,178.250.0.100,443,TLSv12,TLS_RSA_WITH_AES_128_CBC_SHA,,rtax.criteo.com,False,True,CsxnGIi,"['b0337c4f8b2eca88eca4de5aad8cba6d249c58c7a69f2d4b680e5adae991d2ac', 'eae72eb454bf6c3977ebd289e970b2f5282949190093d0d26f98d0f0d6a9cf17', '8420dfbe376f414bf4c0a81e6936d24ccc03f304835b86c7a39142fca723a689']",[],1.0,0ffee3ba8e615ad22535e7f771690a28,5dcc087b1a1d0a5b0658981a7e8b2c3c,,,9031.512795,10.0.2.15,55006,178.250.0.100,443,tcp,28.42816299999868,3584.0,7167.0,SF,True,False,0,ShADadTfF,16,4233,18,7891,ssl,0
9035.507969,CJBZiQ1rTjRfBfXnAf,10.0.2.15,54997,185.33.222.60,443,TLSv12,TLS_ECDHE_RSA_WITH_AES_256_GCM_SHA384,,secure.adnxs.com,True,True,CsiI,,,,1a5fe5677b0e4fbbc854e8908225637d,266bd998df907f9d5064d7f4c208b200,,,9031.493112,10.0.2.15,54997,185.33.222.60,443,tcp,15.0596170000008,599.0,141.0,SF,True,False,0,ShADadFf,8,927,7,425,ssl,0
9034.633781,C3py6416D6cbrPhFdc,10.0.2.15,55005,89.145.95.55,443,TLSv12,TLS_ECDHE_RSA_WITH_AES_128_GCM_SHA256,secp256r1,newscorp.grapeshot.co.uk,False,True,CsxknGIi,"['c6810593511f473d3d1068f910ebb6de0df82fed730b092658b32e84c7b7484b', 'ee793643199474ed60efdc8ccde4d37445921683593aa751bbf8ee491a391e97']",[],1.0,0ffee3ba8e615ad22535e7f771690a28,699a80bdb17efe157c861f92c5bf5d1d,,,9031.507695,10.0.2.15,55005,89.145.95.55,443,tcp,20.663547000000108,718.0,3419.0,SF,True,False,0,ShADadfF,10,1126,11,3863,ssl,0
9035.506787,CSC3eZ1t5ctekp0Hb1,10.0.2.15,54998,31.13.84.4,443,TLSv12,TLS_ECDHE_ECDSA_WITH_AES_128_GCM_SHA256,secp256r1,scontent-vie1-1.xx.fbcdn.net,False,True,CsxknGIti,"['152151b387412a95ab90fd4664f2d98880408e9e43913124e4c91226a483386b', '19400be5b7a31fb733917700789d2f0a2471c0c9d506c0e504c06c16d7cb17c0']",[],1.0,0ffee3ba8e615ad22535e7f771690a28,2d1eb5817ece335c24904f516ad5da12,h2,,9031.494328,10.0.2.15,54998,31.13.84.4,443,tcp,21.51498199999878,926.0,6197.0,SF,True,False,0,ShADadfF,16,1574,20,7001,ssl,0
9035.510075,CKpCjn4pIvM7Ya2Wke,10.0.2.15,54996,95.100.165.226,443,TLSv12,TLS_ECDHE_RSA_WITH_AES_256_GCM_SHA384,secp256r1,www.spot.im,False,True,CsxknGIti,"['7d1c2aaa5a8aa4f8976b572c0d91a577a55692d5259d6806ece7b05835553495', 'ea4e5d2b9c99560f13dd094b8121a623bfdd902038dfd6d772ce32ffabec094d']",[],1.0,0ffee3ba8e615ad22535e7f771690a28,2b33c1374db4ddf06942f92373c0b54b,http/1.1,,9031.490202,10.0.2.15,54996,95.100.165.226,443,tcp,19.733284999998432,377.0,3813.0,SF,True,False,0,ShADadTFfRr,12,866,13,4337,ssl,0
9053.227037,C0osv31W1zjnsQaxB8,10.0.2.15,55019,198.47.127.21,443,TLSv12,TLS_RSA_WITH_3DES_EDE_CBC_SHA,,gads.pubmatic.com,True,True,CsiI,,,,0ffee3ba8e615ad22535e7f771690a28,ccf031939aa8979b73a604c356f7fd68,,,9048.143687,10.0.2.15,55019,198.47.127.21,443,tcp,9.394876000000297,5058.0,4945.0,SF,True,False,0,ShADadfF,12,5546,16,5589,ssl,0
9053.227549,CBAOAV1Kp8LgIjAgUa,10.0.2.15,55018,198.47.127.21,443,TLSv12,TLS_RSA_WITH_3DES_EDE_CBC_SHA,,gads.pubmatic.com,True,True,CsiI,,,,0ffee3ba8e615ad22535e7f771690a28,ccf031939aa8979b73a604c356f7fd68,,,9048.142942,10.0.2.15,55018,198.47.127.21,443,tcp,10.32528999999886,322.0,138.0,SF,True,False,0,ShADadFf,8,650,7,422,ssl,0
9053.906716,CYdOlX2PodS1UNskuk,10.0.2.15,55023,54.155.112.192,443,TLSv12,TLS_RSA_WITH_AES_128_CBC_SHA,,targeting.unrulymedia.com,False,True,CsxnGIi,"['e571c1b63efd2ad8e30551275b2763465c7e99efdeea2370694189949d21cc5c', '154c433c491929c5ef686e838e323664a00e6a0d822ccc958fb4dab03e49a08f']",[],1.0,0ffee3ba8e615ad22535e7f771690a28,573a9f3f80037fb40d481e2054def5bb,,,9052.480088,10.0.2.15,55023,54.155.112.192,443,tcp,6.273493000000599,1157.0,2725.0,SF,True,False,0,ShADadfF,9,1525,11,3169,ssl,0
9055.532829,CM3b2k3d7Rsh8TBwdf,10.0.2.15,55025,52.73.205.133,443,TLSv12,TLS_ECDHE_RSA_WITH_AES_128_GCM_SHA256,,idsync.rlcdn.com,True,True,CsiI,,,,0ffee3ba8e615ad22535e7f771690a28,303951d4c50efb2e991652225a6f02b1,,,9055.153223,10.0.2.15,55025,52.73.205.133,443,tcp,61.87480900000082,1376.0,1590.0,SF,True,False,0,ShADadTFf,15,1990,15,2194,ssl,0
9055.533575,CbEMfT3bwWik6ohTJi,10.0.2.15,55024,52.17.249.178,443,TLSv12,TLS_ECDHE_RSA_WITH_AES_128_GCM_SHA256,,bcp.crwdcntrl.net,True,True,CsiI,,,,0ffee3ba8e615ad22535e7f771690a28,303951d4c50efb2e991652225a6f02b1,,,9055.016159,10.0.2.15,55024,52.17.249.178,443,tcp,61.95671399999992,2880.0,3117.0,SF,True,False,0,ShADadTFf,17,3574,19,3881,ssl,0
9055.532103,Craiva1SOTTIvasHL,10.0.2.15,55026,52.18.40.183,443,TLSv12,TLS_ECDHE_RSA_WITH_AES_128_GCM_SHA256,secp256r1,ad.crwdcntrl.net,False,True,CsxknGIi,"['131513af4a65033acc7234be892849a35819b02b70aba4c428c133a0a88fdd2e', '973a41276ffd01e027a2aad49e34c37846d3e976ff6a620b6712e33832041aa6', '3a2fbe92891e57fe05d57087f48e730f17e5a5f53ef403d618e5b74d7a7e6ecb', 'c3846bf24b9e93ca64274c0ec67c1ecc5e024ffcacd2d74019350e81fe546ae4']",[],1.0,0ffee3ba8e615ad22535e7f771690a28,303951d4c50efb2e991652225a6f02b1,,,9055.154227,10.0.2.15,55026,52.18.40.183,443,tcp,64.10528299999896,2847.0,6112.0,SF,True,False,0,ShADadTFf,17,3540,19,6876,ssl,0
9055.808343,CV9qDJbvX7YZZ77I7,10.0.2.15,55027,54.76.253.20,443,TLSv12,TLS_ECDHE_RSA_WITH_AES_128_GCM_SHA256,secp256r1,p.skimresources.com,False,True,CsxknGIi,"['1a611f2a3f3fdc248d84b3738af1c96f26d3141bbc74ed02f544728bf0a5d068', '154c433c491929c5ef686e838e323664a00e6a0d822ccc958fb4dab03e49a08f']",[],1.0,0ffee3ba8e615ad22535e7f771690a28,303951d4c50efb2e991652225a6f02b1,,,9055.321367,10.0.2.15,55027,54.76.253.20,443,tcp,90.77131999999985,1931.0,3718.0,SF,True,False,0,ShADadTFf,20,2747,22,4602,ssl,0
9055.804318,CX11fX1RHsw5tLiMWa,10.0.2.15,55029,54.77.91.81,443,TLSv12,TLS_ECDHE_RSA_WITH_AES_128_GCM_SHA256,secp256r1,r.skimresources.com,False,True,CsxknGIi,"['caa8c2f1a990107a717080115f60a4a96012ff04d07014ab0c049da6d3c7e3ff', 'f55f9ffcb83c73453261601c7e044db15a0f034b93c05830f28635ef889cf670', '87dcd4dc74640a322cd205552506d1be64f12596258096544986b4850bc72706', '28689b30e4c306aab53b027b29e36ad6dd1dcf4b953994482ca84bdc1ecac996']",[],1.0,0ffee3ba8e615ad22535e7f771690a28,303951d4c50efb2e991652225a6f02b1,,,9055.324348,10.0.2.15,55029,54.77.91.81,443,tcp,90.76368000000002,3196.0,7000.0,SF,True,False,0,ShADadTFf,21,4052,23,7924,ssl,0
9055.807327,C1aYc9wWEcfZbnKdh,10.0.2.15,55028,54.76.253.20,443,TLSv12,TLS_ECDHE_RSA_WITH_AES_128_GCM_SHA256,secp256r1,p.skimresources.com,False,True,CsxknGIi,"['1a611f2a3f3fdc248d84b3738af1c96f26d3141bbc74ed02f544728bf0a5d068', '154c433c491929c5ef686e838e323664a00e6a0d822ccc958fb4dab03e49a08f']",[],1.0,0ffee3ba8e615ad22535e7f771690a28,303951d4c50efb2e991652225a6f02b1,,,9055.323291,10.0.2.15,55028,54.76.253.20,443,tcp,90.76932299999862,1931.0,3718.0,SF,True,False,0,ShADadTFf,21,2787,23,4642,ssl,0
9057.121021,CQji482jBuY4TKyHWk,10.0.2.15,55030,89.145.95.55,443,TLSv12,TLS_ECDHE_RSA_WITH_AES_128_GCM_SHA256,,newscorp.grapeshot.co.uk,True,True,CsiI,,,,0ffee3ba8e615ad22535e7f771690a28,fbe78c619e7ea20046131294ad087f05,,,9056.585749,10.0.2.15,55030,89.145.95.55,443,tcp,11.111837000000378,675.0,560.0,SF,True,False,0,ShADadfF,8,1003,9,924,ssl,0
9058.756144,CCXkC54LGo7u5NVYSf,10.0.2.15,55031,172.227.98.162,443,TLSv12,TLS_ECDHE_RSA_WITH_AES_256_GCM_SHA384,secp256r1,secure.widget.cloud.opta.net,False,True,CsxknGIti,"['7c42920492da5ce020c8ab0d93781a253765209556c59ce3dfff8e25e771d429', '074541ecdf88ed992ed5ade3ecddef27a26ba1b44480a195c0a8dadae2521d8e']",[],1.0,0ffee3ba8e615ad22535e7f771690a28,2b33c1374db4ddf06942f92373c0b54b,h2,,9058.154976,10.0.2.15,55031,172.227.98.162,443,tcp,16.062496000000465,1096.0,32705.0,SF,True,False,0,ShADadFfRr,26,2144,45,34509,ssl,0
9060.295538,CweQhB2IwQ7B72Dtfi,10.0.2.15,55032,172.217.23.234,443,TLSv12,TLS_ECDHE_RSA_WITH_AES_128_GCM_SHA256,,fonts.googleapis.com,True,True,CsiI,,,,1a5fe5677b0e4fbbc854e8908225637d,67619a80665d7ab92d1041b1d11f9164,h2,,9059.084801,10.0.2.15,55032,172.217.23.234,443,tcp,315.38676199999827,2191.0,4796.0,SF,True,False,0,ShADadFf,34,3559,39,6360,ssl,0
9060.288204,CchXIU2C9U8oqi3kL5,10.0.2.15,55034,52.218.65.51,443,TLSv12,TLS_ECDHE_RSA_WITH_AES_128_GCM_SHA256,secp256r1,prod-betsense-sunbets.s3-eu-west-1.amazonaws.com,False,True,CsxknGIi,"['be2a4ca366ffc3e74868c80ca817a87c54f7d229316531a1c10e6d26215460c4', 'f9690880819f06cdcc0b2f224b207f2af6003fb57339b8679a160fa95208d62d']",[],1.0,0ffee3ba8e615ad22535e7f771690a28,ea615e28cb25adfb2f261151eab3314f,,,9059.087804,10.0.2.15,55034,52.218.65.51,443,tcp,8.661930000000211,729.0,11576.0,SF,True,False,0,ShADadFf,12,1217,19,12340,ssl,0
9060.293159,CI7Rck2nflYNcmjRfe,10.0.2.15,55033,52.218.65.51,443,TLSv12,TLS_ECDHE_RSA_WITH_AES_128_GCM_SHA256,secp256r1,prod-betsense-sunbets.s3-eu-west-1.amazonaws.com,False,True,CsxknGIi,"['be2a4ca366ffc3e74868c80ca817a87c54f7d229316531a1c10e6d26215460c4', 'f9690880819f06cdcc0b2f224b207f2af6003fb57339b8679a160fa95208d62d']",[],1.0,0ffee3ba8e615ad22535e7f771690a28,ea615e28cb25adfb2f261151eab3314f,,,9059.086435,10.0.2.15,55033,52.218.65.51,443,tcp,12.148313000001508,382.0,3229.0,SF,True,False,0,ShADadTFfRr,12,871,14,3793,ssl,0
9060.222882,C7ojPs1M9Go1oXO8j6,10.0.2.15,55035,63.140.38.156,443,TLSv12,TLS_ECDHE_RSA_WITH_AES_256_GCM_SHA384,,smetrics.news.co.uk,True,True,CsiI,,,,0ffee3ba8e615ad22535e7f771690a28,28ef90cc3d9d08c96a8a2cb6f365a79e,,,9059.098399,10.0.2.15,55035,63.140.38.156,443,tcp,14.451812999999676,3336.0,1457.0,SF,True,False,0,ShADadTFf,14,3905,14,2021,ssl,0
9061.539173,Cd1QBh8RBnAxtO2eb,10.0.2.15,55037,62.216.247.227,443,TLSv12,TLS_RSA_WITH_AES_256_CBC_SHA,,global.ib-ibi.com,False,True,CsxnGIi,"['6bb6c0a16e468118de497d962733d26a2ca6916930a64849fb1042194f95d054', '19400be5b7a31fb733917700789d2f0a2471c0c9d506c0e504c06c16d7cb17c0']",[],1.0,0ffee3ba8e615ad22535e7f771690a28,db8185c4eafa7114cadaf05965b09ef0,,,9060.691482,10.0.2.15,55037,62.216.247.227,443,tcp,125.37460900000042,1042.0,3724.0,SF,True,False,0,ShADadTTFf,22,1941,22,4608,ssl,0
9061.542456,Cz4ALf3dYAEunOwikk,10.0.2.15,55039,54.155.112.192,443,TLSv12,TLS_RSA_WITH_AES_128_CBC_SHA,,targeting.unrulymedia.com,False,True,CsxnGIi,"['e571c1b63efd2ad8e30551275b2763465c7e99efdeea2370694189949d21cc5c', '154c433c491929c5ef686e838e323664a00e6a0d822ccc958fb4dab03e49a08f']",[],1.0,0ffee3ba8e615ad22535e7f771690a28,573a9f3f80037fb40d481e2054def5bb,,,9060.725985,10.0.2.15,55039,54.155.112.192,443,tcp,9.031615000001691,1189.0,2725.0,SF,True,False,0,ShADadfF,9,1557,10,3129,ssl,0
9061.543879,CLfjD232y2FuZsfmLc,10.0.2.15,55038,54.210.85.226,443,TLSv12,TLS_ECDHE_RSA_WITH_AES_128_GCM_SHA256,secp256r1,srv-2017-05-02-01.config.parsely.com,False,True,CsxknGIi,"['a7b7f2a8c98b22a0653289704912d08573231516a034573fb4e13d080bc231e4', '02ab57e4e67a0cb48dd2ff34830e8ac40f4476fb08ca6be3f5cd846f646840f0', '4f32d5dc00f715250abcc486511e37f501a899deb3bf7ea8adbbd3aef1c412da']",[],1.0,0ffee3ba8e615ad22535e7f771690a28,303951d4c50efb2e991652225a6f02b1,,,9060.714781,10.0.2.15,55038,54.210.85.226,443,tcp,110.18481699999938,1250.0,6527.0,SF,True,False,0,ShADadTFf,22,2147,25,7531,ssl,0
9062.164161,CKtLlS3JZBbXCkoLLi,10.0.2.15,55040,95.101.252.144,443,TLSv12,TLS_ECDHE_RSA_WITH_AES_256_GCM_SHA384,,z.moatads.com,True,True,CsiI,,,,1a5fe5677b0e4fbbc854e8908225637d,410b9bedaf65dd26c6fe547154d60db4,http/1.1,,9061.5067,10.0.2.15,55040,95.101.252.144,443,tcp,118.62584400000014,938.0,63926.0,SF,True,False,0,ShADadTTFfRr,36,2397,76,66970,ssl,0
9062.751898,Cc6WO232yB8vBZbphe,10.0.2.15,55041,216.58.201.98,443,TLSv12,TLS_ECDHE_RSA_WITH_AES_128_GCM_SHA256,,adx.g.doubleclick.net,True,True,CsiI,,,,1a5fe5677b0e4fbbc854e8908225637d,67619a80665d7ab92d1041b1d11f9164,h2,,9061.524414,10.0.2.15,55041,216.58.201.98,443,tcp,2.058415999999852,779.0,292.0,SF,True,False,0,ShADadFf,9,1147,10,696,ssl,0
9062.750384,CsSG7b4dZxXUjkFvE9,10.0.2.15,55042,185.80.37.198,443,TLSv12,TLS_ECDHE_RSA_WITH_AES_128_GCM_SHA256,secp256r1,a1839.casalemedia.com,False,True,CsxknGIti,"['5411d2a7b127c23a2b53ad668cc23a70731cbb15cf5ce32d66614a1fbc5fb90d', '973a41276ffd01e027a2aad49e34c37846d3e976ff6a620b6712e33832041aa6', '3a2fbe92891e57fe05d57087f48e730f17e5a5f53ef403d618e5b74d7a7e6ecb']",[],1.0,0ffee3ba8e615ad22535e7f771690a28,389ed42c02ebecc32e73aa31def07e14,,,9061.525967,10.0.2.15,55042,185.80.37.198,443,tcp,10.180577000000994,3104.0,4515.0,SF,True,False,0,ShADadfF,11,3552,13,5039,ssl,0
9063.186671,CZ4YIz4ykYrrgV5QM7,10.0.2.15,55047,216.58.201.98,443,TLSv12,TLS_ECDHE_RSA_WITH_AES_128_GCM_SHA256,,adx.g.doubleclick.net,True,True,CsiI,,,,1a5fe5677b0e4fbbc854e8908225637d,67619a80665d7ab92d1041b1d11f9164,h2,,9062.476607,10.0.2.15,55047,216.58.201.98,443,tcp,1.117856999999276,779.0,292.0,SF,True,False,0,ShADadFf,8,1107,10,696,ssl,0
9063.188777,C0uClE4zZUkTwlwTnf,10.0.2.15,55045,216.58.201.98,443,TLSv12,TLS_ECDHE_RSA_WITH_AES_128_GCM_SHA256,,adx.g.doubleclick.net,True,True,CsiI,,,,1a5fe5677b0e4fbbc854e8908225637d,67619a80665d7ab92d1041b1d11f9164,h2,,9062.473732,10.0.2.15,55045,216.58.201.98,443,tcp,1.101857999999993,779.0,292.0,RSTO,True,False,0,ShADadFR,8,1107,9,656,ssl,0
9063.191383,C7gb4C2XdzTfJoSuRd,10.0.2.15,55043,216.58.201.98,443,TLSv12,TLS_ECDHE_RSA_WITH_AES_128_GCM_SHA256,,adx.g.doubleclick.net,True,True,CsiI,,,,1a5fe5677b0e4fbbc854e8908225637d,67619a80665d7ab92d1041b1d11f9164,h2,,9062.469793,10.0.2.15,55043,216.58.201.98,443,tcp,1.113009000000602,779.0,292.0,SF,True,False,0,ShADadFfRr,9,1147,11,736,ssl,0
9063.166833,CjrOdF1iAvsSbL6V9g,10.0.2.15,55049,54.155.112.192,443,TLSv12,TLS_RSA_WITH_AES_128_CBC_SHA,,targeting.unrulymedia.com,False,True,CsxnGIi,"['e571c1b63efd2ad8e30551275b2763465c7e99efdeea2370694189949d21cc5c', '154c433c491929c5ef686e838e323664a00e6a0d822ccc958fb4dab03e49a08f']",[],1.0,0ffee3ba8e615ad22535e7f771690a28,573a9f3f80037fb40d481e2054def5bb,,,9062.619151,10.0.2.15,55049,54.155.112.192,443,tcp,7.832330999999613,2309.0,2725.0,SF,True,False,0,ShADadfF,10,2717,11,3169,ssl,0
9063.185798,CiqHwr12NpHvSj56R4,10.0.2.15,55048,185.80.37.212,443,TLSv12,TLS_ECDHE_RSA_WITH_AES_128_GCM_SHA256,secp256r1,a1853.casalemedia.com,False,True,CsxknGIti,"['5411d2a7b127c23a2b53ad668cc23a70731cbb15cf5ce32d66614a1fbc5fb90d', '973a41276ffd01e027a2aad49e34c37846d3e976ff6a620b6712e33832041aa6', '3a2fbe92891e57fe05d57087f48e730f17e5a5f53ef403d618e5b74d7a7e6ecb']",[],1.0,0ffee3ba8e615ad22535e7f771690a28,389ed42c02ebecc32e73aa31def07e14,,,9062.479157,10.0.2.15,55048,185.80.37.212,443,tcp,9.371150000000853,3104.0,4515.0,SF,True,False,0,ShADadfF,10,3512,12,4999,ssl,0
9063.187839,Cer1GM38ei3SAmkD71,10.0.2.15,55046,185.80.37.229,443,TLSv12,TLS_ECDHE_RSA_WITH_AES_128_GCM_SHA256,secp256r1,a1870.casalemedia.com,False,True,CsxknGIti,"['5411d2a7b127c23a2b53ad668cc23a70731cbb15cf5ce32d66614a1fbc5fb90d', '973a41276ffd01e027a2aad49e34c37846d3e976ff6a620b6712e33832041aa6', '3a2fbe92891e57fe05d57087f48e730f17e5a5f53ef403d618e5b74d7a7e6ecb']",[],1.0,0ffee3ba8e615ad22535e7f771690a28,389ed42c02ebecc32e73aa31def07e14,,,9062.475655,10.0.2.15,55046,185.80.37.229,443,tcp,10.19945000000007,3104.0,4515.0,SF,True,False,0,ShADadfF,10,3512,12,4999,ssl,0
9063.190129,CA9FhF4uDj2U6x5kK4,10.0.2.15,55044,185.80.37.204,443,TLSv12,TLS_ECDHE_RSA_WITH_AES_128_GCM_SHA256,secp256r1,a1845.casalemedia.com,False,True,CsxknGIti,"['5411d2a7b127c23a2b53ad668cc23a70731cbb15cf5ce32d66614a1fbc5fb90d', '973a41276ffd01e027a2aad49e34c37846d3e976ff6a620b6712e33832041aa6', '3a2fbe92891e57fe05d57087f48e730f17e5a5f53ef403d618e5b74d7a7e6ecb']",[],1.0,0ffee3ba8e615ad22535e7f771690a28,389ed42c02ebecc32e73aa31def07e14,,,9062.472846,10.0.2.15,55044,185.80.37.204,443,tcp,9.51183200000014,3102.0,4515.0,SF,True,False,0,ShADadfF,10,3510,12,4999,ssl,0
9064.316411,CLnE2eyppWXKOAh3g,10.0.2.15,55050,5.153.20.140,443,TLSv12,TLS_ECDHE_RSA_WITH_AES_256_GCM_SHA384,secp384r1,i.simpli.fi,False,True,CsxuknGIi,"['dca88e44b4969994c9a552ec37078ef61bc6bc25ee7a84aa3eb4d5e446018a58', '154c433c491929c5ef686e838e323664a00e6a0d822ccc958fb4dab03e49a08f']",[],1.0,0ffee3ba8e615ad22535e7f771690a28,2464432ec440b95b36263230c3148d11,http/1.1,,9063.574765,10.0.2.15,55050,5.153.20.140,443,tcp,5.876698000000033,378.0,4018.0,SF,True,False,0,ShADadFf,9,746,10,4422,ssl,0
9073.39602,CjA1iq1huXZj9fxilg,10.0.2.15,55056,54.155.112.192,443,TLSv12,TLS_RSA_WITH_AES_128_CBC_SHA,,targeting.unrulymedia.com,True,True,CsiI,,,,0ffee3ba8e615ad22535e7f771690a28,573a9f3f80037fb40d481e2054def5bb,,,9072.882706,10.0.2.15,55056,54.155.112.192,443,tcp,1.250169999999343,362.0,161.0,SF,True,False,0,ShADadFf,7,650,7,445,ssl,0
9073.399616,Cgtmqj2jeSYYLVaxEf,10.0.2.15,55058,52.17.141.148,443,TLSv12,TLS_ECDHE_RSA_WITH_AES_128_GCM_SHA256,secp256r1,t.skimresources.com,False,True,CsxknGIi,"['1a611f2a3f3fdc248d84b3738af1c96f26d3141bbc74ed02f544728bf0a5d068', '154c433c491929c5ef686e838e323664a00e6a0d822ccc958fb4dab03e49a08f']",[],1.0,0ffee3ba8e615ad22535e7f771690a28,303951d4c50efb2e991652225a6f02b1,,,9072.884507,10.0.2.15,55058,52.17.141.148,443,tcp,1.252727999999479,322.0,3032.0,SF,True,False,0,ShADadFfRr,8,650,12,3516,ssl,0
9073.401366,CmjWTG11fPyOqWfmx7,10.0.2.15,55057,52.17.141.148,443,TLSv12,TLS_ECDHE_RSA_WITH_AES_128_GCM_SHA256,secp256r1,t.skimresources.com,False,True,CsxknGIi,"['1a611f2a3f3fdc248d84b3738af1c96f26d3141bbc74ed02f544728bf0a5d068', '154c433c491929c5ef686e838e323664a00e6a0d822ccc958fb4dab03e49a08f']",[],1.0,0ffee3ba8e615ad22535e7f771690a28,303951d4c50efb2e991652225a6f02b1,,,9072.883674,10.0.2.15,55057,52.17.141.148,443,tcp,1.253615999999965,322.0,3032.0,SF,True,False,0,ShADadFfRr,8,650,11,3476,ssl,0
9076.025887,C0cDGA4Kz5p3mKgJih,10.0.2.15,55059,95.100.165.226,443,TLSv12,TLS_ECDHE_RSA_WITH_AES_256_GCM_SHA384,secp256r1,www.spot.im,False,True,CsxknGIti,"['7d1c2aaa5a8aa4f8976b572c0d91a577a55692d5259d6806ece7b05835553495', 'ea4e5d2b9c99560f13dd094b8121a623bfdd902038dfd6d772ce32ffabec094d']",[],1.0,0ffee3ba8e615ad22535e7f771690a28,2b33c1374db4ddf06942f92373c0b54b,http/1.1,,9075.722207,10.0.2.15,55059,95.100.165.226,443,tcp,120.50775299999988,837.0,4474.0,SF,True,False,0,ShADadTTFfRr,24,1816,26,5518,ssl,0
9076.261572,C33qzGWb87mSYrXx7,10.0.2.15,55060,52.20.62.175,443,TLSv12,TLS_ECDHE_RSA_WITH_AES_128_GCM_SHA256,secp256r1,track.spots.im,False,True,CsxknGIi,"['58633712d749e96ada53e442237d6ed02fa27f9edb65f600079b2ccd0b3ab645', 'f55f9ffcb83c73453261601c7e044db15a0f034b93c05830f28635ef889cf670', '87dcd4dc74640a322cd205552506d1be64f12596258096544986b4850bc72706', '28689b30e4c306aab53b027b29e36ad6dd1dcf4b953994482ca84bdc1ecac996']",[],1.0,0ffee3ba8e615ad22535e7f771690a28,303951d4c50efb2e991652225a6f02b1,,,9075.723184,10.0.2.15,55060,52.20.62.175,443,tcp,67.58995999999934,1253.0,5476.0,SF,True,False,0,ShADadTFf,16,1906,19,6240,ssl,0
9076.878944,C1b90Q2zCX0dirUfZc,10.0.2.15,55061,95.100.165.226,443,TLSv12,TLS_ECDHE_RSA_WITH_AES_256_GCM_SHA384,secp256r1,www.spot.im,False,True,CsxknGIti,"['7d1c2aaa5a8aa4f8976b572c0d91a577a55692d5259d6806ece7b05835553495', 'ea4e5d2b9c99560f13dd094b8121a623bfdd902038dfd6d772ce32ffabec094d']",[],1.0,0ffee3ba8e615ad22535e7f771690a28,2b33c1374db4ddf06942f92373c0b54b,http/1.1,,9076.029908,10.0.2.15,55061,95.100.165.226,443,tcp,124.49820999999974,905.0,4535.0,SF,True,False,0,ShADadTTFfRr,24,1884,26,5579,ssl,0
9076.871972,CaXiOg1OKj6Vry9Yr7,10.0.2.15,55062,52.3.34.56,443,TLSv12,TLS_ECDHE_RSA_WITH_AES_128_GCM_SHA256,secp256r1,cent.spots.im,False,True,CsxknGIi,"['58633712d749e96ada53e442237d6ed02fa27f9edb65f600079b2ccd0b3ab645', 'f55f9ffcb83c73453261601c7e044db15a0f034b93c05830f28635ef889cf670', '87dcd4dc74640a322cd205552506d1be64f12596258096544986b4850bc72706', '28689b30e4c306aab53b027b29e36ad6dd1dcf4b953994482ca84bdc1ecac996']",[],1.0,0ffee3ba8e615ad22535e7f771690a28,303951d4c50efb2e991652225a6f02b1,,,9076.031234,10.0.2.15,55062,52.3.34.56,443,tcp,14.15569300000061,934.0,5337.0,RSTO,True,False,0,ShADadFR,12,1422,14,5901,ssl,0
9078.379741,CUJDuS3CnDODCXiYHd,10.0.2.15,55063,172.217.23.232,443,TLSv12,TLS_ECDHE_RSA_WITH_AES_128_GCM_SHA256,,ssl.google-analytics.com,True,True,CsiI,,,,1a5fe5677b0e4fbbc854e8908225637d,67619a80665d7ab92d1041b1d11f9164,h2,,9076.228005,10.0.2.15,55063,172.217.23.232,443,tcp,186.58109299999887,984.0,430.0,SF,True,False,0,ShADadFf,18,1712,19,1194,ssl,0
9078.383138,CDmz2C1aMBP2jcbgx5,10.0.2.15,55066,172.217.23.228,443,TLSv12,TLS_ECDHE_RSA_WITH_AES_128_GCM_SHA256,,www.google.com,True,True,CsiI,,,,1a5fe5677b0e4fbbc854e8908225637d,67619a80665d7ab92d1041b1d11f9164,h2,,9076.312684,10.0.2.15,55066,172.217.23.228,443,tcp,534.5677409999989,16252.0,27480.0,SF,True,False,0,ShADadFf,134,21620,164,34044,ssl,0
9078.384716,CJKQyj1mMEFWs2IBD3,10.0.2.15,55064,54.192.95.240,443,TLSv12,TLS_ECDHE_RSA_WITH_AES_128_GCM_SHA256,,c.amazon-adsystem.com,True,True,CsiI,,,,1a5fe5677b0e4fbbc854e8908225637d,d199ba0af2b08e204c73d6d81a1fd260,http/1.1,,9076.292866,10.0.2.15,55064,54.192.95.240,443,tcp,10.240896999999675,599.0,156.0,SF,True,False,0,ShADadFf,8,927,7,440,ssl,0
9078.38378,C5BcDF2GwlCPNlpbk,10.0.2.15,55065,178.250.2.74,443,TLSv12,TLS_RSA_WITH_AES_128_CBC_SHA,,static.criteo.net,False,True,CsxnGIi,"['a53dd8cd1b9752c487c3339127e3f77ac7434d43b66db4a373f9df5da010c22f', 'eae72eb454bf6c3977ebd289e970b2f5282949190093d0d26f98d0f0d6a9cf17', '8420dfbe376f414bf4c0a81e6936d24ccc03f304835b86c7a39142fca723a689']",[],1.0,0ffee3ba8e615ad22535e7f771690a28,5dcc087b1a1d0a5b0658981a7e8b2c3c,,,9076.294415,10.0.2.15,55065,178.250.2.74,443,tcp,9.556259999999384,621.0,4413.0,SF,True,False,0,ShADadFf,10,1029,11,4857,ssl,0
9086.02365,CI5W4N5sd0MXpM04h,10.0.2.15,55070,89.145.95.55,443,TLSv12,TLS_ECDHE_RSA_WITH_AES_128_GCM_SHA256,,newscorp.grapeshot.co.uk,True,True,CsiI,,,,0ffee3ba8e615ad22535e7f771690a28,fbe78c619e7ea20046131294ad087f05,,,9085.152825,10.0.2.15,55070,89.145.95.55,443,tcp,11.47874800000136,655.0,553.0,SF,True,False,0,ShADadfF,8,983,9,917,ssl,0
9086.024871,CE0mA61Kdc5fnbuZe7,10.0.2.15,55071,89.145.95.55,443,TLSv12,TLS_ECDHE_RSA_WITH_AES_128_GCM_SHA256,,newscorp.grapeshot.co.uk,True,True,CsiI,,,,0ffee3ba8e615ad22535e7f771690a28,fbe78c619e7ea20046131294ad087f05,,,9085.347928,10.0.2.15,55071,89.145.95.55,443,tcp,6.152757000001657,284.0,168.0,SF,True,False,0,ShADadfF,6,532,7,452,ssl,0
9086.204036,CjifbH3KvnBVJuuDn6,10.0.2.15,55073,178.250.0.100,443,TLSv12,TLS_RSA_WITH_AES_128_CBC_SHA,,rtax.criteo.com,False,True,CsxnGIi,"['b0337c4f8b2eca88eca4de5aad8cba6d249c58c7a69f2d4b680e5adae991d2ac', 'eae72eb454bf6c3977ebd289e970b2f5282949190093d0d26f98d0f0d6a9cf17', '8420dfbe376f414bf4c0a81e6936d24ccc03f304835b86c7a39142fca723a689']",[],1.0,0ffee3ba8e615ad22535e7f771690a28,5dcc087b1a1d0a5b0658981a7e8b2c3c,,,9085.661134,10.0.2.15,55073,178.250.0.100,443,tcp,14.069054999999937,3568.0,7167.0,SF,True,False,0,ShADadfF,14,4136,17,7851,ssl,0
9086.327856,CmDjFi3oXQy8ifwkUc,10.0.2.15,55081,185.33.222.60,443,TLSv12,TLS_ECDHE_RSA_WITH_AES_256_GCM_SHA384,,secure.adnxs.com,True,True,CsiI,,,,1a5fe5677b0e4fbbc854e8908225637d,266bd998df907f9d5064d7f4c208b200,,,9086.037655,10.0.2.15,55081,185.33.222.60,443,tcp,11.39343799999915,3405.0,4782.0,SF,True,False,0,ShADadfF,11,3853,13,5306,ssl,0
9086.330385,C8JaVOMIFJtiHiWp6,10.0.2.15,55080,185.33.222.60,443,TLSv12,TLS_ECDHE_RSA_WITH_AES_256_GCM_SHA384,,secure.adnxs.com,True,True,CsiI,,,,1a5fe5677b0e4fbbc854e8908225637d,266bd998df907f9d5064d7f4c208b200,,,9086.036621,10.0.2.15,55080,185.33.222.60,443,tcp,11.408588000000236,3404.0,4782.0,SF,True,False,0,ShADadfF,11,3852,13,5306,ssl,0
9086.331251,CPl8NC2H3XAsG7Gzy8,10.0.2.15,55079,185.33.222.60,443,TLSv12,TLS_ECDHE_RSA_WITH_AES_256_GCM_SHA384,,secure.adnxs.com,True,True,CsiI,,,,1a5fe5677b0e4fbbc854e8908225637d,266bd998df907f9d5064d7f4c208b200,,,9086.034505,10.0.2.15,55079,185.33.222.60,443,tcp,11.397461000000476,3405.0,4772.0,SF,True,False,0,ShADadfF,11,3853,13,5296,ssl,0
9086.331763,CK7AL23Z3tcc77Gnxe,10.0.2.15,55078,185.33.222.60,443,TLSv12,TLS_ECDHE_RSA_WITH_AES_256_GCM_SHA384,,secure.adnxs.com,True,True,CsiI,,,,1a5fe5677b0e4fbbc854e8908225637d,266bd998df907f9d5064d7f4c208b200,,,9086.033596,10.0.2.15,55078,185.33.222.60,443,tcp,12.217393000000811,3431.0,4785.0,SF,True,False,0,ShADadfF,11,3879,13,5309,ssl,0
9086.337446,CfzOWC1vwLUZthBoXj,10.0.2.15,55074,62.67.193.61,443,TLSv12,TLS_RSA_WITH_AES_256_CBC_SHA,,fastlane.rubiconproject.com,False,True,CsxnGIi,"['323de379ee34a94e415f63b56183d0d5d0e5a863f4ac89f97dc40ae81cc021c8', '154c433c491929c5ef686e838e323664a00e6a0d822ccc958fb4dab03e49a08f']",[],1.0,0ffee3ba8e615ad22535e7f771690a28,0a917d753018dad73d9899ace370f8d8,,,9086.027088,10.0.2.15,55074,62.67.193.61,443,tcp,17.50230499999998,5756.0,8761.0,SF,True,False,0,ShADadFf,15,6364,19,9525,ssl,0
9086.336232,CAhdRe22N9ZMUShE37,10.0.2.15,55076,62.67.193.61,443,TLSv12,TLS_RSA_WITH_AES_256_CBC_SHA,,fastlane.rubiconproject.com,False,True,CsxnGIi,"['323de379ee34a94e415f63b56183d0d5d0e5a863f4ac89f97dc40ae81cc021c8', '154c433c491929c5ef686e838e323664a00e6a0d822ccc958fb4dab03e49a08f']",[],1.0,0ffee3ba8e615ad22535e7f771690a28,0a917d753018dad73d9899ace370f8d8,,,9086.030036,10.0.2.15,55076,62.67.193.61,443,tcp,17.49918400000024,5740.0,9342.0,SF,True,False,0,ShADadFf,15,6348,18,10066,ssl,0
9086.335555,CVa3Xo3KxBB9wlezb,10.0.2.15,55077,62.67.193.61,443,TLSv12,TLS_RSA_WITH_AES_256_CBC_SHA,,fastlane.rubiconproject.com,False,True,CsxnGIi,"['323de379ee34a94e415f63b56183d0d5d0e5a863f4ac89f97dc40ae81cc021c8', '154c433c491929c5ef686e838e323664a00e6a0d822ccc958fb4dab03e49a08f']",[],1.0,0ffee3ba8e615ad22535e7f771690a28,0a917d753018dad73d9899ace370f8d8,,,9086.031969,10.0.2.15,55077,62.67.193.61,443,tcp,17.502746000000116,5740.0,9561.0,SF,True,False,0,ShADadFf,16,6388,19,10325,ssl,0
9086.336954,CoICB64cyRhlXLricf,10.0.2.15,55075,62.67.193.61,443,TLSv12,TLS_RSA_WITH_AES_256_CBC_SHA,,fastlane.rubiconproject.com,False,True,CsxnGIi,"['323de379ee34a94e415f63b56183d0d5d0e5a863f4ac89f97dc40ae81cc021c8', '154c433c491929c5ef686e838e323664a00e6a0d822ccc958fb4dab03e49a08f']",[],1.0,0ffee3ba8e615ad22535e7f771690a28,0a917d753018dad73d9899ace370f8d8,,,9086.028545,10.0.2.15,55075,62.67.193.61,443,tcp,17.491280000000188,5740.0,9337.0,SF,True,False,0,ShADadFf,15,6348,19,10101,ssl,0
9087.299961,CKDXcx3dfcxVOfouSg,10.0.2.15,55082,198.47.127.21,443,TLSv12,TLS_RSA_WITH_3DES_EDE_CBC_SHA,,gads.pubmatic.com,True,True,CsiI,,,,0ffee3ba8e615ad22535e7f771690a28,ccf031939aa8979b73a604c356f7fd68,,,9086.342298,10.0.2.15,55082,198.47.127.21,443,tcp,6.647236000000703,5026.0,5385.0,SF,True,False,0,ShADadfF,11,5474,15,5989,ssl,0
9092.993442,CxRe1p2XDsPcO7UHS7,10.0.2.15,55088,95.100.165.226,443,TLSv12,TLS_ECDHE_RSA_WITH_AES_256_GCM_SHA384,,www.spot.im,True,True,CsiI,,,,1a5fe5677b0e4fbbc854e8908225637d,410b9bedaf65dd26c6fe547154d60db4,http/1.1,,9092.544912,10.0.2.15,55088,95.100.165.226,443,tcp,10.97928000000138,599.0,183.0,SF,True,False,0,ShADadTFfRr,10,1008,10,587,ssl,0
9099.723578,Csu2NrTwFaN0azuWl,10.0.2.15,55093,63.140.38.156,443,TLSv12,TLS_ECDHE_RSA_WITH_AES_256_GCM_SHA384,,smetrics.news.co.uk,True,True,CsiI,,,,0ffee3ba8e615ad22535e7f771690a28,28ef90cc3d9d08c96a8a2cb6f365a79e,,,9097.446733,10.0.2.15,55093,63.140.38.156,443,tcp,19.90617199999906,1832.0,802.0,SF,True,False,0,ShADadTFf,11,2281,11,1246,ssl,0
9103.060167,CbMRob4HNy8XGeeCZ3,10.0.2.15,55099,216.58.201.98,443,TLSv12,TLS_ECDHE_RSA_WITH_AES_128_GCM_SHA256,,adx.g.doubleclick.net,True,True,CsiI,,,,1a5fe5677b0e4fbbc854e8908225637d,67619a80665d7ab92d1041b1d11f9164,h2,,9101.773843,10.0.2.15,55099,216.58.201.98,443,tcp,2.3376469999984693,808.0,292.0,SF,True,False,0,ShADadFf,11,1256,11,736,ssl,0
9103.037668,CSrEc03UXWCpBuxG86,10.0.2.15,55094,216.58.201.98,443,TLSv12,TLS_ECDHE_RSA_WITH_AES_128_GCM_SHA256,,adx.g.doubleclick.net,True,True,CsiI,,,,1a5fe5677b0e4fbbc854e8908225637d,67619a80665d7ab92d1041b1d11f9164,h2,,9101.254337,10.0.2.15,55094,216.58.201.98,443,tcp,5.469589000000269,1506.0,720.0,SF,True,False,0,ShADadFf,14,2074,15,1324,ssl,0
9103.036067,CJL2NZ3ReOVXThr8zd,10.0.2.15,55095,185.80.37.216,443,TLSv12,TLS_ECDHE_RSA_WITH_AES_128_GCM_SHA256,secp256r1,a1857.casalemedia.com,False,True,CsxknGIti,"['5411d2a7b127c23a2b53ad668cc23a70731cbb15cf5ce32d66614a1fbc5fb90d', '973a41276ffd01e027a2aad49e34c37846d3e976ff6a620b6712e33832041aa6', '3a2fbe92891e57fe05d57087f48e730f17e5a5f53ef403d618e5b74d7a7e6ecb']",[],1.0,0ffee3ba8e615ad22535e7f771690a28,389ed42c02ebecc32e73aa31def07e14,,,9101.254987,10.0.2.15,55095,185.80.37.216,443,tcp,10.57255400000031,3102.0,4515.0,SF,True,False,0,ShADadfF,10,3510,12,4999,ssl,0
9103.045801,CQHM2enrdDaH3Gmv4,10.0.2.15,55097,216.58.201.98,443,TLSv12,TLS_ECDHE_RSA_WITH_AES_128_GCM_SHA256,,adx.g.doubleclick.net,True,True,CsiI,,,,1a5fe5677b0e4fbbc854e8908225637d,67619a80665d7ab92d1041b1d11f9164,h2,,9101.491312,10.0.2.15,55097,216.58.201.98,443,tcp,5.396984999999404,1518.0,720.0,SF,True,False,0,ShADadFf,14,2086,15,1324,ssl,0
9103.047763,CLcg7w3EM35C2JPFl,10.0.2.15,55096,216.58.201.98,443,TLSv12,TLS_ECDHE_RSA_WITH_AES_128_GCM_SHA256,,adx.g.doubleclick.net,True,True,CsiI,,,,1a5fe5677b0e4fbbc854e8908225637d,67619a80665d7ab92d1041b1d11f9164,h2,,9101.485844,10.0.2.15,55096,216.58.201.98,443,tcp,5.596649999999499,1518.0,720.0,SF,True,False,0,ShADadFf,14,2086,15,1324,ssl,0
9103.05431,CCSHux3XT2NQ7cm0T3,10.0.2.15,55101,216.58.201.98,443,TLSv12,TLS_ECDHE_RSA_WITH_AES_128_GCM_SHA256,,adx.g.doubleclick.net,True,True,CsiI,,,,1a5fe5677b0e4fbbc854e8908225637d,67619a80665d7ab92d1041b1d11f9164,h2,,9101.776475,10.0.2.15,55101,216.58.201.98,443,tcp,335.03172900000027,8809.0,8424.0,SF,True,False,0,ShADadFf,103,12937,124,13388,ssl,0
9103.041837,Cf9XDx3rdjsh28pmEb,10.0.2.15,55098,185.80.37.158,443,TLSv12,TLS_ECDHE_RSA_WITH_AES_128_GCM_SHA256,secp256r1,a699.casalemedia.com,False,True,CsxknGIti,"['5411d2a7b127c23a2b53ad668cc23a70731cbb15cf5ce32d66614a1fbc5fb90d', '973a41276ffd01e027a2aad49e34c37846d3e976ff6a620b6712e33832041aa6', '3a2fbe92891e57fe05d57087f48e730f17e5a5f53ef403d618e5b74d7a7e6ecb']",[],1.0,0ffee3ba8e615ad22535e7f771690a28,389ed42c02ebecc32e73aa31def07e14,,,9101.492258,10.0.2.15,55098,185.80.37.158,443,tcp,10.178717000000688,3102.0,4515.0,SF,True,False,0,ShADadfF,11,3550,13,5039,ssl,0
9103.05111,CGmpqK3Ujc76hNiTgc,10.0.2.15,55102,185.80.37.142,443,TLSv12,TLS_ECDHE_RSA_WITH_AES_128_GCM_SHA256,secp256r1,a683.casalemedia.com,False,True,CsxknGIti,"['5411d2a7b127c23a2b53ad668cc23a70731cbb15cf5ce32d66614a1fbc5fb90d', '973a41276ffd01e027a2aad49e34c37846d3e976ff6a620b6712e33832041aa6', '3a2fbe92891e57fe05d57087f48e730f17e5a5f53ef403d618e5b74d7a7e6ecb']",[],1.0,0ffee3ba8e615ad22535e7f771690a28,389ed42c02ebecc32e73aa31def07e14,,,9101.777526,10.0.2.15,55102,185.80.37.142,443,tcp,9.49549400000069,3134.0,4515.0,SF,True,False,0,ShADadfF,10,3542,12,4999,ssl,0
9103.057126,CULS6YYa0mk5UzBVk,10.0.2.15,55100,185.80.37.176,443,TLSv12,TLS_ECDHE_RSA_WITH_AES_128_GCM_SHA256,secp256r1,a717.casalemedia.com,False,True,CsxknGIti,"['5411d2a7b127c23a2b53ad668cc23a70731cbb15cf5ce32d66614a1fbc5fb90d', '973a41276ffd01e027a2aad49e34c37846d3e976ff6a620b6712e33832041aa6', '3a2fbe92891e57fe05d57087f48e730f17e5a5f53ef403d618e5b74d7a7e6ecb']",[],1.0,0ffee3ba8e615ad22535e7f771690a28,389ed42c02ebecc32e73aa31def07e14,,,9101.775147,10.0.2.15,55100,185.80.37.176,443,tcp,9.728826999999,3101.0,4515.0,SF,True,False,0,ShADadfF,10,3509,12,4999,ssl,0
9104.086549,CUGLnn2NCqimUk7LFi,10.0.2.15,55104,216.58.201.66,443,TLSv12,TLS_ECDHE_RSA_WITH_AES_128_GCM_SHA256,,cm.g.doubleclick.net,True,True,CsiI,,,,1a5fe5677b0e4fbbc854e8908225637d,67619a80665d7ab92d1041b1d11f9164,h2,,9103.239845,10.0.2.15,55104,216.58.201.66,443,tcp,1.197293999999601,779.0,292.0,RSTR,True,False,0,ShADadFRRRr,10,1187,11,736,ssl,0
9105.168332,Cs8N4G15fuzBRfqNy1,10.0.2.15,55107,172.217.23.238,443,TLSv12,TLS_ECDHE_ECDSA_WITH_AES_128_GCM_SHA256,,cse.google.com,True,True,CsiI,,,,1a5fe5677b0e4fbbc854e8908225637d,c23237dbea656869600e48dfbd00ab7b,h2,,9104.656988,10.0.2.15,55107,172.217.23.238,443,tcp,185.46694599999864,1399.0,2338.0,SF,True,False,0,ShADadFf,19,2167,23,3262,ssl,0
9112.346757,CE2s8Z1QmXkYEoK0E8,10.0.2.15,55113,74.125.206.157,443,TLSv12,TLS_ECDHE_RSA_WITH_AES_128_GCM_SHA256,,stats.g.doubleclick.net,True,True,CsiI,,,,1a5fe5677b0e4fbbc854e8908225637d,67619a80665d7ab92d1041b1d11f9164,h2,,9111.179912,10.0.2.15,55113,74.125.206.157,443,tcp,1413.1837699999996,9878.0,10509.0,SF,True,False,0,ShADadFf,123,14806,135,15913,ssl,0
9112.867188,CtF0t23htQlwL043Ia,10.0.2.15,55116,91.121.46.52,443,TLSv12,TLS_ECDHE_RSA_WITH_AES_128_GCM_SHA256,secp384r1,ads.travelaudience.com,False,True,CsxknGIi,"['f63bdf3a23176b2cea8dad6fde175266fbd0bf583434d482a36703c5f32870cc', '02ab57e4e67a0cb48dd2ff34830e8ac40f4476fb08ca6be3f5cd846f646840f0', '4f32d5dc00f715250abcc486511e37f501a899deb3bf7ea8adbbd3aef1c412da']",[],1.0,0ffee3ba8e615ad22535e7f771690a28,699a80bdb17efe157c861f92c5bf5d1d,,,9112.364476,10.0.2.15,55116,91.121.46.52,443,tcp,20.365336999999272,923.0,5392.0,SF,True,False,0,ShADadTfF,12,1412,15,5996,ssl,0
9113.045383,CYrR5z3ajvRaVdgvm,10.0.2.15,55114,91.121.46.52,443,TLSv12,TLS_ECDHE_RSA_WITH_AES_128_GCM_SHA256,secp384r1,ads.travelaudience.com,False,True,CsxknGIi,"['f63bdf3a23176b2cea8dad6fde175266fbd0bf583434d482a36703c5f32870cc', '02ab57e4e67a0cb48dd2ff34830e8ac40f4476fb08ca6be3f5cd846f646840f0', '4f32d5dc00f715250abcc486511e37f501a899deb3bf7ea8adbbd3aef1c412da']",[],1.0,0ffee3ba8e615ad22535e7f771690a28,699a80bdb17efe157c861f92c5bf5d1d,,,9112.36322,10.0.2.15,55114,91.121.46.52,443,tcp,5.567558000000645,388.0,5100.0,RSTO,True,False,0,ShADadFR,10,796,12,5584,ssl,0
9113.913687,CoHJ0Y1DnweNn1z0yh,10.0.2.15,55120,37.252.172.53,443,TLSv12,TLS_ECDHE_RSA_WITH_AES_256_GCM_SHA384,secp256r1,ib.adnxs.com,False,True,CsxuknGIti,"['5b081650e8034418a37504ce0820892be5a66474578207711eb688243fe1a8f2', '074541ecdf88ed992ed5ade3ecddef27a26ba1b44480a195c0a8dadae2521d8e']",[],1.0,0ffee3ba8e615ad22535e7f771690a28,d53e4608f956df65bb2b8a8c4d3b025d,,,9112.773969,10.0.2.15,55120,37.252.172.53,443,tcp,14.389037000000826,3037.0,5835.0,SF,True,False,0,ShADadfF,12,3525,15,6439,ssl,0
9114.016465,CDPYxB43bhLqaRpv09,10.0.2.15,55125,185.80.37.216,443,TLSv12,TLS_ECDHE_RSA_WITH_AES_128_GCM_SHA256,,a1857.casalemedia.com,True,True,CsiI,,,,1a5fe5677b0e4fbbc854e8908225637d,fbe78c619e7ea20046131294ad087f05,,,9112.780546,10.0.2.15,55125,185.80.37.216,443,tcp,3.7580080000007,3346.0,3578.0,SF,True,False,0,ShADadfF,10,3754,12,4062,ssl,0
9114.017244,C00DQmcb9wRkO6cZ2,10.0.2.15,55124,185.80.37.158,443,TLSv12,TLS_ECDHE_RSA_WITH_AES_128_GCM_SHA256,,a699.casalemedia.com,True,True,CsiI,,,,1a5fe5677b0e4fbbc854e8908225637d,fbe78c619e7ea20046131294ad087f05,,,9112.779704,10.0.2.15,55124,185.80.37.158,443,tcp,3.911921999999322,3347.0,3685.0,SF,True,False,0,ShADadfF,10,3755,12,4169,ssl,0
9114.017965,CAs0cf28cef9CdUxI3,10.0.2.15,55123,185.80.37.176,443,TLSv12,TLS_ECDHE_RSA_WITH_AES_128_GCM_SHA256,,a717.casalemedia.com,True,True,CsiI,,,,1a5fe5677b0e4fbbc854e8908225637d,fbe78c619e7ea20046131294ad087f05,,,9112.777742,10.0.2.15,55123,185.80.37.176,443,tcp,4.128102999999101,3346.0,3685.0,SF,True,False,0,ShADadfF,10,3754,12,4169,ssl,0
9114.018716,CKhumx3fByJHhH3bMf,10.0.2.15,55122,185.80.37.142,443,TLSv12,TLS_ECDHE_RSA_WITH_AES_128_GCM_SHA256,,a683.casalemedia.com,True,True,CsiI,,,,1a5fe5677b0e4fbbc854e8908225637d,fbe78c619e7ea20046131294ad087f05,,,9112.776069,10.0.2.15,55122,185.80.37.142,443,tcp,3.65741700000035,3347.0,3578.0,SF,True,False,0,ShADadfF,10,3755,12,4062,ssl,0
9114.019924,CfwSIq1rZ0S0MlVrv9,10.0.2.15,55121,54.228.198.41,443,TLSv12,TLS_ECDHE_RSA_WITH_AES_128_GCM_SHA256,secp256r1,beacon.krxd.net,False,True,CsxknGIi,"['801848f55bb97f055d1e2f3f6c8094cf12d7b6285a7ed7c20bf39440c6cb5f8e', '973a41276ffd01e027a2aad49e34c37846d3e976ff6a620b6712e33832041aa6', '3a2fbe92891e57fe05d57087f48e730f17e5a5f53ef403d618e5b74d7a7e6ecb', 'c3846bf24b9e93ca64274c0ec67c1ecc5e024ffcacd2d74019350e81fe546ae4']",[],1.0,0ffee3ba8e615ad22535e7f771690a28,303951d4c50efb2e991652225a6f02b1,,,9112.774952,10.0.2.15,55121,54.228.198.41,443,tcp,6.147584000000279,761.0,5273.0,SF,True,False,0,ShADadfF,10,1169,12,5757,ssl,0
9114.282648,CPwRHP30VeJSHti03b,10.0.2.15,55119,54.225.210.20,443,TLSv12,TLS_ECDHE_RSA_WITH_AES_128_GCM_SHA256,secp256r1,tap.rubiconproject.com,False,True,CsxknGIi,"['323de379ee34a94e415f63b56183d0d5d0e5a863f4ac89f97dc40ae81cc021c8', '154c433c491929c5ef686e838e323664a00e6a0d822ccc958fb4dab03e49a08f']",[],1.0,0ffee3ba8e615ad22535e7f771690a28,303951d4c50efb2e991652225a6f02b1,,,9112.773193,10.0.2.15,55119,54.225.210.20,443,tcp,65.58269199999995,5180.0,3602.0,SF,True,False,0,ShADadTFf,20,5994,21,4446,ssl,0
9118.144966,CaE9nsIuNI66K0Cng,10.0.2.15,55130,141.170.25.54,443,TLSv12,TLS_RSA_WITH_AES_128_CBC_SHA,,gcm.ctnsnet.com,False,True,CsxnGIti,"['545b51874de5b6606f99dee1300808eecf6c178d40b5957371bfde96456f36a0', '154c433c491929c5ef686e838e323664a00e6a0d822ccc958fb4dab03e49a08f']",[],1.0,0ffee3ba8e615ad22535e7f771690a28,c67e8b533a9001ce4e36883b8d3489c4,,,9117.616931,10.0.2.15,55130,141.170.25.54,443,tcp,4.091570999999021,1099.0,3684.0,SF,True,False,0,ShADadfF,9,1467,10,4088,ssl,0
9119.408204,CCIoOM1nalBlXtCYwg,10.0.2.15,55138,208.146.36.220,443,TLSv12,TLS_ECDHE_RSA_WITH_AES_256_GCM_SHA384,secp256r1,rp.gwallet.com,False,True,CsxknGIti,"['0c294bffff4c5704168ebbacc49e77745caf228b0f9c52d4f82759d5823f40d2', '19400be5b7a31fb733917700789d2f0a2471c0c9d506c0e504c06c16d7cb17c0']",[],1.0,0ffee3ba8e615ad22535e7f771690a28,e35df3e00ca4ef31d42b34bebaa2f86e,,,9119.08974,10.0.2.15,55138,208.146.36.220,443,tcp,73.26733700000113,1658.0,4424.0,SF,True,False,0,ShADadTfF,19,2432,20,5228,ssl,0
9119.409355,C58Lg11gU29wDSXkk6,10.0.2.15,55137,95.101.245.177,443,TLSv12,TLS_ECDHE_RSA_WITH_AES_256_GCM_SHA384,secp256r1,ssum-sec.casalemedia.com,False,True,CsxknGIti,"['089b510ac565aa1b2f05236cba3421cb755641c1bd4eeb25a856954a4c1d7cfb', '074541ecdf88ed992ed5ade3ecddef27a26ba1b44480a195c0a8dadae2521d8e']",[],1.0,0ffee3ba8e615ad22535e7f771690a28,2b33c1374db4ddf06942f92373c0b54b,http/1.1,,9119.079517,10.0.2.15,55137,95.101.245.177,443,tcp,211.6044299999994,5871.0,6191.0,RSTO,True,False,0,ShADadTTFR,36,7339,36,7635,ssl,0
9119.410241,C55vpq6WQggJKMOR9,10.0.2.15,55136,216.52.1.12,443,TLSv12,TLS_ECDHE_RSA_WITH_AES_128_GCM_SHA256,secp256r1,loadus.exelator.com,False,True,CsxknGIti,"['df7c62f472c1d3b0d062e9ed1c65f67a88aad738cc232a6b40b55a446e9092f9', '973a41276ffd01e027a2aad49e34c37846d3e976ff6a620b6712e33832041aa6', '3a2fbe92891e57fe05d57087f48e730f17e5a5f53ef403d618e5b74d7a7e6ecb', 'c3846bf24b9e93ca64274c0ec67c1ecc5e024ffcacd2d74019350e81fe546ae4']",[],1.0,0ffee3ba8e615ad22535e7f771690a28,ccc514751b175866924439bdbb5bba34,,,9119.078853,10.0.2.15,55136,216.52.1.12,443,tcp,2.961028999998234,4008.0,6271.0,SF,True,False,0,ShADadfF,13,4536,16,6915,ssl,0
9119.411281,CLMTr73OCzbBuhgk3i,10.0.2.15,55135,54.154.184.64,443,TLSv12,TLS_ECDHE_RSA_WITH_AES_128_GCM_SHA256,secp256r1,px.powerlinks.com,False,True,CsxknGIi,"['160a0aea808776b91400bb42d9827daa95a7dee447aa98b56176c0d72d0df190', 'f55f9ffcb83c73453261601c7e044db15a0f034b93c05830f28635ef889cf670', '87dcd4dc74640a322cd205552506d1be64f12596258096544986b4850bc72706', '28689b30e4c306aab53b027b29e36ad6dd1dcf4b953994482ca84bdc1ecac996']",[],1.0,0ffee3ba8e615ad22535e7f771690a28,303951d4c50efb2e991652225a6f02b1,,,9119.077302,10.0.2.15,55135,54.154.184.64,443,tcp,67.97141200000078,1347.0,5390.0,SF,True,False,0,ShADadTFf,18,2081,19,6154,ssl,0
9119.412557,CjTDp547VpGbPrjXqi,10.0.2.15,55134,95.101.245.177,443,TLSv12,TLS_ECDHE_RSA_WITH_AES_256_GCM_SHA384,secp256r1,ssum-sec.casalemedia.com,False,True,CsxknGIti,"['089b510ac565aa1b2f05236cba3421cb755641c1bd4eeb25a856954a4c1d7cfb', '074541ecdf88ed992ed5ade3ecddef27a26ba1b44480a195c0a8dadae2521d8e']",[],1.0,0ffee3ba8e615ad22535e7f771690a28,2b33c1374db4ddf06942f92373c0b54b,http/1.1,,9119.07638,10.0.2.15,55134,95.101.245.177,443,tcp,121.0728820000004,3127.0,5077.0,SF,True,False,0,ShADadTTFfRr,25,4146,26,6121,ssl,0
9119.413391,CMmVMS1boL1Slhi5d4,10.0.2.15,55133,216.52.1.12,443,TLSv12,TLS_ECDHE_RSA_WITH_AES_128_GCM_SHA256,secp256r1,loadus.exelator.com,False,True,CsxknGIti,"['df7c62f472c1d3b0d062e9ed1c65f67a88aad738cc232a6b40b55a446e9092f9', '973a41276ffd01e027a2aad49e34c37846d3e976ff6a620b6712e33832041aa6', '3a2fbe92891e57fe05d57087f48e730f17e5a5f53ef403d618e5b74d7a7e6ecb', 'c3846bf24b9e93ca64274c0ec67c1ecc5e024ffcacd2d74019350e81fe546ae4']",[],1.0,0ffee3ba8e615ad22535e7f771690a28,ccc514751b175866924439bdbb5bba34,,,9119.075369,10.0.2.15,55133,216.52.1.12,443,tcp,2.920881000000008,4009.0,6271.0,SF,True,False,0,ShADadfF,13,4537,15,6875,ssl,0
9119.414353,CqMacJRxAhvyx2k69,10.0.2.15,55132,54.154.184.64,443,TLSv12,TLS_ECDHE_RSA_WITH_AES_128_GCM_SHA256,secp256r1,px.powerlinks.com,False,True,CsxknGIi,"['160a0aea808776b91400bb42d9827daa95a7dee447aa98b56176c0d72d0df190', 'f55f9ffcb83c73453261601c7e044db15a0f034b93c05830f28635ef889cf670', '87dcd4dc74640a322cd205552506d1be64f12596258096544986b4850bc72706', '28689b30e4c306aab53b027b29e36ad6dd1dcf4b953994482ca84bdc1ecac996']",[],1.0,0ffee3ba8e615ad22535e7f771690a28,303951d4c50efb2e991652225a6f02b1,,,9119.073928,10.0.2.15,55132,54.154.184.64,443,tcp,66.4963119999993,1348.0,5390.0,SF,True,False,0,ShADadTFf,17,2042,19,6154,ssl,0
9119.415646,CwOr9O249YFhCUNlm2,10.0.2.15,55131,172.217.23.194,443,TLSv12,TLS_ECDHE_ECDSA_WITH_AES_128_GCM_SHA256,x25519,pagead2.googlesyndication.com,False,True,CsxknGIti,"['7dab2c14c2154b93fe35063ca1c26a233a78ca71cbb2bca391546edc16638392', '9f630426df1d8abfd80ace98871ba833ab9742cb34838de2b5285ed54c0c7dcc', '3c35cc963eb004451323d3275d05b353235053490d9cd83729a2faf5e7ca1cc0']",[],1.0,0ffee3ba8e615ad22535e7f771690a28,84480cf8cf0e732666092640e581e1a5,h2,,9119.072955,10.0.2.15,55131,172.217.23.194,443,tcp,218.5753390000009,1266.0,6333.0,SF,True,False,0,ShADadFf,25,2274,26,7377,ssl,0
9120.904644,Csj1vM3WaQRvLOdiIe,10.0.2.15,55150,31.186.229.68,443,TLSv12,TLS_ECDHE_RSA_WITH_AES_256_GCM_SHA384,secp256r1,node-nl-ao3ohm.sitescout.com,False,True,CsxknGIti,"['f015d4c86fc456a1d84bc3afa7ddb630a34da324037bb1cc3206209a00eae6e4', 'bc3f03a436240edba5f83714f6f677e34b37f9b1f0c08c1e558d981e279e8209']",[],1.0,0ffee3ba8e615ad22535e7f771690a28,758945630046fd37070521b8544d1fe8,,,9120.720661,10.0.2.15,55150,31.186.229.68,443,tcp,7.091589999999996,904.0,2982.0,SF,True,False,0,ShADadfF,10,1312,10,3386,ssl,0
9120.9091,Cxb6dH12AozbUK0IMl,10.0.2.15,55148,62.67.193.93,443,TLSv12,TLS_RSA_WITH_AES_256_CBC_SHA,,token.rubiconproject.com,False,True,CsxnGIi,"['323de379ee34a94e415f63b56183d0d5d0e5a863f4ac89f97dc40ae81cc021c8', '154c433c491929c5ef686e838e323664a00e6a0d822ccc958fb4dab03e49a08f']",[],1.0,0ffee3ba8e615ad22535e7f771690a28,0a917d753018dad73d9899ace370f8d8,,,9120.718864,10.0.2.15,55148,62.67.193.93,443,tcp,90.46546099999978,5465.0,3140.0,SF,True,False,0,ShADadTfF,22,6361,22,4024,ssl,0
9120.90713,C9AiZE44ifmPvCstH8,10.0.2.15,55149,31.186.229.68,443,TLSv12,TLS_ECDHE_RSA_WITH_AES_256_GCM_SHA384,secp256r1,node-nl-ao3ohm.sitescout.com,False,True,CsxknGIti,"['f015d4c86fc456a1d84bc3afa7ddb630a34da324037bb1cc3206209a00eae6e4', 'bc3f03a436240edba5f83714f6f677e34b37f9b1f0c08c1e558d981e279e8209']",[],1.0,0ffee3ba8e615ad22535e7f771690a28,758945630046fd37070521b8544d1fe8,,,9120.719765,10.0.2.15,55149,31.186.229.68,443,tcp,7.524547999999413,893.0,2982.0,SF,True,False,0,ShADadfF,10,1301,10,3386,ssl,0
9120.897559,C4gnk81Q9cOrKEKoKc,10.0.2.15,55153,34.199.172.0,443,TLSv12,TLS_ECDHE_RSA_WITH_AES_128_GCM_SHA256,secp256r1,srv-2017-05-02-01.pixel.parsely.com,False,True,CsxknGIi,"['9ef436fd497ee75524e1cbde374a65ea785dae9777626d083d2076114fa85642', '02ab57e4e67a0cb48dd2ff34830e8ac40f4476fb08ca6be3f5cd846f646840f0', '4f32d5dc00f715250abcc486511e37f501a899deb3bf7ea8adbbd3aef1c412da']",[],1.0,0ffee3ba8e615ad22535e7f771690a28,303951d4c50efb2e991652225a6f02b1,,,9120.731009,10.0.2.15,55153,34.199.172.0,443,tcp,21.6158030000006,2028.0,5389.0,SF,True,False,0,ShADadTFf,14,2597,17,6073,ssl,0
9120.899284,CVdZWDzTdFD1gafH2,10.0.2.15,55152,54.197.254.190,443,TLSv12,TLS_ECDHE_RSA_WITH_AES_128_GCM_SHA256,secp256r1,usermatch.krxd.net,False,True,CsxknGIi,"['801848f55bb97f055d1e2f3f6c8094cf12d7b6285a7ed7c20bf39440c6cb5f8e', '973a41276ffd01e027a2aad49e34c37846d3e976ff6a620b6712e33832041aa6', '3a2fbe92891e57fe05d57087f48e730f17e5a5f53ef403d618e5b74d7a7e6ecb', 'c3846bf24b9e93ca64274c0ec67c1ecc5e024ffcacd2d74019350e81fe546ae4']",[],1.0,0ffee3ba8e615ad22535e7f771690a28,303951d4c50efb2e991652225a6f02b1,,,9120.729488,10.0.2.15,55152,54.197.254.190,443,tcp,121.32581199999912,1570.0,6493.0,SF,True,False,0,ShADadTTFf,26,2629,28,7617,ssl,0
9120.916716,CWH4I93cGIAAmSAkDk,10.0.2.15,55146,93.184.221.207,443,TLSv12,TLS_ECDHE_RSA_WITH_AES_128_GCM_SHA256,secp256r1,cdn01.centro.net,False,True,CsxuknGIti,"['3fba8decd7b61f36510c7826f398e31322ad2efec98185f7a7852a965c86f039', '19400be5b7a31fb733917700789d2f0a2471c0c9d506c0e504c06c16d7cb17c0', '7431e5f4c3c1ce4690774f0b61e05440883ba9a01ed00ba6abd7806ed3b118cf']",[],1.0,0ffee3ba8e615ad22535e7f771690a28,49b45fc1ab090aa3a159778313fc9b9e,h2,,9120.716922,10.0.2.15,55146,93.184.221.207,443,tcp,184.7619169999998,889.0,29057.0,SF,True,False,0,ShADadfF,23,1817,41,30701,ssl,0
9120.913704,CF1YfCF7NZyokSza5,10.0.2.15,55147,54.164.226.139,443,TLSv12,TLS_ECDHE_RSA_WITH_AES_128_GCM_SHA256,secp256r1,q.adrta.com,False,True,CsxknGIi,"['09a1e8b326b03362881f1a4460fe5adb748d3819b80a97c2518ed1fde1791708', '02ab57e4e67a0cb48dd2ff34830e8ac40f4476fb08ca6be3f5cd846f646840f0', '4f32d5dc00f715250abcc486511e37f501a899deb3bf7ea8adbbd3aef1c412da']",[],1.0,0ffee3ba8e615ad22535e7f771690a28,303951d4c50efb2e991652225a6f02b1,,,9120.717842,10.0.2.15,55147,54.164.226.139,443,tcp,66.73263299999962,721.0,6008.0,SF,True,False,0,ShADadTFf,16,1374,19,6772,ssl,0
9120.922431,C4yBACUuOqTIGPlzi,10.0.2.15,55142,54.228.198.41,443,TLSv12,TLS_ECDHE_RSA_WITH_AES_128_GCM_SHA256,,beacon.krxd.net,True,True,CsiI,,,,0ffee3ba8e615ad22535e7f771690a28,303951d4c50efb2e991652225a6f02b1,,,9120.713348,10.0.2.15,55142,54.228.198.41,443,tcp,5.546725000000151,703.0,707.0,SF,True,False,0,ShADadFf,10,1111,9,1071,ssl,0
9120.923239,CtQSTh3ndKHgf3ICa7,10.0.2.15,55141,54.228.198.41,443,TLSv12,TLS_ECDHE_RSA_WITH_AES_128_GCM_SHA256,,beacon.krxd.net,True,True,CsiI,,,,0ffee3ba8e615ad22535e7f771690a28,303951d4c50efb2e991652225a6f02b1,,,9120.711112,10.0.2.15,55141,54.228.198.41,443,tcp,5.674314999998387,718.0,708.0,SF,True,False,0,ShADadFf,10,1126,9,1072,ssl,0
9120.91933,CzjRq92zcYRTFlB7fb,10.0.2.15,55144,31.186.229.68,443,TLSv12,TLS_ECDHE_RSA_WITH_AES_256_GCM_SHA384,secp256r1,node-nl-ao3ohm.sitescout.com,False,True,CsxknGIti,"['f015d4c86fc456a1d84bc3afa7ddb630a34da324037bb1cc3206209a00eae6e4', 'bc3f03a436240edba5f83714f6f677e34b37f9b1f0c08c1e558d981e279e8209']",[],1.0,0ffee3ba8e615ad22535e7f771690a28,758945630046fd37070521b8544d1fe8,,,9120.71558,10.0.2.15,55144,31.186.229.68,443,tcp,7.704005999999936,362.0,2982.0,SF,True,False,0,ShADadfF,9,730,9,3346,ssl,0
9120.924093,CoLWjp1QmcNLzltrC9,10.0.2.15,55140,54.228.198.41,443,TLSv12,TLS_ECDHE_RSA_WITH_AES_128_GCM_SHA256,,beacon.krxd.net,True,True,CsiI,,,,0ffee3ba8e615ad22535e7f771690a28,303951d4c50efb2e991652225a6f02b1,,,9120.70009,10.0.2.15,55140,54.228.198.41,443,tcp,5.27971400000024,275.0,176.0,SF,True,False,0,ShADadFf,8,603,7,460,ssl,0
9121.069124,C2m8uR19yTedq1GMWg,10.0.2.15,55157,172.217.23.238,443,TLSv12,TLS_ECDHE_ECDSA_WITH_AES_128_GCM_SHA256,,encrypted-tbn1.gstatic.com,True,True,CsiI,,,,1a5fe5677b0e4fbbc854e8908225637d,c23237dbea656869600e48dfbd00ab7b,h2,,9120.733234,10.0.2.15,55157,172.217.23.238,443,tcp,285.46763199999987,1913.0,22194.0,SF,True,False,0,ShADadFf,33,3241,46,24038,ssl,0
9121.074846,Cx3zSm7exap9ajZBe,10.0.2.15,55156,172.217.23.238,443,TLSv12,TLS_ECDHE_ECDSA_WITH_AES_128_GCM_SHA256,,encrypted-tbn0.gstatic.com,True,True,CsiI,,,,1a5fe5677b0e4fbbc854e8908225637d,c23237dbea656869600e48dfbd00ab7b,h2,,9120.73247,10.0.2.15,55156,172.217.23.238,443,tcp,192.1948319999992,1456.0,20636.0,SF,True,False,0,ShADadFf,29,2624,40,22240,ssl,0
9120.921429,CO62go4TSjh6RJV4Jj,10.0.2.15,55143,31.186.229.68,443,TLSv12,TLS_ECDHE_RSA_WITH_AES_256_GCM_SHA384,secp256r1,node-nl-ao3ohm.sitescout.com,False,True,CsxknGIti,"['f015d4c86fc456a1d84bc3afa7ddb630a34da324037bb1cc3206209a00eae6e4', 'bc3f03a436240edba5f83714f6f677e34b37f9b1f0c08c1e558d981e279e8209']",[],1.0,0ffee3ba8e615ad22535e7f771690a28,758945630046fd37070521b8544d1fe8,,,9120.714694,10.0.2.15,55143,31.186.229.68,443,tcp,7.712235999999393,362.0,2982.0,SF,True,False,0,ShADadfF,9,730,9,3346,ssl,0
9120.917738,CV67N64tM32BrISdfg,10.0.2.15,55145,209.15.36.21,443,TLSv12,TLS_ECDHE_RSA_WITH_AES_256_CBC_SHA,secp256r1,pixel.sitescout.com,False,True,CsxknGIti,"['f015d4c86fc456a1d84bc3afa7ddb630a34da324037bb1cc3206209a00eae6e4', 'bc3f03a436240edba5f83714f6f677e34b37f9b1f0c08c1e558d981e279e8209']",[],1.0,1a5fe5677b0e4fbbc854e8908225637d,63a37e7be22df054d1f448fc0c28b98f,,,9120.716297,10.0.2.15,55145,209.15.36.21,443,tcp,8.4342719999986,1168.0,3304.0,SF,True,False,0,ShADadfF,9,1536,10,3708,ssl,0
9127.030561,CClyHX2zhwBtBeDWhf,10.0.2.15,55162,172.217.23.194,443,TLSv12,TLS_ECDHE_ECDSA_WITH_AES_128_GCM_SHA256,,pagead2.googlesyndication.com,True,True,CsiI,,,,1a5fe5677b0e4fbbc854e8908225637d,c23237dbea656869600e48dfbd00ab7b,h2,,9126.50225,10.0.2.15,55162,172.217.23.194,443,tcp,323.948491000001,8985.0,3695.0,SF,True,False,0,ShADadFf,70,11793,87,7179,ssl,0
9128.963841,CmHpfa3hBvDpE4ikR9,10.0.2.15,55165,172.217.23.238,443,TLSv12,TLS_ECDHE_ECDSA_WITH_AES_128_GCM_SHA256,x25519,contributor.google.com,False,True,CsxknGIti,"['11ddd329046367c19b32ffdb02ed308de129de4d6ffcf95856d7bd6a7accfba9', '9f630426df1d8abfd80ace98871ba833ab9742cb34838de2b5285ed54c0c7dcc', '3c35cc963eb004451323d3275d05b353235053490d9cd83729a2faf5e7ca1cc0']",[],1.0,0ffee3ba8e615ad22535e7f771690a28,84480cf8cf0e732666092640e581e1a5,h2,,9128.544323,10.0.2.15,55165,172.217.23.238,443,tcp,193.11125999999967,1118.0,5082.0,SF,True,False,0,ShADadFf,22,2006,26,6126,ssl,0
9128.960227,CWNGvM3b2r0EgW6np9,10.0.2.15,55166,77.238.185.35,443,TLSv12,TLS_ECDHE_RSA_WITH_AES_128_GCM_SHA256,secp256r1,pr-bh.ybp.yahoo.com,False,True,CsxknGIti,"['c559338a744fd74f4c99482ace0a700b4162fbc35b45b65ac24e779b808fefdf', 'eae72eb454bf6c3977ebd289e970b2f5282949190093d0d26f98d0f0d6a9cf17', '8420dfbe376f414bf4c0a81e6936d24ccc03f304835b86c7a39142fca723a689']",[],1.0,1a5fe5677b0e4fbbc854e8908225637d,b898351eb5e266aefd3723d466935494,http/1.1,,9128.54539,10.0.2.15,55166,77.238.185.35,443,tcp,12.324571000001017,1896.0,5364.0,SF,True,False,0,ShADadfF,13,2424,16,6008,ssl,0
9130.335661,CGm11KN2Zp1ozl9W4,10.0.2.15,55170,54.228.198.41,443,TLSv12,TLS_ECDHE_RSA_WITH_AES_128_GCM_SHA256,,beacon.krxd.net,True,True,CsiI,,,,0ffee3ba8e615ad22535e7f771690a28,303951d4c50efb2e991652225a6f02b1,,,9129.841906,10.0.2.15,55170,54.228.198.41,443,tcp,4.508551000000807,3083.0,1238.0,SF,True,False,0,ShADadFf,12,3571,12,1722,ssl,0
9130.336814,Col3bJg8E47WrMAN8,10.0.2.15,55169,95.101.245.177,443,TLSv12,TLS_ECDHE_RSA_WITH_AES_256_GCM_SHA384,secp256r1,dsum-sec.casalemedia.com,False,True,CsxknGIti,"['089b510ac565aa1b2f05236cba3421cb755641c1bd4eeb25a856954a4c1d7cfb', '074541ecdf88ed992ed5ade3ecddef27a26ba1b44480a195c0a8dadae2521d8e']",[],1.0,0ffee3ba8e615ad22535e7f771690a28,2b33c1374db4ddf06942f92373c0b54b,http/1.1,,9129.841163,10.0.2.15,55169,95.101.245.177,443,tcp,275.13994600000115,8485.0,7477.0,SF,True,False,0,ShADadTTFf,44,10278,46,9321,ssl,0
9130.337587,CtQCmhvOTZByj34G3,10.0.2.15,55168,95.101.245.177,443,TLSv12,TLS_ECDHE_RSA_WITH_AES_256_GCM_SHA384,secp256r1,dsum-sec.casalemedia.com,False,True,CsxknGIti,"['089b510ac565aa1b2f05236cba3421cb755641c1bd4eeb25a856954a4c1d7cfb', '074541ecdf88ed992ed5ade3ecddef27a26ba1b44480a195c0a8dadae2521d8e']",[],1.0,0ffee3ba8e615ad22535e7f771690a28,2b33c1374db4ddf06942f92373c0b54b,http/1.1,,9129.840369,10.0.2.15,55168,95.101.245.177,443,tcp,122.55872400000044,3122.0,4280.0,RSTO,True,False,0,ShADadTTFR,24,4101,24,5244,ssl,0
9130.691,CstWbF2QDC3SkEIlL,10.0.2.15,55172,31.186.229.68,443,TLSv12,TLS_ECDHE_RSA_WITH_AES_256_GCM_SHA384,,node-nl-ao3ohm.sitescout.com,True,True,CsiI,,,,1a5fe5677b0e4fbbc854e8908225637d,364ff14b04ef93c3b4cfa429d729c0d9,,,9130.220062,10.0.2.15,55172,31.186.229.68,443,tcp,1.941231999999217,1099.0,824.0,SF,True,False,0,ShADadfF,7,1387,9,1188,ssl,0
9130.69375,CZNed126TuTJHAgILg,10.0.2.15,55171,31.186.229.68,443,TLSv12,TLS_ECDHE_RSA_WITH_AES_256_GCM_SHA384,,node-nl-ao3ohm.sitescout.com,True,True,CsiI,,,,1a5fe5677b0e4fbbc854e8908225637d,364ff14b04ef93c3b4cfa429d729c0d9,,,9130.12155,10.0.2.15,55171,31.186.229.68,443,tcp,2.156436999999641,1110.0,507.0,SF,True,False,0,ShADadfF,7,1398,8,831,ssl,0
9130.894005,CgkNpF2clzCTUjbXPb,10.0.2.15,55179,52.210.15.176,443,TLSv12,TLS_ECDHE_RSA_WITH_AES_128_GCM_SHA256,secp256r1,ad.crwdcntrl.net,False,True,CsxknGIi,"['131513af4a65033acc7234be892849a35819b02b70aba4c428c133a0a88fdd2e', '973a41276ffd01e027a2aad49e34c37846d3e976ff6a620b6712e33832041aa6', '3a2fbe92891e57fe05d57087f48e730f17e5a5f53ef403d618e5b74d7a7e6ecb', 'c3846bf24b9e93ca64274c0ec67c1ecc5e024ffcacd2d74019350e81fe546ae4']",[],1.0,0ffee3ba8e615ad22535e7f771690a28,303951d4c50efb2e991652225a6f02b1,,,9130.342901,10.0.2.15,55179,52.210.15.176,443,tcp,64.77878500000043,2861.0,6112.0,SF,True,False,0,ShADadTFf,18,3595,21,6956,ssl,0
9130.904131,CHc7cw2HnMVwxjoi2k,10.0.2.15,55175,23.74.27.178,443,TLSv12,TLS_ECDHE_RSA_WITH_AES_256_GCM_SHA384,,video.unrulymedia.com,True,True,CsiI,,,,1a5fe5677b0e4fbbc854e8908225637d,410b9bedaf65dd26c6fe547154d60db4,http/1.1,,9130.340228,10.0.2.15,55175,23.74.27.178,443,tcp,7.269662000000608,599.0,183.0,SF,True,False,0,ShADadFfRr,8,927,9,547,ssl,0
9130.896491,CQ887m24f833sNxTj,10.0.2.15,55178,54.229.108.139,443,TLSv12,TLS_ECDHE_RSA_WITH_AES_128_GCM_SHA256,secp256r1,e.visualdna.com,False,True,CsxknGIi,"['b2198e7f930861fb065ceefc27cda6fb608e9870aee420741cd3b8a3ce32cd66', 'e6683e88315cd1cb403c0cea490f7c4b4c82c91cd485037489aadbaa90839f61']",[],1.0,0ffee3ba8e615ad22535e7f771690a28,303951d4c50efb2e991652225a6f02b1,,,9130.342082,10.0.2.15,55178,54.229.108.139,443,tcp,66.44089000000167,1322.0,3786.0,SF,True,False,0,ShADadTFf,16,1976,18,4510,ssl,0
9130.903089,Caw74e1tb1WbAclRm,10.0.2.15,55176,52.30.184.164,443,TLSv12,TLS_ECDHE_RSA_WITH_AES_128_GCM_SHA256,secp256r1,bcp.crwdcntrl.net,False,True,CsxknGIi,"['131513af4a65033acc7234be892849a35819b02b70aba4c428c133a0a88fdd2e', '973a41276ffd01e027a2aad49e34c37846d3e976ff6a620b6712e33832041aa6', '3a2fbe92891e57fe05d57087f48e730f17e5a5f53ef403d618e5b74d7a7e6ecb', 'c3846bf24b9e93ca64274c0ec67c1ecc5e024ffcacd2d74019350e81fe546ae4']",[],1.0,0ffee3ba8e615ad22535e7f771690a28,303951d4c50efb2e991652225a6f02b1,,,9130.340772,10.0.2.15,55176,52.30.184.164,443,tcp,66.04649299999983,2937.0,8231.0,SF,True,False,0,ShADadTFf,19,3711,23,9155,ssl,0
9130.905614,CHhBD94crr6eKArAJc,10.0.2.15,55174,54.170.4.11,443,TLSv12,TLS_RSA_WITH_AES_128_CBC_SHA,,targeting.unrulymedia.com,False,True,CsxnGIi,"['e571c1b63efd2ad8e30551275b2763465c7e99efdeea2370694189949d21cc5c', '154c433c491929c5ef686e838e323664a00e6a0d822ccc958fb4dab03e49a08f']",[],1.0,0ffee3ba8e615ad22535e7f771690a28,573a9f3f80037fb40d481e2054def5bb,,,9130.33966,10.0.2.15,55174,54.170.4.11,443,tcp,5.953483000001143,1157.0,2725.0,SF,True,False,0,ShADadfF,9,1525,10,3129,ssl,0
9130.898854,CQuBxV3wBPck5Md2Ff,10.0.2.15,55177,52.7.1.164,443,TLSv12,TLS_ECDHE_RSA_WITH_AES_128_GCM_SHA256,secp256r1,idsync.rlcdn.com,False,True,CsxknGIi,"['7c75ac9ac997d5af7e63eee4070015e373d07d15fa206505a14434fb86a90686', '973a41276ffd01e027a2aad49e34c37846d3e976ff6a620b6712e33832041aa6', '3a2fbe92891e57fe05d57087f48e730f17e5a5f53ef403d618e5b74d7a7e6ecb', 'c3846bf24b9e93ca64274c0ec67c1ecc5e024ffcacd2d74019350e81fe546ae4']",[],1.0,0ffee3ba8e615ad22535e7f771690a28,303951d4c50efb2e991652225a6f02b1,,,9130.341369,10.0.2.15,55177,52.7.1.164,443,tcp,65.74909900000057,1480.0,6805.0,SF,True,False,0,ShADadTFf,16,2133,19,7569,ssl,0
9132.060945,CpBltC3ykkxO91I1Ka,10.0.2.15,55182,54.228.198.41,443,TLSv12,TLS_ECDHE_RSA_WITH_AES_128_GCM_SHA256,,beacon.krxd.net,True,True,CsiI,,,,0ffee3ba8e615ad22535e7f771690a28,303951d4c50efb2e991652225a6f02b1,,,9131.789027,10.0.2.15,55182,54.228.198.41,443,tcp,3.607436999998754,275.0,176.0,SF,True,False,0,ShADadFf,7,563,7,460,ssl,0
9141.856822,CtDR8C3KzGFSXYFLK,10.0.2.15,55197,172.217.23.238,443,TLSv12,TLS_ECDHE_RSA_WITH_AES_128_GCM_SHA256,x25519,p.d.2enm.com,False,True,CsxknGIti,"['9396bb57b64784309586fc8d0cb361d0ed4e06c955852c15acb98e6e81e441a5', '9f630426df1d8abfd80ace98871ba833ab9742cb34838de2b5285ed54c0c7dcc', '3c35cc963eb004451323d3275d05b353235053490d9cd83729a2faf5e7ca1cc0']",[],1.0,0ffee3ba8e615ad22535e7f771690a28,ab41313cfec25328b20865eb1388e0a2,h2,,9141.343928,10.0.2.15,55197,172.217.23.238,443,tcp,195.9537939999991,1549.0,27854.0,SF,True,False,0,ShADadFf,32,2837,50,29858,ssl,0
9141.859081,C8q2sB4ATet2vdT6L2,10.0.2.15,55196,172.217.23.238,443,TLSv12,TLS_ECDHE_RSA_WITH_AES_128_GCM_SHA256,x25519,p.d.2enm.com,False,True,CsxknGIti,"['9396bb57b64784309586fc8d0cb361d0ed4e06c955852c15acb98e6e81e441a5', '9f630426df1d8abfd80ace98871ba833ab9742cb34838de2b5285ed54c0c7dcc', '3c35cc963eb004451323d3275d05b353235053490d9cd83729a2faf5e7ca1cc0']",[],1.0,0ffee3ba8e615ad22535e7f771690a28,ab41313cfec25328b20865eb1388e0a2,h2,,9141.343159,10.0.2.15,55196,172.217.23.238,443,tcp,5.572351000000708,843.0,4884.0,SF,True,False,0,ShADadFf,15,1451,16,5528,ssl,0
9142.936831,Cd8A0w4UQu5QENiyfi,10.0.2.15,55200,54.170.4.11,443,TLSv12,TLS_RSA_WITH_AES_128_CBC_SHA,,targeting.unrulymedia.com,True,True,CsiI,,,,0ffee3ba8e615ad22535e7f771690a28,573a9f3f80037fb40d481e2054def5bb,,,9142.695603,10.0.2.15,55200,54.170.4.11,443,tcp,2.839555999998992,922.0,923.0,SF,True,False,0,ShADadfF,8,1250,9,1287,ssl,0
9142.940369,Csy4FB39BStdqXBYV1,10.0.2.15,55205,54.170.4.11,443,TLSv12,TLS_RSA_WITH_AES_128_CBC_SHA,,targeting.unrulymedia.com,True,True,CsiI,,,,0ffee3ba8e615ad22535e7f771690a28,573a9f3f80037fb40d481e2054def5bb,,,9142.701748,10.0.2.15,55205,54.170.4.11,443,tcp,3.147050999999919,2074.0,683.0,SF,True,False,0,ShADadfF,9,2442,10,1087,ssl,0
9143.147491,CqXGuk3ge4RFXrP8u1,10.0.2.15,55209,34.199.172.0,443,TLSv12,TLS_ECDHE_RSA_WITH_AES_128_GCM_SHA256,,srv-2017-05-02-01.pixel.parsely.com,True,True,CsiI,,,,0ffee3ba8e615ad22535e7f771690a28,303951d4c50efb2e991652225a6f02b1,,,9142.834232,10.0.2.15,55209,34.199.172.0,443,tcp,11.429736000000048,1107.0,434.0,SF,True,False,0,ShADadTFf,9,1476,10,838,ssl,0
9143.162615,Cs9n8h3SmTgTzdy5B6,10.0.2.15,55207,199.16.156.9,443,TLSv12,TLS_ECDHE_RSA_WITH_AES_128_GCM_SHA256,secp256r1,analytics.twitter.com,False,True,CsxknGIti,"['d73ceb7605c00e14e0bb87516ddc2a48c8ba71d10920ec2c7d6680c42d3cdba0', '19400be5b7a31fb733917700789d2f0a2471c0c9d506c0e504c06c16d7cb17c0']",[],1.0,0ffee3ba8e615ad22535e7f771690a28,8d2a028aa94425f76ced7826b1f39039,h2,,9142.824448,10.0.2.15,55207,199.16.156.9,443,tcp,429.4876140000015,1782.0,5571.0,SF,True,False,0,ShADadFfRr,33,3110,37,7055,ssl,0
9148.478104,CyVVL7IBRrhwgvH34,10.0.2.15,55217,54.192.93.22,443,TLSv12,TLS_ECDHE_RSA_WITH_AES_128_GCM_SHA256,,p.cpx.to,True,True,CsiI,,,,1a5fe5677b0e4fbbc854e8908225637d,d199ba0af2b08e204c73d6d81a1fd260,http/1.1,,9147.997349,10.0.2.15,55217,54.192.93.22,443,tcp,119.7714620000006,945.0,1687.0,SF,True,False,0,ShADadTTFf,21,1804,21,2531,ssl,0
9148.574699,Ce7BT44lLxXHru8xz2,10.0.2.15,55214,54.192.93.22,443,TLSv12,TLS_ECDHE_RSA_WITH_AES_128_GCM_SHA256,,p.cpx.to,True,True,CsiI,,,,1a5fe5677b0e4fbbc854e8908225637d,d199ba0af2b08e204c73d6d81a1fd260,http/1.1,,9147.994355,10.0.2.15,55214,54.192.93.22,443,tcp,6.787917999999991,599.0,156.0,SF,True,False,0,ShADadFf,8,927,7,440,ssl,0
9149.856815,CP5REq2iY2yGWRohm,10.0.2.15,55224,52.17.141.148,443,TLSv12,TLS_ECDHE_RSA_WITH_AES_128_GCM_SHA256,secp256r1,t.skimresources.com,False,True,CsxknGIi,"['1a611f2a3f3fdc248d84b3738af1c96f26d3141bbc74ed02f544728bf0a5d068', '154c433c491929c5ef686e838e323664a00e6a0d822ccc958fb4dab03e49a08f']",[],1.0,0ffee3ba8e615ad22535e7f771690a28,303951d4c50efb2e991652225a6f02b1,,,9149.521495,10.0.2.15,55224,52.17.141.148,443,tcp,103.91755899999951,4003.0,4146.0,SF,True,False,0,ShADadTTFf,24,4981,26,5190,ssl,0
9149.857827,C6tAlj3CmmoYed2ePa,10.0.2.15,55225,52.17.141.148,443,TLSv12,TLS_ECDHE_RSA_WITH_AES_128_GCM_SHA256,secp256r1,t.skimresources.com,False,True,CsxknGIi,"['1a611f2a3f3fdc248d84b3738af1c96f26d3141bbc74ed02f544728bf0a5d068', '154c433c491929c5ef686e838e323664a00e6a0d822ccc958fb4dab03e49a08f']",[],1.0,0ffee3ba8e615ad22535e7f771690a28,303951d4c50efb2e991652225a6f02b1,,,9149.523907,10.0.2.15,55225,52.17.141.148,443,tcp,103.9040049999985,4014.0,4146.0,SF,True,False,0,ShADadTTFf,23,4952,25,5150,ssl,0
9149.99449,C9tURXQErLvnQ8lrf,10.0.2.15,55226,162.247.242.18,443,TLSv12,TLS_DHE_RSA_WITH_AES_256_CBC_SHA,,bam.nr-data.net,False,True,CsxknGIi,"['e7489ed1f465ba2b3ce0faef3a43a3895cd097733dbb5b713df8b299270ca145', '074541ecdf88ed992ed5ade3ecddef27a26ba1b44480a195c0a8dadae2521d8e']",[],1.0,0ffee3ba8e615ad22535e7f771690a28,d90fa179c9daf35598ed8341272118f7,,,9149.658829,10.0.2.15,55226,162.247.242.18,443,tcp,150.24670399999923,9951.0,4136.0,SF,True,False,0,ShADadTTfF,34,11332,35,5540,ssl,0
9150.620636,CMMRCD46sCgIPTMagc,10.0.2.15,55228,104.94.34.85,443,TLSv12,TLS_ECDHE_RSA_WITH_AES_256_GCM_SHA384,,www.thesun.co.uk,True,True,CsiI,,,,1a5fe5677b0e4fbbc854e8908225637d,410b9bedaf65dd26c6fe547154d60db4,h2,,9150.487449,10.0.2.15,55228,104.94.34.85,443,tcp,1.2078050000000071,2286.0,4219.0,SF,True,False,0,ShADadFfRr,14,2854,18,4943,ssl,0
9150.557893,CyaNm92OKwkVgdTiW4,10.0.2.15,55227,162.247.242.18,443,TLSv12,TLS_DHE_RSA_WITH_AES_256_CBC_SHA,,bam.nr-data.net,False,True,CsxknGIi,"['e7489ed1f465ba2b3ce0faef3a43a3895cd097733dbb5b713df8b299270ca145', '074541ecdf88ed992ed5ade3ecddef27a26ba1b44480a195c0a8dadae2521d8e']",[],1.0,0ffee3ba8e615ad22535e7f771690a28,d90fa179c9daf35598ed8341272118f7,,,9150.143599,10.0.2.15,55227,162.247.242.18,443,tcp,8.975294999998368,459.0,3476.0,SF,True,False,0,ShADadFf,9,827,10,3880,ssl,0
9150.979287,CnxFce300r1KMoP35g,10.0.2.15,55232,37.252.172.27,443,TLSv12,TLS_ECDHE_RSA_WITH_AES_256_GCM_SHA384,secp256r1,secure.adnxs.com,False,True,CsxuknGIti,"['5b081650e8034418a37504ce0820892be5a66474578207711eb688243fe1a8f2', '074541ecdf88ed992ed5ade3ecddef27a26ba1b44480a195c0a8dadae2521d8e']",[],1.0,0ffee3ba8e615ad22535e7f771690a28,d53e4608f956df65bb2b8a8c4d3b025d,,,9150.622916,10.0.2.15,55232,37.252.172.27,443,tcp,8.388144999998985,382.0,4867.0,SF,True,False,0,ShADadFf,10,790,11,5311,ssl,0
9152.162615,C7beGSoNfycfaomTa,10.0.2.15,55235,104.94.34.85,443,TLSv12,TLS_ECDHE_RSA_WITH_AES_256_GCM_SHA384,,www.thesun.co.uk,True,True,CsiI,,,,1a5fe5677b0e4fbbc854e8908225637d,410b9bedaf65dd26c6fe547154d60db4,h2,,9152.138321,10.0.2.15,55235,104.94.34.85,443,tcp,223.7393739999989,8052.0,324263.0,SF,True,False,0,ShADadFfRr,116,12700,316,336907,ssl,0
9155.29049,CXgP5k3CQB8KUltcb8,10.0.2.15,55247,63.140.38.156,443,TLSv12,TLS_ECDHE_RSA_WITH_AES_256_GCM_SHA384,,smetrics.news.co.uk,True,True,CsiI,,,,0ffee3ba8e615ad22535e7f771690a28,28ef90cc3d9d08c96a8a2cb6f365a79e,,,9154.663157,10.0.2.15,55247,63.140.38.156,443,tcp,8.610966999998709,310.0,147.0,SF,True,False,0,ShADadFf,7,598,7,431,ssl,0
9155.293187,ChRuGl4FWmHIYoKtt,10.0.2.15,55248,34.199.172.0,443,TLSv12,TLS_ECDHE_RSA_WITH_AES_128_GCM_SHA256,,srv-2017-05-02-01.pixel.parsely.com,True,True,CsiI,,,,0ffee3ba8e615ad22535e7f771690a28,303951d4c50efb2e991652225a6f02b1,,,9154.727761,10.0.2.15,55248,34.199.172.0,443,tcp,8.521677999999156,326.0,176.0,SF,True,False,0,ShADadFfRr,8,654,9,540,ssl,0
9160.102173,CVPoGnpla6mVunCf7,10.0.2.15,55255,52.85.185.34,443,TLSv12,TLS_ECDHE_RSA_WITH_AES_128_GCM_SHA256,,cdn.livefyre.com,True,True,CsiI,,,,1a5fe5677b0e4fbbc854e8908225637d,d199ba0af2b08e204c73d6d81a1fd260,http/1.1,,9159.006071,10.0.2.15,55255,52.85.185.34,443,tcp,6.717372000000978,599.0,156.0,SF,True,False,0,ShADadFf,8,927,7,440,ssl,0
9160.104182,CcXm7G12tmbXjHByBc,10.0.2.15,55258,172.217.23.194,443,TLSv12,TLS_ECDHE_RSA_WITH_AES_128_GCM_SHA256,,www.googletagservices.com,True,True,CsiI,,,,1a5fe5677b0e4fbbc854e8908225637d,67619a80665d7ab92d1041b1d11f9164,h2,,9159.016735,10.0.2.15,55258,172.217.23.194,443,tcp,195.23604700000035,984.0,430.0,SF,True,False,0,ShADadFf,18,1712,19,1194,ssl,0
9160.106445,CGnXuY2XsL4pPqBCjb,10.0.2.15,55256,54.192.95.240,443,TLSv12,TLS_ECDHE_RSA_WITH_AES_128_GCM_SHA256,,c.amazon-adsystem.com,True,True,CsiI,,,,1a5fe5677b0e4fbbc854e8908225637d,d199ba0af2b08e204c73d6d81a1fd260,http/1.1,,9159.007291,10.0.2.15,55256,54.192.95.240,443,tcp,6.706431000000521,599.0,156.0,SF,True,False,0,ShADadFf,8,927,7,440,ssl,0
9160.105416,C9uZZ1hDoX5uyprb5,10.0.2.15,55257,178.250.2.74,443,TLSv12,TLS_ECDHE_RSA_WITH_AES_256_GCM_SHA384,secp256r1,static.criteo.net,False,True,CsxknGIi,"['a53dd8cd1b9752c487c3339127e3f77ac7434d43b66db4a373f9df5da010c22f', 'eae72eb454bf6c3977ebd289e970b2f5282949190093d0d26f98d0f0d6a9cf17']",[],1.0,0ffee3ba8e615ad22535e7f771690a28,a9e3ed16ee3208291487c8d2aa2ad924,,,9159.008155,10.0.2.15,55257,178.250.2.74,443,tcp,18.71053000000029,383.0,3496.0,SF,True,False,0,ShADadFTf,11,832,11,3940,ssl,0
9160.103475,CfAv8V3ajaFdxZnwik,10.0.2.15,55259,54.243.176.213,443,TLSv12,TLS_ECDHE_RSA_WITH_AES_128_GCM_SHA256,secp256r1,3492460660.log.optimizely.com,False,True,CsxknGIi,"['720a04382d93aa8932b95cc755b9fbaab1b6a01d85399736cf4d5a4607e41172', '19400be5b7a31fb733917700789d2f0a2471c0c9d506c0e504c06c16d7cb17c0', '7431e5f4c3c1ce4690774f0b61e05440883ba9a01ed00ba6abd7806ed3b118cf']",[],1.0,0ffee3ba8e615ad22535e7f771690a28,303951d4c50efb2e991652225a6f02b1,,,9159.018742,10.0.2.15,55259,54.243.176.213,443,tcp,66.11088000000018,1058.0,5070.0,SF,True,False,0,ShADadTFf,17,1752,18,5794,ssl,0
9160.91615,CFeNbh1cMjnd78wFAe,10.0.2.15,55263,52.94.220.16,443,TLSv12,TLS_ECDHE_RSA_WITH_AES_128_GCM_SHA256,secp256r1,aax.amazon-adsystem.com,False,True,CsxuknGIi,"['0b4e7df09d4f64b59af32ee16a71ad7d8947ded5f2a2bd4acfcc9f187fdf36c9', 'eae72eb454bf6c3977ebd289e970b2f5282949190093d0d26f98d0f0d6a9cf17']",[],1.0,0ffee3ba8e615ad22535e7f771690a28,2b1f517a72b7346c86d59ef328167d49,,,9160.11147,10.0.2.15,55263,52.94.220.16,443,tcp,67.47772400000031,759.0,5315.0,SF,True,False,0,ShADadTfF,17,1453,20,6119,ssl,0
9160.917174,CpaTZWgiC65wOVPQe,10.0.2.15,55262,89.145.95.51,443,TLSv12,TLS_ECDHE_RSA_WITH_AES_128_GCM_SHA256,secp256r1,newscorp.grapeshot.co.uk,False,True,CsxknGIi,"['c6810593511f473d3d1068f910ebb6de0df82fed730b092658b32e84c7b7484b', 'ee793643199474ed60efdc8ccde4d37445921683593aa751bbf8ee491a391e97']",[],1.0,0ffee3ba8e615ad22535e7f771690a28,699a80bdb17efe157c861f92c5bf5d1d,,,9160.108636,10.0.2.15,55262,89.145.95.51,443,tcp,12.531277000000046,732.0,3787.0,SF,True,False,0,ShADadfF,11,1180,12,4271,ssl,0
9160.924184,CsE45436o3yOlH6sgc,10.0.2.15,55272,37.252.172.27,443,TLSv12,TLS_ECDHE_RSA_WITH_AES_256_GCM_SHA384,,secure.adnxs.com,True,True,CsiI,,,,1a5fe5677b0e4fbbc854e8908225637d,266bd998df907f9d5064d7f4c208b200,,,9160.118178,10.0.2.15,55272,37.252.172.27,443,tcp,11.664810999998735,3407.0,4757.0,SF,True,False,0,ShADadfF,11,3855,14,5321,ssl,0
9160.924918,CMCWdj1pHVebqzAC2e,10.0.2.15,55271,37.252.172.27,443,TLSv12,TLS_ECDHE_RSA_WITH_AES_256_GCM_SHA384,,secure.adnxs.com,True,True,CsiI,,,,1a5fe5677b0e4fbbc854e8908225637d,266bd998df907f9d5064d7f4c208b200,,,9160.117649,10.0.2.15,55271,37.252.172.27,443,tcp,11.666525000000547,3406.0,4750.0,SF,True,False,0,ShADadfF,11,3854,13,5274,ssl,0
9160.925422,CudnHn2yjygoSx4NS9,10.0.2.15,55270,37.252.172.27,443,TLSv12,TLS_ECDHE_RSA_WITH_AES_256_GCM_SHA384,,secure.adnxs.com,True,True,CsiI,,,,1a5fe5677b0e4fbbc854e8908225637d,266bd998df907f9d5064d7f4c208b200,,,9160.116839,10.0.2.15,55270,37.252.172.27,443,tcp,11.67421099999956,3407.0,4757.0,SF,True,False,0,ShADadfF,11,3855,14,5321,ssl,0
9160.927533,CCxTRN1winCaGiiThb,10.0.2.15,55269,37.252.172.27,443,TLSv12,TLS_ECDHE_RSA_WITH_AES_256_GCM_SHA384,,secure.adnxs.com,True,True,CsiI,,,,1a5fe5677b0e4fbbc854e8908225637d,266bd998df907f9d5064d7f4c208b200,,,9160.116207,10.0.2.15,55269,37.252.172.27,443,tcp,11.665719000000536,3432.0,4753.0,SF,True,False,0,ShADadfF,11,3880,14,5317,ssl,0
9160.929005,Cm8LXe1jMIEFvxkL0g,10.0.2.15,55268,62.67.193.61,443,TLSv12,TLS_RSA_WITH_AES_256_CBC_SHA,,fastlane.rubiconproject.com,False,True,CsxnGIi,"['323de379ee34a94e415f63b56183d0d5d0e5a863f4ac89f97dc40ae81cc021c8', '154c433c491929c5ef686e838e323664a00e6a0d822ccc958fb4dab03e49a08f']",[],1.0,0ffee3ba8e615ad22535e7f771690a28,0a917d753018dad73d9899ace370f8d8,,,9160.115397,10.0.2.15,55268,62.67.193.61,443,tcp,10.562341000000742,5740.0,9337.0,SF,True,False,0,ShADadFf,15,6348,18,10061,ssl,0
9160.931944,Chax773KadYQOeRKmk,10.0.2.15,55267,62.67.193.61,443,TLSv12,TLS_RSA_WITH_AES_256_CBC_SHA,,fastlane.rubiconproject.com,False,True,CsxnGIi,"['323de379ee34a94e415f63b56183d0d5d0e5a863f4ac89f97dc40ae81cc021c8', '154c433c491929c5ef686e838e323664a00e6a0d822ccc958fb4dab03e49a08f']",[],1.0,0ffee3ba8e615ad22535e7f771690a28,0a917d753018dad73d9899ace370f8d8,,,9160.114834,10.0.2.15,55267,62.67.193.61,443,tcp,10.57330600000023,5740.0,9369.0,SF,True,False,0,ShADadFf,15,6348,19,10133,ssl,0
9160.932647,CTdZB5VSV6LEV6Qx9,10.0.2.15,55266,62.67.193.61,443,TLSv12,TLS_RSA_WITH_AES_256_CBC_SHA,,fastlane.rubiconproject.com,False,True,CsxnGIi,"['323de379ee34a94e415f63b56183d0d5d0e5a863f4ac89f97dc40ae81cc021c8', '154c433c491929c5ef686e838e323664a00e6a0d822ccc958fb4dab03e49a08f']",[],1.0,0ffee3ba8e615ad22535e7f771690a28,0a917d753018dad73d9899ace370f8d8,,,9160.113306,10.0.2.15,55266,62.67.193.61,443,tcp,10.569728000000396,5740.0,9406.0,SF,True,False,0,ShADadFf,15,6348,19,10170,ssl,0
9160.933111,CjWA5MJg4aipymKS8,10.0.2.15,55265,62.67.193.61,443,TLSv12,TLS_RSA_WITH_AES_256_CBC_SHA,,fastlane.rubiconproject.com,False,True,CsxnGIi,"['323de379ee34a94e415f63b56183d0d5d0e5a863f4ac89f97dc40ae81cc021c8', '154c433c491929c5ef686e838e323664a00e6a0d822ccc958fb4dab03e49a08f']",[],1.0,0ffee3ba8e615ad22535e7f771690a28,0a917d753018dad73d9899ace370f8d8,,,9160.112599,10.0.2.15,55265,62.67.193.61,443,tcp,10.565221999999268,5756.0,8825.0,SF,True,False,0,ShADadFf,15,6364,18,9549,ssl,0
9160.935067,CM5bXj105BPSDEOrjl,10.0.2.15,55264,178.250.0.100,443,TLSv12,TLS_RSA_WITH_AES_128_CBC_SHA,,rtax.criteo.com,False,True,CsxnGIi,"['b0337c4f8b2eca88eca4de5aad8cba6d249c58c7a69f2d4b680e5adae991d2ac', 'eae72eb454bf6c3977ebd289e970b2f5282949190093d0d26f98d0f0d6a9cf17', '8420dfbe376f414bf4c0a81e6936d24ccc03f304835b86c7a39142fca723a689']",[],1.0,0ffee3ba8e615ad22535e7f771690a28,5dcc087b1a1d0a5b0658981a7e8b2c3c,,,9160.112028,10.0.2.15,55264,178.250.0.100,443,tcp,15.400856000000203,3568.0,7167.0,SF,True,False,0,ShADadTfF,16,4217,18,7891,ssl,0
9162.32789,CXTXvt43jIQaKcrrGg,10.0.2.15,55275,198.47.127.21,443,TLSv12,TLS_RSA_WITH_3DES_EDE_CBC_SHA,,gads.pubmatic.com,True,True,CsiI,,,,0ffee3ba8e615ad22535e7f771690a28,ccf031939aa8979b73a604c356f7fd68,,,9162.067241,10.0.2.15,55275,198.47.127.21,443,tcp,1.897648999998637,5034.0,5497.0,SF,True,False,0,ShADadfF,11,5482,15,6101,ssl,0
9164.367704,CVBaUp2odBjq4nFmzj,10.0.2.15,55283,193.243.130.89,443,TLSv12,TLS_ECDHE_RSA_WITH_AES_256_GCM_SHA384,secp256r1,partners.autotrader.co.uk,False,True,CsxknGIi,"['d917a73f7dfe7ef1ecf126a4c6f83bcdcb8636edabcd344be38bd16c12153406', 'eae72eb454bf6c3977ebd289e970b2f5282949190093d0d26f98d0f0d6a9cf17']",[],1.0,0ffee3ba8e615ad22535e7f771690a28,28ef90cc3d9d08c96a8a2cb6f365a79e,,,9164.085851,10.0.2.15,55283,193.243.130.89,443,tcp,52.20976400000109,3852.0,17899.0,SF,True,False,0,ShADadTfF,25,4862,33,19223,ssl,0
9166.087001,CdHhql48mmUeIn4PDd,10.0.2.15,55285,34.207.48.84,443,TLSv12,TLS_ECDHE_RSA_WITH_AES_128_GCM_SHA256,,thesun.bootstrap.fyre.co,True,True,CsiI,,,,0ffee3ba8e615ad22535e7f771690a28,303951d4c50efb2e991652225a6f02b1,,,9165.810272,10.0.2.15,55285,34.207.48.84,443,tcp,61.11341199999879,924.0,931.0,SF,True,False,0,ShADadTFf,13,1457,14,1495,ssl,0
9166.087986,C5eO0f2zgieEP2H4mh,10.0.2.15,55284,34.207.48.84,443,TLSv12,TLS_ECDHE_RSA_WITH_AES_128_GCM_SHA256,,thesun.bootstrap.fyre.co,True,True,CsiI,,,,0ffee3ba8e615ad22535e7f771690a28,303951d4c50efb2e991652225a6f02b1,,,9165.809206,10.0.2.15,55284,34.207.48.84,443,tcp,7.901480000000447,315.0,176.0,RSTO,True,False,0,ShADadFR,7,603,7,460,ssl,0
9166.272203,CCu6uq1kCyqEwlaRse,10.0.2.15,55286,54.76.253.20,443,TLSv12,TLS_ECDHE_RSA_WITH_AES_128_GCM_SHA256,,p.skimresources.com,True,True,CsiI,,,,0ffee3ba8e615ad22535e7f771690a28,303951d4c50efb2e991652225a6f02b1,,,9166.089896,10.0.2.15,55286,54.76.253.20,443,tcp,60.9694529999997,1063.0,519.0,SF,True,False,0,ShADadTFf,14,1637,15,1123,ssl,0
9166.280085,C4LN5o3GrQHS9GQsJ4,10.0.2.15,55287,54.76.253.20,443,TLSv12,TLS_ECDHE_RSA_WITH_AES_128_GCM_SHA256,,p.skimresources.com,True,True,CsiI,,,,0ffee3ba8e615ad22535e7f771690a28,303951d4c50efb2e991652225a6f02b1,,,9166.090419,10.0.2.15,55287,54.76.253.20,443,tcp,7.558200999999826,310.0,176.0,RSTO,True,False,0,ShADadFR,7,598,7,460,ssl,0
9166.275822,CD1KVV1Et7sfla19zc,10.0.2.15,55292,54.76.253.20,443,TLSv12,TLS_ECDHE_RSA_WITH_AES_128_GCM_SHA256,,p.skimresources.com,True,True,CsiI,,,,0ffee3ba8e615ad22535e7f771690a28,303951d4c50efb2e991652225a6f02b1,,,9166.093513,10.0.2.15,55292,54.76.253.20,443,tcp,60.97101300000031,1063.0,519.0,SF,True,False,0,ShADadTFf,14,1637,15,1123,ssl,0
9166.276615,CJmQDs4ttg5vcxHGOc,10.0.2.15,55291,54.76.253.20,443,TLSv12,TLS_ECDHE_RSA_WITH_AES_128_GCM_SHA256,,p.skimresources.com,True,True,CsiI,,,,0ffee3ba8e615ad22535e7f771690a28,303951d4c50efb2e991652225a6f02b1,,,9166.093013,10.0.2.15,55291,54.76.253.20,443,tcp,7.541621000000305,310.0,176.0,SF,True,False,0,ShADadFfRr,8,638,9,540,ssl,0
9166.277174,CfATqo4hjZNfQteXfl,10.0.2.15,55290,54.77.91.81,443,TLSv12,TLS_ECDHE_RSA_WITH_AES_128_GCM_SHA256,,r.skimresources.com,True,True,CsiI,,,,0ffee3ba8e615ad22535e7f771690a28,303951d4c50efb2e991652225a6f02b1,,,9166.092169,10.0.2.15,55290,54.77.91.81,443,tcp,61.3183339999996,1692.0,1105.0,SF,True,False,0,ShADadTFf,15,2306,15,1709,ssl,0
9166.279313,CyFrUdsnXhgwRiqi,10.0.2.15,55288,54.77.91.81,443,TLSv12,TLS_ECDHE_RSA_WITH_AES_128_GCM_SHA256,,r.skimresources.com,True,True,CsiI,,,,0ffee3ba8e615ad22535e7f771690a28,303951d4c50efb2e991652225a6f02b1,,,9166.090906,10.0.2.15,55288,54.77.91.81,443,tcp,7.562740999999733,310.0,176.0,SF,True,False,0,ShADadFfRr,8,638,9,540,ssl,0
9166.274315,CBikOxcePgVNsIBmh,10.0.2.15,55295,54.192.93.137,443,TLSv12,TLS_ECDHE_RSA_WITH_AES_128_GCM_SHA256,secp256r1,cdn.boomtrain.com,False,True,CsxuknGIti,"['b5e9533e463f98d5533c9aa423cadeb130d075ea7b8f8fca87b71122ab991f2b', 'f55f9ffcb83c73453261601c7e044db15a0f034b93c05830f28635ef889cf670', '87dcd4dc74640a322cd205552506d1be64f12596258096544986b4850bc72706', '28689b30e4c306aab53b027b29e36ad6dd1dcf4b953994482ca84bdc1ecac996']",[],1.0,0ffee3ba8e615ad22535e7f771690a28,76cc3e2d3028143b23ec18e27dbd7ca9,http/1.1,,9166.096278,10.0.2.15,55295,54.192.93.137,443,tcp,121.35347099999854,662.0,15091.0,SF,True,False,0,ShADadTTfF,25,1681,32,16375,ssl,0
9166.278616,CmFtG51juFXf08CzHi,10.0.2.15,55289,52.218.65.3,443,TLSv12,TLS_ECDHE_RSA_WITH_AES_128_GCM_SHA256,secp256r1,prod-betsense-sunbets.s3-eu-west-1.amazonaws.com,False,True,CsxknGIi,"['be2a4ca366ffc3e74868c80ca817a87c54f7d229316531a1c10e6d26215460c4', 'f9690880819f06cdcc0b2f224b207f2af6003fb57339b8679a160fa95208d62d']",[],1.0,0ffee3ba8e615ad22535e7f771690a28,ea615e28cb25adfb2f261151eab3314f,,,9166.091374,10.0.2.15,55289,52.218.65.3,443,tcp,7.562213000001066,382.0,3229.0,SF,True,False,0,ShADadFfRr,10,790,12,3713,ssl,0
9168.971423,CKucH52Cs7rKMjJMr3,10.0.2.15,55303,193.243.130.89,443,TLSv12,TLS_ECDHE_RSA_WITH_AES_256_GCM_SHA384,,partners.autotrader.co.uk,True,True,CsiI,,,,0ffee3ba8e615ad22535e7f771690a28,28ef90cc3d9d08c96a8a2cb6f365a79e,,,9168.544992,10.0.2.15,55303,193.243.130.89,443,tcp,47.74699000000146,5759.0,72065.0,SF,True,False,0,ShADadTfF,43,7489,86,75509,ssl,0
9168.982426,CqfIGR276Aj1xCYJJ9,10.0.2.15,55302,193.243.130.89,443,TLSv12,TLS_ECDHE_RSA_WITH_AES_256_GCM_SHA384,,partners.autotrader.co.uk,True,True,CsiI,,,,0ffee3ba8e615ad22535e7f771690a28,28ef90cc3d9d08c96a8a2cb6f365a79e,,,9168.544269,10.0.2.15,55302,193.243.130.89,443,tcp,47.75337600000057,3932.0,41493.0,SF,True,False,0,ShADadTfF,31,5182,55,43697,ssl,0
9169.21609,CDVtmsugTzJPAMD2b,10.0.2.15,55305,52.218.65.3,443,TLSv12,TLS_ECDHE_RSA_WITH_AES_128_GCM_SHA256,secp256r1,prod-betsense-sunbets.s3-eu-west-1.amazonaws.com,False,True,CsxknGIi,"['be2a4ca366ffc3e74868c80ca817a87c54f7d229316531a1c10e6d26215460c4', 'f9690880819f06cdcc0b2f224b207f2af6003fb57339b8679a160fa95208d62d']",[],1.0,0ffee3ba8e615ad22535e7f771690a28,ea615e28cb25adfb2f261151eab3314f,,,9168.985121,10.0.2.15,55305,52.218.65.3,443,tcp,7.665574000000561,382.0,3229.0,SF,True,False,0,ShADadFfRr,10,790,13,3753,ssl,0
9169.214698,CVw66J13cd8zqsAJL3,10.0.2.15,55301,52.20.229.9,443,TLSv12,TLS_ECDHE_RSA_WITH_AES_128_GCM_SHA256,secp256r1,onsite.boomtrain.net,False,True,CsxknGIi,"['2ee94842dbf26d041cfd199394f07fe358b72b4a37ebf34758ee6cf5e4358b76', '154c433c491929c5ef686e838e323664a00e6a0d822ccc958fb4dab03e49a08f']",[],1.0,0ffee3ba8e615ad22535e7f771690a28,303951d4c50efb2e991652225a6f02b1,,,9168.54355,10.0.2.15,55301,52.20.229.9,443,tcp,64.668361,1219.0,4534.0,SF,True,False,0,ShADadTFf,19,1993,21,5378,ssl,0
9169.11044,CRRV8l49Ol7h9byMaf,10.0.2.15,55300,52.1.6.210,443,TLSv12,TLS_ECDHE_RSA_WITH_AES_128_GCM_SHA256,secp256r1,api.boomtrain.com,False,True,CsxknGIi,"['bade2621dd162f81784564cf4a9e5469870f2cf6ccba9f0ae5c72ca72ea498dc', 'f55f9ffcb83c73453261601c7e044db15a0f034b93c05830f28635ef889cf670', '87dcd4dc74640a322cd205552506d1be64f12596258096544986b4850bc72706', '28689b30e4c306aab53b027b29e36ad6dd1dcf4b953994482ca84bdc1ecac996']",[],1.0,0ffee3ba8e615ad22535e7f771690a28,303951d4c50efb2e991652225a6f02b1,,,9168.542892,10.0.2.15,55300,52.1.6.210,443,tcp,64.23973600000136,1294.0,6398.0,SF,True,False,0,ShADadTFf,19,2068,22,7282,ssl,0
9169.774722,CaQB7t21A00hgzjzch,10.0.2.15,55306,52.1.6.210,443,TLSv12,TLS_ECDHE_RSA_WITH_AES_128_GCM_SHA256,secp256r1,api.boomtrain.com,False,True,CsxknGIi,"['bade2621dd162f81784564cf4a9e5469870f2cf6ccba9f0ae5c72ca72ea498dc', 'f55f9ffcb83c73453261601c7e044db15a0f034b93c05830f28635ef889cf670', '87dcd4dc74640a322cd205552506d1be64f12596258096544986b4850bc72706', '28689b30e4c306aab53b027b29e36ad6dd1dcf4b953994482ca84bdc1ecac996']",[],1.0,0ffee3ba8e615ad22535e7f771690a28,303951d4c50efb2e991652225a6f02b1,,,9169.482521,10.0.2.15,55306,52.1.6.210,443,tcp,7.232766999999512,383.0,5077.0,SF,True,False,0,ShADadFfRr,11,831,13,5601,ssl,0
9174.20842,CNThFT2xLBC1SOjs2k,10.0.2.15,55325,52.213.110.213,443,TLSv12,TLS_ECDHE_RSA_WITH_AES_128_GCM_SHA256,,pixelappcollector.thesun.co.uk,True,True,CsiI,,,,0ffee3ba8e615ad22535e7f771690a28,303951d4c50efb2e991652225a6f02b1,,,9173.797256,10.0.2.15,55325,52.213.110.213,443,tcp,61.32551299999977,2618.0,399.0,SF,True,False,0,ShADadTFf,15,3232,16,1043,ssl,0
9174.053153,CEqeJb3McPzqCeDvdk,10.0.2.15,55316,68.232.35.180,443,TLSv12,TLS_ECDHE_RSA_WITH_AES_128_GCM_SHA256,secp256r1,tags.tiqcdn.com,False,True,CsxuknGIti,"['e9833ec9415ec4381e97b13a6a575b5ebe604ba96ebe8484d5edd67608a492ca', '19400be5b7a31fb733917700789d2f0a2471c0c9d506c0e504c06c16d7cb17c0', '7431e5f4c3c1ce4690774f0b61e05440883ba9a01ed00ba6abd7806ed3b118cf']",[],1.0,1a5fe5677b0e4fbbc854e8908225637d,49b45fc1ab090aa3a159778313fc9b9e,h2,,9173.787597,10.0.2.15,55316,68.232.35.180,443,tcp,62.788558000000194,936.0,5358.0,SF,True,False,0,ShADadfF,14,1504,19,6122,ssl,0
9174.056462,Cv6SBm4RDoflM3byW5,10.0.2.15,55324,62.67.193.63,443,TLSv12,TLS_RSA_WITH_AES_256_CBC_SHA,,beacon-eu2.rubiconproject.com,False,True,CsxnGIi,"['323de379ee34a94e415f63b56183d0d5d0e5a863f4ac89f97dc40ae81cc021c8', '154c433c491929c5ef686e838e323664a00e6a0d822ccc958fb4dab03e49a08f']",[],1.0,0ffee3ba8e615ad22535e7f771690a28,0a917d753018dad73d9899ace370f8d8,,,9173.795437,10.0.2.15,55324,62.67.193.63,443,tcp,125.50855499999852,5870.0,3028.0,SF,True,False,0,ShADadTTFf,26,6930,26,4072,ssl,0
9174.057347,CC5Cfe1fTDwpZI7Xg4,10.0.2.15,55323,62.67.193.63,443,TLSv12,TLS_RSA_WITH_AES_256_CBC_SHA,,beacon-eu2.rubiconproject.com,False,True,CsxnGIi,"['323de379ee34a94e415f63b56183d0d5d0e5a863f4ac89f97dc40ae81cc021c8', '154c433c491929c5ef686e838e323664a00e6a0d822ccc958fb4dab03e49a08f']",[],1.0,0ffee3ba8e615ad22535e7f771690a28,0a917d753018dad73d9899ace370f8d8,,,9173.794604,10.0.2.15,55323,62.67.193.63,443,tcp,125.52751100000025,5870.0,3028.0,SF,True,False,0,ShADadTTFf,26,6930,26,4072,ssl,0
9174.407406,CDRmig2rI7ZOiASHVh,10.0.2.15,55320,34.199.225.126,443,TLSv12,TLS_ECDHE_RSA_WITH_AES_128_GCM_SHA256,secp256r1,events.api.boomtrain.com,False,True,CsxknGIi,"['2471da317deb3d7813ad11d0faa7715d19f2b97eeb7238cedcd82d46bc74085d', 'f55f9ffcb83c73453261601c7e044db15a0f034b93c05830f28635ef889cf670', '87dcd4dc74640a322cd205552506d1be64f12596258096544986b4850bc72706', '28689b30e4c306aab53b027b29e36ad6dd1dcf4b953994482ca84bdc1ecac996']",[],1.0,0ffee3ba8e615ad22535e7f771690a28,303951d4c50efb2e991652225a6f02b1,,,9173.790478,10.0.2.15,55320,34.199.225.126,443,tcp,63.77174699999887,1166.0,5511.0,SF,True,False,0,ShADadTFf,17,1860,19,6275,ssl,0
9174.409761,CKRRVVaxdYtqE4P4c,10.0.2.15,55319,34.199.225.126,443,TLSv12,TLS_ECDHE_RSA_WITH_AES_128_GCM_SHA256,secp256r1,events.api.boomtrain.com,False,True,CsxknGIi,"['2471da317deb3d7813ad11d0faa7715d19f2b97eeb7238cedcd82d46bc74085d', 'f55f9ffcb83c73453261601c7e044db15a0f034b93c05830f28635ef889cf670', '87dcd4dc74640a322cd205552506d1be64f12596258096544986b4850bc72706', '28689b30e4c306aab53b027b29e36ad6dd1dcf4b953994482ca84bdc1ecac996']",[],1.0,0ffee3ba8e615ad22535e7f771690a28,303951d4c50efb2e991652225a6f02b1,,,9173.78964,10.0.2.15,55319,34.199.225.126,443,tcp,64.67014599999857,1084.0,5480.0,SF,True,False,0,ShADadTFf,16,1737,18,6204,ssl,0
9174.413379,CaJe7k4tpXzMPM5yf9,10.0.2.15,55318,34.199.225.126,443,TLSv12,TLS_ECDHE_RSA_WITH_AES_128_GCM_SHA256,secp256r1,events.api.boomtrain.com,False,True,CsxknGIi,"['2471da317deb3d7813ad11d0faa7715d19f2b97eeb7238cedcd82d46bc74085d', 'f55f9ffcb83c73453261601c7e044db15a0f034b93c05830f28635ef889cf670', '87dcd4dc74640a322cd205552506d1be64f12596258096544986b4850bc72706', '28689b30e4c306aab53b027b29e36ad6dd1dcf4b953994482ca84bdc1ecac996']",[],1.0,0ffee3ba8e615ad22535e7f771690a28,303951d4c50efb2e991652225a6f02b1,,,9173.789144,10.0.2.15,55318,34.199.225.126,443,tcp,6.42896699999983,358.0,5121.0,SF,True,False,0,ShADadFfRr,11,806,13,5645,ssl,0
9174.418731,CWzZo5ybdEzfatAh8,10.0.2.15,55317,157.240.11.22,443,TLSv12,TLS_ECDHE_ECDSA_WITH_AES_128_GCM_SHA256,secp256r1,staticxx.facebook.com,False,True,CsxknGIti,"['152151b387412a95ab90fd4664f2d98880408e9e43913124e4c91226a483386b', '19400be5b7a31fb733917700789d2f0a2471c0c9d506c0e504c06c16d7cb17c0']",[],1.0,0ffee3ba8e615ad22535e7f771690a28,2d1eb5817ece335c24904f516ad5da12,h2,,9173.788092,10.0.2.15,55317,157.240.11.22,443,tcp,194.72168799999963,709.0,4079.0,SF,True,False,0,ShADadfF,18,1437,22,4963,ssl,0
9176.989415,CtstQQ2s82kxDfdT3k,10.0.2.15,55330,63.140.38.156,443,TLSv12,TLS_ECDHE_RSA_WITH_AES_256_GCM_SHA384,,smetrics.news.co.uk,True,True,CsiI,,,,0ffee3ba8e615ad22535e7f771690a28,28ef90cc3d9d08c96a8a2cb6f365a79e,,,9176.627854,10.0.2.15,55330,63.140.38.156,443,tcp,16.357201999999234,1807.0,802.0,SF,True,False,0,ShADadTFf,12,2296,11,1246,ssl,0
9176.993754,CPvcS73BIHiEqLQCah,10.0.2.15,55337,193.243.130.89,443,TLSv12,TLS_ECDHE_RSA_WITH_AES_256_GCM_SHA384,,partners.autotrader.co.uk,True,True,CsiI,,,,0ffee3ba8e615ad22535e7f771690a28,28ef90cc3d9d08c96a8a2cb6f365a79e,,,9176.657705,10.0.2.15,55337,193.243.130.89,443,tcp,36.97453800000039,1542.0,2255.0,SF,True,False,0,ShADadTfF,14,2112,14,2819,ssl,0
9176.994842,CGtnDE3jiUFcfIwgt1,10.0.2.15,55327,95.101.241.120,443,TLSv12,TLS_ECDHE_RSA_WITH_AES_256_GCM_SHA384,,ads.pubmatic.com,True,True,CsiI,,,,1a5fe5677b0e4fbbc854e8908225637d,410b9bedaf65dd26c6fe547154d60db4,http/1.1,,9176.618383,10.0.2.15,55327,95.101.241.120,443,tcp,6.977285999999367,599.0,183.0,SF,True,False,0,ShADadFfRr,9,967,9,547,ssl,0
9177.335201,CEWCSZ3AMSrg7EMwCe,10.0.2.15,55334,63.140.38.156,443,TLSv12,TLS_ECDHE_RSA_WITH_AES_256_GCM_SHA384,,smetrics.news.co.uk,True,True,CsiI,,,,0ffee3ba8e615ad22535e7f771690a28,28ef90cc3d9d08c96a8a2cb6f365a79e,,,9176.629797,10.0.2.15,55334,63.140.38.156,443,tcp,7.083200000000943,310.0,147.0,SF,True,False,0,ShADadFf,7,598,7,431,ssl,0
9177.940226,CzRLJ846HMK1UxfHD5,10.0.2.15,55339,95.100.191.4,443,TLSv12,TLS_ECDHE_RSA_WITH_AES_256_GCM_SHA384,,sb.scorecardresearch.com,True,True,CsiI,,,,1a5fe5677b0e4fbbc854e8908225637d,410b9bedaf65dd26c6fe547154d60db4,http/1.1,,9177.711177,10.0.2.15,55339,95.100.191.4,443,tcp,5.884438000000955,599.0,183.0,SF,True,False,0,ShADadFfRr,8,927,9,547,ssl,0
9181.0168,Ck022k1BrNeG6yfMh2,10.0.2.15,55341,151.101.112.175,443,TLSv12,TLS_ECDHE_RSA_WITH_AES_128_GCM_SHA256,,cdn.krxd.net,True,True,CsiI,,,,1a5fe5677b0e4fbbc854e8908225637d,1d0e57c6ae42e9204defa51e5e1cdc4c,http/1.1,,9180.717288,10.0.2.15,55341,151.101.112.175,443,tcp,5.330363999999463,599.0,191.0,SF,True,False,0,ShADadFfRr,8,927,9,555,ssl,0
9180.928508,C78YRW1SlpjqhviNme,10.0.2.15,55345,216.137.61.116,443,TLSv12,TLS_ECDHE_RSA_WITH_AES_128_GCM_SHA256,secp256r1,d3hmp0045zy3cs.cloudfront.net,False,True,CsxuknGIti,"['90c0937808b31877df6c4a5c743c99325d974624be3735faa5078cf73d4fd205', 'eae72eb454bf6c3977ebd289e970b2f5282949190093d0d26f98d0f0d6a9cf17']",[],1.0,0ffee3ba8e615ad22535e7f771690a28,76cc3e2d3028143b23ec18e27dbd7ca9,http/1.1,,9180.721908,10.0.2.15,55345,216.137.61.116,443,tcp,121.75697200000104,673.0,12040.0,SF,True,False,0,ShADadTTfF,23,1612,30,13244,ssl,0
9180.929721,Cqqttu43K7xlw0IH51,10.0.2.15,55344,54.192.93.73,443,TLSv12,TLS_ECDHE_RSA_WITH_AES_128_GCM_SHA256,secp256r1,d1v9u0bgi1uimx.cloudfront.net,False,True,CsxuknGIti,"['90c0937808b31877df6c4a5c743c99325d974624be3735faa5078cf73d4fd205', 'eae72eb454bf6c3977ebd289e970b2f5282949190093d0d26f98d0f0d6a9cf17']",[],1.0,0ffee3ba8e615ad22535e7f771690a28,76cc3e2d3028143b23ec18e27dbd7ca9,http/1.1,,9180.71938,10.0.2.15,55344,54.192.93.73,443,tcp,121.76002299999892,644.0,34923.0,SF,True,False,0,ShADadTTfF,30,1863,54,37087,ssl,0
9181.327176,C1nw8Y3HsNmLAJaDv8,10.0.2.15,55348,172.217.23.238,443,TLSv12,TLS_ECDHE_ECDSA_WITH_AES_128_GCM_SHA256,,encrypted-tbn3.gstatic.com,True,True,CsiI,,,,1a5fe5677b0e4fbbc854e8908225637d,c23237dbea656869600e48dfbd00ab7b,h2,,9180.925228,10.0.2.15,55348,172.217.23.238,443,tcp,225.3937650000007,2237.0,60267.0,SF,True,False,0,ShADadFf,42,3925,78,63391,ssl,0
9181.318613,CKAz8F2BtVuYpHunQi,10.0.2.15,55347,54.192.93.73,443,TLSv12,TLS_ECDHE_RSA_WITH_AES_128_GCM_SHA256,secp256r1,d1v9u0bgi1uimx.cloudfront.net,False,True,CsxuknGIti,"['90c0937808b31877df6c4a5c743c99325d974624be3735faa5078cf73d4fd205', 'eae72eb454bf6c3977ebd289e970b2f5282949190093d0d26f98d0f0d6a9cf17']",[],1.0,0ffee3ba8e615ad22535e7f771690a28,76cc3e2d3028143b23ec18e27dbd7ca9,http/1.1,,9180.915062,10.0.2.15,55347,54.192.93.73,443,tcp,8.266320000000633,363.0,5199.0,SF,True,False,0,ShADadFf,10,771,11,5643,ssl,0
9181.321783,CCLDOr2OLjHkga83Ca,10.0.2.15,55346,216.137.61.116,443,TLSv12,TLS_ECDHE_RSA_WITH_AES_128_GCM_SHA256,secp256r1,d3hmp0045zy3cs.cloudfront.net,False,True,CsxuknGIti,"['90c0937808b31877df6c4a5c743c99325d974624be3735faa5078cf73d4fd205', 'eae72eb454bf6c3977ebd289e970b2f5282949190093d0d26f98d0f0d6a9cf17']",[],1.0,0ffee3ba8e615ad22535e7f771690a28,76cc3e2d3028143b23ec18e27dbd7ca9,http/1.1,,9180.914158,10.0.2.15,55346,216.137.61.116,443,tcp,8.26114299999972,363.0,5199.0,SF,True,False,0,ShADadFf,10,771,12,5683,ssl,0
9181.688559,CPBRmW1uoJQaOGDiI5,10.0.2.15,55351,52.21.77.13,443,TLSv12,TLS_ECDHE_RSA_WITH_AES_128_GCM_SHA256,secp256r1,sso.sourceinterlinkdigital.com,False,True,CsxknGIi,"['ea61cd399726b4fd9787f2eebed6b44cb0b3ed1e3a9c23d6b369a8433b33e415', '19400be5b7a31fb733917700789d2f0a2471c0c9d506c0e504c06c16d7cb17c0']",[],1.0,0ffee3ba8e615ad22535e7f771690a28,303951d4c50efb2e991652225a6f02b1,,,9181.235213,10.0.2.15,55351,52.21.77.13,443,tcp,63.45924200000081,748.0,8859.0,SF,True,False,0,ShADadTFf,17,1442,22,9743,ssl,0
9183.827192,CI17bh3yBEflV5yYR6,10.0.2.15,55353,54.231.81.56,443,TLSv12,TLS_ECDHE_RSA_WITH_AES_128_GCM_SHA256,secp256r1,gtrk.s3.amazonaws.com,False,True,CsxknGIi,"['659a3d7684850e6d664f5131f9f8765469b9c7017b7a0e206f8c1c9445cb1c69', 'f9690880819f06cdcc0b2f224b207f2af6003fb57339b8679a160fa95208d62d']",[],1.0,0ffee3ba8e615ad22535e7f771690a28,ea615e28cb25adfb2f261151eab3314f,,,9183.439307,10.0.2.15,55353,54.231.81.56,443,tcp,9.032454000000143,641.0,3485.0,SF,True,False,0,ShADadFf,11,1089,13,4009,ssl,0
9183.828437,CKP4Ys3GNX5sIuLwwj,10.0.2.15,55357,52.45.225.183,443,TLSv12,TLS_ECDHE_RSA_WITH_AES_128_GCM_SHA256,secp256r1,srv-2017-05-02-01.config.parsely.com,False,True,CsxknGIi,"['a7b7f2a8c98b22a0653289704912d08573231516a034573fb4e13d080bc231e4', '02ab57e4e67a0cb48dd2ff34830e8ac40f4476fb08ca6be3f5cd846f646840f0', '4f32d5dc00f715250abcc486511e37f501a899deb3bf7ea8adbbd3aef1c412da']",[],1.0,0ffee3ba8e615ad22535e7f771690a28,303951d4c50efb2e991652225a6f02b1,,,9183.601018,10.0.2.15,55357,52.45.225.183,443,tcp,63.42707800000062,823.0,5701.0,SF,True,False,0,ShADadTFf,17,1517,20,6505,ssl,0
9183.829714,CYITst2co00J4Gna2d,10.0.2.15,55352,54.231.81.56,443,TLSv12,TLS_ECDHE_RSA_WITH_AES_128_GCM_SHA256,secp256r1,gtrk.s3.amazonaws.com,False,True,CsxknGIi,"['659a3d7684850e6d664f5131f9f8765469b9c7017b7a0e206f8c1c9445cb1c69', 'f9690880819f06cdcc0b2f224b207f2af6003fb57339b8679a160fa95208d62d']",[],1.0,0ffee3ba8e615ad22535e7f771690a28,ea615e28cb25adfb2f261151eab3314f,,,9183.438481,10.0.2.15,55352,54.231.81.56,443,tcp,9.039230000000316,641.0,3485.0,SF,True,False,0,ShADadFf,11,1089,12,3969,ssl,0
9183.831283,CZMOHX2Lwkp3EaSEDk,10.0.2.15,55356,52.45.225.183,443,TLSv12,TLS_ECDHE_RSA_WITH_AES_128_GCM_SHA256,secp256r1,srv-2017-05-02-01.config.parsely.com,False,True,CsxknGIi,"['a7b7f2a8c98b22a0653289704912d08573231516a034573fb4e13d080bc231e4', '02ab57e4e67a0cb48dd2ff34830e8ac40f4476fb08ca6be3f5cd846f646840f0', '4f32d5dc00f715250abcc486511e37f501a899deb3bf7ea8adbbd3aef1c412da']",[],1.0,0ffee3ba8e615ad22535e7f771690a28,303951d4c50efb2e991652225a6f02b1,,,9183.580239,10.0.2.15,55356,52.45.225.183,443,tcp,5.676928999999291,402.0,4875.0,RSTO,True,False,0,ShADadFR,10,810,11,5319,ssl,0
9183.833893,CNnFrz3xSflDzHED2c,10.0.2.15,55355,54.231.81.56,443,TLSv12,TLS_ECDHE_RSA_WITH_AES_128_GCM_SHA256,secp256r1,gtrk.s3.amazonaws.com,False,True,CsxknGIi,"['659a3d7684850e6d664f5131f9f8765469b9c7017b7a0e206f8c1c9445cb1c69', 'f9690880819f06cdcc0b2f224b207f2af6003fb57339b8679a160fa95208d62d']",[],1.0,0ffee3ba8e615ad22535e7f771690a28,ea615e28cb25adfb2f261151eab3314f,,,9183.441518,10.0.2.15,55355,54.231.81.56,443,tcp,5.828792000000249,355.0,3040.0,SF,True,False,0,ShADadFfRr,10,763,12,3524,ssl,0
9183.835492,C0cyAtDxETPDM1hr6,10.0.2.15,55354,54.231.81.56,443,TLSv12,TLS_ECDHE_RSA_WITH_AES_128_GCM_SHA256,secp256r1,gtrk.s3.amazonaws.com,False,True,CsxknGIi,"['659a3d7684850e6d664f5131f9f8765469b9c7017b7a0e206f8c1c9445cb1c69', 'f9690880819f06cdcc0b2f224b207f2af6003fb57339b8679a160fa95208d62d']",[],1.0,0ffee3ba8e615ad22535e7f771690a28,ea615e28cb25adfb2f261151eab3314f,,,9183.440514,10.0.2.15,55354,54.231.81.56,443,tcp,5.845208000000639,355.0,3040.0,RSTO,True,False,0,ShADadFR,9,723,10,3444,ssl,0
9184.438787,C4FVzTTHBJTGus3dj,10.0.2.15,55362,95.101.251.103,443,TLSv12,TLS_ECDHE_RSA_WITH_AES_256_GCM_SHA384,secp256r1,www.expedia.com,False,True,CsxknGIti,"['5dfe1d03dd82ee1965e272129fe7467c37d15c49947c150f64bb992c266c9e7d', '074541ecdf88ed992ed5ade3ecddef27a26ba1b44480a195c0a8dadae2521d8e']",[],1.0,0ffee3ba8e615ad22535e7f771690a28,2b33c1374db4ddf06942f92373c0b54b,http/1.1,,9184.174817,10.0.2.15,55362,95.101.251.103,443,tcp,128.4071040000017,1238.0,6338.0,SF,True,False,0,ShADadTTFfRr,24,2218,27,7422,ssl,0
9184.445154,CnyAVB2SnIYDadm0da,10.0.2.15,55358,193.243.130.89,443,TLSv12,TLS_ECDHE_RSA_WITH_AES_256_GCM_SHA384,,partners.autotrader.co.uk,True,True,CsiI,,,,0ffee3ba8e615ad22535e7f771690a28,28ef90cc3d9d08c96a8a2cb6f365a79e,,,9184.1718,10.0.2.15,55358,193.243.130.89,443,tcp,6.149970000000394,316.0,147.0,SF,True,False,0,ShADadFf,7,604,7,431,ssl,0
9184.440708,CH32H74FzbNPCVolWi,10.0.2.15,55361,95.101.245.177,443,TLSv12,TLS_ECDHE_RSA_WITH_AES_256_GCM_SHA384,secp256r1,r.casalemedia.com,False,True,CsxknGIti,"['089b510ac565aa1b2f05236cba3421cb755641c1bd4eeb25a856954a4c1d7cfb', '074541ecdf88ed992ed5ade3ecddef27a26ba1b44480a195c0a8dadae2521d8e']",[],1.0,0ffee3ba8e615ad22535e7f771690a28,2b33c1374db4ddf06942f92373c0b54b,http/1.1,,9184.173583,10.0.2.15,55361,95.101.245.177,443,tcp,128.42587000000094,3352.0,4713.0,SF,True,False,0,ShADadTTFf,25,4372,26,5757,ssl,0
9190.819331,CDSJ9917NXHTxKOGyj,10.0.2.15,55378,46.137.88.70,443,TLSv12,TLS_ECDHE_RSA_WITH_AES_128_GCM_SHA256,secp256r1,beacon.krxd.net,False,True,CsxknGIi,"['801848f55bb97f055d1e2f3f6c8094cf12d7b6285a7ed7c20bf39440c6cb5f8e', '973a41276ffd01e027a2aad49e34c37846d3e976ff6a620b6712e33832041aa6', '3a2fbe92891e57fe05d57087f48e730f17e5a5f53ef403d618e5b74d7a7e6ecb', 'c3846bf24b9e93ca64274c0ec67c1ecc5e024ffcacd2d74019350e81fe546ae4']",[],1.0,0ffee3ba8e615ad22535e7f771690a28,303951d4c50efb2e991652225a6f02b1,,,9190.767465,10.0.2.15,55378,46.137.88.70,443,tcp,5.129643999998734,1220.0,6336.0,SF,True,False,0,ShADadFf,13,1748,15,6940,ssl,0
9190.840754,CxUCBg3pCSn5qIyHq8,10.0.2.15,55377,46.137.88.70,443,TLSv12,TLS_ECDHE_RSA_WITH_AES_128_GCM_SHA256,secp256r1,beacon.krxd.net,False,True,CsxknGIi,"['801848f55bb97f055d1e2f3f6c8094cf12d7b6285a7ed7c20bf39440c6cb5f8e', '973a41276ffd01e027a2aad49e34c37846d3e976ff6a620b6712e33832041aa6', '3a2fbe92891e57fe05d57087f48e730f17e5a5f53ef403d618e5b74d7a7e6ecb', 'c3846bf24b9e93ca64274c0ec67c1ecc5e024ffcacd2d74019350e81fe546ae4']",[],1.0,0ffee3ba8e615ad22535e7f771690a28,303951d4c50efb2e991652225a6f02b1,,,9190.75897,10.0.2.15,55377,46.137.88.70,443,tcp,3.130060999999841,318.0,5273.0,SF,True,False,0,ShADadFf,9,686,11,5717,ssl,0
9192.843625,C4Mpa61SCWdD8wsLEc,10.0.2.15,55386,151.101.112.207,443,TLSv12,TLS_ECDHE_RSA_WITH_AES_128_GCM_SHA256,secp256r1,js-agent.newrelic.com,False,True,CsxuknGIti,"['ca070501b7e46f43787e9ec2f2d3e72c170cd1881f8200e63bdae1b6ded39ed9', '74ef335e5e18788307fb9d89cb704bec112abd23487dbff41c4ded5070f241d9']",[],1.0,0ffee3ba8e615ad22535e7f771690a28,860fcf58fd757e26aa8911e5eaff6b53,http/1.1,,9192.819878,10.0.2.15,55386,151.101.112.207,443,tcp,5.201536999999007,387.0,6617.0,SF,True,False,0,ShADadFfRr,11,835,15,7221,ssl,0
9193.312958,C5MYVLg1bUlM4KDU,10.0.2.15,55387,151.101.112.175,443,TLSv12,TLS_ECDHE_RSA_WITH_AES_128_GCM_SHA256,,cdn.krxd.net,True,True,CsiI,,,,1a5fe5677b0e4fbbc854e8908225637d,1d0e57c6ae42e9204defa51e5e1cdc4c,http/1.1,,9193.281547,10.0.2.15,55387,151.101.112.175,443,tcp,7.237189999999828,599.0,191.0,SF,True,False,0,ShADadFfRr,8,927,9,555,ssl,0
9195.316513,C6zS0U2V4ceHOgval2,10.0.2.15,55393,54.192.93.42,443,TLSv12,TLS_ECDHE_RSA_WITH_AES_128_GCM_SHA256,secp256r1,d134l0cdryxgwa.cloudfront.net,False,True,CsxuknGIti,"['90c0937808b31877df6c4a5c743c99325d974624be3735faa5078cf73d4fd205', 'eae72eb454bf6c3977ebd289e970b2f5282949190093d0d26f98d0f0d6a9cf17']",[],1.0,0ffee3ba8e615ad22535e7f771690a28,76cc3e2d3028143b23ec18e27dbd7ca9,http/1.1,,9195.191118,10.0.2.15,55393,54.192.93.42,443,tcp,120.455050999999,650.0,14597.0,SF,True,False,0,ShADadTTfF,22,1549,32,15881,ssl,0
9195.366672,CXFPP1FKc9IOul827,10.0.2.15,55394,54.192.93.42,443,TLSv12,TLS_ECDHE_RSA_WITH_AES_128_GCM_SHA256,secp256r1,d134l0cdryxgwa.cloudfront.net,False,True,CsxuknGIti,"['90c0937808b31877df6c4a5c743c99325d974624be3735faa5078cf73d4fd205', 'eae72eb454bf6c3977ebd289e970b2f5282949190093d0d26f98d0f0d6a9cf17']",[],1.0,0ffee3ba8e615ad22535e7f771690a28,76cc3e2d3028143b23ec18e27dbd7ca9,http/1.1,,9195.319935,10.0.2.15,55394,54.192.93.42,443,tcp,5.219386000000668,363.0,5199.0,SF,True,False,0,ShADadFf,10,771,12,5683,ssl,0
9196.311959,CbQHZQ2LhD2aO7nZUd,10.0.2.15,55397,95.101.252.144,443,TLSv12,TLS_ECDHE_RSA_WITH_AES_256_GCM_SHA384,,z.moatads.com,True,True,CsiI,,,,1a5fe5677b0e4fbbc854e8908225637d,410b9bedaf65dd26c6fe547154d60db4,http/1.1,,9196.203754,10.0.2.15,55397,95.101.252.144,443,tcp,122.51625699999931,931.0,64153.0,SF,True,False,0,ShADadTTFfRr,33,2271,73,67077,ssl,0
9196.312848,CCCNic3x39PnSLzdr,10.0.2.15,55398,95.101.252.144,443,TLSv12,TLS_ECDHE_RSA_WITH_AES_256_GCM_SHA384,,z.moatads.com,True,True,CsiI,,,,1a5fe5677b0e4fbbc854e8908225637d,410b9bedaf65dd26c6fe547154d60db4,http/1.1,,9196.216439,10.0.2.15,55398,95.101.252.144,443,tcp,6.729349000001093,599.0,183.0,SF,True,False,0,ShADadFfRr,8,927,9,547,ssl,0
9196.561191,Ci9C8l1jg7DH7N4k4g,10.0.2.15,55399,95.101.252.144,443,TLSv12,TLS_ECDHE_RSA_WITH_AES_256_GCM_SHA384,,z.moatads.com,True,True,CsiI,,,,1a5fe5677b0e4fbbc854e8908225637d,410b9bedaf65dd26c6fe547154d60db4,http/1.1,,9196.314555,10.0.2.15,55399,95.101.252.144,443,tcp,6.608198999998422,599.0,183.0,SF,True,False,0,ShADadFfRr,8,927,9,547,ssl,0
9196.888577,CCEvZC1nYe82fbsWuk,10.0.2.15,55401,54.243.110.249,443,TLSv12,TLS_ECDHE_RSA_WITH_AES_128_GCM_SHA256,secp256r1,backplane1.janrainbackplane.com,False,True,CsxknGIi,"['b5f8ce5a253aaa8b82dcca6229a5c633404f76061bbd0d6674ad1813e9384f1f', '19400be5b7a31fb733917700789d2f0a2471c0c9d506c0e504c06c16d7cb17c0']",[],1.0,0ffee3ba8e615ad22535e7f771690a28,303951d4c50efb2e991652225a6f02b1,,,9196.585667,10.0.2.15,55401,54.243.110.249,443,tcp,62.50547300000108,741.0,3687.0,SF,True,False,0,ShADadTFf,18,1475,18,4411,ssl,0
9197.351296,Cv9lwr1rhMDZoi7Vs5,10.0.2.15,55403,54.243.110.249,443,TLSv12,TLS_ECDHE_RSA_WITH_AES_128_GCM_SHA256,secp256r1,backplane1.janrainbackplane.com,False,True,CsxknGIi,"['b5f8ce5a253aaa8b82dcca6229a5c633404f76061bbd0d6674ad1813e9384f1f', '19400be5b7a31fb733917700789d2f0a2471c0c9d506c0e504c06c16d7cb17c0']",[],1.0,0ffee3ba8e615ad22535e7f771690a28,303951d4c50efb2e991652225a6f02b1,,,9196.893454,10.0.2.15,55403,54.243.110.249,443,tcp,6.118735000000015,365.0,3325.0,RSTO,True,False,0,ShADadFR,10,773,10,3729,ssl,0
9198.112792,CBbqwx4LfpHhr3zHCd,10.0.2.15,55405,185.80.37.162,443,TLSv12,TLS_ECDHE_RSA_WITH_AES_128_GCM_SHA256,secp256r1,a703.casalemedia.com,False,True,CsxknGIti,"['5411d2a7b127c23a2b53ad668cc23a70731cbb15cf5ce32d66614a1fbc5fb90d', '973a41276ffd01e027a2aad49e34c37846d3e976ff6a620b6712e33832041aa6', '3a2fbe92891e57fe05d57087f48e730f17e5a5f53ef403d618e5b74d7a7e6ecb']",[],1.0,0ffee3ba8e615ad22535e7f771690a28,389ed42c02ebecc32e73aa31def07e14,,,9197.826583,10.0.2.15,55405,185.80.37.162,443,tcp,3.309334999999919,3109.0,4515.0,SF,True,False,0,ShADadfF,11,3557,13,5039,ssl,0
9198.114384,CADpxu18jXQcBCr2Fb,10.0.2.15,55404,185.80.37.162,443,TLSv12,TLS_ECDHE_RSA_WITH_AES_128_GCM_SHA256,secp256r1,a703.casalemedia.com,False,True,CsxknGIti,"['5411d2a7b127c23a2b53ad668cc23a70731cbb15cf5ce32d66614a1fbc5fb90d', '973a41276ffd01e027a2aad49e34c37846d3e976ff6a620b6712e33832041aa6', '3a2fbe92891e57fe05d57087f48e730f17e5a5f53ef403d618e5b74d7a7e6ecb']",[],1.0,0ffee3ba8e615ad22535e7f771690a28,389ed42c02ebecc32e73aa31def07e14,,,9197.825774,10.0.2.15,55404,185.80.37.162,443,tcp,2.818835000000035,323.0,4515.0,SF,True,False,0,ShADadfF,8,651,10,4919,ssl,0
9198.675959,CGNObz455xK21R7bqa,10.0.2.15,55406,185.80.37.152,443,TLSv12,TLS_ECDHE_RSA_WITH_AES_128_GCM_SHA256,secp256r1,a693.casalemedia.com,False,True,CsxknGIti,"['5411d2a7b127c23a2b53ad668cc23a70731cbb15cf5ce32d66614a1fbc5fb90d', '973a41276ffd01e027a2aad49e34c37846d3e976ff6a620b6712e33832041aa6', '3a2fbe92891e57fe05d57087f48e730f17e5a5f53ef403d618e5b74d7a7e6ecb']",[],1.0,0ffee3ba8e615ad22535e7f771690a28,389ed42c02ebecc32e73aa31def07e14,,,9198.11538,10.0.2.15,55406,185.80.37.152,443,tcp,3.69474799999989,323.0,4515.0,SF,True,False,0,ShADadfF,8,651,10,4919,ssl,0
9198.67506,ChAExeW9ToMSdCwZi,10.0.2.15,55407,185.80.37.152,443,TLSv12,TLS_ECDHE_RSA_WITH_AES_128_GCM_SHA256,secp256r1,a693.casalemedia.com,False,True,CsxknGIti,"['5411d2a7b127c23a2b53ad668cc23a70731cbb15cf5ce32d66614a1fbc5fb90d', '973a41276ffd01e027a2aad49e34c37846d3e976ff6a620b6712e33832041aa6', '3a2fbe92891e57fe05d57087f48e730f17e5a5f53ef403d618e5b74d7a7e6ecb']",[],1.0,0ffee3ba8e615ad22535e7f771690a28,389ed42c02ebecc32e73aa31def07e14,,,9198.116984,10.0.2.15,55407,185.80.37.152,443,tcp,3.865475999999034,3111.0,4515.0,SF,True,False,0,ShADadfF,10,3519,12,4999,ssl,0
9200.963053,CvHW2t3qHRoZg7G7L3,10.0.2.15,55415,46.137.88.70,443,TLSv12,TLS_ECDHE_RSA_WITH_AES_128_GCM_SHA256,,beacon.krxd.net,True,True,CsiI,,,,0ffee3ba8e615ad22535e7f771690a28,303951d4c50efb2e991652225a6f02b1,,,9200.377068,10.0.2.15,55415,46.137.88.70,443,tcp,3.520926999999574,275.0,176.0,SF,True,False,0,ShADadFf,7,563,7,460,ssl,0
9201.570866,C6PAnF2hkuGgIdcfzi,10.0.2.15,55417,216.137.61.71,443,TLSv12,TLS_ECDHE_RSA_WITH_AES_128_GCM_SHA256,secp256r1,d1lqe9temigv1p.cloudfront.net,False,True,CsxuknGIti,"['90c0937808b31877df6c4a5c743c99325d974624be3735faa5078cf73d4fd205', 'eae72eb454bf6c3977ebd289e970b2f5282949190093d0d26f98d0f0d6a9cf17']",[],1.0,0ffee3ba8e615ad22535e7f771690a28,76cc3e2d3028143b23ec18e27dbd7ca9,http/1.1,,9200.969764,10.0.2.15,55417,216.137.61.71,443,tcp,122.84690899999988,702.0,8799.0,SF,True,False,0,ShADadTTfF,22,1601,27,9883,ssl,0
9201.574703,CLnK683eh8c1XXTld4,10.0.2.15,55416,95.101.30.110,443,TLSv12,TLS_ECDHE_RSA_WITH_AES_128_GCM_SHA256,secp256r1,www.cdc.gov,False,True,CsxknGIti,"['4a3dbed18675eaa08a97d2e9bb9e620f73e2ee7bbbfca3537f695bca51462d2d', '074541ecdf88ed992ed5ade3ecddef27a26ba1b44480a195c0a8dadae2521d8e']",[],1.0,0ffee3ba8e615ad22535e7f771690a28,8d2a028aa94425f76ced7826b1f39039,http/1.1,,9200.967933,10.0.2.15,55416,95.101.30.110,443,tcp,191.8835070000005,9185.0,122907.0,SF,True,False,0,ShADadTTFf,70,12008,142,128591,ssl,0
9202.721217,CgPTdj1KYtUaTnpBw1,10.0.2.15,55426,95.101.30.110,443,TLSv12,TLS_ECDHE_RSA_WITH_AES_128_GCM_SHA256,secp256r1,www.cdc.gov,False,True,CsxknGIti,"['4a3dbed18675eaa08a97d2e9bb9e620f73e2ee7bbbfca3537f695bca51462d2d', '074541ecdf88ed992ed5ade3ecddef27a26ba1b44480a195c0a8dadae2521d8e']",[],1.0,0ffee3ba8e615ad22535e7f771690a28,8d2a028aa94425f76ced7826b1f39039,http/1.1,,9201.588952,10.0.2.15,55426,95.101.30.110,443,tcp,191.26246600000013,13693.0,359093.0,SF,True,False,0,ShADadTTFf,118,18436,345,372897,ssl,0
9202.723508,CbXRTY1dSLavlDTxAf,10.0.2.15,55425,216.137.61.71,443,TLSv12,TLS_ECDHE_RSA_WITH_AES_128_GCM_SHA256,secp256r1,d1lqe9temigv1p.cloudfront.net,False,True,CsxuknGIti,"['90c0937808b31877df6c4a5c743c99325d974624be3735faa5078cf73d4fd205', 'eae72eb454bf6c3977ebd289e970b2f5282949190093d0d26f98d0f0d6a9cf17']",[],1.0,0ffee3ba8e615ad22535e7f771690a28,76cc3e2d3028143b23ec18e27dbd7ca9,http/1.1,,9201.585875,10.0.2.15,55425,216.137.61.71,443,tcp,8.531653000000006,363.0,5199.0,SF,True,False,0,ShADadFf,10,771,11,5643,ssl,0
9203.529606,CNcfzb4gJKaBz7yqNg,10.0.2.15,55428,185.80.37.162,443,TLSv12,TLS_ECDHE_RSA_WITH_AES_128_GCM_SHA256,,a703.casalemedia.com,True,True,CsiI,,,,1a5fe5677b0e4fbbc854e8908225637d,fbe78c619e7ea20046131294ad087f05,,,9202.729355,10.0.2.15,55428,185.80.37.162,443,tcp,2.614884000000529,3354.0,3586.0,SF,True,False,0,ShADadfF,10,3762,12,4070,ssl,0
9204.489444,CRwsD2dNod3dzeGj1,10.0.2.15,55429,185.80.37.152,443,TLSv12,TLS_ECDHE_RSA_WITH_AES_128_GCM_SHA256,,a693.casalemedia.com,True,True,CsiI,,,,1a5fe5677b0e4fbbc854e8908225637d,fbe78c619e7ea20046131294ad087f05,,,9204.059852,10.0.2.15,55429,185.80.37.152,443,tcp,2.146660999998857,3356.0,3693.0,SF,True,False,0,ShADadfF,9,3724,13,4217,ssl,0
9207.56614,Ch5EvC4cpsOOcjzP39,10.0.2.15,55431,54.154.184.64,443,TLSv12,TLS_ECDHE_RSA_WITH_AES_128_GCM_SHA256,,px.powerlinks.com,True,True,CsiI,,,,0ffee3ba8e615ad22535e7f771690a28,303951d4c50efb2e991652225a6f02b1,,,9207.254286,10.0.2.15,55431,54.154.184.64,443,tcp,61.23450200000116,1273.0,487.0,SF,True,False,0,ShADadTFf,13,1806,14,1051,ssl,0
9207.570472,CCNmhXFplyAi54FWf,10.0.2.15,55436,95.101.30.110,443,TLSv12,TLS_ECDHE_RSA_WITH_AES_128_GCM_SHA256,,www.cdc.gov,True,True,CsiI,,,,1a5fe5677b0e4fbbc854e8908225637d,7bee5c1d424b7e5f943b06983bb11422,http/1.1,,9207.260725,10.0.2.15,55436,95.101.30.110,443,tcp,185.6024529999995,8909.0,157786.0,SF,True,False,0,ShADadTTFf,72,11812,171,164630,ssl,0
9207.571777,C0uvlF1ioXTklcmyvf,10.0.2.15,55435,95.101.30.110,443,TLSv12,TLS_ECDHE_RSA_WITH_AES_128_GCM_SHA256,,www.cdc.gov,True,True,CsiI,,,,1a5fe5677b0e4fbbc854e8908225637d,7bee5c1d424b7e5f943b06983bb11422,http/1.1,,9207.260136,10.0.2.15,55435,95.101.30.110,443,tcp,185.59125999999924,9002.0,119356.0,SF,True,False,0,ShADadTTFf,67,11705,139,124920,ssl,0
9207.573303,CHDKRrRSRryyv8gE,10.0.2.15,55434,95.101.30.110,443,TLSv12,TLS_ECDHE_RSA_WITH_AES_128_GCM_SHA256,,www.cdc.gov,True,True,CsiI,,,,1a5fe5677b0e4fbbc854e8908225637d,7bee5c1d424b7e5f943b06983bb11422,http/1.1,,9207.258361,10.0.2.15,55434,95.101.30.110,443,tcp,197.71874699999896,17371.0,163061.0,SF,True,False,0,ShADadTTFf,79,20554,182,170345,ssl,0
9207.573909,C4NygY2UQ1ySBg8bOd,10.0.2.15,55433,95.101.30.110,443,TLSv12,TLS_ECDHE_RSA_WITH_AES_128_GCM_SHA256,,www.cdc.gov,True,True,CsiI,,,,1a5fe5677b0e4fbbc854e8908225637d,7bee5c1d424b7e5f943b06983bb11422,http/1.1,,9207.257205,10.0.2.15,55433,95.101.30.110,443,tcp,185.6059920000007,10807.0,214435.0,SF,True,False,0,ShADadTTFf,78,13950,214,222999,ssl,0
9207.581073,C0YtEI2QYSFwysmPNe,10.0.2.15,55432,216.52.1.12,443,TLSv12,TLS_ECDHE_RSA_WITH_AES_128_GCM_SHA256,secp256r1,loadus.exelator.com,False,True,CsxknGIti,"['df7c62f472c1d3b0d062e9ed1c65f67a88aad738cc232a6b40b55a446e9092f9', '973a41276ffd01e027a2aad49e34c37846d3e976ff6a620b6712e33832041aa6', '3a2fbe92891e57fe05d57087f48e730f17e5a5f53ef403d618e5b74d7a7e6ecb', 'c3846bf24b9e93ca64274c0ec67c1ecc5e024ffcacd2d74019350e81fe546ae4']",[],1.0,1a5fe5677b0e4fbbc854e8908225637d,ccc514751b175866924439bdbb5bba34,,,9207.254865,10.0.2.15,55432,216.52.1.12,443,tcp,3.4723699999995,4298.0,6271.0,SF,True,False,0,ShADadfF,13,4826,15,6875,ssl,0
9210.717754,CkHHly3wa4RHg9Kc9h,10.0.2.15,55437,216.52.1.12,443,TLSv12,TLS_ECDHE_RSA_WITH_AES_128_GCM_SHA256,secp256r1,loadus.exelator.com,False,True,CsxknGIti,"['df7c62f472c1d3b0d062e9ed1c65f67a88aad738cc232a6b40b55a446e9092f9', '973a41276ffd01e027a2aad49e34c37846d3e976ff6a620b6712e33832041aa6', '3a2fbe92891e57fe05d57087f48e730f17e5a5f53ef403d618e5b74d7a7e6ecb', 'c3846bf24b9e93ca64274c0ec67c1ecc5e024ffcacd2d74019350e81fe546ae4']",[],1.0,1a5fe5677b0e4fbbc854e8908225637d,ccc514751b175866924439bdbb5bba34,,,9210.000868,10.0.2.15,55437,216.52.1.12,443,tcp,1.412888000000748,643.0,5433.0,SF,True,False,0,ShADadFf,8,971,11,5877,ssl,0
9211.113874,Cv3tXT2mzuePAL4r1,10.0.2.15,55439,208.146.36.220,443,TLSv12,TLS_ECDHE_RSA_WITH_AES_256_GCM_SHA384,secp256r1,rp.gwallet.com,False,True,CsxknGIti,"['0c294bffff4c5704168ebbacc49e77745caf228b0f9c52d4f82759d5823f40d2', '19400be5b7a31fb733917700789d2f0a2471c0c9d506c0e504c06c16d7cb17c0']",[],1.0,1a5fe5677b0e4fbbc854e8908225637d,e35df3e00ca4ef31d42b34bebaa2f86e,,,9210.650802,10.0.2.15,55439,208.146.36.220,443,tcp,67.41624000000047,1300.0,3857.0,SF,True,False,0,ShADadTfF,17,1994,18,4581,ssl,0
9211.851001,CGsp7OuOWLuDn3Ll4,10.0.2.15,55440,77.238.185.35,443,TLSv12,TLS_ECDHE_RSA_WITH_AES_128_GCM_SHA256,secp256r1,pr-bh.ybp.yahoo.com,False,True,CsxknGIti,"['c559338a744fd74f4c99482ace0a700b4162fbc35b45b65ac24e779b808fefdf', 'eae72eb454bf6c3977ebd289e970b2f5282949190093d0d26f98d0f0d6a9cf17', '8420dfbe376f414bf4c0a81e6936d24ccc03f304835b86c7a39142fca723a689']",[],1.0,1a5fe5677b0e4fbbc854e8908225637d,b898351eb5e266aefd3723d466935494,http/1.1,,9211.189329,10.0.2.15,55440,77.238.185.35,443,tcp,8.063823999998931,1270.0,5117.0,SF,True,False,0,ShADadfF,11,1718,13,5641,ssl,0
9211.955914,CNvKRE22nYBRNwoTpd,10.0.2.15,55441,77.238.185.35,443,TLSv12,TLS_ECDHE_RSA_WITH_AES_128_GCM_SHA256,secp256r1,pr-bh.ybp.yahoo.com,False,True,CsxknGIti,"['c559338a744fd74f4c99482ace0a700b4162fbc35b45b65ac24e779b808fefdf', 'eae72eb454bf6c3977ebd289e970b2f5282949190093d0d26f98d0f0d6a9cf17', '8420dfbe376f414bf4c0a81e6936d24ccc03f304835b86c7a39142fca723a689']",[],1.0,0ffee3ba8e615ad22535e7f771690a28,b898351eb5e266aefd3723d466935494,http/1.1,,9211.582629,10.0.2.15,55441,77.238.185.35,443,tcp,8.592404999999417,353.0,4839.0,SF,True,False,0,ShADadFf,10,761,11,5283,ssl,0
9212.201533,CP0BbD4Rkp2hiDQeQ4,10.0.2.15,55442,52.216.224.56,443,TLSv12,TLS_ECDHE_RSA_WITH_AES_128_GCM_SHA256,secp256r1,load.s3.amazonaws.com,False,True,CsxknGIi,"['659a3d7684850e6d664f5131f9f8765469b9c7017b7a0e206f8c1c9445cb1c69', 'f9690880819f06cdcc0b2f224b207f2af6003fb57339b8679a160fa95208d62d']",[],1.0,0ffee3ba8e615ad22535e7f771690a28,ea615e28cb25adfb2f261151eab3314f,,,9211.970947,10.0.2.15,55442,52.216.224.56,443,tcp,8.270226000000548,355.0,3040.0,RSTO,True,False,0,ShADadFR,10,763,11,3484,ssl,0
9212.736154,CLa3A21BxPsehFkyIg,10.0.2.15,55443,63.251.116.40,443,TLSv12,TLS_ECDHE_RSA_WITH_AES_128_GCM_SHA256,x25519,goog.applovin.com,False,True,CsxuknGIti,"['9343e229d3082ba54959dcf7d00b254f65b0748af04a262486928f88e857e523', '154c433c491929c5ef686e838e323664a00e6a0d822ccc958fb4dab03e49a08f']",[],1.0,0ffee3ba8e615ad22535e7f771690a28,366ab0bd82a7a533e6d0310669ad5924,http/1.1,,9212.215185,10.0.2.15,55443,63.251.116.40,443,tcp,94.33028800000102,1175.0,4563.0,SF,True,False,0,ShADadTfF,20,1991,22,5447,ssl,0
9213.622041,Cjs3Qi4SdkRal7G0Kb,10.0.2.15,55444,63.251.116.40,443,TLSv12,TLS_ECDHE_RSA_WITH_AES_128_GCM_SHA256,x25519,goog.applovin.com,False,True,CsxuknGIti,"['9343e229d3082ba54959dcf7d00b254f65b0748af04a262486928f88e857e523', '154c433c491929c5ef686e838e323664a00e6a0d822ccc958fb4dab03e49a08f']",[],1.0,0ffee3ba8e615ad22535e7f771690a28,366ab0bd82a7a533e6d0310669ad5924,http/1.1,,9213.13447,10.0.2.15,55444,63.251.116.40,443,tcp,7.188345999999001,318.0,3694.0,SF,True,False,0,ShADadFf,10,726,11,4138,ssl,0
9215.323229,CObDnb3xBHRjpyUAPl,10.0.2.15,55448,103.235.247.9,443,TLSv12,TLS_ECDHE_RSA_WITH_AES_256_GCM_SHA384,secp256r1,cm.ipinyou.com,False,True,CsxknGIti,"['7d20ec6ec386bf41ebbdd94d6acee6b7479b2f16d5f6616466995fdf078f2a32', 'bc3f03a436240edba5f83714f6f677e34b37f9b1f0c08c1e558d981e279e8209']",[],1.0,0ffee3ba8e615ad22535e7f771690a28,a39e18564e32e1822751c4af0bfba817,http/1.1,,9214.774252,10.0.2.15,55448,103.235.247.9,443,tcp,68.3593630000014,805.0,3640.0,SF,True,False,0,ShADadTfF,16,1459,17,4324,ssl,0
9215.324756,CIL3rM2lM0mTVglQ0b,10.0.2.15,55447,103.235.247.9,443,TLSv12,TLS_ECDHE_RSA_WITH_AES_256_GCM_SHA384,secp256r1,cm.ipinyou.com,False,True,CsxknGIti,"['7d20ec6ec386bf41ebbdd94d6acee6b7479b2f16d5f6616466995fdf078f2a32', 'bc3f03a436240edba5f83714f6f677e34b37f9b1f0c08c1e558d981e279e8209']",[],1.0,0ffee3ba8e615ad22535e7f771690a28,a39e18564e32e1822751c4af0bfba817,http/1.1,,9214.772772,10.0.2.15,55447,103.235.247.9,443,tcp,7.526921000000584,348.0,2971.0,SF,True,False,0,ShADadFf,9,716,10,3375,ssl,0
9215.87846,CagUOV1KUeeSy4qjz6,10.0.2.15,55456,95.101.30.110,443,TLSv12,TLS_ECDHE_RSA_WITH_AES_128_GCM_SHA256,secp256r1,www2c.cdc.gov,False,True,CsxknGIti,"['4a3dbed18675eaa08a97d2e9bb9e620f73e2ee7bbbfca3537f695bca51462d2d', '074541ecdf88ed992ed5ade3ecddef27a26ba1b44480a195c0a8dadae2521d8e']",[],1.0,0ffee3ba8e615ad22535e7f771690a28,8d2a028aa94425f76ced7826b1f39039,http/1.1,,9215.843792,10.0.2.15,55456,95.101.30.110,443,tcp,189.1181450000004,2874.0,16913.0,SF,True,False,0,ShADadTTFfRr,36,4340,45,18717,ssl,0
9215.88178,Cbd59F4m6SY3sCmlg2,10.0.2.15,55455,95.101.30.110,443,TLSv12,TLS_ECDHE_RSA_WITH_AES_128_GCM_SHA256,secp256r1,www2c.cdc.gov,False,True,CsxknGIti,"['4a3dbed18675eaa08a97d2e9bb9e620f73e2ee7bbbfca3537f695bca51462d2d', '074541ecdf88ed992ed5ade3ecddef27a26ba1b44480a195c0a8dadae2521d8e']",[],1.0,0ffee3ba8e615ad22535e7f771690a28,8d2a028aa94425f76ced7826b1f39039,http/1.1,,9215.840631,10.0.2.15,55455,95.101.30.110,443,tcp,194.0920780000015,2874.0,16921.0,SF,True,False,0,ShADadTTFfRr,37,4380,43,18645,ssl,0
9215.883829,CsMWSY2ANuRSWC8dd7,10.0.2.15,55454,192.243.245.211,443,TLSv12,TLS_ECDHE_RSA_WITH_AES_256_GCM_SHA384,secp256r1,smtrics.cdc.gov,False,True,CsxknGIi,"['42e101fcef88c6af16bfc32d4cdadfc109bc8d76fe298630f220ffe36d2a3eb9', '19400be5b7a31fb733917700789d2f0a2471c0c9d506c0e504c06c16d7cb17c0']",[],1.0,0ffee3ba8e615ad22535e7f771690a28,959bfcf87532cbff1253e80a4ee81308,,,9215.814908,10.0.2.15,55454,192.243.245.211,443,tcp,20.168971999999485,2228.0,3764.0,SF,True,False,0,ShADadTFf,14,2797,14,4328,ssl,0
9215.894224,CUdYbj1reLLPTapTuj,10.0.2.15,55453,95.101.30.110,443,TLSv12,TLS_ECDHE_RSA_WITH_AES_128_GCM_SHA256,secp256r1,www2c.cdc.gov,False,True,CsxknGIti,"['4a3dbed18675eaa08a97d2e9bb9e620f73e2ee7bbbfca3537f695bca51462d2d', '074541ecdf88ed992ed5ade3ecddef27a26ba1b44480a195c0a8dadae2521d8e']",[],1.0,0ffee3ba8e615ad22535e7f771690a28,8d2a028aa94425f76ced7826b1f39039,http/1.1,,9215.807626,10.0.2.15,55453,95.101.30.110,443,tcp,125.38231799999994,1329.0,12050.0,SF,True,False,0,ShADadTTFRfr,26,2389,32,13334,ssl,0
9215.903834,C5hJuRSUbgFuQRcDk,10.0.2.15,55452,95.101.30.110,443,TLSv12,TLS_ECDHE_RSA_WITH_AES_128_GCM_SHA256,secp256r1,www2c.cdc.gov,False,True,CsxknGIti,"['4a3dbed18675eaa08a97d2e9bb9e620f73e2ee7bbbfca3537f695bca51462d2d', '074541ecdf88ed992ed5ade3ecddef27a26ba1b44480a195c0a8dadae2521d8e']",[],1.0,0ffee3ba8e615ad22535e7f771690a28,8d2a028aa94425f76ced7826b1f39039,http/1.1,,9215.802498,10.0.2.15,55452,95.101.30.110,443,tcp,125.39716500000031,1329.0,12019.0,SF,True,False,0,ShADadTTFf,24,2309,30,13223,ssl,0
9215.917956,CKUjwn365gWYa9sju5,10.0.2.15,55451,95.101.30.110,443,TLSv12,TLS_ECDHE_RSA_WITH_AES_128_GCM_SHA256,secp256r1,www2c.cdc.gov,False,True,CsxknGIti,"['4a3dbed18675eaa08a97d2e9bb9e620f73e2ee7bbbfca3537f695bca51462d2d', '074541ecdf88ed992ed5ade3ecddef27a26ba1b44480a195c0a8dadae2521d8e']",[],1.0,0ffee3ba8e615ad22535e7f771690a28,8d2a028aa94425f76ced7826b1f39039,http/1.1,,9215.789982,10.0.2.15,55451,95.101.30.110,443,tcp,125.39104199999927,1324.0,4309.0,SF,True,False,0,ShADadTTFfRr,25,2344,27,5393,ssl,0
9215.930029,C1Wxr510MJ7xSp8bw5,10.0.2.15,55450,95.101.30.110,443,TLSv12,TLS_ECDHE_RSA_WITH_AES_128_GCM_SHA256,secp256r1,www2c.cdc.gov,False,True,CsxknGIti,"['4a3dbed18675eaa08a97d2e9bb9e620f73e2ee7bbbfca3537f695bca51462d2d', '074541ecdf88ed992ed5ade3ecddef27a26ba1b44480a195c0a8dadae2521d8e']",[],1.0,0ffee3ba8e615ad22535e7f771690a28,8d2a028aa94425f76ced7826b1f39039,http/1.1,,9215.789387,10.0.2.15,55450,95.101.30.110,443,tcp,6.293243000000075,347.0,3636.0,SF,True,False,0,ShADadFfRr,11,795,12,4120,ssl,0
9215.936848,CGiiEX2yFjZ5mO1a9i,10.0.2.15,55449,192.243.245.211,443,TLSv12,TLS_ECDHE_RSA_WITH_AES_256_GCM_SHA384,secp256r1,smtrics.cdc.gov,False,True,CsxknGIi,"['42e101fcef88c6af16bfc32d4cdadfc109bc8d76fe298630f220ffe36d2a3eb9', '19400be5b7a31fb733917700789d2f0a2471c0c9d506c0e504c06c16d7cb17c0']",[],1.0,0ffee3ba8e615ad22535e7f771690a28,959bfcf87532cbff1253e80a4ee81308,,,9215.78881,10.0.2.15,55449,192.243.245.211,443,tcp,6.283079000000725,349.0,3113.0,SF,True,False,0,ShADadFf,10,757,10,3517,ssl,0
9219.990415,CnpY2NfCanpLE9Gba,10.0.2.15,55460,34.201.201.25,443,TLSv12,TLS_ECDHE_RSA_WITH_AES_128_GCM_SHA256,secp256r1,search.usa.gov,False,True,CsxknGIi,"['2b611eaa14216a43a40b03a842ca174ae38e4c4c62a896b5b433922d3adbafaa', '25847d668eb4f04fdd40b12b6b0740c567da7d024308eb6c2c96fe41d9de218d']",[],1.0,0ffee3ba8e615ad22535e7f771690a28,303951d4c50efb2e991652225a6f02b1,,,9219.59461,10.0.2.15,55460,34.201.201.25,443,tcp,71.4332859999995,2912.0,50250.0,SF,True,False,0,ShADadTFf,29,4085,61,52694,ssl,0
9219.992745,CAXysF2o6A8NH6uugd,10.0.2.15,55459,34.201.201.25,443,TLSv12,TLS_ECDHE_RSA_WITH_AES_128_GCM_SHA256,secp256r1,search.usa.gov,False,True,CsxknGIi,"['2b611eaa14216a43a40b03a842ca174ae38e4c4c62a896b5b433922d3adbafaa', '25847d668eb4f04fdd40b12b6b0740c567da7d024308eb6c2c96fe41d9de218d']",[],1.0,0ffee3ba8e615ad22535e7f771690a28,303951d4c50efb2e991652225a6f02b1,,,9219.592182,10.0.2.15,55459,34.201.201.25,443,tcp,6.127102999998897,348.0,4920.0,RSTO,True,False,0,ShADadFR,10,756,11,5364,ssl,0
9222.747468,CVIXj1CpkuWZ1H2Gl,10.0.2.15,55465,54.72.169.137,443,TLSv12,TLS_ECDHE_RSA_WITH_AES_128_GCM_SHA256,secp256r1,aa.agkn.com,False,True,CsxknGIi,"['6276692c71c92a1d4e20d2a713b64c6aa863418031441e2a74bcda8e8dbb04f4', 'e6683e88315cd1cb403c0cea490f7c4b4c82c91cd485037489aadbaa90839f61', '3c35cc963eb004451323d3275d05b353235053490d9cd83729a2faf5e7ca1cc0']",[],1.0,0ffee3ba8e615ad22535e7f771690a28,76c691f46143bf86e2d1bb73c6187767,,,9221.918816,10.0.2.15,55465,54.72.169.137,443,tcp,6.494525000000067,926.0,4573.0,SF,True,False,0,ShADadfF,10,1334,12,5057,ssl,0
9222.746002,C6FRBc2l8DX7D7KdHe,10.0.2.15,55466,52.205.88.97,443,TLSv12,TLS_ECDHE_RSA_WITH_AES_128_GCM_SHA256,secp256r1,idsync.rlcdn.com,False,True,CsxknGIi,"['7c75ac9ac997d5af7e63eee4070015e373d07d15fa206505a14434fb86a90686', '973a41276ffd01e027a2aad49e34c37846d3e976ff6a620b6712e33832041aa6', '3a2fbe92891e57fe05d57087f48e730f17e5a5f53ef403d618e5b74d7a7e6ecb', 'c3846bf24b9e93ca64274c0ec67c1ecc5e024ffcacd2d74019350e81fe546ae4']",[],1.0,0ffee3ba8e615ad22535e7f771690a28,303951d4c50efb2e991652225a6f02b1,,,9221.919293,10.0.2.15,55466,52.205.88.97,443,tcp,120.57433599999968,2641.0,7809.0,SF,True,False,0,ShADadTTFf,24,3620,26,8853,ssl,0
9231.441882,CMDdaw3UuaSR4B5Ui9,10.0.2.15,55493,34.201.201.25,443,TLSv12,TLS_ECDHE_RSA_WITH_AES_128_GCM_SHA256,,search.usa.gov,True,True,CsiI,,,,0ffee3ba8e615ad22535e7f771690a28,303951d4c50efb2e991652225a6f02b1,,,9230.607194,10.0.2.15,55493,34.201.201.25,443,tcp,8.75418399999944,305.0,176.0,SF,True,False,0,ShADadFfRr,9,673,9,540,ssl,0
9231.442362,Cd1njQWQa4QfLaOUl,10.0.2.15,55492,34.201.201.25,443,TLSv12,TLS_ECDHE_RSA_WITH_AES_128_GCM_SHA256,,search.usa.gov,True,True,CsiI,,,,0ffee3ba8e615ad22535e7f771690a28,303951d4c50efb2e991652225a6f02b1,,,9230.604271,10.0.2.15,55492,34.201.201.25,443,tcp,8.757229999999254,305.0,176.0,SF,True,False,0,ShADadFfRr,8,633,9,540,ssl,0
9231.46782,C6KNvz3dNxhCMFlR71,10.0.2.15,55491,34.201.201.25,443,TLSv12,TLS_ECDHE_RSA_WITH_AES_128_GCM_SHA256,,search.usa.gov,True,True,CsiI,,,,0ffee3ba8e615ad22535e7f771690a28,303951d4c50efb2e991652225a6f02b1,,,9230.602098,10.0.2.15,55491,34.201.201.25,443,tcp,8.759231,305.0,176.0,SF,True,False,0,ShADadFfRr,8,633,9,540,ssl,0
9231.471938,C7ozul2YgVzI972c6e,10.0.2.15,55490,34.201.201.25,443,TLSv12,TLS_ECDHE_RSA_WITH_AES_128_GCM_SHA256,,search.usa.gov,True,True,CsiI,,,,0ffee3ba8e615ad22535e7f771690a28,303951d4c50efb2e991652225a6f02b1,,,9230.601312,10.0.2.15,55490,34.201.201.25,443,tcp,8.760261999999784,305.0,176.0,SF,True,False,0,ShADadFfRr,8,633,9,540,ssl,0
9231.481865,Cx0R0uE0m2wS6HqS9,10.0.2.15,55496,54.195.243.208,443,TLSv12,TLS_ECDHE_RSA_WITH_AES_128_GCM_SHA256,secp256r1,beacon.krxd.net,False,True,CsxknGIi,"['801848f55bb97f055d1e2f3f6c8094cf12d7b6285a7ed7c20bf39440c6cb5f8e', '973a41276ffd01e027a2aad49e34c37846d3e976ff6a620b6712e33832041aa6', '3a2fbe92891e57fe05d57087f48e730f17e5a5f53ef403d618e5b74d7a7e6ecb', 'c3846bf24b9e93ca64274c0ec67c1ecc5e024ffcacd2d74019350e81fe546ae4']",[],1.0,0ffee3ba8e615ad22535e7f771690a28,303951d4c50efb2e991652225a6f02b1,,,9230.637423,10.0.2.15,55496,54.195.243.208,443,tcp,4.984200000000783,835.0,5804.0,SF,True,False,0,ShADadFf,12,1323,13,6328,ssl,0
9233.410188,CwuPWo2slasvJPoby5,10.0.2.15,55498,34.197.134.3,443,TLSv12,TLS_ECDHE_RSA_WITH_AES_128_GCM_SHA256,secp256r1,stats.search.usa.gov,False,True,CsxknGIi,"['2b611eaa14216a43a40b03a842ca174ae38e4c4c62a896b5b433922d3adbafaa', '25847d668eb4f04fdd40b12b6b0740c567da7d024308eb6c2c96fe41d9de218d']",[],1.0,0ffee3ba8e615ad22535e7f771690a28,303951d4c50efb2e991652225a6f02b1,,,9233.104155,10.0.2.15,55498,34.197.134.3,443,tcp,107.53502899999876,1493.0,5532.0,SF,True,False,0,ShADadTTFf,22,2391,26,6576,ssl,0
9233.419348,CQxQF63Zp9YT9xknFh,10.0.2.15,55497,34.197.134.3,443,TLSv12,TLS_ECDHE_RSA_WITH_AES_128_GCM_SHA256,secp256r1,stats.search.usa.gov,False,True,CsxknGIi,"['2b611eaa14216a43a40b03a842ca174ae38e4c4c62a896b5b433922d3adbafaa', '25847d668eb4f04fdd40b12b6b0740c567da7d024308eb6c2c96fe41d9de218d']",[],1.0,0ffee3ba8e615ad22535e7f771690a28,303951d4c50efb2e991652225a6f02b1,,,9233.100259,10.0.2.15,55497,34.197.134.3,443,tcp,6.26116699999875,354.0,4920.0,SF,True,False,0,ShADadFfRr,11,802,13,5444,ssl,0
9234.297517,C22ypm2t6flRaMhFmj,10.0.2.15,55503,52.4.238.76,443,TLSv12,TLS_RSA_WITH_AES_128_CBC_SHA,,s.update.rubiconproject.com,False,True,CsxnGIi,"['af7e2bc3d959b48180be1d061d1686937bb2c7e4d1a531059ab7e4bdaddf7fc4', '02ab57e4e67a0cb48dd2ff34830e8ac40f4476fb08ca6be3f5cd846f646840f0', '4f32d5dc00f715250abcc486511e37f501a899deb3bf7ea8adbbd3aef1c412da']",[],1.0,0ffee3ba8e615ad22535e7f771690a28,b7ca612a52814d190006d99dcb63a655,,,9233.969055,10.0.2.15,55503,52.4.238.76,443,tcp,2.241804999999658,5612.0,6997.0,RSTR,True,False,0,ShADadFRr,15,6220,18,7721,ssl,0
9234.305626,C6Lt2T3x8BB6wjSwl9,10.0.2.15,55502,52.4.238.76,443,TLSv12,TLS_RSA_WITH_AES_128_CBC_SHA,,s.update.rubiconproject.com,False,True,CsxnGIi,"['af7e2bc3d959b48180be1d061d1686937bb2c7e4d1a531059ab7e4bdaddf7fc4', '02ab57e4e67a0cb48dd2ff34830e8ac40f4476fb08ca6be3f5cd846f646840f0', '4f32d5dc00f715250abcc486511e37f501a899deb3bf7ea8adbbd3aef1c412da']",[],1.0,0ffee3ba8e615ad22535e7f771690a28,b7ca612a52814d190006d99dcb63a655,,,9233.959171,10.0.2.15,55502,52.4.238.76,443,tcp,5.857621999999537,546.0,4677.0,SF,True,False,0,ShADadfF,9,914,12,5161,ssl,0
9235.072225,CJ6amq2mcx4hA1HuOd,10.0.2.15,55507,216.137.61.93,443,TLSv12,TLS_ECDHE_RSA_WITH_AES_128_GCM_SHA256,secp256r1,d15vqlr7iz6e8x.cloudfront.net,False,True,CsxuknGIti,"['90c0937808b31877df6c4a5c743c99325d974624be3735faa5078cf73d4fd205', 'eae72eb454bf6c3977ebd289e970b2f5282949190093d0d26f98d0f0d6a9cf17']",[],1.0,0ffee3ba8e615ad22535e7f771690a28,76cc3e2d3028143b23ec18e27dbd7ca9,http/1.1,,9234.827361,10.0.2.15,55507,216.137.61.93,443,tcp,173.50840199999948,1118.0,6536.0,SF,True,False,0,ShADadTTfF,29,2302,31,7780,ssl,0
9235.570643,ChyXJ53dCyxKdWXTu1,10.0.2.15,55509,216.137.61.93,443,TLSv12,TLS_ECDHE_RSA_WITH_AES_128_GCM_SHA256,secp256r1,d15vqlr7iz6e8x.cloudfront.net,False,True,CsxuknGIti,"['90c0937808b31877df6c4a5c743c99325d974624be3735faa5078cf73d4fd205', 'eae72eb454bf6c3977ebd289e970b2f5282949190093d0d26f98d0f0d6a9cf17']",[],1.0,0ffee3ba8e615ad22535e7f771690a28,76cc3e2d3028143b23ec18e27dbd7ca9,http/1.1,,9235.08652,10.0.2.15,55509,216.137.61.93,443,tcp,6.100477999998475,363.0,5199.0,SF,True,False,0,ShADadFf,10,771,12,5683,ssl,0
9239.019874,CB3Oza4Y0GTtIskYD9,10.0.2.15,55513,95.101.245.177,443,TLSv12,TLS_ECDHE_RSA_WITH_AES_256_GCM_SHA384,,js-sec.indexww.com,True,True,CsiI,,,,1a5fe5677b0e4fbbc854e8908225637d,410b9bedaf65dd26c6fe547154d60db4,http/1.1,,9238.977153,10.0.2.15,55513,95.101.245.177,443,tcp,126.98871599999984,1022.0,637.0,SF,True,False,0,ShADadTTFfRr,23,1962,23,1561,ssl,0
9239.021302,Cy8Hxz4s4DirgtkDgh,10.0.2.15,55511,95.101.245.177,443,TLSv12,TLS_ECDHE_RSA_WITH_AES_256_GCM_SHA384,,js-sec.indexww.com,True,True,CsiI,,,,1a5fe5677b0e4fbbc854e8908225637d,410b9bedaf65dd26c6fe547154d60db4,http/1.1,,9238.975221,10.0.2.15,55511,95.101.245.177,443,tcp,6.206297999999151,599.0,183.0,SF,True,False,0,ShADadFfRr,9,967,9,547,ssl,0
9247.705856,C4CzT24F6uX5BKm0i7,10.0.2.15,55515,54.235.140.156,443,TLSv12,TLS_ECDHE_RSA_WITH_AES_128_GCM_SHA256,secp256r1,3492460660.log.optimizely.com,False,True,CsxknGIi,"['720a04382d93aa8932b95cc755b9fbaab1b6a01d85399736cf4d5a4607e41172', '19400be5b7a31fb733917700789d2f0a2471c0c9d506c0e504c06c16d7cb17c0', '7431e5f4c3c1ce4690774f0b61e05440883ba9a01ed00ba6abd7806ed3b118cf']",[],1.0,0ffee3ba8e615ad22535e7f771690a28,303951d4c50efb2e991652225a6f02b1,,,9247.577913,10.0.2.15,55515,54.235.140.156,443,tcp,60.84991000000082,1120.0,4551.0,SF,True,False,0,ShADadTFf,15,1733,18,5275,ssl,0
9256.772549,CjzWN626cRhyg7zC5,10.0.2.15,55519,207.66.212.118,443,TLSv12,TLS_ECDHE_RSA_WITH_AES_256_GCM_SHA384,secp256r1,www.circsource.com,False,True,CsxknGIi,"['4e8df2ab8b318a3d52bd7f1da2914229ea07b38098e32a5007a0b99f1d6b5269', '973a41276ffd01e027a2aad49e34c37846d3e976ff6a620b6712e33832041aa6', '3a2fbe92891e57fe05d57087f48e730f17e5a5f53ef403d618e5b74d7a7e6ecb', 'c3846bf24b9e93ca64274c0ec67c1ecc5e024ffcacd2d74019350e81fe546ae4']",[],1.0,0ffee3ba8e615ad22535e7f771690a28,28ef90cc3d9d08c96a8a2cb6f365a79e,,,9256.578178,10.0.2.15,55519,207.66.212.118,443,tcp,24.815489000000525,2632.0,211577.0,SF,True,False,0,ShADadTfF,69,5401,201,219621,ssl,0
9256.773711,Cevw7l4XtF5H57ta24,10.0.2.15,55518,207.66.212.118,443,TLSv12,TLS_ECDHE_RSA_WITH_AES_256_GCM_SHA384,secp256r1,www.circsource.com,False,True,CsxknGIi,"['4e8df2ab8b318a3d52bd7f1da2914229ea07b38098e32a5007a0b99f1d6b5269', '973a41276ffd01e027a2aad49e34c37846d3e976ff6a620b6712e33832041aa6', '3a2fbe92891e57fe05d57087f48e730f17e5a5f53ef403d618e5b74d7a7e6ecb', 'c3846bf24b9e93ca64274c0ec67c1ecc5e024ffcacd2d74019350e81fe546ae4']",[],1.0,0ffee3ba8e615ad22535e7f771690a28,28ef90cc3d9d08c96a8a2cb6f365a79e,,,9256.577451,10.0.2.15,55518,207.66.212.118,443,tcp,24.825235000000248,2188.0,14204.0,SF,True,False,0,ShADadTfF,20,2997,27,15288,ssl,0
9256.774838,CvQOC4467avs5SoRb1,10.0.2.15,55517,207.66.212.118,443,TLSv12,TLS_ECDHE_RSA_WITH_AES_256_GCM_SHA384,secp256r1,www.circsource.com,False,True,CsxknGIi,"['4e8df2ab8b318a3d52bd7f1da2914229ea07b38098e32a5007a0b99f1d6b5269', '973a41276ffd01e027a2aad49e34c37846d3e976ff6a620b6712e33832041aa6', '3a2fbe92891e57fe05d57087f48e730f17e5a5f53ef403d618e5b74d7a7e6ecb', 'c3846bf24b9e93ca64274c0ec67c1ecc5e024ffcacd2d74019350e81fe546ae4']",[],1.0,0ffee3ba8e615ad22535e7f771690a28,28ef90cc3d9d08c96a8a2cb6f365a79e,,,9256.57697,10.0.2.15,55517,207.66.212.118,443,tcp,24.81292600000052,1685.0,101741.0,SF,True,False,0,ShADadTfF,44,3454,103,105865,ssl,0
9256.776379,CymfGK1ZpO0Rp5xWl7,10.0.2.15,55516,207.66.212.118,443,TLSv12,TLS_ECDHE_RSA_WITH_AES_256_GCM_SHA384,secp256r1,www.circsource.com,False,True,CsxknGIi,"['4e8df2ab8b318a3d52bd7f1da2914229ea07b38098e32a5007a0b99f1d6b5269', '973a41276ffd01e027a2aad49e34c37846d3e976ff6a620b6712e33832041aa6', '3a2fbe92891e57fe05d57087f48e730f17e5a5f53ef403d618e5b74d7a7e6ecb', 'c3846bf24b9e93ca64274c0ec67c1ecc5e024ffcacd2d74019350e81fe546ae4']",[],1.0,0ffee3ba8e615ad22535e7f771690a28,28ef90cc3d9d08c96a8a2cb6f365a79e,,,9256.576136,10.0.2.15,55516,207.66.212.118,443,tcp,36.5086050000009,3454.0,608385.0,SF,True,False,0,ShADadTfF,148,9383,532,629669,ssl,0
9259.618887,CmiGkl1k18PMhE9eoj,10.0.2.15,55525,207.66.212.118,443,TLSv12,TLS_ECDHE_RSA_WITH_AES_256_GCM_SHA384,,www.circsource.com,True,True,CsiI,,,,0ffee3ba8e615ad22535e7f771690a28,28ef90cc3d9d08c96a8a2cb6f365a79e,,,9259.385813,10.0.2.15,55525,207.66.212.118,443,tcp,22.00936000000001,1161.0,50085.0,SF,True,False,0,ShADadTfF,32,2450,64,52649,ssl,0
9259.725167,C8ct1q2Do2ox3pO3gd,10.0.2.15,55524,207.66.212.118,443,TLSv12,TLS_ECDHE_RSA_WITH_AES_256_GCM_SHA384,,www.circsource.com,True,True,CsiI,,,,0ffee3ba8e615ad22535e7f771690a28,28ef90cc3d9d08c96a8a2cb6f365a79e,,,9259.385037,10.0.2.15,55524,207.66.212.118,443,tcp,21.98789299999953,1175.0,25666.0,SF,True,False,0,ShADadTfF,20,1984,34,27030,ssl,0
9259.948887,C8BUsU3TylLaG8axk7,10.0.2.15,55526,216.58.201.98,443,TLSv12,TLS_ECDHE_RSA_WITH_AES_128_GCM_SHA256,x25519,www.googleadservices.com,False,True,CsxknGIti,"['33c13616ade5804cb64668e7fede6e1ef8141ce96a24e69910dfdd83efac1907', '9f630426df1d8abfd80ace98871ba833ab9742cb34838de2b5285ed54c0c7dcc', '3c35cc963eb004451323d3275d05b353235053490d9cd83729a2faf5e7ca1cc0']",[],1.0,0ffee3ba8e615ad22535e7f771690a28,ab41313cfec25328b20865eb1388e0a2,h2,,9259.721925,10.0.2.15,55526,216.58.201.98,443,tcp,191.8567980000007,710.0,4033.0,SF,True,False,0,ShADadFf,19,1478,21,4877,ssl,0
9261.117663,CNkZBf1hf273RRY28e,10.0.2.15,55527,192.225.158.1,443,TLSv12,TLS_ECDHE_RSA_WITH_AES_128_GCM_SHA256,secp256r1,h.online-metrix.net,False,True,CsxknGIti,"['2f4dcd0b12ed0818ae3046eb9bde342a90f9f581e2062a07fe1fc1cf96360065', '973a41276ffd01e027a2aad49e34c37846d3e976ff6a620b6712e33832041aa6', '3a2fbe92891e57fe05d57087f48e730f17e5a5f53ef403d618e5b74d7a7e6ecb', 'c3846bf24b9e93ca64274c0ec67c1ecc5e024ffcacd2d74019350e81fe546ae4']",[],1.0,0ffee3ba8e615ad22535e7f771690a28,389ed42c02ebecc32e73aa31def07e14,,,9260.459227,10.0.2.15,55527,192.225.158.1,443,tcp,3.796261999999842,834.0,27379.0,SF,True,False,0,ShADadfF,16,1482,32,28663,ssl,0
9261.613228,CvlKx3P4G8bBxRxr9,10.0.2.15,55528,192.225.158.1,443,TLSv12,TLS_ECDHE_RSA_WITH_AES_128_GCM_SHA256,secp256r1,h.online-metrix.net,False,True,CsxknGIti,"['2f4dcd0b12ed0818ae3046eb9bde342a90f9f581e2062a07fe1fc1cf96360065', '973a41276ffd01e027a2aad49e34c37846d3e976ff6a620b6712e33832041aa6', '3a2fbe92891e57fe05d57087f48e730f17e5a5f53ef403d618e5b74d7a7e6ecb', 'c3846bf24b9e93ca64274c0ec67c1ecc5e024ffcacd2d74019350e81fe546ae4']",[],1.0,0ffee3ba8e615ad22535e7f771690a28,389ed42c02ebecc32e73aa31def07e14,,,9261.130085,10.0.2.15,55528,192.225.158.1,443,tcp,3.427026999999725,839.0,5988.0,SF,True,False,0,ShADadfF,10,1247,14,6552,ssl,0
9261.962591,CrisA2Q9WJlwG8dO1,10.0.2.15,55529,192.225.158.1,443,TLSv12,TLS_ECDHE_RSA_WITH_AES_128_GCM_SHA256,,h.online-metrix.net,True,True,CsiI,,,,1a5fe5677b0e4fbbc854e8908225637d,fbe78c619e7ea20046131294ad087f05,,,9261.449209,10.0.2.15,55529,192.225.158.1,443,tcp,7.483489000000191,1106.0,4847.0,SF,True,False,0,ShADadfF,9,1474,13,5371,ssl,0
9262.604922,CGzT534338nn9wsy0d,10.0.2.15,55530,192.225.158.1,443,TLSv12,TLS_ECDHE_RSA_WITH_AES_128_GCM_SHA256,,h.online-metrix.net,True,True,CsiI,,,,1a5fe5677b0e4fbbc854e8908225637d,fbe78c619e7ea20046131294ad087f05,,,9262.210456,10.0.2.15,55530,192.225.158.1,443,tcp,6.717883999999685,1053.0,656.0,SF,True,False,0,ShADadFf,8,1381,9,1020,ssl,0
9263.18787,CTHb3F2lcPiNqixs9i,10.0.2.15,55534,216.137.61.93,443,TLSv12,TLS_ECDHE_RSA_WITH_AES_128_GCM_SHA256,,d15vqlr7iz6e8x.cloudfront.net,True,True,CsiI,,,,1a5fe5677b0e4fbbc854e8908225637d,d199ba0af2b08e204c73d6d81a1fd260,http/1.1,,9263.148291,10.0.2.15,55534,216.137.61.93,443,tcp,5.618007000000944,599.0,156.0,SF,True,False,0,ShADadFf,7,887,7,440,ssl,0
9263.421108,CmRqLK3IqvIU0ALrMf,10.0.2.15,55533,34.197.134.3,443,TLSv12,TLS_ECDHE_RSA_WITH_AES_128_GCM_SHA256,,stats.search.usa.gov,True,True,CsiI,,,,0ffee3ba8e615ad22535e7f771690a28,303951d4c50efb2e991652225a6f02b1,,,9263.14542,10.0.2.15,55533,34.197.134.3,443,tcp,5.720413999999437,311.0,176.0,RSTO,True,False,0,ShADadFR,7,599,7,460,ssl,0
9263.421726,COhWYz2C8nDdIlc8Eg,10.0.2.15,55532,34.201.201.25,443,TLSv12,TLS_ECDHE_RSA_WITH_AES_128_GCM_SHA256,,search.usa.gov,True,True,CsiI,,,,0ffee3ba8e615ad22535e7f771690a28,303951d4c50efb2e991652225a6f02b1,,,9263.144942,10.0.2.15,55532,34.201.201.25,443,tcp,5.724919999998747,305.0,176.0,SF,True,False,0,ShADadFfRr,8,633,9,540,ssl,0
9263.417195,CxBdIv39UPZ4h2MqU,10.0.2.15,55531,192.243.245.211,443,TLSv12,TLS_ECDHE_RSA_WITH_AES_256_GCM_SHA384,,smtrics.cdc.gov,True,True,CsiI,,,,0ffee3ba8e615ad22535e7f771690a28,959bfcf87532cbff1253e80a4ee81308,,,9263.144408,10.0.2.15,55531,192.243.245.211,443,tcp,5.642417999999452,306.0,155.0,SF,True,False,0,ShADadFf,8,634,8,479,ssl,0
9263.422283,CjnjuCp6CRMZGK5f,10.0.2.15,55535,95.101.30.110,443,TLSv12,TLS_ECDHE_RSA_WITH_AES_128_GCM_SHA256,,www2c.cdc.gov,True,True,CsiI,,,,1a5fe5677b0e4fbbc854e8908225637d,7bee5c1d424b7e5f943b06983bb11422,http/1.1,,9263.170663,10.0.2.15,55535,95.101.30.110,443,tcp,5.595609999998487,599.0,183.0,SF,True,False,0,ShADadFfRr,8,927,9,547,ssl,0
9264.911323,C31pNp1NSHQhtuMTza,10.0.2.15,55536,74.125.206.155,443,TLSv12,TLS_ECDHE_RSA_WITH_AES_128_GCM_SHA256,x25519,bid.g.doubleclick.net,False,True,CsxknGIti,"['8d80516b26a9002a020bc551f01c44620d0d726476e4babc515dc5c82f0555b5', '9f630426df1d8abfd80ace98871ba833ab9742cb34838de2b5285ed54c0c7dcc', '3c35cc963eb004451323d3275d05b353235053490d9cd83729a2faf5e7ca1cc0']",[],1.0,0ffee3ba8e615ad22535e7f771690a28,ab41313cfec25328b20865eb1388e0a2,h2,,9264.863921,10.0.2.15,55536,74.125.206.155,443,tcp,1.213808000000426,502.0,4085.0,SF,True,False,0,ShADadFf,10,910,13,4609,ssl,0
9269.565265,CUnODJ1djqWE4WJSPk,10.0.2.15,55537,172.217.23.227,443,TLSv12,TLS_ECDHE_RSA_WITH_AES_128_GCM_SHA256,,www.google.cz,True,True,CsiI,,,,1a5fe5677b0e4fbbc854e8908225637d,67619a80665d7ab92d1041b1d11f9164,h2,,9269.520589,10.0.2.15,55537,172.217.23.227,443,tcp,358.25578400000086,5565.0,1724.0,SF,True,False,0,ShADadFf,31,6813,36,3168,ssl,0
9270.474961,C20BHb1dreS6NQe531,10.0.2.15,55539,91.235.132.129,443,TLSv12,TLS_ECDHE_RSA_WITH_AES_128_GCM_SHA256,secp256r1,aa.online-metrix.net,False,True,CsxknGIti,"['2f4dcd0b12ed0818ae3046eb9bde342a90f9f581e2062a07fe1fc1cf96360065', '973a41276ffd01e027a2aad49e34c37846d3e976ff6a620b6712e33832041aa6', '3a2fbe92891e57fe05d57087f48e730f17e5a5f53ef403d618e5b74d7a7e6ecb', 'c3846bf24b9e93ca64274c0ec67c1ecc5e024ffcacd2d74019350e81fe546ae4']",[],1.0,0ffee3ba8e615ad22535e7f771690a28,389ed42c02ebecc32e73aa31def07e14,,,9270.41052,10.0.2.15,55539,91.235.132.129,443,tcp,2.372683000001416,1188.0,7920.0,SF,True,False,0,ShADadfF,10,1596,14,8484,ssl,0
9270.663774,Cueg0a4k6DINgEzKQf,10.0.2.15,55538,192.225.158.1,443,TLSv12,TLS_ECDHE_RSA_WITH_AES_128_GCM_SHA256,,h.online-metrix.net,True,True,CsiI,,,,1a5fe5677b0e4fbbc854e8908225637d,fbe78c619e7ea20046131294ad087f05,,,9270.364397,10.0.2.15,55538,192.225.158.1,443,tcp,6.808474000001297,4964.0,2422.0,SF,True,False,0,ShADadfF,17,5652,18,3146,ssl,0
9270.735686,CwAS023wyzZD7RA2If,10.0.2.15,55542,31.13.84.4,443,TLSv12,TLS_ECDHE_ECDSA_WITH_AES_128_GCM_SHA256,,scontent-vie1-1.xx.fbcdn.net,True,True,CsiI,,,,1a5fe5677b0e4fbbc854e8908225637d,96681175a9547081bf3d417f1a572091,h2,,9270.703996,10.0.2.15,55542,31.13.84.4,443,tcp,191.96213999999964,907.0,434.0,SF,True,False,0,ShADadfF,14,1475,16,1078,ssl,0
9271.734751,CFadTaWnvNmveLi78,10.0.2.15,55541,192.225.158.1,443,TLSv12,TLS_ECDHE_RSA_WITH_AES_128_GCM_SHA256,,h.online-metrix.net,True,True,CsiI,,,,1a5fe5677b0e4fbbc854e8908225637d,fbe78c619e7ea20046131294ad087f05,,,9270.691091,10.0.2.15,55541,192.225.158.1,443,tcp,3.972388000000137,2928.0,3811.0,SF,True,False,0,ShADadfF,12,3416,15,4415,ssl,0
9272.231301,C04Ltg1PhBRtcgcjf,10.0.2.15,55544,95.100.185.157,443,TLSv12,TLS_ECDHE_RSA_WITH_AES_256_GCM_SHA384,secp256r1,s.adroll.com,False,True,CsxknGIti,"['d38e7a401fb763e3303599f758931f9093f5e3664f1e5488e26fd64dc8f8a63a', 'eae72eb454bf6c3977ebd289e970b2f5282949190093d0d26f98d0f0d6a9cf17', '8420dfbe376f414bf4c0a81e6936d24ccc03f304835b86c7a39142fca723a689']",[],1.0,0ffee3ba8e615ad22535e7f771690a28,2b33c1374db4ddf06942f92373c0b54b,http/1.1,,9272.19311,10.0.2.15,55544,95.100.185.157,443,tcp,6.035195000000385,378.0,4844.0,SF,True,False,0,ShADadFfRr,11,826,13,5368,ssl,0
9272.215677,CGvpFm3JIIPgwsk6Tl,10.0.2.15,55543,95.100.185.157,443,TLSv12,TLS_ECDHE_RSA_WITH_AES_256_GCM_SHA384,secp256r1,s.adroll.com,False,True,CsxknGIti,"['d38e7a401fb763e3303599f758931f9093f5e3664f1e5488e26fd64dc8f8a63a', 'eae72eb454bf6c3977ebd289e970b2f5282949190093d0d26f98d0f0d6a9cf17', '8420dfbe376f414bf4c0a81e6936d24ccc03f304835b86c7a39142fca723a689']",[],1.0,0ffee3ba8e615ad22535e7f771690a28,2b33c1374db4ddf06942f92373c0b54b,http/1.1,,9272.192261,10.0.2.15,55543,95.100.185.157,443,tcp,132.76237199999923,1256.0,7233.0,SF,True,False,0,ShADadTTFf,26,2316,28,8357,ssl,0
9274.18411,CRfAN73aih3l0TPAJd,10.0.2.15,55545,192.225.158.3,443,TLSv12,TLS_ECDHE_RSA_WITH_AES_128_GCM_SHA256,secp256r1,k8vif92e-21395435403a26717db4f01725abbffbfec134bb-sac.d.aa.online-metrix.net,False,True,ClsxknGIti,"['be53d72cf5651c6b98f6abd43cb6c7175d12c8149a9f6f5ef2f4a22fcd2ac15e', '973a41276ffd01e027a2aad49e34c37846d3e976ff6a620b6712e33832041aa6', '3a2fbe92891e57fe05d57087f48e730f17e5a5f53ef403d618e5b74d7a7e6ecb', 'c3846bf24b9e93ca64274c0ec67c1ecc5e024ffcacd2d74019350e81fe546ae4']",[],1.0,0ffee3ba8e615ad22535e7f771690a28,389ed42c02ebecc32e73aa31def07e14,,unrecognized_name,9273.685646,10.0.2.15,55545,192.225.158.3,443,tcp,1.88236599999982,869.0,6046.0,SF,True,False,0,ShADadfF,10,1277,14,6610,ssl,0
9274.677566,CElned2Z7ff2rpY3w2,10.0.2.15,55547,192.225.158.3,443,TLSv12,TLS_ECDHE_RSA_WITH_AES_128_GCM_SHA256,secp256r1,k8vif92e-21395435403a26717db4f01725abbffbfec134bb-sac.d.aa.online-metrix.net,False,True,ClsxknGIti,"['be53d72cf5651c6b98f6abd43cb6c7175d12c8149a9f6f5ef2f4a22fcd2ac15e', '973a41276ffd01e027a2aad49e34c37846d3e976ff6a620b6712e33832041aa6', '3a2fbe92891e57fe05d57087f48e730f17e5a5f53ef403d618e5b74d7a7e6ecb', 'c3846bf24b9e93ca64274c0ec67c1ecc5e024ffcacd2d74019350e81fe546ae4']",[],1.0,0ffee3ba8e615ad22535e7f771690a28,389ed42c02ebecc32e73aa31def07e14,,unrecognized_name,9274.330506,10.0.2.15,55547,192.225.158.3,443,tcp,7.45219200000065,410.0,5595.0,SF,True,False,0,ShADadFfRr,11,858,13,6119,ssl,0
9275.30463,CQL2o73QEO9A3O8xV7,10.0.2.15,55550,54.247.73.220,443,TLSv12,TLS_ECDHE_RSA_WITH_AES_128_GCM_SHA256,secp256r1,d.adroll.com,False,True,CsxknGIi,"['30d9e6a96455a203c6d0e675630de083191a9ec88b4ede4851365088792e1417', 'e6683e88315cd1cb403c0cea490f7c4b4c82c91cd485037489aadbaa90839f61', 'ff856a2d251dcd88d36656f450126798cfabaade40799c722de4d2b5db36a73a']",[],1.0,0ffee3ba8e615ad22535e7f771690a28,303951d4c50efb2e991652225a6f02b1,,,9275.008769,10.0.2.15,55550,54.247.73.220,443,tcp,66.25237299999935,2029.0,6733.0,SF,True,False,0,ShADadTFf,19,2803,24,7697,ssl,0
9275.299224,CZqkyg2t3wlunCIB0b,10.0.2.15,55549,54.247.73.220,443,TLSv12,TLS_ECDHE_RSA_WITH_AES_128_GCM_SHA256,secp256r1,d.adroll.com,False,True,CsxknGIi,"['30d9e6a96455a203c6d0e675630de083191a9ec88b4ede4851365088792e1417', 'e6683e88315cd1cb403c0cea490f7c4b4c82c91cd485037489aadbaa90839f61', 'ff856a2d251dcd88d36656f450126798cfabaade40799c722de4d2b5db36a73a']",[],1.0,0ffee3ba8e615ad22535e7f771690a28,303951d4c50efb2e991652225a6f02b1,,,9274.999467,10.0.2.15,55549,54.247.73.220,443,tcp,66.22885599999972,3027.0,7981.0,SF,True,False,0,ShADadTFf,23,3961,29,9145,ssl,0
9276.029882,CC9CIA3qdlCIiB5z65,10.0.2.15,55551,192.243.245.211,443,TLSv12,TLS_ECDHE_RSA_WITH_AES_256_GCM_SHA384,,smtrics.cdc.gov,True,True,CsiI,,,,0ffee3ba8e615ad22535e7f771690a28,959bfcf87532cbff1253e80a4ee81308,,,9275.989799,10.0.2.15,55551,192.243.245.211,443,tcp,17.13975599999867,3736.0,807.0,SF,True,False,0,ShADadTFf,12,4225,12,1291,ssl,0
9279.141388,Cti5Bf2GVIPsx3sAKe,10.0.2.15,55555,192.225.158.1,443,TLSv12,TLS_ECDHE_RSA_WITH_AES_128_GCM_SHA256,,h.online-metrix.net,True,True,CsiI,,,,1a5fe5677b0e4fbbc854e8908225637d,fbe78c619e7ea20046131294ad087f05,,,9278.947096,10.0.2.15,55555,192.225.158.1,443,tcp,2.88309499999923,1116.0,544.0,SF,True,False,0,ShADadfF,8,1444,9,908,ssl,0
9279.929638,CwcBgD1y1XRDnFbuvf,10.0.2.15,55559,54.247.73.220,443,TLSv12,TLS_ECDHE_RSA_WITH_AES_128_GCM_SHA256,,d.adroll.com,True,True,CsiI,,,,0ffee3ba8e615ad22535e7f771690a28,303951d4c50efb2e991652225a6f02b1,,,9279.761706,10.0.2.15,55559,54.247.73.220,443,tcp,61.49574900000152,700.0,875.0,SF,True,False,0,ShADadTFf,15,1314,15,1479,ssl,0
9279.931678,Ceh39q3aTlwSbr78Ld,10.0.2.15,55558,54.247.73.220,443,TLSv12,TLS_ECDHE_RSA_WITH_AES_128_GCM_SHA256,,d.adroll.com,True,True,CsiI,,,,0ffee3ba8e615ad22535e7f771690a28,303951d4c50efb2e991652225a6f02b1,,,9279.761178,10.0.2.15,55558,54.247.73.220,443,tcp,61.49635099999978,707.0,949.0,SF,True,False,0,ShADadTFf,14,1281,15,1553,ssl,0
9279.939402,C7v5EP3kZstjyY6zC,10.0.2.15,55556,54.247.73.220,443,TLSv12,TLS_ECDHE_RSA_WITH_AES_128_GCM_SHA256,,d.adroll.com,True,True,CsiI,,,,0ffee3ba8e615ad22535e7f771690a28,303951d4c50efb2e991652225a6f02b1,,,9279.737329,10.0.2.15,55556,54.247.73.220,443,tcp,61.500449999999546,706.0,849.0,SF,True,False,0,ShADadTFf,14,1280,15,1453,ssl,0
9279.941281,CAykF24wPDGn9YBBog,10.0.2.15,55557,54.247.73.220,443,TLSv12,TLS_ECDHE_RSA_WITH_AES_128_GCM_SHA256,,d.adroll.com,True,True,CsiI,,,,0ffee3ba8e615ad22535e7f771690a28,303951d4c50efb2e991652225a6f02b1,,,9279.748519,10.0.2.15,55557,54.247.73.220,443,tcp,61.48919399999977,700.0,989.0,SF,True,False,0,ShADadTFf,14,1274,15,1593,ssl,0
9281.625752,CoJxWO31eQISQLZ1a2,10.0.2.15,55562,62.51.0.45,443,TLSv12,TLS_RSA_WITH_AES_128_CBC_SHA,,ums.adtech.de,False,True,CsxnGIi,"['83dc825a285d75874ad3093d3c109950d638be3a813b789cebec11ec6396cc8f', '3b0cc20384ad7f24eb438f2b80c63ebe003f7f215b8877e418ebb0484028db57', '6b143c2005d5539cc22eab5f772db2a9fe87467feffa07fcf0a9f7d28274ca7a']",[],1.0,0ffee3ba8e615ad22535e7f771690a28,5397c414a9ebeaff1bf18b70ca22eaa0,,,9281.590986,10.0.2.15,55562,62.51.0.45,443,tcp,6.575684000001274,617.0,4001.0,SF,True,False,0,ShADadFf,9,985,10,4405,ssl,0
9281.616379,CsL6VA1hHtcurK4Kse,10.0.2.15,55561,104.155.94.88,443,TLSv12,TLS_ECDHE_RSA_WITH_AES_128_GCM_SHA256,secp256r1,x.bidswitch.net,False,True,CsxknGIti,"['6710fb217b2e1c9d2a9394e53e369972943bb04823ae76a38f0ed2d28ac778a4', '02ab57e4e67a0cb48dd2ff34830e8ac40f4476fb08ca6be3f5cd846f646840f0', '4f32d5dc00f715250abcc486511e37f501a899deb3bf7ea8adbbd3aef1c412da', '687fa451382278fff0c8b11f8d43d576671c6eb2bceab413fb83d965d06d2ff2']",[],1.0,0ffee3ba8e615ad22535e7f771690a28,ccc514751b175866924439bdbb5bba34,,,9281.579562,10.0.2.15,55561,104.155.94.88,443,tcp,66.92988299999888,858.0,6476.0,SF,True,False,0,ShADadTfF,17,1552,20,7280,ssl,0
9281.618308,C3tv2A2GDAKx9KMgW5,10.0.2.15,55560,62.51.0.45,443,TLSv12,TLS_RSA_WITH_AES_128_CBC_SHA,,ums.adtech.de,False,True,CsxnGIi,"['83dc825a285d75874ad3093d3c109950d638be3a813b789cebec11ec6396cc8f', '3b0cc20384ad7f24eb438f2b80c63ebe003f7f215b8877e418ebb0484028db57', '6b143c2005d5539cc22eab5f772db2a9fe87467feffa07fcf0a9f7d28274ca7a']",[],1.0,0ffee3ba8e615ad22535e7f771690a28,5397c414a9ebeaff1bf18b70ca22eaa0,,,9281.57732,10.0.2.15,55560,62.51.0.45,443,tcp,16.23522000000048,1049.0,4251.0,SF,True,False,0,ShADadTfF,12,1538,14,4815,ssl,0
9282.028243,Ct8Y9J2EWo254klqmf,10.0.2.15,55567,151.101.114.2,443,TLSv12,TLS_ECDHE_RSA_WITH_AES_128_GCM_SHA256,secp256r1,trc.taboola.com,False,True,CsxuknGIti,"['1b90ad8858722a0f2048bb4da66bfe69ccb05827d075f8dbd6dea0562198334b', '4b7334e1d8999822bafa8ff6888125389b18a4e5ab26ffa624c7f68fdc81f0cb']",[],1.0,0ffee3ba8e615ad22535e7f771690a28,860fcf58fd757e26aa8911e5eaff6b53,h2,,9281.610421,10.0.2.15,55567,151.101.114.2,443,tcp,199.6897430000008,1599.0,6478.0,SF,True,False,0,ShADadFfRr,20,2407,23,7402,ssl,0
9282.040157,Cw6pGb2q3ItiTagcvb,10.0.2.15,55563,104.155.94.88,443,TLSv12,TLS_ECDHE_RSA_WITH_AES_128_GCM_SHA256,secp256r1,x.bidswitch.net,False,True,CsxknGIti,"['6710fb217b2e1c9d2a9394e53e369972943bb04823ae76a38f0ed2d28ac778a4', '02ab57e4e67a0cb48dd2ff34830e8ac40f4476fb08ca6be3f5cd846f646840f0', '4f32d5dc00f715250abcc486511e37f501a899deb3bf7ea8adbbd3aef1c412da', '687fa451382278fff0c8b11f8d43d576671c6eb2bceab413fb83d965d06d2ff2']",[],1.0,0ffee3ba8e615ad22535e7f771690a28,ccc514751b175866924439bdbb5bba34,,,9281.591257,10.0.2.15,55563,104.155.94.88,443,tcp,6.575383999999758,349.0,6094.0,SF,True,False,0,ShADadFf,10,757,12,6578,ssl,0
9282.052213,CoCM1y2BC7uJJtedDd,10.0.2.15,55565,62.67.193.75,443,TLSv12,TLS_RSA_WITH_AES_256_CBC_SHA,,pixel.rubiconproject.com,False,True,CsxnGIi,"['323de379ee34a94e415f63b56183d0d5d0e5a863f4ac89f97dc40ae81cc021c8', '154c433c491929c5ef686e838e323664a00e6a0d822ccc958fb4dab03e49a08f']",[],1.0,0ffee3ba8e615ad22535e7f771690a28,0a917d753018dad73d9899ace370f8d8,,,9281.609117,10.0.2.15,55565,62.67.193.75,443,tcp,128.33108100000027,6553.0,4937.0,SF,True,False,0,ShADadTTFf,27,7653,28,6061,ssl,0
9282.045699,CDMmH049Iz2ZVqH9L5,10.0.2.15,55566,198.47.127.15,443,TLSv12,TLS_RSA_WITH_3DES_EDE_CBC_SHA,,simage2.pubmatic.com,False,True,CsxnGIi,"['cff54ceae5bc84cde0613894d40cbecfeede547bfdef6b9458b626c348f09d84', '111006378afbe8e99bb02ba87390ca429fca2773f74d7f7eb5744f5ddf68014b', '4f32d5dc00f715250abcc486511e37f501a899deb3bf7ea8adbbd3aef1c412da']",[],1.0,0ffee3ba8e615ad22535e7f771690a28,ccf031939aa8979b73a604c356f7fd68,,,9281.609166,10.0.2.15,55566,198.47.127.15,443,tcp,3.7974649999996473,5024.0,5465.0,SF,True,False,0,ShADadfF,13,5552,16,6109,ssl,0
9282.056591,CJTIN5YNEMqVucJl2,10.0.2.15,55564,185.33.222.236,443,TLSv12,TLS_ECDHE_RSA_WITH_AES_256_GCM_SHA384,secp256r1,ib.adnxs.com,False,True,CsxuknGIti,"['5b081650e8034418a37504ce0820892be5a66474578207711eb688243fe1a8f2', '074541ecdf88ed992ed5ade3ecddef27a26ba1b44480a195c0a8dadae2521d8e']",[],1.0,0ffee3ba8e615ad22535e7f771690a28,d53e4608f956df65bb2b8a8c4d3b025d,,,9281.608078,10.0.2.15,55564,185.33.222.236,443,tcp,12.176150000001144,3093.0,7823.0,SF,True,False,0,ShADadfF,12,3581,17,8507,ssl,0
9282.062483,CU16tF3VPByskCQnrg,10.0.2.15,55569,173.241.240.143,443,TLSv12,TLS_ECDHE_RSA_WITH_AES_128_GCM_SHA256,secp256r1,us-u.openx.net,False,True,CsxknGIi,"['ab7de06ea7a3de3225f335667d38750434931049f9e9cb0cb4a9caf5df22819c', '074541ecdf88ed992ed5ade3ecddef27a26ba1b44480a195c0a8dadae2521d8e']",[],1.0,0ffee3ba8e615ad22535e7f771690a28,699a80bdb17efe157c861f92c5bf5d1d,,,9281.612026,10.0.2.15,55569,173.241.240.143,443,tcp,34.03300799999852,832.0,3284.0,SF,True,False,0,ShADadTfF,12,1322,13,3808,ssl,0
9282.067261,CpNRwm41TsXjfvJKAj,10.0.2.15,55568,217.12.15.54,443,TLSv12,TLS_ECDHE_RSA_WITH_AES_128_GCM_SHA256,secp256r1,ads.yahoo.com,False,True,CsxknGIti,"['aaab982de106f191dd3d06d3f44eada0b8a2b0a6692636e9ff628a677f3eb65c', 'eae72eb454bf6c3977ebd289e970b2f5282949190093d0d26f98d0f0d6a9cf17']",[],1.0,0ffee3ba8e615ad22535e7f771690a28,389ed42c02ebecc32e73aa31def07e14,,,9281.611069,10.0.2.15,55568,217.12.15.54,443,tcp,6.754758999999467,1432.0,4452.0,RSTO,True,False,0,ShADadFR,12,1920,13,4976,ssl,0
9282.641648,CUWGR827f9Uguph9Zd,10.0.2.15,55571,62.67.193.75,443,TLSv12,TLS_RSA_WITH_AES_256_CBC_SHA,,pixel.rubiconproject.com,False,True,CsxnGIi,"['323de379ee34a94e415f63b56183d0d5d0e5a863f4ac89f97dc40ae81cc021c8', '154c433c491929c5ef686e838e323664a00e6a0d822ccc958fb4dab03e49a08f']",[],1.0,0ffee3ba8e615ad22535e7f771690a28,0a917d753018dad73d9899ace370f8d8,,,9282.089621,10.0.2.15,55571,62.67.193.75,443,tcp,6.227410000001328,628.0,2719.0,SF,True,False,0,ShADadFf,9,996,9,3083,ssl,0
9282.621457,CFcR7B1MKFxH4iAX56,10.0.2.15,55570,185.33.222.236,443,TLSv12,TLS_ECDHE_RSA_WITH_AES_256_GCM_SHA384,secp256r1,ib.adnxs.com,False,True,CsxuknGIti,"['5b081650e8034418a37504ce0820892be5a66474578207711eb688243fe1a8f2', '074541ecdf88ed992ed5ade3ecddef27a26ba1b44480a195c0a8dadae2521d8e']",[],1.0,0ffee3ba8e615ad22535e7f771690a28,d53e4608f956df65bb2b8a8c4d3b025d,,,9282.081531,10.0.2.15,55570,185.33.222.236,443,tcp,6.085025000000314,346.0,4867.0,SF,True,False,0,ShADadFf,10,754,11,5311,ssl,0
9289.20631,Cm7cUC1dMc4UdU5WH5,10.0.2.15,55579,192.225.158.1,443,TLSv12,TLS_ECDHE_RSA_WITH_AES_128_GCM_SHA256,,h.online-metrix.net,True,True,CsiI,,,,1a5fe5677b0e4fbbc854e8908225637d,fbe78c619e7ea20046131294ad087f05,,,9288.640083,10.0.2.15,55579,192.225.158.1,443,tcp,1.7551970000004071,1205.0,514.0,SF,True,False,0,ShADadfF,7,1493,8,838,ssl,0
9289.214305,C1iZhu10sb68tjcqsj,10.0.2.15,55576,192.225.158.1,443,TLSv12,TLS_ECDHE_RSA_WITH_AES_128_GCM_SHA256,,h.online-metrix.net,True,True,CsiI,,,,1a5fe5677b0e4fbbc854e8908225637d,fbe78c619e7ea20046131294ad087f05,,,9288.625543,10.0.2.15,55576,192.225.158.1,443,tcp,6.578293999999005,599.0,168.0,SF,True,False,0,ShADadFfRr,8,927,9,532,ssl,0
9289.836704,Cfd7VpPd0buKBRmDj,10.0.2.15,55580,192.225.158.1,443,TLSv12,TLS_ECDHE_RSA_WITH_AES_128_GCM_SHA256,,h.online-metrix.net,True,True,CsiI,,,,1a5fe5677b0e4fbbc854e8908225637d,fbe78c619e7ea20046131294ad087f05,,,9289.494082,10.0.2.15,55580,192.225.158.1,443,tcp,7.030819999999949,599.0,168.0,SF,True,False,0,ShADadFfRr,8,927,9,532,ssl,0
9291.610042,C5EgfGoNc1VoXffyf,10.0.2.15,55581,54.192.93.223,443,TLSv12,TLS_ECDHE_RSA_WITH_AES_128_GCM_SHA256,secp256r1,www.gotowebinar.com,False,True,CsxuknGIti,"['9cc121233cea2d3c50da675ae19c5b231915a70527ff8c2175bee38e7c1b17b7', '403e062a2653059113285baf80a0d4ae422c848c9f78fad01fc94bc5b87fef1a']",[],1.0,0ffee3ba8e615ad22535e7f771690a28,76cc3e2d3028143b23ec18e27dbd7ca9,http/1.1,,9291.574832,10.0.2.15,55581,54.192.93.223,443,tcp,120.40936800000054,671.0,5945.0,SF,True,False,0,ShADadTTfF,21,1530,25,6949,ssl,0
9292.236618,C2NYY45HEz4a4AIKg,10.0.2.15,55582,54.192.93.30,443,TLSv12,TLS_ECDHE_RSA_WITH_AES_128_GCM_SHA256,secp256r1,www.gotomeeting.com,False,True,CsxuknGIti,"['9cc121233cea2d3c50da675ae19c5b231915a70527ff8c2175bee38e7c1b17b7', '403e062a2653059113285baf80a0d4ae422c848c9f78fad01fc94bc5b87fef1a']",[],1.0,0ffee3ba8e615ad22535e7f771690a28,76cc3e2d3028143b23ec18e27dbd7ca9,http/1.1,,9292.197678,10.0.2.15,55582,54.192.93.30,443,tcp,153.01176099999975,2746.0,31201.0,SF,True,False,0,ShADadTTfF,34,4128,51,33245,ssl,0
9293.401912,CC6vQxTVyvYofLbuj,10.0.2.15,55583,95.101.241.136,443,TLSv12,TLS_ECDHE_RSA_WITH_AES_256_GCM_SHA384,secp256r1,cdn.optimizely.com,False,True,CsxuknGIti,"['66f2989ea8d8daad5f7510b047626245f8d89d5a9ad6afec0c9dec62f0de05e9', 'eae72eb454bf6c3977ebd289e970b2f5282949190093d0d26f98d0f0d6a9cf17', '8420dfbe376f414bf4c0a81e6936d24ccc03f304835b86c7a39142fca723a689']",[],1.0,0ffee3ba8e615ad22535e7f771690a28,9a31479427499ded4d3656a260298ec7,h2,,9293.357795,10.0.2.15,55583,95.101.241.136,443,tcp,235.169758,1385.0,164701.0,SF,True,False,0,ShADadFfRr,51,3433,149,170665,ssl,0
9294.348866,CONJeuymFKxnOUc63,10.0.2.15,55589,54.192.93.207,443,TLSv12,TLS_ECDHE_RSA_WITH_AES_128_GCM_SHA256,secp256r1,assets.cdngetgo.com,False,True,CsxuknGIti,"['63c579e2d6bfa4b35dfb8884aa211d6425aba886ed68cf9d30b2461f0409baff', '403e062a2653059113285baf80a0d4ae422c848c9f78fad01fc94bc5b87fef1a', '7431e5f4c3c1ce4690774f0b61e05440883ba9a01ed00ba6abd7806ed3b118cf']",[],1.0,0ffee3ba8e615ad22535e7f771690a28,76cc3e2d3028143b23ec18e27dbd7ca9,http/1.1,,9293.833166,10.0.2.15,55589,54.192.93.207,443,tcp,153.74742999999944,3638.0,894436.0,SF,True,False,0,ShADadtTTfF,350,17658,929,933020,ssl,0
9294.358786,C8qoHQ2TkerOF8eGQk,10.0.2.15,55588,54.192.93.207,443,TLSv12,TLS_ECDHE_RSA_WITH_AES_128_GCM_SHA256,secp256r1,assets.cdngetgo.com,False,True,CsxuknGIti,"['63c579e2d6bfa4b35dfb8884aa211d6425aba886ed68cf9d30b2461f0409baff', '403e062a2653059113285baf80a0d4ae422c848c9f78fad01fc94bc5b87fef1a', '7431e5f4c3c1ce4690774f0b61e05440883ba9a01ed00ba6abd7806ed3b118cf']",[],1.0,0ffee3ba8e615ad22535e7f771690a28,76cc3e2d3028143b23ec18e27dbd7ca9,http/1.1,,9293.814922,10.0.2.15,55588,54.192.93.207,443,tcp,153.76173999999992,4425.0,2609741.0,SF,True,False,0,ShADadtTWTfF,556,26685,2054,2700425,ssl,0
9294.374847,CfHyF1Df1Oo2OeMZi,10.0.2.15,55587,54.192.93.207,443,TLSv12,TLS_ECDHE_RSA_WITH_AES_128_GCM_SHA256,secp256r1,assets.cdngetgo.com,False,True,CsxuknGIti,"['63c579e2d6bfa4b35dfb8884aa211d6425aba886ed68cf9d30b2461f0409baff', '403e062a2653059113285baf80a0d4ae422c848c9f78fad01fc94bc5b87fef1a', '7431e5f4c3c1ce4690774f0b61e05440883ba9a01ed00ba6abd7806ed3b118cf']",[],1.0,0ffee3ba8e615ad22535e7f771690a28,76cc3e2d3028143b23ec18e27dbd7ca9,http/1.1,,9293.810657,10.0.2.15,55587,54.192.93.207,443,tcp,139.66761299999962,4686.0,234505.0,SF,True,False,0,ShADadTTfF,105,8905,257,244789,ssl,0
9294.378861,Cv2F822MmD7o5ctJXb,10.0.2.15,55586,54.192.93.207,443,TLSv12,TLS_ECDHE_RSA_WITH_AES_128_GCM_SHA256,secp256r1,assets.cdngetgo.com,False,True,CsxuknGIti,"['63c579e2d6bfa4b35dfb8884aa211d6425aba886ed68cf9d30b2461f0409baff', '403e062a2653059113285baf80a0d4ae422c848c9f78fad01fc94bc5b87fef1a', '7431e5f4c3c1ce4690774f0b61e05440883ba9a01ed00ba6abd7806ed3b118cf']",[],1.0,0ffee3ba8e615ad22535e7f771690a28,76cc3e2d3028143b23ec18e27dbd7ca9,http/1.1,,9293.808997,10.0.2.15,55586,54.192.93.207,443,tcp,153.76903800000036,3487.0,1054601.0,SF,True,False,0,ShADadtWTTfF,392,19187,1033,1100185,ssl,0
9294.381898,ClENF73Dxh4MfERzO7,10.0.2.15,55585,54.192.93.207,443,TLSv12,TLS_ECDHE_RSA_WITH_AES_128_GCM_SHA256,secp256r1,assets.cdngetgo.com,False,True,CsxuknGIti,"['63c579e2d6bfa4b35dfb8884aa211d6425aba886ed68cf9d30b2461f0409baff', '403e062a2653059113285baf80a0d4ae422c848c9f78fad01fc94bc5b87fef1a', '7431e5f4c3c1ce4690774f0b61e05440883ba9a01ed00ba6abd7806ed3b118cf']",[],1.0,0ffee3ba8e615ad22535e7f771690a28,76cc3e2d3028143b23ec18e27dbd7ca9,http/1.1,,9293.803667,10.0.2.15,55585,54.192.93.207,443,tcp,156.89063299999907,4063.0,2112564.0,SF,True,False,0,ShADadtTWTfF,523,25003,1750,2188248,ssl,0
9294.383961,CQmboT2B52BRD5Lnfe,10.0.2.15,55584,54.192.93.207,443,TLSv12,TLS_ECDHE_RSA_WITH_AES_128_GCM_SHA256,secp256r1,assets.cdngetgo.com,False,True,CsxuknGIti,"['63c579e2d6bfa4b35dfb8884aa211d6425aba886ed68cf9d30b2461f0409baff', '403e062a2653059113285baf80a0d4ae422c848c9f78fad01fc94bc5b87fef1a', '7431e5f4c3c1ce4690774f0b61e05440883ba9a01ed00ba6abd7806ed3b118cf']",[],1.0,0ffee3ba8e615ad22535e7f771690a28,76cc3e2d3028143b23ec18e27dbd7ca9,http/1.1,,9293.801977,10.0.2.15,55584,54.192.93.207,443,tcp,153.7688270000017,4146.0,815639.0,SF,True,False,0,ShADadtTTfF,262,14646,763,847583,ssl,0
9294.385262,C0BryT3ZqK8o9Hzkkh,10.0.2.15,55590,68.232.35.180,443,TLSv12,TLS_ECDHE_RSA_WITH_AES_128_GCM_SHA256,secp256r1,tags.tiqcdn.com,False,True,CsxuknGIti,"['e9833ec9415ec4381e97b13a6a575b5ebe604ba96ebe8484d5edd67608a492ca', '19400be5b7a31fb733917700789d2f0a2471c0c9d506c0e504c06c16d7cb17c0', '7431e5f4c3c1ce4690774f0b61e05440883ba9a01ed00ba6abd7806ed3b118cf']",[],1.0,1a5fe5677b0e4fbbc854e8908225637d,49b45fc1ab090aa3a159778313fc9b9e,h2,,9293.836476,10.0.2.15,55590,68.232.35.180,443,tcp,303.6581449999994,5369.0,118796.0,SF,True,False,0,ShADadfF,75,8377,148,124720,ssl,0
9298.088863,CncUq01xhzhZ2HxKTg,10.0.2.15,55591,95.101.241.136,443,TLSv12,TLS_ECDHE_RSA_WITH_AES_256_GCM_SHA384,secp256r1,cdn3.optimizely.com,False,True,CsxuknGIti,"['66f2989ea8d8daad5f7510b047626245f8d89d5a9ad6afec0c9dec62f0de05e9', 'eae72eb454bf6c3977ebd289e970b2f5282949190093d0d26f98d0f0d6a9cf17', '8420dfbe376f414bf4c0a81e6936d24ccc03f304835b86c7a39142fca723a689']",[],1.0,0ffee3ba8e615ad22535e7f771690a28,9a31479427499ded4d3656a260298ec7,http/1.1,,9297.462805,10.0.2.15,55591,95.101.241.136,443,tcp,15.12355000000025,353.0,6468.0,SF,True,False,0,ShADadTFfRr,12,842,15,7072,ssl,0
9300.075228,CmB0eG2Av1eWtfQMb5,10.0.2.15,55595,95.100.180.207,443,TLSv12,TLS_ECDHE_RSA_WITH_AES_256_GCM_SHA384,secp256r1,a7480152950.cdn.optimizely.com,False,True,CsxknGIti,"['16a508bc257ba034427b5d3ecb4156b50b9c44f07a68e5d5c26d4c1e192c49d5', '074541ecdf88ed992ed5ade3ecddef27a26ba1b44480a195c0a8dadae2521d8e']",[],1.0,0ffee3ba8e615ad22535e7f771690a28,2b33c1374db4ddf06942f92373c0b54b,http/1.1,,9299.797346,10.0.2.15,55595,95.100.180.207,443,tcp,226.1217530000013,3014.0,4868.0,SF,True,False,0,ShADadTTFRfr,36,4483,38,6392,ssl,0
9300.082532,Cl1Txk49XXZzFQS2qe,10.0.2.15,55594,95.100.180.207,443,TLSv12,TLS_ECDHE_RSA_WITH_AES_256_GCM_SHA384,secp256r1,a7480152950.cdn.optimizely.com,False,True,CsxknGIti,"['16a508bc257ba034427b5d3ecb4156b50b9c44f07a68e5d5c26d4c1e192c49d5', '074541ecdf88ed992ed5ade3ecddef27a26ba1b44480a195c0a8dadae2521d8e']",[],1.0,0ffee3ba8e615ad22535e7f771690a28,2b33c1374db4ddf06942f92373c0b54b,http/1.1,,9299.792335,10.0.2.15,55594,95.100.180.207,443,tcp,7.067622000000483,364.0,3391.0,SF,True,False,0,ShADadFfRr,11,812,12,3875,ssl,0
9299.842358,CxNu54o6l7atRBIqb,10.0.2.15,55592,54.235.140.156,443,TLSv12,TLS_ECDHE_RSA_WITH_AES_128_GCM_SHA256,secp256r1,7594401329.log.optimizely.com,False,True,CsxknGIi,"['720a04382d93aa8932b95cc755b9fbaab1b6a01d85399736cf4d5a4607e41172', '19400be5b7a31fb733917700789d2f0a2471c0c9d506c0e504c06c16d7cb17c0', '7431e5f4c3c1ce4690774f0b61e05440883ba9a01ed00ba6abd7806ed3b118cf']",[],1.0,0ffee3ba8e615ad22535e7f771690a28,303951d4c50efb2e991652225a6f02b1,,,9299.378435,10.0.2.15,55592,54.235.140.156,443,tcp,222.3855109999986,13974.0,7519.0,SF,True,False,0,ShADadTTFf,47,15881,49,9483,ssl,0
9299.849074,C6KWDY3FrbDDLRsva8,10.0.2.15,55593,54.235.140.156,443,TLSv12,TLS_ECDHE_RSA_WITH_AES_128_GCM_SHA256,secp256r1,7594401329.log.optimizely.com,False,True,CsxknGIi,"['720a04382d93aa8932b95cc755b9fbaab1b6a01d85399736cf4d5a4607e41172', '19400be5b7a31fb733917700789d2f0a2471c0c9d506c0e504c06c16d7cb17c0', '7431e5f4c3c1ce4690774f0b61e05440883ba9a01ed00ba6abd7806ed3b118cf']",[],1.0,0ffee3ba8e615ad22535e7f771690a28,303951d4c50efb2e991652225a6f02b1,,,9299.506398,10.0.2.15,55593,54.235.140.156,443,tcp,25.326843000000736,1923.0,5236.0,RSTR,True,False,0,ShADadTRr,14,2493,15,5840,ssl,0
9300.687721,CwEWec1srI3B5T3gm9,10.0.2.15,55601,54.235.140.156,443,TLSv12,TLS_ECDHE_RSA_WITH_AES_128_GCM_SHA256,secp256r1,7594401329.log.optimizely.com,False,True,CsxknGIi,"['720a04382d93aa8932b95cc755b9fbaab1b6a01d85399736cf4d5a4607e41172', '19400be5b7a31fb733917700789d2f0a2471c0c9d506c0e504c06c16d7cb17c0', '7431e5f4c3c1ce4690774f0b61e05440883ba9a01ed00ba6abd7806ed3b118cf']",[],1.0,0ffee3ba8e615ad22535e7f771690a28,303951d4c50efb2e991652225a6f02b1,,,9299.851369,10.0.2.15,55601,54.235.140.156,443,tcp,11.767556000000695,363.0,4105.0,SF,True,False,0,ShADadFfRr,11,811,13,4629,ssl,0
9300.701557,CsgrqS2xMbvBwvRw0c,10.0.2.15,55598,54.235.140.156,443,TLSv12,TLS_ECDHE_RSA_WITH_AES_128_GCM_SHA256,secp256r1,7594401329.log.optimizely.com,False,True,CsxknGIi,"['720a04382d93aa8932b95cc755b9fbaab1b6a01d85399736cf4d5a4607e41172', '19400be5b7a31fb733917700789d2f0a2471c0c9d506c0e504c06c16d7cb17c0', '7431e5f4c3c1ce4690774f0b61e05440883ba9a01ed00ba6abd7806ed3b118cf']",[],1.0,0ffee3ba8e615ad22535e7f771690a28,303951d4c50efb2e991652225a6f02b1,,,9299.832822,10.0.2.15,55598,54.235.140.156,443,tcp,11.96262299999944,363.0,4105.0,SF,True,False,0,ShADadFfRr,11,811,12,4589,ssl,0
9300.72667,C7UVnB1dszagBJSZLc,10.0.2.15,55599,52.1.212.239,443,TLSv12,TLS_ECDHE_RSA_WITH_AES_128_GCM_SHA256,secp256r1,logx.optimizely.com,False,True,CsxknGIi,"['121e4a8079d4afed2206030ff5d65362176fc4cf1d6cdc37d83304cf705a5212', '19400be5b7a31fb733917700789d2f0a2471c0c9d506c0e504c06c16d7cb17c0']",[],1.0,0ffee3ba8e615ad22535e7f771690a28,303951d4c50efb2e991652225a6f02b1,,,9299.838347,10.0.2.15,55599,52.1.212.239,443,tcp,12.562973999998576,353.0,3148.0,SF,True,False,0,ShADadTFfRr,12,842,13,3672,ssl,0
9300.707481,CcBFGm2cAki8y2reUh,10.0.2.15,55597,52.1.212.239,443,TLSv12,TLS_ECDHE_RSA_WITH_AES_128_GCM_SHA256,secp256r1,logx.optimizely.com,False,True,CsxknGIi,"['121e4a8079d4afed2206030ff5d65362176fc4cf1d6cdc37d83304cf705a5212', '19400be5b7a31fb733917700789d2f0a2471c0c9d506c0e504c06c16d7cb17c0']",[],1.0,0ffee3ba8e615ad22535e7f771690a28,303951d4c50efb2e991652225a6f02b1,,,9299.809827,10.0.2.15,55597,52.1.212.239,443,tcp,94.94742700000096,8928.0,5575.0,SF,True,False,0,ShADadTFf,29,10102,30,6779,ssl,0
9300.712028,CcFXGo3yNLEWyAdALj,10.0.2.15,55596,52.1.212.239,443,TLSv12,TLS_ECDHE_RSA_WITH_AES_128_GCM_SHA256,secp256r1,logx.optimizely.com,False,True,CsxknGIi,"['121e4a8079d4afed2206030ff5d65362176fc4cf1d6cdc37d83304cf705a5212', '19400be5b7a31fb733917700789d2f0a2471c0c9d506c0e504c06c16d7cb17c0']",[],1.0,0ffee3ba8e615ad22535e7f771690a28,303951d4c50efb2e991652225a6f02b1,,,9299.801397,10.0.2.15,55596,52.1.212.239,443,tcp,94.97115400000077,7956.0,5720.0,SF,True,False,0,ShADadTFf,29,9130,30,6924,ssl,0
9300.720603,CPNGLx4qQ5s2iQHhAj,10.0.2.15,55600,52.1.212.239,443,TLSv12,TLS_ECDHE_RSA_WITH_AES_128_GCM_SHA256,secp256r1,logx.optimizely.com,False,True,CsxknGIi,"['121e4a8079d4afed2206030ff5d65362176fc4cf1d6cdc37d83304cf705a5212', '19400be5b7a31fb733917700789d2f0a2471c0c9d506c0e504c06c16d7cb17c0']",[],1.0,0ffee3ba8e615ad22535e7f771690a28,303951d4c50efb2e991652225a6f02b1,,,9299.839536,10.0.2.15,55600,52.1.212.239,443,tcp,12.84874900000068,353.0,3148.0,SF,True,False,0,ShADadFfRr,11,801,12,3632,ssl,0
9304.946629,CBnGE04uidorPDtJxl,10.0.2.15,55606,54.192.93.207,443,TLSv12,TLS_ECDHE_RSA_WITH_AES_128_GCM_SHA256,secp256r1,assets.cdngetgo.com,False,True,CsxuknGIti,"['63c579e2d6bfa4b35dfb8884aa211d6425aba886ed68cf9d30b2461f0409baff', '403e062a2653059113285baf80a0d4ae422c848c9f78fad01fc94bc5b87fef1a', '7431e5f4c3c1ce4690774f0b61e05440883ba9a01ed00ba6abd7806ed3b118cf']",[],1.0,0ffee3ba8e615ad22535e7f771690a28,76cc3e2d3028143b23ec18e27dbd7ca9,http/1.1,,9303.660588,10.0.2.15,55606,54.192.93.207,443,tcp,128.96271199999865,1409.0,44157.0,SF,True,False,0,ShADadTTfF,33,2748,62,46641,ssl,0
9304.481669,Ck70JD5Vdahe8qyf5,10.0.2.15,55602,172.217.23.238,443,TLSv12,TLS_ECDHE_ECDSA_WITH_AES_128_GCM_SHA256,,www.youtube.com,True,True,CsiI,,,,1a5fe5677b0e4fbbc854e8908225637d,c23237dbea656869600e48dfbd00ab7b,h2,,9303.464162,10.0.2.15,55602,172.217.23.238,443,tcp,208.8702049999993,2492.0,18159.0,SF,True,False,0,ShADadFf,29,3660,41,19803,ssl,0
9304.945061,CidUIE1ZHXOPQ5O7R5,10.0.2.15,55604,172.217.23.238,443,TLSv12,TLS_ECDHE_ECDSA_WITH_AES_128_GCM_SHA256,,www.youtube.com,True,True,CsiI,,,,1a5fe5677b0e4fbbc854e8908225637d,c23237dbea656869600e48dfbd00ab7b,h2,,9303.473223,10.0.2.15,55604,172.217.23.238,443,tcp,3.080592999998771,808.0,292.0,SF,True,False,0,ShADadFf,11,1256,11,736,ssl,0
9304.5978,CdTTN147xCd4RfJPee,10.0.2.15,55607,54.192.93.207,443,TLSv12,TLS_ECDHE_RSA_WITH_AES_128_GCM_SHA256,secp256r1,assets.cdngetgo.com,False,True,CsxuknGIti,"['63c579e2d6bfa4b35dfb8884aa211d6425aba886ed68cf9d30b2461f0409baff', '403e062a2653059113285baf80a0d4ae422c848c9f78fad01fc94bc5b87fef1a', '7431e5f4c3c1ce4690774f0b61e05440883ba9a01ed00ba6abd7806ed3b118cf']",[],1.0,0ffee3ba8e615ad22535e7f771690a28,76cc3e2d3028143b23ec18e27dbd7ca9,http/1.1,,9303.661549,10.0.2.15,55607,54.192.93.207,443,tcp,129.12357100000008,1405.0,61348.0,SF,True,False,0,ShADadTTfF,39,2984,83,64672,ssl,0
9306.806386,CmjTqhpUwGQcjpbh9,10.0.2.15,55609,68.64.16.192,443,TLSv12,TLS_RSA_WITH_AES_128_CBC_SHA,,marketing.citrixonline.com,False,True,CsxnGIi,"['fd686428fead8b08fbed4f9c065d80833a8278b51339d25c0c5622f644e22279', '9e6bc5f9ecc52460e8edc02c644d1be1cb9f2316f41daf3b616a0b2058294b31', '893780c6d4c09c6d5523d1d5ffae0cc63ce1329050bf5d1bb69e3758b1499897']",[],1.0,0ffee3ba8e615ad22535e7f771690a28,573a9f3f80037fb40d481e2054def5bb,,,9306.553187,10.0.2.15,55609,68.64.16.192,443,tcp,219.54346700000133,3770.0,61633.0,SF,True,False,0,ShADadTTFf,48,5717,87,65117,ssl,0
9313.30195,Cedzjm14LuWZit0gLe,10.0.2.15,55614,54.192.93.207,443,TLSv12,TLS_ECDHE_RSA_WITH_AES_128_GCM_SHA256,,assets.cdngetgo.com,True,True,CsiI,,,,1a5fe5677b0e4fbbc854e8908225637d,d199ba0af2b08e204c73d6d81a1fd260,http/1.1,,9312.684209,10.0.2.15,55614,54.192.93.207,443,tcp,6.043616000000838,599.0,156.0,SF,True,False,0,ShADadFf,8,927,7,440,ssl,0
9313.300773,CWtin12mOyYThnMvz9,10.0.2.15,55615,54.192.93.62,443,TLSv12,TLS_ECDHE_RSA_WITH_AES_128_GCM_SHA256,secp256r1,scripts.demandbase.com,False,True,CsxuknGIti,"['7830ff517b09d4729fe2fcd4c3a22767bccd8f00dfa3f24ddd38f1c812865f6c', '973a41276ffd01e027a2aad49e34c37846d3e976ff6a620b6712e33832041aa6', '3a2fbe92891e57fe05d57087f48e730f17e5a5f53ef403d618e5b74d7a7e6ecb', 'c3846bf24b9e93ca64274c0ec67c1ecc5e024ffcacd2d74019350e81fe546ae4']",[],1.0,0ffee3ba8e615ad22535e7f771690a28,76cc3e2d3028143b23ec18e27dbd7ca9,http/1.1,,9312.690733,10.0.2.15,55615,54.192.93.62,443,tcp,138.01120300000002,1159.0,12622.0,SF,True,False,0,ShADadTTfF,25,2179,31,13866,ssl,0
9313.310512,CKjPRh1rFrlKHZnqn4,10.0.2.15,55613,54.192.93.62,443,TLSv12,TLS_ECDHE_RSA_WITH_AES_128_GCM_SHA256,secp256r1,scripts.demandbase.com,False,True,CsxuknGIti,"['7830ff517b09d4729fe2fcd4c3a22767bccd8f00dfa3f24ddd38f1c812865f6c', '973a41276ffd01e027a2aad49e34c37846d3e976ff6a620b6712e33832041aa6', '3a2fbe92891e57fe05d57087f48e730f17e5a5f53ef403d618e5b74d7a7e6ecb', 'c3846bf24b9e93ca64274c0ec67c1ecc5e024ffcacd2d74019350e81fe546ae4']",[],1.0,0ffee3ba8e615ad22535e7f771690a28,76cc3e2d3028143b23ec18e27dbd7ca9,http/1.1,,9312.681897,10.0.2.15,55613,54.192.93.62,443,tcp,6.004730999999083,356.0,7245.0,SF,True,False,0,ShADadFf,11,804,13,7769,ssl,0
9313.3857,C4WCJR3wyjAQeIQbg6,10.0.2.15,55623,54.192.93.154,443,TLSv12,TLS_ECDHE_RSA_WITH_AES_128_GCM_SHA256,secp256r1,api.demandbase.com,False,True,CsxuknGIti,"['7830ff517b09d4729fe2fcd4c3a22767bccd8f00dfa3f24ddd38f1c812865f6c', '973a41276ffd01e027a2aad49e34c37846d3e976ff6a620b6712e33832041aa6', '3a2fbe92891e57fe05d57087f48e730f17e5a5f53ef403d618e5b74d7a7e6ecb', 'c3846bf24b9e93ca64274c0ec67c1ecc5e024ffcacd2d74019350e81fe546ae4']",[],1.0,0ffee3ba8e615ad22535e7f771690a28,76cc3e2d3028143b23ec18e27dbd7ca9,http/1.1,,9312.960536,10.0.2.15,55623,54.192.93.154,443,tcp,224.4525880000001,4684.0,10826.0,SF,True,False,0,ShADadTTfF,37,6192,40,12430,ssl,0
9313.398127,CFZbmt27IoQHlu5056,10.0.2.15,55617,54.192.93.207,443,TLSv12,TLS_ECDHE_RSA_WITH_AES_128_GCM_SHA256,,assets.cdngetgo.com,True,True,CsiI,,,,1a5fe5677b0e4fbbc854e8908225637d,d199ba0af2b08e204c73d6d81a1fd260,http/1.1,,9312.934148,10.0.2.15,55617,54.192.93.207,443,tcp,5.7524369999991904,599.0,156.0,SF,True,False,0,ShADadFf,8,927,7,440,ssl,0
9313.399143,CRM1yn3jfHZxrXZ7Z8,10.0.2.15,55616,54.192.93.207,443,TLSv12,TLS_ECDHE_RSA_WITH_AES_128_GCM_SHA256,,assets.cdngetgo.com,True,True,CsiI,,,,1a5fe5677b0e4fbbc854e8908225637d,d199ba0af2b08e204c73d6d81a1fd260,http/1.1,,9312.930938,10.0.2.15,55616,54.192.93.207,443,tcp,5.788969999999608,599.0,156.0,SF,True,False,0,ShADadFf,8,927,7,440,ssl,0
9313.389655,Ch2J0xqnc2srfqXlb,10.0.2.15,55621,54.192.93.154,443,TLSv12,TLS_ECDHE_RSA_WITH_AES_128_GCM_SHA256,secp256r1,api.demandbase.com,False,True,CsxuknGIti,"['7830ff517b09d4729fe2fcd4c3a22767bccd8f00dfa3f24ddd38f1c812865f6c', '973a41276ffd01e027a2aad49e34c37846d3e976ff6a620b6712e33832041aa6', '3a2fbe92891e57fe05d57087f48e730f17e5a5f53ef403d618e5b74d7a7e6ecb', 'c3846bf24b9e93ca64274c0ec67c1ecc5e024ffcacd2d74019350e81fe546ae4']",[],1.0,0ffee3ba8e615ad22535e7f771690a28,76cc3e2d3028143b23ec18e27dbd7ca9,http/1.1,,9312.953676,10.0.2.15,55621,54.192.93.154,443,tcp,150.66094599999997,1299.0,9649.0,SF,True,False,0,ShADadTTfF,27,2400,30,10853,ssl,0
9313.39684,C9PtU8218EdDDllxH7,10.0.2.15,55618,54.192.93.154,443,TLSv12,TLS_ECDHE_RSA_WITH_AES_128_GCM_SHA256,secp256r1,api.demandbase.com,False,True,CsxuknGIti,"['7830ff517b09d4729fe2fcd4c3a22767bccd8f00dfa3f24ddd38f1c812865f6c', '973a41276ffd01e027a2aad49e34c37846d3e976ff6a620b6712e33832041aa6', '3a2fbe92891e57fe05d57087f48e730f17e5a5f53ef403d618e5b74d7a7e6ecb', 'c3846bf24b9e93ca64274c0ec67c1ecc5e024ffcacd2d74019350e81fe546ae4']",[],1.0,0ffee3ba8e615ad22535e7f771690a28,76cc3e2d3028143b23ec18e27dbd7ca9,http/1.1,,9312.940851,10.0.2.15,55618,54.192.93.154,443,tcp,166.62724200000048,1326.0,9664.0,SF,True,False,0,ShADadTTfF,28,2469,32,10948,ssl,0
9313.388034,C0Mdrq1BcUPJZBXgqa,10.0.2.15,55622,68.64.2.192,443,TLSv12,TLS_RSA_WITH_AES_128_CBC_SHA,,secure.citrixonline.com,False,True,CsxnGIi,"['16d89a3fdaf2d7b5051da461794d8ab3577835f84ad8ee23b97504b8bffd3c4f', '9e6bc5f9ecc52460e8edc02c644d1be1cb9f2316f41daf3b616a0b2058294b31', '893780c6d4c09c6d5523d1d5ffae0cc63ce1329050bf5d1bb69e3758b1499897']",[],1.0,0ffee3ba8e615ad22535e7f771690a28,573a9f3f80037fb40d481e2054def5bb,,,9312.956041,10.0.2.15,55622,68.64.2.192,443,tcp,220.14200800000071,9980.0,25838.0,SF,True,False,0,ShADadTTFf,48,11928,62,28322,ssl,0
9313.392801,CbEHnf241cB5AKbjG8,10.0.2.15,55620,68.64.2.192,443,TLSv12,TLS_RSA_WITH_AES_128_CBC_SHA,,secure.citrixonline.com,False,True,CsxnGIi,"['16d89a3fdaf2d7b5051da461794d8ab3577835f84ad8ee23b97504b8bffd3c4f', '9e6bc5f9ecc52460e8edc02c644d1be1cb9f2316f41daf3b616a0b2058294b31', '893780c6d4c09c6d5523d1d5ffae0cc63ce1329050bf5d1bb69e3758b1499897']",[],1.0,0ffee3ba8e615ad22535e7f771690a28,573a9f3f80037fb40d481e2054def5bb,,,9312.950238,10.0.2.15,55620,68.64.2.192,443,tcp,279.25537200000144,15531.0,232890.0,SF,True,False,0,ShADadTTFf,104,19723,249,242854,ssl,0
9313.394534,CiA0nf4ojPcIAcqHA1,10.0.2.15,55619,68.64.2.192,443,TLSv12,TLS_RSA_WITH_AES_128_CBC_SHA,,secure.citrixonline.com,False,True,CsxnGIi,"['16d89a3fdaf2d7b5051da461794d8ab3577835f84ad8ee23b97504b8bffd3c4f', '9e6bc5f9ecc52460e8edc02c644d1be1cb9f2316f41daf3b616a0b2058294b31', '893780c6d4c09c6d5523d1d5ffae0cc63ce1329050bf5d1bb69e3758b1499897']",[],1.0,0ffee3ba8e615ad22535e7f771690a28,573a9f3f80037fb40d481e2054def5bb,,,9312.949603,10.0.2.15,55619,68.64.2.192,443,tcp,220.1527810000007,7772.0,37021.0,SF,True,False,0,ShADadTTFf,46,9639,65,39625,ssl,0
9313.895792,CTNUz935xAHM9Z2n,10.0.2.15,55629,52.1.212.239,443,TLSv12,TLS_ECDHE_RSA_WITH_AES_128_GCM_SHA256,,logx.optimizely.com,True,True,CsiI,,,,0ffee3ba8e615ad22535e7f771690a28,303951d4c50efb2e991652225a6f02b1,,,9313.161601,10.0.2.15,55629,52.1.212.239,443,tcp,81.5857419999993,4675.0,840.0,SF,True,False,0,ShADadTFf,19,5450,20,1644,ssl,0
9313.899784,C2cADJ3Mi7RQ5qubpa,10.0.2.15,55627,52.1.212.239,443,TLSv12,TLS_ECDHE_RSA_WITH_AES_128_GCM_SHA256,,logx.optimizely.com,True,True,CsiI,,,,0ffee3ba8e615ad22535e7f771690a28,303951d4c50efb2e991652225a6f02b1,,,9313.157596,10.0.2.15,55627,52.1.212.239,443,tcp,81.6111630000014,7538.0,1172.0,SF,True,False,0,ShADadTFf,20,8352,21,2016,ssl,0
9313.90148,C2M3371QMid4zw3em7,10.0.2.15,55625,52.1.212.239,443,TLSv12,TLS_ECDHE_RSA_WITH_AES_128_GCM_SHA256,,logx.optimizely.com,True,True,CsiI,,,,0ffee3ba8e615ad22535e7f771690a28,303951d4c50efb2e991652225a6f02b1,,,9313.1557,10.0.2.15,55625,52.1.212.239,443,tcp,78.52198600000156,4675.0,840.0,SF,True,False,0,ShADadTFf,19,5450,20,1644,ssl,0
9313.903134,CGH1JU1gg5o0l5Lhu1,10.0.2.15,55624,52.1.212.239,443,TLSv12,TLS_ECDHE_RSA_WITH_AES_128_GCM_SHA256,,logx.optimizely.com,True,True,CsiI,,,,0ffee3ba8e615ad22535e7f771690a28,303951d4c50efb2e991652225a6f02b1,,,9313.154438,10.0.2.15,55624,52.1.212.239,443,tcp,81.61438699999962,6102.0,840.0,SF,True,False,0,ShADadTFf,18,6836,19,1604,ssl,0
9313.899254,CLPIYs2LUcWJsGKGW6,10.0.2.15,55628,172.217.23.230,443,TLSv12,TLS_ECDHE_RSA_WITH_AES_128_GCM_SHA256,x25519,static.doubleclick.net,False,True,CsxknGIti,"['378a6c73f6dec1c6bc563fa8eda92c3e9ce61b893db7685686c41f33ab89931c', '9f630426df1d8abfd80ace98871ba833ab9742cb34838de2b5285ed54c0c7dcc', '3c35cc963eb004451323d3275d05b353235053490d9cd83729a2faf5e7ca1cc0']",[],1.0,0ffee3ba8e615ad22535e7f771690a28,ab41313cfec25328b20865eb1388e0a2,h2,,9313.159271,10.0.2.15,55628,172.217.23.230,443,tcp,384.7820709999996,3896.0,8412.0,SF,True,False,0,ShADadFf,43,5624,51,10456,ssl,0
9319.688281,C1eZf931hbWBH7x9f3,10.0.2.15,55637,68.64.16.192,443,TLSv12,TLS_RSA_WITH_AES_128_CBC_SHA,,marketing.citrixonline.com,True,True,CsiI,,,,0ffee3ba8e615ad22535e7f771690a28,573a9f3f80037fb40d481e2054def5bb,,,9318.673397,10.0.2.15,55637,68.64.16.192,443,tcp,207.38355899999988,2805.0,5387.0,SF,True,False,0,ShADadTTFf,33,4152,35,6791,ssl,0
9319.688697,CCa7EfQa9ccBWHEci,10.0.2.15,55638,68.64.16.192,443,TLSv12,TLS_RSA_WITH_AES_128_CBC_SHA,,marketing.citrixonline.com,True,True,CsiI,,,,0ffee3ba8e615ad22535e7f771690a28,573a9f3f80037fb40d481e2054def5bb,,,9318.674116,10.0.2.15,55638,68.64.16.192,443,tcp,207.3273960000006,2789.0,21157.0,SF,True,False,0,ShADadTTFf,37,4296,48,23081,ssl,0
9321.349779,CjYX2L1EfWhnaSVQn7,10.0.2.15,55641,68.64.16.192,443,TLSv12,TLS_RSA_WITH_AES_128_CBC_SHA,,marketing.citrixonline.com,True,True,CsiI,,,,0ffee3ba8e615ad22535e7f771690a28,573a9f3f80037fb40d481e2054def5bb,,,9320.794633,10.0.2.15,55641,68.64.16.192,443,tcp,9.963869000001068,363.0,161.0,SF,True,False,0,ShADadFf,7,651,7,445,ssl,0
9321.354037,CgNL6t1tQ0vtagiPs6,10.0.2.15,55640,68.64.16.192,443,TLSv12,TLS_RSA_WITH_AES_128_CBC_SHA,,marketing.citrixonline.com,True,True,CsiI,,,,0ffee3ba8e615ad22535e7f771690a28,573a9f3f80037fb40d481e2054def5bb,,,9320.792844,10.0.2.15,55640,68.64.16.192,443,tcp,9.98527600000125,363.0,161.0,SF,True,False,0,ShADadFf,7,651,7,445,ssl,0
9322.796482,C4B1Uo3wNJn9RHoMWg,10.0.2.15,55649,172.217.23.238,443,TLSv12,TLS_ECDHE_ECDSA_WITH_AES_128_GCM_SHA256,,youtubei.youtube.com,True,True,CsiI,,,,1a5fe5677b0e4fbbc854e8908225637d,c23237dbea656869600e48dfbd00ab7b,h2,,9322.749002,10.0.2.15,55649,172.217.23.238,443,tcp,194.7713709999989,1404.0,855.0,SF,True,False,0,ShADadFf,20,2212,21,1699,ssl,0
9323.16682,C2WBis2heNEZ5H2Nd5,10.0.2.15,55646,192.225.158.1,443,TLSv12,TLS_ECDHE_RSA_WITH_AES_128_GCM_SHA256,,h.online-metrix.net,True,True,CsiI,,,,1a5fe5677b0e4fbbc854e8908225637d,fbe78c619e7ea20046131294ad087f05,,,9322.74224,10.0.2.15,55646,192.225.158.1,443,tcp,1.724781000000803,1054.0,686.0,SF,True,False,0,ShADadfF,8,1382,8,1010,ssl,0
9323.168494,CvDvv13gtlyrLdfnIl,10.0.2.15,55645,192.225.158.1,443,TLSv12,TLS_ECDHE_RSA_WITH_AES_128_GCM_SHA256,,h.online-metrix.net,True,True,CsiI,,,,1a5fe5677b0e4fbbc854e8908225637d,fbe78c619e7ea20046131294ad087f05,,,9322.741592,10.0.2.15,55645,192.225.158.1,443,tcp,3.735341999999946,1002.0,656.0,SF,True,False,0,ShADadfF,9,1370,9,1020,ssl,0
9323.176735,C30Ax42gjwUKqlGGm6,10.0.2.15,55643,192.225.158.1,443,TLSv12,TLS_ECDHE_RSA_WITH_AES_128_GCM_SHA256,,h.online-metrix.net,True,True,CsiI,,,,1a5fe5677b0e4fbbc854e8908225637d,fbe78c619e7ea20046131294ad087f05,,,9322.739298,10.0.2.15,55643,192.225.158.1,443,tcp,1.899532999999792,1033.0,656.0,SF,True,False,0,ShADadFfRr,10,1441,11,1100,ssl,0
9323.178692,CjtuvW1UJnqaITrEc,10.0.2.15,55642,192.225.158.1,443,TLSv12,TLS_ECDHE_RSA_WITH_AES_128_GCM_SHA256,,h.online-metrix.net,True,True,CsiI,,,,1a5fe5677b0e4fbbc854e8908225637d,fbe78c619e7ea20046131294ad087f05,,,9322.738382,10.0.2.15,55642,192.225.158.1,443,tcp,8.101706000001286,599.0,168.0,RSTO,True,False,0,ShADadFR,8,927,7,452,ssl,0
9323.181371,CrUe7E3B6UHyvIIHc6,10.0.2.15,55648,192.225.158.1,443,TLSv12,TLS_ECDHE_RSA_WITH_AES_128_GCM_SHA256,,h.online-metrix.net,True,True,CsiI,,,,1a5fe5677b0e4fbbc854e8908225637d,fbe78c619e7ea20046131294ad087f05,,,9322.746771,10.0.2.15,55648,192.225.158.1,443,tcp,8.079099999999016,599.0,168.0,SF,True,False,0,ShADadFfRr,9,967,9,532,ssl,0
9333.127956,CtuhmN1fflOgBhghPg,10.0.2.15,55668,95.101.243.145,443,TLSv12,TLS_ECDHE_RSA_WITH_AES_256_GCM_SHA384,secp256r1,secure.nordstromimage.com,False,True,CsxknGIti,"['ab806434d95009c5c5c614b3c3a651c9d501d1f9e949bf7d6dae7e7ad4fb0785', 'eae72eb454bf6c3977ebd289e970b2f5282949190093d0d26f98d0f0d6a9cf17']",[],1.0,0ffee3ba8e615ad22535e7f771690a28,2b33c1374db4ddf06942f92373c0b54b,h2,,9332.739738,10.0.2.15,55668,95.101.243.145,443,tcp,117.57285799999954,4910.0,1369229.0,SF,True,False,0,ShADadtFfRr,267,15598,1056,1415733,ssl,0
9333.143897,Ccai2P36hbzIFqRsGc,10.0.2.15,55672,54.235.150.94,443,TLSv12,TLS_ECDHE_RSA_WITH_AES_128_GCM_SHA256,secp256r1,7594401329.log.optimizely.com,False,True,CsxknGIi,"['720a04382d93aa8932b95cc755b9fbaab1b6a01d85399736cf4d5a4607e41172', '19400be5b7a31fb733917700789d2f0a2471c0c9d506c0e504c06c16d7cb17c0', '7431e5f4c3c1ce4690774f0b61e05440883ba9a01ed00ba6abd7806ed3b118cf']",[],1.0,0ffee3ba8e615ad22535e7f771690a28,303951d4c50efb2e991652225a6f02b1,,,9332.748436,10.0.2.15,55672,54.235.150.94,443,tcp,65.70818800000052,1169.0,4553.0,SF,True,False,0,ShADadTFf,15,1782,17,5237,ssl,0
9333.138177,CBVFU7tBGyOi8FM17,10.0.2.15,55675,54.231.177.36,443,TLSv12,TLS_ECDHE_RSA_WITH_AES_128_GCM_SHA256,secp256r1,s3-us-west-2.amazonaws.com,False,True,CsxknGIi,"['e0657743a56f71e04caf81531d9422c249945c95c8a699935ec21dd8466ca120', 'f9690880819f06cdcc0b2f224b207f2af6003fb57339b8679a160fa95208d62d']",[],1.0,0ffee3ba8e615ad22535e7f771690a28,ea615e28cb25adfb2f261151eab3314f,,,9332.752373,10.0.2.15,55675,54.231.177.36,443,tcp,13.016805000001114,676.0,4816.0,SF,True,False,0,ShADadFf,12,1164,14,5380,ssl,0
9334.985856,CQDLhw1MX3zpB7FbM9,10.0.2.15,55676,54.235.150.94,443,TLSv12,TLS_ECDHE_RSA_WITH_AES_128_GCM_SHA256,secp256r1,7594401329.log.optimizely.com,False,True,CsxknGIi,"['720a04382d93aa8932b95cc755b9fbaab1b6a01d85399736cf4d5a4607e41172', '19400be5b7a31fb733917700789d2f0a2471c0c9d506c0e504c06c16d7cb17c0', '7431e5f4c3c1ce4690774f0b61e05440883ba9a01ed00ba6abd7806ed3b118cf']",[],1.0,0ffee3ba8e615ad22535e7f771690a28,303951d4c50efb2e991652225a6f02b1,,,9334.572364,10.0.2.15,55676,54.235.150.94,443,tcp,8.118931000000885,363.0,4105.0,RSTO,True,False,0,ShADadFR,10,771,10,4509,ssl,0
9344.401399,CpkSo34iCLCVQWLFxl,10.0.2.15,55689,52.39.39.65,443,TLSv12,TLS_ECDHE_RSA_WITH_AES_128_GCM_SHA256,secp256r1,recommendo.ndl.io,False,True,CsxknGIi,"['47ca8af612d68fa8fa1f0fa178a8dd64f1e0753e32118de90fd90623c5b25c70', 'eae72eb454bf6c3977ebd289e970b2f5282949190093d0d26f98d0f0d6a9cf17']",[],1.0,0ffee3ba8e615ad22535e7f771690a28,303951d4c50efb2e991652225a6f02b1,,,9343.42984,10.0.2.15,55689,52.39.39.65,443,tcp,13.91806799999904,897.0,12881.0,SF,True,False,0,ShADadFf,14,1465,18,13605,ssl,0
9344.72322,CY0FBS3HghsUvsYVSa,10.0.2.15,55687,52.39.39.65,443,TLSv12,TLS_ECDHE_RSA_WITH_AES_128_GCM_SHA256,secp256r1,recommendo.ndl.io,False,True,CsxknGIi,"['47ca8af612d68fa8fa1f0fa178a8dd64f1e0753e32118de90fd90623c5b25c70', 'eae72eb454bf6c3977ebd289e970b2f5282949190093d0d26f98d0f0d6a9cf17']",[],1.0,0ffee3ba8e615ad22535e7f771690a28,303951d4c50efb2e991652225a6f02b1,,,9343.427909,10.0.2.15,55687,52.39.39.65,443,tcp,8.616158999999243,351.0,3479.0,RSTR,True,False,0,ShADadRr,11,799,10,3883,ssl,0
9345.535066,CqJvzS3dQtQzCE9XY9,10.0.2.15,55692,216.137.61.173,443,TLSv12,TLS_ECDHE_RSA_WITH_AES_128_GCM_SHA256,secp256r1,dkj2m377b0yzw.cloudfront.net,False,True,CsxuknGIti,"['90c0937808b31877df6c4a5c743c99325d974624be3735faa5078cf73d4fd205', 'eae72eb454bf6c3977ebd289e970b2f5282949190093d0d26f98d0f0d6a9cf17']",[],1.0,0ffee3ba8e615ad22535e7f771690a28,76cc3e2d3028143b23ec18e27dbd7ca9,http/1.1,,9344.055724,10.0.2.15,55692,216.137.61.173,443,tcp,125.5876700000008,696.0,25725.0,SF,True,False,0,ShADadTTfF,27,1795,42,27409,ssl,0
9345.535954,Ceuh2GSAKoQIZVhG7,10.0.2.15,55691,52.85.189.191,443,TLSv12,TLS_ECDHE_RSA_WITH_AES_128_GCM_SHA256,secp256r1,script.crazyegg.com,False,True,CsxuknGIti,"['1eee9739d945fe3410cb4c33c5b3417fae8fbc2b218d29ac043d8b604d6db263', '154c433c491929c5ef686e838e323664a00e6a0d822ccc958fb4dab03e49a08f']",[],1.0,0ffee3ba8e615ad22535e7f771690a28,76cc3e2d3028143b23ec18e27dbd7ca9,http/1.1,,9344.051327,10.0.2.15,55691,52.85.189.191,443,tcp,125.59264000000076,694.0,4199.0,SF,True,False,0,ShADadTTfF,22,1593,23,5123,ssl,0
9345.538855,CTA4Gg2AUoVAp76QFb,10.0.2.15,55699,52.85.189.191,443,TLSv12,TLS_ECDHE_RSA_WITH_AES_128_GCM_SHA256,secp256r1,script.crazyegg.com,False,True,CsxuknGIti,"['1eee9739d945fe3410cb4c33c5b3417fae8fbc2b218d29ac043d8b604d6db263', '154c433c491929c5ef686e838e323664a00e6a0d822ccc958fb4dab03e49a08f']",[],1.0,0ffee3ba8e615ad22535e7f771690a28,76cc3e2d3028143b23ec18e27dbd7ca9,http/1.1,,9344.114314,10.0.2.15,55699,52.85.189.191,443,tcp,15.877080000000204,385.0,3661.0,SF,True,False,0,ShADadTFf,11,834,11,4105,ssl,0
9345.53996,CzsbkX3cuVj0sr0c8l,10.0.2.15,55698,23.65.209.7,443,TLSv12,TLS_ECDHE_RSA_WITH_AES_256_GCM_SHA384,secp256r1,j.6sc.co,False,True,CsxknGIti,"['e6a77a947a00d250157ed6cb7120cd25e8af4cf67df19a7cb3bddc89e6b3fd7a', 'eae72eb454bf6c3977ebd289e970b2f5282949190093d0d26f98d0f0d6a9cf17', '8420dfbe376f414bf4c0a81e6936d24ccc03f304835b86c7a39142fca723a689']",[],1.0,0ffee3ba8e615ad22535e7f771690a28,2b33c1374db4ddf06942f92373c0b54b,http/1.1,,9344.111469,10.0.2.15,55698,23.65.209.7,443,tcp,133.57266400000117,712.0,18844.0,SF,True,False,0,ShADadTTFfRr,29,1892,39,20408,ssl,0
9345.520453,CnDazj7xowdfj8Hr4,10.0.2.15,55697,172.217.23.230,443,TLSv12,TLS_ECDHE_RSA_WITH_AES_128_GCM_SHA256,x25519,5285806.fls.doubleclick.net,False,True,CsxknGIti,"['378a6c73f6dec1c6bc563fa8eda92c3e9ce61b893db7685686c41f33ab89931c', '9f630426df1d8abfd80ace98871ba833ab9742cb34838de2b5285ed54c0c7dcc', '3c35cc963eb004451323d3275d05b353235053490d9cd83729a2faf5e7ca1cc0']",[],1.0,0ffee3ba8e615ad22535e7f771690a28,ab41313cfec25328b20865eb1388e0a2,h2,,9344.102677,10.0.2.15,55697,172.217.23.230,443,tcp,7.212437000000136,508.0,4120.0,SF,True,False,0,ShADadFf,12,996,13,4644,ssl,0
9345.527138,CENH9u3Bk400Abg6Jd,10.0.2.15,55696,35.187.37.194,443,TLSv12,TLS_ECDHE_RSA_WITH_AES_128_GCM_SHA256,secp256r1,a.company-target.com,False,True,CsxknGIti,"['989d42ef1604493278dea310819a9358fefcf1545d27e29221c1655c05748f83', '95b09d02122fa8ae6235780f6ea6503e767ac021a0874fe831ce803a50ea8fd7']",[],1.0,0ffee3ba8e615ad22535e7f771690a28,ccc514751b175866924439bdbb5bba34,,,9344.061947,10.0.2.15,55696,35.187.37.194,443,tcp,138.96713499999896,4589.0,5504.0,SF,True,False,0,ShADadTTfF,29,5769,30,6708,ssl,0
9345.531712,CmpXGpBfM42hg9f3g,10.0.2.15,55695,23.74.198.52,443,TLSv12,TLS_ECDHE_RSA_WITH_AES_256_GCM_SHA384,secp256r1,munchkin.marketo.net,False,True,CsxknGIti,"['261908a501ba0955feee1683f42f1092cdbb3345459ca843bac5ee628cfae55d', 'eae72eb454bf6c3977ebd289e970b2f5282949190093d0d26f98d0f0d6a9cf17', '8420dfbe376f414bf4c0a81e6936d24ccc03f304835b86c7a39142fca723a689']",[],1.0,0ffee3ba8e615ad22535e7f771690a28,2b33c1374db4ddf06942f92373c0b54b,http/1.1,,9344.059334,10.0.2.15,55695,23.74.198.52,443,tcp,139.54872199999954,1015.0,10697.0,SF,True,False,0,ShADadTTFfRr,27,2115,35,12101,ssl,0
9349.320537,CEx8QJ1yN5D0drT0V5,10.0.2.15,55701,23.65.209.7,443,TLSv12,TLS_ECDHE_RSA_WITH_AES_256_GCM_SHA384,,j.6sc.co,True,True,CsiI,,,,1a5fe5677b0e4fbbc854e8908225637d,410b9bedaf65dd26c6fe547154d60db4,http/1.1,,9349.04831,10.0.2.15,55701,23.65.209.7,443,tcp,10.028325999999652,599.0,183.0,SF,True,False,0,ShADadFfRr,9,967,9,547,ssl,0
9349.328617,CLXvyP2VNUGr3RO28j,10.0.2.15,55704,54.192.93.211,443,TLSv12,TLS_ECDHE_RSA_WITH_AES_128_GCM_SHA256,secp256r1,asset.gomoxie.solutions,False,True,CsxuknGIti,"['d98f9926dd1e30fb9feb7545fa824adadea336bc076bde7a62928e32bcde182d', '973a41276ffd01e027a2aad49e34c37846d3e976ff6a620b6712e33832041aa6', '45140b3247eb9cc8c5b4f0d7b53091f73292089e6e5a63e2749dd3aca9198eda']",[],1.0,0ffee3ba8e615ad22535e7f771690a28,76cc3e2d3028143b23ec18e27dbd7ca9,http/1.1,,9349.051835,10.0.2.15,55704,54.192.93.211,443,tcp,195.6949569999997,6037.0,93278.0,SF,True,False,0,ShADadTTfF,68,8781,124,98242,ssl,0
9349.334799,CtOogF4U1LaTOJoOQ8,10.0.2.15,55702,52.85.189.191,443,TLSv12,TLS_ECDHE_RSA_WITH_AES_128_GCM_SHA256,,script.crazyegg.com,True,True,CsiI,,,,1a5fe5677b0e4fbbc854e8908225637d,d199ba0af2b08e204c73d6d81a1fd260,http/1.1,,9349.049204,10.0.2.15,55702,52.85.189.191,443,tcp,10.305968999999097,599.0,156.0,SF,True,False,0,ShADadFf,8,927,7,440,ssl,0
9349.332837,C89faO1RVNBQkuU8Kd,10.0.2.15,55703,66.117.29.34,443,TLSv12,TLS_ECDHE_RSA_WITH_AES_256_GCM_SHA384,secp256r1,citrixsaas.d1.sc.omtrdc.net,False,True,CsxknGIi,"['b84e4ccb9758991ad7a054db1409b506d49d0a04d43e27abd9477c5d335f2a08', '19400be5b7a31fb733917700789d2f0a2471c0c9d506c0e504c06c16d7cb17c0']",[],1.0,0ffee3ba8e615ad22535e7f771690a28,959bfcf87532cbff1253e80a4ee81308,,,9349.050401,10.0.2.15,55703,66.117.29.34,443,tcp,33.654577999999674,3279.0,5721.0,SF,True,False,0,ShADadTFf,16,3928,17,6405,ssl,0
9352.057724,CWUCkR34RqmQ9hEGf2,10.0.2.15,55707,13.107.21.200,443,TLSv12,TLS_ECDHE_RSA_WITH_AES_256_CBC_SHA,secp384r1,bat.bing.com,False,True,CsxuknGIi,"['80c4440580dbd55b228f41e6c88a51ecdbb998b5d32d12acd31ce25518d37128', '2399983e99703ebd01cea466c10799810c4ba62a8d61b88170a334dcd61bb20f']",[],1.0,0ffee3ba8e615ad22535e7f771690a28,4fd467dd264720762ffe286277c00f57,,,9349.342044,10.0.2.15,55707,13.107.21.200,443,tcp,70.0485469999985,1277.0,7285.0,SF,True,False,0,ShADadTfF,17,1970,19,8049,ssl,0
9352.0584,CxHG102FMgpPA9N4gi,10.0.2.15,55706,13.107.21.200,443,TLSv12,TLS_ECDHE_RSA_WITH_AES_256_CBC_SHA,secp384r1,bat.bing.com,False,True,CsxuknGIi,"['80c4440580dbd55b228f41e6c88a51ecdbb998b5d32d12acd31ce25518d37128', '2399983e99703ebd01cea466c10799810c4ba62a8d61b88170a334dcd61bb20f']",[],1.0,0ffee3ba8e615ad22535e7f771690a28,4fd467dd264720762ffe286277c00f57,,,9349.341103,10.0.2.15,55706,13.107.21.200,443,tcp,13.818531999999324,456.0,6880.0,SF,True,False,0,ShADadFf,10,864,12,7364,ssl,0
9356.307112,CowXrx2IH1T7Cvo1rf,10.0.2.15,55709,172.217.23.232,443,TLSv12,TLS_ECDHE_RSA_WITH_AES_128_GCM_SHA256,,ssl.google-analytics.com,True,True,CsiI,,,,1a5fe5677b0e4fbbc854e8908225637d,67619a80665d7ab92d1041b1d11f9164,h2,,9354.256415,10.0.2.15,55709,172.217.23.232,443,tcp,200.9526879999994,1656.0,1227.0,SF,True,False,0,ShADTadFf,23,3101,23,2151,ssl,0
9366.278883,C8NEm81nXlWKMnxjKg,10.0.2.15,55715,23.74.180.194,443,TLSv12,TLS_ECDHE_RSA_WITH_AES_256_GCM_SHA384,secp256r1,secure.nordstrom.com,False,True,CsxknGIti,"['b9388003f54a939ea4f186ebd2612a5558f56e9b618dad84c492f99677bc0b8c', '074541ecdf88ed992ed5ade3ecddef27a26ba1b44480a195c0a8dadae2521d8e']",[],1.0,0ffee3ba8e615ad22535e7f771690a28,3323864de1cf84aeb345a54be983188f,http/1.1,,9365.615383,10.0.2.15,55715,23.74.180.194,443,tcp,219.8753479999996,15257.0,107195.0,SF,True,False,0,ShADadTTFfRr,67,17963,134,112559,ssl,0
9366.281897,Ch3dAo3VbJGL8kiI43,10.0.2.15,55714,23.65.209.7,443,TLSv12,TLS_ECDHE_RSA_WITH_AES_256_GCM_SHA384,secp256r1,b.6sc.co,False,True,CsxknGIti,"['e6a77a947a00d250157ed6cb7120cd25e8af4cf67df19a7cb3bddc89e6b3fd7a', 'eae72eb454bf6c3977ebd289e970b2f5282949190093d0d26f98d0f0d6a9cf17', '8420dfbe376f414bf4c0a81e6936d24ccc03f304835b86c7a39142fca723a689']",[],1.0,0ffee3ba8e615ad22535e7f771690a28,2b33c1374db4ddf06942f92373c0b54b,http/1.1,,9365.614563,10.0.2.15,55714,23.65.209.7,443,tcp,30.9614930000007,4107.0,6098.0,SF,True,False,0,ShADadTFfRr,17,4797,20,6902,ssl,0
9366.283762,CeuuLs1B0GXijUEs7e,10.0.2.15,55713,23.65.209.7,443,TLSv12,TLS_ECDHE_RSA_WITH_AES_256_GCM_SHA384,secp256r1,c.6sc.co,False,True,CsxknGIti,"['e6a77a947a00d250157ed6cb7120cd25e8af4cf67df19a7cb3bddc89e6b3fd7a', 'eae72eb454bf6c3977ebd289e970b2f5282949190093d0d26f98d0f0d6a9cf17', '8420dfbe376f414bf4c0a81e6936d24ccc03f304835b86c7a39142fca723a689']",[],1.0,0ffee3ba8e615ad22535e7f771690a28,2b33c1374db4ddf06942f92373c0b54b,http/1.1,,9365.613678,10.0.2.15,55713,23.65.209.7,443,tcp,178.36365400000068,2642.0,5618.0,SF,True,False,0,ShADadTTFfRr,32,3946,34,6982,ssl,0
9366.286643,CDvZ6bKE3HKPhqika,10.0.2.15,55712,23.74.180.194,443,TLSv12,TLS_ECDHE_RSA_WITH_AES_256_GCM_SHA384,secp256r1,secure.nordstrom.com,False,True,CsxknGIti,"['b9388003f54a939ea4f186ebd2612a5558f56e9b618dad84c492f99677bc0b8c', '074541ecdf88ed992ed5ade3ecddef27a26ba1b44480a195c0a8dadae2521d8e']",[],1.0,0ffee3ba8e615ad22535e7f771690a28,3323864de1cf84aeb345a54be983188f,http/1.1,,9365.601319,10.0.2.15,55712,23.74.180.194,443,tcp,7.066367999999784,354.0,3727.0,RSTO,True,False,0,ShADadFR,10,762,10,4131,ssl,0
9366.287764,CzwYZG1d8WlsESgiWl,10.0.2.15,55711,23.74.180.194,443,TLSv12,TLS_ECDHE_RSA_WITH_AES_256_GCM_SHA384,secp256r1,secure.nordstrom.com,False,True,CsxknGIti,"['b9388003f54a939ea4f186ebd2612a5558f56e9b618dad84c492f99677bc0b8c', '074541ecdf88ed992ed5ade3ecddef27a26ba1b44480a195c0a8dadae2521d8e']",[],1.0,0ffee3ba8e615ad22535e7f771690a28,3323864de1cf84aeb345a54be983188f,http/1.1,,9365.594259,10.0.2.15,55711,23.74.180.194,443,tcp,7.5360340000006545,354.0,3727.0,SF,True,False,0,ShADadFfRr,11,802,12,4211,ssl,0
9366.291184,C7vDtb4rDZKSt9mNh3,10.0.2.15,55718,23.74.180.194,443,TLSv12,TLS_ECDHE_RSA_WITH_AES_256_GCM_SHA384,secp256r1,secure.nordstrom.com,False,True,CsxknGIti,"['b9388003f54a939ea4f186ebd2612a5558f56e9b618dad84c492f99677bc0b8c', '074541ecdf88ed992ed5ade3ecddef27a26ba1b44480a195c0a8dadae2521d8e']",[],1.0,0ffee3ba8e615ad22535e7f771690a28,3323864de1cf84aeb345a54be983188f,http/1.1,,9365.653478,10.0.2.15,55718,23.74.180.194,443,tcp,6.667914999999994,354.0,3727.0,SF,True,False,0,ShADadFfRr,11,802,12,4211,ssl,0
9366.292561,CcnisN3WcXJADfvaal,10.0.2.15,55717,23.65.209.7,443,TLSv12,TLS_ECDHE_RSA_WITH_AES_256_GCM_SHA384,secp256r1,b.6sc.co,False,True,CsxknGIti,"['e6a77a947a00d250157ed6cb7120cd25e8af4cf67df19a7cb3bddc89e6b3fd7a', 'eae72eb454bf6c3977ebd289e970b2f5282949190093d0d26f98d0f0d6a9cf17', '8420dfbe376f414bf4c0a81e6936d24ccc03f304835b86c7a39142fca723a689']",[],1.0,0ffee3ba8e615ad22535e7f771690a28,2b33c1374db4ddf06942f92373c0b54b,http/1.1,,9365.642237,10.0.2.15,55717,23.65.209.7,443,tcp,6.683243999999831,342.0,4806.0,SF,True,False,0,ShADadFfRr,11,790,13,5330,ssl,0
9366.298145,CpuF9x28BpPoKP7uy5,10.0.2.15,55716,23.65.209.7,443,TLSv12,TLS_ECDHE_RSA_WITH_AES_256_GCM_SHA384,secp256r1,c.6sc.co,False,True,CsxknGIti,"['e6a77a947a00d250157ed6cb7120cd25e8af4cf67df19a7cb3bddc89e6b3fd7a', 'eae72eb454bf6c3977ebd289e970b2f5282949190093d0d26f98d0f0d6a9cf17', '8420dfbe376f414bf4c0a81e6936d24ccc03f304835b86c7a39142fca723a689']",[],1.0,0ffee3ba8e615ad22535e7f771690a28,2b33c1374db4ddf06942f92373c0b54b,http/1.1,,9365.627046,10.0.2.15,55716,23.65.209.7,443,tcp,6.715850000000501,342.0,4806.0,RSTO,True,False,0,ShADadFR,10,750,11,5250,ssl,0
9366.716479,CAkyoH3U5V6O20ZD2g,10.0.2.15,55721,199.15.215.53,443,TLSv12,TLS_ECDHE_RSA_WITH_AES_256_CBC_SHA,secp256r1,403-agf-920.mktoresp.com,False,True,CsxknGIi,"['48ee21264ab1c3b16632f3b6b0638b52969bc18055f980a7ec7c9e40f75653e9', '973a41276ffd01e027a2aad49e34c37846d3e976ff6a620b6712e33832041aa6', '3a2fbe92891e57fe05d57087f48e730f17e5a5f53ef403d618e5b74d7a7e6ecb', 'c3846bf24b9e93ca64274c0ec67c1ecc5e024ffcacd2d74019350e81fe546ae4']",[],1.0,0ffee3ba8e615ad22535e7f771690a28,8475c8479d349f36563360abf90c11f1,,,9366.157596,10.0.2.15,55721,199.15.215.53,443,tcp,9.428371000001787,1049.0,5949.0,SF,True,False,0,ShADadfF,12,1537,13,6473,ssl,0
9371.060912,CJofQU2eUgRkfQ3xl8,10.0.2.15,55728,66.45.83.9,443,TLSv12,TLS_RSA_WITH_AES_128_CBC_SHA,,identity-citrix.gomoxie.solutions,False,True,CsxnGIi,"['d98f9926dd1e30fb9feb7545fa824adadea336bc076bde7a62928e32bcde182d', '973a41276ffd01e027a2aad49e34c37846d3e976ff6a620b6712e33832041aa6']",[],1.0,0ffee3ba8e615ad22535e7f771690a28,573a9f3f80037fb40d481e2054def5bb,,,9370.468661,10.0.2.15,55728,66.45.83.9,443,tcp,10.983028999999078,1527.0,3936.0,SF,True,False,0,ShADadfF,13,2055,13,4460,ssl,0
9376.667873,CS8MEN1CdYrC68Dg8c,10.0.2.15,55733,151.101.112.84,443,TLSv12,TLS_ECDHE_RSA_WITH_AES_128_GCM_SHA256,secp256r1,ct.pinterest.com,False,True,CsxuknGIti,"['f4e51395ad2a5748284f72c5726b0c36d004a1400672e97a04aaa66629a6dbd0', '19400be5b7a31fb733917700789d2f0a2471c0c9d506c0e504c06c16d7cb17c0']",[],1.0,0ffee3ba8e615ad22535e7f771690a28,860fcf58fd757e26aa8911e5eaff6b53,http/1.1,,9375.530614,10.0.2.15,55733,151.101.112.84,443,tcp,7.170132000001104,382.0,4393.0,SF,True,False,0,ShADadFfRr,10,790,12,4877,ssl,0
9376.642771,CMHJbT14GBK19anlya,10.0.2.15,55729,172.227.81.186,443,TLSv12,TLS_ECDHE_RSA_WITH_AES_256_GCM_SHA384,secp256r1,images.nordstromdata.com,False,True,CsxknGIti,"['ab806434d95009c5c5c614b3c3a651c9d501d1f9e949bf7d6dae7e7ad4fb0785', 'eae72eb454bf6c3977ebd289e970b2f5282949190093d0d26f98d0f0d6a9cf17']",[],1.0,0ffee3ba8e615ad22535e7f771690a28,2b33c1374db4ddf06942f92373c0b54b,http/1.1,,9375.52643,10.0.2.15,55729,172.227.81.186,443,tcp,133.97016600000097,692.0,22413.0,SF,True,False,0,ShADadTTFfRr,30,1912,42,24097,ssl,0
9376.66511,CyTWdI1vTJ8IEQc3u5,10.0.2.15,55736,172.227.81.186,443,TLSv12,TLS_ECDHE_RSA_WITH_AES_256_GCM_SHA384,secp256r1,images.nordstromdata.com,False,True,CsxknGIti,"['ab806434d95009c5c5c614b3c3a651c9d501d1f9e949bf7d6dae7e7ad4fb0785', 'eae72eb454bf6c3977ebd289e970b2f5282949190093d0d26f98d0f0d6a9cf17']",[],1.0,0ffee3ba8e615ad22535e7f771690a28,2b33c1374db4ddf06942f92373c0b54b,http/1.1,,9375.569822,10.0.2.15,55736,172.227.81.186,443,tcp,133.9008210000011,676.0,30526.0,SF,True,False,0,ShADadTTFfRr,31,1936,48,32450,ssl,0
9376.666971,CGqHOk4Z7VehsKqPqf,10.0.2.15,55734,172.217.23.230,443,TLSv12,TLS_ECDHE_RSA_WITH_AES_128_GCM_SHA256,x25519,3573732.fls.doubleclick.net,False,True,CsxknGIti,"['378a6c73f6dec1c6bc563fa8eda92c3e9ce61b893db7685686c41f33ab89931c', '9f630426df1d8abfd80ace98871ba833ab9742cb34838de2b5285ed54c0c7dcc', '3c35cc963eb004451323d3275d05b353235053490d9cd83729a2faf5e7ca1cc0']",[],1.0,0ffee3ba8e615ad22535e7f771690a28,ab41313cfec25328b20865eb1388e0a2,h2,,9375.563952,10.0.2.15,55734,172.217.23.230,443,tcp,9.145779000000402,508.0,4120.0,SF,True,False,0,ShADadFf,12,996,13,4644,ssl,0
9376.897989,Ct77Vm1inNHAEJdyvf,10.0.2.15,55732,87.248.118.23,443,TLSv12,TLS_ECDHE_RSA_WITH_AES_128_GCM_SHA256,secp256r1,s.yimg.com,False,True,CsxuknGIti,"['17c38c0774bea02f4d68cddbf13b5353fecf6187ce52c722477434573a17ee28', 'eae72eb454bf6c3977ebd289e970b2f5282949190093d0d26f98d0f0d6a9cf17']",[],1.0,0ffee3ba8e615ad22535e7f771690a28,76cc3e2d3028143b23ec18e27dbd7ca9,h2,,9375.528909,10.0.2.15,55732,87.248.118.23,443,tcp,209.9697329999999,730.0,5292.0,SF,True,False,0,ShADadfF,19,1498,21,6136,ssl,0
9377.110326,CX1NGW3E99GbwSRr8,10.0.2.15,55750,23.74.180.194,443,TLSv12,TLS_ECDHE_RSA_WITH_AES_256_GCM_SHA384,,secure.nordstrom.com,True,True,CsiI,,,,1a5fe5677b0e4fbbc854e8908225637d,0bcfa5ab48fd49e9b452fbea51bf9ff7,http/1.1,,9375.676163,10.0.2.15,55750,23.74.180.194,443,tcp,133.7775070000007,2037.0,8802.0,SF,True,False,0,ShADadTTFfRr,24,3017,29,9966,ssl,0
9377.11138,Cw7SYh3bRW0DkYeTA8,10.0.2.15,55749,23.74.180.194,443,TLSv12,TLS_ECDHE_RSA_WITH_AES_256_GCM_SHA384,,secure.nordstrom.com,True,True,CsiI,,,,1a5fe5677b0e4fbbc854e8908225637d,0bcfa5ab48fd49e9b452fbea51bf9ff7,http/1.1,,9375.675412,10.0.2.15,55749,23.74.180.194,443,tcp,133.8390760000002,2088.0,10235.0,SF,True,False,0,ShADadTTFfRr,26,3148,31,11479,ssl,0
9377.111875,CaMZES3wu3sSIvOmn8,10.0.2.15,55748,23.74.180.194,443,TLSv12,TLS_ECDHE_RSA_WITH_AES_256_GCM_SHA384,,secure.nordstrom.com,True,True,CsiI,,,,1a5fe5677b0e4fbbc854e8908225637d,0bcfa5ab48fd49e9b452fbea51bf9ff7,http/1.1,,9375.674653,10.0.2.15,55748,23.74.180.194,443,tcp,133.83670999999958,2045.0,9015.0,SF,True,False,0,ShADadTTFfRr,25,3065,30,10219,ssl,0
9377.112371,C0rWBD3jxdBPnA6Yd8,10.0.2.15,55747,23.74.180.194,443,TLSv12,TLS_ECDHE_RSA_WITH_AES_256_GCM_SHA384,,secure.nordstrom.com,True,True,CsiI,,,,1a5fe5677b0e4fbbc854e8908225637d,0bcfa5ab48fd49e9b452fbea51bf9ff7,http/1.1,,9375.673878,10.0.2.15,55747,23.74.180.194,443,tcp,133.83088599999974,2066.0,14726.0,RSTO,True,False,0,ShADadTTFR,26,3126,32,16010,ssl,0
9377.11289,CUSYuj2AlFviCnm0e3,10.0.2.15,55746,23.74.180.194,443,TLSv12,TLS_ECDHE_RSA_WITH_AES_256_GCM_SHA384,,secure.nordstrom.com,True,True,CsiI,,,,1a5fe5677b0e4fbbc854e8908225637d,0bcfa5ab48fd49e9b452fbea51bf9ff7,http/1.1,,9375.672673,10.0.2.15,55746,23.74.180.194,443,tcp,133.80462400000033,1859.0,14624.0,SF,True,False,0,ShADadTTFfRr,26,2919,34,15988,ssl,0
9377.109093,CgfiEk2oQH4qZnReTb,10.0.2.15,55751,95.101.243.145,443,TLSv12,TLS_ECDHE_RSA_WITH_AES_256_GCM_SHA384,secp256r1,shared.nordstrom.com,False,True,CsxknGIti,"['ab806434d95009c5c5c614b3c3a651c9d501d1f9e949bf7d6dae7e7ad4fb0785', 'eae72eb454bf6c3977ebd289e970b2f5282949190093d0d26f98d0f0d6a9cf17']",[],1.0,0ffee3ba8e615ad22535e7f771690a28,2b33c1374db4ddf06942f92373c0b54b,http/1.1,,9375.677168,10.0.2.15,55751,95.101.243.145,443,tcp,14.735333999999057,354.0,4033.0,SF,True,False,0,ShADadFfRr,11,802,13,4557,ssl,0
9377.114727,CsVgmaMiNQjMVoHqa,10.0.2.15,55745,95.101.243.145,443,TLSv12,TLS_ECDHE_RSA_WITH_AES_256_GCM_SHA384,secp256r1,shared.nordstrom.com,False,True,CsxknGIti,"['ab806434d95009c5c5c614b3c3a651c9d501d1f9e949bf7d6dae7e7ad4fb0785', 'eae72eb454bf6c3977ebd289e970b2f5282949190093d0d26f98d0f0d6a9cf17']",[],1.0,0ffee3ba8e615ad22535e7f771690a28,2b33c1374db4ddf06942f92373c0b54b,http/1.1,,9375.671655,10.0.2.15,55745,95.101.243.145,443,tcp,13.585907000000589,354.0,4033.0,RSTO,True,False,0,ShADadFR,10,762,10,4437,ssl,0
9377.116593,CqxpMpKXuSLRbP4hg,10.0.2.15,55744,172.217.23.230,443,TLSv12,TLS_ECDHE_RSA_WITH_AES_128_GCM_SHA256,x25519,3573732.fls.doubleclick.net,False,True,CsxknGIti,"['378a6c73f6dec1c6bc563fa8eda92c3e9ce61b893db7685686c41f33ab89931c', '9f630426df1d8abfd80ace98871ba833ab9742cb34838de2b5285ed54c0c7dcc', '3c35cc963eb004451323d3275d05b353235053490d9cd83729a2faf5e7ca1cc0']",[],1.0,0ffee3ba8e615ad22535e7f771690a28,ab41313cfec25328b20865eb1388e0a2,h2,,9375.660308,10.0.2.15,55744,172.217.23.230,443,tcp,10.12895099999878,508.0,4120.0,SF,True,False,0,ShADadFf,12,996,13,4644,ssl,0
9377.117872,CVmRSY1ERLLQ1F4xqf,10.0.2.15,55743,172.227.81.186,443,TLSv12,TLS_ECDHE_RSA_WITH_AES_256_GCM_SHA384,secp256r1,images.nordstromdata.com,False,True,CsxknGIti,"['ab806434d95009c5c5c614b3c3a651c9d501d1f9e949bf7d6dae7e7ad4fb0785', 'eae72eb454bf6c3977ebd289e970b2f5282949190093d0d26f98d0f0d6a9cf17']",[],1.0,0ffee3ba8e615ad22535e7f771690a28,2b33c1374db4ddf06942f92373c0b54b,http/1.1,,9375.659411,10.0.2.15,55743,172.227.81.186,443,tcp,13.326543999999558,358.0,4033.0,SF,True,False,0,ShADadFfRr,11,806,12,4517,ssl,0
9377.118718,CHKbGe4rnFlrsL0nz5,10.0.2.15,55742,151.101.112.84,443,TLSv12,TLS_ECDHE_RSA_WITH_AES_128_GCM_SHA256,secp256r1,ct.pinterest.com,False,True,CsxuknGIti,"['f4e51395ad2a5748284f72c5726b0c36d004a1400672e97a04aaa66629a6dbd0', '19400be5b7a31fb733917700789d2f0a2471c0c9d506c0e504c06c16d7cb17c0']",[],1.0,0ffee3ba8e615ad22535e7f771690a28,860fcf58fd757e26aa8911e5eaff6b53,http/1.1,,9375.653014,10.0.2.15,55742,151.101.112.84,443,tcp,133.79596400000082,943.0,4768.0,SF,True,False,0,ShADadTTFfRr,25,1963,26,5812,ssl,0
9377.279808,C3tqAMlntjadwsxl5,10.0.2.15,55752,172.227.90.30,443,TLSv12,TLS_ECDHE_RSA_WITH_AES_256_GCM_SHA384,secp256r1,s.btstatic.com,False,True,CsxknGIti,"['0257ecfa65e6f46a3e02849bb0d803227b2c23767717f48bad8cf4d651285eb7', 'eae72eb454bf6c3977ebd289e970b2f5282949190093d0d26f98d0f0d6a9cf17', '8420dfbe376f414bf4c0a81e6936d24ccc03f304835b86c7a39142fca723a689']",[],1.0,0ffee3ba8e615ad22535e7f771690a28,2b33c1374db4ddf06942f92373c0b54b,http/1.1,,9375.856683,10.0.2.15,55752,172.227.90.30,443,tcp,150.10463300000083,1673.0,19609.0,SF,True,False,0,ShADadTTFf,33,3014,41,21253,ssl,0
9377.747119,C6Kxwo3IVHHXnmpSXk,10.0.2.15,55754,172.227.81.186,443,TLSv12,TLS_ECDHE_RSA_WITH_AES_256_GCM_SHA384,secp256r1,images.nordstromdata.com,False,True,CsxknGIti,"['ab806434d95009c5c5c614b3c3a651c9d501d1f9e949bf7d6dae7e7ad4fb0785', 'eae72eb454bf6c3977ebd289e970b2f5282949190093d0d26f98d0f0d6a9cf17']",[],1.0,0ffee3ba8e615ad22535e7f771690a28,2b33c1374db4ddf06942f92373c0b54b,http/1.1,,9376.03738,10.0.2.15,55754,172.227.81.186,443,tcp,16.4807380000002,358.0,4033.0,SF,True,False,0,ShADadTFfRr,12,847,13,4557,ssl,0
9377.997059,CJJ2nK1Bzcq95ssJ3b,10.0.2.15,55762,172.217.23.230,443,TLSv12,TLS_ECDHE_RSA_WITH_AES_128_GCM_SHA256,x25519,3573732.fls.doubleclick.net,False,True,CsxknGIti,"['378a6c73f6dec1c6bc563fa8eda92c3e9ce61b893db7685686c41f33ab89931c', '9f630426df1d8abfd80ace98871ba833ab9742cb34838de2b5285ed54c0c7dcc', '3c35cc963eb004451323d3275d05b353235053490d9cd83729a2faf5e7ca1cc0']",[],1.0,0ffee3ba8e615ad22535e7f771690a28,ab41313cfec25328b20865eb1388e0a2,h2,,9376.124419,10.0.2.15,55762,172.217.23.230,443,tcp,10.035171999999877,508.0,4120.0,SF,True,False,0,ShADadFf,12,996,12,4604,ssl,0
9377.997818,C2POxp1R2zD1CO7LU4,10.0.2.15,55761,172.227.81.186,443,TLSv12,TLS_ECDHE_RSA_WITH_AES_256_GCM_SHA384,secp256r1,images.nordstromdata.com,False,True,CsxknGIti,"['ab806434d95009c5c5c614b3c3a651c9d501d1f9e949bf7d6dae7e7ad4fb0785', 'eae72eb454bf6c3977ebd289e970b2f5282949190093d0d26f98d0f0d6a9cf17']",[],1.0,0ffee3ba8e615ad22535e7f771690a28,2b33c1374db4ddf06942f92373c0b54b,http/1.1,,9376.123476,10.0.2.15,55761,172.227.81.186,443,tcp,15.697188000000097,358.0,4033.0,RSTO,True,False,0,ShADadTFR,11,807,11,4477,ssl,0
9377.99859,CYRNth2b00ncND2X03,10.0.2.15,55760,151.101.112.84,443,TLSv12,TLS_ECDHE_RSA_WITH_AES_128_GCM_SHA256,secp256r1,ct.pinterest.com,False,True,CsxuknGIti,"['f4e51395ad2a5748284f72c5726b0c36d004a1400672e97a04aaa66629a6dbd0', '19400be5b7a31fb733917700789d2f0a2471c0c9d506c0e504c06c16d7cb17c0']",[],1.0,0ffee3ba8e615ad22535e7f771690a28,860fcf58fd757e26aa8911e5eaff6b53,http/1.1,,9376.122705,10.0.2.15,55760,151.101.112.84,443,tcp,15.93428700000004,382.0,4393.0,SF,True,False,0,ShADadTFfRr,12,871,13,4917,ssl,0
9378.302602,CgUUcc1iyrtusq5Wpj,10.0.2.15,55764,95.101.243.145,443,TLSv12,TLS_ECDHE_RSA_WITH_AES_256_GCM_SHA384,secp256r1,shared.nordstrom.com,False,True,CsxknGIti,"['ab806434d95009c5c5c614b3c3a651c9d501d1f9e949bf7d6dae7e7ad4fb0785', 'eae72eb454bf6c3977ebd289e970b2f5282949190093d0d26f98d0f0d6a9cf17']",[],1.0,0ffee3ba8e615ad22535e7f771690a28,2b33c1374db4ddf06942f92373c0b54b,http/1.1,,9376.187349,10.0.2.15,55764,95.101.243.145,443,tcp,16.053298000000723,354.0,4033.0,SF,True,False,0,ShADadTFfRr,12,843,13,4557,ssl,0
9378.305739,C24lJr1RBdaQ2KmMw6,10.0.2.15,55763,95.101.243.145,443,TLSv12,TLS_ECDHE_RSA_WITH_AES_256_GCM_SHA384,secp256r1,shared.nordstrom.com,False,True,CsxknGIti,"['ab806434d95009c5c5c614b3c3a651c9d501d1f9e949bf7d6dae7e7ad4fb0785', 'eae72eb454bf6c3977ebd289e970b2f5282949190093d0d26f98d0f0d6a9cf17']",[],1.0,0ffee3ba8e615ad22535e7f771690a28,2b33c1374db4ddf06942f92373c0b54b,http/1.1,,9376.185508,10.0.2.15,55763,95.101.243.145,443,tcp,15.398778999999196,354.0,4033.0,RSTO,True,False,0,ShADadTFR,11,803,12,4517,ssl,0
9378.311738,CMZTYq31LlK2n2YGrh,10.0.2.15,55765,172.227.90.30,443,TLSv12,TLS_ECDHE_RSA_WITH_AES_256_GCM_SHA384,secp256r1,s.btstatic.com,False,True,CsxknGIti,"['0257ecfa65e6f46a3e02849bb0d803227b2c23767717f48bad8cf4d651285eb7', 'eae72eb454bf6c3977ebd289e970b2f5282949190093d0d26f98d0f0d6a9cf17', '8420dfbe376f414bf4c0a81e6936d24ccc03f304835b86c7a39142fca723a689']",[],1.0,0ffee3ba8e615ad22535e7f771690a28,2b33c1374db4ddf06942f92373c0b54b,http/1.1,,9376.205441,10.0.2.15,55765,172.227.90.30,443,tcp,16.65771599999971,380.0,4651.0,SF,True,False,0,ShADadTFfRr,12,869,14,5215,ssl,0
9380.757127,C0isxG2xyoyi3Obps3,10.0.2.15,55766,23.74.180.194,443,TLSv12,TLS_ECDHE_RSA_WITH_AES_256_GCM_SHA384,,secure.nordstrom.com,True,True,CsiI,,,,1a5fe5677b0e4fbbc854e8908225637d,0bcfa5ab48fd49e9b452fbea51bf9ff7,http/1.1,,9376.257975,10.0.2.15,55766,23.74.180.194,443,tcp,10.103644999999233,599.0,178.0,SF,True,False,0,ShADadFfRr,9,967,9,542,ssl,0
9381.44088,CcGct41StKXJTnZ7a5,10.0.2.15,55770,23.74.180.194,443,TLSv12,TLS_ECDHE_RSA_WITH_AES_256_GCM_SHA384,,secure.nordstrom.com,True,True,CsiI,,,,1a5fe5677b0e4fbbc854e8908225637d,0bcfa5ab48fd49e9b452fbea51bf9ff7,http/1.1,,9376.266177,10.0.2.15,55770,23.74.180.194,443,tcp,16.58516899999995,599.0,178.0,SF,True,False,0,ShADadTFfRr,9,968,10,582,ssl,0
9381.442872,CUnKgC3XmRDvRhyT7,10.0.2.15,55769,23.74.180.194,443,TLSv12,TLS_ECDHE_RSA_WITH_AES_256_GCM_SHA384,,secure.nordstrom.com,True,True,CsiI,,,,1a5fe5677b0e4fbbc854e8908225637d,0bcfa5ab48fd49e9b452fbea51bf9ff7,http/1.1,,9376.263899,10.0.2.15,55769,23.74.180.194,443,tcp,16.564433999999892,599.0,178.0,SF,True,False,0,ShADadTFfRr,9,968,10,582,ssl,0
9381.445214,CmUMTL2RvEQEj8r3if,10.0.2.15,55768,23.74.180.194,443,TLSv12,TLS_ECDHE_RSA_WITH_AES_256_GCM_SHA384,,secure.nordstrom.com,True,True,CsiI,,,,1a5fe5677b0e4fbbc854e8908225637d,0bcfa5ab48fd49e9b452fbea51bf9ff7,http/1.1,,9376.262476,10.0.2.15,55768,23.74.180.194,443,tcp,10.63490599999932,599.0,178.0,RSTO,True,False,0,ShADadFR,8,927,7,462,ssl,0
9380.87635,COl7kq3ajFOGkYpNxl,10.0.2.15,55767,23.74.180.194,443,TLSv12,TLS_ECDHE_RSA_WITH_AES_256_GCM_SHA384,,secure.nordstrom.com,True,True,CsiI,,,,1a5fe5677b0e4fbbc854e8908225637d,0bcfa5ab48fd49e9b452fbea51bf9ff7,http/1.1,,9376.261127,10.0.2.15,55767,23.74.180.194,443,tcp,10.822344000000156,599.0,178.0,SF,True,False,0,ShADadFfRr,9,967,9,542,ssl,0
9388.555554,CcwrFn3mXDWv1O3mVb,10.0.2.15,55772,66.45.83.9,443,TLSv12,TLS_RSA_WITH_AES_128_CBC_SHA,,location.gomoxie.solutions,False,True,CsxnGIi,"['d98f9926dd1e30fb9feb7545fa824adadea336bc076bde7a62928e32bcde182d', '973a41276ffd01e027a2aad49e34c37846d3e976ff6a620b6712e33832041aa6']",[],1.0,0ffee3ba8e615ad22535e7f771690a28,573a9f3f80037fb40d481e2054def5bb,,,9387.826447,10.0.2.15,55772,66.45.83.9,443,tcp,71.98927600000025,1584.0,5061.0,SF,True,False,0,ShADadTfF,20,2398,21,5905,ssl,0
9388.559986,CipPQ01k4tPGxf1n46,10.0.2.15,55771,66.45.83.9,443,TLSv12,TLS_RSA_WITH_AES_128_CBC_SHA,,location.gomoxie.solutions,False,True,CsxnGIi,"['d98f9926dd1e30fb9feb7545fa824adadea336bc076bde7a62928e32bcde182d', '973a41276ffd01e027a2aad49e34c37846d3e976ff6a620b6712e33832041aa6']",[],1.0,0ffee3ba8e615ad22535e7f771690a28,573a9f3f80037fb40d481e2054def5bb,,,9387.825892,10.0.2.15,55771,66.45.83.9,443,tcp,6.982367999999042,598.0,2758.0,SF,True,False,0,ShADadFf,9,966,9,3122,ssl,0
9393.82641,Ct2OLI2tIr4xbJc366,10.0.2.15,55779,104.16.125.228,443,TLSv12,TLS_ECDHE_ECDSA_WITH_AES_128_GCM_SHA256,secp256r1,c.go-mpulse.net,False,True,CsxuknGIti,"['d349ae445e7b0cf4c23dfcb3872fe5d08d7411fea3d3cb9dfc93269fa0934ee8', 'cd6c108a0e641f2ca122aaa6d03f826759cae7c6f800eabf76dc48b67cd083ce', '9573862ac0b4b125168810ea3fd101ae2eb0bb15f61fc0e6da7a2a38b85a89e8']",[],1.0,0ffee3ba8e615ad22535e7f771690a28,7d3eb4120cd50e889bcd3f3783be0f82,http/1.1,,9393.692005,10.0.2.15,55779,104.16.125.228,443,tcp,132.30633399999897,1483.0,41895.0,SF,True,False,0,ShADadTTFf,39,3063,61,44339,ssl,0
9393.828401,CDMTaOAj6uv6EFqk7,10.0.2.15,55778,104.16.125.228,443,TLSv12,TLS_ECDHE_ECDSA_WITH_AES_128_GCM_SHA256,secp256r1,c.go-mpulse.net,False,True,CsxuknGIti,"['d349ae445e7b0cf4c23dfcb3872fe5d08d7411fea3d3cb9dfc93269fa0934ee8', 'cd6c108a0e641f2ca122aaa6d03f826759cae7c6f800eabf76dc48b67cd083ce', '9573862ac0b4b125168810ea3fd101ae2eb0bb15f61fc0e6da7a2a38b85a89e8']",[],1.0,0ffee3ba8e615ad22535e7f771690a28,7d3eb4120cd50e889bcd3f3783be0f82,http/1.1,,9393.690274,10.0.2.15,55778,104.16.125.228,443,tcp,6.126494999998613,349.0,3759.0,SF,True,False,0,ShADadFf,10,757,11,4203,ssl,0
9393.818893,C9SUoB22YviwuwmYM8,10.0.2.15,55777,199.15.215.53,443,TLSv12,TLS_ECDHE_RSA_WITH_AES_256_CBC_SHA,,403-agf-920.mktoresp.com,True,True,CsiI,,,,0ffee3ba8e615ad22535e7f771690a28,8475c8479d349f36563360abf90c11f1,,,9393.23169,10.0.2.15,55777,199.15.215.53,443,tcp,6.787984999999026,2526.0,840.0,SF,True,False,0,ShADadfF,11,2974,10,1244,ssl,0
9393.821562,CSgVcPqLLpqsgqzpa,10.0.2.15,55776,199.15.215.53,443,TLSv12,TLS_ECDHE_RSA_WITH_AES_256_CBC_SHA,,403-agf-920.mktoresp.com,True,True,CsiI,,,,0ffee3ba8e615ad22535e7f771690a28,8475c8479d349f36563360abf90c11f1,,,9393.225044,10.0.2.15,55776,199.15.215.53,443,tcp,6.692540999998528,361.0,179.0,SF,True,False,0,ShADadFf,8,689,7,463,ssl,0
9394.633136,C82YGS29PHUR9CqBwb,10.0.2.15,55780,54.195.251.142,443,TLSv12,TLS_ECDHE_RSA_WITH_AES_128_GCM_SHA256,secp256r1,s.thebrighttag.com,False,True,CsxknGIti,"['580ae33f386ad898ea077ea63de3b629646f7ca01c5e69f745d30ed28b9096e3', 'eae72eb454bf6c3977ebd289e970b2f5282949190093d0d26f98d0f0d6a9cf17', '8420dfbe376f414bf4c0a81e6936d24ccc03f304835b86c7a39142fca723a689']",[],1.0,0ffee3ba8e615ad22535e7f771690a28,ccc514751b175866924439bdbb5bba34,,,9394.359481,10.0.2.15,55780,54.195.251.142,443,tcp,100.61913300000016,4127.0,20880.0,SF,True,False,0,ShADadTfF,28,5264,39,22444,ssl,0
9397.720707,CbDV9U26xJJzXvQtV3,10.0.2.15,55781,66.117.29.34,443,TLSv12,TLS_ECDHE_RSA_WITH_AES_256_GCM_SHA384,,citrixsaas.d1.sc.omtrdc.net,True,True,CsiI,,,,0ffee3ba8e615ad22535e7f771690a28,959bfcf87532cbff1253e80a4ee81308,,,9397.540751,10.0.2.15,55781,66.117.29.34,443,tcp,7.440335999999661,318.0,155.0,SF,True,False,0,ShADadFf,7,606,7,439,ssl,0
9398.348143,C7gHrb2fIMJ6QUHUEd,10.0.2.15,55786,54.192.93.211,443,TLSv12,TLS_ECDHE_RSA_WITH_AES_128_GCM_SHA256,secp256r1,asset.gomoxie.solutions,False,True,CsxknGIti,"['d98f9926dd1e30fb9feb7545fa824adadea336bc076bde7a62928e32bcde182d', '973a41276ffd01e027a2aad49e34c37846d3e976ff6a620b6712e33832041aa6', '45140b3247eb9cc8c5b4f0d7b53091f73292089e6e5a63e2749dd3aca9198eda']",[],1.0,0ffee3ba8e615ad22535e7f771690a28,b898351eb5e266aefd3723d466935494,http/1.1,,9397.997856,10.0.2.15,55786,54.192.93.211,443,tcp,6.983163000000786,357.0,4234.0,SF,True,False,0,ShADadFf,10,765,10,4638,ssl,0
9398.339397,CDJzCg3iNKL6AcD7K8,10.0.2.15,55784,54.192.93.211,443,TLSv12,TLS_ECDHE_RSA_WITH_AES_128_GCM_SHA256,secp256r1,asset.gomoxie.solutions,False,True,CsxuknGIti,"['d98f9926dd1e30fb9feb7545fa824adadea336bc076bde7a62928e32bcde182d', '973a41276ffd01e027a2aad49e34c37846d3e976ff6a620b6712e33832041aa6', '45140b3247eb9cc8c5b4f0d7b53091f73292089e6e5a63e2749dd3aca9198eda']",[],1.0,0ffee3ba8e615ad22535e7f771690a28,76cc3e2d3028143b23ec18e27dbd7ca9,http/1.1,,9397.72227,10.0.2.15,55784,54.192.93.211,443,tcp,161.36089399999946,2643.0,25108.0,SF,True,False,0,ShADadTTfF,31,3905,48,27032,ssl,0
9398.329457,C0gXT41p6FfVRQnaF5,10.0.2.15,55783,66.45.83.9,443,TLSv12,TLS_RSA_WITH_AES_128_CBC_SHA,,log-citrix.gomoxie.solutions,False,True,CsxnGIi,"['d98f9926dd1e30fb9feb7545fa824adadea336bc076bde7a62928e32bcde182d', '973a41276ffd01e027a2aad49e34c37846d3e976ff6a620b6712e33832041aa6']",[],1.0,0ffee3ba8e615ad22535e7f771690a28,573a9f3f80037fb40d481e2054def5bb,,,9397.54276,10.0.2.15,55783,66.45.83.9,443,tcp,7.5949149999996735,600.0,2758.0,SF,True,False,0,ShADadFf,9,968,9,3122,ssl,0
9398.338471,C5MrxX3gjagOJRhGy8,10.0.2.15,55785,54.192.93.211,443,TLSv12,TLS_ECDHE_RSA_WITH_AES_128_GCM_SHA256,secp256r1,asset.gomoxie.solutions,False,True,CsxuknGIti,"['d98f9926dd1e30fb9feb7545fa824adadea336bc076bde7a62928e32bcde182d', '973a41276ffd01e027a2aad49e34c37846d3e976ff6a620b6712e33832041aa6', '45140b3247eb9cc8c5b4f0d7b53091f73292089e6e5a63e2749dd3aca9198eda']",[],1.0,0ffee3ba8e615ad22535e7f771690a28,76cc3e2d3028143b23ec18e27dbd7ca9,http/1.1,,9397.723511,10.0.2.15,55785,54.192.93.211,443,tcp,161.36067700000058,2643.0,14480.0,SF,True,False,0,ShADadTTfF,28,3785,38,16004,ssl,0
9398.331917,CYiYqu16npl4MHm5Jj,10.0.2.15,55782,66.45.83.9,443,TLSv12,TLS_RSA_WITH_AES_128_CBC_SHA,,log-citrix.gomoxie.solutions,False,True,CsxnGIi,"['d98f9926dd1e30fb9feb7545fa824adadea336bc076bde7a62928e32bcde182d', '973a41276ffd01e027a2aad49e34c37846d3e976ff6a620b6712e33832041aa6']",[],1.0,0ffee3ba8e615ad22535e7f771690a28,573a9f3f80037fb40d481e2054def5bb,,,9397.541946,10.0.2.15,55782,66.45.83.9,443,tcp,7.585956000000806,600.0,2758.0,SF,True,False,0,ShADadFf,9,968,9,3122,ssl,0
9399.25084,Cz0JXT3HK2YzbmfiEf,10.0.2.15,55787,54.192.93.211,443,TLSv12,TLS_ECDHE_RSA_WITH_AES_128_GCM_SHA256,secp256r1,asset.gomoxie.solutions,False,True,CsxuknGIti,"['d98f9926dd1e30fb9feb7545fa824adadea336bc076bde7a62928e32bcde182d', '973a41276ffd01e027a2aad49e34c37846d3e976ff6a620b6712e33832041aa6', '45140b3247eb9cc8c5b4f0d7b53091f73292089e6e5a63e2749dd3aca9198eda']",[],1.0,0ffee3ba8e615ad22535e7f771690a28,76cc3e2d3028143b23ec18e27dbd7ca9,http/1.1,,9398.349959,10.0.2.15,55787,54.192.93.211,443,tcp,6.634527000000162,357.0,6026.0,SF,True,False,0,ShADadFf,10,765,12,6510,ssl,0
9401.189051,CioUTI2L4fPoYU4Y77,10.0.2.15,55798,172.227.90.30,443,TLSv12,TLS_ECDHE_RSA_WITH_AES_256_GCM_SHA384,,s.btstatic.com,True,True,CsiI,,,,1a5fe5677b0e4fbbc854e8908225637d,410b9bedaf65dd26c6fe547154d60db4,http/1.1,,9400.892774,10.0.2.15,55798,172.227.90.30,443,tcp,125.06509899999946,1045.0,1504.0,SF,True,False,0,ShADadTTFfRr,23,1985,23,2428,ssl,0
9401.190019,C65I113qvJc6jW1t4f,10.0.2.15,55797,172.227.90.30,443,TLSv12,TLS_ECDHE_RSA_WITH_AES_256_GCM_SHA384,,s.btstatic.com,True,True,CsiI,,,,1a5fe5677b0e4fbbc854e8908225637d,410b9bedaf65dd26c6fe547154d60db4,http/1.1,,9400.89197,10.0.2.15,55797,172.227.90.30,443,tcp,125.05887599999916,1045.0,1741.0,SF,True,False,0,ShADadTTFfRr,23,1985,24,2705,ssl,0
9401.191182,C3xDnb2XfC5tkfN4Lc,10.0.2.15,55796,172.227.90.30,443,TLSv12,TLS_ECDHE_RSA_WITH_AES_256_GCM_SHA384,,s.btstatic.com,True,True,CsiI,,,,1a5fe5677b0e4fbbc854e8908225637d,410b9bedaf65dd26c6fe547154d60db4,http/1.1,,9400.890813,10.0.2.15,55796,172.227.90.30,443,tcp,125.05347599999914,1045.0,704.0,SF,True,False,0,ShADadTTFfRr,23,1985,23,1628,ssl,0
9401.192313,CWOeDF1iU5ki65tPki,10.0.2.15,55795,172.227.90.30,443,TLSv12,TLS_ECDHE_RSA_WITH_AES_256_GCM_SHA384,,s.btstatic.com,True,True,CsiI,,,,1a5fe5677b0e4fbbc854e8908225637d,410b9bedaf65dd26c6fe547154d60db4,http/1.1,,9400.889929,10.0.2.15,55795,172.227.90.30,443,tcp,125.03921799999988,1045.0,1987.0,SF,True,False,0,ShADadTTFfRr,24,2025,25,2991,ssl,0
9401.193677,C3J3F32vURF1srayRg,10.0.2.15,55794,172.227.90.30,443,TLSv12,TLS_ECDHE_RSA_WITH_AES_256_GCM_SHA384,,s.btstatic.com,True,True,CsiI,,,,1a5fe5677b0e4fbbc854e8908225637d,410b9bedaf65dd26c6fe547154d60db4,http/1.1,,9400.889455,10.0.2.15,55794,172.227.90.30,443,tcp,9.05365299999903,599.0,183.0,SF,True,False,0,ShADadFfRr,9,967,9,547,ssl,0
9401.195879,CX6xqh2vFMFh0ARfR4,10.0.2.15,55793,178.79.243.0,443,TLSv12,TLS_ECDHE_RSA_WITH_AES_256_GCM_SHA384,secp256r1,tealium.hs.llnwd.net,False,True,CsxknGIti,"['8f4492bc8efdd1efe7273b857f322755ff727494b3f5500df240d3f03393f654', '074541ecdf88ed992ed5ade3ecddef27a26ba1b44480a195c0a8dadae2521d8e', '3c35cc963eb004451323d3275d05b353235053490d9cd83729a2faf5e7ca1cc0']",[],1.0,0ffee3ba8e615ad22535e7f771690a28,2b33c1374db4ddf06942f92373c0b54b,http/1.1,,9400.888968,10.0.2.15,55793,178.79.243.0,443,tcp,81.23320400000011,2184.0,18261.0,SF,True,False,0,ShADadTfF,21,3039,31,19505,ssl,0
9401.210517,Cp9cbi3niyPEamtG2,10.0.2.15,55791,68.64.2.192,443,TLSv12,TLS_RSA_WITH_AES_128_CBC_SHA,,secure.citrixonline.com,True,True,CsiI,,,,0ffee3ba8e615ad22535e7f771690a28,573a9f3f80037fb40d481e2054def5bb,,,9400.887511,10.0.2.15,55791,68.64.2.192,443,tcp,132.23087399999895,8796.0,47089.0,SF,True,False,0,ShADadTTFf,42,10496,71,49933,ssl,0
9401.216193,C3iPp63Q1swSjDUDM5,10.0.2.15,55790,68.64.2.192,443,TLSv12,TLS_RSA_WITH_AES_128_CBC_SHA,,secure.citrixonline.com,True,True,CsiI,,,,0ffee3ba8e615ad22535e7f771690a28,573a9f3f80037fb40d481e2054def5bb,,,9400.886962,10.0.2.15,55790,68.64.2.192,443,tcp,132.20763699999952,7319.0,68635.0,SF,True,False,0,ShADadTTFf,44,9099,87,72119,ssl,0
9401.218855,CyMn9G4UkmboCXUa95,10.0.2.15,55789,68.64.2.192,443,TLSv12,TLS_RSA_WITH_AES_128_CBC_SHA,,secure.citrixonline.com,True,True,CsiI,,,,0ffee3ba8e615ad22535e7f771690a28,573a9f3f80037fb40d481e2054def5bb,,,9400.886498,10.0.2.15,55789,68.64.2.192,443,tcp,132.22380300000077,5671.0,15849.0,SF,True,False,0,ShADadTTFf,29,6851,39,17413,ssl,0
9401.197304,C1MchZxLF2WqrKCwl,10.0.2.15,55792,172.217.23.244,443,TLSv12,TLS_ECDHE_RSA_WITH_AES_128_GCM_SHA256,x25519,osdimg.appspot.com,False,True,CsxknGIti,"['79bcf3afe7524cc344efa0070920fccb1c3029ed68f7b9f8ceb6b8644d98dcf3', '9f630426df1d8abfd80ace98871ba833ab9742cb34838de2b5285ed54c0c7dcc', '3c35cc963eb004451323d3275d05b353235053490d9cd83729a2faf5e7ca1cc0']",[],1.0,0ffee3ba8e615ad22535e7f771690a28,ab41313cfec25328b20865eb1388e0a2,h2,,9400.888074,10.0.2.15,55792,172.217.23.244,443,tcp,217.32511499999964,2037.0,4630.0,SF,True,False,0,ShADadFf,22,2925,24,5594,ssl,0
9401.224724,CD163o4ow9Oc9wEvN1,10.0.2.15,55788,198.232.125.113,443,TLSv12,TLS_ECDHE_RSA_WITH_AES_128_GCM_SHA256,secp256r1,code.jquery.com,False,True,CsxuknGIti,"['7b63a6dc9511ee7cdbf74a01a00ec40c9d2c39e68a61a90607ff590740ab369a', 'ee793643199474ed60efdc8ccde4d37445921683593aa751bbf8ee491a391e97', 'ebd41040e4bb3ec742c9e381d31ef2a41a48b6685c96e7cef3c1df6cd4331c99']",[],1.0,0ffee3ba8e615ad22535e7f771690a28,49b45fc1ab090aa3a159778313fc9b9e,h2,,9400.885897,10.0.2.15,55788,198.232.125.113,443,tcp,217.33158999999975,2185.0,87614.0,SF,True,False,0,ShADadFf,37,3673,93,91338,ssl,0
9402.732904,C6wIn72Q1hhufOSjUb,10.0.2.15,55800,172.217.23.244,443,TLSv12,TLS_ECDHE_RSA_WITH_AES_128_GCM_SHA256,x25519,osdimg.appspot.com,False,True,CsxknGIti,"['79bcf3afe7524cc344efa0070920fccb1c3029ed68f7b9f8ceb6b8644d98dcf3', '9f630426df1d8abfd80ace98871ba833ab9742cb34838de2b5285ed54c0c7dcc', '3c35cc963eb004451323d3275d05b353235053490d9cd83729a2faf5e7ca1cc0']",[],1.0,0ffee3ba8e615ad22535e7f771690a28,ab41313cfec25328b20865eb1388e0a2,h2,,9402.217735,10.0.2.15,55800,172.217.23.244,443,tcp,4.7256799999995565,528.0,4003.0,SF,True,False,0,ShADadFf,12,1016,14,4567,ssl,0
9402.733608,CrDkqK3ZaElwKHuPO6,10.0.2.15,55799,178.79.243.0,443,TLSv12,TLS_ECDHE_RSA_WITH_AES_256_GCM_SHA384,secp256r1,tealium.hs.llnwd.net,False,True,CsxknGIti,"['8f4492bc8efdd1efe7273b857f322755ff727494b3f5500df240d3f03393f654', '074541ecdf88ed992ed5ade3ecddef27a26ba1b44480a195c0a8dadae2521d8e', '3c35cc963eb004451323d3275d05b353235053490d9cd83729a2faf5e7ca1cc0']",[],1.0,0ffee3ba8e615ad22535e7f771690a28,2b33c1374db4ddf06942f92373c0b54b,http/1.1,,9402.216627,10.0.2.15,55799,178.79.243.0,443,tcp,6.380801999999676,354.0,4603.0,SF,True,False,0,ShADadFf,10,762,12,5087,ssl,0
9406.313396,CME5Vf1FdHwe3xq8L,10.0.2.15,55801,52.21.39.34,443,TLSv12,TLS_ECDHE_RSA_WITH_AES_128_GCM_SHA256,secp256r1,logx.optimizely.com,False,True,CsxknGIi,"['121e4a8079d4afed2206030ff5d65362176fc4cf1d6cdc37d83304cf705a5212', '19400be5b7a31fb733917700789d2f0a2471c0c9d506c0e504c06c16d7cb17c0']",[],1.0,0ffee3ba8e615ad22535e7f771690a28,303951d4c50efb2e991652225a6f02b1,,,9406.008993,10.0.2.15,55801,52.21.39.34,443,tcp,67.06302099999994,3889.0,3965.0,SF,True,False,0,ShADadTFf,21,4743,22,4849,ssl,0
9406.315373,CKIPar1foy4Hul2dt9,10.0.2.15,55802,52.21.39.34,443,TLSv12,TLS_ECDHE_RSA_WITH_AES_128_GCM_SHA256,secp256r1,logx.optimizely.com,False,True,CsxknGIi,"['121e4a8079d4afed2206030ff5d65362176fc4cf1d6cdc37d83304cf705a5212', '19400be5b7a31fb733917700789d2f0a2471c0c9d506c0e504c06c16d7cb17c0']",[],1.0,0ffee3ba8e615ad22535e7f771690a28,303951d4c50efb2e991652225a6f02b1,,,9406.009946,10.0.2.15,55802,52.21.39.34,443,tcp,67.0619999999999,4695.0,3965.0,SF,True,False,0,ShADadTFf,20,5508,22,4849,ssl,0
9406.930917,CHuU2D1zWM21myjW1k,10.0.2.15,55804,52.21.39.34,443,TLSv12,TLS_ECDHE_RSA_WITH_AES_128_GCM_SHA256,secp256r1,logx.optimizely.com,False,True,CsxknGIi,"['121e4a8079d4afed2206030ff5d65362176fc4cf1d6cdc37d83304cf705a5212', '19400be5b7a31fb733917700789d2f0a2471c0c9d506c0e504c06c16d7cb17c0']",[],1.0,0ffee3ba8e615ad22535e7f771690a28,303951d4c50efb2e991652225a6f02b1,,,9406.320912,10.0.2.15,55804,52.21.39.34,443,tcp,66.36161100000027,778.0,3629.0,SF,True,False,0,ShADadTFf,18,1512,19,4393,ssl,0
9406.926794,Cn1hOP21G90ITzUmL1,10.0.2.15,55808,23.65.215.204,443,TLSv12,TLS_ECDHE_RSA_WITH_AES_256_GCM_SHA384,secp256r1,libs.coremetrics.com,False,True,CsxknGIti,"['437309017b401bac55d41e676dd2a8c711b5859cd989401130f24e139070f93e', 'eae72eb454bf6c3977ebd289e970b2f5282949190093d0d26f98d0f0d6a9cf17', '8420dfbe376f414bf4c0a81e6936d24ccc03f304835b86c7a39142fca723a689']",[],1.0,0ffee3ba8e615ad22535e7f771690a28,2b33c1374db4ddf06942f92373c0b54b,http/1.1,,9406.340361,10.0.2.15,55808,23.65.215.204,443,tcp,137.66165100000035,806.0,5263.0,SF,True,False,0,ShADadTTFRfr,26,1867,28,6387,ssl,0
9406.927576,CXP91xht1ISu9UMH4,10.0.2.15,55807,23.65.215.204,443,TLSv12,TLS_ECDHE_RSA_WITH_AES_256_GCM_SHA384,secp256r1,tmscdn.coremetrics.com,False,True,CsxknGIti,"['437309017b401bac55d41e676dd2a8c711b5859cd989401130f24e139070f93e', 'eae72eb454bf6c3977ebd289e970b2f5282949190093d0d26f98d0f0d6a9cf17', '8420dfbe376f414bf4c0a81e6936d24ccc03f304835b86c7a39142fca723a689']",[],1.0,0ffee3ba8e615ad22535e7f771690a28,2b33c1374db4ddf06942f92373c0b54b,http/1.1,,9406.339337,10.0.2.15,55807,23.65.215.204,443,tcp,137.64947399999983,829.0,5426.0,SF,True,False,0,ShADadTTFfRr,26,1890,28,6550,ssl,0
9406.932544,Cw3a4T2ZOlGyWWz4Pl,10.0.2.15,55803,52.21.39.34,443,TLSv12,TLS_ECDHE_RSA_WITH_AES_128_GCM_SHA256,secp256r1,logx.optimizely.com,False,True,CsxknGIi,"['121e4a8079d4afed2206030ff5d65362176fc4cf1d6cdc37d83304cf705a5212', '19400be5b7a31fb733917700789d2f0a2471c0c9d506c0e504c06c16d7cb17c0']",[],1.0,0ffee3ba8e615ad22535e7f771690a28,303951d4c50efb2e991652225a6f02b1,,,9406.320133,10.0.2.15,55803,52.21.39.34,443,tcp,66.74748700000055,3380.0,3484.0,SF,True,False,0,ShADadTFf,19,4154,21,4328,ssl,0
9406.925221,C6kBz13IM8D4fu8vWi,10.0.2.15,55809,74.121.134.216,443,TLSv12,TLS_RSA_WITH_3DES_EDE_CBC_SHA,,1901.nordstrom.com,False,True,CsxnGIi,"['a2f1bee6639d1024f2cf76af111dacee488975613283ac86e832d60e2c41e898', 'eae72eb454bf6c3977ebd289e970b2f5282949190093d0d26f98d0f0d6a9cf17', '893780c6d4c09c6d5523d1d5ffae0cc63ce1329050bf5d1bb69e3758b1499897']",[],1.0,0ffee3ba8e615ad22535e7f771690a28,66a6571ef756b3c9e82b3fd802bbcac2,,,9406.347167,10.0.2.15,55809,74.121.134.216,443,tcp,342.207993,6184.0,5779.0,SF,True,False,0,ShADadTTfF,49,8184,50,7783,ssl,0
9406.928733,ChhMTt10inYjTpOZ5j,10.0.2.15,55806,52.21.39.34,443,TLSv12,TLS_ECDHE_RSA_WITH_AES_128_GCM_SHA256,secp256r1,logx.optimizely.com,False,True,CsxknGIi,"['121e4a8079d4afed2206030ff5d65362176fc4cf1d6cdc37d83304cf705a5212', '19400be5b7a31fb733917700789d2f0a2471c0c9d506c0e504c06c16d7cb17c0']",[],1.0,0ffee3ba8e615ad22535e7f771690a28,303951d4c50efb2e991652225a6f02b1,,,9406.331741,10.0.2.15,55806,52.21.39.34,443,tcp,8.536824999999226,353.0,3148.0,SF,True,False,0,ShADadFfRr,11,801,12,3632,ssl,0
9406.92961,CqaUDE2yie4bF3pKP5,10.0.2.15,55805,52.21.39.34,443,TLSv12,TLS_ECDHE_RSA_WITH_AES_128_GCM_SHA256,secp256r1,logx.optimizely.com,False,True,CsxknGIi,"['121e4a8079d4afed2206030ff5d65362176fc4cf1d6cdc37d83304cf705a5212', '19400be5b7a31fb733917700789d2f0a2471c0c9d506c0e504c06c16d7cb17c0']",[],1.0,0ffee3ba8e615ad22535e7f771690a28,303951d4c50efb2e991652225a6f02b1,,,9406.329501,10.0.2.15,55805,52.21.39.34,443,tcp,8.809466999999131,353.0,3148.0,SF,True,False,0,ShADadFfRr,11,801,13,3672,ssl,0
9410.480157,CXgWrzNmRRBrPf7Lk,10.0.2.15,55811,192.225.158.1,443,TLSv12,TLS_ECDHE_RSA_WITH_AES_128_GCM_SHA256,,h.online-metrix.net,True,True,CsiI,,,,1a5fe5677b0e4fbbc854e8908225637d,fbe78c619e7ea20046131294ad087f05,,,9409.914954,10.0.2.15,55811,192.225.158.1,443,tcp,3.9862250000005592,2558.0,656.0,SF,True,False,0,ShADadfF,10,2966,10,1060,ssl,0
9410.484963,CBAQWb2qIS6lT3fbVb,10.0.2.15,55810,54.231.49.59,443,TLSv12,TLS_ECDHE_RSA_WITH_AES_128_GCM_SHA256,secp256r1,s3.amazonaws.com,False,True,CsxknGIi,"['6be2c04e442c0aa126e2e374c248fc093077df1a3810867decdfea113add4357', 'f9690880819f06cdcc0b2f224b207f2af6003fb57339b8679a160fa95208d62d']",[],1.0,0ffee3ba8e615ad22535e7f771690a28,ea615e28cb25adfb2f261151eab3314f,,,9409.913348,10.0.2.15,55810,54.231.49.59,443,tcp,9.593294000000242,818.0,30090.0,SF,True,False,0,ShADadFf,18,1546,35,31494,ssl,0
9411.204776,Cupme92VfP3ixO7Qm7,10.0.2.15,55813,192.225.158.1,443,TLSv12,TLS_ECDHE_RSA_WITH_AES_128_GCM_SHA256,,h.online-metrix.net,True,True,CsiI,,,,1a5fe5677b0e4fbbc854e8908225637d,fbe78c619e7ea20046131294ad087f05,,,9410.511239,10.0.2.15,55813,192.225.158.1,443,tcp,4.253547000000253,2611.0,4881.0,SF,True,False,0,ShADadfF,11,3059,15,5485,ssl,0
9411.206769,CbCQVa136gU4zH3f8k,10.0.2.15,55812,192.225.158.1,443,TLSv12,TLS_ECDHE_RSA_WITH_AES_128_GCM_SHA256,,h.online-metrix.net,True,True,CsiI,,,,1a5fe5677b0e4fbbc854e8908225637d,fbe78c619e7ea20046131294ad087f05,,,9410.510466,10.0.2.15,55812,192.225.158.1,443,tcp,4.255261000000246,2558.0,656.0,SF,True,False,0,ShADadfF,9,2926,10,1060,ssl,0
9414.764218,CGe4BZ10aOXHpcuuVj,10.0.2.15,55816,192.225.158.1,443,TLSv12,TLS_ECDHE_RSA_WITH_AES_128_GCM_SHA256,,h.online-metrix.net,True,True,CsiI,,,,1a5fe5677b0e4fbbc854e8908225637d,fbe78c619e7ea20046131294ad087f05,,,9412.391423,10.0.2.15,55816,192.225.158.1,443,tcp,7.657051000000138,1548.0,561.0,SF,True,False,0,ShADadfF,8,1876,9,925,ssl,0
9419.414685,CN3CbJM4smU90CWVf,10.0.2.15,55820,66.117.29.34,443,TLSv12,TLS_ECDHE_RSA_WITH_AES_256_GCM_SHA384,,citrixsaas.d1.sc.omtrdc.net,True,True,CsiI,,,,0ffee3ba8e615ad22535e7f771690a28,959bfcf87532cbff1253e80a4ee81308,,,9417.986515,10.0.2.15,55820,66.117.29.34,443,tcp,18.63873599999897,8663.0,1158.0,SF,True,False,0,ShADadTFf,15,9272,15,1762,ssl,0
9419.415384,C7dEOWJSn8bbIFAte,10.0.2.15,55821,66.117.29.34,443,TLSv12,TLS_ECDHE_RSA_WITH_AES_256_GCM_SHA384,,citrixsaas.d1.sc.omtrdc.net,True,True,CsiI,,,,0ffee3ba8e615ad22535e7f771690a28,959bfcf87532cbff1253e80a4ee81308,,,9417.990592,10.0.2.15,55821,66.117.29.34,443,tcp,7.64244300000064,318.0,155.0,SF,True,False,0,ShADadFf,7,606,7,439,ssl,0
9419.415831,CBL8VQF5GZZuKoiCh,10.0.2.15,55824,91.235.132.129,443,TLSv12,TLS_ECDHE_RSA_WITH_AES_128_GCM_SHA256,,aa.online-metrix.net,True,True,CsiI,,,,1a5fe5677b0e4fbbc854e8908225637d,fbe78c619e7ea20046131294ad087f05,,,9418.027372,10.0.2.15,55824,91.235.132.129,443,tcp,4.347791000000143,1350.0,2588.0,SF,True,False,0,ShADadfF,8,1678,10,2992,ssl,0
9419.416377,CaRvhE2wbvmh1JIA8e,10.0.2.15,55823,35.187.37.194,443,TLSv12,TLS_ECDHE_RSA_WITH_AES_128_GCM_SHA256,secp256r1,a.company-target.com,False,True,CsxknGIti,"['989d42ef1604493278dea310819a9358fefcf1545d27e29221c1655c05748f83', '95b09d02122fa8ae6235780f6ea6503e767ac021a0874fe831ce803a50ea8fd7']",[],1.0,1a5fe5677b0e4fbbc854e8908225637d,ccc514751b175866924439bdbb5bba34,,,9418.024347,10.0.2.15,55823,35.187.37.194,443,tcp,7.569824000000153,674.0,3602.0,SF,True,False,0,ShADadFf,9,1042,10,4006,ssl,0
9419.416847,C7qsgO1uxpw1Tepzf5,10.0.2.15,55822,35.187.37.194,443,TLSv12,TLS_ECDHE_RSA_WITH_AES_128_GCM_SHA256,secp256r1,a.company-target.com,False,True,CsxknGIti,"['989d42ef1604493278dea310819a9358fefcf1545d27e29221c1655c05748f83', '95b09d02122fa8ae6235780f6ea6503e767ac021a0874fe831ce803a50ea8fd7']",[],1.0,1a5fe5677b0e4fbbc854e8908225637d,ccc514751b175866924439bdbb5bba34,,,9418.010509,10.0.2.15,55822,35.187.37.194,443,tcp,7.573855000000549,674.0,3602.0,SF,True,False,0,ShADadFf,10,1082,10,4006,ssl,0
9420.04697,CkYV663VW2ffoGCrtk,10.0.2.15,55828,23.65.209.7,443,TLSv12,TLS_ECDHE_RSA_WITH_AES_256_GCM_SHA384,,b.6sc.co,True,True,CsiI,,,,1a5fe5677b0e4fbbc854e8908225637d,410b9bedaf65dd26c6fe547154d60db4,http/1.1,,9419.408409,10.0.2.15,55828,23.65.209.7,443,tcp,172.71410500000093,7547.0,2121.0,SF,True,False,0,ShADadTTFfR,34,8931,33,3445,ssl,0
9420.048006,CjTaXASidXAJIXA1b,10.0.2.15,55826,199.15.215.53,443,TLSv12,TLS_ECDHE_RSA_WITH_AES_256_CBC_SHA,,403-agf-920.mktoresp.com,True,True,CsiI,,,,0ffee3ba8e615ad22535e7f771690a28,8475c8479d349f36563360abf90c11f1,,,9419.399495,10.0.2.15,55826,199.15.215.53,443,tcp,6.570929999999862,4062.0,840.0,SF,True,False,0,ShADadfF,11,4510,11,1284,ssl,0
9420.043974,CXI4BM2PESVYSEjfk,10.0.2.15,55825,91.235.132.129,443,TLSv12,TLS_ECDHE_RSA_WITH_AES_128_GCM_SHA256,,aa.online-metrix.net,True,True,CsiI,,,,1a5fe5677b0e4fbbc854e8908225637d,fbe78c619e7ea20046131294ad087f05,,,9419.393716,10.0.2.15,55825,91.235.132.129,443,tcp,6.190625999999611,599.0,168.0,SF,True,False,0,ShADadFfRr,9,967,9,532,ssl,0
9420.047473,CDSu2ZBIMAT38WSZ7,10.0.2.15,55827,23.65.209.7,443,TLSv12,TLS_ECDHE_RSA_WITH_AES_256_GCM_SHA384,,b.6sc.co,True,True,CsiI,,,,1a5fe5677b0e4fbbc854e8908225637d,410b9bedaf65dd26c6fe547154d60db4,http/1.1,,9419.404172,10.0.2.15,55827,23.65.209.7,443,tcp,6.228831999998874,599.0,183.0,SF,True,False,0,ShADadFfRr,9,967,9,547,ssl,0
9420.611617,Cj7akc2TiUvPDXNeO3,10.0.2.15,55829,178.250.0.82,443,TLSv12,TLS_RSA_WITH_AES_128_CBC_SHA,,sslwidget.criteo.com,False,True,CsxnGIi,"['b0337c4f8b2eca88eca4de5aad8cba6d249c58c7a69f2d4b680e5adae991d2ac', 'eae72eb454bf6c3977ebd289e970b2f5282949190093d0d26f98d0f0d6a9cf17', '8420dfbe376f414bf4c0a81e6936d24ccc03f304835b86c7a39142fca723a689']",[],1.0,0ffee3ba8e615ad22535e7f771690a28,5dcc087b1a1d0a5b0658981a7e8b2c3c,,,9420.050352,10.0.2.15,55829,178.250.0.82,443,tcp,19.5341210000006,3765.0,4527.0,SF,True,False,0,ShADadTfF,15,4374,16,5171,ssl,0
9420.598231,C71TlE1avSFWBp3qGi,10.0.2.15,55830,52.19.210.4,443,TLSv12,TLS_ECDHE_RSA_WITH_AES_128_GCM_SHA256,secp256r1,dpm.demdex.net,False,True,CsxknGIi,"['ab8f7b89fa3e472463832f1b07660350a24ba646789dce6dd09107fab1d86a12', '19400be5b7a31fb733917700789d2f0a2471c0c9d506c0e504c06c16d7cb17c0']",[],1.0,0ffee3ba8e615ad22535e7f771690a28,303951d4c50efb2e991652225a6f02b1,,,9420.050899,10.0.2.15,55830,52.19.210.4,443,tcp,74.39805499999966,4712.0,5918.0,SF,True,False,0,ShADadTFf,22,5606,24,6882,ssl,0
9427.707328,Ct8fQh3Xvj89QP8TV7,10.0.2.15,55833,192.225.158.1,443,TLSv12,TLS_ECDHE_RSA_WITH_AES_128_GCM_SHA256,,h.online-metrix.net,True,True,CsiI,,,,1a5fe5677b0e4fbbc854e8908225637d,fbe78c619e7ea20046131294ad087f05,,,9427.518362,10.0.2.15,55833,192.225.158.1,443,tcp,3.254758999999467,1108.0,777.0,SF,True,False,0,ShADadfF,9,1476,9,1141,ssl,0
9428.334264,CARdoB1QuUw9jms2sh,10.0.2.15,55835,66.117.28.86,443,TLSv12,TLS_RSA_WITH_AES_256_CBC_SHA,,cm.everesttech.net,False,True,CsxnGIi,"['1dcf86c8106d52ccf4a9dc98a6c36a11671533906cb9e1c517075b65df21e850', '154c433c491929c5ef686e838e323664a00e6a0d822ccc958fb4dab03e49a08f']",[],1.0,0ffee3ba8e615ad22535e7f771690a28,759968158b0e1df906786a4b8c44bf39,http/1.1,,9428.282911,10.0.2.15,55835,66.117.28.86,443,tcp,21.82300199999918,1283.0,3237.0,SF,True,False,0,ShADadTFf,12,1772,12,3721,ssl,0
9428.68215,C6fDi21u6TtzrZ5rNk,10.0.2.15,55834,52.211.54.244,443,TLSv12,TLS_ECDHE_RSA_WITH_AES_128_GCM_SHA256,secp256r1,nordstrom.demdex.net,False,True,CsxknGIi,"['ab8f7b89fa3e472463832f1b07660350a24ba646789dce6dd09107fab1d86a12', '19400be5b7a31fb733917700789d2f0a2471c0c9d506c0e504c06c16d7cb17c0']",[],1.0,0ffee3ba8e615ad22535e7f771690a28,303951d4c50efb2e991652225a6f02b1,,,9428.281389,10.0.2.15,55834,52.211.54.244,443,tcp,68.55641400000059,4447.0,10131.0,SF,True,False,0,ShADadTFf,20,5260,28,11255,ssl,0
9429.338513,Cd7xRLG4NR9uS9l74,10.0.2.15,55836,52.211.54.244,443,TLSv12,TLS_ECDHE_RSA_WITH_AES_128_GCM_SHA256,secp256r1,nordstrom.demdex.net,False,True,CsxknGIi,"['ab8f7b89fa3e472463832f1b07660350a24ba646789dce6dd09107fab1d86a12', '19400be5b7a31fb733917700789d2f0a2471c0c9d506c0e504c06c16d7cb17c0']",[],1.0,0ffee3ba8e615ad22535e7f771690a28,303951d4c50efb2e991652225a6f02b1,,,9429.037884,10.0.2.15,55836,52.211.54.244,443,tcp,6.401327000001402,354.0,3143.0,SF,True,False,0,ShADadFfRr,11,802,12,3627,ssl,0
9432.832607,COWhB64PoABNafP2h3,10.0.2.15,55843,13.107.21.200,443,TLSv12,TLS_ECDHE_RSA_WITH_AES_256_CBC_SHA,secp384r1,bat.bing.com,False,True,CsxuknGIi,"['80c4440580dbd55b228f41e6c88a51ecdbb998b5d32d12acd31ce25518d37128', '2399983e99703ebd01cea466c10799810c4ba62a8d61b88170a334dcd61bb20f']",[],1.0,0ffee3ba8e615ad22535e7f771690a28,4fd467dd264720762ffe286277c00f57,,,9432.786502,10.0.2.15,55843,13.107.21.200,443,tcp,59.69554900000003,1501.0,7285.0,SF,True,False,0,ShADadTfF,17,2194,19,8049,ssl,0
9433.466947,C7J0vEXFdxGkdqL4e,10.0.2.15,55848,192.225.158.1,443,TLSv12,TLS_ECDHE_RSA_WITH_AES_128_GCM_SHA256,,h.online-metrix.net,True,True,CsiI,,,,1a5fe5677b0e4fbbc854e8908225637d,fbe78c619e7ea20046131294ad087f05,,,9432.79707,10.0.2.15,55848,192.225.158.1,443,tcp,2.315339999999196,1277.0,524.0,SF,True,False,0,ShADadfF,8,1605,9,888,ssl,0
9433.472552,CJUC274i2d5xnlzlm8,10.0.2.15,55845,192.225.158.1,443,TLSv12,TLS_ECDHE_RSA_WITH_AES_128_GCM_SHA256,,h.online-metrix.net,True,True,CsiI,,,,1a5fe5677b0e4fbbc854e8908225637d,fbe78c619e7ea20046131294ad087f05,,,9432.788235,10.0.2.15,55845,192.225.158.1,443,tcp,7.67882500000087,599.0,168.0,SF,True,False,0,ShADadFfRr,9,967,9,532,ssl,0
9433.477436,CSQjM92TUYMGBvbpWd,10.0.2.15,55850,172.227.81.186,443,TLSv12,TLS_ECDHE_RSA_WITH_AES_256_GCM_SHA384,secp256r1,p.nordstromdata.com,False,True,CsxknGIti,"['ab806434d95009c5c5c614b3c3a651c9d501d1f9e949bf7d6dae7e7ad4fb0785', 'eae72eb454bf6c3977ebd289e970b2f5282949190093d0d26f98d0f0d6a9cf17']",[],1.0,0ffee3ba8e615ad22535e7f771690a28,2b33c1374db4ddf06942f92373c0b54b,http/1.1,,9432.8302,10.0.2.15,55850,172.227.81.186,443,tcp,126.30070399999931,2666.0,4529.0,SF,True,False,0,ShADadTTFfRr,26,3726,28,5653,ssl,0
9433.471549,CBgyH41oc9a8valuOk,10.0.2.15,55846,188.125.66.33,443,TLSv12,TLS_ECDHE_RSA_WITH_AES_128_GCM_SHA256,secp256r1,sp.analytics.yahoo.com,False,True,CsxknGIti,"['a42bd5146a3d4010979322f493ea1cf3e1ba9033d64ae699935e6a6ad96bd3c4', '19400be5b7a31fb733917700789d2f0a2471c0c9d506c0e504c06c16d7cb17c0']",[],1.0,1a5fe5677b0e4fbbc854e8908225637d,b898351eb5e266aefd3723d466935494,http/1.1,,9432.793081,10.0.2.15,55846,188.125.66.33,443,tcp,7.5458720000006,674.0,4033.0,SF,True,False,0,ShADadFfRr,11,1122,12,4517,ssl,0
9433.46223,CZiBN52KOFilVxE5wc,10.0.2.15,55849,188.125.66.33,443,TLSv12,TLS_ECDHE_RSA_WITH_AES_128_GCM_SHA256,secp256r1,sp.analytics.yahoo.com,False,True,CsxknGIti,"['a42bd5146a3d4010979322f493ea1cf3e1ba9033d64ae699935e6a6ad96bd3c4', '19400be5b7a31fb733917700789d2f0a2471c0c9d506c0e504c06c16d7cb17c0']",[],1.0,1a5fe5677b0e4fbbc854e8908225637d,b898351eb5e266aefd3723d466935494,http/1.1,,9432.815729,10.0.2.15,55849,188.125.66.33,443,tcp,67.10558700000001,1910.0,4859.0,SF,True,False,0,ShADadTfF,18,2643,21,5703,ssl,0
9433.470125,CZbTy51iCDNwa4RRG8,10.0.2.15,55847,74.119.118.98,443,TLSv12,TLS_RSA_WITH_AES_128_CBC_SHA,,widget.us.criteo.com,False,True,CsxnGIi,"['c5809353f80d4d24776e0d943ade2523d2a8197b9024445eca2f5872e9bd1f97', 'eae72eb454bf6c3977ebd289e970b2f5282949190093d0d26f98d0f0d6a9cf17', '8420dfbe376f414bf4c0a81e6936d24ccc03f304835b86c7a39142fca723a689']",[],1.0,0ffee3ba8e615ad22535e7f771690a28,5dcc087b1a1d0a5b0658981a7e8b2c3c,,,9432.793081,10.0.2.15,55847,74.119.118.98,443,tcp,17.65687000000071,3797.0,5641.0,SF,True,False,0,ShADadTfF,15,4406,17,6325,ssl,0
9433.473608,Cw17le3Hx7gfMNBygc,10.0.2.15,55844,74.119.118.98,443,TLSv12,TLS_RSA_WITH_AES_128_CBC_SHA,,widget.us.criteo.com,False,True,CsxnGIi,"['c5809353f80d4d24776e0d943ade2523d2a8197b9024445eca2f5872e9bd1f97', 'eae72eb454bf6c3977ebd289e970b2f5282949190093d0d26f98d0f0d6a9cf17', '8420dfbe376f414bf4c0a81e6936d24ccc03f304835b86c7a39142fca723a689']",[],1.0,0ffee3ba8e615ad22535e7f771690a28,5dcc087b1a1d0a5b0658981a7e8b2c3c,,,9432.787596,10.0.2.15,55844,74.119.118.98,443,tcp,7.629727999999886,624.0,4404.0,SF,True,False,0,ShADadFf,10,1032,11,4848,ssl,0
9435.135465,CzhtyT2ndY4yN6jfb8,10.0.2.15,55851,66.45.83.9,443,TLSv12,TLS_RSA_WITH_AES_128_CBC_SHA,,log-citrix.gomoxie.solutions,True,True,CsiI,,,,0ffee3ba8e615ad22535e7f771690a28,573a9f3f80037fb40d481e2054def5bb,,,9434.273161,10.0.2.15,55851,66.45.83.9,443,tcp,7.908056000000215,4663.0,1083.0,SF,True,False,0,ShADadfF,13,5191,13,1607,ssl,0
9437.024586,C8oduI3wycJVqqbNKb,10.0.2.15,55857,104.16.67.157,443,TLSv12,TLS_ECDHE_ECDSA_WITH_AES_128_GCM_SHA256,secp256r1,364bf73e.mpstat.us,False,True,CsxuknGIti,"['766129b439d4ec73f5e99ff044a704432430ae79353dde3a02e8f7661cf3fb31', 'cd6c108a0e641f2ca122aaa6d03f826759cae7c6f800eabf76dc48b67cd083ce', '9573862ac0b4b125168810ea3fd101ae2eb0bb15f61fc0e6da7a2a38b85a89e8']",[],1.0,0ffee3ba8e615ad22535e7f771690a28,7d3eb4120cd50e889bcd3f3783be0f82,http/1.1,,9436.617972,10.0.2.15,55857,104.16.67.157,443,tcp,128.12760499999968,8507.0,4077.0,SF,True,False,0,ShADadTTFf,28,9647,29,5241,ssl,0
9437.027658,CK25oQwAdDPjZuvY4,10.0.2.15,55856,104.16.67.157,443,TLSv12,TLS_ECDHE_ECDSA_WITH_AES_128_GCM_SHA256,secp256r1,364bf73e.mpstat.us,False,True,CsxuknGIti,"['766129b439d4ec73f5e99ff044a704432430ae79353dde3a02e8f7661cf3fb31', 'cd6c108a0e641f2ca122aaa6d03f826759cae7c6f800eabf76dc48b67cd083ce', '9573862ac0b4b125168810ea3fd101ae2eb0bb15f61fc0e6da7a2a38b85a89e8']",[],1.0,0ffee3ba8e615ad22535e7f771690a28,7d3eb4120cd50e889bcd3f3783be0f82,http/1.1,,9436.616386,10.0.2.15,55856,104.16.67.157,443,tcp,7.961296999999831,352.0,3750.0,SF,True,False,0,ShADadFf,9,720,10,4154,ssl,0
9437.017818,CDySvi2ZJ6ussx1FU7,10.0.2.15,55859,52.211.54.244,443,TLSv12,TLS_ECDHE_RSA_WITH_AES_128_GCM_SHA256,,nordstrom.demdex.net,True,True,CsiI,,,,0ffee3ba8e615ad22535e7f771690a28,303951d4c50efb2e991652225a6f02b1,,,9436.620916,10.0.2.15,55859,52.211.54.244,443,tcp,61.5980639999998,2386.0,1772.0,SF,True,False,0,ShADadTFf,16,3039,16,2416,ssl,0
9437.038728,CnwrLf2twSK0nfZzNk,10.0.2.15,55854,52.211.54.244,443,TLSv12,TLS_ECDHE_RSA_WITH_AES_128_GCM_SHA256,,nordstrom.demdex.net,True,True,CsiI,,,,0ffee3ba8e615ad22535e7f771690a28,303951d4c50efb2e991652225a6f02b1,,,9436.61405,10.0.2.15,55854,52.211.54.244,443,tcp,7.990712999999232,311.0,176.0,SF,True,False,0,ShADadFfRr,9,679,9,540,ssl,0
9437.019187,CnB8sDxDnj8rXI8s2,10.0.2.15,55858,74.119.118.84,443,TLSv12,TLS_RSA_WITH_AES_128_CBC_SHA,,dis.us.criteo.com,False,True,CsxnGIi,"['c5809353f80d4d24776e0d943ade2523d2a8197b9024445eca2f5872e9bd1f97', 'eae72eb454bf6c3977ebd289e970b2f5282949190093d0d26f98d0f0d6a9cf17', '8420dfbe376f414bf4c0a81e6936d24ccc03f304835b86c7a39142fca723a689']",[],1.0,0ffee3ba8e615ad22535e7f771690a28,5dcc087b1a1d0a5b0658981a7e8b2c3c,,,9436.619343,10.0.2.15,55858,74.119.118.84,443,tcp,12.025327999999718,5490.0,10414.0,SF,True,False,0,ShADadfF,17,6178,24,11378,ssl,0
9437.03525,CuJnlF3OyOlw9g1uLd,10.0.2.15,55855,74.119.118.84,443,TLSv12,TLS_RSA_WITH_AES_128_CBC_SHA,,dis.us.criteo.com,False,True,CsxnGIi,"['c5809353f80d4d24776e0d943ade2523d2a8197b9024445eca2f5872e9bd1f97', 'eae72eb454bf6c3977ebd289e970b2f5282949190093d0d26f98d0f0d6a9cf17', '8420dfbe376f414bf4c0a81e6936d24ccc03f304835b86c7a39142fca723a689']",[],1.0,0ffee3ba8e615ad22535e7f771690a28,5dcc087b1a1d0a5b0658981a7e8b2c3c,,,9436.614519,10.0.2.15,55855,74.119.118.84,443,tcp,8.069558999999572,621.0,4404.0,SF,True,False,0,ShADadFf,10,1029,11,4848,ssl,0
9437.014868,CNlrIF2mIAvSTWL1O1,10.0.2.15,55852,64.69.14.116,443,TLSv12,TLS_ECDHE_RSA_WITH_AES_128_GCM_SHA256,secp256r1,as00.estara.com,False,True,CsxknGIti,"['d32c5bce04893b75f1aea4350c051dd4b6d3b73241edca5fcea0b8ddaf3abf74', 'eae72eb454bf6c3977ebd289e970b2f5282949190093d0d26f98d0f0d6a9cf17', '8420dfbe376f414bf4c0a81e6936d24ccc03f304835b86c7a39142fca723a689']",[],1.0,0ffee3ba8e615ad22535e7f771690a28,389ed42c02ebecc32e73aa31def07e14,,,9436.611855,10.0.2.15,55852,64.69.14.116,443,tcp,4.016235000000961,773.0,9000.0,SF,True,False,0,ShADadfF,10,1181,14,9564,ssl,0
9437.045475,CZME6i4pRkfbFdNADl,10.0.2.15,55853,64.69.14.116,443,TLSv12,TLS_ECDHE_RSA_WITH_AES_128_GCM_SHA256,secp256r1,as00.estara.com,False,True,CsxknGIti,"['d32c5bce04893b75f1aea4350c051dd4b6d3b73241edca5fcea0b8ddaf3abf74', 'eae72eb454bf6c3977ebd289e970b2f5282949190093d0d26f98d0f0d6a9cf17', '8420dfbe376f414bf4c0a81e6936d24ccc03f304835b86c7a39142fca723a689']",[],1.0,0ffee3ba8e615ad22535e7f771690a28,389ed42c02ebecc32e73aa31def07e14,,,9436.613073,10.0.2.15,55853,64.69.14.116,443,tcp,8.109413000000131,349.0,4964.0,SF,True,False,0,ShADadFfRr,11,797,13,5488,ssl,0
9440.638382,CsIycA3Mxtx8dJwnpg,10.0.2.15,55877,104.155.94.88,443,TLSv12,TLS_ECDHE_RSA_WITH_AES_128_GCM_SHA256,,x.bidswitch.net,True,True,CsiI,,,,1a5fe5677b0e4fbbc854e8908225637d,fbe78c619e7ea20046131294ad087f05,,,9440.487586,10.0.2.15,55877,104.155.94.88,443,tcp,65.9920689999999,989.0,519.0,SF,True,False,0,ShADadTfF,14,1563,15,1123,ssl,0
9440.64161,CZzzq517mnlufDvA9k,10.0.2.15,55876,62.51.0.35,443,TLSv12,TLS_RSA_WITH_AES_128_CBC_SHA,,adserver.adtech.de,False,True,CsxnGIi,"['8f5286267898b0eb50936e5100006e747a205d88f61ec7ec54f65ad3ab3bd9c6', '3b0cc20384ad7f24eb438f2b80c63ebe003f7f215b8877e418ebb0484028db57', '6b143c2005d5539cc22eab5f772db2a9fe87467feffa07fcf0a9f7d28274ca7a']",[],1.0,0ffee3ba8e615ad22535e7f771690a28,5397c414a9ebeaff1bf18b70ca22eaa0,,,9440.481994,10.0.2.15,55876,62.51.0.35,443,tcp,4.139462000001004,1027.0,4880.0,SF,True,False,0,ShADadFf,12,1515,13,5404,ssl,0
9440.644624,ClzsFg2VGzHcLIMugj,10.0.2.15,55875,185.33.222.8,443,TLSv12,TLS_ECDHE_RSA_WITH_AES_256_GCM_SHA384,secp256r1,ib.adnxs.com,False,True,CsxuknGIti,"['5b081650e8034418a37504ce0820892be5a66474578207711eb688243fe1a8f2', '074541ecdf88ed992ed5ade3ecddef27a26ba1b44480a195c0a8dadae2521d8e']",[],1.0,0ffee3ba8e615ad22535e7f771690a28,d53e4608f956df65bb2b8a8c4d3b025d,,,9440.480483,10.0.2.15,55875,185.33.222.8,443,tcp,12.77789600000142,3092.0,7907.0,SF,True,False,0,ShADadfF,12,3580,16,8551,ssl,0
9440.646714,CB6xnO2ncnV8c7u13d,10.0.2.15,55874,185.86.137.43,443,TLSv12,TLS_ECDHE_RSA_WITH_AES_256_GCM_SHA384,secp256r1,ww1097.smartadserver.com,False,True,CsxknGIi,"['94002933fb0f216fcae02f84ec654c8c8a984d86df6e0c881779ec232268a585', '3f3af9c9cc2c7599ef8f6dd7ca516cfc1797d7d12002254f3bfd0d4d0fe9de86']",[],1.0,0ffee3ba8e615ad22535e7f771690a28,28ef90cc3d9d08c96a8a2cb6f365a79e,,,9440.476989,10.0.2.15,55874,185.86.137.43,443,tcp,4.139415999999983,1809.0,3937.0,SF,True,False,0,ShADadFf,11,2257,12,4421,ssl,0
9440.661687,C1bBsc1RY95FX66ysh,10.0.2.15,55869,104.155.94.88,443,TLSv12,TLS_ECDHE_RSA_WITH_AES_128_GCM_SHA256,,x.bidswitch.net,True,True,CsiI,,,,1a5fe5677b0e4fbbc854e8908225637d,fbe78c619e7ea20046131294ad087f05,,,9440.466273,10.0.2.15,55869,104.155.94.88,443,tcp,9.6699150000004,599.0,137.0,SF,True,False,0,ShADadFf,8,927,7,421,ssl,0
9440.649521,CpZxoc3gON2hyqBxY4,10.0.2.15,55873,185.33.222.77,443,TLSv12,TLS_ECDHE_RSA_WITH_AES_256_GCM_SHA384,secp256r1,secure.adnxs.com,False,True,CsxuknGIti,"['5b081650e8034418a37504ce0820892be5a66474578207711eb688243fe1a8f2', '074541ecdf88ed992ed5ade3ecddef27a26ba1b44480a195c0a8dadae2521d8e']",[],1.0,0ffee3ba8e615ad22535e7f771690a28,d53e4608f956df65bb2b8a8c4d3b025d,,,9440.475906,10.0.2.15,55873,185.33.222.77,443,tcp,5.653390999999829,5649.0,11124.0,RSTR,True,False,0,ShADadRr,16,6297,20,11928,ssl,0
9440.664492,CmEtAl3C5Iru3DEqul,10.0.2.15,55868,185.33.222.77,443,TLSv12,TLS_ECDHE_RSA_WITH_AES_256_GCM_SHA384,secp256r1,secure.adnxs.com,False,True,CsxuknGIti,"['5b081650e8034418a37504ce0820892be5a66474578207711eb688243fe1a8f2', '074541ecdf88ed992ed5ade3ecddef27a26ba1b44480a195c0a8dadae2521d8e']",[],1.0,0ffee3ba8e615ad22535e7f771690a28,d53e4608f956df65bb2b8a8c4d3b025d,,,9440.464604,10.0.2.15,55868,185.33.222.77,443,tcp,9.63517199999842,350.0,4867.0,SF,True,False,0,ShADadFf,10,758,11,5311,ssl,0
9440.668095,Ck5WWl3Mcdod7BN5I8,10.0.2.15,55867,185.33.222.8,443,TLSv12,TLS_ECDHE_RSA_WITH_AES_256_GCM_SHA384,secp256r1,ib.adnxs.com,False,True,CsxuknGIti,"['5b081650e8034418a37504ce0820892be5a66474578207711eb688243fe1a8f2', '074541ecdf88ed992ed5ade3ecddef27a26ba1b44480a195c0a8dadae2521d8e']",[],1.0,0ffee3ba8e615ad22535e7f771690a28,d53e4608f956df65bb2b8a8c4d3b025d,,,9440.464077,10.0.2.15,55867,185.33.222.8,443,tcp,5.651330999999118,3052.0,5823.0,RSTO,True,False,0,ShADadR,12,3540,12,6307,ssl,0
9440.670985,CKYFbf3oe7qkatEaP2,10.0.2.15,55866,172.217.23.226,443,TLSv12,TLS_ECDHE_RSA_WITH_AES_128_GCM_SHA256,x25519,pubads.g.doubleclick.net,False,True,CsxknGIti,"['a32ffddd76f9e7debbfc9a37b38d2ef86039b30a10d7c45ab8223d149cf99699', '9f630426df1d8abfd80ace98871ba833ab9742cb34838de2b5285ed54c0c7dcc', '3c35cc963eb004451323d3275d05b353235053490d9cd83729a2faf5e7ca1cc0']",[],1.0,0ffee3ba8e615ad22535e7f771690a28,ab41313cfec25328b20865eb1388e0a2,h2,,9440.460561,10.0.2.15,55866,172.217.23.226,443,tcp,7.6216590000003634,985.0,4591.0,SF,True,False,0,ShADadFf,16,1633,19,5355,ssl,0
9440.65365,C99rUf31wGyHAiwKdc,10.0.2.15,55872,204.13.194.232,443,TLSv12,TLS_RSA_WITH_AES_128_CBC_SHA,,as.bankrate.com,False,True,CsxnGIi,"['14757f854bc5b903689a90523d9009df87fd63080c9b96625a39bd45beb864f0', '074541ecdf88ed992ed5ade3ecddef27a26ba1b44480a195c0a8dadae2521d8e']",[],1.0,0ffee3ba8e615ad22535e7f771690a28,573a9f3f80037fb40d481e2054def5bb,,,9440.474974,10.0.2.15,55872,204.13.194.232,443,tcp,4.221075999999812,912.0,4373.0,SF,True,False,0,ShADadFf,11,1360,12,4857,ssl,0
9440.660042,CdBjlDE0jIxz3TIPh,10.0.2.15,55870,152.163.56.2,443,TLSv12,TLS_RSA_WITH_AES_128_CBC_SHA,,usync.nexage.com,False,True,CsxnGIi,"['7b2c77faa1292406517208a89d1914155f3b7d6323c20c805f51a4f07b5e97b3', '19400be5b7a31fb733917700789d2f0a2471c0c9d506c0e504c06c16d7cb17c0']",[],1.0,0ffee3ba8e615ad22535e7f771690a28,5397c414a9ebeaff1bf18b70ca22eaa0,,,9440.466736,10.0.2.15,55870,152.163.56.2,443,tcp,4.460006999999678,977.0,3580.0,SF,True,False,0,ShADadFf,11,1425,13,4104,ssl,0
9440.65595,C5Ltkk37K0iQb0uKHd,10.0.2.15,55871,152.163.66.131,443,TLSv12,TLS_RSA_WITH_AES_128_CBC_SHA,,adserver.adtechus.com,False,True,CsxnGIi,"['44ece7e30b43e443909ae7a302f38efd8870eb688ae56b799946ce3cf62fbf0a', '3b0cc20384ad7f24eb438f2b80c63ebe003f7f215b8877e418ebb0484028db57', '6b143c2005d5539cc22eab5f772db2a9fe87467feffa07fcf0a9f7d28274ca7a']",[],1.0,0ffee3ba8e615ad22535e7f771690a28,5397c414a9ebeaff1bf18b70ca22eaa0,,,9440.47214,10.0.2.15,55871,152.163.66.131,443,tcp,16.691358000000037,1009.0,4865.0,SF,True,False,0,ShADadTfF,12,1498,14,5429,ssl,0
9440.676315,C35xAy4mdYVDiHn72j,10.0.2.15,55865,185.86.137.43,443,TLSv12,TLS_ECDHE_RSA_WITH_AES_256_GCM_SHA384,secp256r1,ww1097.smartadserver.com,False,True,CsxknGIi,"['94002933fb0f216fcae02f84ec654c8c8a984d86df6e0c881779ec232268a585', '3f3af9c9cc2c7599ef8f6dd7ca516cfc1797d7d12002254f3bfd0d4d0fe9de86']",[],1.0,0ffee3ba8e615ad22535e7f771690a28,28ef90cc3d9d08c96a8a2cb6f365a79e,,,9440.457705,10.0.2.15,55865,185.86.137.43,443,tcp,7.132818000000043,358.0,3492.0,SF,True,False,0,ShADadFf,10,766,10,3896,ssl,0
9440.681093,CioYJc4SijEUj3t8Ii,10.0.2.15,55864,62.51.0.35,443,TLSv12,TLS_RSA_WITH_AES_128_CBC_SHA,,adserver.adtech.de,False,True,CsxnGIi,"['8f5286267898b0eb50936e5100006e747a205d88f61ec7ec54f65ad3ab3bd9c6', '3b0cc20384ad7f24eb438f2b80c63ebe003f7f215b8877e418ebb0484028db57', '6b143c2005d5539cc22eab5f772db2a9fe87467feffa07fcf0a9f7d28274ca7a']",[],1.0,0ffee3ba8e615ad22535e7f771690a28,5397c414a9ebeaff1bf18b70ca22eaa0,,,9440.455827,10.0.2.15,55864,62.51.0.35,443,tcp,7.401098000000275,590.0,4422.0,SF,True,False,0,ShADadFf,10,998,12,4906,ssl,0
9443.381205,CbGmzU3p22yX5OIGX1,10.0.2.15,55878,66.45.83.9,443,TLSv12,TLS_RSA_WITH_AES_128_CBC_SHA,,connector-citrix.gomoxie.solutions,False,True,CsxnGIi,"['d98f9926dd1e30fb9feb7545fa824adadea336bc076bde7a62928e32bcde182d', '973a41276ffd01e027a2aad49e34c37846d3e976ff6a620b6712e33832041aa6']",[],1.0,0ffee3ba8e615ad22535e7f771690a28,573a9f3f80037fb40d481e2054def5bb,,,9442.87141,10.0.2.15,55878,66.45.83.9,443,tcp,70.77975300000071,2547.0,3291.0,SF,True,False,0,ShADadTfF,18,3281,18,4015,ssl,0
9450.461747,CBUCZN1eBeMIX3YTb5,10.0.2.15,55883,178.250.2.74,443,TLSv12,TLS_RSA_WITH_AES_128_CBC_SHA,,static.criteo.net,False,True,CsxnGIi,"['a53dd8cd1b9752c487c3339127e3f77ac7434d43b66db4a373f9df5da010c22f', 'eae72eb454bf6c3977ebd289e970b2f5282949190093d0d26f98d0f0d6a9cf17', '8420dfbe376f414bf4c0a81e6936d24ccc03f304835b86c7a39142fca723a689']",[],1.0,0ffee3ba8e615ad22535e7f771690a28,5dcc087b1a1d0a5b0658981a7e8b2c3c,,,9450.088883,10.0.2.15,55883,178.250.2.74,443,tcp,11.56351100000029,2866.0,5010.0,SF,True,False,0,ShADadfF,13,3394,15,5614,ssl,0
9450.472557,CG4GQB3hntwgVtglpc,10.0.2.15,55884,178.250.2.74,443,TLSv12,TLS_RSA_WITH_AES_128_CBC_SHA,,static.criteo.net,False,True,CsxnGIi,"['a53dd8cd1b9752c487c3339127e3f77ac7434d43b66db4a373f9df5da010c22f', 'eae72eb454bf6c3977ebd289e970b2f5282949190093d0d26f98d0f0d6a9cf17', '8420dfbe376f414bf4c0a81e6936d24ccc03f304835b86c7a39142fca723a689']",[],1.0,0ffee3ba8e615ad22535e7f771690a28,5dcc087b1a1d0a5b0658981a7e8b2c3c,,,9450.091925,10.0.2.15,55884,178.250.2.74,443,tcp,7.980992999999216,621.0,4413.0,SF,True,False,0,ShADadFf,10,1029,11,4857,ssl,0
9453.37249,CV2C8b2NTNsRt7HB3k,10.0.2.15,55885,104.16.67.157,443,TLSv12,TLS_ECDHE_ECDSA_WITH_AES_128_GCM_SHA256,secp256r1,364bf73e.mpstat.us,False,True,CsxuknGIti,"['766129b439d4ec73f5e99ff044a704432430ae79353dde3a02e8f7661cf3fb31', 'cd6c108a0e641f2ca122aaa6d03f826759cae7c6f800eabf76dc48b67cd083ce', '9573862ac0b4b125168810ea3fd101ae2eb0bb15f61fc0e6da7a2a38b85a89e8']",[],1.0,0ffee3ba8e615ad22535e7f771690a28,7d3eb4120cd50e889bcd3f3783be0f82,http/1.1,,9453.343756,10.0.2.15,55885,104.16.67.157,443,tcp,0.276975000000675,321.0,3750.0,RSTO,True,False,0,ShADadR,7,609,8,4074,ssl,0
9469.64293,CRQU6615jiEYm8nv3a,10.0.2.15,55919,23.65.209.7,443,TLSv12,TLS_ECDHE_RSA_WITH_AES_256_GCM_SHA384,,b.6sc.co,True,True,CsiI,,,,1a5fe5677b0e4fbbc854e8908225637d,410b9bedaf65dd26c6fe547154d60db4,http/1.1,,9468.894243,10.0.2.15,55919,23.65.209.7,443,tcp,8.780251999998654,599.0,183.0,SF,True,False,0,ShADadFfRr,8,927,9,547,ssl,0
9469.642433,C00lQm1ZAfm5vecuPe,10.0.2.15,55920,23.65.209.7,443,TLSv12,TLS_ECDHE_RSA_WITH_AES_256_GCM_SHA384,,b.6sc.co,True,True,CsiI,,,,1a5fe5677b0e4fbbc854e8908225637d,410b9bedaf65dd26c6fe547154d60db4,http/1.1,,9468.897159,10.0.2.15,55920,23.65.209.7,443,tcp,8.78282500000023,599.0,183.0,SF,True,False,0,ShADadFfRr,8,927,9,547,ssl,0
9491.120542,CFNI8zFAY8ub8H5uc,10.0.2.15,55968,216.137.61.162,443,TLSv12,TLS_ECDHE_RSA_WITH_AES_128_GCM_SHA256,secp256r1,d2c8v52ll5s99u.cloudfront.net,False,True,CsxuknGIti,"['90c0937808b31877df6c4a5c743c99325d974624be3735faa5078cf73d4fd205', 'eae72eb454bf6c3977ebd289e970b2f5282949190093d0d26f98d0f0d6a9cf17']",[],1.0,0ffee3ba8e615ad22535e7f771690a28,76cc3e2d3028143b23ec18e27dbd7ca9,http/1.1,,9490.227072,10.0.2.15,55968,216.137.61.162,443,tcp,124.90408000000023,768.0,17096.0,SF,True,False,0,ShADadTTfF,25,1787,36,18540,ssl,0
9491.17059,CXs9jruTdLAILjT9c,10.0.2.15,55967,216.137.61.162,443,TLSv12,TLS_ECDHE_RSA_WITH_AES_128_GCM_SHA256,secp256r1,d2c8v52ll5s99u.cloudfront.net,False,True,CsxuknGIti,"['90c0937808b31877df6c4a5c743c99325d974624be3735faa5078cf73d4fd205', 'eae72eb454bf6c3977ebd289e970b2f5282949190093d0d26f98d0f0d6a9cf17']",[],1.0,0ffee3ba8e615ad22535e7f771690a28,76cc3e2d3028143b23ec18e27dbd7ca9,http/1.1,,9490.225973,10.0.2.15,55967,216.137.61.162,443,tcp,124.90634399999908,746.0,190893.0,SF,True,False,0,ShADadTTfF,61,3205,189,198457,ssl,0
9491.187019,COeCG449BcAb0SDFkf,10.0.2.15,55966,185.42.119.161,443,TLSv12,TLS_RSA_WITH_AES_256_CBC_SHA,,e6b37.expebtu.com,False,True,CsxnGIti,"['6461fe12156925652d3f18a0c6a5fdb55daf8b0f1f641b41766ea5a079d86cb1', 'b9f2164323638dce0b92218b43c41c1b2b2696389329db19f5cf7ad49b5cb372', '1a5174980a294a528a110726d5855650266c48d9883bea692b67b6d726da98c5']",[],1.0,0ffee3ba8e615ad22535e7f771690a28,430d502a84cd1db93f1e47cbcdcd60fe,,,9490.224195,10.0.2.15,55966,185.42.119.161,443,tcp,4.584124999999403,589.0,4551.0,SF,True,False,0,ShADadFf,10,997,11,4995,ssl,0
9494.396414,CjaYWn2ZEOlxUiZDr8,10.0.2.15,55970,185.42.119.161,443,TLSv12,TLS_RSA_WITH_AES_256_CBC_SHA,,e6b37.expebtu.com,False,True,CsxnGIti,"['6461fe12156925652d3f18a0c6a5fdb55daf8b0f1f641b41766ea5a079d86cb1', 'b9f2164323638dce0b92218b43c41c1b2b2696389329db19f5cf7ad49b5cb372', '1a5174980a294a528a110726d5855650266c48d9883bea692b67b6d726da98c5']",[],1.0,0ffee3ba8e615ad22535e7f771690a28,430d502a84cd1db93f1e47cbcdcd60fe,,,9492.854008,10.0.2.15,55970,185.42.119.161,443,tcp,7.71711200000027,1074.0,11196.0,SF,True,False,0,ShADadfF,12,1562,17,11880,ssl,0
9494.976847,CGKWmg4KYzjo3GFNv9,10.0.2.15,55972,172.217.23.226,443,TLSv12,TLS_ECDHE_RSA_WITH_AES_128_GCM_SHA256,,securepubads.g.doubleclick.net,True,True,CsiI,,,,1a5fe5677b0e4fbbc854e8908225637d,67619a80665d7ab92d1041b1d11f9164,h2,,9494.604721,10.0.2.15,55972,172.217.23.226,443,tcp,917.0594540000002,43718.0,200123.0,SF,True,False,0,ShADadFf,231,52966,385,215527,ssl,0
9499.097315,C2Wwm535RDpJFbaj4k,10.0.2.15,55984,185.42.119.161,443,TLSv12,TLS_RSA_WITH_AES_256_CBC_SHA,,e6b37.expebtu.com,True,True,CsiI,,,,1a5fe5677b0e4fbbc854e8908225637d,7b6819ed58e8d8415604b7dfcef92d55,,,9498.498546,10.0.2.15,55984,185.42.119.161,443,tcp,8.89240400000017,1727.0,6379.0,SF,True,False,0,ShADadfF,12,2215,15,6983,ssl,0
9503.285646,CEO9ZicfxBAvW7Fz6,10.0.2.15,55985,172.217.23.225,443,TLSv12,TLS_ECDHE_RSA_WITH_AES_128_GCM_SHA256,,tpc.googlesyndication.com,True,True,CsiI,,,,1a5fe5677b0e4fbbc854e8908225637d,67619a80665d7ab92d1041b1d11f9164,h2,,9502.139832,10.0.2.15,55985,172.217.23.225,443,tcp,416.0557169999993,2229.0,297918.0,SF,True,False,0,ShADadFf,90,5837,271,308762,ssl,0
9503.284541,CQw6d61KNM4ot1Wb4l,10.0.2.15,55986,172.217.23.230,443,TLSv12,TLS_ECDHE_RSA_WITH_AES_128_GCM_SHA256,x25519,ad.doubleclick.net,False,True,CsxknGIti,"['378a6c73f6dec1c6bc563fa8eda92c3e9ce61b893db7685686c41f33ab89931c', '9f630426df1d8abfd80ace98871ba833ab9742cb34838de2b5285ed54c0c7dcc', '3c35cc963eb004451323d3275d05b353235053490d9cd83729a2faf5e7ca1cc0']",[],1.0,0ffee3ba8e615ad22535e7f771690a28,ab41313cfec25328b20865eb1388e0a2,h2,,9502.157779,10.0.2.15,55986,172.217.23.230,443,tcp,2.972661000001608,320.0,4082.0,RSTO,True,False,0,ShADadR,8,648,8,4406,ssl,0
9503.295609,Ctyrgq1DyRQmYEQwIj,10.0.2.15,55990,95.101.252.144,443,TLSv12,TLS_ECDHE_RSA_WITH_AES_256_GCM_SHA384,,z.moatads.com,True,True,CsiI,,,,1a5fe5677b0e4fbbc854e8908225637d,410b9bedaf65dd26c6fe547154d60db4,http/1.1,,9502.183051,10.0.2.15,55990,95.101.252.144,443,tcp,129.99550199999976,916.0,69412.0,SF,True,False,0,ShADadTTFf,35,2336,73,72336,ssl,0
9503.29311,CtXQDYYgB0qM3oDcc,10.0.2.15,55991,69.172.216.55,443,TLSv12,TLS_ECDHE_RSA_WITH_AES_128_GCM_SHA256,secp256r1,pixel.adsafeprotected.com,False,True,CsxknGIti,"['2883331a8fbeed598390c6c5e24f65c9c90ce58027c1b02b57604432120f5e4f', 'bc3f03a436240edba5f83714f6f677e34b37f9b1f0c08c1e558d981e279e8209']",[],1.0,0ffee3ba8e615ad22535e7f771690a28,8d2a028aa94425f76ced7826b1f39039,http/1.1,,9502.188987,10.0.2.15,55991,69.172.216.55,443,tcp,11.78854599999977,781.0,3371.0,SF,True,False,0,ShADadfF,9,1149,10,3775,ssl,0
9503.299167,CK1gzE2EQY2Uh2mfga,10.0.2.15,55989,172.217.23.230,443,TLSv12,TLS_ECDHE_RSA_WITH_AES_128_GCM_SHA256,x25519,ad.doubleclick.net,False,True,CsxknGIti,"['378a6c73f6dec1c6bc563fa8eda92c3e9ce61b893db7685686c41f33ab89931c', '9f630426df1d8abfd80ace98871ba833ab9742cb34838de2b5285ed54c0c7dcc', '3c35cc963eb004451323d3275d05b353235053490d9cd83729a2faf5e7ca1cc0']",[],1.0,0ffee3ba8e615ad22535e7f771690a28,ab41313cfec25328b20865eb1388e0a2,h2,,9502.178198,10.0.2.15,55989,172.217.23.230,443,tcp,2.951399999999921,320.0,4082.0,RSTO,True,False,0,ShADadR,8,648,7,4366,ssl,0
9503.304174,COr8Em49X6lPuv5w52,10.0.2.15,55988,95.101.252.144,443,TLSv12,TLS_ECDHE_RSA_WITH_AES_256_GCM_SHA384,,z.moatads.com,True,True,CsiI,,,,1a5fe5677b0e4fbbc854e8908225637d,410b9bedaf65dd26c6fe547154d60db4,http/1.1,,9502.171057,10.0.2.15,55988,95.101.252.144,443,tcp,7.275126000000455,599.0,183.0,SF,True,False,0,ShADadFfRr,9,967,9,547,ssl,0
9503.307849,C31WYl1dIjqrvVxeFj,10.0.2.15,55987,69.172.216.55,443,TLSv12,TLS_ECDHE_RSA_WITH_AES_128_GCM_SHA256,secp256r1,pixel.adsafeprotected.com,False,True,CsxknGIti,"['2883331a8fbeed598390c6c5e24f65c9c90ce58027c1b02b57604432120f5e4f', 'bc3f03a436240edba5f83714f6f677e34b37f9b1f0c08c1e558d981e279e8209']",[],1.0,0ffee3ba8e615ad22535e7f771690a28,8d2a028aa94425f76ced7826b1f39039,http/1.1,,9502.16724,10.0.2.15,55987,69.172.216.55,443,tcp,11.668827999999849,391.0,3007.0,SF,True,False,0,ShADadFf,9,759,9,3371,ssl,0
9508.635564,C0fFvx16ByqfQN9kwi,10.0.2.15,56000,185.42.119.161,443,TLSv12,TLS_RSA_WITH_AES_256_CBC_SHA,,e6b37.expebtu.com,True,True,CsiI,,,,1a5fe5677b0e4fbbc854e8908225637d,7b6819ed58e8d8415604b7dfcef92d55,,,9508.252555,10.0.2.15,56000,185.42.119.161,443,tcp,15.855954000000564,2969.0,1269.0,SF,True,False,0,ShADadfF,15,3577,15,1873,ssl,0
9508.636042,CcJK3d43Ov8THja2N7,10.0.2.15,55999,185.42.119.161,443,TLSv12,TLS_RSA_WITH_AES_256_CBC_SHA,,e6b37.expebtu.com,True,True,CsiI,,,,1a5fe5677b0e4fbbc854e8908225637d,7b6819ed58e8d8415604b7dfcef92d55,,,9508.247454,10.0.2.15,55999,185.42.119.161,443,tcp,11.74144200000046,1988.0,848.0,SF,True,False,0,ShADadfF,13,2516,13,1372,ssl,0
9509.20209,C0UwCi1AXM2ZQ36wh7,10.0.2.15,56001,185.42.119.161,443,TLSv12,TLS_RSA_WITH_AES_256_CBC_SHA,,e6b37.expebtu.com,True,True,CsiI,,,,1a5fe5677b0e4fbbc854e8908225637d,7b6819ed58e8d8415604b7dfcef92d55,,,9508.638887,10.0.2.15,56001,185.42.119.161,443,tcp,9.646242000000711,1775.0,7083.0,SF,True,False,0,ShADadfF,12,2263,16,7727,ssl,0
9512.036385,Casli31NwpcuBUvebb,10.0.2.15,56003,69.172.216.56,443,TLSv10,TLS_ECDHE_RSA_WITH_AES_256_CBC_SHA,secp256r1,fw.adsafeprotected.com,False,True,CsxknGIti,"['2883331a8fbeed598390c6c5e24f65c9c90ce58027c1b02b57604432120f5e4f', 'bc3f03a436240edba5f83714f6f677e34b37f9b1f0c08c1e558d981e279e8209']",[],1.0,0ffee3ba8e615ad22535e7f771690a28,faa88e75a7471aaa07850841e28f87f1,,,9511.214221,10.0.2.15,56003,69.172.216.56,443,tcp,105.20758199999908,4693.0,104189.0,SF,True,False,0,ShADadTfF,41,6348,111,108633,ssl,0
9512.872015,CNTOmT2Oi5XsbNvr4i,10.0.2.15,56005,69.172.216.56,443,TLSv12,TLS_ECDHE_RSA_WITH_AES_128_GCM_SHA256,secp256r1,fw.adsafeprotected.com,False,True,CsxknGIti,"['2883331a8fbeed598390c6c5e24f65c9c90ce58027c1b02b57604432120f5e4f', 'bc3f03a436240edba5f83714f6f677e34b37f9b1f0c08c1e558d981e279e8209']",[],1.0,0ffee3ba8e615ad22535e7f771690a28,8d2a028aa94425f76ced7826b1f39039,http/1.1,,9512.356795,10.0.2.15,56005,69.172.216.56,443,tcp,10.757917000000816,356.0,3007.0,SF,True,False,0,ShADadFf,9,724,9,3371,ssl,0
9515.790404,CAQJMm2SJl7a8vVU87,10.0.2.15,56014,185.42.119.161,443,TLSv12,TLS_RSA_WITH_AES_256_CBC_SHA,,e6b37.expebtu.com,True,True,CsiI,,,,1a5fe5677b0e4fbbc854e8908225637d,7b6819ed58e8d8415604b7dfcef92d55,,,9515.233162,10.0.2.15,56014,185.42.119.161,443,tcp,5.999241999999867,1887.0,763.0,SF,True,False,0,ShADadFf,10,2295,11,1207,ssl,0
9515.793256,CqgbEcev0YzWkpm8,10.0.2.15,56013,185.42.119.161,443,TLSv12,TLS_RSA_WITH_AES_256_CBC_SHA,,e6b37.expebtu.com,True,True,CsiI,,,,1a5fe5677b0e4fbbc854e8908225637d,7b6819ed58e8d8415604b7dfcef92d55,,,9515.229242,10.0.2.15,56013,185.42.119.161,443,tcp,7.29189100000076,645.0,161.0,SF,True,False,0,ShADadfF,8,973,7,445,ssl,0
9515.606247,CNKfTb13V8a5MOISD8,10.0.2.15,56010,216.137.61.162,443,TLSv12,TLS_ECDHE_RSA_WITH_AES_128_GCM_SHA256,secp256r1,d2c8v52ll5s99u.cloudfront.net,False,True,CsxuknGIti,"['90c0937808b31877df6c4a5c743c99325d974624be3735faa5078cf73d4fd205', 'eae72eb454bf6c3977ebd289e970b2f5282949190093d0d26f98d0f0d6a9cf17']",[],1.0,0ffee3ba8e615ad22535e7f771690a28,76cc3e2d3028143b23ec18e27dbd7ca9,http/1.1,,9515.227166,10.0.2.15,56010,216.137.61.162,443,tcp,125.88593899999978,812.0,31529.0,SF,True,False,0,ShADadTTfF,30,2031,50,33533,ssl,0
9515.793834,Ch9p8G1nMc8XscXtr7,10.0.2.15,56012,185.42.119.161,443,TLSv12,TLS_RSA_WITH_AES_256_CBC_SHA,,e6b37.expebtu.com,True,True,CsiI,,,,1a5fe5677b0e4fbbc854e8908225637d,7b6819ed58e8d8415604b7dfcef92d55,,,9515.228794,10.0.2.15,56012,185.42.119.161,443,tcp,7.064494999998715,645.0,161.0,SF,True,False,0,ShADadfF,7,933,7,445,ssl,0
9516.064974,CWRoMJQsvRU5Bt9p2,10.0.2.15,56015,185.42.119.161,443,TLSv12,TLS_RSA_WITH_AES_256_CBC_SHA,,e6b37.expebtu.com,True,True,CsiI,,,,1a5fe5677b0e4fbbc854e8908225637d,7b6819ed58e8d8415604b7dfcef92d55,,,9515.399333,10.0.2.15,56015,185.42.119.161,443,tcp,7.454703000001245,645.0,161.0,SF,True,False,0,ShADadfF,8,973,7,445,ssl,0
9517.893276,CGZ5Ftn0cKr2wlCMc,10.0.2.15,56019,69.172.216.58,443,TLSv12,TLS_ECDHE_RSA_WITH_AES_128_GCM_SHA256,secp256r1,static.adsafeprotected.com,False,True,CsxknGIti,"['2883331a8fbeed598390c6c5e24f65c9c90ce58027c1b02b57604432120f5e4f', 'bc3f03a436240edba5f83714f6f677e34b37f9b1f0c08c1e558d981e279e8209']",[],1.0,0ffee3ba8e615ad22535e7f771690a28,8d2a028aa94425f76ced7826b1f39039,http/1.1,,9516.772861,10.0.2.15,56019,69.172.216.58,443,tcp,11.1487589999997,761.0,3381.0,SF,True,False,0,ShADadfF,9,1129,10,3785,ssl,0
9521.372228,CGpMfz1k6nmvzoA3E4,10.0.2.15,56022,185.42.119.161,443,TLSv12,TLS_RSA_WITH_AES_256_CBC_SHA,,e6b37.expebtu.com,True,True,CsiI,,,,1a5fe5677b0e4fbbc854e8908225637d,7b6819ed58e8d8415604b7dfcef92d55,,,9521.028355,10.0.2.15,56022,185.42.119.161,443,tcp,7.49350400000003,645.0,161.0,SF,True,False,0,ShADadfF,8,973,7,445,ssl,0
9521.371565,CzZ3EI2pjEJmDWseKd,10.0.2.15,56023,52.17.100.63,443,TLSv12,TLS_ECDHE_RSA_WITH_AES_128_GCM_SHA256,secp256r1,ad.crwdcntrl.net,False,True,CsxknGIi,"['131513af4a65033acc7234be892849a35819b02b70aba4c428c133a0a88fdd2e', '973a41276ffd01e027a2aad49e34c37846d3e976ff6a620b6712e33832041aa6', '3a2fbe92891e57fe05d57087f48e730f17e5a5f53ef403d618e5b74d7a7e6ecb', 'c3846bf24b9e93ca64274c0ec67c1ecc5e024ffcacd2d74019350e81fe546ae4']",[],1.0,0ffee3ba8e615ad22535e7f771690a28,303951d4c50efb2e991652225a6f02b1,,,9521.03261,10.0.2.15,56023,52.17.100.63,443,tcp,6.117194000000381,2838.0,5746.0,SF,True,False,0,ShADadFfRr,13,3366,16,6390,ssl,0
9527.722698,C2V3rhWlrjYdNaKy7,10.0.2.15,56030,151.101.112.68,443,TLSv12,TLS_ECDHE_RSA_WITH_AES_128_GCM_SHA256,secp256r1,amplifypixel.outbrain.com,False,True,CsxuknGIti,"['5090ac914b8591c2225e175eac7f86d7e187347a6426dac49a652a30bf3cadfe', '74ef335e5e18788307fb9d89cb704bec112abd23487dbff41c4ded5070f241d9']",[],1.0,0ffee3ba8e615ad22535e7f771690a28,860fcf58fd757e26aa8911e5eaff6b53,http/1.1,,9527.50252,10.0.2.15,56030,151.101.112.68,443,tcp,132.69118200000048,2277.0,7645.0,SF,True,False,0,ShADadTTFfRr,26,3337,31,8889,ssl,0
9530.971792,CmeidIiUOxbjpO1i8,10.0.2.15,56035,185.42.119.161,443,TLSv12,TLS_RSA_WITH_AES_256_CBC_SHA,,e6b37.expebtu.com,True,True,CsiI,,,,1a5fe5677b0e4fbbc854e8908225637d,7b6819ed58e8d8415604b7dfcef92d55,,,9530.01203,10.0.2.15,56035,185.42.119.161,443,tcp,6.771147999999812,1290.0,438.0,SF,True,False,0,ShADadfF,9,1658,9,802,ssl,0
9530.978325,ClPlkN2lm9Fc9Ff254,10.0.2.15,56034,199.166.0.200,443,TLSv12,TLS_ECDHE_RSA_WITH_AES_128_GCM_SHA256,secp256r1,sc.iasds01.com,False,True,CsxknGIti,"['ca096114845b17d3705d79081ddf7d04938dd8a0df458ecd07f7ade0e1f9bf77', '02ab57e4e67a0cb48dd2ff34830e8ac40f4476fb08ca6be3f5cd846f646840f0', '4f32d5dc00f715250abcc486511e37f501a899deb3bf7ea8adbbd3aef1c412da', '687fa451382278fff0c8b11f8d43d576671c6eb2bceab413fb83d965d06d2ff2']",[],1.0,0ffee3ba8e615ad22535e7f771690a28,8d2a028aa94425f76ced7826b1f39039,http/1.1,,9530.010977,10.0.2.15,56034,199.166.0.200,443,tcp,11.77103200000056,944.0,6564.0,SF,True,False,0,ShADadfF,10,1352,13,7088,ssl,0
9533.546714,C6YGr2QEvsZB6MUE,10.0.2.15,56037,69.172.216.111,443,TLSv12,TLS_ECDHE_RSA_WITH_AES_128_GCM_SHA256,secp256r1,dt.adsafeprotected.com,False,True,CsxknGIti,"['2883331a8fbeed598390c6c5e24f65c9c90ce58027c1b02b57604432120f5e4f', 'bc3f03a436240edba5f83714f6f677e34b37f9b1f0c08c1e558d981e279e8209']",[],1.0,0ffee3ba8e615ad22535e7f771690a28,8d2a028aa94425f76ced7826b1f39039,http/1.1,,9532.433556,10.0.2.15,56037,69.172.216.111,443,tcp,11.847493999999642,1369.0,3377.0,SF,True,False,0,ShADadfF,9,1737,12,3861,ssl,0
9558.014636,CTagTu3VjoH61BfZ6c,10.0.2.15,56073,95.101.241.136,443,TLSv12,TLS_ECDHE_RSA_WITH_AES_256_GCM_SHA384,,cdn.optimizely.com,True,True,CsiI,,,,1a5fe5677b0e4fbbc854e8908225637d,410b9bedaf65dd26c6fe547154d60db4,h2,,9557.683118,10.0.2.15,56073,95.101.241.136,443,tcp,278.94784999999865,1572.0,167405.0,SF,True,False,0,ShADadFfRr,58,3900,161,173849,ssl,0
9560.119543,Ckda8F489s9eJXj4L7,10.0.2.15,56083,199.166.0.200,443,TLSv12,TLS_ECDHE_RSA_WITH_AES_128_GCM_SHA256,secp256r1,sc.iasds01.com,False,True,CsxknGIti,"['ca096114845b17d3705d79081ddf7d04938dd8a0df458ecd07f7ade0e1f9bf77', '02ab57e4e67a0cb48dd2ff34830e8ac40f4476fb08ca6be3f5cd846f646840f0', '4f32d5dc00f715250abcc486511e37f501a899deb3bf7ea8adbbd3aef1c412da', '687fa451382278fff0c8b11f8d43d576671c6eb2bceab413fb83d965d06d2ff2']",[],1.0,1a5fe5677b0e4fbbc854e8908225637d,8d2a028aa94425f76ced7826b1f39039,http/1.1,,9559.561926,10.0.2.15,56083,199.166.0.200,443,tcp,6.076428000000305,1271.0,6564.0,SF,True,False,0,ShADadfF,10,1679,14,7128,ssl,0
9563.220605,CPKB3T2XT6fTEPXsmk,10.0.2.15,56085,69.172.216.111,443,TLSv12,TLS_ECDHE_RSA_WITH_AES_128_GCM_SHA256,secp256r1,dt.adsafeprotected.com,False,True,CsxknGIti,"['2883331a8fbeed598390c6c5e24f65c9c90ce58027c1b02b57604432120f5e4f', 'bc3f03a436240edba5f83714f6f677e34b37f9b1f0c08c1e558d981e279e8209']",[],1.0,1a5fe5677b0e4fbbc854e8908225637d,ccc514751b175866924439bdbb5bba34,,,9562.720949,10.0.2.15,56085,69.172.216.111,443,tcp,64.58797199999935,1695.0,3350.0,SF,True,False,0,ShADadTfF,15,2308,16,3994,ssl,0
9564.204548,CB8Ukj4fHW1AndbGi9,10.0.2.15,56086,31.13.65.7,443,TLSv12,TLS_ECDHE_ECDSA_WITH_AES_128_GCM_SHA256,secp256r1,scontent.xx.fbcdn.net,False,True,CsxknGIti,"['152151b387412a95ab90fd4664f2d98880408e9e43913124e4c91226a483386b', '19400be5b7a31fb733917700789d2f0a2471c0c9d506c0e504c06c16d7cb17c0']",[],1.0,0ffee3ba8e615ad22535e7f771690a28,2d1eb5817ece335c24904f516ad5da12,h2,,9563.775018,10.0.2.15,56086,31.13.65.7,443,tcp,199.78463899999952,972.0,116414.0,SF,True,False,0,ShADadfF,40,2580,103,120538,ssl,0
9566.986921,CbiKzy2LmAjc3OC20i,10.0.2.15,56097,151.101.112.176,443,TLSv12,TLS_ECDHE_RSA_WITH_AES_128_GCM_SHA256,secp256r1,checkout.stripe.com,False,True,CsxuknGIti,"['eec0f9a12469a8512dde777258ca9bfc58adaf23dc79a4d5174a7bd9f718c8cd', '403e062a2653059113285baf80a0d4ae422c848c9f78fad01fc94bc5b87fef1a']",[],1.0,0ffee3ba8e615ad22535e7f771690a28,860fcf58fd757e26aa8911e5eaff6b53,h2,,9566.654664,10.0.2.15,56097,151.101.112.176,443,tcp,282.53813400000035,1550.0,28318.0,SF,True,False,0,ShADadFfRr,37,3038,51,30362,ssl,0
9566.988688,CUrLhCIvcf1f6cT23,10.0.2.15,56096,151.101.112.176,443,TLSv12,TLS_ECDHE_RSA_WITH_AES_128_GCM_SHA256,secp256r1,js.stripe.com,False,True,CsxuknGIti,"['eec0f9a12469a8512dde777258ca9bfc58adaf23dc79a4d5174a7bd9f718c8cd', '403e062a2653059113285baf80a0d4ae422c848c9f78fad01fc94bc5b87fef1a']",[],1.0,0ffee3ba8e615ad22535e7f771690a28,860fcf58fd757e26aa8911e5eaff6b53,h2,,9566.65288,10.0.2.15,56096,151.101.112.176,443,tcp,68.55854800000088,605.0,4779.0,RSTO,True,False,0,ShADadFR,13,1133,14,5343,ssl,0
9566.989634,CxHUoT2h9Cg6YU1uqg,10.0.2.15,56095,54.192.93.169,443,TLSv12,TLS_ECDHE_RSA_WITH_AES_128_GCM_SHA256,secp256r1,plus.addkt.com,False,True,CsxuknGIti,"['0cedb5cd0fef511fde04627bb5d27f7d0bcb8442389a51db79393985aeab9d04', 'f55f9ffcb83c73453261601c7e044db15a0f034b93c05830f28635ef889cf670', '87dcd4dc74640a322cd205552506d1be64f12596258096544986b4850bc72706', '28689b30e4c306aab53b027b29e36ad6dd1dcf4b953994482ca84bdc1ecac996']",[],1.0,0ffee3ba8e615ad22535e7f771690a28,76cc3e2d3028143b23ec18e27dbd7ca9,h2,,9566.650814,10.0.2.15,56095,54.192.93.169,443,tcp,269.78037699999913,1118.0,240172.0,SF,True,False,0,ShADadFf,57,3406,212,248656,ssl,0
9567.205759,CoXfhf2NZ9zrlmLsx,10.0.2.15,56091,151.101.112.176,443,TLSv12,TLS_ECDHE_RSA_WITH_AES_128_GCM_SHA256,secp256r1,js.stripe.com,False,True,CsxuknGIti,"['eec0f9a12469a8512dde777258ca9bfc58adaf23dc79a4d5174a7bd9f718c8cd', '403e062a2653059113285baf80a0d4ae422c848c9f78fad01fc94bc5b87fef1a']",[],1.0,0ffee3ba8e615ad22535e7f771690a28,860fcf58fd757e26aa8911e5eaff6b53,h2,,9566.64011,10.0.2.15,56091,151.101.112.176,443,tcp,7.0559489999996,559.0,4764.0,SF,True,False,0,ShADadFfRr,13,1087,15,5368,ssl,0
9567.207513,CMssp92dtfCb4Wtcyj,10.0.2.15,56090,151.101.112.176,443,TLSv12,TLS_ECDHE_RSA_WITH_AES_128_GCM_SHA256,secp256r1,checkout.stripe.com,False,True,CsxuknGIti,"['eec0f9a12469a8512dde777258ca9bfc58adaf23dc79a4d5174a7bd9f718c8cd', '403e062a2653059113285baf80a0d4ae422c848c9f78fad01fc94bc5b87fef1a']",[],1.0,0ffee3ba8e615ad22535e7f771690a28,860fcf58fd757e26aa8911e5eaff6b53,h2,,9566.637185,10.0.2.15,56090,151.101.112.176,443,tcp,7.058933000000252,594.0,4764.0,SF,True,False,0,ShADadFfRr,15,1202,18,5488,ssl,0
9573.643029,CUpJwc3sW7dDnFzkAd,10.0.2.15,56121,95.100.180.207,443,TLSv12,TLS_ECDHE_RSA_WITH_AES_256_GCM_SHA384,secp256r1,a3260550075.cdn.optimizely.com,False,True,CsxknGIti,"['16a508bc257ba034427b5d3ecb4156b50b9c44f07a68e5d5c26d4c1e192c49d5', '074541ecdf88ed992ed5ade3ecddef27a26ba1b44480a195c0a8dadae2521d8e']",[],1.0,0ffee3ba8e615ad22535e7f771690a28,2b33c1374db4ddf06942f92373c0b54b,http/1.1,,9571.955373,10.0.2.15,56121,95.100.180.207,443,tcp,138.17282799999884,874.0,4547.0,SF,True,False,0,ShADadTTFf,25,1895,25,5551,ssl,0
9573.664553,Co2KZC4Vi6DDgISUi7,10.0.2.15,56123,54.236.64.197,443,TLSv12,TLS_ECDHE_RSA_WITH_AES_128_GCM_SHA256,secp256r1,logx.optimizely.com,False,True,CsxknGIi,"['121e4a8079d4afed2206030ff5d65362176fc4cf1d6cdc37d83304cf705a5212', '19400be5b7a31fb733917700789d2f0a2471c0c9d506c0e504c06c16d7cb17c0']",[],1.0,0ffee3ba8e615ad22535e7f771690a28,303951d4c50efb2e991652225a6f02b1,,,9572.228705,10.0.2.15,56123,54.236.64.197,443,tcp,33.35918099999981,6833.0,4758.0,RSTO,True,False,0,ShADadTFR,21,7683,23,5682,ssl,0
9573.608491,CDSA654goB4cV1e7Yj,10.0.2.15,56122,54.225.165.206,443,TLSv12,TLS_ECDHE_RSA_WITH_AES_128_GCM_SHA256,secp256r1,odds.optimizely.com,False,True,CsxknGIi,"['97991d54e4878a4bace21480fca6e9a46532a053feb3de6a42a8842f52a7c7a0', '19400be5b7a31fb733917700789d2f0a2471c0c9d506c0e504c06c16d7cb17c0', '7431e5f4c3c1ce4690774f0b61e05440883ba9a01ed00ba6abd7806ed3b118cf']",[],1.0,0ffee3ba8e615ad22535e7f771690a28,303951d4c50efb2e991652225a6f02b1,,,9572.226418,10.0.2.15,56122,54.225.165.206,443,tcp,75.72119500000008,679.0,4564.0,SF,True,False,0,ShADadTFf,18,1413,19,5328,ssl,0
9581.909421,Ce7Y65E19J00faF7a,10.0.2.15,56125,37.252.167.202,443,TLSv12,TLS_ECDHE_RSA_WITH_AES_256_GCM_SHA384,secp256r1,rb.adnxs.com,False,True,CsxknGIti,"['5b081650e8034418a37504ce0820892be5a66474578207711eb688243fe1a8f2', '074541ecdf88ed992ed5ade3ecddef27a26ba1b44480a195c0a8dadae2521d8e']",[],1.0,0ffee3ba8e615ad22535e7f771690a28,e35df3e00ca4ef31d42b34bebaa2f86e,,,9581.126662,10.0.2.15,56125,37.252.167.202,443,tcp,82.98732500000006,5777.0,4796.0,SF,True,False,0,ShADadTfF,23,6711,24,5760,ssl,0
9587.308859,CuDZ1l3LhHGEYswgAb,10.0.2.15,56126,37.252.167.202,443,TLSv12,TLS_ECDHE_RSA_WITH_AES_256_GCM_SHA384,secp256r1,rb.adnxs.com,False,True,CsxknGIti,"['5b081650e8034418a37504ce0820892be5a66474578207711eb688243fe1a8f2', '074541ecdf88ed992ed5ade3ecddef27a26ba1b44480a195c0a8dadae2521d8e']",[],1.0,0ffee3ba8e615ad22535e7f771690a28,e35df3e00ca4ef31d42b34bebaa2f86e,,,9586.989394,10.0.2.15,56126,37.252.167.202,443,tcp,69.07028100000025,3900.0,3904.0,SF,True,False,0,ShADadTfF,19,4674,20,4708,ssl,0
9590.733898,C0eEOl2OH496AgWrEh,10.0.2.15,56129,37.252.167.202,443,TLSv12,TLS_ECDHE_RSA_WITH_AES_256_GCM_SHA384,,rb.adnxs.com,True,True,CsiI,,,,1a5fe5677b0e4fbbc854e8908225637d,364ff14b04ef93c3b4cfa429d729c0d9,,,9588.863526,10.0.2.15,56129,37.252.167.202,443,tcp,69.44221199999993,1836.0,614.0,SF,True,False,0,ShADadTfF,15,2450,15,1218,ssl,0
9590.734855,CNAGmX1kheiIGmnx41,10.0.2.15,56128,37.252.167.202,443,TLSv12,TLS_ECDHE_RSA_WITH_AES_256_GCM_SHA384,,rb.adnxs.com,True,True,CsiI,,,,1a5fe5677b0e4fbbc854e8908225637d,364ff14b04ef93c3b4cfa429d729c0d9,,,9588.856773,10.0.2.15,56128,37.252.167.202,443,tcp,69.449125000001,1879.0,614.0,SF,True,False,0,ShADadTfF,15,2493,15,1218,ssl,0
9590.737255,CkPu915Ghqa36oWvb,10.0.2.15,56127,54.236.64.197,443,TLSv12,TLS_ECDHE_RSA_WITH_AES_128_GCM_SHA256,,logx.optimizely.com,True,True,CsiI,,,,0ffee3ba8e615ad22535e7f771690a28,303951d4c50efb2e991652225a6f02b1,,,9588.40059,10.0.2.15,56127,54.236.64.197,443,tcp,17.1663120000012,4920.0,981.0,RSTO,True,False,0,ShADadTFR,14,5489,14,1545,ssl,0
9590.805125,Ch42zx2hAfw5O2GM63,10.0.2.15,56135,37.252.167.202,443,TLSv12,TLS_ECDHE_RSA_WITH_AES_256_GCM_SHA384,,rb.adnxs.com,True,True,CsiI,,,,1a5fe5677b0e4fbbc854e8908225637d,364ff14b04ef93c3b4cfa429d729c0d9,,,9589.178851,10.0.2.15,56135,37.252.167.202,443,tcp,69.12610099999984,3582.0,614.0,SF,True,False,0,ShADadTfF,17,4276,17,1298,ssl,0
9591.343803,CEeoO44llmtFONlG8i,10.0.2.15,56130,37.252.167.202,443,TLSv12,TLS_ECDHE_RSA_WITH_AES_256_GCM_SHA384,,rb.adnxs.com,True,True,CsiI,,,,1a5fe5677b0e4fbbc854e8908225637d,364ff14b04ef93c3b4cfa429d729c0d9,,,9589.175731,10.0.2.15,56130,37.252.167.202,443,tcp,69.12863199999993,1142.0,614.0,SF,True,False,0,ShADadTfF,15,1756,15,1218,ssl,0
9598.077666,CpcaT63CWL0Mu5D2cl,10.0.2.15,56144,54.236.64.197,443,TLSv12,TLS_ECDHE_RSA_WITH_AES_128_GCM_SHA256,,logx.optimizely.com,True,True,CsiI,,,,0ffee3ba8e615ad22535e7f771690a28,303951d4c50efb2e991652225a6f02b1,,,9596.795586,10.0.2.15,56144,54.236.64.197,443,tcp,63.68663899999956,4440.0,506.0,SF,True,False,0,ShADadTFf,17,5134,17,1190,ssl,0
9598.07857,CKZXTU2PMsM5lcBoA6,10.0.2.15,56143,54.236.64.197,443,TLSv12,TLS_ECDHE_RSA_WITH_AES_128_GCM_SHA256,,logx.optimizely.com,True,True,CsiI,,,,0ffee3ba8e615ad22535e7f771690a28,303951d4c50efb2e991652225a6f02b1,,,9596.792596,10.0.2.15,56143,54.236.64.197,443,tcp,63.67467700000088,4440.0,506.0,SF,True,False,0,ShADadTFf,17,5134,17,1190,ssl,0
9598.314224,Cb0UJABAUZABrM6Lh,10.0.2.15,56147,54.236.64.197,443,TLSv12,TLS_ECDHE_RSA_WITH_AES_128_GCM_SHA256,,logx.optimizely.com,True,True,CsiI,,,,0ffee3ba8e615ad22535e7f771690a28,303951d4c50efb2e991652225a6f02b1,,,9596.851522,10.0.2.15,56147,54.236.64.197,443,tcp,63.643575000000055,1807.0,506.0,SF,True,False,0,ShADadTFf,16,2461,16,1150,ssl,0
9598.315292,Cpk4lh1BBvCz0hkpsc,10.0.2.15,56146,54.236.64.197,443,TLSv12,TLS_ECDHE_RSA_WITH_AES_128_GCM_SHA256,,logx.optimizely.com,True,True,CsiI,,,,0ffee3ba8e615ad22535e7f771690a28,303951d4c50efb2e991652225a6f02b1,,,9596.838231,10.0.2.15,56146,54.236.64.197,443,tcp,12.417466000000786,310.0,176.0,SF,True,False,0,ShADadTFfRr,10,719,10,580,ssl,0
9617.260765,CGYPm13vY1RBX1gAma,10.0.2.15,56179,172.217.23.238,443,TLSv12,TLS_ECDHE_ECDSA_WITH_AES_128_GCM_SHA256,x25519,cse.google.com,False,True,CsxknGIti,"['11ddd329046367c19b32ffdb02ed308de129de4d6ffcf95856d7bd6a7accfba9', '9f630426df1d8abfd80ace98871ba833ab9742cb34838de2b5285ed54c0c7dcc', '3c35cc963eb004451323d3275d05b353235053490d9cd83729a2faf5e7ca1cc0']",[],1.0,0ffee3ba8e615ad22535e7f771690a28,84480cf8cf0e732666092640e581e1a5,h2,,9616.986666,10.0.2.15,56179,172.217.23.238,443,tcp,2.03787899999952,316.0,4384.0,RSTO,True,False,0,ShADadR,7,604,8,4708,ssl,0
9624.811545,C20luj4kPqt2R0Bxk6,10.0.2.15,56181,166.108.32.248,443,TLSv12,TLS_RSA_WITH_AES_256_CBC_SHA,,account.kansascity.com,False,True,CsxnGIi,['01639320526b985cddb665a825773181f5ed218b2baced505fc713e35affa959'],[],1.0,0ffee3ba8e615ad22535e7f771690a28,db8185c4eafa7114cadaf05965b09ef0,,,9624.329991,10.0.2.15,56181,166.108.32.248,443,tcp,10.35948499999904,3164.0,32590.0,SF,True,False,0,ShADadfF,23,4092,43,34314,ssl,0
9632.920095,CzHxRR1agspGSrDXNf,10.0.2.15,56209,104.19.196.102,443,TLSv12,TLS_ECDHE_ECDSA_WITH_AES_128_GCM_SHA256,secp256r1,cdnjs.cloudflare.com,False,True,CsxuknGIti,"['288a62410b9a17d44ccccf0ca447daaee0f3c7bcd3e0cb6d4f24ef85d2dbfdd0', 'cd6c108a0e641f2ca122aaa6d03f826759cae7c6f800eabf76dc48b67cd083ce', '9573862ac0b4b125168810ea3fd101ae2eb0bb15f61fc0e6da7a2a38b85a89e8']",[],1.0,0ffee3ba8e615ad22535e7f771690a28,7d3eb4120cd50e889bcd3f3783be0f82,h2,,9632.177724,10.0.2.15,56209,104.19.196.102,443,tcp,200.25071600000047,1036.0,7628.0,SF,True,False,0,ShADadFf,22,1924,26,8672,ssl,0
9632.923315,Cjxji64GZ2s2BrDga4,10.0.2.15,56208,198.232.125.113,443,TLSv12,TLS_ECDHE_RSA_WITH_AES_128_GCM_SHA256,secp256r1,code.jquery.com,False,True,CsxuknGIti,"['7b63a6dc9511ee7cdbf74a01a00ec40c9d2c39e68a61a90607ff590740ab369a', 'ee793643199474ed60efdc8ccde4d37445921683593aa751bbf8ee491a391e97', 'ebd41040e4bb3ec742c9e381d31ef2a41a48b6685c96e7cef3c1df6cd4331c99']",[],1.0,0ffee3ba8e615ad22535e7f771690a28,49b45fc1ab090aa3a159778313fc9b9e,h2,,9632.176384,10.0.2.15,56208,198.232.125.113,443,tcp,200.37204399999973,1002.0,41269.0,SF,True,False,0,ShADadFf,29,2170,56,43513,ssl,0
9633.10508,CZGjVP3cBtuYYZ3ul6,10.0.2.15,56210,166.108.32.248,443,TLSv12,TLS_RSA_WITH_AES_256_CBC_SHA,,account.kansascity.com,True,True,CsiI,,,,0ffee3ba8e615ad22535e7f771690a28,db8185c4eafa7114cadaf05965b09ef0,,,9632.178476,10.0.2.15,56210,166.108.32.248,443,tcp,10.431744000001345,4934.0,26717.0,SF,True,False,0,ShADadfF,21,5782,35,28121,ssl,0
9633.051022,CGsL9dPfFckJFp3si,10.0.2.15,56207,166.108.32.248,443,TLSv12,TLS_RSA_WITH_AES_256_CBC_SHA,,account.kansascity.com,True,True,CsiI,,,,0ffee3ba8e615ad22535e7f771690a28,db8185c4eafa7114cadaf05965b09ef0,,,9632.174783,10.0.2.15,56207,166.108.32.248,443,tcp,9.74151399999937,3057.0,41073.0,SF,True,False,0,ShADadfF,22,3945,47,42957,ssl,0
9633.052115,Co7ymuApC7IDPuHUg,10.0.2.15,56206,166.108.32.248,443,TLSv12,TLS_RSA_WITH_AES_256_CBC_SHA,,account.kansascity.com,True,True,CsiI,,,,0ffee3ba8e615ad22535e7f771690a28,db8185c4eafa7114cadaf05965b09ef0,,,9632.174289,10.0.2.15,56206,166.108.32.248,443,tcp,6.73360700000012,1724.0,1306.0,SF,True,False,0,ShADadfF,9,2092,9,1670,ssl,0
9633.097212,CQzqq145NGw6FFmZTb,10.0.2.15,56212,166.108.32.248,443,TLSv12,TLS_RSA_WITH_AES_256_CBC_SHA,,account.kansascity.com,True,True,CsiI,,,,0ffee3ba8e615ad22535e7f771690a28,db8185c4eafa7114cadaf05965b09ef0,,,9632.181968,10.0.2.15,56212,166.108.32.248,443,tcp,10.427385999999387,3345.0,42551.0,SF,True,False,0,ShADadfF,25,4353,49,44515,ssl,0
9633.103943,CTR3iV6yqH5SvZAU1,10.0.2.15,56211,166.108.32.248,443,TLSv12,TLS_RSA_WITH_AES_256_CBC_SHA,,account.kansascity.com,True,True,CsiI,,,,0ffee3ba8e615ad22535e7f771690a28,db8185c4eafa7114cadaf05965b09ef0,,,9632.180665,10.0.2.15,56211,166.108.32.248,443,tcp,9.924472000000604,5142.0,80176.0,SF,True,False,0,ShADadfF,35,6550,85,83580,ssl,0
9633.058318,C9w1t1JfLjf1a5gb5,10.0.2.15,56216,166.108.32.249,443,TLSv12,TLS_DHE_RSA_WITH_AES_256_CBC_SHA,,media.mcclatchyinteractive.com,False,True,CsxknGIi,"['a91237e7577ab5b94ead2d7d7e7f5cf625f13836def6cca23ae8a01df2e518fd', 'de2ccb08746eaf02998e6c95e24a3d2cfb6ff4a3d41eafbf83fd570066f2f2a8', '1a5174980a294a528a110726d5855650266c48d9883bea692b67b6d726da98c5', '687fa451382278fff0c8b11f8d43d576671c6eb2bceab413fb83d965d06d2ff2']",[],1.0,0ffee3ba8e615ad22535e7f771690a28,d90fa179c9daf35598ed8341272118f7,,,9632.195161,10.0.2.15,56216,166.108.32.249,443,tcp,20.650118999999904,847.0,22888.0,SF,True,False,0,ShADadTfF,18,1576,31,24132,ssl,0
9633.073666,CIa9pQ3j0FjHPydbx6,10.0.2.15,56215,166.108.32.249,443,TLSv12,TLS_DHE_RSA_WITH_AES_256_CBC_SHA,,media.mcclatchyinteractive.com,False,True,CsxknGIi,"['a91237e7577ab5b94ead2d7d7e7f5cf625f13836def6cca23ae8a01df2e518fd', 'de2ccb08746eaf02998e6c95e24a3d2cfb6ff4a3d41eafbf83fd570066f2f2a8', '1a5174980a294a528a110726d5855650266c48d9883bea692b67b6d726da98c5', '687fa451382278fff0c8b11f8d43d576671c6eb2bceab413fb83d965d06d2ff2']",[],1.0,0ffee3ba8e615ad22535e7f771690a28,d90fa179c9daf35598ed8341272118f7,,,9632.187262,10.0.2.15,56215,166.108.32.249,443,tcp,21.611613000000943,1220.0,11449.0,SF,True,False,0,ShADadTfF,16,1869,21,12293,ssl,0
9633.088449,CgK3NNlAb6L1Xveab,10.0.2.15,56214,166.108.32.249,443,TLSv12,TLS_DHE_RSA_WITH_AES_256_CBC_SHA,,media.mcclatchyinteractive.com,False,True,CsxknGIi,"['a91237e7577ab5b94ead2d7d7e7f5cf625f13836def6cca23ae8a01df2e518fd', 'de2ccb08746eaf02998e6c95e24a3d2cfb6ff4a3d41eafbf83fd570066f2f2a8', '1a5174980a294a528a110726d5855650266c48d9883bea692b67b6d726da98c5', '687fa451382278fff0c8b11f8d43d576671c6eb2bceab413fb83d965d06d2ff2']",[],1.0,0ffee3ba8e615ad22535e7f771690a28,d90fa179c9daf35598ed8341272118f7,,,9632.185401,10.0.2.15,56214,166.108.32.249,443,tcp,20.660855999998603,847.0,22920.0,SF,True,False,0,ShADadTfF,18,1576,31,24164,ssl,0
9633.095674,CWjhbs4I2a9cAIfXQ9,10.0.2.15,56213,166.108.32.249,443,TLSv12,TLS_DHE_RSA_WITH_AES_256_CBC_SHA,,media.mcclatchyinteractive.com,False,True,CsxknGIi,"['a91237e7577ab5b94ead2d7d7e7f5cf625f13836def6cca23ae8a01df2e518fd', 'de2ccb08746eaf02998e6c95e24a3d2cfb6ff4a3d41eafbf83fd570066f2f2a8', '1a5174980a294a528a110726d5855650266c48d9883bea692b67b6d726da98c5', '687fa451382278fff0c8b11f8d43d576671c6eb2bceab413fb83d965d06d2ff2']",[],1.0,0ffee3ba8e615ad22535e7f771690a28,d90fa179c9daf35598ed8341272118f7,,,9632.183429,10.0.2.15,56213,166.108.32.249,443,tcp,21.61980399999993,1204.0,8863.0,SF,True,False,0,ShADadTfF,16,1853,19,9627,ssl,0
9636.965461,CCGwRQ2F7LRVnZGXE5,10.0.2.15,56218,52.87.72.4,443,TLSv12,TLS_ECDHE_RSA_WITH_AES_128_GCM_SHA256,secp256r1,www.gradesaver.com,False,True,CsxknGIi,"['3b51b0d139db2aa35c0205faba0ab733d6de1b3cbb9b11726f175ff6286b6f80', 'b7a8af2a4a43f0a86b15604de6461209c9cd76894d8b0748bc99d9a797013bb0', 'c99157df28d28ebd87b8b041aaccf023cf1c9ad0d21fd7116149d7f96484fa51']",[],1.0,0ffee3ba8e615ad22535e7f771690a28,303951d4c50efb2e991652225a6f02b1,,,9636.531927,10.0.2.15,56218,52.87.72.4,443,tcp,74.98418200000015,9015.0,139687.0,SF,True,False,0,ShADadTFf,52,11109,142,145371,ssl,0
9636.968864,CUpWk04NjPRvjqgy7h,10.0.2.15,56219,52.87.72.4,443,TLSv12,TLS_ECDHE_RSA_WITH_AES_128_GCM_SHA256,secp256r1,www.gradesaver.com,False,True,CsxknGIi,"['3b51b0d139db2aa35c0205faba0ab733d6de1b3cbb9b11726f175ff6286b6f80', 'b7a8af2a4a43f0a86b15604de6461209c9cd76894d8b0748bc99d9a797013bb0', 'c99157df28d28ebd87b8b041aaccf023cf1c9ad0d21fd7116149d7f96484fa51']",[],1.0,0ffee3ba8e615ad22535e7f771690a28,303951d4c50efb2e991652225a6f02b1,,,9636.540456,10.0.2.15,56219,52.87.72.4,443,tcp,6.251897999998619,352.0,4055.0,SF,True,False,0,ShADadFfRr,11,800,12,4539,ssl,0
9637.826011,CHkPI91x5HIv3aNFLj,10.0.2.15,56220,166.108.32.248,443,TLSv12,TLS_RSA_WITH_AES_256_CBC_SHA,,account.kansascity.com,True,True,CsiI,,,,0ffee3ba8e615ad22535e7f771690a28,db8185c4eafa7114cadaf05965b09ef0,,,9637.171454,10.0.2.15,56220,166.108.32.248,443,tcp,7.478727000001527,359.0,165.0,SF,True,False,0,ShADadFf,7,647,7,449,ssl,0
9638.400221,CBKxXy1fxtbpMpomna,10.0.2.15,56224,54.231.177.20,443,TLSv12,TLS_ECDHE_RSA_WITH_AES_128_GCM_SHA256,secp256r1,s3-us-west-2.amazonaws.com,False,True,CsxknGIi,"['e0657743a56f71e04caf81531d9422c249945c95c8a699935ec21dd8466ca120', 'f9690880819f06cdcc0b2f224b207f2af6003fb57339b8679a160fa95208d62d']",[],1.0,0ffee3ba8e615ad22535e7f771690a28,ea615e28cb25adfb2f261151eab3314f,,,9637.844569,10.0.2.15,56224,54.231.177.20,443,tcp,11.440200999999432,717.0,13407.0,SF,True,False,0,ShADadFf,14,1285,24,14371,ssl,0
9638.385214,C9eiaf31JBaPbWUJHe,10.0.2.15,56225,54.231.177.20,443,TLSv12,TLS_ECDHE_RSA_WITH_AES_128_GCM_SHA256,secp256r1,s3-us-west-2.amazonaws.com,False,True,CsxknGIi,"['e0657743a56f71e04caf81531d9422c249945c95c8a699935ec21dd8466ca120', 'f9690880819f06cdcc0b2f224b207f2af6003fb57339b8679a160fa95208d62d']",[],1.0,0ffee3ba8e615ad22535e7f771690a28,ea615e28cb25adfb2f261151eab3314f,,,9637.845091,10.0.2.15,56225,54.231.177.20,443,tcp,11.444044000001668,717.0,14391.0,SF,True,False,0,ShADadFf,13,1245,23,15315,ssl,0
9640.556373,Clo0Ny3lmIOMKkEL44,10.0.2.15,56235,107.178.250.234,443,TLSv12,TLS_ECDHE_RSA_WITH_AES_128_GCM_SHA256,x25519,js.matheranalytics.com,False,True,CsxknGIti,"['cf66132afcdd03b4f1a8f199113c1dacf27395f9f4983a2d788ad18afb158a33', '02ab57e4e67a0cb48dd2ff34830e8ac40f4476fb08ca6be3f5cd846f646840f0', '4f32d5dc00f715250abcc486511e37f501a899deb3bf7ea8adbbd3aef1c412da', '687fa451382278fff0c8b11f8d43d576671c6eb2bceab413fb83d965d06d2ff2']",[],1.0,0ffee3ba8e615ad22535e7f771690a28,ab41313cfec25328b20865eb1388e0a2,h2,,9640.000749,10.0.2.15,56235,107.178.250.234,443,tcp,4.11478999999963,791.0,6472.0,SF,True,False,0,ShADadFf,15,1399,18,7196,ssl,0
9640.560689,CbiSWw1ieHL8A6xuq7,10.0.2.15,56233,138.108.96.100,443,TLSv12,TLS_DHE_RSA_WITH_AES_256_CBC_SHA,,secure-us.imrworldwide.com,True,True,CsiI,,,,0ffee3ba8e615ad22535e7f771690a28,d90fa179c9daf35598ed8341272118f7,,,9639.99799,10.0.2.15,56233,138.108.96.100,443,tcp,2.596960999999282,912.0,586.0,SF,True,False,0,ShADadfF,9,1280,9,950,ssl,0
9640.558657,CCPCWOJUVg7QUXdBf,10.0.2.15,56234,66.117.29.38,443,TLSv12,TLS_ECDHE_RSA_WITH_AES_256_GCM_SHA384,secp256r1,nmkansascity.112.2o7.net,False,True,CsxknGIi,"['85165a4d3f2b39baed2c0b2567512f05b1dbaaed1d5d1826efc97acc945cd59a', '19400be5b7a31fb733917700789d2f0a2471c0c9d506c0e504c06c16d7cb17c0']",[],1.0,0ffee3ba8e615ad22535e7f771690a28,959bfcf87532cbff1253e80a4ee81308,,,9639.9998,10.0.2.15,56234,66.117.29.38,443,tcp,20.19379500000105,2559.0,3910.0,SF,True,False,0,ShADadTFf,14,3128,14,4474,ssl,0
9640.5657,CXbqLRXqBBPyAUvG3,10.0.2.15,56232,23.64.15.25,443,TLSv12,TLS_ECDHE_ECDSA_WITH_AES_256_GCM_SHA384,secp256r1,edge.quantserve.com,False,True,CsxuknGIti,"['56d0de4121d9daaea7a1ed67ff7b49ba2ea3d77cbab1c27901ee618b74a29e16', '2e2861289b5ccedecae4c31bf262e0fb0c29b6c1530573442731ca65d821e901']",[],0.0,0ffee3ba8e615ad22535e7f771690a28,ca6f3b7b341bf732d741bd93e9b37436,http/1.1,,9639.996924,10.0.2.15,56232,23.64.15.25,443,tcp,2.430184000000736,353.0,3927.0,SF,True,False,0,ShADadFRfr,11,801,12,4411,ssl,0
9640.569962,CP2NTI1mpcYJ9bd9W,10.0.2.15,56231,107.178.250.234,443,TLSv12,TLS_ECDHE_RSA_WITH_AES_128_GCM_SHA256,x25519,js.matheranalytics.com,False,True,CsxknGIti,"['cf66132afcdd03b4f1a8f199113c1dacf27395f9f4983a2d788ad18afb158a33', '02ab57e4e67a0cb48dd2ff34830e8ac40f4476fb08ca6be3f5cd846f646840f0', '4f32d5dc00f715250abcc486511e37f501a899deb3bf7ea8adbbd3aef1c412da', '687fa451382278fff0c8b11f8d43d576671c6eb2bceab413fb83d965d06d2ff2']",[],1.0,0ffee3ba8e615ad22535e7f771690a28,ab41313cfec25328b20865eb1388e0a2,h2,,9639.995976,10.0.2.15,56231,107.178.250.234,443,tcp,202.24268400000076,969.0,30648.0,SF,True,False,0,ShADadFf,28,2097,46,32492,ssl,0
9640.57123,CK1MQD3BJHfS21mwpa,10.0.2.15,56230,66.117.29.38,443,TLSv12,TLS_ECDHE_RSA_WITH_AES_256_GCM_SHA384,secp256r1,nmkansascity.112.2o7.net,False,True,CsxknGIi,"['85165a4d3f2b39baed2c0b2567512f05b1dbaaed1d5d1826efc97acc945cd59a', '19400be5b7a31fb733917700789d2f0a2471c0c9d506c0e504c06c16d7cb17c0']",[],1.0,0ffee3ba8e615ad22535e7f771690a28,959bfcf87532cbff1253e80a4ee81308,,,9639.995339,10.0.2.15,56230,66.117.29.38,443,tcp,8.257341000000451,358.0,3106.0,SF,True,False,0,ShADadFf,10,766,10,3510,ssl,0
9643.486088,C6fsVN2lvNNS72IVdc,10.0.2.15,56240,52.87.72.4,443,TLSv12,TLS_ECDHE_RSA_WITH_AES_128_GCM_SHA256,,www.gradesaver.com,True,True,CsiI,,,,0ffee3ba8e615ad22535e7f771690a28,303951d4c50efb2e991652225a6f02b1,,,9642.926091,10.0.2.15,56240,52.87.72.4,443,tcp,68.58999300000141,5495.0,178299.0,SF,True,False,0,ShADadTFf,63,8029,172,185183,ssl,0
9643.630602,Cgtq5v1r0BBVnkjDpj,10.0.2.15,56239,52.87.72.4,443,TLSv12,TLS_ECDHE_RSA_WITH_AES_128_GCM_SHA256,,www.gradesaver.com,True,True,CsiI,,,,0ffee3ba8e615ad22535e7f771690a28,303951d4c50efb2e991652225a6f02b1,,,9642.925337,10.0.2.15,56239,52.87.72.4,443,tcp,65.4684189999989,1458.0,8952.0,SF,True,False,0,ShADadTFf,15,2071,21,9796,ssl,0
9643.377668,CO8iUN3IkpE2Mcw0Of,10.0.2.15,56242,52.87.72.4,443,TLSv12,TLS_ECDHE_RSA_WITH_AES_128_GCM_SHA256,,www.gradesaver.com,True,True,CsiI,,,,0ffee3ba8e615ad22535e7f771690a28,303951d4c50efb2e991652225a6f02b1,,,9642.928281,10.0.2.15,56242,52.87.72.4,443,tcp,68.58774699999958,5441.0,134954.0,SF,True,False,0,ShADadTFf,51,7495,135,140358,ssl,0
9643.377051,CAg2mC2Q2soO18gnj8,10.0.2.15,56243,52.87.72.4,443,TLSv12,TLS_ECDHE_RSA_WITH_AES_128_GCM_SHA256,,www.gradesaver.com,True,True,CsiI,,,,0ffee3ba8e615ad22535e7f771690a28,303951d4c50efb2e991652225a6f02b1,,,9642.929176,10.0.2.15,56243,52.87.72.4,443,tcp,67.64362500000061,6463.0,86139.0,SF,True,False,0,ShADadTFf,45,8277,97,90023,ssl,0
9643.378749,Cu8J4M3KkF2Hw01WQc,10.0.2.15,56241,52.87.72.4,443,TLSv12,TLS_ECDHE_RSA_WITH_AES_128_GCM_SHA256,,www.gradesaver.com,True,True,CsiI,,,,0ffee3ba8e615ad22535e7f771690a28,303951d4c50efb2e991652225a6f02b1,,,9642.927319,10.0.2.15,56241,52.87.72.4,443,tcp,68.59241900000052,3864.0,21955.0,SF,True,False,0,ShADadTFf,21,4718,36,23399,ssl,0
9645.272888,CZAvNAYpuUDvz91Y1,10.0.2.15,56250,172.217.23.228,443,TLSv12,TLS_ECDHE_RSA_WITH_AES_128_GCM_SHA256,x25519,www.google.com,False,True,CsxknGIti,"['956e194960c68ac27a798b9de5f275ac1b0d80576783cff18c752250b5f1f519', '9f630426df1d8abfd80ace98871ba833ab9742cb34838de2b5285ed54c0c7dcc', '3c35cc963eb004451323d3275d05b353235053490d9cd83729a2faf5e7ca1cc0']",[],1.0,0ffee3ba8e615ad22535e7f771690a28,ab41313cfec25328b20865eb1388e0a2,h2,,9645.256368,10.0.2.15,56250,172.217.23.228,443,tcp,138.03961899999922,2444.0,18540.0,SF,True,False,0,ShADadFf,35,3852,48,20464,ssl,0
9645.404214,CrxZVx4jd7UhKiMyxd,10.0.2.15,56248,95.100.191.4,443,TLSv12,TLS_ECDHE_RSA_WITH_AES_256_GCM_SHA384,,sb.scorecardresearch.com,True,True,CsiI,,,,1a5fe5677b0e4fbbc854e8908225637d,410b9bedaf65dd26c6fe547154d60db4,http/1.1,,9645.253205,10.0.2.15,56248,95.100.191.4,443,tcp,156.58907499999987,2169.0,1136.0,SF,True,False,0,ShADadTTFfRr,28,3311,29,2300,ssl,0
9645.406382,CbbB8E4rpcb8IhOdqg,10.0.2.15,56247,95.100.191.4,443,TLSv12,TLS_ECDHE_RSA_WITH_AES_256_GCM_SHA384,,sb.scorecardresearch.com,True,True,CsiI,,,,1a5fe5677b0e4fbbc854e8908225637d,410b9bedaf65dd26c6fe547154d60db4,http/1.1,,9645.252157,10.0.2.15,56247,95.100.191.4,443,tcp,14.941408999999112,599.0,183.0,SF,True,False,0,ShADadTFfRr,9,968,10,587,ssl,0
9645.412859,CfOFZC1RH81rmMg9Qk,10.0.2.15,56251,95.172.94.50,443,TLSv12,TLS_ECDHE_RSA_WITH_AES_128_GCM_SHA256,secp256r1,secure.quantserve.com,False,True,CsxknGIti,"['7d39ee69bdac843654f44bb3164a243b3e8c527019b6225992e5d36771f19e8f', '19400be5b7a31fb733917700789d2f0a2471c0c9d506c0e504c06c16d7cb17c0']",[],1.0,0ffee3ba8e615ad22535e7f771690a28,ccc514751b175866924439bdbb5bba34,,,9645.257969,10.0.2.15,56251,95.172.94.50,443,tcp,10.414145000000644,324.0,3323.0,SF,True,False,0,ShADadTfF,10,733,12,3807,ssl,0
9645.642686,CTsLPq3uXLpv1LyCub,10.0.2.15,56249,166.108.32.248,443,TLSv12,TLS_RSA_WITH_AES_256_CBC_SHA,,account.kansascity.com,True,True,CsiI,,,,0ffee3ba8e615ad22535e7f771690a28,db8185c4eafa7114cadaf05965b09ef0,,,9645.253925,10.0.2.15,56249,166.108.32.248,443,tcp,2.00977899999998,2156.0,682.0,SF,True,False,0,ShADadfF,9,2524,10,1086,ssl,0
9645.914903,CsQr1Q3Ebx7DugX6j8,10.0.2.15,56254,54.192.93.150,443,TLSv12,TLS_ECDHE_RSA_WITH_AES_128_GCM_SHA256,,rules.quantcount.com,True,True,CsiI,,,,1a5fe5677b0e4fbbc854e8908225637d,d199ba0af2b08e204c73d6d81a1fd260,h2,,9645.651186,10.0.2.15,56254,54.192.93.150,443,tcp,196.44169900000088,1190.0,792.0,SF,True,False,0,ShADadFf,18,1918,20,1596,ssl,0
9645.916205,CXpsdHQ3JOO7vO6Y7,10.0.2.15,56253,95.172.94.51,443,TLSv12,TLS_ECDHE_RSA_WITH_AES_128_GCM_SHA256,secp256r1,pixel.quantserve.com,False,True,CsxknGIti,"['7d39ee69bdac843654f44bb3164a243b3e8c527019b6225992e5d36771f19e8f', '19400be5b7a31fb733917700789d2f0a2471c0c9d506c0e504c06c16d7cb17c0']",[],1.0,0ffee3ba8e615ad22535e7f771690a28,ccc514751b175866924439bdbb5bba34,,,9645.650722,10.0.2.15,56253,95.172.94.51,443,tcp,14.091185999999652,1258.0,3637.0,SF,True,False,0,ShADadfF,10,1666,12,4121,ssl,0
9645.920244,CYiSbP2n9DZsLjBtV2,10.0.2.15,56252,54.175.183.234,443,TLSv12,TLS_ECDHE_RSA_WITH_AES_128_GCM_SHA256,secp256r1,www.i.matheranalytics.com,False,True,CsxknGIi,"['77d3a8e6062c9010cc2c9d674bd9da1ccc301e4b8abdd43c1660d9806f040656', '02ab57e4e67a0cb48dd2ff34830e8ac40f4476fb08ca6be3f5cd846f646840f0', '4f32d5dc00f715250abcc486511e37f501a899deb3bf7ea8adbbd3aef1c412da', '687fa451382278fff0c8b11f8d43d576671c6eb2bceab413fb83d965d06d2ff2']",[],1.0,0ffee3ba8e615ad22535e7f771690a28,303951d4c50efb2e991652225a6f02b1,,,9645.649826,10.0.2.15,56252,54.175.183.234,443,tcp,11.444101999999477,2619.0,7210.0,RSTO,True,False,0,ShADadFR,14,3187,17,7894,ssl,0
9646.328713,CO9O402g7yv21IHMLi,10.0.2.15,56257,95.172.94.51,443,TLSv12,TLS_ECDHE_RSA_WITH_AES_128_GCM_SHA256,secp256r1,pixel.quantserve.com,False,True,CsxknGIti,"['7d39ee69bdac843654f44bb3164a243b3e8c527019b6225992e5d36771f19e8f', '19400be5b7a31fb733917700789d2f0a2471c0c9d506c0e504c06c16d7cb17c0']",[],1.0,0ffee3ba8e615ad22535e7f771690a28,ccc514751b175866924439bdbb5bba34,,,9645.93502,10.0.2.15,56257,95.172.94.51,443,tcp,8.42688999999882,354.0,3323.0,RSTO,True,False,0,ShADadFR,10,762,10,3727,ssl,0
9646.329878,CxHmzs2cDubk4q4fyl,10.0.2.15,56256,54.175.183.234,443,TLSv12,TLS_ECDHE_RSA_WITH_AES_128_GCM_SHA256,secp256r1,www.i.matheranalytics.com,False,True,CsxknGIi,"['77d3a8e6062c9010cc2c9d674bd9da1ccc301e4b8abdd43c1660d9806f040656', '02ab57e4e67a0cb48dd2ff34830e8ac40f4476fb08ca6be3f5cd846f646840f0', '4f32d5dc00f715250abcc486511e37f501a899deb3bf7ea8adbbd3aef1c412da', '687fa451382278fff0c8b11f8d43d576671c6eb2bceab413fb83d965d06d2ff2']",[],1.0,0ffee3ba8e615ad22535e7f771690a28,303951d4c50efb2e991652225a6f02b1,,,9645.934536,10.0.2.15,56256,54.175.183.234,443,tcp,8.504601999999068,359.0,6476.0,RSTO,True,False,0,ShADadFR,10,767,13,7000,ssl,0
9646.729605,Cq408n2VoWsc82Puki,10.0.2.15,56258,52.85.189.191,443,TLSv12,TLS_ECDHE_RSA_WITH_AES_128_GCM_SHA256,,script.crazyegg.com,True,True,CsiI,,,,1a5fe5677b0e4fbbc854e8908225637d,d199ba0af2b08e204c73d6d81a1fd260,http/1.1,,9646.342343,10.0.2.15,56258,52.85.189.191,443,tcp,121.62415299999884,903.0,4418.0,SF,True,False,0,ShADadTTfF,20,1722,23,5342,ssl,0
9648.505134,CFI0Pu2z8VE9ltZdJ4,10.0.2.15,56260,54.230.93.65,443,TLSv12,TLS_ECDHE_RSA_WITH_AES_128_GCM_SHA256,secp256r1,cdn.yldbt.com,False,True,CsxuknGIti,"['0b98788855581cc04da810a04fcc55d010b562e9b1f17bbf30469cae959bfb6f', '973a41276ffd01e027a2aad49e34c37846d3e976ff6a620b6712e33832041aa6', '3a2fbe92891e57fe05d57087f48e730f17e5a5f53ef403d618e5b74d7a7e6ecb', 'c3846bf24b9e93ca64274c0ec67c1ecc5e024ffcacd2d74019350e81fe546ae4']",[],1.0,0ffee3ba8e615ad22535e7f771690a28,76cc3e2d3028143b23ec18e27dbd7ca9,http/1.1,,9647.843571,10.0.2.15,56260,54.230.93.65,443,tcp,126.07155500000044,671.0,15414.0,SF,True,False,0,ShADadTTfF,24,1650,32,16698,ssl,0
9648.915561,CiMLlT34fyLmg8OUW7,10.0.2.15,56262,54.192.95.240,443,TLSv12,TLS_ECDHE_RSA_WITH_AES_128_GCM_SHA256,,c.amazon-adsystem.com,True,True,CsiI,,,,1a5fe5677b0e4fbbc854e8908225637d,d199ba0af2b08e204c73d6d81a1fd260,http/1.1,,9648.323546,10.0.2.15,56262,54.192.95.240,443,tcp,11.859690000001136,599.0,156.0,SF,True,False,0,ShADadTFf,8,928,8,480,ssl,0
9648.912626,CWzEYI2SfoqbzWv6o8,10.0.2.15,56263,54.192.95.240,443,TLSv12,TLS_ECDHE_RSA_WITH_AES_128_GCM_SHA256,,c.amazon-adsystem.com,True,True,CsiI,,,,1a5fe5677b0e4fbbc854e8908225637d,d199ba0af2b08e204c73d6d81a1fd260,http/1.1,,9648.343331,10.0.2.15,56263,54.192.95.240,443,tcp,121.4262409999992,939.0,5992.0,SF,True,False,0,ShADadTTfF,20,1758,25,6996,ssl,0
9649.726798,CdGNkQ3uEUnFbzMDcf,10.0.2.15,56275,37.252.172.27,443,TLSv12,TLS_ECDHE_RSA_WITH_AES_256_GCM_SHA384,secp256r1,ib.adnxs.com,False,True,CsxuknGIti,"['5b081650e8034418a37504ce0820892be5a66474578207711eb688243fe1a8f2', '074541ecdf88ed992ed5ade3ecddef27a26ba1b44480a195c0a8dadae2521d8e']",[],1.0,0ffee3ba8e615ad22535e7f771690a28,d53e4608f956df65bb2b8a8c4d3b025d,,,9649.428112,10.0.2.15,56275,37.252.172.27,443,tcp,21.16535900000053,6111.0,12078.0,SF,True,False,0,ShADadfF,17,6799,24,13042,ssl,0
9649.728244,CJZ9v53OyM4TJmNs7,10.0.2.15,56274,37.252.172.27,443,TLSv12,TLS_ECDHE_RSA_WITH_AES_256_GCM_SHA384,secp256r1,ib.adnxs.com,False,True,CsxuknGIti,"['5b081650e8034418a37504ce0820892be5a66474578207711eb688243fe1a8f2', '074541ecdf88ed992ed5ade3ecddef27a26ba1b44480a195c0a8dadae2521d8e']",[],1.0,0ffee3ba8e615ad22535e7f771690a28,d53e4608f956df65bb2b8a8c4d3b025d,,,9649.42707,10.0.2.15,56274,37.252.172.27,443,tcp,22.093590000000404,6100.0,14307.0,SF,True,False,0,ShADadfF,16,6748,24,15271,ssl,0
9649.729705,CA2pxG3zGYMWozSCG2,10.0.2.15,56273,37.252.172.27,443,TLSv12,TLS_ECDHE_RSA_WITH_AES_256_GCM_SHA384,secp256r1,ib.adnxs.com,False,True,CsxuknGIti,"['5b081650e8034418a37504ce0820892be5a66474578207711eb688243fe1a8f2', '074541ecdf88ed992ed5ade3ecddef27a26ba1b44480a195c0a8dadae2521d8e']",[],1.0,0ffee3ba8e615ad22535e7f771690a28,d53e4608f956df65bb2b8a8c4d3b025d,,,9649.426558,10.0.2.15,56273,37.252.172.27,443,tcp,22.103080000000773,6115.0,12080.0,SF,True,False,0,ShADadfF,15,6723,21,12924,ssl,0
9649.730488,C8bWCZ2Jgg6wTCte2e,10.0.2.15,56272,37.252.172.27,443,TLSv12,TLS_ECDHE_RSA_WITH_AES_256_GCM_SHA384,secp256r1,ib.adnxs.com,False,True,CsxuknGIti,"['5b081650e8034418a37504ce0820892be5a66474578207711eb688243fe1a8f2', '074541ecdf88ed992ed5ade3ecddef27a26ba1b44480a195c0a8dadae2521d8e']",[],1.0,0ffee3ba8e615ad22535e7f771690a28,d53e4608f956df65bb2b8a8c4d3b025d,,,9649.425757,10.0.2.15,56272,37.252.172.27,443,tcp,22.265933999999103,6107.0,12077.0,SF,True,False,0,ShADadfF,16,6755,23,13001,ssl,0
9649.732269,CEiHMT2DO0iScPEPD3,10.0.2.15,56271,37.252.172.27,443,TLSv12,TLS_ECDHE_RSA_WITH_AES_256_GCM_SHA384,secp256r1,ib.adnxs.com,False,True,CsxuknGIti,"['5b081650e8034418a37504ce0820892be5a66474578207711eb688243fe1a8f2', '074541ecdf88ed992ed5ade3ecddef27a26ba1b44480a195c0a8dadae2521d8e']",[],1.0,0ffee3ba8e615ad22535e7f771690a28,d53e4608f956df65bb2b8a8c4d3b025d,,,9649.423818,10.0.2.15,56271,37.252.172.27,443,tcp,22.09802800000034,6094.0,12078.0,SF,True,False,0,ShADadfF,15,6702,22,12962,ssl,0
9649.733777,ClwuCc4dFuiOGjmYQ7,10.0.2.15,56270,37.252.172.27,443,TLSv12,TLS_ECDHE_RSA_WITH_AES_256_GCM_SHA384,secp256r1,ib.adnxs.com,False,True,CsxuknGIti,"['5b081650e8034418a37504ce0820892be5a66474578207711eb688243fe1a8f2', '074541ecdf88ed992ed5ade3ecddef27a26ba1b44480a195c0a8dadae2521d8e']",[],1.0,0ffee3ba8e615ad22535e7f771690a28,d53e4608f956df65bb2b8a8c4d3b025d,,,9649.423215,10.0.2.15,56270,37.252.172.27,443,tcp,22.2695909999984,6085.0,12080.0,SF,True,False,0,ShADadfF,15,6693,22,12964,ssl,0
9649.734856,CBskCz3K6z3eQMrDlh,10.0.2.15,56269,62.67.193.97,443,TLSv12,TLS_RSA_WITH_AES_256_CBC_SHA,,fastlane.rubiconproject.com,False,True,CsxnGIi,"['323de379ee34a94e415f63b56183d0d5d0e5a863f4ac89f97dc40ae81cc021c8', '154c433c491929c5ef686e838e323664a00e6a0d822ccc958fb4dab03e49a08f']",[],1.0,0ffee3ba8e615ad22535e7f771690a28,0a917d753018dad73d9899ace370f8d8,,,9649.421997,10.0.2.15,56269,62.67.193.97,443,tcp,19.063396000001376,11105.0,5966.0,SF,True,False,0,ShADadFf,19,11873,20,6770,ssl,0
9649.736111,CtSyX72mNt6IXIaGSl,10.0.2.15,56268,62.67.193.97,443,TLSv12,TLS_RSA_WITH_AES_256_CBC_SHA,,fastlane.rubiconproject.com,False,True,CsxnGIi,"['323de379ee34a94e415f63b56183d0d5d0e5a863f4ac89f97dc40ae81cc021c8', '154c433c491929c5ef686e838e323664a00e6a0d822ccc958fb4dab03e49a08f']",[],1.0,0ffee3ba8e615ad22535e7f771690a28,0a917d753018dad73d9899ace370f8d8,,,9649.421224,10.0.2.15,56268,62.67.193.97,443,tcp,19.05982200000108,11105.0,6739.0,SF,True,False,0,ShADadFf,19,11873,21,7583,ssl,0
9649.737498,C8ZOrW6ONpdfqgnMf,10.0.2.15,56267,62.67.193.97,443,TLSv12,TLS_RSA_WITH_AES_256_CBC_SHA,,fastlane.rubiconproject.com,False,True,CsxnGIi,"['323de379ee34a94e415f63b56183d0d5d0e5a863f4ac89f97dc40ae81cc021c8', '154c433c491929c5ef686e838e323664a00e6a0d822ccc958fb4dab03e49a08f']",[],1.0,0ffee3ba8e615ad22535e7f771690a28,0a917d753018dad73d9899ace370f8d8,,,9649.420572,10.0.2.15,56267,62.67.193.97,443,tcp,17.734992999998212,5852.0,4601.0,SF,True,False,0,ShADadFf,14,6420,15,5205,ssl,0
9649.739103,CbCHRm4xeDRQBFrne4,10.0.2.15,56266,62.67.193.97,443,TLSv12,TLS_RSA_WITH_AES_256_CBC_SHA,,fastlane.rubiconproject.com,False,True,CsxnGIi,"['323de379ee34a94e415f63b56183d0d5d0e5a863f4ac89f97dc40ae81cc021c8', '154c433c491929c5ef686e838e323664a00e6a0d822ccc958fb4dab03e49a08f']",[],1.0,0ffee3ba8e615ad22535e7f771690a28,0a917d753018dad73d9899ace370f8d8,,,9649.373651,10.0.2.15,56266,62.67.193.97,443,tcp,17.768378000000666,5852.0,4313.0,SF,True,False,0,ShADadFf,14,6420,15,4917,ssl,0
9649.740318,Csp47I16ypGvkUMwO8,10.0.2.15,56265,62.67.193.97,443,TLSv12,TLS_RSA_WITH_AES_256_CBC_SHA,,fastlane.rubiconproject.com,False,True,CsxnGIi,"['323de379ee34a94e415f63b56183d0d5d0e5a863f4ac89f97dc40ae81cc021c8', '154c433c491929c5ef686e838e323664a00e6a0d822ccc958fb4dab03e49a08f']",[],1.0,0ffee3ba8e615ad22535e7f771690a28,0a917d753018dad73d9899ace370f8d8,,,9649.369986,10.0.2.15,56265,62.67.193.97,443,tcp,17.78564700000061,5852.0,4729.0,SF,True,False,0,ShADadFf,14,6420,15,5333,ssl,0
9649.74144,CCJK3D3g8GOyqJOB1i,10.0.2.15,56264,62.67.193.97,443,TLSv12,TLS_RSA_WITH_AES_256_CBC_SHA,,fastlane.rubiconproject.com,False,True,CsxnGIi,"['323de379ee34a94e415f63b56183d0d5d0e5a863f4ac89f97dc40ae81cc021c8', '154c433c491929c5ef686e838e323664a00e6a0d822ccc958fb4dab03e49a08f']",[],1.0,0ffee3ba8e615ad22535e7f771690a28,0a917d753018dad73d9899ace370f8d8,,,9649.366998,10.0.2.15,56264,62.67.193.97,443,tcp,17.762770999999702,5852.0,4729.0,SF,True,False,0,ShADadTFf,15,6461,16,5373,ssl,0
9651.273807,CUP3hf4mhIEl56otoh,10.0.2.15,56300,95.101.245.177,443,TLSv12,TLS_ECDHE_RSA_WITH_AES_256_GCM_SHA384,,as-sec.casalemedia.com,True,True,CsiI,,,,1a5fe5677b0e4fbbc854e8908225637d,410b9bedaf65dd26c6fe547154d60db4,http/1.1,,9650.588325,10.0.2.15,56300,95.101.245.177,443,tcp,131.1119149999995,9204.0,2165.0,SF,True,False,0,ShADadTTFfRr,29,10384,29,3329,ssl,0
9651.361355,Cn3NLC4pwe5iTid126,10.0.2.15,56277,37.252.172.80,443,TLSv12,TLS_ECDHE_RSA_WITH_AES_256_GCM_SHA384,secp256r1,optimizedby.brealtime.com,False,True,CsxuknGIti,"['5b081650e8034418a37504ce0820892be5a66474578207711eb688243fe1a8f2', '074541ecdf88ed992ed5ade3ecddef27a26ba1b44480a195c0a8dadae2521d8e']",[],0.0,0ffee3ba8e615ad22535e7f771690a28,452c3b3abf0ed48df1b925f6977db72b,,,9650.495892,10.0.2.15,56277,37.252.172.80,443,tcp,6.211966999999277,359.0,4879.0,SF,True,False,0,ShADadfF,10,767,12,5363,ssl,0
9651.265166,Ct9sGIqQglhxgAa8k,10.0.2.15,56276,37.252.172.80,443,TLSv12,TLS_ECDHE_RSA_WITH_AES_256_GCM_SHA384,secp256r1,optimizedby.brealtime.com,False,True,CsxuknGIti,"['5b081650e8034418a37504ce0820892be5a66474578207711eb688243fe1a8f2', '074541ecdf88ed992ed5ade3ecddef27a26ba1b44480a195c0a8dadae2521d8e']",[],0.0,0ffee3ba8e615ad22535e7f771690a28,452c3b3abf0ed48df1b925f6977db72b,,,9650.494435,10.0.2.15,56276,37.252.172.80,443,tcp,6.211035000000265,359.0,4879.0,SF,True,False,0,ShADadfF,10,767,11,5323,ssl,0
9651.292341,CfOlNH8lO7fNPAbn4,10.0.2.15,56299,173.241.240.220,443,TLSv12,TLS_ECDHE_RSA_WITH_AES_128_GCM_SHA256,secp256r1,addkt-d.openx.net,False,True,CsxknGIi,"['ab7de06ea7a3de3225f335667d38750434931049f9e9cb0cb4a9caf5df22819c', '074541ecdf88ed992ed5ade3ecddef27a26ba1b44480a195c0a8dadae2521d8e']",[],1.0,0ffee3ba8e615ad22535e7f771690a28,699a80bdb17efe157c861f92c5bf5d1d,,,9650.585064,10.0.2.15,56299,173.241.240.220,443,tcp,15.446137999999335,1629.0,4402.0,SF,True,False,0,ShADadFfRr,13,2157,16,5046,ssl,0
9651.294174,CRLP0yhJkJ14nvmve,10.0.2.15,56298,173.241.240.220,443,TLSv12,TLS_ECDHE_RSA_WITH_AES_128_GCM_SHA256,secp256r1,addkt-d.openx.net,False,True,CsxknGIi,"['ab7de06ea7a3de3225f335667d38750434931049f9e9cb0cb4a9caf5df22819c', '074541ecdf88ed992ed5ade3ecddef27a26ba1b44480a195c0a8dadae2521d8e']",[],1.0,0ffee3ba8e615ad22535e7f771690a28,699a80bdb17efe157c861f92c5bf5d1d,,,9650.580539,10.0.2.15,56298,173.241.240.220,443,tcp,15.12652100000014,1627.0,4402.0,SF,True,False,0,ShADadFfRr,14,2195,17,5086,ssl,0
9651.297462,CNzMX8iMP893O4Pp1,10.0.2.15,56297,173.241.240.220,443,TLSv12,TLS_ECDHE_RSA_WITH_AES_128_GCM_SHA256,secp256r1,addkt-d.openx.net,False,True,CsxknGIi,"['ab7de06ea7a3de3225f335667d38750434931049f9e9cb0cb4a9caf5df22819c', '074541ecdf88ed992ed5ade3ecddef27a26ba1b44480a195c0a8dadae2521d8e']",[],1.0,0ffee3ba8e615ad22535e7f771690a28,699a80bdb17efe157c861f92c5bf5d1d,,,9650.578641,10.0.2.15,56297,173.241.240.220,443,tcp,15.855295999999726,1599.0,4289.0,RSTO,True,False,0,ShADadFR,13,2127,13,4813,ssl,0
9651.302315,Ctfne92Iz6VYYri8J7,10.0.2.15,56296,173.241.240.220,443,TLSv12,TLS_ECDHE_RSA_WITH_AES_128_GCM_SHA256,secp256r1,addkt-d.openx.net,False,True,CsxknGIi,"['ab7de06ea7a3de3225f335667d38750434931049f9e9cb0cb4a9caf5df22819c', '074541ecdf88ed992ed5ade3ecddef27a26ba1b44480a195c0a8dadae2521d8e']",[],1.0,0ffee3ba8e615ad22535e7f771690a28,699a80bdb17efe157c861f92c5bf5d1d,,,9650.571653,10.0.2.15,56296,173.241.240.220,443,tcp,15.016719999999625,1599.0,4320.0,SF,True,False,0,ShADadFfRr,13,2127,15,4924,ssl,0
9651.303764,CNj9L82PoQjzfs7e1f,10.0.2.15,56295,173.241.240.220,443,TLSv12,TLS_ECDHE_RSA_WITH_AES_128_GCM_SHA256,secp256r1,addkt-d.openx.net,False,True,CsxknGIi,"['ab7de06ea7a3de3225f335667d38750434931049f9e9cb0cb4a9caf5df22819c', '074541ecdf88ed992ed5ade3ecddef27a26ba1b44480a195c0a8dadae2521d8e']",[],1.0,0ffee3ba8e615ad22535e7f771690a28,699a80bdb17efe157c861f92c5bf5d1d,,,9650.558079,10.0.2.15,56295,173.241.240.220,443,tcp,15.923321999998734,1631.0,4330.0,RSTO,True,False,0,ShADadFR,12,2119,12,4814,ssl,0
9651.306275,C1U32b32GTQsAMK1zb,10.0.2.15,56293,37.252.172.27,443,TLSv12,TLS_ECDHE_RSA_WITH_AES_256_GCM_SHA384,,secure.adnxs.com,True,True,CsiI,,,,1a5fe5677b0e4fbbc854e8908225637d,266bd998df907f9d5064d7f4c208b200,,,9650.510317,10.0.2.15,56293,37.252.172.27,443,tcp,12.045205000000353,3504.0,3795.0,SF,True,False,0,ShADadfF,11,3952,13,4319,ssl,0
9651.307784,C7fmf74YIUkLIhfr1a,10.0.2.15,56292,37.252.172.27,443,TLSv12,TLS_ECDHE_RSA_WITH_AES_256_GCM_SHA384,,secure.adnxs.com,True,True,CsiI,,,,1a5fe5677b0e4fbbc854e8908225637d,266bd998df907f9d5064d7f4c208b200,,,9650.509571,10.0.2.15,56292,37.252.172.27,443,tcp,12.05609799999911,3505.0,3794.0,SF,True,False,0,ShADadfF,12,3993,14,4358,ssl,0
9651.308721,CZuFhp3RT2DEK82BM,10.0.2.15,56291,37.252.172.27,443,TLSv12,TLS_ECDHE_RSA_WITH_AES_256_GCM_SHA384,,secure.adnxs.com,True,True,CsiI,,,,1a5fe5677b0e4fbbc854e8908225637d,266bd998df907f9d5064d7f4c208b200,,,9650.508282,10.0.2.15,56291,37.252.172.27,443,tcp,12.0555260000001,3501.0,3792.0,SF,True,False,0,ShADadfF,12,3989,14,4356,ssl,0
9651.305619,CDWXO9tTFQSxn1NG9,10.0.2.15,56294,173.241.240.220,443,TLSv12,TLS_ECDHE_RSA_WITH_AES_128_GCM_SHA256,secp256r1,addkt-d.openx.net,False,True,CsxknGIi,"['ab7de06ea7a3de3225f335667d38750434931049f9e9cb0cb4a9caf5df22819c', '074541ecdf88ed992ed5ade3ecddef27a26ba1b44480a195c0a8dadae2521d8e']",[],1.0,0ffee3ba8e615ad22535e7f771690a28,699a80bdb17efe157c861f92c5bf5d1d,,,9650.511562,10.0.2.15,56294,173.241.240.220,443,tcp,15.388033000001087,1629.0,4322.0,SF,True,False,0,ShADadFfRr,13,2157,15,4926,ssl,0
9651.309274,Ci1cJKAwppwUHzf8,10.0.2.15,56290,37.252.172.27,443,TLSv12,TLS_ECDHE_RSA_WITH_AES_256_GCM_SHA384,,secure.adnxs.com,True,True,CsiI,,,,1a5fe5677b0e4fbbc854e8908225637d,266bd998df907f9d5064d7f4c208b200,,,9650.506317,10.0.2.15,56290,37.252.172.27,443,tcp,12.04173400000036,3500.0,3792.0,SF,True,False,0,ShADadfF,11,3948,13,4316,ssl,0
9651.310268,C1XoyP3hkXaCrGH6Td,10.0.2.15,56289,37.252.172.27,443,TLSv12,TLS_ECDHE_RSA_WITH_AES_256_GCM_SHA384,,secure.adnxs.com,True,True,CsiI,,,,1a5fe5677b0e4fbbc854e8908225637d,266bd998df907f9d5064d7f4c208b200,,,9650.505818,10.0.2.15,56289,37.252.172.27,443,tcp,12.041090000000622,3490.0,3794.0,SF,True,False,0,ShADadfF,11,3938,13,4318,ssl,0
9651.310937,CgCBv14rhNeJxQXmHb,10.0.2.15,56288,37.252.172.27,443,TLSv12,TLS_ECDHE_RSA_WITH_AES_256_GCM_SHA384,,secure.adnxs.com,True,True,CsiI,,,,1a5fe5677b0e4fbbc854e8908225637d,266bd998df907f9d5064d7f4c208b200,,,9650.505094,10.0.2.15,56288,37.252.172.27,443,tcp,12.04989199999909,3490.0,3794.0,SF,True,False,0,ShADadfF,11,3938,13,4318,ssl,0
9651.317123,CBF7Aa1AdJIwfqEUz5,10.0.2.15,56281,37.252.172.80,443,TLSv12,TLS_ECDHE_RSA_WITH_AES_256_GCM_SHA384,secp256r1,optimizedby.brealtime.com,False,True,CsxuknGIti,"['5b081650e8034418a37504ce0820892be5a66474578207711eb688243fe1a8f2', '074541ecdf88ed992ed5ade3ecddef27a26ba1b44480a195c0a8dadae2521d8e']",[],0.0,0ffee3ba8e615ad22535e7f771690a28,452c3b3abf0ed48df1b925f6977db72b,,,9650.498744,10.0.2.15,56281,37.252.172.80,443,tcp,10.0339929999991,359.0,4879.0,SF,True,False,0,ShADadFf,10,767,11,5323,ssl,0
9651.320982,CNpAwe2tuerJdq9JV4,10.0.2.15,56280,37.252.172.80,443,TLSv12,TLS_ECDHE_RSA_WITH_AES_256_GCM_SHA384,secp256r1,optimizedby.brealtime.com,False,True,CsxuknGIti,"['5b081650e8034418a37504ce0820892be5a66474578207711eb688243fe1a8f2', '074541ecdf88ed992ed5ade3ecddef27a26ba1b44480a195c0a8dadae2521d8e']",[],0.0,0ffee3ba8e615ad22535e7f771690a28,452c3b3abf0ed48df1b925f6977db72b,,,9650.497835,10.0.2.15,56280,37.252.172.80,443,tcp,10.39049999999952,359.0,4879.0,SF,True,False,0,ShADadfF,10,767,11,5323,ssl,0
9651.331734,C4Y0LC4OX98IBPAy74,10.0.2.15,56279,37.252.172.80,443,TLSv12,TLS_ECDHE_RSA_WITH_AES_256_GCM_SHA384,secp256r1,optimizedby.brealtime.com,False,True,CsxuknGIti,"['5b081650e8034418a37504ce0820892be5a66474578207711eb688243fe1a8f2', '074541ecdf88ed992ed5ade3ecddef27a26ba1b44480a195c0a8dadae2521d8e']",[],0.0,0ffee3ba8e615ad22535e7f771690a28,452c3b3abf0ed48df1b925f6977db72b,,,9650.497323,10.0.2.15,56279,37.252.172.80,443,tcp,10.384885999999824,359.0,4879.0,SF,True,False,0,ShADadfF,10,767,11,5323,ssl,0
9651.31169,C9UG4Q3VlGReXJ9YHg,10.0.2.15,56287,152.163.66.131,443,TLSv12,TLS_RSA_WITH_AES_128_CBC_SHA,,adserver.adtechus.com,False,True,CsxnGIi,"['44ece7e30b43e443909ae7a302f38efd8870eb688ae56b799946ce3cf62fbf0a', '3b0cc20384ad7f24eb438f2b80c63ebe003f7f215b8877e418ebb0484028db57', '6b143c2005d5539cc22eab5f772db2a9fe87467feffa07fcf0a9f7d28274ca7a']",[],1.0,0ffee3ba8e615ad22535e7f771690a28,5397c414a9ebeaff1bf18b70ca22eaa0,,,9650.503557,10.0.2.15,56287,152.163.66.131,443,tcp,24.71366099999977,1137.0,6033.0,SF,True,False,0,ShADadTfF,12,1626,15,6637,ssl,0
9651.357324,CmtnLM1fxlVEO6Hr5e,10.0.2.15,56278,37.252.172.80,443,TLSv12,TLS_ECDHE_RSA_WITH_AES_256_GCM_SHA384,secp256r1,optimizedby.brealtime.com,False,True,CsxuknGIti,"['5b081650e8034418a37504ce0820892be5a66474578207711eb688243fe1a8f2', '074541ecdf88ed992ed5ade3ecddef27a26ba1b44480a195c0a8dadae2521d8e']",[],0.0,0ffee3ba8e615ad22535e7f771690a28,452c3b3abf0ed48df1b925f6977db72b,,,9650.496834,10.0.2.15,56278,37.252.172.80,443,tcp,10.390987000000678,359.0,4879.0,SF,True,False,0,ShADadfF,10,767,11,5323,ssl,0
9651.313964,C6yoUz3lTW4FjEJdO9,10.0.2.15,56285,152.163.66.131,443,TLSv12,TLS_RSA_WITH_AES_128_CBC_SHA,,adserver.adtechus.com,False,True,CsxnGIi,"['44ece7e30b43e443909ae7a302f38efd8870eb688ae56b799946ce3cf62fbf0a', '3b0cc20384ad7f24eb438f2b80c63ebe003f7f215b8877e418ebb0484028db57', '6b143c2005d5539cc22eab5f772db2a9fe87467feffa07fcf0a9f7d28274ca7a']",[],1.0,0ffee3ba8e615ad22535e7f771690a28,5397c414a9ebeaff1bf18b70ca22eaa0,,,9650.501375,10.0.2.15,56285,152.163.66.131,443,tcp,26.00648000000001,1137.0,6033.0,SF,True,False,0,ShADadTfF,12,1626,15,6637,ssl,0
9651.312862,COnL3y4pNNoxskGoTc,10.0.2.15,56286,152.163.66.131,443,TLSv12,TLS_RSA_WITH_AES_128_CBC_SHA,,adserver.adtechus.com,False,True,CsxnGIi,"['44ece7e30b43e443909ae7a302f38efd8870eb688ae56b799946ce3cf62fbf0a', '3b0cc20384ad7f24eb438f2b80c63ebe003f7f215b8877e418ebb0484028db57', '6b143c2005d5539cc22eab5f772db2a9fe87467feffa07fcf0a9f7d28274ca7a']",[],1.0,0ffee3ba8e615ad22535e7f771690a28,5397c414a9ebeaff1bf18b70ca22eaa0,,,9650.50229,10.0.2.15,56286,152.163.66.131,443,tcp,25.330814999999347,1137.0,6033.0,SF,True,False,0,ShADadTfF,12,1626,15,6637,ssl,0
9651.315455,ChVwAT2L4sKH9ruOUi,10.0.2.15,56282,152.163.66.131,443,TLSv12,TLS_RSA_WITH_AES_128_CBC_SHA,,adserver.adtechus.com,False,True,CsxnGIi,"['44ece7e30b43e443909ae7a302f38efd8870eb688ae56b799946ce3cf62fbf0a', '3b0cc20384ad7f24eb438f2b80c63ebe003f7f215b8877e418ebb0484028db57', '6b143c2005d5539cc22eab5f772db2a9fe87467feffa07fcf0a9f7d28274ca7a']",[],1.0,0ffee3ba8e615ad22535e7f771690a28,5397c414a9ebeaff1bf18b70ca22eaa0,,,9650.499782,10.0.2.15,56282,152.163.66.131,443,tcp,26.6733639999984,1137.0,6033.0,SF,True,False,0,ShADadTfF,12,1626,15,6637,ssl,0
9651.314433,CGDX1j4qy9lXZLcdq1,10.0.2.15,56284,152.163.66.131,443,TLSv12,TLS_RSA_WITH_AES_128_CBC_SHA,,adserver.adtechus.com,False,True,CsxnGIi,"['44ece7e30b43e443909ae7a302f38efd8870eb688ae56b799946ce3cf62fbf0a', '3b0cc20384ad7f24eb438f2b80c63ebe003f7f215b8877e418ebb0484028db57', '6b143c2005d5539cc22eab5f772db2a9fe87467feffa07fcf0a9f7d28274ca7a']",[],1.0,0ffee3ba8e615ad22535e7f771690a28,5397c414a9ebeaff1bf18b70ca22eaa0,,,9650.500882,10.0.2.15,56284,152.163.66.131,443,tcp,25.00601099999949,1137.0,6033.0,SF,True,False,0,ShADadTfF,12,1626,15,6637,ssl,0
9651.314883,CpkvGW2UmLXlTpbwdd,10.0.2.15,56283,152.163.66.131,443,TLSv12,TLS_RSA_WITH_AES_128_CBC_SHA,,adserver.adtechus.com,False,True,CsxnGIi,"['44ece7e30b43e443909ae7a302f38efd8870eb688ae56b799946ce3cf62fbf0a', '3b0cc20384ad7f24eb438f2b80c63ebe003f7f215b8877e418ebb0484028db57', '6b143c2005d5539cc22eab5f772db2a9fe87467feffa07fcf0a9f7d28274ca7a']",[],1.0,0ffee3ba8e615ad22535e7f771690a28,5397c414a9ebeaff1bf18b70ca22eaa0,,,9650.500302,10.0.2.15,56283,152.163.66.131,443,tcp,27.98732999999993,1137.0,6033.0,SF,True,False,0,ShADadTfF,12,1626,15,6637,ssl,0
9660.338538,C5hSIi3cVrkSxE3gC2,10.0.2.15,56301,172.217.23.238,443,TLSv12,TLS_ECDHE_ECDSA_WITH_AES_128_GCM_SHA256,x25519,cse.google.com,False,True,CsxknGIti,"['11ddd329046367c19b32ffdb02ed308de129de4d6ffcf95856d7bd6a7accfba9', '9f630426df1d8abfd80ace98871ba833ab9742cb34838de2b5285ed54c0c7dcc', '3c35cc963eb004451323d3275d05b353235053490d9cd83729a2faf5e7ca1cc0']",[],1.0,0ffee3ba8e615ad22535e7f771690a28,84480cf8cf0e732666092640e581e1a5,h2,,9659.927578,10.0.2.15,56301,172.217.23.238,443,tcp,6.442884999998569,347.0,4384.0,RSTR,True,False,0,ShADadRr,10,755,10,4788,ssl,0
9663.701338,CAtHuo1AdfFete1tP3,10.0.2.15,56303,52.94.220.16,443,TLSv12,TLS_ECDHE_RSA_WITH_AES_128_GCM_SHA256,secp256r1,aax.amazon-adsystem.com,False,True,CsxuknGIi,"['0b4e7df09d4f64b59af32ee16a71ad7d8947ded5f2a2bd4acfcc9f187fdf36c9', 'eae72eb454bf6c3977ebd289e970b2f5282949190093d0d26f98d0f0d6a9cf17']",[],1.0,0ffee3ba8e615ad22535e7f771690a28,2b1f517a72b7346c86d59ef328167d49,,,9662.303253,10.0.2.15,56303,52.94.220.16,443,tcp,4.150052999999389,358.0,5057.0,SF,True,False,0,ShADadFf,9,726,10,5461,ssl,0
9663.702953,CTUyep4ofDV1zY4Ddk,10.0.2.15,56302,52.94.220.16,443,TLSv12,TLS_ECDHE_RSA_WITH_AES_128_GCM_SHA256,secp256r1,aax.amazon-adsystem.com,False,True,CsxuknGIi,"['0b4e7df09d4f64b59af32ee16a71ad7d8947ded5f2a2bd4acfcc9f187fdf36c9', 'eae72eb454bf6c3977ebd289e970b2f5282949190093d0d26f98d0f0d6a9cf17']",[],1.0,0ffee3ba8e615ad22535e7f771690a28,2b1f517a72b7346c86d59ef328167d49,,,9662.302619,10.0.2.15,56302,52.94.220.16,443,tcp,8.323565999999119,389.0,5057.0,SF,True,False,0,ShADadFf,10,797,11,5501,ssl,0
9666.777532,Ce7Hn82JKoTVYuJpre,10.0.2.15,56308,166.108.32.248,443,TLSv12,TLS_RSA_WITH_AES_256_CBC_SHA,,account.kansascity.com,True,True,CsiI,,,,0ffee3ba8e615ad22535e7f771690a28,db8185c4eafa7114cadaf05965b09ef0,,,9666.472397,10.0.2.15,56308,166.108.32.248,443,tcp,1.429643000001306,2748.0,682.0,SF,True,False,0,ShADadfF,9,3116,10,1086,ssl,0
9666.778821,C59kCa10ZtOS2jin96,10.0.2.15,56309,166.108.32.248,443,TLSv12,TLS_RSA_WITH_AES_256_CBC_SHA,,account.kansascity.com,True,True,CsiI,,,,0ffee3ba8e615ad22535e7f771690a28,db8185c4eafa7114cadaf05965b09ef0,,,9666.473452,10.0.2.15,56309,166.108.32.248,443,tcp,1.5681100000001602,2188.0,8526.0,SF,True,False,0,ShADadfF,12,2676,18,9250,ssl,0
9668.043732,CXysFv2ywggI0K6TS6,10.0.2.15,56311,173.241.240.143,443,TLSv12,TLS_ECDHE_RSA_WITH_AES_128_GCM_SHA256,secp256r1,us-u.openx.net,False,True,CsxknGIi,"['ab7de06ea7a3de3225f335667d38750434931049f9e9cb0cb4a9caf5df22819c', '074541ecdf88ed992ed5ade3ecddef27a26ba1b44480a195c0a8dadae2521d8e']",[],1.0,0ffee3ba8e615ad22535e7f771690a28,699a80bdb17efe157c861f92c5bf5d1d,,,9667.744286,10.0.2.15,56311,173.241.240.143,443,tcp,6.397905000001629,380.0,3124.0,SF,True,False,0,ShADadFfRr,10,788,12,3608,ssl,0
9668.045453,Cz4nkT29g2PQhgaV54,10.0.2.15,56310,173.241.240.143,443,TLSv12,TLS_ECDHE_RSA_WITH_AES_128_GCM_SHA256,secp256r1,us-u.openx.net,False,True,CsxknGIi,"['ab7de06ea7a3de3225f335667d38750434931049f9e9cb0cb4a9caf5df22819c', '074541ecdf88ed992ed5ade3ecddef27a26ba1b44480a195c0a8dadae2521d8e']",[],1.0,0ffee3ba8e615ad22535e7f771690a28,699a80bdb17efe157c861f92c5bf5d1d,,,9667.740823,10.0.2.15,56310,173.241.240.143,443,tcp,6.382691999999224,380.0,3124.0,SF,True,False,0,ShADadFfRr,11,828,12,3608,ssl,0
9668.96342,CzPl8U3imyn60TsJR5,10.0.2.15,56319,166.108.32.248,443,TLSv12,TLS_RSA_WITH_AES_256_CBC_SHA,,account.kansascity.com,True,True,CsiI,,,,0ffee3ba8e615ad22535e7f771690a28,db8185c4eafa7114cadaf05965b09ef0,,,9668.488723,10.0.2.15,56319,166.108.32.248,443,tcp,7.016861000000063,2220.0,682.0,SF,True,False,0,ShADadfF,9,2588,10,1086,ssl,0
9668.964616,C2Ow0Y1VtriYdNi64f,10.0.2.15,56318,166.108.32.248,443,TLSv12,TLS_RSA_WITH_AES_256_CBC_SHA,,account.kansascity.com,True,True,CsiI,,,,0ffee3ba8e615ad22535e7f771690a28,db8185c4eafa7114cadaf05965b09ef0,,,9668.488205,10.0.2.15,56318,166.108.32.248,443,tcp,8.564358999999968,359.0,165.0,SF,True,False,0,ShADadFf,7,647,7,449,ssl,0
9668.969529,Cxf0Ms1i6WDtPBwc7c,10.0.2.15,56317,166.108.32.248,443,TLSv12,TLS_RSA_WITH_AES_256_CBC_SHA,,account.kansascity.com,True,True,CsiI,,,,0ffee3ba8e615ad22535e7f771690a28,db8185c4eafa7114cadaf05965b09ef0,,,9668.484994,10.0.2.15,56317,166.108.32.248,443,tcp,8.558810999998968,359.0,165.0,SF,True,False,0,ShADadFf,7,647,7,449,ssl,0
9668.970568,CVkA9sVU0oYSfwnA4,10.0.2.15,56316,166.108.32.248,443,TLSv12,TLS_RSA_WITH_AES_256_CBC_SHA,,account.kansascity.com,True,True,CsiI,,,,0ffee3ba8e615ad22535e7f771690a28,db8185c4eafa7114cadaf05965b09ef0,,,9668.48326,10.0.2.15,56316,166.108.32.248,443,tcp,8.585622999999032,359.0,165.0,SF,True,False,0,ShADadFf,7,647,7,449,ssl,0
9668.971944,CnS56w18i6iIBIUTae,10.0.2.15,56315,166.108.32.248,443,TLSv12,TLS_RSA_WITH_AES_256_CBC_SHA,,account.kansascity.com,True,True,CsiI,,,,0ffee3ba8e615ad22535e7f771690a28,db8185c4eafa7114cadaf05965b09ef0,,,9668.482658,10.0.2.15,56315,166.108.32.248,443,tcp,8.574299999998402,359.0,165.0,SF,True,False,0,ShADadFf,7,647,7,449,ssl,0
9668.977361,CZxpbh3B1LrmZOMj2d,10.0.2.15,56314,166.108.32.248,443,TLSv12,TLS_RSA_WITH_AES_256_CBC_SHA,,account.kansascity.com,True,True,CsiI,,,,0ffee3ba8e615ad22535e7f771690a28,db8185c4eafa7114cadaf05965b09ef0,,,9668.479228,10.0.2.15,56314,166.108.32.248,443,tcp,8.564640999999028,359.0,165.0,SF,True,False,0,ShADadFf,7,647,7,449,ssl,0
9670.773706,CBFGbV3DRN0LM7m16l,10.0.2.15,56329,198.232.125.123,443,TLSv12,TLS_ECDHE_RSA_WITH_AES_128_GCM_SHA256,secp256r1,maxcdn.bootstrapcdn.com,False,True,CsxknGIti,"['dc5627a252c252d6d6f680d52001ccf439f2ff2633c9f766d6d5ab6e85ee6433', 'e6683e88315cd1cb403c0cea490f7c4b4c82c91cd485037489aadbaa90839f61']",[],1.0,0ffee3ba8e615ad22535e7f771690a28,8d2a028aa94425f76ced7826b1f39039,h2,,9670.54381,10.0.2.15,56329,198.232.125.123,443,tcp,208.0404980000003,980.0,14430.0,SF,True,False,0,ShADadFf,26,2028,33,15754,ssl,0
9672.315503,CIsUpK3zMMuk4Ikv1e,10.0.2.15,56338,138.108.96.100,443,TLSv12,TLS_DHE_RSA_WITH_AES_256_CBC_SHA,,secure-us.imrworldwide.com,True,True,CsiI,,,,0ffee3ba8e615ad22535e7f771690a28,d90fa179c9daf35598ed8341272118f7,,,9670.603935,10.0.2.15,56338,138.108.96.100,443,tcp,3.207519000001411,928.0,586.0,SF,True,False,0,ShADadfF,9,1296,9,950,ssl,0
9672.318288,CnSVIU2ftNZBsH1i5l,10.0.2.15,56336,66.117.29.38,443,TLSv12,TLS_ECDHE_RSA_WITH_AES_256_GCM_SHA384,,nmkansascity.112.2o7.net,True,True,CsiI,,,,0ffee3ba8e615ad22535e7f771690a28,959bfcf87532cbff1253e80a4ee81308,,,9670.601849,10.0.2.15,56336,66.117.29.38,443,tcp,19.991737999998804,2548.0,956.0,SF,True,False,0,ShADadTFf,12,3037,11,1400,ssl,0
9672.317223,C69CsH1ng0L85J5lze,10.0.2.15,56337,23.64.15.25,443,TLSv12,TLS_ECDHE_ECDSA_WITH_AES_256_GCM_SHA384,secp256r1,edge.quantserve.com,False,True,CsxuknGIti,"['56d0de4121d9daaea7a1ed67ff7b49ba2ea3d77cbab1c27901ee618b74a29e16', '2e2861289b5ccedecae4c31bf262e0fb0c29b6c1530573442731ca65d821e901']",[],0.0,0ffee3ba8e615ad22535e7f771690a28,ca6f3b7b341bf732d741bd93e9b37436,http/1.1,,9670.602978,10.0.2.15,56337,23.64.15.25,443,tcp,3.21143899999879,353.0,3928.0,RSTO,True,False,0,ShADadfR,10,761,10,4332,ssl,0
9674.217237,CTdoIhDP8YPePLJm4,10.0.2.15,56341,54.175.183.234,443,TLSv12,TLS_ECDHE_RSA_WITH_AES_128_GCM_SHA256,,www.i.matheranalytics.com,True,True,CsiI,,,,0ffee3ba8e615ad22535e7f771690a28,303951d4c50efb2e991652225a6f02b1,,,9673.953314,10.0.2.15,56341,54.175.183.234,443,tcp,70.42331100000047,3864.0,1277.0,SF,True,False,0,ShADadTFf,17,4557,18,2001,ssl,0
9674.220317,CurWH61SCV3do3tJsb,10.0.2.15,56340,54.175.183.234,443,TLSv12,TLS_ECDHE_RSA_WITH_AES_128_GCM_SHA256,,www.i.matheranalytics.com,True,True,CsiI,,,,0ffee3ba8e615ad22535e7f771690a28,303951d4c50efb2e991652225a6f02b1,,,9673.952576,10.0.2.15,56340,54.175.183.234,443,tcp,6.762568000000101,316.0,176.0,SF,True,False,0,ShADadFfRr,8,644,9,540,ssl,0
9674.221587,CIJgUftvlq355G2Qa,10.0.2.15,56339,104.17.47.14,443,TLSv12,TLS_ECDHE_ECDSA_WITH_AES_128_GCM_SHA256,secp256r1,media.definition.org,False,True,CsxknGIti,"['01ac0495873c19747aad688feec1e640d19d258f356d7a8d3641dc1f01e863e0', 'cd6c108a0e641f2ca122aaa6d03f826759cae7c6f800eabf76dc48b67cd083ce', '9573862ac0b4b125168810ea3fd101ae2eb0bb15f61fc0e6da7a2a38b85a89e8']",[],1.0,0ffee3ba8e615ad22535e7f771690a28,2d1eb5817ece335c24904f516ad5da12,h2,,9673.952,10.0.2.15,56339,104.17.47.14,443,tcp,205.00828300000103,1001.0,12242.0,SF,True,False,0,ShADadFf,22,1889,29,13406,ssl,0
9674.693755,CzeaT03Hy1Pn0Jfqcg,10.0.2.15,56347,172.217.23.232,443,TLSv12,TLS_ECDHE_RSA_WITH_AES_128_GCM_SHA256,x25519,www.googletagmanager.com,False,True,CsxknGIti,"['31ed45c3400fc5f9a84dfaa0a6f6171369876ed4e2da669ee7f8edbe3593bf6b', '9f630426df1d8abfd80ace98871ba833ab9742cb34838de2b5285ed54c0c7dcc', '3c35cc963eb004451323d3275d05b353235053490d9cd83729a2faf5e7ca1cc0']",[],1.0,0ffee3ba8e615ad22535e7f771690a28,ab41313cfec25328b20865eb1388e0a2,h2,,9674.227877,10.0.2.15,56347,172.217.23.232,443,tcp,205.21512600000096,988.0,30710.0,SF,True,False,0,ShADadFf,30,2196,48,32634,ssl,0
9674.697308,CtDP8x3FYCPorMpOZ5,10.0.2.15,56343,172.217.23.232,443,TLSv12,TLS_ECDHE_RSA_WITH_AES_128_GCM_SHA256,x25519,www.googletagmanager.com,False,True,CsxknGIti,"['31ed45c3400fc5f9a84dfaa0a6f6171369876ed4e2da669ee7f8edbe3593bf6b', '9f630426df1d8abfd80ace98871ba833ab9742cb34838de2b5285ed54c0c7dcc', '3c35cc963eb004451323d3275d05b353235053490d9cd83729a2faf5e7ca1cc0']",[],1.0,0ffee3ba8e615ad22535e7f771690a28,ab41313cfec25328b20865eb1388e0a2,h2,,9674.225264,10.0.2.15,56343,172.217.23.232,443,tcp,4.492909999999028,566.0,4069.0,SF,True,False,0,ShADadFf,13,1094,14,4633,ssl,0
9678.057813,CxywE12OErFloLOV9,10.0.2.15,56355,166.108.32.248,443,TLSv12,TLS_RSA_WITH_AES_256_CBC_SHA,,account.kansascity.com,True,True,CsiI,,,,0ffee3ba8e615ad22535e7f771690a28,db8185c4eafa7114cadaf05965b09ef0,,,9677.421887,10.0.2.15,56355,166.108.32.248,443,tcp,2.711068999999042,2156.0,682.0,SF,True,False,0,ShADadfF,9,2524,10,1086,ssl,0
9678.477368,ChCHCF4Fb2QOy85cBg,10.0.2.15,56356,166.108.32.248,443,TLSv12,TLS_RSA_WITH_AES_256_CBC_SHA,,account.kansascity.com,True,True,CsiI,,,,0ffee3ba8e615ad22535e7f771690a28,db8185c4eafa7114cadaf05965b09ef0,,,9677.664116,10.0.2.15,56356,166.108.32.248,443,tcp,2.940393000000767,2492.0,682.0,SF,True,False,0,ShADadfF,9,2860,10,1086,ssl,0
9678.855637,CliTu83JHuXbXTxev6,10.0.2.15,56357,166.108.32.248,443,TLSv12,TLS_RSA_WITH_AES_256_CBC_SHA,,account.kansascity.com,True,True,CsiI,,,,0ffee3ba8e615ad22535e7f771690a28,db8185c4eafa7114cadaf05965b09ef0,,,9678.493711,10.0.2.15,56357,166.108.32.248,443,tcp,4.947979000000487,5532.0,682.0,SF,True,False,0,ShADadfF,11,5980,12,1166,ssl,0
9678.870695,CyfTN04oFT85TsUXSh,10.0.2.15,56358,166.108.32.248,443,TLSv12,TLS_RSA_WITH_AES_256_CBC_SHA,,account.kansascity.com,True,True,CsiI,,,,0ffee3ba8e615ad22535e7f771690a28,db8185c4eafa7114cadaf05965b09ef0,,,9678.499356,10.0.2.15,56358,166.108.32.248,443,tcp,9.086686999999074,359.0,165.0,SF,True,False,0,ShADadFf,7,647,7,449,ssl,0
9686.264854,Cxn9sp47JZCH198cae,10.0.2.15,56377,166.108.32.248,443,TLSv12,TLS_RSA_WITH_AES_256_CBC_SHA,,account.kansascity.com,True,True,CsiI,,,,0ffee3ba8e615ad22535e7f771690a28,db8185c4eafa7114cadaf05965b09ef0,,,9685.791022,10.0.2.15,56377,166.108.32.248,443,tcp,8.874964000000546,359.0,165.0,SF,True,False,0,ShADadFf,7,647,7,449,ssl,0
9691.381745,Ca5xRCAvObAHP2i0a,10.0.2.15,56394,104.244.43.80,443,TLSv12,TLS_ECDHE_RSA_WITH_AES_128_GCM_SHA256,secp256r1,static.ads-twitter.com,False,True,CsxuknGIti,"['57c868a580b1e1d5c88d4b5ac225b028e8774ddb7c0e68e7729c4df4ffc17086', '19400be5b7a31fb733917700789d2f0a2471c0c9d506c0e504c06c16d7cb17c0']",[],1.0,0ffee3ba8e615ad22535e7f771690a28,76cc3e2d3028143b23ec18e27dbd7ca9,http/1.1,,9690.554498,10.0.2.15,56394,104.244.43.80,443,tcp,13.585633000000598,732.0,4707.0,SF,True,False,0,ShADadfF,11,1180,13,5231,ssl,0
9691.526366,CxIJC42rO00ZRlG5q8,10.0.2.15,56387,54.243.149.15,443,TLSv12,TLS_ECDHE_RSA_WITH_AES_128_GCM_SHA256,secp256r1,rta247.com,False,True,CsxknGIi,"['c2af88229b6ad24698b2e6feaacd278f9c08777b7cb0b87b775b731439fabb69', '02ab57e4e67a0cb48dd2ff34830e8ac40f4476fb08ca6be3f5cd846f646840f0', '4f32d5dc00f715250abcc486511e37f501a899deb3bf7ea8adbbd3aef1c412da', '687fa451382278fff0c8b11f8d43d576671c6eb2bceab413fb83d965d06d2ff2']",[],1.0,0ffee3ba8e615ad22535e7f771690a28,303951d4c50efb2e991652225a6f02b1,,,9690.516936,10.0.2.15,56387,54.243.149.15,443,tcp,65.26599800000076,1044.0,6460.0,SF,True,False,0,ShADadTFf,17,1737,19,7224,ssl,0
9691.379319,CpcHAj4ObBTrICwtN9,10.0.2.15,56382,54.243.149.15,443,TLSv12,TLS_ECDHE_RSA_WITH_AES_128_GCM_SHA256,secp256r1,rta247.com,False,True,CsxknGIi,"['c2af88229b6ad24698b2e6feaacd278f9c08777b7cb0b87b775b731439fabb69', '02ab57e4e67a0cb48dd2ff34830e8ac40f4476fb08ca6be3f5cd846f646840f0', '4f32d5dc00f715250abcc486511e37f501a899deb3bf7ea8adbbd3aef1c412da', '687fa451382278fff0c8b11f8d43d576671c6eb2bceab413fb83d965d06d2ff2']",[],1.0,0ffee3ba8e615ad22535e7f771690a28,303951d4c50efb2e991652225a6f02b1,,,9690.477335,10.0.2.15,56382,54.243.149.15,443,tcp,65.21645400000125,1050.0,6459.0,SF,True,False,0,ShADadTFf,17,1743,20,7263,ssl,0
9691.527652,CkbNU7PbT9LyQVChj,10.0.2.15,56386,54.243.149.15,443,TLSv12,TLS_ECDHE_RSA_WITH_AES_128_GCM_SHA256,secp256r1,rta247.com,False,True,CsxknGIi,"['c2af88229b6ad24698b2e6feaacd278f9c08777b7cb0b87b775b731439fabb69', '02ab57e4e67a0cb48dd2ff34830e8ac40f4476fb08ca6be3f5cd846f646840f0', '4f32d5dc00f715250abcc486511e37f501a899deb3bf7ea8adbbd3aef1c412da', '687fa451382278fff0c8b11f8d43d576671c6eb2bceab413fb83d965d06d2ff2']",[],1.0,0ffee3ba8e615ad22535e7f771690a28,303951d4c50efb2e991652225a6f02b1,,,9690.495239,10.0.2.15,56386,54.243.149.15,443,tcp,7.424897999999302,344.0,5927.0,SF,True,False,0,ShADadFfRr,12,832,15,6531,ssl,0
9691.706002,Cmow381BxEcHmNHdl6,10.0.2.15,56384,54.243.149.15,443,TLSv12,TLS_ECDHE_RSA_WITH_AES_128_GCM_SHA256,secp256r1,rta247.com,False,True,CsxknGIi,"['c2af88229b6ad24698b2e6feaacd278f9c08777b7cb0b87b775b731439fabb69', '02ab57e4e67a0cb48dd2ff34830e8ac40f4476fb08ca6be3f5cd846f646840f0', '4f32d5dc00f715250abcc486511e37f501a899deb3bf7ea8adbbd3aef1c412da', '687fa451382278fff0c8b11f8d43d576671c6eb2bceab413fb83d965d06d2ff2']",[],1.0,0ffee3ba8e615ad22535e7f771690a28,303951d4c50efb2e991652225a6f02b1,,,9690.479883,10.0.2.15,56384,54.243.149.15,443,tcp,7.444342999999208,344.0,5927.0,SF,True,False,0,ShADadFfRr,12,832,15,6531,ssl,0
9691.383312,CXld5W2qqM644SjbN7,10.0.2.15,56380,54.243.149.15,443,TLSv12,TLS_ECDHE_RSA_WITH_AES_128_GCM_SHA256,secp256r1,rta247.com,False,True,CsxknGIi,"['c2af88229b6ad24698b2e6feaacd278f9c08777b7cb0b87b775b731439fabb69', '02ab57e4e67a0cb48dd2ff34830e8ac40f4476fb08ca6be3f5cd846f646840f0', '4f32d5dc00f715250abcc486511e37f501a899deb3bf7ea8adbbd3aef1c412da', '687fa451382278fff0c8b11f8d43d576671c6eb2bceab413fb83d965d06d2ff2']",[],1.0,0ffee3ba8e615ad22535e7f771690a28,303951d4c50efb2e991652225a6f02b1,,,9690.475576,10.0.2.15,56380,54.243.149.15,443,tcp,65.19693099999859,1040.0,6460.0,SF,True,False,0,ShADadTFf,18,1773,20,7264,ssl,0
9691.385749,CeAxiVa7HKNCww3k6,10.0.2.15,56391,54.243.149.15,443,TLSv12,TLS_ECDHE_RSA_WITH_AES_128_GCM_SHA256,secp256r1,rta247.com,False,True,CsxknGIi,"['c2af88229b6ad24698b2e6feaacd278f9c08777b7cb0b87b775b731439fabb69', '02ab57e4e67a0cb48dd2ff34830e8ac40f4476fb08ca6be3f5cd846f646840f0', '4f32d5dc00f715250abcc486511e37f501a899deb3bf7ea8adbbd3aef1c412da', '687fa451382278fff0c8b11f8d43d576671c6eb2bceab413fb83d965d06d2ff2']",[],1.0,0ffee3ba8e615ad22535e7f771690a28,303951d4c50efb2e991652225a6f02b1,,,9690.526564,10.0.2.15,56391,54.243.149.15,443,tcp,65.1671380000007,1051.0,6459.0,SF,True,False,0,ShADadTFf,17,1744,19,7223,ssl,0
9695.442083,CILwJA3IRKjLowctO7,10.0.2.15,56402,23.74.189.100,443,TLSv12,TLS_ECDHE_RSA_WITH_AES_256_GCM_SHA384,,ssl.connextra.com,True,True,CsiI,,,,1a5fe5677b0e4fbbc854e8908225637d,410b9bedaf65dd26c6fe547154d60db4,h2,,9695.02874,10.0.2.15,56402,23.74.189.100,443,tcp,198.38492600000063,7482.0,148942.0,SF,True,False,0,ShADadFfRr,64,10050,161,155386,ssl,0
9698.879083,CY3cZ33KIlx4VG2ca6,10.0.2.15,56415,185.29.133.58,443,TLSv12,TLS_ECDHE_RSA_WITH_AES_128_GCM_SHA256,secp256r1,sync.mathtag.com,False,True,CsxknGIti,"['82e454f53aa3be8b62d47779e364161287a2de0a1ce9e3b37243ae64bd7d7906', '154c433c491929c5ef686e838e323664a00e6a0d822ccc958fb4dab03e49a08f']",[],1.0,0ffee3ba8e615ad22535e7f771690a28,389ed42c02ebecc32e73aa31def07e14,,,9697.933961,10.0.2.15,56415,185.29.133.58,443,tcp,362.1502669999991,1986.0,3692.0,SF,True,False,0,ShADadTTfF,46,3869,48,5616,ssl,0
9698.900291,CZLOdM1MoS8X8n4u4d,10.0.2.15,56414,185.29.133.58,443,TLSv12,TLS_ECDHE_RSA_WITH_AES_128_GCM_SHA256,secp256r1,sync.mathtag.com,False,True,CsxknGIti,"['82e454f53aa3be8b62d47779e364161287a2de0a1ce9e3b37243ae64bd7d7906', '154c433c491929c5ef686e838e323664a00e6a0d822ccc958fb4dab03e49a08f']",[],1.0,0ffee3ba8e615ad22535e7f771690a28,389ed42c02ebecc32e73aa31def07e14,,,9697.929833,10.0.2.15,56414,185.29.133.58,443,tcp,362.14250600000014,1989.0,3692.0,SF,True,False,0,ShADadTTfF,46,3872,48,5616,ssl,0
9701.129496,C4a2g1c3c4ZEf9xQj,10.0.2.15,56422,23.74.189.100,443,TLSv12,TLS_ECDHE_RSA_WITH_AES_256_GCM_SHA384,,zz.connextra.com,True,True,CsiI,,,,1a5fe5677b0e4fbbc854e8908225637d,410b9bedaf65dd26c6fe547154d60db4,h2,,9700.946271,10.0.2.15,56422,23.74.189.100,443,tcp,0.716934999998557,779.0,283.0,SF,True,False,0,ShADadFfRr,9,1147,11,727,ssl,0
9701.132329,CgXskx2gUJXTDlpPAh,10.0.2.15,56421,23.74.189.100,443,TLSv12,TLS_ECDHE_RSA_WITH_AES_256_GCM_SHA384,,zz.connextra.com,True,True,CsiI,,,,1a5fe5677b0e4fbbc854e8908225637d,410b9bedaf65dd26c6fe547154d60db4,h2,,9700.945737,10.0.2.15,56421,23.74.189.100,443,tcp,0.7305670000005191,779.0,283.0,SF,True,False,0,ShADadFfRr,10,1187,11,727,ssl,0
9701.144912,CdVhzt2wIPBLDeq0be,10.0.2.15,56420,23.74.189.100,443,TLSv12,TLS_ECDHE_RSA_WITH_AES_256_GCM_SHA384,,zz.connextra.com,True,True,CsiI,,,,1a5fe5677b0e4fbbc854e8908225637d,410b9bedaf65dd26c6fe547154d60db4,h2,,9700.938902,10.0.2.15,56420,23.74.189.100,443,tcp,0.7374479999998581,779.0,283.0,SF,True,False,0,ShADadFfRr,10,1187,11,727,ssl,0
9701.166112,CT31GA8R75jVSjqkd,10.0.2.15,56419,23.74.189.100,443,TLSv12,TLS_ECDHE_RSA_WITH_AES_256_GCM_SHA384,,zz.connextra.com,True,True,CsiI,,,,1a5fe5677b0e4fbbc854e8908225637d,410b9bedaf65dd26c6fe547154d60db4,h2,,9700.937081,10.0.2.15,56419,23.74.189.100,443,tcp,0.734859000000142,779.0,283.0,RSTO,True,False,0,ShADadFR,9,1147,9,647,ssl,0
9703.043119,C7Ph9eVqmciZaIGE3,10.0.2.15,56423,199.16.156.9,443,TLSv12,TLS_ECDHE_RSA_WITH_AES_128_GCM_SHA256,,analytics.twitter.com,True,True,CsiI,,,,1a5fe5677b0e4fbbc854e8908225637d,7bee5c1d424b7e5f943b06983bb11422,h2,,9702.853563,10.0.2.15,56423,199.16.156.9,443,tcp,197.3297559999992,1954.0,1996.0,SF,True,False,0,ShADadFfRr,23,2882,27,3080,ssl,0
9711.97313,COxQyV2YCfA6M0hrO5,10.0.2.15,56446,172.217.23.238,443,TLSv12,TLS_ECDHE_RSA_WITH_AES_128_GCM_SHA256,x25519,apis.google.com,False,True,CsxknGIti,"['60db1a0e0585e4ded4482713fe44b119971d4535489a302ea33ca305b774f781', '9f630426df1d8abfd80ace98871ba833ab9742cb34838de2b5285ed54c0c7dcc', '3c35cc963eb004451323d3275d05b353235053490d9cd83729a2faf5e7ca1cc0']",[],1.0,0ffee3ba8e615ad22535e7f771690a28,ab41313cfec25328b20865eb1388e0a2,h2,,9711.391135,10.0.2.15,56446,172.217.23.238,443,tcp,206.8070060000009,1162.0,4420.0,SF,True,False,0,ShADadFf,22,2050,25,5424,ssl,0
9711.981577,C6h6DbUadODK7PK01,10.0.2.15,56445,172.217.23.238,443,TLSv12,TLS_ECDHE_RSA_WITH_AES_128_GCM_SHA256,x25519,apis.google.com,False,True,CsxknGIti,"['60db1a0e0585e4ded4482713fe44b119971d4535489a302ea33ca305b774f781', '9f630426df1d8abfd80ace98871ba833ab9742cb34838de2b5285ed54c0c7dcc', '3c35cc963eb004451323d3275d05b353235053490d9cd83729a2faf5e7ca1cc0']",[],1.0,0ffee3ba8e615ad22535e7f771690a28,ab41313cfec25328b20865eb1388e0a2,h2,,9711.386565,10.0.2.15,56445,172.217.23.238,443,tcp,6.261137999999846,557.0,3898.0,SF,True,False,0,ShADadFf,13,1085,13,4422,ssl,0
9737.356337,CFprvy199l1j3GVIEh,10.0.2.15,56476,198.232.125.113,443,TLSv12,TLS_ECDHE_RSA_WITH_AES_128_GCM_SHA256,secp256r1,code.jquery.com,False,True,CsxuknGIti,"['7b63a6dc9511ee7cdbf74a01a00ec40c9d2c39e68a61a90607ff590740ab369a', 'ee793643199474ed60efdc8ccde4d37445921683593aa751bbf8ee491a391e97', 'ebd41040e4bb3ec742c9e381d31ef2a41a48b6685c96e7cef3c1df6cd4331c99']",[],1.0,0ffee3ba8e615ad22535e7f771690a28,49b45fc1ab090aa3a159778313fc9b9e,h2,,9736.417808,10.0.2.15,56476,198.232.125.113,443,tcp,200.037558,919.0,9277.0,SF,True,False,0,ShADadFf,20,1727,25,10281,ssl,0
9749.837317,CtTO8z2mX9AmKGuuE9,10.0.2.15,56489,157.240.3.24,443,TLSv12,TLS_ECDHE_ECDSA_WITH_AES_128_GCM_SHA256,secp256r1,connect.facebook.net,False,True,CsxknGIti,"['152151b387412a95ab90fd4664f2d98880408e9e43913124e4c91226a483386b', '19400be5b7a31fb733917700789d2f0a2471c0c9d506c0e504c06c16d7cb17c0']",[],1.0,0ffee3ba8e615ad22535e7f771690a28,2d1eb5817ece335c24904f516ad5da12,h2,,9748.870394,10.0.2.15,56489,157.240.3.24,443,tcp,9.699711999999636,823.0,4637.0,SF,True,False,0,ShADadfF,15,1431,18,5361,ssl,0
9753.505788,CO5gov3PvnKsILjZd,10.0.2.15,56500,31.13.76.68,443,TLSv12,TLS_ECDHE_ECDSA_WITH_AES_128_GCM_SHA256,secp256r1,www.facebook.com,False,True,CsxknGIti,"['152151b387412a95ab90fd4664f2d98880408e9e43913124e4c91226a483386b', '19400be5b7a31fb733917700789d2f0a2471c0c9d506c0e504c06c16d7cb17c0']",[],1.0,0ffee3ba8e615ad22535e7f771690a28,2d1eb5817ece335c24904f516ad5da12,h2,,9753.043514,10.0.2.15,56500,31.13.76.68,443,tcp,5.015315999999075,319.0,3826.0,RSTO,True,False,0,ShADadR,8,647,8,4150,ssl,0
9763.144068,CEamou4rzz4uw6qdRe,10.0.2.15,56512,172.217.23.234,443,TLSv12,TLS_ECDHE_RSA_WITH_AES_128_GCM_SHA256,,fonts.googleapis.com,True,True,CsiI,,,,1a5fe5677b0e4fbbc854e8908225637d,67619a80665d7ab92d1041b1d11f9164,h2,,9762.765797,10.0.2.15,56512,172.217.23.234,443,tcp,377.78775900000073,2550.0,194782.0,SF,True,False,0,ShADadFf,73,5478,204,202946,ssl,0
9763.134629,CdIJDY2RSW3XDcCNOh,10.0.2.15,56523,198.232.125.81,443,TLSv12,TLS_ECDHE_RSA_WITH_AES_128_GCM_SHA256,secp256r1,cdn.rawgit.com,False,True,CsxknGIti,"['02ac37edc23b77cfbfd2b4571cb5f8f7c96dc32ba1a3d40f2ce9241ebfb66f2e', '02ab57e4e67a0cb48dd2ff34830e8ac40f4476fb08ca6be3f5cd846f646840f0', '4f32d5dc00f715250abcc486511e37f501a899deb3bf7ea8adbbd3aef1c412da']",[],1.0,0ffee3ba8e615ad22535e7f771690a28,8d2a028aa94425f76ced7826b1f39039,h2,,9762.83093,10.0.2.15,56523,198.232.125.81,443,tcp,49.31709299999966,808.0,10724.0,SF,True,False,0,ShADadfF,15,1416,22,11608,ssl,0
9769.303006,C5tBA33QIf69dTkxI,10.0.2.15,56535,172.227.14.222,443,TLSv12,TLS_ECDHE_RSA_WITH_AES_256_GCM_SHA384,secp256r1,res.cloudinary.com,False,True,CsxknGIti,"['508fa357866d195bea870b37198c416b7b241394d2b51a439ac13e554feb7a51', '973a41276ffd01e027a2aad49e34c37846d3e976ff6a620b6712e33832041aa6', '3a2fbe92891e57fe05d57087f48e730f17e5a5f53ef403d618e5b74d7a7e6ecb']",[],1.0,0ffee3ba8e615ad22535e7f771690a28,2b33c1374db4ddf06942f92373c0b54b,h2,,9768.967178,10.0.2.15,56535,172.227.14.222,443,tcp,209.37579099999857,3171.0,553665.0,SF,True,False,0,ShADadtFfRr,154,9339,463,575029,ssl,0
9769.307284,ClzZ0J3YTuEaVwq7Vj,10.0.2.15,56534,172.227.14.222,443,TLSv12,TLS_ECDHE_RSA_WITH_AES_256_GCM_SHA384,secp256r1,res.cloudinary.com,False,True,CsxknGIti,"['508fa357866d195bea870b37198c416b7b241394d2b51a439ac13e554feb7a51', '973a41276ffd01e027a2aad49e34c37846d3e976ff6a620b6712e33832041aa6', '3a2fbe92891e57fe05d57087f48e730f17e5a5f53ef403d618e5b74d7a7e6ecb']",[],1.0,0ffee3ba8e615ad22535e7f771690a28,2b33c1374db4ddf06942f92373c0b54b,h2,,9768.949657,10.0.2.15,56534,172.227.14.222,443,tcp,11.306912000000011,862.0,33373.0,SF,True,False,0,ShADadFfRr,23,1790,41,35017,ssl,0
9769.30243,CswN8f4351mHQpmlB1,10.0.2.15,56525,146.20.54.244,443,TLSv12,TLS_ECDHE_RSA_WITH_AES_256_GCM_SHA384,secp256r1,mundohispanico.com,False,True,CsxknGIi,"['f0adbc6b93bda9c6352ba9f6c59ed7d66f8569e9880a25b8b336734964674a25', '14363822517e2989b087d0c9a42eef134a774bd0b2a0664d455af784bc08f4d0', '1a5174980a294a528a110726d5855650266c48d9883bea692b67b6d726da98c5']",[],1.0,0ffee3ba8e615ad22535e7f771690a28,8115f0e10372c1f803c2ac287f0155d7,,,9768.901549,10.0.2.15,56525,146.20.54.244,443,tcp,16.46808299999975,779.0,5868.0,SF,True,False,0,ShADadTfF,12,1268,14,6432,ssl,0
9769.310852,CQe0ae3GCVzVaJD893,10.0.2.15,56533,172.227.14.222,443,TLSv12,TLS_ECDHE_RSA_WITH_AES_256_GCM_SHA384,secp256r1,res.cloudinary.com,False,True,CsxknGIti,"['508fa357866d195bea870b37198c416b7b241394d2b51a439ac13e554feb7a51', '973a41276ffd01e027a2aad49e34c37846d3e976ff6a620b6712e33832041aa6', '3a2fbe92891e57fe05d57087f48e730f17e5a5f53ef403d618e5b74d7a7e6ecb']",[],1.0,0ffee3ba8e615ad22535e7f771690a28,2b33c1374db4ddf06942f92373c0b54b,h2,,9768.938671,10.0.2.15,56533,172.227.14.222,443,tcp,11.469208000000435,944.0,69139.0,SF,True,False,0,ShADadFfRr,31,2192,75,72143,ssl,0
9769.315423,C9fqxt3TDXxAmTHfTj,10.0.2.15,56532,172.227.14.222,443,TLSv12,TLS_ECDHE_RSA_WITH_AES_256_GCM_SHA384,secp256r1,res.cloudinary.com,False,True,CsxknGIti,"['508fa357866d195bea870b37198c416b7b241394d2b51a439ac13e554feb7a51', '973a41276ffd01e027a2aad49e34c37846d3e976ff6a620b6712e33832041aa6', '3a2fbe92891e57fe05d57087f48e730f17e5a5f53ef403d618e5b74d7a7e6ecb']",[],1.0,0ffee3ba8e615ad22535e7f771690a28,2b33c1374db4ddf06942f92373c0b54b,h2,,9768.935343,10.0.2.15,56532,172.227.14.222,443,tcp,11.703070999999907,863.0,35558.0,SF,True,False,0,ShADadFfRr,26,1911,44,37322,ssl,0
9769.32358,CQOILw15C8Qh4GR6R7,10.0.2.15,56531,172.227.14.222,443,TLSv12,TLS_ECDHE_RSA_WITH_AES_256_GCM_SHA384,secp256r1,res.cloudinary.com,False,True,CsxknGIti,"['508fa357866d195bea870b37198c416b7b241394d2b51a439ac13e554feb7a51', '973a41276ffd01e027a2aad49e34c37846d3e976ff6a620b6712e33832041aa6', '3a2fbe92891e57fe05d57087f48e730f17e5a5f53ef403d618e5b74d7a7e6ecb']",[],1.0,0ffee3ba8e615ad22535e7f771690a28,2b33c1374db4ddf06942f92373c0b54b,h2,,9768.93487,10.0.2.15,56531,172.227.14.222,443,tcp,11.463059000001522,880.0,4514.0,SF,True,False,0,ShADadfF,12,1368,13,5038,ssl,0
9769.335258,CcGHc43tu88EDaNza3,10.0.2.15,56530,172.227.14.222,443,TLSv12,TLS_ECDHE_RSA_WITH_AES_256_GCM_SHA384,secp256r1,res.cloudinary.com,False,True,CsxknGIti,"['508fa357866d195bea870b37198c416b7b241394d2b51a439ac13e554feb7a51', '973a41276ffd01e027a2aad49e34c37846d3e976ff6a620b6712e33832041aa6', '3a2fbe92891e57fe05d57087f48e730f17e5a5f53ef403d618e5b74d7a7e6ecb']",[],1.0,0ffee3ba8e615ad22535e7f771690a28,2b33c1374db4ddf06942f92373c0b54b,h2,,9768.933693,10.0.2.15,56530,172.227.14.222,443,tcp,13.661598999999114,894.0,92405.0,SF,True,False,0,ShADadFfRr,35,2302,93,96129,ssl,0
9769.34796,C7BGoPVZ7XjqXgya4,10.0.2.15,56528,172.217.23.238,443,TLSv12,TLS_ECDHE_ECDSA_WITH_AES_128_GCM_SHA256,x25519,play.google.com,False,True,CsxknGIti,"['11ddd329046367c19b32ffdb02ed308de129de4d6ffcf95856d7bd6a7accfba9', '9f630426df1d8abfd80ace98871ba833ab9742cb34838de2b5285ed54c0c7dcc', '3c35cc963eb004451323d3275d05b353235053490d9cd83729a2faf5e7ca1cc0']",[],1.0,0ffee3ba8e615ad22535e7f771690a28,84480cf8cf0e732666092640e581e1a5,h2,,9768.931287,10.0.2.15,56528,172.217.23.238,443,tcp,204.18953900000088,1140.0,28122.0,SF,True,False,0,ShADadFf,28,2268,43,29846,ssl,0
9769.352914,Cohemv4aXDgOshKfKi,10.0.2.15,56527,146.20.54.244,443,TLSv12,TLS_ECDHE_RSA_WITH_AES_256_GCM_SHA384,secp256r1,mundohispanico.com,False,True,CsxknGIi,"['f0adbc6b93bda9c6352ba9f6c59ed7d66f8569e9880a25b8b336734964674a25', '14363822517e2989b087d0c9a42eef134a774bd0b2a0664d455af784bc08f4d0', '1a5174980a294a528a110726d5855650266c48d9883bea692b67b6d726da98c5']",[],1.0,0ffee3ba8e615ad22535e7f771690a28,8115f0e10372c1f803c2ac287f0155d7,,,9768.911281,10.0.2.15,56527,146.20.54.244,443,tcp,16.44869699999981,776.0,5873.0,SF,True,False,0,ShADadTfF,12,1265,14,6437,ssl,0
9769.35768,Czc4413So8vP8hiMg8,10.0.2.15,56526,146.20.54.244,443,TLSv12,TLS_ECDHE_RSA_WITH_AES_256_GCM_SHA384,secp256r1,mundohispanico.com,False,True,CsxknGIi,"['f0adbc6b93bda9c6352ba9f6c59ed7d66f8569e9880a25b8b336734964674a25', '14363822517e2989b087d0c9a42eef134a774bd0b2a0664d455af784bc08f4d0', '1a5174980a294a528a110726d5855650266c48d9883bea692b67b6d726da98c5']",[],1.0,0ffee3ba8e615ad22535e7f771690a28,8115f0e10372c1f803c2ac287f0155d7,,,9768.908247,10.0.2.15,56526,146.20.54.244,443,tcp,16.452221999999892,779.0,6067.0,SF,True,False,0,ShADadTfF,13,1308,16,6711,ssl,0
9770.875221,CKPaHu3Vc0Mj889cd9,10.0.2.15,56539,157.240.3.24,443,TLSv12,TLS_ECDHE_ECDSA_WITH_AES_128_GCM_SHA256,,connect.facebook.net,True,True,CsiI,,,,1a5fe5677b0e4fbbc854e8908225637d,96681175a9547081bf3d417f1a572091,h2,,9770.3075,10.0.2.15,56539,157.240.3.24,443,tcp,535.9736909999992,2075.0,137552.0,SF,True,False,0,ShADadfF,57,4363,139,143116,ssl,0
9770.872278,CZobwa3HaUlxwsXn8b,10.0.2.15,56540,31.13.76.68,443,TLSv12,TLS_ECDHE_ECDSA_WITH_AES_128_GCM_SHA256,secp256r1,www.facebook.com,False,True,CsxknGIti,"['152151b387412a95ab90fd4664f2d98880408e9e43913124e4c91226a483386b', '19400be5b7a31fb733917700789d2f0a2471c0c9d506c0e504c06c16d7cb17c0']",[],1.0,0ffee3ba8e615ad22535e7f771690a28,2d1eb5817ece335c24904f516ad5da12,h2,,9770.308127,10.0.2.15,56540,31.13.76.68,443,tcp,4.00963099999899,319.0,3828.0,RSTO,True,False,0,ShADadR,7,607,7,4112,ssl,0
9770.984671,CPZtFzxvKerIqqVJ9,10.0.2.15,56537,54.71.217.25,443,TLSv12,TLS_ECDHE_RSA_WITH_AES_128_GCM_SHA256,secp256r1,widget.yasabe.com,False,True,CsxknGIi,"['fa25f0222786cf3112f842aeab64fac38bc2b42d178372aab524e70ce2d9a637', 'f55f9ffcb83c73453261601c7e044db15a0f034b93c05830f28635ef889cf670', '87dcd4dc74640a322cd205552506d1be64f12596258096544986b4850bc72706', '28689b30e4c306aab53b027b29e36ad6dd1dcf4b953994482ca84bdc1ecac996']",[],1.0,0ffee3ba8e615ad22535e7f771690a28,303951d4c50efb2e991652225a6f02b1,,,9770.306405,10.0.2.15,56537,54.71.217.25,443,tcp,102.40474499999982,2100.0,30892.0,SF,True,False,0,ShADadTFf,28,3236,46,32736,ssl,0
9772.787028,CvCMKQvRg3rKgKamj,10.0.2.15,56541,172.217.23.227,443,TLSv12,TLS_ECDHE_ECDSA_WITH_AES_128_GCM_SHA256,,fonts.gstatic.com,True,True,CsiI,,,,1a5fe5677b0e4fbbc854e8908225637d,c23237dbea656869600e48dfbd00ab7b,h2,,9772.272296,10.0.2.15,56541,172.217.23.227,443,tcp,262.1967620000014,1829.0,91086.0,SF,True,False,0,ShADadfF,49,3797,108,95410,ssl,0
9776.504361,CmE2iU3qWbGdb31wLg,10.0.2.15,56546,23.65.211.41,443,TLSv12,TLS_ECDHE_RSA_WITH_AES_256_GCM_SHA384,secp256r1,linkmaker.itunes.apple.com,False,True,CsxknGIti,"['0cccaff9722f818d1a0418f25881f8e23151f77ecbcc5aca5ecbebbe48365916', '9e6bc5f9ecc52460e8edc02c644d1be1cb9f2316f41daf3b616a0b2058294b31']",[],1.0,0ffee3ba8e615ad22535e7f771690a28,3323864de1cf84aeb345a54be983188f,http/1.1,,9775.072362,10.0.2.15,56546,23.65.211.41,443,tcp,141.8018919999995,737.0,17187.0,SF,True,False,0,ShADadTTFfRr,30,1958,37,18671,ssl,0
9784.822299,CINzE9paOjosnA8z2,10.0.2.15,56549,172.217.23.227,443,TLSv12,TLS_ECDHE_ECDSA_WITH_AES_128_GCM_SHA256,,www.gstatic.com,True,True,CsiI,,,,1a5fe5677b0e4fbbc854e8908225637d,c23237dbea656869600e48dfbd00ab7b,h2,,9784.528117,10.0.2.15,56549,172.217.23.227,443,tcp,27.6829859999998,1809.0,66984.0,SF,True,False,0,ShADadFf,42,3497,85,70388,ssl,0
9784.823733,Cg6B0DGticPuw0ejd,10.0.2.15,56550,172.217.23.227,443,TLSv12,TLS_ECDHE_ECDSA_WITH_AES_128_GCM_SHA256,,www.gstatic.com,True,True,CsiI,,,,1a5fe5677b0e4fbbc854e8908225637d,c23237dbea656869600e48dfbd00ab7b,h2,,9784.530138,10.0.2.15,56550,172.217.23.227,443,tcp,1.451026999999157,808.0,292.0,SF,True,False,0,ShADadFf,11,1256,11,736,ssl,0
9785.101901,CkNfRm1fVf6ycaAASa,10.0.2.15,56562,172.217.23.228,443,TLSv12,TLS_ECDHE_RSA_WITH_AES_128_GCM_SHA256,,www.google.com,True,True,CsiI,,,,1a5fe5677b0e4fbbc854e8908225637d,67619a80665d7ab92d1041b1d11f9164,h2,,9784.655165,10.0.2.15,56562,172.217.23.228,443,tcp,183.3372799999997,4100.0,121902.0,SF,True,False,0,ShADadFf,68,6828,152,127986,ssl,0
9785.108218,Chp9kU3HCEpiyHVwO1,10.0.2.15,56558,104.19.196.102,443,TLSv12,TLS_ECDHE_ECDSA_WITH_AES_128_GCM_SHA256,secp256r1,cdnjs.cloudflare.com,False,True,CsxuknGIti,"['288a62410b9a17d44ccccf0ca447daaee0f3c7bcd3e0cb6d4f24ef85d2dbfdd0', 'cd6c108a0e641f2ca122aaa6d03f826759cae7c6f800eabf76dc48b67cd083ce', '9573862ac0b4b125168810ea3fd101ae2eb0bb15f61fc0e6da7a2a38b85a89e8']",[],1.0,0ffee3ba8e615ad22535e7f771690a28,7d3eb4120cd50e889bcd3f3783be0f82,h2,,9784.645383,10.0.2.15,56558,104.19.196.102,443,tcp,203.6209220000001,1051.0,10521.0,SF,True,False,0,ShADadFf,21,1899,26,11565,ssl,0
9797.45545,CuwBrq2I8Nzj69ihS9,10.0.2.15,56575,172.217.23.234,443,TLSv12,TLS_ECDHE_RSA_WITH_AES_128_GCM_SHA256,x25519,translate.googleapis.com,False,True,CsxknGIti,"['0ca616f3b5a49ded9af60777a33ae7119bfd6de6a815dbee0b64d5d69491aa06', '9f630426df1d8abfd80ace98871ba833ab9742cb34838de2b5285ed54c0c7dcc', '3c35cc963eb004451323d3275d05b353235053490d9cd83729a2faf5e7ca1cc0']",[],1.0,0ffee3ba8e615ad22535e7f771690a28,ab41313cfec25328b20865eb1388e0a2,h2,,9796.052703,10.0.2.15,56575,172.217.23.234,443,tcp,7.669456999999966,505.0,3968.0,SF,True,False,0,ShADadFf,12,993,13,4492,ssl,0
9797.465648,CzMVAL3eO15xTHAzn3,10.0.2.15,56574,172.217.23.234,443,TLSv12,TLS_ECDHE_RSA_WITH_AES_128_GCM_SHA256,x25519,translate.googleapis.com,False,True,CsxknGIti,"['0ca616f3b5a49ded9af60777a33ae7119bfd6de6a815dbee0b64d5d69491aa06', '9f630426df1d8abfd80ace98871ba833ab9742cb34838de2b5285ed54c0c7dcc', '3c35cc963eb004451323d3275d05b353235053490d9cd83729a2faf5e7ca1cc0']",[],1.0,0ffee3ba8e615ad22535e7f771690a28,ab41313cfec25328b20865eb1388e0a2,h2,,9796.041376,10.0.2.15,56574,172.217.23.234,443,tcp,7.727439000000231,505.0,3968.0,SF,True,False,0,ShADadFf,12,993,13,4492,ssl,0
9797.612015,CPWHqs3X0eMKGrB1hg,10.0.2.15,56569,172.217.23.234,443,TLSv12,TLS_ECDHE_RSA_WITH_AES_128_GCM_SHA256,x25519,translate.googleapis.com,False,True,CsxknGIti,"['0ca616f3b5a49ded9af60777a33ae7119bfd6de6a815dbee0b64d5d69491aa06', '9f630426df1d8abfd80ace98871ba833ab9742cb34838de2b5285ed54c0c7dcc', '3c35cc963eb004451323d3275d05b353235053490d9cd83729a2faf5e7ca1cc0']",[],1.0,0ffee3ba8e615ad22535e7f771690a28,ab41313cfec25328b20865eb1388e0a2,h2,,9796.032084,10.0.2.15,56569,172.217.23.234,443,tcp,10.239992999999233,505.0,3968.0,SF,True,False,0,ShADadFf,12,993,13,4492,ssl,0
9797.616962,C0GnNb5CzLF1MQs1h,10.0.2.15,56568,172.217.23.234,443,TLSv12,TLS_ECDHE_RSA_WITH_AES_128_GCM_SHA256,x25519,translate.googleapis.com,False,True,CsxknGIti,"['0ca616f3b5a49ded9af60777a33ae7119bfd6de6a815dbee0b64d5d69491aa06', '9f630426df1d8abfd80ace98871ba833ab9742cb34838de2b5285ed54c0c7dcc', '3c35cc963eb004451323d3275d05b353235053490d9cd83729a2faf5e7ca1cc0']",[],1.0,0ffee3ba8e615ad22535e7f771690a28,ab41313cfec25328b20865eb1388e0a2,h2,,9796.030216,10.0.2.15,56568,172.217.23.234,443,tcp,10.235875000000306,505.0,3968.0,SF,True,False,0,ShADadFf,12,993,13,4492,ssl,0
9799.373377,CmPIF21Kf0UmrsjxB1,10.0.2.15,56579,54.71.217.25,443,TLSv12,TLS_ECDHE_RSA_WITH_AES_128_GCM_SHA256,secp256r1,widget.yasabe.com,False,True,CsxknGIi,"['fa25f0222786cf3112f842aeab64fac38bc2b42d178372aab524e70ce2d9a637', 'f55f9ffcb83c73453261601c7e044db15a0f034b93c05830f28635ef889cf670', '87dcd4dc74640a322cd205552506d1be64f12596258096544986b4850bc72706', '28689b30e4c306aab53b027b29e36ad6dd1dcf4b953994482ca84bdc1ecac996']",[],1.0,0ffee3ba8e615ad22535e7f771690a28,303951d4c50efb2e991652225a6f02b1,,,9798.017497,10.0.2.15,56579,54.71.217.25,443,tcp,69.55405599999904,778.0,6742.0,SF,True,False,0,ShADadTFf,17,1472,20,7546,ssl,0
9806.852081,CD0mYO2S6f0bA46w37,10.0.2.15,56581,31.13.76.68,443,TLSv12,TLS_ECDHE_ECDSA_WITH_AES_128_GCM_SHA256,secp256r1,www.facebook.com,False,True,CsxknGIti,"['152151b387412a95ab90fd4664f2d98880408e9e43913124e4c91226a483386b', '19400be5b7a31fb733917700789d2f0a2471c0c9d506c0e504c06c16d7cb17c0']",[],1.0,0ffee3ba8e615ad22535e7f771690a28,2d1eb5817ece335c24904f516ad5da12,h2,,9805.928899,10.0.2.15,56581,31.13.76.68,443,tcp,72.22230299999865,1412.0,5576.0,SF,True,False,0,ShADadfF,17,2100,21,6420,ssl,0
9811.524475,CKGadOYctgnz38f7b,10.0.2.15,56586,95.101.252.144,443,TLSv12,TLS_ECDHE_RSA_WITH_AES_256_GCM_SHA384,,z.moatads.com,True,True,CsiI,,,,1a5fe5677b0e4fbbc854e8908225637d,410b9bedaf65dd26c6fe547154d60db4,http/1.1,,9811.156638,10.0.2.15,56586,95.101.252.144,443,tcp,185.33615099999952,1259.0,127189.0,SF,True,False,0,ShADadTTFfRr,52,3364,139,132753,ssl,0
9811.528583,Ci8tYo3Dt9LXU2PkU3,10.0.2.15,56584,95.101.252.144,443,TLSv12,TLS_ECDHE_RSA_WITH_AES_256_GCM_SHA384,,z.moatads.com,True,True,CsiI,,,,1a5fe5677b0e4fbbc854e8908225637d,410b9bedaf65dd26c6fe547154d60db4,http/1.1,,9811.153666,10.0.2.15,56584,95.101.252.144,443,tcp,8.583078999999998,599.0,183.0,SF,True,False,0,ShADadFfRr,9,967,9,547,ssl,0
9811.509932,Cn7YoJ1S5CHr60QO5,10.0.2.15,56583,74.117.199.102,443,TLSv12,TLS_RSA_WITH_AES_128_CBC_SHA,,ad.afy11.net,False,True,CsxnGIi,"['df372679efacdb1f9a0c7dbf85a94ce4804efa99c8bf3531183265bf8e95b359', '973a41276ffd01e027a2aad49e34c37846d3e976ff6a620b6712e33832041aa6', '3a2fbe92891e57fe05d57087f48e730f17e5a5f53ef403d618e5b74d7a7e6ecb']",[],1.0,0ffee3ba8e615ad22535e7f771690a28,561f6f4eb311a85575d2d0a0a8232333,,,9811.152799,10.0.2.15,56583,74.117.199.102,443,tcp,131.02729499999987,973.0,12726.0,SF,True,False,0,ShADadTTFf,25,1993,30,13930,ssl,0
9811.521888,CpBP5UwbGUpsLY9L4,10.0.2.15,56587,74.117.199.102,443,TLSv12,TLS_RSA_WITH_AES_128_CBC_SHA,,ad.afy11.net,False,True,CsxnGIi,"['df372679efacdb1f9a0c7dbf85a94ce4804efa99c8bf3531183265bf8e95b359', '973a41276ffd01e027a2aad49e34c37846d3e976ff6a620b6712e33832041aa6', '3a2fbe92891e57fe05d57087f48e730f17e5a5f53ef403d618e5b74d7a7e6ecb']",[],1.0,0ffee3ba8e615ad22535e7f771690a28,561f6f4eb311a85575d2d0a0a8232333,,,9811.158568,10.0.2.15,56587,74.117.199.102,443,tcp,12.444244999998771,616.0,3907.0,SF,True,False,0,ShADadTFf,11,1065,11,4351,ssl,0
9811.527084,C9zWvI5mhc4tTb9Uk,10.0.2.15,56585,74.117.199.102,443,TLSv12,TLS_RSA_WITH_AES_128_CBC_SHA,,ad.afy11.net,False,True,CsxnGIi,"['df372679efacdb1f9a0c7dbf85a94ce4804efa99c8bf3531183265bf8e95b359', '973a41276ffd01e027a2aad49e34c37846d3e976ff6a620b6712e33832041aa6', '3a2fbe92891e57fe05d57087f48e730f17e5a5f53ef403d618e5b74d7a7e6ecb']",[],1.0,0ffee3ba8e615ad22535e7f771690a28,561f6f4eb311a85575d2d0a0a8232333,,,9811.155766,10.0.2.15,56585,74.117.199.102,443,tcp,13.085090000000491,616.0,3907.0,SF,True,False,0,ShADadTFf,11,1065,11,4351,ssl,0
9812.564176,CBZjlf3e6ztEE5C1o7,10.0.2.15,56588,216.58.201.66,443,TLSv12,TLS_ECDHE_RSA_WITH_AES_128_GCM_SHA256,x25519,adx.g.doubleclick.net,False,True,CsxknGIti,"['a32ffddd76f9e7debbfc9a37b38d2ef86039b30a10d7c45ab8223d149cf99699', '9f630426df1d8abfd80ace98871ba833ab9742cb34838de2b5285ed54c0c7dcc', '3c35cc963eb004451323d3275d05b353235053490d9cd83729a2faf5e7ca1cc0']",[],1.0,0ffee3ba8e615ad22535e7f771690a28,ab41313cfec25328b20865eb1388e0a2,h2,,9811.960141,10.0.2.15,56588,216.58.201.66,443,tcp,13.787271999999575,1574.0,4654.0,SF,True,False,0,ShADadFf,19,2342,23,5578,ssl,0
9812.565772,CnkuoY383tsDX17NOc,10.0.2.15,56589,172.217.23.194,443,TLSv12,TLS_ECDHE_RSA_WITH_AES_128_GCM_SHA256,x25519,cm.g.doubleclick.net,False,True,CsxknGIti,"['a32ffddd76f9e7debbfc9a37b38d2ef86039b30a10d7c45ab8223d149cf99699', '9f630426df1d8abfd80ace98871ba833ab9742cb34838de2b5285ed54c0c7dcc', '3c35cc963eb004451323d3275d05b353235053490d9cd83729a2faf5e7ca1cc0']",[],1.0,0ffee3ba8e615ad22535e7f771690a28,ab41313cfec25328b20865eb1388e0a2,h2,,9811.963255,10.0.2.15,56589,172.217.23.194,443,tcp,71.03294499999902,579.0,4131.0,SF,True,False,0,ShADadFf,14,1147,14,4695,ssl,0
9812.875881,CeA6G01sJiqtB8Leik,10.0.2.15,56590,172.217.23.238,443,TLSv12,TLS_ECDHE_ECDSA_WITH_AES_128_GCM_SHA256,,encrypted-tbn0.gstatic.com,True,True,CsiI,,,,1a5fe5677b0e4fbbc854e8908225637d,c23237dbea656869600e48dfbd00ab7b,h2,,9812.218186,10.0.2.15,56590,172.217.23.238,443,tcp,535.8988019999997,23378.0,1336959.0,SF,True,False,0,ShADadtWFf,383,38706,1148,1388563,ssl,0
9812.9953,CR9xOX3cgQoKwueYf7,10.0.2.15,56591,172.217.23.238,443,TLSv12,TLS_ECDHE_ECDSA_WITH_AES_128_GCM_SHA256,,encrypted-tbn1.gstatic.com,True,True,CsiI,,,,1a5fe5677b0e4fbbc854e8908225637d,c23237dbea656869600e48dfbd00ab7b,h2,,9812.221094,10.0.2.15,56591,172.217.23.238,443,tcp,66.37622399999964,825.0,338.0,SF,True,False,0,ShADadFf,12,1313,12,822,ssl,0
9817.821732,Co6Yfb3ekYf8tnNbP1,10.0.2.15,56597,172.217.23.238,443,TLSv12,TLS_ECDHE_RSA_WITH_AES_128_GCM_SHA256,x25519,www.google-analytics.com,False,True,CsxknGIti,"['31ed45c3400fc5f9a84dfaa0a6f6171369876ed4e2da669ee7f8edbe3593bf6b', '9f630426df1d8abfd80ace98871ba833ab9742cb34838de2b5285ed54c0c7dcc', '3c35cc963eb004451323d3275d05b353235053490d9cd83729a2faf5e7ca1cc0']",[],1.0,0ffee3ba8e615ad22535e7f771690a28,ab41313cfec25328b20865eb1388e0a2,h2,,9817.107758,10.0.2.15,56597,172.217.23.238,443,tcp,2.614666999999826,326.0,4031.0,RSTO,True,False,0,ShADadR,8,654,8,4355,ssl,0
9826.121861,C6CyDJ32PYLlU6yaf4,10.0.2.15,56602,23.111.9.32,443,TLSv12,TLS_ECDHE_RSA_WITH_AES_128_GCM_SHA256,secp256r1,script.hotjar.com,False,True,CsxknGIti,"['87cc3355bb40b2a7f5b8082522c42478d0405f3193cd54900cd2a7da8bc828f7', 'b9f2164323638dce0b92218b43c41c1b2b2696389329db19f5cf7ad49b5cb372', '1a5174980a294a528a110726d5855650266c48d9883bea692b67b6d726da98c5']",[],1.0,0ffee3ba8e615ad22535e7f771690a28,b898351eb5e266aefd3723d466935494,h2,,9825.308397,10.0.2.15,56602,23.111.9.32,443,tcp,192.6254919999992,736.0,5145.0,SF,True,False,0,ShADadFf,18,1464,21,5989,ssl,0
9826.731423,CF3lp91B0Kxq19UFIb,10.0.2.15,56603,94.31.29.64,443,TLSv12,TLS_ECDHE_RSA_WITH_AES_128_GCM_SHA256,secp256r1,vars.hotjar.com,False,True,CsxknGIti,"['87cc3355bb40b2a7f5b8082522c42478d0405f3193cd54900cd2a7da8bc828f7', 'b9f2164323638dce0b92218b43c41c1b2b2696389329db19f5cf7ad49b5cb372', '1a5174980a294a528a110726d5855650266c48d9883bea692b67b6d726da98c5']",[],1.0,0ffee3ba8e615ad22535e7f771690a28,b898351eb5e266aefd3723d466935494,h2,,9825.495663,10.0.2.15,56603,94.31.29.64,443,tcp,76.64973500000087,643.0,5130.0,SF,True,False,0,ShADadfF,14,1211,17,5814,ssl,0
9829.24195,C5paPF3f5SRJ41xu04,10.0.2.15,52094,95.101.252.144,443,TLSv12,TLS_ECDHE_RSA_WITH_AES_256_GCM_SHA384,,px.moatads.com,True,True,CsiI,,,,1a5fe5677b0e4fbbc854e8908225637d,410b9bedaf65dd26c6fe547154d60db4,http/1.1,,9828.727202,10.0.2.15,52094,95.101.252.144,443,tcp,212.71212399999968,7942.0,2811.0,RSTO,True,False,0,ShADadTTFR,41,9609,41,4455,ssl,0
9833.013134,CUZmtDv7ZdbqbDmob,10.0.2.15,52107,95.101.252.144,443,TLSv12,TLS_ECDHE_RSA_WITH_AES_256_GCM_SHA384,,px.moatads.com,True,True,CsiI,,,,1a5fe5677b0e4fbbc854e8908225637d,410b9bedaf65dd26c6fe547154d60db4,http/1.1,,9832.680211,10.0.2.15,52107,95.101.252.144,443,tcp,208.7487349999992,6486.0,1935.0,SF,True,False,0,ShADadTTFfRr,38,8033,39,3499,ssl,0
9835.799252,Ck2DeAUblvsMgjah6,10.0.2.15,52110,95.101.252.144,443,TLSv12,TLS_ECDHE_RSA_WITH_AES_256_GCM_SHA384,,px.moatads.com,True,True,CsiI,,,,1a5fe5677b0e4fbbc854e8908225637d,410b9bedaf65dd26c6fe547154d60db4,http/1.1,,9835.258185,10.0.2.15,52110,95.101.252.144,443,tcp,10.44331499999862,599.0,183.0,SF,True,False,0,ShADadFfRr,9,967,9,547,ssl,0
9837.885271,ChSCReBLyW7TsKFY6,10.0.2.15,52114,95.101.252.144,443,TLSv12,TLS_ECDHE_RSA_WITH_AES_256_GCM_SHA384,,px.moatads.com,True,True,CsiI,,,,1a5fe5677b0e4fbbc854e8908225637d,410b9bedaf65dd26c6fe547154d60db4,http/1.1,,9836.618355,10.0.2.15,52114,95.101.252.144,443,tcp,9.075394999999844,599.0,183.0,SF,True,False,0,ShADadFfRr,9,967,9,547,ssl,0
9837.886116,CU3pcJ1qjFexBVwazc,10.0.2.15,52113,95.101.252.144,443,TLSv12,TLS_ECDHE_RSA_WITH_AES_256_GCM_SHA384,,px.moatads.com,True,True,CsiI,,,,1a5fe5677b0e4fbbc854e8908225637d,410b9bedaf65dd26c6fe547154d60db4,http/1.1,,9836.617783,10.0.2.15,52113,95.101.252.144,443,tcp,9.094990999999936,599.0,183.0,SF,True,False,0,ShADadFfRr,9,967,9,547,ssl,0
9861.978088,Cy65rz1BetLYCrfoh1,10.0.2.15,52179,54.231.98.99,443,TLSv12,TLS_ECDHE_RSA_WITH_AES_128_GCM_SHA256,secp256r1,s3.amazonaws.com,False,True,CsxknGIi,"['6be2c04e442c0aa126e2e374c248fc093077df1a3810867decdfea113add4357', 'f9690880819f06cdcc0b2f224b207f2af6003fb57339b8679a160fa95208d62d']",[],1.0,0ffee3ba8e615ad22535e7f771690a28,ea615e28cb25adfb2f261151eab3314f,,,9861.613602,10.0.2.15,52179,54.231.98.99,443,tcp,1.81123000000116,826.0,10013.0,SF,True,False,0,ShADadFRfr,14,1394,20,10817,ssl,0
9876.149751,CRABX64JEUQ4Wi0upj,10.0.2.15,52206,54.231.82.92,443,TLSv12,TLS_ECDHE_RSA_WITH_AES_128_GCM_SHA256,secp256r1,s3.amazonaws.com,False,True,CsxknGIi,"['6be2c04e442c0aa126e2e374c248fc093077df1a3810867decdfea113add4357', 'f9690880819f06cdcc0b2f224b207f2af6003fb57339b8679a160fa95208d62d']",[],1.0,0ffee3ba8e615ad22535e7f771690a28,ea615e28cb25adfb2f261151eab3314f,,,9875.439665,10.0.2.15,52206,54.231.82.92,443,tcp,12.266476000000694,794.0,10913.0,SF,True,False,0,ShADadFf,12,1282,18,11637,ssl,0
9888.566762,CZhtK4Diu4ZExqMv7,10.0.2.15,52221,52.71.217.118,443,TLSv12,TLS_ECDHE_RSA_WITH_AES_128_GCM_SHA256,secp256r1,ortc-ws2-useast1-s0003.realtime.co,False,True,CsxknGIti,"['9ccd0e208878a92281a89abb74655a27d5bd2505623864fa927bc4ebbd7f3d02', '973a41276ffd01e027a2aad49e34c37846d3e976ff6a620b6712e33832041aa6', '3a2fbe92891e57fe05d57087f48e730f17e5a5f53ef403d618e5b74d7a7e6ecb', 'c3846bf24b9e93ca64274c0ec67c1ecc5e024ffcacd2d74019350e81fe546ae4']",[],1.0,0ffee3ba8e615ad22535e7f771690a28,389ed42c02ebecc32e73aa31def07e14,,,9888.393362,10.0.2.15,52221,52.71.217.118,443,tcp,5.882041999999274,955.0,5650.0,RSTR,True,False,0,ShADadRr,12,1443,14,6214,ssl,0
9890.475779,CMEhuDxLAnDWhBRri,10.0.2.15,52225,216.58.201.66,443,TLSv12,TLS_ECDHE_ECDSA_WITH_AES_128_GCM_SHA256,x25519,pagead2.googlesyndication.com,False,True,CsxknGIti,"['7dab2c14c2154b93fe35063ca1c26a233a78ca71cbb2bca391546edc16638392', '9f630426df1d8abfd80ace98871ba833ab9742cb34838de2b5285ed54c0c7dcc', '3c35cc963eb004451323d3275d05b353235053490d9cd83729a2faf5e7ca1cc0']",[],1.0,0ffee3ba8e615ad22535e7f771690a28,84480cf8cf0e732666092640e581e1a5,h2,,9890.129868,10.0.2.15,52225,216.58.201.66,443,tcp,77.72291799999948,3023.0,5396.0,SF,True,False,0,ShADadFf,22,3911,29,6560,ssl,0
9891.710971,CJGKUz1eir9pd1FY89,10.0.2.15,52227,216.58.201.66,443,TLSv12,TLS_ECDHE_RSA_WITH_AES_128_GCM_SHA256,x25519,googleads.g.doubleclick.net,False,True,CsxknGIti,"['a32ffddd76f9e7debbfc9a37b38d2ef86039b30a10d7c45ab8223d149cf99699', '9f630426df1d8abfd80ace98871ba833ab9742cb34838de2b5285ed54c0c7dcc', '3c35cc963eb004451323d3275d05b353235053490d9cd83729a2faf5e7ca1cc0']",[],1.0,0ffee3ba8e615ad22535e7f771690a28,ab41313cfec25328b20865eb1388e0a2,h2,,9891.260289,10.0.2.15,52227,216.58.201.66,443,tcp,274.6081979999999,11154.0,27361.0,SF,True,False,0,ShADadFf,88,14682,121,32205,ssl,0
9891.868647,CSxkKn2UXX0ZUFO3Sa,10.0.2.15,52228,192.229.233.76,443,TLSv12,TLS_ECDHE_RSA_WITH_AES_128_GCM_SHA256,secp256r1,www.bettycrocker.com,False,True,CsxuknGIti,"['bcae3d46ed7d2b05d5dbd92916cab23fcd177643d14129ceabcbecbd2f796458', '19400be5b7a31fb733917700789d2f0a2471c0c9d506c0e504c06c16d7cb17c0']",[],1.0,0ffee3ba8e615ad22535e7f771690a28,49b45fc1ab090aa3a159778313fc9b9e,h2,,9891.489707,10.0.2.15,52228,192.229.233.76,443,tcp,53.85750099999859,6754.0,1625339.0,RSTR,True,False,0,ShADadtWRRrR,320,19562,1274,1679143,ssl,0
9901.180648,CL9oa5V3y13YNw0r8,10.0.2.15,52254,172.217.23.234,443,TLSv12,TLS_ECDHE_RSA_WITH_AES_128_GCM_SHA256,x25519,ajax.googleapis.com,False,True,CsxknGIti,"['0ca616f3b5a49ded9af60777a33ae7119bfd6de6a815dbee0b64d5d69491aa06', '9f630426df1d8abfd80ace98871ba833ab9742cb34838de2b5285ed54c0c7dcc', '3c35cc963eb004451323d3275d05b353235053490d9cd83729a2faf5e7ca1cc0']",[],1.0,0ffee3ba8e615ad22535e7f771690a28,ab41313cfec25328b20865eb1388e0a2,h2,,9900.094949,10.0.2.15,52254,172.217.23.234,443,tcp,5.007795999999871,532.0,3968.0,SF,True,False,0,ShADadFf,12,1020,14,4532,ssl,0
9901.185525,CheAMt12mHKa61EhDh,10.0.2.15,52252,95.100.188.137,443,TLSv12,TLS_ECDHE_RSA_WITH_AES_256_GCM_SHA384,,cdns.gigya.com,True,True,CsiI,,,,1a5fe5677b0e4fbbc854e8908225637d,410b9bedaf65dd26c6fe547154d60db4,http/1.1,,9900.083832,10.0.2.15,52252,95.100.188.137,443,tcp,120.38790399999924,1371.0,55787.0,SF,True,False,0,ShADadTTFfRr,32,2670,69,58551,ssl,0
9901.183728,CMBO773frknfela9O4,10.0.2.15,52253,172.217.23.234,443,TLSv12,TLS_ECDHE_RSA_WITH_AES_128_GCM_SHA256,x25519,ajax.googleapis.com,False,True,CsxknGIti,"['0ca616f3b5a49ded9af60777a33ae7119bfd6de6a815dbee0b64d5d69491aa06', '9f630426df1d8abfd80ace98871ba833ab9742cb34838de2b5285ed54c0c7dcc', '3c35cc963eb004451323d3275d05b353235053490d9cd83729a2faf5e7ca1cc0']",[],1.0,0ffee3ba8e615ad22535e7f771690a28,ab41313cfec25328b20865eb1388e0a2,h2,,9900.089427,10.0.2.15,52253,172.217.23.234,443,tcp,5.007464999998774,532.0,3968.0,SF,True,False,0,ShADadFf,12,1020,13,4492,ssl,0
9901.176804,CiSkcZT3jLWf24Drk,10.0.2.15,52255,34.207.30.67,443,TLSv12,TLS_ECDHE_RSA_WITH_AES_128_GCM_SHA256,secp256r1,preferences.truste.com,False,True,CsxknGIi,"['9885030d1a13434b132aebde5f075a7157da85f8bb0e594c550f23b8f09d137f', 'e0898ad662474b9f753c79bea878031c9a5d634a49edd6310b960ab023c02c0e']",[],1.0,0ffee3ba8e615ad22535e7f771690a28,303951d4c50efb2e991652225a6f02b1,,,9900.098377,10.0.2.15,52255,34.207.30.67,443,tcp,65.11359699999957,676.0,9084.0,SF,True,False,0,ShADadTFf,16,1330,23,10008,ssl,0
9901.197026,Ce7s6m3x0zdV2RtQ04,10.0.2.15,52251,95.100.187.152,443,TLSv12,TLS_ECDHE_RSA_WITH_AES_256_GCM_SHA384,secp256r1,cdn.cpnscdn.com,False,True,CsxknGIti,"['afb8a5534aafae1cd66c1700dad71dae426211d364e5f1edaa027c5e50d7bfe5', 'eae72eb454bf6c3977ebd289e970b2f5282949190093d0d26f98d0f0d6a9cf17', '8420dfbe376f414bf4c0a81e6936d24ccc03f304835b86c7a39142fca723a689']",[],1.0,0ffee3ba8e615ad22535e7f771690a28,2b33c1374db4ddf06942f92373c0b54b,http/1.1,,9900.083327,10.0.2.15,52251,95.100.187.152,443,tcp,201.4596949999996,1143.0,18644.0,SF,True,False,0,ShADadTTFfRr,35,2569,45,20448,ssl,0
9901.206321,CkgEWy4UPHX7UwjvD4,10.0.2.15,52250,68.232.35.180,443,TLSv12,TLS_ECDHE_RSA_WITH_AES_128_GCM_SHA256,secp256r1,tags.tiqcdn.com,False,True,CsxuknGIti,"['e9833ec9415ec4381e97b13a6a575b5ebe604ba96ebe8484d5edd67608a492ca', '19400be5b7a31fb733917700789d2f0a2471c0c9d506c0e504c06c16d7cb17c0', '7431e5f4c3c1ce4690774f0b61e05440883ba9a01ed00ba6abd7806ed3b118cf']",[],1.0,0ffee3ba8e615ad22535e7f771690a28,49b45fc1ab090aa3a159778313fc9b9e,h2,,9900.081598,10.0.2.15,52250,68.232.35.180,443,tcp,285.01283499999954,1820.0,51974.0,SF,True,False,0,ShADadfF,35,3228,74,54938,ssl,0
9901.210484,CzSQVkxqBfGScxYSk,10.0.2.15,52249,95.100.187.152,443,TLSv12,TLS_ECDHE_RSA_WITH_AES_256_GCM_SHA384,secp256r1,cdn.cpnscdn.com,False,True,CsxknGIti,"['afb8a5534aafae1cd66c1700dad71dae426211d364e5f1edaa027c5e50d7bfe5', 'eae72eb454bf6c3977ebd289e970b2f5282949190093d0d26f98d0f0d6a9cf17', '8420dfbe376f414bf4c0a81e6936d24ccc03f304835b86c7a39142fca723a689']",[],1.0,0ffee3ba8e615ad22535e7f771690a28,2b33c1374db4ddf06942f92373c0b54b,http/1.1,,9900.080551,10.0.2.15,52249,95.100.187.152,443,tcp,12.45259100000112,349.0,4861.0,SF,True,False,0,ShADadTFfRr,12,838,14,5425,ssl,0
9901.238217,CD6zVN2LlFcKZuRD3c,10.0.2.15,52248,172.217.23.234,443,TLSv12,TLS_ECDHE_RSA_WITH_AES_128_GCM_SHA256,x25519,ajax.googleapis.com,False,True,CsxknGIti,"['0ca616f3b5a49ded9af60777a33ae7119bfd6de6a815dbee0b64d5d69491aa06', '9f630426df1d8abfd80ace98871ba833ab9742cb34838de2b5285ed54c0c7dcc', '3c35cc963eb004451323d3275d05b353235053490d9cd83729a2faf5e7ca1cc0']",[],1.0,0ffee3ba8e615ad22535e7f771690a28,ab41313cfec25328b20865eb1388e0a2,h2,,9900.078596,10.0.2.15,52248,172.217.23.234,443,tcp,5.038558000000194,532.0,3968.0,SF,True,False,0,ShADadFf,12,1020,12,4452,ssl,0
9901.241271,CduOvW2QQt2lpRZ9ob,10.0.2.15,52246,95.100.188.137,443,TLSv12,TLS_ECDHE_RSA_WITH_AES_256_GCM_SHA384,,cdns.gigya.com,True,True,CsiI,,,,1a5fe5677b0e4fbbc854e8908225637d,410b9bedaf65dd26c6fe547154d60db4,http/1.1,,9900.067848,10.0.2.15,52246,95.100.188.137,443,tcp,16.81451399999969,599.0,183.0,SF,True,False,0,ShADadTFfRr,10,1008,10,587,ssl,0
9901.240251,CF2O3AqsOtU0klKJ1,10.0.2.15,52247,172.217.23.234,443,TLSv12,TLS_ECDHE_RSA_WITH_AES_128_GCM_SHA256,x25519,ajax.googleapis.com,False,True,CsxknGIti,"['0ca616f3b5a49ded9af60777a33ae7119bfd6de6a815dbee0b64d5d69491aa06', '9f630426df1d8abfd80ace98871ba833ab9742cb34838de2b5285ed54c0c7dcc', '3c35cc963eb004451323d3275d05b353235053490d9cd83729a2faf5e7ca1cc0']",[],1.0,0ffee3ba8e615ad22535e7f771690a28,ab41313cfec25328b20865eb1388e0a2,h2,,9900.074565,10.0.2.15,52247,172.217.23.234,443,tcp,5.033524999998917,532.0,3968.0,SF,True,False,0,ShADadFf,12,1020,12,4452,ssl,0
9901.243498,CmY6mM1SlLUzP2kjBb,10.0.2.15,52245,216.58.201.66,443,TLSv12,TLS_ECDHE_RSA_WITH_AES_128_GCM_SHA256,x25519,www.googletagservices.com,False,True,CsxknGIti,"['a32ffddd76f9e7debbfc9a37b38d2ef86039b30a10d7c45ab8223d149cf99699', '9f630426df1d8abfd80ace98871ba833ab9742cb34838de2b5285ed54c0c7dcc', '3c35cc963eb004451323d3275d05b353235053490d9cd83729a2faf5e7ca1cc0']",[],1.0,0ffee3ba8e615ad22535e7f771690a28,ab41313cfec25328b20865eb1388e0a2,h2,,9900.067005,10.0.2.15,52245,216.58.201.66,443,tcp,240.2057529999984,1980.0,4545.0,SF,True,False,0,ShADadFf,23,2908,25,5549,ssl,0
9916.988113,COndE01kmuc7Yh4Og9,10.0.2.15,52266,52.20.146.186,443,TLSv12,TLS_ECDHE_RSA_WITH_AES_128_GCM_SHA256,secp256r1,ortc-ws2-useast1-s0002.realtime.co,False,True,CsxknGIti,"['9ccd0e208878a92281a89abb74655a27d5bd2505623864fa927bc4ebbd7f3d02', '973a41276ffd01e027a2aad49e34c37846d3e976ff6a620b6712e33832041aa6', '3a2fbe92891e57fe05d57087f48e730f17e5a5f53ef403d618e5b74d7a7e6ecb', 'c3846bf24b9e93ca64274c0ec67c1ecc5e024ffcacd2d74019350e81fe546ae4']",[],1.0,0ffee3ba8e615ad22535e7f771690a28,389ed42c02ebecc32e73aa31def07e14,,,9916.68711,10.0.2.15,52266,52.20.146.186,443,tcp,26.98657599999933,768.0,8015.0,SF,True,False,0,ShADadFTfRr,15,1378,18,8739,ssl,0
9918.412187,CMswlSLlmckhItfJc,10.0.2.15,52267,54.230.92.242,443,TLSv12,TLS_ECDHE_RSA_WITH_AES_128_GCM_SHA256,secp256r1,choices.truste.com,False,True,CsxuknGIti,"['9885030d1a13434b132aebde5f075a7157da85f8bb0e594c550f23b8f09d137f', 'e0898ad662474b9f753c79bea878031c9a5d634a49edd6310b960ab023c02c0e']",[],1.0,0ffee3ba8e615ad22535e7f771690a28,76cc3e2d3028143b23ec18e27dbd7ca9,http/1.1,,9918.006975,10.0.2.15,52267,54.230.92.242,443,tcp,118.32839500000046,704.0,6932.0,SF,True,False,0,ShADadTTFf,23,1643,24,7896,ssl,0
9919.469784,Cx55rX1vDB9oYHLSD6,10.0.2.15,52278,95.100.189.164,443,TLSv12,TLS_ECDHE_RSA_WITH_AES_256_GCM_SHA384,secp256r1,service.maxymiser.net,False,True,CsxknGIti,"['68ce803e46c211f1e15e2a9d77e2d6b6fa5cb9078852ef6a83b75c34bfbdd570', 'eae72eb454bf6c3977ebd289e970b2f5282949190093d0d26f98d0f0d6a9cf17']",[],1.0,0ffee3ba8e615ad22535e7f771690a28,2b33c1374db4ddf06942f92373c0b54b,http/1.1,,9919.040093,10.0.2.15,52278,95.100.189.164,443,tcp,203.20641400000025,6885.0,113582.0,SF,True,False,0,ShADadTTFfRr,67,9592,144,119346,ssl,0
9923.108526,C94XEf4akc8SYbOzTe,10.0.2.15,52288,130.211.29.114,443,TLSv12,TLS_ECDHE_RSA_WITH_AES_128_GCM_SHA256,x25519,cdn.perfdrive.com,False,True,CsxknGIti,"['0c28d15b4dbe135a5d5255de36f607a3e464a0c637ddf53982f77679d318cf59', '973a41276ffd01e027a2aad49e34c37846d3e976ff6a620b6712e33832041aa6', '3a2fbe92891e57fe05d57087f48e730f17e5a5f53ef403d618e5b74d7a7e6ecb', 'c3846bf24b9e93ca64274c0ec67c1ecc5e024ffcacd2d74019350e81fe546ae4']",[],1.0,0ffee3ba8e615ad22535e7f771690a28,ab41313cfec25328b20865eb1388e0a2,h2,,9922.482326,10.0.2.15,52288,130.211.29.114,443,tcp,191.5087110000004,944.0,10321.0,SF,True,False,0,ShADadFf,23,1872,29,11485,ssl,0
9923.109524,CFFqjA1gKanr3lmV2,10.0.2.15,52287,104.16.207.165,443,TLSv12,TLS_ECDHE_ECDSA_WITH_AES_128_GCM_SHA256,secp256r1,cdn.onesignal.com,False,True,CsxuknGIti,"['b0ad6221b59460c2adbe8239f30a9330216428febc77fde6fbfef1529e8b6b5c', 'cd6c108a0e641f2ca122aaa6d03f826759cae7c6f800eabf76dc48b67cd083ce', '9573862ac0b4b125168810ea3fd101ae2eb0bb15f61fc0e6da7a2a38b85a89e8']",[],1.0,0ffee3ba8e615ad22535e7f771690a28,7d3eb4120cd50e889bcd3f3783be0f82,h2,,9922.481798,10.0.2.15,52287,104.16.207.165,443,tcp,224.3087879999985,1093.0,63840.0,SF,True,False,0,ShADadFf,33,2421,71,66684,ssl,0
9927.462076,CokdnioyHW0aHsZ69,10.0.2.15,52299,23.74.179.197,443,TLSv12,TLS_ECDHE_ECDSA_WITH_AES_256_GCM_SHA384,secp256r1,img.purch.com,False,True,CsxknGIti,"['994537bb005cc619198f3285316321dfea1175fa423b507e10019c38ebd8eb38', '2e2861289b5ccedecae4c31bf262e0fb0c29b6c1530573442731ca65d821e901']",[],1.0,0ffee3ba8e615ad22535e7f771690a28,1f5a67caff68e3d312696e32f7396c70,h2,,9926.991741,10.0.2.15,52299,23.74.179.197,443,tcp,8.13945000000058,860.0,34406.0,SF,True,False,0,ShADadFfRr,24,1828,45,36210,ssl,0
9927.463844,CmdZ2kYO87R2sff5,10.0.2.15,52298,23.74.179.197,443,TLSv12,TLS_ECDHE_ECDSA_WITH_AES_256_GCM_SHA384,secp256r1,img.purch.com,False,True,CsxknGIti,"['994537bb005cc619198f3285316321dfea1175fa423b507e10019c38ebd8eb38', '2e2861289b5ccedecae4c31bf262e0fb0c29b6c1530573442731ca65d821e901']",[],1.0,0ffee3ba8e615ad22535e7f771690a28,1f5a67caff68e3d312696e32f7396c70,h2,,9926.990902,10.0.2.15,52298,23.74.179.197,443,tcp,9.224713999999947,859.0,20756.0,SF,True,False,0,ShADadFfRr,20,1667,31,22000,ssl,0
9927.465317,C0Xa9d3AwHHJounqY9,10.0.2.15,52297,23.74.179.197,443,TLSv12,TLS_ECDHE_ECDSA_WITH_AES_256_GCM_SHA384,secp256r1,img.purch.com,False,True,CsxknGIti,"['994537bb005cc619198f3285316321dfea1175fa423b507e10019c38ebd8eb38', '2e2861289b5ccedecae4c31bf262e0fb0c29b6c1530573442731ca65d821e901']",[],1.0,0ffee3ba8e615ad22535e7f771690a28,1f5a67caff68e3d312696e32f7396c70,h2,,9926.990372,10.0.2.15,52297,23.74.179.197,443,tcp,8.734409000000596,853.0,29566.0,SF,True,False,0,ShADadFfRr,24,1821,38,31090,ssl,0
9927.466967,C9ySE43eWGgmjpElLg,10.0.2.15,52296,23.74.179.197,443,TLSv12,TLS_ECDHE_ECDSA_WITH_AES_256_GCM_SHA384,secp256r1,img.purch.com,False,True,CsxknGIti,"['994537bb005cc619198f3285316321dfea1175fa423b507e10019c38ebd8eb38', '2e2861289b5ccedecae4c31bf262e0fb0c29b6c1530573442731ca65d821e901']",[],1.0,0ffee3ba8e615ad22535e7f771690a28,1f5a67caff68e3d312696e32f7396c70,h2,,9926.989797,10.0.2.15,52296,23.74.179.197,443,tcp,239.65688600000067,3272.0,432080.0,SF,True,False,0,ShADadtFfRr,154,9440,386,450364,ssl,0
9927.469794,CrEIXs3AoXNZ1xpEl4,10.0.2.15,52295,23.74.179.197,443,TLSv12,TLS_ECDHE_ECDSA_WITH_AES_256_GCM_SHA384,secp256r1,img.purch.com,False,True,CsxknGIti,"['994537bb005cc619198f3285316321dfea1175fa423b507e10019c38ebd8eb38', '2e2861289b5ccedecae4c31bf262e0fb0c29b6c1530573442731ca65d821e901']",[],1.0,0ffee3ba8e615ad22535e7f771690a28,1f5a67caff68e3d312696e32f7396c70,h2,,9926.988415,10.0.2.15,52295,23.74.179.197,443,tcp,8.98362300000008,853.0,17867.0,SF,True,False,0,ShADadFfRr,21,1701,30,19071,ssl,0
9927.478827,CV19El4zjUPSpdUE7,10.0.2.15,52294,23.74.179.197,443,TLSv12,TLS_ECDHE_ECDSA_WITH_AES_256_GCM_SHA384,secp256r1,img.purch.com,False,True,CsxknGIti,"['994537bb005cc619198f3285316321dfea1175fa423b507e10019c38ebd8eb38', '2e2861289b5ccedecae4c31bf262e0fb0c29b6c1530573442731ca65d821e901']",[],1.0,0ffee3ba8e615ad22535e7f771690a28,1f5a67caff68e3d312696e32f7396c70,h2,,9926.987625,10.0.2.15,52294,23.74.179.197,443,tcp,7.913588999999774,864.0,90761.0,SF,True,False,0,ShADadFfRr,37,2352,92,94445,ssl,0
9936.650758,CqzGn63znoEozJxS53,10.0.2.15,52309,95.100.188.137,443,TLSv12,TLS_ECDHE_RSA_WITH_AES_256_GCM_SHA384,,cdns.us1.gigya.com,True,True,CsiI,,,,1a5fe5677b0e4fbbc854e8908225637d,410b9bedaf65dd26c6fe547154d60db4,http/1.1,,9936.605202,10.0.2.15,52309,95.100.188.137,443,tcp,122.76783599999908,1460.0,32075.0,RSTO,True,False,0,ShADadTTFR,26,2520,47,33959,ssl,0
9938.732374,CKGIxe8yWwyrWc7Z2,10.0.2.15,52310,192.229.233.76,443,TLSv12,TLS_ECDHE_RSA_WITH_AES_128_GCM_SHA256,secp256r1,images-gmi-pmc.edge-generalmills.com,False,True,CsxuknGIti,"['bcae3d46ed7d2b05d5dbd92916cab23fcd177643d14129ceabcbecbd2f796458', '19400be5b7a31fb733917700789d2f0a2471c0c9d506c0e504c06c16d7cb17c0']",[],1.0,0ffee3ba8e615ad22535e7f771690a28,49b45fc1ab090aa3a159778313fc9b9e,h2,,9938.657999,10.0.2.15,52310,192.229.233.76,443,tcp,1.101045000001249,519.0,4769.0,SF,True,False,0,ShADadfF,10,927,12,5253,ssl,0
9940.587537,Cq7KKWFwILxEEwMf8,10.0.2.15,52311,95.100.189.164,443,TLSv12,TLS_ECDHE_RSA_WITH_AES_256_GCM_SHA384,,service.maxymiser.net,True,True,CsiI,,,,1a5fe5677b0e4fbbc854e8908225637d,410b9bedaf65dd26c6fe547154d60db4,http/1.1,,9940.531641,10.0.2.15,52311,95.100.189.164,443,tcp,181.70047800000063,4182.0,72422.0,SF,True,False,0,ShADadTTFfRr,48,6127,97,76306,ssl,0
9940.91789,C2uD8L3ntdIZwExSpk,10.0.2.15,52312,95.100.189.164,443,TLSv12,TLS_ECDHE_RSA_WITH_AES_256_GCM_SHA384,,service.maxymiser.net,True,True,CsiI,,,,1a5fe5677b0e4fbbc854e8908225637d,410b9bedaf65dd26c6fe547154d60db4,http/1.1,,9940.857803,10.0.2.15,52312,95.100.189.164,443,tcp,181.3742739999998,1629.0,1090.0,SF,True,False,0,ShADadTTFfRr,29,2814,30,2294,ssl,0
9940.919463,CBxTP51fjk8QULedZk,10.0.2.15,52315,95.100.189.164,443,TLSv12,TLS_ECDHE_RSA_WITH_AES_256_GCM_SHA384,,service.maxymiser.net,True,True,CsiI,,,,1a5fe5677b0e4fbbc854e8908225637d,410b9bedaf65dd26c6fe547154d60db4,http/1.1,,9940.860615,10.0.2.15,52315,95.100.189.164,443,tcp,13.11976400000094,599.0,183.0,RSTO,True,False,0,ShADadTFR,8,928,8,507,ssl,0
9940.920276,C8DGZ82IwHwdH9vJe5,10.0.2.15,52314,95.100.189.164,443,TLSv12,TLS_ECDHE_RSA_WITH_AES_256_GCM_SHA384,,service.maxymiser.net,True,True,CsiI,,,,1a5fe5677b0e4fbbc854e8908225637d,410b9bedaf65dd26c6fe547154d60db4,http/1.1,,9940.860078,10.0.2.15,52314,95.100.189.164,443,tcp,13.234169000001202,599.0,183.0,SF,True,False,0,ShADadTFfRr,9,968,10,587,ssl,0
9940.922508,CcBJp14QFxuDgKqhwk,10.0.2.15,52313,95.100.189.164,443,TLSv12,TLS_ECDHE_RSA_WITH_AES_256_GCM_SHA384,,service.maxymiser.net,True,True,CsiI,,,,1a5fe5677b0e4fbbc854e8908225637d,410b9bedaf65dd26c6fe547154d60db4,http/1.1,,9940.859564,10.0.2.15,52313,95.100.189.164,443,tcp,13.11505600000055,599.0,183.0,SF,True,False,0,ShADadTFRfr,9,968,10,587,ssl,0
9942.085329,Cn82he2XVOUQ25a8ll,10.0.2.15,52316,172.217.23.225,443,TLSv12,TLS_ECDHE_RSA_WITH_AES_128_GCM_SHA256,x25519,tpc.googlesyndication.com,False,True,CsxknGIti,"['1a04953b8e7e73c9260dd8ebc167433d66e5c2dd13da8be4a7be677086cfb34c', '9f630426df1d8abfd80ace98871ba833ab9742cb34838de2b5285ed54c0c7dcc', '3c35cc963eb004451323d3275d05b353235053490d9cd83729a2faf5e7ca1cc0']",[],1.0,0ffee3ba8e615ad22535e7f771690a28,ab41313cfec25328b20865eb1388e0a2,h2,,9942.057871,10.0.2.15,52316,172.217.23.225,443,tcp,465.7131909999989,1905.0,150601.0,SF,True,False,0,ShADadFf,64,4473,156,156845,ssl,0
9942.368044,Cj7Fx52izjtOEj16d9,10.0.2.15,52321,93.184.221.207,443,TLSv12,TLS_ECDHE_RSA_WITH_AES_128_GCM_SHA256,secp256r1,cdn01.centro.net,False,True,CsxuknGIti,"['3fba8decd7b61f36510c7826f398e31322ad2efec98185f7a7852a965c86f039', '19400be5b7a31fb733917700789d2f0a2471c0c9d506c0e504c06c16d7cb17c0', '7431e5f4c3c1ce4690774f0b61e05440883ba9a01ed00ba6abd7806ed3b118cf']",[],1.0,0ffee3ba8e615ad22535e7f771690a28,49b45fc1ab090aa3a159778313fc9b9e,h2,,9942.292501,10.0.2.15,52321,93.184.221.207,443,tcp,315.7929870000007,1155.0,50103.0,SF,True,False,0,ShADadfF,33,2483,66,52747,ssl,0
9942.377903,CWpgkD35WedwEb8Kr7,10.0.2.15,52317,216.58.201.66,443,TLSv12,TLS_ECDHE_RSA_WITH_AES_128_GCM_SHA256,,adx.g.doubleclick.net,True,True,CsiI,,,,1a5fe5677b0e4fbbc854e8908225637d,67619a80665d7ab92d1041b1d11f9164,h2,,9942.286467,10.0.2.15,52317,216.58.201.66,443,tcp,0.893889999999373,779.0,292.0,SF,True,False,0,ShADadFf,9,1147,10,696,ssl,0
9942.370624,CLPccYk2b7uSae9qe,10.0.2.15,52319,31.186.229.69,443,TLSv12,TLS_ECDHE_RSA_WITH_AES_256_GCM_SHA384,secp256r1,node-nl-thu3xa.sitescout.com,False,True,CsxknGIti,"['f015d4c86fc456a1d84bc3afa7ddb630a34da324037bb1cc3206209a00eae6e4', 'bc3f03a436240edba5f83714f6f677e34b37f9b1f0c08c1e558d981e279e8209']",[],1.0,0ffee3ba8e615ad22535e7f771690a28,758945630046fd37070521b8544d1fe8,,,9942.29007,10.0.2.15,52319,31.186.229.69,443,tcp,11.919671000001472,960.0,2982.0,SF,True,False,0,ShADadfF,10,1368,10,3386,ssl,0
9942.37489,CKoJ5B3zJVqORpAZji,10.0.2.15,52318,31.186.229.69,443,TLSv12,TLS_ECDHE_RSA_WITH_AES_256_GCM_SHA384,secp256r1,node-nl-thu3xa.sitescout.com,False,True,CsxknGIti,"['f015d4c86fc456a1d84bc3afa7ddb630a34da324037bb1cc3206209a00eae6e4', 'bc3f03a436240edba5f83714f6f677e34b37f9b1f0c08c1e558d981e279e8209']",[],1.0,0ffee3ba8e615ad22535e7f771690a28,758945630046fd37070521b8544d1fe8,,,9942.287724,10.0.2.15,52318,31.186.229.69,443,tcp,12.04823000000033,949.0,2982.0,SF,True,False,0,ShADadfF,10,1357,10,3386,ssl,0
9942.939412,CTju1a4jTG2Whhsr78,10.0.2.15,52322,52.202.66.241,443,TLSv12,TLS_ECDHE_RSA_WITH_AES_128_GCM_SHA256,secp256r1,q.adrta.com,False,True,CsxknGIi,"['09a1e8b326b03362881f1a4460fe5adb748d3819b80a97c2518ed1fde1791708', '02ab57e4e67a0cb48dd2ff34830e8ac40f4476fb08ca6be3f5cd846f646840f0', '4f32d5dc00f715250abcc486511e37f501a899deb3bf7ea8adbbd3aef1c412da']",[],1.0,0ffee3ba8e615ad22535e7f771690a28,303951d4c50efb2e991652225a6f02b1,,,9942.293691,10.0.2.15,52322,52.202.66.241,443,tcp,66.36460399999851,770.0,5883.0,SF,True,False,0,ShADadTFf,18,1504,19,6647,ssl,0
9942.943435,C3XJr64e9QefZzKWJ3,10.0.2.15,52320,209.15.36.23,443,TLSv12,TLS_ECDHE_RSA_WITH_AES_256_CBC_SHA,secp256r1,pixel.sitescout.com,False,True,CsxknGIti,"['f015d4c86fc456a1d84bc3afa7ddb630a34da324037bb1cc3206209a00eae6e4', 'bc3f03a436240edba5f83714f6f677e34b37f9b1f0c08c1e558d981e279e8209']",[],1.0,0ffee3ba8e615ad22535e7f771690a28,63a37e7be22df054d1f448fc0c28b98f,,,9942.291443,10.0.2.15,52320,209.15.36.23,443,tcp,11.793990000000122,943.0,3336.0,SF,True,False,0,ShADadfF,10,1351,12,3820,ssl,0
9943.46106,C7HCxX2MdWXHJKvWub,10.0.2.15,52325,31.186.229.69,443,TLSv12,TLS_ECDHE_RSA_WITH_AES_256_GCM_SHA384,secp256r1,node-nl-thu3xa.sitescout.com,False,True,CsxknGIti,"['f015d4c86fc456a1d84bc3afa7ddb630a34da324037bb1cc3206209a00eae6e4', 'bc3f03a436240edba5f83714f6f677e34b37f9b1f0c08c1e558d981e279e8209']",[],1.0,0ffee3ba8e615ad22535e7f771690a28,758945630046fd37070521b8544d1fe8,,,9942.960129,10.0.2.15,52325,31.186.229.69,443,tcp,10.69695800000045,362.0,2982.0,SF,True,False,0,ShADadfF,9,730,9,3346,ssl,0
9943.464627,CvusxhRVvd6QGMC4a,10.0.2.15,52324,178.250.0.101,443,TLSv12,TLS_RSA_WITH_AES_128_CBC_SHA,,cas.fr.eu.criteo.com,False,True,CsxnGIi,"['8a258857ae6b43509c5769d79be153d2c41426a6c9fbdc79a626f601ad13560d', 'eae72eb454bf6c3977ebd289e970b2f5282949190093d0d26f98d0f0d6a9cf17', '8420dfbe376f414bf4c0a81e6936d24ccc03f304835b86c7a39142fca723a689']",[],1.0,0ffee3ba8e615ad22535e7f771690a28,5dcc087b1a1d0a5b0658981a7e8b2c3c,,,9942.956108,10.0.2.15,52324,178.250.0.101,443,tcp,20.86439799999971,4693.0,9623.0,SF,True,False,0,ShADadTfF,15,5302,22,10507,ssl,0
9944.061999,CqOJln2YD6OnPof5Oc,10.0.2.15,52327,52.202.66.241,443,TLSv12,TLS_ECDHE_RSA_WITH_AES_128_GCM_SHA256,secp256r1,q.adrta.com,False,True,CsxknGIi,"['09a1e8b326b03362881f1a4460fe5adb748d3819b80a97c2518ed1fde1791708', '02ab57e4e67a0cb48dd2ff34830e8ac40f4476fb08ca6be3f5cd846f646840f0', '4f32d5dc00f715250abcc486511e37f501a899deb3bf7ea8adbbd3aef1c412da']",[],1.0,0ffee3ba8e615ad22535e7f771690a28,303951d4c50efb2e991652225a6f02b1,,,9943.468614,10.0.2.15,52327,52.202.66.241,443,tcp,15.96716600000036,345.0,4849.0,RSTO,True,False,0,ShADadTFR,11,794,12,5333,ssl,0
9944.066076,CcQn1uf5AFGUOHxV9,10.0.2.15,52326,209.15.36.23,443,TLSv12,TLS_ECDHE_RSA_WITH_AES_256_CBC_SHA,secp256r1,pixel.sitescout.com,False,True,CsxknGIti,"['f015d4c86fc456a1d84bc3afa7ddb630a34da324037bb1cc3206209a00eae6e4', 'bc3f03a436240edba5f83714f6f677e34b37f9b1f0c08c1e558d981e279e8209']",[],1.0,0ffee3ba8e615ad22535e7f771690a28,63a37e7be22df054d1f448fc0c28b98f,,,9943.468099,10.0.2.15,52326,209.15.36.23,443,tcp,16.106856000000334,346.0,3304.0,SF,True,False,0,ShADadfF,8,674,9,3668,ssl,0
9945.496403,CWwYsB4UJW759mhAa2,10.0.2.15,52328,172.217.23.194,443,TLSv12,TLS_ECDHE_RSA_WITH_AES_128_GCM_SHA256,,cm.g.doubleclick.net,True,True,CsiI,,,,1a5fe5677b0e4fbbc854e8908225637d,67619a80665d7ab92d1041b1d11f9164,h2,,9944.773565,10.0.2.15,52328,172.217.23.194,443,tcp,220.8739569999998,2368.0,2008.0,SF,True,False,0,ShADadFf,32,3656,38,3532,ssl,0
9950.243432,Chp0U024vdDrveD11h,10.0.2.15,52337,172.217.23.230,443,TLSv12,TLS_ECDHE_RSA_WITH_AES_128_GCM_SHA256,x25519,3735144.fls.doubleclick.net,False,True,CsxknGIti,"['378a6c73f6dec1c6bc563fa8eda92c3e9ce61b893db7685686c41f33ab89931c', '9f630426df1d8abfd80ace98871ba833ab9742cb34838de2b5285ed54c0c7dcc', '3c35cc963eb004451323d3275d05b353235053490d9cd83729a2faf5e7ca1cc0']",[],1.0,0ffee3ba8e615ad22535e7f771690a28,ab41313cfec25328b20865eb1388e0a2,h2,,9948.207743,10.0.2.15,52337,172.217.23.230,443,tcp,413.0706139999984,7679.0,135861.0,SF,True,False,0,ShADadFf,73,10607,161,142305,ssl,0
9951.192924,CZXxlZ342VEys3sEy1,10.0.2.15,52342,23.74.200.24,443,TLSv12,TLS_ECDHE_RSA_WITH_AES_256_GCM_SHA384,secp256r1,tracker.marinsm.com,False,True,CsxknGIti,"['75d768f339b9c11f9ff74af7cac15fd17ae4a4d4181623cba964ecc6f0d6b536', 'eae72eb454bf6c3977ebd289e970b2f5282949190093d0d26f98d0f0d6a9cf17', '8420dfbe376f414bf4c0a81e6936d24ccc03f304835b86c7a39142fca723a689']",[],1.0,0ffee3ba8e615ad22535e7f771690a28,2b33c1374db4ddf06942f92373c0b54b,http/1.1,,9950.253095,10.0.2.15,52342,23.74.200.24,443,tcp,14.087170000000697,1251.0,7737.0,RSTR,True,False,0,ShADadRr,13,1779,15,8341,ssl,0
9951.189692,CjM0l13XHv95mG60a,10.0.2.15,52343,169.47.30.64,443,TLSv12,TLS_RSA_WITH_AES_256_CBC_SHA,,tags.bluekai.com,False,True,CsxnGIi,"['f3e2a1e01c5e2e8f20022b198cde61baf841fcf748c4639eea3fd3db4785c81d', 'e0898ad662474b9f753c79bea878031c9a5d634a49edd6310b960ab023c02c0e']",[],1.0,0ffee3ba8e615ad22535e7f771690a28,f4fb99c318cd91a4dfff259227ba977b,http/1.1,,9950.254224,10.0.2.15,52343,169.47.30.64,443,tcp,24.874762999999803,940.0,3668.0,SF,True,False,0,ShADadTfF,11,1389,13,4192,ssl,0
9951.196043,CSruObwlFHIZGJkmj,10.0.2.15,52341,169.47.30.64,443,TLSv12,TLS_RSA_WITH_AES_256_CBC_SHA,,stags.bluekai.com,False,True,CsxnGIi,"['f3e2a1e01c5e2e8f20022b198cde61baf841fcf748c4639eea3fd3db4785c81d', 'e0898ad662474b9f753c79bea878031c9a5d634a49edd6310b960ab023c02c0e']",[],1.0,0ffee3ba8e615ad22535e7f771690a28,f4fb99c318cd91a4dfff259227ba977b,http/1.1,,9950.249917,10.0.2.15,52341,169.47.30.64,443,tcp,24.87855900000068,1389.0,3572.0,SF,True,False,0,ShADadTfF,12,1878,13,4096,ssl,0
9951.201749,CWNMDP2eR8kkxk4Py,10.0.2.15,52340,153.13.148.201,443,TLSv12,TLS_RSA_WITH_AES_256_CBC_SHA,,analytics.generalmills.com,False,True,CsxnGIi,"['a90ff8f37b1d662eabcf40b9d043703f3c90df63f0f6c2b4dbd2c53e7cca0ffc', '111006378afbe8e99bb02ba87390ca429fca2773f74d7f7eb5744f5ddf68014b', '4f32d5dc00f715250abcc486511e37f501a899deb3bf7ea8adbbd3aef1c412da', '687fa451382278fff0c8b11f8d43d576671c6eb2bceab413fb83d965d06d2ff2']",[],1.0,0ffee3ba8e615ad22535e7f771690a28,db8185c4eafa7114cadaf05965b09ef0,,,9950.24885,10.0.2.15,52340,153.13.148.201,443,tcp,174.26980999999978,2384.0,8380.0,SF,True,False,0,ShADadTTFf,30,3608,32,9664,ssl,0
9951.213105,Ct3QlV3OCTgzPsZpc1,10.0.2.15,52339,172.217.23.230,443,TLSv12,TLS_ECDHE_RSA_WITH_AES_128_GCM_SHA256,x25519,3735144.fls.doubleclick.net,False,True,CsxknGIti,"['378a6c73f6dec1c6bc563fa8eda92c3e9ce61b893db7685686c41f33ab89931c', '9f630426df1d8abfd80ace98871ba833ab9742cb34838de2b5285ed54c0c7dcc', '3c35cc963eb004451323d3275d05b353235053490d9cd83729a2faf5e7ca1cc0']",[],1.0,0ffee3ba8e615ad22535e7f771690a28,ab41313cfec25328b20865eb1388e0a2,h2,,9950.247981,10.0.2.15,52339,172.217.23.230,443,tcp,10.651867999999013,1017.0,4839.0,SF,True,False,0,ShADadFf,16,1665,17,5523,ssl,0
9951.21531,Cz7V0V2tImc9cYKMLl,10.0.2.15,52338,151.101.112.249,443,TLSv12,TLS_ECDHE_RSA_WITH_AES_128_GCM_SHA256,secp256r1,static.chartbeat.com,False,True,CsxuknGIti,"['ca5c57bee6ab21c055dcdbe8ad25feef6d1764a92e2aaaadb5d55fb667c3f8ac', '19400be5b7a31fb733917700789d2f0a2471c0c9d506c0e504c06c16d7cb17c0']",[],1.0,0ffee3ba8e615ad22535e7f771690a28,860fcf58fd757e26aa8911e5eaff6b53,http/1.1,,9950.247348,10.0.2.15,52338,151.101.112.249,443,tcp,133.71790099999998,701.0,19030.0,SF,True,False,0,ShADadTTFfRr,33,2041,44,20794,ssl,0
9960.310787,CK69Ve3DvfX7V8gWnj,10.0.2.15,52344,151.101.112.84,443,TLSv12,TLS_ECDHE_RSA_WITH_AES_128_GCM_SHA256,,ct.pinterest.com,True,True,CsiI,,,,1a5fe5677b0e4fbbc854e8908225637d,1d0e57c6ae42e9204defa51e5e1cdc4c,http/1.1,,9959.576986,10.0.2.15,52344,151.101.112.84,443,tcp,2.271285000000716,1459.0,566.0,SF,True,False,0,ShADadFfRr,11,1907,11,1010,ssl,0
9960.310121,CDBcK93bda7aK2mRe6,10.0.2.15,52345,151.101.112.84,443,TLSv12,TLS_ECDHE_RSA_WITH_AES_128_GCM_SHA256,,ct.pinterest.com,True,True,CsiI,,,,1a5fe5677b0e4fbbc854e8908225637d,1d0e57c6ae42e9204defa51e5e1cdc4c,http/1.1,,9959.577782,10.0.2.15,52345,151.101.112.84,443,tcp,2.27045199999884,1367.0,566.0,SF,True,False,0,ShADadFfRr,11,1815,11,1010,ssl,0
9961.440374,CGIYve1rTLyeUSkAI9,10.0.2.15,52350,192.229.233.76,443,TLSv12,TLS_ECDHE_RSA_WITH_AES_128_GCM_SHA256,secp256r1,www.bettycrocker.com,False,True,CsxuknGIti,"['bcae3d46ed7d2b05d5dbd92916cab23fcd177643d14129ceabcbecbd2f796458', '19400be5b7a31fb733917700789d2f0a2471c0c9d506c0e504c06c16d7cb17c0']",[],1.0,1a5fe5677b0e4fbbc854e8908225637d,49b45fc1ab090aa3a159778313fc9b9e,h2,,9961.063372,10.0.2.15,52350,192.229.233.76,443,tcp,3.263954000000012,643.0,4722.0,RSTO,True,False,0,ShADadR,8,971,8,5046,ssl,0
9961.444091,ChnorY3NMKFQcGiZbc,10.0.2.15,52348,192.229.233.76,443,TLSv12,TLS_ECDHE_RSA_WITH_AES_128_GCM_SHA256,secp256r1,images-gmi-pmc.edge-generalmills.com,False,True,CsxuknGIti,"['bcae3d46ed7d2b05d5dbd92916cab23fcd177643d14129ceabcbecbd2f796458', '19400be5b7a31fb733917700789d2f0a2471c0c9d506c0e504c06c16d7cb17c0']",[],1.0,1a5fe5677b0e4fbbc854e8908225637d,49b45fc1ab090aa3a159778313fc9b9e,h2,,9961.062215,10.0.2.15,52348,192.229.233.76,443,tcp,3.263708000000406,643.0,4738.0,RSTO,True,False,0,ShADadR,8,971,10,5142,ssl,0
9961.451972,CydJkTTNtjTfdffac,10.0.2.15,52352,95.100.191.4,443,TLSv12,TLS_ECDHE_RSA_WITH_AES_256_GCM_SHA384,,sb.scorecardresearch.com,True,True,CsiI,,,,1a5fe5677b0e4fbbc854e8908225637d,410b9bedaf65dd26c6fe547154d60db4,http/1.1,,9961.064351,10.0.2.15,52352,95.100.191.4,443,tcp,1.399775999998382,1160.0,429.0,SF,True,False,0,ShADadFf,9,1528,9,793,ssl,0
9961.451058,CcDWAF4bTtxMILTWj9,10.0.2.15,52346,104.16.206.165,443,TLSv12,TLS_ECDHE_ECDSA_WITH_AES_128_GCM_SHA256,secp256r1,tomsguide.onesignal.com,False,True,CsxuknGIti,"['b0ad6221b59460c2adbe8239f30a9330216428febc77fde6fbfef1529e8b6b5c', 'cd6c108a0e641f2ca122aaa6d03f826759cae7c6f800eabf76dc48b67cd083ce', '9573862ac0b4b125168810ea3fd101ae2eb0bb15f61fc0e6da7a2a38b85a89e8']",[],1.0,0ffee3ba8e615ad22535e7f771690a28,7d3eb4120cd50e889bcd3f3783be0f82,h2,,9960.686922,10.0.2.15,52346,104.16.206.165,443,tcp,5.077097999999751,537.0,3875.0,SF,True,False,0,ShADadFf,11,985,13,4399,ssl,0
9961.443033,C30zUI2RkwZB5Cemtk,10.0.2.15,52349,173.239.42.221,443,TLSv12,TLS_ECDHE_RSA_WITH_AES_128_GCM_SHA256,secp256r1,dsp.adkernel.com,False,True,CsxknGIti,"['b258160ee8a390fa29cc88145213fb619b33a7da383e07b34f63e3269b82554d', '02ab57e4e67a0cb48dd2ff34830e8ac40f4476fb08ca6be3f5cd846f646840f0', '4f32d5dc00f715250abcc486511e37f501a899deb3bf7ea8adbbd3aef1c412da']",[],1.0,0ffee3ba8e615ad22535e7f771690a28,389ed42c02ebecc32e73aa31def07e14,,,9961.062848,10.0.2.15,52349,173.239.42.221,443,tcp,3.366491000000678,351.0,5011.0,SF,True,False,0,ShADadFf,9,719,11,5455,ssl,0
9961.453709,CpEHj94IgaTrLdAOd4,10.0.2.15,52351,104.16.206.165,443,TLSv12,TLS_ECDHE_ECDSA_WITH_AES_128_GCM_SHA256,secp256r1,tomsguide.onesignal.com,False,True,CsxuknGIti,"['b0ad6221b59460c2adbe8239f30a9330216428febc77fde6fbfef1529e8b6b5c', 'cd6c108a0e641f2ca122aaa6d03f826759cae7c6f800eabf76dc48b67cd083ce', '9573862ac0b4b125168810ea3fd101ae2eb0bb15f61fc0e6da7a2a38b85a89e8']",[],1.0,0ffee3ba8e615ad22535e7f771690a28,7d3eb4120cd50e889bcd3f3783be0f82,h2,,9961.063863,10.0.2.15,52351,104.16.206.165,443,tcp,4.700066000001243,537.0,3874.0,SF,True,False,0,ShADadFf,11,985,13,4398,ssl,0
9961.449628,Ca6wHn332AcGrZm185,10.0.2.15,52347,173.239.42.221,443,TLSv12,TLS_ECDHE_RSA_WITH_AES_128_GCM_SHA256,secp256r1,dsp.adkernel.com,False,True,CsxknGIti,"['b258160ee8a390fa29cc88145213fb619b33a7da383e07b34f63e3269b82554d', '02ab57e4e67a0cb48dd2ff34830e8ac40f4476fb08ca6be3f5cd846f646840f0', '4f32d5dc00f715250abcc486511e37f501a899deb3bf7ea8adbbd3aef1c412da']",[],1.0,0ffee3ba8e615ad22535e7f771690a28,389ed42c02ebecc32e73aa31def07e14,,,9960.688006,10.0.2.15,52347,173.239.42.221,443,tcp,12.100931999999377,382.0,5011.0,SF,True,False,0,ShADadTFf,11,831,12,5495,ssl,0
9962.383605,CSe7sM2lq8XPEBBkN4,10.0.2.15,52353,31.186.229.69,443,TLSv12,TLS_ECDHE_RSA_WITH_AES_256_GCM_SHA384,,node-nl-thu3xa.sitescout.com,True,True,CsiI,,,,1a5fe5677b0e4fbbc854e8908225637d,364ff14b04ef93c3b4cfa429d729c0d9,,,9961.828917,10.0.2.15,52353,31.186.229.69,443,tcp,1.992388999999093,1166.0,507.0,SF,True,False,0,ShADadfF,7,1454,8,831,ssl,0
9962.383017,CbTla1daCABJfGmaa,10.0.2.15,52354,31.186.229.69,443,TLSv12,TLS_ECDHE_RSA_WITH_AES_256_GCM_SHA384,,node-nl-thu3xa.sitescout.com,True,True,CsiI,,,,1a5fe5677b0e4fbbc854e8908225637d,364ff14b04ef93c3b4cfa429d729c0d9,,,9961.829741,10.0.2.15,52354,31.186.229.69,443,tcp,1.989069000001109,1155.0,849.0,SF,True,False,0,ShADadfF,8,1483,8,1173,ssl,0
9962.372416,CThQ5O2CdkrL2SCLpa,10.0.2.15,52363,54.164.226.139,443,TLSv12,TLS_ECDHE_RSA_WITH_AES_128_GCM_SHA256,secp256r1,cdn.adrta.com,False,True,CsxknGIi,"['09a1e8b326b03362881f1a4460fe5adb748d3819b80a97c2518ed1fde1791708', '02ab57e4e67a0cb48dd2ff34830e8ac40f4476fb08ca6be3f5cd846f646840f0', '4f32d5dc00f715250abcc486511e37f501a899deb3bf7ea8adbbd3aef1c412da']",[],1.0,0ffee3ba8e615ad22535e7f771690a28,303951d4c50efb2e991652225a6f02b1,,,9961.835619,10.0.2.15,52363,54.164.226.139,443,tcp,2.628808999999819,316.0,4849.0,SF,True,False,0,ShADadFfRr,10,724,12,5333,ssl,0
9963.9769,CL74ku4R7kA0dJ8Waj,10.0.2.15,52364,178.250.0.66,443,TLSv12,TLS_RSA_WITH_AES_128_CBC_SHA,,cat.fr.eu.criteo.com,False,True,CsxnGIi,"['8a258857ae6b43509c5769d79be153d2c41426a6c9fbdc79a626f601ad13560d', 'eae72eb454bf6c3977ebd289e970b2f5282949190093d0d26f98d0f0d6a9cf17', '8420dfbe376f414bf4c0a81e6936d24ccc03f304835b86c7a39142fca723a689']",[],1.0,0ffee3ba8e615ad22535e7f771690a28,5dcc087b1a1d0a5b0658981a7e8b2c3c,,,9963.087794,10.0.2.15,52364,178.250.0.66,443,tcp,1.237382000001162,571.0,4413.0,RSTO,True,False,0,ShADadR,7,859,8,4737,ssl,0
9972.994578,ConD3NYV5TsExKyd4,10.0.2.15,52378,31.13.76.68,443,TLSv12,TLS_ECDHE_ECDSA_WITH_AES_128_GCM_SHA256,,www.facebook.com,True,True,CsiI,,,,1a5fe5677b0e4fbbc854e8908225637d,96681175a9547081bf3d417f1a572091,h2,,9972.305532,10.0.2.15,52378,31.13.76.68,443,tcp,587.2843659999999,5798.0,60811.0,SF,True,False,0,ShADadfF,64,8366,107,65095,ssl,0
9973.263022,ClWs812XRWBclnFD4i,10.0.2.15,52379,74.120.148.204,443,TLSv12,TLS_ECDHE_RSA_WITH_AES_128_GCM_SHA256,secp256r1,gscounters.us1.gigya.com,False,True,CsxknGIti,"['aa83eed7a9e6a5da067786f5af5bacdae15db5772f3ca5fe2d5f4af877faee20', '02ab57e4e67a0cb48dd2ff34830e8ac40f4476fb08ca6be3f5cd846f646840f0', '4f32d5dc00f715250abcc486511e37f501a899deb3bf7ea8adbbd3aef1c412da']",[],1.0,0ffee3ba8e615ad22535e7f771690a28,389ed42c02ebecc32e73aa31def07e14,,,9972.858382,10.0.2.15,52379,74.120.148.204,443,tcp,4.164856999999756,1394.0,5742.0,SF,True,False,0,ShADadfF,10,1802,14,6306,ssl,0
9973.599745,CYEQOW2XnpWTSoVHb9,10.0.2.15,52382,216.58.201.66,443,TLSv12,TLS_ECDHE_ECDSA_WITH_AES_128_GCM_SHA256,,pagead2.googlesyndication.com,True,True,CsiI,,,,1a5fe5677b0e4fbbc854e8908225637d,c23237dbea656869600e48dfbd00ab7b,h2,,9972.992344,10.0.2.15,52382,216.58.201.66,443,tcp,435.9934649999996,9056.0,2567.0,SF,True,False,0,ShADadFf,46,10904,51,4611,ssl,0
9973.616543,Co8VTr37ESaw24Jt7b,10.0.2.15,52383,192.229.233.76,443,TLSv12,TLS_ECDHE_RSA_WITH_AES_128_GCM_SHA256,secp256r1,www.bettycrocker.com,False,True,CsxuknGIti,"['bcae3d46ed7d2b05d5dbd92916cab23fcd177643d14129ceabcbecbd2f796458', '19400be5b7a31fb733917700789d2f0a2471c0c9d506c0e504c06c16d7cb17c0']",[],1.0,0ffee3ba8e615ad22535e7f771690a28,49b45fc1ab090aa3a159778313fc9b9e,h2,,9973.113193,10.0.2.15,52383,192.229.233.76,443,tcp,192.4933630000014,16170.0,4348451.0,RSTR,True,False,0,ShADadWRr,510,36578,3317,4481135,ssl,0
9973.613903,CKhboe440ulrmTYKnf,10.0.2.15,52384,54.247.66.94,443,TLSv12,TLS_ECDHE_RSA_WITH_AES_128_GCM_SHA256,secp256r1,d.adroll.com,False,True,CsxknGIi,"['30d9e6a96455a203c6d0e675630de083191a9ec88b4ede4851365088792e1417', 'e6683e88315cd1cb403c0cea490f7c4b4c82c91cd485037489aadbaa90839f61', 'ff856a2d251dcd88d36656f450126798cfabaade40799c722de4d2b5db36a73a']",[],1.0,0ffee3ba8e615ad22535e7f771690a28,303951d4c50efb2e991652225a6f02b1,,,9973.11386,10.0.2.15,52384,54.247.66.94,443,tcp,65.31639800000085,780.0,4914.0,SF,True,False,0,ShADadTFf,16,1433,17,5598,ssl,0
9988.343054,CBLaIX2GSHIJS23IKi,10.0.2.15,52421,172.217.23.227,443,TLSv12,TLS_ECDHE_ECDSA_WITH_AES_128_GCM_SHA256,x25519,www.gstatic.com,False,True,CsxknGIti,"['11ddd329046367c19b32ffdb02ed308de129de4d6ffcf95856d7bd6a7accfba9', '9f630426df1d8abfd80ace98871ba833ab9742cb34838de2b5285ed54c0c7dcc', '3c35cc963eb004451323d3275d05b353235053490d9cd83729a2faf5e7ca1cc0']",[],1.0,0ffee3ba8e615ad22535e7f771690a28,84480cf8cf0e732666092640e581e1a5,h2,,9988.333223,10.0.2.15,52421,172.217.23.227,443,tcp,192.2658190000002,733.0,4560.0,SF,True,False,0,ShADadFf,18,1461,21,5404,ssl,0
9988.549931,C7WkJI1cpOZfYAfey6,10.0.2.15,52419,34.207.30.67,443,TLSv12,TLS_ECDHE_RSA_WITH_AES_128_GCM_SHA256,,preferences.truste.com,True,True,CsiI,,,,0ffee3ba8e615ad22535e7f771690a28,303951d4c50efb2e991652225a6f02b1,,,9988.26802,10.0.2.15,52419,34.207.30.67,443,tcp,62.09084199999961,711.0,5541.0,SF,True,False,0,ShADadTFf,15,1325,18,6265,ssl,0
9988.553244,C0Id8oF3WCvBvQ0ug,10.0.2.15,52418,34.194.234.98,443,TLSv12,TLS_ECDHE_RSA_WITH_AES_128_GCM_SHA256,secp256r1,www.zergnet.com,False,True,CsxknGIti,"['6bb71c054b49054320e40b3cbb1c46a1d63f3f9b84a24f3c756c0ab1d9229bf8', '973a41276ffd01e027a2aad49e34c37846d3e976ff6a620b6712e33832041aa6', '3a2fbe92891e57fe05d57087f48e730f17e5a5f53ef403d618e5b74d7a7e6ecb', 'c3846bf24b9e93ca64274c0ec67c1ecc5e024ffcacd2d74019350e81fe546ae4']",[],1.0,0ffee3ba8e615ad22535e7f771690a28,8d2a028aa94425f76ced7826b1f39039,h2,,9988.267288,10.0.2.15,52418,34.194.234.98,443,tcp,363.1889910000009,1793.0,13148.0,SF,True,False,0,ShADadFf,34,3161,40,14752,ssl,0
9991.390418,CUmYtMaBa9EtTVSZb,10.0.2.15,52427,192.229.233.76,443,TLSv12,TLS_ECDHE_RSA_WITH_AES_128_GCM_SHA256,secp256r1,images-gmi-pmc.edge-generalmills.com,False,True,CsxuknGIti,"['bcae3d46ed7d2b05d5dbd92916cab23fcd177643d14129ceabcbecbd2f796458', '19400be5b7a31fb733917700789d2f0a2471c0c9d506c0e504c06c16d7cb17c0']",[],1.0,0ffee3ba8e615ad22535e7f771690a28,49b45fc1ab090aa3a159778313fc9b9e,h2,,9991.361314,10.0.2.15,52427,192.229.233.76,443,tcp,0.8045970000002851,550.0,4769.0,SF,True,False,0,ShADadFfRr,12,1038,15,5373,ssl,0
9991.820767,CpooLf4zNISWfIY17f,10.0.2.15,52428,192.229.233.76,443,TLSv12,TLS_ECDHE_RSA_WITH_AES_128_GCM_SHA256,secp256r1,images-gmi-pmc.edge-generalmills.com,False,True,CsxuknGIti,"['bcae3d46ed7d2b05d5dbd92916cab23fcd177643d14129ceabcbecbd2f796458', '19400be5b7a31fb733917700789d2f0a2471c0c9d506c0e504c06c16d7cb17c0']",[],1.0,0ffee3ba8e615ad22535e7f771690a28,49b45fc1ab090aa3a159778313fc9b9e,h2,,9991.387291,10.0.2.15,52428,192.229.233.76,443,tcp,1.305429000000003,550.0,4769.0,SF,True,False,0,ShADadFfRr,11,998,14,5333,ssl,0
9992.405738,CpS4KZ2ZS2aoKZeagb,10.0.2.15,52429,172.217.23.228,443,TLSv12,TLS_ECDHE_RSA_WITH_AES_128_GCM_SHA256,,www.google.com,True,True,CsiI,,,,1a5fe5677b0e4fbbc854e8908225637d,67619a80665d7ab92d1041b1d11f9164,h2,,9991.96696,10.0.2.15,52429,172.217.23.228,443,tcp,574.7645670000002,11466.0,65183.0,SF,True,False,0,ShADadFf,103,15594,151,71227,ssl,0
9992.901721,Cw4xQC3uly4N349c3l,10.0.2.15,52430,172.217.23.228,443,TLSv12,TLS_ECDHE_RSA_WITH_AES_128_GCM_SHA256,,www.google.com,True,True,CsiI,,,,1a5fe5677b0e4fbbc854e8908225637d,67619a80665d7ab92d1041b1d11f9164,h2,,9992.382115,10.0.2.15,52430,172.217.23.228,443,tcp,2.327852000000348,1441.0,556.0,SF,True,False,0,ShADadFf,13,1969,14,1120,ssl,0
9993.978103,C4jpjx4ezcfeCpHgO9,10.0.2.15,52436,216.58.201.66,443,TLSv12,TLS_ECDHE_RSA_WITH_AES_128_GCM_SHA256,,adx.g.doubleclick.net,True,True,CsiI,,,,1a5fe5677b0e4fbbc854e8908225637d,67619a80665d7ab92d1041b1d11f9164,h2,,9992.919563,10.0.2.15,52436,216.58.201.66,443,tcp,3.258808000000499,779.0,292.0,SF,True,False,0,ShADadFf,11,1227,10,696,ssl,0
9994.499533,CLPnKh4KXEP06j7Rql,10.0.2.15,52438,178.250.0.101,443,TLSv12,TLS_RSA_WITH_AES_128_CBC_SHA,,cas.fr.eu.criteo.com,True,True,CsiI,,,,0ffee3ba8e615ad22535e7f771690a28,5dcc087b1a1d0a5b0658981a7e8b2c3c,,,9993.795603,10.0.2.15,52438,178.250.0.101,443,tcp,19.31827100000009,8751.0,10659.0,SF,True,False,0,ShADadTfF,19,9520,24,11623,ssl,0
9995.029487,C34ikI10JTN2CTjLfi,10.0.2.15,52440,216.58.201.66,443,TLSv12,TLS_ECDHE_RSA_WITH_AES_128_GCM_SHA256,,adx.g.doubleclick.net,True,True,CsiI,,,,1a5fe5677b0e4fbbc854e8908225637d,67619a80665d7ab92d1041b1d11f9164,h2,,9994.177009,10.0.2.15,52440,216.58.201.66,443,tcp,2.66988499999934,779.0,292.0,SF,True,False,0,ShADadFf,10,1187,10,696,ssl,0
9997.000004,Cp8hgV3n9jQF0nATP5,10.0.2.15,52445,188.125.66.33,443,TLSv12,TLS_ECDHE_RSA_WITH_AES_128_GCM_SHA256,secp256r1,sp.analytics.yahoo.com,False,True,CsxknGIti,"['a42bd5146a3d4010979322f493ea1cf3e1ba9033d64ae699935e6a6ad96bd3c4', '19400be5b7a31fb733917700789d2f0a2471c0c9d506c0e504c06c16d7cb17c0']",[],1.0,1a5fe5677b0e4fbbc854e8908225637d,b898351eb5e266aefd3723d466935494,http/1.1,,9996.312783,10.0.2.15,52445,188.125.66.33,443,tcp,62.38329599999997,1039.0,4475.0,SF,True,False,0,ShADadTfF,17,1733,18,5199,ssl,0
9999.582995,Cu3WHR2q9pstZwnd7g,10.0.2.15,52449,87.248.118.22,443,TLSv12,TLS_ECDHE_RSA_WITH_AES_128_GCM_SHA256,,s.yimg.com,True,True,CsiI,,,,1a5fe5677b0e4fbbc854e8908225637d,d199ba0af2b08e204c73d6d81a1fd260,h2,,9999.246186,10.0.2.15,52449,87.248.118.22,443,tcp,192.8802429999996,953.0,449.0,SF,True,False,0,ShADadfF,16,1601,19,1213,ssl,0
10000.109849,CL00bJ3FcCm0e4mFPl,10.0.2.15,52452,216.137.61.36,443,TLSv12,TLS_ECDHE_RSA_WITH_AES_128_GCM_SHA256,secp256r1,d2x3bkdslnxkuj.cloudfront.net,False,True,CsxuknGIti,"['90c0937808b31877df6c4a5c743c99325d974624be3735faa5078cf73d4fd205', 'eae72eb454bf6c3977ebd289e970b2f5282949190093d0d26f98d0f0d6a9cf17']",[],1.0,0ffee3ba8e615ad22535e7f771690a28,76cc3e2d3028143b23ec18e27dbd7ca9,http/1.1,,9999.987398,10.0.2.15,52452,216.137.61.36,443,tcp,121.57296000000132,733.0,47875.0,SF,True,False,0,ShADadTTfF,38,2272,65,50479,ssl,0
10000.111666,CMtlSn2oDLFQBXc6I4,10.0.2.15,52457,216.137.61.36,443,TLSv12,TLS_ECDHE_RSA_WITH_AES_128_GCM_SHA256,secp256r1,d2x3bkdslnxkuj.cloudfront.net,False,True,CsxuknGIti,"['90c0937808b31877df6c4a5c743c99325d974624be3735faa5078cf73d4fd205', 'eae72eb454bf6c3977ebd289e970b2f5282949190093d0d26f98d0f0d6a9cf17']",[],1.0,0ffee3ba8e615ad22535e7f771690a28,76cc3e2d3028143b23ec18e27dbd7ca9,http/1.1,,9999.992762,10.0.2.15,52457,216.137.61.36,443,tcp,121.5848160000005,734.0,43040.0,SF,True,False,0,ShADadTTfF,36,2193,62,45524,ssl,0
10000.104696,CQ0jgkOI5X60UReol,10.0.2.15,52451,178.250.0.66,443,TLSv12,TLS_RSA_WITH_AES_128_CBC_SHA,,cat.fr.eu.criteo.com,False,True,CsxnGIi,"['8a258857ae6b43509c5769d79be153d2c41426a6c9fbdc79a626f601ad13560d', 'eae72eb454bf6c3977ebd289e970b2f5282949190093d0d26f98d0f0d6a9cf17', '8420dfbe376f414bf4c0a81e6936d24ccc03f304835b86c7a39142fca723a689']",[],1.0,0ffee3ba8e615ad22535e7f771690a28,5dcc087b1a1d0a5b0658981a7e8b2c3c,,,9999.79664,10.0.2.15,52451,178.250.0.66,443,tcp,16.704216000000088,5237.0,4786.0,SF,True,False,0,ShADadTfF,16,5886,18,5510,ssl,0
10000.106353,C9HfWo11wp57FQ7m1k,10.0.2.15,52450,178.250.0.66,443,TLSv12,TLS_RSA_WITH_AES_128_CBC_SHA,,cat.fr.eu.criteo.com,False,True,CsxnGIi,"['8a258857ae6b43509c5769d79be153d2c41426a6c9fbdc79a626f601ad13560d', 'eae72eb454bf6c3977ebd289e970b2f5282949190093d0d26f98d0f0d6a9cf17', '8420dfbe376f414bf4c0a81e6936d24ccc03f304835b86c7a39142fca723a689']",[],1.0,0ffee3ba8e615ad22535e7f771690a28,5dcc087b1a1d0a5b0658981a7e8b2c3c,,,9999.795683,10.0.2.15,52450,178.250.0.66,443,tcp,15.547081999999136,5237.0,4786.0,SF,True,False,0,ShADadTfF,16,5886,18,5510,ssl,0
10000.113988,CA6Dx51Hav6pqjsEi3,10.0.2.15,52456,216.137.61.36,443,TLSv12,TLS_ECDHE_RSA_WITH_AES_128_GCM_SHA256,secp256r1,d2x3bkdslnxkuj.cloudfront.net,False,True,CsxuknGIti,"['90c0937808b31877df6c4a5c743c99325d974624be3735faa5078cf73d4fd205', 'eae72eb454bf6c3977ebd289e970b2f5282949190093d0d26f98d0f0d6a9cf17']",[],1.0,0ffee3ba8e615ad22535e7f771690a28,76cc3e2d3028143b23ec18e27dbd7ca9,http/1.1,,9999.991808,10.0.2.15,52456,216.137.61.36,443,tcp,121.58686899999884,734.0,33775.0,SF,True,False,0,ShADadTTfF,32,2033,53,35899,ssl,0
10000.116169,CgJRa22vBocWEmIitf,10.0.2.15,52455,216.137.61.36,443,TLSv12,TLS_ECDHE_RSA_WITH_AES_128_GCM_SHA256,secp256r1,d2x3bkdslnxkuj.cloudfront.net,False,True,CsxuknGIti,"['90c0937808b31877df6c4a5c743c99325d974624be3735faa5078cf73d4fd205', 'eae72eb454bf6c3977ebd289e970b2f5282949190093d0d26f98d0f0d6a9cf17']",[],1.0,0ffee3ba8e615ad22535e7f771690a28,76cc3e2d3028143b23ec18e27dbd7ca9,http/1.1,,9999.990935,10.0.2.15,52455,216.137.61.36,443,tcp,121.5682510000006,734.0,34318.0,SF,True,False,0,ShADadTTfF,32,2033,53,36442,ssl,0
10000.116626,C0gPor30CA5x3iFBSe,10.0.2.15,52454,216.137.61.36,443,TLSv12,TLS_ECDHE_RSA_WITH_AES_128_GCM_SHA256,secp256r1,d2x3bkdslnxkuj.cloudfront.net,False,True,CsxuknGIti,"['90c0937808b31877df6c4a5c743c99325d974624be3735faa5078cf73d4fd205', 'eae72eb454bf6c3977ebd289e970b2f5282949190093d0d26f98d0f0d6a9cf17']",[],1.0,0ffee3ba8e615ad22535e7f771690a28,76cc3e2d3028143b23ec18e27dbd7ca9,http/1.1,,9999.989864,10.0.2.15,52454,216.137.61.36,443,tcp,121.58989100000144,734.0,29228.0,SF,True,False,0,ShADadTTfF,30,1953,47,31112,ssl,0
10000.120158,Cmwy633wHNUqYFh47l,10.0.2.15,52453,216.137.61.36,443,TLSv12,TLS_ECDHE_RSA_WITH_AES_128_GCM_SHA256,secp256r1,d2x3bkdslnxkuj.cloudfront.net,False,True,CsxuknGIti,"['90c0937808b31877df6c4a5c743c99325d974624be3735faa5078cf73d4fd205', 'eae72eb454bf6c3977ebd289e970b2f5282949190093d0d26f98d0f0d6a9cf17']",[],1.0,0ffee3ba8e615ad22535e7f771690a28,76cc3e2d3028143b23ec18e27dbd7ca9,http/1.1,,9999.988456,10.0.2.15,52453,216.137.61.36,443,tcp,121.5748360000016,733.0,34788.0,SF,True,False,0,ShADadTTfF,34,2112,54,36952,ssl,0
10002.702333,C9oMY54qPykVVo5o0f,10.0.2.15,52459,54.192.94.223,443,TLSv12,TLS_ECDHE_RSA_WITH_AES_128_GCM_SHA256,secp256r1,assets.bounceexchange.com,False,True,CsxuknGIti,"['122269d88912deb14fdd1aa7a90b6ae2a719b29d8c846c8a2a914c24c51f1a84', 'f55f9ffcb83c73453261601c7e044db15a0f034b93c05830f28635ef889cf670', '87dcd4dc74640a322cd205552506d1be64f12596258096544986b4850bc72706', '28689b30e4c306aab53b027b29e36ad6dd1dcf4b953994482ca84bdc1ecac996']",[],1.0,0ffee3ba8e615ad22535e7f771690a28,76cc3e2d3028143b23ec18e27dbd7ca9,h2,,10002.446797,10.0.2.15,52459,54.192.94.223,443,tcp,196.9903149999991,1149.0,7265.0,SF,True,False,0,ShADadFf,21,1997,26,8309,ssl,0
10002.705278,C7T17A2wfbZCfviPTh,10.0.2.15,52458,54.192.94.223,443,TLSv12,TLS_ECDHE_RSA_WITH_AES_128_GCM_SHA256,secp256r1,assets.bounceexchange.com,False,True,CsxuknGIti,"['122269d88912deb14fdd1aa7a90b6ae2a719b29d8c846c8a2a914c24c51f1a84', 'f55f9ffcb83c73453261601c7e044db15a0f034b93c05830f28635ef889cf670', '87dcd4dc74640a322cd205552506d1be64f12596258096544986b4850bc72706', '28689b30e4c306aab53b027b29e36ad6dd1dcf4b953994482ca84bdc1ecac996']",[],1.0,0ffee3ba8e615ad22535e7f771690a28,76cc3e2d3028143b23ec18e27dbd7ca9,h2,,10002.441621,10.0.2.15,52458,54.192.94.223,443,tcp,1.531714000000647,568.0,5843.0,SF,True,False,0,ShADadFf,13,1096,15,6447,ssl,0
10003.295364,CkqTE6z04ItGM4P59,10.0.2.15,52460,178.250.0.66,443,TLSv12,TLS_RSA_WITH_AES_128_CBC_SHA,,cat.fr.eu.criteo.com,True,True,CsiI,,,,0ffee3ba8e615ad22535e7f771690a28,5dcc087b1a1d0a5b0658981a7e8b2c3c,,,10002.986367,10.0.2.15,52460,178.250.0.66,443,tcp,5.926364000000831,357.0,165.0,SF,True,False,0,ShADadFf,8,685,7,449,ssl,0
10003.292742,C2kcv81QqUdvOiKdHa,10.0.2.15,52461,178.250.0.66,443,TLSv12,TLS_RSA_WITH_AES_128_CBC_SHA,,cat.fr.eu.criteo.com,False,True,CsxnGIi,"['8a258857ae6b43509c5769d79be153d2c41426a6c9fbdc79a626f601ad13560d', 'eae72eb454bf6c3977ebd289e970b2f5282949190093d0d26f98d0f0d6a9cf17', '8420dfbe376f414bf4c0a81e6936d24ccc03f304835b86c7a39142fca723a689']",[],1.0,0ffee3ba8e615ad22535e7f771690a28,5dcc087b1a1d0a5b0658981a7e8b2c3c,,,10002.986956,10.0.2.15,52461,178.250.0.66,443,tcp,5.934975000000122,624.0,4413.0,SF,True,False,0,ShADadFf,10,1032,11,4857,ssl,0
10003.911728,CucdNu3bWl0C1scFAa,10.0.2.15,52463,104.16.178.28,443,TLSv12,TLS_ECDHE_ECDSA_WITH_AES_128_GCM_SHA256,secp256r1,t.ambra.com,False,True,CsxuknGIti,"['3a95654f5ceb3a0fac705e1a2adfa72b3ba0f5f80e854f6c9b2401e63c71c68f', 'cd6c108a0e641f2ca122aaa6d03f826759cae7c6f800eabf76dc48b67cd083ce', '9573862ac0b4b125168810ea3fd101ae2eb0bb15f61fc0e6da7a2a38b85a89e8']",[],1.0,0ffee3ba8e615ad22535e7f771690a28,7d3eb4120cd50e889bcd3f3783be0f82,http/1.1,,10003.268737,10.0.2.15,52463,104.16.178.28,443,tcp,123.1888170000002,915.0,4004.0,SF,True,False,0,ShADadTTFf,24,1895,24,4968,ssl,0
10003.931691,CvIHsVGoZQ8s97RBi,10.0.2.15,52462,104.16.178.28,443,TLSv12,TLS_ECDHE_ECDSA_WITH_AES_128_GCM_SHA256,secp256r1,t.ambra.com,False,True,CsxuknGIti,"['3a95654f5ceb3a0fac705e1a2adfa72b3ba0f5f80e854f6c9b2401e63c71c68f', 'cd6c108a0e641f2ca122aaa6d03f826759cae7c6f800eabf76dc48b67cd083ce', '9573862ac0b4b125168810ea3fd101ae2eb0bb15f61fc0e6da7a2a38b85a89e8']",[],1.0,0ffee3ba8e615ad22535e7f771690a28,7d3eb4120cd50e889bcd3f3783be0f82,http/1.1,,10003.268211,10.0.2.15,52462,104.16.178.28,443,tcp,124.24320099999932,926.0,4002.0,SF,True,False,0,ShADadTTFf,24,1906,24,4966,ssl,0
10004.53153,CJmU8cQjMKfe4eXll,10.0.2.15,52468,172.217.23.230,443,TLSv12,TLS_ECDHE_RSA_WITH_AES_128_GCM_SHA256,x25519,ad.doubleclick.net,False,True,CsxknGIti,"['378a6c73f6dec1c6bc563fa8eda92c3e9ce61b893db7685686c41f33ab89931c', '9f630426df1d8abfd80ace98871ba833ab9742cb34838de2b5285ed54c0c7dcc', '3c35cc963eb004451323d3275d05b353235053490d9cd83729a2faf5e7ca1cc0']",[],1.0,0ffee3ba8e615ad22535e7f771690a28,ab41313cfec25328b20865eb1388e0a2,h2,,10003.297529,10.0.2.15,52468,172.217.23.230,443,tcp,2.962859000001117,499.0,4120.0,RSTO,True,False,0,ShADadFR,10,907,11,4564,ssl,0
10004.602461,CAFxsF2MM7OcrEHaPe,10.0.2.15,52466,172.217.23.230,443,TLSv12,TLS_ECDHE_RSA_WITH_AES_128_GCM_SHA256,x25519,ad.doubleclick.net,False,True,CsxknGIti,"['378a6c73f6dec1c6bc563fa8eda92c3e9ce61b893db7685686c41f33ab89931c', '9f630426df1d8abfd80ace98871ba833ab9742cb34838de2b5285ed54c0c7dcc', '3c35cc963eb004451323d3275d05b353235053490d9cd83729a2faf5e7ca1cc0']",[],1.0,0ffee3ba8e615ad22535e7f771690a28,ab41313cfec25328b20865eb1388e0a2,h2,,10003.288277,10.0.2.15,52466,172.217.23.230,443,tcp,4.212580999999773,499.0,4120.0,SF,True,False,0,ShADadFf,12,987,12,4604,ssl,0
10004.607484,CiMxUx4TRuu4Z09OF7,10.0.2.15,52465,178.250.0.78,443,TLSv12,TLS_RSA_WITH_AES_128_CBC_SHA,,static.eu.criteo.net,False,True,CsxnGIi,"['67b0ecfd7b5de431162434de2de408b062ccc6b4122030ee8b8a65da71b70e4d', 'eae72eb454bf6c3977ebd289e970b2f5282949190093d0d26f98d0f0d6a9cf17', '8420dfbe376f414bf4c0a81e6936d24ccc03f304835b86c7a39142fca723a689']",[],1.0,0ffee3ba8e615ad22535e7f771690a28,5dcc087b1a1d0a5b0658981a7e8b2c3c,,,10003.283833,10.0.2.15,52465,178.250.0.78,443,tcp,8.643539000000601,592.0,4020.0,SF,True,False,0,ShADadFf,10,1000,11,4464,ssl,0
10007.870354,CXMjiq4OQKzddLpIB8,10.0.2.15,52469,169.47.30.64,443,TLSv12,TLS_RSA_WITH_AES_256_CBC_SHA,,stags.bluekai.com,False,True,CsxnGIi,"['f3e2a1e01c5e2e8f20022b198cde61baf841fcf748c4639eea3fd3db4785c81d', 'e0898ad662474b9f753c79bea878031c9a5d634a49edd6310b960ab023c02c0e']",[],1.0,0ffee3ba8e615ad22535e7f771690a28,f4fb99c318cd91a4dfff259227ba977b,http/1.1,,10006.252236,10.0.2.15,52469,169.47.30.64,443,tcp,13.789166000000478,1661.0,3668.0,SF,True,False,0,ShADadfF,11,2109,12,4152,ssl,0
10009.093517,CdOnui4qpcAJB9klq8,10.0.2.15,52477,151.101.112.84,443,TLSv12,TLS_ECDHE_RSA_WITH_AES_128_GCM_SHA256,,ct.pinterest.com,True,True,CsiI,,,,1a5fe5677b0e4fbbc854e8908225637d,1d0e57c6ae42e9204defa51e5e1cdc4c,http/1.1,,10007.885864,10.0.2.15,52477,151.101.112.84,443,tcp,242.5592550000001,2705.0,941.0,SF,True,False,0,ShADadTTFfRr,36,4176,36,2385,ssl,0
10009.097909,CUUYoP2AkcRjoU3Xih,10.0.2.15,52475,95.100.191.4,443,TLSv12,TLS_ECDHE_RSA_WITH_AES_256_GCM_SHA384,,sb.scorecardresearch.com,True,True,CsiI,,,,1a5fe5677b0e4fbbc854e8908225637d,410b9bedaf65dd26c6fe547154d60db4,http/1.1,,10007.878131,10.0.2.15,52475,95.100.191.4,443,tcp,123.84999400000017,1359.0,460.0,SF,True,False,0,ShADadTTFfRr,23,2299,23,1384,ssl,0
10009.106486,CeCPZt2CfstZYhq2Oj,10.0.2.15,52472,104.16.178.28,443,TLSv12,TLS_ECDHE_ECDSA_WITH_AES_128_GCM_SHA256,,t.ambra.com,True,True,CsiI,,,,1a5fe5677b0e4fbbc854e8908225637d,96681175a9547081bf3d417f1a572091,http/1.1,,10007.874225,10.0.2.15,52472,104.16.178.28,443,tcp,8.459598999999798,599.0,152.0,SF,True,False,0,ShADadFf,8,927,7,436,ssl,0
10009.107088,C2HBid23p5550SSZi4,10.0.2.15,52471,104.16.178.28,443,TLSv12,TLS_ECDHE_ECDSA_WITH_AES_128_GCM_SHA256,,t.ambra.com,True,True,CsiI,,,,1a5fe5677b0e4fbbc854e8908225637d,96681175a9547081bf3d417f1a572091,http/1.1,,10007.872642,10.0.2.15,52471,104.16.178.28,443,tcp,8.461239000000205,599.0,152.0,SF,True,False,0,ShADadFf,8,927,7,436,ssl,0
10009.107972,CZjv5a1hJKuOnmpXDa,10.0.2.15,52470,23.74.200.24,443,TLSv12,TLS_ECDHE_RSA_WITH_AES_256_GCM_SHA384,,tracker.marinsm.com,True,True,CsiI,,,,1a5fe5677b0e4fbbc854e8908225637d,410b9bedaf65dd26c6fe547154d60db4,http/1.1,,10007.87214,10.0.2.15,52470,23.74.200.24,443,tcp,8.48172599999998,599.0,183.0,SF,True,False,0,ShADadFRfr,9,967,9,547,ssl,0
10009.108979,C4zMTo4BDlBoHKdyR2,10.0.2.15,52478,151.101.112.84,443,TLSv12,TLS_ECDHE_RSA_WITH_AES_128_GCM_SHA256,,ct.pinterest.com,True,True,CsiI,,,,1a5fe5677b0e4fbbc854e8908225637d,1d0e57c6ae42e9204defa51e5e1cdc4c,http/1.1,,10007.886824,10.0.2.15,52478,151.101.112.84,443,tcp,123.83678800000052,1621.0,566.0,SF,True,False,0,ShADadTTFfRr,23,2561,23,1490,ssl,0
10009.095836,CRx16W1c7MzmZ6tXUj,10.0.2.15,52476,23.21.240.128,443,TLSv12,TLS_ECDHE_RSA_WITH_AES_128_GCM_SHA256,secp256r1,ping.chartbeat.net,False,True,CsxknGIi,"['c848edd4b7930a9cc7ac1f450cd8c8b5868efda5a746c75c8da86a6513efe77e', 'b7a8af2a4a43f0a86b15604de6461209c9cd76894d8b0748bc99d9a797013bb0']",[],1.0,0ffee3ba8e615ad22535e7f771690a28,303951d4c50efb2e991652225a6f02b1,,,10007.879278,10.0.2.15,52476,23.21.240.128,443,tcp,180.01830100000006,7898.0,5412.0,SF,True,False,0,ShADadTTFf,40,9519,41,7056,ssl,0
10009.103092,Cw6i8f1zvMyvP0o1o8,10.0.2.15,52474,169.47.30.64,443,TLSv12,TLS_RSA_WITH_AES_256_CBC_SHA,,tags.bluekai.com,False,True,CsxnGIi,"['f3e2a1e01c5e2e8f20022b198cde61baf841fcf748c4639eea3fd3db4785c81d', 'e0898ad662474b9f753c79bea878031c9a5d634a49edd6310b960ab023c02c0e']",[],1.0,0ffee3ba8e615ad22535e7f771690a28,f4fb99c318cd91a4dfff259227ba977b,http/1.1,,10007.876668,10.0.2.15,52474,169.47.30.64,443,tcp,11.820237999998426,1020.0,3668.0,SF,True,False,0,ShADadfF,11,1468,13,4192,ssl,0
10009.104972,CU3BEf4lgN7pIi4Hl4,10.0.2.15,52473,169.47.30.64,443,TLSv12,TLS_RSA_WITH_AES_256_CBC_SHA,,tags.bluekai.com,False,True,CsxnGIi,"['f3e2a1e01c5e2e8f20022b198cde61baf841fcf748c4639eea3fd3db4785c81d', 'e0898ad662474b9f753c79bea878031c9a5d634a49edd6310b960ab023c02c0e']",[],1.0,0ffee3ba8e615ad22535e7f771690a28,f4fb99c318cd91a4dfff259227ba977b,http/1.1,,10007.875702,10.0.2.15,52473,169.47.30.64,443,tcp,8.558246000000509,588.0,3050.0,SF,True,False,0,ShADadFf,10,996,11,3494,ssl,0
10009.877803,CpbSWs57rwzHfR1k9,10.0.2.15,52482,72.14.246.86,443,TLSv12,TLS_ECDHE_RSA_WITH_AES_128_GCM_SHA256,x25519,p1.zemanta.com,False,True,CsxknGIi,"['dd209cbb642e597abc8250943af54626b54f51b8246746940f80716b9481eb3e', '973a41276ffd01e027a2aad49e34c37846d3e976ff6a620b6712e33832041aa6', '3a2fbe92891e57fe05d57087f48e730f17e5a5f53ef403d618e5b74d7a7e6ecb', 'c3846bf24b9e93ca64274c0ec67c1ecc5e024ffcacd2d74019350e81fe546ae4']",[],1.0,0ffee3ba8e615ad22535e7f771690a28,67619a80665d7ab92d1041b1d11f9164,h2,,10008.578547,10.0.2.15,52482,72.14.246.86,443,tcp,200.67761600000085,1047.0,5908.0,SF,True,False,0,ShADadFf,22,1935,25,6912,ssl,0
10009.881152,CAjViA1VthtjInCbma,10.0.2.15,52481,172.217.23.194,443,TLSv12,TLS_ECDHE_RSA_WITH_AES_128_GCM_SHA256,x25519,googleads4.g.doubleclick.net,False,True,CsxknGIti,"['a32ffddd76f9e7debbfc9a37b38d2ef86039b30a10d7c45ab8223d149cf99699', '9f630426df1d8abfd80ace98871ba833ab9742cb34838de2b5285ed54c0c7dcc', '3c35cc963eb004451323d3275d05b353235053490d9cd83729a2faf5e7ca1cc0']",[],1.0,0ffee3ba8e615ad22535e7f771690a28,ab41313cfec25328b20865eb1388e0a2,h2,,10008.576178,10.0.2.15,52481,172.217.23.194,443,tcp,200.5213840000015,2140.0,4658.0,SF,True,False,0,ShADadFf,22,3028,25,5662,ssl,0
10009.884745,C25sgvCAbdWvbCbx6,10.0.2.15,52479,172.217.23.230,443,TLSv12,TLS_ECDHE_RSA_WITH_AES_128_GCM_SHA256,,s1.2mdn.net,True,True,CsiI,,,,1a5fe5677b0e4fbbc854e8908225637d,67619a80665d7ab92d1041b1d11f9164,h2,,10008.54698,10.0.2.15,52479,172.217.23.230,443,tcp,2.020174000001134,779.0,292.0,SF,True,False,0,ShADadFf,10,1187,10,696,ssl,0
10009.883556,CLq2uE28pt0OvTKhbe,10.0.2.15,52480,172.217.23.194,443,TLSv12,TLS_ECDHE_RSA_WITH_AES_128_GCM_SHA256,x25519,googleads4.g.doubleclick.net,False,True,CsxknGIti,"['a32ffddd76f9e7debbfc9a37b38d2ef86039b30a10d7c45ab8223d149cf99699', '9f630426df1d8abfd80ace98871ba833ab9742cb34838de2b5285ed54c0c7dcc', '3c35cc963eb004451323d3275d05b353235053490d9cd83729a2faf5e7ca1cc0']",[],1.0,0ffee3ba8e615ad22535e7f771690a28,ab41313cfec25328b20865eb1388e0a2,h2,,10008.56302,10.0.2.15,52480,172.217.23.194,443,tcp,8.7375090000005,1954.0,4520.0,SF,True,False,0,ShADadFf,15,2562,18,5244,ssl,0
10013.24521,COoTlS30Jghrz1o3g9,10.0.2.15,52489,23.74.199.60,443,TLSv12,TLS_ECDHE_RSA_WITH_AES_128_GCM_SHA256,secp256r1,accounts.us1.gigya.com,False,True,CsxknGIti,"['ae098ba04310c059c418d0fae60d92934e4b3948cfba5bc288362ddfc411093c', '074541ecdf88ed992ed5ade3ecddef27a26ba1b44480a195c0a8dadae2521d8e']",[],1.0,0ffee3ba8e615ad22535e7f771690a28,8d2a028aa94425f76ced7826b1f39039,http/1.1,,10012.444177,10.0.2.15,52489,23.74.199.60,443,tcp,127.63078400000086,1316.0,5493.0,SF,True,False,0,ShADadTTFfRr,25,2336,27,6577,ssl,0
10013.683262,C9cS8z3eBqU8xMWtEe,10.0.2.15,52485,23.74.199.60,443,TLSv12,TLS_ECDHE_RSA_WITH_AES_128_GCM_SHA256,secp256r1,accounts.us1.gigya.com,False,True,CsxknGIti,"['ae098ba04310c059c418d0fae60d92934e4b3948cfba5bc288362ddfc411093c', '074541ecdf88ed992ed5ade3ecddef27a26ba1b44480a195c0a8dadae2521d8e']",[],1.0,0ffee3ba8e615ad22535e7f771690a28,8d2a028aa94425f76ced7826b1f39039,http/1.1,,10012.438957,10.0.2.15,52485,23.74.199.60,443,tcp,8.043674000000465,388.0,4576.0,SF,True,False,0,ShADadFRfr,11,836,13,5100,ssl,0
10013.686504,Cpk4Nu1iY5jr6oPini,10.0.2.15,52492,162.247.242.19,443,TLSv12,TLS_DHE_RSA_WITH_AES_256_CBC_SHA,,bam.nr-data.net,False,True,CsxknGIi,"['e7489ed1f465ba2b3ce0faef3a43a3895cd097733dbb5b713df8b299270ca145', '074541ecdf88ed992ed5ade3ecddef27a26ba1b44480a195c0a8dadae2521d8e']",[],1.0,0ffee3ba8e615ad22535e7f771690a28,d90fa179c9daf35598ed8341272118f7,,,10012.985321,10.0.2.15,52492,162.247.242.19,443,tcp,97.87682399999905,1312.0,3673.0,SF,True,False,0,ShADadTfF,20,2129,21,4517,ssl,0
10020.64161,Cp4x7d1uyBKxSNXEUc,10.0.2.15,52500,74.120.148.204,443,TLSv12,TLS_ECDHE_RSA_WITH_AES_128_GCM_SHA256,,gscounters.us1.gigya.com,True,True,CsiI,,,,1a5fe5677b0e4fbbc854e8908225637d,fbe78c619e7ea20046131294ad087f05,,,10020.45533,10.0.2.15,52500,74.120.148.204,443,tcp,1.248928999999407,1673.0,661.0,SF,True,False,0,ShADadfF,7,1961,8,985,ssl,0
10020.642808,CcDVxGH03yBSm9WWl,10.0.2.15,52499,74.120.148.204,443,TLSv12,TLS_ECDHE_RSA_WITH_AES_128_GCM_SHA256,,gscounters.us1.gigya.com,True,True,CsiI,,,,1a5fe5677b0e4fbbc854e8908225637d,fbe78c619e7ea20046131294ad087f05,,,10020.454816,10.0.2.15,52499,74.120.148.204,443,tcp,5.888895000000048,599.0,384.0,RSTO,True,False,0,ShADadFR,7,887,7,668,ssl,0
10059.763625,CWX41pLsMk5tAFDbj,10.0.2.15,52544,151.101.114.2,443,TLSv12,TLS_ECDHE_RSA_WITH_AES_128_GCM_SHA256,secp256r1,cdn.taboola.com,False,True,CsxuknGIti,"['1b90ad8858722a0f2048bb4da66bfe69ccb05827d075f8dbd6dea0562198334b', '4b7334e1d8999822bafa8ff6888125389b18a4e5ab26ffa624c7f68fdc81f0cb']",[],1.0,0ffee3ba8e615ad22535e7f771690a28,860fcf58fd757e26aa8911e5eaff6b53,h2,,10059.178225,10.0.2.15,52544,151.101.114.2,443,tcp,203.194719000001,1342.0,27384.0,SF,True,False,0,ShADadFfRr,28,2470,43,29108,ssl,0
10075.137568,CEyhfH2sSCJxCiovWh,10.0.2.15,52548,23.64.15.8,443,TLSv12,TLS_ECDHE_ECDSA_WITH_AES_256_GCM_SHA384,secp256r1,iicbsi-a.akamaihd.net,False,True,CsxuknGIti,"['56d0de4121d9daaea7a1ed67ff7b49ba2ea3d77cbab1c27901ee618b74a29e16', '2e2861289b5ccedecae4c31bf262e0fb0c29b6c1530573442731ca65d821e901']",[],1.0,0ffee3ba8e615ad22535e7f771690a28,ca6f3b7b341bf732d741bd93e9b37436,http/1.1,,10071.465208,10.0.2.15,52548,23.64.15.8,443,tcp,17.740132000000813,387.0,3928.0,SF,True,False,0,ShADadTFfRr,12,876,13,4452,ssl,0
10083.979334,C7Jqna1bzTMT2nFaka,10.0.2.15,52564,35.186.205.6,443,TLSv12,TLS_ECDHE_RSA_WITH_AES_128_GCM_SHA256,x25519,notify.bugsnag.com,False,True,CsxknGIti,"['ceb1fa931472f91a843af0971836d275972f852061d88b8a894abe1ec54bac03', '02ab57e4e67a0cb48dd2ff34830e8ac40f4476fb08ca6be3f5cd846f646840f0', '4f32d5dc00f715250abcc486511e37f501a899deb3bf7ea8adbbd3aef1c412da']",[],1.0,0ffee3ba8e615ad22535e7f771690a28,ab41313cfec25328b20865eb1388e0a2,h2,,10083.692585,10.0.2.15,52564,35.186.205.6,443,tcp,4.592772999998488,320.0,5129.0,RSTO,True,False,0,ShADadR,8,648,8,5453,ssl,0
10085.370292,CiDo1o7BWkzCPjOO,10.0.2.15,52577,95.101.252.144,443,TLSv12,TLS_ECDHE_RSA_WITH_AES_256_GCM_SHA384,,px.moatads.com,True,True,CsiI,,,,1a5fe5677b0e4fbbc854e8908225637d,410b9bedaf65dd26c6fe547154d60db4,http/1.1,,10083.844422,10.0.2.15,52577,95.101.252.144,443,tcp,2.984159999999974,2463.0,621.0,SF,True,False,0,ShADadFfRr,12,2951,12,1105,ssl,0
10085.374669,CHzRWS2eSX70HvTvK4,10.0.2.15,52576,104.16.88.26,443,TLSv12,TLS_ECDHE_RSA_WITH_AES_128_GCM_SHA256,secp256r1,sc.tynt.com,False,True,CsxuknGIti,"['deb78a8322380fa2e86f5ceeebeefdfd36014e3c95bb89e773411b7d35ccf60f', '02ab57e4e67a0cb48dd2ff34830e8ac40f4476fb08ca6be3f5cd846f646840f0', '4f32d5dc00f715250abcc486511e37f501a899deb3bf7ea8adbbd3aef1c412da']",[],1.0,0ffee3ba8e615ad22535e7f771690a28,76cc3e2d3028143b23ec18e27dbd7ca9,h2,,10083.790712,10.0.2.15,52576,104.16.88.26,443,tcp,4.51477899999918,346.0,5563.0,RSTO,True,False,0,ShADadR,8,674,8,5887,ssl,0
10085.85093,C0TQQE27Rz1nfJA94e,10.0.2.15,52578,54.174.94.121,443,TLSv12,TLS_ECDHE_RSA_WITH_AES_128_GCM_SHA256,secp256r1,geo.moatads.com,False,True,CsxknGIi,"['a1f5b668b42edb358e83f7846b2d9b47b4c87d7ba7c20aecdceea13939a70e76', 'e6683e88315cd1cb403c0cea490f7c4b4c82c91cd485037489aadbaa90839f61']",[],1.0,0ffee3ba8e615ad22535e7f771690a28,303951d4c50efb2e991652225a6f02b1,,,10083.852987,10.0.2.15,52578,54.174.94.121,443,tcp,4.843839999999545,350.0,3157.0,SF,True,False,0,ShADadFRfr,10,758,11,3601,ssl,0
10085.839852,CKLep84HTSnJ9soLFc,10.0.2.15,52580,54.174.94.121,443,TLSv12,TLS_ECDHE_RSA_WITH_AES_128_GCM_SHA256,secp256r1,geo.moatads.com,False,True,CsxknGIi,"['a1f5b668b42edb358e83f7846b2d9b47b4c87d7ba7c20aecdceea13939a70e76', 'e6683e88315cd1cb403c0cea490f7c4b4c82c91cd485037489aadbaa90839f61']",[],1.0,0ffee3ba8e615ad22535e7f771690a28,303951d4c50efb2e991652225a6f02b1,,,10083.859181,10.0.2.15,52580,54.174.94.121,443,tcp,4.573576000000685,350.0,3157.0,SF,True,False,0,ShADadFRfr,10,758,11,3601,ssl,0
10085.835582,C4cXvt1yagtOrfgKIh,10.0.2.15,52584,54.229.78.38,443,TLSv12,TLS_ECDHE_RSA_WITH_AES_128_GCM_SHA256,secp256r1,ml314.com,False,True,CsxknGIi,"['350428d86863ba92425e23f0c8836ec422cc4b56220a31ec2255d8f6e9f2c779', '02ab57e4e67a0cb48dd2ff34830e8ac40f4476fb08ca6be3f5cd846f646840f0', '4f32d5dc00f715250abcc486511e37f501a899deb3bf7ea8adbbd3aef1c412da', '687fa451382278fff0c8b11f8d43d576671c6eb2bceab413fb83d965d06d2ff2']",[],1.0,0ffee3ba8e615ad22535e7f771690a28,303951d4c50efb2e991652225a6f02b1,,,10083.981223,10.0.2.15,52584,54.229.78.38,443,tcp,4.349322000000029,312.0,5935.0,SF,True,False,0,ShADadFfRr,10,720,13,6459,ssl,0
10103.059324,CYioKFxOWraguFG0k,10.0.2.15,52602,54.229.78.38,443,TLSv12,TLS_ECDHE_RSA_WITH_AES_128_GCM_SHA256,secp256r1,ml314.com,False,True,CsxknGIi,"['350428d86863ba92425e23f0c8836ec422cc4b56220a31ec2255d8f6e9f2c779', '02ab57e4e67a0cb48dd2ff34830e8ac40f4476fb08ca6be3f5cd846f646840f0', '4f32d5dc00f715250abcc486511e37f501a899deb3bf7ea8adbbd3aef1c412da', '687fa451382278fff0c8b11f8d43d576671c6eb2bceab413fb83d965d06d2ff2']",[],1.0,0ffee3ba8e615ad22535e7f771690a28,303951d4c50efb2e991652225a6f02b1,,,10102.137664,10.0.2.15,52602,54.229.78.38,443,tcp,65.89176199999929,920.0,6389.0,SF,True,False,0,ShADadTFf,17,1613,19,7153,ssl,0
10102.866004,Cn2hcx1OmsFGms45na,10.0.2.15,52591,54.174.94.121,443,TLSv12,TLS_ECDHE_RSA_WITH_AES_128_GCM_SHA256,secp256r1,geo.moatads.com,False,True,CsxknGIi,"['a1f5b668b42edb358e83f7846b2d9b47b4c87d7ba7c20aecdceea13939a70e76', 'e6683e88315cd1cb403c0cea490f7c4b4c82c91cd485037489aadbaa90839f61']",[],1.0,0ffee3ba8e615ad22535e7f771690a28,303951d4c50efb2e991652225a6f02b1,,,10102.078466,10.0.2.15,52591,54.174.94.121,443,tcp,66.8797999999988,2140.0,3409.0,SF,True,False,0,ShADadTFf,18,2874,20,4213,ssl,0
10103.057225,CvE4KX2BvdIjGLG3s7,10.0.2.15,52589,54.174.94.121,443,TLSv12,TLS_ECDHE_RSA_WITH_AES_128_GCM_SHA256,secp256r1,geo.moatads.com,False,True,CsxknGIi,"['a1f5b668b42edb358e83f7846b2d9b47b4c87d7ba7c20aecdceea13939a70e76', 'e6683e88315cd1cb403c0cea490f7c4b4c82c91cd485037489aadbaa90839f61']",[],1.0,0ffee3ba8e615ad22535e7f771690a28,303951d4c50efb2e991652225a6f02b1,,,10102.072596,10.0.2.15,52589,54.174.94.121,443,tcp,66.87692900000002,2145.0,3413.0,SF,True,False,0,ShADadTFf,18,2879,19,4177,ssl,0
10103.063482,CrQU8d3vBL3tRV5RX,10.0.2.15,52597,54.174.94.121,443,TLSv12,TLS_ECDHE_RSA_WITH_AES_128_GCM_SHA256,secp256r1,geo.moatads.com,False,True,CsxknGIi,"['a1f5b668b42edb358e83f7846b2d9b47b4c87d7ba7c20aecdceea13939a70e76', 'e6683e88315cd1cb403c0cea490f7c4b4c82c91cd485037489aadbaa90839f61']",[],1.0,0ffee3ba8e615ad22535e7f771690a28,303951d4c50efb2e991652225a6f02b1,,,10102.105401,10.0.2.15,52597,54.174.94.121,443,tcp,66.8485299999993,2151.0,3413.0,SF,True,False,0,ShADadTFf,18,2885,20,4217,ssl,0
10103.356285,C0iZBgm3KXyUpjij9,10.0.2.15,52604,52.206.94.71,443,TLSv12,TLS_ECDHE_RSA_WITH_AES_128_GCM_SHA256,secp256r1,sync.srv.stackadapt.com,False,True,CsxknGIti,"['d9e073663aeac0bfab0dd809e780f6603160deeba26f1ad74e82023d6c054252', 'b9f2164323638dce0b92218b43c41c1b2b2696389329db19f5cf7ad49b5cb372', '1a5174980a294a528a110726d5855650266c48d9883bea692b67b6d726da98c5']",[],1.0,0ffee3ba8e615ad22535e7f771690a28,389ed42c02ebecc32e73aa31def07e14,,,10102.711348,10.0.2.15,52604,52.206.94.71,443,tcp,5.573327000000063,783.0,4978.0,SF,True,False,0,ShADadfF,10,1191,12,5462,ssl,0
10103.353208,CBNqex4v9f1TEwFM1c,10.0.2.15,52592,54.174.94.121,443,TLSv12,TLS_ECDHE_RSA_WITH_AES_128_GCM_SHA256,secp256r1,geo.moatads.com,False,True,CsxknGIi,"['a1f5b668b42edb358e83f7846b2d9b47b4c87d7ba7c20aecdceea13939a70e76', 'e6683e88315cd1cb403c0cea490f7c4b4c82c91cd485037489aadbaa90839f61']",[],1.0,0ffee3ba8e615ad22535e7f771690a28,303951d4c50efb2e991652225a6f02b1,,,10102.097012,10.0.2.15,52592,54.174.94.121,443,tcp,9.054324000000634,381.0,3157.0,SF,True,False,0,ShADadFfRr,11,829,13,3681,ssl,0
10111.054139,CTIaBk3oP5ZpvEziEd,10.0.2.15,52612,52.206.94.71,443,TLSv12,TLS_ECDHE_RSA_WITH_AES_128_GCM_SHA256,,sync.srv.stackadapt.com,True,True,CsiI,,,,1a5fe5677b0e4fbbc854e8908225637d,fbe78c619e7ea20046131294ad087f05,,,10110.864595,10.0.2.15,52612,52.206.94.71,443,tcp,1.521228000001428,1025.0,1011.0,SF,True,False,0,ShADadfF,7,1313,8,1335,ssl,0
10127.629198,CXaq6P26Y4vpHd5nol,10.0.2.15,52644,169.47.30.64,443,TLSv12,TLS_RSA_WITH_AES_256_CBC_SHA,,stags.bluekai.com,False,True,CsxnGIi,"['f3e2a1e01c5e2e8f20022b198cde61baf841fcf748c4639eea3fd3db4785c81d', 'e0898ad662474b9f753c79bea878031c9a5d634a49edd6310b960ab023c02c0e']",[],1.0,0ffee3ba8e615ad22535e7f771690a28,f4fb99c318cd91a4dfff259227ba977b,http/1.1,,10127.503416,10.0.2.15,52644,169.47.30.64,443,tcp,6.215695000000778,589.0,3050.0,SF,True,False,0,ShADadFf,9,957,10,3454,ssl,0
10127.943214,CHrSct13zrzBhpT2Vl,10.0.2.15,52642,153.13.148.201,443,TLSv12,TLS_RSA_WITH_AES_256_CBC_SHA,,analytics.generalmills.com,True,True,CsiI,,,,0ffee3ba8e615ad22535e7f771690a28,db8185c4eafa7114cadaf05965b09ef0,,,10127.495652,10.0.2.15,52642,153.13.148.201,443,tcp,1.50131599999986,1408.0,1498.0,SF,True,False,0,ShADadFf,9,1776,9,1862,ssl,0
10127.941608,CN9xgb11n6iVWcZ05c,10.0.2.15,52643,169.47.30.64,443,TLSv12,TLS_RSA_WITH_AES_256_CBC_SHA,,tags.bluekai.com,False,True,CsxnGIi,"['f3e2a1e01c5e2e8f20022b198cde61baf841fcf748c4639eea3fd3db4785c81d', 'e0898ad662474b9f753c79bea878031c9a5d634a49edd6310b960ab023c02c0e']",[],1.0,0ffee3ba8e615ad22535e7f771690a28,f4fb99c318cd91a4dfff259227ba977b,http/1.1,,10127.500753,10.0.2.15,52643,169.47.30.64,443,tcp,1.476356999999552,535.0,3050.0,SF,True,False,0,ShADadFf,9,903,10,3454,ssl,0
10128.87966,CSJjgQdcZp1VpQmi5,10.0.2.15,52646,153.13.148.201,443,TLSv12,TLS_RSA_WITH_AES_256_CBC_SHA,,analytics.generalmills.com,True,True,CsiI,,,,0ffee3ba8e615ad22535e7f771690a28,db8185c4eafa7114cadaf05965b09ef0,,,10128.281957,10.0.2.15,52646,153.13.148.201,443,tcp,7.517245000000912,363.0,165.0,SF,True,False,0,ShADadFf,7,651,7,449,ssl,0
10128.879154,CnaGb82UmxBmZS8wCj,10.0.2.15,52645,169.47.30.64,443,TLSv12,TLS_RSA_WITH_AES_256_CBC_SHA,,tags.bluekai.com,False,True,CsxnGIi,"['f3e2a1e01c5e2e8f20022b198cde61baf841fcf748c4639eea3fd3db4785c81d', 'e0898ad662474b9f753c79bea878031c9a5d634a49edd6310b960ab023c02c0e']",[],1.0,0ffee3ba8e615ad22535e7f771690a28,f4fb99c318cd91a4dfff259227ba977b,http/1.1,,10128.280309,10.0.2.15,52645,169.47.30.64,443,tcp,7.481353999999555,588.0,3050.0,SF,True,False,0,ShADadFf,10,996,11,3494,ssl,0
10129.844613,CZPT05QQTld3s9sZ8,10.0.2.15,52651,153.13.148.201,443,TLSv12,TLS_RSA_WITH_AES_256_CBC_SHA,,analytics.generalmills.com,True,True,CsiI,,,,0ffee3ba8e615ad22535e7f771690a28,db8185c4eafa7114cadaf05965b09ef0,,,10129.655935,10.0.2.15,52651,153.13.148.201,443,tcp,6.151715999998487,363.0,165.0,SF,True,False,0,ShADadFf,7,651,7,449,ssl,0
10129.847859,Cjed1OFIvZ3kQGskf,10.0.2.15,52650,169.47.30.64,443,TLSv12,TLS_RSA_WITH_AES_256_CBC_SHA,,tags.bluekai.com,False,True,CsxnGIi,"['f3e2a1e01c5e2e8f20022b198cde61baf841fcf748c4639eea3fd3db4785c81d', 'e0898ad662474b9f753c79bea878031c9a5d634a49edd6310b960ab023c02c0e']",[],1.0,0ffee3ba8e615ad22535e7f771690a28,f4fb99c318cd91a4dfff259227ba977b,http/1.1,,10129.655009,10.0.2.15,52650,169.47.30.64,443,tcp,6.122129999999743,588.0,3050.0,SF,True,False,0,ShADadFf,10,996,11,3494,ssl,0
10132.891868,CU7KIb16ynWnVDDhj1,10.0.2.15,52653,95.100.187.152,443,TLSv12,TLS_ECDHE_RSA_WITH_AES_256_GCM_SHA384,,cdn.cpnscdn.com,True,True,CsiI,,,,1a5fe5677b0e4fbbc854e8908225637d,410b9bedaf65dd26c6fe547154d60db4,http/1.1,,10132.824494,10.0.2.15,52653,95.100.187.152,443,tcp,128.78147999999965,1063.0,446.0,SF,True,False,0,ShADadTTFfRr,23,2003,23,1370,ssl,0
10132.898828,CgUvPo3R3BzmZ6CQcg,10.0.2.15,52652,95.100.188.137,443,TLSv12,TLS_ECDHE_RSA_WITH_AES_256_GCM_SHA384,,cdns.gigya.com,True,True,CsiI,,,,1a5fe5677b0e4fbbc854e8908225637d,410b9bedaf65dd26c6fe547154d60db4,http/1.1,,10132.816979,10.0.2.15,52652,95.100.188.137,443,tcp,7.261191000001418,599.0,183.0,SF,True,False,0,ShADadFfRr,9,967,9,547,ssl,0
10133.271526,CSKDS24fgxnAfdLA4,10.0.2.15,52654,95.100.187.152,443,TLSv12,TLS_ECDHE_RSA_WITH_AES_256_GCM_SHA384,,cdn.cpnscdn.com,True,True,CsiI,,,,1a5fe5677b0e4fbbc854e8908225637d,410b9bedaf65dd26c6fe547154d60db4,http/1.1,,10132.881259,10.0.2.15,52654,95.100.187.152,443,tcp,7.182526000000507,599.0,183.0,SF,True,False,0,ShADadFfRr,9,967,9,547,ssl,0
10133.272451,CvBFMo267ZWE98lVJ,10.0.2.15,52661,34.207.30.67,443,TLSv12,TLS_ECDHE_RSA_WITH_AES_128_GCM_SHA256,,preferences.truste.com,True,True,CsiI,,,,0ffee3ba8e615ad22535e7f771690a28,303951d4c50efb2e991652225a6f02b1,,,10132.968814,10.0.2.15,52661,34.207.30.67,443,tcp,62.38009000000056,714.0,5541.0,SF,True,False,0,ShADadTFf,15,1327,17,6225,ssl,0
10133.277589,C5IORa3ZO83HQoPaBe,10.0.2.15,52655,192.229.233.76,443,TLSv12,TLS_ECDHE_RSA_WITH_AES_128_GCM_SHA256,secp256r1,images-gmi-pmc.edge-generalmills.com,False,True,CsxuknGIti,"['bcae3d46ed7d2b05d5dbd92916cab23fcd177643d14129ceabcbecbd2f796458', '19400be5b7a31fb733917700789d2f0a2471c0c9d506c0e504c06c16d7cb17c0']",[],1.0,1a5fe5677b0e4fbbc854e8908225637d,49b45fc1ab090aa3a159778313fc9b9e,h2,,10132.944874,10.0.2.15,52655,192.229.233.76,443,tcp,2.485698999998931,823.0,4769.0,SF,True,False,0,ShADadfF,10,1231,12,5253,ssl,0
10133.273057,CnASge3vY5BkvPr27h,10.0.2.15,52660,192.229.233.76,443,TLSv12,TLS_ECDHE_RSA_WITH_AES_128_GCM_SHA256,secp256r1,images-gmi-pmc.edge-generalmills.com,False,True,CsxuknGIti,"['bcae3d46ed7d2b05d5dbd92916cab23fcd177643d14129ceabcbecbd2f796458', '19400be5b7a31fb733917700789d2f0a2471c0c9d506c0e504c06c16d7cb17c0']",[],1.0,1a5fe5677b0e4fbbc854e8908225637d,49b45fc1ab090aa3a159778313fc9b9e,h2,,10132.966835,10.0.2.15,52660,192.229.233.76,443,tcp,2.475524999999834,854.0,4769.0,SF,True,False,0,ShADadFfRr,12,1342,14,5333,ssl,0
10133.273705,C4JXBC2FYldC2FMlU2,10.0.2.15,52659,192.229.233.76,443,TLSv12,TLS_ECDHE_RSA_WITH_AES_128_GCM_SHA256,secp256r1,images-gmi-pmc.edge-generalmills.com,False,True,CsxuknGIti,"['bcae3d46ed7d2b05d5dbd92916cab23fcd177643d14129ceabcbecbd2f796458', '19400be5b7a31fb733917700789d2f0a2471c0c9d506c0e504c06c16d7cb17c0']",[],1.0,1a5fe5677b0e4fbbc854e8908225637d,49b45fc1ab090aa3a159778313fc9b9e,h2,,10132.965857,10.0.2.15,52659,192.229.233.76,443,tcp,2.45690900000045,854.0,4769.0,SF,True,False,0,ShADadFfRr,12,1342,15,5373,ssl,0
10133.274533,Chyo2b24V3YHHtC294,10.0.2.15,52658,192.229.233.76,443,TLSv12,TLS_ECDHE_RSA_WITH_AES_128_GCM_SHA256,secp256r1,images-gmi-pmc.edge-generalmills.com,False,True,CsxuknGIti,"['bcae3d46ed7d2b05d5dbd92916cab23fcd177643d14129ceabcbecbd2f796458', '19400be5b7a31fb733917700789d2f0a2471c0c9d506c0e504c06c16d7cb17c0']",[],1.0,1a5fe5677b0e4fbbc854e8908225637d,49b45fc1ab090aa3a159778313fc9b9e,h2,,10132.964969,10.0.2.15,52658,192.229.233.76,443,tcp,2.453349999999773,823.0,4769.0,SF,True,False,0,ShADadfF,10,1231,12,5253,ssl,0
10133.27503,Ccby8QxcAd7345QCh,10.0.2.15,52657,192.229.233.76,443,TLSv12,TLS_ECDHE_RSA_WITH_AES_128_GCM_SHA256,secp256r1,images-gmi-pmc.edge-generalmills.com,False,True,CsxuknGIti,"['bcae3d46ed7d2b05d5dbd92916cab23fcd177643d14129ceabcbecbd2f796458', '19400be5b7a31fb733917700789d2f0a2471c0c9d506c0e504c06c16d7cb17c0']",[],1.0,1a5fe5677b0e4fbbc854e8908225637d,49b45fc1ab090aa3a159778313fc9b9e,h2,,10132.958394,10.0.2.15,52657,192.229.233.76,443,tcp,2.471323000001575,823.0,4769.0,SF,True,False,0,ShADadfF,10,1231,12,5253,ssl,0
10133.276874,CqDxuHm0qxKXlaVfc,10.0.2.15,52656,192.229.233.76,443,TLSv12,TLS_ECDHE_RSA_WITH_AES_128_GCM_SHA256,secp256r1,images-gmi-pmc.edge-generalmills.com,False,True,CsxuknGIti,"['bcae3d46ed7d2b05d5dbd92916cab23fcd177643d14129ceabcbecbd2f796458', '19400be5b7a31fb733917700789d2f0a2471c0c9d506c0e504c06c16d7cb17c0']",[],1.0,1a5fe5677b0e4fbbc854e8908225637d,49b45fc1ab090aa3a159778313fc9b9e,h2,,10132.948425,10.0.2.15,52656,192.229.233.76,443,tcp,3.111554999999498,823.0,4769.0,SF,True,False,0,ShADadfF,10,1231,12,5253,ssl,0
10140.544129,CKLtrU3xPcIhPlrDk2,10.0.2.15,52662,95.100.189.164,443,TLSv12,TLS_ECDHE_RSA_WITH_AES_256_GCM_SHA384,,service.maxymiser.net,True,True,CsiI,,,,1a5fe5677b0e4fbbc854e8908225637d,410b9bedaf65dd26c6fe547154d60db4,http/1.1,,10140.033467,10.0.2.15,52662,95.100.189.164,443,tcp,145.74635800000033,7511.0,43238.0,SF,True,False,0,ShADadTTFf,41,9171,69,46002,ssl,0
10140.545168,C8eRn144bSopkXJnjk,10.0.2.15,52663,95.100.189.164,443,TLSv12,TLS_ECDHE_RSA_WITH_AES_256_GCM_SHA384,,service.maxymiser.net,True,True,CsiI,,,,1a5fe5677b0e4fbbc854e8908225637d,410b9bedaf65dd26c6fe547154d60db4,http/1.1,,10140.056331,10.0.2.15,52663,95.100.189.164,443,tcp,6.583662999999433,599.0,183.0,SF,True,False,0,ShADadFfRr,8,927,9,547,ssl,0
10140.595025,CzONV6f7v32TG6Kx7,10.0.2.15,52664,95.100.189.164,443,TLSv12,TLS_ECDHE_RSA_WITH_AES_256_GCM_SHA384,,service.maxymiser.net,True,True,CsiI,,,,1a5fe5677b0e4fbbc854e8908225637d,410b9bedaf65dd26c6fe547154d60db4,http/1.1,,10140.547273,10.0.2.15,52664,95.100.189.164,443,tcp,6.09069400000044,599.0,183.0,SF,True,False,0,ShADadFfRr,9,967,9,547,ssl,0
10149.006474,CIdjAu2X9Ca7Gt1BOg,10.0.2.15,52667,204.76.212.150,443,TLSv10,TLS_RSA_WITH_AES_256_CBC_SHA,,www.coupons.com,False,True,CsxnGIi,"['4ee957d89b141e2430626753b01b5db6d4494663d1b5d45b37f2828135751e76', '973a41276ffd01e027a2aad49e34c37846d3e976ff6a620b6712e33832041aa6', '3a2fbe92891e57fe05d57087f48e730f17e5a5f53ef403d618e5b74d7a7e6ecb']",[],1.0,0ffee3ba8e615ad22535e7f771690a28,ab1e32eeaf70ee94c0af00f08d126891,,,10148.804176,10.0.2.15,52667,204.76.212.150,443,tcp,7.357899000000543,1381.0,4700.0,SF,True,False,0,ShADadFf,11,1829,12,5184,ssl,0
10152.922604,CPN0Lx2z4CfUm0tZK7,10.0.2.15,52670,95.100.188.137,443,TLSv12,TLS_ECDHE_RSA_WITH_AES_256_GCM_SHA384,,cdns.us1.gigya.com,True,True,CsiI,,,,1a5fe5677b0e4fbbc854e8908225637d,410b9bedaf65dd26c6fe547154d60db4,http/1.1,,10152.671766,10.0.2.15,52670,95.100.188.137,443,tcp,6.396822000000611,599.0,183.0,RSTO,True,False,0,ShADadFR,7,887,7,467,ssl,0
10156.40171,CjXa65HDjGRZPbFbj,10.0.2.15,52671,34.199.161.142,443,TLSv12,TLS_ECDHE_RSA_WITH_AES_128_GCM_SHA256,secp256r1,www.chicoryapp.com,False,True,CsxknGIi,"['6bccc7fd79d23e16df80eb5cb8917e601631bd6b72efd0de8d6facbe83e45b78', 'f55f9ffcb83c73453261601c7e044db15a0f034b93c05830f28635ef889cf670', '87dcd4dc74640a322cd205552506d1be64f12596258096544986b4850bc72706', '28689b30e4c306aab53b027b29e36ad6dd1dcf4b953994482ca84bdc1ecac996']",[],1.0,0ffee3ba8e615ad22535e7f771690a28,303951d4c50efb2e991652225a6f02b1,,,10156.281532,10.0.2.15,52671,34.199.161.142,443,tcp,63.73497999999927,710.0,6064.0,SF,True,False,0,ShADadTFf,17,1404,20,6868,ssl,0
10156.861974,ClDxjgNCIprRNgcI9,10.0.2.15,52677,216.137.61.36,443,TLSv12,TLS_ECDHE_RSA_WITH_AES_128_GCM_SHA256,,d2x3bkdslnxkuj.cloudfront.net,True,True,CsiI,,,,1a5fe5677b0e4fbbc854e8908225637d,d199ba0af2b08e204c73d6d81a1fd260,http/1.1,,10156.660771,10.0.2.15,52677,216.137.61.36,443,tcp,122.07584700000008,1378.0,61449.0,SF,True,False,0,ShADadTTfF,42,3077,81,64693,ssl,0
10156.86254,CYyRQe3S1Qs5w5YHq2,10.0.2.15,52676,216.137.61.36,443,TLSv12,TLS_ECDHE_RSA_WITH_AES_128_GCM_SHA256,,d2x3bkdslnxkuj.cloudfront.net,True,True,CsiI,,,,1a5fe5677b0e4fbbc854e8908225637d,d199ba0af2b08e204c73d6d81a1fd260,http/1.1,,10156.65974,10.0.2.15,52676,216.137.61.36,443,tcp,122.07653800000116,1378.0,50245.0,SF,True,False,0,ShADadTTfF,40,2997,71,53089,ssl,0
10156.866433,CFkhye2cYIcRDFJj48,10.0.2.15,52675,216.137.61.36,443,TLSv12,TLS_ECDHE_RSA_WITH_AES_128_GCM_SHA256,,d2x3bkdslnxkuj.cloudfront.net,True,True,CsiI,,,,1a5fe5677b0e4fbbc854e8908225637d,d199ba0af2b08e204c73d6d81a1fd260,http/1.1,,10156.657936,10.0.2.15,52675,216.137.61.36,443,tcp,122.07618600000023,1378.0,68755.0,SF,True,False,0,ShADadTTfF,46,3237,90,72359,ssl,0
10156.86883,CPBRDI3NthuVtkiPr6,10.0.2.15,52674,216.137.61.36,443,TLSv12,TLS_ECDHE_RSA_WITH_AES_128_GCM_SHA256,,d2x3bkdslnxkuj.cloudfront.net,True,True,CsiI,,,,1a5fe5677b0e4fbbc854e8908225637d,d199ba0af2b08e204c73d6d81a1fd260,http/1.1,,10156.65611,10.0.2.15,52674,216.137.61.36,443,tcp,122.0773680000002,1378.0,73499.0,SF,True,False,0,ShADadTTfF,48,3317,97,77383,ssl,0
10156.869672,CNRQJITeDWMUxIbbe,10.0.2.15,52673,216.137.61.36,443,TLSv12,TLS_ECDHE_RSA_WITH_AES_128_GCM_SHA256,,d2x3bkdslnxkuj.cloudfront.net,True,True,CsiI,,,,1a5fe5677b0e4fbbc854e8908225637d,d199ba0af2b08e204c73d6d81a1fd260,http/1.1,,10156.654079,10.0.2.15,52673,216.137.61.36,443,tcp,122.08405800000035,1378.0,66587.0,SF,True,False,0,ShADadTTfF,42,3077,85,69991,ssl,0
10156.871824,CWlPID2JQem9szkEc4,10.0.2.15,52672,216.137.61.36,443,TLSv12,TLS_ECDHE_RSA_WITH_AES_128_GCM_SHA256,,d2x3bkdslnxkuj.cloudfront.net,True,True,CsiI,,,,1a5fe5677b0e4fbbc854e8908225637d,d199ba0af2b08e204c73d6d81a1fd260,http/1.1,,10156.652894,10.0.2.15,52672,216.137.61.36,443,tcp,122.08163699999932,1378.0,68969.0,SF,True,False,0,ShADadTTfF,42,3077,86,72413,ssl,0
10159.11169,CEILwnc0JFRBfKVV1,10.0.2.15,52684,95.100.189.164,443,TLSv12,TLS_ECDHE_RSA_WITH_AES_256_GCM_SHA384,,service.maxymiser.net,True,True,CsiI,,,,1a5fe5677b0e4fbbc854e8908225637d,410b9bedaf65dd26c6fe547154d60db4,http/1.1,,10159.056766,10.0.2.15,52684,95.100.189.164,443,tcp,126.72292300000116,1180.0,416.0,SF,True,False,0,ShADadTTFf,21,2040,21,1260,ssl,0
10159.112125,CBFVmWWGBSUx4oxqa,10.0.2.15,52683,95.100.189.164,443,TLSv12,TLS_ECDHE_RSA_WITH_AES_256_GCM_SHA384,,service.maxymiser.net,True,True,CsiI,,,,1a5fe5677b0e4fbbc854e8908225637d,410b9bedaf65dd26c6fe547154d60db4,http/1.1,,10159.055902,10.0.2.15,52683,95.100.189.164,443,tcp,126.72387600000002,1181.0,416.0,SF,True,False,0,ShADadTTFf,21,2041,21,1260,ssl,0
10159.113037,C3eXlh4jSa7CtoFxG1,10.0.2.15,52682,95.100.189.164,443,TLSv12,TLS_ECDHE_RSA_WITH_AES_256_GCM_SHA384,,service.maxymiser.net,True,True,CsiI,,,,1a5fe5677b0e4fbbc854e8908225637d,410b9bedaf65dd26c6fe547154d60db4,http/1.1,,10159.055207,10.0.2.15,52682,95.100.189.164,443,tcp,126.72459700000036,2131.0,3037.0,SF,True,False,0,ShADadTTFf,22,3031,24,4001,ssl,0
10159.113548,CLlTBl4z1HMlrdmvwj,10.0.2.15,52681,95.100.189.164,443,TLSv12,TLS_ECDHE_RSA_WITH_AES_256_GCM_SHA384,,service.maxymiser.net,True,True,CsiI,,,,1a5fe5677b0e4fbbc854e8908225637d,410b9bedaf65dd26c6fe547154d60db4,http/1.1,,10159.054603,10.0.2.15,52681,95.100.189.164,443,tcp,6.599806000000172,599.0,183.0,SF,True,False,0,ShADadFfRr,8,927,9,547,ssl,0
10159.114331,CXduCIMZWx2n4R3lb,10.0.2.15,52680,95.100.189.164,443,TLSv12,TLS_ECDHE_RSA_WITH_AES_256_GCM_SHA384,,service.maxymiser.net,True,True,CsiI,,,,1a5fe5677b0e4fbbc854e8908225637d,410b9bedaf65dd26c6fe547154d60db4,http/1.1,,10159.054013,10.0.2.15,52680,95.100.189.164,443,tcp,6.600440999998682,599.0,183.0,SF,True,False,0,ShADadFfRr,8,927,9,547,ssl,0
10166.630201,C460cC2mmMDk8gsMT,10.0.2.15,52699,178.250.0.101,443,TLSv12,TLS_RSA_WITH_AES_128_CBC_SHA,,cas.fr.eu.criteo.com,False,True,CsxnGIi,"['8a258857ae6b43509c5769d79be153d2c41426a6c9fbdc79a626f601ad13560d', 'eae72eb454bf6c3977ebd289e970b2f5282949190093d0d26f98d0f0d6a9cf17', '8420dfbe376f414bf4c0a81e6936d24ccc03f304835b86c7a39142fca723a689']",[],1.0,0ffee3ba8e615ad22535e7f771690a28,5dcc087b1a1d0a5b0658981a7e8b2c3c,,,10166.396837,10.0.2.15,52699,178.250.0.101,443,tcp,9.783353999999235,624.0,4413.0,SF,True,False,0,ShADadFf,10,1032,11,4857,ssl,0
10167.56154,C8yXuAkdEqwPlHCk,10.0.2.15,52702,104.20.111.39,443,TLSv12,TLS_ECDHE_ECDSA_WITH_AES_128_GCM_SHA256,secp256r1,static.addtoany.com,False,True,CsxuknGIti,"['fc5377c9d272f0a3e08a7103432258b9f52dce4b71462e62042ad974ed13d7fb', 'cd6c108a0e641f2ca122aaa6d03f826759cae7c6f800eabf76dc48b67cd083ce', '9573862ac0b4b125168810ea3fd101ae2eb0bb15f61fc0e6da7a2a38b85a89e8']",[],1.0,0ffee3ba8e615ad22535e7f771690a28,7d3eb4120cd50e889bcd3f3783be0f82,h2,,10166.63168,10.0.2.15,52702,104.20.111.39,443,tcp,196.9598530000003,1133.0,66535.0,SF,True,False,0,ShADadfFR,46,2981,82,69819,ssl,0
10167.348134,CNl01I3NmMTcihG2xc,10.0.2.15,52700,54.231.121.11,443,TLSv12,TLS_ECDHE_RSA_WITH_AES_128_GCM_SHA256,secp256r1,chicory-static-prod.s3.amazonaws.com,False,True,CsxknGIi,"['659a3d7684850e6d664f5131f9f8765469b9c7017b7a0e206f8c1c9445cb1c69', 'f9690880819f06cdcc0b2f224b207f2af6003fb57339b8679a160fa95208d62d']",[],1.0,0ffee3ba8e615ad22535e7f771690a28,ea615e28cb25adfb2f261151eab3314f,,,10166.63073,10.0.2.15,52700,54.231.121.11,443,tcp,9.1587729999992,370.0,3040.0,RSTO,True,False,0,ShADadFR,10,778,12,3524,ssl,0
10168.270285,C5LU8V17n6R1E2e5Gi,10.0.2.15,52705,23.74.199.60,443,TLSv12,TLS_ECDHE_RSA_WITH_AES_128_GCM_SHA256,,accounts.us1.gigya.com,True,True,CsiI,,,,1a5fe5677b0e4fbbc854e8908225637d,7bee5c1d424b7e5f943b06983bb11422,http/1.1,,10167.56388,10.0.2.15,52705,23.74.199.60,443,tcp,124.27507100000004,1527.0,1071.0,SF,True,False,0,ShADadTTFf,21,2387,21,1915,ssl,0
10177.985423,CPF2YsBU4vENr64de,10.0.2.15,52712,216.137.61.20,443,TLSv12,TLS_ECDHE_RSA_WITH_AES_128_GCM_SHA256,secp256r1,d31qbv1cthcecs.cloudfront.net,False,True,CsxuknGIti,"['90c0937808b31877df6c4a5c743c99325d974624be3735faa5078cf73d4fd205', 'eae72eb454bf6c3977ebd289e970b2f5282949190093d0d26f98d0f0d6a9cf17']",[],1.0,0ffee3ba8e615ad22535e7f771690a28,76cc3e2d3028143b23ec18e27dbd7ca9,http/1.1,,10176.132129,10.0.2.15,52712,216.137.61.20,443,tcp,128.30413000000044,720.0,5645.0,SF,True,False,0,ShADadTTfF,22,1619,24,6609,ssl,0
10178.001549,CSkdbh35YENdHm64Nc,10.0.2.15,52716,216.137.61.20,443,TLSv12,TLS_ECDHE_RSA_WITH_AES_128_GCM_SHA256,secp256r1,d31qbv1cthcecs.cloudfront.net,False,True,CsxuknGIti,"['90c0937808b31877df6c4a5c743c99325d974624be3735faa5078cf73d4fd205', 'eae72eb454bf6c3977ebd289e970b2f5282949190093d0d26f98d0f0d6a9cf17']",[],1.0,0ffee3ba8e615ad22535e7f771690a28,76cc3e2d3028143b23ec18e27dbd7ca9,http/1.1,,10176.134312,10.0.2.15,52716,216.137.61.20,443,tcp,8.227820000000065,395.0,5199.0,SF,True,False,0,ShADadFf,10,803,11,5643,ssl,0
10185.927158,CJ4a3C2SYCVLLZk6Xe,10.0.2.15,52729,172.217.23.226,443,TLSv12,TLS_ECDHE_RSA_WITH_AES_128_GCM_SHA256,x25519,googleads.g.doubleclick.net,False,True,CsxknGIti,"['a32ffddd76f9e7debbfc9a37b38d2ef86039b30a10d7c45ab8223d149cf99699', '9f630426df1d8abfd80ace98871ba833ab9742cb34838de2b5285ed54c0c7dcc', '3c35cc963eb004451323d3275d05b353235053490d9cd83729a2faf5e7ca1cc0']",[],1.0,0ffee3ba8e615ad22535e7f771690a28,ab41313cfec25328b20865eb1388e0a2,h2,,10185.325156,10.0.2.15,52729,172.217.23.226,443,tcp,1281.0559029999986,16061.0,30075.0,SF,True,False,0,ShADadFf,160,22469,191,37719,ssl,0
10188.275963,CIJWb02iqy5Wqj7Sk8,10.0.2.15,52736,82.199.68.73,443,TLSv12,TLS_RSA_WITH_AES_256_CBC_SHA,,bs.serving-sys.com,False,True,CsxnGIi,"['da83f8402756964819e846696c134edb748ee8801ff17fcfd761d886058327c8', '3f3af9c9cc2c7599ef8f6dd7ca516cfc1797d7d12002254f3bfd0d4d0fe9de86']",[],1.0,0ffee3ba8e615ad22535e7f771690a28,0a917d753018dad73d9899ace370f8d8,,,10188.148931,10.0.2.15,52736,82.199.68.73,443,tcp,20.51136299999962,2259.0,6587.0,SF,True,False,0,ShADadTfF,14,2828,15,7191,ssl,0
10188.282051,C6lWWc1fO9L0PkjDW1,10.0.2.15,52734,93.184.220.66,443,TLSv12,TLS_ECDHE_RSA_WITH_AES_128_GCM_SHA256,secp256r1,platform.twitter.com,False,True,CsxuknGIti,"['498dfbfa068ce7e3252a308f9578608d3df2d287b5b9284571f7d3ed43ba3ab0', '19400be5b7a31fb733917700789d2f0a2471c0c9d506c0e504c06c16d7cb17c0', '7431e5f4c3c1ce4690774f0b61e05440883ba9a01ed00ba6abd7806ed3b118cf']",[],1.0,0ffee3ba8e615ad22535e7f771690a28,76cc3e2d3028143b23ec18e27dbd7ca9,http/1.1,,10188.145445,10.0.2.15,52734,93.184.220.66,443,tcp,9.38198200000079,386.0,5773.0,RSTO,True,False,0,ShADadFR,10,794,11,6217,ssl,0
10193.013477,Cjpg6i3DURIAmiSap3,10.0.2.15,52742,216.137.61.220,443,TLSv12,TLS_ECDHE_RSA_WITH_AES_128_GCM_SHA256,,d5nxst8fruw4z.cloudfront.net,True,True,CsiI,,,,1a5fe5677b0e4fbbc854e8908225637d,d199ba0af2b08e204c73d6d81a1fd260,http/1.1,,10191.866949,10.0.2.15,52742,216.137.61.220,443,tcp,121.91676200000074,1342.0,744.0,SF,True,False,0,ShADadTTfF,20,2161,20,1548,ssl,0
10195.720032,CR7YXpzmnOnWLafWk,10.0.2.15,52750,74.120.148.204,443,TLSv12,TLS_ECDHE_RSA_WITH_AES_128_GCM_SHA256,,gscounters.us1.gigya.com,True,True,CsiI,,,,1a5fe5677b0e4fbbc854e8908225637d,fbe78c619e7ea20046131294ad087f05,,,10195.223853,10.0.2.15,52750,74.120.148.204,443,tcp,3.347053000001324,1757.0,661.0,SF,True,False,0,ShADadfF,7,2045,9,1025,ssl,0
10195.716946,CbDw3X2HJKsq9dsjM7,10.0.2.15,52751,95.100.177.122,443,TLSv12,TLS_ECDHE_RSA_WITH_AES_256_GCM_SHA384,secp256r1,www.oracle.com,False,True,CsxknGIti,"['d0b6d2465a45dcd85602242c2b73789c527985d520e12d29e4d3dde07165e29f', '074541ecdf88ed992ed5ade3ecddef27a26ba1b44480a195c0a8dadae2521d8e']",[],1.0,0ffee3ba8e615ad22535e7f771690a28,2b33c1374db4ddf06942f92373c0b54b,h2,,10195.227439,10.0.2.15,52751,95.100.177.122,443,tcp,214.34649100000024,1402.0,5765.0,SF,True,False,0,ShADadFfRr,25,2410,30,6969,ssl,0
10197.034854,CPte6S3nPws1yXGDug,10.0.2.15,52754,23.74.191.135,443,TLSv12,TLS_ECDHE_RSA_WITH_AES_256_GCM_SHA384,secp256r1,configusa.veinteractive.com,False,True,CsxknGIti,"['07d484bf2e3ddfc4a70273289352ac849ca1401be56cb6fab156d782e69579bd', 'eae72eb454bf6c3977ebd289e970b2f5282949190093d0d26f98d0f0d6a9cf17', '8420dfbe376f414bf4c0a81e6936d24ccc03f304835b86c7a39142fca723a689']",[],1.0,0ffee3ba8e615ad22535e7f771690a28,2b33c1374db4ddf06942f92373c0b54b,http/1.1,,10196.78229,10.0.2.15,52754,23.74.191.135,443,tcp,131.04502500000126,1331.0,7046.0,SF,True,False,0,ShADadTTFfRr,27,2431,31,8290,ssl,0
10199.665351,CVrR1f24dyzvtrj94g,10.0.2.15,52757,199.16.156.52,443,TLSv12,TLS_ECDHE_RSA_WITH_AES_128_GCM_SHA256,secp256r1,syndication.twitter.com,False,True,CsxknGIti,"['75e85da383dbf4ced92713e6768c061d0aca2ee11ea14e2a1486adb26098b2de', '19400be5b7a31fb733917700789d2f0a2471c0c9d506c0e504c06c16d7cb17c0']",[],1.0,0ffee3ba8e615ad22535e7f771690a28,8d2a028aa94425f76ced7826b1f39039,h2,,10199.247826,10.0.2.15,52757,199.16.156.52,443,tcp,352.42665399999896,7353.0,5787.0,SF,True,False,0,ShADadFfRr,36,8801,40,7391,ssl,0
10200.685757,Cv5Oa74ni5Vc7ie4Gd,10.0.2.15,52759,95.100.185.88,443,TLSv12,TLS_ECDHE_RSA_WITH_AES_256_GCM_SHA384,secp256r1,secure-ds.serving-sys.com,False,True,CsxknGIti,"['93170a04e8e6d30cc7fe95b7ee0aa3de4bc16f069c1467fbf047462275e6a20c', 'eae72eb454bf6c3977ebd289e970b2f5282949190093d0d26f98d0f0d6a9cf17']",[],1.0,1a5fe5677b0e4fbbc854e8908225637d,2b33c1374db4ddf06942f92373c0b54b,http/1.1,,10200.502365,10.0.2.15,52759,95.100.185.88,443,tcp,139.73042899999928,2448.0,118300.0,SF,True,False,0,ShADadTTFfRr,44,4228,120,123104,ssl,0
10200.692278,CrUQL21VIYKRwBICS1,10.0.2.15,52758,95.100.185.88,443,TLSv12,TLS_ECDHE_RSA_WITH_AES_256_GCM_SHA384,secp256r1,secure-ds.serving-sys.com,False,True,CsxknGIti,"['93170a04e8e6d30cc7fe95b7ee0aa3de4bc16f069c1467fbf047462275e6a20c', 'eae72eb454bf6c3977ebd289e970b2f5282949190093d0d26f98d0f0d6a9cf17']",[],1.0,1a5fe5677b0e4fbbc854e8908225637d,2b33c1374db4ddf06942f92373c0b54b,http/1.1,,10200.500483,10.0.2.15,52758,95.100.185.88,443,tcp,7.59264500000063,674.0,3624.0,SF,True,False,0,ShADadFRfr,11,1122,12,4108,ssl,0
10215.34536,CFwEzTIaUzbXvpyXi,10.0.2.15,52808,172.217.23.194,443,TLSv12,TLS_ECDHE_RSA_WITH_AES_128_GCM_SHA256,,cm.g.doubleclick.net,True,True,CsiI,,,,1a5fe5677b0e4fbbc854e8908225637d,67619a80665d7ab92d1041b1d11f9164,h2,,10214.29724,10.0.2.15,52808,172.217.23.194,443,tcp,197.59253499999977,1441.0,688.0,SF,True,False,0,ShADadFf,20,2249,21,1532,ssl,0
10220.57523,CQgWx11w9Xry2xMxv8,10.0.2.15,52810,172.217.23.226,443,TLSv12,TLS_ECDHE_RSA_WITH_AES_128_GCM_SHA256,x25519,www.googletagservices.com,False,True,CsxknGIti,"['a32ffddd76f9e7debbfc9a37b38d2ef86039b30a10d7c45ab8223d149cf99699', '9f630426df1d8abfd80ace98871ba833ab9742cb34838de2b5285ed54c0c7dcc', '3c35cc963eb004451323d3275d05b353235053490d9cd83729a2faf5e7ca1cc0']",[],1.0,0ffee3ba8e615ad22535e7f771690a28,ab41313cfec25328b20865eb1388e0a2,h2,,10219.614409,10.0.2.15,52810,172.217.23.226,443,tcp,202.61274000000049,743.0,4223.0,SF,True,False,0,ShADadFf,19,1511,20,5027,ssl,0
10220.256593,CWyXX9dlZTsO5oEx4,10.0.2.15,52815,172.217.7.227,443,TLSv12,TLS_ECDHE_ECDSA_WITH_AES_128_GCM_SHA256,x25519,csi.gstatic.com,False,True,CsxknGIti,"['11ddd329046367c19b32ffdb02ed308de129de4d6ffcf95856d7bd6a7accfba9', '9f630426df1d8abfd80ace98871ba833ab9742cb34838de2b5285ed54c0c7dcc', '3c35cc963eb004451323d3275d05b353235053490d9cd83729a2faf5e7ca1cc0']",[],1.0,0ffee3ba8e615ad22535e7f771690a28,84480cf8cf0e732666092640e581e1a5,h2,,10219.620503,10.0.2.15,52815,172.217.7.227,443,tcp,211.42410999999996,1683.0,4894.0,SF,True,False,0,ShADadFf,23,2611,26,5938,ssl,0
10226.261724,CV27AN1lu3oC0zvOY4,10.0.2.15,52826,54.192.93.37,443,TLSv12,TLS_ECDHE_RSA_WITH_AES_128_GCM_SHA256,secp256r1,www.roku.com,False,True,CsxuknGIti,"['747b75557b769f3c84bbc4db50be846eac56ff63643ccebf5abc0e7d4d44b83d', '403e062a2653059113285baf80a0d4ae422c848c9f78fad01fc94bc5b87fef1a']",[],1.0,0ffee3ba8e615ad22535e7f771690a28,76cc3e2d3028143b23ec18e27dbd7ca9,h2,,10226.131002,10.0.2.15,52826,54.192.93.37,443,tcp,341.8465350000006,13333.0,3017008.0,SF,True,False,0,ShADadWFf,533,34661,2487,3116492,ssl,0
10226.285892,C2McRI39om9nA4Odg6,10.0.2.15,52827,54.192.93.37,443,TLSv12,TLS_ECDHE_RSA_WITH_AES_128_GCM_SHA256,secp256r1,www.roku.com,False,True,CsxuknGIti,"['747b75557b769f3c84bbc4db50be846eac56ff63643ccebf5abc0e7d4d44b83d', '403e062a2653059113285baf80a0d4ae422c848c9f78fad01fc94bc5b87fef1a']",[],1.0,0ffee3ba8e615ad22535e7f771690a28,76cc3e2d3028143b23ec18e27dbd7ca9,h2,,10226.266146,10.0.2.15,52827,54.192.93.37,443,tcp,0.984161000000312,555.0,4566.0,RSTO,True,False,0,ShADadFR,12,1043,14,5130,ssl,0
10234.699654,CuFPHN1sD17EUsWCze,10.0.2.15,52853,172.217.23.232,443,TLSv12,TLS_ECDHE_RSA_WITH_AES_128_GCM_SHA256,,www.googletagmanager.com,True,True,CsiI,,,,1a5fe5677b0e4fbbc854e8908225637d,67619a80665d7ab92d1041b1d11f9164,h2,,10234.673599,10.0.2.15,52853,172.217.23.232,443,tcp,348.5707629999997,3674.0,35734.0,SF,True,False,0,ShADadFf,46,5522,69,38498,ssl,0
10234.957305,CF9bat4S9BRCwnuDX7,10.0.2.15,52851,146.20.93.43,443,TLSv12,TLS_ECDHE_RSA_WITH_AES_256_CBC_SHA,secp521r1,owner.roku.com,False,True,CsxuknGIi,"['9068291fccb1aee2ed8490dd093fbc5a165c5facfb8c8b322db0272685af22ea', '154c433c491929c5ef686e838e323664a00e6a0d822ccc958fb4dab03e49a08f']",[],1.0,0ffee3ba8e615ad22535e7f771690a28,4fd467dd264720762ffe286277c00f57,,,10234.6607,10.0.2.15,52851,146.20.93.43,443,tcp,10.234567999999854,1091.0,7404.0,SF,True,False,0,ShADadfF,13,1619,16,8048,ssl,0
10234.958552,CrqOhf46Tb5n5IdNPi,10.0.2.15,52850,146.20.93.43,443,TLSv12,TLS_ECDHE_RSA_WITH_AES_256_CBC_SHA,secp521r1,owner.roku.com,False,True,CsxuknGIi,"['9068291fccb1aee2ed8490dd093fbc5a165c5facfb8c8b322db0272685af22ea', '154c433c491929c5ef686e838e323664a00e6a0d822ccc958fb4dab03e49a08f']",[],1.0,0ffee3ba8e615ad22535e7f771690a28,4fd467dd264720762ffe286277c00f57,,,10234.659845,10.0.2.15,52850,146.20.93.43,443,tcp,6.88923000000068,462.0,3543.0,SF,True,False,0,ShADadFf,11,910,12,4027,ssl,0
10236.869267,CX8GSX2XITmDMzN7zk,10.0.2.15,52855,141.146.114.16,443,TLSv12,TLS_ECDHE_RSA_WITH_AES_128_GCM_SHA256,secp256r1,shop.oracle.com,False,True,CsxknGIi,"['b6e9769ef3d7f1266e098030e00a46f3a7ac2f03c3b4df4883777fcfa1304835', 'eae72eb454bf6c3977ebd289e970b2f5282949190093d0d26f98d0f0d6a9cf17']",[],1.0,0ffee3ba8e615ad22535e7f771690a28,a704460bd0a887c62e4f462bf1bba96b,,,10236.505922,10.0.2.15,52855,141.146.114.16,443,tcp,6.224928999999975,349.0,3531.0,SF,True,False,0,ShADadFf,10,757,11,3975,ssl,0
10238.000141,CZOSDl1Fostk9koY59,10.0.2.15,52858,216.58.201.98,443,TLSv12,TLS_ECDHE_RSA_WITH_AES_128_GCM_SHA256,,www.googleadservices.com,True,True,CsiI,,,,1a5fe5677b0e4fbbc854e8908225637d,67619a80665d7ab92d1041b1d11f9164,h2,,10237.730886,10.0.2.15,52858,216.58.201.98,443,tcp,198.97150200000036,938.0,384.0,SF,True,False,0,ShADadFf,16,1586,16,1028,ssl,0
10237.997239,CNncWhsMcxifLXeI1,10.0.2.15,52859,54.230.93.227,443,TLSv12,TLS_ECDHE_RSA_WITH_AES_128_GCM_SHA256,secp256r1,cdn.wylei.com,False,True,CsxknGIti,"['b687963c36af4708bf2741b1eb1e285dc01fd9c24d352a2949fda3f8cdaa9776', '973a41276ffd01e027a2aad49e34c37846d3e976ff6a620b6712e33832041aa6', '3a2fbe92891e57fe05d57087f48e730f17e5a5f53ef403d618e5b74d7a7e6ecb', 'c3846bf24b9e93ca64274c0ec67c1ecc5e024ffcacd2d74019350e81fe546ae4']",[],1.0,0ffee3ba8e615ad22535e7f771690a28,b898351eb5e266aefd3723d466935494,http/1.1,,10237.734711,10.0.2.15,52859,54.230.93.227,443,tcp,168.61634400000003,1063.0,10595.0,SF,True,False,0,ShADadTTfF,29,2246,34,11959,ssl,0
10238.009844,CdAK9c4djxOXNSVmkf,10.0.2.15,52857,54.230.93.227,443,TLSv12,TLS_ECDHE_RSA_WITH_AES_128_GCM_SHA256,secp256r1,cdn.wylei.com,False,True,CsxknGIti,"['b687963c36af4708bf2741b1eb1e285dc01fd9c24d352a2949fda3f8cdaa9776', '973a41276ffd01e027a2aad49e34c37846d3e976ff6a620b6712e33832041aa6', '3a2fbe92891e57fe05d57087f48e730f17e5a5f53ef403d618e5b74d7a7e6ecb', 'c3846bf24b9e93ca64274c0ec67c1ecc5e024ffcacd2d74019350e81fe546ae4']",[],1.0,0ffee3ba8e615ad22535e7f771690a28,b898351eb5e266aefd3723d466935494,http/1.1,,10237.729214,10.0.2.15,52857,54.230.93.227,443,tcp,7.139037999999346,347.0,5427.0,SF,True,False,0,ShADadFf,10,755,12,5911,ssl,0
10239.028851,CjSzGl4Mi3xlMjRYLd,10.0.2.15,52863,172.217.23.227,443,TLSv12,TLS_ECDHE_RSA_WITH_AES_128_GCM_SHA256,x25519,www.google.cz,False,True,CsxknGIti,"['635ff633f6427d8bb4cff322e016a54fd8da246e8392221d6a58ae24f13c6119', '9f630426df1d8abfd80ace98871ba833ab9742cb34838de2b5285ed54c0c7dcc', '3c35cc963eb004451323d3275d05b353235053490d9cd83729a2faf5e7ca1cc0']",[],1.0,0ffee3ba8e615ad22535e7f771690a28,ab41313cfec25328b20865eb1388e0a2,h2,,10238.690714,10.0.2.15,52863,172.217.23.227,443,tcp,328.6595529999995,4752.0,5141.0,SF,True,False,0,ShADadFf,33,6080,37,6625,ssl,0
10239.029258,Czf3wD8zgrKkvtNsd,10.0.2.15,52862,172.217.23.227,443,TLSv12,TLS_ECDHE_RSA_WITH_AES_128_GCM_SHA256,x25519,www.google.cz,False,True,CsxknGIti,"['635ff633f6427d8bb4cff322e016a54fd8da246e8392221d6a58ae24f13c6119', '9f630426df1d8abfd80ace98871ba833ab9742cb34838de2b5285ed54c0c7dcc', '3c35cc963eb004451323d3275d05b353235053490d9cd83729a2faf5e7ca1cc0']",[],1.0,0ffee3ba8e615ad22535e7f771690a28,ab41313cfec25328b20865eb1388e0a2,h2,,10238.687385,10.0.2.15,52862,172.217.23.227,443,tcp,2.50445800000125,1386.0,4234.0,SF,True,False,0,ShADadFf,16,2034,18,4958,ssl,0
10239.784668,CgTjAq49NunYQM2Sjf,10.0.2.15,52864,172.217.23.227,443,TLSv12,TLS_ECDHE_RSA_WITH_AES_128_GCM_SHA256,x25519,www.google.cz,False,True,CsxknGIti,"['635ff633f6427d8bb4cff322e016a54fd8da246e8392221d6a58ae24f13c6119', '9f630426df1d8abfd80ace98871ba833ab9742cb34838de2b5285ed54c0c7dcc', '3c35cc963eb004451323d3275d05b353235053490d9cd83729a2faf5e7ca1cc0']",[],1.0,0ffee3ba8e615ad22535e7f771690a28,ab41313cfec25328b20865eb1388e0a2,h2,,10239.036579,10.0.2.15,52864,172.217.23.227,443,tcp,1.771214000000327,523.0,3864.0,SF,True,False,0,ShADadFf,11,971,14,4428,ssl,0
10239.361774,Cqt3Ur3J4Ckw0uTPSg,10.0.2.15,52867,172.217.23.227,443,TLSv12,TLS_ECDHE_RSA_WITH_AES_128_GCM_SHA256,x25519,www.google.cz,False,True,CsxknGIti,"['635ff633f6427d8bb4cff322e016a54fd8da246e8392221d6a58ae24f13c6119', '9f630426df1d8abfd80ace98871ba833ab9742cb34838de2b5285ed54c0c7dcc', '3c35cc963eb004451323d3275d05b353235053490d9cd83729a2faf5e7ca1cc0']",[],1.0,0ffee3ba8e615ad22535e7f771690a28,ab41313cfec25328b20865eb1388e0a2,h2,,10239.042231,10.0.2.15,52867,172.217.23.227,443,tcp,1.7654700000002772,523.0,3864.0,SF,True,False,0,ShADadFf,12,1011,14,4428,ssl,0
10242.46495,Cimscq3ShgIKtijyQa,10.0.2.15,52868,151.101.112.207,443,TLSv12,TLS_ECDHE_RSA_WITH_AES_128_GCM_SHA256,,js-agent.newrelic.com,True,True,CsiI,,,,1a5fe5677b0e4fbbc854e8908225637d,1d0e57c6ae42e9204defa51e5e1cdc4c,http/1.1,,10242.434739,10.0.2.15,52868,151.101.112.207,443,tcp,8.010324999999284,599.0,191.0,SF,True,False,0,ShADadFfRr,8,927,9,555,ssl,0
10242.695589,C8tZUb2NhQDYIALjy3,10.0.2.15,52869,162.247.242.19,443,TLSv12,TLS_DHE_RSA_WITH_AES_256_CBC_SHA,,bam.nr-data.net,False,True,CsxknGIi,"['e7489ed1f465ba2b3ce0faef3a43a3895cd097733dbb5b713df8b299270ca145', '074541ecdf88ed992ed5ade3ecddef27a26ba1b44480a195c0a8dadae2521d8e']",[],1.0,0ffee3ba8e615ad22535e7f771690a28,d90fa179c9daf35598ed8341272118f7,,,10242.442201,10.0.2.15,52869,162.247.242.19,443,tcp,241.5984900000003,12894.0,4535.0,SF,True,False,0,ShADadTTfF,46,14762,48,6459,ssl,0
10243.097492,C4xNzd2FMs6PG0fTuk,10.0.2.15,52870,162.247.242.19,443,TLSv12,TLS_DHE_RSA_WITH_AES_256_CBC_SHA,,bam.nr-data.net,False,True,CsxknGIi,"['e7489ed1f465ba2b3ce0faef3a43a3895cd097733dbb5b713df8b299270ca145', '074541ecdf88ed992ed5ade3ecddef27a26ba1b44480a195c0a8dadae2521d8e']",[],1.0,0ffee3ba8e615ad22535e7f771690a28,d90fa179c9daf35598ed8341272118f7,,,10242.699509,10.0.2.15,52870,162.247.242.19,443,tcp,7.86354399999982,491.0,3476.0,SF,True,False,0,ShADadFf,9,859,10,3880,ssl,0
10243.419978,CccutY1ZamtcLqVv8f,10.0.2.15,52871,162.247.242.19,443,TLSv12,TLS_DHE_RSA_WITH_AES_256_CBC_SHA,,bam.nr-data.net,False,True,CsxknGIi,"['e7489ed1f465ba2b3ce0faef3a43a3895cd097733dbb5b713df8b299270ca145', '074541ecdf88ed992ed5ade3ecddef27a26ba1b44480a195c0a8dadae2521d8e']",[],1.0,0ffee3ba8e615ad22535e7f771690a28,d90fa179c9daf35598ed8341272118f7,,,10242.952491,10.0.2.15,52871,162.247.242.19,443,tcp,7.61049599999933,491.0,3476.0,SF,True,False,0,ShADadFf,10,899,10,3880,ssl,0
10244.889338,C5kpFd4gW1XASShEGb,10.0.2.15,52872,142.0.160.17,443,TLSv12,TLS_ECDHE_RSA_WITH_AES_256_GCM_SHA384,secp256r1,go.oracle.com,False,True,CsxknGIi,"['7e92f3cfd2765425f12db70d9d6c931df5d8b8b0d4ae47d71c7d625a0c7e7584', 'eae72eb454bf6c3977ebd289e970b2f5282949190093d0d26f98d0f0d6a9cf17']",[],1.0,0ffee3ba8e615ad22535e7f771690a28,28ef90cc3d9d08c96a8a2cb6f365a79e,,,10244.092647,10.0.2.15,52872,142.0.160.17,443,tcp,10.005687000000762,347.0,3607.0,SF,True,False,0,ShADadFf,9,715,10,4011,ssl,0
10247.826331,CUv4wR2r2NtDbAtzz5,10.0.2.15,52875,81.95.155.130,443,TLSv12,TLS_ECDHE_RSA_WITH_AES_128_GCM_SHA256,secp256r1,tags.w55c.net,False,True,CsxknGIti,"['0bd7d69c79989e5e7b2c423a48d41a2811a16dcd05e5951d2ede09e59583579d', 'd9e0c64ab27a64d79cccf42a34ec75a251a7e543353c19e984a70eb2f546cdff']",[],1.0,0ffee3ba8e615ad22535e7f771690a28,ccc514751b175866924439bdbb5bba34,,,10247.768813,10.0.2.15,52875,81.95.155.130,443,tcp,4.297941999999239,1050.0,3182.0,SF,True,False,0,ShADadfF,11,1498,12,3666,ssl,0
10248.308766,CvCALi1fXN86F18Y9l,10.0.2.15,52874,63.215.202.68,443,TLSv12,TLS_RSA_WITH_3DES_EDE_CBC_SHA,,adfarm.mediaplex.com,False,True,CsxnGIi,"['d91585207b3a2df4560b2e7473c7b7b8540ccd2f030d0b914bea7d6a2101cb69', '0b339212d7cff17a2c59e35669b58e77350133750a78da9404770edd470def76']",[],1.0,0ffee3ba8e615ad22535e7f771690a28,66a6571ef756b3c9e82b3fd802bbcac2,,,10247.765184,10.0.2.15,52874,63.215.202.68,443,tcp,88.2118819999996,1413.0,3561.0,SF,True,False,0,ShADadTfF,19,2188,20,4365,ssl,0
10248.393317,CgN7bXhS9gI80ZpJ5,10.0.2.15,52881,54.192.93.22,443,TLSv12,TLS_ECDHE_RSA_WITH_AES_128_GCM_SHA256,secp256r1,vt.myvisualiq.net,False,True,CsxuknGIti,"['47ba84616b18fb6059391fae1e4050f0f43b6c105ae20fea05305d23e738aced', '973a41276ffd01e027a2aad49e34c37846d3e976ff6a620b6712e33832041aa6', '3a2fbe92891e57fe05d57087f48e730f17e5a5f53ef403d618e5b74d7a7e6ecb', 'c3846bf24b9e93ca64274c0ec67c1ecc5e024ffcacd2d74019350e81fe546ae4']",[],1.0,0ffee3ba8e615ad22535e7f771690a28,76cc3e2d3028143b23ec18e27dbd7ca9,http/1.1,,10248.32431,10.0.2.15,52881,54.192.93.22,443,tcp,162.94621499999994,1221.0,11141.0,SF,True,False,0,ShADadTTfF,28,2364,34,12505,ssl,0
10248.410322,Cu2LkM35uRsxxpIUgj,10.0.2.15,52880,185.31.128.208,443,TLSv12,TLS_RSA_WITH_AES_256_CBC_SHA,,20663031p.rfihub.com,False,True,CsxnGIi,"['6319fe60346fb81cd95b32cf612cd0a3a9c962907bbad4fe17ce3c85e44e1f66', '154c433c491929c5ef686e838e323664a00e6a0d822ccc958fb4dab03e49a08f']",[],1.0,0ffee3ba8e615ad22535e7f771690a28,0a917d753018dad73d9899ace370f8d8,,,10248.323417,10.0.2.15,52880,185.31.128.208,443,tcp,11.131949000000532,2037.0,4259.0,SF,True,False,0,ShADadfF,11,2485,12,4743,ssl,0
10248.451503,C4ATdq21WlAVwX1ka8,10.0.2.15,52879,52.85.185.214,443,TLSv12,TLS_ECDHE_RSA_WITH_AES_128_GCM_SHA256,secp256r1,js.adsrvr.org,False,True,CsxuknGIti,"['eb6a61e357a3b2f8e2ab4cc809f2088543de4475bcacfe6122f6dbe82d9b7c38', '58ea0688b7909aaa8eaaa2fff36f3bbe8f4a2ad03bd70243b3903469db4890f7']",[],1.0,0ffee3ba8e615ad22535e7f771690a28,76cc3e2d3028143b23ec18e27dbd7ca9,http/1.1,,10248.322496,10.0.2.15,52879,52.85.185.214,443,tcp,7.526756999999634,379.0,3994.0,SF,True,False,0,ShADadFf,10,787,10,4398,ssl,0
10248.312393,CSvr9E2X5whKt3Cli9,10.0.2.15,52873,38.65.20.28,443,TLSv12,TLS_RSA_WITH_AES_128_CBC_SHA,,a2.adform.net,False,True,CsxnGIti,"['c797ebebc4c6b85477e07004ca47b456ab2c29d706eabb0c9bbb1909c1a8e0d6', '074541ecdf88ed992ed5ade3ecddef27a26ba1b44480a195c0a8dadae2521d8e']",[],1.0,0ffee3ba8e615ad22535e7f771690a28,72f4dca7257e1f53d32a5c79b62173c7,http/1.1,,10247.750768,10.0.2.15,52873,38.65.20.28,443,tcp,20.202054999999746,1006.0,4334.0,SF,True,False,0,ShADadTFf,12,1495,13,4858,ssl,0
10248.672172,CNNisD3sJp3mRyMuv8,10.0.2.15,52877,63.215.202.68,443,TLSv12,TLS_RSA_WITH_3DES_EDE_CBC_SHA,,adfarm.mediaplex.com,False,True,CsxnGIi,"['d91585207b3a2df4560b2e7473c7b7b8540ccd2f030d0b914bea7d6a2101cb69', '0b339212d7cff17a2c59e35669b58e77350133750a78da9404770edd470def76']",[],1.0,0ffee3ba8e615ad22535e7f771690a28,66a6571ef756b3c9e82b3fd802bbcac2,,,10248.318919,10.0.2.15,52877,63.215.202.68,443,tcp,5.895486999999775,560.0,2746.0,SF,True,False,0,ShADadFf,9,928,9,3110,ssl,0
10249.065172,CkMFEo2L8HVygs8iS4,10.0.2.15,52876,38.65.20.28,443,TLSv12,TLS_RSA_WITH_AES_128_CBC_SHA,,a2.adform.net,False,True,CsxnGIti,"['c797ebebc4c6b85477e07004ca47b456ab2c29d706eabb0c9bbb1909c1a8e0d6', '074541ecdf88ed992ed5ade3ecddef27a26ba1b44480a195c0a8dadae2521d8e']",[],1.0,0ffee3ba8e615ad22535e7f771690a28,72f4dca7257e1f53d32a5c79b62173c7,http/1.1,,10248.317334,10.0.2.15,52876,38.65.20.28,443,tcp,7.610658999999941,585.0,3673.0,SF,True,False,0,ShADadFf,9,953,10,4077,ssl,0
10249.07343,C7FUTY3VupxBmKMnT6,10.0.2.15,52878,72.21.206.140,443,TLSv12,TLS_ECDHE_RSA_WITH_AES_128_GCM_SHA256,secp256r1,s.amazon-adsystem.com,False,True,CsxuknGIi,"['7aa9c626df008ae871a1102a89e399d8a8937c96bfc3007e75c63e21494df449', 'eae72eb454bf6c3977ebd289e970b2f5282949190093d0d26f98d0f0d6a9cf17']",[],1.0,0ffee3ba8e615ad22535e7f771690a28,2b1f517a72b7346c86d59ef328167d49,,,10248.32129,10.0.2.15,52878,72.21.206.140,443,tcp,108.09337600000072,1526.0,5833.0,SF,True,False,0,ShADadTTfF,23,2464,25,6837,ssl,0
10250.104016,COrr5tNqdwfFwNHza,10.0.2.15,52883,46.137.125.133,443,TLSv12,TLS_ECDHE_RSA_WITH_AES_128_GCM_SHA256,secp256r1,insight.adsrvr.org,False,True,CsxknGIi,"['eb6a61e357a3b2f8e2ab4cc809f2088543de4475bcacfe6122f6dbe82d9b7c38', '58ea0688b7909aaa8eaaa2fff36f3bbe8f4a2ad03bd70243b3903469db4890f7']",[],1.0,0ffee3ba8e615ad22535e7f771690a28,303951d4c50efb2e991652225a6f02b1,,,10249.310224,10.0.2.15,52883,46.137.125.133,443,tcp,103.25551399999858,6766.0,10764.0,SF,True,False,0,ShADadTFf,27,7863,32,12048,ssl,0
10251.241516,CW6fFVfTyZ2eICRA3,10.0.2.15,52886,72.21.206.140,443,TLSv12,TLS_ECDHE_RSA_WITH_AES_128_GCM_SHA256,,s.amazon-adsystem.com,True,True,CsiI,,,,0ffee3ba8e615ad22535e7f771690a28,c6227321ea7621862dc7b7351771a62c,,,10250.132579,10.0.2.15,52886,72.21.206.140,443,tcp,11.566071000001102,312.0,141.0,SF,True,False,0,ShADadFf,8,640,7,425,ssl,0
10253.371825,CT5q6k1mX4rJaUBan1,10.0.2.15,52896,54.192.93.180,443,TLSv12,TLS_ECDHE_RSA_WITH_AES_128_GCM_SHA256,secp256r1,image.roku.com,False,True,CsxuknGIti,"['99f50357399e2377cdaf919a243edf443307d5fcc4593a41220d402fd3e5cbc2', '154c433c491929c5ef686e838e323664a00e6a0d822ccc958fb4dab03e49a08f', '4348a0e9444c78cb265e058d5e8944b4d84f9662bd26db257f8934a443c70161']",[],1.0,0ffee3ba8e615ad22535e7f771690a28,76cc3e2d3028143b23ec18e27dbd7ca9,h2,,10252.884085,10.0.2.15,52896,54.192.93.180,443,tcp,7.121553000000858,1109.0,20579.0,SF,True,False,0,ShADadFf,20,1917,31,21823,ssl,0
10253.37314,CNGCFQ3kqfzTkOBxr1,10.0.2.15,52895,54.192.93.180,443,TLSv12,TLS_ECDHE_RSA_WITH_AES_128_GCM_SHA256,secp256r1,image.roku.com,False,True,CsxuknGIti,"['99f50357399e2377cdaf919a243edf443307d5fcc4593a41220d402fd3e5cbc2', '154c433c491929c5ef686e838e323664a00e6a0d822ccc958fb4dab03e49a08f', '4348a0e9444c78cb265e058d5e8944b4d84f9662bd26db257f8934a443c70161']",[],1.0,0ffee3ba8e615ad22535e7f771690a28,76cc3e2d3028143b23ec18e27dbd7ca9,h2,,10252.87266,10.0.2.15,52895,54.192.93.180,443,tcp,7.25479599999926,1109.0,15252.0,SF,True,False,0,ShADadFf,18,1837,26,16296,ssl,0
10253.375113,CqbWGoun0qY3CRyy8,10.0.2.15,52894,54.192.93.180,443,TLSv12,TLS_ECDHE_RSA_WITH_AES_128_GCM_SHA256,secp256r1,image.roku.com,False,True,CsxknGIti,"['99f50357399e2377cdaf919a243edf443307d5fcc4593a41220d402fd3e5cbc2', '154c433c491929c5ef686e838e323664a00e6a0d822ccc958fb4dab03e49a08f', '4348a0e9444c78cb265e058d5e8944b4d84f9662bd26db257f8934a443c70161']",[],1.0,0ffee3ba8e615ad22535e7f771690a28,b898351eb5e266aefd3723d466935494,h2,,10252.866916,10.0.2.15,52894,54.192.93.180,443,tcp,7.484477999998489,1110.0,45960.0,SF,True,False,0,ShADadFf,30,2318,60,48364,ssl,0
10253.375965,CZUcdg4XXCVLbTENgj,10.0.2.15,52893,54.192.93.180,443,TLSv12,TLS_ECDHE_RSA_WITH_AES_128_GCM_SHA256,secp256r1,image.roku.com,False,True,CsxknGIti,"['99f50357399e2377cdaf919a243edf443307d5fcc4593a41220d402fd3e5cbc2', '154c433c491929c5ef686e838e323664a00e6a0d822ccc958fb4dab03e49a08f', '4348a0e9444c78cb265e058d5e8944b4d84f9662bd26db257f8934a443c70161']",[],1.0,0ffee3ba8e615ad22535e7f771690a28,b898351eb5e266aefd3723d466935494,h2,,10252.862928,10.0.2.15,52893,54.192.93.180,443,tcp,7.619967999999062,1109.0,24117.0,SF,True,False,0,ShADadFf,21,1957,35,25521,ssl,0
10253.377263,Cl0RjG30ZLQLWjEFdh,10.0.2.15,52892,54.192.93.180,443,TLSv12,TLS_ECDHE_RSA_WITH_AES_128_GCM_SHA256,secp256r1,image.roku.com,False,True,CsxuknGIti,"['99f50357399e2377cdaf919a243edf443307d5fcc4593a41220d402fd3e5cbc2', '154c433c491929c5ef686e838e323664a00e6a0d822ccc958fb4dab03e49a08f', '4348a0e9444c78cb265e058d5e8944b4d84f9662bd26db257f8934a443c70161']",[],1.0,0ffee3ba8e615ad22535e7f771690a28,76cc3e2d3028143b23ec18e27dbd7ca9,h2,,10252.855699,10.0.2.15,52892,54.192.93.180,443,tcp,7.81297000000086,1110.0,19981.0,SF,True,False,0,ShADadFf,21,1958,32,21265,ssl,0
10253.381596,Cx8EOh34AMwyPVpQwj,10.0.2.15,52891,54.192.93.180,443,TLSv12,TLS_ECDHE_RSA_WITH_AES_128_GCM_SHA256,secp256r1,image.roku.com,False,True,CsxknGIti,"['99f50357399e2377cdaf919a243edf443307d5fcc4593a41220d402fd3e5cbc2', '154c433c491929c5ef686e838e323664a00e6a0d822ccc958fb4dab03e49a08f', '4348a0e9444c78cb265e058d5e8944b4d84f9662bd26db257f8934a443c70161']",[],1.0,0ffee3ba8e615ad22535e7f771690a28,b898351eb5e266aefd3723d466935494,h2,,10252.85008,10.0.2.15,52891,54.192.93.180,443,tcp,202.84058600000023,2038.0,146421.0,SF,True,False,0,ShADadFf,62,4526,153,152545,ssl,0
10255.175879,CwzERrj8FO83lJdx3,10.0.2.15,52897,52.85.189.191,443,TLSv12,TLS_ECDHE_RSA_WITH_AES_128_GCM_SHA256,,script.crazyegg.com,True,True,CsiI,,,,1a5fe5677b0e4fbbc854e8908225637d,d199ba0af2b08e204c73d6d81a1fd260,http/1.1,,10254.963782,10.0.2.15,52897,52.85.189.191,443,tcp,164.5398299999997,1297.0,5065.0,SF,True,False,0,ShADadTTfF,27,2400,30,6269,ssl,0
10257.819683,Cn0PD310agZOLrRE38,10.0.2.15,52904,52.28.153.152,443,TLSv12,TLS_ECDHE_RSA_WITH_AES_128_GCM_SHA256,secp256r1,t.myvisualiq.net,False,True,CsxknGIti,"['fe91e29980f948dadec7222d7cc8921d5d827d93449643d48965668007bc6d25', '02ab57e4e67a0cb48dd2ff34830e8ac40f4476fb08ca6be3f5cd846f646840f0', '4f32d5dc00f715250abcc486511e37f501a899deb3bf7ea8adbbd3aef1c412da']",[],1.0,0ffee3ba8e615ad22535e7f771690a28,ccc514751b175866924439bdbb5bba34,,,10255.589759,10.0.2.15,52904,52.28.153.152,443,tcp,116.83517699999902,2681.0,6920.0,RSTR,True,False,0,ShADadTRr,29,3858,30,8124,ssl,0
10257.821538,C3dSTj1Gs10gOgJhCb,10.0.2.15,52898,81.95.155.130,443,TLSv12,TLS_ECDHE_RSA_WITH_AES_128_GCM_SHA256,,tags.w55c.net,True,True,CsiI,,,,1a5fe5677b0e4fbbc854e8908225637d,fbe78c619e7ea20046131294ad087f05,,,10255.136589,10.0.2.15,52898,81.95.155.130,443,tcp,6.258654000001116,1271.0,795.0,SF,True,False,0,ShADadfF,9,1639,9,1159,ssl,0
10257.834269,CRXysg3dLI24GP8hql,10.0.2.15,52905,52.28.153.152,443,TLSv12,TLS_ECDHE_RSA_WITH_AES_128_GCM_SHA256,secp256r1,t.myvisualiq.net,False,True,CsxknGIti,"['fe91e29980f948dadec7222d7cc8921d5d827d93449643d48965668007bc6d25', '02ab57e4e67a0cb48dd2ff34830e8ac40f4476fb08ca6be3f5cd846f646840f0', '4f32d5dc00f715250abcc486511e37f501a899deb3bf7ea8adbbd3aef1c412da']",[],1.0,0ffee3ba8e615ad22535e7f771690a28,ccc514751b175866924439bdbb5bba34,,,10255.5907,10.0.2.15,52905,52.28.153.152,443,tcp,8.490293999999267,382.0,5009.0,SF,True,False,0,ShADadFf,10,790,11,5453,ssl,0
10257.826286,CqLTOIDNNTZKh3Ych,10.0.2.15,52903,185.57.60.186,443,TLSv12,TLS_ECDHE_ECDSA_WITH_AES_256_GCM_SHA384,secp256r1,tapestry.tapad.com,False,True,CsxknGIti,"['2e07c3eefcc0f914e58014ebb73641b122d04bc44d3fa4319f90ab3d10159da4', '93a07898d89b2cca166ba6f1f8a14138ce43828e491b831926bc8247d391cc72', '9f43d52e808c20aff69e02faac205aac684e6975213d6620fac64bde5fcab4bc', '1465fa205397b876faa6f0a9958e5590e40fcc7faa4fb7c2c8677521fb5fb658', '2e2861289b5ccedecae4c31bf262e0fb0c29b6c1530573442731ca65d821e901']",[],1.0,0ffee3ba8e615ad22535e7f771690a28,5590a2023cffab2c8ace569bfb23fab1,,,10255.588828,10.0.2.15,52903,185.57.60.186,443,tcp,10.98882500000036,865.0,7178.0,SF,True,False,0,ShADadfF,11,1313,15,7782,ssl,0
10257.82823,Cpsipw4eav1SbGJkFe,10.0.2.15,52902,185.57.60.186,443,TLSv12,TLS_ECDHE_ECDSA_WITH_AES_256_GCM_SHA384,secp256r1,tapestry.tapad.com,False,True,CsxknGIti,"['2e07c3eefcc0f914e58014ebb73641b122d04bc44d3fa4319f90ab3d10159da4', '93a07898d89b2cca166ba6f1f8a14138ce43828e491b831926bc8247d391cc72', '9f43d52e808c20aff69e02faac205aac684e6975213d6620fac64bde5fcab4bc', '1465fa205397b876faa6f0a9958e5590e40fcc7faa4fb7c2c8677521fb5fb658', '2e2861289b5ccedecae4c31bf262e0fb0c29b6c1530573442731ca65d821e901']",[],1.0,0ffee3ba8e615ad22535e7f771690a28,5590a2023cffab2c8ace569bfb23fab1,,,10255.587948,10.0.2.15,52902,185.57.60.186,443,tcp,10.988035000000307,1024.0,7296.0,SF,True,False,0,ShADadfF,12,1512,15,7900,ssl,0
10257.829285,CDN4qe3xWSE5ytdlP2,10.0.2.15,52901,52.28.153.152,443,TLSv12,TLS_ECDHE_RSA_WITH_AES_128_GCM_SHA256,secp256r1,t.myvisualiq.net,False,True,CsxknGIti,"['fe91e29980f948dadec7222d7cc8921d5d827d93449643d48965668007bc6d25', '02ab57e4e67a0cb48dd2ff34830e8ac40f4476fb08ca6be3f5cd846f646840f0', '4f32d5dc00f715250abcc486511e37f501a899deb3bf7ea8adbbd3aef1c412da']",[],1.0,0ffee3ba8e615ad22535e7f771690a28,ccc514751b175866924439bdbb5bba34,,,10255.587299,10.0.2.15,52901,52.28.153.152,443,tcp,116.8273109999991,3027.0,6929.0,RSTO,True,False,0,ShADadTR,27,4124,28,8053,ssl,0
10257.831287,CH5eVv4dZKdkL8Mfxj,10.0.2.15,52900,52.28.153.152,443,TLSv12,TLS_ECDHE_RSA_WITH_AES_128_GCM_SHA256,secp256r1,t.myvisualiq.net,False,True,CsxknGIti,"['fe91e29980f948dadec7222d7cc8921d5d827d93449643d48965668007bc6d25', '02ab57e4e67a0cb48dd2ff34830e8ac40f4476fb08ca6be3f5cd846f646840f0', '4f32d5dc00f715250abcc486511e37f501a899deb3bf7ea8adbbd3aef1c412da']",[],1.0,0ffee3ba8e615ad22535e7f771690a28,ccc514751b175866924439bdbb5bba34,,,10255.586738,10.0.2.15,52900,52.28.153.152,443,tcp,8.489826999999423,382.0,5009.0,SF,True,False,0,ShADadFf,11,830,13,5533,ssl,0
10257.832702,CFs2XHd6SUGMWitD4,10.0.2.15,52899,185.57.60.186,443,TLSv12,TLS_ECDHE_ECDSA_WITH_AES_256_GCM_SHA384,secp256r1,tapestry.tapad.com,False,True,CsxknGIti,"['2e07c3eefcc0f914e58014ebb73641b122d04bc44d3fa4319f90ab3d10159da4', '93a07898d89b2cca166ba6f1f8a14138ce43828e491b831926bc8247d391cc72', '9f43d52e808c20aff69e02faac205aac684e6975213d6620fac64bde5fcab4bc', '1465fa205397b876faa6f0a9958e5590e40fcc7faa4fb7c2c8677521fb5fb658', '2e2861289b5ccedecae4c31bf262e0fb0c29b6c1530573442731ca65d821e901']",[],1.0,0ffee3ba8e615ad22535e7f771690a28,5590a2023cffab2c8ace569bfb23fab1,,,10255.58589,10.0.2.15,52899,185.57.60.186,443,tcp,9.69224799999938,384.0,6519.0,SF,True,False,0,ShADadFf,11,832,13,7043,ssl,0
10262.620485,Cj4XyB4xOdbYlAv4pa,10.0.2.15,52909,52.85.185.214,443,TLSv12,TLS_ECDHE_RSA_WITH_AES_128_GCM_SHA256,,js.adsrvr.org,True,True,CsiI,,,,1a5fe5677b0e4fbbc854e8908225637d,d199ba0af2b08e204c73d6d81a1fd260,http/1.1,,10262.063754,10.0.2.15,52909,52.85.185.214,443,tcp,166.04253400000016,7286.0,2136.0,SF,True,False,0,ShADadTTfF,30,8509,31,3380,ssl,0
10262.621301,CXupni1FqyRrmrl7c7,10.0.2.15,52908,52.85.185.214,443,TLSv12,TLS_ECDHE_RSA_WITH_AES_128_GCM_SHA256,,js.adsrvr.org,True,True,CsiI,,,,1a5fe5677b0e4fbbc854e8908225637d,d199ba0af2b08e204c73d6d81a1fd260,http/1.1,,10262.063068,10.0.2.15,52908,52.85.185.214,443,tcp,7.996968999999808,599.0,156.0,SF,True,False,0,ShADadFf,8,927,7,440,ssl,0
10262.610227,CQClXc15QgxDpfdwld,10.0.2.15,52913,52.216.17.48,443,TLSv12,TLS_ECDHE_RSA_WITH_AES_128_GCM_SHA256,secp256r1,gtrk.s3.amazonaws.com,False,True,CsxknGIi,"['659a3d7684850e6d664f5131f9f8765469b9c7017b7a0e206f8c1c9445cb1c69', 'f9690880819f06cdcc0b2f224b207f2af6003fb57339b8679a160fa95208d62d']",[],1.0,0ffee3ba8e615ad22535e7f771690a28,ea615e28cb25adfb2f261151eab3314f,,,10262.066862,10.0.2.15,52913,52.216.17.48,443,tcp,10.801550000000134,641.0,3485.0,SF,True,False,0,ShADadFf,12,1129,14,4049,ssl,0
10262.616398,Coron81z1OVPZuzoPf,10.0.2.15,52912,52.216.17.48,443,TLSv12,TLS_ECDHE_RSA_WITH_AES_128_GCM_SHA256,secp256r1,gtrk.s3.amazonaws.com,False,True,CsxknGIi,"['659a3d7684850e6d664f5131f9f8765469b9c7017b7a0e206f8c1c9445cb1c69', 'f9690880819f06cdcc0b2f224b207f2af6003fb57339b8679a160fa95208d62d']",[],1.0,0ffee3ba8e615ad22535e7f771690a28,ea615e28cb25adfb2f261151eab3314f,,,10262.066115,10.0.2.15,52912,52.216.17.48,443,tcp,10.85309899999993,641.0,3485.0,SF,True,False,0,ShADadFf,13,1169,15,4089,ssl,0
10262.618792,CW80i128jLBqSOZxL8,10.0.2.15,52911,52.216.17.48,443,TLSv12,TLS_ECDHE_RSA_WITH_AES_128_GCM_SHA256,secp256r1,gtrk.s3.amazonaws.com,False,True,CsxknGIi,"['659a3d7684850e6d664f5131f9f8765469b9c7017b7a0e206f8c1c9445cb1c69', 'f9690880819f06cdcc0b2f224b207f2af6003fb57339b8679a160fa95208d62d']",[],1.0,0ffee3ba8e615ad22535e7f771690a28,ea615e28cb25adfb2f261151eab3314f,,,10262.064804,10.0.2.15,52911,52.216.17.48,443,tcp,8.084372999999687,355.0,3040.0,SF,True,False,0,ShADadFfRr,11,803,13,3564,ssl,0
10262.619799,CdgqZM3tPGD1M2fX91,10.0.2.15,52910,52.216.17.48,443,TLSv12,TLS_ECDHE_RSA_WITH_AES_128_GCM_SHA256,secp256r1,gtrk.s3.amazonaws.com,False,True,CsxknGIi,"['659a3d7684850e6d664f5131f9f8765469b9c7017b7a0e206f8c1c9445cb1c69', 'f9690880819f06cdcc0b2f224b207f2af6003fb57339b8679a160fa95208d62d']",[],1.0,0ffee3ba8e615ad22535e7f771690a28,ea615e28cb25adfb2f261151eab3314f,,,10262.064304,10.0.2.15,52910,52.216.17.48,443,tcp,8.08054600000105,355.0,3040.0,SF,True,False,0,ShADadFfRr,11,803,13,3564,ssl,0
10263.840067,C1QryHxambXLKVIUb,10.0.2.15,52914,199.16.156.73,443,TLSv12,TLS_ECDHE_RSA_WITH_AES_128_GCM_SHA256,secp256r1,analytics.twitter.com,False,True,CsxknGIti,"['d73ceb7605c00e14e0bb87516ddc2a48c8ba71d10920ec2c7d6680c42d3cdba0', '19400be5b7a31fb733917700789d2f0a2471c0c9d506c0e504c06c16d7cb17c0']",[],1.0,0ffee3ba8e615ad22535e7f771690a28,8d2a028aa94425f76ced7826b1f39039,h2,,10263.462849,10.0.2.15,52914,199.16.156.73,443,tcp,208.27727700000105,1209.0,4841.0,SF,True,False,0,ShADadFfRr,22,2097,25,5845,ssl,0
10265.775893,COIuHy1FaPZt7Qa8Yf,10.0.2.15,52924,52.18.40.183,443,TLSv12,TLS_ECDHE_RSA_WITH_AES_128_GCM_SHA256,secp256r1,bcp.crwdcntrl.net,False,True,CsxknGIi,"['131513af4a65033acc7234be892849a35819b02b70aba4c428c133a0a88fdd2e', '973a41276ffd01e027a2aad49e34c37846d3e976ff6a620b6712e33832041aa6', '3a2fbe92891e57fe05d57087f48e730f17e5a5f53ef403d618e5b74d7a7e6ecb', 'c3846bf24b9e93ca64274c0ec67c1ecc5e024ffcacd2d74019350e81fe546ae4']",[],1.0,0ffee3ba8e615ad22535e7f771690a28,303951d4c50efb2e991652225a6f02b1,,,10265.300023,10.0.2.15,52924,52.18.40.183,443,tcp,115.8678660000005,5415.0,5967.0,SF,True,False,0,ShADadTTFf,27,6514,28,7091,ssl,0
10265.778926,CTLChu1RZf0JMbUB82,10.0.2.15,52923,54.152.196.22,443,TLSv12,TLS_ECDHE_RSA_WITH_AES_128_GCM_SHA256,secp256r1,idsync.rlcdn.com,False,True,CsxknGIi,"['7c75ac9ac997d5af7e63eee4070015e373d07d15fa206505a14434fb86a90686', '973a41276ffd01e027a2aad49e34c37846d3e976ff6a620b6712e33832041aa6', '3a2fbe92891e57fe05d57087f48e730f17e5a5f53ef403d618e5b74d7a7e6ecb', 'c3846bf24b9e93ca64274c0ec67c1ecc5e024ffcacd2d74019350e81fe546ae4']",[],1.0,0ffee3ba8e615ad22535e7f771690a28,303951d4c50efb2e991652225a6f02b1,,,10265.296466,10.0.2.15,52923,54.152.196.22,443,tcp,115.9286229999998,2592.0,7703.0,SF,True,False,0,ShADadTTFf,24,3570,25,8707,ssl,0
10266.129337,CxmsSc1IKR8ybnRelh,10.0.2.15,52916,52.18.40.183,443,TLSv12,TLS_ECDHE_RSA_WITH_AES_128_GCM_SHA256,secp256r1,bcp.crwdcntrl.net,False,True,CsxknGIi,"['131513af4a65033acc7234be892849a35819b02b70aba4c428c133a0a88fdd2e', '973a41276ffd01e027a2aad49e34c37846d3e976ff6a620b6712e33832041aa6', '3a2fbe92891e57fe05d57087f48e730f17e5a5f53ef403d618e5b74d7a7e6ecb', 'c3846bf24b9e93ca64274c0ec67c1ecc5e024ffcacd2d74019350e81fe546ae4']",[],1.0,0ffee3ba8e615ad22535e7f771690a28,303951d4c50efb2e991652225a6f02b1,,,10265.2605,10.0.2.15,52916,52.18.40.183,443,tcp,9.55170299999918,351.0,5299.0,RSTO,True,False,0,ShADadFR,10,759,11,5743,ssl,0
10266.131321,C70O3T3eqD3YVDjTi7,10.0.2.15,52915,54.152.196.22,443,TLSv12,TLS_ECDHE_RSA_WITH_AES_128_GCM_SHA256,secp256r1,idsync.rlcdn.com,False,True,CsxknGIi,"['7c75ac9ac997d5af7e63eee4070015e373d07d15fa206505a14434fb86a90686', '973a41276ffd01e027a2aad49e34c37846d3e976ff6a620b6712e33832041aa6', '3a2fbe92891e57fe05d57087f48e730f17e5a5f53ef403d618e5b74d7a7e6ecb', 'c3846bf24b9e93ca64274c0ec67c1ecc5e024ffcacd2d74019350e81fe546ae4']",[],1.0,0ffee3ba8e615ad22535e7f771690a28,303951d4c50efb2e991652225a6f02b1,,,10265.257743,10.0.2.15,52915,54.152.196.22,443,tcp,9.68307300000015,350.0,5275.0,SF,True,False,0,ShADadFfRr,11,798,14,5839,ssl,0
10266.565499,Ce6iIRExUa8WiK1U5,10.0.2.15,52925,195.149.84.100,443,TLSv12,TLS_ECDHE_RSA_WITH_AES_256_GCM_SHA384,secp256r1,wn.com,False,True,CsxknGIti,"['336979a2ab5d06b07c45f8b6ad4d46c17076dd6843d88b3ee750d080d51ef357', '154c433c491929c5ef686e838e323664a00e6a0d822ccc958fb4dab03e49a08f']",[],1.0,0ffee3ba8e615ad22535e7f771690a28,a39e18564e32e1822751c4af0bfba817,http/1.1,,10266.132983,10.0.2.15,52925,195.149.84.100,443,tcp,15.549549999999726,701.0,64989.0,SF,True,False,0,ShADadfF,24,1669,66,67633,ssl,0
10268.170167,CfXses1UGpJD8u7CQe,10.0.2.15,52931,209.197.3.16,443,TLSv12,TLS_ECDHE_RSA_WITH_AES_128_GCM_SHA256,secp256r1,cdn5.userzoom.com,False,True,CsxuknGIti,"['0a6738ace273fd31ff9d892b6a9eb874a7eb104f911e80ba317cf073b880af31', '403e062a2653059113285baf80a0d4ae422c848c9f78fad01fc94bc5b87fef1a']",[],1.0,0ffee3ba8e615ad22535e7f771690a28,a9f50de6377ae7c6dbaabc53f089ac30,,,10267.85796,10.0.2.15,52931,209.197.3.16,443,tcp,10.870716999999786,1021.0,17538.0,SF,True,False,0,ShADadfF,15,1629,26,18582,ssl,0
10269.660523,CXM33d3pV0QyLwGSTb,10.0.2.15,52932,209.197.3.16,443,TLSv12,TLS_ECDHE_RSA_WITH_AES_128_GCM_SHA256,,cdn5.userzoom.com,True,True,CsiI,,,,1a5fe5677b0e4fbbc854e8908225637d,c6227321ea7621862dc7b7351771a62c,,,10268.939783,10.0.2.15,52932,209.197.3.16,443,tcp,4.7184720000004745,568.0,172.0,SF,True,False,0,ShADadfF,7,856,7,456,ssl,0
10271.23161,C2FeWS1yuNDaIQhUZi,10.0.2.15,52938,192.229.133.115,443,TLSv12,TLS_ECDHE_RSA_WITH_AES_128_GCM_SHA256,secp256r1,cdn4.wn.com,False,True,CsxuknGIti,"['336979a2ab5d06b07c45f8b6ad4d46c17076dd6843d88b3ee750d080d51ef357', '154c433c491929c5ef686e838e323664a00e6a0d822ccc958fb4dab03e49a08f']",[],1.0,0ffee3ba8e615ad22535e7f771690a28,49b45fc1ab090aa3a159778313fc9b9e,h2,,10271.035825,10.0.2.15,52938,192.229.133.115,443,tcp,7.722545999999056,345.0,4265.0,SF,True,False,0,ShADadFfRr,11,793,14,4829,ssl,0
10271.425003,C43qwz1hnHh8Hd8WXg,10.0.2.15,52937,192.229.133.115,443,TLSv12,TLS_ECDHE_RSA_WITH_AES_128_GCM_SHA256,secp256r1,cdn2.wn.com,False,True,CsxuknGIti,"['336979a2ab5d06b07c45f8b6ad4d46c17076dd6843d88b3ee750d080d51ef357', '154c433c491929c5ef686e838e323664a00e6a0d822ccc958fb4dab03e49a08f']",[],1.0,0ffee3ba8e615ad22535e7f771690a28,49b45fc1ab090aa3a159778313fc9b9e,h2,,10271.03535,10.0.2.15,52937,192.229.133.115,443,tcp,7.723065000000133,345.0,4265.0,SF,True,False,0,ShADadFfRr,10,753,13,4789,ssl,0
10271.627842,CzfltZ2QMtdxk3DtHa,10.0.2.15,52936,192.229.133.115,443,TLSv12,TLS_ECDHE_RSA_WITH_AES_128_GCM_SHA256,secp256r1,cdn6.wn.com,False,True,CsxuknGIti,"['336979a2ab5d06b07c45f8b6ad4d46c17076dd6843d88b3ee750d080d51ef357', '154c433c491929c5ef686e838e323664a00e6a0d822ccc958fb4dab03e49a08f']",[],1.0,0ffee3ba8e615ad22535e7f771690a28,49b45fc1ab090aa3a159778313fc9b9e,h2,,10271.034731,10.0.2.15,52936,192.229.133.115,443,tcp,7.732138999999734,345.0,4265.0,SF,True,False,0,ShADadFfRr,11,793,13,4789,ssl,0
10271.823552,CPpM03uv04iRyEI68,10.0.2.15,52935,192.229.133.115,443,TLSv12,TLS_ECDHE_RSA_WITH_AES_128_GCM_SHA256,secp256r1,cdn3.wn.com,False,True,CsxuknGIti,"['336979a2ab5d06b07c45f8b6ad4d46c17076dd6843d88b3ee750d080d51ef357', '154c433c491929c5ef686e838e323664a00e6a0d822ccc958fb4dab03e49a08f']",[],1.0,0ffee3ba8e615ad22535e7f771690a28,49b45fc1ab090aa3a159778313fc9b9e,h2,,10271.034318,10.0.2.15,52935,192.229.133.115,443,tcp,7.735835999999836,345.0,4265.0,SF,True,False,0,ShADadFfRr,11,793,13,4789,ssl,0
10271.983217,C6895e3oHDSJuB4Yqi,10.0.2.15,52934,192.229.133.115,443,TLSv12,TLS_ECDHE_RSA_WITH_AES_128_GCM_SHA256,secp256r1,cdn9.wn.com,False,True,CsxuknGIti,"['336979a2ab5d06b07c45f8b6ad4d46c17076dd6843d88b3ee750d080d51ef357', '154c433c491929c5ef686e838e323664a00e6a0d822ccc958fb4dab03e49a08f']",[],1.0,0ffee3ba8e615ad22535e7f771690a28,49b45fc1ab090aa3a159778313fc9b9e,h2,,10271.033887,10.0.2.15,52934,192.229.133.115,443,tcp,7.736311000000569,345.0,4265.0,SF,True,False,0,ShADadFfRr,11,793,13,4789,ssl,0
10272.173915,CvdHQz4qzgz0tTr3zk,10.0.2.15,52933,192.229.133.115,443,TLSv12,TLS_ECDHE_RSA_WITH_AES_128_GCM_SHA256,secp256r1,cdn9.wn.com,False,True,CsxuknGIti,"['336979a2ab5d06b07c45f8b6ad4d46c17076dd6843d88b3ee750d080d51ef357', '154c433c491929c5ef686e838e323664a00e6a0d822ccc958fb4dab03e49a08f']",[],1.0,0ffee3ba8e615ad22535e7f771690a28,49b45fc1ab090aa3a159778313fc9b9e,h2,,10271.033462,10.0.2.15,52933,192.229.133.115,443,tcp,7.736783000000287,345.0,4265.0,SF,True,False,0,ShADadFfRr,11,793,13,4789,ssl,0
10271.228569,CINxP91GRYTft7Jvrd,10.0.2.15,52940,192.229.133.115,443,TLSv12,TLS_ECDHE_RSA_WITH_AES_128_GCM_SHA256,secp256r1,cdn9.wn.com,False,True,CsxuknGIti,"['336979a2ab5d06b07c45f8b6ad4d46c17076dd6843d88b3ee750d080d51ef357', '154c433c491929c5ef686e838e323664a00e6a0d822ccc958fb4dab03e49a08f']",[],1.0,0ffee3ba8e615ad22535e7f771690a28,49b45fc1ab090aa3a159778313fc9b9e,h2,,10271.036869,10.0.2.15,52940,192.229.133.115,443,tcp,325.8789390000002,19383.0,4721212.0,SF,True,False,0,ShADadWWtfF,802,51471,3619,4878756,ssl,0
10271.230907,C2NEPj3zD1bg8Hr8g2,10.0.2.15,52939,192.229.133.115,443,TLSv12,TLS_ECDHE_RSA_WITH_AES_128_GCM_SHA256,secp256r1,cdn9.wn.com,False,True,CsxuknGIti,"['336979a2ab5d06b07c45f8b6ad4d46c17076dd6843d88b3ee750d080d51ef357', '154c433c491929c5ef686e838e323664a00e6a0d822ccc958fb4dab03e49a08f']",[],1.0,0ffee3ba8e615ad22535e7f771690a28,49b45fc1ab090aa3a159778313fc9b9e,h2,,10271.036356,10.0.2.15,52939,192.229.133.115,443,tcp,6.573398999998972,793.0,186598.0,SF,True,False,0,ShADadtfF,56,3041,154,194182,ssl,0
10272.748178,CD8RVKVBhLEHVY2P1,10.0.2.15,52941,198.232.125.113,443,TLSv12,TLS_ECDHE_RSA_WITH_AES_128_GCM_SHA256,secp256r1,code.jquery.com,False,True,CsxuknGIti,"['7b63a6dc9511ee7cdbf74a01a00ec40c9d2c39e68a61a90607ff590740ab369a', 'ee793643199474ed60efdc8ccde4d37445921683593aa751bbf8ee491a391e97', 'ebd41040e4bb3ec742c9e381d31ef2a41a48b6685c96e7cef3c1df6cd4331c99']",[],1.0,0ffee3ba8e615ad22535e7f771690a28,49b45fc1ab090aa3a159778313fc9b9e,h2,,10271.071393,10.0.2.15,52941,198.232.125.113,443,tcp,200.77341700000036,953.0,165380.0,SF,True,False,0,ShADadFf,41,2601,147,171264,ssl,0
10272.751002,CJL1eFuZ6QjKW6Mnl,10.0.2.15,52947,146.0.233.139,443,TLSv12,TLS_ECDHE_RSA_WITH_AES_128_GCM_SHA256,secp256r1,cdn.onthe.io,False,True,CsxknGIti,"['611d21d4a71038d16b9154ad218e72846e82be99132c8a872407a97e7f391fa3', 'e6683e88315cd1cb403c0cea490f7c4b4c82c91cd485037489aadbaa90839f61']",[],1.0,0ffee3ba8e615ad22535e7f771690a28,b898351eb5e266aefd3723d466935494,h2,,10271.102611,10.0.2.15,52947,146.0.233.139,443,tcp,10.737068999998884,745.0,3336.0,SF,True,False,0,ShADadfF,13,1273,15,3940,ssl,0
10272.711541,C0G0kkunSTQKcbs5e,10.0.2.15,52946,54.192.93.5,443,TLSv12,TLS_ECDHE_RSA_WITH_AES_128_GCM_SHA256,secp256r1,widgetcdn.chartiq.com,False,True,CsxuknGIti,"['63d8bcf554ea4d46a841494de8162d1eb2bfcf67de54a3e2f67e4a894ad3525a', 'f55f9ffcb83c73453261601c7e044db15a0f034b93c05830f28635ef889cf670', '87dcd4dc74640a322cd205552506d1be64f12596258096544986b4850bc72706', '28689b30e4c306aab53b027b29e36ad6dd1dcf4b953994482ca84bdc1ecac996']",[],1.0,0ffee3ba8e615ad22535e7f771690a28,76cc3e2d3028143b23ec18e27dbd7ca9,http/1.1,,10271.097759,10.0.2.15,52946,54.192.93.5,443,tcp,125.66259999999966,629.0,12721.0,SF,True,False,0,ShADadTTfF,22,1528,28,13845,ssl,0
10272.724879,CcZBjW2jybIgLnu6Ti,10.0.2.15,52945,192.229.133.115,443,TLSv12,TLS_ECDHE_RSA_WITH_AES_128_GCM_SHA256,secp256r1,cdn7.wn.com,False,True,CsxuknGIti,"['336979a2ab5d06b07c45f8b6ad4d46c17076dd6843d88b3ee750d080d51ef357', '154c433c491929c5ef686e838e323664a00e6a0d822ccc958fb4dab03e49a08f']",[],1.0,0ffee3ba8e615ad22535e7f771690a28,49b45fc1ab090aa3a159778313fc9b9e,h2,,10271.085201,10.0.2.15,52945,192.229.133.115,443,tcp,67.36062800000036,540.0,4265.0,SF,True,False,0,ShADadfF,11,988,12,4749,ssl,0
10272.728349,CqdGwJ3XTGv6a2H6c,10.0.2.15,52944,192.229.133.115,443,TLSv12,TLS_ECDHE_RSA_WITH_AES_128_GCM_SHA256,secp256r1,cdn.wn.com,False,True,CsxuknGIti,"['336979a2ab5d06b07c45f8b6ad4d46c17076dd6843d88b3ee750d080d51ef357', '154c433c491929c5ef686e838e323664a00e6a0d822ccc958fb4dab03e49a08f']",[],1.0,0ffee3ba8e615ad22535e7f771690a28,49b45fc1ab090aa3a159778313fc9b9e,h2,,10271.074659,10.0.2.15,52944,192.229.133.115,443,tcp,67.37412199999926,539.0,4265.0,SF,True,False,0,ShADadfF,11,987,13,4789,ssl,0
10272.743276,CvRIz04tYBHmCTVOY1,10.0.2.15,52943,192.229.133.115,443,TLSv12,TLS_ECDHE_RSA_WITH_AES_128_GCM_SHA256,secp256r1,cdn1.wn.com,False,True,CsxuknGIti,"['336979a2ab5d06b07c45f8b6ad4d46c17076dd6843d88b3ee750d080d51ef357', '154c433c491929c5ef686e838e323664a00e6a0d822ccc958fb4dab03e49a08f']",[],1.0,0ffee3ba8e615ad22535e7f771690a28,49b45fc1ab090aa3a159778313fc9b9e,h2,,10271.072723,10.0.2.15,52943,192.229.133.115,443,tcp,67.38528100000076,540.0,4265.0,SF,True,False,0,ShADadfF,11,988,12,4749,ssl,0
10272.747032,CMiDP12u7DSsvH87H4,10.0.2.15,52942,192.229.133.115,443,TLSv12,TLS_ECDHE_RSA_WITH_AES_128_GCM_SHA256,secp256r1,cdn5.wn.com,False,True,CsxuknGIti,"['336979a2ab5d06b07c45f8b6ad4d46c17076dd6843d88b3ee750d080d51ef357', '154c433c491929c5ef686e838e323664a00e6a0d822ccc958fb4dab03e49a08f']",[],1.0,0ffee3ba8e615ad22535e7f771690a28,49b45fc1ab090aa3a159778313fc9b9e,h2,,10271.071978,10.0.2.15,52942,192.229.133.115,443,tcp,67.38416700000016,540.0,4265.0,SF,True,False,0,ShADadfF,11,988,13,4789,ssl,0
10282.51666,ChFmM72Zj5RkFK34Qe,10.0.2.15,52951,172.217.23.238,443,TLSv12,TLS_ECDHE_ECDSA_WITH_AES_128_GCM_SHA256,x25519,i.ytimg.com,False,True,CsxknGIti,"['11ddd329046367c19b32ffdb02ed308de129de4d6ffcf95856d7bd6a7accfba9', '9f630426df1d8abfd80ace98871ba833ab9742cb34838de2b5285ed54c0c7dcc', '3c35cc963eb004451323d3275d05b353235053490d9cd83729a2faf5e7ca1cc0']",[],1.0,0ffee3ba8e615ad22535e7f771690a28,84480cf8cf0e732666092640e581e1a5,h2,,10278.867035,10.0.2.15,52951,172.217.23.238,443,tcp,19.278135000000475,524.0,4405.0,SF,True,False,0,ShADadFf,12,1012,13,4929,ssl,0
10282.940246,CBn38d3Sin8NvHK1fg,10.0.2.15,52959,192.229.133.115,443,TLSv12,TLS_ECDHE_RSA_WITH_AES_128_GCM_SHA256,secp256r1,cdn0.wn.com,False,True,CsxuknGIti,"['336979a2ab5d06b07c45f8b6ad4d46c17076dd6843d88b3ee750d080d51ef357', '154c433c491929c5ef686e838e323664a00e6a0d822ccc958fb4dab03e49a08f']",[],1.0,0ffee3ba8e615ad22535e7f771690a28,49b45fc1ab090aa3a159778313fc9b9e,h2,,10281.468937,10.0.2.15,52959,192.229.133.115,443,tcp,6.826081000001068,494.0,4265.0,SF,True,False,0,ShADadfF,10,902,11,4709,ssl,0
10282.519274,C9I7Cj1wYuCRiqoerd,10.0.2.15,52950,172.217.23.238,443,TLSv12,TLS_ECDHE_ECDSA_WITH_AES_128_GCM_SHA256,x25519,i.ytimg.com,False,True,CsxknGIti,"['11ddd329046367c19b32ffdb02ed308de129de4d6ffcf95856d7bd6a7accfba9', '9f630426df1d8abfd80ace98871ba833ab9742cb34838de2b5285ed54c0c7dcc', '3c35cc963eb004451323d3275d05b353235053490d9cd83729a2faf5e7ca1cc0']",[],1.0,0ffee3ba8e615ad22535e7f771690a28,84480cf8cf0e732666092640e581e1a5,h2,,10278.86615,10.0.2.15,52950,172.217.23.238,443,tcp,19.26622700000007,524.0,4406.0,SF,True,False,0,ShADadFf,12,1012,12,4890,ssl,0
10282.56241,CTMr2F2kKtO3AET37k,10.0.2.15,52949,146.20.93.43,443,TLSv12,TLS_ECDHE_RSA_WITH_AES_256_CBC_SHA,,owner.roku.com,True,True,CsiI,,,,0ffee3ba8e615ad22535e7f771690a28,96c9f2048f1e949c8bb9ad97c36c9eea,,,10278.465719,10.0.2.15,52949,146.20.93.43,443,tcp,11.66427300000032,351.0,165.0,SF,True,False,0,ShADadFf,8,679,7,449,ssl,0
10282.552286,CAvEXU2sjMQsYiLUD,10.0.2.15,52958,192.229.133.115,443,TLSv12,TLS_ECDHE_RSA_WITH_AES_128_GCM_SHA256,secp256r1,cdn0.wn.com,False,True,CsxuknGIti,"['336979a2ab5d06b07c45f8b6ad4d46c17076dd6843d88b3ee750d080d51ef357', '154c433c491929c5ef686e838e323664a00e6a0d822ccc958fb4dab03e49a08f']",[],1.0,0ffee3ba8e615ad22535e7f771690a28,49b45fc1ab090aa3a159778313fc9b9e,h2,,10281.46498,10.0.2.15,52958,192.229.133.115,443,tcp,6.82948899999974,494.0,4265.0,SF,True,False,0,ShADadfF,10,902,11,4709,ssl,0
10282.564782,Cem72P2PevLANGz2a,10.0.2.15,52957,192.229.133.115,443,TLSv12,TLS_ECDHE_RSA_WITH_AES_128_GCM_SHA256,secp256r1,cdn8.wn.com,False,True,CsxuknGIti,"['336979a2ab5d06b07c45f8b6ad4d46c17076dd6843d88b3ee750d080d51ef357', '154c433c491929c5ef686e838e323664a00e6a0d822ccc958fb4dab03e49a08f']",[],1.0,0ffee3ba8e615ad22535e7f771690a28,49b45fc1ab090aa3a159778313fc9b9e,h2,,10281.457903,10.0.2.15,52957,192.229.133.115,443,tcp,6.818400000000111,494.0,4265.0,SF,True,False,0,ShADadfF,10,902,12,4749,ssl,0
10282.573486,CKbTyO2GDPdUlRErZ4,10.0.2.15,52952,172.217.23.238,443,TLSv12,TLS_ECDHE_ECDSA_WITH_AES_128_GCM_SHA256,x25519,i.ytimg.com,False,True,CsxknGIti,"['11ddd329046367c19b32ffdb02ed308de129de4d6ffcf95856d7bd6a7accfba9', '9f630426df1d8abfd80ace98871ba833ab9742cb34838de2b5285ed54c0c7dcc', '3c35cc963eb004451323d3275d05b353235053490d9cd83729a2faf5e7ca1cc0']",[],1.0,0ffee3ba8e615ad22535e7f771690a28,84480cf8cf0e732666092640e581e1a5,h2,,10278.867502,10.0.2.15,52952,172.217.23.238,443,tcp,19.2394830000012,524.0,4406.0,SF,True,False,0,ShADadFf,12,1012,13,4930,ssl,0
10282.576425,CMqrR72dTWApDWnch6,10.0.2.15,52955,172.217.23.238,443,TLSv12,TLS_ECDHE_ECDSA_WITH_AES_128_GCM_SHA256,x25519,i.ytimg.com,False,True,CsxknGIti,"['11ddd329046367c19b32ffdb02ed308de129de4d6ffcf95856d7bd6a7accfba9', '9f630426df1d8abfd80ace98871ba833ab9742cb34838de2b5285ed54c0c7dcc', '3c35cc963eb004451323d3275d05b353235053490d9cd83729a2faf5e7ca1cc0']",[],1.0,0ffee3ba8e615ad22535e7f771690a28,84480cf8cf0e732666092640e581e1a5,h2,,10278.873719,10.0.2.15,52955,172.217.23.238,443,tcp,19.230321000000917,524.0,4407.0,SF,True,False,0,ShADadFf,12,1012,13,4931,ssl,0
10282.583304,CnS0Dl2XxqwLecQqy3,10.0.2.15,52956,192.229.133.115,443,TLSv12,TLS_ECDHE_RSA_WITH_AES_128_GCM_SHA256,secp256r1,cdn8.wn.com,False,True,CsxuknGIti,"['336979a2ab5d06b07c45f8b6ad4d46c17076dd6843d88b3ee750d080d51ef357', '154c433c491929c5ef686e838e323664a00e6a0d822ccc958fb4dab03e49a08f']",[],1.0,0ffee3ba8e615ad22535e7f771690a28,49b45fc1ab090aa3a159778313fc9b9e,h2,,10281.457372,10.0.2.15,52956,192.229.133.115,443,tcp,6.809008999998696,494.0,4265.0,SF,True,False,0,ShADadfF,10,902,11,4709,ssl,0
10282.585261,CEYDCN1xJvCXCTBf4,10.0.2.15,52954,172.217.23.238,443,TLSv12,TLS_ECDHE_ECDSA_WITH_AES_128_GCM_SHA256,x25519,i.ytimg.com,False,True,CsxknGIti,"['11ddd329046367c19b32ffdb02ed308de129de4d6ffcf95856d7bd6a7accfba9', '9f630426df1d8abfd80ace98871ba833ab9742cb34838de2b5285ed54c0c7dcc', '3c35cc963eb004451323d3275d05b353235053490d9cd83729a2faf5e7ca1cc0']",[],1.0,0ffee3ba8e615ad22535e7f771690a28,84480cf8cf0e732666092640e581e1a5,h2,,10278.873227,10.0.2.15,52954,172.217.23.238,443,tcp,19.221960999999283,524.0,4406.0,SF,True,False,0,ShADadFf,12,1012,12,4890,ssl,0
10282.914587,CRJz1u3jNo9cJVgzFc,10.0.2.15,52960,151.101.112.207,443,TLSv12,TLS_ECDHE_RSA_WITH_AES_128_GCM_SHA256,,js-agent.newrelic.com,True,True,CsiI,,,,1a5fe5677b0e4fbbc854e8908225637d,1d0e57c6ae42e9204defa51e5e1cdc4c,http/1.1,,10281.469551,10.0.2.15,52960,151.101.112.207,443,tcp,129.57964700000048,1033.0,554.0,RSTO,True,False,0,ShADadTTFR,22,1933,21,1398,ssl,0
10282.591338,CoclMn3Si9a5NXkczc,10.0.2.15,52953,172.217.23.238,443,TLSv12,TLS_ECDHE_ECDSA_WITH_AES_128_GCM_SHA256,x25519,i.ytimg.com,False,True,CsxknGIti,"['11ddd329046367c19b32ffdb02ed308de129de4d6ffcf95856d7bd6a7accfba9', '9f630426df1d8abfd80ace98871ba833ab9742cb34838de2b5285ed54c0c7dcc', '3c35cc963eb004451323d3275d05b353235053490d9cd83729a2faf5e7ca1cc0']",[],1.0,0ffee3ba8e615ad22535e7f771690a28,84480cf8cf0e732666092640e581e1a5,h2,,10278.872315,10.0.2.15,52953,172.217.23.238,443,tcp,19.207287999999608,524.0,4406.0,SF,True,False,0,ShADadFf,12,1012,13,4930,ssl,0
10282.604461,C8DCpp332njW6dG3Gk,10.0.2.15,52961,54.192.93.200,443,TLSv12,TLS_ECDHE_RSA_WITH_AES_128_GCM_SHA256,secp256r1,display.ugc.bazaarvoice.com,False,True,CsxuknGIti,"['fa85e72411d7b7af3a74e74f013e3ac4a1440802239cb3ba90d4557e9d2b5044', 'f55f9ffcb83c73453261601c7e044db15a0f034b93c05830f28635ef889cf670', '87dcd4dc74640a322cd205552506d1be64f12596258096544986b4850bc72706', '28689b30e4c306aab53b027b29e36ad6dd1dcf4b953994482ca84bdc1ecac996']",[],1.0,0ffee3ba8e615ad22535e7f771690a28,76cc3e2d3028143b23ec18e27dbd7ca9,h2,,10281.470102,10.0.2.15,52961,54.192.93.200,443,tcp,242.59339400000133,1530.0,328656.0,SF,True,False,0,ShADadFf,68,4258,276,339700,ssl,0
10285.908963,CZ0XCP28ZImpP6QqEf,10.0.2.15,52965,172.217.23.238,443,TLSv12,TLS_ECDHE_ECDSA_WITH_AES_128_GCM_SHA256,x25519,i.ytimg.com,False,True,CsxknGIti,"['11ddd329046367c19b32ffdb02ed308de129de4d6ffcf95856d7bd6a7accfba9', '9f630426df1d8abfd80ace98871ba833ab9742cb34838de2b5285ed54c0c7dcc', '3c35cc963eb004451323d3275d05b353235053490d9cd83729a2faf5e7ca1cc0']",[],1.0,0ffee3ba8e615ad22535e7f771690a28,84480cf8cf0e732666092640e581e1a5,h2,,10283.338258,10.0.2.15,52965,172.217.23.238,443,tcp,14.806892000000516,492.0,4406.0,SF,True,False,0,ShADadFf,12,980,12,4890,ssl,0
10285.938965,CZ2HDDSRnXxPx2PPe,10.0.2.15,52964,172.217.23.238,443,TLSv12,TLS_ECDHE_ECDSA_WITH_AES_128_GCM_SHA256,x25519,i.ytimg.com,False,True,CsxknGIti,"['11ddd329046367c19b32ffdb02ed308de129de4d6ffcf95856d7bd6a7accfba9', '9f630426df1d8abfd80ace98871ba833ab9742cb34838de2b5285ed54c0c7dcc', '3c35cc963eb004451323d3275d05b353235053490d9cd83729a2faf5e7ca1cc0']",[],1.0,0ffee3ba8e615ad22535e7f771690a28,84480cf8cf0e732666092640e581e1a5,h2,,10283.318189,10.0.2.15,52964,172.217.23.238,443,tcp,14.814141000000744,492.0,4406.0,SF,True,False,0,ShADadFf,12,980,13,4930,ssl,0
10286.038265,C6AsFH390HSpMz8437,10.0.2.15,52967,172.217.23.238,443,TLSv12,TLS_ECDHE_ECDSA_WITH_AES_128_GCM_SHA256,x25519,i.ytimg.com,False,True,CsxknGIti,"['11ddd329046367c19b32ffdb02ed308de129de4d6ffcf95856d7bd6a7accfba9', '9f630426df1d8abfd80ace98871ba833ab9742cb34838de2b5285ed54c0c7dcc', '3c35cc963eb004451323d3275d05b353235053490d9cd83729a2faf5e7ca1cc0']",[],1.0,0ffee3ba8e615ad22535e7f771690a28,84480cf8cf0e732666092640e581e1a5,h2,,10283.344281,10.0.2.15,52967,172.217.23.238,443,tcp,14.780339000000822,492.0,4406.0,SF,True,False,0,ShADadFf,12,980,14,4970,ssl,0
10285.970161,CQ1jKlZcoE9jQ1Geg,10.0.2.15,52963,172.217.23.238,443,TLSv12,TLS_ECDHE_ECDSA_WITH_AES_128_GCM_SHA256,x25519,i.ytimg.com,False,True,CsxknGIti,"['11ddd329046367c19b32ffdb02ed308de129de4d6ffcf95856d7bd6a7accfba9', '9f630426df1d8abfd80ace98871ba833ab9742cb34838de2b5285ed54c0c7dcc', '3c35cc963eb004451323d3275d05b353235053490d9cd83729a2faf5e7ca1cc0']",[],1.0,0ffee3ba8e615ad22535e7f771690a28,84480cf8cf0e732666092640e581e1a5,h2,,10283.31616,10.0.2.15,52963,172.217.23.238,443,tcp,14.782726999999795,492.0,4406.0,SF,True,False,0,ShADadFf,12,980,13,4930,ssl,0
10286.044426,CNtP311sUgLyCGs1o,10.0.2.15,52966,172.217.23.238,443,TLSv12,TLS_ECDHE_ECDSA_WITH_AES_128_GCM_SHA256,x25519,i.ytimg.com,False,True,CsxknGIti,"['11ddd329046367c19b32ffdb02ed308de129de4d6ffcf95856d7bd6a7accfba9', '9f630426df1d8abfd80ace98871ba833ab9742cb34838de2b5285ed54c0c7dcc', '3c35cc963eb004451323d3275d05b353235053490d9cd83729a2faf5e7ca1cc0']",[],1.0,0ffee3ba8e615ad22535e7f771690a28,84480cf8cf0e732666092640e581e1a5,h2,,10283.340359,10.0.2.15,52966,172.217.23.238,443,tcp,14.720015000000783,492.0,4406.0,SF,True,False,0,ShADadFf,13,1020,14,4970,ssl,0
10286.02647,CG7EZX2IKacJToSEv9,10.0.2.15,52974,172.217.23.227,443,TLSv12,TLS_ECDHE_ECDSA_WITH_AES_128_GCM_SHA256,x25519,fonts.gstatic.com,False,True,CsxknGIti,"['11ddd329046367c19b32ffdb02ed308de129de4d6ffcf95856d7bd6a7accfba9', '9f630426df1d8abfd80ace98871ba833ab9742cb34838de2b5285ed54c0c7dcc', '3c35cc963eb004451323d3275d05b353235053490d9cd83729a2faf5e7ca1cc0']",[],1.0,0ffee3ba8e615ad22535e7f771690a28,84480cf8cf0e732666092640e581e1a5,h2,,10283.369395,10.0.2.15,52974,172.217.23.227,443,tcp,33.99457900000016,896.0,38825.0,SF,True,False,0,ShADadTFf,27,1985,50,40829,ssl,0
10286.026932,C1dr3321Cql4ICiPz8,10.0.2.15,52973,172.217.23.227,443,TLSv12,TLS_ECDHE_ECDSA_WITH_AES_128_GCM_SHA256,x25519,fonts.gstatic.com,False,True,CsxknGIti,"['11ddd329046367c19b32ffdb02ed308de129de4d6ffcf95856d7bd6a7accfba9', '9f630426df1d8abfd80ace98871ba833ab9742cb34838de2b5285ed54c0c7dcc', '3c35cc963eb004451323d3275d05b353235053490d9cd83729a2faf5e7ca1cc0']",[],1.0,0ffee3ba8e615ad22535e7f771690a28,84480cf8cf0e732666092640e581e1a5,h2,,10283.359844,10.0.2.15,52973,172.217.23.227,443,tcp,31.67058299999917,912.0,28700.0,SF,True,False,0,ShADadTFf,24,1881,38,30224,ssl,0
10286.027411,CfRa9I3foawpwZJWxl,10.0.2.15,52972,172.217.23.227,443,TLSv12,TLS_ECDHE_ECDSA_WITH_AES_128_GCM_SHA256,x25519,fonts.gstatic.com,False,True,CsxknGIti,"['11ddd329046367c19b32ffdb02ed308de129de4d6ffcf95856d7bd6a7accfba9', '9f630426df1d8abfd80ace98871ba833ab9742cb34838de2b5285ed54c0c7dcc', '3c35cc963eb004451323d3275d05b353235053490d9cd83729a2faf5e7ca1cc0']",[],1.0,0ffee3ba8e615ad22535e7f771690a28,84480cf8cf0e732666092640e581e1a5,h2,,10283.355604,10.0.2.15,52972,172.217.23.227,443,tcp,33.077862000000096,897.0,34851.0,SF,True,False,0,ShADadTFf,23,1826,45,36655,ssl,0
10286.029029,Cxc9PayYCE50bm2R1,10.0.2.15,52971,192.229.133.115,443,TLSv12,TLS_ECDHE_RSA_WITH_AES_128_GCM_SHA256,secp256r1,cdn.wn.com,False,True,CsxuknGIti,"['336979a2ab5d06b07c45f8b6ad4d46c17076dd6843d88b3ee750d080d51ef357', '154c433c491929c5ef686e838e323664a00e6a0d822ccc958fb4dab03e49a08f']",[],1.0,0ffee3ba8e615ad22535e7f771690a28,49b45fc1ab090aa3a159778313fc9b9e,h2,,10283.354681,10.0.2.15,52971,192.229.133.115,443,tcp,277.9178759999995,1165.0,81116.0,SF,True,False,0,ShADadfF,40,2773,93,84840,ssl,0
10286.030585,CFCQ9F3DwpI6GK1IK1,10.0.2.15,52970,172.217.23.227,443,TLSv12,TLS_ECDHE_ECDSA_WITH_AES_128_GCM_SHA256,x25519,fonts.gstatic.com,False,True,CsxknGIti,"['11ddd329046367c19b32ffdb02ed308de129de4d6ffcf95856d7bd6a7accfba9', '9f630426df1d8abfd80ace98871ba833ab9742cb34838de2b5285ed54c0c7dcc', '3c35cc963eb004451323d3275d05b353235053490d9cd83729a2faf5e7ca1cc0']",[],1.0,0ffee3ba8e615ad22535e7f771690a28,84480cf8cf0e732666092640e581e1a5,h2,,10283.354167,10.0.2.15,52970,172.217.23.227,443,tcp,213.0353040000009,1080.0,35477.0,SF,True,False,0,ShADadTFf,29,2249,49,37441,ssl,0
10286.03509,C8qMQeiCij7KzZEn3,10.0.2.15,52968,172.217.23.238,443,TLSv12,TLS_ECDHE_ECDSA_WITH_AES_128_GCM_SHA256,x25519,i.ytimg.com,False,True,CsxknGIti,"['11ddd329046367c19b32ffdb02ed308de129de4d6ffcf95856d7bd6a7accfba9', '9f630426df1d8abfd80ace98871ba833ab9742cb34838de2b5285ed54c0c7dcc', '3c35cc963eb004451323d3275d05b353235053490d9cd83729a2faf5e7ca1cc0']",[],1.0,0ffee3ba8e615ad22535e7f771690a28,84480cf8cf0e732666092640e581e1a5,h2,,10283.348036,10.0.2.15,52968,172.217.23.238,443,tcp,22.805457000000388,492.0,4406.0,SF,True,False,0,ShADadTFf,13,1021,14,4970,ssl,0
10286.031419,CMm5Sm2DNKWGFXtFU2,10.0.2.15,52969,93.184.220.66,443,TLSv12,TLS_ECDHE_RSA_WITH_AES_128_GCM_SHA256,secp256r1,platform.twitter.com,False,True,CsxuknGIti,"['498dfbfa068ce7e3252a308f9578608d3df2d287b5b9284571f7d3ed43ba3ab0', '19400be5b7a31fb733917700789d2f0a2471c0c9d506c0e504c06c16d7cb17c0', '7431e5f4c3c1ce4690774f0b61e05440883ba9a01ed00ba6abd7806ed3b118cf']",[],1.0,1a5fe5677b0e4fbbc854e8908225637d,76cc3e2d3028143b23ec18e27dbd7ca9,http/1.1,,10283.352865,10.0.2.15,52969,93.184.220.66,443,tcp,170.01185799999985,3589.0,32208.0,SF,True,False,0,ShADadTTFfRr,38,5131,57,34492,ssl,0
10287.984585,CeI4wu2yflj8taGuM7,10.0.2.15,52975,146.0.233.139,443,TLSv12,TLS_ECDHE_RSA_WITH_AES_128_GCM_SHA256,secp256r1,cdn.onthe.io,False,True,CsxknGIti,"['611d21d4a71038d16b9154ad218e72846e82be99132c8a872407a97e7f391fa3', 'e6683e88315cd1cb403c0cea490f7c4b4c82c91cd485037489aadbaa90839f61']",[],1.0,1a5fe5677b0e4fbbc854e8908225637d,b898351eb5e266aefd3723d466935494,h2,,10285.777625,10.0.2.15,52975,146.0.233.139,443,tcp,48.71871099999953,1073.0,14593.0,SF,True,False,0,ShADadTfF,17,1762,25,15597,ssl,0
10298.010474,CkEVSy3GYYuNAPjdxj,10.0.2.15,52983,31.13.66.5,443,TLSv12,TLS_ECDHE_ECDSA_WITH_AES_128_GCM_SHA256,secp256r1,staticxx.facebook.com,False,True,CsxknGIti,"['152151b387412a95ab90fd4664f2d98880408e9e43913124e4c91226a483386b', '19400be5b7a31fb733917700789d2f0a2471c0c9d506c0e504c06c16d7cb17c0']",[],1.0,0ffee3ba8e615ad22535e7f771690a28,2d1eb5817ece335c24904f516ad5da12,h2,,10291.054844,10.0.2.15,52983,31.13.66.5,443,tcp,218.0814360000004,695.0,4033.0,SF,True,False,0,ShADadTfF,18,1424,20,4837,ssl,0
10304.924332,CbEWQU3xMheUzkqF33,10.0.2.15,52990,38.65.20.28,443,TLSv12,TLS_RSA_WITH_AES_128_CBC_SHA,,a2.adform.net,True,True,CsiI,,,,1a5fe5677b0e4fbbc854e8908225637d,57df70f7b256d75f6e1232daa61a7092,http/1.1,,10298.14434,10.0.2.15,52990,38.65.20.28,443,tcp,29.771342000000004,1114.0,837.0,SF,True,False,0,ShADadTFf,11,1563,10,1241,ssl,0
10304.953759,CsbCwO2DamDojzeyZi,10.0.2.15,52989,81.95.155.130,443,TLSv12,TLS_ECDHE_RSA_WITH_AES_128_GCM_SHA256,,tags.w55c.net,True,True,CsiI,,,,1a5fe5677b0e4fbbc854e8908225637d,fbe78c619e7ea20046131294ad087f05,,,10298.139799,10.0.2.15,52989,81.95.155.130,443,tcp,21.89128399999936,1339.0,137.0,SF,True,False,0,ShADadfTF,10,1748,9,501,ssl,0
10304.922831,C9ajSo4NdtGHq5jMs,10.0.2.15,52991,193.0.160.207,443,TLSv12,TLS_RSA_WITH_AES_256_CBC_SHA,,20663031p.rfihub.com,False,True,CsxnGIi,"['6319fe60346fb81cd95b32cf612cd0a3a9c962907bbad4fe17ce3c85e44e1f66', '154c433c491929c5ef686e838e323664a00e6a0d822ccc958fb4dab03e49a08f']",[],1.0,0ffee3ba8e615ad22535e7f771690a28,0a917d753018dad73d9899ace370f8d8,,,10298.149839,10.0.2.15,52991,193.0.160.207,443,tcp,24.39652000000024,2069.0,2713.0,SF,True,False,0,ShADadfTF,12,2558,12,3197,ssl,0
10309.34952,CBdcc71JPDkoFpbCZe,10.0.2.15,52992,172.217.23.238,443,TLSv12,TLS_ECDHE_RSA_WITH_AES_128_GCM_SHA256,x25519,www.google-analytics.com,False,True,CsxknGIti,"['31ed45c3400fc5f9a84dfaa0a6f6171369876ed4e2da669ee7f8edbe3593bf6b', '9f630426df1d8abfd80ace98871ba833ab9742cb34838de2b5285ed54c0c7dcc', '3c35cc963eb004451323d3275d05b353235053490d9cd83729a2faf5e7ca1cc0']",[],1.0,0ffee3ba8e615ad22535e7f771690a28,ab41313cfec25328b20865eb1388e0a2,h2,,10306.260275,10.0.2.15,52992,172.217.23.238,443,tcp,14.595964000000096,537.0,4069.0,SF,True,False,0,ShADadTFf,12,1026,13,4593,ssl,0
10319.718756,CxcIBT3MYzS5OCdG3h,10.0.2.15,52995,185.57.60.186,443,TLSv12,TLS_ECDHE_ECDSA_WITH_AES_256_GCM_SHA384,,tapestry.tapad.com,True,True,CsiI,,,,1a5fe5677b0e4fbbc854e8908225637d,a8e0da2f607d2a3c1956f56afc6da012,,,10317.919317,10.0.2.15,52995,185.57.60.186,443,tcp,7.56692699999985,1101.0,796.0,SF,True,False,0,ShADadfF,9,1469,9,1160,ssl,0
10319.722557,ClEhWd1ijfmj4irWQd,10.0.2.15,52994,172.217.23.238,443,TLSv12,TLS_ECDHE_RSA_WITH_AES_128_GCM_SHA256,x25519,www.google-analytics.com,False,True,CsxknGIti,"['31ed45c3400fc5f9a84dfaa0a6f6171369876ed4e2da669ee7f8edbe3593bf6b', '9f630426df1d8abfd80ace98871ba833ab9742cb34838de2b5285ed54c0c7dcc', '3c35cc963eb004451323d3275d05b353235053490d9cd83729a2faf5e7ca1cc0']",[],1.0,0ffee3ba8e615ad22535e7f771690a28,ab41313cfec25328b20865eb1388e0a2,h2,,10317.875087,10.0.2.15,52994,172.217.23.238,443,tcp,7.644871999998941,537.0,4069.0,SF,True,False,0,ShADadFf,12,1025,12,4553,ssl,0
10320.166746,CMzmLq5803XLwEdJe,10.0.2.15,52996,185.57.60.186,443,TLSv12,TLS_ECDHE_ECDSA_WITH_AES_256_GCM_SHA384,,tapestry.tapad.com,True,True,CsiI,,,,1a5fe5677b0e4fbbc854e8908225637d,a8e0da2f607d2a3c1956f56afc6da012,,,10318.982407,10.0.2.15,52996,185.57.60.186,443,tcp,6.999281000000337,1273.0,926.0,SF,True,False,0,ShADadfF,8,1601,9,1290,ssl,0
10320.174569,CR9erC4XluVhIkJrKh,10.0.2.15,52998,52.18.7.131,443,TLSv12,TLS_ECDHE_RSA_WITH_AES_256_GCM_SHA384,secp256r1,api.bazaarvoice.com,False,True,CsxknGIti,"['b26fa703db8503679f6313e8081a406a9817670efa3d647a79f5d1307eb325ed', '154c433c491929c5ef686e838e323664a00e6a0d822ccc958fb4dab03e49a08f']",[],1.0,0ffee3ba8e615ad22535e7f771690a28,e35df3e00ca4ef31d42b34bebaa2f86e,,,10318.985158,10.0.2.15,52998,52.18.7.131,443,tcp,65.95786399999997,1441.0,8343.0,SF,True,False,0,ShADadTfF,18,2174,22,9227,ssl,0
10320.181396,CH6fJY2V3XPIGClA0g,10.0.2.15,52997,151.101.112.230,443,TLSv12,TLS_ECDHE_RSA_WITH_AES_128_GCM_SHA256,secp256r1,apps.nexus.bazaarvoice.com,False,True,CsxuknGIti,"['994b04ba8e8ee64ff0b2f7d5f735347f3ab0899c2b2f9222197160436256fb7d', '74ef335e5e18788307fb9d89cb704bec112abd23487dbff41c4ded5070f241d9']",[],1.0,0ffee3ba8e615ad22535e7f771690a28,860fcf58fd757e26aa8911e5eaff6b53,http/1.1,,10318.983893,10.0.2.15,52997,151.101.112.230,443,tcp,134.37700699999914,738.0,8005.0,SF,True,False,0,ShADadTTFfRr,26,1799,30,9209,ssl,0
10321.021773,Cy9qZp3HiQ08EfPqXg,10.0.2.15,53000,54.192.93.150,443,TLSv12,TLS_ECDHE_RSA_WITH_AES_128_GCM_SHA256,,rules.quantcount.com,True,True,CsiI,,,,1a5fe5677b0e4fbbc854e8908225637d,d199ba0af2b08e204c73d6d81a1fd260,h2,,10320.636349,10.0.2.15,53000,54.192.93.150,443,tcp,262.9939830000003,1386.0,1068.0,SF,True,False,0,ShADadFf,22,2274,23,1992,ssl,0
10321.01774,CnBcII2ZfflNNrOCjl,10.0.2.15,52999,216.137.61.4,443,TLSv12,TLS_ECDHE_RSA_WITH_AES_128_GCM_SHA256,secp256r1,d1z2jf7jlzjs58.cloudfront.net,False,True,CsxuknGIti,"['90c0937808b31877df6c4a5c743c99325d974624be3735faa5078cf73d4fd205', 'eae72eb454bf6c3977ebd289e970b2f5282949190093d0d26f98d0f0d6a9cf17']",[],1.0,0ffee3ba8e615ad22535e7f771690a28,76cc3e2d3028143b23ec18e27dbd7ca9,http/1.1,,10320.635814,10.0.2.15,52999,216.137.61.4,443,tcp,124.5125250000001,681.0,5657.0,SF,True,False,0,ShADadTTfF,22,1580,25,6661,ssl,0
10321.155444,CVVSKT2Fklecbdaqel,10.0.2.15,53001,151.80.100.109,443,TLSv12,TLS_ECDHE_RSA_WITH_AES_256_CBC_SHA,secp256r1,pro.ip-api.com,False,True,CsxknGIti,"['594ded671c8df8e94e5d9fb2092841211ad63cca2ba2996a0e398c052d41d1f1', '02ab57e4e67a0cb48dd2ff34830e8ac40f4476fb08ca6be3f5cd846f646840f0', '4f32d5dc00f715250abcc486511e37f501a899deb3bf7ea8adbbd3aef1c412da']",[],1.0,0ffee3ba8e615ad22535e7f771690a28,6292177b4787a8184457a6eb9ad649f5,http/1.1,,10320.849744,10.0.2.15,53001,151.80.100.109,443,tcp,13.869168000001082,730.0,5600.0,SF,True,False,0,ShADadfF,11,1178,15,6204,ssl,0
10322.967636,COdNEx2SPKMeaTuJi3,10.0.2.15,53002,93.184.220.66,443,TLSv12,TLS_ECDHE_RSA_WITH_AES_128_GCM_SHA256,secp256r1,platform.twitter.com,False,True,CsxuknGIti,"['498dfbfa068ce7e3252a308f9578608d3df2d287b5b9284571f7d3ed43ba3ab0', '19400be5b7a31fb733917700789d2f0a2471c0c9d506c0e504c06c16d7cb17c0', '7431e5f4c3c1ce4690774f0b61e05440883ba9a01ed00ba6abd7806ed3b118cf']",[],1.0,1a5fe5677b0e4fbbc854e8908225637d,76cc3e2d3028143b23ec18e27dbd7ca9,http/1.1,,10322.668214,10.0.2.15,53002,93.184.220.66,443,tcp,8.120018999999957,674.0,5773.0,SF,True,False,0,ShADadFfRr,11,1122,14,6337,ssl,0
10325.483674,CqJeUJ26M4Lkv7ICVd,10.0.2.15,53004,81.95.155.130,443,TLSv12,TLS_ECDHE_RSA_WITH_AES_128_GCM_SHA256,,tags.w55c.net,True,True,CsiI,,,,1a5fe5677b0e4fbbc854e8908225637d,fbe78c619e7ea20046131294ad087f05,,,10324.519118,10.0.2.15,53004,81.95.155.130,443,tcp,7.130400000000009,1308.0,720.0,SF,True,False,0,ShADadfF,9,1676,9,1084,ssl,0
10325.481868,CxUGNp3vUgqRhMU2A2,10.0.2.15,53006,52.129.74.13,443,TLSv12,TLS_ECDHE_RSA_WITH_AES_128_GCM_SHA256,secp256r1,mpsnare.iesnare.com,False,True,CsxknGIti,"['86ea12917544d3fd01821643114f4582ea5627046748f9c5d3338fce147558d1', '19400be5b7a31fb733917700789d2f0a2471c0c9d506c0e504c06c16d7cb17c0']",[],1.0,0ffee3ba8e615ad22535e7f771690a28,ccc514751b175866924439bdbb5bba34,,,10324.522679,10.0.2.15,53006,52.129.74.13,443,tcp,75.52519299999949,1178.0,17359.0,SF,True,False,0,ShADadTfF,22,2072,31,18603,ssl,0
10325.476455,CoHvK92pm06ORm4Pp1,10.0.2.15,53007,213.239.195.215,443,TLSv12,TLS_ECDHE_RSA_WITH_AES_256_GCM_SHA384,secp256r1,tt.onthe.io,False,True,CsxknGIti,"['611d21d4a71038d16b9154ad218e72846e82be99132c8a872407a97e7f391fa3', 'e6683e88315cd1cb403c0cea490f7c4b4c82c91cd485037489aadbaa90839f61']",[],1.0,0ffee3ba8e615ad22535e7f771690a28,e35df3e00ca4ef31d42b34bebaa2f86e,,,10324.524031,10.0.2.15,53007,213.239.195.215,443,tcp,24.152406999999585,1853.0,3620.0,SF,True,False,0,ShADadTfF,14,2422,15,4224,ssl,0
10325.485573,CMItUH131eWtENQxp4,10.0.2.15,53003,54.192.93.84,443,TLSv12,TLS_ECDHE_RSA_WITH_AES_128_GCM_SHA256,secp256r1,analytics-static.ugc.bazaarvoice.com,False,True,CsxuknGIti,"['1148cae4eed0437d2f2baf0d29af43f691d46d56c7be46dab2bae1e3a0c7990b', 'f55f9ffcb83c73453261601c7e044db15a0f034b93c05830f28635ef889cf670', '87dcd4dc74640a322cd205552506d1be64f12596258096544986b4850bc72706', '28689b30e4c306aab53b027b29e36ad6dd1dcf4b953994482ca84bdc1ecac996']",[],1.0,0ffee3ba8e615ad22535e7f771690a28,76cc3e2d3028143b23ec18e27dbd7ca9,h2,,10324.51766,10.0.2.15,53003,54.192.93.84,443,tcp,198.7358290000011,985.0,17253.0,SF,True,False,0,ShADadFf,23,1913,30,18457,ssl,0
10325.474779,CWr1Px3v6MdyB3gWQ5,10.0.2.15,53008,213.239.195.215,443,TLSv12,TLS_ECDHE_RSA_WITH_AES_256_GCM_SHA384,secp256r1,tt.onthe.io,False,True,CsxknGIti,"['611d21d4a71038d16b9154ad218e72846e82be99132c8a872407a97e7f391fa3', 'e6683e88315cd1cb403c0cea490f7c4b4c82c91cd485037489aadbaa90839f61']",[],1.0,0ffee3ba8e615ad22535e7f771690a28,e35df3e00ca4ef31d42b34bebaa2f86e,,,10324.524696,10.0.2.15,53008,213.239.195.215,443,tcp,24.16449699999976,1892.0,3620.0,SF,True,False,0,ShADadTfF,14,2461,15,4224,ssl,0
10326.283777,CKspTX2PMIinLSPyd7,10.0.2.15,53009,104.244.43.241,443,TLSv12,TLS_ECDHE_RSA_WITH_AES_128_GCM_SHA256,secp256r1,cdn.syndication.twimg.com,False,True,CsxuknGIti,"['9338063290465de85ffd7dfa8f0f6ea848447f66560443ad32bcb8665b3ffa18', '19400be5b7a31fb733917700789d2f0a2471c0c9d506c0e504c06c16d7cb17c0']",[],1.0,0ffee3ba8e615ad22535e7f771690a28,76cc3e2d3028143b23ec18e27dbd7ca9,http/1.1,,10325.505572,10.0.2.15,53009,104.244.43.241,443,tcp,16.702681000000666,826.0,5219.0,SF,True,False,0,ShADadTfF,12,1315,14,5783,ssl,0
10326.748379,CT2uxOC7YIjbDhLv4,10.0.2.15,53010,209.197.3.16,443,TLSv12,TLS_ECDHE_RSA_WITH_AES_128_GCM_SHA256,,cdn5.userzoom.com,True,True,CsiI,,,,1a5fe5677b0e4fbbc854e8908225637d,c6227321ea7621862dc7b7351771a62c,,,10325.988459,10.0.2.15,53010,209.197.3.16,443,tcp,6.948304999999891,1009.0,479.0,SF,True,False,0,ShADadfF,9,1377,9,843,ssl,0
10328.264069,CIbkr4rhgbEbkvRhf,10.0.2.15,53012,213.239.195.215,443,TLSv12,TLS_ECDHE_RSA_WITH_AES_256_GCM_SHA384,secp256r1,tt.onthe.io,False,True,CsxknGIti,"['611d21d4a71038d16b9154ad218e72846e82be99132c8a872407a97e7f391fa3', 'e6683e88315cd1cb403c0cea490f7c4b4c82c91cd485037489aadbaa90839f61']",[],1.0,0ffee3ba8e615ad22535e7f771690a28,e35df3e00ca4ef31d42b34bebaa2f86e,,,10327.083138,10.0.2.15,53012,213.239.195.215,443,tcp,138.01807499999995,12828.0,7297.0,SF,True,False,0,ShADadTFf,52,14918,53,9421,ssl,0
10328.269062,CtZRu31bCkIuPkGGF4,10.0.2.15,53011,213.239.195.215,443,TLSv12,TLS_ECDHE_RSA_WITH_AES_256_GCM_SHA384,secp256r1,tt.onthe.io,False,True,CsxknGIti,"['611d21d4a71038d16b9154ad218e72846e82be99132c8a872407a97e7f391fa3', 'e6683e88315cd1cb403c0cea490f7c4b4c82c91cd485037489aadbaa90839f61']",[],1.0,0ffee3ba8e615ad22535e7f771690a28,e35df3e00ca4ef31d42b34bebaa2f86e,,,10327.079762,10.0.2.15,53011,213.239.195.215,443,tcp,102.43227699999989,8312.0,5886.0,SF,True,False,0,ShADadTfF,38,9843,39,7450,ssl,0
10328.843791,CdoGBi4xIBv3LmAm6j,10.0.2.15,53013,193.0.160.206,443,TLSv12,TLS_RSA_WITH_AES_256_CBC_SHA,,20663031p.rfihub.com,False,True,CsxnGIi,"['6319fe60346fb81cd95b32cf612cd0a3a9c962907bbad4fe17ce3c85e44e1f66', '154c433c491929c5ef686e838e323664a00e6a0d822ccc958fb4dab03e49a08f']",[],1.0,0ffee3ba8e615ad22535e7f771690a28,0a917d753018dad73d9899ace370f8d8,,,10328.274952,10.0.2.15,53013,193.0.160.206,443,tcp,11.589501000000382,2069.0,4339.0,SF,True,False,0,ShADadfF,12,2557,13,4863,ssl,0
10332.935835,C5GuDJ1aPBYVTtoBsg,10.0.2.15,53014,95.172.94.55,443,TLSv12,TLS_ECDHE_RSA_WITH_AES_128_GCM_SHA256,secp256r1,pixel.quantserve.com,False,True,CsxknGIti,"['7d39ee69bdac843654f44bb3164a243b3e8c527019b6225992e5d36771f19e8f', '19400be5b7a31fb733917700789d2f0a2471c0c9d506c0e504c06c16d7cb17c0']",[],1.0,0ffee3ba8e615ad22535e7f771690a28,ccc514751b175866924439bdbb5bba34,,,10332.099919,10.0.2.15,53014,95.172.94.55,443,tcp,8.53038000000015,1496.0,3637.0,SF,True,False,0,ShADadfF,11,1944,12,4121,ssl,0
10334.917004,Cxa0uc4mtUjK3XW3ii,10.0.2.15,53016,52.45.225.183,443,TLSv12,TLS_ECDHE_RSA_WITH_AES_128_GCM_SHA256,secp256r1,srv-2017-05-02-02.config.parsely.com,False,True,CsxknGIi,"['a7b7f2a8c98b22a0653289704912d08573231516a034573fb4e13d080bc231e4', '02ab57e4e67a0cb48dd2ff34830e8ac40f4476fb08ca6be3f5cd846f646840f0', '4f32d5dc00f715250abcc486511e37f501a899deb3bf7ea8adbbd3aef1c412da']",[],1.0,0ffee3ba8e615ad22535e7f771690a28,303951d4c50efb2e991652225a6f02b1,,,10334.729295,10.0.2.15,53016,52.45.225.183,443,tcp,66.50200200000108,721.0,5695.0,SF,True,False,0,ShADadTFf,17,1415,20,6499,ssl,0
10334.920192,CDdJbM2NEkaQdXNxzk,10.0.2.15,53015,52.45.225.183,443,TLSv12,TLS_ECDHE_RSA_WITH_AES_128_GCM_SHA256,secp256r1,srv-2017-05-02-02.config.parsely.com,False,True,CsxknGIi,"['a7b7f2a8c98b22a0653289704912d08573231516a034573fb4e13d080bc231e4', '02ab57e4e67a0cb48dd2ff34830e8ac40f4476fb08ca6be3f5cd846f646840f0', '4f32d5dc00f715250abcc486511e37f501a899deb3bf7ea8adbbd3aef1c412da']",[],1.0,0ffee3ba8e615ad22535e7f771690a28,303951d4c50efb2e991652225a6f02b1,,,10334.728684,10.0.2.15,53015,52.45.225.183,443,tcp,12.408626000000368,370.0,4875.0,SF,True,False,0,ShADadTFfRr,12,859,14,5439,ssl,0
10336.814739,CBlG2mk91VahEBXB3,10.0.2.15,53023,213.239.195.215,443,TLSv12,TLS_ECDHE_RSA_WITH_AES_256_GCM_SHA384,,tt.onthe.io,True,True,CsiI,,,,1a5fe5677b0e4fbbc854e8908225637d,364ff14b04ef93c3b4cfa429d729c0d9,,,10336.47628,10.0.2.15,53023,213.239.195.215,443,tcp,12.826944999998886,599.0,137.0,SF,True,False,0,ShADadTFf,8,928,8,461,ssl,0
10336.815874,CykGmT2m7oPzazRI7i,10.0.2.15,53022,213.239.195.215,443,TLSv12,TLS_ECDHE_RSA_WITH_AES_256_GCM_SHA384,,tt.onthe.io,True,True,CsiI,,,,1a5fe5677b0e4fbbc854e8908225637d,364ff14b04ef93c3b4cfa429d729c0d9,,,10336.463058,10.0.2.15,53022,213.239.195.215,443,tcp,12.8319790000005,599.0,137.0,SF,True,False,0,ShADadTFf,8,928,8,461,ssl,0
10336.816829,CaJ5d92dX2iTPGqde2,10.0.2.15,53021,81.95.155.130,443,TLSv12,TLS_ECDHE_RSA_WITH_AES_128_GCM_SHA256,,tags.w55c.net,True,True,CsiI,,,,1a5fe5677b0e4fbbc854e8908225637d,fbe78c619e7ea20046131294ad087f05,,,10336.46186,10.0.2.15,53021,81.95.155.130,443,tcp,3.755678999999872,1323.0,785.0,SF,True,False,0,ShADadfF,8,1651,9,1149,ssl,0
10336.82182,CJrZzNMWnOwLAgrkk,10.0.2.15,53020,195.149.84.101,443,TLSv12,TLS_ECDHE_RSA_WITH_AES_256_GCM_SHA384,secp256r1,wn.com,False,True,CsxknGIti,"['336979a2ab5d06b07c45f8b6ad4d46c17076dd6843d88b3ee750d080d51ef357', '154c433c491929c5ef686e838e323664a00e6a0d822ccc958fb4dab03e49a08f']",[],1.0,0ffee3ba8e615ad22535e7f771690a28,a39e18564e32e1822751c4af0bfba817,http/1.1,,10336.458809,10.0.2.15,53020,195.149.84.101,443,tcp,12.212610000000495,1196.0,4113.0,SF,True,False,0,ShADadfF,10,1604,12,4597,ssl,0
10336.823495,CLsoWB1NprpxXSVSJb,10.0.2.15,53019,195.149.84.101,443,TLSv12,TLS_ECDHE_RSA_WITH_AES_256_GCM_SHA384,secp256r1,wn.com,False,True,CsxknGIti,"['336979a2ab5d06b07c45f8b6ad4d46c17076dd6843d88b3ee750d080d51ef357', '154c433c491929c5ef686e838e323664a00e6a0d822ccc958fb4dab03e49a08f']",[],1.0,0ffee3ba8e615ad22535e7f771690a28,a39e18564e32e1822751c4af0bfba817,http/1.1,,10336.453426,10.0.2.15,53019,195.149.84.101,443,tcp,12.235285000000658,1212.0,4339.0,SF,True,False,0,ShADadfF,11,1660,13,4863,ssl,0
10336.825215,CigEis2wBvLL10E4A6,10.0.2.15,53018,195.149.84.101,443,TLSv12,TLS_ECDHE_RSA_WITH_AES_256_GCM_SHA384,secp256r1,wn.com,False,True,CsxknGIti,"['336979a2ab5d06b07c45f8b6ad4d46c17076dd6843d88b3ee750d080d51ef357', '154c433c491929c5ef686e838e323664a00e6a0d822ccc958fb4dab03e49a08f']",[],1.0,0ffee3ba8e615ad22535e7f771690a28,a39e18564e32e1822751c4af0bfba817,http/1.1,,10336.446304,10.0.2.15,53018,195.149.84.101,443,tcp,16.803177000001597,2241.0,5341.0,SF,True,False,0,ShADadfF,13,2769,15,5945,ssl,0
10337.236515,CkB6wq266S1Vd4QjVh,10.0.2.15,53024,195.149.84.101,443,TLSv12,TLS_ECDHE_RSA_WITH_AES_256_GCM_SHA384,secp256r1,wn.com,False,True,CsxknGIti,"['336979a2ab5d06b07c45f8b6ad4d46c17076dd6843d88b3ee750d080d51ef357', '154c433c491929c5ef686e838e323664a00e6a0d822ccc958fb4dab03e49a08f']",[],1.0,0ffee3ba8e615ad22535e7f771690a28,a39e18564e32e1822751c4af0bfba817,http/1.1,,10336.827441,10.0.2.15,53024,195.149.84.101,443,tcp,8.810515000001033,340.0,3691.0,SF,True,False,0,ShADadFf,10,748,11,4135,ssl,0
10337.23429,CdHQF31UHc9nQy6Q3f,10.0.2.15,53026,195.149.84.101,443,TLSv12,TLS_ECDHE_RSA_WITH_AES_256_GCM_SHA384,secp256r1,wn.com,False,True,CsxknGIti,"['336979a2ab5d06b07c45f8b6ad4d46c17076dd6843d88b3ee750d080d51ef357', '154c433c491929c5ef686e838e323664a00e6a0d822ccc958fb4dab03e49a08f']",[],1.0,0ffee3ba8e615ad22535e7f771690a28,a39e18564e32e1822751c4af0bfba817,http/1.1,,10336.828943,10.0.2.15,53026,195.149.84.101,443,tcp,10.424227999999855,340.0,3691.0,SF,True,False,0,ShADadFf,9,708,10,4095,ssl,0
10337.235781,CUnMDG2UAdr6Py3id6,10.0.2.15,53025,195.149.84.101,443,TLSv12,TLS_ECDHE_RSA_WITH_AES_256_GCM_SHA384,secp256r1,wn.com,False,True,CsxknGIti,"['336979a2ab5d06b07c45f8b6ad4d46c17076dd6843d88b3ee750d080d51ef357', '154c433c491929c5ef686e838e323664a00e6a0d822ccc958fb4dab03e49a08f']",[],1.0,0ffee3ba8e615ad22535e7f771690a28,a39e18564e32e1822751c4af0bfba817,http/1.1,,10336.828256,10.0.2.15,53025,195.149.84.101,443,tcp,10.65487899999971,340.0,3691.0,SF,True,False,0,ShADadFf,9,708,10,4095,ssl,0
10337.772546,CIatzr1QFJ7Waq99g7,10.0.2.15,53027,52.54.145.4,443,TLSv12,TLS_ECDHE_RSA_WITH_AES_128_GCM_SHA256,secp256r1,network.bazaarvoice.com,False,True,CsxknGIi,"['01ce1b14bb04a0366855bb5351fb861f35255be74145b91bbb0f70fbb1d1df03', '154c433c491929c5ef686e838e323664a00e6a0d822ccc958fb4dab03e49a08f']",[],1.0,0ffee3ba8e615ad22535e7f771690a28,303951d4c50efb2e991652225a6f02b1,,,10337.237535,10.0.2.15,53027,52.54.145.4,443,tcp,3.778608999999051,745.0,3671.0,RSTO,True,False,0,ShADadFR,10,1153,12,4155,ssl,0
10341.179942,Co9avK2dYs2Gl2lXMe,10.0.2.15,53038,54.171.54.78,443,TLSv12,TLS_ECDHE_RSA_WITH_AES_128_GCM_SHA256,secp256r1,soma.smaato.net,False,True,CsxknGIi,"['7c7e318c1903869381f2af96f6cf3f83741b4c4baa6cf557031190b7fd939dff', '973a41276ffd01e027a2aad49e34c37846d3e976ff6a620b6712e33832041aa6', '3a2fbe92891e57fe05d57087f48e730f17e5a5f53ef403d618e5b74d7a7e6ecb', 'c3846bf24b9e93ca64274c0ec67c1ecc5e024ffcacd2d74019350e81fe546ae4']",[],1.0,0ffee3ba8e615ad22535e7f771690a28,303951d4c50efb2e991652225a6f02b1,,,10340.636554,10.0.2.15,53038,54.171.54.78,443,tcp,2.809067000000141,318.0,5289.0,SF,True,False,0,ShADadFfRr,10,726,12,5773,ssl,0
10349.285216,CY2f9C3HEtAa4FYtvk,10.0.2.15,53039,54.209.187.159,443,TLSv12,TLS_ECDHE_RSA_WITH_AES_128_GCM_SHA256,secp256r1,sync.adap.tv,False,True,CsxknGIi,"['0dbdf8b0bda0aedc922b1946866453be27fce383328d23d1b0e2a6495c96b221', '13efb39a2f6654e8c67bd04f4c6d4c90cd6cab5091bcedc73787f6b77d3d3fe7', '6b143c2005d5539cc22eab5f772db2a9fe87467feffa07fcf0a9f7d28274ca7a']",[],1.0,0ffee3ba8e615ad22535e7f771690a28,303951d4c50efb2e991652225a6f02b1,,,10348.733328,10.0.2.15,53039,54.209.187.159,443,tcp,8.574737999999343,346.0,4513.0,RSTO,True,False,0,ShADadFR,10,754,11,4957,ssl,0
10352.519638,CzpvF9UfMjOOY7UR,10.0.2.15,53060,52.55.162.68,443,TLSv12,TLS_ECDHE_RSA_WITH_AES_128_GCM_SHA256,secp256r1,srv-2017-05-02-02.pixel.parsely.com,False,True,CsxknGIi,"['9ef436fd497ee75524e1cbde374a65ea785dae9777626d083d2076114fa85642', '02ab57e4e67a0cb48dd2ff34830e8ac40f4476fb08ca6be3f5cd846f646840f0', '4f32d5dc00f715250abcc486511e37f501a899deb3bf7ea8adbbd3aef1c412da']",[],1.0,0ffee3ba8e615ad22535e7f771690a28,303951d4c50efb2e991652225a6f02b1,,,10352.147828,10.0.2.15,53060,52.55.162.68,443,tcp,27.48046300000169,2479.0,5647.0,SF,True,False,0,ShADadTFf,17,3168,19,6411,ssl,0
10361.811568,CvJODK1MiDWQVHtpJ3,10.0.2.15,53068,52.55.162.68,443,TLSv12,TLS_ECDHE_RSA_WITH_AES_128_GCM_SHA256,,srv-2017-05-02-02.pixel.parsely.com,True,True,CsiI,,,,0ffee3ba8e615ad22535e7f771690a28,303951d4c50efb2e991652225a6f02b1,,,10361.498041,10.0.2.15,53068,52.55.162.68,443,tcp,11.039412000000084,326.0,176.0,SF,True,False,0,ShADadTFfRr,9,695,10,580,ssl,0
10361.812487,CzbYYT2H1Z3Zp02ru1,10.0.2.15,53067,52.55.162.68,443,TLSv12,TLS_ECDHE_RSA_WITH_AES_128_GCM_SHA256,,srv-2017-05-02-02.pixel.parsely.com,True,True,CsiI,,,,0ffee3ba8e615ad22535e7f771690a28,303951d4c50efb2e991652225a6f02b1,,,10361.497197,10.0.2.15,53067,52.55.162.68,443,tcp,11.040304999998623,326.0,176.0,SF,True,False,0,ShADadTFfRr,9,695,10,580,ssl,0
10356.840096,CvLS4Y3r48M1oEbwG,10.0.2.15,53061,54.243.176.213,443,TLSv12,TLS_ECDHE_RSA_WITH_AES_128_GCM_SHA256,secp256r1,69071259.log.optimizely.com,False,False,Csxkn,"['720a04382d93aa8932b95cc755b9fbaab1b6a01d85399736cf4d5a4607e41172', '19400be5b7a31fb733917700789d2f0a2471c0c9d506c0e504c06c16d7cb17c0', '7431e5f4c3c1ce4690774f0b61e05440883ba9a01ed00ba6abd7806ed3b118cf']",[],1.0,0ffee3ba8e615ad22535e7f771690a28,303951d4c50efb2e991652225a6f02b1,,,10355.999547,10.0.2.15,53061,54.243.176.213,443,tcp,1.184664000000339,204.0,4023.0,RSTO,True,False,0,ShADadR,5,412,5,4227,ssl,0
10362.052069,Cg4w6Y19dCoNFAvFBa,10.0.2.15,53070,195.149.84.105,443,TLSv12,TLS_ECDHE_RSA_WITH_AES_128_GCM_SHA256,secp256r1,article.wn.com,False,True,CsxknGIti,"['336979a2ab5d06b07c45f8b6ad4d46c17076dd6843d88b3ee750d080d51ef357', '154c433c491929c5ef686e838e323664a00e6a0d822ccc958fb4dab03e49a08f']",[],1.0,0ffee3ba8e615ad22535e7f771690a28,389ed42c02ebecc32e73aa31def07e14,,,10361.813883,10.0.2.15,53070,195.149.84.105,443,tcp,10.641303999998854,348.0,3723.0,SF,True,False,0,ShADadFRfr,11,796,12,4207,ssl,0
10362.050779,C3XV8c4fS2Iuo4ykJ8,10.0.2.15,53069,195.149.84.105,443,TLSv12,TLS_ECDHE_RSA_WITH_AES_128_GCM_SHA256,secp256r1,article.wn.com,False,True,CsxknGIti,"['336979a2ab5d06b07c45f8b6ad4d46c17076dd6843d88b3ee750d080d51ef357', '154c433c491929c5ef686e838e323664a00e6a0d822ccc958fb4dab03e49a08f']",[],1.0,0ffee3ba8e615ad22535e7f771690a28,389ed42c02ebecc32e73aa31def07e14,,,10361.801809,10.0.2.15,53069,195.149.84.105,443,tcp,2.173726999999417,1387.0,52506.0,SF,True,False,0,ShADadfF,28,2515,62,54990,ssl,0
10371.963185,CpXVUmlmQc2mJWCq7,10.0.2.15,53072,172.217.23.238,443,TLSv12,TLS_ECDHE_ECDSA_WITH_AES_128_GCM_SHA256,,i.ytimg.com,True,True,CsiI,,,,1a5fe5677b0e4fbbc854e8908225637d,c23237dbea656869600e48dfbd00ab7b,h2,,10365.702655,10.0.2.15,53072,172.217.23.238,443,tcp,380.8181870000008,45806.0,1406100.0,SF,True,False,0,ShADadWFf,386,61254,1301,1458144,ssl,0
10371.967268,CftWmHwhaPzGnIj0i,10.0.2.15,53071,172.217.23.238,443,TLSv12,TLS_ECDHE_RSA_WITH_AES_128_GCM_SHA256,,apis.google.com,True,True,CsiI,,,,1a5fe5677b0e4fbbc854e8908225637d,67619a80665d7ab92d1041b1d11f9164,h2,,10365.700686,10.0.2.15,53071,172.217.23.238,443,tcp,8.364496000000145,779.0,292.0,SF,True,False,0,ShADadFf,10,1187,10,696,ssl,0
10372.066919,CN6zdU1W9Z9NgM84r5,10.0.2.15,53077,213.239.195.215,443,TLSv12,TLS_ECDHE_RSA_WITH_AES_256_GCM_SHA384,,tt.onthe.io,True,True,CsiI,,,,1a5fe5677b0e4fbbc854e8908225637d,364ff14b04ef93c3b4cfa429d729c0d9,,,10368.821065,10.0.2.15,53077,213.239.195.215,443,tcp,27.94773600000008,1968.0,580.0,SF,True,False,0,ShADadTfF,12,2457,12,1064,ssl,0
10372.069705,CMrTdw1fdeRxG1f9f,10.0.2.15,53076,213.239.195.215,443,TLSv12,TLS_ECDHE_RSA_WITH_AES_256_GCM_SHA384,,tt.onthe.io,True,True,CsiI,,,,1a5fe5677b0e4fbbc854e8908225637d,364ff14b04ef93c3b4cfa429d729c0d9,,,10368.813139,10.0.2.15,53076,213.239.195.215,443,tcp,27.94793799999934,1645.0,580.0,SF,True,False,0,ShADadTfF,12,2134,12,1064,ssl,0
10372.07106,CPCENX31Ose7cicgF6,10.0.2.15,53075,213.239.195.215,443,TLSv12,TLS_ECDHE_RSA_WITH_AES_256_GCM_SHA384,,tt.onthe.io,True,True,CsiI,,,,1a5fe5677b0e4fbbc854e8908225637d,364ff14b04ef93c3b4cfa429d729c0d9,,,10368.804235,10.0.2.15,53075,213.239.195.215,443,tcp,83.12996200000089,5744.0,2228.0,SF,True,False,0,ShADadTfF,30,6955,30,3432,ssl,0
10372.077954,CIpgxy2h83tWULN0Mj,10.0.2.15,53074,213.239.195.215,443,TLSv12,TLS_ECDHE_RSA_WITH_AES_256_GCM_SHA384,,tt.onthe.io,True,True,CsiI,,,,1a5fe5677b0e4fbbc854e8908225637d,364ff14b04ef93c3b4cfa429d729c0d9,,,10368.801095,10.0.2.15,53074,213.239.195.215,443,tcp,96.29630499999983,8641.0,2815.0,SF,True,False,0,ShADadTFf,36,10092,36,4259,ssl,0
10372.103652,CDM0do1l1uNj99Qmng,10.0.2.15,53073,146.0.233.139,443,TLSv12,TLS_ECDHE_RSA_WITH_AES_128_GCM_SHA256,secp256r1,cdn.onthe.io,False,True,CsxknGIti,"['611d21d4a71038d16b9154ad218e72846e82be99132c8a872407a97e7f391fa3', 'e6683e88315cd1cb403c0cea490f7c4b4c82c91cd485037489aadbaa90839f61']",[],1.0,1a5fe5677b0e4fbbc854e8908225637d,b898351eb5e266aefd3723d466935494,h2,,10368.797078,10.0.2.15,53073,146.0.233.139,443,tcp,214.22509499999975,1059.0,3435.0,SF,True,False,0,ShADadFf,19,1827,20,4239,ssl,0
10374.007792,CClUuelv3oB9ReaB3,10.0.2.15,53078,104.244.43.241,443,TLSv12,TLS_ECDHE_RSA_WITH_AES_128_GCM_SHA256,,cdn.syndication.twimg.com,True,True,CsiI,,,,1a5fe5677b0e4fbbc854e8908225637d,d199ba0af2b08e204c73d6d81a1fd260,http/1.1,,10372.105348,10.0.2.15,53078,104.244.43.241,443,tcp,29.268401000001177,1615.0,22489.0,SF,True,False,0,ShADadTfF,20,2424,28,23613,ssl,0
10381.087563,C6snFX2bluA6oeeZD2,10.0.2.15,53079,195.149.84.78,443,TLSv12,TLS_ECDHE_RSA_WITH_AES_256_GCM_SHA384,secp384r1,login.wn.com,False,True,CsxknGIti,"['336979a2ab5d06b07c45f8b6ad4d46c17076dd6843d88b3ee750d080d51ef357', '154c433c491929c5ef686e838e323664a00e6a0d822ccc958fb4dab03e49a08f']",[],1.0,0ffee3ba8e615ad22535e7f771690a28,758945630046fd37070521b8544d1fe8,,,10374.028445,10.0.2.15,53079,195.149.84.78,443,tcp,13.743297999999411,1573.0,4964.0,SF,True,False,0,ShADadfF,11,2021,13,5488,ssl,0
10382.877339,Cgc7T4God9IOsy7g4,10.0.2.15,53082,157.240.2.25,443,TLSv12,TLS_ECDHE_ECDSA_WITH_AES_128_GCM_SHA256,secp256r1,connect.facebook.net,False,True,CsxknGIti,"['152151b387412a95ab90fd4664f2d98880408e9e43913124e4c91226a483386b', '19400be5b7a31fb733917700789d2f0a2471c0c9d506c0e504c06c16d7cb17c0']",[],1.0,0ffee3ba8e615ad22535e7f771690a28,2d1eb5817ece335c24904f516ad5da12,h2,,10381.234678,10.0.2.15,53082,157.240.2.25,443,tcp,200.786333,964.0,67578.0,SF,True,False,0,ShADadfF,33,2292,66,70222,ssl,0
10382.887243,CthdPB49PmeJlxPzpj,10.0.2.15,53080,54.239.17.112,443,TLSv12,TLS_ECDHE_RSA_WITH_AES_128_GCM_SHA256,secp256r1,s.amazon-adsystem.com,False,True,CsxuknGIi,"['7aa9c626df008ae871a1102a89e399d8a8937c96bfc3007e75c63e21494df449', 'eae72eb454bf6c3977ebd289e970b2f5282949190093d0d26f98d0f0d6a9cf17']",[],1.0,0ffee3ba8e615ad22535e7f771690a28,2b1f517a72b7346c86d59ef328167d49,,,10381.122674,10.0.2.15,53080,54.239.17.112,443,tcp,9.001987999999983,355.0,5056.0,SF,True,False,0,ShADadFf,10,763,12,5540,ssl,0
10383.711641,CTk5kEfHKz3sdaLQ5,10.0.2.15,53087,151.101.112.134,443,TLSv12,TLS_ECDHE_RSA_WITH_AES_128_GCM_SHA256,secp256r1,httpwncom.disqus.com,False,True,CsxuknGIti,"['72fccfb0423eeaf4a935114758c42ae52c971a55e6226361bf3b672459c93599', '154c433c491929c5ef686e838e323664a00e6a0d822ccc958fb4dab03e49a08f']",[],1.0,0ffee3ba8e615ad22535e7f771690a28,860fcf58fd757e26aa8911e5eaff6b53,http/1.1,,10382.01059,10.0.2.15,53087,151.101.112.134,443,tcp,137.81588600000032,990.0,22510.0,SF,True,False,0,ShADadTTFfRr,32,2291,43,24234,ssl,0
10383.719358,CAOtwm3grUm0aDbZ6e,10.0.2.15,53086,151.80.100.109,443,TLSv12,TLS_ECDHE_RSA_WITH_AES_256_CBC_SHA,secp256r1,pro.ip-api.com,False,True,CsxknGIti,"['594ded671c8df8e94e5d9fb2092841211ad63cca2ba2996a0e398c052d41d1f1', '02ab57e4e67a0cb48dd2ff34830e8ac40f4476fb08ca6be3f5cd846f646840f0', '4f32d5dc00f715250abcc486511e37f501a899deb3bf7ea8adbbd3aef1c412da']",[],1.0,0ffee3ba8e615ad22535e7f771690a28,6292177b4787a8184457a6eb9ad649f5,http/1.1,,10382.009629,10.0.2.15,53086,151.80.100.109,443,tcp,14.745683999999528,842.0,5552.0,SF,True,False,0,ShADadfF,11,1290,15,6156,ssl,0
10383.728182,Cc0ipR3LvQBxpm6591,10.0.2.15,53085,195.149.84.78,443,TLSv12,TLS_ECDHE_RSA_WITH_AES_256_GCM_SHA384,secp384r1,editor.wn.com,False,True,CsxknGIti,"['336979a2ab5d06b07c45f8b6ad4d46c17076dd6843d88b3ee750d080d51ef357', '154c433c491929c5ef686e838e323664a00e6a0d822ccc958fb4dab03e49a08f']",[],1.0,0ffee3ba8e615ad22535e7f771690a28,758945630046fd37070521b8544d1fe8,,,10382.004565,10.0.2.15,53085,195.149.84.78,443,tcp,11.884033000000272,1374.0,4444.0,SF,True,False,0,ShADadfF,11,1822,12,4928,ssl,0
10383.737348,CLRPPU1Gmo8h619F95,10.0.2.15,53084,151.101.112.134,443,TLSv12,TLS_ECDHE_RSA_WITH_AES_128_GCM_SHA256,secp256r1,httpwncom.disqus.com,False,True,CsxuknGIti,"['72fccfb0423eeaf4a935114758c42ae52c971a55e6226361bf3b672459c93599', '154c433c491929c5ef686e838e323664a00e6a0d822ccc958fb4dab03e49a08f']",[],1.0,0ffee3ba8e615ad22535e7f771690a28,860fcf58fd757e26aa8911e5eaff6b53,http/1.1,,10382.002441,10.0.2.15,53084,151.101.112.134,443,tcp,8.569187999999485,354.0,3713.0,SF,True,False,0,ShADadFfRr,11,802,12,4197,ssl,0
10386.133599,C9G0nN2AIxdXIc1qZb,10.0.2.15,53088,195.149.84.105,443,TLSv12,TLS_ECDHE_RSA_WITH_AES_128_GCM_SHA256,,article.wn.com,True,True,CsiI,,,,1a5fe5677b0e4fbbc854e8908225637d,fbe78c619e7ea20046131294ad087f05,,,10385.229413,10.0.2.15,53088,195.149.84.105,443,tcp,5.061157000000094,2063.0,798.0,SF,True,False,0,ShADadfF,9,2431,9,1162,ssl,0
10391.44296,C2WO521FhVs9FsaVYe,10.0.2.15,53091,172.217.23.238,443,TLSv12,TLS_ECDHE_ECDSA_WITH_AES_128_GCM_SHA256,x25519,s.ytimg.com,False,True,CsxknGIti,"['11ddd329046367c19b32ffdb02ed308de129de4d6ffcf95856d7bd6a7accfba9', '9f630426df1d8abfd80ace98871ba833ab9742cb34838de2b5285ed54c0c7dcc', '3c35cc963eb004451323d3275d05b353235053490d9cd83729a2faf5e7ca1cc0']",[],1.0,0ffee3ba8e615ad22535e7f771690a28,84480cf8cf0e732666092640e581e1a5,h2,,10390.68868,10.0.2.15,53091,172.217.23.238,443,tcp,8.577564000001075,524.0,4407.0,SF,True,False,0,ShADadFf,11,972,13,4931,ssl,0
10392.165396,C1WXki4cKqWDkKTiJ5,10.0.2.15,53090,95.172.94.55,443,TLSv12,TLS_ECDHE_RSA_WITH_AES_128_GCM_SHA256,,pixel.quantserve.com,True,True,CsiI,,,,1a5fe5677b0e4fbbc854e8908225637d,fbe78c619e7ea20046131294ad087f05,,,10390.685859,10.0.2.15,53090,95.172.94.55,443,tcp,7.991327000001547,1856.0,482.0,SF,True,False,0,ShADadfF,9,2224,9,846,ssl,0
10394.495384,Cpzkku4iO0aJ1jV2Vc,10.0.2.15,53092,95.172.94.55,443,TLSv12,TLS_ECDHE_RSA_WITH_AES_128_GCM_SHA256,,pixel.quantserve.com,True,True,CsiI,,,,1a5fe5677b0e4fbbc854e8908225637d,fbe78c619e7ea20046131294ad087f05,,,10392.829475,10.0.2.15,53092,95.172.94.55,443,tcp,8.562077999999019,599.0,168.0,SF,True,False,0,ShADadFfRr,9,967,9,532,ssl,0
10394.498861,C7EMQO1KVHYYuZnE2k,10.0.2.15,53096,209.197.3.16,443,TLSv12,TLS_ECDHE_RSA_WITH_AES_128_GCM_SHA256,,cdn5.userzoom.com,True,True,CsiI,,,,1a5fe5677b0e4fbbc854e8908225637d,c6227321ea7621862dc7b7351771a62c,,,10392.834529,10.0.2.15,53096,209.197.3.16,443,tcp,9.322760000000926,995.0,479.0,SF,True,False,0,ShADadfF,9,1363,9,843,ssl,0
10394.507369,CUN1iAq7GJOtCjGv2,10.0.2.15,53095,172.217.23.230,443,TLSv12,TLS_ECDHE_RSA_WITH_AES_128_GCM_SHA256,,static.doubleclick.net,True,True,CsiI,,,,1a5fe5677b0e4fbbc854e8908225637d,67619a80665d7ab92d1041b1d11f9164,h2,,10392.832455,10.0.2.15,53095,172.217.23.230,443,tcp,327.40267499999936,1663.0,1167.0,SF,True,False,0,ShADadFf,29,2831,30,2371,ssl,0
10394.952636,Cr03IK6r1NZ3Q9yVj,10.0.2.15,53098,104.244.46.7,443,TLSv12,TLS_ECDHE_RSA_WITH_AES_128_GCM_SHA256,secp256r1,pbs.twimg.com,False,True,CsxuknGIti,"['50151d00a5e95211d26e50279b716712b0f4ae2e122f5cb802ccc24f1616a48e', '19400be5b7a31fb733917700789d2f0a2471c0c9d506c0e504c06c16d7cb17c0']",[],1.0,0ffee3ba8e615ad22535e7f771690a28,76cc3e2d3028143b23ec18e27dbd7ca9,h2,,10393.893235,10.0.2.15,53098,104.244.46.7,443,tcp,106.84265500000038,6526.0,1493357.0,RSTR,True,False,0,ShADadWtRr,232,15814,1161,1541221,ssl,0
10394.910861,CM5tu31yraEebMOIt6,10.0.2.15,53097,172.217.23.237,443,TLSv12,TLS_ECDHE_RSA_WITH_AES_128_GCM_SHA256,x25519,accounts.google.com,False,True,CsxknGIti,"['db115550b0150d52e887a39b4b96793248152b63f300461c73a507e588f3f749', '9f630426df1d8abfd80ace98871ba833ab9742cb34838de2b5285ed54c0c7dcc', '3c35cc963eb004451323d3275d05b353235053490d9cd83729a2faf5e7ca1cc0']",[],1.0,0ffee3ba8e615ad22535e7f771690a28,ab41313cfec25328b20865eb1388e0a2,h2,,10393.892024,10.0.2.15,53097,172.217.23.237,443,tcp,534.03024,2276.0,6636.0,SF,True,False,0,ShADadTFf,36,3725,40,8240,ssl,0
10408.582052,CSQVK01WGjUDlG98Aa,10.0.2.15,53100,195.149.84.105,443,TLSv12,TLS_ECDHE_RSA_WITH_AES_128_GCM_SHA256,,article.wn.com,True,True,CsiI,,,,1a5fe5677b0e4fbbc854e8908225637d,fbe78c619e7ea20046131294ad087f05,,,10402.178282,10.0.2.15,53100,195.149.84.105,443,tcp,11.304296999998767,2234.0,1109.0,SF,True,False,0,ShADadfF,9,2602,9,1473,ssl,0
10408.574016,CVzaog4VWgPjbqoh4a,10.0.2.15,53099,195.149.84.105,443,TLSv12,TLS_ECDHE_RSA_WITH_AES_128_GCM_SHA256,,article.wn.com,True,True,CsiI,,,,1a5fe5677b0e4fbbc854e8908225637d,fbe78c619e7ea20046131294ad087f05,,,10402.169858,10.0.2.15,53099,195.149.84.105,443,tcp,11.313437000000704,2220.0,1338.0,SF,True,False,0,ShADadfF,9,2588,9,1702,ssl,0
10408.576598,CdKeFB4qqfne8zArM7,10.0.2.15,53104,195.149.84.105,443,TLSv12,TLS_ECDHE_RSA_WITH_AES_128_GCM_SHA256,,article.wn.com,True,True,CsiI,,,,1a5fe5677b0e4fbbc854e8908225637d,fbe78c619e7ea20046131294ad087f05,,,10402.190152,10.0.2.15,53104,195.149.84.105,443,tcp,11.598559000000025,2234.0,1108.0,SF,True,False,0,ShADadfF,9,2602,9,1472,ssl,0
10408.578079,CQZ2xh43EAc5S21je9,10.0.2.15,53103,195.149.84.105,443,TLSv12,TLS_ECDHE_RSA_WITH_AES_128_GCM_SHA256,,article.wn.com,True,True,CsiI,,,,1a5fe5677b0e4fbbc854e8908225637d,fbe78c619e7ea20046131294ad087f05,,,10402.188321,10.0.2.15,53103,195.149.84.105,443,tcp,11.7520370000002,2234.0,1108.0,SF,True,False,0,ShADadfF,9,2602,9,1472,ssl,0
10408.578908,Ctj0B02JfW6y6omrrl,10.0.2.15,53102,195.149.84.105,443,TLSv12,TLS_ECDHE_RSA_WITH_AES_128_GCM_SHA256,,article.wn.com,True,True,CsiI,,,,1a5fe5677b0e4fbbc854e8908225637d,fbe78c619e7ea20046131294ad087f05,,,10402.184287,10.0.2.15,53102,195.149.84.105,443,tcp,11.95663500000046,2234.0,1108.0,SF,True,False,0,ShADadfF,9,2602,9,1472,ssl,0
10408.581208,CCvHcr4dhsmwgv8pOc,10.0.2.15,53101,195.149.84.105,443,TLSv12,TLS_ECDHE_RSA_WITH_AES_128_GCM_SHA256,,article.wn.com,True,True,CsiI,,,,1a5fe5677b0e4fbbc854e8908225637d,fbe78c619e7ea20046131294ad087f05,,,10402.182238,10.0.2.15,53101,195.149.84.105,443,tcp,12.167810000000827,2234.0,1109.0,SF,True,False,0,ShADadfF,9,2602,10,1513,ssl,0
10408.575597,CVZuU93rDM0GQIIrwc,10.0.2.15,53105,93.184.220.70,443,TLSv12,TLS_ECDHE_RSA_WITH_AES_128_GCM_SHA256,secp256r1,abs.twimg.com,False,True,CsxuknGIti,"['498dfbfa068ce7e3252a308f9578608d3df2d287b5b9284571f7d3ed43ba3ab0', '19400be5b7a31fb733917700789d2f0a2471c0c9d506c0e504c06c16d7cb17c0', '7431e5f4c3c1ce4690774f0b61e05440883ba9a01ed00ba6abd7806ed3b118cf']",[],1.0,0ffee3ba8e615ad22535e7f771690a28,76cc3e2d3028143b23ec18e27dbd7ca9,http/1.1,,10404.02069,10.0.2.15,53105,93.184.220.70,443,tcp,143.68996900000093,735.0,7046.0,SF,True,False,0,ShADadTTFfRr,26,1796,29,8210,ssl,0
10411.923328,ClxcEA2V5nNxcyAYL3,10.0.2.15,53119,195.149.84.105,443,TLSv12,TLS_ECDHE_RSA_WITH_AES_128_GCM_SHA256,,article.wn.com,True,True,CsiI,,,,1a5fe5677b0e4fbbc854e8908225637d,fbe78c619e7ea20046131294ad087f05,,,10410.80377,10.0.2.15,53119,195.149.84.105,443,tcp,6.051765999998679,2234.0,1108.0,SF,True,False,0,ShADadfF,10,2642,10,1512,ssl,0
10411.92421,CMBHfGVE8qxSQfh2c,10.0.2.15,53118,195.149.84.105,443,TLSv12,TLS_ECDHE_RSA_WITH_AES_128_GCM_SHA256,,article.wn.com,True,True,CsiI,,,,1a5fe5677b0e4fbbc854e8908225637d,fbe78c619e7ea20046131294ad087f05,,,10410.802433,10.0.2.15,53118,195.149.84.105,443,tcp,6.285751999999775,2234.0,1108.0,SF,True,False,0,ShADadfF,9,2602,10,1512,ssl,0
10411.89796,CAJDIB3XAeLZ6HEDp1,10.0.2.15,53117,195.149.84.105,443,TLSv12,TLS_ECDHE_RSA_WITH_AES_128_GCM_SHA256,,article.wn.com,True,True,CsiI,,,,1a5fe5677b0e4fbbc854e8908225637d,fbe78c619e7ea20046131294ad087f05,,,10410.800939,10.0.2.15,53117,195.149.84.105,443,tcp,6.763675000000148,2234.0,1108.0,SF,True,False,0,ShADadfF,10,2642,11,1552,ssl,0
10411.916875,CwV85t8ySe42XpYB8,10.0.2.15,53122,195.149.84.105,443,TLSv12,TLS_ECDHE_RSA_WITH_AES_128_GCM_SHA256,,article.wn.com,True,True,CsiI,,,,1a5fe5677b0e4fbbc854e8908225637d,fbe78c619e7ea20046131294ad087f05,,,10410.808655,10.0.2.15,53122,195.149.84.105,443,tcp,6.9184429999986605,2234.0,1108.0,SF,True,False,0,ShADadfF,10,2642,10,1512,ssl,0
10411.921607,CWGaZ41JxMaa5sZw7d,10.0.2.15,53121,195.149.84.105,443,TLSv12,TLS_ECDHE_RSA_WITH_AES_128_GCM_SHA256,,article.wn.com,True,True,CsiI,,,,1a5fe5677b0e4fbbc854e8908225637d,fbe78c619e7ea20046131294ad087f05,,,10410.807198,10.0.2.15,53121,195.149.84.105,443,tcp,7.294975999999224,2234.0,1109.0,SF,True,False,0,ShADadfF,10,2642,10,1513,ssl,0
10411.922752,CaSDff1b3r2ji9Ue0i,10.0.2.15,53120,195.149.84.105,443,TLSv12,TLS_ECDHE_RSA_WITH_AES_128_GCM_SHA256,,article.wn.com,True,True,CsiI,,,,1a5fe5677b0e4fbbc854e8908225637d,fbe78c619e7ea20046131294ad087f05,,,10410.805264,10.0.2.15,53120,195.149.84.105,443,tcp,7.451712999998563,2234.0,1108.0,SF,True,False,0,ShADadfF,10,2642,11,1552,ssl,0
10411.909688,CAjcR32rzHIZ39KDmh,10.0.2.15,53115,151.101.192.134,443,TLSv12,TLS_ECDHE_RSA_WITH_AES_128_GCM_SHA256,secp256r1,disqus.com,False,True,CsxuknGIti,"['72fccfb0423eeaf4a935114758c42ae52c971a55e6226361bf3b672459c93599', '154c433c491929c5ef686e838e323664a00e6a0d822ccc958fb4dab03e49a08f']",[],1.0,0ffee3ba8e615ad22535e7f771690a28,860fcf58fd757e26aa8911e5eaff6b53,http/1.1,,10410.796329,10.0.2.15,53115,151.101.192.134,443,tcp,51.28156599999966,2609.0,9501.0,SF,True,False,0,ShADadTFfRr,19,3381,23,10425,ssl,0
10411.908297,Co844p2L2Z518jttf5,10.0.2.15,53116,52.73.154.244,443,TLSv12,TLS_ECDHE_RSA_WITH_AES_128_GCM_SHA256,secp256r1,srv-2017-05-02-02.pixel.parsely.com,False,True,CsxknGIi,"['9ef436fd497ee75524e1cbde374a65ea785dae9777626d083d2076114fa85642', '02ab57e4e67a0cb48dd2ff34830e8ac40f4476fb08ca6be3f5cd846f646840f0', '4f32d5dc00f715250abcc486511e37f501a899deb3bf7ea8adbbd3aef1c412da']",[],1.0,0ffee3ba8e615ad22535e7f771690a28,303951d4c50efb2e991652225a6f02b1,,,10410.799297,10.0.2.15,53116,52.73.154.244,443,tcp,19.29110700000092,1048.0,5131.0,SF,True,False,0,ShADadTFf,13,1577,14,5695,ssl,0
10412.230972,CE3Tja1AndCNThg5Jj,10.0.2.15,53123,172.217.23.238,443,TLSv12,TLS_ECDHE_ECDSA_WITH_AES_128_GCM_SHA256,x25519,youtubei.youtube.com,False,True,CsxknGIti,"['11ddd329046367c19b32ffdb02ed308de129de4d6ffcf95856d7bd6a7accfba9', '9f630426df1d8abfd80ace98871ba833ab9742cb34838de2b5285ed54c0c7dcc', '3c35cc963eb004451323d3275d05b353235053490d9cd83729a2faf5e7ca1cc0']",[],1.0,0ffee3ba8e615ad22535e7f771690a28,84480cf8cf0e732666092640e581e1a5,h2,,10411.273308,10.0.2.15,53123,172.217.23.238,443,tcp,202.0306810000002,1112.0,4940.0,SF,True,False,0,ShADadFf,20,1920,21,5784,ssl,0
10412.2625,C37dJW325YodJbDlbe,10.0.2.15,53125,213.239.195.215,443,TLSv12,TLS_ECDHE_RSA_WITH_AES_256_GCM_SHA384,,tt.onthe.io,True,True,CsiI,,,,1a5fe5677b0e4fbbc854e8908225637d,364ff14b04ef93c3b4cfa429d729c0d9,,,10411.274837,10.0.2.15,53125,213.239.195.215,443,tcp,7.948955999998361,599.0,137.0,SF,True,False,0,ShADadFf,8,927,7,421,ssl,0
10412.266472,CcIorKhYIPB3Tymd2,10.0.2.15,53124,213.239.195.215,443,TLSv12,TLS_ECDHE_RSA_WITH_AES_256_GCM_SHA384,,tt.onthe.io,True,True,CsiI,,,,1a5fe5677b0e4fbbc854e8908225637d,364ff14b04ef93c3b4cfa429d729c0d9,,,10411.274322,10.0.2.15,53124,213.239.195.215,443,tcp,7.959843000000546,599.0,137.0,SF,True,False,0,ShADadFf,8,927,7,421,ssl,0
10412.25905,CQJX9E3PbPQpMvfvW8,10.0.2.15,53126,52.73.154.244,443,TLSv12,TLS_ECDHE_RSA_WITH_AES_128_GCM_SHA256,secp256r1,srv-2017-05-02-02.pixel.parsely.com,False,True,CsxknGIi,"['9ef436fd497ee75524e1cbde374a65ea785dae9777626d083d2076114fa85642', '02ab57e4e67a0cb48dd2ff34830e8ac40f4476fb08ca6be3f5cd846f646840f0', '4f32d5dc00f715250abcc486511e37f501a899deb3bf7ea8adbbd3aef1c412da']",[],1.0,0ffee3ba8e615ad22535e7f771690a28,303951d4c50efb2e991652225a6f02b1,,,10411.275745,10.0.2.15,53126,52.73.154.244,443,tcp,30.53739399999904,2468.0,5647.0,SF,True,False,0,ShADadTFf,16,3117,18,6371,ssl,0
10416.864314,CnVc4b1cURi6aS7oN2,10.0.2.15,53127,172.217.23.238,443,TLSv12,TLS_ECDHE_ECDSA_WITH_AES_128_GCM_SHA256,x25519,youtubei.youtube.com,False,True,CsxknGIti,"['11ddd329046367c19b32ffdb02ed308de129de4d6ffcf95856d7bd6a7accfba9', '9f630426df1d8abfd80ace98871ba833ab9742cb34838de2b5285ed54c0c7dcc', '3c35cc963eb004451323d3275d05b353235053490d9cd83729a2faf5e7ca1cc0']",[],1.0,0ffee3ba8e615ad22535e7f771690a28,84480cf8cf0e732666092640e581e1a5,h2,,10416.342413,10.0.2.15,53127,172.217.23.238,443,tcp,9.392390999999408,942.0,4846.0,SF,True,False,0,ShADadFf,15,1550,17,5530,ssl,0
10421.279662,CYDwIw1hUuQqWNw5O5,10.0.2.15,53131,195.149.84.105,443,TLSv12,TLS_ECDHE_RSA_WITH_AES_128_GCM_SHA256,,article.wn.com,True,True,CsiI,,,,1a5fe5677b0e4fbbc854e8908225637d,fbe78c619e7ea20046131294ad087f05,,,10420.726984,10.0.2.15,53131,195.149.84.105,443,tcp,4.154035999999905,2234.0,1108.0,SF,True,False,0,ShADadfF,10,2642,11,1552,ssl,0
10422.264057,CsNHfv17KozCWK31v3,10.0.2.15,53132,195.149.84.105,443,TLSv12,TLS_ECDHE_RSA_WITH_AES_128_GCM_SHA256,,article.wn.com,True,True,CsiI,,,,1a5fe5677b0e4fbbc854e8908225637d,fbe78c619e7ea20046131294ad087f05,,,10422.008945,10.0.2.15,53132,195.149.84.105,443,tcp,4.534419999999955,2234.0,1109.0,SF,True,False,0,ShADadfF,8,2562,9,1473,ssl,0
10422.265943,CU1PA43q82nvhChgXb,10.0.2.15,53133,195.149.84.105,443,TLSv12,TLS_ECDHE_RSA_WITH_AES_128_GCM_SHA256,,article.wn.com,True,True,CsiI,,,,1a5fe5677b0e4fbbc854e8908225637d,fbe78c619e7ea20046131294ad087f05,,,10422.00989,10.0.2.15,53133,195.149.84.105,443,tcp,4.747001000001546,2234.0,1108.0,SF,True,False,0,ShADadfF,8,2562,9,1472,ssl,0
10424.678602,C6CNXe1Iof8IbVcqS7,10.0.2.15,53141,52.73.154.244,443,TLSv12,TLS_ECDHE_RSA_WITH_AES_128_GCM_SHA256,,srv-2017-05-02-02.pixel.parsely.com,True,True,CsiI,,,,0ffee3ba8e615ad22535e7f771690a28,303951d4c50efb2e991652225a6f02b1,,,10424.312077,10.0.2.15,53141,52.73.154.244,443,tcp,9.74534499999936,326.0,176.0,SF,True,False,0,ShADadFfRr,8,654,9,540,ssl,0
10424.677744,CBefBPdRBvHz4APS7,10.0.2.15,53142,104.16.78.166,443,TLSv12,TLS_ECDHE_ECDSA_WITH_AES_128_GCM_SHA256,secp256r1,c.disquscdn.com,False,True,CsxuknGIti,"['53e68e341f9d8a1de2a1f9425f2c3a86f9a00fce8df33513d92fbe6b1b3e5a3d', 'cd6c108a0e641f2ca122aaa6d03f826759cae7c6f800eabf76dc48b67cd083ce', '9573862ac0b4b125168810ea3fd101ae2eb0bb15f61fc0e6da7a2a38b85a89e8']",[],1.0,0ffee3ba8e615ad22535e7f771690a28,7d3eb4120cd50e889bcd3f3783be0f82,h2,,10424.313322,10.0.2.15,53142,104.16.78.166,443,tcp,200.0346750000008,1272.0,4910.0,SF,True,False,0,ShADadFf,19,2040,21,5754,ssl,0
10429.97517,C5CeUp3UnjSc1WtCs3,10.0.2.15,53146,172.217.23.238,443,TLSv12,TLS_ECDHE_ECDSA_WITH_AES_128_GCM_SHA256,x25519,youtubei.youtube.com,False,True,CsxknGIti,"['11ddd329046367c19b32ffdb02ed308de129de4d6ffcf95856d7bd6a7accfba9', '9f630426df1d8abfd80ace98871ba833ab9742cb34838de2b5285ed54c0c7dcc', '3c35cc963eb004451323d3275d05b353235053490d9cd83729a2faf5e7ca1cc0']",[],1.0,0ffee3ba8e615ad22535e7f771690a28,84480cf8cf0e732666092640e581e1a5,h2,,10428.885669,10.0.2.15,53146,172.217.23.238,443,tcp,6.80129400000078,533.0,4422.0,SF,True,False,0,ShADadFf,11,981,13,4946,ssl,0
10431.199464,CukyiQ2frndZx6Kggb,10.0.2.15,53148,54.210.134.71,443,TLSv12,TLS_ECDHE_RSA_WITH_AES_128_GCM_SHA256,secp256r1,log.pinterest.com,False,True,CsxknGIi,"['d1ab179db88a34a8c788897bd5b599cba4cfcc5de8a3b9b2349135779e8f2092', '19400be5b7a31fb733917700789d2f0a2471c0c9d506c0e504c06c16d7cb17c0']",[],1.0,0ffee3ba8e615ad22535e7f771690a28,303951d4c50efb2e991652225a6f02b1,,,10430.813586,10.0.2.15,53148,54.210.134.71,443,tcp,63.21284799999921,1076.0,3945.0,SF,True,False,0,ShADadTFf,15,1689,17,4629,ssl,0
10433.585709,C5nrHV3xjpTuCqG7Tk,10.0.2.15,53149,172.217.23.238,443,TLSv12,TLS_ECDHE_ECDSA_WITH_AES_128_GCM_SHA256,x25519,youtubei.youtube.com,False,True,CsxknGIti,"['11ddd329046367c19b32ffdb02ed308de129de4d6ffcf95856d7bd6a7accfba9', '9f630426df1d8abfd80ace98871ba833ab9742cb34838de2b5285ed54c0c7dcc', '3c35cc963eb004451323d3275d05b353235053490d9cd83729a2faf5e7ca1cc0']",[],1.0,0ffee3ba8e615ad22535e7f771690a28,84480cf8cf0e732666092640e581e1a5,h2,,10433.259418,10.0.2.15,53149,172.217.23.238,443,tcp,8.451694000001226,501.0,4422.0,SF,True,False,0,ShADadFf,11,949,13,4946,ssl,0
10436.107477,CMuvHm2wOJjYTQSnO,10.0.2.15,53168,213.239.195.215,443,TLSv12,TLS_ECDHE_RSA_WITH_AES_256_GCM_SHA384,,tt.onthe.io,True,True,CsiI,,,,1a5fe5677b0e4fbbc854e8908225637d,364ff14b04ef93c3b4cfa429d729c0d9,,,10435.541423,10.0.2.15,53168,213.239.195.215,443,tcp,6.339132999999492,599.0,137.0,SF,True,False,0,ShADadFf,7,887,7,421,ssl,0
10436.109138,CSDy065uOpJ40Apmd,10.0.2.15,53167,172.217.23.226,443,TLSv12,TLS_ECDHE_RSA_WITH_AES_128_GCM_SHA256,,securepubads.g.doubleclick.net,True,True,CsiI,,,,1a5fe5677b0e4fbbc854e8908225637d,67619a80665d7ab92d1041b1d11f9164,h2,,10435.540876,10.0.2.15,53167,172.217.23.226,443,tcp,194.9433010000012,2037.0,9289.0,SF,True,False,0,ShADadFf,20,2845,27,10373,ssl,0
10440.973203,CymLcT1bCgiYRVLLbe,10.0.2.15,53172,213.239.195.215,443,TLSv12,TLS_ECDHE_RSA_WITH_AES_256_GCM_SHA384,,tt.onthe.io,True,True,CsiI,,,,1a5fe5677b0e4fbbc854e8908225637d,364ff14b04ef93c3b4cfa429d729c0d9,,,10440.478003,10.0.2.15,53172,213.239.195.215,443,tcp,24.61590599999909,4039.0,961.0,SF,True,False,0,ShADadFf,14,4607,15,1565,ssl,0
10440.97804,Cp8DTv195DnjVwENJc,10.0.2.15,53171,213.239.195.215,443,TLSv12,TLS_ECDHE_RSA_WITH_AES_256_GCM_SHA384,,tt.onthe.io,True,True,CsiI,,,,1a5fe5677b0e4fbbc854e8908225637d,364ff14b04ef93c3b4cfa429d729c0d9,,,10440.47746,10.0.2.15,53171,213.239.195.215,443,tcp,24.61983599999985,4046.0,961.0,SF,True,False,0,ShADadFf,14,4614,15,1565,ssl,0
10441.181926,CGkhblNg3ITqKdxIa,10.0.2.15,53173,104.16.78.166,443,TLSv12,TLS_ECDHE_ECDSA_WITH_AES_128_GCM_SHA256,secp256r1,c.disquscdn.com,False,True,CsxuknGIti,"['53e68e341f9d8a1de2a1f9425f2c3a86f9a00fce8df33513d92fbe6b1b3e5a3d', 'cd6c108a0e641f2ca122aaa6d03f826759cae7c6f800eabf76dc48b67cd083ce', '9573862ac0b4b125168810ea3fd101ae2eb0bb15f61fc0e6da7a2a38b85a89e8']",[],1.0,0ffee3ba8e615ad22535e7f771690a28,7d3eb4120cd50e889bcd3f3783be0f82,h2,,10440.62295,10.0.2.15,53173,104.16.78.166,443,tcp,24.889900999998645,1470.0,190284.0,RSTR,True,False,0,ShADadWRr,56,3718,165,196888,ssl,0
10447.568495,CEH5bk29YlGDaIYxhk,10.0.2.15,53186,54.230.92.242,443,TLSv12,TLS_ECDHE_RSA_WITH_AES_128_GCM_SHA256,,choices.truste.com,True,True,CsiI,,,,1a5fe5677b0e4fbbc854e8908225637d,d199ba0af2b08e204c73d6d81a1fd260,http/1.1,,10446.959832,10.0.2.15,53186,54.230.92.242,443,tcp,122.05148799999915,1013.0,9060.0,SF,True,False,0,ShADadTTfF,20,1832,26,10104,ssl,0
10447.613433,CoLQFM3ejEvjzHi529,10.0.2.15,53185,52.85.185.214,443,TLSv12,TLS_ECDHE_RSA_WITH_AES_128_GCM_SHA256,secp256r1,ad.adsrvr.org,False,True,CsxuknGIti,"['eb6a61e357a3b2f8e2ab4cc809f2088543de4475bcacfe6122f6dbe82d9b7c38', '58ea0688b7909aaa8eaaa2fff36f3bbe8f4a2ad03bd70243b3903469db4890f7']",[],1.0,0ffee3ba8e615ad22535e7f771690a28,76cc3e2d3028143b23ec18e27dbd7ca9,http/1.1,,10446.958738,10.0.2.15,53185,52.85.185.214,443,tcp,5.591865000000325,3580.0,44600.0,SF,True,False,0,ShADadFf,30,4788,56,46844,ssl,0
10447.622284,CbpM1y4iUssIzAekHi,10.0.2.15,53184,176.74.173.248,443,TLSv12,TLS_ECDHE_RSA_WITH_AES_256_CBC_SHA,secp256r1,eur-ukp.adsrvr.org,False,True,CsxuknGIi,"['eb6a61e357a3b2f8e2ab4cc809f2088543de4475bcacfe6122f6dbe82d9b7c38', '58ea0688b7909aaa8eaaa2fff36f3bbe8f4a2ad03bd70243b3903469db4890f7']",[],1.0,0ffee3ba8e615ad22535e7f771690a28,4fd467dd264720762ffe286277c00f57,,,10446.956799,10.0.2.15,53184,176.74.173.248,443,tcp,5.575055999999677,4291.0,7577.0,SF,True,False,0,ShADadfF,14,4859,17,8261,ssl,0
10447.63598,CnVIl93YkO1K1if6h7,10.0.2.15,53181,213.239.195.215,443,TLSv12,TLS_ECDHE_RSA_WITH_AES_256_GCM_SHA384,,tt.onthe.io,True,True,CsiI,,,,1a5fe5677b0e4fbbc854e8908225637d,364ff14b04ef93c3b4cfa429d729c0d9,,,10446.952038,10.0.2.15,53181,213.239.195.215,443,tcp,6.314669999999751,599.0,137.0,SF,True,False,0,ShADadFf,8,927,7,421,ssl,0
10447.628345,Ckpgkp2rsP22Su424c,10.0.2.15,53183,172.217.23.194,443,TLSv12,TLS_ECDHE_RSA_WITH_AES_128_GCM_SHA256,x25519,adx.g.doubleclick.net,False,True,CsxknGIti,"['a32ffddd76f9e7debbfc9a37b38d2ef86039b30a10d7c45ab8223d149cf99699', '9f630426df1d8abfd80ace98871ba833ab9742cb34838de2b5285ed54c0c7dcc', '3c35cc963eb004451323d3275d05b353235053490d9cd83729a2faf5e7ca1cc0']",[],1.0,0ffee3ba8e615ad22535e7f771690a28,ab41313cfec25328b20865eb1388e0a2,h2,,10446.955566,10.0.2.15,53183,172.217.23.194,443,tcp,6.366522999998779,322.0,4047.0,RSTR,True,False,0,ShADadRr,10,730,9,4411,ssl,0
10447.977402,C8pzUkGoxnJ1NkTi2,10.0.2.15,53187,52.73.154.244,443,TLSv12,TLS_ECDHE_RSA_WITH_AES_128_GCM_SHA256,,srv-2017-05-02-02.pixel.parsely.com,True,True,CsiI,,,,0ffee3ba8e615ad22535e7f771690a28,303951d4c50efb2e991652225a6f02b1,,,10447.211303,10.0.2.15,53187,52.73.154.244,443,tcp,12.795749000000797,1005.0,434.0,SF,True,False,0,ShADadTFf,10,1414,10,838,ssl,0
10451.307135,Cv9mZq47ET5sxQ6Q,10.0.2.15,53188,217.31.54.24,443,TLSv12,TLS_RSA_WITH_AES_128_CBC_SHA,,gdecz.hit.gemius.pl,False,True,CsxnGIti,"['145eeb1e82a0925b3b08f380e5cd1165fe82f2c20f8c816bcb36db7a7d125f96', '3f3af9c9cc2c7599ef8f6dd7ca516cfc1797d7d12002254f3bfd0d4d0fe9de86']",[],1.0,0ffee3ba8e615ad22535e7f771690a28,c67e8b533a9001ce4e36883b8d3489c4,,,10450.820666,10.0.2.15,53188,217.31.54.24,443,tcp,2.526158000000578,538.0,2765.0,SF,True,False,0,ShADadFf,9,906,9,3129,ssl,0
10462.78703,Ch3kfQ3H3k2rhqcB5f,10.0.2.15,53192,216.58.201.98,443,TLSv12,TLS_ECDHE_RSA_WITH_AES_128_GCM_SHA256,x25519,cm.g.doubleclick.net,False,True,CsxknGIti,"['a32ffddd76f9e7debbfc9a37b38d2ef86039b30a10d7c45ab8223d149cf99699', '9f630426df1d8abfd80ace98871ba833ab9742cb34838de2b5285ed54c0c7dcc', '3c35cc963eb004451323d3275d05b353235053490d9cd83729a2faf5e7ca1cc0']",[],1.0,0ffee3ba8e615ad22535e7f771690a28,ab41313cfec25328b20865eb1388e0a2,h2,,10460.686681,10.0.2.15,53192,216.58.201.98,443,tcp,215.10126800000037,1194.0,4481.0,SF,True,False,0,ShADadFf,22,2082,25,5485,ssl,0
10463.507334,C5qwsBGCcRa0Tib29,10.0.2.15,53190,195.149.84.155,443,TLSv12,TLS_ECDHE_RSA_WITH_AES_256_GCM_SHA384,secp256r1,top.wn.com,False,True,CsxknGIti,"['336979a2ab5d06b07c45f8b6ad4d46c17076dd6843d88b3ee750d080d51ef357', '154c433c491929c5ef686e838e323664a00e6a0d822ccc958fb4dab03e49a08f']",[],1.0,0ffee3ba8e615ad22535e7f771690a28,758945630046fd37070521b8544d1fe8,,,10459.899769,10.0.2.15,53190,195.149.84.155,443,tcp,5.648086000001058,313.0,3676.0,SF,True,False,0,ShADadFf,9,681,10,4080,ssl,0
10463.534885,CRuDAe4SQKKaXeGcwi,10.0.2.15,53195,213.239.195.215,443,TLSv12,TLS_ECDHE_RSA_WITH_AES_256_GCM_SHA384,,tt.onthe.io,True,True,CsiI,,,,1a5fe5677b0e4fbbc854e8908225637d,364ff14b04ef93c3b4cfa429d729c0d9,,,10460.71419,10.0.2.15,53195,213.239.195.215,443,tcp,3.710875999999189,1621.0,343.0,SF,True,False,0,ShADadFf,9,1989,9,707,ssl,0
10463.538831,CZDiMj2v2dNdj9MYTl,10.0.2.15,53194,213.239.195.215,443,TLSv12,TLS_ECDHE_RSA_WITH_AES_256_GCM_SHA384,,tt.onthe.io,True,True,CsiI,,,,1a5fe5677b0e4fbbc854e8908225637d,364ff14b04ef93c3b4cfa429d729c0d9,,,10460.690529,10.0.2.15,53194,213.239.195.215,443,tcp,3.7346080000006623,1621.0,343.0,SF,True,False,0,ShADadFf,9,1989,9,707,ssl,0
10463.527863,CRfsxN1KVu1zgCbIZk,10.0.2.15,53189,195.149.84.155,443,TLSv12,TLS_ECDHE_RSA_WITH_AES_256_GCM_SHA384,secp256r1,top.wn.com,False,True,CsxknGIti,"['336979a2ab5d06b07c45f8b6ad4d46c17076dd6843d88b3ee750d080d51ef357', '154c433c491929c5ef686e838e323664a00e6a0d822ccc958fb4dab03e49a08f']",[],1.0,0ffee3ba8e615ad22535e7f771690a28,758945630046fd37070521b8544d1fe8,,,10459.899182,10.0.2.15,53189,195.149.84.155,443,tcp,11.52398500000163,344.0,3676.0,SF,True,False,0,ShADadFf,10,752,10,4080,ssl,0
10465.568442,CMWKjAHPMhjdwfKWf,10.0.2.15,53197,217.31.54.24,443,TLSv12,TLS_RSA_WITH_AES_128_CBC_SHA,,gdecz.hit.gemius.pl,False,True,CsxnGIti,"['145eeb1e82a0925b3b08f380e5cd1165fe82f2c20f8c816bcb36db7a7d125f96', '3f3af9c9cc2c7599ef8f6dd7ca516cfc1797d7d12002254f3bfd0d4d0fe9de86']",[],1.0,0ffee3ba8e615ad22535e7f771690a28,c67e8b533a9001ce4e36883b8d3489c4,,,10464.851538,10.0.2.15,53197,217.31.54.24,443,tcp,111.97081699999944,1204.0,3410.0,SF,True,False,0,ShADadTTfF,21,2062,21,4254,ssl,0
10465.526402,C3dwl63kXPqCk1phua,10.0.2.15,53199,52.20.131.122,443,TLSv12,TLS_ECDHE_RSA_WITH_AES_128_GCM_SHA256,secp256r1,geo.moatads.com,False,True,CsxknGIi,"['a1f5b668b42edb358e83f7846b2d9b47b4c87d7ba7c20aecdceea13939a70e76', 'e6683e88315cd1cb403c0cea490f7c4b4c82c91cd485037489aadbaa90839f61']",[],1.0,0ffee3ba8e615ad22535e7f771690a28,303951d4c50efb2e991652225a6f02b1,,,10464.856513,10.0.2.15,53199,52.20.131.122,443,tcp,68.56596499999978,2958.0,3413.0,SF,True,False,0,ShADadTFf,19,3732,19,4177,ssl,0
10465.54731,Ch2pkb19iKVdvRZr54,10.0.2.15,53198,54.208.112.228,443,TLSv12,TLS_ECDHE_RSA_WITH_AES_128_GCM_SHA256,secp256r1,mb.moatads.com,False,True,CsxknGIi,"['a1f5b668b42edb358e83f7846b2d9b47b4c87d7ba7c20aecdceea13939a70e76', 'e6683e88315cd1cb403c0cea490f7c4b4c82c91cd485037489aadbaa90839f61']",[],1.0,0ffee3ba8e615ad22535e7f771690a28,303951d4c50efb2e991652225a6f02b1,,,10464.855496,10.0.2.15,53198,54.208.112.228,443,tcp,68.03804399999899,812.0,3740.0,SF,True,False,0,ShADadTFf,18,1546,19,4504,ssl,0
10473.489813,CE7ZaS1vaTLGPWWWVj,10.0.2.15,53204,213.239.195.215,443,TLSv12,TLS_ECDHE_RSA_WITH_AES_256_GCM_SHA384,,tt.onthe.io,True,True,CsiI,,,,1a5fe5677b0e4fbbc854e8908225637d,364ff14b04ef93c3b4cfa429d729c0d9,,,10472.718241,10.0.2.15,53204,213.239.195.215,443,tcp,1.632010999999693,965.0,343.0,SF,True,False,0,ShADadFf,9,1333,9,707,ssl,0
10473.500327,CZ0dIQ3tIPEdEtveFk,10.0.2.15,53203,213.239.195.215,443,TLSv12,TLS_ECDHE_RSA_WITH_AES_256_GCM_SHA384,,tt.onthe.io,True,True,CsiI,,,,1a5fe5677b0e4fbbc854e8908225637d,364ff14b04ef93c3b4cfa429d729c0d9,,,10472.716186,10.0.2.15,53203,213.239.195.215,443,tcp,1.631198000000949,1001.0,343.0,SF,True,False,0,ShADadFf,9,1369,9,707,ssl,0
10475.189549,CQO6Af4RtwuWzbdZZk,10.0.2.15,53209,151.101.114.76,443,TLSv12,TLS_ECDHE_RSA_WITH_AES_128_GCM_SHA256,secp256r1,www.alaskaair.com,False,True,CsxknGIti,"['c80402f33103a04d258002ce9daabba476ffac01b7c33f92c2653695ff790250', '9e6bc5f9ecc52460e8edc02c644d1be1cb9f2316f41daf3b616a0b2058294b31']",[],1.0,0ffee3ba8e615ad22535e7f771690a28,5bf3945147163753a854e165090c4120,h2,,10474.512313,10.0.2.15,53209,151.101.114.76,443,tcp,421.7966770000003,4385.0,572871.0,SF,True,False,0,ShADadFfRr,212,12873,570,595675,ssl,0
10476.796725,CNo34o3EqfrsiBMsG3,10.0.2.15,53210,52.204.134.112,443,TLSv12,TLS_ECDHE_RSA_WITH_AES_128_GCM_SHA256,secp256r1,srv-2017-05-02-02.pixel.parsely.com,False,True,CsxknGIi,"['9ef436fd497ee75524e1cbde374a65ea785dae9777626d083d2076114fa85642', '02ab57e4e67a0cb48dd2ff34830e8ac40f4476fb08ca6be3f5cd846f646840f0', '4f32d5dc00f715250abcc486511e37f501a899deb3bf7ea8adbbd3aef1c412da']",[],1.0,0ffee3ba8e615ad22535e7f771690a28,303951d4c50efb2e991652225a6f02b1,,,10476.39826,10.0.2.15,53210,52.204.134.112,443,tcp,15.071427000000767,1048.0,5131.0,SF,True,False,0,ShADadTFf,13,1577,15,5735,ssl,0
10478.132485,CII7ah3utsCleqafpg,10.0.2.15,53218,213.239.195.215,443,TLSv12,TLS_ECDHE_RSA_WITH_AES_256_GCM_SHA384,,tt.onthe.io,True,True,CsiI,,,,1a5fe5677b0e4fbbc854e8908225637d,364ff14b04ef93c3b4cfa429d729c0d9,,,10477.718565,10.0.2.15,53218,213.239.195.215,443,tcp,16.001892000000225,928.0,374.0,SF,True,False,0,ShADadTfF,10,1337,10,778,ssl,0
10478.135404,Ccxg794psa66vaLLWl,10.0.2.15,53217,213.239.195.215,443,TLSv12,TLS_ECDHE_RSA_WITH_AES_256_GCM_SHA384,,tt.onthe.io,True,True,CsiI,,,,1a5fe5677b0e4fbbc854e8908225637d,364ff14b04ef93c3b4cfa429d729c0d9,,,10477.714727,10.0.2.15,53217,213.239.195.215,443,tcp,16.00626099999863,928.0,374.0,SF,True,False,0,ShADadTfF,10,1337,10,778,ssl,0
10478.145221,CVJJ4icyDIsxFBy5i,10.0.2.15,53216,213.239.195.215,443,TLSv12,TLS_ECDHE_RSA_WITH_AES_256_GCM_SHA384,,tt.onthe.io,True,True,CsiI,,,,1a5fe5677b0e4fbbc854e8908225637d,364ff14b04ef93c3b4cfa429d729c0d9,,,10477.712451,10.0.2.15,53216,213.239.195.215,443,tcp,17.566498000000138,934.0,374.0,SF,True,False,0,ShADadTfF,10,1343,10,778,ssl,0
10478.148059,CbubzQ3v5Yfeg1xN8e,10.0.2.15,53215,213.239.195.215,443,TLSv12,TLS_ECDHE_RSA_WITH_AES_256_GCM_SHA384,,tt.onthe.io,True,True,CsiI,,,,1a5fe5677b0e4fbbc854e8908225637d,364ff14b04ef93c3b4cfa429d729c0d9,,,10477.710166,10.0.2.15,53215,213.239.195.215,443,tcp,17.56717899999967,934.0,374.0,SF,True,False,0,ShADadTfF,10,1343,10,778,ssl,0
10478.646135,CUJDmJ2TWVAzkqavN,10.0.2.15,53219,95.100.167.47,443,TLSv12,TLS_ECDHE_RSA_WITH_AES_256_GCM_SHA384,secp256r1,www.state.gov,False,True,CsxknGIti,"['f1663e5d5761ceed9c2ae56cff4593c4a1f56b5f7f320a222641e018cc903693', 'eae72eb454bf6c3977ebd289e970b2f5282949190093d0d26f98d0f0d6a9cf17', '8420dfbe376f414bf4c0a81e6936d24ccc03f304835b86c7a39142fca723a689']",[],1.0,0ffee3ba8e615ad22535e7f771690a28,2b33c1374db4ddf06942f92373c0b54b,http/1.1,,10478.164418,10.0.2.15,53219,95.100.167.47,443,tcp,231.0438979999999,6292.0,261948.0,SF,True,False,0,ShADadTTFf,101,10359,265,272552,ssl,0
10478.629716,CLJMBY3x40vnQctjq3,10.0.2.15,53220,95.100.167.47,443,TLSv12,TLS_ECDHE_RSA_WITH_AES_256_GCM_SHA384,secp256r1,www.state.gov,False,True,CsxknGIti,"['f1663e5d5761ceed9c2ae56cff4593c4a1f56b5f7f320a222641e018cc903693', 'eae72eb454bf6c3977ebd289e970b2f5282949190093d0d26f98d0f0d6a9cf17', '8420dfbe376f414bf4c0a81e6936d24ccc03f304835b86c7a39142fca723a689']",[],1.0,0ffee3ba8e615ad22535e7f771690a28,2b33c1374db4ddf06942f92373c0b54b,http/1.1,,10478.179004,10.0.2.15,53220,95.100.167.47,443,tcp,226.28404200000116,7621.0,285312.0,SF,True,False,0,ShADadTTFfRr,103,11767,292,296996,ssl,0
10481.576133,CED7b42orhxRyeg4td,10.0.2.15,53225,151.101.114.76,443,TLSv12,TLS_ECDHE_RSA_WITH_AES_128_GCM_SHA256,secp256r1,resource.alaskaair.net,False,True,CsxknGIti,"['aa61c139e478525a9bfe803d9235dbda8fe02314b1f99e971e0639c77ae947bb', '973a41276ffd01e027a2aad49e34c37846d3e976ff6a620b6712e33832041aa6', '3a2fbe92891e57fe05d57087f48e730f17e5a5f53ef403d618e5b74d7a7e6ecb', 'c3846bf24b9e93ca64274c0ec67c1ecc5e024ffcacd2d74019350e81fe546ae4']",[],1.0,0ffee3ba8e615ad22535e7f771690a28,5bf3945147163753a854e165090c4120,h2,,10480.377765,10.0.2.15,53225,151.101.114.76,443,tcp,6.8431700000001,818.0,8314.0,SF,True,False,0,ShADadFfRr,16,1466,21,9158,ssl,0
10481.625919,CKejkw4X7oaQdPooS2,10.0.2.15,53224,151.101.114.76,443,TLSv12,TLS_ECDHE_RSA_WITH_AES_128_GCM_SHA256,secp256r1,resource.alaskaair.net,False,True,CsxknGIti,"['aa61c139e478525a9bfe803d9235dbda8fe02314b1f99e971e0639c77ae947bb', '973a41276ffd01e027a2aad49e34c37846d3e976ff6a620b6712e33832041aa6', '3a2fbe92891e57fe05d57087f48e730f17e5a5f53ef403d618e5b74d7a7e6ecb', 'c3846bf24b9e93ca64274c0ec67c1ecc5e024ffcacd2d74019350e81fe546ae4']",[],1.0,0ffee3ba8e615ad22535e7f771690a28,5bf3945147163753a854e165090c4120,h2,,10480.373834,10.0.2.15,53224,151.101.114.76,443,tcp,10.300381999999445,356.0,5522.0,SF,True,False,0,ShADadFRfr,11,804,13,6046,ssl,0
10481.793468,C6Hmfg34RPBaa2T9G5,10.0.2.15,53223,151.101.114.76,443,TLSv12,TLS_ECDHE_RSA_WITH_AES_128_GCM_SHA256,secp256r1,resource.alaskaair.net,False,True,CsxknGIti,"['aa61c139e478525a9bfe803d9235dbda8fe02314b1f99e971e0639c77ae947bb', '973a41276ffd01e027a2aad49e34c37846d3e976ff6a620b6712e33832041aa6', '3a2fbe92891e57fe05d57087f48e730f17e5a5f53ef403d618e5b74d7a7e6ecb', 'c3846bf24b9e93ca64274c0ec67c1ecc5e024ffcacd2d74019350e81fe546ae4']",[],1.0,0ffee3ba8e615ad22535e7f771690a28,5bf3945147163753a854e165090c4120,h2,,10480.371508,10.0.2.15,53223,151.101.114.76,443,tcp,10.30279100000007,356.0,5522.0,SF,True,False,0,ShADadFfRr,11,804,13,6046,ssl,0
10481.951248,C9qWGb2qwl4vU7OaRl,10.0.2.15,53222,151.101.114.76,443,TLSv12,TLS_ECDHE_RSA_WITH_AES_128_GCM_SHA256,secp256r1,resource.alaskaair.net,False,True,CsxknGIti,"['aa61c139e478525a9bfe803d9235dbda8fe02314b1f99e971e0639c77ae947bb', '973a41276ffd01e027a2aad49e34c37846d3e976ff6a620b6712e33832041aa6', '3a2fbe92891e57fe05d57087f48e730f17e5a5f53ef403d618e5b74d7a7e6ecb', 'c3846bf24b9e93ca64274c0ec67c1ecc5e024ffcacd2d74019350e81fe546ae4']",[],1.0,0ffee3ba8e615ad22535e7f771690a28,5bf3945147163753a854e165090c4120,h2,,10480.370941,10.0.2.15,53222,151.101.114.76,443,tcp,10.337806000001365,356.0,5522.0,SF,True,False,0,ShADadFfRr,11,804,14,6086,ssl,0
10481.550806,Ci0XAH2vTL4wWckBZ8,10.0.2.15,53227,151.101.114.76,443,TLSv12,TLS_ECDHE_RSA_WITH_AES_128_GCM_SHA256,secp256r1,resource.alaskaair.net,False,True,CsxknGIti,"['aa61c139e478525a9bfe803d9235dbda8fe02314b1f99e971e0639c77ae947bb', '973a41276ffd01e027a2aad49e34c37846d3e976ff6a620b6712e33832041aa6', '3a2fbe92891e57fe05d57087f48e730f17e5a5f53ef403d618e5b74d7a7e6ecb', 'c3846bf24b9e93ca64274c0ec67c1ecc5e024ffcacd2d74019350e81fe546ae4']",[],1.0,0ffee3ba8e615ad22535e7f771690a28,5bf3945147163753a854e165090c4120,h2,,10480.381779,10.0.2.15,53227,151.101.114.76,443,tcp,9.060530000000654,815.0,43653.0,SF,True,False,0,ShADadFfRr,27,1903,51,45697,ssl,0
10481.564262,Coo3MfvUM5rCfT4B4,10.0.2.15,53226,151.101.114.76,443,TLSv12,TLS_ECDHE_RSA_WITH_AES_128_GCM_SHA256,secp256r1,resource.alaskaair.net,False,True,CsxknGIti,"['aa61c139e478525a9bfe803d9235dbda8fe02314b1f99e971e0639c77ae947bb', '973a41276ffd01e027a2aad49e34c37846d3e976ff6a620b6712e33832041aa6', '3a2fbe92891e57fe05d57087f48e730f17e5a5f53ef403d618e5b74d7a7e6ecb', 'c3846bf24b9e93ca64274c0ec67c1ecc5e024ffcacd2d74019350e81fe546ae4']",[],1.0,0ffee3ba8e615ad22535e7f771690a28,5bf3945147163753a854e165090c4120,h2,,10480.378931,10.0.2.15,53226,151.101.114.76,443,tcp,416.20219,3059.0,1241491.0,SF,True,False,0,ShADadWFfRr,206,11307,994,1281255,ssl,0
10484.023799,CGHlOd3TeBea87J4w2,10.0.2.15,53237,95.100.167.47,443,TLSv12,TLS_ECDHE_RSA_WITH_AES_256_GCM_SHA384,,www.state.gov,True,True,CsiI,,,,1a5fe5677b0e4fbbc854e8908225637d,410b9bedaf65dd26c6fe547154d60db4,http/1.1,,10483.293663,10.0.2.15,53237,95.100.167.47,443,tcp,217.53149699999997,5601.0,114723.0,SF,True,False,0,ShADadTTFfRr,67,8308,142,120407,ssl,0
10484.027332,CP5hQZ33lYGzFLFo1b,10.0.2.15,53241,104.16.22.35,443,TLSv12,TLS_ECDHE_RSA_WITH_AES_128_GCM_SHA256,secp256r1,s7.addthis.com,False,True,CsxuknGIti,"['2a7d536a35fd2aa422b5d3f15213e933f90355cf5e488a23d2ba9d2dc36ac69f', '154c433c491929c5ef686e838e323664a00e6a0d822ccc958fb4dab03e49a08f']",[],1.0,0ffee3ba8e615ad22535e7f771690a28,76cc3e2d3028143b23ec18e27dbd7ca9,h2,,10483.299991,10.0.2.15,53241,104.16.22.35,443,tcp,322.1138549999996,1817.0,201593.0,SF,True,False,0,ShADadFf,65,4425,186,209037,ssl,0
10484.033576,CkdHu53yiUtEV3SoU1,10.0.2.15,53240,95.101.246.45,443,TLSv12,TLS_ECDHE_RSA_WITH_AES_256_GCM_SHA384,secp256r1,dap.digitalgov.gov,False,True,CsxknGIti,"['3830f9fcbc77577779a5e4e1e801974d4f3abfe0f7e88becc3301b8c14ce0a52', '074541ecdf88ed992ed5ade3ecddef27a26ba1b44480a195c0a8dadae2521d8e']",[],1.0,0ffee3ba8e615ad22535e7f771690a28,2b33c1374db4ddf06942f92373c0b54b,http/1.1,,10483.299166,10.0.2.15,53240,95.101.246.45,443,tcp,132.8803509999998,699.0,10208.0,SF,True,False,0,ShADadTTFfRr,26,1759,31,11452,ssl,0
10484.034066,CqB5IxahBLTQk4oC2,10.0.2.15,53239,95.100.167.47,443,TLSv12,TLS_ECDHE_RSA_WITH_AES_256_GCM_SHA384,,www.state.gov,True,True,CsiI,,,,1a5fe5677b0e4fbbc854e8908225637d,410b9bedaf65dd26c6fe547154d60db4,http/1.1,,10483.298143,10.0.2.15,53239,95.100.167.47,443,tcp,217.5560060000007,5133.0,46941.0,SF,True,False,0,ShADadTTFfRr,53,7280,81,50185,ssl,0
10484.024841,CLYibp2QdRd6aeTFz5,10.0.2.15,53236,95.100.167.47,443,TLSv12,TLS_ECDHE_RSA_WITH_AES_256_GCM_SHA384,,www.state.gov,True,True,CsiI,,,,1a5fe5677b0e4fbbc854e8908225637d,410b9bedaf65dd26c6fe547154d60db4,http/1.1,,10483.29072,10.0.2.15,53236,95.100.167.47,443,tcp,221.17677099999852,5344.0,145921.0,SF,True,False,0,ShADadTTFf,72,8250,160,152325,ssl,0
10484.035219,CuWfS42RwLbdEFkLw6,10.0.2.15,53238,95.100.167.47,443,TLSv12,TLS_ECDHE_RSA_WITH_AES_256_GCM_SHA384,,www.state.gov,True,True,CsiI,,,,1a5fe5677b0e4fbbc854e8908225637d,410b9bedaf65dd26c6fe547154d60db4,http/1.1,,10483.295103,10.0.2.15,53238,95.100.167.47,443,tcp,225.9205540000003,6045.0,224997.0,SF,True,False,0,ShADadTTFfRr,92,9751,239,234561,ssl,0
10492.894132,CdJI7UXsEnpYINPwf,10.0.2.15,53245,93.184.220.66,443,TLSv12,TLS_ECDHE_RSA_WITH_AES_128_GCM_SHA256,secp256r1,platform.twitter.com,False,True,CsxuknGIti,"['498dfbfa068ce7e3252a308f9578608d3df2d287b5b9284571f7d3ed43ba3ab0', '19400be5b7a31fb733917700789d2f0a2471c0c9d506c0e504c06c16d7cb17c0', '7431e5f4c3c1ce4690774f0b61e05440883ba9a01ed00ba6abd7806ed3b118cf']",[],1.0,1a5fe5677b0e4fbbc854e8908225637d,76cc3e2d3028143b23ec18e27dbd7ca9,http/1.1,,10491.601125,10.0.2.15,53245,93.184.220.66,443,tcp,130.62404200000128,1328.0,17566.0,SF,True,False,0,ShADadTTFfRr,27,2428,36,19010,ssl,0
10492.896565,CvMvBU179y25COv2Lh,10.0.2.15,53244,95.101.249.79,443,TLSv12,TLS_ECDHE_RSA_WITH_AES_256_GCM_SHA384,secp256r1,players.brightcove.net,False,True,CsxknGIti,"['38f89231097b8e7bf3469443233e5066ef85fc7745f9fd9c230f03571c6d3a51', '7373d219b42547e41bcb752bcbcbe93f592ff6f99c340ce57b73d38c3ec0ba98', '940b8920f4071c23bb32b2b572abb7d7ffbc114481a697e5d14f862e25069804']",[],1.0,0ffee3ba8e615ad22535e7f771690a28,2b33c1374db4ddf06942f92373c0b54b,http/1.1,,10491.600648,10.0.2.15,53244,95.101.249.79,443,tcp,132.6257770000011,811.0,162480.0,SF,True,False,0,ShADadTTFfRr,47,2711,147,168364,ssl,0
10492.898689,C6TpEz3SEmj8ABHAG4,10.0.2.15,53243,95.101.249.79,443,TLSv12,TLS_ECDHE_RSA_WITH_AES_256_GCM_SHA384,secp256r1,players.brightcove.net,False,True,CsxknGIti,"['38f89231097b8e7bf3469443233e5066ef85fc7745f9fd9c230f03571c6d3a51', '7373d219b42547e41bcb752bcbcbe93f592ff6f99c340ce57b73d38c3ec0ba98', '940b8920f4071c23bb32b2b572abb7d7ffbc114481a697e5d14f862e25069804']",[],1.0,0ffee3ba8e615ad22535e7f771690a28,2b33c1374db4ddf06942f92373c0b54b,http/1.1,,10491.589893,10.0.2.15,53243,95.101.249.79,443,tcp,132.62863900000048,811.0,162017.0,SF,True,False,0,ShADadTTFfRr,45,2631,147,167901,ssl,0
10492.902149,CvPPBy42pdD39yx9yc,10.0.2.15,53247,95.101.249.79,443,TLSv12,TLS_ECDHE_RSA_WITH_AES_256_GCM_SHA384,secp256r1,players.brightcove.net,False,True,CsxknGIti,"['38f89231097b8e7bf3469443233e5066ef85fc7745f9fd9c230f03571c6d3a51', '7373d219b42547e41bcb752bcbcbe93f592ff6f99c340ce57b73d38c3ec0ba98', '940b8920f4071c23bb32b2b572abb7d7ffbc114481a697e5d14f862e25069804']",[],1.0,0ffee3ba8e615ad22535e7f771690a28,2b33c1374db4ddf06942f92373c0b54b,http/1.1,,10491.605323,10.0.2.15,53247,95.101.249.79,443,tcp,7.604229000000487,356.0,4505.0,SF,True,False,0,ShADadFfRr,11,804,12,4989,ssl,0
10492.903568,C2WxmS36MAY26frDC6,10.0.2.15,53246,95.101.249.79,443,TLSv12,TLS_ECDHE_RSA_WITH_AES_256_GCM_SHA384,secp256r1,players.brightcove.net,False,True,CsxknGIti,"['38f89231097b8e7bf3469443233e5066ef85fc7745f9fd9c230f03571c6d3a51', '7373d219b42547e41bcb752bcbcbe93f592ff6f99c340ce57b73d38c3ec0ba98', '940b8920f4071c23bb32b2b572abb7d7ffbc114481a697e5d14f862e25069804']",[],1.0,0ffee3ba8e615ad22535e7f771690a28,2b33c1374db4ddf06942f92373c0b54b,http/1.1,,10491.604757,10.0.2.15,53246,95.101.249.79,443,tcp,7.964580000001661,356.0,4505.0,SF,True,False,0,ShADadFRfr,11,804,13,5029,ssl,0
10492.905148,CKVFI73TTgIqywR8tl,10.0.2.15,53250,95.101.249.79,443,TLSv12,TLS_ECDHE_RSA_WITH_AES_256_GCM_SHA384,secp256r1,players.brightcove.net,False,True,CsxknGIti,"['38f89231097b8e7bf3469443233e5066ef85fc7745f9fd9c230f03571c6d3a51', '7373d219b42547e41bcb752bcbcbe93f592ff6f99c340ce57b73d38c3ec0ba98', '940b8920f4071c23bb32b2b572abb7d7ffbc114481a697e5d14f862e25069804']",[],1.0,0ffee3ba8e615ad22535e7f771690a28,2b33c1374db4ddf06942f92373c0b54b,http/1.1,,10491.675057,10.0.2.15,53250,95.101.249.79,443,tcp,8.138785999999527,356.0,4505.0,SF,True,False,0,ShADadFfRr,11,804,12,4989,ssl,0
10492.908134,CAMgLm2d0liggPYOy7,10.0.2.15,53249,95.101.249.79,443,TLSv12,TLS_ECDHE_RSA_WITH_AES_256_GCM_SHA384,secp256r1,players.brightcove.net,False,True,CsxknGIti,"['38f89231097b8e7bf3469443233e5066ef85fc7745f9fd9c230f03571c6d3a51', '7373d219b42547e41bcb752bcbcbe93f592ff6f99c340ce57b73d38c3ec0ba98', '940b8920f4071c23bb32b2b572abb7d7ffbc114481a697e5d14f862e25069804']",[],1.0,0ffee3ba8e615ad22535e7f771690a28,2b33c1374db4ddf06942f92373c0b54b,http/1.1,,10491.667913,10.0.2.15,53249,95.101.249.79,443,tcp,8.349367000000711,356.0,4505.0,SF,True,False,0,ShADadFfRr,11,804,13,5029,ssl,0
10492.910611,CjPo9Z2uNKDHLlsts8,10.0.2.15,53248,87.248.118.22,443,TLSv12,TLS_ECDHE_RSA_WITH_AES_128_GCM_SHA256,secp256r1,api.flickr.com,False,True,CsxuknGIti,"['c91860d3ba8056c8450ca2899f5567603d28abba8a255de81e11829632379639', '19400be5b7a31fb733917700789d2f0a2471c0c9d506c0e504c06c16d7cb17c0']",[],1.0,0ffee3ba8e615ad22535e7f771690a28,76cc3e2d3028143b23ec18e27dbd7ca9,h2,,10491.667288,10.0.2.15,53248,87.248.118.22,443,tcp,276.7435939999996,1375.0,18000.0,SF,True,False,0,ShADadfF,26,2423,38,19524,ssl,0
10493.718454,CuH4TMg9HGW1aJBaf,10.0.2.15,53252,95.100.189.164,443,TLSv12,TLS_ECDHE_RSA_WITH_AES_256_GCM_SHA384,,service.maxymiser.net,True,True,CsiI,,,,1a5fe5677b0e4fbbc854e8908225637d,410b9bedaf65dd26c6fe547154d60db4,http/1.1,,10492.912597,10.0.2.15,53252,95.100.189.164,443,tcp,129.30095900000015,1908.0,29883.0,SF,True,False,0,ShADadTTFfRr,32,3208,51,31927,ssl,0
10493.719757,C7YgA2iNK1XsZAnL3,10.0.2.15,53251,104.244.43.241,443,TLSv12,TLS_ECDHE_RSA_WITH_AES_128_GCM_SHA256,,cdn.syndication.twimg.com,True,True,CsiI,,,,1a5fe5677b0e4fbbc854e8908225637d,d199ba0af2b08e204c73d6d81a1fd260,http/1.1,,10492.912107,10.0.2.15,53251,104.244.43.241,443,tcp,13.420635000000402,1123.0,9720.0,SF,True,False,0,ShADadTfF,10,1532,16,10364,ssl,0
10494.768349,CsqNaQ1d8AIMnV7ij8,10.0.2.15,53253,95.100.189.164,443,TLSv12,TLS_ECDHE_RSA_WITH_AES_256_GCM_SHA384,,service.maxymiser.net,True,True,CsiI,,,,1a5fe5677b0e4fbbc854e8908225637d,410b9bedaf65dd26c6fe547154d60db4,http/1.1,,10494.307498,10.0.2.15,53253,95.100.189.164,443,tcp,6.432516999999279,599.0,183.0,SF,True,False,0,ShADadFfRr,9,967,9,547,ssl,0
10502.008042,CX5tzy4rzUnmyHTbG2,10.0.2.15,53260,93.184.220.66,443,TLSv12,TLS_ECDHE_RSA_WITH_AES_128_GCM_SHA256,secp256r1,platform.twitter.com,False,True,CsxuknGIti,"['498dfbfa068ce7e3252a308f9578608d3df2d287b5b9284571f7d3ed43ba3ab0', '19400be5b7a31fb733917700789d2f0a2471c0c9d506c0e504c06c16d7cb17c0', '7431e5f4c3c1ce4690774f0b61e05440883ba9a01ed00ba6abd7806ed3b118cf']",[],1.0,1a5fe5677b0e4fbbc854e8908225637d,76cc3e2d3028143b23ec18e27dbd7ca9,http/1.1,,10500.550285,10.0.2.15,53260,93.184.220.66,443,tcp,8.215868000001137,674.0,5773.0,SF,True,False,0,ShADadFfRr,11,1122,14,6337,ssl,0
10502.365257,CqMCrs2m3HRMV2rNY,10.0.2.15,53283,104.244.46.7,443,TLSv12,TLS_ECDHE_RSA_WITH_AES_128_GCM_SHA256,,pbs.twimg.com,True,True,CsiI,,,,1a5fe5677b0e4fbbc854e8908225637d,d199ba0af2b08e204c73d6d81a1fd260,h2,,10501.980673,10.0.2.15,53283,104.244.46.7,443,tcp,6.785391999999774,599.0,181.0,SF,True,False,0,ShADadFfRr,9,967,9,545,ssl,0
10502.279848,C0jtFhkX1sAAdBcAb,10.0.2.15,53266,104.244.46.7,443,TLSv12,TLS_ECDHE_RSA_WITH_AES_128_GCM_SHA256,,pbs.twimg.com,True,True,CsiI,,,,1a5fe5677b0e4fbbc854e8908225637d,d199ba0af2b08e204c73d6d81a1fd260,h2,,10501.395536,10.0.2.15,53266,104.244.46.7,443,tcp,7.370574000000488,1996.0,524606.0,SF,True,False,0,ShADadWtFfRr,104,6164,418,542750,ssl,0
10502.295136,CL37XQLHnV7AU1IE1,10.0.2.15,53265,151.101.114.76,443,TLSv12,TLS_ECDHE_RSA_WITH_AES_128_GCM_SHA256,secp256r1,resource.alaskaair.net,False,True,CsxknGIti,"['aa61c139e478525a9bfe803d9235dbda8fe02314b1f99e971e0639c77ae947bb', '973a41276ffd01e027a2aad49e34c37846d3e976ff6a620b6712e33832041aa6', '3a2fbe92891e57fe05d57087f48e730f17e5a5f53ef403d618e5b74d7a7e6ecb', 'c3846bf24b9e93ca64274c0ec67c1ecc5e024ffcacd2d74019350e81fe546ae4']",[],1.0,0ffee3ba8e615ad22535e7f771690a28,5bf3945147163753a854e165090c4120,h2,,10501.393968,10.0.2.15,53265,151.101.114.76,443,tcp,394.4717529999998,1489.0,28573.0,SF,True,False,0,ShADadFfRr,38,3017,56,30817,ssl,0
10502.302132,CGaBmb2sJq6bYvjbe4,10.0.2.15,53264,151.101.114.76,443,TLSv12,TLS_ECDHE_RSA_WITH_AES_128_GCM_SHA256,secp256r1,resource.alaskaair.net,False,True,CsxknGIti,"['aa61c139e478525a9bfe803d9235dbda8fe02314b1f99e971e0639c77ae947bb', '973a41276ffd01e027a2aad49e34c37846d3e976ff6a620b6712e33832041aa6', '3a2fbe92891e57fe05d57087f48e730f17e5a5f53ef403d618e5b74d7a7e6ecb', 'c3846bf24b9e93ca64274c0ec67c1ecc5e024ffcacd2d74019350e81fe546ae4']",[],1.0,0ffee3ba8e615ad22535e7f771690a28,5bf3945147163753a854e165090c4120,h2,,10501.392299,10.0.2.15,53264,151.101.114.76,443,tcp,12.44198900000083,883.0,28096.0,SF,True,False,0,ShADadFRfr,23,1811,38,29620,ssl,0
10502.275341,C77l9q36ygqMUabDCd,10.0.2.15,53267,23.101.207.250,443,TLSv12,TLS_ECDHE_RSA_WITH_AES_256_CBC_SHA,secp256r1,geoservice.alaskaair.com,False,True,CsxknGIi,"['5cd06dd564c77f0e75baa53f3d5d81168bb6df0b4122e842d511cbeb5b7a37c8', '973a41276ffd01e027a2aad49e34c37846d3e976ff6a620b6712e33832041aa6', '3a2fbe92891e57fe05d57087f48e730f17e5a5f53ef403d618e5b74d7a7e6ecb']",[],1.0,0ffee3ba8e615ad22535e7f771690a28,20992b30dc416d990d2dc152223779ba,,,10501.397872,10.0.2.15,53267,23.101.207.250,443,tcp,128.2068280000003,1257.0,5601.0,SF,True,False,0,ShADadTTfF,24,2237,24,6565,ssl,0
10502.325475,C7wZbm1tISbaknGvoi,10.0.2.15,53261,68.232.35.180,443,TLSv12,TLS_ECDHE_RSA_WITH_AES_128_GCM_SHA256,secp256r1,tags.tiqcdn.com,False,True,CsxuknGIti,"['e9833ec9415ec4381e97b13a6a575b5ebe604ba96ebe8484d5edd67608a492ca', '19400be5b7a31fb733917700789d2f0a2471c0c9d506c0e504c06c16d7cb17c0', '7431e5f4c3c1ce4690774f0b61e05440883ba9a01ed00ba6abd7806ed3b118cf']",[],1.0,0ffee3ba8e615ad22535e7f771690a28,49b45fc1ab090aa3a159778313fc9b9e,h2,,10501.354922,10.0.2.15,53261,68.232.35.180,443,tcp,275.47146799999973,1787.0,100770.0,SF,True,False,0,ShADadfF,49,3755,122,105654,ssl,0
10502.336208,CwQgbv3nXXFIcIVcF,10.0.2.15,53269,151.101.114.76,443,TLSv12,TLS_ECDHE_RSA_WITH_AES_128_GCM_SHA256,secp256r1,resource.alaskaair.net,False,True,CsxknGIti,"['aa61c139e478525a9bfe803d9235dbda8fe02314b1f99e971e0639c77ae947bb', '973a41276ffd01e027a2aad49e34c37846d3e976ff6a620b6712e33832041aa6', '3a2fbe92891e57fe05d57087f48e730f17e5a5f53ef403d618e5b74d7a7e6ecb', 'c3846bf24b9e93ca64274c0ec67c1ecc5e024ffcacd2d74019350e81fe546ae4']",[],1.0,0ffee3ba8e615ad22535e7f771690a28,5bf3945147163753a854e165090c4120,h2,,10501.841212,10.0.2.15,53269,151.101.114.76,443,tcp,6.38188700000137,565.0,5581.0,SF,True,False,0,ShADadFfRr,14,1133,16,6225,ssl,0
10502.338369,CinvT01QHXGPmdi3ea,10.0.2.15,53268,151.101.114.76,443,TLSv12,TLS_ECDHE_RSA_WITH_AES_128_GCM_SHA256,secp256r1,resource.alaskaair.net,False,True,CsxknGIti,"['aa61c139e478525a9bfe803d9235dbda8fe02314b1f99e971e0639c77ae947bb', '973a41276ffd01e027a2aad49e34c37846d3e976ff6a620b6712e33832041aa6', '3a2fbe92891e57fe05d57087f48e730f17e5a5f53ef403d618e5b74d7a7e6ecb', 'c3846bf24b9e93ca64274c0ec67c1ecc5e024ffcacd2d74019350e81fe546ae4']",[],1.0,0ffee3ba8e615ad22535e7f771690a28,5bf3945147163753a854e165090c4120,h2,,10501.838531,10.0.2.15,53268,151.101.114.76,443,tcp,6.375761000001148,565.0,5581.0,SF,True,False,0,ShADadFfRr,14,1133,17,6265,ssl,0
10502.341729,C6gJC32MtVe71DgMEj,10.0.2.15,53279,151.101.112.207,443,TLSv12,TLS_ECDHE_RSA_WITH_AES_128_GCM_SHA256,secp256r1,vjs.zencdn.net,False,True,CsxuknGIti,"['ca070501b7e46f43787e9ec2f2d3e72c170cd1881f8200e63bdae1b6ded39ed9', '74ef335e5e18788307fb9d89cb704bec112abd23487dbff41c4ded5070f241d9']",[],1.0,0ffee3ba8e615ad22535e7f771690a28,860fcf58fd757e26aa8911e5eaff6b53,http/1.1,,10501.928656,10.0.2.15,53279,151.101.112.207,443,tcp,144.63977800000066,1167.0,31693.0,SF,True,False,0,ShADadTTFfRr,32,2467,48,33617,ssl,0
10502.314594,CGDf96N7dd9w06l6h,10.0.2.15,53263,23.101.207.250,443,TLSv12,TLS_ECDHE_RSA_WITH_AES_256_CBC_SHA,secp256r1,geoservice.alaskaair.com,False,True,CsxknGIi,"['5cd06dd564c77f0e75baa53f3d5d81168bb6df0b4122e842d511cbeb5b7a37c8', '973a41276ffd01e027a2aad49e34c37846d3e976ff6a620b6712e33832041aa6', '3a2fbe92891e57fe05d57087f48e730f17e5a5f53ef403d618e5b74d7a7e6ecb']",[],1.0,0ffee3ba8e615ad22535e7f771690a28,20992b30dc416d990d2dc152223779ba,,,10501.38531,10.0.2.15,53263,23.101.207.250,443,tcp,127.94267899999976,777.0,5601.0,SF,True,False,0,ShADadTTfF,24,1757,24,6565,ssl,0
10502.344226,CiecPy3gZdloISYhoe,10.0.2.15,53278,217.146.190.232,443,TLSv12,TLS_ECDHE_RSA_WITH_AES_128_GCM_SHA256,secp256r1,farm3.staticflickr.com,False,True,CsxuknGIti,"['044172d0fc9e5092d23be10a7eec3ccfb0b5bfea34858c9ba502ad05745ec318', 'eae72eb454bf6c3977ebd289e970b2f5282949190093d0d26f98d0f0d6a9cf17', '8420dfbe376f414bf4c0a81e6936d24ccc03f304835b86c7a39142fca723a689']",[],1.0,0ffee3ba8e615ad22535e7f771690a28,0c0aff9ccea5e7e1de5c3a0069d103f3,,,10501.923584,10.0.2.15,53278,217.146.190.232,443,tcp,95.85506899999928,662.0,22197.0,SF,True,False,0,ShADadTfF,24,1638,36,23641,ssl,0
10502.320859,CzBD9f4DFgOgaBoIk7,10.0.2.15,53262,23.101.207.250,443,TLSv12,TLS_ECDHE_RSA_WITH_AES_256_CBC_SHA,secp256r1,geoservice.alaskaair.com,False,True,CsxknGIi,"['5cd06dd564c77f0e75baa53f3d5d81168bb6df0b4122e842d511cbeb5b7a37c8', '973a41276ffd01e027a2aad49e34c37846d3e976ff6a620b6712e33832041aa6', '3a2fbe92891e57fe05d57087f48e730f17e5a5f53ef403d618e5b74d7a7e6ecb']",[],1.0,0ffee3ba8e615ad22535e7f771690a28,20992b30dc416d990d2dc152223779ba,,,10501.383953,10.0.2.15,53262,23.101.207.250,443,tcp,12.814360999998826,404.0,4300.0,SF,True,False,0,ShADadTFf,11,853,11,4744,ssl,0
10502.348438,CPbbm13H4ayMpPJ609,10.0.2.15,53277,217.146.190.232,443,TLSv12,TLS_ECDHE_RSA_WITH_AES_128_GCM_SHA256,secp256r1,farm3.staticflickr.com,False,True,CsxuknGIti,"['044172d0fc9e5092d23be10a7eec3ccfb0b5bfea34858c9ba502ad05745ec318', 'eae72eb454bf6c3977ebd289e970b2f5282949190093d0d26f98d0f0d6a9cf17', '8420dfbe376f414bf4c0a81e6936d24ccc03f304835b86c7a39142fca723a689']",[],1.0,0ffee3ba8e615ad22535e7f771690a28,0c0aff9ccea5e7e1de5c3a0069d103f3,,,10501.922042,10.0.2.15,53277,217.146.190.232,443,tcp,95.86750199999916,662.0,20692.0,SF,True,False,0,ShADadTfF,22,1558,33,22016,ssl,0
10502.350388,CqWrxT8aTDqgJ5HJ8,10.0.2.15,53276,217.146.190.232,443,TLSv12,TLS_ECDHE_RSA_WITH_AES_128_GCM_SHA256,secp256r1,farm3.staticflickr.com,False,True,CsxuknGIti,"['044172d0fc9e5092d23be10a7eec3ccfb0b5bfea34858c9ba502ad05745ec318', 'eae72eb454bf6c3977ebd289e970b2f5282949190093d0d26f98d0f0d6a9cf17', '8420dfbe376f414bf4c0a81e6936d24ccc03f304835b86c7a39142fca723a689']",[],1.0,0ffee3ba8e615ad22535e7f771690a28,0c0aff9ccea5e7e1de5c3a0069d103f3,,,10501.916904,10.0.2.15,53276,217.146.190.232,443,tcp,95.8622720000003,662.0,55225.0,SF,True,False,0,ShADadTfF,28,1798,63,57749,ssl,0
10502.352789,CYRVEm2z8RAor9w39e,10.0.2.15,53275,217.146.190.232,443,TLSv12,TLS_ECDHE_RSA_WITH_AES_128_GCM_SHA256,secp256r1,farm3.staticflickr.com,False,True,CsxuknGIti,"['044172d0fc9e5092d23be10a7eec3ccfb0b5bfea34858c9ba502ad05745ec318', 'eae72eb454bf6c3977ebd289e970b2f5282949190093d0d26f98d0f0d6a9cf17', '8420dfbe376f414bf4c0a81e6936d24ccc03f304835b86c7a39142fca723a689']",[],1.0,0ffee3ba8e615ad22535e7f771690a28,0c0aff9ccea5e7e1de5c3a0069d103f3,,,10501.912829,10.0.2.15,53275,217.146.190.232,443,tcp,96.02698799999962,662.0,50470.0,SF,True,False,0,ShADadTfF,27,1758,58,52794,ssl,0
10502.354426,CqdBf32sBkpDCXgBse,10.0.2.15,53274,217.146.190.232,443,TLSv12,TLS_ECDHE_RSA_WITH_AES_128_GCM_SHA256,secp256r1,farm3.staticflickr.com,False,True,CsxuknGIti,"['044172d0fc9e5092d23be10a7eec3ccfb0b5bfea34858c9ba502ad05745ec318', 'eae72eb454bf6c3977ebd289e970b2f5282949190093d0d26f98d0f0d6a9cf17', '8420dfbe376f414bf4c0a81e6936d24ccc03f304835b86c7a39142fca723a689']",[],1.0,0ffee3ba8e615ad22535e7f771690a28,0c0aff9ccea5e7e1de5c3a0069d103f3,,,10501.905726,10.0.2.15,53274,217.146.190.232,443,tcp,96.03287199999976,662.0,19853.0,SF,True,False,0,ShADadTfF,24,1638,34,21217,ssl,0
10502.359385,CG8JLk1gy9PaJDm1Vc,10.0.2.15,53272,93.184.220.70,443,TLSv12,TLS_ECDHE_RSA_WITH_AES_128_GCM_SHA256,secp256r1,ton.twimg.com,False,True,CsxuknGIti,"['498dfbfa068ce7e3252a308f9578608d3df2d287b5b9284571f7d3ed43ba3ab0', '19400be5b7a31fb733917700789d2f0a2471c0c9d506c0e504c06c16d7cb17c0', '7431e5f4c3c1ce4690774f0b61e05440883ba9a01ed00ba6abd7806ed3b118cf']",[],1.0,0ffee3ba8e615ad22535e7f771690a28,76cc3e2d3028143b23ec18e27dbd7ca9,http/1.1,,10501.884512,10.0.2.15,53272,93.184.220.70,443,tcp,131.82498999999916,689.0,12663.0,SF,True,False,0,ShADadTTFfRr,26,1749,34,14027,ssl,0
10502.356777,C53k8Gr08AC8UnGLf,10.0.2.15,53273,217.146.190.232,443,TLSv12,TLS_ECDHE_RSA_WITH_AES_128_GCM_SHA256,secp256r1,farm3.staticflickr.com,False,True,CsxuknGIti,"['044172d0fc9e5092d23be10a7eec3ccfb0b5bfea34858c9ba502ad05745ec318', 'eae72eb454bf6c3977ebd289e970b2f5282949190093d0d26f98d0f0d6a9cf17', '8420dfbe376f414bf4c0a81e6936d24ccc03f304835b86c7a39142fca723a689']",[],1.0,0ffee3ba8e615ad22535e7f771690a28,0c0aff9ccea5e7e1de5c3a0069d103f3,,,10501.900929,10.0.2.15,53273,217.146.190.232,443,tcp,96.49889900000016,662.0,23949.0,SF,True,False,0,ShADadTfF,24,1638,37,25433,ssl,0
10502.363762,CxLugweY8hEAHzvxc,10.0.2.15,53282,52.85.185.217,443,TLSv12,TLS_ECDHE_RSA_WITH_AES_128_GCM_SHA256,secp256r1,edge.api.brightcove.com,False,True,CsxuknGIti,"['5a485673f682d9438438285ed19b200096def1fede6ef96602106df26e033424', 'f55f9ffcb83c73453261601c7e044db15a0f034b93c05830f28635ef889cf670', '87dcd4dc74640a322cd205552506d1be64f12596258096544986b4850bc72706', '28689b30e4c306aab53b027b29e36ad6dd1dcf4b953994482ca84bdc1ecac996']",[],1.0,0ffee3ba8e615ad22535e7f771690a28,76cc3e2d3028143b23ec18e27dbd7ca9,http/1.1,,10501.944555,10.0.2.15,53282,52.85.185.217,443,tcp,131.26348099999996,1522.0,19014.0,SF,True,False,0,ShADadTTfF,28,2661,38,20538,ssl,0
10503.339274,CpEpzZ2zLahmdChkSk,10.0.2.15,53284,23.101.207.250,443,TLSv12,TLS_ECDHE_RSA_WITH_AES_256_CBC_SHA,secp256r1,geoservice.alaskaair.com,False,True,CsxknGIi,"['5cd06dd564c77f0e75baa53f3d5d81168bb6df0b4122e842d511cbeb5b7a37c8', '973a41276ffd01e027a2aad49e34c37846d3e976ff6a620b6712e33832041aa6', '3a2fbe92891e57fe05d57087f48e730f17e5a5f53ef403d618e5b74d7a7e6ecb']",[],1.0,0ffee3ba8e615ad22535e7f771690a28,20992b30dc416d990d2dc152223779ba,,,10501.988239,10.0.2.15,53284,23.101.207.250,443,tcp,11.408604000000196,404.0,4300.0,SF,True,False,0,ShADadFf,9,772,10,4704,ssl,0
10502.995375,CE79Vd1515T4BeCYBi,10.0.2.15,53270,23.101.207.250,443,TLSv12,TLS_ECDHE_RSA_WITH_AES_256_CBC_SHA,secp256r1,geoservice.alaskaair.com,False,True,CsxknGIi,"['5cd06dd564c77f0e75baa53f3d5d81168bb6df0b4122e842d511cbeb5b7a37c8', '973a41276ffd01e027a2aad49e34c37846d3e976ff6a620b6712e33832041aa6', '3a2fbe92891e57fe05d57087f48e730f17e5a5f53ef403d618e5b74d7a7e6ecb']",[],1.0,0ffee3ba8e615ad22535e7f771690a28,20992b30dc416d990d2dc152223779ba,,,10501.841769,10.0.2.15,53270,23.101.207.250,443,tcp,126.54252300000007,777.0,5601.0,SF,True,False,0,ShADadTTfF,23,1716,24,6565,ssl,0
10503.321949,Cx99je1lsUGPBAF7x4,10.0.2.15,53281,50.16.209.108,443,TLSv12,TLS_ECDHE_RSA_WITH_AES_128_GCM_SHA256,secp256r1,metrics.brightcove.com,False,True,CsxknGIi,"['910a2b47774c0ad2dcb8b3f83f0c7d2b869db5b502f935f9477647ee1d964329', '02ab57e4e67a0cb48dd2ff34830e8ac40f4476fb08ca6be3f5cd846f646840f0', '4f32d5dc00f715250abcc486511e37f501a899deb3bf7ea8adbbd3aef1c412da']",[],1.0,0ffee3ba8e615ad22535e7f771690a28,303951d4c50efb2e991652225a6f02b1,,,10501.94357,10.0.2.15,53281,50.16.209.108,443,tcp,76.07151599999997,2197.0,5339.0,SF,True,False,0,ShADadTFf,20,3011,21,6183,ssl,0
10503.330688,CjoVCTjiA7dcbCzmk,10.0.2.15,53280,50.16.209.108,443,TLSv12,TLS_ECDHE_RSA_WITH_AES_128_GCM_SHA256,secp256r1,metrics.brightcove.com,False,True,CsxknGIi,"['910a2b47774c0ad2dcb8b3f83f0c7d2b869db5b502f935f9477647ee1d964329', '02ab57e4e67a0cb48dd2ff34830e8ac40f4476fb08ca6be3f5cd846f646840f0', '4f32d5dc00f715250abcc486511e37f501a899deb3bf7ea8adbbd3aef1c412da']",[],1.0,0ffee3ba8e615ad22535e7f771690a28,303951d4c50efb2e991652225a6f02b1,,,10501.942497,10.0.2.15,53280,50.16.209.108,443,tcp,76.06774500000029,2087.0,5339.0,SF,True,False,0,ShADadTFf,19,2860,20,6143,ssl,0
10503.262555,CjLxOH2hhxv7aM3Qlc,10.0.2.15,53271,23.101.207.250,443,TLSv12,TLS_ECDHE_RSA_WITH_AES_256_CBC_SHA,secp256r1,geoservice.alaskaair.com,False,True,CsxknGIi,"['5cd06dd564c77f0e75baa53f3d5d81168bb6df0b4122e842d511cbeb5b7a37c8', '973a41276ffd01e027a2aad49e34c37846d3e976ff6a620b6712e33832041aa6', '3a2fbe92891e57fe05d57087f48e730f17e5a5f53ef403d618e5b74d7a7e6ecb']",[],1.0,0ffee3ba8e615ad22535e7f771690a28,20992b30dc416d990d2dc152223779ba,,,10501.88344,10.0.2.15,53271,23.101.207.250,443,tcp,11.23989100000108,404.0,4300.0,SF,True,False,0,ShADadFf,10,812,11,4744,ssl,0
10515.830679,C2YRol45lZEgEyHb6j,10.0.2.15,53290,52.85.185.217,443,TLSv12,TLS_ECDHE_RSA_WITH_AES_128_GCM_SHA256,,edge.api.brightcove.com,True,True,CsiI,,,,1a5fe5677b0e4fbbc854e8908225637d,d199ba0af2b08e204c73d6d81a1fd260,http/1.1,,10515.43871,10.0.2.15,53290,52.85.185.217,443,tcp,7.032062000000224,599.0,156.0,SF,True,False,0,ShADadFf,8,927,7,440,ssl,0
10516.025886,CM6upX2wb0iUd56zDd,10.0.2.15,53288,52.85.185.217,443,TLSv12,TLS_ECDHE_RSA_WITH_AES_128_GCM_SHA256,,edge.api.brightcove.com,True,True,CsiI,,,,1a5fe5677b0e4fbbc854e8908225637d,d199ba0af2b08e204c73d6d81a1fd260,http/1.1,,10515.437515,10.0.2.15,53288,52.85.185.217,443,tcp,7.021754999999757,599.0,156.0,SF,True,False,0,ShADadFf,7,887,7,440,ssl,0
10516.026651,CVKtRZHjlZSIe2KK4,10.0.2.15,53287,50.16.209.108,443,TLSv12,TLS_ECDHE_RSA_WITH_AES_128_GCM_SHA256,,metrics.brightcove.com,True,True,CsiI,,,,0ffee3ba8e615ad22535e7f771690a28,303951d4c50efb2e991652225a6f02b1,,,10515.435476,10.0.2.15,53287,50.16.209.108,443,tcp,25.02220800000032,1825.0,596.0,SF,True,False,0,ShADadTFfRr,14,2395,15,1200,ssl,0
10516.027764,CdCghN3mJAw7HYZqXe,10.0.2.15,53286,50.16.209.108,443,TLSv12,TLS_ECDHE_RSA_WITH_AES_128_GCM_SHA256,,metrics.brightcove.com,True,True,CsiI,,,,0ffee3ba8e615ad22535e7f771690a28,303951d4c50efb2e991652225a6f02b1,,,10515.43503,10.0.2.15,53286,50.16.209.108,443,tcp,25.006435999999667,1957.0,596.0,SF,True,False,0,ShADadTFfRr,14,2527,15,1200,ssl,0
10516.028656,CMUhAm180ad1syMqEc,10.0.2.15,53285,151.101.112.207,443,TLSv12,TLS_ECDHE_RSA_WITH_AES_128_GCM_SHA256,,vjs.zencdn.net,True,True,CsiI,,,,1a5fe5677b0e4fbbc854e8908225637d,1d0e57c6ae42e9204defa51e5e1cdc4c,http/1.1,,10515.429819,10.0.2.15,53285,151.101.112.207,443,tcp,7.021566999999777,599.0,191.0,SF,True,False,0,ShADadFfRr,8,927,9,555,ssl,0
10516.215417,Cs40uM1J8lGDXK1VFb,10.0.2.15,53292,50.16.209.108,443,TLSv12,TLS_ECDHE_RSA_WITH_AES_128_GCM_SHA256,,metrics.brightcove.com,True,True,CsiI,,,,0ffee3ba8e615ad22535e7f771690a28,303951d4c50efb2e991652225a6f02b1,,,10515.621545,10.0.2.15,53292,50.16.209.108,443,tcp,88.28434500000003,3201.0,596.0,SF,True,False,0,ShADadTFf,19,3976,19,1360,ssl,0
10516.216107,Cu4V5M1GJffKMd8z5a,10.0.2.15,53291,50.16.209.108,443,TLSv12,TLS_ECDHE_RSA_WITH_AES_128_GCM_SHA256,,metrics.brightcove.com,True,True,CsiI,,,,0ffee3ba8e615ad22535e7f771690a28,303951d4c50efb2e991652225a6f02b1,,,10515.619272,10.0.2.15,53291,50.16.209.108,443,tcp,88.28944899999988,3191.0,596.0,SF,True,False,0,ShADadTFf,19,3966,19,1360,ssl,0
10517.739243,CBR7wD2MJbvfTTfKJ8,10.0.2.15,53293,104.244.46.7,443,TLSv12,TLS_ECDHE_RSA_WITH_AES_128_GCM_SHA256,,pbs.twimg.com,True,True,CsiI,,,,1a5fe5677b0e4fbbc854e8908225637d,d199ba0af2b08e204c73d6d81a1fd260,h2,,10517.279416,10.0.2.15,53293,104.244.46.7,443,tcp,203.28822600000055,1344.0,192462.0,SF,True,False,0,ShADadFfRr,55,3552,179,199626,ssl,0
10521.109974,C51PBvILFXQvbRayb,10.0.2.15,53294,52.31.67.165,443,TLSv12,TLS_ECDHE_RSA_WITH_AES_128_GCM_SHA256,secp256r1,dpm.demdex.net,False,True,CsxknGIi,"['ab8f7b89fa3e472463832f1b07660350a24ba646789dce6dd09107fab1d86a12', '19400be5b7a31fb733917700789d2f0a2471c0c9d506c0e504c06c16d7cb17c0']",[],1.0,0ffee3ba8e615ad22535e7f771690a28,303951d4c50efb2e991652225a6f02b1,,,10520.49312,10.0.2.15,53294,52.31.67.165,443,tcp,4.349790000000212,2499.0,4202.0,SF,True,False,0,ShADadFfRr,13,3027,15,4806,ssl,0
10521.932408,CngXQH3szn0yJPyT8j,10.0.2.15,53298,178.79.242.128,443,TLSv12,TLS_ECDHE_RSA_WITH_AES_256_GCM_SHA384,secp256r1,brightcove.hs.llnwd.net,False,True,CsxknGIti,"['8f4492bc8efdd1efe7273b857f322755ff727494b3f5500df240d3f03393f654', '074541ecdf88ed992ed5ade3ecddef27a26ba1b44480a195c0a8dadae2521d8e', '3c35cc963eb004451323d3275d05b353235053490d9cd83729a2faf5e7ca1cc0']",[],1.0,0ffee3ba8e615ad22535e7f771690a28,2b33c1374db4ddf06942f92373c0b54b,http/1.1,,10521.514317,10.0.2.15,53298,178.79.242.128,443,tcp,83.95856100000128,864.0,81068.0,SF,True,False,0,ShADadTfF,29,2039,75,84072,ssl,0
10521.939115,CQGhiyPvLf68s0qW2,10.0.2.15,53297,178.79.242.128,443,TLSv12,TLS_ECDHE_RSA_WITH_AES_256_GCM_SHA384,secp256r1,brightcove.hs.llnwd.net,False,True,CsxknGIti,"['8f4492bc8efdd1efe7273b857f322755ff727494b3f5500df240d3f03393f654', '074541ecdf88ed992ed5ade3ecddef27a26ba1b44480a195c0a8dadae2521d8e', '3c35cc963eb004451323d3275d05b353235053490d9cd83729a2faf5e7ca1cc0']",[],1.0,0ffee3ba8e615ad22535e7f771690a28,2b33c1374db4ddf06942f92373c0b54b,http/1.1,,10521.510559,10.0.2.15,53297,178.79.242.128,443,tcp,83.96106099999997,818.0,56365.0,SF,True,False,0,ShADadTfF,28,1953,62,58849,ssl,0
10521.941062,CRX7ji23UCMbcG4U85,10.0.2.15,53296,178.79.242.128,443,TLSv12,TLS_ECDHE_RSA_WITH_AES_256_GCM_SHA384,secp256r1,brightcove.hs.llnwd.net,False,True,CsxknGIti,"['8f4492bc8efdd1efe7273b857f322755ff727494b3f5500df240d3f03393f654', '074541ecdf88ed992ed5ade3ecddef27a26ba1b44480a195c0a8dadae2521d8e', '3c35cc963eb004451323d3275d05b353235053490d9cd83729a2faf5e7ca1cc0']",[],1.0,0ffee3ba8e615ad22535e7f771690a28,2b33c1374db4ddf06942f92373c0b54b,http/1.1,,10521.509375,10.0.2.15,53296,178.79.242.128,443,tcp,18.770002999999637,357.0,4619.0,SF,True,False,0,ShADadTFf,11,806,12,5103,ssl,0
10521.943537,CSlUIL3EZbPFEm2cV,10.0.2.15,53295,178.79.242.128,443,TLSv12,TLS_ECDHE_RSA_WITH_AES_256_GCM_SHA384,secp256r1,brightcove.hs.llnwd.net,False,True,CsxknGIti,"['8f4492bc8efdd1efe7273b857f322755ff727494b3f5500df240d3f03393f654', '074541ecdf88ed992ed5ade3ecddef27a26ba1b44480a195c0a8dadae2521d8e', '3c35cc963eb004451323d3275d05b353235053490d9cd83729a2faf5e7ca1cc0']",[],1.0,0ffee3ba8e615ad22535e7f771690a28,2b33c1374db4ddf06942f92373c0b54b,http/1.1,,10521.508672,10.0.2.15,53295,178.79.242.128,443,tcp,19.549972000000707,357.0,4619.0,SF,True,False,0,ShADadTFf,11,806,12,5103,ssl,0
10521.92838,CPqhr72o202c75LWNl,10.0.2.15,53300,178.79.242.128,443,TLSv12,TLS_ECDHE_RSA_WITH_AES_256_GCM_SHA384,secp256r1,brightcove.hs.llnwd.net,False,True,CsxknGIti,"['8f4492bc8efdd1efe7273b857f322755ff727494b3f5500df240d3f03393f654', '074541ecdf88ed992ed5ade3ecddef27a26ba1b44480a195c0a8dadae2521d8e', '3c35cc963eb004451323d3275d05b353235053490d9cd83729a2faf5e7ca1cc0']",[],1.0,0ffee3ba8e615ad22535e7f771690a28,2b33c1374db4ddf06942f92373c0b54b,http/1.1,,10521.522171,10.0.2.15,53300,178.79.242.128,443,tcp,14.039654000000157,895.0,16539.0,SF,True,False,0,ShADadTFf,15,1504,23,17463,ssl,0
10521.929788,C6BiZp3IK8T143e1Ii,10.0.2.15,53299,178.79.242.128,443,TLSv12,TLS_ECDHE_RSA_WITH_AES_256_GCM_SHA384,secp256r1,brightcove.hs.llnwd.net,False,True,CsxknGIti,"['8f4492bc8efdd1efe7273b857f322755ff727494b3f5500df240d3f03393f654', '074541ecdf88ed992ed5ade3ecddef27a26ba1b44480a195c0a8dadae2521d8e', '3c35cc963eb004451323d3275d05b353235053490d9cd83729a2faf5e7ca1cc0']",[],1.0,0ffee3ba8e615ad22535e7f771690a28,2b33c1374db4ddf06942f92373c0b54b,http/1.1,,10521.519622,10.0.2.15,53299,178.79.242.128,443,tcp,89.52760300000045,818.0,108671.0,SF,True,False,0,ShADadTfF,36,2274,106,112915,ssl,0
10525.13874,Cg9iei4LGKIbwvZ4k6,10.0.2.15,53309,172.217.23.230,443,TLSv12,TLS_ECDHE_RSA_WITH_AES_128_GCM_SHA256,,ad.doubleclick.net,True,True,CsiI,,,,1a5fe5677b0e4fbbc854e8908225637d,67619a80665d7ab92d1041b1d11f9164,h2,,10523.756638,10.0.2.15,53309,172.217.23.230,443,tcp,2.831625999999232,779.0,292.0,SF,True,False,0,ShADadFf,11,1227,10,696,ssl,0
10525.131722,CfH6kH3YjCqHNgp0Te,10.0.2.15,53302,95.172.94.11,443,TLSv12,TLS_ECDHE_RSA_WITH_AES_128_GCM_SHA256,secp256r1,secure.quantserve.com,False,True,CsxknGIti,"['7d39ee69bdac843654f44bb3164a243b3e8c527019b6225992e5d36771f19e8f', '19400be5b7a31fb733917700789d2f0a2471c0c9d506c0e504c06c16d7cb17c0']",[],1.0,0ffee3ba8e615ad22535e7f771690a28,ccc514751b175866924439bdbb5bba34,,,10523.656613,10.0.2.15,53302,95.172.94.11,443,tcp,2.629230000000461,324.0,3323.0,SF,True,False,0,ShADadFRfr,9,692,11,3767,ssl,0
10525.148772,CjVbeNR6TUQ8UsMqg,10.0.2.15,53303,104.16.169.9,443,TLSv12,TLS_ECDHE_ECDSA_WITH_AES_128_GCM_SHA256,secp256r1,a.adready.com,False,True,CsxknGIti,"['004b0b757631b6748a2dc6ef2e1dcbf6f20902c1f86c9b508037f66c0b893c26', 'cd6c108a0e641f2ca122aaa6d03f826759cae7c6f800eabf76dc48b67cd083ce', '9573862ac0b4b125168810ea3fd101ae2eb0bb15f61fc0e6da7a2a38b85a89e8']",[],1.0,0ffee3ba8e615ad22535e7f771690a28,2d1eb5817ece335c24904f516ad5da12,http/1.1,,10523.657703,10.0.2.15,53303,104.16.169.9,443,tcp,2.596508999999059,316.0,4285.0,SF,True,False,0,ShADadFf,9,684,9,4649,ssl,0
10525.144164,CtRQF82KhalpVy1xCk,10.0.2.15,53306,173.192.202.134,443,TLSv12,TLS_ECDHE_RSA_WITH_AES_256_GCM_SHA384,secp256r1,cc.chango.com,False,True,CsxknGIti,"['007b8d695c7abbc8a20c56a6510fb90e3520e34541da542b8cac0e22a191111a', 'e6683e88315cd1cb403c0cea490f7c4b4c82c91cd485037489aadbaa90839f61']",[],1.0,0ffee3ba8e615ad22535e7f771690a28,758945630046fd37070521b8544d1fe8,,,10523.667746,10.0.2.15,53306,173.192.202.134,443,tcp,2.572398000000248,316.0,3169.0,RSTO,True,False,0,ShADadR,8,644,8,3493,ssl,0
10525.147709,CgIHg43unQZywm63si,10.0.2.15,53304,185.33.220.210,443,TLSv12,TLS_ECDHE_RSA_WITH_AES_256_GCM_SHA384,secp256r1,secure.adnxs.com,False,True,CsxuknGIti,"['5b081650e8034418a37504ce0820892be5a66474578207711eb688243fe1a8f2', '074541ecdf88ed992ed5ade3ecddef27a26ba1b44480a195c0a8dadae2521d8e']",[],1.0,0ffee3ba8e615ad22535e7f771690a28,d53e4608f956df65bb2b8a8c4d3b025d,,,10523.660798,10.0.2.15,53304,185.33.220.210,443,tcp,2.583859999998822,319.0,4867.0,RSTO,True,False,0,ShADadR,8,647,9,5231,ssl,0
10525.146694,CSmNwyCs2zCBmFsU1,10.0.2.15,53305,204.2.197.202,443,TLSv12,TLS_ECDHE_RSA_WITH_AES_256_GCM_SHA384,secp256r1,secure.media6degrees.com,False,True,CsxknGIti,"['eda54f898187cafbe2a8bb8b08d81dd485262caab20c22583cfceaf596eba60f', '02ab57e4e67a0cb48dd2ff34830e8ac40f4476fb08ca6be3f5cd846f646840f0', '4f32d5dc00f715250abcc486511e37f501a899deb3bf7ea8adbbd3aef1c412da', '687fa451382278fff0c8b11f8d43d576671c6eb2bceab413fb83d965d06d2ff2']",[],1.0,0ffee3ba8e615ad22535e7f771690a28,e35df3e00ca4ef31d42b34bebaa2f86e,,,10523.6641,10.0.2.15,53305,204.2.197.202,443,tcp,2.572032000000035,327.0,6172.0,RSTO,True,False,0,ShADadR,8,655,9,6536,ssl,0
10529.585149,CSJf9e1TsFs45xWkqj,10.0.2.15,53317,95.172.94.11,443,TLSv12,TLS_ECDHE_RSA_WITH_AES_128_GCM_SHA256,secp256r1,secure.quantserve.com,False,True,CsxknGIti,"['7d39ee69bdac843654f44bb3164a243b3e8c527019b6225992e5d36771f19e8f', '19400be5b7a31fb733917700789d2f0a2471c0c9d506c0e504c06c16d7cb17c0']",[],1.0,0ffee3ba8e615ad22535e7f771690a28,ccc514751b175866924439bdbb5bba34,,,10528.31201,10.0.2.15,53317,95.172.94.11,443,tcp,27.77419700000064,324.0,3323.0,SF,True,False,0,ShADadTfF,11,774,12,3807,ssl,0
10529.61567,CcaR522QltrRHoTQEg,10.0.2.15,53316,104.16.169.9,443,TLSv12,TLS_ECDHE_ECDSA_WITH_AES_128_GCM_SHA256,secp256r1,a.adready.com,False,True,CsxknGIti,"['004b0b757631b6748a2dc6ef2e1dcbf6f20902c1f86c9b508037f66c0b893c26', 'cd6c108a0e641f2ca122aaa6d03f826759cae7c6f800eabf76dc48b67cd083ce', '9573862ac0b4b125168810ea3fd101ae2eb0bb15f61fc0e6da7a2a38b85a89e8']",[],1.0,0ffee3ba8e615ad22535e7f771690a28,2d1eb5817ece335c24904f516ad5da12,http/1.1,,10528.310927,10.0.2.15,53316,104.16.169.9,443,tcp,24.938571999999112,316.0,4317.0,SF,True,False,0,ShADadTfF,10,725,12,4801,ssl,0
10529.67776,CNNs4n1virhqbtPTmf,10.0.2.15,53313,185.33.220.210,443,TLSv12,TLS_ECDHE_RSA_WITH_AES_256_GCM_SHA384,secp256r1,secure.adnxs.com,False,True,CsxuknGIti,"['5b081650e8034418a37504ce0820892be5a66474578207711eb688243fe1a8f2', '074541ecdf88ed992ed5ade3ecddef27a26ba1b44480a195c0a8dadae2521d8e']",[],1.0,0ffee3ba8e615ad22535e7f771690a28,d53e4608f956df65bb2b8a8c4d3b025d,,,10528.303466,10.0.2.15,53313,185.33.220.210,443,tcp,25.858970000001136,350.0,4867.0,SF,True,False,0,ShADadTFf,12,840,13,5391,ssl,0
10525.142676,CtH2MMInraBt8o3k6,10.0.2.15,53307,52.71.227.26,443,TLSv12,TLS_ECDHE_RSA_WITH_AES_128_GCM_SHA256,secp256r1,a.intentmedia.net,False,False,Csxkn,"['632e1332dd98ebf50278e8014241c555f4020a6eac482965f7a9d09936aa4371', '973a41276ffd01e027a2aad49e34c37846d3e976ff6a620b6712e33832041aa6', '3a2fbe92891e57fe05d57087f48e730f17e5a5f53ef403d618e5b74d7a7e6ecb', 'c3846bf24b9e93ca64274c0ec67c1ecc5e024ffcacd2d74019350e81fe546ae4']",[],1.0,0ffee3ba8e615ad22535e7f771690a28,8d2a028aa94425f76ced7826b1f39039,h2,,10523.689394,10.0.2.15,53307,52.71.227.26,443,tcp,1.841595999998389,226.0,5706.0,RSTO,True,False,0,ShADadR,6,474,7,5990,ssl,0
10525.141165,Chda1w21OA9VmlaeT2,10.0.2.15,53308,151.101.112.222,443,TLSv12,TLS_ECDHE_RSA_WITH_AES_128_GCM_SHA256,secp256r1,gateway.answerscloud.com,False,False,Csxukn,"['bc188825b3eb5f35ceda01a2d9259b4194035f2f53bdefd7f49be68c32851bcb', '19400be5b7a31fb733917700789d2f0a2471c0c9d506c0e504c06c16d7cb17c0']",[],1.0,0ffee3ba8e615ad22535e7f771690a28,860fcf58fd757e26aa8911e5eaff6b53,http/1.1,,10523.691198,10.0.2.15,53308,151.101.112.222,443,tcp,1.8451769999992391,233.0,3524.0,RSTO,True,False,0,ShADadR,6,481,5,3728,ssl,0
10529.654626,CAjLVO3lI7zsRKqlNi,10.0.2.15,53314,204.2.197.202,443,TLSv12,TLS_ECDHE_RSA_WITH_AES_256_GCM_SHA384,secp256r1,secure.media6degrees.com,False,True,CsxknGIti,"['eda54f898187cafbe2a8bb8b08d81dd485262caab20c22583cfceaf596eba60f', '02ab57e4e67a0cb48dd2ff34830e8ac40f4476fb08ca6be3f5cd846f646840f0', '4f32d5dc00f715250abcc486511e37f501a899deb3bf7ea8adbbd3aef1c412da', '687fa451382278fff0c8b11f8d43d576671c6eb2bceab413fb83d965d06d2ff2']",[],1.0,0ffee3ba8e615ad22535e7f771690a28,e35df3e00ca4ef31d42b34bebaa2f86e,,,10528.304424,10.0.2.15,53314,204.2.197.202,443,tcp,24.03358599999956,327.0,6203.0,SF,True,False,0,ShADadTfF,10,736,15,6807,ssl,0
10536.92639,C1GIg70qHDcUWmOMg,10.0.2.15,53318,66.150.102.76,443,TLSv12,TLS_ECDHE_RSA_WITH_AES_256_GCM_SHA384,secp256r1,secure.brightcove.com,False,True,CsxknGIi,"['9a876ed00beb3ab412f9f939c52620428fb0c0ac3096c49ff6d866a1eeb3af80', '02ab57e4e67a0cb48dd2ff34830e8ac40f4476fb08ca6be3f5cd846f646840f0', '4f32d5dc00f715250abcc486511e37f501a899deb3bf7ea8adbbd3aef1c412da']",[],1.0,0ffee3ba8e615ad22535e7f771690a28,0debd3853f330c574b05e0b6d882dc27,,,10535.898913,10.0.2.15,53318,66.150.102.76,443,tcp,8.084862999998222,324.0,4887.0,SF,True,False,0,ShADadFf,10,732,11,5331,ssl,0
10540.266664,C5fHPX1gMmlTApjL6g,10.0.2.15,53319,104.125.16.123,443,TLSv12,TLS_ECDHE_RSA_WITH_AES_256_GCM_SHA384,secp256r1,alaskatrips.poweredbygps.com,False,True,CsxknGIti,"['d600de643aafe7975c6a27e15eee455156efab2e06105cf94ebfbc834c4b1318', 'eae72eb454bf6c3977ebd289e970b2f5282949190093d0d26f98d0f0d6a9cf17']",[],1.0,0ffee3ba8e615ad22535e7f771690a28,2b33c1374db4ddf06942f92373c0b54b,http/1.1,,10538.503976,10.0.2.15,53319,104.125.16.123,443,tcp,222.9868119999992,9566.0,54435.0,SF,True,False,0,ShADadTTFfRr,60,11991,88,57959,ssl,0
10549.837004,CzZhXK26Ec4XtJOI71,10.0.2.15,53322,52.31.67.165,443,TLSv12,TLS_ECDHE_RSA_WITH_AES_128_GCM_SHA256,,dpm.demdex.net,True,True,CsiI,,,,0ffee3ba8e615ad22535e7f771690a28,303951d4c50efb2e991652225a6f02b1,,,10547.041138,10.0.2.15,53322,52.31.67.165,443,tcp,120.5805049999999,9536.0,3824.0,SF,True,False,0,ShADadTTFf,31,10795,30,5028,ssl,0
10549.838155,CMWteK1ABMkbGFgv8h,10.0.2.15,53321,52.31.67.165,443,TLSv12,TLS_ECDHE_RSA_WITH_AES_128_GCM_SHA256,,dpm.demdex.net,True,True,CsiI,,,,0ffee3ba8e615ad22535e7f771690a28,303951d4c50efb2e991652225a6f02b1,,,10547.027329,10.0.2.15,53321,52.31.67.165,443,tcp,13.3627120000001,305.0,176.0,SF,True,False,0,ShADadFfRr,9,673,9,540,ssl,0
10559.588063,CpAbky3lFgZ4HLYe5g,10.0.2.15,53323,104.244.43.241,443,TLSv12,TLS_ECDHE_RSA_WITH_AES_128_GCM_SHA256,,cdn.syndication.twimg.com,True,True,CsiI,,,,1a5fe5677b0e4fbbc854e8908225637d,d199ba0af2b08e204c73d6d81a1fd260,http/1.1,,10558.011967,10.0.2.15,53323,104.244.43.241,443,tcp,12.919025999999576,568.0,187.0,SF,True,False,0,ShADadTfF,8,897,8,511,ssl,0
10571.238443,Ckechl4Wd2P5RrCytk,10.0.2.15,53326,63.140.40.15,443,TLSv12,TLS_ECDHE_RSA_WITH_AES_256_GCM_SHA384,secp256r1,somni.alaskaair.com,False,True,CsxknGIi,"['097735835ba5f11669003cf73a1935d03b2eae0acc062261a12e25e079e16ce6', '19400be5b7a31fb733917700789d2f0a2471c0c9d506c0e504c06c16d7cb17c0']",[],1.0,0ffee3ba8e615ad22535e7f771690a28,959bfcf87532cbff1253e80a4ee81308,,,10570.467803,10.0.2.15,53326,63.140.40.15,443,tcp,25.19483700000092,1889.0,3536.0,SF,True,False,0,ShADadTFf,14,2458,14,4100,ssl,0
10571.242291,CCIqxC88KetnCEoM5,10.0.2.15,53327,63.140.40.15,443,TLSv12,TLS_ECDHE_RSA_WITH_AES_256_GCM_SHA384,secp256r1,somni.alaskaair.com,False,True,CsxknGIi,"['097735835ba5f11669003cf73a1935d03b2eae0acc062261a12e25e079e16ce6', '19400be5b7a31fb733917700789d2f0a2471c0c9d506c0e504c06c16d7cb17c0']",[],1.0,0ffee3ba8e615ad22535e7f771690a28,959bfcf87532cbff1253e80a4ee81308,,,10570.479153,10.0.2.15,53327,63.140.40.15,443,tcp,8.714357999999265,353.0,3126.0,SF,True,False,0,ShADadFf,10,761,12,3610,ssl,0
10572.382292,CBcHVg380S8gaEsrPi,10.0.2.15,53345,23.35.109.172,443,TLSv12,TLS_ECDHE_RSA_WITH_AES_256_GCM_SHA384,secp256r1,alaskatrips.poweredbygps.com,False,True,CsxknGIti,"['d600de643aafe7975c6a27e15eee455156efab2e06105cf94ebfbc834c4b1318', 'eae72eb454bf6c3977ebd289e970b2f5282949190093d0d26f98d0f0d6a9cf17']",[],1.0,0ffee3ba8e615ad22535e7f771690a28,2b33c1374db4ddf06942f92373c0b54b,http/1.1,,10571.821756,10.0.2.15,53345,23.35.109.172,443,tcp,189.6370500000012,10279.0,14123.0,SF,True,False,0,ShADadTTFfRr,47,12183,53,16247,ssl,0
10572.398888,C4BDbw1OUJpmq1IeKl,10.0.2.15,53344,23.35.109.172,443,TLSv12,TLS_ECDHE_RSA_WITH_AES_256_GCM_SHA384,secp256r1,alaskatrips.poweredbygps.com,False,True,CsxknGIti,"['d600de643aafe7975c6a27e15eee455156efab2e06105cf94ebfbc834c4b1318', 'eae72eb454bf6c3977ebd289e970b2f5282949190093d0d26f98d0f0d6a9cf17']",[],1.0,0ffee3ba8e615ad22535e7f771690a28,2b33c1374db4ddf06942f92373c0b54b,http/1.1,,10571.81191,10.0.2.15,53344,23.35.109.172,443,tcp,189.6497550000004,9647.0,38402.0,SF,True,False,0,ShADadTTFf,49,11631,67,41086,ssl,0
10572.405657,C91jFq4szIcJiB2U0a,10.0.2.15,53343,95.101.240.50,443,TLSv12,TLS_ECDHE_RSA_WITH_AES_256_GCM_SHA384,secp256r1,c.travel-assets.com,False,True,CsxknGIti,"['e6d4bceaba95ae89650739d728ae3518f34398c46a2a943e1e3873533fdf5319', '074541ecdf88ed992ed5ade3ecddef27a26ba1b44480a195c0a8dadae2521d8e']",[],1.0,0ffee3ba8e615ad22535e7f771690a28,2b33c1374db4ddf06942f92373c0b54b,http/1.1,,10571.800176,10.0.2.15,53343,95.101.240.50,443,tcp,129.03108599999905,871.0,7830.0,SF,True,False,0,ShADadTTFfRr,25,1891,28,8954,ssl,0
10572.407042,CNrF3Q1sNfHGAwscZ1,10.0.2.15,53342,95.101.240.50,443,TLSv12,TLS_ECDHE_RSA_WITH_AES_256_GCM_SHA384,secp256r1,a.travel-assets.com,False,True,CsxknGIti,"['e6d4bceaba95ae89650739d728ae3518f34398c46a2a943e1e3873533fdf5319', '074541ecdf88ed992ed5ade3ecddef27a26ba1b44480a195c0a8dadae2521d8e']",[],1.0,0ffee3ba8e615ad22535e7f771690a28,2b33c1374db4ddf06942f92373c0b54b,http/1.1,,10571.799589,10.0.2.15,53342,95.101.240.50,443,tcp,132.6772230000006,1237.0,29973.0,SF,True,False,0,ShADadTTFfRr,33,2577,51,32017,ssl,0
10572.408352,CPbXod0wgyvkbeN81,10.0.2.15,53341,95.101.240.50,443,TLSv12,TLS_ECDHE_RSA_WITH_AES_256_GCM_SHA384,secp256r1,a.travel-assets.com,False,True,CsxknGIti,"['e6d4bceaba95ae89650739d728ae3518f34398c46a2a943e1e3873533fdf5319', '074541ecdf88ed992ed5ade3ecddef27a26ba1b44480a195c0a8dadae2521d8e']",[],1.0,0ffee3ba8e615ad22535e7f771690a28,2b33c1374db4ddf06942f92373c0b54b,http/1.1,,10571.79851,10.0.2.15,53341,95.101.240.50,443,tcp,132.6689580000002,1237.0,6538.0,SF,True,False,0,ShADadTTFfRr,27,2337,29,7702,ssl,0
10572.409259,CGIvA6wUvWyOegIla,10.0.2.15,53340,95.101.240.50,443,TLSv12,TLS_ECDHE_RSA_WITH_AES_256_GCM_SHA384,secp256r1,a.travel-assets.com,False,True,CsxknGIti,"['e6d4bceaba95ae89650739d728ae3518f34398c46a2a943e1e3873533fdf5319', '074541ecdf88ed992ed5ade3ecddef27a26ba1b44480a195c0a8dadae2521d8e']",[],1.0,0ffee3ba8e615ad22535e7f771690a28,2b33c1374db4ddf06942f92373c0b54b,http/1.1,,10571.797431,10.0.2.15,53340,95.101.240.50,443,tcp,129.0520239999987,815.0,7895.0,SF,True,False,0,ShADadTTFfRr,25,1835,28,9019,ssl,0
10572.410598,CVL5dHDBAUguX9MYi,10.0.2.15,53339,95.101.240.50,443,TLSv12,TLS_ECDHE_RSA_WITH_AES_256_GCM_SHA384,secp256r1,a.travel-assets.com,False,True,CsxknGIti,"['e6d4bceaba95ae89650739d728ae3518f34398c46a2a943e1e3873533fdf5319', '074541ecdf88ed992ed5ade3ecddef27a26ba1b44480a195c0a8dadae2521d8e']",[],1.0,0ffee3ba8e615ad22535e7f771690a28,2b33c1374db4ddf06942f92373c0b54b,http/1.1,,10571.796371,10.0.2.15,53339,95.101.240.50,443,tcp,129.05312599999888,817.0,19603.0,SF,True,False,0,ShADadTTFfRr,28,1957,38,21127,ssl,0
10572.412038,Cs32wN1WiEsdAK1LR,10.0.2.15,53338,95.101.240.50,443,TLSv12,TLS_ECDHE_RSA_WITH_AES_256_GCM_SHA384,secp256r1,b.travel-assets.com,False,True,CsxknGIti,"['e6d4bceaba95ae89650739d728ae3518f34398c46a2a943e1e3873533fdf5319', '074541ecdf88ed992ed5ade3ecddef27a26ba1b44480a195c0a8dadae2521d8e']",[],1.0,0ffee3ba8e615ad22535e7f771690a28,2b33c1374db4ddf06942f92373c0b54b,http/1.1,,10571.795587,10.0.2.15,53338,95.101.240.50,443,tcp,137.44746999999916,1285.0,7905.0,SF,True,False,0,ShADadTTFf,26,2345,28,9029,ssl,0
10572.417342,CrSFMAMrDiXvYajfb,10.0.2.15,53337,95.101.240.50,443,TLSv12,TLS_ECDHE_RSA_WITH_AES_256_GCM_SHA384,secp256r1,b.travel-assets.com,False,True,CsxknGIti,"['e6d4bceaba95ae89650739d728ae3518f34398c46a2a943e1e3873533fdf5319', '074541ecdf88ed992ed5ade3ecddef27a26ba1b44480a195c0a8dadae2521d8e']",[],1.0,0ffee3ba8e615ad22535e7f771690a28,2b33c1374db4ddf06942f92373c0b54b,http/1.1,,10571.794665,10.0.2.15,53337,95.101.240.50,443,tcp,137.45770300000004,1281.0,13534.0,SF,True,False,0,ShADadTTFf,26,2341,32,14818,ssl,0
10572.419096,CzUZxTcfHPmvkEPNd,10.0.2.15,53336,95.101.240.50,443,TLSv12,TLS_ECDHE_RSA_WITH_AES_256_GCM_SHA384,secp256r1,b.travel-assets.com,False,True,CsxknGIti,"['e6d4bceaba95ae89650739d728ae3518f34398c46a2a943e1e3873533fdf5319', '074541ecdf88ed992ed5ade3ecddef27a26ba1b44480a195c0a8dadae2521d8e']",[],1.0,0ffee3ba8e615ad22535e7f771690a28,2b33c1374db4ddf06942f92373c0b54b,http/1.1,,10571.793842,10.0.2.15,53336,95.101.240.50,443,tcp,137.485772,1279.0,16933.0,SF,True,False,0,ShADadTTFfRr,28,2419,38,18457,ssl,0
10572.420827,CQU68X1713ZguX7zze,10.0.2.15,53335,95.101.240.50,443,TLSv12,TLS_ECDHE_RSA_WITH_AES_256_GCM_SHA384,secp256r1,b.travel-assets.com,False,True,CsxknGIti,"['e6d4bceaba95ae89650739d728ae3518f34398c46a2a943e1e3873533fdf5319', '074541ecdf88ed992ed5ade3ecddef27a26ba1b44480a195c0a8dadae2521d8e']",[],1.0,0ffee3ba8e615ad22535e7f771690a28,2b33c1374db4ddf06942f92373c0b54b,http/1.1,,10571.79252,10.0.2.15,53335,95.101.240.50,443,tcp,137.50022199999876,1288.0,16628.0,SF,True,False,0,ShADadTTFfRr,31,2549,37,18112,ssl,0
10572.423905,CkyMZs1J2HJhqkcBC2,10.0.2.15,53333,95.101.251.103,443,TLSv12,TLS_ECDHE_RSA_WITH_AES_256_GCM_SHA384,,www.expedia.com,True,True,CsiI,,,,1a5fe5677b0e4fbbc854e8908225637d,410b9bedaf65dd26c6fe547154d60db4,http/1.1,,10571.790855,10.0.2.15,53333,95.101.251.103,443,tcp,181.86518100000103,2005.0,1829.0,SF,True,False,0,ShADadTTFfRr,30,3230,30,3033,ssl,0
10572.424614,CbAfKL1VViMCiOY52h,10.0.2.15,53332,95.101.251.103,443,TLSv12,TLS_ECDHE_RSA_WITH_AES_256_GCM_SHA384,,www.expedia.com,True,True,CsiI,,,,1a5fe5677b0e4fbbc854e8908225637d,410b9bedaf65dd26c6fe547154d60db4,http/1.1,,10571.78699,10.0.2.15,53332,95.101.251.103,443,tcp,181.8690979999992,2051.0,2573.0,SF,True,False,0,ShADadTTFfRr,30,3276,30,3777,ssl,0
10572.421934,CbyLfaDmdgkauU3Bb,10.0.2.15,53334,95.101.240.50,443,TLSv12,TLS_ECDHE_RSA_WITH_AES_256_GCM_SHA384,secp256r1,b.travel-assets.com,False,True,CsxknGIti,"['e6d4bceaba95ae89650739d728ae3518f34398c46a2a943e1e3873533fdf5319', '074541ecdf88ed992ed5ade3ecddef27a26ba1b44480a195c0a8dadae2521d8e']",[],1.0,0ffee3ba8e615ad22535e7f771690a28,2b33c1374db4ddf06942f92373c0b54b,http/1.1,,10571.791861,10.0.2.15,53334,95.101.240.50,443,tcp,137.44605799999954,1284.0,11551.0,SF,True,False,0,ShADadTTFfRr,28,2424,33,12875,ssl,0
10572.426672,Cmwb7h1b7W1uherTX1,10.0.2.15,53331,95.101.240.50,443,TLSv12,TLS_ECDHE_RSA_WITH_AES_256_GCM_SHA384,secp256r1,a.travel-assets.com,False,True,CsxknGIti,"['e6d4bceaba95ae89650739d728ae3518f34398c46a2a943e1e3873533fdf5319', '074541ecdf88ed992ed5ade3ecddef27a26ba1b44480a195c0a8dadae2521d8e']",[],1.0,0ffee3ba8e615ad22535e7f771690a28,2b33c1374db4ddf06942f92373c0b54b,http/1.1,,10571.783957,10.0.2.15,53331,95.101.240.50,443,tcp,181.88510599999967,1720.0,87005.0,SF,True,False,0,ShADadTTFf,50,3745,104,91169,ssl,0
10572.428246,CkBtEq3y6j8JdTlkP3,10.0.2.15,53330,95.101.240.50,443,TLSv12,TLS_ECDHE_RSA_WITH_AES_256_GCM_SHA384,secp256r1,c.travel-assets.com,False,True,CsxknGIti,"['e6d4bceaba95ae89650739d728ae3518f34398c46a2a943e1e3873533fdf5319', '074541ecdf88ed992ed5ade3ecddef27a26ba1b44480a195c0a8dadae2521d8e']",[],1.0,0ffee3ba8e615ad22535e7f771690a28,2b33c1374db4ddf06942f92373c0b54b,http/1.1,,10571.780515,10.0.2.15,53330,95.101.240.50,443,tcp,137.51227199999994,843.0,71028.0,SF,True,False,0,ShADadTTFfRr,38,2384,79,74192,ssl,0
10572.429845,Cx9FVN2W8kuaNL0idc,10.0.2.15,53329,95.101.240.50,443,TLSv12,TLS_ECDHE_RSA_WITH_AES_256_GCM_SHA384,secp256r1,a.travel-assets.com,False,True,CsxknGIti,"['e6d4bceaba95ae89650739d728ae3518f34398c46a2a943e1e3873533fdf5319', '074541ecdf88ed992ed5ade3ecddef27a26ba1b44480a195c0a8dadae2521d8e']",[],1.0,0ffee3ba8e615ad22535e7f771690a28,2b33c1374db4ddf06942f92373c0b54b,http/1.1,,10571.779271,10.0.2.15,53329,95.101.240.50,443,tcp,181.8768740000014,1347.0,69639.0,SF,True,False,0,ShADadTTFfRr,45,3172,88,73163,ssl,0
10572.430839,CfFV5XKicP9yr59Tc,10.0.2.15,53328,95.101.240.50,443,TLSv12,TLS_ECDHE_RSA_WITH_AES_256_GCM_SHA384,secp256r1,b.travel-assets.com,False,True,CsxknGIti,"['e6d4bceaba95ae89650739d728ae3518f34398c46a2a943e1e3873533fdf5319', '074541ecdf88ed992ed5ade3ecddef27a26ba1b44480a195c0a8dadae2521d8e']",[],1.0,0ffee3ba8e615ad22535e7f771690a28,2b33c1374db4ddf06942f92373c0b54b,http/1.1,,10571.778276,10.0.2.15,53328,95.101.240.50,443,tcp,148.12097800000083,1759.0,63490.0,SF,True,False,0,ShADadTTFfRr,41,3420,81,66734,ssl,0
10576.019386,C0slud1s6LjCfrUFH9,10.0.2.15,53346,95.101.240.50,443,TLSv12,TLS_ECDHE_RSA_WITH_AES_256_GCM_SHA384,secp256r1,c.travel-assets.com,False,True,CsxknGIti,"['e6d4bceaba95ae89650739d728ae3518f34398c46a2a943e1e3873533fdf5319', '074541ecdf88ed992ed5ade3ecddef27a26ba1b44480a195c0a8dadae2521d8e']",[],1.0,0ffee3ba8e615ad22535e7f771690a28,2b33c1374db4ddf06942f92373c0b54b,http/1.1,,10574.431305,10.0.2.15,53346,95.101.240.50,443,tcp,134.79109299999982,824.0,31556.0,SF,True,False,0,ShADadTTFfRr,28,1964,50,33560,ssl,0
10576.287774,C3W0vq40t98cJpecj5,10.0.2.15,53348,23.35.109.172,443,TLSv12,TLS_ECDHE_RSA_WITH_AES_256_GCM_SHA384,,alaskatrips.poweredbygps.com,True,True,CsiI,,,,1a5fe5677b0e4fbbc854e8908225637d,410b9bedaf65dd26c6fe547154d60db4,http/1.1,,10574.971601,10.0.2.15,53348,23.35.109.172,443,tcp,12.510818000000654,599.0,183.0,SF,True,False,0,ShADadFfRr,8,927,9,547,ssl,0
10576.51643,Cqy9bciXuKIeYptN3,10.0.2.15,53347,95.101.240.50,443,TLSv12,TLS_ECDHE_RSA_WITH_AES_256_GCM_SHA384,secp256r1,c.travel-assets.com,False,True,CsxknGIti,"['e6d4bceaba95ae89650739d728ae3518f34398c46a2a943e1e3873533fdf5319', '074541ecdf88ed992ed5ade3ecddef27a26ba1b44480a195c0a8dadae2521d8e']",[],1.0,0ffee3ba8e615ad22535e7f771690a28,2b33c1374db4ddf06942f92373c0b54b,http/1.1,,10574.960527,10.0.2.15,53347,95.101.240.50,443,tcp,13.105289000000994,353.0,4108.0,SF,True,False,0,ShADadTFfRr,12,842,14,4672,ssl,0
10579.650019,CeVlouBweLDdzdXu,10.0.2.15,53350,23.64.15.83,443,TLSv12,TLS_ECDHE_ECDSA_WITH_AES_256_GCM_SHA384,secp256r1,ds-aksb-a.akamaihd.net,False,True,CsxuknGIti,"['56d0de4121d9daaea7a1ed67ff7b49ba2ea3d77cbab1c27901ee618b74a29e16', '2e2861289b5ccedecae4c31bf262e0fb0c29b6c1530573442731ca65d821e901']",[],1.0,0ffee3ba8e615ad22535e7f771690a28,ca6f3b7b341bf732d741bd93e9b37436,http/1.1,,10578.669075,10.0.2.15,53350,23.64.15.83,443,tcp,9.660125000000336,1451.0,9094.0,SF,True,False,0,ShADadFfRr,14,2019,20,9898,ssl,0
10579.652474,C3P6vB2fXzqgOQ2Ix8,10.0.2.15,53349,23.64.15.83,443,TLSv12,TLS_ECDHE_ECDSA_WITH_AES_256_GCM_SHA384,secp256r1,ds-aksb-a.akamaihd.net,False,True,CsxuknGIti,"['56d0de4121d9daaea7a1ed67ff7b49ba2ea3d77cbab1c27901ee618b74a29e16', '2e2861289b5ccedecae4c31bf262e0fb0c29b6c1530573442731ca65d821e901']",[],1.0,0ffee3ba8e615ad22535e7f771690a28,ca6f3b7b341bf732d741bd93e9b37436,http/1.1,,10578.667854,10.0.2.15,53349,23.64.15.83,443,tcp,8.791717000000062,388.0,3928.0,SF,True,False,0,ShADadFfRr,11,836,13,4452,ssl,0
10593.513816,C2ltL12Kf1iOvzp0u7,10.0.2.15,53357,104.16.23.235,443,TLSv12,TLS_ECDHE_RSA_WITH_AES_128_GCM_SHA256,secp256r1,m.addthisedge.com,False,True,CsxuknGIti,"['8f5ac796ae85111a4e9f1c7d20065c1ec4d3309e37ad000815328a9a78bd4ed3', '154c433c491929c5ef686e838e323664a00e6a0d822ccc958fb4dab03e49a08f']",[],1.0,0ffee3ba8e615ad22535e7f771690a28,76cc3e2d3028143b23ec18e27dbd7ca9,http/1.1,,10592.899905,10.0.2.15,53357,104.16.23.235,443,tcp,6.617073999999775,351.0,3684.0,SF,True,False,0,ShADadFf,10,759,11,4128,ssl,0
10593.517462,CGY4Pc1Q1WATa30Mud,10.0.2.15,53358,92.123.165.179,443,TLSv12,TLS_ECDHE_RSA_WITH_AES_256_GCM_SHA384,secp256r1,alaskatrips.poweredbygps.com,False,True,CsxknGIti,"['d600de643aafe7975c6a27e15eee455156efab2e06105cf94ebfbc834c4b1318', 'eae72eb454bf6c3977ebd289e970b2f5282949190093d0d26f98d0f0d6a9cf17']",[],1.0,0ffee3ba8e615ad22535e7f771690a28,2b33c1374db4ddf06942f92373c0b54b,http/1.1,,10592.90457,10.0.2.15,53358,92.123.165.179,443,tcp,168.55418999999893,8419.0,55383.0,SF,True,False,0,ShADadTTFfRr,50,10441,83,58707,ssl,0
10593.521885,CLqjt3hZoJHjWNTaj,10.0.2.15,53360,92.123.165.179,443,TLSv12,TLS_ECDHE_RSA_WITH_AES_256_GCM_SHA384,secp256r1,alaskatrips.poweredbygps.com,False,True,CsxknGIti,"['d600de643aafe7975c6a27e15eee455156efab2e06105cf94ebfbc834c4b1318', 'eae72eb454bf6c3977ebd289e970b2f5282949190093d0d26f98d0f0d6a9cf17']",[],1.0,0ffee3ba8e615ad22535e7f771690a28,2b33c1374db4ddf06942f92373c0b54b,http/1.1,,10592.907848,10.0.2.15,53360,92.123.165.179,443,tcp,225.6068219999997,22316.0,100547.0,SF,True,False,0,ShADadTTFfRr,83,25662,137,106031,ssl,0
10593.527991,CnxFzaeeOlPDy2pn9,10.0.2.15,53359,92.123.165.179,443,TLSv12,TLS_ECDHE_RSA_WITH_AES_256_GCM_SHA384,secp256r1,alaskatrips.poweredbygps.com,False,True,CsxknGIti,"['d600de643aafe7975c6a27e15eee455156efab2e06105cf94ebfbc834c4b1318', 'eae72eb454bf6c3977ebd289e970b2f5282949190093d0d26f98d0f0d6a9cf17']",[],1.0,0ffee3ba8e615ad22535e7f771690a28,2b33c1374db4ddf06942f92373c0b54b,http/1.1,,10592.905887,10.0.2.15,53359,92.123.165.179,443,tcp,168.5528489999997,4507.0,8501.0,SF,True,False,0,ShADadTTFf,34,5890,34,9865,ssl,0
10595.099919,C8hZbakRM3CxvdeIj,10.0.2.15,53361,95.101.251.103,443,TLSv12,TLS_ECDHE_RSA_WITH_AES_256_GCM_SHA384,secp256r1,images.trvl-media.com,False,True,CsxknGIti,"['5dfe1d03dd82ee1965e272129fe7467c37d15c49947c150f64bb992c266c9e7d', '074541ecdf88ed992ed5ade3ecddef27a26ba1b44480a195c0a8dadae2521d8e']",[],1.0,0ffee3ba8e615ad22535e7f771690a28,2b33c1374db4ddf06942f92373c0b54b,http/1.1,,10594.575502,10.0.2.15,53361,95.101.251.103,443,tcp,127.96141700000044,804.0,24041.0,SF,True,False,0,ShADadTTFfRr,30,2024,43,25765,ssl,0
10595.599006,CTk0cz1tLL8Uwa8SR8,10.0.2.15,53362,34.199.224.8,443,TLSv12,TLS_ECDHE_RSA_WITH_AES_256_GCM_SHA384,secp256r1,careers.state.gov,False,True,CsxknGIti,"['097c9e80c4d129589c2acb25e2099974a883ace34670b443ffb616dffaa96df9', '51cf0fffc3253fc013af786f95b190109f8c87f34dfd1cec44c45888789f5355']",[],1.0,0ffee3ba8e615ad22535e7f771690a28,758945630046fd37070521b8544d1fe8,,,10595.108282,10.0.2.15,53362,34.199.224.8,443,tcp,20.04528400000163,5000.0,1455498.0,SF,True,False,0,ShADadfF,211,13448,1156,1501742,ssl,0
10596.130411,CCiXe3QLL4OqvwB7k,10.0.2.15,53367,95.101.240.50,443,TLSv12,TLS_ECDHE_RSA_WITH_AES_256_GCM_SHA384,secp256r1,c.travel-assets.com,False,True,CsxknGIti,"['e6d4bceaba95ae89650739d728ae3518f34398c46a2a943e1e3873533fdf5319', '074541ecdf88ed992ed5ade3ecddef27a26ba1b44480a195c0a8dadae2521d8e']",[],1.0,0ffee3ba8e615ad22535e7f771690a28,2b33c1374db4ddf06942f92373c0b54b,http/1.1,,10595.603693,10.0.2.15,53367,95.101.240.50,443,tcp,126.9406880000006,939.0,26538.0,SF,True,False,0,ShADadTTFfRr,31,2199,46,28382,ssl,0
10596.277925,CNdr814jTJlgF5fNv,10.0.2.15,53365,95.101.240.50,443,TLSv12,TLS_ECDHE_RSA_WITH_AES_256_GCM_SHA384,secp256r1,a.travel-assets.com,False,True,CsxknGIti,"['e6d4bceaba95ae89650739d728ae3518f34398c46a2a943e1e3873533fdf5319', '074541ecdf88ed992ed5ade3ecddef27a26ba1b44480a195c0a8dadae2521d8e']",[],1.0,0ffee3ba8e615ad22535e7f771690a28,2b33c1374db4ddf06942f92373c0b54b,http/1.1,,10595.601873,10.0.2.15,53365,95.101.240.50,443,tcp,165.85679999999957,2138.0,68323.0,SF,True,False,0,ShADadTTFf,44,3921,84,71687,ssl,0
10596.279922,CbymnN2DEpbzEeSVvi,10.0.2.15,53364,95.101.240.50,443,TLSv12,TLS_ECDHE_RSA_WITH_AES_256_GCM_SHA384,secp256r1,c.travel-assets.com,False,True,CsxknGIti,"['e6d4bceaba95ae89650739d728ae3518f34398c46a2a943e1e3873533fdf5319', '074541ecdf88ed992ed5ade3ecddef27a26ba1b44480a195c0a8dadae2521d8e']",[],1.0,0ffee3ba8e615ad22535e7f771690a28,2b33c1374db4ddf06942f92373c0b54b,http/1.1,,10595.601374,10.0.2.15,53364,95.101.240.50,443,tcp,126.93199500000082,939.0,26558.0,SF,True,False,0,ShADadTTFfRr,30,2159,45,28362,ssl,0
10596.28131,CFtsxA3EnNOB6Ux3Wg,10.0.2.15,53363,95.101.251.103,443,TLSv12,TLS_ECDHE_RSA_WITH_AES_256_GCM_SHA384,secp256r1,images.trvl-media.com,False,True,CsxknGIti,"['5dfe1d03dd82ee1965e272129fe7467c37d15c49947c150f64bb992c266c9e7d', '074541ecdf88ed992ed5ade3ecddef27a26ba1b44480a195c0a8dadae2521d8e']",[],1.0,0ffee3ba8e615ad22535e7f771690a28,2b33c1374db4ddf06942f92373c0b54b,http/1.1,,10595.600677,10.0.2.15,53363,95.101.251.103,443,tcp,170.04835300000013,1220.0,370111.0,SF,True,False,0,ShADadTTFfRr,96,5083,320,382915,ssl,0
10596.108589,CwwU654bzaFrkFwxh,10.0.2.15,53368,216.251.120.212,443,TLSv12,TLS_RSA_WITH_3DES_EDE_CBC_SHA,,gemma.expedia.com,False,True,CsxnGIi,"['e931f60707f838de4d6d39d63164c92d25c7d29398a8b628bc3ccf6ce75491d1', 'd6c3fc493bacd1df8a1ba30f4ae26254b2a4528e4876081eacc6a16a090aa36a', '6dc47172e01cbcb0bf62580d895fe2b8ac9ad4f873801e0c10b9c837d21eb177']",[],1.0,0ffee3ba8e615ad22535e7f771690a28,ccf031939aa8979b73a604c356f7fd68,,,10595.611526,10.0.2.15,53368,216.251.120.212,443,tcp,2.215188000000125,520.0,3808.0,SF,True,False,0,ShADadFf,8,848,9,4172,ssl,0
10597.141201,CmajkU3idumB7Rxi37,10.0.2.15,53369,63.140.40.176,443,TLSv12,TLS_ECDHE_RSA_WITH_AES_256_GCM_SHA384,secp256r1,oms.expedia.com,False,True,CsxknGIi,"['19d77f02e913024ca4fbe8f5ec363d2a40f686e56d88b0fc630ae6af2145f862', '19400be5b7a31fb733917700789d2f0a2471c0c9d506c0e504c06c16d7cb17c0']",[],1.0,0ffee3ba8e615ad22535e7f771690a28,959bfcf87532cbff1253e80a4ee81308,,,10596.078073,10.0.2.15,53369,63.140.40.176,443,tcp,3.053721000000223,350.0,3129.0,SF,True,False,0,ShADadFf,9,718,9,3493,ssl,0
10602.621521,CuwmCV1B7KQ15HnOgl,10.0.2.15,53380,52.213.96.210,443,TLSv12,TLS_ECDHE_RSA_WITH_AES_128_GCM_SHA256,secp256r1,www.trvl-px.com,False,True,CsxknGIi,"['cbf9d87dce30893296f147d15e7e8b08b66942c843b949bdac9de066016a57f3', '13efb39a2f6654e8c67bd04f4c6d4c90cd6cab5091bcedc73787f6b77d3d3fe7']",[],1.0,0ffee3ba8e615ad22535e7f771690a28,303951d4c50efb2e991652225a6f02b1,,,10602.339253,10.0.2.15,53380,52.213.96.210,443,tcp,171.5856960000001,2332.0,4422.0,SF,True,False,0,ShADadTTFRfr,34,3716,36,5866,ssl,0
10602.623621,CtKLEl4YXJ09BAT9j4,10.0.2.15,53379,52.213.96.210,443,TLSv12,TLS_ECDHE_RSA_WITH_AES_128_GCM_SHA256,secp256r1,www.trvl-px.com,False,True,CsxknGIi,"['cbf9d87dce30893296f147d15e7e8b08b66942c843b949bdac9de066016a57f3', '13efb39a2f6654e8c67bd04f4c6d4c90cd6cab5091bcedc73787f6b77d3d3fe7']",[],1.0,0ffee3ba8e615ad22535e7f771690a28,303951d4c50efb2e991652225a6f02b1,,,10602.337337,10.0.2.15,53379,52.213.96.210,443,tcp,6.485554999999294,349.0,3215.0,SF,True,False,0,ShADadFfRr,11,797,13,3739,ssl,0
10602.976858,Cb4K1a4YisBPnklCXe,10.0.2.15,53383,63.140.40.176,443,TLSv12,TLS_ECDHE_RSA_WITH_AES_256_GCM_SHA384,secp256r1,oms.expedia.com,False,True,CsxknGIi,"['19d77f02e913024ca4fbe8f5ec363d2a40f686e56d88b0fc630ae6af2145f862', '19400be5b7a31fb733917700789d2f0a2471c0c9d506c0e504c06c16d7cb17c0']",[],1.0,0ffee3ba8e615ad22535e7f771690a28,959bfcf87532cbff1253e80a4ee81308,,,10602.635224,10.0.2.15,53383,63.140.40.176,443,tcp,19.58300000000054,3350.0,4181.0,SF,True,False,0,ShADadTFf,16,3999,17,4865,ssl,0
10602.9717,Cgc5xI1L5x5qmTTDz1,10.0.2.15,53384,34.192.113.115,443,TLSv12,TLS_ECDHE_RSA_WITH_AES_128_GCM_SHA256,secp256r1,collector.prod.expedia.com,False,True,CsxknGIi,"['461c217c5886ae537ec390ac68d9dfdeddc3754890392d039a9a6d52d7c5e572', 'f5c2f23c6518f9d19b6f39beaea4fbae10031ba9dc985ce1563a520da0ad4116']",[],1.0,0ffee3ba8e615ad22535e7f771690a28,303951d4c50efb2e991652225a6f02b1,,,10602.635995,10.0.2.15,53384,34.192.113.115,443,tcp,160.85873100000026,1793.0,3751.0,SF,True,False,0,ShADadTTFfRr,29,2976,31,4995,ssl,0
10602.983711,CWn4Yz4NP3ic0tE99f,10.0.2.15,53381,63.140.40.176,443,TLSv12,TLS_ECDHE_RSA_WITH_AES_256_GCM_SHA384,secp256r1,oms.expedia.com,False,True,CsxknGIi,"['19d77f02e913024ca4fbe8f5ec363d2a40f686e56d88b0fc630ae6af2145f862', '19400be5b7a31fb733917700789d2f0a2471c0c9d506c0e504c06c16d7cb17c0']",[],1.0,0ffee3ba8e615ad22535e7f771690a28,959bfcf87532cbff1253e80a4ee81308,,,10602.630935,10.0.2.15,53381,63.140.40.176,443,tcp,6.180663000001004,381.0,3129.0,SF,True,False,0,ShADadFf,10,789,10,3533,ssl,0
10602.980023,CjLgia4UGmYkFNjIml,10.0.2.15,53382,34.192.113.115,443,TLSv12,TLS_ECDHE_RSA_WITH_AES_128_GCM_SHA256,secp256r1,collector.prod.expedia.com,False,True,CsxknGIi,"['461c217c5886ae537ec390ac68d9dfdeddc3754890392d039a9a6d52d7c5e572', 'f5c2f23c6518f9d19b6f39beaea4fbae10031ba9dc985ce1563a520da0ad4116']",[],1.0,0ffee3ba8e615ad22535e7f771690a28,303951d4c50efb2e991652225a6f02b1,,,10602.633952,10.0.2.15,53382,34.192.113.115,443,tcp,6.271139000000403,360.0,3173.0,SF,True,False,0,ShADadFRfr,11,808,12,3657,ssl,0
10603.790285,C8i01B4x8Bhelg05d1,10.0.2.15,53388,34.199.224.8,443,TLSv12,TLS_ECDHE_RSA_WITH_AES_256_GCM_SHA384,,careers.state.gov,True,True,CsiI,,,,1a5fe5677b0e4fbbc854e8908225637d,364ff14b04ef93c3b4cfa429d729c0d9,,,10602.995201,10.0.2.15,53388,34.199.224.8,443,tcp,7.461784999999509,1998.0,47942.0,SF,True,False,0,ShADadfF,23,2926,53,50066,ssl,0
10603.791286,C1TjRQ1YoXHv3UinQ1,10.0.2.15,53387,34.199.224.8,443,TLSv12,TLS_ECDHE_RSA_WITH_AES_256_GCM_SHA384,,careers.state.gov,True,True,CsiI,,,,1a5fe5677b0e4fbbc854e8908225637d,364ff14b04ef93c3b4cfa429d729c0d9,,,10602.992644,10.0.2.15,53387,34.199.224.8,443,tcp,10.9109040000003,2773.0,129990.0,SF,True,False,0,ShADadfF,45,4581,123,134914,ssl,0
10603.778004,CAZzg1GVXYOLxUEFh,10.0.2.15,53386,34.199.224.8,443,TLSv12,TLS_ECDHE_RSA_WITH_AES_256_GCM_SHA384,,careers.state.gov,True,True,CsiI,,,,1a5fe5677b0e4fbbc854e8908225637d,364ff14b04ef93c3b4cfa429d729c0d9,,,10602.990544,10.0.2.15,53386,34.199.224.8,443,tcp,10.924136999999972,2993.0,546472.0,SF,True,False,0,ShADadfF,110,7401,463,564996,ssl,0
10603.784011,CDib6M3Pe667UyM909,10.0.2.15,53385,34.199.224.8,443,TLSv12,TLS_ECDHE_RSA_WITH_AES_256_GCM_SHA384,,careers.state.gov,True,True,CsiI,,,,1a5fe5677b0e4fbbc854e8908225637d,364ff14b04ef93c3b4cfa429d729c0d9,,,10602.98883,10.0.2.15,53385,34.199.224.8,443,tcp,10.912578999999823,3053.0,173651.0,SF,True,False,0,ShADadfF,53,5181,165,180255,ssl,0
10604.12251,CFhy0b4GpU9dvrpbM9,10.0.2.15,53389,34.199.224.8,443,TLSv12,TLS_ECDHE_RSA_WITH_AES_256_GCM_SHA384,,careers.state.gov,True,True,CsiI,,,,1a5fe5677b0e4fbbc854e8908225637d,364ff14b04ef93c3b4cfa429d729c0d9,,,10603.817569,10.0.2.15,53389,34.199.224.8,443,tcp,6.282631000000038,1280.0,4185.0,SF,True,False,0,ShADadfF,9,1648,12,4669,ssl,0
10604.680951,CXzcec4gLLzyjekC66,10.0.2.15,53391,172.217.23.202,443,TLSv12,TLS_ECDHE_RSA_WITH_AES_128_GCM_SHA256,x25519,ajax.googleapis.com,False,True,CsxknGIti,"['0ca616f3b5a49ded9af60777a33ae7119bfd6de6a815dbee0b64d5d69491aa06', '9f630426df1d8abfd80ace98871ba833ab9742cb34838de2b5285ed54c0c7dcc', '3c35cc963eb004451323d3275d05b353235053490d9cd83729a2faf5e7ca1cc0']",[],1.0,0ffee3ba8e615ad22535e7f771690a28,ab41313cfec25328b20865eb1388e0a2,h2,,10604.125168,10.0.2.15,53391,172.217.23.202,443,tcp,1216.561728999999,4602.0,157279.0,SF,True,False,0,ShADadFf,121,9450,224,166243,ssl,0
10608.252446,CK3dxJ0FImcDg0VC4,10.0.2.15,53393,54.229.75.228,443,TLSv12,TLS_ECDHE_RSA_WITH_AES_128_GCM_SHA256,secp256r1,dpm.demdex.net,False,True,CsxknGIi,"['ab8f7b89fa3e472463832f1b07660350a24ba646789dce6dd09107fab1d86a12', '19400be5b7a31fb733917700789d2f0a2471c0c9d506c0e504c06c16d7cb17c0']",[],1.0,0ffee3ba8e615ad22535e7f771690a28,303951d4c50efb2e991652225a6f02b1,,,10607.970338,10.0.2.15,53393,54.229.75.228,443,tcp,6.211241000000882,348.0,3143.0,RSTO,True,False,0,ShADadFR,9,716,10,3547,ssl,0
10608.256017,CEtwDz3CjTYWqSeX0j,10.0.2.15,53392,54.229.75.228,443,TLSv12,TLS_ECDHE_RSA_WITH_AES_128_GCM_SHA256,secp256r1,dpm.demdex.net,False,True,CsxknGIi,"['ab8f7b89fa3e472463832f1b07660350a24ba646789dce6dd09107fab1d86a12', '19400be5b7a31fb733917700789d2f0a2471c0c9d506c0e504c06c16d7cb17c0']",[],1.0,0ffee3ba8e615ad22535e7f771690a28,303951d4c50efb2e991652225a6f02b1,,,10607.969664,10.0.2.15,53392,54.229.75.228,443,tcp,6.197521000000052,348.0,3143.0,SF,True,False,0,ShADadFRfr,10,756,12,3627,ssl,0
10608.832369,C5d8Ef26JNRY5ZvMV7,10.0.2.15,53395,151.101.112.222,443,TLSv12,TLS_ECDHE_RSA_WITH_AES_128_GCM_SHA256,secp256r1,gateway.answerscloud.com,False,True,CsxuknGIti,"['bc188825b3eb5f35ceda01a2d9259b4194035f2f53bdefd7f49be68c32851bcb', '19400be5b7a31fb733917700789d2f0a2471c0c9d506c0e504c06c16d7cb17c0']",[],1.0,0ffee3ba8e615ad22535e7f771690a28,860fcf58fd757e26aa8911e5eaff6b53,http/1.1,,10608.785712,10.0.2.15,53395,151.101.112.222,443,tcp,102.10301899999833,4961.0,126409.0,SF,True,False,0,ShADadTFfRr,68,7697,135,131813,ssl,0
10608.83367,CR5wb6gA298oILlbg,10.0.2.15,53394,151.101.112.222,443,TLSv12,TLS_ECDHE_RSA_WITH_AES_128_GCM_SHA256,secp256r1,gateway.answerscloud.com,False,True,CsxuknGIti,"['bc188825b3eb5f35ceda01a2d9259b4194035f2f53bdefd7f49be68c32851bcb', '19400be5b7a31fb733917700789d2f0a2471c0c9d506c0e504c06c16d7cb17c0']",[],1.0,0ffee3ba8e615ad22535e7f771690a28,860fcf58fd757e26aa8911e5eaff6b53,http/1.1,,10608.78232,10.0.2.15,53394,151.101.112.222,443,tcp,5.35293400000046,390.0,3813.0,SF,True,False,0,ShADadFfRr,11,838,13,4337,ssl,0
10610.890918,Cc1xm63OmJlzeLn8O3,10.0.2.15,53399,104.31.80.163,443,TLSv12,TLS_ECDHE_ECDSA_WITH_AES_128_GCM_SHA256,secp256r1,www.feedrapp.info,False,True,CsxknGIti,"['d5b8e02d23516293959a8e006dbece4aac5abef69d93f79bbb4d437209a4b0b1', 'cd6c108a0e641f2ca122aaa6d03f826759cae7c6f800eabf76dc48b67cd083ce', '9573862ac0b4b125168810ea3fd101ae2eb0bb15f61fc0e6da7a2a38b85a89e8']",[],1.0,0ffee3ba8e615ad22535e7f771690a28,2d1eb5817ece335c24904f516ad5da12,h2,,10610.853548,10.0.2.15,53399,104.31.80.163,443,tcp,194.21532900000057,1034.0,5014.0,SF,True,False,0,ShADadFf,21,1882,24,5978,ssl,0
10612.537695,C0OIz827J8NPlfMgn5,10.0.2.15,53401,104.16.23.235,443,TLSv12,TLS_ECDHE_RSA_WITH_AES_128_GCM_SHA256,,m.addthisedge.com,True,True,CsiI,,,,1a5fe5677b0e4fbbc854e8908225637d,7bee5c1d424b7e5f943b06983bb11422,http/1.1,,10612.507169,10.0.2.15,53401,104.16.23.235,443,tcp,123.81089799999972,961.0,961.0,SF,True,False,0,ShADadTTFf,21,1821,21,1805,ssl,0
10612.657996,CouzHeKtTiqInQ3q8,10.0.2.15,53402,104.16.25.235,443,TLSv12,TLS_ECDHE_RSA_WITH_AES_128_GCM_SHA256,secp256r1,m.addthis.com,False,True,CsxuknGIti,"['2a7d536a35fd2aa422b5d3f15213e933f90355cf5e488a23d2ba9d2dc36ac69f', '154c433c491929c5ef686e838e323664a00e6a0d822ccc958fb4dab03e49a08f']",[],1.0,0ffee3ba8e615ad22535e7f771690a28,76cc3e2d3028143b23ec18e27dbd7ca9,h2,,10612.64507,10.0.2.15,53402,104.16.25.235,443,tcp,193.0472119999995,1849.0,4280.0,SF,True,False,0,ShADadFf,19,2617,22,5164,ssl,0
10630.695097,CIqdG9CXL5DzUVcua,10.0.2.15,53405,172.217.23.226,443,TLSv12,TLS_ECDHE_RSA_WITH_AES_128_GCM_SHA256,,securepubads.g.doubleclick.net,True,True,CsiI,,,,1a5fe5677b0e4fbbc854e8908225637d,67619a80665d7ab92d1041b1d11f9164,h2,,10630.491433,10.0.2.15,53405,172.217.23.226,443,tcp,304.7684939999999,8078.0,54047.0,SF,True,False,0,ShADadFf,57,10366,100,58051,ssl,0
10630.696553,CB4i1p2gX3L06I12P6,10.0.2.15,53404,172.217.23.194,443,TLSv12,TLS_ECDHE_RSA_WITH_AES_128_GCM_SHA256,x25519,www.googletagservices.com,False,True,CsxknGIti,"['a32ffddd76f9e7debbfc9a37b38d2ef86039b30a10d7c45ab8223d149cf99699', '9f630426df1d8abfd80ace98871ba833ab9742cb34838de2b5285ed54c0c7dcc', '3c35cc963eb004451323d3275d05b353235053490d9cd83729a2faf5e7ca1cc0']",[],1.0,0ffee3ba8e615ad22535e7f771690a28,ab41313cfec25328b20865eb1388e0a2,h2,,10630.488501,10.0.2.15,53404,172.217.23.194,443,tcp,194.8616949999996,743.0,4223.0,SF,True,False,0,ShADadFf,18,1471,21,5067,ssl,0
10630.698018,CMVEqv1gHUNT8tsT88,10.0.2.15,53403,172.217.23.194,443,TLSv12,TLS_ECDHE_ECDSA_WITH_AES_128_GCM_SHA256,x25519,pagead2.googlesyndication.com,False,True,CsxknGIti,"['7dab2c14c2154b93fe35063ca1c26a233a78ca71cbb2bca391546edc16638392', '9f630426df1d8abfd80ace98871ba833ab9742cb34838de2b5285ed54c0c7dcc', '3c35cc963eb004451323d3275d05b353235053490d9cd83729a2faf5e7ca1cc0']",[],1.0,0ffee3ba8e615ad22535e7f771690a28,84480cf8cf0e732666092640e581e1a5,h2,,10630.482664,10.0.2.15,53403,172.217.23.194,443,tcp,194.0209530000011,747.0,4518.0,SF,True,False,0,ShADadFf,18,1475,20,5322,ssl,0
10631.029549,CNzeGhdGPqlVH0q9f,10.0.2.15,53407,172.217.23.225,443,TLSv12,TLS_ECDHE_RSA_WITH_AES_128_GCM_SHA256,,tpc.googlesyndication.com,True,True,CsiI,,,,1a5fe5677b0e4fbbc854e8908225637d,67619a80665d7ab92d1041b1d11f9164,h2,,10630.699995,10.0.2.15,53407,172.217.23.225,443,tcp,243.0879819999991,1608.0,137257.0,SF,True,False,0,ShADadtFf,65,4216,147,144561,ssl,0
10631.032092,Cy7IRx3wghurkvcrO8,10.0.2.15,53406,172.217.23.226,443,TLSv12,TLS_ECDHE_RSA_WITH_AES_128_GCM_SHA256,,pubads.g.doubleclick.net,True,True,CsiI,,,,1a5fe5677b0e4fbbc854e8908225637d,67619a80665d7ab92d1041b1d11f9164,h2,,10630.699089,10.0.2.15,53406,172.217.23.226,443,tcp,1.141590000001088,779.0,292.0,SF,True,False,0,ShADadFf,10,1187,10,696,ssl,0
10631.028692,CvkBtg1zfx82i56ZT1,10.0.2.15,53408,172.217.23.226,443,TLSv12,TLS_ECDHE_RSA_WITH_AES_128_GCM_SHA256,x25519,partner.googleadservices.com,False,True,CsxknGIti,"['a61250f0eeb9ada6279fa818369ec20ae2d41426a2da4d5b3a6f947d54750898', '9f630426df1d8abfd80ace98871ba833ab9742cb34838de2b5285ed54c0c7dcc', '3c35cc963eb004451323d3275d05b353235053490d9cd83729a2faf5e7ca1cc0']",[],1.0,0ffee3ba8e615ad22535e7f771690a28,ab41313cfec25328b20865eb1388e0a2,h2,,10630.700968,10.0.2.15,53408,172.217.23.226,443,tcp,3.838747000001603,509.0,3913.0,SF,True,False,0,ShADadFf,11,957,12,4397,ssl,0
10637.303273,CGfMFR17EvXTEp49O6,10.0.2.15,53415,216.251.120.212,443,TLSv12,TLS_RSA_WITH_3DES_EDE_CBC_SHA,,gemma.expedia.com,False,True,CsxnGIi,"['e931f60707f838de4d6d39d63164c92d25c7d29398a8b628bc3ccf6ce75491d1', 'd6c3fc493bacd1df8a1ba30f4ae26254b2a4528e4876081eacc6a16a090aa36a', '6dc47172e01cbcb0bf62580d895fe2b8ac9ad4f873801e0c10b9c837d21eb177']",[],1.0,0ffee3ba8e615ad22535e7f771690a28,ccf031939aa8979b73a604c356f7fd68,,,10636.400253,10.0.2.15,53415,216.251.120.212,443,tcp,125.254022000001,1106.0,4293.0,SF,True,False,0,ShADadTTFf,24,2086,25,5297,ssl,0
10637.312307,CVZLGf4enU0UHxy5T8,10.0.2.15,53414,216.251.120.212,443,TLSv12,TLS_RSA_WITH_3DES_EDE_CBC_SHA,,gemma.expedia.com,False,True,CsxnGIi,"['e931f60707f838de4d6d39d63164c92d25c7d29398a8b628bc3ccf6ce75491d1', 'd6c3fc493bacd1df8a1ba30f4ae26254b2a4528e4876081eacc6a16a090aa36a', '6dc47172e01cbcb0bf62580d895fe2b8ac9ad4f873801e0c10b9c837d21eb177']",[],1.0,0ffee3ba8e615ad22535e7f771690a28,ccf031939aa8979b73a604c356f7fd68,,,10636.399335,10.0.2.15,53414,216.251.120.212,443,tcp,10.342946000000666,557.0,3808.0,SF,True,False,0,ShADadFf,10,965,11,4252,ssl,0
10638.102972,CdfLDR1BKHYJ3PNUj,10.0.2.15,53418,216.251.120.212,443,TLSv12,TLS_RSA_WITH_3DES_EDE_CBC_SHA,,gemma.expedia.com,False,True,CsxnGIi,"['e931f60707f838de4d6d39d63164c92d25c7d29398a8b628bc3ccf6ce75491d1', 'd6c3fc493bacd1df8a1ba30f4ae26254b2a4528e4876081eacc6a16a090aa36a', '6dc47172e01cbcb0bf62580d895fe2b8ac9ad4f873801e0c10b9c837d21eb177']",[],1.0,0ffee3ba8e615ad22535e7f771690a28,ccf031939aa8979b73a604c356f7fd68,,,10637.492922,10.0.2.15,53418,216.251.120.212,443,tcp,9.24928700000055,557.0,3808.0,SF,True,False,0,ShADadFf,9,925,10,4212,ssl,0
10639.237072,CAsh5r4WDozGSoR2Xl,10.0.2.15,53420,95.100.166.129,443,TLSv12,TLS_ECDHE_RSA_WITH_AES_256_GCM_SHA384,secp256r1,offersvc.expedia.com,False,True,CsxknGIti,"['422256d39e77d9788cd85aa06c1fd936107957bf083647f1b6f85bac93500f47', '074541ecdf88ed992ed5ade3ecddef27a26ba1b44480a195c0a8dadae2521d8e']",[],1.0,0ffee3ba8e615ad22535e7f771690a28,2b33c1374db4ddf06942f92373c0b54b,http/1.1,,10638.839574,10.0.2.15,53420,95.100.166.129,443,tcp,131.74477000000115,1293.0,5070.0,SF,True,False,0,ShADadTTFf,24,2273,25,6074,ssl,0
10639.248394,CA5mVh4Q1P7d75bhH,10.0.2.15,53419,95.100.166.129,443,TLSv12,TLS_ECDHE_RSA_WITH_AES_256_GCM_SHA384,secp256r1,offersvc.expedia.com,False,True,CsxknGIti,"['422256d39e77d9788cd85aa06c1fd936107957bf083647f1b6f85bac93500f47', '074541ecdf88ed992ed5ade3ecddef27a26ba1b44480a195c0a8dadae2521d8e']",[],1.0,0ffee3ba8e615ad22535e7f771690a28,2b33c1374db4ddf06942f92373c0b54b,http/1.1,,10638.836938,10.0.2.15,53419,95.100.166.129,443,tcp,7.745057000000088,354.0,4192.0,SF,True,False,0,ShADadFfRr,10,762,12,4676,ssl,0
10639.790844,C60Juz4nj6Nkj58PZ9,10.0.2.15,53422,63.140.40.176,443,TLSv12,TLS_ECDHE_RSA_WITH_AES_256_GCM_SHA384,,oms.expedia.com,True,True,CsiI,,,,0ffee3ba8e615ad22535e7f771690a28,959bfcf87532cbff1253e80a4ee81308,,,10639.493431,10.0.2.15,53422,63.140.40.176,443,tcp,30.46089099999881,3524.0,1206.0,SF,True,False,0,ShADadTFf,14,4094,14,1770,ssl,0
10639.79191,CzQVHn4QEPJNpyoIZ9,10.0.2.15,53421,63.140.40.176,443,TLSv12,TLS_ECDHE_RSA_WITH_AES_256_GCM_SHA384,,oms.expedia.com,True,True,CsiI,,,,0ffee3ba8e615ad22535e7f771690a28,959bfcf87532cbff1253e80a4ee81308,,,10639.489524,10.0.2.15,53421,63.140.40.176,443,tcp,7.104691999998977,306.0,155.0,SF,True,False,0,ShADadFf,7,594,7,439,ssl,0
10640.197678,CWJodI2KFgnnaV74j,10.0.2.15,53436,23.74.201.92,443,TLSv12,TLS_ECDHE_RSA_WITH_AES_256_GCM_SHA384,secp256r1,interactive.tegna-media.com,False,True,CsxknGIti,"['dee3868ff8590b8b1268b500dd34adc5830b709e80e8f3023e44d355866bb643', 'eae72eb454bf6c3977ebd289e970b2f5282949190093d0d26f98d0f0d6a9cf17']",[],1.0,0ffee3ba8e615ad22535e7f771690a28,2b33c1374db4ddf06942f92373c0b54b,http/1.1,,10639.850006,10.0.2.15,53436,23.74.201.92,443,tcp,130.72847000000002,885.0,4910.0,SF,True,False,0,ShADadTTFfRr,25,1905,28,6034,ssl,0
10640.209366,CHc0au3Sp5bJLIOJth,10.0.2.15,53435,23.74.201.92,443,TLSv12,TLS_ECDHE_RSA_WITH_AES_256_GCM_SHA384,secp256r1,interactive.tegna-media.com,False,True,CsxknGIti,"['dee3868ff8590b8b1268b500dd34adc5830b709e80e8f3023e44d355866bb643', 'eae72eb454bf6c3977ebd289e970b2f5282949190093d0d26f98d0f0d6a9cf17']",[],1.0,0ffee3ba8e615ad22535e7f771690a28,2b33c1374db4ddf06942f92373c0b54b,http/1.1,,10639.849576,10.0.2.15,53435,23.74.201.92,443,tcp,130.7243359999993,853.0,4911.0,SF,True,False,0,ShADadTTFfRr,25,1873,27,5995,ssl,0
10640.210127,CqsqI3lPMWHDTHcj5,10.0.2.15,53434,23.74.201.92,443,TLSv12,TLS_ECDHE_RSA_WITH_AES_256_GCM_SHA384,secp256r1,interactive.tegna-media.com,False,True,CsxknGIti,"['dee3868ff8590b8b1268b500dd34adc5830b709e80e8f3023e44d355866bb643', 'eae72eb454bf6c3977ebd289e970b2f5282949190093d0d26f98d0f0d6a9cf17']",[],1.0,0ffee3ba8e615ad22535e7f771690a28,2b33c1374db4ddf06942f92373c0b54b,http/1.1,,10639.848958,10.0.2.15,53434,23.74.201.92,443,tcp,130.73535999999876,870.0,4895.0,SF,True,False,0,ShADadTTFfRr,25,1890,27,5979,ssl,0
10640.215078,CcYNYy3thtoEO1Bt46,10.0.2.15,53433,23.74.201.92,443,TLSv12,TLS_ECDHE_RSA_WITH_AES_256_GCM_SHA384,secp256r1,interactive.tegna-media.com,False,True,CsxknGIti,"['dee3868ff8590b8b1268b500dd34adc5830b709e80e8f3023e44d355866bb643', 'eae72eb454bf6c3977ebd289e970b2f5282949190093d0d26f98d0f0d6a9cf17']",[],1.0,0ffee3ba8e615ad22535e7f771690a28,2b33c1374db4ddf06942f92373c0b54b,http/1.1,,10639.84802,10.0.2.15,53433,23.74.201.92,443,tcp,130.73993100000007,896.0,4894.0,SF,True,False,0,ShADadTTFfRr,25,1916,27,5978,ssl,0
10654.246729,CTYaem8ePFwxb4Qp9,10.0.2.15,53452,31.13.76.68,443,TLSv12,TLS_ECDHE_ECDSA_WITH_AES_128_GCM_SHA256,,www.facebook.com,True,True,CsiI,,,,1a5fe5677b0e4fbbc854e8908225637d,96681175a9547081bf3d417f1a572091,h2,,10653.720623,10.0.2.15,53452,31.13.76.68,443,tcp,1125.7534030000006,15422.0,35541.0,SF,True,False,0,ShADadfF,127,20510,170,42345,ssl,0
10654.239733,CkjnBd1ioRULuUDxY8,10.0.2.15,53453,31.13.77.12,443,TLSv12,TLS_ECDHE_ECDSA_WITH_AES_128_GCM_SHA256,secp256r1,staticxx.facebook.com,False,True,CsxknGIti,"['152151b387412a95ab90fd4664f2d98880408e9e43913124e4c91226a483386b', '19400be5b7a31fb733917700789d2f0a2471c0c9d506c0e504c06c16d7cb17c0']",[],1.0,0ffee3ba8e615ad22535e7f771690a28,2d1eb5817ece335c24904f516ad5da12,h2,,10653.723454,10.0.2.15,53453,31.13.77.12,443,tcp,204.6450499999992,694.0,4034.0,RSTR,True,False,0,ShADadTfRr,18,1423,21,4878,ssl,0
10656.531804,C7bvCZ38MoVdKRV0Nl,10.0.2.15,53461,104.208.156.29,443,TLSv12,TLS_ECDHE_RSA_WITH_AES_256_CBC_SHA,secp384r1,api.tegna-tv.com,False,True,CsxknGIi,"['22115733571cef03b34a82cb865bed6b305b1a70f9dadfc2807462fc8fdec80c', '154c433c491929c5ef686e838e323664a00e6a0d822ccc958fb4dab03e49a08f']",[],1.0,0ffee3ba8e615ad22535e7f771690a28,20992b30dc416d990d2dc152223779ba,,,10654.997338,10.0.2.15,53461,104.208.156.29,443,tcp,13.4452880000008,407.0,3544.0,SF,True,False,0,ShADadTFf,10,816,11,3988,ssl,0
10676.088901,CiCTZW8jzttKLZ9Uk,10.0.2.15,53464,172.217.23.238,443,TLSv12,TLS_ECDHE_ECDSA_WITH_AES_128_GCM_SHA256,x25519,safebrowsing.google.com,False,True,CsxknGIti,"['11ddd329046367c19b32ffdb02ed308de129de4d6ffcf95856d7bd6a7accfba9', '9f630426df1d8abfd80ace98871ba833ab9742cb34838de2b5285ed54c0c7dcc', '3c35cc963eb004451323d3275d05b353235053490d9cd83729a2faf5e7ca1cc0']",[],1.0,0ffee3ba8e615ad22535e7f771690a28,84480cf8cf0e732666092640e581e1a5,h2,,10675.793777,10.0.2.15,53464,172.217.23.238,443,tcp,7.9629449999993085,536.0,4422.0,SF,True,False,0,ShADadFf,12,1024,13,4946,ssl,0
10679.161469,C76Opi3HRdtxXTiKth,10.0.2.15,53475,104.152.141.98,443,TLSv12,TLS_ECDHE_RSA_WITH_AES_256_CBC_SHA,secp256r1,t.visto1.net,False,True,CsxknGIti,"['91ce9e9e678aa85ac9bc7f490195071aa7a73175198f47486fdb6f5b115b9e33', '973a41276ffd01e027a2aad49e34c37846d3e976ff6a620b6712e33832041aa6', '3a2fbe92891e57fe05d57087f48e730f17e5a5f53ef403d618e5b74d7a7e6ecb', 'c3846bf24b9e93ca64274c0ec67c1ecc5e024ffcacd2d74019350e81fe546ae4']",[],1.0,0ffee3ba8e615ad22535e7f771690a28,63a37e7be22df054d1f448fc0c28b98f,,,10676.738829,10.0.2.15,53475,104.152.141.98,443,tcp,13.6733490000006,744.0,6089.0,SF,True,False,0,ShADadfF,10,1152,12,6573,ssl,0
10679.170558,CzBT603NOc15omG4Dk,10.0.2.15,53474,104.152.141.98,443,TLSv12,TLS_ECDHE_RSA_WITH_AES_256_CBC_SHA,secp256r1,t.visto1.net,False,True,CsxknGIti,"['91ce9e9e678aa85ac9bc7f490195071aa7a73175198f47486fdb6f5b115b9e33', '973a41276ffd01e027a2aad49e34c37846d3e976ff6a620b6712e33832041aa6', '3a2fbe92891e57fe05d57087f48e730f17e5a5f53ef403d618e5b74d7a7e6ecb', 'c3846bf24b9e93ca64274c0ec67c1ecc5e024ffcacd2d74019350e81fe546ae4']",[],1.0,0ffee3ba8e615ad22535e7f771690a28,63a37e7be22df054d1f448fc0c28b98f,,,10676.735622,10.0.2.15,53474,104.152.141.98,443,tcp,13.834834999999655,744.0,6073.0,SF,True,False,0,ShADadfF,10,1152,14,6637,ssl,0
10679.96314,ChXj7a4Ks1CIyi8sl,10.0.2.15,53466,104.152.141.98,443,TLSv12,TLS_ECDHE_RSA_WITH_AES_256_CBC_SHA,secp256r1,t.visto1.net,False,True,CsxknGIti,"['91ce9e9e678aa85ac9bc7f490195071aa7a73175198f47486fdb6f5b115b9e33', '973a41276ffd01e027a2aad49e34c37846d3e976ff6a620b6712e33832041aa6', '3a2fbe92891e57fe05d57087f48e730f17e5a5f53ef403d618e5b74d7a7e6ecb', 'c3846bf24b9e93ca64274c0ec67c1ecc5e024ffcacd2d74019350e81fe546ae4']",[],1.0,0ffee3ba8e615ad22535e7f771690a28,63a37e7be22df054d1f448fc0c28b98f,,,10676.723772,10.0.2.15,53466,104.152.141.98,443,tcp,12.851513000001432,392.0,5721.0,SF,True,False,0,ShADadFfRr,11,840,13,6245,ssl,0
10679.973983,CO4RbTqrBnskrKl9f,10.0.2.15,53465,104.152.141.98,443,TLSv12,TLS_ECDHE_RSA_WITH_AES_256_CBC_SHA,secp256r1,t.visto1.net,False,True,CsxknGIti,"['91ce9e9e678aa85ac9bc7f490195071aa7a73175198f47486fdb6f5b115b9e33', '973a41276ffd01e027a2aad49e34c37846d3e976ff6a620b6712e33832041aa6', '3a2fbe92891e57fe05d57087f48e730f17e5a5f53ef403d618e5b74d7a7e6ecb', 'c3846bf24b9e93ca64274c0ec67c1ecc5e024ffcacd2d74019350e81fe546ae4']",[],1.0,0ffee3ba8e615ad22535e7f771690a28,63a37e7be22df054d1f448fc0c28b98f,,,10676.723212,10.0.2.15,53465,104.152.141.98,443,tcp,13.010619999999108,392.0,5721.0,SF,True,False,0,ShADadFfRr,11,840,13,6245,ssl,0
10683.746927,CWNIjO2CdjsEikCCx6,10.0.2.15,53479,63.140.40.176,443,TLSv12,TLS_ECDHE_RSA_WITH_AES_256_GCM_SHA384,,oms.expedia.com,True,True,CsiI,,,,0ffee3ba8e615ad22535e7f771690a28,959bfcf87532cbff1253e80a4ee81308,,,10682.450968,10.0.2.15,53479,63.140.40.176,443,tcp,18.378311000000394,1567.0,680.0,SF,True,False,0,ShADadTFf,11,2016,11,1124,ssl,0
10685.839751,CFRUB117GDDJ9cxsn5,10.0.2.15,53484,94.31.29.55,443,TLSv12,TLS_ECDHE_RSA_WITH_AES_128_GCM_SHA256,secp256r1,maxcdn.bootstrapcdn.com,False,True,CsxknGIti,"['dc5627a252c252d6d6f680d52001ccf439f2ff2633c9f766d6d5ab6e85ee6433', 'e6683e88315cd1cb403c0cea490f7c4b4c82c91cd485037489aadbaa90839f61']",[],1.0,0ffee3ba8e615ad22535e7f771690a28,8d2a028aa94425f76ced7826b1f39039,h2,,10684.771284,10.0.2.15,53484,94.31.29.55,443,tcp,202.71927999999932,1050.0,14834.0,SF,True,False,0,ShADadFf,23,1978,30,16038,ssl,0
10688.195738,CMUTLu39v6Kxvpbrz2,10.0.2.15,53490,216.58.209.162,443,TLSv12,TLS_ECDHE_RSA_WITH_AES_128_GCM_SHA256,x25519,adx.g.doubleclick.net,False,True,CsxknGIti,"['a32ffddd76f9e7debbfc9a37b38d2ef86039b30a10d7c45ab8223d149cf99699', '9f630426df1d8abfd80ace98871ba833ab9742cb34838de2b5285ed54c0c7dcc', '3c35cc963eb004451323d3275d05b353235053490d9cd83729a2faf5e7ca1cc0']",[],1.0,0ffee3ba8e615ad22535e7f771690a28,ab41313cfec25328b20865eb1388e0a2,h2,,10687.170666,10.0.2.15,53490,216.58.209.162,443,tcp,200.1483860000008,1877.0,4699.0,SF,True,False,0,ShADadFf,23,2805,25,5703,ssl,0
10694.126618,C8woDp2a2e0jskqeAg,10.0.2.15,53501,95.100.189.164,443,TLSv12,TLS_ECDHE_RSA_WITH_AES_256_GCM_SHA384,,service.maxymiser.net,True,True,CsiI,,,,1a5fe5677b0e4fbbc854e8908225637d,410b9bedaf65dd26c6fe547154d60db4,http/1.1,,10692.662274,10.0.2.15,53501,95.100.189.164,443,tcp,125.83167700000013,1408.0,1020.0,SF,True,False,0,ShADadTTFfRr,22,2308,23,1944,ssl,0
10694.127734,CQAx8b4HshgEbMJGa,10.0.2.15,53500,172.217.23.194,443,TLSv12,TLS_ECDHE_RSA_WITH_AES_128_GCM_SHA256,,cm.g.doubleclick.net,True,True,CsiI,,,,1a5fe5677b0e4fbbc854e8908225637d,67619a80665d7ab92d1041b1d11f9164,h2,,10692.660887,10.0.2.15,53500,172.217.23.194,443,tcp,204.1855689999993,1583.0,802.0,SF,True,False,0,ShADadFf,22,2471,26,1846,ssl,0
10694.125041,C8c6Gb1bX5XBf0W8Xf,10.0.2.15,53496,172.217.23.238,443,TLSv12,TLS_ECDHE_ECDSA_WITH_AES_128_GCM_SHA256,x25519,encrypted-tbn3.gstatic.com,False,True,CsxknGIti,"['11ddd329046367c19b32ffdb02ed308de129de4d6ffcf95856d7bd6a7accfba9', '9f630426df1d8abfd80ace98871ba833ab9742cb34838de2b5285ed54c0c7dcc', '3c35cc963eb004451323d3275d05b353235053490d9cd83729a2faf5e7ca1cc0']",[],1.0,0ffee3ba8e615ad22535e7f771690a28,84480cf8cf0e732666092640e581e1a5,h2,,10692.654078,10.0.2.15,53496,172.217.23.238,443,tcp,7.7683539999998175,539.0,4422.0,RSTO,True,False,0,ShADadR,9,907,11,4866,ssl,0
10694.129488,CiXuvd2IaIN4CgCwO9,10.0.2.15,53499,52.207.123.132,443,TLSv12,TLS_ECDHE_RSA_WITH_AES_128_GCM_SHA256,secp256r1,services.babator.com,False,True,CsxknGIi,"['46df073f0c4d17ea048f483e9690eeb9ea0279e4d25b57d196263a767c2013a5', '973a41276ffd01e027a2aad49e34c37846d3e976ff6a620b6712e33832041aa6', '3a2fbe92891e57fe05d57087f48e730f17e5a5f53ef403d618e5b74d7a7e6ecb', 'c3846bf24b9e93ca64274c0ec67c1ecc5e024ffcacd2d74019350e81fe546ae4']",[],1.0,0ffee3ba8e615ad22535e7f771690a28,303951d4c50efb2e991652225a6f02b1,,,10692.659152,10.0.2.15,53499,52.207.123.132,443,tcp,68.28678199999922,715.0,8370.0,SF,True,False,0,ShADadTFf,17,1408,21,9214,ssl,0
10694.35483,Cw6X0W2wd5FhLwA8lf,10.0.2.15,53502,95.100.189.164,443,TLSv12,TLS_ECDHE_RSA_WITH_AES_256_GCM_SHA384,,service.maxymiser.net,True,True,CsiI,,,,1a5fe5677b0e4fbbc854e8908225637d,410b9bedaf65dd26c6fe547154d60db4,http/1.1,,10693.905754,10.0.2.15,53502,95.100.189.164,443,tcp,124.5881100000006,1510.0,9286.0,SF,True,False,0,ShADadTTFfRr,25,2530,30,10490,ssl,0
10695.315867,CgvhR24eLxoOimKCEf,10.0.2.15,53504,172.217.23.228,443,TLSv12,TLS_ECDHE_RSA_WITH_AES_128_GCM_SHA256,,www.google.com,True,True,CsiI,,,,1a5fe5677b0e4fbbc854e8908225637d,67619a80665d7ab92d1041b1d11f9164,h2,,10694.543022,10.0.2.15,53504,172.217.23.228,443,tcp,1237.5701179999996,29487.0,56385.0,SF,True,False,0,ShADadFf,245,39295,311,68829,ssl,0
10697.136243,CHHWYa1ZnSudf99kCf,10.0.2.15,53505,52.30.184.164,443,TLSv12,TLS_ECDHE_RSA_WITH_AES_128_GCM_SHA256,secp256r1,bcp.crwdcntrl.net,False,True,CsxknGIi,"['131513af4a65033acc7234be892849a35819b02b70aba4c428c133a0a88fdd2e', '973a41276ffd01e027a2aad49e34c37846d3e976ff6a620b6712e33832041aa6', '3a2fbe92891e57fe05d57087f48e730f17e5a5f53ef403d618e5b74d7a7e6ecb', 'c3846bf24b9e93ca64274c0ec67c1ecc5e024ffcacd2d74019350e81fe546ae4']",[],1.0,0ffee3ba8e615ad22535e7f771690a28,303951d4c50efb2e991652225a6f02b1,,,10696.821022,10.0.2.15,53505,52.30.184.164,443,tcp,68.69934599999942,5400.0,10837.0,SF,True,False,0,ShADadTFf,22,6294,26,11881,ssl,0
10697.132879,CzMRGe3Yw61o8v1KZ9,10.0.2.15,53506,64.12.245.38,443,TLSv12,TLS_RSA_WITH_AES_256_CBC_SHA,,pixel.advertising.com,False,True,CsxnGIi,"['3f64e5a8e7228d045eb2936dacca644d035d0f0f3628b41767b9343f39ba2c5c', '13efb39a2f6654e8c67bd04f4c6d4c90cd6cab5091bcedc73787f6b77d3d3fe7']",[],1.0,0ffee3ba8e615ad22535e7f771690a28,82f0d8a75fa483d1cfe4b7085b784d7e,,,10696.821877,10.0.2.15,53506,64.12.245.38,443,tcp,128.38170399999944,2214.0,3161.0,SF,True,False,0,ShADadTTFf,24,3194,25,4165,ssl,0
10703.35612,CLcUQx1mJXd9wdHEag,10.0.2.15,53520,63.140.40.15,443,TLSv12,TLS_ECDHE_RSA_WITH_AES_256_GCM_SHA384,,somni.alaskaair.com,True,True,CsiI,,,,0ffee3ba8e615ad22535e7f771690a28,959bfcf87532cbff1253e80a4ee81308,,,10702.303864,10.0.2.15,53520,63.140.40.15,443,tcp,24.127220000000307,4605.0,1090.0,SF,True,False,0,ShADadTFf,15,5214,14,1654,ssl,0
10703.357633,C1FGhw3wpwRwb6F6J4,10.0.2.15,53519,23.101.207.250,443,TLSv12,TLS_ECDHE_RSA_WITH_AES_256_CBC_SHA,secp256r1,geoservice.alaskaair.com,False,True,CsxknGIi,"['5cd06dd564c77f0e75baa53f3d5d81168bb6df0b4122e842d511cbeb5b7a37c8', '973a41276ffd01e027a2aad49e34c37846d3e976ff6a620b6712e33832041aa6', '3a2fbe92891e57fe05d57087f48e730f17e5a5f53ef403d618e5b74d7a7e6ecb']",[],1.0,0ffee3ba8e615ad22535e7f771690a28,20992b30dc416d990d2dc152223779ba,,,10702.274307,10.0.2.15,53519,23.101.207.250,443,tcp,127.5730280000007,2025.0,5473.0,SF,True,False,0,ShADadTTfF,24,3005,25,6477,ssl,0
10707.162351,CKgwFt36q8NToRMbA8,10.0.2.15,53522,104.16.169.9,443,TLSv12,TLS_ECDHE_ECDSA_WITH_AES_128_GCM_SHA256,,a.adready.com,True,True,CsiI,,,,1a5fe5677b0e4fbbc854e8908225637d,96681175a9547081bf3d417f1a572091,http/1.1,,10706.869599,10.0.2.15,53522,104.16.169.9,443,tcp,1.916791999999986,996.0,1090.0,SF,True,False,0,ShADadFf,9,1364,9,1454,ssl,0
10707.172655,C7KG14MXN6BSwp326,10.0.2.15,53521,95.172.94.11,443,TLSv12,TLS_ECDHE_RSA_WITH_AES_128_GCM_SHA256,,secure.quantserve.com,True,True,CsiI,,,,1a5fe5677b0e4fbbc854e8908225637d,fbe78c619e7ea20046131294ad087f05,,,10706.868606,10.0.2.15,53521,95.172.94.11,443,tcp,3.991240999999718,1266.0,482.0,SF,True,False,0,ShADadfF,9,1634,9,846,ssl,0
10707.149517,CCFEzW2uUXH1knX9Pi,10.0.2.15,53526,52.71.227.26,443,TLSv12,TLS_ECDHE_RSA_WITH_AES_128_GCM_SHA256,secp256r1,a.intentmedia.net,False,True,CsxknGIti,"['632e1332dd98ebf50278e8014241c555f4020a6eac482965f7a9d09936aa4371', '973a41276ffd01e027a2aad49e34c37846d3e976ff6a620b6712e33832041aa6', '3a2fbe92891e57fe05d57087f48e730f17e5a5f53ef403d618e5b74d7a7e6ecb', 'c3846bf24b9e93ca64274c0ec67c1ecc5e024ffcacd2d74019350e81fe546ae4']",[],1.0,0ffee3ba8e615ad22535e7f771690a28,8d2a028aa94425f76ced7826b1f39039,h2,,10706.87381,10.0.2.15,53526,52.71.227.26,443,tcp,4.231451000001471,352.0,6033.0,RSTO,True,False,0,ShADadR,8,680,9,6397,ssl,0
10707.159407,C9ftIRuKkIYT9bbjk,10.0.2.15,53523,185.33.223.80,443,TLSv12,TLS_ECDHE_RSA_WITH_AES_256_GCM_SHA384,secp256r1,secure.adnxs.com,False,True,CsxuknGIti,"['5b081650e8034418a37504ce0820892be5a66474578207711eb688243fe1a8f2', '074541ecdf88ed992ed5ade3ecddef27a26ba1b44480a195c0a8dadae2521d8e']",[],1.0,0ffee3ba8e615ad22535e7f771690a28,d53e4608f956df65bb2b8a8c4d3b025d,,,10706.870453,10.0.2.15,53523,185.33.223.80,443,tcp,3.889683000001241,3196.0,7849.0,SF,True,False,0,ShADadFf,14,3764,17,8533,ssl,0
10707.152411,C2aByx1uN9qq7kdh56,10.0.2.15,53525,173.192.202.134,443,TLSv12,TLS_ECDHE_RSA_WITH_AES_256_GCM_SHA384,secp256r1,cc.chango.com,False,True,CsxknGIti,"['007b8d695c7abbc8a20c56a6510fb90e3520e34541da542b8cac0e22a191111a', 'e6683e88315cd1cb403c0cea490f7c4b4c82c91cd485037489aadbaa90839f61']",[],1.0,0ffee3ba8e615ad22535e7f771690a28,758945630046fd37070521b8544d1fe8,,,10706.872102,10.0.2.15,53525,173.192.202.134,443,tcp,4.232258000000002,316.0,3441.0,RSTO,True,False,0,ShADadfR,9,684,10,3845,ssl,0
10707.154864,CJ26Qn2bPdKjDUyclh,10.0.2.15,53524,204.2.197.202,443,TLSv12,TLS_ECDHE_RSA_WITH_AES_256_GCM_SHA384,secp256r1,secure.media6degrees.com,False,True,CsxknGIti,"['eda54f898187cafbe2a8bb8b08d81dd485262caab20c22583cfceaf596eba60f', '02ab57e4e67a0cb48dd2ff34830e8ac40f4476fb08ca6be3f5cd846f646840f0', '4f32d5dc00f715250abcc486511e37f501a899deb3bf7ea8adbbd3aef1c412da', '687fa451382278fff0c8b11f8d43d576671c6eb2bceab413fb83d965d06d2ff2']",[],1.0,1a5fe5677b0e4fbbc854e8908225637d,e35df3e00ca4ef31d42b34bebaa2f86e,,,10706.87148,10.0.2.15,53524,204.2.197.202,443,tcp,3.8570099999997183,1279.0,7150.0,SF,True,False,0,ShADadfF,10,1687,13,7674,ssl,0
10707.775906,C5cg641z9H9lIANfdf,10.0.2.15,53527,74.125.206.157,443,TLSv12,TLS_ECDHE_RSA_WITH_AES_128_GCM_SHA256,x25519,stats.g.doubleclick.net,False,True,CsxknGIti,"['8d80516b26a9002a020bc551f01c44620d0d726476e4babc515dc5c82f0555b5', '9f630426df1d8abfd80ace98871ba833ab9742cb34838de2b5285ed54c0c7dcc', '3c35cc963eb004451323d3275d05b353235053490d9cd83729a2faf5e7ca1cc0']",[],1.0,0ffee3ba8e615ad22535e7f771690a28,ab41313cfec25328b20865eb1388e0a2,h2,,10707.128417,10.0.2.15,53527,74.125.206.157,443,tcp,3.977564000000711,325.0,4047.0,RSTO,True,False,0,ShADadR,7,613,7,4331,ssl,0
10709.475071,CXQBgt4m8t5YSEy40l,10.0.2.15,53528,151.101.112.222,443,TLSv12,TLS_ECDHE_RSA_WITH_AES_128_GCM_SHA256,,gateway.answerscloud.com,True,True,CsiI,,,,1a5fe5677b0e4fbbc854e8908225637d,1d0e57c6ae42e9204defa51e5e1cdc4c,http/1.1,,10709.040708,10.0.2.15,53528,151.101.112.222,443,tcp,10.85833999999886,599.0,191.0,SF,True,False,0,ShADadTFfRr,9,968,10,595,ssl,0
10720.23669,C8nhzw17BGj6KiWr4a,10.0.2.15,53536,176.34.239.240,443,TLSv12,TLS_ECDHE_RSA_WITH_AES_128_GCM_SHA256,secp256r1,eu-west-1.profile-api.ads.linkedin.com,False,True,CsxknGIi,"['48202a7e3ca9b2cc39e6ef3a805018596df742a56663916aa0aa25070b40ec8d', '154c433c491929c5ef686e838e323664a00e6a0d822ccc958fb4dab03e49a08f', '4348a0e9444c78cb265e058d5e8944b4d84f9662bd26db257f8934a443c70161']",[],1.0,0ffee3ba8e615ad22535e7f771690a28,303951d4c50efb2e991652225a6f02b1,,,10719.892096,10.0.2.15,53536,176.34.239.240,443,tcp,62.55806400000074,2115.0,6798.0,SF,True,False,0,ShADadTFf,18,2849,21,7642,ssl,0
10720.250547,C7APL21M3DilRB282b,10.0.2.15,53535,176.34.239.240,443,TLSv12,TLS_ECDHE_RSA_WITH_AES_128_GCM_SHA256,secp256r1,eu-west-1.profile-api.ads.linkedin.com,False,True,CsxknGIi,"['48202a7e3ca9b2cc39e6ef3a805018596df742a56663916aa0aa25070b40ec8d', '154c433c491929c5ef686e838e323664a00e6a0d822ccc958fb4dab03e49a08f', '4348a0e9444c78cb265e058d5e8944b4d84f9662bd26db257f8934a443c70161']",[],1.0,0ffee3ba8e615ad22535e7f771690a28,303951d4c50efb2e991652225a6f02b1,,,10719.889275,10.0.2.15,53535,176.34.239.240,443,tcp,6.5614130000012665,372.0,5534.0,SF,True,False,0,ShADadFfRr,11,820,13,6058,ssl,0
10721.971286,CjCQCL14KhCr2PoLk1,10.0.2.15,53543,74.125.206.157,443,TLSv12,TLS_ECDHE_RSA_WITH_AES_128_GCM_SHA256,x25519,stats.g.doubleclick.net,False,True,CsxknGIti,"['8d80516b26a9002a020bc551f01c44620d0d726476e4babc515dc5c82f0555b5', '9f630426df1d8abfd80ace98871ba833ab9742cb34838de2b5285ed54c0c7dcc', '3c35cc963eb004451323d3275d05b353235053490d9cd83729a2faf5e7ca1cc0']",[],1.0,0ffee3ba8e615ad22535e7f771690a28,ab41313cfec25328b20865eb1388e0a2,h2,,10721.567991,10.0.2.15,53543,74.125.206.157,443,tcp,25.17502400000012,1440.0,4867.0,SF,True,False,0,ShADadFf,21,2288,25,5871,ssl,0
10723.280507,CfLzjR3ESG417HZfl,10.0.2.15,53544,172.217.23.227,443,TLSv12,TLS_ECDHE_RSA_WITH_AES_128_GCM_SHA256,,www.google.cz,True,True,CsiI,,,,1a5fe5677b0e4fbbc854e8908225637d,67619a80665d7ab92d1041b1d11f9164,h2,,10722.534611,10.0.2.15,53544,172.217.23.227,443,tcp,545.4144880000003,8270.0,2692.0,SF,True,False,0,ShADadFf,44,10038,49,4656,ssl,0
10740.027684,Ckj0jF4rm3hhJIHFKc,10.0.2.15,53577,172.217.23.227,443,TLSv12,TLS_ECDHE_ECDSA_WITH_AES_128_GCM_SHA256,,fonts.gstatic.com,True,True,CsiI,,,,1a5fe5677b0e4fbbc854e8908225637d,c23237dbea656869600e48dfbd00ab7b,h2,,10739.849306,10.0.2.15,53577,172.217.23.227,443,tcp,327.0816240000004,2337.0,106809.0,SF,True,False,0,ShADadFf,58,4665,121,111653,ssl,0
10741.914253,CCeWEA4oNNJxj2fDWg,10.0.2.15,53579,31.13.66.5,443,TLSv12,TLS_ECDHE_ECDSA_WITH_AES_128_GCM_SHA256,secp256r1,connect.facebook.net,False,True,CsxknGIti,"['152151b387412a95ab90fd4664f2d98880408e9e43913124e4c91226a483386b', '19400be5b7a31fb733917700789d2f0a2471c0c9d506c0e504c06c16d7cb17c0']",[],1.0,0ffee3ba8e615ad22535e7f771690a28,2d1eb5817ece335c24904f516ad5da12,h2,,10740.45388,10.0.2.15,53579,31.13.66.5,443,tcp,6.192418000000543,386.0,3904.0,SF,True,False,0,ShADadFRfr,12,874,14,4468,ssl,0
10742.67223,C4bLvf3e1vpjoJgUAi,10.0.2.15,53585,68.232.35.172,443,TLSv12,TLS_ECDHE_RSA_WITH_AES_128_GCM_SHA256,secp256r1,cdn.syndication.twimg.com,False,True,CsxuknGIti,"['498dfbfa068ce7e3252a308f9578608d3df2d287b5b9284571f7d3ed43ba3ab0', '19400be5b7a31fb733917700789d2f0a2471c0c9d506c0e504c06c16d7cb17c0', '7431e5f4c3c1ce4690774f0b61e05440883ba9a01ed00ba6abd7806ed3b118cf']",[],1.0,0ffee3ba8e615ad22535e7f771690a28,76cc3e2d3028143b23ec18e27dbd7ca9,http/1.1,,10741.920478,10.0.2.15,53585,68.232.35.172,443,tcp,3.627291000000696,883.0,6719.0,SF,True,False,0,ShADadFfRr,13,1411,17,7403,ssl,0
10743.078757,CQmeux3Ad0JKQGxeYb,10.0.2.15,53587,199.16.156.52,443,TLSv12,TLS_ECDHE_RSA_WITH_AES_128_GCM_SHA256,,syndication.twitter.com,True,True,CsiI,,,,1a5fe5677b0e4fbbc854e8908225637d,7bee5c1d424b7e5f943b06983bb11422,h2,,10742.673417,10.0.2.15,53587,199.16.156.52,443,tcp,194.90159999999923,1771.0,1195.0,RSTO,True,False,0,ShADadFR,19,2539,21,2039,ssl,0
10748.559117,CfsBjX3lLRDjoiLq6e,10.0.2.15,53601,172.217.23.227,443,TLSv12,TLS_ECDHE_ECDSA_WITH_AES_128_GCM_SHA256,x25519,ssl.gstatic.com,False,True,CsxknGIti,"['11ddd329046367c19b32ffdb02ed308de129de4d6ffcf95856d7bd6a7accfba9', '9f630426df1d8abfd80ace98871ba833ab9742cb34838de2b5285ed54c0c7dcc', '3c35cc963eb004451323d3275d05b353235053490d9cd83729a2faf5e7ca1cc0']",[],1.0,0ffee3ba8e615ad22535e7f771690a28,84480cf8cf0e732666092640e581e1a5,h2,,10748.3994,10.0.2.15,53601,172.217.23.227,443,tcp,203.00624000000064,733.0,4560.0,SF,True,False,0,ShADadFf,19,1501,20,5364,ssl,0
10748.56485,Cpt8QZ2DfsuEoNF2md,10.0.2.15,53600,172.217.23.227,443,TLSv12,TLS_ECDHE_ECDSA_WITH_AES_128_GCM_SHA256,x25519,ssl.gstatic.com,False,True,CsxknGIti,"['11ddd329046367c19b32ffdb02ed308de129de4d6ffcf95856d7bd6a7accfba9', '9f630426df1d8abfd80ace98871ba833ab9742cb34838de2b5285ed54c0c7dcc', '3c35cc963eb004451323d3275d05b353235053490d9cd83729a2faf5e7ca1cc0']",[],1.0,0ffee3ba8e615ad22535e7f771690a28,84480cf8cf0e732666092640e581e1a5,h2,,10748.397986,10.0.2.15,53600,172.217.23.227,443,tcp,203.19517799999997,733.0,4560.0,SF,True,False,0,ShADadFf,19,1501,20,5364,ssl,0
10752.839315,CcvJ2H2siTkpRP5jv6,10.0.2.15,53618,95.101.250.73,443,TLSv12,TLS_ECDHE_RSA_WITH_AES_256_GCM_SHA384,secp256r1,www.bbt.com,False,True,CsxknGIti,"['8993a605f96ae22438647f2badd598665ea9374486a0e3bfbc10f6855d07245e', '9e6bc5f9ecc52460e8edc02c644d1be1cb9f2316f41daf3b616a0b2058294b31', '9acfab7e43c8d880d06b262a94deeee4b4659989c3d0caf19baf6405e41ab7df']",[],1.0,0ffee3ba8e615ad22535e7f771690a28,2b33c1374db4ddf06942f92373c0b54b,http/1.1,,10751.909723,10.0.2.15,53618,95.101.250.73,443,tcp,174.33856399999968,9253.0,379494.0,RSTO,True,False,0,ShADadTTFR,107,13556,348,393418,ssl,0
10753.033653,CExKIeH6OpKblxnR4,10.0.2.15,53620,107.162.135.91,443,TLSv12,TLS_RSA_WITH_AES_256_CBC_SHA,,starbucks.com,False,True,CsxnGIi,"['0f4d8078359caf4017b44826c4250646ca380de57cb15782bec8fb421bb65ec2', 'eae72eb454bf6c3977ebd289e970b2f5282949190093d0d26f98d0f0d6a9cf17', '9acfab7e43c8d880d06b262a94deeee4b4659989c3d0caf19baf6405e41ab7df']",[],0.0,0ffee3ba8e615ad22535e7f771690a28,7b6819ed58e8d8415604b7dfcef92d55,,,10751.930127,10.0.2.15,53620,107.162.135.91,443,tcp,62.71329100000003,942.0,4822.0,SF,True,False,0,ShADadTfF,18,1676,19,5586,ssl,0
10753.036976,CUnPez2xit6XMm49Oi,10.0.2.15,53619,95.101.250.73,443,TLSv12,TLS_ECDHE_RSA_WITH_AES_256_GCM_SHA384,secp256r1,www.bbt.com,False,True,CsxknGIti,"['8993a605f96ae22438647f2badd598665ea9374486a0e3bfbc10f6855d07245e', '9e6bc5f9ecc52460e8edc02c644d1be1cb9f2316f41daf3b616a0b2058294b31', '9acfab7e43c8d880d06b262a94deeee4b4659989c3d0caf19baf6405e41ab7df']",[],1.0,0ffee3ba8e615ad22535e7f771690a28,2b33c1374db4ddf06942f92373c0b54b,http/1.1,,10751.924124,10.0.2.15,53619,95.101.250.73,443,tcp,174.3140620000013,10835.0,273494.0,SF,True,False,0,ShADadTTFf,97,14737,270,284298,ssl,0
10754.819312,CGkFij1VftYuThhsx9,10.0.2.15,53626,107.162.135.91,443,TLSv12,TLS_RSA_WITH_AES_256_CBC_SHA,,www.starbucks.com,False,True,CsxnGIi,"['0f4d8078359caf4017b44826c4250646ca380de57cb15782bec8fb421bb65ec2', 'eae72eb454bf6c3977ebd289e970b2f5282949190093d0d26f98d0f0d6a9cf17', '9acfab7e43c8d880d06b262a94deeee4b4659989c3d0caf19baf6405e41ab7df']",[],1.0,0ffee3ba8e615ad22535e7f771690a28,db8185c4eafa7114cadaf05965b09ef0,,,10754.54928,10.0.2.15,53626,107.162.135.91,443,tcp,124.26026700000148,9418.0,177513.0,SF,True,False,0,ShADadTTfF,80,12636,190,185117,ssl,0
10754.851905,CerKHn1NT42IQXZoF3,10.0.2.15,53627,107.162.135.91,443,TLSv12,TLS_RSA_WITH_AES_256_CBC_SHA,,www.starbucks.com,False,True,CsxnGIi,"['0f4d8078359caf4017b44826c4250646ca380de57cb15782bec8fb421bb65ec2', 'eae72eb454bf6c3977ebd289e970b2f5282949190093d0d26f98d0f0d6a9cf17', '9acfab7e43c8d880d06b262a94deeee4b4659989c3d0caf19baf6405e41ab7df']",[],1.0,0ffee3ba8e615ad22535e7f771690a28,db8185c4eafa7114cadaf05965b09ef0,,,10754.569758,10.0.2.15,53627,107.162.135.91,443,tcp,123.04322400000092,4550.0,124081.0,SF,True,False,0,ShADadTTfF,56,6809,133,129405,ssl,0
10755.332471,CSAD3t1JEPfinqJS8k,10.0.2.15,53628,95.101.250.73,443,TLSv12,TLS_ECDHE_RSA_WITH_AES_256_GCM_SHA384,,www.bbt.com,True,True,CsiI,,,,1a5fe5677b0e4fbbc854e8908225637d,410b9bedaf65dd26c6fe547154d60db4,http/1.1,,10755.295812,10.0.2.15,53628,95.101.250.73,443,tcp,170.9423509999997,7961.0,175690.0,SF,True,False,0,ShADadTTFf,67,10663,181,182934,ssl,0
10755.345391,CPOqIE3WSc6nPX0Dq,10.0.2.15,53630,95.101.250.73,443,TLSv12,TLS_ECDHE_RSA_WITH_AES_256_GCM_SHA384,,www.bbt.com,True,True,CsiI,,,,1a5fe5677b0e4fbbc854e8908225637d,410b9bedaf65dd26c6fe547154d60db4,http/1.1,,10755.304033,10.0.2.15,53630,95.101.250.73,443,tcp,11.380612999999355,1927.0,56000.0,RSTO,True,False,0,ShADadTFR,26,2976,61,58444,ssl,0
10755.34135,CyrVfqQiaWjV07gHd,10.0.2.15,53629,95.101.250.73,443,TLSv12,TLS_ECDHE_RSA_WITH_AES_256_GCM_SHA384,,www.bbt.com,True,True,CsiI,,,,1a5fe5677b0e4fbbc854e8908225637d,410b9bedaf65dd26c6fe547154d60db4,http/1.1,,10755.302246,10.0.2.15,53629,95.101.250.73,443,tcp,220.55554800000027,17714.0,781626.0,RSTO,True,False,0,ShADadTTFR,171,24580,668,808350,ssl,0
10755.346099,CSGl1g29BK3xFdc2s5,10.0.2.15,53631,95.101.250.73,443,TLSv12,TLS_ECDHE_RSA_WITH_AES_256_GCM_SHA384,,www.bbt.com,True,True,CsiI,,,,1a5fe5677b0e4fbbc854e8908225637d,410b9bedaf65dd26c6fe547154d60db4,http/1.1,,10755.309813,10.0.2.15,53631,95.101.250.73,443,tcp,11.33426900000086,1594.0,69644.0,SF,True,False,0,ShADadTFfRr,25,2603,70,72448,ssl,0
10755.610019,CKHkTp3YoAtGCInlF8,10.0.2.15,53632,173.241.240.55,443,TLSv10,TLS_RSA_WITH_3DES_EDE_CBC_SHA,,ox-d.bbt.com,False,True,CsxnGIi,"['f935f4c6b8d600a877a8a077742132c6cbe0116b8668373e8b89861fd19682b0', 'eae72eb454bf6c3977ebd289e970b2f5282949190093d0d26f98d0f0d6a9cf17', '8420dfbe376f414bf4c0a81e6936d24ccc03f304835b86c7a39142fca723a689']",[],1.0,0ffee3ba8e615ad22535e7f771690a28,5cd6efb8d804faf03e1462073b729151,,,10755.539518,10.0.2.15,53632,173.241.240.55,443,tcp,3.534256000000823,829.0,20451.0,SF,True,False,0,ShADadfF,14,1397,24,21415,ssl,0
10756.019064,CCkiry3hncYU12AK81,10.0.2.15,53633,173.241.240.55,443,TLSv10,TLS_RSA_WITH_3DES_EDE_CBC_SHA,,ox-d.bbt.com,False,True,CsxnGIi,"['f935f4c6b8d600a877a8a077742132c6cbe0116b8668373e8b89861fd19682b0', 'eae72eb454bf6c3977ebd289e970b2f5282949190093d0d26f98d0f0d6a9cf17', '8420dfbe376f414bf4c0a81e6936d24ccc03f304835b86c7a39142fca723a689']",[],1.0,0ffee3ba8e615ad22535e7f771690a28,5cd6efb8d804faf03e1462073b729151,,,10755.572845,10.0.2.15,53633,173.241.240.55,443,tcp,7.847485999998753,536.0,4015.0,SF,True,False,0,ShADadFf,9,904,10,4419,ssl,0
10756.361735,CUG2tM3Iweh89XdRw4,10.0.2.15,53634,74.112.69.162,443,TLSv12,TLS_DHE_RSA_WITH_AES_256_CBC_SHA,,www.sc.pages02.net,False,True,CsxknGIi,"['760f80c8a5a6669f3872d435477f95d03bfb756398cce54db656879680ccb105', '19400be5b7a31fb733917700789d2f0a2471c0c9d506c0e504c06c16d7cb17c0']",[],1.0,0ffee3ba8e615ad22535e7f771690a28,38759e3bb980b0ca6bf7f22837b8582f,,,10756.027828,10.0.2.15,53634,74.112.69.162,443,tcp,4.429533999998967,867.0,9715.0,SF,True,False,0,ShADadfF,12,1355,17,10399,ssl,0
10757.397019,CowSWc3ZlSRzcFpzHj,10.0.2.15,53635,74.112.69.162,443,TLSv12,TLS_DHE_RSA_WITH_AES_256_CBC_SHA,,www.sc.pages02.net,False,True,CsxknGIi,"['760f80c8a5a6669f3872d435477f95d03bfb756398cce54db656879680ccb105', '19400be5b7a31fb733917700789d2f0a2471c0c9d506c0e504c06c16d7cb17c0']",[],1.0,0ffee3ba8e615ad22535e7f771690a28,38759e3bb980b0ca6bf7f22837b8582f,,,10757.060394,10.0.2.15,53635,74.112.69.162,443,tcp,6.426899000000048,462.0,4159.0,SF,True,False,0,ShADadFf,10,870,11,4603,ssl,0
10758.124564,CFxVui1bRvNquJqMTh,10.0.2.15,53641,95.100.182.235,443,TLSv12,TLS_ECDHE_RSA_WITH_AES_256_GCM_SHA384,secp256r1,globalassets.starbucks.com,False,True,CsxknGIti,"['673d4d020451236fcebe6377f5b680171c23484dac684a88a515ffaa9fb0f28a', 'eae72eb454bf6c3977ebd289e970b2f5282949190093d0d26f98d0f0d6a9cf17']",[],1.0,0ffee3ba8e615ad22535e7f771690a28,2b33c1374db4ddf06942f92373c0b54b,http/1.1,,10757.754723,10.0.2.15,53641,95.100.182.235,443,tcp,206.92646299999976,4957.0,360264.0,SF,True,False,0,ShADadTTFf,100,8984,327,373348,ssl,0
10758.284304,C6JkY92nA84JoaJif9,10.0.2.15,53640,95.100.182.235,443,TLSv12,TLS_ECDHE_RSA_WITH_AES_256_GCM_SHA384,secp256r1,globalassets.starbucks.com,False,True,CsxknGIti,"['673d4d020451236fcebe6377f5b680171c23484dac684a88a515ffaa9fb0f28a', 'eae72eb454bf6c3977ebd289e970b2f5282949190093d0d26f98d0f0d6a9cf17']",[],1.0,0ffee3ba8e615ad22535e7f771690a28,2b33c1374db4ddf06942f92373c0b54b,http/1.1,,10757.751226,10.0.2.15,53640,95.100.182.235,443,tcp,206.9360689999994,6613.0,651715.0,SF,True,False,0,ShADadTTFfRr,143,12359,567,674399,ssl,0
10758.431058,CrW03zY6Zh8DkAVfe,10.0.2.15,53648,95.101.241.136,443,TLSv12,TLS_ECDHE_RSA_WITH_AES_256_GCM_SHA384,,cdn.optimizely.com,True,True,CsiI,,,,1a5fe5677b0e4fbbc854e8908225637d,410b9bedaf65dd26c6fe547154d60db4,h2,,10757.76428,10.0.2.15,53648,95.101.241.136,443,tcp,198.0091740000007,984.0,421.0,SF,True,False,0,ShADadFfRr,18,1712,19,1185,ssl,0
10758.097151,CKgFIw5R40hcJNjM3,10.0.2.15,53644,107.162.135.91,443,TLSv12,TLS_RSA_WITH_AES_256_CBC_SHA,,www.starbucks.com,True,True,CsiI,,,,0ffee3ba8e615ad22535e7f771690a28,db8185c4eafa7114cadaf05965b09ef0,,,10757.757734,10.0.2.15,53644,107.162.135.91,443,tcp,124.33356599999934,3590.0,49832.0,SF,True,False,0,ShADadTTfF,45,5409,74,52796,ssl,0
10758.099259,CSwNjAN0cYC1ZurGk,10.0.2.15,53643,107.162.135.91,443,TLSv12,TLS_RSA_WITH_AES_256_CBC_SHA,,www.starbucks.com,True,True,CsiI,,,,0ffee3ba8e615ad22535e7f771690a28,db8185c4eafa7114cadaf05965b09ef0,,,10757.756813,10.0.2.15,53643,107.162.135.91,443,tcp,121.29664100000082,3942.0,272978.0,SF,True,False,0,ShADadTTfF,85,7361,258,283302,ssl,0
10758.103417,CxS0AN1LMQY0TE2199,10.0.2.15,53642,107.162.135.91,443,TLSv12,TLS_RSA_WITH_AES_256_CBC_SHA,,www.starbucks.com,True,True,CsiI,,,,0ffee3ba8e615ad22535e7f771690a28,db8185c4eafa7114cadaf05965b09ef0,,,10757.755653,10.0.2.15,53642,107.162.135.91,443,tcp,140.54975100000047,15939.0,628721.0,SF,True,False,0,ShADadTfF,158,22276,555,650925,ssl,0
10758.425748,COpl0x4zIY9mP5XBD3,10.0.2.15,53639,107.162.135.91,443,TLSv12,TLS_RSA_WITH_AES_256_CBC_SHA,,www.starbucks.com,True,True,CsiI,,,,0ffee3ba8e615ad22535e7f771690a28,db8185c4eafa7114cadaf05965b09ef0,,,10757.75018,10.0.2.15,53639,107.162.135.91,443,tcp,121.692457000001,3153.0,53694.0,SF,True,False,0,ShADadTTfF,36,4612,68,56418,ssl,0
10758.426593,CiISNu2VaIm5Wh6U7,10.0.2.15,53638,95.101.241.136,443,TLSv12,TLS_ECDHE_RSA_WITH_AES_256_GCM_SHA384,,cdn.optimizely.com,True,True,CsiI,,,,1a5fe5677b0e4fbbc854e8908225637d,410b9bedaf65dd26c6fe547154d60db4,h2,,10757.74378,10.0.2.15,53638,95.101.241.136,443,tcp,2.5888669999985723,1088.0,68821.0,SF,True,False,0,ShADadFfRr,31,2336,73,71745,ssl,0
10758.429419,CPooUh4m5JSW9GGFdh,10.0.2.15,53645,95.101.246.111,443,TLSv12,TLS_ECDHE_RSA_WITH_AES_256_GCM_SHA384,secp256r1,assets.adobedtm.com,False,True,CsxknGIti,"['195638e0ba8dff74d467b663a7e4afb9c011e8887f275192576ea167c7887e41', '19400be5b7a31fb733917700789d2f0a2471c0c9d506c0e504c06c16d7cb17c0']",[],1.0,0ffee3ba8e615ad22535e7f771690a28,2b33c1374db4ddf06942f92373c0b54b,http/1.1,,10757.760871,10.0.2.15,53645,95.101.246.111,443,tcp,184.16792600000008,4530.0,79500.0,SF,True,False,0,ShADadTTFfRr,56,6794,103,83624,ssl,0
10762.380797,CDAlp24A0YbgEBn2dh,10.0.2.15,53652,95.100.182.235,443,TLSv12,TLS_ECDHE_RSA_WITH_AES_256_GCM_SHA384,,globalassets.starbucks.com,True,True,CsiI,,,,1a5fe5677b0e4fbbc854e8908225637d,410b9bedaf65dd26c6fe547154d60db4,http/1.1,,10761.760977,10.0.2.15,53652,95.100.182.235,443,tcp,202.96751799999947,3004.0,84017.0,SF,True,False,0,ShADadTTFfRr,49,4991,102,88101,ssl,0
10762.404221,CTjpsV24JQqaq2djVk,10.0.2.15,53651,95.100.182.235,443,TLSv12,TLS_ECDHE_RSA_WITH_AES_256_GCM_SHA384,,globalassets.starbucks.com,True,True,CsiI,,,,1a5fe5677b0e4fbbc854e8908225637d,410b9bedaf65dd26c6fe547154d60db4,http/1.1,,10761.759906,10.0.2.15,53651,95.100.182.235,443,tcp,203.0036940000009,3004.0,21868.0,SF,True,False,0,ShADadTTFfRr,38,4551,52,23952,ssl,0
10762.411697,C6nNPUMwg20o4G7Ua,10.0.2.15,53649,95.100.182.235,443,TLSv12,TLS_ECDHE_RSA_WITH_AES_256_GCM_SHA384,,globalassets.starbucks.com,True,True,CsiI,,,,1a5fe5677b0e4fbbc854e8908225637d,410b9bedaf65dd26c6fe547154d60db4,http/1.1,,10761.757442,10.0.2.15,53649,95.100.182.235,443,tcp,202.9328089999999,3004.0,46341.0,SF,True,False,0,ShADadTTFfRr,46,4871,72,49225,ssl,0
10762.409822,CwTBHZ203DolPIELV9,10.0.2.15,53650,95.100.182.235,443,TLSv12,TLS_ECDHE_RSA_WITH_AES_256_GCM_SHA384,,globalassets.starbucks.com,True,True,CsiI,,,,1a5fe5677b0e4fbbc854e8908225637d,410b9bedaf65dd26c6fe547154d60db4,http/1.1,,10761.7583,10.0.2.15,53650,95.100.182.235,443,tcp,202.99131300000045,3004.0,94288.0,SF,True,False,0,ShADadTTFfRr,55,5231,114,98852,ssl,0
10763.73406,CYTPwc4muBCieGkRi8,10.0.2.15,53654,172.217.23.232,443,TLSv12,TLS_ECDHE_RSA_WITH_AES_128_GCM_SHA256,,www.googletagmanager.com,True,True,CsiI,,,,1a5fe5677b0e4fbbc854e8908225637d,67619a80665d7ab92d1041b1d11f9164,h2,,10763.111227,10.0.2.15,53654,172.217.23.232,443,tcp,470.8139810000012,5480.0,78830.0,SF,True,False,0,ShADadFf,62,7968,116,83474,ssl,0
10763.735219,CnIWlr2d7Ts23P0dMh,10.0.2.15,53653,31.13.66.5,443,TLSv12,TLS_ECDHE_ECDSA_WITH_AES_128_GCM_SHA256,,connect.facebook.net,True,True,CsiI,,,,1a5fe5677b0e4fbbc854e8908225637d,96681175a9547081bf3d417f1a572091,h2,,10763.109944,10.0.2.15,53653,31.13.66.5,443,tcp,201.69004400000085,1175.0,1019.0,SF,True,False,0,ShADadfF,17,1863,20,1823,ssl,0
10765.705081,CZecfKSCoQpaX6Qoa,10.0.2.15,53655,66.117.29.11,443,TLSv12,TLS_ECDHE_RSA_WITH_AES_128_GCM_SHA256,secp256r1,branchbankingtrustco.tt.omtrdc.net,False,True,CsxknGIi,"['103723154140b34b0b1260e3e747cfd392b7d030a78cd15f43cb9807d28f42f5', '19400be5b7a31fb733917700789d2f0a2471c0c9d506c0e504c06c16d7cb17c0']",[],1.0,0ffee3ba8e615ad22535e7f771690a28,ae7f2b2d1bd496bc9ce111c0a9fa3597,h2,,10765.658464,10.0.2.15,53655,66.117.29.11,443,tcp,281.66590499999984,3602.0,8024.0,SF,True,False,0,ShADadFfRr,29,4770,34,9388,ssl,0
10766.678392,ClyhEu46m8rJIVZ0m3,10.0.2.15,53656,173.241.240.55,443,TLSv10,TLS_RSA_WITH_3DES_EDE_CBC_SHA,,ox-d.bbt.com,True,True,CsiI,,,,0ffee3ba8e615ad22535e7f771690a28,5cd6efb8d804faf03e1462073b729151,,,10766.371371,10.0.2.15,53656,173.241.240.55,443,tcp,7.528185000001031,301.0,130.0,SF,True,False,0,ShADadFf,8,629,7,414,ssl,0
10768.169878,CCDEaz4NLWpVtFbJT9,10.0.2.15,53658,178.249.101.23,443,TLSv12,TLS_ECDHE_RSA_WITH_AES_128_GCM_SHA256,secp256r1,lptag.liveperson.net,False,True,CsxknGIti,"['5bc5659a1ad5999e74044d4625c1c6fb16384846a3b63cb208dc48a0104344f7', '111006378afbe8e99bb02ba87390ca429fca2773f74d7f7eb5744f5ddf68014b', '4f32d5dc00f715250abcc486511e37f501a899deb3bf7ea8adbbd3aef1c412da']",[],1.0,0ffee3ba8e615ad22535e7f771690a28,389ed42c02ebecc32e73aa31def07e14,,,10767.709854,10.0.2.15,53658,178.249.101.23,443,tcp,6.894200999999157,386.0,5184.0,SF,True,False,0,ShADadFf,10,794,12,5668,ssl,0
10770.012856,CRNU2A1H6eKKheeUl8,10.0.2.15,53662,172.217.23.238,443,TLSv12,TLS_ECDHE_RSA_WITH_AES_128_GCM_SHA256,,www.google-analytics.com,True,True,CsiI,,,,1a5fe5677b0e4fbbc854e8908225637d,67619a80665d7ab92d1041b1d11f9164,h2,,10769.565661,10.0.2.15,53662,172.217.23.238,443,tcp,1432.9965809999994,51543.0,101800.0,SF,True,False,0,ShADadFf,298,63471,392,117484,ssl,0
10769.961367,CLEHmc43JgF5NVyXZ2,10.0.2.15,53659,95.101.246.111,443,TLSv12,TLS_ECDHE_RSA_WITH_AES_256_GCM_SHA384,,assets.adobedtm.com,True,True,CsiI,,,,1a5fe5677b0e4fbbc854e8908225637d,410b9bedaf65dd26c6fe547154d60db4,http/1.1,,10769.033131,10.0.2.15,53659,95.101.246.111,443,tcp,10.270911999999951,599.0,183.0,SF,True,False,0,ShADadFfRr,8,927,9,547,ssl,0
10770.006054,CWIM2n43rTrR9XFHQ5,10.0.2.15,53663,13.107.21.200,443,TLSv12,TLS_ECDHE_RSA_WITH_AES_256_CBC_SHA,secp384r1,bat.bing.com,False,True,CsxuknGIi,"['80c4440580dbd55b228f41e6c88a51ecdbb998b5d32d12acd31ce25518d37128', '2399983e99703ebd01cea466c10799810c4ba62a8d61b88170a334dcd61bb20f']",[],1.0,0ffee3ba8e615ad22535e7f771690a28,4fd467dd264720762ffe286277c00f57,,,10769.567283,10.0.2.15,53663,13.107.21.200,443,tcp,130.9978200000005,4796.0,8468.0,SF,True,False,0,ShADadTTfF,31,6056,33,9792,ssl,0
10770.045031,C3JECq3WWIfR5JTYyi,10.0.2.15,53660,172.217.23.230,443,TLSv12,TLS_ECDHE_RSA_WITH_AES_128_GCM_SHA256,x25519,4487060.fls.doubleclick.net,False,True,CsxknGIti,"['378a6c73f6dec1c6bc563fa8eda92c3e9ce61b893db7685686c41f33ab89931c', '9f630426df1d8abfd80ace98871ba833ab9742cb34838de2b5285ed54c0c7dcc', '3c35cc963eb004451323d3275d05b353235053490d9cd83729a2faf5e7ca1cc0']",[],1.0,0ffee3ba8e615ad22535e7f771690a28,ab41313cfec25328b20865eb1388e0a2,h2,,10769.550748,10.0.2.15,53660,172.217.23.230,443,tcp,208.82054100000096,1509.0,5984.0,SF,True,False,0,ShADadFf,25,2517,27,7068,ssl,0
10770.046466,CYcceyeuEYkG7K2eh,10.0.2.15,53667,23.74.198.52,443,TLSv12,TLS_ECDHE_RSA_WITH_AES_256_GCM_SHA384,,munchkin.marketo.net,True,True,CsiI,,,,1a5fe5677b0e4fbbc854e8908225637d,410b9bedaf65dd26c6fe547154d60db4,http/1.1,,10769.60146,10.0.2.15,53667,23.74.198.52,443,tcp,124.73884800000089,901.0,1773.0,SF,True,False,0,ShADadTTFfRr,23,1841,24,2737,ssl,0
10770.040457,CIV7Xi36T90ybeSbZ4,10.0.2.15,53661,172.217.23.194,443,TLSv12,TLS_ECDHE_RSA_WITH_AES_128_GCM_SHA256,x25519,www.googleadservices.com,False,True,CsxknGIti,"['33c13616ade5804cb64668e7fede6e1ef8141ce96a24e69910dfdd83efac1907', '9f630426df1d8abfd80ace98871ba833ab9742cb34838de2b5285ed54c0c7dcc', '3c35cc963eb004451323d3275d05b353235053490d9cd83729a2faf5e7ca1cc0']",[],1.0,0ffee3ba8e615ad22535e7f771690a28,ab41313cfec25328b20865eb1388e0a2,h2,,10769.561568,10.0.2.15,53661,172.217.23.194,443,tcp,199.5913370000017,742.0,4033.0,SF,True,False,0,ShADadFf,20,1550,21,4877,ssl,0
10770.05003,CxPxjK3KWXnQCuUZa5,10.0.2.15,53665,172.217.23.230,443,TLSv12,TLS_ECDHE_RSA_WITH_AES_128_GCM_SHA256,x25519,4487060.fls.doubleclick.net,False,True,CsxknGIti,"['378a6c73f6dec1c6bc563fa8eda92c3e9ce61b893db7685686c41f33ab89931c', '9f630426df1d8abfd80ace98871ba833ab9742cb34838de2b5285ed54c0c7dcc', '3c35cc963eb004451323d3275d05b353235053490d9cd83729a2faf5e7ca1cc0']",[],1.0,0ffee3ba8e615ad22535e7f771690a28,ab41313cfec25328b20865eb1388e0a2,h2,,10769.57334,10.0.2.15,53665,172.217.23.230,443,tcp,4.134522999998808,537.0,4120.0,SF,True,False,0,ShADadFf,13,1065,13,4644,ssl,0
10770.050966,CIanHSJorixk6UbZh,10.0.2.15,53664,13.107.21.200,443,TLSv12,TLS_ECDHE_RSA_WITH_AES_256_CBC_SHA,secp384r1,bat.bing.com,False,True,CsxuknGIi,"['80c4440580dbd55b228f41e6c88a51ecdbb998b5d32d12acd31ce25518d37128', '2399983e99703ebd01cea466c10799810c4ba62a8d61b88170a334dcd61bb20f']",[],1.0,0ffee3ba8e615ad22535e7f771690a28,4fd467dd264720762ffe286277c00f57,,,10769.570644,10.0.2.15,53664,13.107.21.200,443,tcp,6.171841000001223,456.0,6880.0,SF,True,False,0,ShADadFf,10,864,12,7364,ssl,0
10766.673332,Cc9xrN13I514PN2xwj,10.0.2.15,53657,173.241.240.55,443,TLSv10,TLS_RSA_WITH_3DES_EDE_CBC_SHA,,ox-d.bbt.com,True,False,Csi,,,,0ffee3ba8e615ad22535e7f771690a28,5cd6efb8d804faf03e1462073b729151,,,10766.372309,10.0.2.15,53657,173.241.240.55,443,tcp,0.634635999998863,221.0,130.0,RSTO,True,False,0,ShADadR,5,429,3,254,ssl,0
10773.664318,C2m9kL3DZKHnOju6zd,10.0.2.15,53669,95.101.250.73,443,TLSv12,TLS_ECDHE_RSA_WITH_AES_256_GCM_SHA384,,www.bbt.com,True,True,CsiI,,,,1a5fe5677b0e4fbbc854e8908225637d,410b9bedaf65dd26c6fe547154d60db4,http/1.1,,10772.571958,10.0.2.15,53669,95.101.250.73,443,tcp,153.6661409999997,6268.0,204832.0,SF,True,False,0,ShADadTTFf,75,9288,205,213036,ssl,0
10773.67975,CQyWXM2iuuNK9KHBHc,10.0.2.15,53668,95.101.250.73,443,TLSv12,TLS_ECDHE_RSA_WITH_AES_256_GCM_SHA384,,www.bbt.com,True,True,CsiI,,,,1a5fe5677b0e4fbbc854e8908225637d,410b9bedaf65dd26c6fe547154d60db4,http/1.1,,10772.571312,10.0.2.15,53668,95.101.250.73,443,tcp,153.68091599999934,6262.0,228074.0,SF,True,False,0,ShADadTTFf,71,9122,215,236678,ssl,0
10774.864283,Ce5Qok4Y0tRSnS8kpe,10.0.2.15,53670,54.231.120.138,443,TLSv12,TLS_ECDHE_RSA_WITH_AES_128_GCM_SHA256,secp256r1,s3.amazonaws.com,False,True,CsxknGIi,"['6be2c04e442c0aa126e2e374c248fc093077df1a3810867decdfea113add4357', 'f9690880819f06cdcc0b2f224b207f2af6003fb57339b8679a160fa95208d62d']",[],1.0,0ffee3ba8e615ad22535e7f771690a28,ea615e28cb25adfb2f261151eab3314f,,,10773.698662,10.0.2.15,53670,54.231.120.138,443,tcp,10.817901999998869,630.0,40957.0,SF,True,False,0,ShADadFf,21,1478,48,42881,ssl,0
10774.875158,C5L0uI2sIytaqCSGDi,10.0.2.15,53671,54.231.120.138,443,TLSv12,TLS_ECDHE_RSA_WITH_AES_128_GCM_SHA256,secp256r1,s3.amazonaws.com,False,True,CsxknGIi,"['6be2c04e442c0aa126e2e374c248fc093077df1a3810867decdfea113add4357', 'f9690880819f06cdcc0b2f224b207f2af6003fb57339b8679a160fa95208d62d']",[],1.0,0ffee3ba8e615ad22535e7f771690a28,ea615e28cb25adfb2f261151eab3314f,,,10773.705111,10.0.2.15,53671,54.231.120.138,443,tcp,9.635441000000355,350.0,3177.0,SF,True,False,0,ShADadFfRr,10,758,12,3661,ssl,0
10777.590806,C3UF6U121P7a9P6PQf,10.0.2.15,53676,74.125.206.157,443,TLSv12,TLS_ECDHE_RSA_WITH_AES_128_GCM_SHA256,,stats.g.doubleclick.net,True,True,CsiI,,,,1a5fe5677b0e4fbbc854e8908225637d,67619a80665d7ab92d1041b1d11f9164,h2,,10776.867795,10.0.2.15,53676,74.125.206.157,443,tcp,1425.3209719999995,12627.0,16834.0,SF,True,False,0,ShADadFf,153,18755,177,23918,ssl,0
10777.595694,CaJNP44Ht4BshnP7I5,10.0.2.15,53675,52.30.191.133,443,TLSv12,TLS_ECDHE_RSA_WITH_AES_128_GCM_SHA256,secp256r1,dpm.demdex.net,False,True,CsxknGIi,"['ab8f7b89fa3e472463832f1b07660350a24ba646789dce6dd09107fab1d86a12', '19400be5b7a31fb733917700789d2f0a2471c0c9d506c0e504c06c16d7cb17c0']",[],1.0,0ffee3ba8e615ad22535e7f771690a28,303951d4c50efb2e991652225a6f02b1,,,10776.855776,10.0.2.15,53675,52.30.191.133,443,tcp,65.47602600000027,2416.0,4812.0,SF,True,False,0,ShADadTFf,18,3150,21,5656,ssl,0
10777.803036,CjKxdK372BgEa9HUc1,10.0.2.15,53672,52.30.191.133,443,TLSv12,TLS_ECDHE_RSA_WITH_AES_128_GCM_SHA256,secp256r1,dpm.demdex.net,False,True,CsxknGIi,"['ab8f7b89fa3e472463832f1b07660350a24ba646789dce6dd09107fab1d86a12', '19400be5b7a31fb733917700789d2f0a2471c0c9d506c0e504c06c16d7cb17c0']",[],1.0,0ffee3ba8e615ad22535e7f771690a28,303951d4c50efb2e991652225a6f02b1,,,10776.831725,10.0.2.15,53672,52.30.191.133,443,tcp,65.50401600000077,2462.0,4811.0,SF,True,False,0,ShADadTFf,17,3156,20,5615,ssl,0
10778.449905,C74dDe4glGim9qgNrh,10.0.2.15,53677,178.249.101.23,443,TLSv12,TLS_ECDHE_RSA_WITH_AES_128_GCM_SHA256,secp256r1,lptag.liveperson.net,False,True,CsxknGIti,"['5bc5659a1ad5999e74044d4625c1c6fb16384846a3b63cb208dc48a0104344f7', '111006378afbe8e99bb02ba87390ca429fca2773f74d7f7eb5744f5ddf68014b', '4f32d5dc00f715250abcc486511e37f501a899deb3bf7ea8adbbd3aef1c412da']",[],1.0,1a5fe5677b0e4fbbc854e8908225637d,389ed42c02ebecc32e73aa31def07e14,,,10778.046778,10.0.2.15,53677,178.249.101.23,443,tcp,12.055639000000156,1480.0,65820.0,SF,True,False,0,ShADadfF,28,2608,69,68584,ssl,0
10779.028683,CrhOaMB9Ryf7KrVub,10.0.2.15,53679,66.117.29.37,443,TLSv12,TLS_ECDHE_RSA_WITH_AES_256_GCM_SHA384,secp256r1,starbucks.sc.omtrdc.net,False,True,CsxknGIi,"['2a6e9d2e728ec51e35f4e39e58b5fcd4640d3f2e8ad07ad95b1f72e891b71f96', '19400be5b7a31fb733917700789d2f0a2471c0c9d506c0e504c06c16d7cb17c0']",[],1.0,0ffee3ba8e615ad22535e7f771690a28,959bfcf87532cbff1253e80a4ee81308,,,10778.459807,10.0.2.15,53679,66.117.29.37,443,tcp,21.970045000000027,1193.0,3518.0,SF,True,False,0,ShADadTFf,13,1722,14,4082,ssl,0
10779.035677,C5uAO04kkCSKl37Fy1,10.0.2.15,53678,205.216.27.143,443,TLSv12,TLS_ECDHE_RSA_WITH_AES_256_CBC_SHA,secp521r1,es.bbt.com,False,True,CsxuknGIi,"['aff690551d9d78aa6cba9e1b2b9e201aa164bbf94b740d2f2f9dfd991aed2401', '9e6bc5f9ecc52460e8edc02c644d1be1cb9f2316f41daf3b616a0b2058294b31']",[],1.0,0ffee3ba8e615ad22535e7f771690a28,4fd467dd264720762ffe286277c00f57,,,10778.457172,10.0.2.15,53678,205.216.27.143,443,tcp,130.10882599999968,1039.0,5831.0,SF,True,False,0,ShADadTTFf,24,2019,25,6835,ssl,0
10781.733527,CgkoMB37QIHnkTglX2,10.0.2.15,53682,52.30.191.133,443,TLSv12,TLS_ECDHE_RSA_WITH_AES_128_GCM_SHA256,secp256r1,dpm.demdex.net,False,True,CsxknGIi,"['ab8f7b89fa3e472463832f1b07660350a24ba646789dce6dd09107fab1d86a12', '19400be5b7a31fb733917700789d2f0a2471c0c9d506c0e504c06c16d7cb17c0']",[],1.0,0ffee3ba8e615ad22535e7f771690a28,303951d4c50efb2e991652225a6f02b1,,,10781.058879,10.0.2.15,53682,52.30.191.133,443,tcp,7.512226000000737,380.0,3143.0,RSTO,True,False,0,ShADadFR,10,788,10,3547,ssl,0
10781.741324,CCaigN1pIRookFgsgb,10.0.2.15,53681,95.100.188.197,443,TLSv12,TLS_ECDHE_RSA_WITH_AES_256_GCM_SHA384,secp256r1,c1.rfihub.net,False,True,CsxknGIti,"['fab01f43a40757cc0e49c0002fbafca010469c964009c18e2083d30239176266', 'eae72eb454bf6c3977ebd289e970b2f5282949190093d0d26f98d0f0d6a9cf17', '8420dfbe376f414bf4c0a81e6936d24ccc03f304835b86c7a39142fca723a689']",[],1.0,0ffee3ba8e615ad22535e7f771690a28,2b33c1374db4ddf06942f92373c0b54b,http/1.1,,10781.050341,10.0.2.15,53681,95.100.188.197,443,tcp,127.60231000000022,763.0,25246.0,SF,True,False,0,ShADadTTFf,28,1903,42,26930,ssl,0
10781.749584,C3iUaA4gaSndn3rl03,10.0.2.15,53683,66.117.29.37,443,TLSv12,TLS_ECDHE_RSA_WITH_AES_256_GCM_SHA384,secp256r1,starbucks.sc.omtrdc.net,False,True,CsxknGIi,"['2a6e9d2e728ec51e35f4e39e58b5fcd4640d3f2e8ad07ad95b1f72e891b71f96', '19400be5b7a31fb733917700789d2f0a2471c0c9d506c0e504c06c16d7cb17c0']",[],1.0,0ffee3ba8e615ad22535e7f771690a28,959bfcf87532cbff1253e80a4ee81308,,,10781.376253,10.0.2.15,53683,66.117.29.37,443,tcp,23.020714000000225,1736.0,3711.0,SF,True,False,0,ShADadTFf,13,2265,13,4235,ssl,0
10781.743414,CYxbNu3LqDMLNM2mac,10.0.2.15,53680,152.163.50.2,443,TLSv12,TLS_RSA_WITH_AES_128_CBC_SHA,,leadback.advertising.com,False,True,CsxnGIi,"['a70f555ecdd5db94cf6eb62f1e4f8173d17c2c4718d4452365a5372c191bacf8', '3b0cc20384ad7f24eb438f2b80c63ebe003f7f215b8877e418ebb0484028db57', '6b143c2005d5539cc22eab5f772db2a9fe87467feffa07fcf0a9f7d28274ca7a']",[],0.0,0ffee3ba8e615ad22535e7f771690a28,5397c414a9ebeaff1bf18b70ca22eaa0,,,10781.044325,10.0.2.15,53680,152.163.50.2,443,tcp,4.277403000000049,596.0,4052.0,SF,True,False,0,ShADadfF,10,1004,11,4496,ssl,0
10786.564278,CLFs001CVVpU32g9g,10.0.2.15,53688,173.241.240.55,443,TLSv10,TLS_RSA_WITH_3DES_EDE_CBC_SHA,,ox-d.bbt.com,True,True,CsiI,,,,0ffee3ba8e615ad22535e7f771690a28,5cd6efb8d804faf03e1462073b729151,,,10785.561548,10.0.2.15,53688,173.241.240.55,443,tcp,5.154013000001214,850.0,5500.0,SF,True,False,0,ShADadfF,10,1258,11,5944,ssl,0
10789.487185,CH2tz21lb6JgV6Y3l7,10.0.2.15,53689,199.15.215.117,443,TLSv12,TLS_ECDHE_RSA_WITH_AES_256_CBC_SHA,secp256r1,111-ugh-638.mktoresp.com,False,True,CsxknGIi,"['48ee21264ab1c3b16632f3b6b0638b52969bc18055f980a7ec7c9e40f75653e9', '973a41276ffd01e027a2aad49e34c37846d3e976ff6a620b6712e33832041aa6', '3a2fbe92891e57fe05d57087f48e730f17e5a5f53ef403d618e5b74d7a7e6ecb', 'c3846bf24b9e93ca64274c0ec67c1ecc5e024ffcacd2d74019350e81fe546ae4']",[],1.0,0ffee3ba8e615ad22535e7f771690a28,8475c8479d349f36563360abf90c11f1,,,10788.787856,10.0.2.15,53689,199.15.215.117,443,tcp,9.52793500000007,1678.0,6466.0,SF,True,False,0,ShADadfF,14,2246,15,7070,ssl,0
10791.831882,CPjp7u4lzOVjT4uT,10.0.2.15,53691,172.82.224.88,443,TLSv12,TLS_ECDHE_RSA_WITH_AES_256_GCM_SHA384,secp256r1,sstats.bbt.com,False,True,CsxknGIi,"['d8a469c1d97bb66732a7c36d3c161712f59c60891acffe0d73f91456c5a4c290', '9e6bc5f9ecc52460e8edc02c644d1be1cb9f2316f41daf3b616a0b2058294b31']",[],1.0,0ffee3ba8e615ad22535e7f771690a28,959bfcf87532cbff1253e80a4ee81308,,,10791.344335,10.0.2.15,53691,172.82.224.88,443,tcp,4.92859800000042,3193.0,6413.0,SF,True,False,0,ShADadFf,13,3721,14,6977,ssl,0
10791.833622,CIiKsf2MOq3y2P7WUa,10.0.2.15,53690,172.82.224.88,443,TLSv12,TLS_ECDHE_RSA_WITH_AES_256_GCM_SHA384,secp256r1,sstats.bbt.com,False,True,CsxknGIi,"['d8a469c1d97bb66732a7c36d3c161712f59c60891acffe0d73f91456c5a4c290', '9e6bc5f9ecc52460e8edc02c644d1be1cb9f2316f41daf3b616a0b2058294b31']",[],1.0,0ffee3ba8e615ad22535e7f771690a28,959bfcf87532cbff1253e80a4ee81308,,,10791.342571,10.0.2.15,53690,172.82.224.88,443,tcp,5.112000000000989,3315.0,6442.0,SF,True,False,0,ShADadFf,13,3843,15,7046,ssl,0
10793.03081,C4uNJ2npkE6JIwC52,10.0.2.15,53700,173.241.240.55,443,TLSv10,TLS_RSA_WITH_3DES_EDE_CBC_SHA,,ox-d.bbt.com,True,True,CsiI,,,,0ffee3ba8e615ad22535e7f771690a28,5cd6efb8d804faf03e1462073b729151,,,10792.986496,10.0.2.15,53700,173.241.240.55,443,tcp,1.6067670000011272,1722.0,508.0,SF,True,False,0,ShADadfF,8,2050,8,832,ssl,0
10793.033869,CLZ5aT22lhKqCRdGo2,10.0.2.15,53699,172.82.224.88,443,TLSv12,TLS_ECDHE_RSA_WITH_AES_256_GCM_SHA384,secp256r1,sstats.bbt.com,False,True,CsxknGIi,"['d8a469c1d97bb66732a7c36d3c161712f59c60891acffe0d73f91456c5a4c290', '9e6bc5f9ecc52460e8edc02c644d1be1cb9f2316f41daf3b616a0b2058294b31']",[],1.0,0ffee3ba8e615ad22535e7f771690a28,959bfcf87532cbff1253e80a4ee81308,,,10792.978361,10.0.2.15,53699,172.82.224.88,443,tcp,3.809398999999757,317.0,3676.0,SF,True,False,0,ShADadFf,9,685,9,4040,ssl,0
10793.036785,CbMDRw1r0glBkWHTn5,10.0.2.15,53697,178.249.101.98,443,TLSv12,TLS_ECDHE_RSA_WITH_AES_128_GCM_SHA256,secp256r1,lpcdn.lpsnmedia.net,False,True,CsxknGIti,"['d45f1b87c33a2546e31d21fcb368b9be38bd70956ca9e8039edd9ceaee4af0e0', '111006378afbe8e99bb02ba87390ca429fca2773f74d7f7eb5744f5ddf68014b', '4f32d5dc00f715250abcc486511e37f501a899deb3bf7ea8adbbd3aef1c412da']",[],1.0,0ffee3ba8e615ad22535e7f771690a28,389ed42c02ebecc32e73aa31def07e14,,,10792.956251,10.0.2.15,53697,178.249.101.98,443,tcp,3.498254000000088,927.0,18035.0,SF,True,False,0,ShADadFf,17,1615,27,19119,ssl,0
10793.044769,C5yETo2Qv7JR12sMEa,10.0.2.15,53696,193.0.160.206,443,TLSv12,TLS_RSA_WITH_AES_256_CBC_SHA,,a.rfihub.com,False,True,CsxnGIi,"['6319fe60346fb81cd95b32cf612cd0a3a9c962907bbad4fe17ce3c85e44e1f66', '154c433c491929c5ef686e838e323664a00e6a0d822ccc958fb4dab03e49a08f']",[],1.0,0ffee3ba8e615ad22535e7f771690a28,0a917d753018dad73d9899ace370f8d8,,,10792.955687,10.0.2.15,53696,193.0.160.206,443,tcp,11.159256000000823,2173.0,4227.0,SF,True,False,0,ShADadfF,12,2661,13,4751,ssl,0
10793.04708,Ck4m3f1WR3XgV4nQ5,10.0.2.15,53695,178.249.101.99,443,TLSv12,TLS_ECDHE_RSA_WITH_AES_128_GCM_SHA256,secp256r1,accdn.lpsnmedia.net,False,True,CsxknGIti,"['d45f1b87c33a2546e31d21fcb368b9be38bd70956ca9e8039edd9ceaee4af0e0', '111006378afbe8e99bb02ba87390ca429fca2773f74d7f7eb5744f5ddf68014b', '4f32d5dc00f715250abcc486511e37f501a899deb3bf7ea8adbbd3aef1c412da']",[],1.0,0ffee3ba8e615ad22535e7f771690a28,389ed42c02ebecc32e73aa31def07e14,,,10792.954602,10.0.2.15,53695,178.249.101.99,443,tcp,3.506622000000789,794.0,6309.0,SF,True,False,0,ShADadFf,12,1282,14,6873,ssl,0
10793.054849,CzpIeB1t7fwSggYxS8,10.0.2.15,53693,178.249.101.98,443,TLSv12,TLS_ECDHE_RSA_WITH_AES_128_GCM_SHA256,secp256r1,lpcdn.lpsnmedia.net,False,True,CsxknGIti,"['d45f1b87c33a2546e31d21fcb368b9be38bd70956ca9e8039edd9ceaee4af0e0', '111006378afbe8e99bb02ba87390ca429fca2773f74d7f7eb5744f5ddf68014b', '4f32d5dc00f715250abcc486511e37f501a899deb3bf7ea8adbbd3aef1c412da']",[],1.0,0ffee3ba8e615ad22535e7f771690a28,389ed42c02ebecc32e73aa31def07e14,,,10792.938322,10.0.2.15,53693,178.249.101.98,443,tcp,3.849459000000934,385.0,5164.0,SF,True,False,0,ShADadFf,11,833,12,5648,ssl,0
10793.496907,C94WSF1cy3RVXdacJh,10.0.2.15,53701,95.101.247.94,443,TLSv12,TLS_ECDHE_RSA_WITH_AES_256_GCM_SHA384,secp256r1,ssl-i.cdn.openx.com,False,True,CsxknGIti,"['10eb283e062e576b0b97facd8caabe46372cfbe3d6b79bd7863864e87940de73', '074541ecdf88ed992ed5ade3ecddef27a26ba1b44480a195c0a8dadae2521d8e']",[],1.0,0ffee3ba8e615ad22535e7f771690a28,2b33c1374db4ddf06942f92373c0b54b,http/1.1,,10792.998475,10.0.2.15,53701,95.101.247.94,443,tcp,3.789263000000574,322.0,3907.0,SF,True,False,0,ShADadFfRr,10,730,11,4351,ssl,0
10794.286689,CL23gg3vyuzHlxhkf6,10.0.2.15,53702,199.15.215.117,443,TLSv12,TLS_ECDHE_RSA_WITH_AES_256_CBC_SHA,,111-ugh-638.mktoresp.com,True,True,CsiI,,,,0ffee3ba8e615ad22535e7f771690a28,8475c8479d349f36563360abf90c11f1,,,10793.026718,10.0.2.15,53702,199.15.215.117,443,tcp,7.5404750000016065,361.0,179.0,SF,True,False,0,ShADadFf,7,649,7,463,ssl,0
10793.914678,CbybfnEhgt76afkhk,10.0.2.15,53694,208.89.12.87,443,TLSv12,TLS_ECDHE_RSA_WITH_AES_128_GCM_SHA256,secp256r1,va.v.liveperson.net,False,True,CsxknGIti,"['db317cbf0ca657eea07c79a1e7906d1f57b080f30c045da323152fb4a831a0bf', '111006378afbe8e99bb02ba87390ca429fca2773f74d7f7eb5744f5ddf68014b', '4f32d5dc00f715250abcc486511e37f501a899deb3bf7ea8adbbd3aef1c412da']",[],1.0,0ffee3ba8e615ad22535e7f771690a28,389ed42c02ebecc32e73aa31def07e14,,,10792.944913,10.0.2.15,53694,208.89.12.87,443,tcp,3.916724000000613,354.0,5190.0,SF,True,False,0,ShADadFf,10,762,11,5634,ssl,0
10794.337526,CwSLxM3tSWW4tf3SF7,10.0.2.15,53698,208.89.12.87,443,TLSv12,TLS_ECDHE_RSA_WITH_AES_128_GCM_SHA256,secp256r1,va.v.liveperson.net,False,True,CsxknGIti,"['db317cbf0ca657eea07c79a1e7906d1f57b080f30c045da323152fb4a831a0bf', '111006378afbe8e99bb02ba87390ca429fca2773f74d7f7eb5744f5ddf68014b', '4f32d5dc00f715250abcc486511e37f501a899deb3bf7ea8adbbd3aef1c412da']",[],1.0,0ffee3ba8e615ad22535e7f771690a28,389ed42c02ebecc32e73aa31def07e14,,,10792.971826,10.0.2.15,53698,208.89.12.87,443,tcp,7.222603999998682,385.0,5190.0,SF,True,False,0,ShADadFf,10,793,12,5674,ssl,0
10801.860395,CO1S7F1ZZAY3MkXlMj,10.0.2.15,53708,74.112.69.162,443,TLSv12,TLS_DHE_RSA_WITH_AES_256_CBC_SHA,,www.sc.pages02.net,True,True,CsiI,,,,0ffee3ba8e615ad22535e7f771690a28,38759e3bb980b0ca6bf7f22837b8582f,,,10800.670546,10.0.2.15,53708,74.112.69.162,443,tcp,6.919142000000647,355.0,161.0,SF,True,False,0,ShADadFf,7,643,7,445,ssl,0
10801.85504,Cd3lrU3nWUnfYNWLE1,10.0.2.15,53710,193.0.160.206,443,TLSv12,TLS_RSA_WITH_AES_256_CBC_SHA,,20668675p.rfihub.com,False,True,CsxnGIi,"['6319fe60346fb81cd95b32cf612cd0a3a9c962907bbad4fe17ce3c85e44e1f66', '154c433c491929c5ef686e838e323664a00e6a0d822ccc958fb4dab03e49a08f']",[],1.0,0ffee3ba8e615ad22535e7f771690a28,0a917d753018dad73d9899ace370f8d8,,,10800.956612,10.0.2.15,53710,193.0.160.206,443,tcp,11.024846000000252,539.0,2713.0,SF,True,False,0,ShADadFf,8,867,8,3037,ssl,0
10801.856452,CImQGnSITQC6MtV61,10.0.2.15,53709,193.0.160.206,443,TLSv12,TLS_RSA_WITH_AES_256_CBC_SHA,,20668675p.rfihub.com,False,True,CsxnGIi,"['6319fe60346fb81cd95b32cf612cd0a3a9c962907bbad4fe17ce3c85e44e1f66', '154c433c491929c5ef686e838e323664a00e6a0d822ccc958fb4dab03e49a08f']",[],1.0,0ffee3ba8e615ad22535e7f771690a28,0a917d753018dad73d9899ace370f8d8,,,10800.954568,10.0.2.15,53709,193.0.160.206,443,tcp,11.023050000001604,592.0,2713.0,SF,True,False,0,ShADadFf,9,960,9,3077,ssl,0
10801.657949,CaN8jD1QfYoAokuQQ4,10.0.2.15,53707,208.89.12.87,443,TLSv12,TLS_ECDHE_RSA_WITH_AES_128_GCM_SHA256,secp256r1,va.v.liveperson.net,False,True,CsxknGIti,"['db317cbf0ca657eea07c79a1e7906d1f57b080f30c045da323152fb4a831a0bf', '111006378afbe8e99bb02ba87390ca429fca2773f74d7f7eb5744f5ddf68014b', '4f32d5dc00f715250abcc486511e37f501a899deb3bf7ea8adbbd3aef1c412da']",[],1.0,1a5fe5677b0e4fbbc854e8908225637d,389ed42c02ebecc32e73aa31def07e14,,,10800.654522,10.0.2.15,53707,208.89.12.87,443,tcp,112.57715300000018,7694.0,8834.0,SF,True,False,0,ShADadTfF,35,9108,39,10398,ssl,0
10801.659047,CdTQn7acjXcAZ8rC3,10.0.2.15,53706,208.89.12.87,443,TLSv12,TLS_ECDHE_RSA_WITH_AES_128_GCM_SHA256,secp256r1,va.v.liveperson.net,False,True,CsxknGIti,"['db317cbf0ca657eea07c79a1e7906d1f57b080f30c045da323152fb4a831a0bf', '111006378afbe8e99bb02ba87390ca429fca2773f74d7f7eb5744f5ddf68014b', '4f32d5dc00f715250abcc486511e37f501a899deb3bf7ea8adbbd3aef1c412da']",[],1.0,1a5fe5677b0e4fbbc854e8908225637d,389ed42c02ebecc32e73aa31def07e14,,,10800.653377,10.0.2.15,53706,208.89.12.87,443,tcp,6.9219149999989895,674.0,5190.0,SF,True,False,0,ShADadFf,11,1122,12,5674,ssl,0
10805.416828,ClH57oVFMrrIkXdOg,10.0.2.15,53711,178.249.101.23,443,TLSv12,TLS_ECDHE_RSA_WITH_AES_128_GCM_SHA256,secp256r1,lptag.liveperson.net,False,True,CsxknGIti,"['5bc5659a1ad5999e74044d4625c1c6fb16384846a3b63cb208dc48a0104344f7', '111006378afbe8e99bb02ba87390ca429fca2773f74d7f7eb5744f5ddf68014b', '4f32d5dc00f715250abcc486511e37f501a899deb3bf7ea8adbbd3aef1c412da']",[],1.0,1a5fe5677b0e4fbbc854e8908225637d,389ed42c02ebecc32e73aa31def07e14,,,10804.881834,10.0.2.15,53711,178.249.101.23,443,tcp,6.476485000001048,674.0,5184.0,SF,True,False,0,ShADadFf,10,1082,12,5668,ssl,0
10807.511823,CDYa6U1TxMAki6uUnb,10.0.2.15,53714,95.101.246.111,443,TLSv12,TLS_ECDHE_RSA_WITH_AES_256_GCM_SHA384,,assets.adobedtm.com,True,True,CsiI,,,,1a5fe5677b0e4fbbc854e8908225637d,410b9bedaf65dd26c6fe547154d60db4,http/1.1,,10807.125439,10.0.2.15,53714,95.101.246.111,443,tcp,123.83416100000068,1211.0,629.0,SF,True,False,0,ShADadTTFfRr,23,2151,23,1553,ssl,0
10807.538763,CrRYfgqIvnYFG0Rq3,10.0.2.15,53713,95.101.246.111,443,TLSv12,TLS_ECDHE_RSA_WITH_AES_256_GCM_SHA384,,assets.adobedtm.com,True,True,CsiI,,,,1a5fe5677b0e4fbbc854e8908225637d,410b9bedaf65dd26c6fe547154d60db4,http/1.1,,10807.124418,10.0.2.15,53713,95.101.246.111,443,tcp,7.203606000000946,599.0,183.0,SF,True,False,0,ShADadFfRr,9,967,9,547,ssl,0
10808.707999,CmihXm3Kc9SZ3NGNgf,10.0.2.15,53715,95.101.246.111,443,TLSv12,TLS_ECDHE_RSA_WITH_AES_256_GCM_SHA384,,assets.adobedtm.com,True,True,CsiI,,,,1a5fe5677b0e4fbbc854e8908225637d,410b9bedaf65dd26c6fe547154d60db4,http/1.1,,10807.126481,10.0.2.15,53715,95.101.246.111,443,tcp,9.039294000000154,599.0,183.0,SF,True,False,0,ShADadFfRr,9,967,9,547,ssl,0
10808.710791,C3aLi91HB0cPqbOwU9,10.0.2.15,53717,95.101.246.111,443,TLSv12,TLS_ECDHE_RSA_WITH_AES_256_GCM_SHA384,,assets.adobedtm.com,True,True,CsiI,,,,1a5fe5677b0e4fbbc854e8908225637d,410b9bedaf65dd26c6fe547154d60db4,http/1.1,,10807.132123,10.0.2.15,53717,95.101.246.111,443,tcp,9.04038600000058,599.0,183.0,SF,True,False,0,ShADadFfRr,9,967,9,547,ssl,0
10808.718402,CQJ3JM1Yb2Rwl21yj5,10.0.2.15,53716,95.101.246.111,443,TLSv12,TLS_ECDHE_RSA_WITH_AES_256_GCM_SHA384,,assets.adobedtm.com,True,True,CsiI,,,,1a5fe5677b0e4fbbc854e8908225637d,410b9bedaf65dd26c6fe547154d60db4,http/1.1,,10807.129244,10.0.2.15,53716,95.101.246.111,443,tcp,9.04023000000052,599.0,183.0,SF,True,False,0,ShADadFfRr,9,967,9,547,ssl,0
10809.271178,CMvi9V3F3Bq103R5Xg,10.0.2.15,53718,172.82.224.88,443,TLSv12,TLS_ECDHE_RSA_WITH_AES_256_GCM_SHA384,,sstats.bbt.com,True,True,CsiI,,,,0ffee3ba8e615ad22535e7f771690a28,959bfcf87532cbff1253e80a4ee81308,,,10808.728271,10.0.2.15,53718,172.82.224.88,443,tcp,23.32155799999964,5063.0,2681.0,SF,True,False,0,ShADadTFf,15,5672,15,3285,ssl,0
10811.145908,CgWgXf3qmoad1henNj,10.0.2.15,53720,178.249.101.98,443,TLSv12,TLS_ECDHE_RSA_WITH_AES_128_GCM_SHA256,secp256r1,lpcdn.lpsnmedia.net,False,True,CsxknGIti,"['d45f1b87c33a2546e31d21fcb368b9be38bd70956ca9e8039edd9ceaee4af0e0', '111006378afbe8e99bb02ba87390ca429fca2773f74d7f7eb5744f5ddf68014b', '4f32d5dc00f715250abcc486511e37f501a899deb3bf7ea8adbbd3aef1c412da']",[],1.0,1a5fe5677b0e4fbbc854e8908225637d,389ed42c02ebecc32e73aa31def07e14,,,10810.822203,10.0.2.15,53720,178.249.101.98,443,tcp,44.87330099999963,1220.0,18066.0,SF,True,False,0,ShADadTfF,17,1911,28,19190,ssl,0
10811.353413,CvdicY3wgQrYu6Zko4,10.0.2.15,53722,199.15.215.117,443,TLSv12,TLS_ECDHE_RSA_WITH_AES_256_CBC_SHA,,111-ugh-638.mktoresp.com,True,True,CsiI,,,,0ffee3ba8e615ad22535e7f771690a28,8475c8479d349f36563360abf90c11f1,,,10810.942669,10.0.2.15,53722,199.15.215.117,443,tcp,6.187158999999156,1070.0,840.0,SF,True,False,0,ShADadfF,9,1438,9,1204,ssl,0
10811.354348,CDVZtEqHFAY5Vbwf5,10.0.2.15,53721,178.249.101.99,443,TLSv12,TLS_ECDHE_RSA_WITH_AES_128_GCM_SHA256,secp256r1,accdn.lpsnmedia.net,False,True,CsxknGIti,"['d45f1b87c33a2546e31d21fcb368b9be38bd70956ca9e8039edd9ceaee4af0e0', '111006378afbe8e99bb02ba87390ca429fca2773f74d7f7eb5744f5ddf68014b', '4f32d5dc00f715250abcc486511e37f501a899deb3bf7ea8adbbd3aef1c412da']",[],1.0,1a5fe5677b0e4fbbc854e8908225637d,389ed42c02ebecc32e73aa31def07e14,,,10810.941726,10.0.2.15,53721,178.249.101.99,443,tcp,14.8047260000003,1087.0,6335.0,SF,True,False,0,ShADadfF,11,1535,15,6939,ssl,0
10818.75526,CiAq5a4SlRBC6QNvn3,10.0.2.15,53723,52.216.64.155,443,TLSv12,TLS_ECDHE_RSA_WITH_AES_128_GCM_SHA256,secp256r1,s3.amazonaws.com,False,True,CsxknGIi,"['6be2c04e442c0aa126e2e374c248fc093077df1a3810867decdfea113add4357', 'f9690880819f06cdcc0b2f224b207f2af6003fb57339b8679a160fa95208d62d']",[],1.0,0ffee3ba8e615ad22535e7f771690a28,ea615e28cb25adfb2f261151eab3314f,,,10818.528294,10.0.2.15,53723,52.216.64.155,443,tcp,5.821045000000595,350.0,3177.0,SF,True,False,0,ShADadFRfr,11,798,13,3701,ssl,0
10819.639576,CR6Y05w8FYv5WWKr4,10.0.2.15,53724,66.117.29.37,443,TLSv12,TLS_ECDHE_RSA_WITH_AES_256_GCM_SHA384,,starbucks.sc.omtrdc.net,True,True,CsiI,,,,0ffee3ba8e615ad22535e7f771690a28,959bfcf87532cbff1253e80a4ee81308,,,10819.224017,10.0.2.15,53724,66.117.29.37,443,tcp,16.982371000000057,1830.0,3869.0,SF,True,False,0,ShADadTFf,12,2319,14,4433,ssl,0
10819.691359,Cf9zALUmES0no9xza,10.0.2.15,53725,66.117.29.37,443,TLSv12,TLS_ECDHE_RSA_WITH_AES_256_GCM_SHA384,,starbucks.sc.omtrdc.net,True,True,CsiI,,,,0ffee3ba8e615ad22535e7f771690a28,959bfcf87532cbff1253e80a4ee81308,,,10819.642237,10.0.2.15,53725,66.117.29.37,443,tcp,5.467036000000007,314.0,155.0,SF,True,False,0,ShADadFf,8,642,8,479,ssl,0
10820.05411,CqQR8A4d9IfauVDXPc,10.0.2.15,53726,74.112.69.43,443,TLSv12,TLS_DHE_RSA_WITH_AES_256_CBC_SHA,,www.pages02.net,False,True,CsxknGIi,"['760f80c8a5a6669f3872d435477f95d03bfb756398cce54db656879680ccb105', '19400be5b7a31fb733917700789d2f0a2471c0c9d506c0e504c06c16d7cb17c0']",[],1.0,0ffee3ba8e615ad22535e7f771690a28,d90fa179c9daf35598ed8341272118f7,,,10819.644703,10.0.2.15,53726,74.112.69.43,443,tcp,2.091898000000583,1376.0,4504.0,SF,True,False,0,ShADadfF,10,1784,13,5028,ssl,0
10820.066434,CQobD83Clajy2ns2A6,10.0.2.15,53727,74.112.69.43,443,TLSv12,TLS_DHE_RSA_WITH_AES_256_CBC_SHA,,www.pages02.net,False,True,CsxknGIi,"['760f80c8a5a6669f3872d435477f95d03bfb756398cce54db656879680ccb105', '19400be5b7a31fb733917700789d2f0a2471c0c9d506c0e504c06c16d7cb17c0']",[],1.0,0ffee3ba8e615ad22535e7f771690a28,d90fa179c9daf35598ed8341272118f7,,,10819.647403,10.0.2.15,53727,74.112.69.43,443,tcp,6.567050999999992,459.0,4163.0,SF,True,False,0,ShADadFf,10,867,11,4607,ssl,0
10821.876578,CMLHMj4SK2nltPVNS,10.0.2.15,53728,151.101.112.207,443,TLSv12,TLS_ECDHE_RSA_WITH_AES_128_GCM_SHA256,secp256r1,js-agent.newrelic.com,False,True,CsxuknGIti,"['ca070501b7e46f43787e9ec2f2d3e72c170cd1881f8200e63bdae1b6ded39ed9', '74ef335e5e18788307fb9d89cb704bec112abd23487dbff41c4ded5070f241d9']",[],1.0,0ffee3ba8e615ad22535e7f771690a28,860fcf58fd757e26aa8911e5eaff6b53,http/1.1,,10821.85165,10.0.2.15,53728,151.101.112.207,443,tcp,5.255390999998781,387.0,6617.0,RSTO,True,False,0,ShADadFR,10,795,12,7101,ssl,0
10822.393988,CB7avQ3m3BNGtFPO78,10.0.2.15,53730,52.30.191.133,443,TLSv12,TLS_ECDHE_RSA_WITH_AES_128_GCM_SHA256,secp256r1,starbucks.demdex.net,False,True,CsxknGIi,"['ab8f7b89fa3e472463832f1b07660350a24ba646789dce6dd09107fab1d86a12', '19400be5b7a31fb733917700789d2f0a2471c0c9d506c0e504c06c16d7cb17c0']",[],1.0,0ffee3ba8e615ad22535e7f771690a28,303951d4c50efb2e991652225a6f02b1,,,10822.181353,10.0.2.15,53730,52.30.191.133,443,tcp,62.16183199999978,2283.0,6637.0,SF,True,False,0,ShADadTFf,18,3017,22,7521,ssl,0
10822.399794,C7fn0S1UVLO9yy7XBe,10.0.2.15,53729,52.30.191.133,443,TLSv12,TLS_ECDHE_RSA_WITH_AES_128_GCM_SHA256,secp256r1,starbucks.demdex.net,False,True,CsxknGIi,"['ab8f7b89fa3e472463832f1b07660350a24ba646789dce6dd09107fab1d86a12', '19400be5b7a31fb733917700789d2f0a2471c0c9d506c0e504c06c16d7cb17c0']",[],1.0,0ffee3ba8e615ad22535e7f771690a28,303951d4c50efb2e991652225a6f02b1,,,10822.173216,10.0.2.15,53729,52.30.191.133,443,tcp,5.964895000000979,354.0,3143.0,RSTO,True,False,0,ShADadFR,9,722,10,3547,ssl,0
10822.595267,CpNGZu29usVfwUwgU3,10.0.2.15,53731,162.247.242.19,443,TLSv12,TLS_DHE_RSA_WITH_AES_256_CBC_SHA,,bam.nr-data.net,False,True,CsxknGIi,"['e7489ed1f465ba2b3ce0faef3a43a3895cd097733dbb5b713df8b299270ca145', '074541ecdf88ed992ed5ade3ecddef27a26ba1b44480a195c0a8dadae2521d8e']",[],1.0,0ffee3ba8e615ad22535e7f771690a28,d90fa179c9daf35598ed8341272118f7,,,10822.401505,10.0.2.15,53731,162.247.242.19,443,tcp,135.74993300000096,4767.0,4136.0,SF,True,False,0,ShADadTTfF,28,5906,29,5300,ssl,0
10822.84032,Cw3grZ2SBGfJp7Tbm8,10.0.2.15,53732,162.247.242.19,443,TLSv12,TLS_DHE_RSA_WITH_AES_256_CBC_SHA,,bam.nr-data.net,False,True,CsxknGIi,"['e7489ed1f465ba2b3ce0faef3a43a3895cd097733dbb5b713df8b299270ca145', '074541ecdf88ed992ed5ade3ecddef27a26ba1b44480a195c0a8dadae2521d8e']",[],1.0,0ffee3ba8e615ad22535e7f771690a28,d90fa179c9daf35598ed8341272118f7,,,10822.592342,10.0.2.15,53732,162.247.242.19,443,tcp,5.63669900000059,491.0,3476.0,SF,True,False,0,ShADadFf,9,859,10,3880,ssl,0
10825.555132,CofqIqH2lw6uDak61,10.0.2.15,53736,199.15.215.117,443,TLSv12,TLS_ECDHE_RSA_WITH_AES_256_CBC_SHA,,111-ugh-638.mktoresp.com,True,True,CsiI,,,,0ffee3ba8e615ad22535e7f771690a28,8475c8479d349f36563360abf90c11f1,,,10825.375013,10.0.2.15,53736,199.15.215.117,443,tcp,5.732735999999932,1070.0,840.0,SF,True,False,0,ShADadfF,9,1438,9,1204,ssl,0
10827.205907,Cg6AbG1Ou7qjtTQZJ,10.0.2.15,53737,95.101.250.73,443,TLSv12,TLS_ECDHE_RSA_WITH_AES_256_GCM_SHA384,secp256r1,insurance.bbt.com,False,True,CsxknGIti,"['8993a605f96ae22438647f2badd598665ea9374486a0e3bfbc10f6855d07245e', '9e6bc5f9ecc52460e8edc02c644d1be1cb9f2316f41daf3b616a0b2058294b31', '9acfab7e43c8d880d06b262a94deeee4b4659989c3d0caf19baf6405e41ab7df']",[],1.0,0ffee3ba8e615ad22535e7f771690a28,2b33c1374db4ddf06942f92373c0b54b,http/1.1,,10827.18332,10.0.2.15,53737,95.101.250.73,443,tcp,137.59043399999973,9903.0,86618.0,SF,True,False,0,ShADadTTFfRr,59,12283,110,91022,ssl,0
10828.288032,C5LqoX2KNszrZE0aKh,10.0.2.15,53738,95.101.250.73,443,TLSv12,TLS_ECDHE_RSA_WITH_AES_256_GCM_SHA384,,insurance.bbt.com,True,True,CsiI,,,,1a5fe5677b0e4fbbc854e8908225637d,410b9bedaf65dd26c6fe547154d60db4,http/1.1,,10828.270286,10.0.2.15,53738,95.101.250.73,443,tcp,136.46396399999867,6453.0,36442.0,SF,True,False,0,ShADadTTFfRr,38,7993,60,38846,ssl,0
10828.538454,CginOi49KnJJwlkUZ4,10.0.2.15,53739,95.101.250.73,443,TLSv12,TLS_ECDHE_RSA_WITH_AES_256_GCM_SHA384,,insurance.bbt.com,True,True,CsiI,,,,1a5fe5677b0e4fbbc854e8908225637d,410b9bedaf65dd26c6fe547154d60db4,http/1.1,,10828.502361,10.0.2.15,53739,95.101.250.73,443,tcp,136.17873399999917,11908.0,134720.0,SF,True,False,0,ShADadTTFf,58,14248,148,140644,ssl,0
10828.557421,CUi8un2gOeQRbY171j,10.0.2.15,53742,95.101.250.73,443,TLSv12,TLS_ECDHE_RSA_WITH_AES_256_GCM_SHA384,,insurance.bbt.com,True,True,CsiI,,,,1a5fe5677b0e4fbbc854e8908225637d,410b9bedaf65dd26c6fe547154d60db4,http/1.1,,10828.50423,10.0.2.15,53742,95.101.250.73,443,tcp,124.24574500000016,4471.0,28288.0,SF,True,False,0,ShADadTTFf,32,5771,48,30212,ssl,0
10828.553007,ChJ0e61Xz4pFlaWSVk,10.0.2.15,53741,95.101.250.73,443,TLSv12,TLS_ECDHE_RSA_WITH_AES_256_GCM_SHA384,,insurance.bbt.com,True,True,CsiI,,,,1a5fe5677b0e4fbbc854e8908225637d,410b9bedaf65dd26c6fe547154d60db4,http/1.1,,10828.503628,10.0.2.15,53741,95.101.250.73,443,tcp,136.26244299999962,6458.0,118793.0,SF,True,False,0,ShADadTTFfRr,58,8798,130,123997,ssl,0
10828.553642,Cw43DL3TllCBb6gTp2,10.0.2.15,53740,95.101.250.73,443,TLSv12,TLS_ECDHE_RSA_WITH_AES_256_GCM_SHA384,,insurance.bbt.com,True,True,CsiI,,,,1a5fe5677b0e4fbbc854e8908225637d,410b9bedaf65dd26c6fe547154d60db4,http/1.1,,10828.503,10.0.2.15,53740,95.101.250.73,443,tcp,136.22799200000009,6478.0,52175.0,SF,True,False,0,ShADadTTFfRr,42,8178,73,55099,ssl,0
10836.787752,CrpstD2q80zCUz5vP8,10.0.2.15,53743,172.82.224.88,443,TLSv12,TLS_ECDHE_RSA_WITH_AES_256_GCM_SHA384,,sstats.bbt.com,True,True,CsiI,,,,0ffee3ba8e615ad22535e7f771690a28,959bfcf87532cbff1253e80a4ee81308,,,10836.738797,10.0.2.15,53743,172.82.224.88,443,tcp,16.126000000000204,3246.0,806.0,SF,True,False,0,ShADadTFf,12,3735,12,1290,ssl,0
10837.522543,CtSArF1GONq7uPlmk2,10.0.2.15,53744,199.15.215.117,443,TLSv12,TLS_ECDHE_RSA_WITH_AES_256_CBC_SHA,,111-ugh-638.mktoresp.com,True,True,CsiI,,,,0ffee3ba8e615ad22535e7f771690a28,8475c8479d349f36563360abf90c11f1,,,10837.315247,10.0.2.15,53744,199.15.215.117,443,tcp,5.799807999999757,1070.0,840.0,SF,True,False,0,ShADadfF,9,1438,9,1204,ssl,0
10840.925268,Coh5X13UWPtVGOS8O3,10.0.2.15,53745,52.216.225.203,443,TLSv12,TLS_ECDHE_RSA_WITH_AES_128_GCM_SHA256,secp256r1,s3.amazonaws.com,False,True,CsxknGIi,"['6be2c04e442c0aa126e2e374c248fc093077df1a3810867decdfea113add4357', 'f9690880819f06cdcc0b2f224b207f2af6003fb57339b8679a160fa95208d62d']",[],1.0,0ffee3ba8e615ad22535e7f771690a28,ea615e28cb25adfb2f261151eab3314f,,,10840.802494,10.0.2.15,53745,52.216.225.203,443,tcp,7.162459000001036,350.0,3177.0,SF,True,False,0,ShADadFfRr,10,758,13,3701,ssl,0
10842.006378,CmhCu43xOnKXCNSfD5,10.0.2.15,53746,151.101.112.207,443,TLSv12,TLS_ECDHE_RSA_WITH_AES_128_GCM_SHA256,,js-agent.newrelic.com,True,True,CsiI,,,,1a5fe5677b0e4fbbc854e8908225637d,1d0e57c6ae42e9204defa51e5e1cdc4c,http/1.1,,10841.981812,10.0.2.15,53746,151.101.112.207,443,tcp,5.877666000000318,599.0,191.0,RSTO,True,False,0,ShADadFR,8,927,7,475,ssl,0
10843.228132,CsedqV3TOMO4iC6y1f,10.0.2.15,53747,66.117.29.37,443,TLSv12,TLS_ECDHE_RSA_WITH_AES_256_GCM_SHA384,,starbucks.sc.omtrdc.net,True,True,CsiI,,,,0ffee3ba8e615ad22535e7f771690a28,959bfcf87532cbff1253e80a4ee81308,,,10843.194067,10.0.2.15,53747,66.117.29.37,443,tcp,16.321270000000368,1885.0,3869.0,SF,True,False,0,ShADadTFf,12,2374,14,4433,ssl,0
10846.621453,CSSFj4139gdZsfR3Rl,10.0.2.15,53748,199.15.215.117,443,TLSv12,TLS_ECDHE_RSA_WITH_AES_256_CBC_SHA,,111-ugh-638.mktoresp.com,True,True,CsiI,,,,0ffee3ba8e615ad22535e7f771690a28,8475c8479d349f36563360abf90c11f1,,,10846.452717,10.0.2.15,53748,199.15.215.117,443,tcp,5.784012000000075,1070.0,840.0,SF,True,False,0,ShADadfF,9,1438,9,1204,ssl,0
10849.436202,CabMSZ2lnUmTaoN5t6,10.0.2.15,53749,74.112.69.162,443,TLSv12,TLS_DHE_RSA_WITH_AES_256_CBC_SHA,,www.sc.pages02.net,True,True,CsiI,,,,0ffee3ba8e615ad22535e7f771690a28,38759e3bb980b0ca6bf7f22837b8582f,,,10848.79652,10.0.2.15,53749,74.112.69.162,443,tcp,6.395781999999599,355.0,161.0,SF,True,False,0,ShADadFf,7,643,7,445,ssl,0
10853.101693,CQRGck1XnO0cEHGey8,10.0.2.15,53750,172.82.224.88,443,TLSv12,TLS_ECDHE_RSA_WITH_AES_256_GCM_SHA384,,sstats.bbt.com,True,True,CsiI,,,,0ffee3ba8e615ad22535e7f771690a28,959bfcf87532cbff1253e80a4ee81308,,,10853.05435,10.0.2.15,53750,172.82.224.88,443,tcp,16.537296000000424,3189.0,807.0,SF,True,False,0,ShADadTFf,11,3638,11,1251,ssl,0
10853.389468,C9NmhJA3dRKAydGs4,10.0.2.15,53751,178.249.101.23,443,TLSv12,TLS_ECDHE_RSA_WITH_AES_128_GCM_SHA256,secp256r1,lptag.liveperson.net,False,True,CsxknGIti,"['5bc5659a1ad5999e74044d4625c1c6fb16384846a3b63cb208dc48a0104344f7', '111006378afbe8e99bb02ba87390ca429fca2773f74d7f7eb5744f5ddf68014b', '4f32d5dc00f715250abcc486511e37f501a899deb3bf7ea8adbbd3aef1c412da']",[],1.0,1a5fe5677b0e4fbbc854e8908225637d,389ed42c02ebecc32e73aa31def07e14,,,10853.324268,10.0.2.15,53751,178.249.101.23,443,tcp,6.204028000000108,674.0,5184.0,SF,True,False,0,ShADadFf,10,1082,12,5668,ssl,0
10854.341625,CaFbn74hw05AYWMfgb,10.0.2.15,53752,199.15.215.117,443,TLSv12,TLS_ECDHE_RSA_WITH_AES_256_CBC_SHA,,111-ugh-638.mktoresp.com,True,True,CsiI,,,,0ffee3ba8e615ad22535e7f771690a28,8475c8479d349f36563360abf90c11f1,,,10853.926737,10.0.2.15,53752,199.15.215.117,443,tcp,6.033719000000929,1054.0,840.0,SF,True,False,0,ShADadfF,9,1422,9,1204,ssl,0
10854.344165,CsCIdX37b3xoSCeN3f,10.0.2.15,53753,199.15.215.117,443,TLSv12,TLS_ECDHE_RSA_WITH_AES_256_CBC_SHA,,111-ugh-638.mktoresp.com,True,True,CsiI,,,,0ffee3ba8e615ad22535e7f771690a28,8475c8479d349f36563360abf90c11f1,,,10853.936862,10.0.2.15,53753,199.15.215.117,443,tcp,6.613080999999511,361.0,179.0,SF,True,False,0,ShADadFf,7,649,7,463,ssl,0
10858.378206,CqeAba1dY49NS9kGNh,10.0.2.15,53759,151.101.112.210,443,TLSv12,TLS_ECDHE_RSA_WITH_AES_128_GCM_SHA256,secp256r1,community.starbucks.com,False,True,CsxuknGIti,"['45ebcef50ce20bb74f8d12c04f246c4af529e84f0b09a59d0e2e82640aeed3a3', 'ff1e0d233196b7ec20bedfc65988e0ae1985ec6ac332a79adffe71b86bc0208a']",[],1.0,0ffee3ba8e615ad22535e7f771690a28,860fcf58fd757e26aa8911e5eaff6b53,http/1.1,,10858.135767,10.0.2.15,53759,151.101.112.210,443,tcp,316.90079999999944,21237.0,128257.0,SF,True,False,0,ShADadTTFfRr,107,25552,178,135381,ssl,0
10858.379429,Cuobz43xMcG2xC59q4,10.0.2.15,53760,151.101.112.210,443,TLSv12,TLS_ECDHE_RSA_WITH_AES_128_GCM_SHA256,secp256r1,community.starbucks.com,False,True,CsxuknGIti,"['45ebcef50ce20bb74f8d12c04f246c4af529e84f0b09a59d0e2e82640aeed3a3', 'ff1e0d233196b7ec20bedfc65988e0ae1985ec6ac332a79adffe71b86bc0208a']",[],1.0,0ffee3ba8e615ad22535e7f771690a28,860fcf58fd757e26aa8911e5eaff6b53,http/1.1,,10858.141238,10.0.2.15,53760,151.101.112.210,443,tcp,109.94463499999983,9998.0,336956.0,SF,True,False,0,ShADadWTFfRr,96,13855,306,349200,ssl,0
10858.380034,C65bhC1ZtuoNNd2J2i,10.0.2.15,53758,178.249.101.99,443,TLSv12,TLS_ECDHE_RSA_WITH_AES_128_GCM_SHA256,secp256r1,accdn.lpsnmedia.net,False,True,CsxknGIti,"['d45f1b87c33a2546e31d21fcb368b9be38bd70956ca9e8039edd9ceaee4af0e0', '111006378afbe8e99bb02ba87390ca429fca2773f74d7f7eb5744f5ddf68014b', '4f32d5dc00f715250abcc486511e37f501a899deb3bf7ea8adbbd3aef1c412da']",[],1.0,1a5fe5677b0e4fbbc854e8908225637d,389ed42c02ebecc32e73aa31def07e14,,,10858.132576,10.0.2.15,53758,178.249.101.99,443,tcp,11.20383000000038,1064.0,6340.0,SF,True,False,0,ShADadfF,11,1512,14,6904,ssl,0
10858.380942,CGdGlF2JICbjUK0wA6,10.0.2.15,53757,178.249.101.99,443,TLSv12,TLS_ECDHE_RSA_WITH_AES_128_GCM_SHA256,secp256r1,accdn.lpsnmedia.net,False,True,CsxknGIti,"['d45f1b87c33a2546e31d21fcb368b9be38bd70956ca9e8039edd9ceaee4af0e0', '111006378afbe8e99bb02ba87390ca429fca2773f74d7f7eb5744f5ddf68014b', '4f32d5dc00f715250abcc486511e37f501a899deb3bf7ea8adbbd3aef1c412da']",[],1.0,1a5fe5677b0e4fbbc854e8908225637d,389ed42c02ebecc32e73aa31def07e14,,,10858.131775,10.0.2.15,53757,178.249.101.99,443,tcp,6.199699000000692,674.0,5180.0,SF,True,False,0,ShADadFf,11,1122,12,5664,ssl,0
10858.381457,CHtXAk3KQJbNXh99gf,10.0.2.15,53756,178.249.101.98,443,TLSv12,TLS_ECDHE_RSA_WITH_AES_128_GCM_SHA256,secp256r1,lpcdn.lpsnmedia.net,False,True,CsxknGIti,"['d45f1b87c33a2546e31d21fcb368b9be38bd70956ca9e8039edd9ceaee4af0e0', '111006378afbe8e99bb02ba87390ca429fca2773f74d7f7eb5744f5ddf68014b', '4f32d5dc00f715250abcc486511e37f501a899deb3bf7ea8adbbd3aef1c412da']",[],1.0,1a5fe5677b0e4fbbc854e8908225637d,389ed42c02ebecc32e73aa31def07e14,,,10858.131152,10.0.2.15,53756,178.249.101.98,443,tcp,6.191665000000285,674.0,5164.0,SF,True,False,0,ShADadFf,11,1122,12,5648,ssl,0
10860.736293,CEBTQE41p1ltxXVc05,10.0.2.15,53761,74.112.69.43,443,TLSv12,TLS_DHE_RSA_WITH_AES_256_CBC_SHA,,www.pages02.net,True,True,CsiI,,,,0ffee3ba8e615ad22535e7f771690a28,d90fa179c9daf35598ed8341272118f7,,,10860.371541,10.0.2.15,53761,74.112.69.43,443,tcp,0.907226999999693,1221.0,506.0,SF,True,False,0,ShADadfF,8,1549,9,870,ssl,0
10860.73928,C41RdT1ZJ9diySFKO6,10.0.2.15,53762,74.112.69.43,443,TLSv12,TLS_DHE_RSA_WITH_AES_256_CBC_SHA,,www.pages02.net,True,True,CsiI,,,,0ffee3ba8e615ad22535e7f771690a28,d90fa179c9daf35598ed8341272118f7,,,10860.373494,10.0.2.15,53762,74.112.69.43,443,tcp,7.957130000000689,352.0,165.0,SF,True,False,0,ShADadFf,7,640,7,449,ssl,0
10862.675075,CZXeSq4IP6St5zV4Gj,10.0.2.15,53763,151.101.112.210,443,TLSv12,TLS_ECDHE_RSA_WITH_AES_128_GCM_SHA256,secp256r1,cdn-sbx.dev.bsd.net,False,True,CsxuknGIti,"['45ebcef50ce20bb74f8d12c04f246c4af529e84f0b09a59d0e2e82640aeed3a3', 'ff1e0d233196b7ec20bedfc65988e0ae1985ec6ac332a79adffe71b86bc0208a']",[],1.0,0ffee3ba8e615ad22535e7f771690a28,860fcf58fd757e26aa8911e5eaff6b53,http/1.1,,10862.656701,10.0.2.15,53763,151.101.112.210,443,tcp,133.60900000000038,1869.0,141933.0,SF,True,False,0,ShADadTTFfRr,57,4169,142,147617,ssl,0
10862.951603,CQvGwlZ8wnwrcFef3,10.0.2.15,53764,151.101.112.210,443,TLSv12,TLS_ECDHE_RSA_WITH_AES_128_GCM_SHA256,,community.starbucks.com,True,True,CsiI,,,,1a5fe5677b0e4fbbc854e8908225637d,1d0e57c6ae42e9204defa51e5e1cdc4c,http/1.1,,10862.658376,10.0.2.15,53764,151.101.112.210,443,tcp,133.61509300000034,8298.0,50065.0,SF,True,False,0,ShADadTTFfRr,48,10238,75,53069,ssl,0
10862.953376,CHDan5aPyosZxEmHf,10.0.2.15,53767,151.101.112.210,443,TLSv12,TLS_ECDHE_RSA_WITH_AES_128_GCM_SHA256,,community.starbucks.com,True,True,CsiI,,,,1a5fe5677b0e4fbbc854e8908225637d,1d0e57c6ae42e9204defa51e5e1cdc4c,http/1.1,,10862.663458,10.0.2.15,53767,151.101.112.210,443,tcp,133.6172029999998,6316.0,28582.0,SF,True,False,0,ShADadTTFfRr,39,7896,53,30706,ssl,0
10862.954954,CYqfl52rnGLhM2V81f,10.0.2.15,53766,151.101.112.210,443,TLSv12,TLS_ECDHE_RSA_WITH_AES_128_GCM_SHA256,,community.starbucks.com,True,True,CsiI,,,,1a5fe5677b0e4fbbc854e8908225637d,1d0e57c6ae42e9204defa51e5e1cdc4c,http/1.1,,10862.662445,10.0.2.15,53766,151.101.112.210,443,tcp,312.3740710000002,20291.0,148803.0,SF,True,False,0,ShADadTTFfRr,95,24125,183,156127,ssl,0
10862.956909,C5vhTd3zfUjErsdrz,10.0.2.15,53765,151.101.112.210,443,TLSv12,TLS_ECDHE_RSA_WITH_AES_128_GCM_SHA256,,community.starbucks.com,True,True,CsiI,,,,1a5fe5677b0e4fbbc854e8908225637d,1d0e57c6ae42e9204defa51e5e1cdc4c,http/1.1,,10862.660347,10.0.2.15,53765,151.101.112.210,443,tcp,124.99728200000028,4342.0,16561.0,SF,True,False,0,ShADadTTFfRr,29,5522,38,18085,ssl,0
10866.660347,CDRqMe4cbIF7WCdAP7,10.0.2.15,53768,157.240.3.24,443,TLSv12,TLS_ECDHE_ECDSA_WITH_AES_128_GCM_SHA256,secp256r1,staticxx.facebook.com,False,True,CsxknGIti,"['152151b387412a95ab90fd4664f2d98880408e9e43913124e4c91226a483386b', '19400be5b7a31fb733917700789d2f0a2471c0c9d506c0e504c06c16d7cb17c0']",[],1.0,0ffee3ba8e615ad22535e7f771690a28,2d1eb5817ece335c24904f516ad5da12,h2,,10865.987756,10.0.2.15,53768,157.240.3.24,443,tcp,197.35526599999864,709.0,4081.0,SF,True,False,0,ShADadfF,17,1397,21,4925,ssl,0
10869.015787,CPNfXk2tD7KKgqMEJi,10.0.2.15,53769,93.184.220.66,443,TLSv12,TLS_ECDHE_RSA_WITH_AES_128_GCM_SHA256,secp256r1,platform.twitter.com,False,True,CsxuknGIti,"['498dfbfa068ce7e3252a308f9578608d3df2d287b5b9284571f7d3ed43ba3ab0', '19400be5b7a31fb733917700789d2f0a2471c0c9d506c0e504c06c16d7cb17c0', '7431e5f4c3c1ce4690774f0b61e05440883ba9a01ed00ba6abd7806ed3b118cf']",[],1.0,0ffee3ba8e615ad22535e7f771690a28,76cc3e2d3028143b23ec18e27dbd7ca9,http/1.1,,10868.217425,10.0.2.15,53769,93.184.220.66,443,tcp,6.435526999999638,386.0,5773.0,RSTO,True,False,0,ShADadFR,10,794,11,6217,ssl,0
10870.580378,CqzQhu4X8m2T06Kpi3,10.0.2.15,53774,151.101.112.210,443,TLSv12,TLS_ECDHE_RSA_WITH_AES_128_GCM_SHA256,,cdn-sbx.dev.bsd.net,True,True,CsiI,,,,1a5fe5677b0e4fbbc854e8908225637d,1d0e57c6ae42e9204defa51e5e1cdc4c,http/1.1,,10869.976292,10.0.2.15,53774,151.101.112.210,443,tcp,6.705745000001116,599.0,191.0,SF,True,False,0,ShADadFfRr,9,967,9,555,ssl,0
10870.583473,C9AkP03WjnuwyeNjY4,10.0.2.15,53773,151.101.112.210,443,TLSv12,TLS_ECDHE_RSA_WITH_AES_128_GCM_SHA256,,cdn-sbx.dev.bsd.net,True,True,CsiI,,,,1a5fe5677b0e4fbbc854e8908225637d,1d0e57c6ae42e9204defa51e5e1cdc4c,http/1.1,,10869.974105,10.0.2.15,53773,151.101.112.210,443,tcp,6.703781000000163,599.0,191.0,SF,True,False,0,ShADadFfRr,9,967,9,555,ssl,0
10870.591887,Cqyv3H3KeQ2CGXIvs6,10.0.2.15,53772,93.184.220.66,443,TLSv12,TLS_ECDHE_RSA_WITH_AES_128_GCM_SHA256,,platform.twitter.com,True,True,CsiI,,,,1a5fe5677b0e4fbbc854e8908225637d,d199ba0af2b08e204c73d6d81a1fd260,http/1.1,,10869.971355,10.0.2.15,53772,93.184.220.66,443,tcp,6.715040999999474,599.0,187.0,SF,True,False,0,ShADadFfRr,9,967,9,551,ssl,0
10870.594108,C10zyj13Xgi76Q2Vn6,10.0.2.15,53771,151.101.112.210,443,TLSv12,TLS_ECDHE_RSA_WITH_AES_128_GCM_SHA256,,cdn-sbx.dev.bsd.net,True,True,CsiI,,,,1a5fe5677b0e4fbbc854e8908225637d,1d0e57c6ae42e9204defa51e5e1cdc4c,http/1.1,,10869.970268,10.0.2.15,53771,151.101.112.210,443,tcp,6.716176000001724,599.0,191.0,SF,True,False,0,ShADadFfRr,9,967,9,555,ssl,0
10870.59458,CGAOVe1VPqXMmg0kui,10.0.2.15,53770,151.101.112.210,443,TLSv12,TLS_ECDHE_RSA_WITH_AES_128_GCM_SHA256,,cdn-sbx.dev.bsd.net,True,True,CsiI,,,,1a5fe5677b0e4fbbc854e8908225637d,1d0e57c6ae42e9204defa51e5e1cdc4c,http/1.1,,10869.967132,10.0.2.15,53770,151.101.112.210,443,tcp,6.719350999999733,599.0,191.0,SF,True,False,0,ShADadFfRr,9,967,9,555,ssl,0
10879.619656,CmauBT3aMrGKeQhMub,10.0.2.15,53785,95.100.186.48,443,TLSv12,TLS_ECDHE_RSA_WITH_AES_256_GCM_SHA384,secp256r1,subscribe.hearstmags.com,False,True,CsxknGIti,"['679ab3b5d225a80deb97a0e6adf9ff4f020c5b393dfa43456a25e828e2dcf7c4', 'eae72eb454bf6c3977ebd289e970b2f5282949190093d0d26f98d0f0d6a9cf17']",[],1.0,0ffee3ba8e615ad22535e7f771690a28,2b33c1374db4ddf06942f92373c0b54b,http/1.1,,10879.085601,10.0.2.15,53785,95.100.186.48,443,tcp,127.90644900000008,735.0,95755.0,SF,True,False,0,ShADadTTFRfr,42,2435,103,99879,ssl,0
10881.065221,CpWVmr41PsKUPcUvp8,10.0.2.15,53790,104.244.46.167,443,TLSv12,TLS_ECDHE_RSA_WITH_AES_128_GCM_SHA256,secp256r1,pbs.twimg.com,False,True,CsxuknGIti,"['50151d00a5e95211d26e50279b716712b0f4ae2e122f5cb802ccc24f1616a48e', '19400be5b7a31fb733917700789d2f0a2471c0c9d506c0e504c06c16d7cb17c0']",[],1.0,0ffee3ba8e615ad22535e7f771690a28,76cc3e2d3028143b23ec18e27dbd7ca9,h2,,10880.665248,10.0.2.15,53790,104.244.46.167,443,tcp,195.6983390000005,953.0,6831.0,SF,True,False,0,ShADadFfRr,22,1841,26,7875,ssl,0
10896.875842,C8IDkf4EqgdNXq6nZc,10.0.2.15,53805,104.16.88.26,443,TLSv12,TLS_ECDHE_RSA_WITH_AES_128_GCM_SHA256,secp256r1,sc.tynt.com,False,True,CsxuknGIti,"['deb78a8322380fa2e86f5ceeebeefdfd36014e3c95bb89e773411b7d35ccf60f', '02ab57e4e67a0cb48dd2ff34830e8ac40f4476fb08ca6be3f5cd846f646840f0', '4f32d5dc00f715250abcc486511e37f501a899deb3bf7ea8adbbd3aef1c412da']",[],1.0,0ffee3ba8e615ad22535e7f771690a28,76cc3e2d3028143b23ec18e27dbd7ca9,h2,,10895.560823,10.0.2.15,53805,104.16.88.26,443,tcp,196.1209429999999,1001.0,6280.0,SF,True,False,0,ShADadFf,22,1889,24,7244,ssl,0
10896.886026,CaF65b1mR2Ux9vbYW3,10.0.2.15,53803,74.125.206.154,443,TLSv12,TLS_ECDHE_RSA_WITH_AES_128_GCM_SHA256,x25519,bid.g.doubleclick.net,False,True,CsxknGIti,"['8d80516b26a9002a020bc551f01c44620d0d726476e4babc515dc5c82f0555b5', '9f630426df1d8abfd80ace98871ba833ab9742cb34838de2b5285ed54c0c7dcc', '3c35cc963eb004451323d3275d05b353235053490d9cd83729a2faf5e7ca1cc0']",[],1.0,0ffee3ba8e615ad22535e7f771690a28,ab41313cfec25328b20865eb1388e0a2,h2,,10895.559018,10.0.2.15,53803,74.125.206.154,443,tcp,9.6188889999994,534.0,4085.0,SF,True,False,0,ShADadFf,12,1022,12,4569,ssl,0
10900.562704,CLgQsj1WzpqYVcCd46,10.0.2.15,53812,95.100.188.137,443,TLSv12,TLS_ECDHE_RSA_WITH_AES_256_GCM_SHA384,,cdns.us1.gigya.com,True,True,CsiI,,,,1a5fe5677b0e4fbbc854e8908225637d,410b9bedaf65dd26c6fe547154d60db4,http/1.1,,10899.881654,10.0.2.15,53812,95.100.188.137,443,tcp,123.32676299999912,1462.0,32018.0,SF,True,False,0,ShADadTTFf,29,2642,46,33862,ssl,0
10912.637782,CYac2s3r50TEsMHMc4,10.0.2.15,53822,23.74.199.60,443,TLSv12,TLS_ECDHE_RSA_WITH_AES_128_GCM_SHA256,,accounts.us1.gigya.com,True,True,CsiI,,,,1a5fe5677b0e4fbbc854e8908225637d,7bee5c1d424b7e5f943b06983bb11422,http/1.1,,10912.249533,10.0.2.15,53822,23.74.199.60,443,tcp,124.7438230000007,1527.0,1100.0,SF,True,False,0,ShADadTTFfRr,22,2427,23,2024,ssl,0
10912.638688,CCuNih24ToDK3tWMOf,10.0.2.15,53821,23.74.199.60,443,TLSv12,TLS_ECDHE_RSA_WITH_AES_128_GCM_SHA256,,accounts.us1.gigya.com,True,True,CsiI,,,,1a5fe5677b0e4fbbc854e8908225637d,7bee5c1d424b7e5f943b06983bb11422,http/1.1,,10912.246904,10.0.2.15,53821,23.74.199.60,443,tcp,9.06190400000014,599.0,183.0,RSTO,True,False,0,ShADadFR,7,887,7,467,ssl,0
10915.59551,C6WsfAUusJuz0cJ34,10.0.2.15,53829,52.22.185.94,443,TLSv12,TLS_ECDHE_RSA_WITH_AES_128_GCM_SHA256,secp256r1,log.pinterest.com,False,True,CsxknGIi,"['d1ab179db88a34a8c788897bd5b599cba4cfcc5de8a3b9b2349135779e8f2092', '19400be5b7a31fb733917700789d2f0a2471c0c9d506c0e504c06c16d7cb17c0']",[],1.0,0ffee3ba8e615ad22535e7f771690a28,303951d4c50efb2e991652225a6f02b1,,,10914.9648,10.0.2.15,53829,52.22.185.94,443,tcp,6.444138000000748,351.0,3647.0,SF,True,False,0,ShADadFRfr,10,759,12,4131,ssl,0
10915.825429,CBoEMr3cc4uPALpq5h,10.0.2.15,53831,74.120.148.204,443,TLSv12,TLS_ECDHE_RSA_WITH_AES_128_GCM_SHA256,secp256r1,gscounters.us1.gigya.com,False,True,CsxknGIti,"['aa83eed7a9e6a5da067786f5af5bacdae15db5772f3ca5fe2d5f4af877faee20', '02ab57e4e67a0cb48dd2ff34830e8ac40f4476fb08ca6be3f5cd846f646840f0', '4f32d5dc00f715250abcc486511e37f501a899deb3bf7ea8adbbd3aef1c412da']",[],1.0,0ffee3ba8e615ad22535e7f771690a28,389ed42c02ebecc32e73aa31def07e14,,,10915.599405,10.0.2.15,53831,74.120.148.204,443,tcp,10.716640999999072,390.0,5466.0,SF,True,False,0,ShADadFfRr,11,838,14,6030,ssl,0
10918.091929,CDDLksBo0sxpG3Kna,10.0.2.15,53840,192.0.77.32,443,TLSv12,TLS_ECDHE_RSA_WITH_AES_128_GCM_SHA256,secp256r1,s1.wp.com,False,True,CsxuknGIti,"['100d19010050ffe81865a1cae3b70fe455286cf162042ac5bf146d2a7491e24f', '973a41276ffd01e027a2aad49e34c37846d3e976ff6a620b6712e33832041aa6', '3a2fbe92891e57fe05d57087f48e730f17e5a5f53ef403d618e5b74d7a7e6ecb']",[],1.0,0ffee3ba8e615ad22535e7f771690a28,76cc3e2d3028143b23ec18e27dbd7ca9,h2,,10917.84877,10.0.2.15,53840,192.0.77.32,443,tcp,217.6571530000001,4126.0,398651.0,SF,True,False,0,ShADadFf,121,8974,361,413095,ssl,0
10918.092527,C9rc241auwoVLFq978,10.0.2.15,53839,192.0.77.32,443,TLSv12,TLS_ECDHE_RSA_WITH_AES_128_GCM_SHA256,secp256r1,s1.wp.com,False,True,CsxuknGIti,"['100d19010050ffe81865a1cae3b70fe455286cf162042ac5bf146d2a7491e24f', '973a41276ffd01e027a2aad49e34c37846d3e976ff6a620b6712e33832041aa6', '3a2fbe92891e57fe05d57087f48e730f17e5a5f53ef403d618e5b74d7a7e6ecb']",[],1.0,0ffee3ba8e615ad22535e7f771690a28,76cc3e2d3028143b23ec18e27dbd7ca9,h2,,10917.847474,10.0.2.15,53839,192.0.77.32,443,tcp,1.653597000000445,943.0,57790.0,SF,True,False,0,ShADadFf,25,1951,59,60154,ssl,0
10918.093168,CKWjN22cuervt5aGbe,10.0.2.15,53838,192.0.77.32,443,TLSv12,TLS_ECDHE_RSA_WITH_AES_128_GCM_SHA256,secp256r1,s0.wp.com,False,True,CsxuknGIti,"['100d19010050ffe81865a1cae3b70fe455286cf162042ac5bf146d2a7491e24f', '973a41276ffd01e027a2aad49e34c37846d3e976ff6a620b6712e33832041aa6', '3a2fbe92891e57fe05d57087f48e730f17e5a5f53ef403d618e5b74d7a7e6ecb']",[],1.0,0ffee3ba8e615ad22535e7f771690a28,76cc3e2d3028143b23ec18e27dbd7ca9,h2,,10917.846501,10.0.2.15,53838,192.0.77.32,443,tcp,64.01191400000062,601.0,6342.0,SF,True,False,0,ShADadFf,14,1169,16,6986,ssl,0
10918.095121,CVvRDt3HbXOlOrdsna,10.0.2.15,53836,192.0.77.32,443,TLSv12,TLS_ECDHE_RSA_WITH_AES_128_GCM_SHA256,secp256r1,s2.wp.com,False,True,CsxuknGIti,"['100d19010050ffe81865a1cae3b70fe455286cf162042ac5bf146d2a7491e24f', '973a41276ffd01e027a2aad49e34c37846d3e976ff6a620b6712e33832041aa6', '3a2fbe92891e57fe05d57087f48e730f17e5a5f53ef403d618e5b74d7a7e6ecb']",[],1.0,0ffee3ba8e615ad22535e7f771690a28,76cc3e2d3028143b23ec18e27dbd7ca9,h2,,10917.845342,10.0.2.15,53836,192.0.77.32,443,tcp,64.02088199999889,601.0,6342.0,SF,True,False,0,ShADadFf,14,1169,18,7066,ssl,0
10918.096648,CmFM8h1VP8xlUDVFaf,10.0.2.15,53835,192.0.78.18,443,TLSv12,TLS_ECDHE_RSA_WITH_AES_128_GCM_SHA256,secp256r1,r-login.wordpress.com,False,True,CsxuknGIti,"['e52189f9148266e011534d0392d8050d6d9317f089699c10fb59eb62278a8199', '973a41276ffd01e027a2aad49e34c37846d3e976ff6a620b6712e33832041aa6', '3a2fbe92891e57fe05d57087f48e730f17e5a5f53ef403d618e5b74d7a7e6ecb']",[],1.0,0ffee3ba8e615ad22535e7f771690a28,76cc3e2d3028143b23ec18e27dbd7ca9,h2,,10917.840467,10.0.2.15,53835,192.0.78.18,443,tcp,198.26861199999985,1099.0,6578.0,SF,True,False,0,ShADadFf,21,1947,24,7542,ssl,0
10918.685428,COVtdO37L7oQGSUQc4,10.0.2.15,53842,54.225.128.158,443,TLSv12,TLS_ECDHE_RSA_WITH_AES_256_GCM_SHA384,secp256r1,nyp.nypost.com,False,True,CsxknGIti,"['53e51bb525b9d37b9832a2b1cdd8f35764e3da440d8a79daf3ecc246a3ff194b', '25847d668eb4f04fdd40b12b6b0740c567da7d024308eb6c2c96fe41d9de218d']",[],1.0,0ffee3ba8e615ad22535e7f771690a28,758945630046fd37070521b8544d1fe8,,,10917.881482,10.0.2.15,53842,54.225.128.158,443,tcp,72.1309199999996,1396.0,57367.0,SF,True,False,0,ShADadTfF,27,2490,64,59931,ssl,0
10918.680714,Ch9alVDgbdt5Skd5f,10.0.2.15,53841,52.216.0.187,443,TLSv12,TLS_ECDHE_RSA_WITH_AES_128_GCM_SHA256,secp256r1,s3.amazonaws.com,False,True,CsxknGIi,"['6be2c04e442c0aa126e2e374c248fc093077df1a3810867decdfea113add4357', 'f9690880819f06cdcc0b2f224b207f2af6003fb57339b8679a160fa95208d62d']",[],1.0,0ffee3ba8e615ad22535e7f771690a28,ea615e28cb25adfb2f261151eab3314f,,,10917.878048,10.0.2.15,53841,52.216.0.187,443,tcp,9.88173099999949,694.0,5815.0,SF,True,False,0,ShADadFf,12,1182,16,6459,ssl,0
10920.572702,Ca6Aa64ZWljnnHa6Sj,10.0.2.15,53845,192.0.77.32,443,TLSv12,TLS_ECDHE_RSA_WITH_AES_128_GCM_SHA256,,s2.wp.com,True,True,CsiI,,,,1a5fe5677b0e4fbbc854e8908225637d,d199ba0af2b08e204c73d6d81a1fd260,h2,,10919.467684,10.0.2.15,53845,192.0.77.32,443,tcp,1.62802400000146,779.0,257.0,SF,True,False,0,ShADadFf,8,1107,10,661,ssl,0
10915.589021,CBfJLb1XetBimp6fy2,10.0.2.15,53830,52.22.185.94,443,TLSv12,TLS_ECDHE_RSA_WITH_AES_128_GCM_SHA256,secp256r1,log.pinterest.com,False,False,Csxkn,"['d1ab179db88a34a8c788897bd5b599cba4cfcc5de8a3b9b2349135779e8f2092', '19400be5b7a31fb733917700789d2f0a2471c0c9d506c0e504c06c16d7cb17c0']",[],1.0,0ffee3ba8e615ad22535e7f771690a28,303951d4c50efb2e991652225a6f02b1,,,10914.972959,10.0.2.15,53830,52.22.185.94,443,tcp,0.80944399999862,194.0,3565.0,RSTO,True,False,0,ShADadR,5,402,5,3769,ssl,0
10920.570146,CF4rUh2RaCrdNLDdva,10.0.2.15,53846,54.225.128.158,443,TLSv12,TLS_ECDHE_RSA_WITH_AES_256_GCM_SHA384,secp256r1,nyp.nypost.com,False,True,CsxknGIti,"['53e51bb525b9d37b9832a2b1cdd8f35764e3da440d8a79daf3ecc246a3ff194b', '25847d668eb4f04fdd40b12b6b0740c567da7d024308eb6c2c96fe41d9de218d']",[],1.0,0ffee3ba8e615ad22535e7f771690a28,758945630046fd37070521b8544d1fe8,,,10919.46916,10.0.2.15,53846,54.225.128.158,443,tcp,8.994071999999505,348.0,3135.0,SF,True,False,0,ShADadFf,9,716,10,3539,ssl,0
10922.219839,Ccd8AP3HpPNK2g95nl,10.0.2.15,53847,192.0.72.26,443,TLSv12,TLS_ECDHE_RSA_WITH_AES_128_GCM_SHA256,secp256r1,nypdecider.files.wordpress.com,False,True,CsxuknGIti,"['85689b4edf0bbe608de648fdc0881fccddc08931f07b74e7162ff28f70ecdd54', '973a41276ffd01e027a2aad49e34c37846d3e976ff6a620b6712e33832041aa6', '3a2fbe92891e57fe05d57087f48e730f17e5a5f53ef403d618e5b74d7a7e6ecb']",[],1.0,0ffee3ba8e615ad22535e7f771690a28,49b45fc1ab090aa3a159778313fc9b9e,h2,,10921.562421,10.0.2.15,53847,192.0.72.26,443,tcp,201.4186090000003,7100.0,1589562.0,SF,True,False,0,ShADadFf,202,15188,1214,1638126,ssl,0
10922.217685,Cl1xVh3YYz8G42cyJg,10.0.2.15,53849,192.0.77.32,443,TLSv12,TLS_ECDHE_RSA_WITH_AES_128_GCM_SHA256,,s2.wp.com,True,True,CsiI,,,,1a5fe5677b0e4fbbc854e8908225637d,d199ba0af2b08e204c73d6d81a1fd260,h2,,10921.570812,10.0.2.15,53849,192.0.77.32,443,tcp,1.5967899999996,779.0,257.0,SF,True,False,0,ShADadFf,11,1227,10,661,ssl,0
10922.211849,CRuXcO1nlzm5vLbQhf,10.0.2.15,53851,172.217.23.234,443,TLSv12,TLS_ECDHE_RSA_WITH_AES_128_GCM_SHA256,x25519,imasdk.googleapis.com,False,True,CsxknGIti,"['0ca616f3b5a49ded9af60777a33ae7119bfd6de6a815dbee0b64d5d69491aa06', '9f630426df1d8abfd80ace98871ba833ab9742cb34838de2b5285ed54c0c7dcc', '3c35cc963eb004451323d3275d05b353235053490d9cd83729a2faf5e7ca1cc0']",[],1.0,0ffee3ba8e615ad22535e7f771690a28,ab41313cfec25328b20865eb1388e0a2,h2,,10921.580132,10.0.2.15,53851,172.217.23.234,443,tcp,6.577821000000768,534.0,3968.0,SF,True,False,0,ShADadFf,12,1022,12,4452,ssl,0
10928.708223,C8YMxK3UMirCEWnojc,10.0.2.15,53854,95.101.250.34,443,TLSv12,TLS_ECDHE_RSA_WITH_AES_256_GCM_SHA384,secp256r1,use.typekit.net,False,True,CsxknGIti,"['a023403dd8cfbb6a4de86bc4fc5926cf3d96ed52280ca0c8f64937c50ff66c73', 'eae72eb454bf6c3977ebd289e970b2f5282949190093d0d26f98d0f0d6a9cf17']",[],1.0,0ffee3ba8e615ad22535e7f771690a28,2b33c1374db4ddf06942f92373c0b54b,h2,,10927.996391,10.0.2.15,53854,95.101.250.34,443,tcp,211.842095,1131.0,12677.0,SF,True,False,0,ShADadFfRr,25,2139,34,14041,ssl,0
10928.739309,CCANqYZMbILBbIhti,10.0.2.15,53853,95.101.250.34,443,TLSv12,TLS_ECDHE_RSA_WITH_AES_256_GCM_SHA384,secp256r1,use.typekit.net,False,True,CsxknGIti,"['a023403dd8cfbb6a4de86bc4fc5926cf3d96ed52280ca0c8f64937c50ff66c73', 'eae72eb454bf6c3977ebd289e970b2f5282949190093d0d26f98d0f0d6a9cf17']",[],1.0,0ffee3ba8e615ad22535e7f771690a28,2b33c1374db4ddf06942f92373c0b54b,h2,,10927.631839,10.0.2.15,53853,95.101.250.34,443,tcp,3.90826300000117,590.0,4058.0,SF,True,False,0,ShADadFRfr,14,1158,16,4702,ssl,0
10932.077757,CPnebO3kQ38gvMpZ5,10.0.2.15,53859,172.217.23.227,443,TLSv12,TLS_ECDHE_ECDSA_WITH_AES_128_GCM_SHA256,,www.gstatic.com,True,True,CsiI,,,,1a5fe5677b0e4fbbc854e8908225637d,c23237dbea656869600e48dfbd00ab7b,h2,,10932.052567,10.0.2.15,53859,172.217.23.227,443,tcp,195.5547539999989,984.0,430.0,SF,True,False,0,ShADadFf,18,1712,18,1154,ssl,0
10932.536822,Cy0B3Y2UELfR2qUKO5,10.0.2.15,53858,54.194.220.138,443,TLSv12,TLS_ECDHE_RSA_WITH_AES_128_GCM_SHA256,secp256r1,segment-data.zqtk.net,False,True,CsxknGIi,"['2670d1a610565dd6b28604aca586b84dde10bec74452182c23e0962a35fd1d94', '02ab57e4e67a0cb48dd2ff34830e8ac40f4476fb08ca6be3f5cd846f646840f0', '4f32d5dc00f715250abcc486511e37f501a899deb3bf7ea8adbbd3aef1c412da', '687fa451382278fff0c8b11f8d43d576671c6eb2bceab413fb83d965d06d2ff2']",[],1.0,0ffee3ba8e615ad22535e7f771690a28,303951d4c50efb2e991652225a6f02b1,,,10932.051585,10.0.2.15,53858,54.194.220.138,443,tcp,64.65246500000103,664.0,6390.0,SF,True,False,0,ShADadTFf,17,1358,20,7194,ssl,0
10933.426106,CDLVty1ZBzK539hqo8,10.0.2.15,53860,54.194.220.138,443,TLSv12,TLS_ECDHE_RSA_WITH_AES_128_GCM_SHA256,secp256r1,segment-data.zqtk.net,False,True,CsxknGIi,"['2670d1a610565dd6b28604aca586b84dde10bec74452182c23e0962a35fd1d94', '02ab57e4e67a0cb48dd2ff34830e8ac40f4476fb08ca6be3f5cd846f646840f0', '4f32d5dc00f715250abcc486511e37f501a899deb3bf7ea8adbbd3aef1c412da', '687fa451382278fff0c8b11f8d43d576671c6eb2bceab413fb83d965d06d2ff2']",[],1.0,0ffee3ba8e615ad22535e7f771690a28,303951d4c50efb2e991652225a6f02b1,,,10933.109421,10.0.2.15,53860,54.194.220.138,443,tcp,8.833668000001126,355.0,5930.0,SF,True,False,0,ShADadFfRr,11,803,14,6494,ssl,0
10937.808759,Co0sqy2teTkwgPxyV9,10.0.2.15,53886,95.101.250.34,443,TLSv12,TLS_ECDHE_RSA_WITH_AES_256_GCM_SHA384,secp256r1,use.typekit.net,False,True,CsxknGIti,"['a023403dd8cfbb6a4de86bc4fc5926cf3d96ed52280ca0c8f64937c50ff66c73', 'eae72eb454bf6c3977ebd289e970b2f5282949190093d0d26f98d0f0d6a9cf17']",[],1.0,0ffee3ba8e615ad22535e7f771690a28,2b33c1374db4ddf06942f92373c0b54b,h2,,10937.082068,10.0.2.15,53886,95.101.250.34,443,tcp,199.2633180000012,2175.0,151582.0,SF,True,False,0,ShADadFfRr,60,4583,154,157746,ssl,0
10938.036616,CenWGO2ZmR7J04wBhl,10.0.2.15,53887,37.252.167.202,443,TLSv12,TLS_ECDHE_RSA_WITH_AES_256_GCM_SHA384,secp256r1,rb.adnxs.com,False,True,CsxknGIti,"['5b081650e8034418a37504ce0820892be5a66474578207711eb688243fe1a8f2', '074541ecdf88ed992ed5ade3ecddef27a26ba1b44480a195c0a8dadae2521d8e']",[],1.0,0ffee3ba8e615ad22535e7f771690a28,e35df3e00ca4ef31d42b34bebaa2f86e,,,10937.290389,10.0.2.15,53887,37.252.167.202,443,tcp,71.91756200000054,3533.0,4336.0,SF,True,False,0,ShADadTfF,20,4347,22,5220,ssl,0
10938.504143,C6lcoX1WFImhKnozIf,10.0.2.15,53888,172.217.23.226,443,TLSv12,TLS_ECDHE_RSA_WITH_AES_128_GCM_SHA256,,securepubads.g.doubleclick.net,True,True,CsiI,,,,1a5fe5677b0e4fbbc854e8908225637d,67619a80665d7ab92d1041b1d11f9164,h2,,10938.068362,10.0.2.15,53888,172.217.23.226,443,tcp,894.5362789999999,39402.0,204442.0,SF,True,False,0,ShADadFf,202,47490,345,218246,ssl,0
10937.697006,CqAQP94zTCIn3dlwo,10.0.2.15,53883,192.0.78.23,443,TLSv12,TLS_ECDHE_RSA_WITH_AES_128_GCM_SHA256,secp256r1,public-api.wordpress.com,False,True,CsxuknGIti,"['e52189f9148266e011534d0392d8050d6d9317f089699c10fb59eb62278a8199', '973a41276ffd01e027a2aad49e34c37846d3e976ff6a620b6712e33832041aa6', '3a2fbe92891e57fe05d57087f48e730f17e5a5f53ef403d618e5b74d7a7e6ecb']",[],1.0,0ffee3ba8e615ad22535e7f771690a28,76cc3e2d3028143b23ec18e27dbd7ca9,h2,,10937.079586,10.0.2.15,53883,192.0.78.23,443,tcp,199.01640299999963,947.0,6926.0,SF,True,False,0,ShADadFf,23,1875,27,8010,ssl,0
10938.503602,Cny7kX36cCjuZmfZTh,10.0.2.15,53889,37.252.167.202,443,TLSv12,TLS_ECDHE_RSA_WITH_AES_256_GCM_SHA384,secp256r1,rb.adnxs.com,False,True,CsxknGIti,"['5b081650e8034418a37504ce0820892be5a66474578207711eb688243fe1a8f2', '074541ecdf88ed992ed5ade3ecddef27a26ba1b44480a195c0a8dadae2521d8e']",[],1.0,0ffee3ba8e615ad22535e7f771690a28,e35df3e00ca4ef31d42b34bebaa2f86e,,,10938.070294,10.0.2.15,53889,37.252.167.202,443,tcp,78.19245700000101,3955.0,4336.0,SF,True,False,0,ShADadTfF,21,4809,22,5220,ssl,0
10942.194527,Ce7jFz31fZvG0sO06c,10.0.2.15,53890,37.252.167.202,443,TLSv12,TLS_ECDHE_RSA_WITH_AES_256_GCM_SHA384,,rb.adnxs.com,True,True,CsiI,,,,1a5fe5677b0e4fbbc854e8908225637d,364ff14b04ef93c3b4cfa429d729c0d9,,,10940.217295,10.0.2.15,53890,37.252.167.202,443,tcp,76.7580399999988,2501.0,1046.0,SF,True,False,0,ShADadTfF,17,3195,17,1730,ssl,0
10944.584536,CeQQye1XN6Cbe8pdDh,10.0.2.15,53898,37.252.167.202,443,TLSv12,TLS_ECDHE_RSA_WITH_AES_256_GCM_SHA384,,rb.adnxs.com,True,True,CsiI,,,,1a5fe5677b0e4fbbc854e8908225637d,364ff14b04ef93c3b4cfa429d729c0d9,,,10944.014908,10.0.2.15,53898,37.252.167.202,443,tcp,8.732140000000072,599.0,137.0,SF,True,False,0,ShADadFf,8,927,7,421,ssl,0
10944.605254,C8CASADVjiTOFIymd,10.0.2.15,53894,37.252.167.202,443,TLSv12,TLS_ECDHE_RSA_WITH_AES_256_GCM_SHA384,,rb.adnxs.com,True,True,CsiI,,,,1a5fe5677b0e4fbbc854e8908225637d,364ff14b04ef93c3b4cfa429d729c0d9,,,10944.009086,10.0.2.15,53894,37.252.167.202,443,tcp,8.731879999999364,599.0,137.0,SF,True,False,0,ShADadFf,8,927,7,421,ssl,0
10944.604694,CYHINp4mP4hdA0Dlxk,10.0.2.15,53895,54.192.93.172,443,TLSv12,TLS_ECDHE_RSA_WITH_AES_128_GCM_SHA256,secp256r1,superwidget-assets.gowatchit.com,False,True,CsxuknGIti,"['cc3b36b75f53cd865c0824f550e18e709c38d37cb9cb0945a9622b426ef3db61', 'f55f9ffcb83c73453261601c7e044db15a0f034b93c05830f28635ef889cf670', '87dcd4dc74640a322cd205552506d1be64f12596258096544986b4850bc72706', '28689b30e4c306aab53b027b29e36ad6dd1dcf4b953994482ca84bdc1ecac996']",[],1.0,0ffee3ba8e615ad22535e7f771690a28,76cc3e2d3028143b23ec18e27dbd7ca9,http/1.1,,10944.009876,10.0.2.15,53895,54.192.93.172,443,tcp,124.76699299999927,643.0,23743.0,SF,True,False,0,ShADadTTfF,28,1782,39,25307,ssl,0
10945.039186,CedeXM3PCtwlNSFx7g,10.0.2.15,53892,54.192.93.172,443,TLSv12,TLS_ECDHE_RSA_WITH_AES_128_GCM_SHA256,secp256r1,superwidget-assets.gowatchit.com,False,True,CsxuknGIti,"['cc3b36b75f53cd865c0824f550e18e709c38d37cb9cb0945a9622b426ef3db61', 'f55f9ffcb83c73453261601c7e044db15a0f034b93c05830f28635ef889cf670', '87dcd4dc74640a322cd205552506d1be64f12596258096544986b4850bc72706', '28689b30e4c306aab53b027b29e36ad6dd1dcf4b953994482ca84bdc1ecac996']",[],1.0,0ffee3ba8e615ad22535e7f771690a28,76cc3e2d3028143b23ec18e27dbd7ca9,http/1.1,,10944.007865,10.0.2.15,53892,54.192.93.172,443,tcp,7.041011999999682,366.0,5763.0,SF,True,False,0,ShADadFf,10,774,12,6247,ssl,0
10947.42505,Cxa6SIlatrHGjgRw1,10.0.2.15,53899,95.101.252.144,443,TLSv12,TLS_ECDHE_RSA_WITH_AES_256_GCM_SHA384,,z.moatads.com,True,True,CsiI,,,,1a5fe5677b0e4fbbc854e8908225637d,410b9bedaf65dd26c6fe547154d60db4,http/1.1,,10946.201025,10.0.2.15,53899,95.101.252.144,443,tcp,128.646913999999,1236.0,123265.0,SF,True,False,0,ShADadTTFfRr,58,3576,137,128749,ssl,0
10952.278106,CFNFLv1X0XffeI9sv8,10.0.2.15,53905,172.217.23.225,443,TLSv12,TLS_ECDHE_RSA_WITH_AES_128_GCM_SHA256,,tpc.googlesyndication.com,True,True,CsiI,,,,1a5fe5677b0e4fbbc854e8908225637d,67619a80665d7ab92d1041b1d11f9164,h2,,10951.583834,10.0.2.15,53905,172.217.23.225,443,tcp,195.52992800000172,1430.0,112616.0,SF,True,False,0,ShADadWFf,41,3078,113,117140,ssl,0
10952.457636,C8kNSY2UFP1GsLvDAa,10.0.2.15,53906,95.101.252.144,443,TLSv12,TLS_ECDHE_RSA_WITH_AES_256_GCM_SHA384,,z.moatads.com,True,True,CsiI,,,,1a5fe5677b0e4fbbc854e8908225637d,410b9bedaf65dd26c6fe547154d60db4,http/1.1,,10951.584863,10.0.2.15,53906,95.101.252.144,443,tcp,13.085746999999174,599.0,183.0,SF,True,False,0,ShADadTFfRr,9,968,10,587,ssl,0
10952.460477,CsJgmYihqXeDY5GCk,10.0.2.15,53907,216.58.209.162,443,TLSv12,TLS_ECDHE_RSA_WITH_AES_128_GCM_SHA256,,adx.g.doubleclick.net,True,True,CsiI,,,,1a5fe5677b0e4fbbc854e8908225637d,67619a80665d7ab92d1041b1d11f9164,h2,,10951.643624,10.0.2.15,53907,216.58.209.162,443,tcp,7.157804000000397,1998.0,768.0,SF,True,False,0,ShADadFf,16,2646,17,1452,ssl,0
10954.183339,CfZANJ2FyspB046I81,10.0.2.15,53911,172.217.23.238,443,TLSv12,TLS_ECDHE_ECDSA_WITH_AES_128_GCM_SHA256,x25519,encrypted-tbn2.gstatic.com,False,True,CsxknGIti,"['11ddd329046367c19b32ffdb02ed308de129de4d6ffcf95856d7bd6a7accfba9', '9f630426df1d8abfd80ace98871ba833ab9742cb34838de2b5285ed54c0c7dcc', '3c35cc963eb004451323d3275d05b353235053490d9cd83729a2faf5e7ca1cc0']",[],1.0,0ffee3ba8e615ad22535e7f771690a28,84480cf8cf0e732666092640e581e1a5,h2,,10952.489803,10.0.2.15,53911,172.217.23.238,443,tcp,210.5186099999992,1077.0,15399.0,SF,True,False,0,ShADadFf,25,2085,32,16683,ssl,0
10954.193739,CZ29oB32RKGnz9dhXe,10.0.2.15,53909,172.217.23.238,443,TLSv12,TLS_ECDHE_ECDSA_WITH_AES_128_GCM_SHA256,,encrypted-tbn3.gstatic.com,True,True,CsiI,,,,1a5fe5677b0e4fbbc854e8908225637d,c23237dbea656869600e48dfbd00ab7b,h2,,10952.462425,10.0.2.15,53909,172.217.23.238,443,tcp,203.7763699999996,1316.0,9482.0,SF,True,False,0,ShADadFf,22,2204,29,10646,ssl,0
10954.206711,CfOv4j3pgURG9BQW22,10.0.2.15,53908,172.217.23.194,443,TLSv12,TLS_ECDHE_RSA_WITH_AES_128_GCM_SHA256,,cm.g.doubleclick.net,True,True,CsiI,,,,1a5fe5677b0e4fbbc854e8908225637d,67619a80665d7ab92d1041b1d11f9164,h2,,10952.461339,10.0.2.15,53908,172.217.23.194,443,tcp,8.561862000000474,1270.0,550.0,SF,True,False,0,ShADadFf,14,1838,15,1154,ssl,0
10954.192316,Cpekph4w2hGowF5yz5,10.0.2.15,53910,172.217.23.238,443,TLSv12,TLS_ECDHE_ECDSA_WITH_AES_128_GCM_SHA256,x25519,encrypted-tbn2.gstatic.com,False,True,CsxknGIti,"['11ddd329046367c19b32ffdb02ed308de129de4d6ffcf95856d7bd6a7accfba9', '9f630426df1d8abfd80ace98871ba833ab9742cb34838de2b5285ed54c0c7dcc', '3c35cc963eb004451323d3275d05b353235053490d9cd83729a2faf5e7ca1cc0']",[],1.0,0ffee3ba8e615ad22535e7f771690a28,84480cf8cf0e732666092640e581e1a5,h2,,10952.487944,10.0.2.15,53910,172.217.23.238,443,tcp,15.00678700000026,894.0,52732.0,SF,True,False,0,ShADadFf,28,2022,59,55096,ssl,0
10969.441242,CBW3WsqsE45y2Ihtd,10.0.2.15,53925,104.16.208.165,443,TLSv12,TLS_ECDHE_ECDSA_WITH_AES_128_GCM_SHA256,secp256r1,cdn.onesignal.com,False,True,CsxuknGIti,"['b0ad6221b59460c2adbe8239f30a9330216428febc77fde6fbfef1529e8b6b5c', 'cd6c108a0e641f2ca122aaa6d03f826759cae7c6f800eabf76dc48b67cd083ce', '9573862ac0b4b125168810ea3fd101ae2eb0bb15f61fc0e6da7a2a38b85a89e8']",[],1.0,0ffee3ba8e615ad22535e7f771690a28,7d3eb4120cd50e889bcd3f3783be0f82,h2,,10969.424106,10.0.2.15,53925,104.16.208.165,443,tcp,216.79766500000005,1181.0,11609.0,SF,True,False,0,ShADadFf,24,2149,29,12773,ssl,0
10969.61402,Cmhc5O37k8WXvSnwNj,10.0.2.15,53927,104.25.83.101,443,TLSv12,TLS_ECDHE_ECDSA_WITH_AES_128_GCM_SHA256,secp256r1,c.lytics.io,False,True,CsxknGIti,"['ecf6ee93b5d61c3fdab108d0dd37aed76c6e095c1bac72a7601fe4d9b4a3b3e0', 'cd6c108a0e641f2ca122aaa6d03f826759cae7c6f800eabf76dc48b67cd083ce', '9573862ac0b4b125168810ea3fd101ae2eb0bb15f61fc0e6da7a2a38b85a89e8']",[],1.0,0ffee3ba8e615ad22535e7f771690a28,2d1eb5817ece335c24904f516ad5da12,h2,,10969.42597,10.0.2.15,53927,104.25.83.101,443,tcp,216.92003599999956,1112.0,16549.0,SF,True,False,0,ShADadFf,25,2120,34,17913,ssl,0
10969.662333,Ctxm0A4OIVF20tNxB3,10.0.2.15,53933,95.101.252.144,443,TLSv12,TLS_ECDHE_RSA_WITH_AES_256_GCM_SHA384,secp256r1,px.moatads.com,False,True,CsxknGIti,"['435a847bccecae336a1a751c2209ae3f32a8cda1aae8b0da90f1755f7ede9adc', 'e6683e88315cd1cb403c0cea490f7c4b4c82c91cd485037489aadbaa90839f61', '3c35cc963eb004451323d3275d05b353235053490d9cd83729a2faf5e7ca1cc0']",[],1.0,1a5fe5677b0e4fbbc854e8908225637d,2b33c1374db4ddf06942f92373c0b54b,http/1.1,,10969.431328,10.0.2.15,53933,95.101.252.144,443,tcp,128.47620599999937,4905.0,4645.0,SF,True,False,0,ShADadTTFf,26,5965,26,5689,ssl,0
10969.663216,CqGnEZR5LmmfhrTd2,10.0.2.15,53932,95.101.252.144,443,TLSv12,TLS_ECDHE_RSA_WITH_AES_256_GCM_SHA384,secp256r1,px.moatads.com,False,True,CsxknGIti,"['435a847bccecae336a1a751c2209ae3f32a8cda1aae8b0da90f1755f7ede9adc', 'e6683e88315cd1cb403c0cea490f7c4b4c82c91cd485037489aadbaa90839f61', '3c35cc963eb004451323d3275d05b353235053490d9cd83729a2faf5e7ca1cc0']",[],1.0,1a5fe5677b0e4fbbc854e8908225637d,2b33c1374db4ddf06942f92373c0b54b,http/1.1,,10969.430485,10.0.2.15,53932,95.101.252.144,443,tcp,128.47711999999956,4905.0,4676.0,SF,True,False,0,ShADadTTFfRr,27,6005,29,5840,ssl,0
10977.536982,Ci3vv84tNmOt8nrOJf,10.0.2.15,53943,104.154.79.29,443,TLSv12,TLS_ECDHE_RSA_WITH_AES_128_GCM_SHA256,secp256r1,api.lytics.io,False,True,CsxknGIti,"['2669921ac447f44f6125086d53c6456b49258e2c82c86d7b28a260656846fe02', 'e6683e88315cd1cb403c0cea490f7c4b4c82c91cd485037489aadbaa90839f61']",[],1.0,0ffee3ba8e615ad22535e7f771690a28,ccc514751b175866924439bdbb5bba34,,,10977.039413,10.0.2.15,53943,104.154.79.29,443,tcp,82.53368500000033,3647.0,34353.0,SF,True,False,0,ShADadTfF,33,4980,48,36277,ssl,0
10977.537779,C66tei1dco7NVbTJ9a,10.0.2.15,53942,104.154.79.29,443,TLSv12,TLS_ECDHE_RSA_WITH_AES_128_GCM_SHA256,secp256r1,api.lytics.io,False,True,CsxknGIti,"['2669921ac447f44f6125086d53c6456b49258e2c82c86d7b28a260656846fe02', 'e6683e88315cd1cb403c0cea490f7c4b4c82c91cd485037489aadbaa90839f61']",[],1.0,0ffee3ba8e615ad22535e7f771690a28,ccc514751b175866924439bdbb5bba34,,,10977.034437,10.0.2.15,53942,104.154.79.29,443,tcp,82.54014900000038,3869.0,6752.0,SF,True,False,0,ShADadTfF,27,4962,29,7916,ssl,0
10979.145788,C0JJmq4z2D55Q5j5fl,10.0.2.15,53945,185.172.148.128,443,TLSv12,TLS_ECDHE_RSA_WITH_AES_256_GCM_SHA384,secp256r1,opensource.keycdn.com,False,True,CsxuknGIti,"['e367df86065816a19cd3d2273aad5debe79742cc590db5ead9aaebf2a9a453f6', '25847d668eb4f04fdd40b12b6b0740c567da7d024308eb6c2c96fe41d9de218d']",[],1.0,0ffee3ba8e615ad22535e7f771690a28,56b85db39191a25c7b51014bd797544e,h2,,10978.361108,10.0.2.15,53945,185.172.148.128,443,tcp,9.296317000000272,387.0,3803.0,SF,True,False,0,ShADadFf,10,795,11,4247,ssl,0
10979.145175,CuPvJx4VZAikzdObtf,10.0.2.15,53944,104.154.79.29,443,TLSv12,TLS_ECDHE_RSA_WITH_AES_128_GCM_SHA256,secp256r1,api.lytics.io,False,True,CsxknGIti,"['2669921ac447f44f6125086d53c6456b49258e2c82c86d7b28a260656846fe02', 'e6683e88315cd1cb403c0cea490f7c4b4c82c91cd485037489aadbaa90839f61']",[],1.0,0ffee3ba8e615ad22535e7f771690a28,ccc514751b175866924439bdbb5bba34,,,10978.243297,10.0.2.15,53944,104.154.79.29,443,tcp,8.319686999999249,379.0,3422.0,SF,True,False,0,ShADadFf,10,787,10,3826,ssl,0
10981.828772,CS7JQX3fAIvGYWSEua,10.0.2.15,53946,185.172.148.128,443,TLSv12,TLS_ECDHE_RSA_WITH_AES_256_GCM_SHA384,secp256r1,opensource.keycdn.com,False,True,CsxuknGIti,"['e367df86065816a19cd3d2273aad5debe79742cc590db5ead9aaebf2a9a453f6', '25847d668eb4f04fdd40b12b6b0740c567da7d024308eb6c2c96fe41d9de218d']",[],1.0,0ffee3ba8e615ad22535e7f771690a28,56b85db39191a25c7b51014bd797544e,h2,,10981.04837,10.0.2.15,53946,185.172.148.128,443,tcp,24.37493899999936,905.0,81697.0,SF,True,False,0,ShADadfF,32,2193,84,85061,ssl,0
10982.720697,CeclI01C2j1n9W5p84,10.0.2.15,53947,104.154.79.29,443,TLSv12,TLS_ECDHE_RSA_WITH_AES_128_GCM_SHA256,secp256r1,api.lytics.io,False,True,CsxknGIti,"['2669921ac447f44f6125086d53c6456b49258e2c82c86d7b28a260656846fe02', 'e6683e88315cd1cb403c0cea490f7c4b4c82c91cd485037489aadbaa90839f61']",[],1.0,1a5fe5677b0e4fbbc854e8908225637d,ccc514751b175866924439bdbb5bba34,,,10981.050673,10.0.2.15,53947,104.154.79.29,443,tcp,8.317375000000538,674.0,3422.0,SF,True,False,0,ShADadFf,10,1082,10,3826,ssl,0
10986.62176,CJC6Bb4aDkytIwCykg,10.0.2.15,53951,104.16.205.165,443,TLSv12,TLS_ECDHE_ECDSA_WITH_AES_128_GCM_SHA256,secp256r1,faithit.onesignal.com,False,True,CsxuknGIti,"['b0ad6221b59460c2adbe8239f30a9330216428febc77fde6fbfef1529e8b6b5c', 'cd6c108a0e641f2ca122aaa6d03f826759cae7c6f800eabf76dc48b67cd083ce', '9573862ac0b4b125168810ea3fd101ae2eb0bb15f61fc0e6da7a2a38b85a89e8']",[],1.0,0ffee3ba8e615ad22535e7f771690a28,7d3eb4120cd50e889bcd3f3783be0f82,h2,,10985.794067,10.0.2.15,53951,104.16.205.165,443,tcp,3.8522439999997,535.0,3875.0,SF,True,False,0,ShADadFf,12,1023,13,4399,ssl,0
10986.615174,CATlzR3cGgLijCWoY3,10.0.2.15,53952,157.240.0.22,443,TLSv12,TLS_ECDHE_ECDSA_WITH_AES_128_GCM_SHA256,secp256r1,connect.facebook.net,False,True,CsxknGIti,"['152151b387412a95ab90fd4664f2d98880408e9e43913124e4c91226a483386b', '19400be5b7a31fb733917700789d2f0a2471c0c9d506c0e504c06c16d7cb17c0']",[],1.0,0ffee3ba8e615ad22535e7f771690a28,2d1eb5817ece335c24904f516ad5da12,h2,,10985.79659,10.0.2.15,53952,157.240.0.22,443,tcp,317.8616290000009,1730.0,8468.0,SF,True,False,0,ShADadfF,35,3138,43,10192,ssl,0
10989.606741,CIgex62f5GAdzLs3Kg,10.0.2.15,53955,104.154.79.29,443,TLSv12,TLS_ECDHE_RSA_WITH_AES_128_GCM_SHA256,secp256r1,api.lytics.io,False,True,CsxknGIti,"['2669921ac447f44f6125086d53c6456b49258e2c82c86d7b28a260656846fe02', 'e6683e88315cd1cb403c0cea490f7c4b4c82c91cd485037489aadbaa90839f61']",[],1.0,1a5fe5677b0e4fbbc854e8908225637d,ccc514751b175866924439bdbb5bba34,,,10988.3004,10.0.2.15,53955,104.154.79.29,443,tcp,71.27497199999925,1659.0,4339.0,SF,True,False,0,ShADadTfF,18,2392,19,5103,ssl,0
10989.611112,C9aFwb3mvsCSLmeAvf,10.0.2.15,53954,104.154.79.29,443,TLSv12,TLS_ECDHE_RSA_WITH_AES_128_GCM_SHA256,secp256r1,api.lytics.io,False,True,CsxknGIti,"['2669921ac447f44f6125086d53c6456b49258e2c82c86d7b28a260656846fe02', 'e6683e88315cd1cb403c0cea490f7c4b4c82c91cd485037489aadbaa90839f61']",[],1.0,1a5fe5677b0e4fbbc854e8908225637d,ccc514751b175866924439bdbb5bba34,,,10988.299287,10.0.2.15,53954,104.154.79.29,443,tcp,68.77882099999988,1264.0,3880.0,SF,True,False,0,ShADadTfF,16,1917,17,4564,ssl,0
10991.139048,CiywwvKYQT3FhbLs6,10.0.2.15,53966,104.154.79.29,443,TLSv12,TLS_ECDHE_RSA_WITH_AES_128_GCM_SHA256,secp256r1,api.lytics.io,False,True,CsxknGIti,"['2669921ac447f44f6125086d53c6456b49258e2c82c86d7b28a260656846fe02', 'e6683e88315cd1cb403c0cea490f7c4b4c82c91cd485037489aadbaa90839f61']",[],1.0,1a5fe5677b0e4fbbc854e8908225637d,ccc514751b175866924439bdbb5bba34,,,10990.020136,10.0.2.15,53966,104.154.79.29,443,tcp,69.55392000000029,1602.0,4339.0,SF,True,False,0,ShADadTfF,17,2295,19,5103,ssl,0
10996.39965,CxJ7mY3fFYyzoOPYj,10.0.2.15,53967,104.154.79.29,443,TLSv12,TLS_ECDHE_RSA_WITH_AES_128_GCM_SHA256,secp256r1,api.lytics.io,False,True,CsxknGIti,"['2669921ac447f44f6125086d53c6456b49258e2c82c86d7b28a260656846fe02', 'e6683e88315cd1cb403c0cea490f7c4b4c82c91cd485037489aadbaa90839f61']",[],1.0,1a5fe5677b0e4fbbc854e8908225637d,ccc514751b175866924439bdbb5bba34,,,10996.077357,10.0.2.15,53967,104.154.79.29,443,tcp,63.803546999999526,1217.0,3880.0,SF,True,False,0,ShADadTfF,15,1830,17,4564,ssl,0
11007.687401,CviHIw29m9Mvt63dF5,10.0.2.15,53974,95.100.177.228,443,TLSv12,TLS_ECDHE_RSA_WITH_AES_256_CBC_SHA,secp256r1,dispatch.barnesandnoble.com,False,True,CsxknGIti,"['ec43b11609ad0352a5a1336b919b95e5f9dd14cc58370d10afc577cf8dec1fbf', 'eae72eb454bf6c3977ebd289e970b2f5282949190093d0d26f98d0f0d6a9cf17', '8420dfbe376f414bf4c0a81e6936d24ccc03f304835b86c7a39142fca723a689']",[],1.0,0ffee3ba8e615ad22535e7f771690a28,fe287a22c1814c37634a40cc81430145,http/1.1,,11007.658662,10.0.2.15,53974,95.100.177.228,443,tcp,126.83864600000015,1820.0,8765.0,SF,True,False,0,ShADadTTFfRr,25,2840,29,9929,ssl,0
11008.260991,CZHeeH2WQeHFxYV1W6,10.0.2.15,53983,95.100.177.228,443,TLSv12,TLS_ECDHE_RSA_WITH_AES_256_CBC_SHA,secp256r1,dispatch.barnesandnoble.com,False,True,CsxknGIti,"['ec43b11609ad0352a5a1336b919b95e5f9dd14cc58370d10afc577cf8dec1fbf', 'eae72eb454bf6c3977ebd289e970b2f5282949190093d0d26f98d0f0d6a9cf17', '8420dfbe376f414bf4c0a81e6936d24ccc03f304835b86c7a39142fca723a689']",[],1.0,0ffee3ba8e615ad22535e7f771690a28,fe287a22c1814c37634a40cc81430145,http/1.1,,11007.666505,10.0.2.15,53983,95.100.177.228,443,tcp,156.74504400000114,4614.0,50977.0,SF,True,False,0,ShADadTTFfRr,41,6276,72,53861,ssl,0
11008.267469,CUM4Op1A346mMDbjOd,10.0.2.15,53987,95.100.177.228,443,TLSv12,TLS_ECDHE_RSA_WITH_AES_256_CBC_SHA,secp256r1,dispatch.barnesandnoble.com,False,True,CsxknGIti,"['ec43b11609ad0352a5a1336b919b95e5f9dd14cc58370d10afc577cf8dec1fbf', 'eae72eb454bf6c3977ebd289e970b2f5282949190093d0d26f98d0f0d6a9cf17', '8420dfbe376f414bf4c0a81e6936d24ccc03f304835b86c7a39142fca723a689']",[],1.0,0ffee3ba8e615ad22535e7f771690a28,fe287a22c1814c37634a40cc81430145,http/1.1,,11007.678483,10.0.2.15,53987,95.100.177.228,443,tcp,6.088445999999749,407.0,4936.0,RSTO,True,False,0,ShADadFR,10,815,11,5380,ssl,0
11018.354747,C2HPsP1vDUg8LFOmXe,10.0.2.15,54005,104.244.43.176,443,TLSv12,TLS_ECDHE_RSA_WITH_AES_128_GCM_SHA256,secp256r1,static.ads-twitter.com,False,True,CsxuknGIti,"['57c868a580b1e1d5c88d4b5ac225b028e8774ddb7c0e68e7729c4df4ffc17086', '19400be5b7a31fb733917700789d2f0a2471c0c9d506c0e504c06c16d7cb17c0']",[],1.0,0ffee3ba8e615ad22535e7f771690a28,76cc3e2d3028143b23ec18e27dbd7ca9,http/1.1,,11018.14198,10.0.2.15,54005,104.244.43.176,443,tcp,13.74299500000052,740.0,4707.0,SF,True,False,0,ShADadfF,11,1188,12,5191,ssl,0
11042.420175,CZsstq40p6fXSQhA8e,10.0.2.15,54031,151.101.112.210,443,TLSv12,TLS_ECDHE_RSA_WITH_AES_128_GCM_SHA256,,community.starbucks.com,True,True,CsiI,,,,1a5fe5677b0e4fbbc854e8908225637d,1d0e57c6ae42e9204defa51e5e1cdc4c,http/1.1,,11042.220989,10.0.2.15,54031,151.101.112.210,443,tcp,130.15414200000123,4605.0,731.0,SF,True,False,0,ShADadTTFfRr,27,5705,27,1815,ssl,0
11042.420773,CmfMj53bj1Gumhcqs1,10.0.2.15,54033,151.101.112.210,443,TLSv12,TLS_ECDHE_RSA_WITH_AES_128_GCM_SHA256,,community.starbucks.com,True,True,CsiI,,,,1a5fe5677b0e4fbbc854e8908225637d,1d0e57c6ae42e9204defa51e5e1cdc4c,http/1.1,,11042.22916,10.0.2.15,54033,151.101.112.210,443,tcp,130.15441099999953,2527.0,6078.0,SF,True,False,0,ShADadTTFfRr,25,3547,28,7202,ssl,0
11042.421585,CT93Um34gHQ4U9Clv1,10.0.2.15,54030,151.101.112.210,443,TLSv12,TLS_ECDHE_RSA_WITH_AES_128_GCM_SHA256,,community.starbucks.com,True,True,CsiI,,,,1a5fe5677b0e4fbbc854e8908225637d,1d0e57c6ae42e9204defa51e5e1cdc4c,http/1.1,,11042.21925,10.0.2.15,54030,151.101.112.210,443,tcp,130.14932699999918,2603.0,461.0,SF,True,False,0,ShADadTTFfRr,24,3583,24,1425,ssl,0
11042.422063,CUBtuu36qSHf8vDzA3,10.0.2.15,54032,151.101.112.210,443,TLSv12,TLS_ECDHE_RSA_WITH_AES_128_GCM_SHA256,,community.starbucks.com,True,True,CsiI,,,,1a5fe5677b0e4fbbc854e8908225637d,1d0e57c6ae42e9204defa51e5e1cdc4c,http/1.1,,11042.224472,10.0.2.15,54032,151.101.112.210,443,tcp,130.14406000000054,2616.0,461.0,SF,True,False,0,ShADadTTFfRr,24,3596,24,1425,ssl,0
11049.247716,Cjgkss1K60GXOTjKZa,10.0.2.15,54037,199.16.156.232,443,TLSv12,TLS_ECDHE_RSA_WITH_AES_128_GCM_SHA256,secp256r1,analytics.twitter.com,False,True,CsxknGIti,"['d73ceb7605c00e14e0bb87516ddc2a48c8ba71d10920ec2c7d6680c42d3cdba0', '19400be5b7a31fb733917700789d2f0a2471c0c9d506c0e504c06c16d7cb17c0']",[],1.0,0ffee3ba8e615ad22535e7f771690a28,8d2a028aa94425f76ced7826b1f39039,h2,,11047.297933,10.0.2.15,54037,199.16.156.232,443,tcp,220.75612100000035,1434.0,5336.0,SF,True,False,0,ShADadFfRr,25,2442,30,6540,ssl,0
11058.488284,CXf8pY1dgoTt5b4lN2,10.0.2.15,54044,199.96.57.6,443,TLSv12,TLS_ECDHE_RSA_WITH_AES_128_GCM_SHA256,secp256r1,platform.twitter.com,False,True,CsxuknGIti,"['03836d502e2fb8a9f4cc51e912b5e69c5f72393c36e0ed751d7fb22118adb56e', '19400be5b7a31fb733917700789d2f0a2471c0c9d506c0e504c06c16d7cb17c0']",[],1.0,0ffee3ba8e615ad22535e7f771690a28,76cc3e2d3028143b23ec18e27dbd7ca9,http/1.1,,11057.373461,10.0.2.15,54044,199.96.57.6,443,tcp,20.887798000001567,1969.0,5333.0,SF,True,False,0,ShADadfTF,14,2538,15,5937,ssl,0
11058.48909,CjA1EZ3pQXku1XRlD,10.0.2.15,54043,199.96.57.6,443,TLSv12,TLS_ECDHE_RSA_WITH_AES_128_GCM_SHA256,secp256r1,platform.twitter.com,False,True,CsxuknGIti,"['03836d502e2fb8a9f4cc51e912b5e69c5f72393c36e0ed751d7fb22118adb56e', '19400be5b7a31fb733917700789d2f0a2471c0c9d506c0e504c06c16d7cb17c0']",[],1.0,0ffee3ba8e615ad22535e7f771690a28,76cc3e2d3028143b23ec18e27dbd7ca9,http/1.1,,11057.371523,10.0.2.15,54043,199.96.57.6,443,tcp,10.39209800000026,386.0,4447.0,RSTO,True,False,0,ShADadFR,10,794,11,4891,ssl,0
11068.77177,CHOGlx3e4ln6rFfPGk,10.0.2.15,54049,93.184.220.66,443,TLSv12,TLS_ECDHE_RSA_WITH_AES_128_GCM_SHA256,secp256r1,platform.twitter.com,False,True,CsxuknGIti,"['498dfbfa068ce7e3252a308f9578608d3df2d287b5b9284571f7d3ed43ba3ab0', '19400be5b7a31fb733917700789d2f0a2471c0c9d506c0e504c06c16d7cb17c0', '7431e5f4c3c1ce4690774f0b61e05440883ba9a01ed00ba6abd7806ed3b118cf']",[],1.0,1a5fe5677b0e4fbbc854e8908225637d,76cc3e2d3028143b23ec18e27dbd7ca9,http/1.1,,11068.059257,10.0.2.15,54049,93.184.220.66,443,tcp,6.788580999998885,674.0,5773.0,SF,True,False,0,ShADadFfRr,11,1122,13,6297,ssl,0
11076.358524,CkLK741yIgNWeEEEb4,10.0.2.15,54058,172.217.23.230,443,TLSv12,TLS_ECDHE_RSA_WITH_AES_128_GCM_SHA256,x25519,4921982.fls.doubleclick.net,False,True,CsxknGIti,"['378a6c73f6dec1c6bc563fa8eda92c3e9ce61b893db7685686c41f33ab89931c', '9f630426df1d8abfd80ace98871ba833ab9742cb34838de2b5285ed54c0c7dcc', '3c35cc963eb004451323d3275d05b353235053490d9cd83729a2faf5e7ca1cc0']",[],1.0,0ffee3ba8e615ad22535e7f771690a28,ab41313cfec25328b20865eb1388e0a2,h2,,11076.01674,10.0.2.15,54058,172.217.23.230,443,tcp,388.9603350000016,9901.0,139421.0,SF,True,False,0,ShADadFf,63,12429,158,145745,ssl,0
11076.974937,CgPKik2YWf1iJ9kSe7,10.0.2.15,54062,172.217.23.230,443,TLSv12,TLS_ECDHE_RSA_WITH_AES_128_GCM_SHA256,x25519,4921982.fls.doubleclick.net,False,True,CsxknGIti,"['378a6c73f6dec1c6bc563fa8eda92c3e9ce61b893db7685686c41f33ab89931c', '9f630426df1d8abfd80ace98871ba833ab9742cb34838de2b5285ed54c0c7dcc', '3c35cc963eb004451323d3275d05b353235053490d9cd83729a2faf5e7ca1cc0']",[],1.0,0ffee3ba8e615ad22535e7f771690a28,ab41313cfec25328b20865eb1388e0a2,h2,,11076.020643,10.0.2.15,54062,172.217.23.230,443,tcp,4.618875000000116,537.0,4120.0,SF,True,False,0,ShADadFf,12,1025,13,4644,ssl,0
11076.982252,CySNIsJYpZ92bnrJ5,10.0.2.15,54060,46.228.164.11,443,TLSv12,TLS_RSA_WITH_AES_128_CBC_SHA,,r.turn.com,False,True,CsxnGIti,"['331de231c71d6e7597ac717a3ade18b10f51eea0ce4b3c9c75144a7b5ce9e2cf', '154c433c491929c5ef686e838e323664a00e6a0d822ccc958fb4dab03e49a08f']",[],1.0,0ffee3ba8e615ad22535e7f771690a28,7224c92f21d262b619e105efd1055cf7,,,11076.018691,10.0.2.15,54060,46.228.164.11,443,tcp,7.65462800000023,1014.0,3151.0,SF,True,False,0,ShADadfF,9,1382,11,3595,ssl,0
11076.983865,CRyUvc3WrKV1q37d2d,10.0.2.15,54059,46.228.164.11,443,TLSv12,TLS_RSA_WITH_AES_128_CBC_SHA,,r.turn.com,False,True,CsxnGIti,"['331de231c71d6e7597ac717a3ade18b10f51eea0ce4b3c9c75144a7b5ce9e2cf', '154c433c491929c5ef686e838e323664a00e6a0d822ccc958fb4dab03e49a08f']",[],1.0,0ffee3ba8e615ad22535e7f771690a28,7224c92f21d262b619e105efd1055cf7,,,11076.017435,10.0.2.15,54059,46.228.164.11,443,tcp,7.396880000000237,561.0,3151.0,SF,True,False,0,ShADadfF,8,889,10,3555,ssl,0
11077.040545,CNkWjh41ivJJDjWN3g,10.0.2.15,54068,151.101.112.84,443,TLSv12,TLS_ECDHE_RSA_WITH_AES_128_GCM_SHA256,secp256r1,ct.pinterest.com,False,True,CsxuknGIti,"['f4e51395ad2a5748284f72c5726b0c36d004a1400672e97a04aaa66629a6dbd0', '19400be5b7a31fb733917700789d2f0a2471c0c9d506c0e504c06c16d7cb17c0']",[],1.0,0ffee3ba8e615ad22535e7f771690a28,860fcf58fd757e26aa8911e5eaff6b53,http/1.1,,11076.037954,10.0.2.15,54068,151.101.112.84,443,tcp,124.99694100000124,957.0,4768.0,SF,True,False,0,ShADadTTFfRr,24,1936,26,5812,ssl,0
11077.039749,CRwOFhA8Kx4zPzWk5,10.0.2.15,54063,52.19.32.131,443,TLSv12,TLS_ECDHE_RSA_WITH_AES_128_GCM_SHA256,secp256r1,services.xg4ken.com,False,True,CsxknGIi,"['82d55ae79e311a42ec71b45eb2d4486b1f3dc7e501d9f61490507277dad162c3', '973a41276ffd01e027a2aad49e34c37846d3e976ff6a620b6712e33832041aa6', '3a2fbe92891e57fe05d57087f48e730f17e5a5f53ef403d618e5b74d7a7e6ecb', 'c3846bf24b9e93ca64274c0ec67c1ecc5e024ffcacd2d74019350e81fe546ae4']",[],1.0,0ffee3ba8e615ad22535e7f771690a28,303951d4c50efb2e991652225a6f02b1,,,11076.023524,10.0.2.15,54063,52.19.32.131,443,tcp,66.49561999999969,692.0,7965.0,SF,True,False,0,ShADadTFf,18,1426,20,8769,ssl,0
11087.027884,CRGUhG2omZOXAbSinc,10.0.2.15,54074,46.228.164.11,443,TLSv12,TLS_RSA_WITH_AES_128_CBC_SHA,,r.turn.com,False,True,CsxnGIti,"['331de231c71d6e7597ac717a3ade18b10f51eea0ce4b3c9c75144a7b5ce9e2cf', '154c433c491929c5ef686e838e323664a00e6a0d822ccc958fb4dab03e49a08f']",[],1.0,1a5fe5677b0e4fbbc854e8908225637d,7224c92f21d262b619e105efd1055cf7,,,11086.177426,10.0.2.15,54074,46.228.164.11,443,tcp,11.726667999999336,859.0,3151.0,SF,True,False,0,ShADadfF,8,1187,10,3555,ssl,0
11087.037544,CYqgZ21TmFcitoLfdl,10.0.2.15,54073,34.250.255.134,443,TLSv12,TLS_ECDHE_RSA_WITH_AES_128_GCM_SHA256,secp256r1,xcp.go.sonobi.com,False,True,CsxknGIi,"['e29320cc54226aee4e56a43ee6fa79b553ecc35d18a9349c38a98f6d62047255', '973a41276ffd01e027a2aad49e34c37846d3e976ff6a620b6712e33832041aa6', '3a2fbe92891e57fe05d57087f48e730f17e5a5f53ef403d618e5b74d7a7e6ecb', 'c3846bf24b9e93ca64274c0ec67c1ecc5e024ffcacd2d74019350e81fe546ae4']",[],1.0,0ffee3ba8e615ad22535e7f771690a28,303951d4c50efb2e991652225a6f02b1,,,11086.174567,10.0.2.15,54073,34.250.255.134,443,tcp,9.815521000000444,320.0,5298.0,SF,True,False,0,ShADadFf,10,728,11,5742,ssl,0
11086.984316,CEJ9bs1gNpB0rubjge,10.0.2.15,54072,23.23.153.147,443,TLSv12,TLS_ECDHE_RSA_WITH_AES_128_GCM_SHA256,secp256r1,api.adsymptotic.com,False,True,CsxknGIi,"['f95697b82e0f1b3a898790255e2557e3b00c96208989e8036037f5c3cdf041d8', '154c433c491929c5ef686e838e323664a00e6a0d822ccc958fb4dab03e49a08f', '4348a0e9444c78cb265e058d5e8944b4d84f9662bd26db257f8934a443c70161']",[],1.0,0ffee3ba8e615ad22535e7f771690a28,303951d4c50efb2e991652225a6f02b1,,,11086.164517,10.0.2.15,54072,23.23.153.147,443,tcp,4.594958000001498,931.0,4628.0,RSTR,True,False,0,ShADadRr,11,1379,11,5072,ssl,0
11086.986242,CHSPNs4yIk3V93pzx3,10.0.2.15,54082,34.250.255.134,443,TLSv12,TLS_ECDHE_RSA_WITH_AES_128_GCM_SHA256,secp256r1,xcp.go.sonobi.com,False,True,CsxknGIi,"['e29320cc54226aee4e56a43ee6fa79b553ecc35d18a9349c38a98f6d62047255', '973a41276ffd01e027a2aad49e34c37846d3e976ff6a620b6712e33832041aa6', '3a2fbe92891e57fe05d57087f48e730f17e5a5f53ef403d618e5b74d7a7e6ecb', 'c3846bf24b9e93ca64274c0ec67c1ecc5e024ffcacd2d74019350e81fe546ae4']",[],1.0,0ffee3ba8e615ad22535e7f771690a28,303951d4c50efb2e991652225a6f02b1,,,11086.188983,10.0.2.15,54082,34.250.255.134,443,tcp,4.637937999999849,320.0,5298.0,RSTO,True,False,0,ShADadFR,9,688,10,5702,ssl,0
11086.989492,CSZqWd2grsrLqOJbxl,10.0.2.15,54079,46.228.164.11,443,TLSv12,TLS_RSA_WITH_AES_128_CBC_SHA,,r.turn.com,False,True,CsxnGIti,"['331de231c71d6e7597ac717a3ade18b10f51eea0ce4b3c9c75144a7b5ce9e2cf', '154c433c491929c5ef686e838e323664a00e6a0d822ccc958fb4dab03e49a08f']",[],1.0,1a5fe5677b0e4fbbc854e8908225637d,7224c92f21d262b619e105efd1055cf7,,,11086.183617,10.0.2.15,54079,46.228.164.11,443,tcp,4.569703999999547,1477.0,3354.0,RSTR,True,False,0,ShADadRr,11,1925,11,3798,ssl,0
11086.992518,C13n6K2Gi19y7jH63,10.0.2.15,54078,146.148.14.238,443,TLSv12,TLS_ECDHE_RSA_WITH_AES_256_GCM_SHA384,secp256r1,mpp.vindicosuite.com,False,True,CsxknGIti,"['e2825dba3b8eae4012ae5d041988843ad3934e1e8336afd795b0c2edac93fe0a', '973a41276ffd01e027a2aad49e34c37846d3e976ff6a620b6712e33832041aa6', '3a2fbe92891e57fe05d57087f48e730f17e5a5f53ef403d618e5b74d7a7e6ecb', 'c3846bf24b9e93ca64274c0ec67c1ecc5e024ffcacd2d74019350e81fe546ae4']",[],1.0,0ffee3ba8e615ad22535e7f771690a28,e35df3e00ca4ef31d42b34bebaa2f86e,,,11086.182606,10.0.2.15,54078,146.148.14.238,443,tcp,4.591339999999036,323.0,5443.0,SF,True,False,0,ShADadFf,9,691,10,5847,ssl,0
11086.988487,CtgBGb3KFhMvBpVBgc,10.0.2.15,54080,23.23.153.147,443,TLSv12,TLS_ECDHE_RSA_WITH_AES_128_GCM_SHA256,secp256r1,api.adsymptotic.com,False,True,CsxknGIi,"['f95697b82e0f1b3a898790255e2557e3b00c96208989e8036037f5c3cdf041d8', '154c433c491929c5ef686e838e323664a00e6a0d822ccc958fb4dab03e49a08f', '4348a0e9444c78cb265e058d5e8944b4d84f9662bd26db257f8934a443c70161']",[],1.0,0ffee3ba8e615ad22535e7f771690a28,303951d4c50efb2e991652225a6f02b1,,,11086.184973,10.0.2.15,54080,23.23.153.147,443,tcp,11.822783999999956,353.0,4159.0,SF,True,False,0,ShADadTFRfr,12,842,13,4683,ssl,0
11086.996395,CE41fV2GV3SV1TW4bi,10.0.2.15,54077,176.34.245.115,443,TLSv12,TLS_ECDHE_RSA_WITH_AES_128_GCM_SHA256,secp256r1,secfld.vmmpxl.com,False,True,CsxknGIi,"['4f91575b0a2f9f789f4808589529c84d6ac49c228dcbbcf7fa3e1f97acd11d43', 'e6683e88315cd1cb403c0cea490f7c4b4c82c91cd485037489aadbaa90839f61']",[],1.0,0ffee3ba8e615ad22535e7f771690a28,303951d4c50efb2e991652225a6f02b1,,,11086.181567,10.0.2.15,54077,176.34.245.115,443,tcp,4.61253299999953,320.0,3276.0,SF,True,False,0,ShADadFfRr,10,728,11,3720,ssl,0
11086.998941,CMldiw1gw5U0F3LsP,10.0.2.15,54076,188.125.66.33,443,TLSv12,TLS_ECDHE_RSA_WITH_AES_128_GCM_SHA256,secp256r1,sp.analytics.yahoo.com,False,True,CsxknGIti,"['a42bd5146a3d4010979322f493ea1cf3e1ba9033d64ae699935e6a6ad96bd3c4', '19400be5b7a31fb733917700789d2f0a2471c0c9d506c0e504c06c16d7cb17c0']",[],1.0,1a5fe5677b0e4fbbc854e8908225637d,b898351eb5e266aefd3723d466935494,http/1.1,,11086.180056,10.0.2.15,54076,188.125.66.33,443,tcp,4.6106870000003255,643.0,4002.0,SF,True,False,0,ShADadFf,9,1011,10,4406,ssl,0
11086.987275,CrJvQd3IWN0Sc4mJQh,10.0.2.15,54081,8.12.226.44,443,TLSv12,TLS_ECDHE_RSA_WITH_AES_256_GCM_SHA384,secp256r1,one.progmxs.com,False,True,CsxknGIi,"['5aed9cfde4746021344f18d0722830d52381093a37d2db6dadb1c6d4235eefaf', '973a41276ffd01e027a2aad49e34c37846d3e976ff6a620b6712e33832041aa6', '3a2fbe92891e57fe05d57087f48e730f17e5a5f53ef403d618e5b74d7a7e6ecb', 'c3846bf24b9e93ca64274c0ec67c1ecc5e024ffcacd2d74019350e81fe546ae4']",[],1.0,0ffee3ba8e615ad22535e7f771690a28,28ef90cc3d9d08c96a8a2cb6f365a79e,,,11086.186568,10.0.2.15,54081,8.12.226.44,443,tcp,4.669841000000815,318.0,5254.0,SF,True,False,0,ShADadFf,10,726,12,5738,ssl,0
11087.002982,CXRMMa2bydXk5NjDxb,10.0.2.15,54075,8.12.226.44,443,TLSv12,TLS_ECDHE_RSA_WITH_AES_256_GCM_SHA384,secp256r1,one.progmxs.com,False,True,CsxknGIi,"['5aed9cfde4746021344f18d0722830d52381093a37d2db6dadb1c6d4235eefaf', '973a41276ffd01e027a2aad49e34c37846d3e976ff6a620b6712e33832041aa6', '3a2fbe92891e57fe05d57087f48e730f17e5a5f53ef403d618e5b74d7a7e6ecb', 'c3846bf24b9e93ca64274c0ec67c1ecc5e024ffcacd2d74019350e81fe546ae4']",[],1.0,0ffee3ba8e615ad22535e7f771690a28,28ef90cc3d9d08c96a8a2cb6f365a79e,,,11086.178721,10.0.2.15,54075,8.12.226.44,443,tcp,12.129236000000674,349.0,5254.0,SF,True,False,0,ShADadTFf,12,838,14,5818,ssl,0
11097.192875,CWfd7H26V3HZgoQwIj,10.0.2.15,54090,176.34.245.115,443,TLSv12,TLS_ECDHE_RSA_WITH_AES_128_GCM_SHA256,secp256r1,secfld.vmmpxl.com,False,True,CsxknGIi,"['4f91575b0a2f9f789f4808589529c84d6ac49c228dcbbcf7fa3e1f97acd11d43', 'e6683e88315cd1cb403c0cea490f7c4b4c82c91cd485037489aadbaa90839f61']",[],1.0,0ffee3ba8e615ad22535e7f771690a28,303951d4c50efb2e991652225a6f02b1,,,11096.613624,10.0.2.15,54090,176.34.245.115,443,tcp,64.78293599999961,790.0,3933.0,SF,True,False,0,ShADadTFf,16,1443,17,4617,ssl,0
11097.1968,C7Zq6B392Pll60TEE8,10.0.2.15,54088,23.74.202.62,443,TLSv12,TLS_ECDHE_RSA_WITH_AES_256_GCM_SHA384,secp256r1,px.owneriq.net,False,True,CsxknGIti,"['83446d8f7bc004110c087ef0703d1503c46455cb96409cbbaacf1a78c7c0072d', '074541ecdf88ed992ed5ade3ecddef27a26ba1b44480a195c0a8dadae2521d8e']",[],1.0,0ffee3ba8e615ad22535e7f771690a28,2b33c1374db4ddf06942f92373c0b54b,http/1.1,,11096.610574,10.0.2.15,54088,23.74.202.62,443,tcp,10.772799000000305,1764.0,7595.0,SF,True,False,0,ShADadfF,12,2252,15,8199,ssl,0
11097.195333,CEGvXm4nGRQaBRBD81,10.0.2.15,54089,188.125.66.33,443,TLSv12,TLS_ECDHE_RSA_WITH_AES_128_GCM_SHA256,secp256r1,sp.analytics.yahoo.com,False,True,CsxknGIti,"['a42bd5146a3d4010979322f493ea1cf3e1ba9033d64ae699935e6a6ad96bd3c4', '19400be5b7a31fb733917700789d2f0a2471c0c9d506c0e504c06c16d7cb17c0']",[],1.0,1a5fe5677b0e4fbbc854e8908225637d,b898351eb5e266aefd3723d466935494,http/1.1,,11096.611453,10.0.2.15,54089,188.125.66.33,443,tcp,64.74141600000075,1170.0,4475.0,SF,True,False,0,ShADadTfF,16,1823,17,5159,ssl,0
11102.221561,Cb9GKE99uySnHpfB1,10.0.2.15,54098,69.167.173.81,443,TLSv12,TLS_ECDHE_RSA_WITH_AES_128_GCM_SHA256,secp256r1,timeanddate.com,False,True,CsxknGIti,"['4176a85f1d16fa3c7c70cef02e50634be88a76ef16646a8b0bb948a721297b07', '074541ecdf88ed992ed5ade3ecddef27a26ba1b44480a195c0a8dadae2521d8e']",[],1.0,0ffee3ba8e615ad22535e7f771690a28,389ed42c02ebecc32e73aa31def07e14,,,11101.050776,10.0.2.15,54098,69.167.173.81,443,tcp,9.29435100000046,663.0,3921.0,SF,True,False,0,ShADadfF,11,1111,13,4445,ssl,0
11102.23,CpGb5q1hwFxfHB9QS5,10.0.2.15,54099,69.167.173.81,443,TLSv12,TLS_ECDHE_RSA_WITH_AES_128_GCM_SHA256,secp256r1,timeanddate.com,False,True,CsxknGIti,"['4176a85f1d16fa3c7c70cef02e50634be88a76ef16646a8b0bb948a721297b07', '074541ecdf88ed992ed5ade3ecddef27a26ba1b44480a195c0a8dadae2521d8e']",[],1.0,0ffee3ba8e615ad22535e7f771690a28,389ed42c02ebecc32e73aa31def07e14,,,11101.057994,10.0.2.15,54099,69.167.173.81,443,tcp,8.247223999998823,349.0,3377.0,SF,True,False,0,ShADadFfRr,11,797,12,3861,ssl,0
11110.333454,Cu94Wh32okZtsbBdXi,10.0.2.15,54108,23.74.202.62,443,TLSv12,TLS_ECDHE_RSA_WITH_AES_256_GCM_SHA384,,px.owneriq.net,True,True,CsiI,,,,1a5fe5677b0e4fbbc854e8908225637d,410b9bedaf65dd26c6fe547154d60db4,http/1.1,,11107.881363,10.0.2.15,54108,23.74.202.62,443,tcp,10.87275899999986,1940.0,1571.0,SF,True,False,0,ShADadfF,10,2348,10,1975,ssl,0
11110.334294,CaqH2Z37HZ6EdZwNr4,10.0.2.15,54107,23.74.202.62,443,TLSv12,TLS_ECDHE_RSA_WITH_AES_256_GCM_SHA384,,px.owneriq.net,True,True,CsiI,,,,1a5fe5677b0e4fbbc854e8908225637d,410b9bedaf65dd26c6fe547154d60db4,http/1.1,,11107.872208,10.0.2.15,54107,23.74.202.62,443,tcp,11.427200000000084,599.0,183.0,SF,True,False,0,ShADadFfRr,9,967,9,547,ssl,0
11110.332457,C9hIkjTCMmbVkWJ38,10.0.2.15,54109,37.252.172.39,443,TLSv12,TLS_ECDHE_RSA_WITH_AES_256_GCM_SHA384,secp256r1,secure.adnxs.com,False,True,CsxuknGIti,"['5b081650e8034418a37504ce0820892be5a66474578207711eb688243fe1a8f2', '074541ecdf88ed992ed5ade3ecddef27a26ba1b44480a195c0a8dadae2521d8e']",[],1.0,0ffee3ba8e615ad22535e7f771690a28,d53e4608f956df65bb2b8a8c4d3b025d,,,11108.389576,10.0.2.15,54109,37.252.172.39,443,tcp,46.475593999999546,17908.0,26361.0,SF,True,False,0,ShADadfF,31,19156,46,28205,ssl,0
11110.337286,CL7Dd8117KkhZX7axd,10.0.2.15,54114,37.252.172.39,443,TLSv12,TLS_ECDHE_RSA_WITH_AES_256_GCM_SHA384,secp256r1,secure.adnxs.com,False,True,CsxuknGIti,"['5b081650e8034418a37504ce0820892be5a66474578207711eb688243fe1a8f2', '074541ecdf88ed992ed5ade3ecddef27a26ba1b44480a195c0a8dadae2521d8e']",[],1.0,0ffee3ba8e615ad22535e7f771690a28,d53e4608f956df65bb2b8a8c4d3b025d,,,11108.406381,10.0.2.15,54114,37.252.172.39,443,tcp,15.498233999998774,3233.0,7824.0,SF,True,False,0,ShADadfF,12,3721,17,8508,ssl,0
11110.339392,CzIttY2RUZe4pPl0Z4,10.0.2.15,54113,37.252.172.39,443,TLSv12,TLS_ECDHE_RSA_WITH_AES_256_GCM_SHA384,secp256r1,secure.adnxs.com,False,True,CsxuknGIti,"['5b081650e8034418a37504ce0820892be5a66474578207711eb688243fe1a8f2', '074541ecdf88ed992ed5ade3ecddef27a26ba1b44480a195c0a8dadae2521d8e']",[],1.0,0ffee3ba8e615ad22535e7f771690a28,d53e4608f956df65bb2b8a8c4d3b025d,,,11108.404717,10.0.2.15,54113,37.252.172.39,443,tcp,8.163656000000628,350.0,4867.0,SF,True,False,0,ShADadFf,10,758,12,5351,ssl,0
11110.340484,CIGLYigEBwGNTCtM4,10.0.2.15,54112,146.148.14.238,443,TLSv12,TLS_ECDHE_RSA_WITH_AES_256_GCM_SHA384,secp256r1,mpp.vindicosuite.com,False,True,CsxknGIti,"['e2825dba3b8eae4012ae5d041988843ad3934e1e8336afd795b0c2edac93fe0a', '973a41276ffd01e027a2aad49e34c37846d3e976ff6a620b6712e33832041aa6', '3a2fbe92891e57fe05d57087f48e730f17e5a5f53ef403d618e5b74d7a7e6ecb', 'c3846bf24b9e93ca64274c0ec67c1ecc5e024ffcacd2d74019350e81fe546ae4']",[],1.0,0ffee3ba8e615ad22535e7f771690a28,e35df3e00ca4ef31d42b34bebaa2f86e,,,11108.40232,10.0.2.15,54112,146.148.14.238,443,tcp,126.7831610000012,888.0,6258.0,SF,True,False,0,ShADadTTFf,23,1827,24,7222,ssl,0
11110.342537,Cnxu9boI6uQrjvrI3,10.0.2.15,54111,146.148.14.238,443,TLSv12,TLS_ECDHE_RSA_WITH_AES_256_GCM_SHA384,secp256r1,mpp.vindicosuite.com,False,True,CsxknGIti,"['e2825dba3b8eae4012ae5d041988843ad3934e1e8336afd795b0c2edac93fe0a', '973a41276ffd01e027a2aad49e34c37846d3e976ff6a620b6712e33832041aa6', '3a2fbe92891e57fe05d57087f48e730f17e5a5f53ef403d618e5b74d7a7e6ecb', 'c3846bf24b9e93ca64274c0ec67c1ecc5e024ffcacd2d74019350e81fe546ae4']",[],1.0,0ffee3ba8e615ad22535e7f771690a28,e35df3e00ca4ef31d42b34bebaa2f86e,,,11108.391796,10.0.2.15,54111,146.148.14.238,443,tcp,9.895431000000826,354.0,5443.0,SF,True,False,0,ShADadFf,10,762,11,5887,ssl,0
11110.344497,CzDD8h20bEOHraVnLa,10.0.2.15,54110,37.252.172.39,443,TLSv12,TLS_ECDHE_RSA_WITH_AES_256_GCM_SHA384,secp256r1,secure.adnxs.com,False,True,CsxuknGIti,"['5b081650e8034418a37504ce0820892be5a66474578207711eb688243fe1a8f2', '074541ecdf88ed992ed5ade3ecddef27a26ba1b44480a195c0a8dadae2521d8e']",[],1.0,0ffee3ba8e615ad22535e7f771690a28,d53e4608f956df65bb2b8a8c4d3b025d,,,11108.390791,10.0.2.15,54110,37.252.172.39,443,tcp,8.645967000000383,350.0,4867.0,SF,True,False,0,ShADadFf,10,758,11,5311,ssl,0
11116.564001,CsRWv14Yw014y4fJZe,10.0.2.15,54118,192.33.31.72,443,TLSv12,TLS_ECDHE_RSA_WITH_AES_128_GCM_SHA256,secp256r1,www.timeanddate.com,False,True,CsxknGIti,"['ec141301fd7e7405784cd80b681fff84cab7cfb275ecc8b4f5bf84d33328335a', '4b7334e1d8999822bafa8ff6888125389b18a4e5ab26ffa624c7f68fdc81f0cb']",[],1.0,0ffee3ba8e615ad22535e7f771690a28,b898351eb5e266aefd3723d466935494,http/1.1,,11115.583991,10.0.2.15,54118,192.33.31.72,443,tcp,57.1350620000012,3286.0,67956.0,RSTR,True,False,0,ShADadTRr,40,4896,78,71080,ssl,0
11117.070879,C9GJ5u3SEyyhqIPDZe,10.0.2.15,54119,192.33.31.72,443,TLSv12,TLS_ECDHE_RSA_WITH_AES_128_GCM_SHA256,secp256r1,www.timeanddate.com,False,True,CsxknGIti,"['ec141301fd7e7405784cd80b681fff84cab7cfb275ecc8b4f5bf84d33328335a', '4b7334e1d8999822bafa8ff6888125389b18a4e5ab26ffa624c7f68fdc81f0cb']",[],1.0,0ffee3ba8e615ad22535e7f771690a28,b898351eb5e266aefd3723d466935494,http/1.1,,11116.116029,10.0.2.15,54119,192.33.31.72,443,tcp,8.370270999999775,353.0,19804.0,SF,True,False,0,ShADadFf,14,921,24,20768,ssl,0
11121.404422,COxKXA4aZWFy0LjPNc,10.0.2.15,54123,69.172.216.55,443,TLSv12,TLS_ECDHE_RSA_WITH_AES_128_GCM_SHA256,secp256r1,pixel.adsafeprotected.com,False,True,CsxknGIti,"['2883331a8fbeed598390c6c5e24f65c9c90ce58027c1b02b57604432120f5e4f', 'bc3f03a436240edba5f83714f6f677e34b37f9b1f0c08c1e558d981e279e8209']",[],1.0,0ffee3ba8e615ad22535e7f771690a28,8d2a028aa94425f76ced7826b1f39039,http/1.1,,11120.713528,10.0.2.15,54123,69.172.216.55,443,tcp,2.616692999999941,360.0,3007.0,SF,True,False,0,ShADadFf,8,688,8,3331,ssl,0
11121.405937,CcTdOA48mHf8dUjplj,10.0.2.15,54124,69.172.216.55,443,TLSv12,TLS_ECDHE_RSA_WITH_AES_128_GCM_SHA256,secp256r1,pixel.adsafeprotected.com,False,True,CsxknGIti,"['2883331a8fbeed598390c6c5e24f65c9c90ce58027c1b02b57604432120f5e4f', 'bc3f03a436240edba5f83714f6f677e34b37f9b1f0c08c1e558d981e279e8209']",[],1.0,0ffee3ba8e615ad22535e7f771690a28,ccc514751b175866924439bdbb5bba34,,,11120.714137,10.0.2.15,54124,69.172.216.55,443,tcp,7.652303999999276,391.0,2976.0,SF,True,False,0,ShADadFf,10,799,10,3380,ssl,0
11122.114606,CLHI6G2QEIVq1XnpJ4,10.0.2.15,54128,151.101.112.230,443,TLSv12,TLS_ECDHE_RSA_WITH_AES_128_GCM_SHA256,secp256r1,c.tadst.com,False,True,CsxuknGIti,"['994b04ba8e8ee64ff0b2f7d5f735347f3ab0899c2b2f9222197160436256fb7d', '74ef335e5e18788307fb9d89cb704bec112abd23487dbff41c4ded5070f241d9']",[],1.0,0ffee3ba8e615ad22535e7f771690a28,860fcf58fd757e26aa8911e5eaff6b53,http/1.1,,11121.803145,10.0.2.15,54128,151.101.112.230,443,tcp,262.382087,3530.0,45240.0,SF,True,False,0,ShADadTTFfRr,61,6000,83,48564,ssl,0
11122.362328,CzeQoA2R9jAKKO5OQg,10.0.2.15,54127,151.101.112.230,443,TLSv12,TLS_ECDHE_RSA_WITH_AES_128_GCM_SHA256,secp256r1,c.tadst.com,False,True,CsxuknGIti,"['994b04ba8e8ee64ff0b2f7d5f735347f3ab0899c2b2f9222197160436256fb7d', '74ef335e5e18788307fb9d89cb704bec112abd23487dbff41c4ded5070f241d9']",[],1.0,0ffee3ba8e615ad22535e7f771690a28,860fcf58fd757e26aa8911e5eaff6b53,http/1.1,,11121.802127,10.0.2.15,54127,151.101.112.230,443,tcp,262.38314699999864,3218.0,22071.0,SF,True,False,0,ShADadTTFfRr,53,5368,63,24595,ssl,0
11122.577319,CGLRYk2i28AzKmobvk,10.0.2.15,54126,151.101.112.230,443,TLSv12,TLS_ECDHE_RSA_WITH_AES_128_GCM_SHA256,secp256r1,c.tadst.com,False,True,CsxuknGIti,"['994b04ba8e8ee64ff0b2f7d5f735347f3ab0899c2b2f9222197160436256fb7d', '74ef335e5e18788307fb9d89cb704bec112abd23487dbff41c4ded5070f241d9']",[],1.0,0ffee3ba8e615ad22535e7f771690a28,860fcf58fd757e26aa8911e5eaff6b53,http/1.1,,11121.801288,10.0.2.15,54126,151.101.112.230,443,tcp,262.38402700000006,2871.0,19272.0,SF,True,False,0,ShADadTTFfRr,50,4901,56,21516,ssl,0
11122.110004,CXvbw6RhjRJK9HsU5,10.0.2.15,54129,172.217.23.226,443,TLSv12,TLS_ECDHE_RSA_WITH_AES_128_GCM_SHA256,,www.googletagservices.com,True,True,CsiI,,,,1a5fe5677b0e4fbbc854e8908225637d,67619a80665d7ab92d1041b1d11f9164,h2,,11121.804614,10.0.2.15,54129,172.217.23.226,443,tcp,166.81770399999914,17041.0,3697.0,SF,True,False,0,ShADadFf,71,19889,84,7061,ssl,0
11122.100661,CWk6RI1LdkVmaO2Jfa,10.0.2.15,54125,151.101.112.230,443,TLSv12,TLS_ECDHE_RSA_WITH_AES_128_GCM_SHA256,secp256r1,c.tadst.com,False,True,CsxuknGIti,"['994b04ba8e8ee64ff0b2f7d5f735347f3ab0899c2b2f9222197160436256fb7d', '74ef335e5e18788307fb9d89cb704bec112abd23487dbff41c4ded5070f241d9']",[],1.0,0ffee3ba8e615ad22535e7f771690a28,860fcf58fd757e26aa8911e5eaff6b53,http/1.1,,11121.800809,10.0.2.15,54125,151.101.112.230,443,tcp,50.88302199999998,1968.0,41049.0,SF,True,False,0,ShADadTFfRRrRR,41,3620,65,43653,ssl,0
11122.104095,CRAfcV1MjOvZvvqxN4,10.0.2.15,54131,151.101.112.230,443,TLSv12,TLS_ECDHE_RSA_WITH_AES_128_GCM_SHA256,secp256r1,c.tadst.com,False,True,CsxuknGIti,"['994b04ba8e8ee64ff0b2f7d5f735347f3ab0899c2b2f9222197160436256fb7d', '74ef335e5e18788307fb9d89cb704bec112abd23487dbff41c4ded5070f241d9']",[],1.0,0ffee3ba8e615ad22535e7f771690a28,860fcf58fd757e26aa8911e5eaff6b53,http/1.1,,11121.808066,10.0.2.15,54131,151.101.112.230,443,tcp,264.7353510000012,3886.0,45196.0,SF,True,False,0,ShADadTTFfRr,65,6516,87,48680,ssl,0
11122.108071,CQSga320lrMWT7TsI1,10.0.2.15,54130,151.101.112.230,443,TLSv12,TLS_ECDHE_RSA_WITH_AES_128_GCM_SHA256,secp256r1,c.tadst.com,False,True,CsxuknGIti,"['994b04ba8e8ee64ff0b2f7d5f735347f3ab0899c2b2f9222197160436256fb7d', '74ef335e5e18788307fb9d89cb704bec112abd23487dbff41c4ded5070f241d9']",[],1.0,0ffee3ba8e615ad22535e7f771690a28,860fcf58fd757e26aa8911e5eaff6b53,http/1.1,,11121.807459,10.0.2.15,54130,151.101.112.230,443,tcp,50.85806500000035,1962.0,104289.0,RSTR,True,False,0,ShADadTRRrR,67,4654,135,109693,ssl,0
11124.456758,CRES4s2qqBfXam3gt6,10.0.2.15,54133,104.20.16.243,443,TLSv12,TLS_ECDHE_RSA_WITH_AES_128_GCM_SHA256,secp256r1,prebid.districtm.ca,False,True,CsxuknGIti,"['64e34ddcf910889c7734158fc8b36df9b25c55882f14802e2b142fbd8b60aae8', '02ab57e4e67a0cb48dd2ff34830e8ac40f4476fb08ca6be3f5cd846f646840f0', '4f32d5dc00f715250abcc486511e37f501a899deb3bf7ea8adbbd3aef1c412da']",[],1.0,0ffee3ba8e615ad22535e7f771690a28,76cc3e2d3028143b23ec18e27dbd7ca9,http/1.1,,11123.918331,10.0.2.15,54133,104.20.16.243,443,tcp,126.61053699999866,719.0,10418.0,SF,True,False,0,ShADadTTFf,24,1699,28,11542,ssl,0
11124.458929,CKejV22qR6U4lSfyog,10.0.2.15,54135,95.101.245.177,443,TLSv12,TLS_ECDHE_RSA_WITH_AES_256_GCM_SHA384,,as-sec.casalemedia.com,True,True,CsiI,,,,1a5fe5677b0e4fbbc854e8908225637d,410b9bedaf65dd26c6fe547154d60db4,http/1.1,,11123.922937,10.0.2.15,54135,95.101.245.177,443,tcp,286.67721900000106,18763.0,28577.0,SF,True,False,0,ShADadTTFfRr,61,21236,76,31621,ssl,0
11124.458391,CJbuYe4bT5TETanuv5,10.0.2.15,54136,62.67.193.97,443,TLSv12,TLS_RSA_WITH_AES_256_CBC_SHA,,fastlane.rubiconproject.com,False,True,CsxnGIi,"['323de379ee34a94e415f63b56183d0d5d0e5a863f4ac89f97dc40ae81cc021c8', '154c433c491929c5ef686e838e323664a00e6a0d822ccc958fb4dab03e49a08f']",[],1.0,0ffee3ba8e615ad22535e7f771690a28,0a917d753018dad73d9899ace370f8d8,,,11123.937698,10.0.2.15,54136,62.67.193.97,443,tcp,14.69235800000024,5884.0,10553.0,SF,True,False,0,ShADadFf,17,6572,22,11437,ssl,0
11124.457756,C38nAY3zHKEKs8tzKj,10.0.2.15,54132,63.215.202.75,443,TLSv12,TLS_RSA_WITH_3DES_EDE_CBC_SHA,,media.msg.dotomi.com,False,True,CsxnGIi,"['370d1fd0e334b74c1a6d71187a298d31d2c1ce22a20a93f01604461ab62c07f7', '0b339212d7cff17a2c59e35669b58e77350133750a78da9404770edd470def76']",[],1.0,0ffee3ba8e615ad22535e7f771690a28,66a6571ef756b3c9e82b3fd802bbcac2,,,11123.913088,10.0.2.15,54132,63.215.202.75,443,tcp,14.737802000001466,1437.0,3486.0,SF,True,False,0,ShADadFf,11,1885,11,3930,ssl,0
11124.454225,C4qiEh1hgWRn0YPnqi,10.0.2.15,54134,8.30.11.134,443,TLSv12,TLS_DHE_RSA_WITH_AES_256_CBC_SHA,,tag.1rx.io,False,True,CsxknGIi,"['a6d6212e891902d3452e6aa1363c98fd50370873cf2238e90bfd7e9c433318a9', 'e6683e88315cd1cb403c0cea490f7c4b4c82c91cd485037489aadbaa90839f61']",[],1.0,0ffee3ba8e615ad22535e7f771690a28,d90fa179c9daf35598ed8341272118f7,,,11123.922279,10.0.2.15,54134,8.30.11.134,443,tcp,292.9073009999993,5860.0,7362.0,SF,True,False,0,ShADadTTFf,47,7773,47,9246,ssl,0
11127.610278,C88Ya24kGz4BaAbCzb,10.0.2.15,54141,151.101.113.108,443,TLSv12,TLS_ECDHE_RSA_WITH_AES_128_GCM_SHA256,secp256r1,acdn.adnxs.com,False,True,CsxuknGIti,"['a5760412fe8dc77ba83e5ba531d4ccb590842bab7d15560c5b9681bce87ae512', '4b7334e1d8999822bafa8ff6888125389b18a4e5ab26ffa624c7f68fdc81f0cb']",[],1.0,0ffee3ba8e615ad22535e7f771690a28,860fcf58fd757e26aa8911e5eaff6b53,http/1.1,,11127.264793,10.0.2.15,54141,151.101.113.108,443,tcp,123.28026899999897,3281.0,6229.0,SF,True,False,0,ShADadTTFfRr,25,4300,27,7313,ssl,0
11134.222758,C1xB961LlpHHKD8O06,10.0.2.15,54143,192.33.31.72,443,TLSv12,TLS_ECDHE_RSA_WITH_AES_128_GCM_SHA256,,www.timeanddate.com,True,True,CsiI,,,,1a5fe5677b0e4fbbc854e8908225637d,7bee5c1d424b7e5f943b06983bb11422,http/1.1,,11133.083958,10.0.2.15,54143,192.33.31.72,443,tcp,273.496561,5277.0,123072.0,SF,True,False,0,ShADadTTfF,65,7906,133,128396,ssl,0
11134.223862,CRjj2t2mDQgmJE8702,10.0.2.15,54142,192.33.31.72,443,TLSv12,TLS_ECDHE_RSA_WITH_AES_128_GCM_SHA256,,www.timeanddate.com,True,True,CsiI,,,,1a5fe5677b0e4fbbc854e8908225637d,7bee5c1d424b7e5f943b06983bb11422,http/1.1,,11133.08321,10.0.2.15,54142,192.33.31.72,443,tcp,10.595085999999355,599.0,152.0,SF,True,False,0,ShADadFf,8,927,7,436,ssl,0
11135.201615,C2ViwbsO36nYarJec,10.0.2.15,54147,172.217.23.226,443,TLSv12,TLS_ECDHE_RSA_WITH_AES_128_GCM_SHA256,x25519,adx.g.doubleclick.net,False,True,CsxknGIti,"['a32ffddd76f9e7debbfc9a37b38d2ef86039b30a10d7c45ab8223d149cf99699', '9f630426df1d8abfd80ace98871ba833ab9742cb34838de2b5285ed54c0c7dcc', '3c35cc963eb004451323d3275d05b353235053490d9cd83729a2faf5e7ca1cc0']",[],1.0,0ffee3ba8e615ad22535e7f771690a28,ab41313cfec25328b20865eb1388e0a2,h2,,11134.228772,10.0.2.15,54147,172.217.23.226,443,tcp,4.050443000000087,354.0,4047.0,RSTR,True,False,0,ShADadRr,10,762,9,4411,ssl,0
11135.20329,Cocph01tKYxTxaq7Sb,10.0.2.15,54149,185.33.220.5,443,TLSv12,TLS_ECDHE_RSA_WITH_AES_256_GCM_SHA384,secp256r1,secure-ams.adnxs.com,False,True,CsxuknGIti,"['5b081650e8034418a37504ce0820892be5a66474578207711eb688243fe1a8f2', '074541ecdf88ed992ed5ade3ecddef27a26ba1b44480a195c0a8dadae2521d8e']",[],1.0,0ffee3ba8e615ad22535e7f771690a28,d53e4608f956df65bb2b8a8c4d3b025d,,,11134.229789,10.0.2.15,54149,185.33.220.5,443,tcp,4.071015999999872,354.0,4867.0,SF,True,False,0,ShADadFf,10,762,12,5351,ssl,0
11135.204327,CMIkd21jCgkrRoGhK,10.0.2.15,54148,185.33.220.5,443,TLSv12,TLS_ECDHE_RSA_WITH_AES_256_GCM_SHA384,secp256r1,secure-ams.adnxs.com,False,True,CsxuknGIti,"['5b081650e8034418a37504ce0820892be5a66474578207711eb688243fe1a8f2', '074541ecdf88ed992ed5ade3ecddef27a26ba1b44480a195c0a8dadae2521d8e']",[],1.0,0ffee3ba8e615ad22535e7f771690a28,d53e4608f956df65bb2b8a8c4d3b025d,,,11134.2293,10.0.2.15,54148,185.33.220.5,443,tcp,4.071568999999727,354.0,4867.0,SF,True,False,0,ShADadFf,10,762,11,5311,ssl,0
11141.096786,CgP49h1K1QWxi5Nsa5,10.0.2.15,54151,172.217.23.194,443,TLSv12,TLS_ECDHE_RSA_WITH_AES_128_GCM_SHA256,,cm.g.doubleclick.net,True,False,Csi,,,,1a5fe5677b0e4fbbc854e8908225637d,67619a80665d7ab92d1041b1d11f9164,h2,,11140.200748,10.0.2.15,54151,172.217.23.194,443,tcp,1.397483000000647,517.0,156.0,RSTO,True,False,0,ShADadR,5,725,3,280,ssl,0
11147.555385,CRs9mW3LMaAco8XRp,10.0.2.15,54169,37.252.172.39,443,TLSv12,TLS_ECDHE_RSA_WITH_AES_256_GCM_SHA384,,secure.adnxs.com,True,True,CsiI,,,,1a5fe5677b0e4fbbc854e8908225637d,266bd998df907f9d5064d7f4c208b200,,,11147.116821,10.0.2.15,54169,37.252.172.39,443,tcp,11.42875400000048,3604.0,3906.0,SF,True,False,0,ShADadfF,11,4052,13,4430,ssl,0
11147.560074,CnJQEp21fnw1GGCCFe,10.0.2.15,54168,37.252.172.39,443,TLSv12,TLS_ECDHE_RSA_WITH_AES_256_GCM_SHA384,,secure.adnxs.com,True,True,CsiI,,,,1a5fe5677b0e4fbbc854e8908225637d,266bd998df907f9d5064d7f4c208b200,,,11147.116009,10.0.2.15,54168,37.252.172.39,443,tcp,11.426792000000203,3603.0,3908.0,SF,True,False,0,ShADadfF,11,4051,14,4472,ssl,0
11147.567173,CPsCZ51TzRnnNduZv5,10.0.2.15,54167,37.252.172.39,443,TLSv12,TLS_ECDHE_RSA_WITH_AES_256_GCM_SHA384,,secure.adnxs.com,True,True,CsiI,,,,1a5fe5677b0e4fbbc854e8908225637d,266bd998df907f9d5064d7f4c208b200,,,11147.11383,10.0.2.15,54167,37.252.172.39,443,tcp,11.43073000000004,3437.0,1027.0,SF,True,False,0,ShADadfF,9,3805,10,1431,ssl,0
11147.575286,CQKLbk1obSspqR5Gr3,10.0.2.15,54164,63.215.202.75,443,TLSv12,TLS_RSA_WITH_3DES_EDE_CBC_SHA,,media.msg.dotomi.com,True,True,CsiI,,,,0ffee3ba8e615ad22535e7f771690a28,66a6571ef756b3c9e82b3fd802bbcac2,,,11147.103774,10.0.2.15,54164,63.215.202.75,443,tcp,14.789066000001185,1306.0,942.0,SF,True,False,0,ShADadTFf,10,1715,10,1346,ssl,0
11147.545015,C9LO8i4ZM9kX5hjoR7,10.0.2.15,54171,62.67.193.97,443,TLSv12,TLS_RSA_WITH_AES_256_CBC_SHA,,fastlane.rubiconproject.com,False,True,CsxnGIi,"['323de379ee34a94e415f63b56183d0d5d0e5a863f4ac89f97dc40ae81cc021c8', '154c433c491929c5ef686e838e323664a00e6a0d822ccc958fb4dab03e49a08f']",[],1.0,0ffee3ba8e615ad22535e7f771690a28,0a917d753018dad73d9899ace370f8d8,,,11147.118265,10.0.2.15,54171,62.67.193.97,443,tcp,14.75105000000076,5916.0,10681.0,SF,True,False,0,ShADadFf,15,6524,19,11445,ssl,0
11147.547133,CcLGXZ215YavPjf9Ri,10.0.2.15,54170,62.67.193.97,443,TLSv12,TLS_RSA_WITH_AES_256_CBC_SHA,,fastlane.rubiconproject.com,False,True,CsxnGIi,"['323de379ee34a94e415f63b56183d0d5d0e5a863f4ac89f97dc40ae81cc021c8', '154c433c491929c5ef686e838e323664a00e6a0d822ccc958fb4dab03e49a08f']",[],1.0,0ffee3ba8e615ad22535e7f771690a28,0a917d753018dad73d9899ace370f8d8,,,11147.117271,10.0.2.15,54170,62.67.193.97,443,tcp,17.28186900000037,5916.0,11155.0,SF,True,False,0,ShADadFf,15,6524,19,11919,ssl,0
11147.572236,Cb0Biv3ZnkO7uYy6g7,10.0.2.15,54166,62.67.193.97,443,TLSv12,TLS_RSA_WITH_AES_256_CBC_SHA,,fastlane.rubiconproject.com,False,True,CsxnGIi,"['323de379ee34a94e415f63b56183d0d5d0e5a863f4ac89f97dc40ae81cc021c8', '154c433c491929c5ef686e838e323664a00e6a0d822ccc958fb4dab03e49a08f']",[],1.0,0ffee3ba8e615ad22535e7f771690a28,0a917d753018dad73d9899ace370f8d8,,,11147.10549,10.0.2.15,54166,62.67.193.97,443,tcp,12.548682000000554,631.0,2719.0,SF,True,False,0,ShADadTFf,10,1040,10,3123,ssl,0
11147.574201,CpSLWd13h0tzkxRqe7,10.0.2.15,54165,62.67.193.97,443,TLSv12,TLS_RSA_WITH_AES_256_CBC_SHA,,fastlane.rubiconproject.com,False,True,CsxnGIi,"['323de379ee34a94e415f63b56183d0d5d0e5a863f4ac89f97dc40ae81cc021c8', '154c433c491929c5ef686e838e323664a00e6a0d822ccc958fb4dab03e49a08f']",[],1.0,0ffee3ba8e615ad22535e7f771690a28,0a917d753018dad73d9899ace370f8d8,,,11147.10475,10.0.2.15,54165,62.67.193.97,443,tcp,12.80736099999922,631.0,2719.0,SF,True,False,0,ShADadTFf,10,1040,10,3123,ssl,0
11148.594776,C5X12T3JXsRUyq4gPg,10.0.2.15,54172,63.215.202.75,443,TLSv12,TLS_RSA_WITH_3DES_EDE_CBC_SHA,,media.msg.dotomi.com,True,True,CsiI,,,,0ffee3ba8e615ad22535e7f771690a28,66a6571ef756b3c9e82b3fd802bbcac2,,,11147.858257,10.0.2.15,54172,63.215.202.75,443,tcp,14.038135000000691,325.0,145.0,SF,True,False,0,ShADadTFf,8,654,8,469,ssl,0
11150.075713,CsAMF2361T53zxfXpj,10.0.2.15,54176,185.33.220.5,443,TLSv12,TLS_ECDHE_RSA_WITH_AES_256_GCM_SHA384,,secure-ams.adnxs.com,True,True,CsiI,,,,1a5fe5677b0e4fbbc854e8908225637d,266bd998df907f9d5064d7f4c208b200,,,11149.659741,10.0.2.15,54176,185.33.220.5,443,tcp,11.046653999999762,4740.0,1100.0,SF,True,False,0,ShADadfF,10,5148,11,1544,ssl,0
11150.077108,CyMRBq1C2Z3z4Z5cbl,10.0.2.15,54175,172.217.23.226,443,TLSv12,TLS_ECDHE_RSA_WITH_AES_128_GCM_SHA256,,adx.g.doubleclick.net,True,True,CsiI,,,,1a5fe5677b0e4fbbc854e8908225637d,67619a80665d7ab92d1041b1d11f9164,h2,,11149.658749,10.0.2.15,54175,172.217.23.226,443,tcp,714.6141069999994,7224.0,2260.0,SF,True,False,0,ShADadFf,59,9592,65,4864,ssl,0
11150.071204,CIjIDT3zkSCEotMvLj,10.0.2.15,54178,185.33.220.5,443,TLSv12,TLS_ECDHE_RSA_WITH_AES_256_GCM_SHA384,,secure-ams.adnxs.com,True,True,CsiI,,,,1a5fe5677b0e4fbbc854e8908225637d,266bd998df907f9d5064d7f4c208b200,,,11149.662112,10.0.2.15,54178,185.33.220.5,443,tcp,18.77362100000028,10369.0,14626.0,SF,True,False,0,ShADadfTF,20,11178,28,15750,ssl,0
11150.072546,CJXy9N3tUsmt0xCst7,10.0.2.15,54177,185.33.220.5,443,TLSv12,TLS_ECDHE_RSA_WITH_AES_256_GCM_SHA384,,secure-ams.adnxs.com,True,True,CsiI,,,,1a5fe5677b0e4fbbc854e8908225637d,266bd998df907f9d5064d7f4c208b200,,,11149.660476,10.0.2.15,54177,185.33.220.5,443,tcp,18.773095000000467,10313.0,14518.0,SF,True,False,0,ShADadfTF,21,11162,29,15682,ssl,0
11154.864497,CtLGvh2Pk8NOwsp6z4,10.0.2.15,54179,37.252.172.39,443,TLSv12,TLS_ECDHE_RSA_WITH_AES_256_GCM_SHA384,,secure.adnxs.com,True,True,CsiI,,,,1a5fe5677b0e4fbbc854e8908225637d,266bd998df907f9d5064d7f4c208b200,,,11154.435638,10.0.2.15,54179,37.252.172.39,443,tcp,7.441700999999739,599.0,141.0,SF,True,False,0,ShADadFf,7,887,7,425,ssl,0
11156.980211,CWnPs12H46clXwWCOe,10.0.2.15,54182,185.33.220.5,443,TLSv12,TLS_ECDHE_RSA_WITH_AES_256_GCM_SHA384,,secure-ams.adnxs.com,True,True,CsiI,,,,1a5fe5677b0e4fbbc854e8908225637d,266bd998df907f9d5064d7f4c208b200,,,11156.241095,10.0.2.15,54182,185.33.220.5,443,tcp,11.985264000000823,4744.0,1099.0,SF,True,False,0,ShADadfF,11,5192,11,1543,ssl,0
11163.225344,CbG5tq1UgFBmbrQaia,10.0.2.15,54188,80.252.91.52,443,TLSv12,TLS_RSA_WITH_AES_256_CBC_SHA,,bs.serving-sys.com,False,True,CsxnGIi,"['da83f8402756964819e846696c134edb748ee8801ff17fcfd761d886058327c8', '3f3af9c9cc2c7599ef8f6dd7ca516cfc1797d7d12002254f3bfd0d4d0fe9de86']",[],1.0,0ffee3ba8e615ad22535e7f771690a28,0a917d753018dad73d9899ace370f8d8,,,11162.734847,10.0.2.15,54188,80.252.91.52,443,tcp,13.972803000000567,2611.0,5211.0,SF,True,False,0,ShADadfF,12,3099,13,5735,ssl,0
11163.221138,CZdf3y1WFQtImr7Nw5,10.0.2.15,54189,69.172.216.55,443,TLSv12,TLS_ECDHE_RSA_WITH_AES_128_GCM_SHA256,secp256r1,pixel.adsafeprotected.com,False,True,CsxknGIti,"['2883331a8fbeed598390c6c5e24f65c9c90ce58027c1b02b57604432120f5e4f', 'bc3f03a436240edba5f83714f6f677e34b37f9b1f0c08c1e558d981e279e8209']",[],1.0,1a5fe5677b0e4fbbc854e8908225637d,8d2a028aa94425f76ced7826b1f39039,http/1.1,,11162.743519,10.0.2.15,54189,69.172.216.55,443,tcp,5.687558999999965,1209.0,53287.0,SF,True,False,0,ShADadfF,21,2057,57,55571,ssl,0
11163.230343,CAuBY51hE9UesP4454,10.0.2.15,54187,23.219.91.66,443,TLSv12,TLS_ECDHE_ECDSA_WITH_AES_256_GCM_SHA384,secp256r1,a248.e.akamai.net,False,True,CsxuknGIti,"['56d0de4121d9daaea7a1ed67ff7b49ba2ea3d77cbab1c27901ee618b74a29e16', '2e2861289b5ccedecae4c31bf262e0fb0c29b6c1530573442731ca65d821e901']",[],1.0,0ffee3ba8e615ad22535e7f771690a28,ca6f3b7b341bf732d741bd93e9b37436,http/1.1,,11162.730293,10.0.2.15,54187,23.219.91.66,443,tcp,128.37841200000005,749.0,69887.0,SF,True,False,0,ShADadTTFfRr,36,2209,80,73091,ssl,0
11163.250346,CN1iRH1XDAWIoxoJDj,10.0.2.15,54185,80.252.91.52,443,TLSv12,TLS_RSA_WITH_AES_256_CBC_SHA,,bs.serving-sys.com,False,True,CsxnGIi,"['da83f8402756964819e846696c134edb748ee8801ff17fcfd761d886058327c8', '3f3af9c9cc2c7599ef8f6dd7ca516cfc1797d7d12002254f3bfd0d4d0fe9de86']",[],1.0,0ffee3ba8e615ad22535e7f771690a28,0a917d753018dad73d9899ace370f8d8,,,11162.728488,10.0.2.15,54185,80.252.91.52,443,tcp,15.89700399999856,2595.0,5195.0,SF,True,False,0,ShADadTfF,13,3124,14,5759,ssl,0
11163.2328,CV1nSL1105rlZQxKAh,10.0.2.15,54186,69.172.216.55,443,TLSv12,TLS_ECDHE_RSA_WITH_AES_128_GCM_SHA256,secp256r1,pixel.adsafeprotected.com,False,True,CsxknGIti,"['2883331a8fbeed598390c6c5e24f65c9c90ce58027c1b02b57604432120f5e4f', 'bc3f03a436240edba5f83714f6f677e34b37f9b1f0c08c1e558d981e279e8209']",[],1.0,1a5fe5677b0e4fbbc854e8908225637d,8d2a028aa94425f76ced7826b1f39039,http/1.1,,11162.729341,10.0.2.15,54186,69.172.216.55,443,tcp,6.119070999999167,1209.0,53288.0,SF,True,False,0,ShADadfF,20,2017,55,55492,ssl,0
11163.87146,CEL1A21sgBnUSZzE8e,10.0.2.15,54195,80.252.91.52,443,TLSv12,TLS_RSA_WITH_AES_256_CBC_SHA,,bs.serving-sys.com,False,True,CsxnGIi,"['da83f8402756964819e846696c134edb748ee8801ff17fcfd761d886058327c8', '3f3af9c9cc2c7599ef8f6dd7ca516cfc1797d7d12002254f3bfd0d4d0fe9de86']",[],1.0,0ffee3ba8e615ad22535e7f771690a28,0a917d753018dad73d9899ace370f8d8,,,11163.220181,10.0.2.15,54195,80.252.91.52,443,tcp,9.157530999998926,622.0,2673.0,SF,True,False,0,ShADadFf,9,990,9,3037,ssl,0
11163.879945,CendlE1XdU9Yz4lBxj,10.0.2.15,54194,80.252.91.52,443,TLSv12,TLS_RSA_WITH_AES_256_CBC_SHA,,bs.serving-sys.com,False,True,CsxnGIi,"['da83f8402756964819e846696c134edb748ee8801ff17fcfd761d886058327c8', '3f3af9c9cc2c7599ef8f6dd7ca516cfc1797d7d12002254f3bfd0d4d0fe9de86']",[],1.0,0ffee3ba8e615ad22535e7f771690a28,0a917d753018dad73d9899ace370f8d8,,,11163.219614,10.0.2.15,54194,80.252.91.52,443,tcp,7.791778000000704,622.0,2673.0,SF,True,False,0,ShADadFf,9,990,9,3037,ssl,0
11163.886304,C2JtLS3zvIJ317kGi4,10.0.2.15,54192,23.219.91.66,443,TLSv12,TLS_ECDHE_ECDSA_WITH_AES_256_GCM_SHA384,secp256r1,a248.e.akamai.net,False,True,CsxuknGIti,"['56d0de4121d9daaea7a1ed67ff7b49ba2ea3d77cbab1c27901ee618b74a29e16', '2e2861289b5ccedecae4c31bf262e0fb0c29b6c1530573442731ca65d821e901']",[],1.0,0ffee3ba8e615ad22535e7f771690a28,ca6f3b7b341bf732d741bd93e9b37436,http/1.1,,11163.217542,10.0.2.15,54192,23.219.91.66,443,tcp,9.143094999999448,351.0,3929.0,SF,True,False,0,ShADadFfRr,11,799,12,4413,ssl,0
11163.88075,CMJv0G1FR3s5ViIBy7,10.0.2.15,54193,69.172.216.55,443,TLSv12,TLS_ECDHE_RSA_WITH_AES_128_GCM_SHA256,secp256r1,pixel.adsafeprotected.com,False,True,CsxknGIti,"['2883331a8fbeed598390c6c5e24f65c9c90ce58027c1b02b57604432120f5e4f', 'bc3f03a436240edba5f83714f6f677e34b37f9b1f0c08c1e558d981e279e8209']",[],1.0,0ffee3ba8e615ad22535e7f771690a28,ccc514751b175866924439bdbb5bba34,,,11163.21864,10.0.2.15,54193,69.172.216.55,443,tcp,8.185499000001073,391.0,2976.0,SF,True,False,0,ShADadFf,9,759,9,3340,ssl,0
11167.331434,CXiVxv4Uy88kdFzeSf,10.0.2.15,54206,95.100.189.14,443,TLSv12,TLS_ECDHE_RSA_WITH_AES_256_GCM_SHA384,secp256r1,c.betrad.com,False,True,CsxknGIti,"['7ef605453ea4270ffdf213446d71e9b95c17f98dcac16150fdb9c0cd67008f78', 'eae72eb454bf6c3977ebd289e970b2f5282949190093d0d26f98d0f0d6a9cf17', '8420dfbe376f414bf4c0a81e6936d24ccc03f304835b86c7a39142fca723a689']",[],1.0,0ffee3ba8e615ad22535e7f771690a28,2b33c1374db4ddf06942f92373c0b54b,http/1.1,,11166.802667,10.0.2.15,54206,95.100.189.14,443,tcp,164.95109500000035,1932.0,13906.0,SF,True,False,0,ShADadTTFf,32,3234,37,15390,ssl,0
11174.222285,CTvUxPmWliOK7vn1c,10.0.2.15,54212,95.100.185.88,443,TLSv12,TLS_ECDHE_RSA_WITH_AES_256_GCM_SHA384,,secure-ds.serving-sys.com,True,True,CsiI,,,,1a5fe5677b0e4fbbc854e8908225637d,410b9bedaf65dd26c6fe547154d60db4,http/1.1,,11172.489085,10.0.2.15,54212,95.100.185.88,443,tcp,11.35532300000159,599.0,183.0,SF,True,False,0,ShADadFfRr,9,967,9,547,ssl,0
11174.227243,CEJhy81rF305ma5Qy8,10.0.2.15,54213,95.100.185.88,443,TLSv12,TLS_ECDHE_RSA_WITH_AES_256_GCM_SHA384,,secure-ds.serving-sys.com,True,True,CsiI,,,,1a5fe5677b0e4fbbc854e8908225637d,410b9bedaf65dd26c6fe547154d60db4,http/1.1,,11172.503586,10.0.2.15,54213,95.100.185.88,443,tcp,11.340770999999222,599.0,183.0,SF,True,False,0,ShADadFfRr,9,967,9,547,ssl,0
11175.07347,CEq6sR1raQQ1FRchi,10.0.2.15,54218,54.192.93.194,443,TLSv12,TLS_ECDHE_RSA_WITH_AES_128_GCM_SHA256,secp256r1,cdn.adsafeprotected.com,False,True,CsxuknGIti,"['2883331a8fbeed598390c6c5e24f65c9c90ce58027c1b02b57604432120f5e4f', 'bc3f03a436240edba5f83714f6f677e34b37f9b1f0c08c1e558d981e279e8209']",[],1.0,0ffee3ba8e615ad22535e7f771690a28,76cc3e2d3028143b23ec18e27dbd7ca9,http/1.1,,11174.243923,10.0.2.15,54218,54.192.93.194,443,tcp,2.515348000000813,713.0,20005.0,SF,True,False,0,ShADadFf,15,1321,25,21009,ssl,0
11175.08108,Cs7d3K3Jw5QyEce672,10.0.2.15,54216,192.33.31.72,443,TLSv12,TLS_ECDHE_RSA_WITH_AES_128_GCM_SHA256,,www.timeanddate.com,True,True,CsiI,,,,1a5fe5677b0e4fbbc854e8908225637d,7bee5c1d424b7e5f943b06983bb11422,http/1.1,,11174.236916,10.0.2.15,54216,192.33.31.72,443,tcp,9.58082099999956,599.0,152.0,SF,True,False,0,ShADadFf,8,927,7,436,ssl,0
11175.082784,CNuMjD3dEkENF49Z76,10.0.2.15,54215,192.33.31.72,443,TLSv12,TLS_ECDHE_RSA_WITH_AES_128_GCM_SHA256,,www.timeanddate.com,True,True,CsiI,,,,1a5fe5677b0e4fbbc854e8908225637d,7bee5c1d424b7e5f943b06983bb11422,http/1.1,,11174.230061,10.0.2.15,54215,192.33.31.72,443,tcp,9.59313800000018,599.0,152.0,SF,True,False,0,ShADadFf,8,927,7,436,ssl,0
11175.050792,CQSydq3GbqsrD370n3,10.0.2.15,54219,69.172.216.55,443,TLSv12,TLS_ECDHE_RSA_WITH_AES_128_GCM_SHA256,secp256r1,pixel.adsafeprotected.com,False,True,CsxknGIti,"['2883331a8fbeed598390c6c5e24f65c9c90ce58027c1b02b57604432120f5e4f', 'bc3f03a436240edba5f83714f6f677e34b37f9b1f0c08c1e558d981e279e8209']",[],1.0,1a5fe5677b0e4fbbc854e8908225637d,ccc514751b175866924439bdbb5bba34,,,11174.246298,10.0.2.15,54219,69.172.216.55,443,tcp,5.138817999999446,674.0,2976.0,SF,True,False,0,ShADadFf,9,1042,9,3340,ssl,0
11175.089739,Ce7inG2virU36seHxc,10.0.2.15,54220,172.217.23.194,443,TLSv12,TLS_ECDHE_RSA_WITH_AES_128_GCM_SHA256,,cm.g.doubleclick.net,True,True,CsiI,,,,1a5fe5677b0e4fbbc854e8908225637d,67619a80665d7ab92d1041b1d11f9164,h2,,11174.246877,10.0.2.15,54220,172.217.23.194,443,tcp,5.61902100000043,1423.0,664.0,SF,True,False,0,ShADadFf,16,2071,18,1388,ssl,0
11175.076262,CsrKes4xCyHEhn3GNj,10.0.2.15,54217,69.172.216.55,443,TLSv12,TLS_ECDHE_RSA_WITH_AES_128_GCM_SHA256,secp256r1,pixel.adsafeprotected.com,False,True,CsxknGIti,"['2883331a8fbeed598390c6c5e24f65c9c90ce58027c1b02b57604432120f5e4f', 'bc3f03a436240edba5f83714f6f677e34b37f9b1f0c08c1e558d981e279e8209']",[],1.0,1a5fe5677b0e4fbbc854e8908225637d,8d2a028aa94425f76ced7826b1f39039,http/1.1,,11174.242171,10.0.2.15,54217,69.172.216.55,443,tcp,5.639538999999786,674.0,3007.0,SF,True,False,0,ShADadFf,9,1042,9,3371,ssl,0
11175.45326,CHUUR44wMzU4QHCwK1,10.0.2.15,54221,192.33.31.72,443,TLSv12,TLS_ECDHE_RSA_WITH_AES_128_GCM_SHA256,,www.timeanddate.com,True,True,CsiI,,,,1a5fe5677b0e4fbbc854e8908225637d,7bee5c1d424b7e5f943b06983bb11422,http/1.1,,11174.774452,10.0.2.15,54221,192.33.31.72,443,tcp,9.055053000000044,599.0,152.0,SF,True,False,0,ShADadFf,7,887,7,436,ssl,0
11175.450628,CGfP8f4sZlhQykVkpl,10.0.2.15,54222,69.172.216.55,443,TLSv12,TLS_ECDHE_RSA_WITH_AES_128_GCM_SHA256,secp256r1,pixel.adsafeprotected.com,False,True,CsxknGIti,"['2883331a8fbeed598390c6c5e24f65c9c90ce58027c1b02b57604432120f5e4f', 'bc3f03a436240edba5f83714f6f677e34b37f9b1f0c08c1e558d981e279e8209']",[],1.0,1a5fe5677b0e4fbbc854e8908225637d,8d2a028aa94425f76ced7826b1f39039,http/1.1,,11174.776842,10.0.2.15,54222,69.172.216.55,443,tcp,9.798797999999806,674.0,3007.0,SF,True,False,0,ShADadFf,9,1042,9,3371,ssl,0
11176.202278,CdWfUM2H4MCsqklEh1,10.0.2.15,54224,185.33.220.26,443,TLSv12,TLS_ECDHE_RSA_WITH_AES_256_GCM_SHA384,secp256r1,secure-ams.adnxs.com,False,True,CsxuknGIti,"['5b081650e8034418a37504ce0820892be5a66474578207711eb688243fe1a8f2', '074541ecdf88ed992ed5ade3ecddef27a26ba1b44480a195c0a8dadae2521d8e']",[],1.0,0ffee3ba8e615ad22535e7f771690a28,d53e4608f956df65bb2b8a8c4d3b025d,,,11175.469716,10.0.2.15,54224,185.33.220.26,443,tcp,14.151857000000746,5399.0,5825.0,SF,True,False,0,ShADadfF,14,5967,16,6469,ssl,0
11176.203525,CPgktW3rrr6P5Z6ym,10.0.2.15,54223,185.33.220.26,443,TLSv12,TLS_ECDHE_RSA_WITH_AES_256_GCM_SHA384,secp256r1,secure-ams.adnxs.com,False,True,CsxuknGIti,"['5b081650e8034418a37504ce0820892be5a66474578207711eb688243fe1a8f2', '074541ecdf88ed992ed5ade3ecddef27a26ba1b44480a195c0a8dadae2521d8e']",[],1.0,0ffee3ba8e615ad22535e7f771690a28,d53e4608f956df65bb2b8a8c4d3b025d,,,11175.459186,10.0.2.15,54223,185.33.220.26,443,tcp,14.340915999999195,5439.0,5826.0,SF,True,False,0,ShADadfF,14,6007,16,6470,ssl,0
11176.214531,C3qGs74eNFnUrL0Upb,10.0.2.15,54225,54.173.158.125,443,TLSv12,TLS_ECDHE_RSA_WITH_AES_128_GCM_SHA256,secp256r1,l.betrad.com,False,True,CsxknGIti,"['684e0613784971f0e2ebbf5821ba0f738c5d4a8937210a129517d3571063d308', '973a41276ffd01e027a2aad49e34c37846d3e976ff6a620b6712e33832041aa6', '3a2fbe92891e57fe05d57087f48e730f17e5a5f53ef403d618e5b74d7a7e6ecb', 'c3846bf24b9e93ca64274c0ec67c1ecc5e024ffcacd2d74019350e81fe546ae4']",[],1.0,0ffee3ba8e615ad22535e7f771690a28,8d2a028aa94425f76ced7826b1f39039,h2,,11175.471835,10.0.2.15,54225,54.173.158.125,443,tcp,9.945838999999978,856.0,5673.0,SF,True,False,0,ShADadFf,15,1464,18,6397,ssl,0
11182.25192,Cludld4ojnAlPF8HPl,10.0.2.15,54228,185.33.220.26,443,TLSv12,TLS_ECDHE_RSA_WITH_AES_256_GCM_SHA384,,secure-ams.adnxs.com,True,True,CsiI,,,,1a5fe5677b0e4fbbc854e8908225637d,266bd998df907f9d5064d7f4c208b200,,,11179.357306,10.0.2.15,54228,185.33.220.26,443,tcp,10.297135000000708,599.0,141.0,SF,True,False,0,ShADadFf,7,887,7,425,ssl,0
11182.252453,Cnf6MV21pk7untnIhc,10.0.2.15,54227,185.33.220.26,443,TLSv12,TLS_ECDHE_RSA_WITH_AES_256_GCM_SHA384,,secure-ams.adnxs.com,True,True,CsiI,,,,1a5fe5677b0e4fbbc854e8908225637d,266bd998df907f9d5064d7f4c208b200,,,11179.355834,10.0.2.15,54227,185.33.220.26,443,tcp,10.289316000000326,599.0,141.0,SF,True,False,0,ShADadFf,7,887,7,425,ssl,0
11181.716295,CghCSY11eJGelqQGIf,10.0.2.15,54226,185.33.220.26,443,TLSv12,TLS_ECDHE_RSA_WITH_AES_256_GCM_SHA384,,secure-ams.adnxs.com,True,True,CsiI,,,,1a5fe5677b0e4fbbc854e8908225637d,266bd998df907f9d5064d7f4c208b200,,,11179.355239,10.0.2.15,54226,185.33.220.26,443,tcp,13.91158600000017,5667.0,1117.0,SF,True,False,0,ShADadfF,12,6155,12,1601,ssl,0
11182.251275,CASbEb2vjdra0JGTch,10.0.2.15,54229,185.33.220.26,443,TLSv12,TLS_ECDHE_RSA_WITH_AES_256_GCM_SHA384,,secure-ams.adnxs.com,True,True,CsiI,,,,1a5fe5677b0e4fbbc854e8908225637d,266bd998df907f9d5064d7f4c208b200,,,11179.35845,10.0.2.15,54229,185.33.220.26,443,tcp,13.907619999999952,5705.0,1100.0,SF,True,False,0,ShADadfF,12,6193,12,1584,ssl,0
11183.091444,CnYxHq4kY3UyqhtO0k,10.0.2.15,54231,151.101.112.230,443,TLSv12,TLS_ECDHE_RSA_WITH_AES_128_GCM_SHA256,,c.tadst.com,True,True,CsiI,,,,1a5fe5677b0e4fbbc854e8908225637d,1d0e57c6ae42e9204defa51e5e1cdc4c,http/1.1,,11182.254817,10.0.2.15,54231,151.101.112.230,443,tcp,204.29273900000044,2210.0,8782.0,SF,True,False,0,ShADadTTFfRr,36,3676,40,10386,ssl,0
11183.292056,C36Xlalle1VmkoRud,10.0.2.15,54232,151.101.112.230,443,TLSv12,TLS_ECDHE_RSA_WITH_AES_128_GCM_SHA256,,c.tadst.com,True,True,CsiI,,,,1a5fe5677b0e4fbbc854e8908225637d,1d0e57c6ae42e9204defa51e5e1cdc4c,http/1.1,,11182.556084,10.0.2.15,54232,151.101.112.230,443,tcp,201.62910100000045,1861.0,4006.0,SF,True,False,0,ShADadTTFfRr,35,3288,37,5490,ssl,0
11185.173387,C0pukj1H2ltFo1WtT7,10.0.2.15,54233,63.215.202.75,443,TLSv12,TLS_RSA_WITH_3DES_EDE_CBC_SHA,,media.msg.dotomi.com,True,True,CsiI,,,,0ffee3ba8e615ad22535e7f771690a28,66a6571ef756b3c9e82b3fd802bbcac2,,,11184.048626,10.0.2.15,54233,63.215.202.75,443,tcp,7.768648999999641,1298.0,942.0,SF,True,False,0,ShADadFf,10,1706,10,1346,ssl,0
11185.171284,CsbZ8y2KUDnwc2tmnd,10.0.2.15,54234,62.67.193.97,443,TLSv12,TLS_RSA_WITH_AES_256_CBC_SHA,,fastlane.rubiconproject.com,False,True,CsxnGIi,"['323de379ee34a94e415f63b56183d0d5d0e5a863f4ac89f97dc40ae81cc021c8', '154c433c491929c5ef686e838e323664a00e6a0d822ccc958fb4dab03e49a08f']",[],1.0,0ffee3ba8e615ad22535e7f771690a28,0a917d753018dad73d9899ace370f8d8,,,11184.053133,10.0.2.15,54234,62.67.193.97,443,tcp,12.073825999999826,5932.0,10617.0,SF,True,False,0,ShADadFf,15,6540,19,11381,ssl,0
11185.170308,CJoNsgSEMG3AYm68f,10.0.2.15,54235,62.67.193.97,443,TLSv12,TLS_RSA_WITH_AES_256_CBC_SHA,,fastlane.rubiconproject.com,False,True,CsxnGIi,"['323de379ee34a94e415f63b56183d0d5d0e5a863f4ac89f97dc40ae81cc021c8', '154c433c491929c5ef686e838e323664a00e6a0d822ccc958fb4dab03e49a08f']",[],1.0,0ffee3ba8e615ad22535e7f771690a28,0a917d753018dad73d9899ace370f8d8,,,11184.054818,10.0.2.15,54235,62.67.193.97,443,tcp,12.072047999999995,5932.0,10745.0,SF,True,False,0,ShADadFf,15,6540,19,11509,ssl,0
11185.155564,C1jpwq1T5dLGqYd51e,10.0.2.15,54238,34.200.149.55,443,TLSv12,TLS_ECDHE_RSA_WITH_AES_128_GCM_SHA256,secp256r1,rtb.districtm.io,False,True,CsxknGIi,"['80179192639122e84e9dab4155cde886298475a5d414c969651df665ada1fed5', '02ab57e4e67a0cb48dd2ff34830e8ac40f4476fb08ca6be3f5cd846f646840f0', '4f32d5dc00f715250abcc486511e37f501a899deb3bf7ea8adbbd3aef1c412da', '687fa451382278fff0c8b11f8d43d576671c6eb2bceab413fb83d965d06d2ff2']",[],1.0,0ffee3ba8e615ad22535e7f771690a28,303951d4c50efb2e991652225a6f02b1,,,11184.057645,10.0.2.15,54238,34.200.149.55,443,tcp,66.21698399999877,797.0,6296.0,SF,True,False,0,ShADadTFf,16,1450,20,7100,ssl,0
11185.150919,C8Fm41V6jJvreM8f3,10.0.2.15,54241,37.252.172.39,443,TLSv12,TLS_ECDHE_RSA_WITH_AES_256_GCM_SHA384,,secure.adnxs.com,True,True,CsiI,,,,1a5fe5677b0e4fbbc854e8908225637d,266bd998df907f9d5064d7f4c208b200,,,11184.063432,10.0.2.15,54241,37.252.172.39,443,tcp,12.050927999998748,3600.0,3902.0,SF,True,False,0,ShADadfF,10,4008,14,4466,ssl,0
11185.151748,Ciwp722XY2jxvN6Xme,10.0.2.15,54240,37.252.172.39,443,TLSv12,TLS_ECDHE_RSA_WITH_AES_256_GCM_SHA384,,secure.adnxs.com,True,True,CsiI,,,,1a5fe5677b0e4fbbc854e8908225637d,266bd998df907f9d5064d7f4c208b200,,,11184.062625,10.0.2.15,54240,37.252.172.39,443,tcp,12.06022800000028,3599.0,3902.0,SF,True,False,0,ShADadfTF,13,4128,15,4506,ssl,0
11185.159154,CvNih2CQdiALrhk6f,10.0.2.15,54237,37.252.172.39,443,TLSv12,TLS_ECDHE_RSA_WITH_AES_256_GCM_SHA384,,secure.adnxs.com,True,True,CsiI,,,,1a5fe5677b0e4fbbc854e8908225637d,266bd998df907f9d5064d7f4c208b200,,,11184.056718,10.0.2.15,54237,37.252.172.39,443,tcp,12.066624000000957,3521.0,4829.0,SF,True,False,0,ShADadfF,12,4009,15,5433,ssl,0
11185.160074,COUM6w4pyZMuvqcXng,10.0.2.15,54236,37.252.172.39,443,TLSv12,TLS_ECDHE_RSA_WITH_AES_256_GCM_SHA384,,secure.adnxs.com,True,True,CsiI,,,,1a5fe5677b0e4fbbc854e8908225637d,266bd998df907f9d5064d7f4c208b200,,,11184.056089,10.0.2.15,54236,37.252.172.39,443,tcp,14.407429000000777,6388.0,5693.0,SF,True,False,0,ShADadfF,14,6956,18,6417,ssl,0
11185.15438,CRuDow4VJQIqiQJMp1,10.0.2.15,54239,34.200.149.55,443,TLSv12,TLS_ECDHE_RSA_WITH_AES_128_GCM_SHA256,secp256r1,rtb.districtm.io,False,True,CsxknGIi,"['80179192639122e84e9dab4155cde886298475a5d414c969651df665ada1fed5', '02ab57e4e67a0cb48dd2ff34830e8ac40f4476fb08ca6be3f5cd846f646840f0', '4f32d5dc00f715250abcc486511e37f501a899deb3bf7ea8adbbd3aef1c412da', '687fa451382278fff0c8b11f8d43d576671c6eb2bceab413fb83d965d06d2ff2']",[],1.0,0ffee3ba8e615ad22535e7f771690a28,303951d4c50efb2e991652225a6f02b1,,,11184.0616,10.0.2.15,54239,34.200.149.55,443,tcp,66.2247329999991,798.0,6297.0,SF,True,False,0,ShADadTFf,17,1491,20,7101,ssl,0
11188.749024,CUbxRk3Uwzo3skXiq5,10.0.2.15,54244,172.217.23.194,443,TLSv12,TLS_ECDHE_RSA_WITH_AES_128_GCM_SHA256,,cm.g.doubleclick.net,True,True,CsiI,,,,1a5fe5677b0e4fbbc854e8908225637d,67619a80665d7ab92d1041b1d11f9164,h2,,11188.402782,10.0.2.15,54244,172.217.23.194,443,tcp,719.0267640000002,9643.0,5659.0,SF,True,False,0,ShADadFf,85,13051,107,9943,ssl,0
11188.750339,CWCmLj2QqkEDaGL0na,10.0.2.15,54243,178.250.0.101,443,TLSv12,TLS_RSA_WITH_AES_128_CBC_SHA,,cas.fr.eu.criteo.com,True,True,CsiI,,,,0ffee3ba8e615ad22535e7f771690a28,5dcc087b1a1d0a5b0658981a7e8b2c3c,,,11188.401746,10.0.2.15,54243,178.250.0.101,443,tcp,10.45360299999993,4378.0,5375.0,SF,True,False,0,ShADadfF,12,4866,15,5979,ssl,0
11188.748119,CdYS8G3kcsX4PUiV33,10.0.2.15,54245,178.250.2.102,443,TLSv12,TLS_RSA_WITH_AES_128_CBC_SHA,,cas.nl.eu.criteo.com,False,True,CsxnGIi,"['a788c1ddecb433aa62d9bbc337417f448ebc0389161863ee31b5c1decac74c87', 'eae72eb454bf6c3977ebd289e970b2f5282949190093d0d26f98d0f0d6a9cf17', '8420dfbe376f414bf4c0a81e6936d24ccc03f304835b86c7a39142fca723a689']",[],1.0,0ffee3ba8e615ad22535e7f771690a28,5dcc087b1a1d0a5b0658981a7e8b2c3c,,,11188.40498,10.0.2.15,54245,178.250.2.102,443,tcp,17.927325000000565,4661.0,9659.0,SF,True,False,0,ShADadTfF,15,5270,21,10503,ssl,0
11188.75212,CLyykZ2kTiVBoKg08,10.0.2.15,54242,95.101.243.22,443,TLSv12,TLS_ECDHE_RSA_WITH_AES_256_GCM_SHA384,secp256r1,partner.dell.com,False,True,CsxknGIti,"['ed9dc1ba297078054da18d125444a2759585a90e5588f60cd2570c86a2155acd', 'eae72eb454bf6c3977ebd289e970b2f5282949190093d0d26f98d0f0d6a9cf17']",[],1.0,0ffee3ba8e615ad22535e7f771690a28,2b33c1374db4ddf06942f92373c0b54b,http/1.1,,11188.394273,10.0.2.15,54242,95.101.243.22,443,tcp,129.44704099999944,1435.0,4692.0,SF,True,False,0,ShADadTTFfRr,24,2415,26,5736,ssl,0
11192.547372,CpAmgpnKuZbvQbjN1,10.0.2.15,54252,178.250.0.66,443,TLSv12,TLS_RSA_WITH_AES_128_CBC_SHA,,cat.fr.eu.criteo.com,False,True,CsxnGIi,"['8a258857ae6b43509c5769d79be153d2c41426a6c9fbdc79a626f601ad13560d', 'eae72eb454bf6c3977ebd289e970b2f5282949190093d0d26f98d0f0d6a9cf17', '8420dfbe376f414bf4c0a81e6936d24ccc03f304835b86c7a39142fca723a689']",[],1.0,0ffee3ba8e615ad22535e7f771690a28,5dcc087b1a1d0a5b0658981a7e8b2c3c,,,11192.21677,10.0.2.15,54252,178.250.0.66,443,tcp,15.471325999998951,5061.0,4786.0,SF,True,False,0,ShADadTfF,16,5710,18,5510,ssl,0
11192.551796,ClUUhs2mW2HCpW4QA5,10.0.2.15,54253,178.250.2.78,443,TLSv12,TLS_ECDHE_RSA_WITH_AES_256_GCM_SHA384,secp256r1,static.eu.criteo.net,False,True,CsxknGIi,"['67b0ecfd7b5de431162434de2de408b062ccc6b4122030ee8b8a65da71b70e4d', 'eae72eb454bf6c3977ebd289e970b2f5282949190093d0d26f98d0f0d6a9cf17']",[],1.0,0ffee3ba8e615ad22535e7f771690a28,a9e3ed16ee3208291487c8d2aa2ad924,,,11192.217637,10.0.2.15,54253,178.250.2.78,443,tcp,18.25727800000095,354.0,3103.0,SF,True,False,0,ShADadFTf,10,763,11,3547,ssl,0
11193.871403,CdjsB81Z3kQOo0TOk8,10.0.2.15,54254,172.217.23.225,443,TLSv12,TLS_ECDHE_RSA_WITH_AES_128_GCM_SHA256,,tpc.googlesyndication.com,True,True,CsiI,,,,1a5fe5677b0e4fbbc854e8908225637d,67619a80665d7ab92d1041b1d11f9164,h2,,11193.327292,10.0.2.15,54254,172.217.23.225,443,tcp,664.7450929999995,4126.0,321049.0,SF,True,False,0,ShADadFf,130,9334,338,334573,ssl,0
11193.863508,CDbhIk1BS9yYEDLuQb,10.0.2.15,54258,95.100.191.74,443,TLSv12,TLS_ECDHE_RSA_WITH_AES_256_GCM_SHA384,secp256r1,www.dell.com,False,True,CsxknGIti,"['42dbbd0e93f994eec9dbed6309f000ae3f8c0929ba4694ec8f471006fc6cc90a', 'eae72eb454bf6c3977ebd289e970b2f5282949190093d0d26f98d0f0d6a9cf17', '8420dfbe376f414bf4c0a81e6936d24ccc03f304835b86c7a39142fca723a689']",[],1.0,0ffee3ba8e615ad22535e7f771690a28,2b33c1374db4ddf06942f92373c0b54b,http/1.1,,11193.333908,10.0.2.15,54258,95.100.191.74,443,tcp,131.836679,4419.0,41797.0,SF,True,False,0,ShADadTTFfRr,37,5919,63,44321,ssl,0
11193.866737,CeL3zz4cTPUT9mrXf2,10.0.2.15,54257,178.250.2.66,443,TLSv12,TLS_RSA_WITH_AES_128_CBC_SHA,,cat.nl.eu.criteo.com,False,True,CsxnGIi,"['a788c1ddecb433aa62d9bbc337417f448ebc0389161863ee31b5c1decac74c87', 'eae72eb454bf6c3977ebd289e970b2f5282949190093d0d26f98d0f0d6a9cf17', '8420dfbe376f414bf4c0a81e6936d24ccc03f304835b86c7a39142fca723a689']",[],1.0,0ffee3ba8e615ad22535e7f771690a28,5dcc087b1a1d0a5b0658981a7e8b2c3c,,,11193.331863,10.0.2.15,54257,178.250.2.66,443,tcp,13.00339300000087,5045.0,4785.0,SF,True,False,0,ShADadfF,15,5653,17,5469,ssl,0
11193.870102,CM5lHq2etdZqh671S1,10.0.2.15,54255,178.250.2.66,443,TLSv12,TLS_RSA_WITH_AES_128_CBC_SHA,,cat.nl.eu.criteo.com,False,True,CsxnGIi,"['a788c1ddecb433aa62d9bbc337417f448ebc0389161863ee31b5c1decac74c87', 'eae72eb454bf6c3977ebd289e970b2f5282949190093d0d26f98d0f0d6a9cf17', '8420dfbe376f414bf4c0a81e6936d24ccc03f304835b86c7a39142fca723a689']",[],1.0,0ffee3ba8e615ad22535e7f771690a28,5dcc087b1a1d0a5b0658981a7e8b2c3c,,,11193.328751,10.0.2.15,54255,178.250.2.66,443,tcp,6.071424000001571,592.0,4412.0,SF,True,False,0,ShADadFf,10,1000,11,4856,ssl,0
11193.867335,CcGz9F6np3cMlIwjg,10.0.2.15,54256,178.250.2.78,443,TLSv12,TLS_ECDHE_RSA_WITH_AES_256_GCM_SHA384,secp256r1,static.eu.criteo.net,False,True,CsxknGIi,"['67b0ecfd7b5de431162434de2de408b062ccc6b4122030ee8b8a65da71b70e4d', 'eae72eb454bf6c3977ebd289e970b2f5282949190093d0d26f98d0f0d6a9cf17']",[],1.0,0ffee3ba8e615ad22535e7f771690a28,a9e3ed16ee3208291487c8d2aa2ad924,,,11193.329838,10.0.2.15,54256,178.250.2.78,443,tcp,18.10047300000042,386.0,3103.0,SF,True,False,0,ShADadFTf,11,835,11,3547,ssl,0
11194.975642,Cu3qmh5lA2PLFs9k6,10.0.2.15,54259,95.100.191.74,443,TLSv12,TLS_ECDHE_RSA_WITH_AES_256_GCM_SHA384,secp256r1,www.dell.com,False,True,CsxknGIti,"['42dbbd0e93f994eec9dbed6309f000ae3f8c0929ba4694ec8f471006fc6cc90a', 'eae72eb454bf6c3977ebd289e970b2f5282949190093d0d26f98d0f0d6a9cf17', '8420dfbe376f414bf4c0a81e6936d24ccc03f304835b86c7a39142fca723a689']",[],1.0,0ffee3ba8e615ad22535e7f771690a28,2b33c1374db4ddf06942f92373c0b54b,http/1.1,,11193.874197,10.0.2.15,54259,95.100.191.74,443,tcp,137.87287199999992,4618.0,177718.0,SF,True,False,0,ShADadTTFf,60,7038,177,184802,ssl,0
11199.061619,CovwUk2nkgITHqzVpc,10.0.2.15,54264,95.100.191.74,443,TLSv12,TLS_ECDHE_RSA_WITH_AES_256_GCM_SHA384,secp256r1,i.dell.com,False,True,CsxknGIti,"['42dbbd0e93f994eec9dbed6309f000ae3f8c0929ba4694ec8f471006fc6cc90a', 'eae72eb454bf6c3977ebd289e970b2f5282949190093d0d26f98d0f0d6a9cf17', '8420dfbe376f414bf4c0a81e6936d24ccc03f304835b86c7a39142fca723a689']",[],1.0,0ffee3ba8e615ad22535e7f771690a28,2b33c1374db4ddf06942f92373c0b54b,http/1.1,,11199.042349,10.0.2.15,54264,95.100.191.74,443,tcp,141.65457400000014,3924.0,149275.0,SF,True,False,0,ShADadTTFf,52,6025,148,155199,ssl,0
11199.354073,CKttDB2SeOZsFFfJ1c,10.0.2.15,54265,95.100.191.74,443,TLSv12,TLS_ECDHE_RSA_WITH_AES_256_GCM_SHA384,,www.dell.com,True,True,CsiI,,,,1a5fe5677b0e4fbbc854e8908225637d,410b9bedaf65dd26c6fe547154d60db4,http/1.1,,11199.044288,10.0.2.15,54265,95.100.191.74,443,tcp,126.1660840000004,2073.0,36967.0,SF,True,False,0,ShADadTTFfRr,33,3413,53,39091,ssl,0
11199.355092,C1JUFi2yIgm3K4cRwd,10.0.2.15,54267,52.58.158.88,443,TLSv12,TLS_ECDHE_RSA_WITH_AES_128_GCM_SHA256,secp256r1,nexus.ensighten.com,False,True,CsxuknGIti,"['5fb5994638f535624889e2aa6260f51577963498d17ec00206936fa84169d21f', 'e0898ad662474b9f753c79bea878031c9a5d634a49edd6310b960ab023c02c0e']",[],1.0,0ffee3ba8e615ad22535e7f771690a28,0c0aff9ccea5e7e1de5c3a0069d103f3,,,11199.245655,10.0.2.15,54267,52.58.158.88,443,tcp,18.852531999998973,2091.0,207546.0,SF,True,False,0,ShADadTfF,51,4140,188,215070,ssl,0
11199.360929,Csttfn40GEMPSDQeV7,10.0.2.15,54266,95.100.182.108,443,TLSv12,TLS_ECDHE_RSA_WITH_AES_256_GCM_SHA384,secp256r1,fcs.dellcdn.com,False,True,CsxknGIti,"['6c300ec39b1100a56f8d620f1629ed3ae5110469f638c740a2607a2a5e37b2f3', '074541ecdf88ed992ed5ade3ecddef27a26ba1b44480a195c0a8dadae2521d8e']",[],1.0,0ffee3ba8e615ad22535e7f771690a28,2b33c1374db4ddf06942f92373c0b54b,http/1.1,,11199.24454,10.0.2.15,54266,95.100.182.108,443,tcp,125.96574800000052,804.0,4202.0,SF,True,False,0,ShADadTTFfRr,24,1784,26,5246,ssl,0
11199.52204,Co5D0h48I1rzKAzEGa,10.0.2.15,54269,95.100.191.74,443,TLSv12,TLS_ECDHE_RSA_WITH_AES_256_GCM_SHA384,,www.dell.com,True,True,CsiI,,,,1a5fe5677b0e4fbbc854e8908225637d,410b9bedaf65dd26c6fe547154d60db4,http/1.1,,11199.365719,10.0.2.15,54269,95.100.191.74,443,tcp,5.706637999999657,599.0,183.0,SF,True,False,0,ShADadFfRr,8,927,9,547,ssl,0
11199.524216,CiEaQg4Lu0c48hiMFc,10.0.2.15,54268,52.58.158.88,443,TLSv12,TLS_ECDHE_RSA_WITH_AES_128_GCM_SHA256,secp256r1,nexus.ensighten.com,False,True,CsxuknGIti,"['5fb5994638f535624889e2aa6260f51577963498d17ec00206936fa84169d21f', 'e0898ad662474b9f753c79bea878031c9a5d634a49edd6310b960ab023c02c0e']",[],1.0,0ffee3ba8e615ad22535e7f771690a28,0c0aff9ccea5e7e1de5c3a0069d103f3,,,11199.362989,10.0.2.15,54268,52.58.158.88,443,tcp,18.7426660000001,877.0,78980.0,SF,True,False,0,ShADadTfF,27,1966,74,81944,ssl,0
11199.530072,Cw2Feu3iSEqV7S2Je8,10.0.2.15,54270,95.100.182.108,443,TLSv12,TLS_ECDHE_RSA_WITH_AES_256_GCM_SHA384,secp256r1,fcs.dellcdn.com,False,True,CsxknGIti,"['6c300ec39b1100a56f8d620f1629ed3ae5110469f638c740a2607a2a5e37b2f3', '074541ecdf88ed992ed5ade3ecddef27a26ba1b44480a195c0a8dadae2521d8e']",[],1.0,0ffee3ba8e615ad22535e7f771690a28,2b33c1374db4ddf06942f92373c0b54b,http/1.1,,11199.368428,10.0.2.15,54270,95.100.182.108,443,tcp,5.701958999999988,349.0,3614.0,SF,True,False,0,ShADadFfRr,10,757,12,4098,ssl,0
11202.499178,CvOkAI2MPbMskwRTze,10.0.2.15,54275,95.100.182.108,443,TLSv12,TLS_ECDHE_RSA_WITH_AES_256_GCM_SHA384,secp256r1,fcs.dellcdn.com,False,True,CsxknGIti,"['6c300ec39b1100a56f8d620f1629ed3ae5110469f638c740a2607a2a5e37b2f3', '074541ecdf88ed992ed5ade3ecddef27a26ba1b44480a195c0a8dadae2521d8e']",[],1.0,0ffee3ba8e615ad22535e7f771690a28,2b33c1374db4ddf06942f92373c0b54b,http/1.1,,11202.474602,10.0.2.15,54275,95.100.182.108,443,tcp,122.73557599999911,770.0,55097.0,SF,True,False,0,ShADadTTFf,30,1990,63,57621,ssl,0
11202.514808,CkT9lh1i3b8LNgUd8a,10.0.2.15,54276,95.100.182.108,443,TLSv12,TLS_ECDHE_RSA_WITH_AES_256_GCM_SHA384,secp256r1,fcs.dellcdn.com,False,True,CsxknGIti,"['6c300ec39b1100a56f8d620f1629ed3ae5110469f638c740a2607a2a5e37b2f3', '074541ecdf88ed992ed5ade3ecddef27a26ba1b44480a195c0a8dadae2521d8e']",[],1.0,0ffee3ba8e615ad22535e7f771690a28,2b33c1374db4ddf06942f92373c0b54b,http/1.1,,11202.47702,10.0.2.15,54276,95.100.182.108,443,tcp,122.70510999999895,867.0,6680.0,SF,True,False,0,ShADadTTFfRr,23,1807,28,7804,ssl,0
11202.525299,CJz8sI3UOpgoIgU5C7,10.0.2.15,54277,95.100.182.108,443,TLSv12,TLS_ECDHE_RSA_WITH_AES_256_GCM_SHA384,secp256r1,fcs.dellcdn.com,False,True,CsxknGIti,"['6c300ec39b1100a56f8d620f1629ed3ae5110469f638c740a2607a2a5e37b2f3', '074541ecdf88ed992ed5ade3ecddef27a26ba1b44480a195c0a8dadae2521d8e']",[],1.0,0ffee3ba8e615ad22535e7f771690a28,2b33c1374db4ddf06942f92373c0b54b,http/1.1,,11202.502157,10.0.2.15,54277,95.100.182.108,443,tcp,5.20337599999948,349.0,3614.0,SF,True,False,0,ShADadFfRr,10,757,12,4098,ssl,0
11203.622639,CKOjXC270B3KmSB7M5,10.0.2.15,54279,52.58.158.88,443,TLSv12,TLS_ECDHE_RSA_WITH_AES_128_GCM_SHA256,secp256r1,nexus.ensighten.com,False,True,CsxuknGIti,"['5fb5994638f535624889e2aa6260f51577963498d17ec00206936fa84169d21f', 'e0898ad662474b9f753c79bea878031c9a5d634a49edd6310b960ab023c02c0e']",[],1.0,1a5fe5677b0e4fbbc854e8908225637d,0c0aff9ccea5e7e1de5c3a0069d103f3,,,11203.576741,10.0.2.15,54279,52.58.158.88,443,tcp,14.524804999999104,1166.0,6611.0,SF,True,False,0,ShADadTfF,12,1655,15,7215,ssl,0
11203.623441,CgzAIc20sNyUZyhGE5,10.0.2.15,54278,52.58.158.88,443,TLSv12,TLS_ECDHE_RSA_WITH_AES_128_GCM_SHA256,secp256r1,nexus.ensighten.com,False,True,CsxuknGIti,"['5fb5994638f535624889e2aa6260f51577963498d17ec00206936fa84169d21f', 'e0898ad662474b9f753c79bea878031c9a5d634a49edd6310b960ab023c02c0e']",[],1.0,1a5fe5677b0e4fbbc854e8908225637d,0c0aff9ccea5e7e1de5c3a0069d103f3,,,11203.573465,10.0.2.15,54278,52.58.158.88,443,tcp,29.45943100000113,2154.0,127154.0,SF,True,False,0,ShADadTfF,36,3604,113,131678,ssl,0
11203.693804,CHL0UY31MZ19P75Sm5,10.0.2.15,54280,52.58.158.88,443,TLSv12,TLS_ECDHE_RSA_WITH_AES_128_GCM_SHA256,secp256r1,nexus.ensighten.com,False,True,CsxuknGIti,"['5fb5994638f535624889e2aa6260f51577963498d17ec00206936fa84169d21f', 'e0898ad662474b9f753c79bea878031c9a5d634a49edd6310b960ab023c02c0e']",[],1.0,1a5fe5677b0e4fbbc854e8908225637d,0c0aff9ccea5e7e1de5c3a0069d103f3,,,11203.625133,10.0.2.15,54280,52.58.158.88,443,tcp,5.088074999999662,674.0,5022.0,SF,True,False,0,ShADadFf,10,1082,11,5466,ssl,0
11204.645104,ConvbQ1Tt6NVpLJcF4,10.0.2.15,54283,95.100.189.14,443,TLSv12,TLS_ECDHE_RSA_WITH_AES_256_GCM_SHA384,,c.betrad.com,True,True,CsiI,,,,1a5fe5677b0e4fbbc854e8908225637d,410b9bedaf65dd26c6fe547154d60db4,http/1.1,,11204.507282,10.0.2.15,54283,95.100.189.14,443,tcp,5.217130999999426,599.0,183.0,SF,True,False,0,ShADadFfRr,8,927,9,547,ssl,0
11204.648762,CDxnbBwEHopaNRa95,10.0.2.15,54281,95.100.189.14,443,TLSv12,TLS_ECDHE_RSA_WITH_AES_256_GCM_SHA384,,c.betrad.com,True,True,CsiI,,,,1a5fe5677b0e4fbbc854e8908225637d,410b9bedaf65dd26c6fe547154d60db4,http/1.1,,11204.505656,10.0.2.15,54281,95.100.189.14,443,tcp,5.211529000000155,599.0,183.0,SF,True,False,0,ShADadFfRr,8,927,9,547,ssl,0
11204.644032,C1NjKg4CtaFbNFjIij,10.0.2.15,54284,54.72.198.94,443,TLSv12,TLS_ECDHE_RSA_WITH_AES_128_GCM_SHA256,secp256r1,dpm.demdex.net,False,True,CsxknGIi,"['ab8f7b89fa3e472463832f1b07660350a24ba646789dce6dd09107fab1d86a12', '19400be5b7a31fb733917700789d2f0a2471c0c9d506c0e504c06c16d7cb17c0']",[],1.0,0ffee3ba8e615ad22535e7f771690a28,303951d4c50efb2e991652225a6f02b1,,,11204.507866,10.0.2.15,54284,54.72.198.94,443,tcp,0.5973730000005161,349.0,3143.0,SF,True,False,0,ShADadFfRr,9,717,12,3627,ssl,0
11204.647853,CahzTR1s2XBL3whOHc,10.0.2.15,54282,54.72.198.94,443,TLSv12,TLS_ECDHE_RSA_WITH_AES_128_GCM_SHA256,secp256r1,dpm.demdex.net,False,True,CsxknGIi,"['ab8f7b89fa3e472463832f1b07660350a24ba646789dce6dd09107fab1d86a12', '19400be5b7a31fb733917700789d2f0a2471c0c9d506c0e504c06c16d7cb17c0']",[],1.0,0ffee3ba8e615ad22535e7f771690a28,303951d4c50efb2e991652225a6f02b1,,,11204.506489,10.0.2.15,54282,54.72.198.94,443,tcp,5.237955000000511,380.0,3143.0,SF,True,False,0,ShADadFfRr,10,788,12,3627,ssl,0
11205.188828,CQEBDb19uWhH51tAph,10.0.2.15,54287,95.100.182.108,443,TLSv12,TLS_ECDHE_RSA_WITH_AES_256_GCM_SHA384,secp256r1,p.cdn.persaas.dell.com,False,True,CsxknGIti,"['6c300ec39b1100a56f8d620f1629ed3ae5110469f638c740a2607a2a5e37b2f3', '074541ecdf88ed992ed5ade3ecddef27a26ba1b44480a195c0a8dadae2521d8e']",[],1.0,0ffee3ba8e615ad22535e7f771690a28,2b33c1374db4ddf06942f92373c0b54b,http/1.1,,11204.92495,10.0.2.15,54287,95.100.182.108,443,tcp,126.82209799999872,2862.0,119790.0,SF,True,False,0,ShADadTTFfRr,43,4602,117,124474,ssl,0
11205.19193,CkWry4117zVcwfhHj,10.0.2.15,54286,95.100.182.108,443,TLSv12,TLS_ECDHE_RSA_WITH_AES_256_GCM_SHA384,secp256r1,p.cdn.persaas.dell.com,False,True,CsxknGIti,"['6c300ec39b1100a56f8d620f1629ed3ae5110469f638c740a2607a2a5e37b2f3', '074541ecdf88ed992ed5ade3ecddef27a26ba1b44480a195c0a8dadae2521d8e']",[],1.0,0ffee3ba8e615ad22535e7f771690a28,2b33c1374db4ddf06942f92373c0b54b,http/1.1,,11204.924049,10.0.2.15,54286,95.100.182.108,443,tcp,5.800143000000389,356.0,3614.0,SF,True,False,0,ShADadFfRr,11,804,13,4138,ssl,0
11205.193455,CS04A44ziidMG094Nc,10.0.2.15,54285,54.173.158.125,443,TLSv12,TLS_ECDHE_RSA_WITH_AES_128_GCM_SHA256,,l.betrad.com,True,True,CsiI,,,,1a5fe5677b0e4fbbc854e8908225637d,7bee5c1d424b7e5f943b06983bb11422,h2,,11204.923408,10.0.2.15,54285,54.173.158.125,443,tcp,207.77212999999935,1693.0,847.0,SF,True,False,0,ShADadFf,23,2621,24,1811,ssl,0
11207.249762,C9QMp636GLZVrrzmek,10.0.2.15,54292,94.31.29.55,443,TLSv12,TLS_ECDHE_RSA_WITH_AES_128_GCM_SHA256,secp256r1,maxcdn.bootstrapcdn.com,False,True,CsxknGIti,"['dc5627a252c252d6d6f680d52001ccf439f2ff2633c9f766d6d5ab6e85ee6433', 'e6683e88315cd1cb403c0cea490f7c4b4c82c91cd485037489aadbaa90839f61']",[],1.0,0ffee3ba8e615ad22535e7f771690a28,8d2a028aa94425f76ced7826b1f39039,h2,,11207.22721,10.0.2.15,54292,94.31.29.55,443,tcp,196.9369030000016,1101.0,60770.0,SF,True,False,0,ShADadFf,32,2389,74,63734,ssl,0
11211.369576,CXYjFx4fidwwunYewb,10.0.2.15,54294,95.100.191.74,443,TLSv12,TLS_ECDHE_RSA_WITH_AES_256_GCM_SHA384,secp256r1,partnerdirect.dell.com,False,True,CsxknGIti,"['42dbbd0e93f994eec9dbed6309f000ae3f8c0929ba4694ec8f471006fc6cc90a', 'eae72eb454bf6c3977ebd289e970b2f5282949190093d0d26f98d0f0d6a9cf17', '8420dfbe376f414bf4c0a81e6936d24ccc03f304835b86c7a39142fca723a689']",[],1.0,0ffee3ba8e615ad22535e7f771690a28,2b33c1374db4ddf06942f92373c0b54b,http/1.1,,11211.342872,10.0.2.15,54294,95.100.191.74,443,tcp,129.34154900000067,4694.0,100185.0,SF,True,False,0,ShADadTTFf,42,6394,105,104389,ssl,0
11213.537718,CDC4zf3c6dsrcFRLQi,10.0.2.15,54296,95.100.191.74,443,TLSv12,TLS_ECDHE_RSA_WITH_AES_256_GCM_SHA384,,partnerdirect.dell.com,True,True,CsiI,,,,1a5fe5677b0e4fbbc854e8908225637d,410b9bedaf65dd26c6fe547154d60db4,http/1.1,,11213.431297,10.0.2.15,54296,95.100.191.74,443,tcp,127.25302400000146,3476.0,52522.0,SF,True,False,0,ShADadTTFf,36,4936,61,54966,ssl,0
11213.542241,C30wRb4e7j5nQ3nPI5,10.0.2.15,54295,95.100.191.74,443,TLSv12,TLS_ECDHE_RSA_WITH_AES_256_GCM_SHA384,,partnerdirect.dell.com,True,True,CsiI,,,,1a5fe5677b0e4fbbc854e8908225637d,410b9bedaf65dd26c6fe547154d60db4,http/1.1,,11213.420576,10.0.2.15,54295,95.100.191.74,443,tcp,127.2692019999995,3412.0,11664.0,SF,True,False,0,ShADadTTFf,25,4432,31,12908,ssl,0
11213.542776,CHJkIm3p81zizPusdc,10.0.2.15,54299,95.100.191.74,443,TLSv12,TLS_ECDHE_RSA_WITH_AES_256_GCM_SHA384,,partnerdirect.dell.com,True,True,CsiI,,,,1a5fe5677b0e4fbbc854e8908225637d,410b9bedaf65dd26c6fe547154d60db4,http/1.1,,11213.442084,10.0.2.15,54299,95.100.191.74,443,tcp,127.24766799999998,3406.0,37532.0,SF,True,False,0,ShADadTTFfRr,32,4706,51,39576,ssl,0
11213.543239,CD3Zmo2gilEF26LIp1,10.0.2.15,54298,95.100.191.74,443,TLSv12,TLS_ECDHE_RSA_WITH_AES_256_GCM_SHA384,,partnerdirect.dell.com,True,True,CsiI,,,,1a5fe5677b0e4fbbc854e8908225637d,410b9bedaf65dd26c6fe547154d60db4,http/1.1,,11213.440476,10.0.2.15,54298,95.100.191.74,443,tcp,21.38545200000044,12937.0,169276.0,RSTR,True,False,0,ShADadTRr,47,14826,151,175320,ssl,0
11213.543702,CivCAm1a5yW1Xrpli,10.0.2.15,54297,95.100.191.74,443,TLSv12,TLS_ECDHE_RSA_WITH_AES_256_GCM_SHA384,,partnerdirect.dell.com,True,True,CsiI,,,,1a5fe5677b0e4fbbc854e8908225637d,410b9bedaf65dd26c6fe547154d60db4,http/1.1,,11213.439914,10.0.2.15,54297,95.100.191.74,443,tcp,127.25694399999884,3308.0,20669.0,SF,True,False,0,ShADadTTFf,28,4448,37,22153,ssl,0
11214.57296,CIltUH3vxiXdFJzxo4,10.0.2.15,54300,95.100.191.74,443,TLSv12,TLS_ECDHE_RSA_WITH_AES_256_GCM_SHA384,,i.dell.com,True,True,CsiI,,,,1a5fe5677b0e4fbbc854e8908225637d,410b9bedaf65dd26c6fe547154d60db4,http/1.1,,11214.525263,10.0.2.15,54300,95.100.191.74,443,tcp,6.859746000000087,599.0,183.0,SF,True,False,0,ShADadFfRr,9,967,9,547,ssl,0
11218.278686,Cb1xdQJ0ePvABKvyg,10.0.2.15,54303,23.74.187.5,443,TLSv12,TLS_ECDHE_RSA_WITH_AES_256_GCM_SHA384,secp256r1,img.en25.com,False,True,CsxknGIti,"['10217426f5b351363739ead2e2e4fa0bb2ce82a02dadc5af0f7afc480ac3df39', 'eae72eb454bf6c3977ebd289e970b2f5282949190093d0d26f98d0f0d6a9cf17', '8420dfbe376f414bf4c0a81e6936d24ccc03f304835b86c7a39142fca723a689']",[],1.0,0ffee3ba8e615ad22535e7f771690a28,2b33c1374db4ddf06942f92373c0b54b,http/1.1,,11218.246411,10.0.2.15,54303,23.74.187.5,443,tcp,128.56697499999973,727.0,7408.0,SF,True,False,0,ShADadTTFfRr,25,1747,28,8532,ssl,0
11218.480208,CHan3k27sLObq28md9,10.0.2.15,54301,136.147.42.51,443,TLSv12,TLS_ECDHE_RSA_WITH_AES_256_GCM_SHA384,secp256r1,dell.secure.force.com,False,True,CsxknGIi,"['23b73a7eee8d0606b722a8187f16bde9952f24d2400ff907eaea4055e075e99f', 'eae72eb454bf6c3977ebd289e970b2f5282949190093d0d26f98d0f0d6a9cf17']",[],1.0,0ffee3ba8e615ad22535e7f771690a28,bca21c822832874f6c48fee5a84015ba,,,11218.111265,10.0.2.15,54301,136.147.42.51,443,tcp,135.4521850000001,2557.0,139110.0,SF,True,False,0,ShADadTTFfRr,55,4777,141,144754,ssl,0
11218.483905,CxxX9A30fw5Y00EHec,10.0.2.15,54302,136.147.42.51,443,TLSv12,TLS_ECDHE_RSA_WITH_AES_256_GCM_SHA384,secp256r1,dell.secure.force.com,False,True,CsxknGIi,"['23b73a7eee8d0606b722a8187f16bde9952f24d2400ff907eaea4055e075e99f', 'eae72eb454bf6c3977ebd289e970b2f5282949190093d0d26f98d0f0d6a9cf17']",[],1.0,0ffee3ba8e615ad22535e7f771690a28,bca21c822832874f6c48fee5a84015ba,,,11218.119446,10.0.2.15,54302,136.147.42.51,443,tcp,135.44395399999848,2012.0,26990.0,SF,True,False,0,ShADadTTFfRr,33,3352,48,28914,ssl,0
11219.827541,CGHK3f2uhb6tYuRjW6,10.0.2.15,54305,209.167.231.17,443,TLSv12,TLS_ECDHE_RSA_WITH_AES_256_GCM_SHA384,secp256r1,s1825472054.t.eloqua.com,False,True,CsxknGIi,"['6ea564f38d23f2255f7536144eb8a71f5c19fffff6900cd4fecc725df5361c09', 'e0898ad662474b9f753c79bea878031c9a5d634a49edd6310b960ab023c02c0e']",[],1.0,0ffee3ba8e615ad22535e7f771690a28,28ef90cc3d9d08c96a8a2cb6f365a79e,,,11219.608793,10.0.2.15,54305,209.167.231.17,443,tcp,127.3055519999998,1029.0,3816.0,SF,True,False,0,ShADadTTFf,23,1969,25,4820,ssl,0
11219.831635,CXG9meNjACUq0CWsh,10.0.2.15,54304,209.167.231.17,443,TLSv12,TLS_ECDHE_RSA_WITH_AES_256_GCM_SHA384,secp256r1,s1825472054.t.eloqua.com,False,True,CsxknGIi,"['6ea564f38d23f2255f7536144eb8a71f5c19fffff6900cd4fecc725df5361c09', 'e0898ad662474b9f753c79bea878031c9a5d634a49edd6310b960ab023c02c0e']",[],1.0,0ffee3ba8e615ad22535e7f771690a28,28ef90cc3d9d08c96a8a2cb6f365a79e,,,11219.60781,10.0.2.15,54304,209.167.231.17,443,tcp,6.898299000000407,358.0,3510.0,SF,True,False,0,ShADadFf,9,726,10,3914,ssl,0
11220.435625,CYy9fZ28pjP5FKtA4h,10.0.2.15,54306,54.171.34.141,443,TLSv12,TLS_ECDHE_RSA_WITH_AES_128_GCM_SHA256,secp256r1,dpm.demdex.net,False,True,CsxknGIi,"['ab8f7b89fa3e472463832f1b07660350a24ba646789dce6dd09107fab1d86a12', '19400be5b7a31fb733917700789d2f0a2471c0c9d506c0e504c06c16d7cb17c0']",[],1.0,0ffee3ba8e615ad22535e7f771690a28,303951d4c50efb2e991652225a6f02b1,,,11220.316456,10.0.2.15,54306,54.171.34.141,443,tcp,5.648788000000423,348.0,3143.0,SF,True,False,0,ShADadFfRr,10,756,12,3627,ssl,0
11222.318317,CzI64V2lKIY4bKfNcb,10.0.2.15,54313,136.147.42.51,443,TLSv12,TLS_ECDHE_RSA_WITH_AES_256_GCM_SHA384,,dell.secure.force.com,True,True,CsiI,,,,0ffee3ba8e615ad22535e7f771690a28,bca21c822832874f6c48fee5a84015ba,,,11221.400912,10.0.2.15,54313,136.147.42.51,443,tcp,132.155404000001,1171.0,21080.0,SF,True,False,0,ShADadTTFfRr,28,2311,41,22724,ssl,0
11222.318851,CUrwGM3jbj80se7Iwh,10.0.2.15,54312,136.147.42.51,443,TLSv12,TLS_ECDHE_RSA_WITH_AES_256_GCM_SHA384,,dell.secure.force.com,True,True,CsiI,,,,0ffee3ba8e615ad22535e7f771690a28,bca21c822832874f6c48fee5a84015ba,,,11221.400493,10.0.2.15,54312,136.147.42.51,443,tcp,132.14784900000086,1544.0,2927.0,SF,True,False,0,ShADadTTFfRr,26,2604,27,4011,ssl,0
11222.319325,CW9mkK1Ug2veuHAri2,10.0.2.15,54315,136.147.42.51,443,TLSv12,TLS_ECDHE_RSA_WITH_AES_256_GCM_SHA384,,dell.secure.force.com,True,True,CsiI,,,,0ffee3ba8e615ad22535e7f771690a28,bca21c822832874f6c48fee5a84015ba,,,11221.402278,10.0.2.15,54315,136.147.42.51,443,tcp,132.14106700000048,1119.0,4750.0,SF,True,False,0,ShADadTTFfRr,26,2179,29,5914,ssl,0
11222.320028,CXtj9g1mzZK8w12Sog,10.0.2.15,54314,136.147.42.51,443,TLSv12,TLS_ECDHE_RSA_WITH_AES_256_GCM_SHA384,,dell.secure.force.com,True,True,CsiI,,,,0ffee3ba8e615ad22535e7f771690a28,bca21c822832874f6c48fee5a84015ba,,,11221.401403,10.0.2.15,54314,136.147.42.51,443,tcp,132.14684599999964,1533.0,4288.0,SF,True,False,0,ShADadTTFRfr,26,2593,28,5412,ssl,0
11220.427094,Cgk9ql4SvmoT1zBo3d,10.0.2.15,54307,54.171.34.141,443,TLSv12,TLS_ECDHE_RSA_WITH_AES_128_GCM_SHA256,secp256r1,dpm.demdex.net,False,False,Csxkn,"['ab8f7b89fa3e472463832f1b07660350a24ba646789dce6dd09107fab1d86a12', '19400be5b7a31fb733917700789d2f0a2471c0c9d506c0e504c06c16d7cb17c0']",[],1.0,0ffee3ba8e615ad22535e7f771690a28,303951d4c50efb2e991652225a6f02b1,,,11220.320125,10.0.2.15,54307,54.171.34.141,443,tcp,0.327424999999493,191.0,3061.0,RSTO,True,False,0,ShADadR,5,399,5,3265,ssl,0
11225.544222,Cty8Jv2aVkrgKqJHn4,10.0.2.15,54316,63.215.202.75,443,TLSv12,TLS_RSA_WITH_3DES_EDE_CBC_SHA,,media.msg.dotomi.com,True,True,CsiI,,,,0ffee3ba8e615ad22535e7f771690a28,66a6571ef756b3c9e82b3fd802bbcac2,,,11225.000128,10.0.2.15,54316,63.215.202.75,443,tcp,8.259696999999505,1170.0,870.0,SF,True,False,0,ShADadFf,10,1578,10,1274,ssl,0
11227.071515,CJwjeh3Vy98aPi1oe1,10.0.2.15,54320,37.252.172.39,443,TLSv12,TLS_ECDHE_RSA_WITH_AES_256_GCM_SHA384,,secure.adnxs.com,True,True,CsiI,,,,1a5fe5677b0e4fbbc854e8908225637d,266bd998df907f9d5064d7f4c208b200,,,11226.400639,10.0.2.15,54320,37.252.172.39,443,tcp,13.687028000000282,6365.0,5662.0,SF,True,False,0,ShADadfF,15,6973,18,6386,ssl,0
11227.080037,CzJcUg3tf5bG7DeUA7,10.0.2.15,54318,37.252.172.39,443,TLSv12,TLS_ECDHE_RSA_WITH_AES_256_GCM_SHA384,,secure.adnxs.com,True,True,CsiI,,,,1a5fe5677b0e4fbbc854e8908225637d,266bd998df907f9d5064d7f4c208b200,,,11226.399324,10.0.2.15,54318,37.252.172.39,443,tcp,11.71652499999982,3603.0,3874.0,SF,True,False,0,ShADadfF,11,4051,13,4398,ssl,0
11227.059669,CbpUB037eRzx6QvsM9,10.0.2.15,54317,62.67.193.97,443,TLSv12,TLS_RSA_WITH_AES_256_CBC_SHA,,fastlane.rubiconproject.com,False,True,CsxnGIi,"['323de379ee34a94e415f63b56183d0d5d0e5a863f4ac89f97dc40ae81cc021c8', '154c433c491929c5ef686e838e323664a00e6a0d822ccc958fb4dab03e49a08f']",[],1.0,0ffee3ba8e615ad22535e7f771690a28,0a917d753018dad73d9899ace370f8d8,,,11226.398752,10.0.2.15,54317,62.67.193.97,443,tcp,10.403493000001616,5932.0,10745.0,SF,True,False,0,ShADadFf,15,6540,19,11509,ssl,0
11227.075693,CiecO61dUIJllBFhv4,10.0.2.15,54319,62.67.193.97,443,TLSv12,TLS_RSA_WITH_AES_256_CBC_SHA,,fastlane.rubiconproject.com,False,True,CsxnGIi,"['323de379ee34a94e415f63b56183d0d5d0e5a863f4ac89f97dc40ae81cc021c8', '154c433c491929c5ef686e838e323664a00e6a0d822ccc958fb4dab03e49a08f']",[],1.0,0ffee3ba8e615ad22535e7f771690a28,0a917d753018dad73d9899ace370f8d8,,,11226.400091,10.0.2.15,54319,62.67.193.97,443,tcp,6.843289000000368,631.0,2719.0,SF,True,False,0,ShADadFf,9,999,9,3083,ssl,0
11227.710434,CA1VUgcQV2ULiOPi4,10.0.2.15,54322,185.33.223.45,443,TLSv12,TLS_ECDHE_RSA_WITH_AES_256_GCM_SHA384,secp256r1,secure.adnxs.com,False,True,CsxuknGIti,"['5b081650e8034418a37504ce0820892be5a66474578207711eb688243fe1a8f2', '074541ecdf88ed992ed5ade3ecddef27a26ba1b44480a195c0a8dadae2521d8e']",[],1.0,0ffee3ba8e615ad22535e7f771690a28,d53e4608f956df65bb2b8a8c4d3b025d,,,11227.093207,10.0.2.15,54322,185.33.223.45,443,tcp,6.160063999999693,350.0,4867.0,SF,True,False,0,ShADadFf,10,758,12,5351,ssl,0
11227.723823,CiO2ZS28720NeSDfK9,10.0.2.15,54321,185.33.223.45,443,TLSv12,TLS_ECDHE_RSA_WITH_AES_256_GCM_SHA384,secp256r1,secure.adnxs.com,False,True,CsxuknGIti,"['5b081650e8034418a37504ce0820892be5a66474578207711eb688243fe1a8f2', '074541ecdf88ed992ed5ade3ecddef27a26ba1b44480a195c0a8dadae2521d8e']",[],1.0,0ffee3ba8e615ad22535e7f771690a28,d53e4608f956df65bb2b8a8c4d3b025d,,,11227.086448,10.0.2.15,54321,185.33.223.45,443,tcp,6.170169999999416,350.0,4867.0,SF,True,False,0,ShADadFf,10,758,11,5311,ssl,0
11229.302421,Cprxfp12I1BTAevzp9,10.0.2.15,54323,178.250.2.102,443,TLSv12,TLS_RSA_WITH_AES_128_CBC_SHA,,cas.nl.eu.criteo.com,False,True,CsxnGIi,"['a788c1ddecb433aa62d9bbc337417f448ebc0389161863ee31b5c1decac74c87', 'eae72eb454bf6c3977ebd289e970b2f5282949190093d0d26f98d0f0d6a9cf17', '8420dfbe376f414bf4c0a81e6936d24ccc03f304835b86c7a39142fca723a689']",[],1.0,0ffee3ba8e615ad22535e7f771690a28,5dcc087b1a1d0a5b0658981a7e8b2c3c,,,11228.865047,10.0.2.15,54323,178.250.2.102,443,tcp,15.176626000000397,4661.0,9622.0,SF,True,False,0,ShADadTfF,16,5310,21,10466,ssl,0
11233.21651,CDorL846nb7AeFBvj2,10.0.2.15,54326,185.33.223.45,443,TLSv12,TLS_ECDHE_RSA_WITH_AES_256_GCM_SHA384,,secure.adnxs.com,True,True,CsiI,,,,1a5fe5677b0e4fbbc854e8908225637d,266bd998df907f9d5064d7f4c208b200,,,11232.572899,10.0.2.15,54326,185.33.223.45,443,tcp,11.776010999999926,599.0,141.0,SF,True,False,0,ShADadTFf,9,968,8,465,ssl,0
11235.166106,CloVgTP2k7qDAa6l,10.0.2.15,54329,178.250.2.66,443,TLSv12,TLS_RSA_WITH_AES_128_CBC_SHA,,cat.nl.eu.criteo.com,True,True,CsiI,,,,0ffee3ba8e615ad22535e7f771690a28,5dcc087b1a1d0a5b0658981a7e8b2c3c,,,11234.174686,10.0.2.15,54329,178.250.2.66,443,tcp,10.174122000000352,357.0,165.0,SF,True,False,0,ShADadFf,7,645,7,449,ssl,0
11235.165297,CEv3iT2si0Wf3W3Usa,10.0.2.15,54331,178.250.2.66,443,TLSv12,TLS_RSA_WITH_AES_128_CBC_SHA,,cat.nl.eu.criteo.com,False,True,CsxnGIi,"['a788c1ddecb433aa62d9bbc337417f448ebc0389161863ee31b5c1decac74c87', 'eae72eb454bf6c3977ebd289e970b2f5282949190093d0d26f98d0f0d6a9cf17', '8420dfbe376f414bf4c0a81e6936d24ccc03f304835b86c7a39142fca723a689']",[],1.0,0ffee3ba8e615ad22535e7f771690a28,5dcc087b1a1d0a5b0658981a7e8b2c3c,,,11234.18492,10.0.2.15,54331,178.250.2.66,443,tcp,17.33502000000044,5077.0,4785.0,SF,True,False,0,ShADadTfF,16,5726,17,5469,ssl,0
11235.167202,CGL7jk2rumWxmn4rS8,10.0.2.15,54330,178.250.2.78,443,TLSv12,TLS_RSA_WITH_AES_128_CBC_SHA,,static.eu.criteo.net,False,True,CsxnGIi,"['67b0ecfd7b5de431162434de2de408b062ccc6b4122030ee8b8a65da71b70e4d', 'eae72eb454bf6c3977ebd289e970b2f5282949190093d0d26f98d0f0d6a9cf17', '8420dfbe376f414bf4c0a81e6936d24ccc03f304835b86c7a39142fca723a689']",[],1.0,0ffee3ba8e615ad22535e7f771690a28,5dcc087b1a1d0a5b0658981a7e8b2c3c,,,11234.184302,10.0.2.15,54330,178.250.2.78,443,tcp,10.14084399999956,624.0,4020.0,SF,True,False,0,ShADadFf,9,992,10,4424,ssl,0
11236.217003,CHUQew2jpENpPZZ8Kk,10.0.2.15,54332,178.250.2.66,443,TLSv12,TLS_RSA_WITH_AES_128_CBC_SHA,,cat.nl.eu.criteo.com,True,True,CsiI,,,,0ffee3ba8e615ad22535e7f771690a28,5dcc087b1a1d0a5b0658981a7e8b2c3c,,,11235.935128,10.0.2.15,54332,178.250.2.66,443,tcp,8.396702000000005,357.0,165.0,SF,True,False,0,ShADadFf,7,645,7,449,ssl,0
11258.454017,CVGwx61DtiCYediwue,10.0.2.15,54388,185.33.223.45,443,TLSv12,TLS_ECDHE_RSA_WITH_AES_256_GCM_SHA384,,secure.adnxs.com,True,True,CsiI,,,,1a5fe5677b0e4fbbc854e8908225637d,266bd998df907f9d5064d7f4c208b200,,,11257.992441,10.0.2.15,54388,185.33.223.45,443,tcp,11.833724000000077,3573.0,3874.0,SF,True,False,0,ShADadfF,12,4061,14,4438,ssl,0
11258.45791,CxGUDw4LD0avqCs4fk,10.0.2.15,54387,185.33.223.45,443,TLSv12,TLS_ECDHE_RSA_WITH_AES_256_GCM_SHA384,,secure.adnxs.com,True,True,CsiI,,,,1a5fe5677b0e4fbbc854e8908225637d,266bd998df907f9d5064d7f4c208b200,,,11257.98619,10.0.2.15,54387,185.33.223.45,443,tcp,18.21149400000104,6336.0,5664.0,SF,True,False,0,ShADadfF,15,6944,18,6388,ssl,0
11258.462715,CKnv4T2nUbwCvfza81,10.0.2.15,54386,185.33.223.45,443,TLSv12,TLS_ECDHE_RSA_WITH_AES_256_GCM_SHA384,,secure.adnxs.com,True,True,CsiI,,,,1a5fe5677b0e4fbbc854e8908225637d,266bd998df907f9d5064d7f4c208b200,,,11257.98457,10.0.2.15,54386,185.33.223.45,443,tcp,11.840840999999273,3494.0,4807.0,SF,True,False,0,ShADadfF,12,3982,14,5371,ssl,0
11258.470849,C7c67s2mSnzrXEn4qc,10.0.2.15,54383,63.215.202.75,443,TLSv12,TLS_RSA_WITH_3DES_EDE_CBC_SHA,,media.msg.dotomi.com,True,True,CsiI,,,,0ffee3ba8e615ad22535e7f771690a28,66a6571ef756b3c9e82b3fd802bbcac2,,,11257.973663,10.0.2.15,54383,63.215.202.75,443,tcp,9.057063000000198,1306.0,934.0,SF,True,False,0,ShADadFf,10,1714,9,1298,ssl,0
11258.466149,CmtAzz3Yg3ku2lwCDg,10.0.2.15,54385,62.67.193.97,443,TLSv12,TLS_RSA_WITH_AES_256_CBC_SHA,,fastlane.rubiconproject.com,False,True,CsxnGIi,"['323de379ee34a94e415f63b56183d0d5d0e5a863f4ac89f97dc40ae81cc021c8', '154c433c491929c5ef686e838e323664a00e6a0d822ccc958fb4dab03e49a08f']",[],1.0,0ffee3ba8e615ad22535e7f771690a28,0a917d753018dad73d9899ace370f8d8,,,11257.98268,10.0.2.15,54385,62.67.193.97,443,tcp,15.795241000001624,5932.0,11038.0,SF,True,False,0,ShADadFf,17,6620,22,11922,ssl,0
11258.468511,C9FE676gY99Ohc1ti,10.0.2.15,54384,62.67.193.97,443,TLSv12,TLS_RSA_WITH_AES_256_CBC_SHA,,fastlane.rubiconproject.com,False,True,CsxnGIi,"['323de379ee34a94e415f63b56183d0d5d0e5a863f4ac89f97dc40ae81cc021c8', '154c433c491929c5ef686e838e323664a00e6a0d822ccc958fb4dab03e49a08f']",[],1.0,0ffee3ba8e615ad22535e7f771690a28,0a917d753018dad73d9899ace370f8d8,,,11257.976162,10.0.2.15,54384,62.67.193.97,443,tcp,15.792681999999331,5932.0,10601.0,SF,True,False,0,ShADadFf,15,6540,20,11405,ssl,0
11258.480382,Ci9i35zssVolrQDs1,10.0.2.15,54377,172.217.23.227,443,TLSv12,TLS_ECDHE_ECDSA_WITH_AES_128_GCM_SHA256,,fonts.gstatic.com,True,True,CsiI,,,,1a5fe5677b0e4fbbc854e8908225637d,c23237dbea656869600e48dfbd00ab7b,h2,,11257.935482,10.0.2.15,54377,172.217.23.227,443,tcp,562.5383809999985,2777.0,138893.0,SF,True,False,0,ShADadFf,74,5745,160,145297,ssl,0
11259.234238,CftoIAEDZLz6Z5Rsb,10.0.2.15,54389,185.33.223.45,443,TLSv12,TLS_ECDHE_RSA_WITH_AES_256_GCM_SHA384,,secure.adnxs.com,True,True,CsiI,,,,1a5fe5677b0e4fbbc854e8908225637d,266bd998df907f9d5064d7f4c208b200,,,11257.998253,10.0.2.15,54389,185.33.223.45,443,tcp,11.825748000001113,3574.0,3874.0,SF,True,False,0,ShADadfF,11,4022,13,4398,ssl,0
11258.476632,CfhWiQ36dYxDSrbl9d,10.0.2.15,54379,52.216.81.195,443,TLSv12,TLS_ECDHE_RSA_WITH_AES_128_GCM_SHA256,secp256r1,s3.amazonaws.com,False,True,CsxknGIi,"['6be2c04e442c0aa126e2e374c248fc093077df1a3810867decdfea113add4357', 'f9690880819f06cdcc0b2f224b207f2af6003fb57339b8679a160fa95208d62d']",[],1.0,0ffee3ba8e615ad22535e7f771690a28,ea615e28cb25adfb2f261151eab3314f,,,11257.93769,10.0.2.15,54379,52.216.81.195,443,tcp,12.007767999999489,793.0,10013.0,SF,True,False,0,ShADadFf,11,1241,18,10737,ssl,0
11258.478374,CMwLii3FTnWJdhqtMb,10.0.2.15,54378,52.216.81.195,443,TLSv12,TLS_ECDHE_RSA_WITH_AES_128_GCM_SHA256,secp256r1,s3.amazonaws.com,False,True,CsxknGIi,"['6be2c04e442c0aa126e2e374c248fc093077df1a3810867decdfea113add4357', 'f9690880819f06cdcc0b2f224b207f2af6003fb57339b8679a160fa95208d62d']",[],1.0,0ffee3ba8e615ad22535e7f771690a28,ea615e28cb25adfb2f261151eab3314f,,,11257.936705,10.0.2.15,54378,52.216.81.195,443,tcp,12.366805999999997,790.0,21649.0,SF,True,False,0,ShADadFf,15,1398,26,22693,ssl,0
11268.323873,CCseCx2eFJ9mU20yNk,10.0.2.15,54391,178.250.0.101,443,TLSv12,TLS_RSA_WITH_AES_128_CBC_SHA,,cas.fr.eu.criteo.com,True,True,CsiI,,,,0ffee3ba8e615ad22535e7f771690a28,5dcc087b1a1d0a5b0658981a7e8b2c3c,,,11267.940421,10.0.2.15,54391,178.250.0.101,443,tcp,15.885607000000164,4394.0,5412.0,SF,True,False,0,ShADadTfF,14,4963,17,6096,ssl,0
11268.199377,CVQVVo2Egem9YpGM14,10.0.2.15,54393,178.250.0.101,443,TLSv12,TLS_RSA_WITH_AES_128_CBC_SHA,,cas.fr.eu.criteo.com,False,True,CsxnGIi,"['8a258857ae6b43509c5769d79be153d2c41426a6c9fbdc79a626f601ad13560d', 'eae72eb454bf6c3977ebd289e970b2f5282949190093d0d26f98d0f0d6a9cf17', '8420dfbe376f414bf4c0a81e6936d24ccc03f304835b86c7a39142fca723a689']",[],1.0,0ffee3ba8e615ad22535e7f771690a28,5dcc087b1a1d0a5b0658981a7e8b2c3c,,,11267.941614,10.0.2.15,54393,178.250.0.101,443,tcp,15.034644999999728,4645.0,9623.0,SF,True,False,0,ShADadTfF,16,5294,21,10467,ssl,0
11268.508972,ChcuvV34EoPdiN1fyd,10.0.2.15,54395,185.33.223.45,443,TLSv12,TLS_ECDHE_RSA_WITH_AES_256_GCM_SHA384,,secure.adnxs.com,True,True,CsiI,,,,1a5fe5677b0e4fbbc854e8908225637d,266bd998df907f9d5064d7f4c208b200,,,11268.331315,10.0.2.15,54395,185.33.223.45,443,tcp,6.95015500000045,599.0,141.0,SF,True,False,0,ShADadFf,8,927,7,425,ssl,0
11268.50025,Cc1dpZ25Hj6kHqvxZ1,10.0.2.15,54397,178.250.0.101,443,TLSv12,TLS_RSA_WITH_AES_128_CBC_SHA,,cas.fr.eu.criteo.com,False,True,CsxnGIi,"['8a258857ae6b43509c5769d79be153d2c41426a6c9fbdc79a626f601ad13560d', 'eae72eb454bf6c3977ebd289e970b2f5282949190093d0d26f98d0f0d6a9cf17', '8420dfbe376f414bf4c0a81e6936d24ccc03f304835b86c7a39142fca723a689']",[],1.0,0ffee3ba8e615ad22535e7f771690a28,5dcc087b1a1d0a5b0658981a7e8b2c3c,,,11268.333131,10.0.2.15,54397,178.250.0.101,443,tcp,6.944408000001204,624.0,4413.0,SF,True,False,0,ShADadFf,10,1032,11,4857,ssl,0
11268.51074,CZWVy44aB4rqFlqUa7,10.0.2.15,54394,178.250.0.101,443,TLSv12,TLS_RSA_WITH_AES_128_CBC_SHA,,cas.fr.eu.criteo.com,False,True,CsxnGIi,"['8a258857ae6b43509c5769d79be153d2c41426a6c9fbdc79a626f601ad13560d', 'eae72eb454bf6c3977ebd289e970b2f5282949190093d0d26f98d0f0d6a9cf17', '8420dfbe376f414bf4c0a81e6936d24ccc03f304835b86c7a39142fca723a689']",[],1.0,0ffee3ba8e615ad22535e7f771690a28,5dcc087b1a1d0a5b0658981a7e8b2c3c,,,11268.330155,10.0.2.15,54394,178.250.0.101,443,tcp,6.947433000001183,624.0,4413.0,SF,True,False,0,ShADadFf,10,1032,11,4857,ssl,0
11272.45225,CaxHZZ2mxSTJfOaxj4,10.0.2.15,54404,178.250.0.66,443,TLSv12,TLS_RSA_WITH_AES_128_CBC_SHA,,cat.fr.eu.criteo.com,True,True,CsiI,,,,0ffee3ba8e615ad22535e7f771690a28,5dcc087b1a1d0a5b0658981a7e8b2c3c,,,11272.009554,10.0.2.15,54404,178.250.0.66,443,tcp,7.555699000000459,357.0,165.0,SF,True,False,0,ShADadFf,8,685,7,449,ssl,0
11272.451633,CtSStDV4oKKlxS5A6,10.0.2.15,54405,178.250.2.78,443,TLSv12,TLS_RSA_WITH_AES_128_CBC_SHA,,static.eu.criteo.net,True,True,CsiI,,,,0ffee3ba8e615ad22535e7f771690a28,5dcc087b1a1d0a5b0658981a7e8b2c3c,,,11272.011122,10.0.2.15,54405,178.250.2.78,443,tcp,7.712121000000479,357.0,165.0,SF,True,False,0,ShADadFf,8,685,7,449,ssl,0
11274.562877,CVZub3NZ1hfc4R6S5,10.0.2.15,54411,95.101.242.242,443,TLSv12,TLS_ECDHE_RSA_WITH_AES_256_GCM_SHA384,secp256r1,product.pcmag.com,False,True,CsxknGIti,"['3d04f2291f912f79ab2f6702031e5a8c3055b6386304ad9b6925e97e2d9b870b', 'eae72eb454bf6c3977ebd289e970b2f5282949190093d0d26f98d0f0d6a9cf17']",[],1.0,0ffee3ba8e615ad22535e7f771690a28,2b33c1374db4ddf06942f92373c0b54b,h2,,11274.487824,10.0.2.15,54411,95.101.242.242,443,tcp,199.58898500000032,736.0,4563.0,SF,True,False,0,ShADadFfRr,21,1584,24,5527,ssl,0
11272.449886,CbHJKp4kPXLMF9YBDa,10.0.2.15,54403,178.250.2.78,443,TLSv12,TLS_ECDHE_RSA_WITH_AES_256_GCM_SHA384,secp256r1,static.eu.criteo.net,False,True,CsxknGIi,"['67b0ecfd7b5de431162434de2de408b062ccc6b4122030ee8b8a65da71b70e4d', 'eae72eb454bf6c3977ebd289e970b2f5282949190093d0d26f98d0f0d6a9cf17']",[],1.0,0ffee3ba8e615ad22535e7f771690a28,a9e3ed16ee3208291487c8d2aa2ad924,,,11271.994498,10.0.2.15,54403,178.250.2.78,443,tcp,25.059860999999728,386.0,3103.0,SF,True,False,0,ShADadFTf,11,835,11,3547,ssl,0
11272.445587,CFOjIR3cKjtFqIJ4Zj,10.0.2.15,54402,178.250.0.66,443,TLSv12,TLS_RSA_WITH_AES_128_CBC_SHA,,cat.fr.eu.criteo.com,False,True,CsxnGIi,"['8a258857ae6b43509c5769d79be153d2c41426a6c9fbdc79a626f601ad13560d', 'eae72eb454bf6c3977ebd289e970b2f5282949190093d0d26f98d0f0d6a9cf17', '8420dfbe376f414bf4c0a81e6936d24ccc03f304835b86c7a39142fca723a689']",[],1.0,0ffee3ba8e615ad22535e7f771690a28,5dcc087b1a1d0a5b0658981a7e8b2c3c,,,11271.685048,10.0.2.15,54402,178.250.0.66,443,tcp,8.944233000000168,571.0,4413.0,SF,True,False,0,ShADadFf,10,979,11,4857,ssl,0
11272.446476,CExIPDybQuwpaA38i,10.0.2.15,54401,178.250.0.66,443,TLSv12,TLS_RSA_WITH_AES_128_CBC_SHA,,cat.fr.eu.criteo.com,False,True,CsxnGIi,"['8a258857ae6b43509c5769d79be153d2c41426a6c9fbdc79a626f601ad13560d', 'eae72eb454bf6c3977ebd289e970b2f5282949190093d0d26f98d0f0d6a9cf17', '8420dfbe376f414bf4c0a81e6936d24ccc03f304835b86c7a39142fca723a689']",[],1.0,0ffee3ba8e615ad22535e7f771690a28,5dcc087b1a1d0a5b0658981a7e8b2c3c,,,11271.683051,10.0.2.15,54401,178.250.0.66,443,tcp,8.940812000000733,571.0,4413.0,SF,True,False,0,ShADadFf,10,979,11,4857,ssl,0
11272.450644,CyMsjN1AJknqQE2kd7,10.0.2.15,54406,178.250.0.66,443,TLSv12,TLS_RSA_WITH_AES_128_CBC_SHA,,cat.fr.eu.criteo.com,False,True,CsxnGIi,"['8a258857ae6b43509c5769d79be153d2c41426a6c9fbdc79a626f601ad13560d', 'eae72eb454bf6c3977ebd289e970b2f5282949190093d0d26f98d0f0d6a9cf17', '8420dfbe376f414bf4c0a81e6936d24ccc03f304835b86c7a39142fca723a689']",[],1.0,0ffee3ba8e615ad22535e7f771690a28,5dcc087b1a1d0a5b0658981a7e8b2c3c,,,11272.015799,10.0.2.15,54406,178.250.0.66,443,tcp,12.145096000000194,624.0,4413.0,SF,True,False,0,ShADadFf,11,1072,12,4897,ssl,0
11279.698459,CjS8bBBFgutGI79nc,10.0.2.15,54428,172.217.23.232,443,TLSv12,TLS_ECDHE_RSA_WITH_AES_128_GCM_SHA256,,www.googletagmanager.com,True,True,CsiI,,,,1a5fe5677b0e4fbbc854e8908225637d,67619a80665d7ab92d1041b1d11f9164,h2,,11279.355335,10.0.2.15,54428,172.217.23.232,443,tcp,433.836507,1659.0,105451.0,SF,True,False,0,ShADadfF,56,3907,122,110335,ssl,0
11282.481091,Cmcbjf2RHucsAthUL4,10.0.2.15,54433,95.101.242.242,443,TLSv12,TLS_ECDHE_RSA_WITH_AES_256_GCM_SHA384,secp256r1,assets.pcmag.com,False,True,CsxknGIti,"['3d04f2291f912f79ab2f6702031e5a8c3055b6386304ad9b6925e97e2d9b870b', 'eae72eb454bf6c3977ebd289e970b2f5282949190093d0d26f98d0f0d6a9cf17']",[],1.0,0ffee3ba8e615ad22535e7f771690a28,2b33c1374db4ddf06942f92373c0b54b,http/1.1,,11281.12882,10.0.2.15,54433,95.101.242.242,443,tcp,150.14321500000003,5680.0,307799.0,SF,True,False,0,ShADadTTFf,70,8500,271,318643,ssl,0
11282.486349,CVsHu84XPHPIhwOqoe,10.0.2.15,54432,95.101.242.242,443,TLSv12,TLS_ECDHE_RSA_WITH_AES_256_GCM_SHA384,secp256r1,assets.pcmag.com,False,True,CsxknGIti,"['3d04f2291f912f79ab2f6702031e5a8c3055b6386304ad9b6925e97e2d9b870b', 'eae72eb454bf6c3977ebd289e970b2f5282949190093d0d26f98d0f0d6a9cf17']",[],1.0,0ffee3ba8e615ad22535e7f771690a28,2b33c1374db4ddf06942f92373c0b54b,http/1.1,,11281.128161,10.0.2.15,54432,95.101.242.242,443,tcp,150.14393500000006,5688.0,81350.0,SF,True,False,0,ShADadTTFf,48,7628,95,85154,ssl,0
11282.414708,CTZjVnpTd78445TP1,10.0.2.15,54431,95.101.242.242,443,TLSv12,TLS_ECDHE_RSA_WITH_AES_256_GCM_SHA384,secp256r1,assets.pcmag.com,False,True,CsxknGIti,"['3d04f2291f912f79ab2f6702031e5a8c3055b6386304ad9b6925e97e2d9b870b', 'eae72eb454bf6c3977ebd289e970b2f5282949190093d0d26f98d0f0d6a9cf17']",[],1.0,0ffee3ba8e615ad22535e7f771690a28,2b33c1374db4ddf06942f92373c0b54b,http/1.1,,11281.126,10.0.2.15,54431,95.101.242.242,443,tcp,150.0762219999997,5629.0,95936.0,SF,True,False,0,ShADadTTFf,47,7529,103,100060,ssl,0
11282.422583,CrM0d4152CCFPVfOw,10.0.2.15,54430,95.101.242.242,443,TLSv12,TLS_ECDHE_RSA_WITH_AES_256_GCM_SHA384,secp256r1,assets.pcmag.com,False,True,CsxknGIti,"['3d04f2291f912f79ab2f6702031e5a8c3055b6386304ad9b6925e97e2d9b870b', 'eae72eb454bf6c3977ebd289e970b2f5282949190093d0d26f98d0f0d6a9cf17']",[],1.0,0ffee3ba8e615ad22535e7f771690a28,2b33c1374db4ddf06942f92373c0b54b,http/1.1,,11281.118816,10.0.2.15,54430,95.101.242.242,443,tcp,150.1573040000003,5748.0,97629.0,SF,True,False,0,ShADadtTTFfRr,65,8368,104,103213,ssl,0
11282.463161,CLhFHm7R5TwYgNnR,10.0.2.15,54434,95.101.242.242,443,TLSv12,TLS_ECDHE_RSA_WITH_AES_256_GCM_SHA384,secp256r1,assets.pcmag.com,False,True,CsxknGIti,"['3d04f2291f912f79ab2f6702031e5a8c3055b6386304ad9b6925e97e2d9b870b', 'eae72eb454bf6c3977ebd289e970b2f5282949190093d0d26f98d0f0d6a9cf17']",[],1.0,0ffee3ba8e615ad22535e7f771690a28,2b33c1374db4ddf06942f92373c0b54b,http/1.1,,11281.130186,10.0.2.15,54434,95.101.242.242,443,tcp,155.7939640000004,6878.0,103362.0,SF,True,False,0,ShADadTTFfRr,52,8978,114,107926,ssl,0
11282.430151,CarB2B2ELpLtK21o12,10.0.2.15,54429,95.101.242.242,443,TLSv12,TLS_ECDHE_RSA_WITH_AES_256_GCM_SHA384,secp256r1,assets.pcmag.com,False,True,CsxknGIti,"['3d04f2291f912f79ab2f6702031e5a8c3055b6386304ad9b6925e97e2d9b870b', 'eae72eb454bf6c3977ebd289e970b2f5282949190093d0d26f98d0f0d6a9cf17']",[],1.0,0ffee3ba8e615ad22535e7f771690a28,2b33c1374db4ddf06942f92373c0b54b,http/1.1,,11281.111582,10.0.2.15,54429,95.101.242.242,443,tcp,150.09066200000052,5714.0,132774.0,SF,True,False,0,ShADadTTFf,50,7734,134,138138,ssl,0
11285.192444,CnCD8a1vljj9KGwBec,10.0.2.15,54438,23.65.217.100,443,TLSv12,TLS_ECDHE_RSA_WITH_AES_256_GCM_SHA384,secp256r1,g.pcmag.com,False,True,CsxknGIti,"['3d04f2291f912f79ab2f6702031e5a8c3055b6386304ad9b6925e97e2d9b870b', 'eae72eb454bf6c3977ebd289e970b2f5282949190093d0d26f98d0f0d6a9cf17']",[],1.0,0ffee3ba8e615ad22535e7f771690a28,2b33c1374db4ddf06942f92373c0b54b,http/1.1,,11284.441911,10.0.2.15,54438,23.65.217.100,443,tcp,129.12054800000078,1342.0,4772.0,SF,True,False,0,ShADadTTFf,24,2322,24,5736,ssl,0
11291.513845,CvIUuHVJzDM1N1D99,10.0.2.15,54444,95.101.250.34,443,TLSv12,TLS_ECDHE_RSA_WITH_AES_256_GCM_SHA384,,use.typekit.net,True,True,CsiI,,,,1a5fe5677b0e4fbbc854e8908225637d,410b9bedaf65dd26c6fe547154d60db4,h2,,11290.450241,10.0.2.15,54444,95.101.250.34,443,tcp,196.5636919999997,1168.0,8377.0,SF,True,False,0,ShADadFfRr,20,1976,27,9461,ssl,0
11294.255546,CTJLui3HYxTzfzmOLb,10.0.2.15,54457,185.33.223.45,443,TLSv12,TLS_ECDHE_RSA_WITH_AES_256_GCM_SHA384,,secure.adnxs.com,True,True,CsiI,,,,1a5fe5677b0e4fbbc854e8908225637d,266bd998df907f9d5064d7f4c208b200,,,11293.658639,10.0.2.15,54457,185.33.223.45,443,tcp,19.96255100000053,6290.0,5620.0,SF,True,False,0,ShADadfF,14,6858,16,6264,ssl,0
11294.256019,Cdczeh4ZWZWPtPdq19,10.0.2.15,54456,62.67.193.97,443,TLSv12,TLS_RSA_WITH_AES_256_CBC_SHA,,fastlane.rubiconproject.com,False,True,CsxnGIi,"['323de379ee34a94e415f63b56183d0d5d0e5a863f4ac89f97dc40ae81cc021c8', '154c433c491929c5ef686e838e323664a00e6a0d822ccc958fb4dab03e49a08f']",[],1.0,0ffee3ba8e615ad22535e7f771690a28,0a917d753018dad73d9899ace370f8d8,,,11293.657539,10.0.2.15,54456,62.67.193.97,443,tcp,24.1791489999996,5916.0,10569.0,SF,True,False,0,ShADadTFf,17,6605,20,11373,ssl,0
11294.257496,C0vl7V2pgoEYBOCEQ8,10.0.2.15,54455,63.215.202.75,443,TLSv12,TLS_RSA_WITH_3DES_EDE_CBC_SHA,,media.msg.dotomi.com,False,True,CsxnGIi,"['370d1fd0e334b74c1a6d71187a298d31d2c1ce22a20a93f01604461ab62c07f7', '0b339212d7cff17a2c59e35669b58e77350133750a78da9404770edd470def76']",[],1.0,0ffee3ba8e615ad22535e7f771690a28,66a6571ef756b3c9e82b3fd802bbcac2,,,11293.656602,10.0.2.15,54455,63.215.202.75,443,tcp,24.184602000001178,1421.0,3390.0,SF,True,False,0,ShADadTFf,12,1910,12,3874,ssl,0
11295.458694,CQobiV2m6EqVNo6nb9,10.0.2.15,54463,185.33.223.45,443,TLSv12,TLS_ECDHE_RSA_WITH_AES_256_GCM_SHA384,,secure.adnxs.com,True,True,CsiI,,,,1a5fe5677b0e4fbbc854e8908225637d,266bd998df907f9d5064d7f4c208b200,,,11295.099395,10.0.2.15,54463,185.33.223.45,443,tcp,11.266326000000843,3553.0,3852.0,SF,True,False,0,ShADadTfF,12,4042,15,4456,ssl,0
11304.890878,Cq18x94azU05pPddge,10.0.2.15,54482,95.101.250.34,443,TLSv12,TLS_ECDHE_RSA_WITH_AES_256_GCM_SHA384,,use.typekit.net,True,True,CsiI,,,,1a5fe5677b0e4fbbc854e8908225637d,410b9bedaf65dd26c6fe547154d60db4,h2,,11303.934499,10.0.2.15,54482,95.101.250.34,443,tcp,193.20844699999907,1309.0,25830.0,SF,True,False,0,ShADadFfRr,27,2397,41,27474,ssl,0
11304.893396,CEQNI142IxcKPXqhGc,10.0.2.15,54483,178.250.2.102,443,TLSv12,TLS_RSA_WITH_AES_128_CBC_SHA,,cas.nl.eu.criteo.com,True,True,CsiI,,,,0ffee3ba8e615ad22535e7f771690a28,5dcc087b1a1d0a5b0658981a7e8b2c3c,,,11303.949547,10.0.2.15,54483,178.250.2.102,443,tcp,17.756234000000404,4362.0,5375.0,SF,True,False,0,ShADadTfF,13,4891,16,6019,ssl,0
11310.272059,CKZ6AP3ayrFmBRXls5,10.0.2.15,54495,172.217.23.228,443,TLSv12,TLS_ECDHE_ECDSA_WITH_AES_128_GCM_SHA256,x25519,google-analytics.com,False,True,CsxknGIti,"['11ddd329046367c19b32ffdb02ed308de129de4d6ffcf95856d7bd6a7accfba9', '9f630426df1d8abfd80ace98871ba833ab9742cb34838de2b5285ed54c0c7dcc', '3c35cc963eb004451323d3275d05b353235053490d9cd83729a2faf5e7ca1cc0']",[],1.0,0ffee3ba8e615ad22535e7f771690a28,84480cf8cf0e732666092640e581e1a5,h2,,11309.95084,10.0.2.15,54495,172.217.23.228,443,tcp,201.28820900000028,940.0,17334.0,SF,True,False,0,ShADadFf,27,2028,34,18698,ssl,0
11316.104229,Ciaurb1LB2nIt46k38,10.0.2.15,63179,95.101.252.144,443,TLSv12,TLS_ECDHE_RSA_WITH_AES_256_GCM_SHA384,,z.moatads.com,True,True,CsiI,,,,1a5fe5677b0e4fbbc854e8908225637d,410b9bedaf65dd26c6fe547154d60db4,http/1.1,,11314.767572,10.0.2.15,63179,95.101.252.144,443,tcp,127.23449399999843,919.0,70423.0,RSTO,True,False,0,ShADadTTFR,35,2339,79,73587,ssl,0
11316.102396,C0uu2w2YKPqjayjJK1,10.0.2.15,63181,23.2.12.111,443,TLSv12,TLS_ECDHE_RSA_WITH_AES_256_GCM_SHA384,secp256r1,contextual.media.net,False,True,CsxknGIti,"['1d387aa03c1a15cf202e998803d42312c5684b0fa37074ee31ec15ba4081e7f5', 'eae72eb454bf6c3977ebd289e970b2f5282949190093d0d26f98d0f0d6a9cf17']",[],1.0,0ffee3ba8e615ad22535e7f771690a28,2b33c1374db4ddf06942f92373c0b54b,http/1.1,,11314.769279,10.0.2.15,63181,23.2.12.111,443,tcp,132.36253600000057,959.0,7880.0,SF,True,False,0,ShADadTTFfRr,26,2019,29,9044,ssl,0
11320.070603,CnqK9k1AMKCRTTRyd,10.0.2.15,63184,178.250.2.66,443,TLSv12,TLS_RSA_WITH_AES_128_CBC_SHA,,cat.nl.eu.criteo.com,False,True,CsxnGIi,"['a788c1ddecb433aa62d9bbc337417f448ebc0389161863ee31b5c1decac74c87', 'eae72eb454bf6c3977ebd289e970b2f5282949190093d0d26f98d0f0d6a9cf17', '8420dfbe376f414bf4c0a81e6936d24ccc03f304835b86c7a39142fca723a689']",[],1.0,0ffee3ba8e615ad22535e7f771690a28,5dcc087b1a1d0a5b0658981a7e8b2c3c,,,11319.72172,10.0.2.15,63184,178.250.2.66,443,tcp,15.74924699999974,5045.0,4785.0,SF,True,False,0,ShADadTfF,16,5694,17,5469,ssl,0
11320.494685,CKuLU62vyZ8Cx3nal1,10.0.2.15,63185,172.217.23.226,443,TLSv12,TLS_ECDHE_ECDSA_WITH_AES_128_GCM_SHA256,x25519,pagead2.googlesyndication.com,False,True,CsxknGIti,"['7dab2c14c2154b93fe35063ca1c26a233a78ca71cbb2bca391546edc16638392', '9f630426df1d8abfd80ace98871ba833ab9742cb34838de2b5285ed54c0c7dcc', '3c35cc963eb004451323d3275d05b353235053490d9cd83729a2faf5e7ca1cc0']",[],1.0,0ffee3ba8e615ad22535e7f771690a28,84480cf8cf0e732666092640e581e1a5,h2,,11320.072249,10.0.2.15,63185,172.217.23.226,443,tcp,1583.7768419999993,23206.0,136260.0,SF,True,False,0,ShADadFf,184,30574,287,147744,ssl,0
11325.403885,CDC5rB1crJnPcImML7,10.0.2.15,63191,173.241.240.199,443,TLSv10,TLS_RSA_WITH_3DES_EDE_CBC_SHA,,rtb.openx.net,False,True,CsxnGIi,"['ab7de06ea7a3de3225f335667d38750434931049f9e9cb0cb4a9caf5df22819c', '074541ecdf88ed992ed5ade3ecddef27a26ba1b44480a195c0a8dadae2521d8e']",[],1.0,0ffee3ba8e615ad22535e7f771690a28,5cd6efb8d804faf03e1462073b729151,,,11324.906004,10.0.2.15,63191,173.241.240.199,443,tcp,134.94675499999903,1565.0,3144.0,SF,True,False,0,ShADadTTFf,25,2585,26,4188,ssl,0
11327.131557,Cyozgs2WCPq2hjp128,10.0.2.15,63198,52.3.3.138,443,TLSv12,TLS_ECDHE_RSA_WITH_AES_128_GCM_SHA256,secp256r1,geo.moatads.com,False,True,CsxknGIi,"['a1f5b668b42edb358e83f7846b2d9b47b4c87d7ba7c20aecdceea13939a70e76', 'e6683e88315cd1cb403c0cea490f7c4b4c82c91cd485037489aadbaa90839f61']",[],1.0,0ffee3ba8e615ad22535e7f771690a28,303951d4c50efb2e991652225a6f02b1,,,11326.70625,10.0.2.15,63198,52.3.3.138,443,tcp,66.6831770000008,3745.0,3640.0,SF,True,False,0,ShADadTFf,21,4598,22,4524,ssl,0
11332.544921,CGd71W2xbRxjeEtCC5,10.0.2.15,63205,217.12.15.54,443,TLSv12,TLS_ECDHE_RSA_WITH_AES_128_GCM_SHA256,secp256r1,ads.yahoo.com,False,True,CsxknGIti,"['aaab982de106f191dd3d06d3f44eada0b8a2b0a6692636e9ff628a677f3eb65c', 'eae72eb454bf6c3977ebd289e970b2f5282949190093d0d26f98d0f0d6a9cf17']",[],1.0,1a5fe5677b0e4fbbc854e8908225637d,389ed42c02ebecc32e73aa31def07e14,,,11331.775247,10.0.2.15,63205,217.12.15.54,443,tcp,18.973927000000916,1169.0,4227.0,SF,True,False,0,ShADadTfF,12,1658,13,4751,ssl,0
11333.329704,C1pK0GaltwEP7N6zl,10.0.2.15,63217,52.3.3.138,443,TLSv12,TLS_ECDHE_RSA_WITH_AES_128_GCM_SHA256,,geo.moatads.com,True,True,CsiI,,,,0ffee3ba8e615ad22535e7f771690a28,303951d4c50efb2e991652225a6f02b1,,,11332.54531,10.0.2.15,63217,52.3.3.138,443,tcp,62.54678000000058,1996.0,417.0,SF,True,False,0,ShADadTFf,16,2650,16,1061,ssl,0
11333.334217,CpfgNC4S0iRKbtZ88,10.0.2.15,63214,52.3.3.138,443,TLSv12,TLS_ECDHE_RSA_WITH_AES_128_GCM_SHA256,,geo.moatads.com,True,True,CsiI,,,,0ffee3ba8e615ad22535e7f771690a28,303951d4c50efb2e991652225a6f02b1,,,11332.545247,10.0.2.15,63214,52.3.3.138,443,tcp,8.222653000000719,306.0,176.0,SF,True,False,0,ShADadFfRr,9,674,9,540,ssl,0
11333.338322,CeRvCn3k9SOrRVpaBj,10.0.2.15,63213,95.101.252.144,443,TLSv12,TLS_ECDHE_RSA_WITH_AES_256_GCM_SHA384,,px.moatads.com,True,True,CsiI,,,,1a5fe5677b0e4fbbc854e8908225637d,410b9bedaf65dd26c6fe547154d60db4,http/1.1,,11332.545226,10.0.2.15,63213,95.101.252.144,443,tcp,145.7075420000001,10397.0,3687.0,SF,True,False,0,ShADadTTFfRr,37,11896,38,5211,ssl,0
11333.935323,CaJcK82AfWgkSRmAub,10.0.2.15,63218,95.101.252.144,443,TLSv12,TLS_ECDHE_RSA_WITH_AES_256_GCM_SHA384,,px.moatads.com,True,True,CsiI,,,,1a5fe5677b0e4fbbc854e8908225637d,410b9bedaf65dd26c6fe547154d60db4,http/1.1,,11332.611086,10.0.2.15,63218,95.101.252.144,443,tcp,272.6975859999984,15453.0,4563.0,SF,True,False,0,ShADadTTFfRr,58,17805,59,6927,ssl,0
11333.340056,CJpqZ23R7s9lrx1hh1,10.0.2.15,63212,52.2.148.143,443,TLSv12,TLS_RSA_WITH_AES_128_CBC_SHA,,s.update.rubiconproject.com,False,True,CsxnGIi,"['af7e2bc3d959b48180be1d061d1686937bb2c7e4d1a531059ab7e4bdaddf7fc4', '02ab57e4e67a0cb48dd2ff34830e8ac40f4476fb08ca6be3f5cd846f646840f0', '4f32d5dc00f715250abcc486511e37f501a899deb3bf7ea8adbbd3aef1c412da']",[],1.0,0ffee3ba8e615ad22535e7f771690a28,b7ca612a52814d190006d99dcb63a655,,,11332.545203,10.0.2.15,63212,52.2.148.143,443,tcp,8.74645799999962,5719.0,4677.0,SF,True,False,0,ShADadfF,13,6247,16,5321,ssl,0
11338.251241,C1zZP616xXtyvd4zq2,10.0.2.15,63219,68.169.80.226,443,TLSv12,TLS_DHE_RSA_WITH_AES_128_CBC_SHA,,secure.authbill.com,False,True,CsxknGIti,"['197a3eff77980b6a6969ed62156a0f94833d918bc6e1041b3b8a1e19a3989158', '02ab57e4e67a0cb48dd2ff34830e8ac40f4476fb08ca6be3f5cd846f646840f0', '4f32d5dc00f715250abcc486511e37f501a899deb3bf7ea8adbbd3aef1c412da']",[],1.0,0ffee3ba8e615ad22535e7f771690a28,b18612586998b47454e12d90e12021c2,,,11337.877119,10.0.2.15,63219,68.169.80.226,443,tcp,11.064300999998522,815.0,5849.0,SF,True,False,0,ShADadfF,11,1263,14,6413,ssl,0
11338.513989,CktOLi2wfa0PetTkmj,10.0.2.15,63226,54.192.93.221,443,TLSv12,TLS_ECDHE_RSA_WITH_AES_128_GCM_SHA256,secp256r1,ziffdavis697674298673.moatads.com,False,True,CsxuknGIti,"['a1f5b668b42edb358e83f7846b2d9b47b4c87d7ba7c20aecdceea13939a70e76', 'e6683e88315cd1cb403c0cea490f7c4b4c82c91cd485037489aadbaa90839f61']",[],1.0,0ffee3ba8e615ad22535e7f771690a28,76cc3e2d3028143b23ec18e27dbd7ca9,http/1.1,,11338.054887,10.0.2.15,63226,54.192.93.221,443,tcp,78.34547500000008,1768.0,5813.0,SF,True,False,0,ShADadTFf,21,2623,23,6737,ssl,0
11340.082451,CCh0HY1T8Bb8wuKDe5,10.0.2.15,63227,95.101.252.144,443,TLSv12,TLS_ECDHE_RSA_WITH_AES_256_GCM_SHA384,,px.moatads.com,True,True,CsiI,,,,1a5fe5677b0e4fbbc854e8908225637d,410b9bedaf65dd26c6fe547154d60db4,http/1.1,,11339.516694,10.0.2.15,63227,95.101.252.144,443,tcp,7.304180999999517,599.0,183.0,SF,True,False,0,ShADadFfRr,9,967,9,547,ssl,0
11340.067381,CR4odf4vusybAharC9,10.0.2.15,63228,54.192.93.221,443,TLSv12,TLS_ECDHE_RSA_WITH_AES_128_GCM_SHA256,secp256r1,ziffdavis697674298673.moatads.com,False,True,CsxuknGIti,"['a1f5b668b42edb358e83f7846b2d9b47b4c87d7ba7c20aecdceea13939a70e76', 'e6683e88315cd1cb403c0cea490f7c4b4c82c91cd485037489aadbaa90839f61']",[],1.0,0ffee3ba8e615ad22535e7f771690a28,76cc3e2d3028143b23ec18e27dbd7ca9,http/1.1,,11339.519562,10.0.2.15,63228,54.192.93.221,443,tcp,124.65054299999974,1037.0,5315.0,SF,True,False,0,ShADadTTfF,22,1936,24,6279,ssl,0
11345.125703,CleyWi46SISDFtj0F1,10.0.2.15,63230,217.12.15.83,443,TLSv12,TLS_ECDHE_RSA_WITH_AES_128_GCM_SHA256,secp256r1,cookiex.ngd.yahoo.com,False,True,CsxknGIti,"['aaab982de106f191dd3d06d3f44eada0b8a2b0a6692636e9ff628a677f3eb65c', 'eae72eb454bf6c3977ebd289e970b2f5282949190093d0d26f98d0f0d6a9cf17']",[],1.0,0ffee3ba8e615ad22535e7f771690a28,389ed42c02ebecc32e73aa31def07e14,,,11344.837363,10.0.2.15,63230,217.12.15.83,443,tcp,17.85830899999928,844.0,4109.0,SF,True,False,0,ShADadTfF,12,1333,13,4633,ssl,0
11345.131735,CDV7et1sfDQTn4QhW3,10.0.2.15,63231,217.12.15.83,443,TLSv12,TLS_ECDHE_RSA_WITH_AES_128_GCM_SHA256,secp256r1,cookiex.ngd.yahoo.com,False,True,CsxknGIti,"['aaab982de106f191dd3d06d3f44eada0b8a2b0a6692636e9ff628a677f3eb65c', 'eae72eb454bf6c3977ebd289e970b2f5282949190093d0d26f98d0f0d6a9cf17']",[],1.0,0ffee3ba8e615ad22535e7f771690a28,389ed42c02ebecc32e73aa31def07e14,,,11344.839055,10.0.2.15,63231,217.12.15.83,443,tcp,8.537859000000026,387.0,3636.0,SF,True,False,0,ShADadFfRr,11,835,13,4160,ssl,0
11345.698241,CU7IEC35xZKGxDhvv6,10.0.2.15,63229,52.35.153.7,443,TLSv12,TLS_ECDHE_RSA_WITH_AES_128_GCM_SHA256,secp256r1,shavar.services.mozilla.com,False,True,CsxknGIi,"['ab0cab1d1d1157eb5dff0ea41cd6d1eeebf59d1f123042954c61ea78003457d0', '154c433c491929c5ef686e838e323664a00e6a0d822ccc958fb4dab03e49a08f']",[],1.0,0ffee3ba8e615ad22535e7f771690a28,303951d4c50efb2e991652225a6f02b1,,,11344.83671,10.0.2.15,63229,52.35.153.7,443,tcp,66.15511499999957,919.0,3396.0,SF,True,False,0,ShADadTFf,16,1572,17,4080,ssl,0
11345.701216,Cz9wRM2vRoOKZnWAwj,10.0.2.15,63232,52.35.153.7,443,TLSv12,TLS_ECDHE_RSA_WITH_AES_128_GCM_SHA256,secp256r1,shavar.services.mozilla.com,False,True,CsxknGIi,"['ab0cab1d1d1157eb5dff0ea41cd6d1eeebf59d1f123042954c61ea78003457d0', '154c433c491929c5ef686e838e323664a00e6a0d822ccc958fb4dab03e49a08f']",[],1.0,0ffee3ba8e615ad22535e7f771690a28,303951d4c50efb2e991652225a6f02b1,,,11344.839777,10.0.2.15,63232,52.35.153.7,443,tcp,9.96076400000129,361.0,3157.0,SF,True,False,0,ShADadFfRr,11,809,12,3641,ssl,0
11347.346194,C2j7eG3WeFJNkq7m7l,10.0.2.15,63234,52.2.148.143,443,TLSv12,TLS_RSA_WITH_AES_128_CBC_SHA,,s.update.rubiconproject.com,True,True,CsiI,,,,0ffee3ba8e615ad22535e7f771690a28,b7ca612a52814d190006d99dcb63a655,,,11346.525356,10.0.2.15,63234,52.2.148.143,443,tcp,3.928759000000354,5484.0,497.0,SF,True,False,0,ShADadfF,10,5892,12,981,ssl,0
11355.849465,CDEVQe3qJD7gaAb48a,10.0.2.15,63244,151.101.112.207,443,TLSv12,TLS_ECDHE_RSA_WITH_AES_128_GCM_SHA256,,js-agent.newrelic.com,True,True,CsiI,,,,1a5fe5677b0e4fbbc854e8908225637d,1d0e57c6ae42e9204defa51e5e1cdc4c,http/1.1,,11355.460346,10.0.2.15,63244,151.101.112.207,443,tcp,124.49775600000066,906.0,9759.0,SF,True,False,0,ShADadTTFfRr,23,1846,29,10923,ssl,0
11355.850304,CJUgEX21AofSBv6Cz8,10.0.2.15,63243,151.101.112.207,443,TLSv12,TLS_ECDHE_RSA_WITH_AES_128_GCM_SHA256,,js-agent.newrelic.com,True,True,CsiI,,,,1a5fe5677b0e4fbbc854e8908225637d,1d0e57c6ae42e9204defa51e5e1cdc4c,http/1.1,,11355.455848,10.0.2.15,63243,151.101.112.207,443,tcp,6.039960000000065,599.0,191.0,SF,True,False,0,ShADadFfRr,8,927,9,555,ssl,0
11356.947657,CW28INmBJCk2KeFM,10.0.2.15,63245,52.205.239.131,443,TLSv10,TLS_RSA_WITH_3DES_EDE_CBC_SHA,,digitaledition.pcmag.com,False,True,CsxnGIi,"['5d3cfd2051f5329d8339251c1294c47cd87f33f46568209cc326d01347f9691e', '95b09d02122fa8ae6235780f6ea6503e767ac021a0874fe831ce803a50ea8fd7']",[],1.0,0ffee3ba8e615ad22535e7f771690a28,1cd011e6a890cdd03300231698e37028,,,11356.543115,10.0.2.15,63245,52.205.239.131,443,tcp,8.884262999999919,548.0,3043.0,SF,True,False,0,ShADadFf,10,956,10,3447,ssl,0
11371.340883,CHsO4p2j6MijA0KSql,10.0.2.15,63286,104.16.88.26,443,TLSv12,TLS_ECDHE_RSA_WITH_AES_128_GCM_SHA256,secp256r1,sc.tynt.com,False,True,CsxuknGIti,"['deb78a8322380fa2e86f5ceeebeefdfd36014e3c95bb89e773411b7d35ccf60f', '02ab57e4e67a0cb48dd2ff34830e8ac40f4476fb08ca6be3f5cd846f646840f0', '4f32d5dc00f715250abcc486511e37f501a899deb3bf7ea8adbbd3aef1c412da']",[],1.0,0ffee3ba8e615ad22535e7f771690a28,76cc3e2d3028143b23ec18e27dbd7ca9,h2,,11370.748719,10.0.2.15,63286,104.16.88.26,443,tcp,194.83911500000067,1034.0,6971.0,SF,True,False,0,ShADadFf,21,1882,24,7935,ssl,0
11397.733235,Cs9p8k3YG8TjFsHhhf,10.0.2.15,63358,216.58.212.195,443,TLSv12,TLS_ECDHE_ECDSA_WITH_AES_128_GCM_SHA256,x25519,csi.gstatic.com,False,True,CsxknGIti,"['11ddd329046367c19b32ffdb02ed308de129de4d6ffcf95856d7bd6a7accfba9', '9f630426df1d8abfd80ace98871ba833ab9742cb34838de2b5285ed54c0c7dcc', '3c35cc963eb004451323d3275d05b353235053490d9cd83729a2faf5e7ca1cc0']",[],1.0,0ffee3ba8e615ad22535e7f771690a28,84480cf8cf0e732666092640e581e1a5,h2,,11397.290204,10.0.2.15,63358,216.58.212.195,443,tcp,203.9347749999997,2127.0,4939.0,SF,True,False,0,ShADadFf,23,3055,27,6023,ssl,0
11398.241199,C3K34d4PJPmgsd0iz2,10.0.2.15,63361,63.215.202.137,443,TLSv12,TLS_ECDHE_RSA_WITH_AES_256_GCM_SHA384,secp256r1,openx2-match.dotomi.com,False,True,CsxknGIti,"['617414170a3686a8aff1383434f6005c8d9b760a24496d3341c9768154835f8f', '74ef335e5e18788307fb9d89cb704bec112abd23487dbff41c4ded5070f241d9']",[],1.0,0ffee3ba8e615ad22535e7f771690a28,e35df3e00ca4ef31d42b34bebaa2f86e,,,11397.936629,10.0.2.15,63361,63.215.202.137,443,tcp,8.249196000000666,749.0,3563.0,SF,True,False,0,ShADadfF,9,1117,12,4047,ssl,0
11401.257042,CiucAH1AeqOiLDSq42,10.0.2.15,63370,159.253.128.188,443,TLSv12,TLS_ECDHE_RSA_WITH_AES_256_GCM_SHA384,secp384r1,um.simpli.fi,False,True,CsxuknGIi,"['dca88e44b4969994c9a552ec37078ef61bc6bc25ee7a84aa3eb4d5e446018a58', '154c433c491929c5ef686e838e323664a00e6a0d822ccc958fb4dab03e49a08f']",[],1.0,0ffee3ba8e615ad22535e7f771690a28,2464432ec440b95b36263230c3148d11,http/1.1,,11400.586726,10.0.2.15,63370,159.253.128.188,443,tcp,3.259922000001097,811.0,4775.0,SF,True,False,0,ShADadFf,11,1259,12,5259,ssl,0
11439.941599,Cq4aG92PbPEKohUqWj,10.0.2.15,63442,54.247.69.81,443,TLSv12,TLS_ECDHE_RSA_WITH_AES_128_GCM_SHA256,secp256r1,d.adroll.com,False,True,CsxknGIi,"['30d9e6a96455a203c6d0e675630de083191a9ec88b4ede4851365088792e1417', 'e6683e88315cd1cb403c0cea490f7c4b4c82c91cd485037489aadbaa90839f61', 'ff856a2d251dcd88d36656f450126798cfabaade40799c722de4d2b5db36a73a']",[],1.0,0ffee3ba8e615ad22535e7f771690a28,303951d4c50efb2e991652225a6f02b1,,,11439.05831,10.0.2.15,63442,54.247.69.81,443,tcp,5.440185999999812,346.0,4135.0,SF,True,False,0,ShADadFfRr,10,754,12,4619,ssl,0
11449.692988,CCfjCx4Zk81JNzv4Gf,10.0.2.15,63467,23.74.27.16,443,TLSv12,TLS_ECDHE_RSA_WITH_AES_256_GCM_SHA384,secp256r1,www.asus.com,False,True,CsxuknGIti,"['fcde8b2704e7bc417d84621943e08fdecf8676968704b378cb4a98cd2d4df29e', 'eae72eb454bf6c3977ebd289e970b2f5282949190093d0d26f98d0f0d6a9cf17', '8420dfbe376f414bf4c0a81e6936d24ccc03f304835b86c7a39142fca723a689']",[],1.0,0ffee3ba8e615ad22535e7f771690a28,b4fb0f4c81087bc8d74c0387ce34665b,h2,,11449.194284,10.0.2.15,63467,23.74.27.16,443,tcp,3.057920000001104,816.0,6760.0,SF,True,False,0,ShADadFfRr,18,1544,22,7644,ssl,0
11449.708645,C4hQ862PB6wPpAlF08,10.0.2.15,63468,23.74.27.16,443,TLSv12,TLS_ECDHE_RSA_WITH_AES_256_GCM_SHA384,secp256r1,www.asus.com,False,True,CsxuknGIti,"['fcde8b2704e7bc417d84621943e08fdecf8676968704b378cb4a98cd2d4df29e', 'eae72eb454bf6c3977ebd289e970b2f5282949190093d0d26f98d0f0d6a9cf17', '8420dfbe376f414bf4c0a81e6936d24ccc03f304835b86c7a39142fca723a689']",[],1.0,0ffee3ba8e615ad22535e7f771690a28,b4fb0f4c81087bc8d74c0387ce34665b,h2,,11449.195272,10.0.2.15,63468,23.74.27.16,443,tcp,358.6062989999991,13222.0,3214978.0,SF,True,False,0,ShADadWtFfRr,689,40790,2616,3325302,ssl,0
11464.834366,CMAaSv3ixGvETI4xvl,10.0.2.15,63516,104.20.55.119,443,TLSv12,TLS_ECDHE_RSA_WITH_AES_128_GCM_SHA256,secp256r1,cdn.pushcrew.com,False,True,CsxuknGIti,"['8cfe9069f96e996b69b2a787a58e8391c44b1d8d8de5da86255b44eb0c36cac9', '973a41276ffd01e027a2aad49e34c37846d3e976ff6a620b6712e33832041aa6', '3a2fbe92891e57fe05d57087f48e730f17e5a5f53ef403d618e5b74d7a7e6ecb']",[],1.0,0ffee3ba8e615ad22535e7f771690a28,76cc3e2d3028143b23ec18e27dbd7ca9,h2,,11464.32516,10.0.2.15,63516,104.20.55.119,443,tcp,194.3123169999999,940.0,49040.0,SF,True,False,0,ShADadFf,30,2148,57,51324,ssl,0
11464.856328,CxQSKA22Xm6PfGPVKg,10.0.2.15,63512,198.232.124.196,443,TLSv12,TLS_ECDHE_RSA_WITH_AES_128_GCM_SHA256,secp256r1,static.freeskreen.com,False,True,CsxknGIti,"['99ab2dba3bfa6a4000749ce585305a2f72b3352669ddd34871d76c7b2bbf0017', 'b9f2164323638dce0b92218b43c41c1b2b2696389329db19f5cf7ad49b5cb372', '1a5174980a294a528a110726d5855650266c48d9883bea692b67b6d726da98c5']",[],1.0,0ffee3ba8e615ad22535e7f771690a28,b898351eb5e266aefd3723d466935494,h2,,11464.321555,10.0.2.15,63512,198.232.124.196,443,tcp,104.44209299999966,865.0,6433.0,SF,True,False,0,ShADadfF,16,1513,19,7197,ssl,0
11464.844584,CoPvHo4hOWjhC2OvH5,10.0.2.15,63513,31.13.69.203,443,TLSv12,TLS_ECDHE_ECDSA_WITH_AES_128_GCM_SHA256,secp256r1,connect.facebook.net,False,True,CsxknGIti,"['152151b387412a95ab90fd4664f2d98880408e9e43913124e4c91226a483386b', '19400be5b7a31fb733917700789d2f0a2471c0c9d506c0e504c06c16d7cb17c0']",[],1.0,0ffee3ba8e615ad22535e7f771690a28,2d1eb5817ece335c24904f516ad5da12,h2,,11464.322397,10.0.2.15,63513,31.13.69.203,443,tcp,610.5330439999998,2099.0,16882.0,SF,True,False,0,ShADadfF,47,3987,59,19246,ssl,0
11465.598609,CAMI2X37DoMGOn6I48,10.0.2.15,63518,95.101.252.144,443,TLSv12,TLS_ECDHE_RSA_WITH_AES_256_GCM_SHA384,,z.moatads.com,True,True,CsiI,,,,1a5fe5677b0e4fbbc854e8908225637d,410b9bedaf65dd26c6fe547154d60db4,http/1.1,,11464.957291,10.0.2.15,63518,95.101.252.144,443,tcp,122.28426899999975,916.0,66105.0,SF,True,False,0,ShADadTTFfRr,37,2416,75,69109,ssl,0
11465.967661,CZVCqx2I2FoI2h26Q4,10.0.2.15,63519,216.137.61.132,443,TLSv12,TLS_ECDHE_RSA_WITH_AES_128_GCM_SHA256,secp256r1,dnn506yrbagrg.cloudfront.net,False,True,CsxuknGIti,"['90c0937808b31877df6c4a5c743c99325d974624be3735faa5078cf73d4fd205', 'eae72eb454bf6c3977ebd289e970b2f5282949190093d0d26f98d0f0d6a9cf17']",[],1.0,0ffee3ba8e615ad22535e7f771690a28,76cc3e2d3028143b23ec18e27dbd7ca9,http/1.1,,11465.601857,10.0.2.15,63519,216.137.61.132,443,tcp,120.9944570000007,667.0,34059.0,SF,True,False,0,ShADadTTfF,32,1966,52,36143,ssl,0
11466.566016,Cg9je92yg07FYUrXp1,10.0.2.15,63524,172.217.23.238,443,TLSv12,TLS_ECDHE_ECDSA_WITH_AES_128_GCM_SHA256,,cse.google.com,True,True,CsiI,,,,1a5fe5677b0e4fbbc854e8908225637d,c23237dbea656869600e48dfbd00ab7b,h2,,11466.3553,10.0.2.15,63524,172.217.23.238,443,tcp,192.2923570000003,1397.0,2388.0,SF,True,False,0,ShADadFf,22,2285,24,3352,ssl,0
11466.578573,CieckL33dqBfjRLu0e,10.0.2.15,63527,172.217.23.238,443,TLSv12,TLS_ECDHE_ECDSA_WITH_AES_128_GCM_SHA256,,cse.google.com,True,True,CsiI,,,,1a5fe5677b0e4fbbc854e8908225637d,c23237dbea656869600e48dfbd00ab7b,h2,,11466.36526,10.0.2.15,63527,172.217.23.238,443,tcp,1.90689999999995,808.0,292.0,SF,True,False,0,ShADadFf,12,1296,11,736,ssl,0
11468.426568,CWx0rc1oDZNA7N0gc9,10.0.2.15,63528,216.58.201.66,443,TLSv12,TLS_ECDHE_RSA_WITH_AES_128_GCM_SHA256,,googleads.g.doubleclick.net,True,True,CsiI,,,,1a5fe5677b0e4fbbc854e8908225637d,67619a80665d7ab92d1041b1d11f9164,h2,,11467.797094,10.0.2.15,63528,216.58.201.66,443,tcp,310.8189679999996,39987.0,241754.0,SF,True,False,0,ShADadFf,177,47075,352,255838,ssl,0
11468.431118,C8SJxR1p3zFbe0tlij,10.0.2.15,63529,172.217.23.227,443,TLSv12,TLS_ECDHE_ECDSA_WITH_AES_128_GCM_SHA256,,www.gstatic.com,True,True,CsiI,,,,1a5fe5677b0e4fbbc854e8908225637d,c23237dbea656869600e48dfbd00ab7b,h2,,11467.797707,10.0.2.15,63529,172.217.23.227,443,tcp,195.01152700000057,1446.0,1217.0,SF,True,False,0,ShADadFf,22,2334,25,2221,ssl,0
11470.217632,Ci1ScP3IjcONkQjjxc,10.0.2.15,63532,172.217.23.238,443,TLSv12,TLS_ECDHE_RSA_WITH_AES_128_GCM_SHA256,,apis.google.com,True,True,CsiI,,,,1a5fe5677b0e4fbbc854e8908225637d,67619a80665d7ab92d1041b1d11f9164,h2,,11469.850948,10.0.2.15,63532,172.217.23.238,443,tcp,338.1083640000016,1509.0,906.0,SF,True,False,0,ShADadFf,23,2437,25,1910,ssl,0
11471.359132,CcS7TeZiFQjMC4Sfl,10.0.2.15,63533,63.251.232.165,443,TLSv12,TLS_ECDHE_RSA_WITH_AES_128_GCM_SHA256,secp256r1,cm.adgrx.com,False,True,CsxknGIti,"['c96faf825a224cef6c2b4804cb436960adb6fca3e0b76b1a574f884765aa0790', '973a41276ffd01e027a2aad49e34c37846d3e976ff6a620b6712e33832041aa6', '3a2fbe92891e57fe05d57087f48e730f17e5a5f53ef403d618e5b74d7a7e6ecb', 'c3846bf24b9e93ca64274c0ec67c1ecc5e024ffcacd2d74019350e81fe546ae4']",[],1.0,0ffee3ba8e615ad22535e7f771690a28,b898351eb5e266aefd3723d466935494,http/1.1,,11471.278939,10.0.2.15,63533,63.251.232.165,443,tcp,11.60975099999996,841.0,6569.0,SF,True,False,0,ShADadfF,11,1289,15,7173,ssl,0
11474.182703,COScrC4N0zPdYCi7jl,10.0.2.15,63539,217.79.210.211,443,TLSv12,TLS_ECDHE_RSA_WITH_AES_256_CBC_SHA,secp256r1,etrk.asus.com,False,True,CsxuknGIi,"['31c01f56ad7e410a440877e9e546a273370a00737679b0aafc7b6fc2cca04fe3', '74ef335e5e18788307fb9d89cb704bec112abd23487dbff41c4ded5070f241d9']",[],1.0,0ffee3ba8e615ad22535e7f771690a28,4fd467dd264720762ffe286277c00f57,,,11473.931972,10.0.2.15,63539,217.79.210.211,443,tcp,122.89490900000057,1523.0,11823.0,SF,True,False,0,ShADadTTFf,28,2663,35,13227,ssl,0
11474.192786,CIpoDr2ZLkt6Bkt1rl,10.0.2.15,63538,217.79.210.211,443,TLSv12,TLS_ECDHE_RSA_WITH_AES_256_CBC_SHA,secp256r1,etrk.asus.com,False,True,CsxuknGIi,"['31c01f56ad7e410a440877e9e546a273370a00737679b0aafc7b6fc2cca04fe3', '74ef335e5e18788307fb9d89cb704bec112abd23487dbff41c4ded5070f241d9']",[],1.0,0ffee3ba8e615ad22535e7f771690a28,4fd467dd264720762ffe286277c00f57,,,11473.925885,10.0.2.15,63538,217.79.210.211,443,tcp,6.063185999999405,393.0,4597.0,SF,True,False,0,ShADadFf,10,801,12,5081,ssl,0
11474.221467,CoFQUixkIusexDPK8,10.0.2.15,63540,31.13.69.203,443,TLSv12,TLS_ECDHE_ECDSA_WITH_AES_128_GCM_SHA256,secp256r1,staticxx.facebook.com,False,True,CsxknGIti,"['152151b387412a95ab90fd4664f2d98880408e9e43913124e4c91226a483386b', '19400be5b7a31fb733917700789d2f0a2471c0c9d506c0e504c06c16d7cb17c0']",[],1.0,0ffee3ba8e615ad22535e7f771690a28,2d1eb5817ece335c24904f516ad5da12,h2,,11473.953314,10.0.2.15,63540,31.13.69.203,443,tcp,192.5316640000001,741.0,4081.0,SF,True,False,0,ShADadfF,17,1429,21,4925,ssl,0
11479.978853,Cu9Rum3vkzLCiAaWag,10.0.2.15,63551,23.21.75.15,443,TLSv12,TLS_ECDHE_RSA_WITH_AES_128_GCM_SHA256,secp256r1,sample.crazyegg.com,False,True,CsxknGIi,"['1eee9739d945fe3410cb4c33c5b3417fae8fbc2b218d29ac043d8b604d6db263', '154c433c491929c5ef686e838e323664a00e6a0d822ccc958fb4dab03e49a08f']",[],1.0,0ffee3ba8e615ad22535e7f771690a28,303951d4c50efb2e991652225a6f02b1,,,11479.624917,10.0.2.15,63551,23.21.75.15,443,tcp,61.81641100000161,683.0,3282.0,SF,True,False,0,ShADadTFf,16,1337,18,4006,ssl,0
11479.98884,C3emTg38KLaw4JCki4,10.0.2.15,63550,54.231.49.162,443,TLSv12,TLS_ECDHE_RSA_WITH_AES_128_GCM_SHA256,secp256r1,gtrk.s3.amazonaws.com,False,True,CsxknGIi,"['659a3d7684850e6d664f5131f9f8765469b9c7017b7a0e206f8c1c9445cb1c69', 'f9690880819f06cdcc0b2f224b207f2af6003fb57339b8679a160fa95208d62d']",[],1.0,0ffee3ba8e615ad22535e7f771690a28,ea615e28cb25adfb2f261151eab3314f,,,11479.621297,10.0.2.15,63550,54.231.49.162,443,tcp,9.395760999999766,639.0,3485.0,SF,True,False,0,ShADadFf,11,1087,13,4009,ssl,0
11479.999365,CUQrqs4tqRFKrz7Su9,10.0.2.15,63549,54.231.49.162,443,TLSv12,TLS_ECDHE_RSA_WITH_AES_128_GCM_SHA256,secp256r1,gtrk.s3.amazonaws.com,False,True,CsxknGIi,"['659a3d7684850e6d664f5131f9f8765469b9c7017b7a0e206f8c1c9445cb1c69', 'f9690880819f06cdcc0b2f224b207f2af6003fb57339b8679a160fa95208d62d']",[],1.0,0ffee3ba8e615ad22535e7f771690a28,ea615e28cb25adfb2f261151eab3314f,,,11479.61667,10.0.2.15,63549,54.231.49.162,443,tcp,10.67854299999999,639.0,3485.0,SF,True,False,0,ShADadFf,10,1047,12,3969,ssl,0
11480.012081,C0j1sb1dYN2QGdOLi2,10.0.2.15,63554,23.21.75.15,443,TLSv12,TLS_ECDHE_RSA_WITH_AES_128_GCM_SHA256,secp256r1,sample.crazyegg.com,False,True,CsxknGIi,"['1eee9739d945fe3410cb4c33c5b3417fae8fbc2b218d29ac043d8b604d6db263', '154c433c491929c5ef686e838e323664a00e6a0d822ccc958fb4dab03e49a08f']",[],1.0,0ffee3ba8e615ad22535e7f771690a28,303951d4c50efb2e991652225a6f02b1,,,11479.647107,10.0.2.15,63554,23.21.75.15,443,tcp,6.192376999999396,353.0,3022.0,SF,True,False,0,ShADadFRfr,11,801,12,3506,ssl,0
11480.022715,CppHtdHlbXDddnmuj,10.0.2.15,63553,54.231.49.162,443,TLSv12,TLS_ECDHE_RSA_WITH_AES_128_GCM_SHA256,secp256r1,gtrk.s3.amazonaws.com,False,True,CsxknGIi,"['659a3d7684850e6d664f5131f9f8765469b9c7017b7a0e206f8c1c9445cb1c69', 'f9690880819f06cdcc0b2f224b207f2af6003fb57339b8679a160fa95208d62d']",[],1.0,0ffee3ba8e615ad22535e7f771690a28,ea615e28cb25adfb2f261151eab3314f,,,11479.640511,10.0.2.15,63553,54.231.49.162,443,tcp,6.199054000000615,355.0,3040.0,SF,True,False,0,ShADadFfRr,11,803,12,3524,ssl,0
11480.028805,COEz6bmGP4qxAuuE1,10.0.2.15,63552,54.231.49.162,443,TLSv12,TLS_ECDHE_RSA_WITH_AES_128_GCM_SHA256,secp256r1,gtrk.s3.amazonaws.com,False,True,CsxknGIi,"['659a3d7684850e6d664f5131f9f8765469b9c7017b7a0e206f8c1c9445cb1c69', 'f9690880819f06cdcc0b2f224b207f2af6003fb57339b8679a160fa95208d62d']",[],1.0,0ffee3ba8e615ad22535e7f771690a28,ea615e28cb25adfb2f261151eab3314f,,,11479.639122,10.0.2.15,63552,54.231.49.162,443,tcp,6.214559000000008,355.0,3040.0,SF,True,False,0,ShADadFfRr,11,803,14,3604,ssl,0
11485.749822,C9WSTl2EOa0evC4Wb8,10.0.2.15,63565,95.101.252.144,443,TLSv12,TLS_ECDHE_RSA_WITH_AES_256_GCM_SHA384,,px.moatads.com,True,True,CsiI,,,,1a5fe5677b0e4fbbc854e8908225637d,410b9bedaf65dd26c6fe547154d60db4,http/1.1,,11484.733742,10.0.2.15,63565,95.101.252.144,443,tcp,7.179173000000446,599.0,183.0,SF,True,False,0,ShADadFfRr,9,967,9,547,ssl,0
11487.689615,CRkvEg3bfe0csWtSrd,10.0.2.15,63572,31.13.69.203,443,TLSv12,TLS_ECDHE_ECDSA_WITH_AES_128_GCM_SHA256,secp256r1,scontent.xx.fbcdn.net,False,True,CsxknGIti,"['152151b387412a95ab90fd4664f2d98880408e9e43913124e4c91226a483386b', '19400be5b7a31fb733917700789d2f0a2471c0c9d506c0e504c06c16d7cb17c0']",[],1.0,0ffee3ba8e615ad22535e7f771690a28,2d1eb5817ece335c24904f516ad5da12,h2,,11487.533104,10.0.2.15,63572,31.13.69.203,443,tcp,191.0623369999994,2961.0,30232.0,RSTO,True,False,0,ShADadFR,41,4609,60,32636,ssl,0
11494.165758,Cna5P52ETMA3OJQobl,10.0.2.15,63575,172.217.23.238,443,TLSv12,TLS_ECDHE_ECDSA_WITH_AES_128_GCM_SHA256,,encrypted-tbn3.gstatic.com,True,True,CsiI,,,,1a5fe5677b0e4fbbc854e8908225637d,c23237dbea656869600e48dfbd00ab7b,h2,,11494.148959,10.0.2.15,63575,172.217.23.238,443,tcp,370.3351299999995,1409.0,3568.0,SF,True,False,0,ShADadFf,23,2337,27,4652,ssl,0
11494.245589,CbUnhQ3w2INrbsAbFd,10.0.2.15,63577,172.217.23.238,443,TLSv12,TLS_ECDHE_ECDSA_WITH_AES_128_GCM_SHA256,x25519,encrypted-tbn1.gstatic.com,False,True,CsxknGIti,"['11ddd329046367c19b32ffdb02ed308de129de4d6ffcf95856d7bd6a7accfba9', '9f630426df1d8abfd80ace98871ba833ab9742cb34838de2b5285ed54c0c7dcc', '3c35cc963eb004451323d3275d05b353235053490d9cd83729a2faf5e7ca1cc0']",[],1.0,0ffee3ba8e615ad22535e7f771690a28,84480cf8cf0e732666092640e581e1a5,h2,,11494.154103,10.0.2.15,63577,172.217.23.238,443,tcp,370.1954449999994,2166.0,24762.0,SF,True,False,0,ShADadFf,35,3574,48,26686,ssl,0
11494.267269,C28WDU1ia59IicahR3,10.0.2.15,63578,172.217.23.238,443,TLSv12,TLS_ECDHE_ECDSA_WITH_AES_128_GCM_SHA256,,encrypted-tbn2.gstatic.com,True,True,CsiI,,,,1a5fe5677b0e4fbbc854e8908225637d,c23237dbea656869600e48dfbd00ab7b,h2,,11494.160981,10.0.2.15,63578,172.217.23.238,443,tcp,370.1000539999986,2724.0,23398.0,SF,True,False,0,ShADadFf,36,4172,53,25522,ssl,0
11494.266395,CztNHP31wrvvFdkDdh,10.0.2.15,63576,172.217.23.238,443,TLSv12,TLS_ECDHE_ECDSA_WITH_AES_128_GCM_SHA256,x25519,encrypted-tbn1.gstatic.com,False,True,CsxknGIti,"['11ddd329046367c19b32ffdb02ed308de129de4d6ffcf95856d7bd6a7accfba9', '9f630426df1d8abfd80ace98871ba833ab9742cb34838de2b5285ed54c0c7dcc', '3c35cc963eb004451323d3275d05b353235053490d9cd83729a2faf5e7ca1cc0']",[],1.0,0ffee3ba8e615ad22535e7f771690a28,84480cf8cf0e732666092640e581e1a5,h2,,11494.153281,10.0.2.15,63576,172.217.23.238,443,tcp,0.9236829999990732,568.0,4423.0,SF,True,False,0,ShADadFf,12,1056,14,4987,ssl,0
11510.525712,C3lbKr2bZtv7k0gRf1,10.0.2.15,63590,95.101.241.136,443,TLSv12,TLS_ECDHE_RSA_WITH_AES_256_GCM_SHA384,,cdn.optimizely.com,True,True,CsiI,,,,1a5fe5677b0e4fbbc854e8908225637d,410b9bedaf65dd26c6fe547154d60db4,h2,,11510.334791,10.0.2.15,63590,95.101.241.136,443,tcp,188.0034350000005,1246.0,70488.0,SF,True,False,0,ShADadFfRr,39,2814,79,73652,ssl,0
11510.580218,CbpbNM1GCAlXOLK3ek,10.0.2.15,63592,95.101.241.136,443,TLSv12,TLS_ECDHE_RSA_WITH_AES_256_GCM_SHA384,,cdn.optimizely.com,True,True,CsiI,,,,1a5fe5677b0e4fbbc854e8908225637d,410b9bedaf65dd26c6fe547154d60db4,h2,,11510.376151,10.0.2.15,63592,95.101.241.136,443,tcp,0.5638490000001181,808.0,283.0,SF,True,False,0,ShADadFfRr,10,1216,12,767,ssl,0
11511.722585,CUKNJfSAxvtve2Uma,10.0.2.15,63594,54.235.140.156,443,TLSv12,TLS_ECDHE_RSA_WITH_AES_128_GCM_SHA256,secp256r1,7820350660.log.optimizely.com,False,True,CsxknGIi,"['720a04382d93aa8932b95cc755b9fbaab1b6a01d85399736cf4d5a4607e41172', '19400be5b7a31fb733917700789d2f0a2471c0c9d506c0e504c06c16d7cb17c0', '7431e5f4c3c1ce4690774f0b61e05440883ba9a01ed00ba6abd7806ed3b118cf']",[],1.0,0ffee3ba8e615ad22535e7f771690a28,303951d4c50efb2e991652225a6f02b1,,,11511.601542,10.0.2.15,63594,54.235.140.156,443,tcp,61.12182600000051,1388.0,4819.0,SF,True,False,0,ShADadTFf,16,2041,18,5543,ssl,0
11511.824227,CVryZy4HrF6jNndbRh,10.0.2.15,63595,54.235.140.156,443,TLSv12,TLS_ECDHE_RSA_WITH_AES_128_GCM_SHA256,secp256r1,7820350660.log.optimizely.com,False,True,CsxknGIi,"['720a04382d93aa8932b95cc755b9fbaab1b6a01d85399736cf4d5a4607e41172', '19400be5b7a31fb733917700789d2f0a2471c0c9d506c0e504c06c16d7cb17c0', '7431e5f4c3c1ce4690774f0b61e05440883ba9a01ed00ba6abd7806ed3b118cf']",[],1.0,0ffee3ba8e615ad22535e7f771690a28,303951d4c50efb2e991652225a6f02b1,,,11511.700804,10.0.2.15,63595,54.235.140.156,443,tcp,6.514411000000109,363.0,4105.0,SF,True,False,0,ShADadFfRr,11,811,13,4629,ssl,0
11513.400844,Cv4WQG1ydfqgctpQM5,10.0.2.15,63596,96.47.73.91,443,TLSv12,TLS_RSA_WITH_AES_256_CBC_SHA,,metrics.smartertravel.net,False,True,CsxnGIi,"['b69ca1ddd264045d75feb40d594ad81691207ea0bc32a2331e801ce2dff43d54', '973a41276ffd01e027a2aad49e34c37846d3e976ff6a620b6712e33832041aa6', '3a2fbe92891e57fe05d57087f48e730f17e5a5f53ef403d618e5b74d7a7e6ecb', 'c3846bf24b9e93ca64274c0ec67c1ecc5e024ffcacd2d74019350e81fe546ae4']",[],1.0,0ffee3ba8e615ad22535e7f771690a28,0a917d753018dad73d9899ace370f8d8,,,11513.284817,10.0.2.15,63596,96.47.73.91,443,tcp,65.5594400000009,2063.0,5439.0,SF,True,False,0,ShADadTfF,18,2797,21,6283,ssl,0
11513.959944,CYaSkr4ZYYpPlbzwUc,10.0.2.15,63597,96.47.73.91,443,TLSv12,TLS_RSA_WITH_AES_256_CBC_SHA,,metrics.smartertravel.net,False,True,CsxnGIi,"['b69ca1ddd264045d75feb40d594ad81691207ea0bc32a2331e801ce2dff43d54', '973a41276ffd01e027a2aad49e34c37846d3e976ff6a620b6712e33832041aa6', '3a2fbe92891e57fe05d57087f48e730f17e5a5f53ef403d618e5b74d7a7e6ecb', 'c3846bf24b9e93ca64274c0ec67c1ecc5e024ffcacd2d74019350e81fe546ae4']",[],1.0,0ffee3ba8e615ad22535e7f771690a28,0a917d753018dad73d9899ace370f8d8,,,11513.695361,10.0.2.15,63597,96.47.73.91,443,tcp,6.414973000000828,629.0,4949.0,SF,True,False,0,ShADadFf,10,1037,11,5393,ssl,0
11514.170827,CJDaoc15BgKZmWNu6d,10.0.2.15,63599,52.87.134.114,443,TLSv12,TLS_ECDHE_RSA_WITH_AES_128_GCM_SHA256,secp256r1,srv.stackadapt.com,False,True,CsxknGIi,"['47ffe9c2a617dc3ad1327de8482fa4adc691fb7761e7c6033378beee01311a99', 'b9f2164323638dce0b92218b43c41c1b2b2696389329db19f5cf7ad49b5cb372', '1a5174980a294a528a110726d5855650266c48d9883bea692b67b6d726da98c5']",[],1.0,0ffee3ba8e615ad22535e7f771690a28,303951d4c50efb2e991652225a6f02b1,,,11513.806561,10.0.2.15,63599,52.87.134.114,443,tcp,13.816109000001234,918.0,4969.0,SF,True,False,0,ShADadTFf,13,1447,14,5533,ssl,0
11514.404865,Cav0b93H09IuZWEpKi,10.0.2.15,63609,188.125.66.33,443,TLSv12,TLS_ECDHE_RSA_WITH_AES_128_GCM_SHA256,secp256r1,sp.analytics.yahoo.com,False,True,CsxknGIti,"['a42bd5146a3d4010979322f493ea1cf3e1ba9033d64ae699935e6a6ad96bd3c4', '19400be5b7a31fb733917700789d2f0a2471c0c9d506c0e504c06c16d7cb17c0']",[],1.0,1a5fe5677b0e4fbbc854e8908225637d,b898351eb5e266aefd3723d466935494,http/1.1,,11513.968031,10.0.2.15,63609,188.125.66.33,443,tcp,61.37666199999876,1072.0,4475.0,SF,True,False,0,ShADadTfF,16,1726,18,5199,ssl,0
11514.40547,CFTVVu24uOb5boMcql,10.0.2.15,63608,188.125.66.33,443,TLSv12,TLS_ECDHE_RSA_WITH_AES_128_GCM_SHA256,secp256r1,sp.analytics.yahoo.com,False,True,CsxknGIti,"['a42bd5146a3d4010979322f493ea1cf3e1ba9033d64ae699935e6a6ad96bd3c4', '19400be5b7a31fb733917700789d2f0a2471c0c9d506c0e504c06c16d7cb17c0']",[],1.0,1a5fe5677b0e4fbbc854e8908225637d,b898351eb5e266aefd3723d466935494,http/1.1,,11513.96673,10.0.2.15,63608,188.125.66.33,443,tcp,61.9305089999998,1072.0,4475.0,SF,True,False,0,ShADadTFf,17,1766,19,5239,ssl,0
11514.438409,CHJmMz4OjViM9WVUcg,10.0.2.15,63603,52.87.134.114,443,TLSv12,TLS_ECDHE_RSA_WITH_AES_128_GCM_SHA256,secp256r1,srv.stackadapt.com,False,True,CsxknGIi,"['47ffe9c2a617dc3ad1327de8482fa4adc691fb7761e7c6033378beee01311a99', 'b9f2164323638dce0b92218b43c41c1b2b2696389329db19f5cf7ad49b5cb372', '1a5174980a294a528a110726d5855650266c48d9883bea692b67b6d726da98c5']",[],1.0,0ffee3ba8e615ad22535e7f771690a28,303951d4c50efb2e991652225a6f02b1,,,11513.85294,10.0.2.15,63603,52.87.134.114,443,tcp,6.263397999999143,352.0,4751.0,SF,True,False,0,ShADadFfRr,11,800,13,5275,ssl,0
11517.514076,CewN9V31Dn2ZT0PiM2,10.0.2.15,63624,199.16.156.41,443,TLSv12,TLS_ECDHE_RSA_WITH_AES_128_GCM_SHA256,secp256r1,analytics.twitter.com,False,True,CsxknGIti,"['d73ceb7605c00e14e0bb87516ddc2a48c8ba71d10920ec2c7d6680c42d3cdba0', '19400be5b7a31fb733917700789d2f0a2471c0c9d506c0e504c06c16d7cb17c0']",[],1.0,0ffee3ba8e615ad22535e7f771690a28,8d2a028aa94425f76ced7826b1f39039,h2,,11516.673162,10.0.2.15,63624,199.16.156.41,443,tcp,188.8699230000002,1353.0,5016.0,RSTO,True,False,0,ShADadFR,20,2161,23,5940,ssl,0
11517.51724,Ckfvxh2OOh7qhlI7C7,10.0.2.15,63622,199.16.156.41,443,TLSv12,TLS_ECDHE_RSA_WITH_AES_128_GCM_SHA256,secp256r1,analytics.twitter.com,False,True,CsxknGIti,"['d73ceb7605c00e14e0bb87516ddc2a48c8ba71d10920ec2c7d6680c42d3cdba0', '19400be5b7a31fb733917700789d2f0a2471c0c9d506c0e504c06c16d7cb17c0']",[],1.0,0ffee3ba8e615ad22535e7f771690a28,8d2a028aa94425f76ced7826b1f39039,h2,,11516.669948,10.0.2.15,63622,199.16.156.41,443,tcp,1.709785999999439,596.0,4116.0,SF,True,False,0,ShADadFfRr,12,1084,16,4760,ssl,0
11526.87811,CgsMoM14qoV8SAPiNk,10.0.2.15,63634,192.0.77.32,443,TLSv12,TLS_ECDHE_RSA_WITH_AES_128_GCM_SHA256,secp256r1,s0.wp.com,False,True,CsxuknGIti,"['100d19010050ffe81865a1cae3b70fe455286cf162042ac5bf146d2a7491e24f', '973a41276ffd01e027a2aad49e34c37846d3e976ff6a620b6712e33832041aa6', '3a2fbe92891e57fe05d57087f48e730f17e5a5f53ef403d618e5b74d7a7e6ecb']",[],1.0,0ffee3ba8e615ad22535e7f771690a28,76cc3e2d3028143b23ec18e27dbd7ca9,h2,,11526.851368,10.0.2.15,63634,192.0.77.32,443,tcp,200.1972669999996,3203.0,516574.0,SF,True,False,0,ShADadFf,114,7771,434,533938,ssl,0
11527.659091,CPEyJH3I1L2a0kCNCc,10.0.2.15,63637,192.0.72.26,443,TLSv12,TLS_ECDHE_RSA_WITH_AES_128_GCM_SHA256,secp256r1,tribwgntv.files.wordpress.com,False,True,CsxuknGIti,"['85689b4edf0bbe608de648fdc0881fccddc08931f07b74e7162ff28f70ecdd54', '973a41276ffd01e027a2aad49e34c37846d3e976ff6a620b6712e33832041aa6', '3a2fbe92891e57fe05d57087f48e730f17e5a5f53ef403d618e5b74d7a7e6ecb']",[],1.0,0ffee3ba8e615ad22535e7f771690a28,49b45fc1ab090aa3a159778313fc9b9e,h2,,11527.031102,10.0.2.15,63637,192.0.72.26,443,tcp,193.62167299999965,6481.0,1635827.0,SF,True,False,0,ShADadWtFf,242,16169,1254,1687411,ssl,0
11527.8794,CaHICp3AA2KTKRZux1,10.0.2.15,63638,192.0.72.26,443,TLSv12,TLS_ECDHE_RSA_WITH_AES_128_GCM_SHA256,secp256r1,tribwgntv.files.wordpress.com,False,True,CsxuknGIti,"['85689b4edf0bbe608de648fdc0881fccddc08931f07b74e7162ff28f70ecdd54', '973a41276ffd01e027a2aad49e34c37846d3e976ff6a620b6712e33832041aa6', '3a2fbe92891e57fe05d57087f48e730f17e5a5f53ef403d618e5b74d7a7e6ecb']",[],1.0,0ffee3ba8e615ad22535e7f771690a28,49b45fc1ab090aa3a159778313fc9b9e,h2,,11527.056031,10.0.2.15,63638,192.0.72.26,443,tcp,6.968715999999404,363.0,6310.0,SF,True,False,0,ShADadFf,10,771,13,6834,ssl,0
11527.770217,CiOTOb2aHUymHCX5R6,10.0.2.15,63636,192.0.77.32,443,TLSv12,TLS_ECDHE_RSA_WITH_AES_128_GCM_SHA256,secp256r1,s1.wp.com,False,True,CsxuknGIti,"['100d19010050ffe81865a1cae3b70fe455286cf162042ac5bf146d2a7491e24f', '973a41276ffd01e027a2aad49e34c37846d3e976ff6a620b6712e33832041aa6', '3a2fbe92891e57fe05d57087f48e730f17e5a5f53ef403d618e5b74d7a7e6ecb']",[],1.0,0ffee3ba8e615ad22535e7f771690a28,76cc3e2d3028143b23ec18e27dbd7ca9,h2,,11527.030444,10.0.2.15,63636,192.0.77.32,443,tcp,4.284528000000137,555.0,6296.0,SF,True,False,0,ShADadFf,13,1083,14,6860,ssl,0
11527.772169,C4KSPA3LiUGxuD4oik,10.0.2.15,63635,192.0.78.18,443,TLSv12,TLS_ECDHE_RSA_WITH_AES_128_GCM_SHA256,secp256r1,r-login.wordpress.com,False,True,CsxuknGIti,"['e52189f9148266e011534d0392d8050d6d9317f089699c10fb59eb62278a8199', '973a41276ffd01e027a2aad49e34c37846d3e976ff6a620b6712e33832041aa6', '3a2fbe92891e57fe05d57087f48e730f17e5a5f53ef403d618e5b74d7a7e6ecb']",[],1.0,0ffee3ba8e615ad22535e7f771690a28,76cc3e2d3028143b23ec18e27dbd7ca9,h2,,11527.020052,10.0.2.15,63635,192.0.78.18,443,tcp,190.24603899999968,1096.0,6578.0,SF,True,False,0,ShADadFf,21,1944,25,7582,ssl,0
11527.871615,CldS7E2BTTmRDPLs4i,10.0.2.15,63639,192.0.77.32,443,TLSv12,TLS_ECDHE_RSA_WITH_AES_128_GCM_SHA256,secp256r1,s1.wp.com,False,True,CsxuknGIti,"['100d19010050ffe81865a1cae3b70fe455286cf162042ac5bf146d2a7491e24f', '973a41276ffd01e027a2aad49e34c37846d3e976ff6a620b6712e33832041aa6', '3a2fbe92891e57fe05d57087f48e730f17e5a5f53ef403d618e5b74d7a7e6ecb']",[],1.0,0ffee3ba8e615ad22535e7f771690a28,76cc3e2d3028143b23ec18e27dbd7ca9,h2,,11527.057047,10.0.2.15,63639,192.0.77.32,443,tcp,4.266658999998981,555.0,6296.0,SF,True,False,0,ShADadFf,13,1083,16,6940,ssl,0
11534.018644,CccaBc3WG6qJqnJ8f6,10.0.2.15,63655,192.0.77.32,443,TLSv12,TLS_ECDHE_RSA_WITH_AES_128_GCM_SHA256,secp256r1,s1.wp.com,False,True,CsxuknGIti,"['100d19010050ffe81865a1cae3b70fe455286cf162042ac5bf146d2a7491e24f', '973a41276ffd01e027a2aad49e34c37846d3e976ff6a620b6712e33832041aa6', '3a2fbe92891e57fe05d57087f48e730f17e5a5f53ef403d618e5b74d7a7e6ecb']",[],1.0,0ffee3ba8e615ad22535e7f771690a28,76cc3e2d3028143b23ec18e27dbd7ca9,h2,,11533.918472,10.0.2.15,63655,192.0.77.32,443,tcp,188.7335090000015,1311.0,56156.0,SF,True,False,0,ShADadFf,33,2639,66,58800,ssl,0
11534.020595,CCWy2g2r6qZcEyZtg9,10.0.2.15,63654,192.0.77.32,443,TLSv12,TLS_ECDHE_RSA_WITH_AES_128_GCM_SHA256,secp256r1,s1.wp.com,False,True,CsxuknGIti,"['100d19010050ffe81865a1cae3b70fe455286cf162042ac5bf146d2a7491e24f', '973a41276ffd01e027a2aad49e34c37846d3e976ff6a620b6712e33832041aa6', '3a2fbe92891e57fe05d57087f48e730f17e5a5f53ef403d618e5b74d7a7e6ecb']",[],1.0,0ffee3ba8e615ad22535e7f771690a28,76cc3e2d3028143b23ec18e27dbd7ca9,h2,,11533.917992,10.0.2.15,63654,192.0.77.32,443,tcp,2.45723899999939,1173.0,51098.0,SF,True,False,0,ShADadFf,25,2181,57,53382,ssl,0
11534.023057,CWD5nf1BzTBb2J1HNi,10.0.2.15,63653,192.0.77.32,443,TLSv12,TLS_ECDHE_RSA_WITH_AES_128_GCM_SHA256,secp256r1,s1.wp.com,False,True,CsxuknGIti,"['100d19010050ffe81865a1cae3b70fe455286cf162042ac5bf146d2a7491e24f', '973a41276ffd01e027a2aad49e34c37846d3e976ff6a620b6712e33832041aa6', '3a2fbe92891e57fe05d57087f48e730f17e5a5f53ef403d618e5b74d7a7e6ecb']",[],1.0,0ffee3ba8e615ad22535e7f771690a28,76cc3e2d3028143b23ec18e27dbd7ca9,h2,,11533.917446,10.0.2.15,63653,192.0.77.32,443,tcp,1.016417000000728,552.0,6296.0,SF,True,False,0,ShADadFf,13,1080,16,6940,ssl,0
11534.025332,CCVLgB4ZwfEFDMkQB5,10.0.2.15,63652,192.0.77.32,443,TLSv12,TLS_ECDHE_RSA_WITH_AES_128_GCM_SHA256,secp256r1,s1.wp.com,False,True,CsxuknGIti,"['100d19010050ffe81865a1cae3b70fe455286cf162042ac5bf146d2a7491e24f', '973a41276ffd01e027a2aad49e34c37846d3e976ff6a620b6712e33832041aa6', '3a2fbe92891e57fe05d57087f48e730f17e5a5f53ef403d618e5b74d7a7e6ecb']",[],1.0,0ffee3ba8e615ad22535e7f771690a28,76cc3e2d3028143b23ec18e27dbd7ca9,h2,,11533.912939,10.0.2.15,63652,192.0.77.32,443,tcp,0.99788400000034,552.0,6296.0,SF,True,False,0,ShADadFf,13,1080,17,6980,ssl,0
11540.232692,Cr6oycUw1cCCmufj5,10.0.2.15,63670,199.19.89.31,443,TLSv12,TLS_RSA_WITH_AES_256_CBC_SHA,,affiliates.eblastengine.com,False,True,CsxnGIi,"['f0c820d0791e4c1b47145bbd2939277c3b1ea5859b912294231aef115529f17b', '973a41276ffd01e027a2aad49e34c37846d3e976ff6a620b6712e33832041aa6', '3a2fbe92891e57fe05d57087f48e730f17e5a5f53ef403d618e5b74d7a7e6ecb', 'c3846bf24b9e93ca64274c0ec67c1ecc5e024ffcacd2d74019350e81fe546ae4']",[],1.0,0ffee3ba8e615ad22535e7f771690a28,db8185c4eafa7114cadaf05965b09ef0,,,11539.886187,10.0.2.15,63670,199.19.89.31,443,tcp,129.56104199999936,2134.0,18508.0,SF,True,False,0,ShADadTTFf,32,3434,39,20072,ssl,0
11541.331433,C1Izvu2rS55MfQtiRl,10.0.2.15,63678,199.19.89.31,443,TLSv12,TLS_RSA_WITH_AES_256_CBC_SHA,,affiliates.eblastengine.com,False,True,CsxnGIi,"['f0c820d0791e4c1b47145bbd2939277c3b1ea5859b912294231aef115529f17b', '973a41276ffd01e027a2aad49e34c37846d3e976ff6a620b6712e33832041aa6', '3a2fbe92891e57fe05d57087f48e730f17e5a5f53ef403d618e5b74d7a7e6ecb', 'c3846bf24b9e93ca64274c0ec67c1ecc5e024ffcacd2d74019350e81fe546ae4']",[],1.0,0ffee3ba8e615ad22535e7f771690a28,db8185c4eafa7114cadaf05965b09ef0,,,11540.99706,10.0.2.15,63678,199.19.89.31,443,tcp,131.9118780000008,1132.0,10781.0,SF,True,False,0,ShADadTTFf,26,2192,29,11945,ssl,0
11541.319038,C0Vlnh2hejDP0xvoV7,10.0.2.15,63673,199.19.89.31,443,TLSv12,TLS_RSA_WITH_AES_256_CBC_SHA,,affiliates.eblastengine.com,False,True,CsxnGIi,"['f0c820d0791e4c1b47145bbd2939277c3b1ea5859b912294231aef115529f17b', '973a41276ffd01e027a2aad49e34c37846d3e976ff6a620b6712e33832041aa6', '3a2fbe92891e57fe05d57087f48e730f17e5a5f53ef403d618e5b74d7a7e6ecb', 'c3846bf24b9e93ca64274c0ec67c1ecc5e024ffcacd2d74019350e81fe546ae4']",[],1.0,0ffee3ba8e615ad22535e7f771690a28,db8185c4eafa7114cadaf05965b09ef0,,,11540.234516,10.0.2.15,63673,199.19.89.31,443,tcp,129.20305499999995,1148.0,7000.0,SF,True,False,0,ShADadTTFf,25,2168,27,8084,ssl,0
11555.229663,CClkb314zCa4Tr49jf,10.0.2.15,63690,40.115.34.155,443,TLSv12,TLS_ECDHE_RSA_WITH_AES_256_CBC_SHA,secp384r1,skype.com,False,True,CsxuknGIi,"['012221520633819f894fa7878babe208f5dd8a6204c798abc0d7acf35d222fa1', '34bd941a06ed10e2fac8459f79e4748c1ea08f142c6de5e557884d0d3ce249fa']",[],1.0,0ffee3ba8e615ad22535e7f771690a28,4fd467dd264720762ffe286277c00f57,,,11555.190159,10.0.2.15,63690,40.115.34.155,443,tcp,4.589651000000231,986.0,5888.0,SF,True,False,0,ShADadFf,11,1434,13,6412,ssl,0
11557.230299,C8tJpg1QBq4laxRVCh,10.0.2.15,63691,40.115.34.155,443,TLSv12,TLS_ECDHE_RSA_WITH_AES_256_CBC_SHA,secp384r1,www.skype.com,False,True,CsxuknGIi,"['012221520633819f894fa7878babe208f5dd8a6204c798abc0d7acf35d222fa1', '34bd941a06ed10e2fac8459f79e4748c1ea08f142c6de5e557884d0d3ce249fa']",[],1.0,0ffee3ba8e615ad22535e7f771690a28,4fd467dd264720762ffe286277c00f57,,,11557.194967,10.0.2.15,63691,40.115.34.155,443,tcp,7.295046000001093,1763.0,21802.0,SF,True,False,0,ShADadFf,18,2491,29,22966,ssl,0
11560.056874,CzltWh3WRxOqNTvn54,10.0.2.15,63704,95.100.182.93,443,TLSv12,TLS_ECDHE_RSA_WITH_AES_256_GCM_SHA384,secp256r1,secure.skypeassets.com,False,True,CsxknGIti,"['4b356f132616a552e18bf9d4c568b0aa4e23c54e127567f0bb867df4653d8f27', '2399983e99703ebd01cea466c10799810c4ba62a8d61b88170a334dcd61bb20f']",[],1.0,0ffee3ba8e615ad22535e7f771690a28,2b33c1374db4ddf06942f92373c0b54b,h2,,11559.72373,10.0.2.15,63704,95.100.182.93,443,tcp,30.33916499999941,6511.0,3152145.0,RSTR,True,False,0,ShADadWRr,712,34999,2664,3258709,ssl,0
11560.0583,CK3rpzAhiHFaybV45,10.0.2.15,63703,95.100.182.93,443,TLSv12,TLS_ECDHE_RSA_WITH_AES_256_GCM_SHA384,secp256r1,secure.skypeassets.com,False,True,CsxknGIti,"['4b356f132616a552e18bf9d4c568b0aa4e23c54e127567f0bb867df4653d8f27', '2399983e99703ebd01cea466c10799810c4ba62a8d61b88170a334dcd61bb20f']",[],1.0,0ffee3ba8e615ad22535e7f771690a28,2b33c1374db4ddf06942f92373c0b54b,h2,,11559.722608,10.0.2.15,63703,95.100.182.93,443,tcp,4.767342999999528,807.0,10702.0,SF,True,False,0,ShADadFfRr,16,1455,24,11666,ssl,0
11560.060362,Cepk7F2lgzrkV5RSC6,10.0.2.15,63702,95.100.182.93,443,TLSv12,TLS_ECDHE_RSA_WITH_AES_256_GCM_SHA384,secp256r1,secure.skypeassets.com,False,True,CsxknGIti,"['4b356f132616a552e18bf9d4c568b0aa4e23c54e127567f0bb867df4653d8f27', '2399983e99703ebd01cea466c10799810c4ba62a8d61b88170a334dcd61bb20f']",[],1.0,0ffee3ba8e615ad22535e7f771690a28,2b33c1374db4ddf06942f92373c0b54b,h2,,11559.721334,10.0.2.15,63702,95.100.182.93,443,tcp,4.910957000000053,820.0,31366.0,SF,True,False,0,ShADadFfRr,23,1748,40,32970,ssl,0
11560.062589,CIny1S2kyIolAtLod,10.0.2.15,63701,95.100.182.93,443,TLSv12,TLS_ECDHE_RSA_WITH_AES_256_GCM_SHA384,secp256r1,secure.skypeassets.com,False,True,CsxknGIti,"['4b356f132616a552e18bf9d4c568b0aa4e23c54e127567f0bb867df4653d8f27', '2399983e99703ebd01cea466c10799810c4ba62a8d61b88170a334dcd61bb20f']",[],1.0,0ffee3ba8e615ad22535e7f771690a28,2b33c1374db4ddf06942f92373c0b54b,h2,,11559.719808,10.0.2.15,63701,95.100.182.93,443,tcp,5.172033000000738,816.0,15754.0,SF,True,False,0,ShADadFfRr,21,1664,31,16998,ssl,0
11560.064635,Ca9hOU2bz9PFMi0lN3,10.0.2.15,63700,95.100.182.93,443,TLSv12,TLS_ECDHE_RSA_WITH_AES_256_GCM_SHA384,secp256r1,secure.skypeassets.com,False,True,CsxknGIti,"['4b356f132616a552e18bf9d4c568b0aa4e23c54e127567f0bb867df4653d8f27', '2399983e99703ebd01cea466c10799810c4ba62a8d61b88170a334dcd61bb20f']",[],1.0,0ffee3ba8e615ad22535e7f771690a28,2b33c1374db4ddf06942f92373c0b54b,h2,,11559.719303,10.0.2.15,63700,95.100.182.93,443,tcp,5.66743200000019,812.0,11968.0,SF,True,False,0,ShADadFfRr,17,1500,23,12892,ssl,0
11560.066518,CaSFp34KSg0blhVlw2,10.0.2.15,63699,95.100.182.93,443,TLSv12,TLS_ECDHE_RSA_WITH_AES_256_GCM_SHA384,secp256r1,secure.skypeassets.com,False,True,CsxknGIti,"['4b356f132616a552e18bf9d4c568b0aa4e23c54e127567f0bb867df4653d8f27', '2399983e99703ebd01cea466c10799810c4ba62a8d61b88170a334dcd61bb20f']",[],1.0,0ffee3ba8e615ad22535e7f771690a28,2b33c1374db4ddf06942f92373c0b54b,h2,,11559.718399,10.0.2.15,63699,95.100.182.93,443,tcp,1.772737000001143,565.0,4050.0,SF,True,False,0,ShADadFfRr,14,1133,16,4694,ssl,0
11566.247006,CD0zbh2SRXcQukhycc,10.0.2.15,63711,95.100.166.83,443,TLSv12,TLS_ECDHE_RSA_WITH_AES_256_GCM_SHA384,secp256r1,i.s-microsoft.com,False,True,CsxuknGIti,"['c28f82a1370369945f7a3446006dd9a214916497d6f7783446dfb49e82c9c362', 'eae72eb454bf6c3977ebd289e970b2f5282949190093d0d26f98d0f0d6a9cf17']",[],1.0,0ffee3ba8e615ad22535e7f771690a28,9a31479427499ded4d3656a260298ec7,h2,,11566.169873,10.0.2.15,63711,95.100.166.83,443,tcp,228.4438659999996,1084.0,11517.0,SF,True,False,0,ShADadFfRr,24,2052,33,12841,ssl,0
11568.216347,CHg8HE2a0FFpUGjc94,10.0.2.15,63712,207.46.194.10,443,TLSv12,TLS_ECDHE_RSA_WITH_AES_256_CBC_SHA,secp256r1,c1.microsoft.com,False,True,CsxknGIi,"['14a9d5ba86f31a422720764e677d7d9fa838fbbc29d48aec40d84169ec0c9405', '2399983e99703ebd01cea466c10799810c4ba62a8d61b88170a334dcd61bb20f']",[],1.0,0ffee3ba8e615ad22535e7f771690a28,96c9f2048f1e949c8bb9ad97c36c9eea,,,11568.135948,10.0.2.15,63712,207.46.194.10,443,tcp,130.06422300000122,7317.0,6587.0,SF,True,False,0,ShADadTTfF,29,8496,31,7831,ssl,0
11569.026921,CC1Hex154Hb6dPAO77,10.0.2.15,63713,13.107.21.200,443,TLSv12,TLS_ECDHE_RSA_WITH_AES_256_CBC_SHA,secp384r1,c.bing.com,False,True,CsxuknGIi,"['80c4440580dbd55b228f41e6c88a51ecdbb998b5d32d12acd31ce25518d37128', '2399983e99703ebd01cea466c10799810c4ba62a8d61b88170a334dcd61bb20f']",[],1.0,0ffee3ba8e615ad22535e7f771690a28,4fd467dd264720762ffe286277c00f57,,,11569.003116,10.0.2.15,63713,13.107.21.200,443,tcp,61.14647499999956,1243.0,7445.0,SF,True,False,0,ShADadTfF,17,1937,20,8249,ssl,0
11569.030486,CQNI7K1hpyoOFpyRCg,10.0.2.15,63714,13.107.21.200,443,TLSv12,TLS_ECDHE_RSA_WITH_AES_256_CBC_SHA,secp384r1,c.bing.com,False,True,CsxuknGIi,"['80c4440580dbd55b228f41e6c88a51ecdbb998b5d32d12acd31ce25518d37128', '2399983e99703ebd01cea466c10799810c4ba62a8d61b88170a334dcd61bb20f']",[],1.0,0ffee3ba8e615ad22535e7f771690a28,4fd467dd264720762ffe286277c00f57,,,11569.005422,10.0.2.15,63714,13.107.21.200,443,tcp,6.067756000000372,422.0,6880.0,SF,True,False,0,ShADadFf,10,830,13,7404,ssl,0
11571.052408,CM8K1k3kQHzefQsEHj,10.0.2.15,63715,95.101.31.195,443,TLSv12,TLS_ECDHE_RSA_WITH_AES_256_GCM_SHA384,secp256r1,c.microsoft.com,False,True,CsxuknGIti,"['e9b4cfbc3202516b6ca083c9896845a494d27ecf74e0215d109e61ce1f5753f0', 'eae72eb454bf6c3977ebd289e970b2f5282949190093d0d26f98d0f0d6a9cf17']",[],1.0,0ffee3ba8e615ad22535e7f771690a28,9a31479427499ded4d3656a260298ec7,http/1.1,,11571.027162,10.0.2.15,63715,95.101.31.195,443,tcp,190.52514299999893,24956.0,12580.0,SF,True,False,0,ShADadTTFf,59,27339,61,15024,ssl,0
11571.714738,C3Uvdr2f5NmoV5Vmma,10.0.2.15,63716,95.100.182.93,443,TLSv12,TLS_ECDHE_RSA_WITH_AES_256_GCM_SHA384,secp256r1,secure.skypeassets.com,False,True,CsxknGIti,"['4b356f132616a552e18bf9d4c568b0aa4e23c54e127567f0bb867df4653d8f27', '2399983e99703ebd01cea466c10799810c4ba62a8d61b88170a334dcd61bb20f']",[],1.0,0ffee3ba8e615ad22535e7f771690a28,2b33c1374db4ddf06942f92373c0b54b,h2,,11571.690819,10.0.2.15,63716,95.100.182.93,443,tcp,265.9578870000005,1479.0,559190.0,SF,True,False,0,ShADadFfRr,128,6607,473,578114,ssl,0
11572.633365,CMAvXB4tYRN6211q43,10.0.2.15,63717,23.74.205.197,443,TLSv12,TLS_ECDHE_RSA_WITH_AES_256_GCM_SHA384,secp256r1,cdnssl.clicktale.net,False,True,CsxknGIti,"['c9dfccf4797ba6ca2632caefc43ad382f8c86b1727d233517d9ab5ad45352b78', 'eae72eb454bf6c3977ebd289e970b2f5282949190093d0d26f98d0f0d6a9cf17']",[],1.0,0ffee3ba8e615ad22535e7f771690a28,2b33c1374db4ddf06942f92373c0b54b,http/1.1,,11572.598137,10.0.2.15,63717,23.74.205.197,443,tcp,120.63464499999829,1124.0,17790.0,SF,True,False,0,ShADadTTFfRr,27,2223,38,19314,ssl,0
11573.659652,Co2JhC229W1hl9UX32,10.0.2.15,63719,23.74.205.197,443,TLSv12,TLS_ECDHE_RSA_WITH_AES_256_GCM_SHA384,,cdnssl.clicktale.net,True,True,CsiI,,,,1a5fe5677b0e4fbbc854e8908225637d,410b9bedaf65dd26c6fe547154d60db4,http/1.1,,11573.412688,10.0.2.15,63719,23.74.205.197,443,tcp,5.752711999999519,599.0,183.0,SF,True,False,0,ShADadFfRr,8,927,9,547,ssl,0
11582.344303,C19T9keYB1797nOH3,10.0.2.15,63720,40.115.34.155,443,TLSv12,TLS_ECDHE_RSA_WITH_AES_256_CBC_SHA,secp384r1,www.skype.com,False,True,CsxuknGIi,"['012221520633819f894fa7878babe208f5dd8a6204c798abc0d7acf35d222fa1', '34bd941a06ed10e2fac8459f79e4748c1ea08f142c6de5e557884d0d3ce249fa']",[],1.0,0ffee3ba8e615ad22535e7f771690a28,4fd467dd264720762ffe286277c00f57,,,11582.310626,10.0.2.15,63720,40.115.34.155,443,tcp,3.940232999999352,1278.0,16901.0,SF,True,False,0,ShADadFf,14,1846,24,17865,ssl,0
11588.657532,C5b1Gx3PVUJl4TmBi,10.0.2.15,63721,95.101.31.195,443,TLSv12,TLS_ECDHE_RSA_WITH_AES_256_GCM_SHA384,,c.microsoft.com,True,True,CsiI,,,,1a5fe5677b0e4fbbc854e8908225637d,410b9bedaf65dd26c6fe547154d60db4,http/1.1,,11588.549477,10.0.2.15,63721,95.101.31.195,443,tcp,137.91249400000015,8972.0,2603.0,SF,True,False,0,ShADadTTFfRr,33,10312,33,3927,ssl,0
11590.219379,CTMVkA2nW99oCU9F2b,10.0.2.15,63724,95.101.31.195,443,TLSv12,TLS_ECDHE_RSA_WITH_AES_256_GCM_SHA384,,c.microsoft.com,True,True,CsiI,,,,1a5fe5677b0e4fbbc854e8908225637d,410b9bedaf65dd26c6fe547154d60db4,http/1.1,,11589.846159,10.0.2.15,63724,95.101.31.195,443,tcp,5.9478889999991225,599.0,183.0,SF,True,False,0,ShADadFfRr,9,967,9,547,ssl,0
11590.225056,C09xwo1wvTOOzWCFx5,10.0.2.15,63723,23.97.164.28,443,TLSv12,TLS_ECDHE_RSA_WITH_AES_256_CBC_SHA,secp384r1,meet.skype.com,False,True,CsxuknGIi,"['8d6454d8bb5072e1009b6e7011678d65d5c00cd8a5b7659e4d1e71b715ec603e', '34bd941a06ed10e2fac8459f79e4748c1ea08f142c6de5e557884d0d3ce249fa']",[],1.0,0ffee3ba8e615ad22535e7f771690a28,4fd467dd264720762ffe286277c00f57,,,11589.835537,10.0.2.15,63723,23.97.164.28,443,tcp,120.55347899999832,799.0,6047.0,SF,True,False,0,ShADadTTFf,23,1738,25,7051,ssl,0
11590.230908,CSeHEC7j7tuu0ETu2,10.0.2.15,63722,13.107.3.128,443,TLSv12,TLS_ECDHE_RSA_WITH_AES_256_CBC_SHA,secp384r1,b.config.skype.com,False,True,CsxuknGIi,"['8b7ca720f4cb76cac9f05b3fe86fbd4f4aaa40696648ffd4bf8d0bfe50af7eb4', '2399983e99703ebd01cea466c10799810c4ba62a8d61b88170a334dcd61bb20f']",[],1.0,0ffee3ba8e615ad22535e7f771690a28,4fd467dd264720762ffe286277c00f57,,,11589.832675,10.0.2.15,63722,13.107.3.128,443,tcp,62.04485300000124,851.0,7267.0,SF,True,False,0,ShADadTfF,19,1625,21,8111,ssl,0
11590.863626,C3cgio4n1hZT0ULZv4,10.0.2.15,63726,13.107.3.128,443,TLSv12,TLS_ECDHE_RSA_WITH_AES_256_CBC_SHA,secp384r1,b.config.skype.com,False,True,CsxuknGIi,"['8b7ca720f4cb76cac9f05b3fe86fbd4f4aaa40696648ffd4bf8d0bfe50af7eb4', '2399983e99703ebd01cea466c10799810c4ba62a8d61b88170a334dcd61bb20f']",[],1.0,0ffee3ba8e615ad22535e7f771690a28,4fd467dd264720762ffe286277c00f57,,,11590.246598,10.0.2.15,63726,13.107.3.128,443,tcp,6.584522000001016,430.0,6206.0,SF,True,False,0,ShADadFf,11,878,13,6730,ssl,0
11590.870448,Czoe6d310rzn8YT9s9,10.0.2.15,63725,23.97.164.28,443,TLSv12,TLS_ECDHE_RSA_WITH_AES_256_CBC_SHA,secp384r1,meet.skype.com,False,True,CsxuknGIi,"['8d6454d8bb5072e1009b6e7011678d65d5c00cd8a5b7659e4d1e71b715ec603e', '34bd941a06ed10e2fac8459f79e4748c1ea08f142c6de5e557884d0d3ce249fa']",[],1.0,0ffee3ba8e615ad22535e7f771690a28,4fd467dd264720762ffe286277c00f57,,,11590.243769,10.0.2.15,63725,23.97.164.28,443,tcp,6.583038999999189,426.0,5546.0,SF,True,False,0,ShADadFf,10,834,11,5990,ssl,0
11591.567814,CaNTsN12IY7vVn9j,10.0.2.15,63727,95.100.182.93,443,TLSv12,TLS_ECDHE_RSA_WITH_AES_256_GCM_SHA384,,secure.skypeassets.com,True,True,CsiI,,,,1a5fe5677b0e4fbbc854e8908225637d,410b9bedaf65dd26c6fe547154d60db4,h2,,11590.884909,10.0.2.15,63727,95.100.182.93,443,tcp,246.63803499999997,3925.0,1261937.0,SF,True,False,0,ShADadWFfRr,207,12213,1007,1302221,ssl,0
11600.059157,COhm0l3shyw49aXOL5,10.0.2.15,63728,91.190.216.112,443,TLSv12,TLS_ECDHE_RSA_WITH_AES_256_GCM_SHA384,secp256r1,secure.skype.com,False,True,CsxknGIti,"['281488658cbfb448965a6de5a4705855aa7bb29f3afda45cfea23452721b1900', '2399983e99703ebd01cea466c10799810c4ba62a8d61b88170a334dcd61bb20f']",[],1.0,0ffee3ba8e615ad22535e7f771690a28,e35df3e00ca4ef31d42b34bebaa2f86e,,,11600.020174,10.0.2.15,63728,91.190.216.112,443,tcp,75.5244500000008,2568.0,73833.0,SF,True,False,0,ShADadTfF,30,3782,80,77037,ssl,0
11601.492438,CnqbAQ38EGfg4XfNA1,10.0.2.15,63729,95.100.184.34,443,TLSv12,TLS_ECDHE_RSA_WITH_AES_256_GCM_SHA384,secp256r1,apps.skypeassets.com,False,True,CsxknGIti,"['a63a31593a24acc8df79b8edf950059387cad4df0e01c331f3fda6e97dde98a7', '074541ecdf88ed992ed5ade3ecddef27a26ba1b44480a195c0a8dadae2521d8e']",[],1.0,0ffee3ba8e615ad22535e7f771690a28,2b33c1374db4ddf06942f92373c0b54b,h2,,11601.447718,10.0.2.15,63729,95.100.184.34,443,tcp,200.55903000000035,1859.0,166342.0,SF,True,False,0,ShADadFfRr,70,4667,164,172906,ssl,0
11612.621585,CZMjdn2K49hslTljF7,10.0.2.15,63731,216.137.61.132,443,TLSv12,TLS_ECDHE_RSA_WITH_AES_128_GCM_SHA256,,dnn506yrbagrg.cloudfront.net,True,True,CsiI,,,,1a5fe5677b0e4fbbc854e8908225637d,d199ba0af2b08e204c73d6d81a1fd260,http/1.1,,11612.567315,10.0.2.15,63731,216.137.61.132,443,tcp,119.32646699999896,1007.0,528.0,SF,True,False,0,ShADadTTFf,20,1826,20,1332,ssl,0
11613.398351,Ck3NEZ3ZqwiAIOs1h9,10.0.2.15,63732,217.79.210.211,443,TLSv12,TLS_ECDHE_RSA_WITH_AES_256_CBC_SHA,secp256r1,etrk.asus.com,False,True,CsxuknGIi,"['31c01f56ad7e410a440877e9e546a273370a00737679b0aafc7b6fc2cca04fe3', '74ef335e5e18788307fb9d89cb704bec112abd23487dbff41c4ded5070f241d9']",[],1.0,0ffee3ba8e615ad22535e7f771690a28,4fd467dd264720762ffe286277c00f57,,,11613.363824,10.0.2.15,63732,217.79.210.211,443,tcp,124.80898499999968,1678.0,5450.0,SF,True,False,0,ShADadTTFf,24,2658,27,6534,ssl,0
11614.299504,CAMdOe3uuYAC8Ra3m6,10.0.2.15,63733,23.74.27.16,443,TLSv12,TLS_ECDHE_RSA_WITH_AES_256_GCM_SHA384,secp256r1,demeter.asus.com,False,True,CsxuknGIti,"['fcde8b2704e7bc417d84621943e08fdecf8676968704b378cb4a98cd2d4df29e', 'eae72eb454bf6c3977ebd289e970b2f5282949190093d0d26f98d0f0d6a9cf17', '8420dfbe376f414bf4c0a81e6936d24ccc03f304835b86c7a39142fca723a689']",[],1.0,0ffee3ba8e615ad22535e7f771690a28,b4fb0f4c81087bc8d74c0387ce34665b,h2,,11614.260001,10.0.2.15,63733,23.74.27.16,443,tcp,0.339233999999123,530.0,6549.0,RSTO,True,False,0,ShADadFR,11,978,14,7113,ssl,0
11616.350441,CF3ic23HbkXGfir61,10.0.2.15,63734,23.21.75.15,443,TLSv12,TLS_ECDHE_RSA_WITH_AES_128_GCM_SHA256,secp256r1,sample.crazyegg.com,False,True,CsxknGIi,"['1eee9739d945fe3410cb4c33c5b3417fae8fbc2b218d29ac043d8b604d6db263', '154c433c491929c5ef686e838e323664a00e6a0d822ccc958fb4dab03e49a08f']",[],1.0,0ffee3ba8e615ad22535e7f771690a28,303951d4c50efb2e991652225a6f02b1,,,11616.223407,10.0.2.15,63734,23.21.75.15,443,tcp,61.11901100000068,737.0,3282.0,SF,True,False,0,ShADadTFf,15,1351,18,4006,ssl,0
11626.280581,CgF0g93Ey2pmiYlkre,10.0.2.15,63741,151.101.112.207,443,TLSv12,TLS_ECDHE_RSA_WITH_AES_128_GCM_SHA256,,js-agent.newrelic.com,True,True,CsiI,,,,1a5fe5677b0e4fbbc854e8908225637d,1d0e57c6ae42e9204defa51e5e1cdc4c,http/1.1,,11626.252225,10.0.2.15,63741,151.101.112.207,443,tcp,5.196812000000136,599.0,191.0,SF,True,False,0,ShADadFfRr,8,927,9,555,ssl,0
11626.411354,C2FaYw13sO3eSIpOa5,10.0.2.15,63742,162.247.242.19,443,TLSv12,TLS_DHE_RSA_WITH_AES_256_CBC_SHA,,bam.nr-data.net,False,True,CsxknGIi,"['e7489ed1f465ba2b3ce0faef3a43a3895cd097733dbb5b713df8b299270ca145', '074541ecdf88ed992ed5ade3ecddef27a26ba1b44480a195c0a8dadae2521d8e']",[],1.0,0ffee3ba8e615ad22535e7f771690a28,d90fa179c9daf35598ed8341272118f7,,,11626.279773,10.0.2.15,63742,162.247.242.19,443,tcp,94.753768999999,1312.0,3673.0,SF,True,False,0,ShADadTfF,19,2089,21,4517,ssl,0
11626.451445,Cs5ISo2BWZoivNv1P1,10.0.2.15,63743,162.247.242.19,443,TLSv12,TLS_DHE_RSA_WITH_AES_256_CBC_SHA,,bam.nr-data.net,False,True,CsxknGIi,"['e7489ed1f465ba2b3ce0faef3a43a3895cd097733dbb5b713df8b299270ca145', '074541ecdf88ed992ed5ade3ecddef27a26ba1b44480a195c0a8dadae2521d8e']",[],1.0,0ffee3ba8e615ad22535e7f771690a28,d90fa179c9daf35598ed8341272118f7,,,11626.327883,10.0.2.15,63743,162.247.242.19,443,tcp,6.239553999999771,491.0,3476.0,SF,True,False,0,ShADadFf,9,859,10,3880,ssl,0
11634.772746,CS432A1yamKqxFXJ3a,10.0.2.15,63744,95.100.186.147,443,TLSv12,TLS_ECDHE_RSA_WITH_AES_256_GCM_SHA384,secp256r1,support.skype.com,False,True,CsxknGIti,"['463a3c35f19d691017a93192f8efcb6cbb6c0d000ef04169a60e8135ca0aac35', '2399983e99703ebd01cea466c10799810c4ba62a8d61b88170a334dcd61bb20f']",[],1.0,0ffee3ba8e615ad22535e7f771690a28,2b33c1374db4ddf06942f92373c0b54b,http/1.1,,11634.751455,10.0.2.15,63744,95.100.186.147,443,tcp,126.80082500000026,1666.0,15550.0,SF,True,False,0,ShADadTTFfRr,26,2726,37,17034,ssl,0
11635.509987,CXxK62TXtqxHx0wja,10.0.2.15,63746,93.184.221.200,443,TLSv12,TLS_ECDHE_RSA_WITH_AES_128_GCM_SHA256,secp256r1,az659314.vo.msecnd.net,False,True,CsxuknGIti,"['c6919253ee0b0d6dfe373455fc39b03abeb5666f6303d84cc6eed99f1a254545', '2399983e99703ebd01cea466c10799810c4ba62a8d61b88170a334dcd61bb20f']",[],1.0,0ffee3ba8e615ad22535e7f771690a28,49b45fc1ab090aa3a159778313fc9b9e,h2,,11635.455603,10.0.2.15,63746,93.184.221.200,443,tcp,6.005444999998872,356.0,8079.0,SF,True,False,0,ShADadFRfr,11,804,15,8683,ssl,0
11635.61004,C0DEg22FlaxsMqoyYk,10.0.2.15,63745,93.184.221.200,443,TLSv12,TLS_ECDHE_RSA_WITH_AES_128_GCM_SHA256,secp256r1,az659314.vo.msecnd.net,False,True,CsxuknGIti,"['c6919253ee0b0d6dfe373455fc39b03abeb5666f6303d84cc6eed99f1a254545', '2399983e99703ebd01cea466c10799810c4ba62a8d61b88170a334dcd61bb20f']",[],1.0,0ffee3ba8e615ad22535e7f771690a28,49b45fc1ab090aa3a159778313fc9b9e,h2,,11635.452231,10.0.2.15,63745,93.184.221.200,443,tcp,6.012687000000369,356.0,8079.0,SF,True,False,0,ShADadFfRr,11,804,15,8683,ssl,0
11635.494826,CAyWlA4AH6CIEoZZ9i,10.0.2.15,63748,93.184.221.200,443,TLSv12,TLS_ECDHE_RSA_WITH_AES_128_GCM_SHA256,secp256r1,az659314.vo.msecnd.net,False,True,CsxuknGIti,"['c6919253ee0b0d6dfe373455fc39b03abeb5666f6303d84cc6eed99f1a254545', '2399983e99703ebd01cea466c10799810c4ba62a8d61b88170a334dcd61bb20f']",[],1.0,0ffee3ba8e615ad22535e7f771690a28,49b45fc1ab090aa3a159778313fc9b9e,h2,,11635.456837,10.0.2.15,63748,93.184.221.200,443,tcp,180.96778600000107,1642.0,324691.0,SF,True,False,0,ShADadfF,78,4770,290,336295,ssl,0
11635.505274,CqWSVQ3S4pvva75df1,10.0.2.15,63747,93.184.221.200,443,TLSv12,TLS_ECDHE_RSA_WITH_AES_128_GCM_SHA256,secp256r1,az659314.vo.msecnd.net,False,True,CsxuknGIti,"['c6919253ee0b0d6dfe373455fc39b03abeb5666f6303d84cc6eed99f1a254545', '2399983e99703ebd01cea466c10799810c4ba62a8d61b88170a334dcd61bb20f']",[],1.0,0ffee3ba8e615ad22535e7f771690a28,49b45fc1ab090aa3a159778313fc9b9e,h2,,11635.456297,10.0.2.15,63747,93.184.221.200,443,tcp,0.8588979999985891,841.0,63747.0,RSTO,True,False,0,ShADadfR,26,1889,67,66431,ssl,0
11658.762824,CIMfP01Oog1rIv9Uvk,10.0.2.15,63792,37.252.167.200,443,TLSv12,TLS_ECDHE_RSA_WITH_AES_256_GCM_SHA384,secp256r1,rb.adnxs.com,False,True,CsxknGIti,"['5b081650e8034418a37504ce0820892be5a66474578207711eb688243fe1a8f2', '074541ecdf88ed992ed5ade3ecddef27a26ba1b44480a195c0a8dadae2521d8e']",[],1.0,0ffee3ba8e615ad22535e7f771690a28,e35df3e00ca4ef31d42b34bebaa2f86e,,,11658.490777,10.0.2.15,63792,37.252.167.200,443,tcp,85.438177,16315.0,4784.0,SF,True,False,0,ShADadTfF,31,17570,33,6108,ssl,0
11658.898473,CH8bzg6UNQAsVNQAk,10.0.2.15,63794,216.137.61.224,443,TLSv12,TLS_ECDHE_RSA_WITH_AES_128_GCM_SHA256,secp256r1,d2moz0h55szev9.cloudfront.net,False,True,CsxuknGIti,"['90c0937808b31877df6c4a5c743c99325d974624be3735faa5078cf73d4fd205', 'eae72eb454bf6c3977ebd289e970b2f5282949190093d0d26f98d0f0d6a9cf17']",[],1.0,0ffee3ba8e615ad22535e7f771690a28,76cc3e2d3028143b23ec18e27dbd7ca9,http/1.1,,11658.634558,10.0.2.15,63794,216.137.61.224,443,tcp,122.29885900000043,654.0,10429.0,SF,True,False,0,ShADadTTfF,22,1553,29,11593,ssl,0
11658.899999,CREIaA3vBd6MdQqIUk,10.0.2.15,63793,23.74.190.175,443,TLSv12,TLS_RSA_WITH_AES_256_CBC_SHA,,scdn.cxense.com,False,True,CsxnGIti,"['621fa696237a6bc290a07210ed67061dae5f4ff08cced20e5604d193545118c8', 'eae72eb454bf6c3977ebd289e970b2f5282949190093d0d26f98d0f0d6a9cf17', '8420dfbe376f414bf4c0a81e6936d24ccc03f304835b86c7a39142fca723a689']",[],1.0,0ffee3ba8e615ad22535e7f771690a28,bbf5e9acc56a56c8e3cad029c7e26f7e,http/1.1,,11658.631616,10.0.2.15,63793,23.74.190.175,443,tcp,127.70634299999983,944.0,25768.0,SF,True,False,0,ShADadTTFfRr,30,2164,46,27612,ssl,0
11658.999702,CeKz24z3WStQPgFb3,10.0.2.15,63795,192.155.84.63,443,TLSv12,TLS_ECDHE_RSA_WITH_AES_256_GCM_SHA384,secp256r1,static.sacbeelabs.com,False,True,CsxknGIti,"['b91806c523ed1d1b5554d345190d1115f4c560c55c0c9f12db7a22dcaadaef31', 'e6683e88315cd1cb403c0cea490f7c4b4c82c91cd485037489aadbaa90839f61', 'ff856a2d251dcd88d36656f450126798cfabaade40799c722de4d2b5db36a73a']",[],1.0,0ffee3ba8e615ad22535e7f771690a28,758945630046fd37070521b8544d1fe8,,,11658.640862,10.0.2.15,63795,192.155.84.63,443,tcp,19.54271100000005,969.0,91564.0,SF,True,False,0,ShADadfF,24,1937,82,94848,ssl,0
11667.794322,C07FYv4mQEchU0z9Q,10.0.2.15,63815,216.137.61.226,443,TLSv12,TLS_ECDHE_RSA_WITH_AES_128_GCM_SHA256,secp256r1,d12j9jiosu7f.cloudfront.net,False,True,CsxuknGIti,"['90c0937808b31877df6c4a5c743c99325d974624be3735faa5078cf73d4fd205', 'eae72eb454bf6c3977ebd289e970b2f5282949190093d0d26f98d0f0d6a9cf17']",[],1.0,0ffee3ba8e615ad22535e7f771690a28,76cc3e2d3028143b23ec18e27dbd7ca9,h2,,11667.50301,10.0.2.15,63815,216.137.61.226,443,tcp,192.62814799999975,961.0,225316.0,SF,True,False,0,ShADadFf,55,3169,194,233080,ssl,0
11671.13245,C4rcpg4RIjswbartB2,10.0.2.15,63832,52.209.224.131,443,TLSv12,TLS_ECDHE_RSA_WITH_AES_128_GCM_SHA256,secp256r1,match.prod.bidr.io,False,True,CsxknGIi,"['de0cc5af811bfadeb36828567fe71a18a6954c86094bf57dfd5bc1943736afc7', 'f55f9ffcb83c73453261601c7e044db15a0f034b93c05830f28635ef889cf670', '87dcd4dc74640a322cd205552506d1be64f12596258096544986b4850bc72706', '28689b30e4c306aab53b027b29e36ad6dd1dcf4b953994482ca84bdc1ecac996']",[],1.0,0ffee3ba8e615ad22535e7f771690a28,303951d4c50efb2e991652225a6f02b1,,,11669.306117,10.0.2.15,63832,52.209.224.131,443,tcp,10.573108000000502,705.0,5343.0,SF,True,False,0,ShADadFf,12,1193,14,5907,ssl,0
11671.98787,CfB5Jb4Fw9xRRkcRg8,10.0.2.15,63835,172.217.23.227,443,TLSv12,TLS_ECDHE_RSA_WITH_AES_128_GCM_SHA256,,www.google.cz,True,True,CsiI,,,,1a5fe5677b0e4fbbc854e8908225637d,67619a80665d7ab92d1041b1d11f9164,h2,,11670.851935,10.0.2.15,63835,172.217.23.227,443,tcp,254.07759799999985,3774.0,1270.0,SF,True,False,0,ShADadFf,25,4782,28,2394,ssl,0
11672.051787,C0rIs23Ip1gT76iE0i,10.0.2.15,63838,52.57.91.47,443,TLSv12,TLS_ECDHE_RSA_WITH_AES_128_GCM_SHA256,secp256r1,j.mrpdata.net,False,True,CsxknGIi,"['5e483a35207dd959e2f8aa20db25cd69c0c2717d4bf0fe2fa9d7e276a3bb2551', 'f55f9ffcb83c73453261601c7e044db15a0f034b93c05830f28635ef889cf670', '87dcd4dc74640a322cd205552506d1be64f12596258096544986b4850bc72706', '28689b30e4c306aab53b027b29e36ad6dd1dcf4b953994482ca84bdc1ecac996']",[],1.0,0ffee3ba8e615ad22535e7f771690a28,303951d4c50efb2e991652225a6f02b1,,,11671.171811,10.0.2.15,63838,52.57.91.47,443,tcp,66.0964299999996,671.0,5317.0,SF,True,False,0,ShADadTFf,18,1405,19,6081,ssl,0
11679.1781,C2CVueWl1M1VzzWZ6,10.0.2.15,63871,166.108.32.248,443,TLSv12,TLS_RSA_WITH_AES_256_CBC_SHA,,account.sacbee.com,False,True,CsxnGIi,['c95aa32cc31f0afb04ef296de85b1e48a0dd85e8a2214ce912fe771aa7cda241'],[],1.0,0ffee3ba8e615ad22535e7f771690a28,db8185c4eafa7114cadaf05965b09ef0,,,11678.562898,10.0.2.15,63871,166.108.32.248,443,tcp,4.23010400000021,3400.0,32880.0,SF,True,False,0,ShADadfF,19,4168,41,34524,ssl,0
11679.179283,C06s3q1JjrnGQaSyo5,10.0.2.15,63870,166.108.32.248,443,TLSv12,TLS_RSA_WITH_AES_256_CBC_SHA,,account.sacbee.com,False,True,CsxnGIi,['c95aa32cc31f0afb04ef296de85b1e48a0dd85e8a2214ce912fe771aa7cda241'],[],1.0,0ffee3ba8e615ad22535e7f771690a28,db8185c4eafa7114cadaf05965b09ef0,,,11678.562244,10.0.2.15,63870,166.108.32.248,443,tcp,11.008223999999244,5149.0,75274.0,SF,True,False,0,ShADadfF,34,6517,76,78318,ssl,0
11682.43439,C3hZHs3vE0aEWRzOv9,10.0.2.15,63895,104.19.196.102,443,TLSv12,TLS_ECDHE_ECDSA_WITH_AES_128_GCM_SHA256,secp256r1,cdnjs.cloudflare.com,False,True,CsxuknGIti,"['288a62410b9a17d44ccccf0ca447daaee0f3c7bcd3e0cb6d4f24ef85d2dbfdd0', 'cd6c108a0e641f2ca122aaa6d03f826759cae7c6f800eabf76dc48b67cd083ce', '9573862ac0b4b125168810ea3fd101ae2eb0bb15f61fc0e6da7a2a38b85a89e8']",[],1.0,0ffee3ba8e615ad22535e7f771690a28,7d3eb4120cd50e889bcd3f3783be0f82,h2,,11682.285196,10.0.2.15,63895,104.19.196.102,443,tcp,189.95044499999855,725.0,3970.0,SF,True,False,0,ShADadFf,16,1373,19,4734,ssl,0
11682.43688,Cr6E2o1aqR9GVkV5c9,10.0.2.15,63894,94.31.29.54,443,TLSv12,TLS_ECDHE_RSA_WITH_AES_128_GCM_SHA256,secp256r1,code.jquery.com,False,True,CsxuknGIti,"['7b63a6dc9511ee7cdbf74a01a00ec40c9d2c39e68a61a90607ff590740ab369a', 'ee793643199474ed60efdc8ccde4d37445921683593aa751bbf8ee491a391e97', 'ebd41040e4bb3ec742c9e381d31ef2a41a48b6685c96e7cef3c1df6cd4331c99']",[],1.0,0ffee3ba8e615ad22535e7f771690a28,49b45fc1ab090aa3a159778313fc9b9e,h2,,11682.284684,10.0.2.15,63894,94.31.29.54,443,tcp,189.84991699999955,720.0,5698.0,SF,True,False,0,ShADadFf,16,1368,19,6462,ssl,0
11682.623099,Cnm1uR25Gj280tPQY9,10.0.2.15,63893,166.108.32.248,443,TLSv12,TLS_RSA_WITH_AES_256_CBC_SHA,,account.sacbee.com,True,True,CsiI,,,,0ffee3ba8e615ad22535e7f771690a28,db8185c4eafa7114cadaf05965b09ef0,,,11682.284133,10.0.2.15,63893,166.108.32.248,443,tcp,7.29037100000096,4706.0,37676.0,SF,True,False,0,ShADadfF,22,5594,43,39400,ssl,0
11682.619149,CiR3l523AzpvcjNfDd,10.0.2.15,63902,166.108.32.249,443,TLSv12,TLS_DHE_RSA_WITH_AES_256_CBC_SHA,,media.mcclatchyinteractive.com,True,True,CsiI,,,,0ffee3ba8e615ad22535e7f771690a28,d90fa179c9daf35598ed8341272118f7,,,11682.290449,10.0.2.15,63902,166.108.32.249,443,tcp,17.333189999999377,1273.0,527.0,SF,True,False,0,ShADadTfF,12,1762,12,1011,ssl,0
11682.619699,Cx9xA1426FQuHCzHYc,10.0.2.15,63901,166.108.32.249,443,TLSv12,TLS_DHE_RSA_WITH_AES_256_CBC_SHA,,media.mcclatchyinteractive.com,True,True,CsiI,,,,0ffee3ba8e615ad22535e7f771690a28,d90fa179c9daf35598ed8341272118f7,,,11682.289785,10.0.2.15,63901,166.108.32.249,443,tcp,16.3483269999997,820.0,346.0,SF,True,False,0,ShADadTfF,10,1229,10,750,ssl,0
11682.620224,CSs3TJ29dRgdH0Iom1,10.0.2.15,63900,166.108.32.249,443,TLSv12,TLS_DHE_RSA_WITH_AES_256_CBC_SHA,,media.mcclatchyinteractive.com,True,True,CsiI,,,,0ffee3ba8e615ad22535e7f771690a28,d90fa179c9daf35598ed8341272118f7,,,11682.289274,10.0.2.15,63900,166.108.32.249,443,tcp,16.350742999999056,820.0,346.0,SF,True,False,0,ShADadTfF,10,1229,10,750,ssl,0
11682.620773,C7Erdv1nSfPoGey7Qc,10.0.2.15,63899,166.108.32.249,443,TLSv12,TLS_DHE_RSA_WITH_AES_256_CBC_SHA,,media.mcclatchyinteractive.com,True,True,CsiI,,,,0ffee3ba8e615ad22535e7f771690a28,d90fa179c9daf35598ed8341272118f7,,,11682.288746,10.0.2.15,63899,166.108.32.249,443,tcp,17.347319000000425,1193.0,1455.0,SF,True,False,0,ShADadTfF,12,1682,12,1939,ssl,0
11682.621441,CfSzB1SrP28AmF5Zj,10.0.2.15,63898,166.108.32.248,443,TLSv12,TLS_RSA_WITH_AES_256_CBC_SHA,,account.sacbee.com,True,True,CsiI,,,,0ffee3ba8e615ad22535e7f771690a28,db8185c4eafa7114cadaf05965b09ef0,,,11682.288206,10.0.2.15,63898,166.108.32.248,443,tcp,5.501186999999845,5442.0,80737.0,SF,True,False,0,ShADadfF,33,6770,81,83981,ssl,0
11682.621877,C2WoLR3aRBr6vcJjDc,10.0.2.15,63897,166.108.32.248,443,TLSv12,TLS_RSA_WITH_AES_256_CBC_SHA,,account.sacbee.com,True,True,CsiI,,,,0ffee3ba8e615ad22535e7f771690a28,db8185c4eafa7114cadaf05965b09ef0,,,11682.287634,10.0.2.15,63897,166.108.32.248,443,tcp,5.93491399999948,1736.0,1306.0,SF,True,False,0,ShADadfF,9,2104,9,1670,ssl,0
11682.622514,CjmODd16BhLwaPHb78,10.0.2.15,63896,166.108.32.248,443,TLSv12,TLS_RSA_WITH_AES_256_CBC_SHA,,account.sacbee.com,True,True,CsiI,,,,0ffee3ba8e615ad22535e7f771690a28,db8185c4eafa7114cadaf05965b09ef0,,,11682.285723,10.0.2.15,63896,166.108.32.248,443,tcp,5.939543999998932,1736.0,1082.0,SF,True,False,0,ShADadfF,9,2104,9,1446,ssl,0
11684.257495,CWDeRy3D91CSO8alpb,10.0.2.15,63907,23.64.15.25,443,TLSv12,TLS_ECDHE_ECDSA_WITH_AES_256_GCM_SHA384,secp256r1,edge.quantserve.com,False,True,CsxuknGIti,"['56d0de4121d9daaea7a1ed67ff7b49ba2ea3d77cbab1c27901ee618b74a29e16', '2e2861289b5ccedecae4c31bf262e0fb0c29b6c1530573442731ca65d821e901']",[],0.0,0ffee3ba8e615ad22535e7f771690a28,ca6f3b7b341bf732d741bd93e9b37436,http/1.1,,11684.230578,10.0.2.15,63907,23.64.15.25,443,tcp,0.231209999999919,353.0,3897.0,RSTR,True,False,0,ShADadRr,8,681,9,4261,ssl,0
11684.262447,CMIL3K2xm29mjqVp04,10.0.2.15,63906,107.178.250.234,443,TLSv12,TLS_ECDHE_RSA_WITH_AES_128_GCM_SHA256,x25519,js.matheranalytics.com,False,True,CsxknGIti,"['cf66132afcdd03b4f1a8f199113c1dacf27395f9f4983a2d788ad18afb158a33', '02ab57e4e67a0cb48dd2ff34830e8ac40f4476fb08ca6be3f5cd846f646840f0', '4f32d5dc00f715250abcc486511e37f501a899deb3bf7ea8adbbd3aef1c412da', '687fa451382278fff0c8b11f8d43d576671c6eb2bceab413fb83d965d06d2ff2']",[],1.0,0ffee3ba8e615ad22535e7f771690a28,ab41313cfec25328b20865eb1388e0a2,h2,,11684.229878,10.0.2.15,63906,107.178.250.234,443,tcp,192.30213999999975,1004.0,6610.0,SF,True,False,0,ShADadFf,22,1892,25,7614,ssl,0
11684.147289,Ceyu2UKFpTj7hcz8k,10.0.2.15,63904,54.231.185.36,443,TLSv12,TLS_ECDHE_RSA_WITH_AES_128_GCM_SHA256,secp256r1,s3-us-west-2.amazonaws.com,False,True,CsxknGIi,"['e0657743a56f71e04caf81531d9422c249945c95c8a699935ec21dd8466ca120', 'f9690880819f06cdcc0b2f224b207f2af6003fb57339b8679a160fa95208d62d']",[],1.0,0ffee3ba8e615ad22535e7f771690a28,ea615e28cb25adfb2f261151eab3314f,,,11683.821454,10.0.2.15,63904,54.231.185.36,443,tcp,8.666088999998465,713.0,14391.0,SF,True,False,0,ShADadFf,13,1241,22,15275,ssl,0
11684.149261,CN4hu1vYnbN53cWEc,10.0.2.15,63903,54.231.185.36,443,TLSv12,TLS_ECDHE_RSA_WITH_AES_128_GCM_SHA256,secp256r1,s3-us-west-2.amazonaws.com,False,True,CsxknGIi,"['e0657743a56f71e04caf81531d9422c249945c95c8a699935ec21dd8466ca120', 'f9690880819f06cdcc0b2f224b207f2af6003fb57339b8679a160fa95208d62d']",[],1.0,0ffee3ba8e615ad22535e7f771690a28,ea615e28cb25adfb2f261151eab3314f,,,11683.82083,10.0.2.15,63903,54.231.185.36,443,tcp,8.616672000000108,713.0,13407.0,SF,True,False,0,ShADadFf,15,1321,24,14371,ssl,0
11684.556637,C4Naze1x1mAKFMnbSb,10.0.2.15,63910,23.64.15.25,443,TLSv12,TLS_ECDHE_ECDSA_WITH_AES_256_GCM_SHA384,secp256r1,edge.quantserve.com,False,True,CsxuknGIti,"['56d0de4121d9daaea7a1ed67ff7b49ba2ea3d77cbab1c27901ee618b74a29e16', '2e2861289b5ccedecae4c31bf262e0fb0c29b6c1530573442731ca65d821e901']",[],0.0,0ffee3ba8e615ad22535e7f771690a28,ca6f3b7b341bf732d741bd93e9b37436,http/1.1,,11684.232545,10.0.2.15,63910,23.64.15.25,443,tcp,1.960279999999329,353.0,3927.0,RSTO,True,False,0,ShADadfR,9,721,10,4331,ssl,0
11684.550493,CRUtbI1gEo58dKEHwl,10.0.2.15,63908,138.108.96.100,443,TLSv12,TLS_DHE_RSA_WITH_AES_256_CBC_SHA,,secure-us.imrworldwide.com,False,True,CsxknGIi,"['56eaef0c87e42a128a7c9cd2d411ee09732eabcb28560a489f2476ef6483c001', 'eae72eb454bf6c3977ebd289e970b2f5282949190093d0d26f98d0f0d6a9cf17', '8420dfbe376f414bf4c0a81e6936d24ccc03f304835b86c7a39142fca723a689']",[],1.0,0ffee3ba8e615ad22535e7f771690a28,d90fa179c9daf35598ed8341272118f7,,,11684.231097,10.0.2.15,63908,138.108.96.100,443,tcp,2.305573999999978,1035.0,5000.0,SF,True,False,0,ShADadfF,11,1483,14,5564,ssl,0
11684.551108,Cpi2L62kMMzOzGQm4,10.0.2.15,63909,138.108.96.100,443,TLSv12,TLS_DHE_RSA_WITH_AES_256_CBC_SHA,,secure-us.imrworldwide.com,False,True,CsxknGIi,"['56eaef0c87e42a128a7c9cd2d411ee09732eabcb28560a489f2476ef6483c001', 'eae72eb454bf6c3977ebd289e970b2f5282949190093d0d26f98d0f0d6a9cf17', '8420dfbe376f414bf4c0a81e6936d24ccc03f304835b86c7a39142fca723a689']",[],1.0,0ffee3ba8e615ad22535e7f771690a28,d90fa179c9daf35598ed8341272118f7,,,11684.231955,10.0.2.15,63909,138.108.96.100,443,tcp,5.972896000001128,502.0,4579.0,SF,True,False,0,ShADadFf,10,910,12,5063,ssl,0
11684.686711,CVtUja1QLWZz0Gx1h4,10.0.2.15,63905,66.235.139.206,443,TLSv12,TLS_ECDHE_RSA_WITH_AES_256_GCM_SHA384,secp256r1,nmsacramento.112.2o7.net,False,True,CsxknGIi,"['85165a4d3f2b39baed2c0b2567512f05b1dbaaed1d5d1826efc97acc945cd59a', '19400be5b7a31fb733917700789d2f0a2471c0c9d506c0e504c06c16d7cb17c0', '7431e5f4c3c1ce4690774f0b61e05440883ba9a01ed00ba6abd7806ed3b118cf']",[],1.0,0ffee3ba8e615ad22535e7f771690a28,959bfcf87532cbff1253e80a4ee81308,,,11684.229133,10.0.2.15,63905,66.235.139.206,443,tcp,29.27152699999897,5079.0,5678.0,SF,True,False,0,ShADadTFf,17,5769,18,6402,ssl,0
11684.703109,CIbumr2HBJGqgsbtN5,10.0.2.15,63911,66.235.139.206,443,TLSv12,TLS_ECDHE_RSA_WITH_AES_256_GCM_SHA384,secp256r1,nmsacramento.112.2o7.net,False,True,CsxknGIi,"['85165a4d3f2b39baed2c0b2567512f05b1dbaaed1d5d1826efc97acc945cd59a', '19400be5b7a31fb733917700789d2f0a2471c0c9d506c0e504c06c16d7cb17c0', '7431e5f4c3c1ce4690774f0b61e05440883ba9a01ed00ba6abd7806ed3b118cf']",[],1.0,0ffee3ba8e615ad22535e7f771690a28,959bfcf87532cbff1253e80a4ee81308,,,11684.234081,10.0.2.15,63911,66.235.139.206,443,tcp,6.104235999999219,358.0,4078.0,SF,True,False,0,ShADadFf,9,726,10,4482,ssl,0
11685.097211,C4H2Px3PGgqaQdPabg,10.0.2.15,63917,66.235.139.206,443,TLSv12,TLS_ECDHE_RSA_WITH_AES_256_GCM_SHA384,secp256r1,nmsacramento.112.2o7.net,False,True,CsxknGIi,"['85165a4d3f2b39baed2c0b2567512f05b1dbaaed1d5d1826efc97acc945cd59a', '19400be5b7a31fb733917700789d2f0a2471c0c9d506c0e504c06c16d7cb17c0', '7431e5f4c3c1ce4690774f0b61e05440883ba9a01ed00ba6abd7806ed3b118cf']",[],1.0,0ffee3ba8e615ad22535e7f771690a28,959bfcf87532cbff1253e80a4ee81308,,,11684.815219,10.0.2.15,63917,66.235.139.206,443,tcp,5.531739000000016,358.0,4078.0,SF,True,False,0,ShADadFf,9,726,10,4482,ssl,0
11686.570827,CFkYD4XxgqZ2vR2Vc,10.0.2.15,63920,95.100.191.4,443,TLSv12,TLS_ECDHE_RSA_WITH_AES_256_GCM_SHA384,secp256r1,sb.scorecardresearch.com,False,True,CsxknGIti,"['a523ef18d09457b0fe5084a65e99053ed280f9473c38bc9ddade90f9ae25f115', '111006378afbe8e99bb02ba87390ca429fca2773f74d7f7eb5744f5ddf68014b', '4f32d5dc00f715250abcc486511e37f501a899deb3bf7ea8adbbd3aef1c412da']",[],1.0,0ffee3ba8e615ad22535e7f771690a28,2b33c1374db4ddf06942f92373c0b54b,http/1.1,,11686.54444,10.0.2.15,63920,95.100.191.4,443,tcp,145.69469800000115,1397.0,5875.0,SF,True,False,0,ShADadTTFfRr,28,2539,31,7119,ssl,0
11686.823921,C0BGmC3V0OnNmyBzW5,10.0.2.15,63919,52.72.181.40,443,TLSv12,TLS_ECDHE_RSA_WITH_AES_128_GCM_SHA256,secp256r1,www.i.matheranalytics.com,False,True,CsxknGIi,"['77d3a8e6062c9010cc2c9d674bd9da1ccc301e4b8abdd43c1660d9806f040656', '02ab57e4e67a0cb48dd2ff34830e8ac40f4476fb08ca6be3f5cd846f646840f0', '4f32d5dc00f715250abcc486511e37f501a899deb3bf7ea8adbbd3aef1c412da', '687fa451382278fff0c8b11f8d43d576671c6eb2bceab413fb83d965d06d2ff2']",[],1.0,0ffee3ba8e615ad22535e7f771690a28,303951d4c50efb2e991652225a6f02b1,,,11686.543986,10.0.2.15,63919,52.72.181.40,443,tcp,82.42637399999876,6106.0,8311.0,SF,True,False,0,ShADadTFf,25,7121,29,9475,ssl,0
11686.879235,Cm0beG3TGNOJF1c2wi,10.0.2.15,63921,52.72.181.40,443,TLSv12,TLS_ECDHE_RSA_WITH_AES_128_GCM_SHA256,secp256r1,www.i.matheranalytics.com,False,True,CsxknGIi,"['77d3a8e6062c9010cc2c9d674bd9da1ccc301e4b8abdd43c1660d9806f040656', '02ab57e4e67a0cb48dd2ff34830e8ac40f4476fb08ca6be3f5cd846f646840f0', '4f32d5dc00f715250abcc486511e37f501a899deb3bf7ea8adbbd3aef1c412da', '687fa451382278fff0c8b11f8d43d576671c6eb2bceab413fb83d965d06d2ff2']",[],1.0,0ffee3ba8e615ad22535e7f771690a28,303951d4c50efb2e991652225a6f02b1,,,11686.736523,10.0.2.15,63921,52.72.181.40,443,tcp,5.570149000001038,359.0,6476.0,RSTO,True,False,0,ShADadFR,11,807,14,7040,ssl,0
11691.709849,Cwh0tg3QsStsfoM6Je,10.0.2.15,63922,166.108.32.248,443,TLSv12,TLS_RSA_WITH_AES_256_CBC_SHA,,account.sacbee.com,True,True,CsiI,,,,0ffee3ba8e615ad22535e7f771690a28,db8185c4eafa7114cadaf05965b09ef0,,,11691.555538,10.0.2.15,63922,166.108.32.248,443,tcp,0.704512999998769,6776.0,682.0,SF,True,False,0,ShADadfF,12,7264,13,1206,ssl,0
11695.480455,C0TsjnWTblChIe4G8,10.0.2.15,63923,166.108.32.248,443,TLSv12,TLS_RSA_WITH_AES_256_CBC_SHA,,account.sacbee.com,True,True,CsiI,,,,0ffee3ba8e615ad22535e7f771690a28,db8185c4eafa7114cadaf05965b09ef0,,,11695.320311,10.0.2.15,63923,166.108.32.248,443,tcp,0.8701380000002241,2296.0,8425.0,SF,True,False,0,ShADadfF,12,2784,18,9149,ssl,0
11696.346786,CJlusb3YTcNlxfphHl,10.0.2.15,63925,166.108.32.248,443,TLSv12,TLS_RSA_WITH_AES_256_CBC_SHA,,account.sacbee.com,True,True,CsiI,,,,0ffee3ba8e615ad22535e7f771690a28,db8185c4eafa7114cadaf05965b09ef0,,,11696.195515,10.0.2.15,63925,166.108.32.248,443,tcp,3.100881000000299,2680.0,682.0,SF,True,False,0,ShADadfF,9,3048,10,1086,ssl,0
11696.362793,C9zFsH1OASmAdew5xg,10.0.2.15,63924,166.108.32.248,443,TLSv12,TLS_RSA_WITH_AES_256_CBC_SHA,,account.sacbee.com,True,True,CsiI,,,,0ffee3ba8e615ad22535e7f771690a28,db8185c4eafa7114cadaf05965b09ef0,,,11696.195006,10.0.2.15,63924,166.108.32.248,443,tcp,5.232163000000582,5512.0,682.0,SF,True,False,0,ShADadfF,11,5960,12,1166,ssl,0
11696.360791,CSi6qJOCSfXc6bwtc,10.0.2.15,63926,166.108.32.248,443,TLSv12,TLS_RSA_WITH_AES_256_CBC_SHA,,account.sacbee.com,True,True,CsiI,,,,0ffee3ba8e615ad22535e7f771690a28,db8185c4eafa7114cadaf05965b09ef0,,,11696.201378,10.0.2.15,63926,166.108.32.248,443,tcp,6.305093000000852,355.0,165.0,SF,True,False,0,ShADadFf,7,643,7,449,ssl,0
11696.376624,CsS4fK2ULz4KhCQXGc,10.0.2.15,63928,166.108.32.248,443,TLSv12,TLS_RSA_WITH_AES_256_CBC_SHA,,account.sacbee.com,True,True,CsiI,,,,0ffee3ba8e615ad22535e7f771690a28,db8185c4eafa7114cadaf05965b09ef0,,,11696.208781,10.0.2.15,63928,166.108.32.248,443,tcp,6.250348000001395,355.0,165.0,SF,True,False,0,ShADadFf,7,643,7,449,ssl,0
11696.378223,CJkSvo3IAoPv3nNdl3,10.0.2.15,63927,166.108.32.248,443,TLSv12,TLS_RSA_WITH_AES_256_CBC_SHA,,account.sacbee.com,True,True,CsiI,,,,0ffee3ba8e615ad22535e7f771690a28,db8185c4eafa7114cadaf05965b09ef0,,,11696.206497,10.0.2.15,63927,166.108.32.248,443,tcp,6.299875000000611,355.0,165.0,SF,True,False,0,ShADadFf,7,643,7,449,ssl,0
11696.372652,Cx50yw3W1bs72TgY6i,10.0.2.15,63929,166.108.32.248,443,TLSv12,TLS_RSA_WITH_AES_256_CBC_SHA,,account.sacbee.com,True,True,CsiI,,,,0ffee3ba8e615ad22535e7f771690a28,db8185c4eafa7114cadaf05965b09ef0,,,11696.210067,10.0.2.15,63929,166.108.32.248,443,tcp,6.307123000000502,355.0,165.0,SF,True,False,0,ShADadFf,7,643,7,449,ssl,0
11697.172078,C3DZDCkGgZCA5X4Al,10.0.2.15,63930,23.64.15.25,443,TLSv12,TLS_ECDHE_ECDSA_WITH_AES_256_GCM_SHA384,secp256r1,edge.quantserve.com,False,True,CsxuknGIti,"['56d0de4121d9daaea7a1ed67ff7b49ba2ea3d77cbab1c27901ee618b74a29e16', '2e2861289b5ccedecae4c31bf262e0fb0c29b6c1530573442731ca65d821e901']",[],0.0,0ffee3ba8e615ad22535e7f771690a28,ca6f3b7b341bf732d741bd93e9b37436,http/1.1,,11697.153313,10.0.2.15,63930,23.64.15.25,443,tcp,0.120863999998618,353.0,3897.0,RSTR,True,False,0,ShADadRr,8,681,9,4261,ssl,0
11697.583178,CMmGdvWGsOQ8BEgrk,10.0.2.15,63932,138.108.96.100,443,TLSv12,TLS_DHE_RSA_WITH_AES_256_CBC_SHA,,secure-us.imrworldwide.com,True,True,CsiI,,,,0ffee3ba8e615ad22535e7f771690a28,d90fa179c9daf35598ed8341272118f7,,,11697.365724,10.0.2.15,63932,138.108.96.100,443,tcp,0.425311000000874,912.0,586.0,SF,True,False,0,ShADadfF,8,1240,9,950,ssl,0
11697.584032,CqGuH23C8snIrZk5jh,10.0.2.15,63931,138.108.96.100,443,TLSv12,TLS_DHE_RSA_WITH_AES_256_CBC_SHA,,secure-us.imrworldwide.com,True,True,CsiI,,,,0ffee3ba8e615ad22535e7f771690a28,d90fa179c9daf35598ed8341272118f7,,,11697.362402,10.0.2.15,63931,138.108.96.100,443,tcp,5.980525999999372,363.0,165.0,SF,True,False,0,ShADadFf,7,651,7,449,ssl,0
11718.492012,COpbtQ2EhJHCHmstsf,10.0.2.15,63953,178.250.2.102,443,TLSv12,TLS_RSA_WITH_AES_128_CBC_SHA,,cas.nl.eu.criteo.com,True,True,CsiI,,,,0ffee3ba8e615ad22535e7f771690a28,5dcc087b1a1d0a5b0658981a7e8b2c3c,,,11718.309024,10.0.2.15,63953,178.250.2.102,443,tcp,11.826515000000654,5050.0,5375.0,SF,True,False,0,ShADadTfF,14,5619,17,6059,ssl,0
11718.492559,CCIJhR3KAlYGWYDAOf,10.0.2.15,63952,178.250.2.102,443,TLSv12,TLS_RSA_WITH_AES_128_CBC_SHA,,cas.nl.eu.criteo.com,False,True,CsxnGIi,"['a788c1ddecb433aa62d9bbc337417f448ebc0389161863ee31b5c1decac74c87', 'eae72eb454bf6c3977ebd289e970b2f5282949190093d0d26f98d0f0d6a9cf17', '8420dfbe376f414bf4c0a81e6936d24ccc03f304835b86c7a39142fca723a689']",[],1.0,0ffee3ba8e615ad22535e7f771690a28,5dcc087b1a1d0a5b0658981a7e8b2c3c,,,11718.308352,10.0.2.15,63952,178.250.2.102,443,tcp,8.149735999999393,624.0,4412.0,SF,True,False,0,ShADadFf,10,1032,11,4856,ssl,0
11721.271248,CN5Uocw5ne2nb7uXc,10.0.2.15,63963,178.250.2.66,443,TLSv12,TLS_RSA_WITH_AES_128_CBC_SHA,,cat.nl.eu.criteo.com,False,True,CsxnGIi,"['a788c1ddecb433aa62d9bbc337417f448ebc0389161863ee31b5c1decac74c87', 'eae72eb454bf6c3977ebd289e970b2f5282949190093d0d26f98d0f0d6a9cf17', '8420dfbe376f414bf4c0a81e6936d24ccc03f304835b86c7a39142fca723a689']",[],1.0,0ffee3ba8e615ad22535e7f771690a28,5dcc087b1a1d0a5b0658981a7e8b2c3c,,,11721.103082,10.0.2.15,63963,178.250.2.66,443,tcp,16.634901999999784,5029.0,4785.0,SF,True,False,0,ShADadTfF,16,5678,18,5509,ssl,0
11721.275634,CixTgE14pXWP765v41,10.0.2.15,63962,216.58.201.98,443,TLSv12,TLS_ECDHE_RSA_WITH_AES_128_GCM_SHA256,x25519,www.googletagservices.com,False,True,CsxknGIti,"['a32ffddd76f9e7debbfc9a37b38d2ef86039b30a10d7c45ab8223d149cf99699', '9f630426df1d8abfd80ace98871ba833ab9742cb34838de2b5285ed54c0c7dcc', '3c35cc963eb004451323d3275d05b353235053490d9cd83729a2faf5e7ca1cc0']",[],1.0,0ffee3ba8e615ad22535e7f771690a28,ab41313cfec25328b20865eb1388e0a2,h2,,11721.102398,10.0.2.15,63962,216.58.201.98,443,tcp,5.159970999999132,538.0,4085.0,SF,True,False,0,ShADadFf,10,946,12,4569,ssl,0
11721.277093,Cp7vSp1I1bzGaJnE8,10.0.2.15,63961,178.250.2.74,443,TLSv12,TLS_RSA_WITH_AES_128_CBC_SHA,,static.criteo.net,False,True,CsxnGIi,"['a53dd8cd1b9752c487c3339127e3f77ac7434d43b66db4a373f9df5da010c22f', 'eae72eb454bf6c3977ebd289e970b2f5282949190093d0d26f98d0f0d6a9cf17', '8420dfbe376f414bf4c0a81e6936d24ccc03f304835b86c7a39142fca723a689']",[],1.0,0ffee3ba8e615ad22535e7f771690a28,5dcc087b1a1d0a5b0658981a7e8b2c3c,,,11721.097229,10.0.2.15,63961,178.250.2.74,443,tcp,6.79314499999964,621.0,4413.0,SF,True,False,0,ShADadFf,10,1029,11,4857,ssl,0
11721.285015,Cxhquz23TqSjOhs3G1,10.0.2.15,63960,178.250.2.74,443,TLSv12,TLS_ECDHE_RSA_WITH_AES_256_GCM_SHA384,secp256r1,static.criteo.net,False,True,CsxknGIi,"['a53dd8cd1b9752c487c3339127e3f77ac7434d43b66db4a373f9df5da010c22f', 'eae72eb454bf6c3977ebd289e970b2f5282949190093d0d26f98d0f0d6a9cf17']",[],1.0,0ffee3ba8e615ad22535e7f771690a28,a9e3ed16ee3208291487c8d2aa2ad924,,,11721.096743,10.0.2.15,63960,178.250.2.74,443,tcp,17.775229000000763,383.0,3496.0,SF,True,False,0,ShADadFTf,10,792,11,3940,ssl,0
11721.288649,CZ9NHE47TuLMr1qga7,10.0.2.15,63964,178.250.2.66,443,TLSv12,TLS_RSA_WITH_AES_128_CBC_SHA,,cat.nl.eu.criteo.com,False,True,CsxnGIi,"['a788c1ddecb433aa62d9bbc337417f448ebc0389161863ee31b5c1decac74c87', 'eae72eb454bf6c3977ebd289e970b2f5282949190093d0d26f98d0f0d6a9cf17', '8420dfbe376f414bf4c0a81e6936d24ccc03f304835b86c7a39142fca723a689']",[],1.0,0ffee3ba8e615ad22535e7f771690a28,5dcc087b1a1d0a5b0658981a7e8b2c3c,,,11721.104476,10.0.2.15,63964,178.250.2.66,443,tcp,6.78144599999905,624.0,4412.0,SF,True,False,0,ShADadFf,10,1032,11,4856,ssl,0
11721.658832,CGrg9U11NRfvT2dVA,10.0.2.15,63965,178.250.0.78,443,TLSv12,TLS_RSA_WITH_AES_128_CBC_SHA,,static.eu.criteo.net,False,True,CsxnGIi,"['67b0ecfd7b5de431162434de2de408b062ccc6b4122030ee8b8a65da71b70e4d', 'eae72eb454bf6c3977ebd289e970b2f5282949190093d0d26f98d0f0d6a9cf17', '8420dfbe376f414bf4c0a81e6936d24ccc03f304835b86c7a39142fca723a689']",[],1.0,0ffee3ba8e615ad22535e7f771690a28,5dcc087b1a1d0a5b0658981a7e8b2c3c,,,11721.289837,10.0.2.15,63965,178.250.0.78,443,tcp,6.59174399999938,624.0,4020.0,SF,True,False,0,ShADadFf,9,992,10,4424,ssl,0
11722.801251,CWZbUs2dSHvoBXUzc4,10.0.2.15,63972,172.217.23.230,443,TLSv12,TLS_ECDHE_RSA_WITH_AES_128_GCM_SHA256,,ad.doubleclick.net,True,True,CsiI,,,,1a5fe5677b0e4fbbc854e8908225637d,67619a80665d7ab92d1041b1d11f9164,h2,,11722.402848,10.0.2.15,63972,172.217.23.230,443,tcp,199.0731880000003,3654.0,74354.0,SF,True,False,0,ShADadFf,40,5262,89,77918,ssl,0
11722.826318,CvlMKNJu3bfA1cBE6,10.0.2.15,63966,172.217.23.230,443,TLSv12,TLS_ECDHE_RSA_WITH_AES_128_GCM_SHA256,,ad.doubleclick.net,True,True,CsiI,,,,1a5fe5677b0e4fbbc854e8908225637d,67619a80665d7ab92d1041b1d11f9164,h2,,11722.390137,10.0.2.15,63966,172.217.23.230,443,tcp,1.094371999999566,808.0,292.0,SF,True,False,0,ShADadFf,10,1216,11,736,ssl,0
11727.401737,CnTC8p2U8stln7ycci,10.0.2.15,63981,216.58.201.98,443,TLSv12,TLS_ECDHE_RSA_WITH_AES_128_GCM_SHA256,x25519,www.googleadservices.com,False,True,CsxknGIti,"['33c13616ade5804cb64668e7fede6e1ef8141ce96a24e69910dfdd83efac1907', '9f630426df1d8abfd80ace98871ba833ab9742cb34838de2b5285ed54c0c7dcc', '3c35cc963eb004451323d3275d05b353235053490d9cd83729a2faf5e7ca1cc0']",[],1.0,0ffee3ba8e615ad22535e7f771690a28,ab41313cfec25328b20865eb1388e0a2,h2,,11726.924137,10.0.2.15,63981,216.58.201.98,443,tcp,51.70489000000089,1528.0,5390.0,SF,True,False,0,ShADadFf,19,2296,22,6274,ssl,0
11728.07827,CD0ldIahZXTRx4Eef,10.0.2.15,63989,216.58.201.98,443,TLSv12,TLS_ECDHE_RSA_WITH_AES_128_GCM_SHA256,x25519,googleads4.g.doubleclick.net,False,True,CsxknGIti,"['a32ffddd76f9e7debbfc9a37b38d2ef86039b30a10d7c45ab8223d149cf99699', '9f630426df1d8abfd80ace98871ba833ab9742cb34838de2b5285ed54c0c7dcc', '3c35cc963eb004451323d3275d05b353235053490d9cd83729a2faf5e7ca1cc0']",[],1.0,0ffee3ba8e615ad22535e7f771690a28,ab41313cfec25328b20865eb1388e0a2,h2,,11727.484792,10.0.2.15,63989,216.58.201.98,443,tcp,2.172460000001592,509.0,4085.0,RSTR,True,False,0,ShADadFRRRr,12,997,14,4649,ssl,0
11728.0791,CiazJ117ZFlh5u3uPi,10.0.2.15,63988,172.217.23.230,443,TLSv12,TLS_ECDHE_RSA_WITH_AES_128_GCM_SHA256,x25519,s1.2mdn.net,False,True,CsxknGIti,"['378a6c73f6dec1c6bc563fa8eda92c3e9ce61b893db7685686c41f33ab89931c', '9f630426df1d8abfd80ace98871ba833ab9742cb34838de2b5285ed54c0c7dcc', '3c35cc963eb004451323d3275d05b353235053490d9cd83729a2faf5e7ca1cc0']",[],1.0,0ffee3ba8e615ad22535e7f771690a28,ab41313cfec25328b20865eb1388e0a2,h2,,11727.478929,10.0.2.15,63988,172.217.23.230,443,tcp,1.711272999998982,524.0,4104.0,SF,True,False,0,ShADadFf,11,972,12,4588,ssl,0
11728.391461,CyL0F92hXtgO0j7a45,10.0.2.15,63997,216.58.201.98,443,TLSv12,TLS_ECDHE_RSA_WITH_AES_128_GCM_SHA256,x25519,googleads4.g.doubleclick.net,False,True,CsxknGIti,"['a32ffddd76f9e7debbfc9a37b38d2ef86039b30a10d7c45ab8223d149cf99699', '9f630426df1d8abfd80ace98871ba833ab9742cb34838de2b5285ed54c0c7dcc', '3c35cc963eb004451323d3275d05b353235053490d9cd83729a2faf5e7ca1cc0']",[],1.0,0ffee3ba8e615ad22535e7f771690a28,ab41313cfec25328b20865eb1388e0a2,h2,,11728.074304,10.0.2.15,63997,216.58.201.98,443,tcp,2.910372000000279,509.0,4085.0,SF,True,False,0,ShADadFf,12,997,13,4609,ssl,0
11728.393027,CU2cfN3tuSlp1GQMJ1,10.0.2.15,63996,172.217.23.230,443,TLSv12,TLS_ECDHE_RSA_WITH_AES_128_GCM_SHA256,x25519,s1.2mdn.net,False,True,CsxknGIti,"['378a6c73f6dec1c6bc563fa8eda92c3e9ce61b893db7685686c41f33ab89931c', '9f630426df1d8abfd80ace98871ba833ab9742cb34838de2b5285ed54c0c7dcc', '3c35cc963eb004451323d3275d05b353235053490d9cd83729a2faf5e7ca1cc0']",[],1.0,0ffee3ba8e615ad22535e7f771690a28,ab41313cfec25328b20865eb1388e0a2,h2,,11728.073439,10.0.2.15,63996,172.217.23.230,443,tcp,1.586011999999755,524.0,4104.0,SF,True,False,0,ShADadFfRr,12,1012,13,4628,ssl,0
11728.397843,CGbtzie4t9gSE7X9e,10.0.2.15,64001,104.244.43.16,443,TLSv12,TLS_ECDHE_RSA_WITH_AES_128_GCM_SHA256,secp256r1,static.ads-twitter.com,False,True,CsxuknGIti,"['57c868a580b1e1d5c88d4b5ac225b028e8774ddb7c0e68e7729c4df4ffc17086', '19400be5b7a31fb733917700789d2f0a2471c0c9d506c0e504c06c16d7cb17c0']",[],1.0,0ffee3ba8e615ad22535e7f771690a28,76cc3e2d3028143b23ec18e27dbd7ca9,http/1.1,,11728.082118,10.0.2.15,64001,104.244.43.16,443,tcp,14.05460899999889,766.0,4707.0,SF,True,False,0,ShADadTfF,12,1255,14,5271,ssl,0
11733.461521,CH0Lll430DsaHlLQz1,10.0.2.15,64020,64.147.131.92,443,TLSv12,TLS_ECDHE_RSA_WITH_AES_256_CBC_SHA,secp256r1,media.deseretdigital.com,False,True,CsxknGIi,"['985e2b8c2a9c9353a6fbccdd519b83639dbf73cecf8a0b6a5b6363125f3a844a', '973a41276ffd01e027a2aad49e34c37846d3e976ff6a620b6712e33832041aa6', '3a2fbe92891e57fe05d57087f48e730f17e5a5f53ef403d618e5b74d7a7e6ecb', 'c3846bf24b9e93ca64274c0ec67c1ecc5e024ffcacd2d74019350e81fe546ae4']",[],1.0,0ffee3ba8e615ad22535e7f771690a28,b9042fde45bf48ec3b06e09efdd4b7b0,,,11732.951071,10.0.2.15,64020,64.147.131.92,443,tcp,9.757510000001275,841.0,8859.0,SF,True,False,0,ShADadfF,13,1369,17,9543,ssl,0
11733.470496,CdrOpg1BAQImjMPSEb,10.0.2.15,64019,64.147.131.92,443,TLSv12,TLS_ECDHE_RSA_WITH_AES_256_CBC_SHA,secp256r1,media.deseretdigital.com,False,True,CsxknGIi,"['985e2b8c2a9c9353a6fbccdd519b83639dbf73cecf8a0b6a5b6363125f3a844a', '973a41276ffd01e027a2aad49e34c37846d3e976ff6a620b6712e33832041aa6', '3a2fbe92891e57fe05d57087f48e730f17e5a5f53ef403d618e5b74d7a7e6ecb', 'c3846bf24b9e93ca64274c0ec67c1ecc5e024ffcacd2d74019350e81fe546ae4']",[],1.0,0ffee3ba8e615ad22535e7f771690a28,b9042fde45bf48ec3b06e09efdd4b7b0,,,11732.945678,10.0.2.15,64019,64.147.131.92,443,tcp,12.21665799999937,841.0,10128.0,SF,True,False,0,ShADadfF,17,1529,22,11012,ssl,0
11733.474989,C6nrAC1Xbm4uvMz2j7,10.0.2.15,64018,64.147.131.92,443,TLSv12,TLS_ECDHE_RSA_WITH_AES_256_CBC_SHA,secp256r1,media.deseretdigital.com,False,True,CsxknGIi,"['985e2b8c2a9c9353a6fbccdd519b83639dbf73cecf8a0b6a5b6363125f3a844a', '973a41276ffd01e027a2aad49e34c37846d3e976ff6a620b6712e33832041aa6', '3a2fbe92891e57fe05d57087f48e730f17e5a5f53ef403d618e5b74d7a7e6ecb', 'c3846bf24b9e93ca64274c0ec67c1ecc5e024ffcacd2d74019350e81fe546ae4']",[],1.0,0ffee3ba8e615ad22535e7f771690a28,b9042fde45bf48ec3b06e09efdd4b7b0,,,11732.943173,10.0.2.15,64018,64.147.131.92,443,tcp,14.98205600000074,841.0,11248.0,SF,True,False,0,ShADadfF,15,1449,19,12012,ssl,0
11733.480513,C5vI6L1PeejVQdxRC3,10.0.2.15,64017,64.147.131.92,443,TLSv12,TLS_ECDHE_RSA_WITH_AES_256_CBC_SHA,secp256r1,media.deseretdigital.com,False,True,CsxknGIi,"['985e2b8c2a9c9353a6fbccdd519b83639dbf73cecf8a0b6a5b6363125f3a844a', '973a41276ffd01e027a2aad49e34c37846d3e976ff6a620b6712e33832041aa6', '3a2fbe92891e57fe05d57087f48e730f17e5a5f53ef403d618e5b74d7a7e6ecb', 'c3846bf24b9e93ca64274c0ec67c1ecc5e024ffcacd2d74019350e81fe546ae4']",[],1.0,0ffee3ba8e615ad22535e7f771690a28,b9042fde45bf48ec3b06e09efdd4b7b0,,,11732.939987,10.0.2.15,64017,64.147.131.92,443,tcp,9.769513000001098,841.0,11600.0,SF,True,False,0,ShADadfF,15,1449,21,12444,ssl,0
11736.567154,CI4gdQ114IZWcIXMY,10.0.2.15,64039,64.147.131.92,443,TLSv12,TLS_ECDHE_RSA_WITH_AES_256_CBC_SHA,,media.deseretdigital.com,True,True,CsiI,,,,0ffee3ba8e615ad22535e7f771690a28,b9042fde45bf48ec3b06e09efdd4b7b0,,,11736.256656,10.0.2.15,64039,64.147.131.92,443,tcp,12.2792129999998,766.0,15929.0,SF,True,False,0,ShADadfF,17,1454,25,16933,ssl,0
11736.569557,Cny1xs3q6Hhl6BpKze,10.0.2.15,64038,64.147.131.92,443,TLSv12,TLS_ECDHE_RSA_WITH_AES_256_CBC_SHA,,media.deseretdigital.com,True,True,CsiI,,,,0ffee3ba8e615ad22535e7f771690a28,b9042fde45bf48ec3b06e09efdd4b7b0,,,11736.256101,10.0.2.15,64038,64.147.131.92,443,tcp,12.412462999998752,798.0,6319.0,SF,True,False,0,ShADadfF,13,1326,15,6923,ssl,0
11737.572412,CVmuCs4pfObPidkhmg,10.0.2.15,64047,199.16.156.41,443,TLSv12,TLS_ECDHE_RSA_WITH_AES_128_GCM_SHA256,,analytics.twitter.com,True,True,CsiI,,,,1a5fe5677b0e4fbbc854e8908225637d,7bee5c1d424b7e5f943b06983bb11422,h2,,11736.563722,10.0.2.15,64047,199.16.156.41,443,tcp,356.9135809999989,1836.0,1782.0,SF,True,False,0,ShADadFfRr,26,2884,30,2986,ssl,0
11738.280679,C7yL2o4GBNR9eVOLeg,10.0.2.15,64021,64.147.131.92,443,TLSv12,TLS_ECDHE_RSA_WITH_AES_256_CBC_SHA,,media.deseretdigital.com,True,True,CsiI,,,,0ffee3ba8e615ad22535e7f771690a28,b9042fde45bf48ec3b06e09efdd4b7b0,,,11734.660105,10.0.2.15,64021,64.147.131.92,443,tcp,10.65873399999873,361.0,171.0,SF,True,False,0,ShADadfF,8,697,7,455,ssl,0
11738.395254,CDgrov1HbOeomTHeY9,10.0.2.15,64022,64.147.131.92,443,TLSv12,TLS_ECDHE_RSA_WITH_AES_256_CBC_SHA,,media.deseretdigital.com,True,True,CsiI,,,,0ffee3ba8e615ad22535e7f771690a28,b9042fde45bf48ec3b06e09efdd4b7b0,,,11734.660667,10.0.2.15,64022,64.147.131.92,443,tcp,14.198443999999654,361.0,171.0,SF,True,False,0,ShADadfF,9,737,7,455,ssl,0
11752.016439,CdBVED2gtDbO3vI5H1,10.0.2.15,64060,95.172.94.59,443,TLSv12,TLS_ECDHE_RSA_WITH_AES_128_GCM_SHA256,secp256r1,pixel.quantserve.com,False,True,CsxknGIti,"['7d39ee69bdac843654f44bb3164a243b3e8c527019b6225992e5d36771f19e8f', '19400be5b7a31fb733917700789d2f0a2471c0c9d506c0e504c06c16d7cb17c0']",[],1.0,0ffee3ba8e615ad22535e7f771690a28,ccc514751b175866924439bdbb5bba34,,,11751.642949,10.0.2.15,64060,95.172.94.59,443,tcp,17.15134500000022,988.0,3637.0,SF,True,False,0,ShADadfF,11,1436,13,4161,ssl,0
11752.862953,C31c44C1ysyVDX7tc,10.0.2.15,64055,95.172.94.59,443,TLSv12,TLS_ECDHE_RSA_WITH_AES_128_GCM_SHA256,secp256r1,pixel.quantserve.com,False,True,CsxknGIti,"['7d39ee69bdac843654f44bb3164a243b3e8c527019b6225992e5d36771f19e8f', '19400be5b7a31fb733917700789d2f0a2471c0c9d506c0e504c06c16d7cb17c0']",[],1.0,0ffee3ba8e615ad22535e7f771690a28,ccc514751b175866924439bdbb5bba34,,,11751.640019,10.0.2.15,64055,95.172.94.59,443,tcp,17.708747999999105,988.0,3637.0,SF,True,False,0,ShADadfF,11,1436,13,4161,ssl,0
11752.865062,CopPdA28hMGnc27Yeb,10.0.2.15,64054,95.172.94.59,443,TLSv12,TLS_ECDHE_RSA_WITH_AES_128_GCM_SHA256,secp256r1,pixel.quantserve.com,False,True,CsxknGIti,"['7d39ee69bdac843654f44bb3164a243b3e8c527019b6225992e5d36771f19e8f', '19400be5b7a31fb733917700789d2f0a2471c0c9d506c0e504c06c16d7cb17c0']",[],1.0,0ffee3ba8e615ad22535e7f771690a28,ccc514751b175866924439bdbb5bba34,,,11751.639385,10.0.2.15,64054,95.172.94.59,443,tcp,16.39320399999997,323.0,3323.0,SF,True,False,0,ShADadTfF,10,732,12,3807,ssl,0
11752.866008,CIa0maDCaw6wQ1aO1,10.0.2.15,64053,94.31.29.64,443,TLSv12,TLS_ECDHE_RSA_WITH_AES_128_GCM_SHA256,secp256r1,vars.hotjar.com,False,True,CsxknGIti,"['87cc3355bb40b2a7f5b8082522c42478d0405f3193cd54900cd2a7da8bc828f7', 'b9f2164323638dce0b92218b43c41c1b2b2696389329db19f5cf7ad49b5cb372', '1a5174980a294a528a110726d5855650266c48d9883bea692b67b6d726da98c5']",[],1.0,0ffee3ba8e615ad22535e7f771690a28,b898351eb5e266aefd3723d466935494,h2,,11751.638499,10.0.2.15,64053,94.31.29.64,443,tcp,77.84933399999863,597.0,5084.0,SF,True,False,0,ShADadfF,13,1125,18,5808,ssl,0
11752.866742,Ce4nQE3MXzrtZyXc8l,10.0.2.15,64052,23.111.9.32,443,TLSv12,TLS_ECDHE_RSA_WITH_AES_128_GCM_SHA256,secp256r1,script.hotjar.com,False,True,CsxknGIti,"['87cc3355bb40b2a7f5b8082522c42478d0405f3193cd54900cd2a7da8bc828f7', 'b9f2164323638dce0b92218b43c41c1b2b2696389329db19f5cf7ad49b5cb372', '1a5174980a294a528a110726d5855650266c48d9883bea692b67b6d726da98c5']",[],1.0,0ffee3ba8e615ad22535e7f771690a28,b898351eb5e266aefd3723d466935494,h2,,11751.6378,10.0.2.15,64052,23.111.9.32,443,tcp,204.52969999999917,722.0,5099.0,SF,True,False,0,ShADadFf,18,1450,22,5983,ssl,0
11754.931773,CaykPr2ZOKOGNepdsj,10.0.2.15,64069,52.202.216.67,443,TLSv12,TLS_ECDHE_RSA_WITH_AES_128_GCM_SHA256,secp256r1,bidagent.xad.com,False,True,CsxknGIi,"['966460213ac42384004760edc6efc20d4e38035976b217d821b5c0e060500728', '154c433c491929c5ef686e838e323664a00e6a0d822ccc958fb4dab03e49a08f']",[],1.0,0ffee3ba8e615ad22535e7f771690a28,303951d4c50efb2e991652225a6f02b1,,,11754.215155,10.0.2.15,64069,52.202.216.67,443,tcp,11.752513999999792,813.0,3548.0,RSTO,True,False,0,ShADadFR,11,1261,12,4032,ssl,0
11759.132487,CCAPf83WLBEutj1Z87,10.0.2.15,64071,104.244.43.16,443,TLSv12,TLS_ECDHE_RSA_WITH_AES_128_GCM_SHA256,,static.ads-twitter.com,True,True,CsiI,,,,1a5fe5677b0e4fbbc854e8908225637d,d199ba0af2b08e204c73d6d81a1fd260,http/1.1,,11758.588847,10.0.2.15,64071,104.244.43.16,443,tcp,11.076500999999553,980.0,618.0,SF,True,False,0,ShADadTfF,9,1349,10,1022,ssl,0
11778.800041,C7WsW04Or7JLvg3Xq6,10.0.2.15,56533,54.77.116.233,443,TLSv12,TLS_ECDHE_RSA_WITH_AES_128_GCM_SHA256,secp256r1,ml314.com,False,True,CsxknGIi,"['350428d86863ba92425e23f0c8836ec422cc4b56220a31ec2255d8f6e9f2c779', '02ab57e4e67a0cb48dd2ff34830e8ac40f4476fb08ca6be3f5cd846f646840f0', '4f32d5dc00f715250abcc486511e37f501a899deb3bf7ea8adbbd3aef1c412da', '687fa451382278fff0c8b11f8d43d576671c6eb2bceab413fb83d965d06d2ff2']",[],1.0,0ffee3ba8e615ad22535e7f771690a28,303951d4c50efb2e991652225a6f02b1,,,11778.427862,10.0.2.15,56533,54.77.116.233,443,tcp,70.03022799999962,1366.0,7623.0,SF,True,False,0,ShADadTFf,19,2140,22,8507,ssl,0
11778.834661,CNmxG72ALwSSFLYrid,10.0.2.15,56524,172.217.23.243,443,TLSv12,TLS_ECDHE_RSA_WITH_AES_128_GCM_SHA256,x25519,us-central1-ddm-dbi.cloudfunctions.net,False,True,CsxknGIi,"['ce2c5e491ef7a2f11abe156753b23107b3eaba985f5f023cc37607219b9e239e', '9f630426df1d8abfd80ace98871ba833ab9742cb34838de2b5285ed54c0c7dcc']",[],1.0,0ffee3ba8e615ad22535e7f771690a28,67619a80665d7ab92d1041b1d11f9164,h2,,11778.387152,10.0.2.15,56524,172.217.23.243,443,tcp,315.263003,2916.0,3825.0,SF,True,False,0,ShADadFf,28,4044,30,5029,ssl,0
11778.789293,CTNUur41ZGl2Gkjt8k,10.0.2.15,56523,199.104.95.15,443,TLSv12,TLS_ECDHE_RSA_WITH_AES_256_CBC_SHA,secp256r1,www.deseretnews.com,False,True,CsxknGIi,"['b3164d2a3082838b0c21d9db92b8fd663a4d16db640c312c7decfea34c59104f', '973a41276ffd01e027a2aad49e34c37846d3e976ff6a620b6712e33832041aa6', '3a2fbe92891e57fe05d57087f48e730f17e5a5f53ef403d618e5b74d7a7e6ecb', 'c3846bf24b9e93ca64274c0ec67c1ecc5e024ffcacd2d74019350e81fe546ae4']",[],1.0,0ffee3ba8e615ad22535e7f771690a28,b9042fde45bf48ec3b06e09efdd4b7b0,,,11778.382681,10.0.2.15,56523,199.104.95.15,443,tcp,9.888733000001594,1300.0,20817.0,SF,True,False,0,ShADadfF,17,1988,27,21901,ssl,0
11781.092557,CfTOVY3F97NhRMg8k1,10.0.2.15,56539,23.21.45.59,443,TLSv12,TLS_ECDHE_RSA_WITH_AES_128_GCM_SHA256,secp256r1,usermatch.krxd.net,False,True,CsxknGIi,"['801848f55bb97f055d1e2f3f6c8094cf12d7b6285a7ed7c20bf39440c6cb5f8e', '973a41276ffd01e027a2aad49e34c37846d3e976ff6a620b6712e33832041aa6', '3a2fbe92891e57fe05d57087f48e730f17e5a5f53ef403d618e5b74d7a7e6ecb', 'c3846bf24b9e93ca64274c0ec67c1ecc5e024ffcacd2d74019350e81fe546ae4']",[],1.0,0ffee3ba8e615ad22535e7f771690a28,303951d4c50efb2e991652225a6f02b1,,,11780.790976,10.0.2.15,56539,23.21.45.59,443,tcp,66.12632499999927,725.0,5663.0,SF,True,False,0,ShADadTFf,16,1378,19,6427,ssl,0
11788.672141,CVANPy9H8aJDDokE6,10.0.2.15,56552,54.77.116.233,443,TLSv12,TLS_ECDHE_RSA_WITH_AES_128_GCM_SHA256,,ml314.com,True,True,CsiI,,,,0ffee3ba8e615ad22535e7f771690a28,303951d4c50efb2e991652225a6f02b1,,,11787.733929,10.0.2.15,56552,54.77.116.233,443,tcp,10.14574200000061,300.0,176.0,SF,True,False,0,ShADadFfRr,9,668,9,540,ssl,0
11788.754611,ChLNhK2XdRL94Q65l,10.0.2.15,56547,151.101.112.175,443,TLSv12,TLS_ECDHE_RSA_WITH_AES_128_GCM_SHA256,secp256r1,cdn.krxd.net,False,True,CsxuknGIti,"['08db83c9326d7da362a1d5b13d2c2eb3f30a9c28c65a16e8f0f5cbdfc0a6dc6d', '4b7334e1d8999822bafa8ff6888125389b18a4e5ab26ffa624c7f68fdc81f0cb']",[],1.0,0ffee3ba8e615ad22535e7f771690a28,860fcf58fd757e26aa8911e5eaff6b53,http/1.1,,11787.729807,10.0.2.15,56547,151.101.112.175,443,tcp,7.804271000000881,1307.0,9574.0,SF,True,False,0,ShADadFRfr,16,1955,22,10458,ssl,0
11789.197803,CEP6Ka3dswrSVwmWc3,10.0.2.15,56564,54.192.93.75,443,TLSv12,TLS_ECDHE_RSA_WITH_AES_128_GCM_SHA256,secp256r1,assets.ellentube.com,False,True,CsxuknGIti,"['f69ff9d4cc0df31213a4c4665660299a6d4dad810af425abfb544598c51b9ddc', 'f55f9ffcb83c73453261601c7e044db15a0f034b93c05830f28635ef889cf670', '87dcd4dc74640a322cd205552506d1be64f12596258096544986b4850bc72706', '28689b30e4c306aab53b027b29e36ad6dd1dcf4b953994482ca84bdc1ecac996']",[],1.0,0ffee3ba8e615ad22535e7f771690a28,76cc3e2d3028143b23ec18e27dbd7ca9,h2,,11788.326647,10.0.2.15,56564,54.192.93.75,443,tcp,44.08792499999981,5456.0,3176087.0,SF,True,False,0,ShADadWtFf,352,19544,2355,3273131,ssl,0
11789.206557,C1FD8G4ePaQUnTFr3d,10.0.2.15,56563,54.192.93.75,443,TLSv12,TLS_ECDHE_RSA_WITH_AES_128_GCM_SHA256,secp256r1,assets.ellentube.com,False,True,CsxuknGIti,"['f69ff9d4cc0df31213a4c4665660299a6d4dad810af425abfb544598c51b9ddc', 'f55f9ffcb83c73453261601c7e044db15a0f034b93c05830f28635ef889cf670', '87dcd4dc74640a322cd205552506d1be64f12596258096544986b4850bc72706', '28689b30e4c306aab53b027b29e36ad6dd1dcf4b953994482ca84bdc1ecac996']",[],1.0,0ffee3ba8e615ad22535e7f771690a28,76cc3e2d3028143b23ec18e27dbd7ca9,h2,,11788.325717,10.0.2.15,56563,54.192.93.75,443,tcp,5.431472000000213,840.0,65532.0,SF,True,False,0,ShADadFf,36,2288,77,68616,ssl,0
11789.218083,CYI7cU2BLIw0w8RkIk,10.0.2.15,56556,54.192.93.75,443,TLSv12,TLS_ECDHE_RSA_WITH_AES_128_GCM_SHA256,secp256r1,assets.ellentube.com,False,True,CsxuknGIti,"['f69ff9d4cc0df31213a4c4665660299a6d4dad810af425abfb544598c51b9ddc', 'f55f9ffcb83c73453261601c7e044db15a0f034b93c05830f28635ef889cf670', '87dcd4dc74640a322cd205552506d1be64f12596258096544986b4850bc72706', '28689b30e4c306aab53b027b29e36ad6dd1dcf4b953994482ca84bdc1ecac996']",[],1.0,0ffee3ba8e615ad22535e7f771690a28,76cc3e2d3028143b23ec18e27dbd7ca9,h2,,11788.295568,10.0.2.15,56556,54.192.93.75,443,tcp,6.027638999999908,852.0,42106.0,SF,True,False,0,ShADadFf,26,1900,50,44110,ssl,0
11790.068374,CiblO73pi6NQnW6Z7k,10.0.2.15,56573,95.101.252.144,443,TLSv12,TLS_ECDHE_RSA_WITH_AES_256_GCM_SHA384,,px.moatads.com,True,True,CsiI,,,,1a5fe5677b0e4fbbc854e8908225637d,410b9bedaf65dd26c6fe547154d60db4,http/1.1,,11789.799594,10.0.2.15,56573,95.101.252.144,443,tcp,4.800194999999803,4417.0,1059.0,SF,True,False,0,ShADadFfRr,14,4985,15,1663,ssl,0
11790.065657,CPZTTHOBmI43HcZTa,10.0.2.15,56566,151.101.112.249,443,TLSv12,TLS_ECDHE_RSA_WITH_AES_128_GCM_SHA256,secp256r1,static.chartbeat.com,False,True,CsxuknGIti,"['ca5c57bee6ab21c055dcdbe8ad25feef6d1764a92e2aaaadb5d55fb667c3f8ac', '19400be5b7a31fb733917700789d2f0a2471c0c9d506c0e504c06c16d7cb17c0']",[],1.0,0ffee3ba8e615ad22535e7f771690a28,860fcf58fd757e26aa8911e5eaff6b53,http/1.1,,11789.793652,10.0.2.15,56566,151.101.112.249,443,tcp,129.23295399999915,724.0,12137.0,SF,True,False,0,ShADadTTFfRr,26,1784,33,13461,ssl,0
11790.361669,CWRbDR3cKDFpfMC428,10.0.2.15,56568,199.104.95.15,443,TLSv12,TLS_ECDHE_RSA_WITH_AES_256_CBC_SHA,,www.deseretnews.com,True,True,CsiI,,,,0ffee3ba8e615ad22535e7f771690a28,b9042fde45bf48ec3b06e09efdd4b7b0,,,11789.795413,10.0.2.15,56568,199.104.95.15,443,tcp,5.705810999999812,1305.0,106071.0,SF,True,False,0,ShADadfF,40,2913,108,110395,ssl,0
11790.364163,Cd1SJu1aPBeF7AARZ5,10.0.2.15,56567,199.104.95.15,443,TLSv12,TLS_ECDHE_RSA_WITH_AES_256_CBC_SHA,,www.deseretnews.com,True,True,CsiI,,,,0ffee3ba8e615ad22535e7f771690a28,b9042fde45bf48ec3b06e09efdd4b7b0,,,11789.794493,10.0.2.15,56567,199.104.95.15,443,tcp,4.901276000000507,1273.0,10964.0,SF,True,False,0,ShADadfF,13,1801,20,11768,ssl,0
11790.329306,C5LUrw2OMu1z5ceYsi,10.0.2.15,56572,199.104.95.15,443,TLSv12,TLS_ECDHE_RSA_WITH_AES_256_CBC_SHA,,www.deseretnews.com,True,True,CsiI,,,,0ffee3ba8e615ad22535e7f771690a28,b9042fde45bf48ec3b06e09efdd4b7b0,,,11789.798606,10.0.2.15,56572,199.104.95.15,443,tcp,5.543249000000287,1305.0,62536.0,SF,True,False,0,ShADadfF,31,2553,67,65220,ssl,0
11790.339437,CN7lIu1ZsoXNvyP8cd,10.0.2.15,56571,199.104.95.15,443,TLSv12,TLS_ECDHE_RSA_WITH_AES_256_CBC_SHA,,www.deseretnews.com,True,True,CsiI,,,,0ffee3ba8e615ad22535e7f771690a28,b9042fde45bf48ec3b06e09efdd4b7b0,,,11789.797485,10.0.2.15,56571,199.104.95.15,443,tcp,5.211294000000635,1257.0,7860.0,SF,True,False,0,ShADadfF,12,1745,17,8544,ssl,0
11790.347117,CmZpoK2s6ZaLLLLTD6,10.0.2.15,56570,199.104.95.15,443,TLSv12,TLS_ECDHE_RSA_WITH_AES_256_CBC_SHA,,www.deseretnews.com,True,True,CsiI,,,,0ffee3ba8e615ad22535e7f771690a28,b9042fde45bf48ec3b06e09efdd4b7b0,,,11789.796704,10.0.2.15,56570,199.104.95.15,443,tcp,5.398846000000049,1321.0,33592.0,SF,True,False,0,ShADadfF,20,2129,39,35156,ssl,0
11790.353882,CF51D139TOhkD6R9m,10.0.2.15,56569,199.104.95.15,443,TLSv12,TLS_ECDHE_RSA_WITH_AES_256_CBC_SHA,,www.deseretnews.com,True,True,CsiI,,,,0ffee3ba8e615ad22535e7f771690a28,b9042fde45bf48ec3b06e09efdd4b7b0,,,11789.79591,10.0.2.15,56569,199.104.95.15,443,tcp,5.095365999999558,1321.0,6852.0,SF,True,False,0,ShADadfF,12,1809,16,7496,ssl,0
11807.42483,Czq9kj3SFsoSMpJv81,10.0.2.15,56575,54.192.93.18,443,TLSv12,TLS_ECDHE_RSA_WITH_AES_128_GCM_SHA256,secp256r1,media.ellentube.com,False,True,CsxuknGIti,"['f69ff9d4cc0df31213a4c4665660299a6d4dad810af425abfb544598c51b9ddc', 'f55f9ffcb83c73453261601c7e044db15a0f034b93c05830f28635ef889cf670', '87dcd4dc74640a322cd205552506d1be64f12596258096544986b4850bc72706', '28689b30e4c306aab53b027b29e36ad6dd1dcf4b953994482ca84bdc1ecac996']",[],1.0,0ffee3ba8e615ad22535e7f771690a28,76cc3e2d3028143b23ec18e27dbd7ca9,h2,,11798.135621,10.0.2.15,56575,54.192.93.18,443,tcp,14.98629500000061,533.0,6021.0,SF,True,False,0,ShADadFf,12,1021,15,6625,ssl,0
11807.426661,CIX8ew3LaCoSfgtHZ4,10.0.2.15,56579,54.192.93.18,443,TLSv12,TLS_ECDHE_RSA_WITH_AES_128_GCM_SHA256,secp256r1,media.ellentube.com,False,True,CsxuknGIti,"['f69ff9d4cc0df31213a4c4665660299a6d4dad810af425abfb544598c51b9ddc', 'f55f9ffcb83c73453261601c7e044db15a0f034b93c05830f28635ef889cf670', '87dcd4dc74640a322cd205552506d1be64f12596258096544986b4850bc72706', '28689b30e4c306aab53b027b29e36ad6dd1dcf4b953994482ca84bdc1ecac996']",[],1.0,0ffee3ba8e615ad22535e7f771690a28,76cc3e2d3028143b23ec18e27dbd7ca9,h2,,11798.138583,10.0.2.15,56579,54.192.93.18,443,tcp,14.983306000000084,533.0,6021.0,SF,True,False,0,ShADadFf,12,1021,14,6585,ssl,0
11807.428337,Cf2SCn37TwoOKNtVKl,10.0.2.15,56578,54.192.93.18,443,TLSv12,TLS_ECDHE_RSA_WITH_AES_128_GCM_SHA256,secp256r1,media.ellentube.com,False,True,CsxuknGIti,"['f69ff9d4cc0df31213a4c4665660299a6d4dad810af425abfb544598c51b9ddc', 'f55f9ffcb83c73453261601c7e044db15a0f034b93c05830f28635ef889cf670', '87dcd4dc74640a322cd205552506d1be64f12596258096544986b4850bc72706', '28689b30e4c306aab53b027b29e36ad6dd1dcf4b953994482ca84bdc1ecac996']",[],1.0,0ffee3ba8e615ad22535e7f771690a28,76cc3e2d3028143b23ec18e27dbd7ca9,h2,,11798.137681,10.0.2.15,56578,54.192.93.18,443,tcp,14.980604000000312,533.0,6021.0,SF,True,False,0,ShADadFf,12,1021,13,6545,ssl,0
11807.431651,Cr6cMtj6M4B0tDe77,10.0.2.15,56577,54.192.93.18,443,TLSv12,TLS_ECDHE_RSA_WITH_AES_128_GCM_SHA256,secp256r1,media.ellentube.com,False,True,CsxuknGIti,"['f69ff9d4cc0df31213a4c4665660299a6d4dad810af425abfb544598c51b9ddc', 'f55f9ffcb83c73453261601c7e044db15a0f034b93c05830f28635ef889cf670', '87dcd4dc74640a322cd205552506d1be64f12596258096544986b4850bc72706', '28689b30e4c306aab53b027b29e36ad6dd1dcf4b953994482ca84bdc1ecac996']",[],1.0,0ffee3ba8e615ad22535e7f771690a28,76cc3e2d3028143b23ec18e27dbd7ca9,h2,,11798.137195,10.0.2.15,56577,54.192.93.18,443,tcp,14.972741000001406,533.0,6021.0,SF,True,False,0,ShADadFf,12,1021,14,6585,ssl,0
11807.435304,CmUzH64xTfwSybNwYj,10.0.2.15,56581,199.104.95.15,443,TLSv12,TLS_ECDHE_RSA_WITH_AES_256_CBC_SHA,,www.deseretnews.com,True,True,CsiI,,,,0ffee3ba8e615ad22535e7f771690a28,b9042fde45bf48ec3b06e09efdd4b7b0,,,11801.828795,10.0.2.15,56581,199.104.95.15,443,tcp,16.02042900000015,1273.0,848.0,SF,True,False,0,ShADadfF,10,1681,9,1212,ssl,0
11807.436729,CPS5Rq3EeX7R9FS25c,10.0.2.15,56589,199.104.95.15,443,TLSv12,TLS_ECDHE_RSA_WITH_AES_256_CBC_SHA,,www.deseretnews.com,True,True,CsiI,,,,0ffee3ba8e615ad22535e7f771690a28,b9042fde45bf48ec3b06e09efdd4b7b0,,,11802.021045,10.0.2.15,56589,199.104.95.15,443,tcp,15.995124000000942,1241.0,1152.0,SF,True,False,0,ShADadfF,10,1649,9,1516,ssl,0
11807.437811,CfufjT3qw4pfXRugj8,10.0.2.15,56574,95.101.252.144,443,TLSv12,TLS_ECDHE_RSA_WITH_AES_256_GCM_SHA384,,px.moatads.com,True,True,CsiI,,,,1a5fe5677b0e4fbbc854e8908225637d,410b9bedaf65dd26c6fe547154d60db4,http/1.1,,11798.105699,10.0.2.15,56574,95.101.252.144,443,tcp,17.81121600000006,599.0,183.0,SF,True,False,0,ShADadFfRr,9,967,9,547,ssl,0
11807.439165,CxIml16pW1UNFGPa5,10.0.2.15,56588,199.104.95.15,443,TLSv12,TLS_ECDHE_RSA_WITH_AES_256_CBC_SHA,,www.deseretnews.com,True,True,CsiI,,,,0ffee3ba8e615ad22535e7f771690a28,b9042fde45bf48ec3b06e09efdd4b7b0,,,11802.020466,10.0.2.15,56588,199.104.95.15,443,tcp,15.993491999999604,1257.0,1424.0,SF,True,False,0,ShADadfF,10,1665,9,1788,ssl,0
11807.441351,C1K57c2JPsKPOwo1ka,10.0.2.15,56587,199.104.95.15,443,TLSv12,TLS_ECDHE_RSA_WITH_AES_256_CBC_SHA,,www.deseretnews.com,True,True,CsiI,,,,0ffee3ba8e615ad22535e7f771690a28,b9042fde45bf48ec3b06e09efdd4b7b0,,,11802.019532,10.0.2.15,56587,199.104.95.15,443,tcp,16.279602000000523,1257.0,1056.0,SF,True,False,0,ShADadfF,10,1665,9,1420,ssl,0
11807.434231,CQ2yrK6LIyAhTrSPd,10.0.2.15,56576,54.192.93.18,443,TLSv12,TLS_ECDHE_RSA_WITH_AES_128_GCM_SHA256,secp256r1,media.ellentube.com,False,True,CsxuknGIti,"['f69ff9d4cc0df31213a4c4665660299a6d4dad810af425abfb544598c51b9ddc', 'f55f9ffcb83c73453261601c7e044db15a0f034b93c05830f28635ef889cf670', '87dcd4dc74640a322cd205552506d1be64f12596258096544986b4850bc72706', '28689b30e4c306aab53b027b29e36ad6dd1dcf4b953994482ca84bdc1ecac996']",[],1.0,0ffee3ba8e615ad22535e7f771690a28,76cc3e2d3028143b23ec18e27dbd7ca9,h2,,11798.136628,10.0.2.15,56576,54.192.93.18,443,tcp,14.97333400000025,533.0,6021.0,SF,True,False,0,ShADadFf,12,1021,13,6545,ssl,0
11807.442867,CPs6Mi3VCemmsdFPt3,10.0.2.15,56586,199.104.95.15,443,TLSv12,TLS_ECDHE_RSA_WITH_AES_256_CBC_SHA,,www.deseretnews.com,True,True,CsiI,,,,0ffee3ba8e615ad22535e7f771690a28,b9042fde45bf48ec3b06e09efdd4b7b0,,,11802.018717,10.0.2.15,56586,199.104.95.15,443,tcp,16.45692699999927,1257.0,9343.0,SF,True,False,0,ShADadfF,11,1705,15,9947,ssl,0
11807.443421,C6RjAq4dNwOhrSs0f2,10.0.2.15,56585,199.104.95.15,443,TLSv12,TLS_ECDHE_RSA_WITH_AES_256_CBC_SHA,,www.deseretnews.com,True,True,CsiI,,,,0ffee3ba8e615ad22535e7f771690a28,b9042fde45bf48ec3b06e09efdd4b7b0,,,11801.991618,10.0.2.15,56585,199.104.95.15,443,tcp,23.9557420000001,1257.0,656166.0,SF,True,False,0,ShADadtWfTF,128,6386,528,678710,ssl,0
11807.444446,CVomKF3fFhqczZz538,10.0.2.15,56584,172.217.23.232,443,TLSv12,TLS_ECDHE_RSA_WITH_AES_128_GCM_SHA256,x25519,www.googletagmanager.com,False,True,CsxknGIti,"['31ed45c3400fc5f9a84dfaa0a6f6171369876ed4e2da669ee7f8edbe3593bf6b', '9f630426df1d8abfd80ace98871ba833ab9742cb34838de2b5285ed54c0c7dcc', '3c35cc963eb004451323d3275d05b353235053490d9cd83729a2faf5e7ca1cc0']",[],1.0,0ffee3ba8e615ad22535e7f771690a28,ab41313cfec25328b20865eb1388e0a2,h2,,11801.990063,10.0.2.15,56584,172.217.23.232,443,tcp,274.8309040000004,1311.0,75444.0,SF,True,False,0,ShADadTFf,53,3440,96,79288,ssl,0
11807.447527,Crc1I33OmiIj0L6vg2,10.0.2.15,56583,94.31.29.254,443,TLSv12,TLS_ECDHE_RSA_WITH_AES_128_GCM_SHA256,secp256r1,static.hotjar.com,False,True,CsxknGIti,"['87cc3355bb40b2a7f5b8082522c42478d0405f3193cd54900cd2a7da8bc828f7', 'b9f2164323638dce0b92218b43c41c1b2b2696389329db19f5cf7ad49b5cb372', '1a5174980a294a528a110726d5855650266c48d9883bea692b67b6d726da98c5']",[],1.0,0ffee3ba8e615ad22535e7f771690a28,b898351eb5e266aefd3723d466935494,h2,,11801.988355,10.0.2.15,56583,94.31.29.254,443,tcp,167.16573400000016,974.0,8106.0,SF,True,False,0,ShADadTFfRr,22,1863,28,9230,ssl,0
11807.475352,CkKPRJ1sHE25CMg2M5,10.0.2.15,56592,23.74.190.175,443,TLSv12,TLS_RSA_WITH_AES_256_CBC_SHA,,scdn.cxense.com,True,True,CsiI,,,,1a5fe5677b0e4fbbc854e8908225637d,f4fb99c318cd91a4dfff259227ba977b,http/1.1,,11802.160817,10.0.2.15,56592,23.74.190.175,443,tcp,131.20096299999932,1114.0,858.0,SF,True,False,0,ShADadTTFfRr,23,2054,23,1782,ssl,0
11807.457826,CfHhtm2Cj3RBAhIC9b,10.0.2.15,56582,198.232.125.23,443,TLSv12,TLS_ECDHE_RSA_WITH_AES_128_GCM_SHA256,secp256r1,cdn.mouseflow.com,False,True,CsxknGIti,"['4897f05680935c24630994726660a99aeab1cf84cf8d5b30d9efa8b70f2fd50b', '02ab57e4e67a0cb48dd2ff34830e8ac40f4476fb08ca6be3f5cd846f646840f0', '4f32d5dc00f715250abcc486511e37f501a899deb3bf7ea8adbbd3aef1c412da', '687fa451382278fff0c8b11f8d43d576671c6eb2bceab413fb83d965d06d2ff2']",[],1.0,0ffee3ba8e615ad22535e7f771690a28,8d2a028aa94425f76ced7826b1f39039,http/1.1,,11801.98237,10.0.2.15,56582,198.232.125.23,443,tcp,22.89311699999962,684.0,40818.0,SF,True,False,0,ShADadfF,17,1372,44,42582,ssl,0
11807.503161,CTFZcF1Bh2PmzH00D,10.0.2.15,56590,95.172.94.41,443,TLSv12,TLS_ECDHE_RSA_WITH_AES_128_GCM_SHA256,secp256r1,pixel.quantserve.com,False,True,CsxknGIti,"['7d39ee69bdac843654f44bb3164a243b3e8c527019b6225992e5d36771f19e8f', '19400be5b7a31fb733917700789d2f0a2471c0c9d506c0e504c06c16d7cb17c0']",[],1.0,0ffee3ba8e615ad22535e7f771690a28,ccc514751b175866924439bdbb5bba34,,,11802.159254,10.0.2.15,56590,95.172.94.41,443,tcp,29.812981999999465,1345.0,3323.0,SF,True,False,0,ShADadTfF,12,1835,13,3847,ssl,0
11807.556836,Cs0Pyp25XGjSD70RF9,10.0.2.15,56595,54.192.93.75,443,TLSv12,TLS_ECDHE_RSA_WITH_AES_128_GCM_SHA256,secp256r1,assets.ellentube.com,False,True,CsxuknGIti,"['f69ff9d4cc0df31213a4c4665660299a6d4dad810af425abfb544598c51b9ddc', 'f55f9ffcb83c73453261601c7e044db15a0f034b93c05830f28635ef889cf670', '87dcd4dc74640a322cd205552506d1be64f12596258096544986b4850bc72706', '28689b30e4c306aab53b027b29e36ad6dd1dcf4b953994482ca84bdc1ecac996']",[],1.0,0ffee3ba8e615ad22535e7f771690a28,76cc3e2d3028143b23ec18e27dbd7ca9,h2,,11805.804455,10.0.2.15,56595,54.192.93.75,443,tcp,201.69998900000064,1086.0,23198.0,SF,True,False,0,ShADadFf,26,2134,39,24762,ssl,0
11807.487709,CSFHiF4ZOdlZsh1QUl,10.0.2.15,56591,157.240.3.35,443,TLSv12,TLS_ECDHE_ECDSA_WITH_AES_128_GCM_SHA256,secp256r1,www.facebook.com,False,True,CsxknGIti,"['152151b387412a95ab90fd4664f2d98880408e9e43913124e4c91226a483386b', '19400be5b7a31fb733917700789d2f0a2471c0c9d506c0e504c06c16d7cb17c0']",[],1.0,0ffee3ba8e615ad22535e7f771690a28,2d1eb5817ece335c24904f516ad5da12,h2,,11802.160047,10.0.2.15,56591,157.240.3.35,443,tcp,29.471317000001363,1379.0,5325.0,SF,True,False,0,ShADadTfF,18,2108,22,6209,ssl,0
11807.56996,ChJ2Sj4jSGwEDWHg8a,10.0.2.15,56580,54.192.93.18,443,TLSv12,TLS_ECDHE_RSA_WITH_AES_128_GCM_SHA256,secp256r1,media.ellentube.com,False,True,CsxuknGIti,"['f69ff9d4cc0df31213a4c4665660299a6d4dad810af425abfb544598c51b9ddc', 'f55f9ffcb83c73453261601c7e044db15a0f034b93c05830f28635ef889cf670', '87dcd4dc74640a322cd205552506d1be64f12596258096544986b4850bc72706', '28689b30e4c306aab53b027b29e36ad6dd1dcf4b953994482ca84bdc1ecac996']",[],1.0,0ffee3ba8e615ad22535e7f771690a28,76cc3e2d3028143b23ec18e27dbd7ca9,h2,,11798.139158,10.0.2.15,56580,54.192.93.18,443,tcp,16.028136999999333,533.0,6021.0,SF,True,False,0,ShADadFf,12,1021,13,6545,ssl,0
11810.12193,CCXX8M3Pe0EsnCxBz,10.0.2.15,56610,54.192.93.18,443,TLSv12,TLS_ECDHE_RSA_WITH_AES_128_GCM_SHA256,secp256r1,media.ellentube.com,False,True,CsxuknGIti,"['f69ff9d4cc0df31213a4c4665660299a6d4dad810af425abfb544598c51b9ddc', 'f55f9ffcb83c73453261601c7e044db15a0f034b93c05830f28635ef889cf670', '87dcd4dc74640a322cd205552506d1be64f12596258096544986b4850bc72706', '28689b30e4c306aab53b027b29e36ad6dd1dcf4b953994482ca84bdc1ecac996']",[],1.0,0ffee3ba8e615ad22535e7f771690a28,76cc3e2d3028143b23ec18e27dbd7ca9,h2,,11807.579216,10.0.2.15,56610,54.192.93.18,443,tcp,10.478033999999752,533.0,6021.0,SF,True,False,0,ShADadFf,12,1021,14,6585,ssl,0
11810.143279,CtzxCz3bn43JkEBHQb,10.0.2.15,56614,54.192.93.18,443,TLSv12,TLS_ECDHE_RSA_WITH_AES_128_GCM_SHA256,secp256r1,media.ellentube.com,False,True,CsxuknGIti,"['f69ff9d4cc0df31213a4c4665660299a6d4dad810af425abfb544598c51b9ddc', 'f55f9ffcb83c73453261601c7e044db15a0f034b93c05830f28635ef889cf670', '87dcd4dc74640a322cd205552506d1be64f12596258096544986b4850bc72706', '28689b30e4c306aab53b027b29e36ad6dd1dcf4b953994482ca84bdc1ecac996']",[],1.0,0ffee3ba8e615ad22535e7f771690a28,76cc3e2d3028143b23ec18e27dbd7ca9,h2,,11807.583947,10.0.2.15,56614,54.192.93.18,443,tcp,11.74751600000127,533.0,6021.0,SF,True,False,0,ShADadFf,12,1021,13,6545,ssl,0
11810.144953,CNErdw3Iny20XavWHh,10.0.2.15,56613,54.192.93.18,443,TLSv12,TLS_ECDHE_RSA_WITH_AES_128_GCM_SHA256,secp256r1,media.ellentube.com,False,True,CsxuknGIti,"['f69ff9d4cc0df31213a4c4665660299a6d4dad810af425abfb544598c51b9ddc', 'f55f9ffcb83c73453261601c7e044db15a0f034b93c05830f28635ef889cf670', '87dcd4dc74640a322cd205552506d1be64f12596258096544986b4850bc72706', '28689b30e4c306aab53b027b29e36ad6dd1dcf4b953994482ca84bdc1ecac996']",[],1.0,0ffee3ba8e615ad22535e7f771690a28,76cc3e2d3028143b23ec18e27dbd7ca9,h2,,11807.583303,10.0.2.15,56613,54.192.93.18,443,tcp,11.740093000000345,533.0,6021.0,SF,True,False,0,ShADadFf,11,981,13,6545,ssl,0
11810.146876,CMssqd2frly2n0KcXj,10.0.2.15,56612,54.192.93.18,443,TLSv12,TLS_ECDHE_RSA_WITH_AES_128_GCM_SHA256,secp256r1,media.ellentube.com,False,True,CsxuknGIti,"['f69ff9d4cc0df31213a4c4665660299a6d4dad810af425abfb544598c51b9ddc', 'f55f9ffcb83c73453261601c7e044db15a0f034b93c05830f28635ef889cf670', '87dcd4dc74640a322cd205552506d1be64f12596258096544986b4850bc72706', '28689b30e4c306aab53b027b29e36ad6dd1dcf4b953994482ca84bdc1ecac996']",[],1.0,0ffee3ba8e615ad22535e7f771690a28,76cc3e2d3028143b23ec18e27dbd7ca9,h2,,11807.58276,10.0.2.15,56612,54.192.93.18,443,tcp,11.73608299999978,533.0,6021.0,SF,True,False,0,ShADadFf,11,981,14,6585,ssl,0
11810.160446,CjWK7q3NBFTTcXroBe,10.0.2.15,56616,199.104.95.15,443,TLSv12,TLS_ECDHE_RSA_WITH_AES_256_CBC_SHA,,www.deseretnews.com,True,True,CsiI,,,,0ffee3ba8e615ad22535e7f771690a28,b9042fde45bf48ec3b06e09efdd4b7b0,,,11807.947697,10.0.2.15,56616,199.104.95.15,443,tcp,12.107780000000275,1241.0,2277.0,SF,True,False,0,ShADadfF,10,1649,10,2681,ssl,0
11810.154825,CitdS31ks8xTjzq8El,10.0.2.15,56611,54.192.93.18,443,TLSv12,TLS_ECDHE_RSA_WITH_AES_128_GCM_SHA256,secp256r1,media.ellentube.com,False,True,CsxuknGIti,"['f69ff9d4cc0df31213a4c4665660299a6d4dad810af425abfb544598c51b9ddc', 'f55f9ffcb83c73453261601c7e044db15a0f034b93c05830f28635ef889cf670', '87dcd4dc74640a322cd205552506d1be64f12596258096544986b4850bc72706', '28689b30e4c306aab53b027b29e36ad6dd1dcf4b953994482ca84bdc1ecac996']",[],1.0,0ffee3ba8e615ad22535e7f771690a28,76cc3e2d3028143b23ec18e27dbd7ca9,h2,,11807.580461,10.0.2.15,56611,54.192.93.18,443,tcp,11.734567999999854,533.0,6021.0,SF,True,False,0,ShADadFf,11,981,14,6585,ssl,0
11810.198447,CokSOF21MvXfWO6Xq6,10.0.2.15,56615,54.192.93.18,443,TLSv12,TLS_ECDHE_RSA_WITH_AES_128_GCM_SHA256,secp256r1,media.ellentube.com,False,True,CsxuknGIti,"['f69ff9d4cc0df31213a4c4665660299a6d4dad810af425abfb544598c51b9ddc', 'f55f9ffcb83c73453261601c7e044db15a0f034b93c05830f28635ef889cf670', '87dcd4dc74640a322cd205552506d1be64f12596258096544986b4850bc72706', '28689b30e4c306aab53b027b29e36ad6dd1dcf4b953994482ca84bdc1ecac996']",[],1.0,0ffee3ba8e615ad22535e7f771690a28,76cc3e2d3028143b23ec18e27dbd7ca9,h2,,11807.585809,10.0.2.15,56615,54.192.93.18,443,tcp,12.505583000000115,533.0,6021.0,RSTO,True,False,0,ShADadFR,11,981,12,6505,ssl,0
11820.919778,Csdx6i3HuSWLJCzfX3,10.0.2.15,56618,199.16.156.21,443,TLSv12,TLS_ECDHE_RSA_WITH_AES_128_GCM_SHA256,secp256r1,syndication.twitter.com,False,True,CsxknGIti,"['75e85da383dbf4ced92713e6768c061d0aca2ee11ea14e2a1486adb26098b2de', '19400be5b7a31fb733917700789d2f0a2471c0c9d506c0e504c06c16d7cb17c0']",[],1.0,0ffee3ba8e615ad22535e7f771690a28,8d2a028aa94425f76ced7826b1f39039,h2,,11820.0964,10.0.2.15,56618,199.16.156.21,443,tcp,11.534223999999083,326.0,3860.0,RSTO,True,False,0,ShADadTR,8,655,9,4224,ssl,0
11830.607992,CyHFhE27hjameJwJA5,10.0.2.15,56622,31.13.69.203,443,TLSv12,TLS_ECDHE_ECDSA_WITH_AES_128_GCM_SHA256,,staticxx.facebook.com,True,True,CsiI,,,,1a5fe5677b0e4fbbc854e8908225637d,96681175a9547081bf3d417f1a572091,h2,,11830.154691,10.0.2.15,56622,31.13.69.203,443,tcp,1.340002000000822,777.0,342.0,SF,True,False,0,ShADadfF,9,1145,12,826,ssl,0
11830.609098,CDsG263A2cQgfeiZIf,10.0.2.15,56621,31.13.69.203,443,TLSv12,TLS_ECDHE_ECDSA_WITH_AES_128_GCM_SHA256,,staticxx.facebook.com,True,True,CsiI,,,,1a5fe5677b0e4fbbc854e8908225637d,96681175a9547081bf3d417f1a572091,h2,,11830.153969,10.0.2.15,56621,31.13.69.203,443,tcp,194.82735899999895,953.0,480.0,SF,True,False,0,ShADadfF,15,1561,18,1204,ssl,0
11832.916777,C4ynjQ3WkDelvywV1e,10.0.2.15,56627,199.104.95.15,443,TLSv12,TLS_ECDHE_RSA_WITH_AES_256_CBC_SHA,,www.deseretnews.com,True,True,CsiI,,,,0ffee3ba8e615ad22535e7f771690a28,b9042fde45bf48ec3b06e09efdd4b7b0,,,11832.591874,10.0.2.15,56627,199.104.95.15,443,tcp,5.53695400000106,1305.0,77970.0,SF,True,False,0,ShADadfF,31,2553,83,81294,ssl,0
11832.921377,Cuyd3139fuETHmOfSg,10.0.2.15,56626,199.104.95.15,443,TLSv12,TLS_ECDHE_RSA_WITH_AES_256_CBC_SHA,,www.deseretnews.com,True,True,CsiI,,,,0ffee3ba8e615ad22535e7f771690a28,b9042fde45bf48ec3b06e09efdd4b7b0,,,11832.58775,10.0.2.15,56626,199.104.95.15,443,tcp,5.545238999999128,1305.0,58301.0,SF,True,False,0,ShADadfF,31,2553,66,60945,ssl,0
11832.922445,CJutr72o2QL97rCZZ8,10.0.2.15,56625,199.104.95.15,443,TLSv12,TLS_ECDHE_RSA_WITH_AES_256_CBC_SHA,,www.deseretnews.com,True,True,CsiI,,,,0ffee3ba8e615ad22535e7f771690a28,b9042fde45bf48ec3b06e09efdd4b7b0,,,11832.585989,10.0.2.15,56625,199.104.95.15,443,tcp,5.661726000000272,1321.0,65458.0,SF,True,False,0,ShADadfF,31,2569,70,68262,ssl,0
11832.923497,CmECaQJxu9dnR1eC8,10.0.2.15,56624,199.104.95.15,443,TLSv12,TLS_ECDHE_RSA_WITH_AES_256_CBC_SHA,,www.deseretnews.com,True,True,CsiI,,,,0ffee3ba8e615ad22535e7f771690a28,b9042fde45bf48ec3b06e09efdd4b7b0,,,11832.583738,10.0.2.15,56624,199.104.95.15,443,tcp,5.888113000000885,1305.0,58189.0,SF,True,False,0,ShADadfF,24,2273,55,60393,ssl,0
11833.376191,CQUZwP1vPu4Wt1VBua,10.0.2.15,56628,199.104.95.15,443,TLSv12,TLS_ECDHE_RSA_WITH_AES_256_CBC_SHA,,www.deseretnews.com,True,True,CsiI,,,,0ffee3ba8e615ad22535e7f771690a28,b9042fde45bf48ec3b06e09efdd4b7b0,,,11832.913601,10.0.2.15,56628,199.104.95.15,443,tcp,5.548381999999037,1305.0,62200.0,SF,True,False,0,ShADadfF,30,2513,66,64844,ssl,0
11837.637992,Cygmkc2DYl0avIoZW6,10.0.2.15,56629,46.4.103.134,443,TLSv12,TLS_ECDHE_RSA_WITH_AES_128_GCM_SHA256,secp256r1,sp1cluster.cxense.com,False,True,CsxknGIti,"['1700af592a7af5cd23fb931d82349222ab2f0e5cba381e2e1173e4936c1f0d83', '154c433c491929c5ef686e838e323664a00e6a0d822ccc958fb4dab03e49a08f']",[],1.0,0ffee3ba8e615ad22535e7f771690a28,389ed42c02ebecc32e73aa31def07e14,,,11837.355503,10.0.2.15,56629,46.4.103.134,443,tcp,17.74462399999902,674.0,3592.0,SF,True,False,0,ShADadfF,10,1082,12,4076,ssl,0
11837.779868,C0Et4L33d0JYLsnNec,10.0.2.15,56630,199.104.95.15,443,TLSv12,TLS_ECDHE_RSA_WITH_AES_256_CBC_SHA,,www.deseretnews.com,True,True,CsiI,,,,0ffee3ba8e615ad22535e7f771690a28,b9042fde45bf48ec3b06e09efdd4b7b0,,,11837.356706,10.0.2.15,56630,199.104.95.15,443,tcp,7.802606999999625,2206.0,50060.0,SF,True,False,0,ShADadfF,23,3134,51,52104,ssl,0
11839.024145,CywfxAjKfNcqa6Db4,10.0.2.15,56637,95.100.191.4,443,TLSv12,TLS_ECDHE_RSA_WITH_AES_256_GCM_SHA384,,sb.scorecardresearch.com,True,True,CsiI,,,,1a5fe5677b0e4fbbc854e8908225637d,410b9bedaf65dd26c6fe547154d60db4,http/1.1,,11838.591,10.0.2.15,56637,95.100.191.4,443,tcp,421.75318700000025,4527.0,2122.0,SF,True,False,0,ShADadTTFfRr,60,6973,61,4566,ssl,0
11839.02583,C9B0DF3Ls8j6Q7Glpi,10.0.2.15,56636,95.100.185.157,443,TLSv12,TLS_ECDHE_RSA_WITH_AES_256_GCM_SHA384,,s.adroll.com,True,True,CsiI,,,,1a5fe5677b0e4fbbc854e8908225637d,410b9bedaf65dd26c6fe547154d60db4,http/1.1,,11838.494163,10.0.2.15,56636,95.100.185.157,443,tcp,167.9515220000012,1413.0,2407.0,RSTO,True,False,0,ShADadTTFR,28,2557,28,3531,ssl,0
11839.026361,Cn8dUaHnWGmnYXIc2,10.0.2.15,56635,95.172.94.41,443,TLSv12,TLS_ECDHE_RSA_WITH_AES_128_GCM_SHA256,,pixel.quantserve.com,True,True,CsiI,,,,1a5fe5677b0e4fbbc854e8908225637d,fbe78c619e7ea20046131294ad087f05,,,11838.49308,10.0.2.15,56635,95.172.94.41,443,tcp,4.844026999999187,1589.0,482.0,SF,True,False,0,ShADadfF,8,1917,9,846,ssl,0
11839.015751,CMJHj93sEVXf2SA4Hd,10.0.2.15,56639,192.229.233.25,443,TLSv12,TLS_ECDHE_RSA_WITH_AES_128_GCM_SHA256,secp256r1,platform.twitter.com,False,True,CsxuknGIti,"['498dfbfa068ce7e3252a308f9578608d3df2d287b5b9284571f7d3ed43ba3ab0', '19400be5b7a31fb733917700789d2f0a2471c0c9d506c0e504c06c16d7cb17c0', '7431e5f4c3c1ce4690774f0b61e05440883ba9a01ed00ba6abd7806ed3b118cf']",[],1.0,0ffee3ba8e615ad22535e7f771690a28,76cc3e2d3028143b23ec18e27dbd7ca9,http/1.1,,11838.593502,10.0.2.15,56639,192.229.233.25,443,tcp,125.05328800000098,999.0,6044.0,SF,True,False,0,ShADadTTFfRr,25,2019,28,7168,ssl,0
11839.270204,CmIpwi3O3D2npZuw7f,10.0.2.15,56638,157.240.3.35,443,TLSv12,TLS_ECDHE_ECDSA_WITH_AES_128_GCM_SHA256,,www.facebook.com,True,True,CsiI,,,,1a5fe5677b0e4fbbc854e8908225637d,96681175a9547081bf3d417f1a572091,h2,,11838.592513,10.0.2.15,56638,157.240.3.35,443,tcp,193.0296049999997,3256.0,25527.0,SF,True,False,0,ShADadfF,29,4424,47,27411,ssl,0
11839.306201,CGqEFevcpasbI7Cq8,10.0.2.15,56649,172.217.23.234,443,TLSv12,TLS_ECDHE_RSA_WITH_AES_128_GCM_SHA256,,ajax.googleapis.com,True,True,CsiI,,,,1a5fe5677b0e4fbbc854e8908225637d,67619a80665d7ab92d1041b1d11f9164,h2,,11839.033444,10.0.2.15,56649,172.217.23.234,443,tcp,835.4474680000003,3970.0,44914.0,SF,True,False,0,ShADadFf,69,6738,100,48918,ssl,0
11842.866151,CtZ89GgUbv9z0Fx9,10.0.2.15,56650,199.104.95.15,443,TLSv12,TLS_ECDHE_RSA_WITH_AES_256_CBC_SHA,,www.deseretnews.com,True,True,CsiI,,,,0ffee3ba8e615ad22535e7f771690a28,b9042fde45bf48ec3b06e09efdd4b7b0,,,11842.432331,10.0.2.15,56650,199.104.95.15,443,tcp,6.302487000000838,356.0,171.0,SF,True,False,0,ShADadFf,7,644,7,455,ssl,0
11852.374551,CqrbPB3mztQNUMvpNb,10.0.2.15,56655,172.217.23.226,443,TLSv12,TLS_ECDHE_RSA_WITH_AES_128_GCM_SHA256,x25519,securepubads.g.doubleclick.net,False,True,CsxknGIti,"['a32ffddd76f9e7debbfc9a37b38d2ef86039b30a10d7c45ab8223d149cf99699', '9f630426df1d8abfd80ace98871ba833ab9742cb34838de2b5285ed54c0c7dcc', '3c35cc963eb004451323d3275d05b353235053490d9cd83729a2faf5e7ca1cc0']",[],1.0,0ffee3ba8e615ad22535e7f771690a28,ab41313cfec25328b20865eb1388e0a2,h2,,11852.345501,10.0.2.15,56655,172.217.23.226,443,tcp,587.6781480000009,35339.0,177615.0,SF,True,False,0,ShADadFf,177,42427,295,189419,ssl,0
11854.159959,C9HeNj24aUq5uCj0Ed,10.0.2.15,56665,46.4.103.134,443,TLSv12,TLS_ECDHE_RSA_WITH_AES_128_GCM_SHA256,secp256r1,scomcluster.cxense.com,False,True,CsxknGIti,"['1700af592a7af5cd23fb931d82349222ab2f0e5cba381e2e1173e4936c1f0d83', '154c433c491929c5ef686e838e323664a00e6a0d822ccc958fb4dab03e49a08f']",[],1.0,0ffee3ba8e615ad22535e7f771690a28,389ed42c02ebecc32e73aa31def07e14,,,11853.925108,10.0.2.15,56665,46.4.103.134,443,tcp,10.877125000000888,1151.0,3732.0,SF,True,False,0,ShADadTfF,11,1600,13,4256,ssl,0
11854.162123,CXkDL0404tHjwsOFua,10.0.2.15,56664,54.247.168.26,443,TLSv12,TLS_ECDHE_RSA_WITH_AES_128_GCM_SHA256,secp256r1,d.adroll.com,False,True,CsxknGIi,"['30d9e6a96455a203c6d0e675630de083191a9ec88b4ede4851365088792e1417', 'e6683e88315cd1cb403c0cea490f7c4b4c82c91cd485037489aadbaa90839f61', 'ff856a2d251dcd88d36656f450126798cfabaade40799c722de4d2b5db36a73a']",[],1.0,0ffee3ba8e615ad22535e7f771690a28,303951d4c50efb2e991652225a6f02b1,,,11853.923057,10.0.2.15,56664,54.247.168.26,443,tcp,91.203039,2020.0,6858.0,SF,True,False,0,ShADadTFf,24,2996,26,7902,ssl,0
11854.165584,C9Hh6J1IUNJNnmhOwh,10.0.2.15,56663,54.247.168.26,443,TLSv12,TLS_ECDHE_RSA_WITH_AES_128_GCM_SHA256,secp256r1,d.adroll.com,False,True,CsxknGIi,"['30d9e6a96455a203c6d0e675630de083191a9ec88b4ede4851365088792e1417', 'e6683e88315cd1cb403c0cea490f7c4b4c82c91cd485037489aadbaa90839f61', 'ff856a2d251dcd88d36656f450126798cfabaade40799c722de4d2b5db36a73a']",[],1.0,0ffee3ba8e615ad22535e7f771690a28,303951d4c50efb2e991652225a6f02b1,,,11853.922529,10.0.2.15,56663,54.247.168.26,443,tcp,6.064728000001196,346.0,4135.0,SF,True,False,0,ShADadFfRr,11,794,13,4659,ssl,0
11854.16911,CHfBVr1nfXS2NFfJ5f,10.0.2.15,56662,46.4.103.134,443,TLSv12,TLS_ECDHE_RSA_WITH_AES_128_GCM_SHA256,secp256r1,scomcluster.cxense.com,False,True,CsxknGIti,"['1700af592a7af5cd23fb931d82349222ab2f0e5cba381e2e1173e4936c1f0d83', '154c433c491929c5ef686e838e323664a00e6a0d822ccc958fb4dab03e49a08f']",[],1.0,0ffee3ba8e615ad22535e7f771690a28,389ed42c02ebecc32e73aa31def07e14,,,11853.921549,10.0.2.15,56662,46.4.103.134,443,tcp,6.052083999999013,356.0,3415.0,SF,True,False,0,ShADadFfRr,11,804,12,3899,ssl,0
11875.434796,CJsGPa2Z3hWU4jEL0a,10.0.2.15,56672,104.244.43.16,443,TLSv12,TLS_ECDHE_RSA_WITH_AES_128_GCM_SHA256,,static.ads-twitter.com,True,True,CsiI,,,,1a5fe5677b0e4fbbc854e8908225637d,d199ba0af2b08e204c73d6d81a1fd260,http/1.1,,11875.417346,10.0.2.15,56672,104.244.43.16,443,tcp,10.399804999999104,1001.0,618.0,SF,True,False,0,ShADadTfF,9,1370,10,1022,ssl,0
11877.131212,CUbrCs2U77LA559vU,10.0.2.15,56673,199.104.95.15,443,TLSv12,TLS_ECDHE_RSA_WITH_AES_256_CBC_SHA,,www.deseretnews.com,True,True,CsiI,,,,0ffee3ba8e615ad22535e7f771690a28,b9042fde45bf48ec3b06e09efdd4b7b0,,,11876.940234,10.0.2.15,56673,199.104.95.15,443,tcp,2.994560000001001,1209.0,1136.0,SF,True,False,0,ShADadfF,9,1577,9,1500,ssl,0
11877.153135,ChZgrsYNsgPmh3Bac,10.0.2.15,56674,199.104.95.15,443,TLSv12,TLS_ECDHE_RSA_WITH_AES_256_CBC_SHA,,www.deseretnews.com,True,True,CsiI,,,,0ffee3ba8e615ad22535e7f771690a28,b9042fde45bf48ec3b06e09efdd4b7b0,,,11876.954297,10.0.2.15,56674,199.104.95.15,443,tcp,3.275446999999985,1209.0,1616.0,SF,True,False,0,ShADadfF,9,1577,10,2020,ssl,0
11877.165226,CbCJfj1yid02ZOo8Mc,10.0.2.15,56675,199.104.95.15,443,TLSv12,TLS_ECDHE_RSA_WITH_AES_256_CBC_SHA,,www.deseretnews.com,True,True,CsiI,,,,0ffee3ba8e615ad22535e7f771690a28,b9042fde45bf48ec3b06e09efdd4b7b0,,,11876.961771,10.0.2.15,56675,199.104.95.15,443,tcp,3.413113999999041,1225.0,944.0,SF,True,False,0,ShADadfF,9,1593,9,1308,ssl,0
11877.485972,CTGk8HWbLxf47u3m7,10.0.2.15,56676,199.104.95.15,443,TLSv12,TLS_ECDHE_RSA_WITH_AES_256_CBC_SHA,,www.deseretnews.com,True,True,CsiI,,,,0ffee3ba8e615ad22535e7f771690a28,b9042fde45bf48ec3b06e09efdd4b7b0,,,11877.162866,10.0.2.15,56676,199.104.95.15,443,tcp,7.161383999999089,356.0,171.0,SF,True,False,0,ShADadFf,7,644,7,455,ssl,0
11877.486028,CXxdUZ1QM7oNrfqV3f,10.0.2.15,56677,199.104.95.15,443,TLSv12,TLS_ECDHE_RSA_WITH_AES_256_CBC_SHA,,www.deseretnews.com,True,True,CsiI,,,,0ffee3ba8e615ad22535e7f771690a28,b9042fde45bf48ec3b06e09efdd4b7b0,,,11877.171354,10.0.2.15,56677,199.104.95.15,443,tcp,7.139171999999235,356.0,171.0,SF,True,False,0,ShADadFf,7,644,7,455,ssl,0
11878.098572,C6NUfx4tUBQHCdhybj,10.0.2.15,56682,216.137.61.155,443,TLSv12,TLS_ECDHE_RSA_WITH_AES_128_GCM_SHA256,secp256r1,d2zah9y47r7bi2.cloudfront.net,False,True,CsxuknGIti,"['90c0937808b31877df6c4a5c743c99325d974624be3735faa5078cf73d4fd205', 'eae72eb454bf6c3977ebd289e970b2f5282949190093d0d26f98d0f0d6a9cf17']",[],1.0,0ffee3ba8e615ad22535e7f771690a28,76cc3e2d3028143b23ec18e27dbd7ca9,http/1.1,,11877.490298,10.0.2.15,56682,216.137.61.155,443,tcp,156.93747399999847,1073.0,14767.0,SF,True,False,0,ShADadTTfF,29,2255,35,16171,ssl,0
11879.310489,Cspwkc2mHhzIAT8btg,10.0.2.15,56687,216.137.61.155,443,TLSv12,TLS_ECDHE_RSA_WITH_AES_128_GCM_SHA256,secp256r1,d2zah9y47r7bi2.cloudfront.net,False,True,CsxuknGIti,"['90c0937808b31877df6c4a5c743c99325d974624be3735faa5078cf73d4fd205', 'eae72eb454bf6c3977ebd289e970b2f5282949190093d0d26f98d0f0d6a9cf17']",[],1.0,0ffee3ba8e615ad22535e7f771690a28,76cc3e2d3028143b23ec18e27dbd7ca9,http/1.1,,11878.110717,10.0.2.15,56687,216.137.61.155,443,tcp,16.981638000001112,363.0,5199.0,SF,True,False,0,ShADadTFf,11,812,13,5723,ssl,0
11884.376218,CKusUd1bPfLEhL9I5,10.0.2.15,56692,54.247.168.26,443,TLSv12,TLS_ECDHE_RSA_WITH_AES_128_GCM_SHA256,,d.adroll.com,True,True,CsiI,,,,0ffee3ba8e615ad22535e7f771690a28,303951d4c50efb2e991652225a6f02b1,,,11884.107664,10.0.2.15,56692,54.247.168.26,443,tcp,62.46483100000114,668.0,845.0,SF,True,False,0,ShADadTFf,15,1282,15,1449,ssl,0
11884.381476,CGOMs77hbQoCUOyF8,10.0.2.15,56696,54.247.168.26,443,TLSv12,TLS_ECDHE_RSA_WITH_AES_128_GCM_SHA256,,d.adroll.com,True,True,CsiI,,,,0ffee3ba8e615ad22535e7f771690a28,303951d4c50efb2e991652225a6f02b1,,,11884.116928,10.0.2.15,56696,54.247.168.26,443,tcp,62.464592000000266,668.0,798.0,SF,True,False,0,ShADadTFf,15,1282,15,1402,ssl,0
11884.382643,Ca3PmA4V86eUjbHmp5,10.0.2.15,56695,54.247.168.26,443,TLSv12,TLS_ECDHE_RSA_WITH_AES_128_GCM_SHA256,,d.adroll.com,True,True,CsiI,,,,0ffee3ba8e615ad22535e7f771690a28,303951d4c50efb2e991652225a6f02b1,,,11884.1104,10.0.2.15,56695,54.247.168.26,443,tcp,62.46203200000127,668.0,853.0,SF,True,False,0,ShADadTFf,15,1282,15,1457,ssl,0
11884.386164,COT92EdwFNd5HfNxk,10.0.2.15,56694,54.247.168.26,443,TLSv12,TLS_ECDHE_RSA_WITH_AES_128_GCM_SHA256,,d.adroll.com,True,True,CsiI,,,,0ffee3ba8e615ad22535e7f771690a28,303951d4c50efb2e991652225a6f02b1,,,11884.108979,10.0.2.15,56694,54.247.168.26,443,tcp,62.454005999999936,668.0,800.0,SF,True,False,0,ShADadTFf,15,1282,15,1404,ssl,0
11884.386965,CjeV5P3q0s1yg7MF5,10.0.2.15,56693,54.247.168.26,443,TLSv12,TLS_ECDHE_RSA_WITH_AES_128_GCM_SHA256,,d.adroll.com,True,True,CsiI,,,,0ffee3ba8e615ad22535e7f771690a28,303951d4c50efb2e991652225a6f02b1,,,11884.108449,10.0.2.15,56693,54.247.168.26,443,tcp,62.46093600000131,687.0,665.0,SF,True,False,0,ShADadTFf,15,1301,15,1269,ssl,0
11884.374541,C58XWtBYmz1minqme,10.0.2.15,56690,199.16.156.11,443,TLSv12,TLS_ECDHE_RSA_WITH_AES_128_GCM_SHA256,secp256r1,t.co,False,True,CsxknGIti,"['2cb0d0ceb37216303762007711e3445be2b7c56611c5ccce3598505c63e56c54', '403e062a2653059113285baf80a0d4ae422c848c9f78fad01fc94bc5b87fef1a']",[],1.0,0ffee3ba8e615ad22535e7f771690a28,8d2a028aa94425f76ced7826b1f39039,h2,,11884.089561,10.0.2.15,56690,199.16.156.11,443,tcp,199.2643369999987,1046.0,5157.0,SF,True,False,0,ShADadFfRr,23,1974,26,6201,ssl,0
11884.378899,CfwBTk1N6bTLABV6E1,10.0.2.15,56691,199.16.156.11,443,TLSv12,TLS_ECDHE_RSA_WITH_AES_128_GCM_SHA256,secp256r1,t.co,False,True,CsxknGIti,"['2cb0d0ceb37216303762007711e3445be2b7c56611c5ccce3598505c63e56c54', '403e062a2653059113285baf80a0d4ae422c848c9f78fad01fc94bc5b87fef1a']",[],1.0,0ffee3ba8e615ad22535e7f771690a28,8d2a028aa94425f76ced7826b1f39039,h2,,11884.094293,10.0.2.15,56691,199.16.156.11,443,tcp,8.166395000000193,579.0,4406.0,RSTO,True,False,0,ShADadFR,12,1067,13,4930,ssl,0
11896.801106,CYizUp4DiCzxnupYBf,10.0.2.15,56724,217.12.15.54,443,TLSv12,TLS_ECDHE_RSA_WITH_AES_128_GCM_SHA256,secp256r1,ads.yahoo.com,False,True,CsxknGIti,"['aaab982de106f191dd3d06d3f44eada0b8a2b0a6692636e9ff628a677f3eb65c', 'eae72eb454bf6c3977ebd289e970b2f5282949190093d0d26f98d0f0d6a9cf17']",[],1.0,1a5fe5677b0e4fbbc854e8908225637d,389ed42c02ebecc32e73aa31def07e14,,,11896.418023,10.0.2.15,56724,217.12.15.54,443,tcp,7.740679999998974,674.0,3605.0,SF,True,False,0,ShADadFf,10,1082,10,4009,ssl,0
11897.053856,CDRRMz1zlyYvv3SwKa,10.0.2.15,56728,104.199.98.115,443,TLSv12,TLS_ECDHE_RSA_WITH_AES_128_GCM_SHA256,secp256r1,x.bidswitch.net,False,True,CsxknGIti,"['6710fb217b2e1c9d2a9394e53e369972943bb04823ae76a38f0ed2d28ac778a4', '02ab57e4e67a0cb48dd2ff34830e8ac40f4476fb08ca6be3f5cd846f646840f0', '4f32d5dc00f715250abcc486511e37f501a899deb3bf7ea8adbbd3aef1c412da', '687fa451382278fff0c8b11f8d43d576671c6eb2bceab413fb83d965d06d2ff2']",[],1.0,0ffee3ba8e615ad22535e7f771690a28,ccc514751b175866924439bdbb5bba34,,,11896.433066,10.0.2.15,56728,104.199.98.115,443,tcp,7.705159999999523,349.0,6094.0,SF,True,False,0,ShADadFf,11,797,12,6578,ssl,0
11899.071935,C2aum42cgbz2hNKLZ2,10.0.2.15,56736,162.243.1.175,443,TLSv12,TLS_ECDHE_RSA_WITH_AES_256_GCM_SHA384,secp256r1,usage.trackjs.com,False,True,CsxknGIti,"['4e0ef818d70799f2c53717823a231d0c507d7203d80134fb1ddb52b26bcbe503', 'bc3f03a436240edba5f83714f6f677e34b37f9b1f0c08c1e558d981e279e8209']",[],1.0,0ffee3ba8e615ad22535e7f771690a28,e35df3e00ca4ef31d42b34bebaa2f86e,,,11897.603652,10.0.2.15,56736,162.243.1.175,443,tcp,153.87904300000082,1736.0,3757.0,SF,True,False,0,ShADadTTfF,27,2837,28,4881,ssl,0
11902.25129,C7S9Up1rqnOBwSZVv4,10.0.2.15,56746,54.152.73.224,443,TLSv12,TLS_ECDHE_RSA_WITH_AES_128_GCM_SHA256,secp256r1,geo.moatads.com,False,True,CsxknGIi,"['a1f5b668b42edb358e83f7846b2d9b47b4c87d7ba7c20aecdceea13939a70e76', 'e6683e88315cd1cb403c0cea490f7c4b4c82c91cd485037489aadbaa90839f61']",[],1.0,0ffee3ba8e615ad22535e7f771690a28,303951d4c50efb2e991652225a6f02b1,,,11901.502607,10.0.2.15,56746,54.152.73.224,443,tcp,4.941781999999876,349.0,3157.0,RSTO,True,False,0,ShADadFR,10,757,11,3601,ssl,0
11903.668077,C9Lo7V1F09TXmOYEP5,10.0.2.15,56751,216.58.201.98,443,TLSv12,TLS_ECDHE_RSA_WITH_AES_128_GCM_SHA256,x25519,googleads.g.doubleclick.net,False,True,CsxknGIti,"['a32ffddd76f9e7debbfc9a37b38d2ef86039b30a10d7c45ab8223d149cf99699', '9f630426df1d8abfd80ace98871ba833ab9742cb34838de2b5285ed54c0c7dcc', '3c35cc963eb004451323d3275d05b353235053490d9cd83729a2faf5e7ca1cc0']",[],1.0,0ffee3ba8e615ad22535e7f771690a28,ab41313cfec25328b20865eb1388e0a2,h2,,11903.003112,10.0.2.15,56751,216.58.201.98,443,tcp,3.336911999998847,329.0,4047.0,RSTO,True,False,0,ShADadR,7,617,7,4331,ssl,0
11906.829887,CGGljQ12G8JBkSbvkj,10.0.2.15,56760,23.74.189.100,443,TLSv12,TLS_ECDHE_RSA_WITH_AES_256_GCM_SHA384,secp256r1,ssl.connextra.com,False,True,CsxknGIti,"['0744b967418c16c14e2609471363dc89737afe97b310240324db9d737d98c498', 'eae72eb454bf6c3977ebd289e970b2f5282949190093d0d26f98d0f0d6a9cf17', '8420dfbe376f414bf4c0a81e6936d24ccc03f304835b86c7a39142fca723a689']",[],1.0,0ffee3ba8e615ad22535e7f771690a28,2b33c1374db4ddf06942f92373c0b54b,h2,,11906.599821,10.0.2.15,56760,23.74.189.100,443,tcp,196.30393300000105,768.0,5054.0,SF,True,False,0,ShADadFfRr,21,1616,24,6018,ssl,0
11909.450932,CleXpEWKlpvcwUiR8,10.0.2.15,56767,151.139.241.4,443,TLSv12,TLS_ECDHE_RSA_WITH_AES_128_GCM_SHA256,secp256r1,www.onlinevideoconverter.com,False,True,CsxknGIti,"['3f926241abdc7e21d464ae9b0e267126b7e71343d7885ee4b63a7aa05b8cea80', '25847d668eb4f04fdd40b12b6b0740c567da7d024308eb6c2c96fe41d9de218d']",[],1.0,0ffee3ba8e615ad22535e7f771690a28,b898351eb5e266aefd3723d466935494,h2,,11909.101173,10.0.2.15,56767,151.139.241.4,443,tcp,245.33230000000003,1369.0,17494.0,SF,True,False,0,ShADadFf,25,2377,34,18858,ssl,0
11909.453017,Cp44NfUAUYtd7hUU9,10.0.2.15,56766,151.139.241.4,443,TLSv12,TLS_ECDHE_RSA_WITH_AES_128_GCM_SHA256,secp256r1,www.onlinevideoconverter.com,False,True,CsxknGIti,"['3f926241abdc7e21d464ae9b0e267126b7e71343d7885ee4b63a7aa05b8cea80', '25847d668eb4f04fdd40b12b6b0740c567da7d024308eb6c2c96fe41d9de218d']",[],1.0,0ffee3ba8e615ad22535e7f771690a28,b898351eb5e266aefd3723d466935494,h2,,11909.099108,10.0.2.15,56766,151.139.241.4,443,tcp,3.182865999999194,571.0,3756.0,SF,True,False,0,ShADadFf,13,1099,13,4280,ssl,0
11909.455408,C9NaGT3KnFuTP4tUG8,10.0.2.15,56776,34.199.243.65,443,TLSv12,TLS_ECDHE_RSA_WITH_AES_128_GCM_SHA256,secp256r1,www.citationmachine.net,False,True,CsxknGIi,"['ff8602dafe0384715aacc6307a3c06c241fd1955d1cc1e8c1509e3f64a0cec02', 'bc3f03a436240edba5f83714f6f677e34b37f9b1f0c08c1e558d981e279e8209']",[],1.0,0ffee3ba8e615ad22535e7f771690a28,303951d4c50efb2e991652225a6f02b1,,,11909.117656,10.0.2.15,56776,34.199.243.65,443,tcp,120.45769499999916,2836.0,15834.0,SF,True,False,0,ShADadTTFf,25,3854,33,17158,ssl,0
11912.888499,CLDW7o10eJToLP3T97,10.0.2.15,56783,94.31.29.55,443,TLSv12,TLS_ECDHE_RSA_WITH_AES_128_GCM_SHA256,secp256r1,maxcdn.bootstrapcdn.com,False,True,CsxknGIti,"['dc5627a252c252d6d6f680d52001ccf439f2ff2633c9f766d6d5ab6e85ee6433', 'e6683e88315cd1cb403c0cea490f7c4b4c82c91cd485037489aadbaa90839f61']",[],1.0,0ffee3ba8e615ad22535e7f771690a28,8d2a028aa94425f76ced7826b1f39039,h2,,11912.606845,10.0.2.15,56783,94.31.29.55,443,tcp,293.21861999999965,1315.0,57791.0,SF,True,False,0,ShADadFf,42,3003,78,60915,ssl,0
11912.89042,CRVOyI1Q99wErrT164,10.0.2.15,56795,85.17.189.108,443,TLSv10,TLS_RSA_WITH_AES_128_CBC_SHA,,s.clickiocdn.com,False,True,CsxnGIti,"['2bcfb0fa9de35ffc018a135a699a88cf1fe4bd54eab1c8806439637dff332f93', 'bc3f03a436240edba5f83714f6f677e34b37f9b1f0c08c1e558d981e279e8209']",[],1.0,0ffee3ba8e615ad22535e7f771690a28,e5816f5d4ef6f17d3a18f3e7b85701a9,,,11912.622637,10.0.2.15,56795,85.17.189.108,443,tcp,6.511704000000464,881.0,29314.0,SF,True,False,0,ShADadfF,19,1649,35,30718,ssl,0
11912.89347,CgAlgH315CUO2kGy8,10.0.2.15,56793,151.139.244.30,443,TLSv12,TLS_ECDHE_RSA_WITH_AES_128_GCM_SHA256,secp256r1,ovc-ustokyyneikyfasnm.stackpathdns.com,False,True,CsxknGIti,"['f41ad93f9b11294d2958258707cd9e364e0b51ef5141d6cd931c7b150d617577', 'e6683e88315cd1cb403c0cea490f7c4b4c82c91cd485037489aadbaa90839f61', 'ff856a2d251dcd88d36656f450126798cfabaade40799c722de4d2b5db36a73a']",[],1.0,0ffee3ba8e615ad22535e7f771690a28,b898351eb5e266aefd3723d466935494,h2,,11912.618804,10.0.2.15,56793,151.139.244.30,443,tcp,246.9965370000009,2999.0,38313.0,SF,True,False,0,ShADadFf,57,5287,80,41517,ssl,0
11912.89569,C0Vnmv398DvK6Q9oAc,10.0.2.15,56792,151.139.244.30,443,TLSv12,TLS_ECDHE_RSA_WITH_AES_128_GCM_SHA256,secp256r1,ovc-ustokyyneikyfasnm.stackpathdns.com,False,True,CsxknGIti,"['f41ad93f9b11294d2958258707cd9e364e0b51ef5141d6cd931c7b150d617577', 'e6683e88315cd1cb403c0cea490f7c4b4c82c91cd485037489aadbaa90839f61', 'ff856a2d251dcd88d36656f450126798cfabaade40799c722de4d2b5db36a73a']",[],1.0,0ffee3ba8e615ad22535e7f771690a28,b898351eb5e266aefd3723d466935494,h2,,11912.617706,10.0.2.15,56792,151.139.244.30,443,tcp,8.15379799999937,850.0,5430.0,SF,True,False,0,ShADadFf,15,1458,17,6114,ssl,0
11912.896798,CD1Enk4GLdLUbq8HM7,10.0.2.15,56791,104.19.196.102,443,TLSv12,TLS_ECDHE_ECDSA_WITH_AES_128_GCM_SHA256,secp256r1,cdnjs.cloudflare.com,False,True,CsxuknGIti,"['288a62410b9a17d44ccccf0ca447daaee0f3c7bcd3e0cb6d4f24ef85d2dbfdd0', 'cd6c108a0e641f2ca122aaa6d03f826759cae7c6f800eabf76dc48b67cd083ce', '9573862ac0b4b125168810ea3fd101ae2eb0bb15f61fc0e6da7a2a38b85a89e8']",[],1.0,0ffee3ba8e615ad22535e7f771690a28,7d3eb4120cd50e889bcd3f3783be0f82,h2,,11912.616929,10.0.2.15,56791,104.19.196.102,443,tcp,214.2593770000003,1707.0,67894.0,SF,True,False,0,ShADadFf,54,3875,90,71498,ssl,0
11912.89193,CAmCix9ZaZbARQr4i,10.0.2.15,56794,85.17.189.108,443,TLSv10,TLS_RSA_WITH_AES_128_CBC_SHA,,s.clickiocdn.com,False,True,CsxnGIti,"['2bcfb0fa9de35ffc018a135a699a88cf1fe4bd54eab1c8806439637dff332f93', 'bc3f03a436240edba5f83714f6f677e34b37f9b1f0c08c1e558d981e279e8209']",[],1.0,0ffee3ba8e615ad22535e7f771690a28,e5816f5d4ef6f17d3a18f3e7b85701a9,,,11912.621725,10.0.2.15,56794,85.17.189.108,443,tcp,7.386645999999018,881.0,25250.0,SF,True,False,0,ShADadfF,17,1569,32,26534,ssl,0
11912.897355,CHN78fPQKTeTIj127,10.0.2.15,56790,104.19.196.102,443,TLSv12,TLS_ECDHE_ECDSA_WITH_AES_128_GCM_SHA256,secp256r1,cdnjs.cloudflare.com,False,True,CsxuknGIti,"['288a62410b9a17d44ccccf0ca447daaee0f3c7bcd3e0cb6d4f24ef85d2dbfdd0', 'cd6c108a0e641f2ca122aaa6d03f826759cae7c6f800eabf76dc48b67cd083ce', '9573862ac0b4b125168810ea3fd101ae2eb0bb15f61fc0e6da7a2a38b85a89e8']",[],1.0,0ffee3ba8e615ad22535e7f771690a28,7d3eb4120cd50e889bcd3f3783be0f82,h2,,11912.615685,10.0.2.15,56790,104.19.196.102,443,tcp,4.829990999998699,905.0,11937.0,SF,True,False,0,ShADadFf,17,1593,25,12941,ssl,0
11912.898345,CohKRw1oSsE4DvL5xi,10.0.2.15,56789,104.19.196.102,443,TLSv12,TLS_ECDHE_ECDSA_WITH_AES_128_GCM_SHA256,secp256r1,cdnjs.cloudflare.com,False,True,CsxuknGIti,"['288a62410b9a17d44ccccf0ca447daaee0f3c7bcd3e0cb6d4f24ef85d2dbfdd0', 'cd6c108a0e641f2ca122aaa6d03f826759cae7c6f800eabf76dc48b67cd083ce', '9573862ac0b4b125168810ea3fd101ae2eb0bb15f61fc0e6da7a2a38b85a89e8']",[],1.0,0ffee3ba8e615ad22535e7f771690a28,7d3eb4120cd50e889bcd3f3783be0f82,h2,,11912.611103,10.0.2.15,56789,104.19.196.102,443,tcp,4.8147570000001,902.0,5865.0,SF,True,False,0,ShADadFf,16,1550,19,6629,ssl,0
11912.899367,CvevryTIlBMR0mkC,10.0.2.15,56788,104.19.196.102,443,TLSv12,TLS_ECDHE_ECDSA_WITH_AES_128_GCM_SHA256,secp256r1,cdnjs.cloudflare.com,False,True,CsxuknGIti,"['288a62410b9a17d44ccccf0ca447daaee0f3c7bcd3e0cb6d4f24ef85d2dbfdd0', 'cd6c108a0e641f2ca122aaa6d03f826759cae7c6f800eabf76dc48b67cd083ce', '9573862ac0b4b125168810ea3fd101ae2eb0bb15f61fc0e6da7a2a38b85a89e8']",[],1.0,0ffee3ba8e615ad22535e7f771690a28,7d3eb4120cd50e889bcd3f3783be0f82,h2,,11912.610561,10.0.2.15,56788,104.19.196.102,443,tcp,4.362691000000268,917.0,5720.0,SF,True,False,0,ShADadFf,14,1485,17,6404,ssl,0
11912.899934,CHnoKD3aLygnqdnOre,10.0.2.15,56787,94.31.29.55,443,TLSv12,TLS_ECDHE_RSA_WITH_AES_128_GCM_SHA256,secp256r1,maxcdn.bootstrapcdn.com,False,True,CsxknGIti,"['dc5627a252c252d6d6f680d52001ccf439f2ff2633c9f766d6d5ab6e85ee6433', 'e6683e88315cd1cb403c0cea490f7c4b4c82c91cd485037489aadbaa90839f61']",[],1.0,0ffee3ba8e615ad22535e7f771690a28,8d2a028aa94425f76ced7826b1f39039,h2,,11912.609734,10.0.2.15,56787,94.31.29.55,443,tcp,6.2661150000003545,853.0,14415.0,SF,True,False,0,ShADadFf,18,1581,27,15499,ssl,0
11912.901004,CjEoBqkQVjtgJ03X1,10.0.2.15,56786,104.19.196.102,443,TLSv12,TLS_ECDHE_ECDSA_WITH_AES_128_GCM_SHA256,secp256r1,cdnjs.cloudflare.com,False,True,CsxuknGIti,"['288a62410b9a17d44ccccf0ca447daaee0f3c7bcd3e0cb6d4f24ef85d2dbfdd0', 'cd6c108a0e641f2ca122aaa6d03f826759cae7c6f800eabf76dc48b67cd083ce', '9573862ac0b4b125168810ea3fd101ae2eb0bb15f61fc0e6da7a2a38b85a89e8']",[],1.0,0ffee3ba8e615ad22535e7f771690a28,7d3eb4120cd50e889bcd3f3783be0f82,h2,,11912.608922,10.0.2.15,56786,104.19.196.102,443,tcp,5.604337000000669,892.0,38467.0,SF,True,False,0,ShADadFf,31,2140,50,40471,ssl,0
11912.902685,COfgZz3b5Zu5JVesn1,10.0.2.15,56785,151.139.244.30,443,TLSv12,TLS_ECDHE_RSA_WITH_AES_128_GCM_SHA256,secp256r1,ovc-ustokyyneikyfasnm.stackpathdns.com,False,True,CsxknGIti,"['f41ad93f9b11294d2958258707cd9e364e0b51ef5141d6cd931c7b150d617577', 'e6683e88315cd1cb403c0cea490f7c4b4c82c91cd485037489aadbaa90839f61', 'ff856a2d251dcd88d36656f450126798cfabaade40799c722de4d2b5db36a73a']",[],1.0,0ffee3ba8e615ad22535e7f771690a28,b898351eb5e266aefd3723d466935494,h2,,11912.608463,10.0.2.15,56785,151.139.244.30,443,tcp,10.888365999999223,857.0,15129.0,SF,True,False,0,ShADadFf,19,1625,28,16253,ssl,0
11912.903874,CsHDtk2heS1gs5G0D4,10.0.2.15,56784,104.19.196.102,443,TLSv12,TLS_ECDHE_ECDSA_WITH_AES_128_GCM_SHA256,secp256r1,cdnjs.cloudflare.com,False,True,CsxuknGIti,"['288a62410b9a17d44ccccf0ca447daaee0f3c7bcd3e0cb6d4f24ef85d2dbfdd0', 'cd6c108a0e641f2ca122aaa6d03f826759cae7c6f800eabf76dc48b67cd083ce', '9573862ac0b4b125168810ea3fd101ae2eb0bb15f61fc0e6da7a2a38b85a89e8']",[],1.0,0ffee3ba8e615ad22535e7f771690a28,7d3eb4120cd50e889bcd3f3783be0f82,h2,,11912.607937,10.0.2.15,56784,104.19.196.102,443,tcp,5.600996999999552,895.0,70807.0,SF,True,False,0,ShADadFf,41,2543,81,74051,ssl,0
11913.847839,Cm1s3a1HRAKqYJV8nb,10.0.2.15,56798,151.139.244.30,443,TLSv12,TLS_ECDHE_RSA_WITH_AES_128_GCM_SHA256,secp256r1,ovc-ustokyyneikyfasnm.stackpathdns.com,False,True,CsxknGIti,"['f41ad93f9b11294d2958258707cd9e364e0b51ef5141d6cd931c7b150d617577', 'e6683e88315cd1cb403c0cea490f7c4b4c82c91cd485037489aadbaa90839f61', 'ff856a2d251dcd88d36656f450126798cfabaade40799c722de4d2b5db36a73a']",[],1.0,0ffee3ba8e615ad22535e7f771690a28,b898351eb5e266aefd3723d466935494,h2,,11913.578974,10.0.2.15,56798,151.139.244.30,443,tcp,6.994343000000299,856.0,5691.0,SF,True,False,0,ShADadFf,16,1504,18,6415,ssl,0
11913.855437,C54Ti1enjS5pVpAW4,10.0.2.15,56797,94.31.29.55,443,TLSv12,TLS_ECDHE_RSA_WITH_AES_128_GCM_SHA256,secp256r1,maxcdn.bootstrapcdn.com,False,True,CsxknGIti,"['dc5627a252c252d6d6f680d52001ccf439f2ff2633c9f766d6d5ab6e85ee6433', 'e6683e88315cd1cb403c0cea490f7c4b4c82c91cd485037489aadbaa90839f61']",[],1.0,0ffee3ba8e615ad22535e7f771690a28,8d2a028aa94425f76ced7826b1f39039,h2,,11913.578481,10.0.2.15,56797,94.31.29.55,443,tcp,5.7966230000001815,598.0,3332.0,SF,True,False,0,ShADadFf,12,1086,13,3856,ssl,0
11913.868623,Cc7dGq4QGqPtdoAc35,10.0.2.15,56796,94.31.29.55,443,TLSv12,TLS_ECDHE_RSA_WITH_AES_128_GCM_SHA256,secp256r1,maxcdn.bootstrapcdn.com,False,True,CsxknGIti,"['dc5627a252c252d6d6f680d52001ccf439f2ff2633c9f766d6d5ab6e85ee6433', 'e6683e88315cd1cb403c0cea490f7c4b4c82c91cd485037489aadbaa90839f61']",[],1.0,0ffee3ba8e615ad22535e7f771690a28,8d2a028aa94425f76ced7826b1f39039,h2,,11913.577562,10.0.2.15,56796,94.31.29.55,443,tcp,6.472522000000026,598.0,3332.0,SF,True,False,0,ShADadFf,12,1086,13,3856,ssl,0
11914.900131,CVcGBI2H9LEftXortg,10.0.2.15,56804,216.137.61.151,443,TLSv12,TLS_ECDHE_RSA_WITH_AES_128_GCM_SHA256,secp256r1,d154xdbshv5z55.cloudfront.net,False,True,CsxuknGIti,"['90c0937808b31877df6c4a5c743c99325d974624be3735faa5078cf73d4fd205', 'eae72eb454bf6c3977ebd289e970b2f5282949190093d0d26f98d0f0d6a9cf17']",[],1.0,0ffee3ba8e615ad22535e7f771690a28,76cc3e2d3028143b23ec18e27dbd7ca9,h2,,11913.672171,10.0.2.15,56804,216.137.61.151,443,tcp,209.77758100000028,1477.0,58037.0,SF,True,False,0,ShADadFf,50,3485,82,61321,ssl,0
11915.878505,C9LdVJRLuZMp0LIBj,10.0.2.15,56809,216.137.61.151,443,TLSv12,TLS_ECDHE_RSA_WITH_AES_128_GCM_SHA256,secp256r1,d154xdbshv5z55.cloudfront.net,False,True,CsxuknGIti,"['90c0937808b31877df6c4a5c743c99325d974624be3735faa5078cf73d4fd205', 'eae72eb454bf6c3977ebd289e970b2f5282949190093d0d26f98d0f0d6a9cf17']",[],1.0,0ffee3ba8e615ad22535e7f771690a28,76cc3e2d3028143b23ec18e27dbd7ca9,h2,,11913.892424,10.0.2.15,56809,216.137.61.151,443,tcp,9.910678000000187,851.0,42907.0,SF,True,False,0,ShADadFf,32,2139,55,45111,ssl,0
11915.540019,CKmrWbFZaysp1TLWl,10.0.2.15,56805,216.137.61.151,443,TLSv12,TLS_ECDHE_RSA_WITH_AES_128_GCM_SHA256,secp256r1,d154xdbshv5z55.cloudfront.net,False,True,CsxuknGIti,"['90c0937808b31877df6c4a5c743c99325d974624be3735faa5078cf73d4fd205', 'eae72eb454bf6c3977ebd289e970b2f5282949190093d0d26f98d0f0d6a9cf17']",[],1.0,0ffee3ba8e615ad22535e7f771690a28,76cc3e2d3028143b23ec18e27dbd7ca9,h2,,11913.878583,10.0.2.15,56805,216.137.61.151,443,tcp,10.06342500000028,853.0,6602.0,SF,True,False,0,ShADadFf,16,1501,18,7326,ssl,0
11915.881593,CfuUnL3kVJvHCcUS73,10.0.2.15,56807,216.137.61.151,443,TLSv12,TLS_ECDHE_RSA_WITH_AES_128_GCM_SHA256,secp256r1,d154xdbshv5z55.cloudfront.net,False,True,CsxuknGIti,"['90c0937808b31877df6c4a5c743c99325d974624be3735faa5078cf73d4fd205', 'eae72eb454bf6c3977ebd289e970b2f5282949190093d0d26f98d0f0d6a9cf17']",[],1.0,0ffee3ba8e615ad22535e7f771690a28,76cc3e2d3028143b23ec18e27dbd7ca9,h2,,11913.88943,10.0.2.15,56807,216.137.61.151,443,tcp,10.21280900000056,828.0,5713.0,SF,True,False,0,ShADadFf,15,1436,18,6437,ssl,0
11915.884122,CO4jLi3sRnBu21V7e4,10.0.2.15,56806,68.232.34.184,443,TLSv12,TLS_ECDHE_RSA_WITH_AES_128_GCM_SHA256,secp256r1,static.truex.com,False,True,CsxuknGIti,"['3ed69f015f018bca7dfbf558224211e5761a2bed79b8f06aaad6e9e33c8d5481', '19400be5b7a31fb733917700789d2f0a2471c0c9d506c0e504c06c16d7cb17c0', '7431e5f4c3c1ce4690774f0b61e05440883ba9a01ed00ba6abd7806ed3b118cf']",[],1.0,0ffee3ba8e615ad22535e7f771690a28,49b45fc1ab090aa3a159778313fc9b9e,h2,,11913.888044,10.0.2.15,56806,68.232.34.184,443,tcp,183.6393580000004,859.0,19092.0,SF,True,False,0,ShADadfF,21,1707,32,20376,ssl,0
11915.879784,CbzORk2CR40JlHskz5,10.0.2.15,56808,52.32.4.60,443,TLSv12,TLS_ECDHE_RSA_WITH_AES_128_GCM_SHA256,secp256r1,registry.chegg.com,False,True,CsxknGIi,"['8b1fcebbf5ea9f1c5485491468c38d7767111cab308ae319a69d83564b30f6f3', '074541ecdf88ed992ed5ade3ecddef27a26ba1b44480a195c0a8dadae2521d8e']",[],1.0,0ffee3ba8e615ad22535e7f771690a28,303951d4c50efb2e991652225a6f02b1,,,11913.890614,10.0.2.15,56808,52.32.4.60,443,tcp,71.31364600000052,655.0,4013.0,SF,True,False,0,ShADadTFf,17,1349,18,4737,ssl,0
11914.781324,CarmZG26rVOywVFya2,10.0.2.15,56799,151.139.244.30,443,TLSv12,TLS_ECDHE_RSA_WITH_AES_128_GCM_SHA256,secp256r1,ovc-ustokyyneikyfasnm.stackpathdns.com,False,True,CsxknGIti,"['f41ad93f9b11294d2958258707cd9e364e0b51ef5141d6cd931c7b150d617577', 'e6683e88315cd1cb403c0cea490f7c4b4c82c91cd485037489aadbaa90839f61', 'ff856a2d251dcd88d36656f450126798cfabaade40799c722de4d2b5db36a73a']",[],1.0,0ffee3ba8e615ad22535e7f771690a28,b898351eb5e266aefd3723d466935494,h2,,11913.662542,10.0.2.15,56799,151.139.244.30,443,tcp,10.95227899999918,372.0,4806.0,SF,True,False,0,ShADadFf,11,820,11,5250,ssl,0
11914.635368,C9otI7KCnH9vDUcl4,10.0.2.15,56800,151.139.244.30,443,TLSv12,TLS_ECDHE_RSA_WITH_AES_128_GCM_SHA256,secp256r1,ovc-ustokyyneikyfasnm.stackpathdns.com,False,True,CsxknGIti,"['f41ad93f9b11294d2958258707cd9e364e0b51ef5141d6cd931c7b150d617577', 'e6683e88315cd1cb403c0cea490f7c4b4c82c91cd485037489aadbaa90839f61', 'ff856a2d251dcd88d36656f450126798cfabaade40799c722de4d2b5db36a73a']",[],1.0,0ffee3ba8e615ad22535e7f771690a28,b898351eb5e266aefd3723d466935494,h2,,11913.663679,10.0.2.15,56800,151.139.244.30,443,tcp,10.963849000001574,372.0,4806.0,SF,True,False,0,ShADadFf,10,780,11,5250,ssl,0
11920.210693,Clchep4DeXVsPEffv5,10.0.2.15,56812,52.32.4.60,443,TLSv12,TLS_ECDHE_RSA_WITH_AES_128_GCM_SHA256,secp256r1,registry.chegg.com,False,True,CsxknGIi,"['8b1fcebbf5ea9f1c5485491468c38d7767111cab308ae319a69d83564b30f6f3', '074541ecdf88ed992ed5ade3ecddef27a26ba1b44480a195c0a8dadae2521d8e']",[],1.0,0ffee3ba8e615ad22535e7f771690a28,303951d4c50efb2e991652225a6f02b1,,,11919.716341,10.0.2.15,56812,52.32.4.60,443,tcp,7.000253000000157,352.0,3426.0,RSTO,True,False,0,ShADadFR,9,720,10,3830,ssl,0
11925.161054,C2ynBm3JF0Nde9tsy8,10.0.2.15,56816,104.19.196.102,443,TLSv12,TLS_ECDHE_ECDSA_WITH_AES_128_GCM_SHA256,,cdnjs.cloudflare.com,True,True,CsiI,,,,1a5fe5677b0e4fbbc854e8908225637d,96681175a9547081bf3d417f1a572091,h2,,11924.921796,10.0.2.15,56816,104.19.196.102,443,tcp,199.10723399999915,1324.0,58676.0,SF,True,False,0,ShADadFf,43,3052,76,61720,ssl,0
11925.162061,CY87PC47LiGRJsMEkk,10.0.2.15,56815,172.217.23.227,443,TLSv12,TLS_ECDHE_ECDSA_WITH_AES_128_GCM_SHA256,,fonts.gstatic.com,True,True,CsiI,,,,1a5fe5677b0e4fbbc854e8908225637d,c23237dbea656869600e48dfbd00ab7b,h2,,11924.921301,10.0.2.15,56815,172.217.23.227,443,tcp,265.2207600000001,2287.0,113738.0,SF,True,False,0,ShADadFf,63,4815,138,119262,ssl,0
11926.607888,CweogH3uuwZ7D3Gpse,10.0.2.15,56818,54.192.93.168,443,TLSv12,TLS_ECDHE_RSA_WITH_AES_128_GCM_SHA256,secp256r1,components.cheggcdn.com,False,True,CsxuknGIti,"['1f154fc03af40699fb2ea5bb6ec39a63dd350fddc5dcd497bb4bd2da82da35ce', '074541ecdf88ed992ed5ade3ecddef27a26ba1b44480a195c0a8dadae2521d8e', '3c35cc963eb004451323d3275d05b353235053490d9cd83729a2faf5e7ca1cc0']",[],1.0,0ffee3ba8e615ad22535e7f771690a28,76cc3e2d3028143b23ec18e27dbd7ca9,http/1.1,,11926.521858,10.0.2.15,56818,54.192.93.168,443,tcp,127.77505999999994,1809.0,68142.0,SF,True,False,0,ShADadTTfF,45,3628,90,71746,ssl,0
11926.617385,Co42iQ2kI5RSxIL3Lj,10.0.2.15,56817,54.192.93.168,443,TLSv12,TLS_ECDHE_RSA_WITH_AES_128_GCM_SHA256,secp256r1,components.cheggcdn.com,False,True,CsxuknGIti,"['1f154fc03af40699fb2ea5bb6ec39a63dd350fddc5dcd497bb4bd2da82da35ce', '074541ecdf88ed992ed5ade3ecddef27a26ba1b44480a195c0a8dadae2521d8e', '3c35cc963eb004451323d3275d05b353235053490d9cd83729a2faf5e7ca1cc0']",[],1.0,0ffee3ba8e615ad22535e7f771690a28,76cc3e2d3028143b23ec18e27dbd7ca9,http/1.1,,11926.521078,10.0.2.15,56817,54.192.93.168,443,tcp,6.83321000000069,357.0,5416.0,SF,True,False,0,ShADadFf,11,805,13,5940,ssl,0
11926.899632,CPPsXC1FCfqaLjJXdb,10.0.2.15,56820,94.31.29.55,443,TLSv12,TLS_ECDHE_RSA_WITH_AES_128_GCM_SHA256,secp256r1,maxcdn.bootstrapcdn.com,False,True,CsxknGIti,"['dc5627a252c252d6d6f680d52001ccf439f2ff2633c9f766d6d5ab6e85ee6433', 'e6683e88315cd1cb403c0cea490f7c4b4c82c91cd485037489aadbaa90839f61']",[],1.0,0ffee3ba8e615ad22535e7f771690a28,8d2a028aa94425f76ced7826b1f39039,h2,,11926.539196,10.0.2.15,56820,94.31.29.55,443,tcp,197.08600400000068,1107.0,74835.0,SF,True,False,0,ShADadFf,36,2555,84,78199,ssl,0
11926.905854,CCdXEawytMsM9WgGa,10.0.2.15,56819,87.250.250.119,443,TLSv12,TLS_ECDHE_ECDSA_WITH_AES_128_GCM_SHA256,secp256r1,mc.yandex.ru,False,True,CsxuknGIti,"['7b4e327f43797136573194256ebbfbde1ea6ceadfa3b4fe2b8a120649dbb9a2d', 'c333b61638b0315fa801cce21cc4ea96ef7f65a3999450186a99d19bb20128f7', '949424dc2ccaab5e9e80d66e0e3f7deeb3201c607d4315ef4c6f2d93a917279d']",[],1.0,0ffee3ba8e615ad22535e7f771690a28,efa27390e911df97bf93c574f658aaa7,http/1.1,,11926.537092,10.0.2.15,56819,87.250.250.119,443,tcp,31.33494900000005,7095.0,37374.0,SF,True,False,0,ShADadTFf,26,8144,44,39138,ssl,0
11927.196728,CkaO891OyGTbZs6mU3,10.0.2.15,56821,87.250.250.119,443,TLSv12,TLS_ECDHE_ECDSA_WITH_AES_128_GCM_SHA256,secp256r1,mc.yandex.ru,False,True,CsxuknGIti,"['7b4e327f43797136573194256ebbfbde1ea6ceadfa3b4fe2b8a120649dbb9a2d', 'c333b61638b0315fa801cce21cc4ea96ef7f65a3999450186a99d19bb20128f7', '949424dc2ccaab5e9e80d66e0e3f7deeb3201c607d4315ef4c6f2d93a917279d']",[],1.0,0ffee3ba8e615ad22535e7f771690a28,efa27390e911df97bf93c574f658aaa7,http/1.1,,11926.916241,10.0.2.15,56821,87.250.250.119,443,tcp,6.460531999999148,346.0,6593.0,SF,True,False,0,ShADadFf,10,754,12,7077,ssl,0
11927.203811,CfsJFC1wahDWmiuHSc,10.0.2.15,56822,94.31.29.55,443,TLSv12,TLS_ECDHE_RSA_WITH_AES_128_GCM_SHA256,secp256r1,maxcdn.bootstrapcdn.com,False,True,CsxknGIti,"['dc5627a252c252d6d6f680d52001ccf439f2ff2633c9f766d6d5ab6e85ee6433', 'e6683e88315cd1cb403c0cea490f7c4b4c82c91cd485037489aadbaa90839f61']",[],1.0,0ffee3ba8e615ad22535e7f771690a28,8d2a028aa94425f76ced7826b1f39039,h2,,11926.920372,10.0.2.15,56822,94.31.29.55,443,tcp,2.201716999999917,566.0,3332.0,SF,True,False,0,ShADadFf,13,1094,13,3856,ssl,0
11930.157734,C8V6F72fQEZlhEFW07,10.0.2.15,56824,52.49.239.148,443,TLSv12,TLS_ECDHE_RSA_WITH_AES_128_GCM_SHA256,secp256r1,adadvisor.net,False,True,CsxknGIi,"['34b4423fda91691c436912f730992543911f26d251c4a208fb3da87e2bf46de0', 'bc3f03a436240edba5f83714f6f677e34b37f9b1f0c08c1e558d981e279e8209', '3c35cc963eb004451323d3275d05b353235053490d9cd83729a2faf5e7ca1cc0']",[],1.0,0ffee3ba8e615ad22535e7f771690a28,76c691f46143bf86e2d1bb73c6187767,,,11929.757514,10.0.2.15,56824,52.49.239.148,443,tcp,2.460336999998617,687.0,3828.0,SF,True,False,0,ShADadfF,11,1135,13,4352,ssl,0
11930.442417,CrYZv01SZYntZNJW0a,10.0.2.15,56825,52.49.239.148,443,TLSv12,TLS_ECDHE_RSA_WITH_AES_128_GCM_SHA256,secp256r1,adadvisor.net,False,True,CsxknGIi,"['34b4423fda91691c436912f730992543911f26d251c4a208fb3da87e2bf46de0', 'bc3f03a436240edba5f83714f6f677e34b37f9b1f0c08c1e558d981e279e8209', '3c35cc963eb004451323d3275d05b353235053490d9cd83729a2faf5e7ca1cc0']",[],1.0,0ffee3ba8e615ad22535e7f771690a28,76c691f46143bf86e2d1bb73c6187767,,,11930.178363,10.0.2.15,56825,52.49.239.148,443,tcp,9.162066999999295,347.0,3559.0,SF,True,False,0,ShADadFf,9,715,10,3963,ssl,0
11930.460018,Cfeql71ZVKcjHgkJaj,10.0.2.15,56826,52.32.4.60,443,TLSv12,TLS_ECDHE_RSA_WITH_AES_128_GCM_SHA256,secp256r1,registry.chegg.com,False,True,CsxknGIi,"['8b1fcebbf5ea9f1c5485491468c38d7767111cab308ae319a69d83564b30f6f3', '074541ecdf88ed992ed5ade3ecddef27a26ba1b44480a195c0a8dadae2521d8e']",[],1.0,0ffee3ba8e615ad22535e7f771690a28,303951d4c50efb2e991652225a6f02b1,,,11930.195405,10.0.2.15,56826,52.32.4.60,443,tcp,61.999330999999074,808.0,6836.0,SF,True,False,0,ShADadTFf,16,1462,21,7680,ssl,0
11931.209611,CBWAgM1AeDBnFBU0Sj,10.0.2.15,56827,52.32.4.60,443,TLSv12,TLS_ECDHE_RSA_WITH_AES_128_GCM_SHA256,,registry.chegg.com,True,True,CsiI,,,,0ffee3ba8e615ad22535e7f771690a28,303951d4c50efb2e991652225a6f02b1,,,11930.769094,10.0.2.15,56827,52.32.4.60,443,tcp,8.702632000000449,309.0,176.0,SF,True,False,0,ShADadFfRr,8,637,9,540,ssl,0
11931.229474,ChWbbb2aFstl1a4qP3,10.0.2.15,56829,85.17.189.108,443,TLSv10,TLS_RSA_WITH_AES_128_CBC_SHA,,clickiocdn.com,False,True,CsxnGIti,"['2bcfb0fa9de35ffc018a135a699a88cf1fe4bd54eab1c8806439637dff332f93', 'bc3f03a436240edba5f83714f6f677e34b37f9b1f0c08c1e558d981e279e8209']",[],1.0,0ffee3ba8e615ad22535e7f771690a28,e5816f5d4ef6f17d3a18f3e7b85701a9,,,11930.971553,10.0.2.15,56829,85.17.189.108,443,tcp,6.826514000000316,554.0,2627.0,SF,True,False,0,ShADadFf,9,922,9,2991,ssl,0
11931.227811,CTKkTH37sIhGXSRmca,10.0.2.15,56828,85.17.189.108,443,TLSv10,TLS_RSA_WITH_AES_128_CBC_SHA,,clickiocdn.com,False,True,CsxnGIti,"['2bcfb0fa9de35ffc018a135a699a88cf1fe4bd54eab1c8806439637dff332f93', 'bc3f03a436240edba5f83714f6f677e34b37f9b1f0c08c1e558d981e279e8209']",[],1.0,0ffee3ba8e615ad22535e7f771690a28,e5816f5d4ef6f17d3a18f3e7b85701a9,,,11930.97079,10.0.2.15,56828,85.17.189.108,443,tcp,3.791143000000374,1055.0,3181.0,SF,True,False,0,ShADadfF,10,1463,11,3625,ssl,0
11931.757301,CjpQ5zuZoLI3JcqEk,10.0.2.15,56830,94.31.29.64,443,TLSv12,TLS_ECDHE_RSA_WITH_AES_128_GCM_SHA256,secp256r1,vars.hotjar.com,False,True,CsxknGIti,"['87cc3355bb40b2a7f5b8082522c42478d0405f3193cd54900cd2a7da8bc828f7', 'b9f2164323638dce0b92218b43c41c1b2b2696389329db19f5cf7ad49b5cb372', '1a5174980a294a528a110726d5855650266c48d9883bea692b67b6d726da98c5']",[],1.0,1a5fe5677b0e4fbbc854e8908225637d,b898351eb5e266aefd3723d466935494,h2,,11931.233505,10.0.2.15,56830,94.31.29.64,443,tcp,19.229392999999614,890.0,5084.0,SF,True,False,0,ShADadfF,12,1378,17,5768,ssl,0
11933.844509,CMO21z1QvID8m0XgXf,10.0.2.15,56831,54.72.61.29,443,TLSv12,TLS_RSA_WITH_AES_128_CBC_SHA,,aa.agkn.com,False,True,CsxnGIi,"['6276692c71c92a1d4e20d2a713b64c6aa863418031441e2a74bcda8e8dbb04f4', 'e6683e88315cd1cb403c0cea490f7c4b4c82c91cd485037489aadbaa90839f61', '3c35cc963eb004451323d3275d05b353235053490d9cd83729a2faf5e7ca1cc0']",[],1.0,0ffee3ba8e615ad22535e7f771690a28,5dcc087b1a1d0a5b0658981a7e8b2c3c,,,11933.364154,10.0.2.15,56831,54.72.61.29,443,tcp,8.474897999998575,615.0,3754.0,SF,True,False,0,ShADadFf,9,983,10,4158,ssl,0
11933.832832,CImmK74Nttzp6IWtB5,10.0.2.15,56835,85.17.189.108,443,TLSv10,TLS_RSA_WITH_AES_128_CBC_SHA,,adlmerge.com,False,True,CsxnGIti,"['60fa38ae25bf6dc7722599d790d39a4be76de71f7b73ecd613ea9420e9c1697c', '25847d668eb4f04fdd40b12b6b0740c567da7d024308eb6c2c96fe41d9de218d']",[],1.0,0ffee3ba8e615ad22535e7f771690a28,e5816f5d4ef6f17d3a18f3e7b85701a9,,,11933.368562,10.0.2.15,56835,85.17.189.108,443,tcp,3.96422800000073,1165.0,4151.0,SF,True,False,0,ShADadfF,11,1613,12,4635,ssl,0
11933.998689,CA4YC73QqX5vnLfVMc,10.0.2.15,56833,54.72.61.29,443,TLSv12,TLS_RSA_WITH_AES_128_CBC_SHA,,aa.agkn.com,False,True,CsxnGIi,"['6276692c71c92a1d4e20d2a713b64c6aa863418031441e2a74bcda8e8dbb04f4', 'e6683e88315cd1cb403c0cea490f7c4b4c82c91cd485037489aadbaa90839f61', '3c35cc963eb004451323d3275d05b353235053490d9cd83729a2faf5e7ca1cc0']",[],1.0,0ffee3ba8e615ad22535e7f771690a28,5dcc087b1a1d0a5b0658981a7e8b2c3c,,,11933.366114,10.0.2.15,56833,54.72.61.29,443,tcp,5.298537999999098,1148.0,4079.0,SF,True,False,0,ShADadfF,10,1556,12,4563,ssl,0
11934.1649,Cqd34221d9EDxPfp6a,10.0.2.15,56836,85.17.189.108,443,TLSv10,TLS_RSA_WITH_AES_128_CBC_SHA,,adlmerge.com,False,True,CsxnGIti,"['60fa38ae25bf6dc7722599d790d39a4be76de71f7b73ecd613ea9420e9c1697c', '25847d668eb4f04fdd40b12b6b0740c567da7d024308eb6c2c96fe41d9de218d']",[],1.0,0ffee3ba8e615ad22535e7f771690a28,e5816f5d4ef6f17d3a18f3e7b85701a9,,,11934.004538,10.0.2.15,56836,85.17.189.108,443,tcp,7.791997000000265,552.0,3453.0,SF,True,False,0,ShADadFf,10,960,10,3857,ssl,0
11934.738519,CahZqt3evZ5fxHXEZc,10.0.2.15,56838,54.192.93.22,443,TLSv12,TLS_ECDHE_RSA_WITH_AES_128_GCM_SHA256,secp256r1,assets.cheggcdn.com,False,True,CsxuknGIti,"['1f154fc03af40699fb2ea5bb6ec39a63dd350fddc5dcd497bb4bd2da82da35ce', '074541ecdf88ed992ed5ade3ecddef27a26ba1b44480a195c0a8dadae2521d8e', '3c35cc963eb004451323d3275d05b353235053490d9cd83729a2faf5e7ca1cc0']",[],1.0,0ffee3ba8e615ad22535e7f771690a28,76cc3e2d3028143b23ec18e27dbd7ca9,http/1.1,,11934.166759,10.0.2.15,56838,54.192.93.22,443,tcp,121.51085899999998,666.0,39397.0,SF,True,False,0,ShADadTTfF,36,2125,61,41841,ssl,0
11934.740673,CFGcINdgx4YvjGit4,10.0.2.15,56837,54.192.93.22,443,TLSv12,TLS_ECDHE_RSA_WITH_AES_128_GCM_SHA256,secp256r1,assets.cheggcdn.com,False,True,CsxuknGIti,"['1f154fc03af40699fb2ea5bb6ec39a63dd350fddc5dcd497bb4bd2da82da35ce', '074541ecdf88ed992ed5ade3ecddef27a26ba1b44480a195c0a8dadae2521d8e', '3c35cc963eb004451323d3275d05b353235053490d9cd83729a2faf5e7ca1cc0']",[],1.0,0ffee3ba8e615ad22535e7f771690a28,76cc3e2d3028143b23ec18e27dbd7ca9,http/1.1,,11934.165975,10.0.2.15,56837,54.192.93.22,443,tcp,121.89472100000056,665.0,10656.0,SF,True,False,0,ShADadTTfF,24,1644,29,11820,ssl,0
11934.751937,CSvT0L3kVbzcbMSJng,10.0.2.15,56841,54.192.93.168,443,TLSv12,TLS_ECDHE_RSA_WITH_AES_128_GCM_SHA256,,components.cheggcdn.com,True,True,CsiI,,,,1a5fe5677b0e4fbbc854e8908225637d,d199ba0af2b08e204c73d6d81a1fd260,http/1.1,,11934.168835,10.0.2.15,56841,54.192.93.168,443,tcp,7.61485299999913,599.0,156.0,SF,True,False,0,ShADadFf,7,887,7,440,ssl,0
11934.760163,C0Fglw2JCuUKGBWbJ5,10.0.2.15,56839,54.192.93.22,443,TLSv12,TLS_ECDHE_RSA_WITH_AES_128_GCM_SHA256,secp256r1,assets.cheggcdn.com,False,True,CsxuknGIti,"['1f154fc03af40699fb2ea5bb6ec39a63dd350fddc5dcd497bb4bd2da82da35ce', '074541ecdf88ed992ed5ade3ecddef27a26ba1b44480a195c0a8dadae2521d8e', '3c35cc963eb004451323d3275d05b353235053490d9cd83729a2faf5e7ca1cc0']",[],1.0,0ffee3ba8e615ad22535e7f771690a28,76cc3e2d3028143b23ec18e27dbd7ca9,http/1.1,,11934.167317,10.0.2.15,56839,54.192.93.22,443,tcp,7.607675000001109,353.0,5416.0,SF,True,False,0,ShADadFf,10,761,11,5860,ssl,0
11934.743807,ChwKhTtZyRS4rQHv4,10.0.2.15,56844,54.192.93.22,443,TLSv12,TLS_ECDHE_RSA_WITH_AES_128_GCM_SHA256,secp256r1,assets.cheggcdn.com,False,True,CsxuknGIti,"['1f154fc03af40699fb2ea5bb6ec39a63dd350fddc5dcd497bb4bd2da82da35ce', '074541ecdf88ed992ed5ade3ecddef27a26ba1b44480a195c0a8dadae2521d8e', '3c35cc963eb004451323d3275d05b353235053490d9cd83729a2faf5e7ca1cc0']",[],1.0,0ffee3ba8e615ad22535e7f771690a28,76cc3e2d3028143b23ec18e27dbd7ca9,http/1.1,,11934.178997,10.0.2.15,56844,54.192.93.22,443,tcp,122.34683899999982,663.0,12492.0,SF,True,False,0,ShADadTTfF,23,1602,30,13696,ssl,0
11934.745249,CxeaSS2N51BfgMuXe,10.0.2.15,56843,54.192.93.22,443,TLSv12,TLS_ECDHE_RSA_WITH_AES_128_GCM_SHA256,secp256r1,assets.cheggcdn.com,False,True,CsxuknGIti,"['1f154fc03af40699fb2ea5bb6ec39a63dd350fddc5dcd497bb4bd2da82da35ce', '074541ecdf88ed992ed5ade3ecddef27a26ba1b44480a195c0a8dadae2521d8e', '3c35cc963eb004451323d3275d05b353235053490d9cd83729a2faf5e7ca1cc0']",[],1.0,0ffee3ba8e615ad22535e7f771690a28,76cc3e2d3028143b23ec18e27dbd7ca9,http/1.1,,11934.177483,10.0.2.15,56843,54.192.93.22,443,tcp,122.3519269999997,668.0,10946.0,SF,True,False,0,ShADadTTfF,23,1607,29,12110,ssl,0
11934.75507,C2CEyLt88v89R3sK5,10.0.2.15,56840,54.192.93.22,443,TLSv12,TLS_ECDHE_RSA_WITH_AES_128_GCM_SHA256,secp256r1,assets.cheggcdn.com,False,True,CsxuknGIti,"['1f154fc03af40699fb2ea5bb6ec39a63dd350fddc5dcd497bb4bd2da82da35ce', '074541ecdf88ed992ed5ade3ecddef27a26ba1b44480a195c0a8dadae2521d8e', '3c35cc963eb004451323d3275d05b353235053490d9cd83729a2faf5e7ca1cc0']",[],1.0,0ffee3ba8e615ad22535e7f771690a28,76cc3e2d3028143b23ec18e27dbd7ca9,http/1.1,,11934.167878,10.0.2.15,56840,54.192.93.22,443,tcp,7.599197999999887,353.0,5416.0,SF,True,False,0,ShADadFf,10,761,12,5900,ssl,0
11934.750638,C17A4Bn0ACPPlO3P8,10.0.2.15,56842,54.72.61.29,443,TLSv12,TLS_RSA_WITH_AES_128_CBC_SHA,,aa.agkn.com,False,True,CsxnGIi,"['6276692c71c92a1d4e20d2a713b64c6aa863418031441e2a74bcda8e8dbb04f4', 'e6683e88315cd1cb403c0cea490f7c4b4c82c91cd485037489aadbaa90839f61', '3c35cc963eb004451323d3275d05b353235053490d9cd83729a2faf5e7ca1cc0']",[],1.0,0ffee3ba8e615ad22535e7f771690a28,5dcc087b1a1d0a5b0658981a7e8b2c3c,,,11934.169886,10.0.2.15,56842,54.72.61.29,443,tcp,7.664302999999563,583.0,3754.0,SF,True,False,0,ShADadFf,10,991,11,4198,ssl,0
11939.44522,CBwh8S3iHvYBlsNDR7,10.0.2.15,56848,85.17.189.108,443,TLSv10,TLS_RSA_WITH_AES_128_CBC_SHA,,clickiocdn.com,True,True,CsiI,,,,1a5fe5677b0e4fbbc854e8908225637d,4192c0a946c5bd9b544b4656d9f624a4,,,11939.158537,10.0.2.15,56848,85.17.189.108,443,tcp,4.346105000000534,1732.0,2064.0,SF,True,False,0,ShADadfF,11,2180,13,2588,ssl,0
11939.574323,CAZEEm4chQZeyTbVs5,10.0.2.15,56852,54.231.112.144,443,TLSv12,TLS_ECDHE_RSA_WITH_AES_128_GCM_SHA256,secp256r1,hello-easybib.s3.amazonaws.com,False,True,CsxknGIi,"['659a3d7684850e6d664f5131f9f8765469b9c7017b7a0e206f8c1c9445cb1c69', 'f9690880819f06cdcc0b2f224b207f2af6003fb57339b8679a160fa95208d62d']",[],1.0,0ffee3ba8e615ad22535e7f771690a28,ea615e28cb25adfb2f261151eab3314f,,,11939.45162,10.0.2.15,56852,54.231.112.144,443,tcp,10.194132000000536,677.0,37904.0,SF,True,False,0,ShADadFf,26,1725,51,39948,ssl,0
11939.577624,CkMhIi1ExukfvhCnAi,10.0.2.15,56851,54.231.112.144,443,TLSv12,TLS_ECDHE_RSA_WITH_AES_128_GCM_SHA256,secp256r1,hello-easybib.s3.amazonaws.com,False,True,CsxknGIi,"['659a3d7684850e6d664f5131f9f8765469b9c7017b7a0e206f8c1c9445cb1c69', 'f9690880819f06cdcc0b2f224b207f2af6003fb57339b8679a160fa95208d62d']",[],1.0,0ffee3ba8e615ad22535e7f771690a28,ea615e28cb25adfb2f261151eab3314f,,,11939.450151,10.0.2.15,56851,54.231.112.144,443,tcp,5.731196000000637,364.0,3040.0,SF,True,False,0,ShADadFfRr,11,812,15,3644,ssl,0
11940.018315,CUd6U53dKskAjKsMof,10.0.2.15,56855,54.192.93.49,443,TLSv12,TLS_ECDHE_RSA_WITH_AES_128_GCM_SHA256,secp256r1,c.cheggcdn.com,False,True,CsxuknGIti,"['1f154fc03af40699fb2ea5bb6ec39a63dd350fddc5dcd497bb4bd2da82da35ce', '074541ecdf88ed992ed5ade3ecddef27a26ba1b44480a195c0a8dadae2521d8e', '3c35cc963eb004451323d3275d05b353235053490d9cd83729a2faf5e7ca1cc0']",[],1.0,0ffee3ba8e615ad22535e7f771690a28,76cc3e2d3028143b23ec18e27dbd7ca9,http/1.1,,11939.555463,10.0.2.15,56855,54.192.93.49,443,tcp,122.98589600000014,785.0,58697.0,SF,True,False,0,ShADadTTfF,43,2524,82,61981,ssl,0
11940.04113,CvAcs420pCdJQuEsjj,10.0.2.15,56856,54.192.93.49,443,TLSv12,TLS_ECDHE_RSA_WITH_AES_128_GCM_SHA256,secp256r1,c.cheggcdn.com,False,True,CsxuknGIti,"['1f154fc03af40699fb2ea5bb6ec39a63dd350fddc5dcd497bb4bd2da82da35ce', '074541ecdf88ed992ed5ade3ecddef27a26ba1b44480a195c0a8dadae2521d8e', '3c35cc963eb004451323d3275d05b353235053490d9cd83729a2faf5e7ca1cc0']",[],1.0,0ffee3ba8e615ad22535e7f771690a28,76cc3e2d3028143b23ec18e27dbd7ca9,http/1.1,,11939.559521,10.0.2.15,56856,54.192.93.49,443,tcp,123.26805500000046,785.0,60412.0,SF,True,False,0,ShADadTTfF,45,2604,84,63776,ssl,0
11940.022566,CRzeze4fPSSPSRCvli,10.0.2.15,56854,52.40.38.183,443,TLSv12,TLS_ECDHE_RSA_WITH_AES_128_GCM_SHA256,secp256r1,www.chegg.com,False,True,CsxknGIi,"['8b1fcebbf5ea9f1c5485491468c38d7767111cab308ae319a69d83564b30f6f3', '074541ecdf88ed992ed5ade3ecddef27a26ba1b44480a195c0a8dadae2521d8e']",[],1.0,0ffee3ba8e615ad22535e7f771690a28,303951d4c50efb2e991652225a6f02b1,,,11939.453188,10.0.2.15,56854,52.40.38.183,443,tcp,63.53339200000119,711.0,10811.0,SF,True,False,0,ShADadTFf,18,1445,25,11815,ssl,0
11940.02849,CiToI42vMvuJUz0JZh,10.0.2.15,56853,52.40.38.183,443,TLSv12,TLS_ECDHE_RSA_WITH_AES_128_GCM_SHA256,secp256r1,www.chegg.com,False,True,CsxknGIi,"['8b1fcebbf5ea9f1c5485491468c38d7767111cab308ae319a69d83564b30f6f3', '074541ecdf88ed992ed5ade3ecddef27a26ba1b44480a195c0a8dadae2521d8e']",[],1.0,0ffee3ba8e615ad22535e7f771690a28,303951d4c50efb2e991652225a6f02b1,,,11939.452384,10.0.2.15,56853,52.40.38.183,443,tcp,63.55245099999957,855.0,4478.0,SF,True,False,0,ShADadTFf,17,1549,18,5202,ssl,0
11940.033949,CVefDi4enhUMFL6bqd,10.0.2.15,56850,52.40.38.183,443,TLSv12,TLS_ECDHE_RSA_WITH_AES_128_GCM_SHA256,secp256r1,www.chegg.com,False,True,CsxknGIi,"['8b1fcebbf5ea9f1c5485491468c38d7767111cab308ae319a69d83564b30f6f3', '074541ecdf88ed992ed5ade3ecddef27a26ba1b44480a195c0a8dadae2521d8e']",[],1.0,0ffee3ba8e615ad22535e7f771690a28,303951d4c50efb2e991652225a6f02b1,,,11939.447829,10.0.2.15,56850,52.40.38.183,443,tcp,7.7711639999997715,347.0,3426.0,SF,True,False,0,ShADadFfRr,11,795,12,3910,ssl,0
11940.037121,Cegnfd4FwQmbID7Pel,10.0.2.15,56849,52.40.38.183,443,TLSv12,TLS_ECDHE_RSA_WITH_AES_128_GCM_SHA256,secp256r1,www.chegg.com,False,True,CsxknGIi,"['8b1fcebbf5ea9f1c5485491468c38d7767111cab308ae319a69d83564b30f6f3', '074541ecdf88ed992ed5ade3ecddef27a26ba1b44480a195c0a8dadae2521d8e']",[],1.0,0ffee3ba8e615ad22535e7f771690a28,303951d4c50efb2e991652225a6f02b1,,,11939.44713,10.0.2.15,56849,52.40.38.183,443,tcp,7.766106999999465,347.0,3426.0,RSTO,True,False,0,ShADadFR,10,755,10,3830,ssl,0
11942.505858,CGjRtKwd1NidQuBag,10.0.2.15,56860,54.93.177.114,443,TLSv12,TLS_ECDHE_RSA_WITH_AES_128_GCM_SHA256,secp256r1,d.agkn.com,False,True,CsxknGIi,"['4eb657cb161b1dd77eddc393538323c14bca9010919c4acb2497c88365f7dbbb', 'bc3f03a436240edba5f83714f6f677e34b37f9b1f0c08c1e558d981e279e8209']",[],1.0,0ffee3ba8e615ad22535e7f771690a28,303951d4c50efb2e991652225a6f02b1,,,11941.9844,10.0.2.15,56860,54.93.177.114,443,tcp,33.892022,865.0,3583.0,SF,True,False,0,ShADadTFf,13,1396,14,4147,ssl,0
11942.507964,C7hUoV1F9YVeSsIMjh,10.0.2.15,56859,173.241.240.212,443,TLSv12,TLS_ECDHE_RSA_WITH_AES_128_GCM_SHA256,secp256r1,uk-ads.openx.net,False,True,CsxknGIi,"['ab7de06ea7a3de3225f335667d38750434931049f9e9cb0cb4a9caf5df22819c', '074541ecdf88ed992ed5ade3ecddef27a26ba1b44480a195c0a8dadae2521d8e']",[],1.0,0ffee3ba8e615ad22535e7f771690a28,699a80bdb17efe157c861f92c5bf5d1d,,,11941.979404,10.0.2.15,56859,173.241.240.212,443,tcp,77.69845700000042,9995.0,37157.0,SF,True,False,0,ShADadTfF,44,11767,63,39681,ssl,0
11943.500609,Cs18jd3SdFYG0hCXU4,10.0.2.15,56864,54.93.177.114,443,TLSv12,TLS_ECDHE_RSA_WITH_AES_128_GCM_SHA256,secp256r1,d.agkn.com,False,True,CsxknGIi,"['4eb657cb161b1dd77eddc393538323c14bca9010919c4acb2497c88365f7dbbb', 'bc3f03a436240edba5f83714f6f677e34b37f9b1f0c08c1e558d981e279e8209']",[],1.0,0ffee3ba8e615ad22535e7f771690a28,303951d4c50efb2e991652225a6f02b1,,,11942.949227,10.0.2.15,56864,54.93.177.114,443,tcp,6.135613000000376,344.0,2795.0,SF,True,False,0,ShADadFRfr,10,752,12,3279,ssl,0
11943.503583,CQIbX11q61IRJcI4W7,10.0.2.15,56861,173.241.240.212,443,TLSv12,TLS_ECDHE_RSA_WITH_AES_128_GCM_SHA256,secp256r1,uk-ads.openx.net,False,True,CsxknGIi,"['ab7de06ea7a3de3225f335667d38750434931049f9e9cb0cb4a9caf5df22819c', '074541ecdf88ed992ed5ade3ecddef27a26ba1b44480a195c0a8dadae2521d8e']",[],1.0,0ffee3ba8e615ad22535e7f771690a28,699a80bdb17efe157c861f92c5bf5d1d,,,11942.947323,10.0.2.15,56861,173.241.240.212,443,tcp,6.141567000000577,350.0,3124.0,SF,True,False,0,ShADadFfRr,10,758,12,3608,ssl,0
11947.032545,CPeSNs26SESpp9nmGi,10.0.2.15,56869,151.101.112.207,443,TLSv12,TLS_ECDHE_RSA_WITH_AES_128_GCM_SHA256,,js-agent.newrelic.com,True,True,CsiI,,,,1a5fe5677b0e4fbbc854e8908225637d,1d0e57c6ae42e9204defa51e5e1cdc4c,http/1.1,,11946.924689,10.0.2.15,56869,151.101.112.207,443,tcp,5.663501000000906,599.0,191.0,SF,True,False,0,ShADadFfRr,8,927,9,555,ssl,0
11947.288704,C5syVY1jw6jNoTJImf,10.0.2.15,56870,162.247.242.18,443,TLSv12,TLS_DHE_RSA_WITH_AES_256_CBC_SHA,,bam.nr-data.net,False,True,CsxknGIi,"['e7489ed1f465ba2b3ce0faef3a43a3895cd097733dbb5b713df8b299270ca145', '074541ecdf88ed992ed5ade3ecddef27a26ba1b44480a195c0a8dadae2521d8e']",[],1.0,0ffee3ba8e615ad22535e7f771690a28,d90fa179c9daf35598ed8341272118f7,,,11947.033462,10.0.2.15,56870,162.247.242.18,443,tcp,96.37336099999992,1376.0,3673.0,SF,True,False,0,ShADadTfF,20,2193,21,4517,ssl,0
11947.2904,CZl6KK3bK6vqhK4APi,10.0.2.15,56871,162.247.242.18,443,TLSv12,TLS_DHE_RSA_WITH_AES_256_CBC_SHA,,bam.nr-data.net,False,True,CsxknGIi,"['e7489ed1f465ba2b3ce0faef3a43a3895cd097733dbb5b713df8b299270ca145', '074541ecdf88ed992ed5ade3ecddef27a26ba1b44480a195c0a8dadae2521d8e']",[],1.0,0ffee3ba8e615ad22535e7f771690a28,d90fa179c9daf35598ed8341272118f7,,,11947.034587,10.0.2.15,56871,162.247.242.18,443,tcp,8.582781999999497,491.0,3476.0,SF,True,False,0,ShADadFf,9,859,10,3880,ssl,0
11949.579644,CMDD612DJ3WXaKhmac,10.0.2.15,56872,85.17.189.108,443,TLSv10,TLS_RSA_WITH_AES_128_CBC_SHA,,clickioadve.com,False,True,CsxnGIti,"['60fa38ae25bf6dc7722599d790d39a4be76de71f7b73ecd613ea9420e9c1697c', '25847d668eb4f04fdd40b12b6b0740c567da7d024308eb6c2c96fe41d9de218d']",[],1.0,0ffee3ba8e615ad22535e7f771690a28,e5816f5d4ef6f17d3a18f3e7b85701a9,,,11949.520675,10.0.2.15,56872,85.17.189.108,443,tcp,2.473697999999785,896.0,4439.0,SF,True,False,0,ShADadfF,9,1264,12,4923,ssl,0
11950.129317,C0pS1r39ytyTDxDhDa,10.0.2.15,56873,85.17.189.108,443,TLSv10,TLS_RSA_WITH_AES_128_CBC_SHA,,clickiocdn.com,True,True,CsiI,,,,1a5fe5677b0e4fbbc854e8908225637d,4192c0a946c5bd9b544b4656d9f624a4,,,11950.05033,10.0.2.15,56873,85.17.189.108,443,tcp,2.621262999999089,1146.0,427.0,SF,True,False,0,ShADadfF,8,1474,9,791,ssl,0
11950.15098,C4DPyrvIATrd3Fpld,10.0.2.15,56874,185.18.187.77,443,TLSv12,TLS_ECDHE_RSA_WITH_AES_256_GCM_SHA384,secp256r1,jsc.mgid.com,False,True,CsxuknGIti,"['f4839f918b085fcaa79bfe24957349300f0cb209ab349ddb9c83f910f1aa76b6', '973a41276ffd01e027a2aad49e34c37846d3e976ff6a620b6712e33832041aa6', '3a2fbe92891e57fe05d57087f48e730f17e5a5f53ef403d618e5b74d7a7e6ecb', 'c3846bf24b9e93ca64274c0ec67c1ecc5e024ffcacd2d74019350e81fe546ae4']",[],1.0,0ffee3ba8e615ad22535e7f771690a28,56b85db39191a25c7b51014bd797544e,http/1.1,,11950.090333,10.0.2.15,56874,185.18.187.77,443,tcp,22.740131999998997,754.0,35620.0,SF,True,False,0,ShADadTFf,21,1604,42,37304,ssl,0
11951.832803,CSH0gPdwKgNfXh7Di,10.0.2.15,56875,64.58.116.132,443,TLSv12,TLS_ECDHE_RSA_WITH_AES_128_GCM_SHA256,secp256r1,servicer.mgid.com,False,True,CsxknGIti,"['1bd5ce3406a4db24599dd1c61b47ecef42bbf6a4d452e6fbd2b5eeca22c367b2', '973a41276ffd01e027a2aad49e34c37846d3e976ff6a620b6712e33832041aa6', '3a2fbe92891e57fe05d57087f48e730f17e5a5f53ef403d618e5b74d7a7e6ecb', 'c3846bf24b9e93ca64274c0ec67c1ecc5e024ffcacd2d74019350e81fe546ae4']",[],1.0,0ffee3ba8e615ad22535e7f771690a28,b898351eb5e266aefd3723d466935494,h2,,11951.629469,10.0.2.15,56875,64.58.116.132,443,tcp,238.83951400000117,1646.0,8322.0,SF,True,False,0,ShADadFf,26,2694,30,9526,ssl,0
11952.815262,CNNKZN1LYV2lJjMFa6,10.0.2.15,56876,78.140.166.6,443,TLSv12,TLS_ECDHE_RSA_WITH_AES_256_GCM_SHA384,secp256r1,cdn.mgid.com,False,True,CsxuknGIti,"['f4839f918b085fcaa79bfe24957349300f0cb209ab349ddb9c83f910f1aa76b6', '973a41276ffd01e027a2aad49e34c37846d3e976ff6a620b6712e33832041aa6', '3a2fbe92891e57fe05d57087f48e730f17e5a5f53ef403d618e5b74d7a7e6ecb', 'c3846bf24b9e93ca64274c0ec67c1ecc5e024ffcacd2d74019350e81fe546ae4']",[],1.0,0ffee3ba8e615ad22535e7f771690a28,56b85db39191a25c7b51014bd797544e,http/1.1,,11952.766001,10.0.2.15,56876,78.140.166.6,443,tcp,23.37824899999941,737.0,10034.0,SF,True,False,0,ShADadTFf,13,1267,18,10758,ssl,0
11953.045107,C0icOx363ZfYQq7853,10.0.2.15,56878,185.18.187.77,443,TLSv12,TLS_ECDHE_RSA_WITH_AES_256_GCM_SHA384,secp256r1,imgg-cdn.mgid.com,False,True,CsxuknGIti,"['f4839f918b085fcaa79bfe24957349300f0cb209ab349ddb9c83f910f1aa76b6', '973a41276ffd01e027a2aad49e34c37846d3e976ff6a620b6712e33832041aa6', '3a2fbe92891e57fe05d57087f48e730f17e5a5f53ef403d618e5b74d7a7e6ecb', 'c3846bf24b9e93ca64274c0ec67c1ecc5e024ffcacd2d74019350e81fe546ae4']",[],1.0,0ffee3ba8e615ad22535e7f771690a28,56b85db39191a25c7b51014bd797544e,http/1.1,,11952.785446,10.0.2.15,56878,185.18.187.77,443,tcp,23.36319899999944,708.0,68097.0,SF,True,False,0,ShADadTFf,36,2158,78,71221,ssl,0
11953.04807,CYNnCl3rF7J3AknjFg,10.0.2.15,56877,185.18.187.77,443,TLSv12,TLS_ECDHE_RSA_WITH_AES_256_GCM_SHA384,secp256r1,imgg-cdn.mgid.com,False,True,CsxuknGIti,"['f4839f918b085fcaa79bfe24957349300f0cb209ab349ddb9c83f910f1aa76b6', '973a41276ffd01e027a2aad49e34c37846d3e976ff6a620b6712e33832041aa6', '3a2fbe92891e57fe05d57087f48e730f17e5a5f53ef403d618e5b74d7a7e6ecb', 'c3846bf24b9e93ca64274c0ec67c1ecc5e024ffcacd2d74019350e81fe546ae4']",[],1.0,0ffee3ba8e615ad22535e7f771690a28,56b85db39191a25c7b51014bd797544e,http/1.1,,11952.784826,10.0.2.15,56877,185.18.187.77,443,tcp,23.338744000000588,708.0,70167.0,SF,True,False,0,ShADadTFf,37,2198,78,73291,ssl,0
11953.160968,Cl2ZnQ3XgOnmflRd4l,10.0.2.15,56881,185.18.187.77,443,TLSv12,TLS_ECDHE_RSA_WITH_AES_256_GCM_SHA384,secp256r1,imgg-cdn.mgid.com,False,True,CsxuknGIti,"['f4839f918b085fcaa79bfe24957349300f0cb209ab349ddb9c83f910f1aa76b6', '973a41276ffd01e027a2aad49e34c37846d3e976ff6a620b6712e33832041aa6', '3a2fbe92891e57fe05d57087f48e730f17e5a5f53ef403d618e5b74d7a7e6ecb', 'c3846bf24b9e93ca64274c0ec67c1ecc5e024ffcacd2d74019350e81fe546ae4']",[],1.0,0ffee3ba8e615ad22535e7f771690a28,56b85db39191a25c7b51014bd797544e,http/1.1,,11953.052698,10.0.2.15,56881,185.18.187.77,443,tcp,6.700483000000531,351.0,7388.0,SF,True,False,0,ShADadFf,11,799,13,7912,ssl,0
11953.168991,ChL1Ll1yDguiE5mH9j,10.0.2.15,56880,185.18.187.77,443,TLSv12,TLS_ECDHE_RSA_WITH_AES_256_GCM_SHA384,secp256r1,imgg-cdn.mgid.com,False,True,CsxuknGIti,"['f4839f918b085fcaa79bfe24957349300f0cb209ab349ddb9c83f910f1aa76b6', '973a41276ffd01e027a2aad49e34c37846d3e976ff6a620b6712e33832041aa6', '3a2fbe92891e57fe05d57087f48e730f17e5a5f53ef403d618e5b74d7a7e6ecb', 'c3846bf24b9e93ca64274c0ec67c1ecc5e024ffcacd2d74019350e81fe546ae4']",[],1.0,0ffee3ba8e615ad22535e7f771690a28,56b85db39191a25c7b51014bd797544e,http/1.1,,11953.051911,10.0.2.15,56880,185.18.187.77,443,tcp,6.7153829999988375,351.0,7388.0,SF,True,False,0,ShADadFf,10,759,13,7912,ssl,0
11954.106569,CWFI8V1fPbybsQ7z13,10.0.2.15,56879,64.58.116.134,443,TLSv12,TLS_ECDHE_RSA_WITH_AES_128_GCM_SHA256,secp256r1,cm.mgid.com,False,True,CsxknGIti,"['1bd5ce3406a4db24599dd1c61b47ecef42bbf6a4d452e6fbd2b5eeca22c367b2', '973a41276ffd01e027a2aad49e34c37846d3e976ff6a620b6712e33832041aa6', '3a2fbe92891e57fe05d57087f48e730f17e5a5f53ef403d618e5b74d7a7e6ecb', 'c3846bf24b9e93ca64274c0ec67c1ecc5e024ffcacd2d74019350e81fe546ae4']",[],1.0,0ffee3ba8e615ad22535e7f771690a28,b898351eb5e266aefd3723d466935494,h2,,11953.049995,10.0.2.15,56879,64.58.116.134,443,tcp,253.06277800000132,2482.0,8094.0,SF,True,False,0,ShADadFf,34,3850,38,9618,ssl,0
11954.142443,CFFAR72s2aTeMfPiQ4,10.0.2.15,56882,64.58.116.134,443,TLSv12,TLS_ECDHE_RSA_WITH_AES_128_GCM_SHA256,secp256r1,cm.mgid.com,False,True,CsxknGIti,"['1bd5ce3406a4db24599dd1c61b47ecef42bbf6a4d452e6fbd2b5eeca22c367b2', '973a41276ffd01e027a2aad49e34c37846d3e976ff6a620b6712e33832041aa6', '3a2fbe92891e57fe05d57087f48e730f17e5a5f53ef403d618e5b74d7a7e6ecb', 'c3846bf24b9e93ca64274c0ec67c1ecc5e024ffcacd2d74019350e81fe546ae4']",[],1.0,0ffee3ba8e615ad22535e7f771690a28,b898351eb5e266aefd3723d466935494,h2,,11953.05343,10.0.2.15,56882,64.58.116.134,443,tcp,3.41453299999921,586.0,5552.0,SF,True,False,0,ShADadFf,12,1074,14,6116,ssl,0
11956.7611,CbKzvZ1UFZFOfYjtz6,10.0.2.15,56883,64.58.116.134,443,TLSv12,TLS_ECDHE_RSA_WITH_AES_256_GCM_SHA384,secp256r1,c.mgid.com,False,True,CsxknGIti,"['1bd5ce3406a4db24599dd1c61b47ecef42bbf6a4d452e6fbd2b5eeca22c367b2', '973a41276ffd01e027a2aad49e34c37846d3e976ff6a620b6712e33832041aa6', '3a2fbe92891e57fe05d57087f48e730f17e5a5f53ef403d618e5b74d7a7e6ecb', 'c3846bf24b9e93ca64274c0ec67c1ecc5e024ffcacd2d74019350e81fe546ae4']",[],1.0,0ffee3ba8e615ad22535e7f771690a28,a39e18564e32e1822751c4af0bfba817,h2,,11956.162785,10.0.2.15,56883,64.58.116.134,443,tcp,1.693277000000307,556.0,5552.0,RSTO,True,False,0,ShADadFR,11,1004,12,6036,ssl,0
11956.762534,Cgjv9lqanklMUerfi,10.0.2.15,56884,64.58.116.134,443,TLSv12,TLS_ECDHE_RSA_WITH_AES_256_GCM_SHA384,secp256r1,c.mgid.com,False,True,CsxknGIti,"['1bd5ce3406a4db24599dd1c61b47ecef42bbf6a4d452e6fbd2b5eeca22c367b2', '973a41276ffd01e027a2aad49e34c37846d3e976ff6a620b6712e33832041aa6', '3a2fbe92891e57fe05d57087f48e730f17e5a5f53ef403d618e5b74d7a7e6ecb', 'c3846bf24b9e93ca64274c0ec67c1ecc5e024ffcacd2d74019350e81fe546ae4']",[],1.0,0ffee3ba8e615ad22535e7f771690a28,a39e18564e32e1822751c4af0bfba817,h2,,11956.174875,10.0.2.15,56884,64.58.116.134,443,tcp,1.682394999999815,556.0,5552.0,RSTR,True,False,0,ShADadFRRRr,13,1084,15,6156,ssl,0
11958.80671,CzkI397aLEd4hZWq7,10.0.2.15,56889,173.241.240.143,443,TLSv12,TLS_ECDHE_RSA_WITH_AES_128_GCM_SHA256,secp256r1,eu-u.openx.net,False,True,CsxknGIi,"['ab7de06ea7a3de3225f335667d38750434931049f9e9cb0cb4a9caf5df22819c', '074541ecdf88ed992ed5ade3ecddef27a26ba1b44480a195c0a8dadae2521d8e']",[],1.0,0ffee3ba8e615ad22535e7f771690a28,699a80bdb17efe157c861f92c5bf5d1d,,,11958.444374,10.0.2.15,56889,173.241.240.143,443,tcp,6.222238999998808,348.0,3124.0,SF,True,False,0,ShADadFfRr,10,756,11,3568,ssl,0
11958.830577,CR6fsoEfeO570KKah,10.0.2.15,56885,216.52.1.12,443,TLSv12,TLS_ECDHE_RSA_WITH_AES_128_GCM_SHA256,secp256r1,loadm.exelator.com,False,True,CsxknGIti,"['df7c62f472c1d3b0d062e9ed1c65f67a88aad738cc232a6b40b55a446e9092f9', '973a41276ffd01e027a2aad49e34c37846d3e976ff6a620b6712e33832041aa6', '3a2fbe92891e57fe05d57087f48e730f17e5a5f53ef403d618e5b74d7a7e6ecb', 'c3846bf24b9e93ca64274c0ec67c1ecc5e024ffcacd2d74019350e81fe546ae4']",[],1.0,0ffee3ba8e615ad22535e7f771690a28,ccc514751b175866924439bdbb5bba34,,,11958.441103,10.0.2.15,56885,216.52.1.12,443,tcp,6.233393000000433,384.0,5433.0,SF,True,False,0,ShADadFf,10,792,12,5917,ssl,0
11958.821155,CHYZy729HZ0IBcLHBg,10.0.2.15,56886,52.17.249.178,443,TLSv12,TLS_ECDHE_RSA_WITH_AES_128_GCM_SHA256,secp256r1,bcp.crwdcntrl.net,False,True,CsxknGIi,"['131513af4a65033acc7234be892849a35819b02b70aba4c428c133a0a88fdd2e', '973a41276ffd01e027a2aad49e34c37846d3e976ff6a620b6712e33832041aa6', '3a2fbe92891e57fe05d57087f48e730f17e5a5f53ef403d618e5b74d7a7e6ecb', 'c3846bf24b9e93ca64274c0ec67c1ecc5e024ffcacd2d74019350e81fe546ae4']",[],1.0,0ffee3ba8e615ad22535e7f771690a28,303951d4c50efb2e991652225a6f02b1,,,11958.442549,10.0.2.15,56886,52.17.249.178,443,tcp,6.256742000001395,383.0,5299.0,SF,True,False,0,ShADadFfRr,11,831,14,5863,ssl,0
11961.126167,CT1KoF4B6ERjSochwe,10.0.2.15,56893,85.17.189.108,443,TLSv10,TLS_RSA_WITH_AES_128_CBC_SHA,,s.clickiocdn.com,True,True,CsiI,,,,1a5fe5677b0e4fbbc854e8908225637d,4192c0a946c5bd9b544b4656d9f624a4,,,11960.800406,10.0.2.15,56893,85.17.189.108,443,tcp,5.976698999998916,613.0,145.0,SF,True,False,0,ShADadFf,8,941,7,429,ssl,0
11961.127065,CM5j6VrfFXc8ECgG7,10.0.2.15,56892,85.17.189.108,443,TLSv10,TLS_RSA_WITH_AES_128_CBC_SHA,,s.clickiocdn.com,True,True,CsiI,,,,1a5fe5677b0e4fbbc854e8908225637d,4192c0a946c5bd9b544b4656d9f624a4,,,11960.798657,10.0.2.15,56892,85.17.189.108,443,tcp,5.962625000000116,613.0,145.0,SF,True,False,0,ShADadFf,8,941,7,429,ssl,0
11962.793157,COzUVk2cEHssMPuIpi,10.0.2.15,56894,87.250.250.119,443,TLSv12,TLS_ECDHE_ECDSA_WITH_AES_128_GCM_SHA256,,mc.yandex.ru,True,True,CsiI,,,,1a5fe5677b0e4fbbc854e8908225637d,02bdc318d9f618eea3e10d0a7ba25ba0,http/1.1,,11962.752677,10.0.2.15,56894,87.250.250.119,443,tcp,66.64096099999915,5308.0,2330.0,SF,True,False,0,ShADadTfF,18,6042,21,3174,ssl,0
11965.089481,Cfcwop3ee4uZpHIVed,10.0.2.15,56895,78.46.61.19,443,TLSv12,TLS_ECDHE_RSA_WITH_AES_256_GCM_SHA384,secp256r1,ads.onlinevideoconverter.com,False,True,CsxknGIti,"['82ac6bc3fa7515a4b33794f5eda154851bffe564cdbad358651cc9076b15ca0e', '25847d668eb4f04fdd40b12b6b0740c567da7d024308eb6c2c96fe41d9de218d']",[],1.0,0ffee3ba8e615ad22535e7f771690a28,2b33c1374db4ddf06942f92373c0b54b,http/1.1,,11965.059943,10.0.2.15,56895,78.46.61.19,443,tcp,10.773471000000429,1510.0,4628.0,SF,True,False,0,ShADadfF,10,1918,14,5192,ssl,0
11967.479653,CJH4gm4G1Wiurza8U4,10.0.2.15,56896,85.17.189.108,443,TLSv10,TLS_RSA_WITH_AES_128_CBC_SHA,,clickiocdn.com,True,True,CsiI,,,,1a5fe5677b0e4fbbc854e8908225637d,4192c0a946c5bd9b544b4656d9f624a4,,,11967.448223,10.0.2.15,56896,85.17.189.108,443,tcp,3.738158000000112,3762.0,3903.0,SF,True,False,0,ShADadfF,15,4370,19,4667,ssl,0
11969.961567,Cw7O8a1KDcDgVVdxEi,10.0.2.15,56899,85.17.189.108,443,TLSv10,TLS_RSA_WITH_AES_128_CBC_SHA,,clickiocdn.com,True,True,CsiI,,,,1a5fe5677b0e4fbbc854e8908225637d,4192c0a946c5bd9b544b4656d9f624a4,,,11969.138871,10.0.2.15,56899,85.17.189.108,443,tcp,7.009691000001112,613.0,145.0,SF,True,False,0,ShADadFf,7,901,7,429,ssl,0
11970.001237,Cy1cqx3E0eLDfEilY2,10.0.2.15,56900,85.17.189.108,443,TLSv10,TLS_RSA_WITH_AES_128_CBC_SHA,,clickiocdn.com,True,True,CsiI,,,,1a5fe5677b0e4fbbc854e8908225637d,4192c0a946c5bd9b544b4656d9f624a4,,,11969.139419,10.0.2.15,56900,85.17.189.108,443,tcp,6.984078000001318,613.0,145.0,SF,True,False,0,ShADadFf,8,941,7,429,ssl,0
11969.986584,C33KOd4xKmiScULA67,10.0.2.15,56897,173.241.240.212,443,TLSv12,TLS_ECDHE_RSA_WITH_AES_128_GCM_SHA256,secp256r1,uk-ads.openx.net,False,True,CsxknGIi,"['ab7de06ea7a3de3225f335667d38750434931049f9e9cb0cb4a9caf5df22819c', '074541ecdf88ed992ed5ade3ecddef27a26ba1b44480a195c0a8dadae2521d8e']",[],1.0,0ffee3ba8e615ad22535e7f771690a28,699a80bdb17efe157c861f92c5bf5d1d,,,11969.137314,10.0.2.15,56897,173.241.240.212,443,tcp,6.938407999999981,382.0,3124.0,SF,True,False,0,ShADadFfRr,10,790,11,3568,ssl,0
11969.99352,Cpm9x83xxqus38SxSf,10.0.2.15,56898,173.241.240.212,443,TLSv12,TLS_ECDHE_RSA_WITH_AES_128_GCM_SHA256,secp256r1,uk-ads.openx.net,False,True,CsxknGIi,"['ab7de06ea7a3de3225f335667d38750434931049f9e9cb0cb4a9caf5df22819c', '074541ecdf88ed992ed5ade3ecddef27a26ba1b44480a195c0a8dadae2521d8e']",[],1.0,0ffee3ba8e615ad22535e7f771690a28,699a80bdb17efe157c861f92c5bf5d1d,,,11969.13823,10.0.2.15,56898,173.241.240.212,443,tcp,6.645610999999917,382.0,3124.0,SF,True,False,0,ShADadFfRr,10,790,11,3568,ssl,0
11973.02251,CQIZHw4EumLbsIXL2j,10.0.2.15,56903,173.241.240.212,443,TLSv12,TLS_ECDHE_RSA_WITH_AES_128_GCM_SHA256,secp256r1,uk-ads.openx.net,False,True,CsxknGIi,"['ab7de06ea7a3de3225f335667d38750434931049f9e9cb0cb4a9caf5df22819c', '074541ecdf88ed992ed5ade3ecddef27a26ba1b44480a195c0a8dadae2521d8e']",[],1.0,0ffee3ba8e615ad22535e7f771690a28,699a80bdb17efe157c861f92c5bf5d1d,,,11972.339932,10.0.2.15,56903,173.241.240.212,443,tcp,34.888858999998774,1205.0,4385.0,SF,True,False,0,ShADadTfF,14,1775,16,5029,ssl,0
11973.023604,Cf6A871gtXDNKEfRa3,10.0.2.15,56902,173.241.240.212,443,TLSv12,TLS_ECDHE_RSA_WITH_AES_128_GCM_SHA256,secp256r1,uk-ads.openx.net,False,True,CsxknGIi,"['ab7de06ea7a3de3225f335667d38750434931049f9e9cb0cb4a9caf5df22819c', '074541ecdf88ed992ed5ade3ecddef27a26ba1b44480a195c0a8dadae2521d8e']",[],1.0,0ffee3ba8e615ad22535e7f771690a28,699a80bdb17efe157c861f92c5bf5d1d,,,11972.32959,10.0.2.15,56902,173.241.240.212,443,tcp,9.65007400000104,382.0,3093.0,RSTO,True,False,0,ShADadFR,9,750,9,3457,ssl,0
11973.025625,CxyauW0UM3htmBev1,10.0.2.15,56901,173.241.240.212,443,TLSv12,TLS_ECDHE_RSA_WITH_AES_128_GCM_SHA256,secp256r1,uk-ads.openx.net,False,True,CsxknGIi,"['ab7de06ea7a3de3225f335667d38750434931049f9e9cb0cb4a9caf5df22819c', '074541ecdf88ed992ed5ade3ecddef27a26ba1b44480a195c0a8dadae2521d8e']",[],1.0,0ffee3ba8e615ad22535e7f771690a28,699a80bdb17efe157c861f92c5bf5d1d,,,11972.327325,10.0.2.15,56901,173.241.240.212,443,tcp,12.881070999999793,382.0,3124.0,SF,True,False,0,ShADadTFfRr,11,831,12,3608,ssl,0
11977.003188,C52WcG1ThLnd7JokWd,10.0.2.15,56907,85.17.189.108,443,TLSv10,TLS_RSA_WITH_AES_128_CBC_SHA,,clickioadve.com,True,True,CsiI,,,,1a5fe5677b0e4fbbc854e8908225637d,4192c0a946c5bd9b544b4656d9f624a4,,,11976.450639,10.0.2.15,56907,85.17.189.108,443,tcp,6.218711999999869,970.0,1131.0,SF,True,False,0,ShADadfF,8,1298,9,1495,ssl,0
11977.004241,CzvMHo166eDqchQ2k5,10.0.2.15,56908,85.17.189.108,443,TLSv10,TLS_RSA_WITH_AES_128_CBC_SHA,,clickioadve.com,True,True,CsiI,,,,1a5fe5677b0e4fbbc854e8908225637d,4192c0a946c5bd9b544b4656d9f624a4,,,11976.465286,10.0.2.15,56908,85.17.189.108,443,tcp,6.086191000000326,613.0,145.0,SF,True,False,0,ShADadFf,7,901,7,429,ssl,0
11989.705053,Cx5oFbzQ3QDZmgqma,10.0.2.15,56925,85.17.189.108,443,TLSv10,TLS_RSA_WITH_AES_128_CBC_SHA,,clickiocdn.com,True,True,CsiI,,,,1a5fe5677b0e4fbbc854e8908225637d,4192c0a946c5bd9b544b4656d9f624a4,,,11988.804718,10.0.2.15,56925,85.17.189.108,443,tcp,5.997887000001356,2334.0,917.0,SF,True,False,0,ShADadfF,13,2862,13,1441,ssl,0
11989.705594,CQ4w4n36JjeZXN6Yz,10.0.2.15,56924,85.17.189.108,443,TLSv10,TLS_RSA_WITH_AES_128_CBC_SHA,,clickioadve.com,True,True,CsiI,,,,1a5fe5677b0e4fbbc854e8908225637d,4192c0a946c5bd9b544b4656d9f624a4,,,11988.803837,10.0.2.15,56924,85.17.189.108,443,tcp,5.279515000000174,1364.0,2064.0,SF,True,False,0,ShADadfF,11,1812,11,2508,ssl,0
11989.706119,CfbS2o1pIwwcv1jy46,10.0.2.15,56923,85.17.189.108,443,TLSv10,TLS_RSA_WITH_AES_128_CBC_SHA,,clickioadve.com,True,True,CsiI,,,,1a5fe5677b0e4fbbc854e8908225637d,4192c0a946c5bd9b544b4656d9f624a4,,,11988.802477,10.0.2.15,56923,85.17.189.108,443,tcp,8.503199000000677,613.0,145.0,SF,True,False,0,ShADadFf,8,941,7,429,ssl,0
11990.554044,Cw7EAE4csOoepIDlql,10.0.2.15,56930,216.58.201.98,443,TLSv12,TLS_ECDHE_RSA_WITH_AES_128_GCM_SHA256,x25519,googleads.g.doubleclick.net,False,True,CsxknGIti,"['a32ffddd76f9e7debbfc9a37b38d2ef86039b30a10d7c45ab8223d149cf99699', '9f630426df1d8abfd80ace98871ba833ab9742cb34838de2b5285ed54c0c7dcc', '3c35cc963eb004451323d3275d05b353235053490d9cd83729a2faf5e7ca1cc0']",[],1.0,0ffee3ba8e615ad22535e7f771690a28,ab41313cfec25328b20865eb1388e0a2,h2,,11990.409706,10.0.2.15,56930,216.58.201.98,443,tcp,4.068030999998882,3626.0,29293.0,SF,True,False,0,ShADadFf,34,4994,52,31377,ssl,0
11992.614605,CIJ0C02tfYOhq7v3z9,10.0.2.15,56936,216.52.1.12,443,TLSv12,TLS_ECDHE_RSA_WITH_AES_128_GCM_SHA256,secp256r1,loadm.exelator.com,False,True,CsxknGIti,"['df7c62f472c1d3b0d062e9ed1c65f67a88aad738cc232a6b40b55a446e9092f9', '973a41276ffd01e027a2aad49e34c37846d3e976ff6a620b6712e33832041aa6', '3a2fbe92891e57fe05d57087f48e730f17e5a5f53ef403d618e5b74d7a7e6ecb', 'c3846bf24b9e93ca64274c0ec67c1ecc5e024ffcacd2d74019350e81fe546ae4']",[],1.0,1a5fe5677b0e4fbbc854e8908225637d,ccc514751b175866924439bdbb5bba34,,,11992.163129,10.0.2.15,56936,216.52.1.12,443,tcp,3.712926999998672,4120.0,6271.0,SF,True,False,0,ShADadfF,13,4648,16,6915,ssl,0
11992.623666,CR5wBd4TI8Zsvw1hJb,10.0.2.15,56935,52.210.15.176,443,TLSv12,TLS_ECDHE_RSA_WITH_AES_128_GCM_SHA256,secp256r1,bcp.crwdcntrl.net,False,True,CsxknGIi,"['131513af4a65033acc7234be892849a35819b02b70aba4c428c133a0a88fdd2e', '973a41276ffd01e027a2aad49e34c37846d3e976ff6a620b6712e33832041aa6', '3a2fbe92891e57fe05d57087f48e730f17e5a5f53ef403d618e5b74d7a7e6ecb', 'c3846bf24b9e93ca64274c0ec67c1ecc5e024ffcacd2d74019350e81fe546ae4']",[],1.0,0ffee3ba8e615ad22535e7f771690a28,303951d4c50efb2e991652225a6f02b1,,,11992.159962,10.0.2.15,56935,52.210.15.176,443,tcp,66.72426500000074,5360.0,5967.0,SF,True,False,0,ShADadTFf,21,6214,24,6931,ssl,0
11992.634035,CtrcdJ1jpgmC308zZj,10.0.2.15,56934,52.210.15.176,443,TLSv12,TLS_ECDHE_RSA_WITH_AES_128_GCM_SHA256,secp256r1,bcp.crwdcntrl.net,False,True,CsxknGIi,"['131513af4a65033acc7234be892849a35819b02b70aba4c428c133a0a88fdd2e', '973a41276ffd01e027a2aad49e34c37846d3e976ff6a620b6712e33832041aa6', '3a2fbe92891e57fe05d57087f48e730f17e5a5f53ef403d618e5b74d7a7e6ecb', 'c3846bf24b9e93ca64274c0ec67c1ecc5e024ffcacd2d74019350e81fe546ae4']",[],1.0,0ffee3ba8e615ad22535e7f771690a28,303951d4c50efb2e991652225a6f02b1,,,11992.157069,10.0.2.15,56934,52.210.15.176,443,tcp,7.248531999999614,351.0,5299.0,SF,True,False,0,ShADadFfRr,11,799,13,5823,ssl,0
11992.636173,COn00v1oxRL5dqJgQ6,10.0.2.15,56933,216.52.1.12,443,TLSv12,TLS_ECDHE_RSA_WITH_AES_128_GCM_SHA256,secp256r1,loadm.exelator.com,False,True,CsxknGIti,"['df7c62f472c1d3b0d062e9ed1c65f67a88aad738cc232a6b40b55a446e9092f9', '973a41276ffd01e027a2aad49e34c37846d3e976ff6a620b6712e33832041aa6', '3a2fbe92891e57fe05d57087f48e730f17e5a5f53ef403d618e5b74d7a7e6ecb', 'c3846bf24b9e93ca64274c0ec67c1ecc5e024ffcacd2d74019350e81fe546ae4']",[],1.0,1a5fe5677b0e4fbbc854e8908225637d,ccc514751b175866924439bdbb5bba34,,,11992.155581,10.0.2.15,56933,216.52.1.12,443,tcp,6.128441999999268,4120.0,6271.0,SF,True,False,0,ShADadfF,13,4648,15,6875,ssl,0
11993.33081,Cwqzw53b4TKDyaFSph,10.0.2.15,56937,185.18.187.77,443,TLSv12,TLS_ECDHE_RSA_WITH_AES_256_GCM_SHA384,,jsc.mgid.com,True,True,CsiI,,,,1a5fe5677b0e4fbbc854e8908225637d,02096378b3237b7e4b9a2cd08715cf34,http/1.1,,11992.642411,10.0.2.15,56937,185.18.187.77,443,tcp,26.28180299999985,1377.0,56686.0,SF,True,False,0,ShADadTFf,30,2587,63,59210,ssl,0
11994.668671,CgLvE91trVuKXpz6mf,10.0.2.15,56939,185.18.187.77,443,TLSv12,TLS_ECDHE_RSA_WITH_AES_256_GCM_SHA384,,jsc.mgid.com,True,True,CsiI,,,,1a5fe5677b0e4fbbc854e8908225637d,02096378b3237b7e4b9a2cd08715cf34,http/1.1,,11994.503142,10.0.2.15,56939,185.18.187.77,443,tcp,8.034286000000066,599.0,156.0,SF,True,False,0,ShADadFf,7,887,7,440,ssl,0
11994.66955,CXr8Un3FBv90NOCKba,10.0.2.15,56938,185.18.187.77,443,TLSv12,TLS_ECDHE_RSA_WITH_AES_256_GCM_SHA384,,jsc.mgid.com,True,True,CsiI,,,,1a5fe5677b0e4fbbc854e8908225637d,02096378b3237b7e4b9a2cd08715cf34,http/1.1,,11994.498613,10.0.2.15,56938,185.18.187.77,443,tcp,7.979150000001027,599.0,156.0,SF,True,False,0,ShADadFf,7,887,7,440,ssl,0
11995.62277,C9vMG64WcHuFvyr958,10.0.2.15,56944,216.58.201.98,443,TLSv12,TLS_ECDHE_RSA_WITH_AES_128_GCM_SHA256,,googleads.g.doubleclick.net,True,True,CsiI,,,,1a5fe5677b0e4fbbc854e8908225637d,67619a80665d7ab92d1041b1d11f9164,h2,,11994.803757,10.0.2.15,56944,216.58.201.98,443,tcp,205.4843600000004,7004.0,16299.0,SF,True,False,0,ShADadFf,49,8972,66,18943,ssl,0
11998.407037,CkvsdBz6loj9Km2P3,10.0.2.15,56947,185.18.187.77,443,TLSv12,TLS_ECDHE_RSA_WITH_AES_256_GCM_SHA384,,imgg-cdn.mgid.com,True,True,CsiI,,,,1a5fe5677b0e4fbbc854e8908225637d,02096378b3237b7e4b9a2cd08715cf34,http/1.1,,11997.429298,10.0.2.15,56947,185.18.187.77,443,tcp,33.17589300000145,969.0,166175.0,SF,True,False,0,ShADadTFf,75,3979,172,173059,ssl,0
11998.40447,C4d5td2zX8QxWbflS1,10.0.2.15,56946,185.18.187.77,443,TLSv12,TLS_ECDHE_RSA_WITH_AES_256_GCM_SHA384,,imgg-cdn.mgid.com,True,True,CsiI,,,,1a5fe5677b0e4fbbc854e8908225637d,02096378b3237b7e4b9a2cd08715cf34,http/1.1,,11997.428239,10.0.2.15,56946,185.18.187.77,443,tcp,26.75548799999888,969.0,63802.0,SF,True,False,0,ShADadTFf,33,2299,67,66486,ssl,0
11998.45237,CJouVI2V1yO3cqbkX9,10.0.2.15,56953,185.18.187.77,443,TLSv12,TLS_ECDHE_RSA_WITH_AES_256_GCM_SHA384,,imgg-cdn.mgid.com,True,True,CsiI,,,,1a5fe5677b0e4fbbc854e8908225637d,02096378b3237b7e4b9a2cd08715cf34,http/1.1,,11997.436257,10.0.2.15,56953,185.18.187.77,443,tcp,8.92081700000017,599.0,156.0,SF,True,False,0,ShADadFf,8,927,7,440,ssl,0
11998.433911,CBEbdz1HOwOpB4xt43,10.0.2.15,56952,185.18.187.77,443,TLSv12,TLS_ECDHE_RSA_WITH_AES_256_GCM_SHA384,,imgg-cdn.mgid.com,True,True,CsiI,,,,1a5fe5677b0e4fbbc854e8908225637d,02096378b3237b7e4b9a2cd08715cf34,http/1.1,,11997.435639,10.0.2.15,56952,185.18.187.77,443,tcp,8.95625100000143,599.0,156.0,SF,True,False,0,ShADadFf,8,927,7,440,ssl,0
11998.421442,CEMQoM3jKTPJrsOyb5,10.0.2.15,56951,185.18.187.77,443,TLSv12,TLS_ECDHE_RSA_WITH_AES_256_GCM_SHA384,,imgg-cdn.mgid.com,True,True,CsiI,,,,1a5fe5677b0e4fbbc854e8908225637d,02096378b3237b7e4b9a2cd08715cf34,http/1.1,,11997.434769,10.0.2.15,56951,185.18.187.77,443,tcp,33.36544700000013,969.0,137400.0,SF,True,False,0,ShADadTFf,69,3739,145,143204,ssl,0
11998.413387,CLBAsZ3r1dEy6R3jgd,10.0.2.15,56948,185.18.187.77,443,TLSv12,TLS_ECDHE_RSA_WITH_AES_256_GCM_SHA384,,imgg-cdn.mgid.com,True,True,CsiI,,,,1a5fe5677b0e4fbbc854e8908225637d,02096378b3237b7e4b9a2cd08715cf34,http/1.1,,11997.429831,10.0.2.15,56948,185.18.187.77,443,tcp,26.779506000000765,969.0,44318.0,SF,True,False,0,ShADadTFf,25,1979,49,46282,ssl,0
11998.502076,C1lxkR99LIBlaNHS6,10.0.2.15,56954,173.241.240.143,443,TLSv12,TLS_ECDHE_RSA_WITH_AES_128_GCM_SHA256,secp256r1,eu-u.openx.net,False,True,CsxknGIi,"['ab7de06ea7a3de3225f335667d38750434931049f9e9cb0cb4a9caf5df22819c', '074541ecdf88ed992ed5ade3ecddef27a26ba1b44480a195c0a8dadae2521d8e']",[],1.0,0ffee3ba8e615ad22535e7f771690a28,699a80bdb17efe157c861f92c5bf5d1d,,,11997.436788,10.0.2.15,56954,173.241.240.143,443,tcp,9.01399499999934,380.0,3124.0,SF,True,False,0,ShADadFfRr,11,828,12,3608,ssl,0
11998.455066,CffGAy6qlbi1I1iT5,10.0.2.15,56950,173.241.240.143,443,TLSv12,TLS_ECDHE_RSA_WITH_AES_128_GCM_SHA256,secp256r1,eu-u.openx.net,False,True,CsxknGIi,"['ab7de06ea7a3de3225f335667d38750434931049f9e9cb0cb4a9caf5df22819c', '074541ecdf88ed992ed5ade3ecddef27a26ba1b44480a195c0a8dadae2521d8e']",[],1.0,0ffee3ba8e615ad22535e7f771690a28,699a80bdb17efe157c861f92c5bf5d1d,,,11997.433116,10.0.2.15,56950,173.241.240.143,443,tcp,8.033284999999523,380.0,3124.0,SF,True,False,0,ShADadFfRr,11,828,12,3608,ssl,0
11998.448015,CpAJjD1HY61RtSoQZ9,10.0.2.15,56949,173.241.240.143,443,TLSv12,TLS_ECDHE_RSA_WITH_AES_128_GCM_SHA256,secp256r1,eu-u.openx.net,False,True,CsxknGIi,"['ab7de06ea7a3de3225f335667d38750434931049f9e9cb0cb4a9caf5df22819c', '074541ecdf88ed992ed5ade3ecddef27a26ba1b44480a195c0a8dadae2521d8e']",[],1.0,0ffee3ba8e615ad22535e7f771690a28,699a80bdb17efe157c861f92c5bf5d1d,,,11997.430694,10.0.2.15,56949,173.241.240.143,443,tcp,16.268917999999758,3064.0,5731.0,SF,True,False,0,ShADadFfRr,17,3752,19,6495,ssl,0
11998.594054,CLQ0ne4hYrpIFwRqUd,10.0.2.15,56945,52.216.81.88,443,TLSv12,TLS_ECDHE_RSA_WITH_AES_128_GCM_SHA256,secp256r1,load.s3.amazonaws.com,False,True,CsxknGIi,"['659a3d7684850e6d664f5131f9f8765469b9c7017b7a0e206f8c1c9445cb1c69', 'f9690880819f06cdcc0b2f224b207f2af6003fb57339b8679a160fa95208d62d']",[],1.0,0ffee3ba8e615ad22535e7f771690a28,ea615e28cb25adfb2f261151eab3314f,,,11997.426803,10.0.2.15,56945,52.216.81.88,443,tcp,8.412411999999676,355.0,3040.0,RSTO,True,False,0,ShADadFR,10,763,11,3484,ssl,0
11999.747979,CXm7pp36YLfC4PYgAd,10.0.2.15,56962,173.241.240.143,443,TLSv12,TLS_ECDHE_RSA_WITH_AES_128_GCM_SHA256,secp256r1,eu-u.openx.net,False,True,CsxknGIi,"['ab7de06ea7a3de3225f335667d38750434931049f9e9cb0cb4a9caf5df22819c', '074541ecdf88ed992ed5ade3ecddef27a26ba1b44480a195c0a8dadae2521d8e']",[],1.0,0ffee3ba8e615ad22535e7f771690a28,699a80bdb17efe157c861f92c5bf5d1d,,,11997.756962,10.0.2.15,56962,173.241.240.143,443,tcp,8.460001999999804,380.0,3124.0,SF,True,False,0,ShADadFfRr,10,788,11,3568,ssl,0
11999.271902,C9feqe41NHOYpyixqj,10.0.2.15,56957,95.100.191.4,443,TLSv12,TLS_ECDHE_RSA_WITH_AES_256_GCM_SHA384,,sb.scorecardresearch.com,True,True,CsiI,,,,1a5fe5677b0e4fbbc854e8908225637d,410b9bedaf65dd26c6fe547154d60db4,http/1.1,,11997.746438,10.0.2.15,56957,95.100.191.4,443,tcp,8.566344999999274,599.0,183.0,SF,True,False,0,ShADadFfRr,8,927,9,547,ssl,0
11999.448472,C92uXbPzUCSu79NFi,10.0.2.15,56961,185.18.187.77,443,TLSv12,TLS_ECDHE_RSA_WITH_AES_256_GCM_SHA384,,imgg-cdn.mgid.com,True,True,CsiI,,,,1a5fe5677b0e4fbbc854e8908225637d,02096378b3237b7e4b9a2cd08715cf34,http/1.1,,11997.755513,10.0.2.15,56961,185.18.187.77,443,tcp,8.590078999999605,599.0,156.0,SF,True,False,0,ShADadFf,7,887,7,440,ssl,0
11999.449437,CJINEh43wuoHODXZXc,10.0.2.15,56959,185.18.187.77,443,TLSv12,TLS_ECDHE_RSA_WITH_AES_256_GCM_SHA384,,imgg-cdn.mgid.com,True,True,CsiI,,,,1a5fe5677b0e4fbbc854e8908225637d,02096378b3237b7e4b9a2cd08715cf34,http/1.1,,11997.75219,10.0.2.15,56959,185.18.187.77,443,tcp,8.646509000000151,599.0,156.0,SF,True,False,0,ShADadFf,8,927,7,440,ssl,0
11999.455402,CHANer3XmwGqbclrtg,10.0.2.15,56960,185.18.187.77,443,TLSv12,TLS_ECDHE_RSA_WITH_AES_256_GCM_SHA384,,imgg-cdn.mgid.com,True,True,CsiI,,,,1a5fe5677b0e4fbbc854e8908225637d,02096378b3237b7e4b9a2cd08715cf34,http/1.1,,11997.754277,10.0.2.15,56960,185.18.187.77,443,tcp,8.551589000000604,599.0,156.0,SF,True,False,0,ShADadFf,8,927,7,440,ssl,0
11999.256308,CjSia37NnHq4wV0fk,10.0.2.15,56956,172.217.23.228,443,TLSv12,TLS_ECDHE_RSA_WITH_AES_128_GCM_SHA256,x25519,www.google.com,False,True,CsxknGIti,"['956e194960c68ac27a798b9de5f275ac1b0d80576783cff18c752250b5f1f519', '9f630426df1d8abfd80ace98871ba833ab9742cb34838de2b5285ed54c0c7dcc', '3c35cc963eb004451323d3275d05b353235053490d9cd83729a2faf5e7ca1cc0']",[],1.0,0ffee3ba8e615ad22535e7f771690a28,ab41313cfec25328b20865eb1388e0a2,h2,,11997.745833,10.0.2.15,56956,172.217.23.228,443,tcp,433.5559809999995,10545.0,30223.0,SF,True,False,0,ShADadFf,89,14113,119,34987,ssl,0
11999.278167,CKf10G4qG35aKutlaa,10.0.2.15,56955,82.199.68.72,443,TLSv12,TLS_RSA_WITH_AES_256_CBC_SHA,,bs.serving-sys.com,False,True,CsxnGIi,"['da83f8402756964819e846696c134edb748ee8801ff17fcfd761d886058327c8', '3f3af9c9cc2c7599ef8f6dd7ca516cfc1797d7d12002254f3bfd0d4d0fe9de86']",[],1.0,0ffee3ba8e615ad22535e7f771690a28,0a917d753018dad73d9899ace370f8d8,,,11997.744387,10.0.2.15,56955,82.199.68.72,443,tcp,26.245397999999117,3027.0,6619.0,SF,True,False,0,ShADadTfF,14,3596,15,7223,ssl,0
11999.451611,Cwamz14AfrIDXT2R26,10.0.2.15,56963,82.199.68.72,443,TLSv12,TLS_RSA_WITH_AES_256_CBC_SHA,,bs.serving-sys.com,False,True,CsxnGIi,"['da83f8402756964819e846696c134edb748ee8801ff17fcfd761d886058327c8', '3f3af9c9cc2c7599ef8f6dd7ca516cfc1797d7d12002254f3bfd0d4d0fe9de86']",[],1.0,0ffee3ba8e615ad22535e7f771690a28,0a917d753018dad73d9899ace370f8d8,,,11998.001519,10.0.2.15,56963,82.199.68.72,443,tcp,9.68215600000076,622.0,2673.0,SF,True,False,0,ShADadFf,9,990,9,3037,ssl,0
11999.454526,Cryxyz39QyvGt5PFDl,10.0.2.15,56964,172.217.23.228,443,TLSv12,TLS_ECDHE_RSA_WITH_AES_128_GCM_SHA256,x25519,www.google.com,False,True,CsxknGIti,"['956e194960c68ac27a798b9de5f275ac1b0d80576783cff18c752250b5f1f519', '9f630426df1d8abfd80ace98871ba833ab9742cb34838de2b5285ed54c0c7dcc', '3c35cc963eb004451323d3275d05b353235053490d9cd83729a2faf5e7ca1cc0']",[],1.0,0ffee3ba8e615ad22535e7f771690a28,ab41313cfec25328b20865eb1388e0a2,h2,,11998.003924,10.0.2.15,56964,172.217.23.228,443,tcp,9.040473999999447,556.0,3875.0,SF,True,False,0,ShADadFf,13,1084,13,4399,ssl,0
12008.079009,CdwKcq14F1K4P7nsRa,10.0.2.15,56977,104.16.88.20,443,TLSv12,TLS_ECDHE_ECDSA_WITH_AES_128_GCM_SHA256,secp256r1,cdn.jsdelivr.net,False,True,CsxuknGIti,"['11acb4b20d3d12a42329cd60422a57916068935247c8a8a2be866130162a5c90', 'cd6c108a0e641f2ca122aaa6d03f826759cae7c6f800eabf76dc48b67cd083ce', '9573862ac0b4b125168810ea3fd101ae2eb0bb15f61fc0e6da7a2a38b85a89e8']",[],1.0,0ffee3ba8e615ad22535e7f771690a28,7d3eb4120cd50e889bcd3f3783be0f82,h2,,12007.509388,10.0.2.15,56977,104.16.88.20,443,tcp,293.3074969999998,1576.0,56485.0,SF,True,False,0,ShADadFf,44,3344,71,59329,ssl,0
12009.220282,C0LYdgUjOMXpMi8C3,10.0.2.15,56979,104.16.88.20,443,TLSv12,TLS_ECDHE_ECDSA_WITH_AES_128_GCM_SHA256,secp256r1,cdn.jsdelivr.net,False,True,CsxuknGIti,"['11acb4b20d3d12a42329cd60422a57916068935247c8a8a2be866130162a5c90', 'cd6c108a0e641f2ca122aaa6d03f826759cae7c6f800eabf76dc48b67cd083ce', '9573862ac0b4b125168810ea3fd101ae2eb0bb15f61fc0e6da7a2a38b85a89e8']",[],1.0,0ffee3ba8e615ad22535e7f771690a28,7d3eb4120cd50e889bcd3f3783be0f82,h2,,12008.549219,10.0.2.15,56979,104.16.88.20,443,tcp,2.386698000000251,797.0,13022.0,SF,True,False,0,ShADadFf,16,1445,22,13906,ssl,0
12010.567072,CWHNky4tOG5apaQer7,10.0.2.15,56981,172.217.23.194,443,TLSv12,TLS_ECDHE_RSA_WITH_AES_128_GCM_SHA256,x25519,cm.g.doubleclick.net,False,True,CsxknGIti,"['a32ffddd76f9e7debbfc9a37b38d2ef86039b30a10d7c45ab8223d149cf99699', '9f630426df1d8abfd80ace98871ba833ab9742cb34838de2b5285ed54c0c7dcc', '3c35cc963eb004451323d3275d05b353235053490d9cd83729a2faf5e7ca1cc0']",[],1.0,0ffee3ba8e615ad22535e7f771690a28,ab41313cfec25328b20865eb1388e0a2,h2,,12009.401686,10.0.2.15,56981,172.217.23.194,443,tcp,4.956762000001618,353.0,4047.0,SF,True,False,0,ShADadFf,9,721,10,4451,ssl,0
12010.915307,CA1Cq6xUKz34gcTib,10.0.2.15,56982,95.100.185.88,443,TLSv12,TLS_ECDHE_RSA_WITH_AES_256_GCM_SHA384,,secure-ds.serving-sys.com,True,True,CsiI,,,,1a5fe5677b0e4fbbc854e8908225637d,410b9bedaf65dd26c6fe547154d60db4,http/1.1,,12010.57018,10.0.2.15,56982,95.100.185.88,443,tcp,126.944062999999,2210.0,100284.0,SF,True,False,0,ShADadTTFfRr,54,4390,118,105008,ssl,0
12010.919336,CCCBiU2wAoRBlgTEG,10.0.2.15,56983,95.100.185.88,443,TLSv12,TLS_ECDHE_RSA_WITH_AES_256_GCM_SHA384,,secure-ds.serving-sys.com,True,True,CsiI,,,,1a5fe5677b0e4fbbc854e8908225637d,410b9bedaf65dd26c6fe547154d60db4,http/1.1,,12010.571332,10.0.2.15,56983,95.100.185.88,443,tcp,8.600968000000648,599.0,183.0,RSTO,True,False,0,ShADadFR,7,887,7,467,ssl,0
12010.920206,CzLJga0Yoqjl955f6,10.0.2.15,56984,95.100.185.88,443,TLSv12,TLS_ECDHE_RSA_WITH_AES_256_GCM_SHA384,,secure-ds.serving-sys.com,True,True,CsiI,,,,1a5fe5677b0e4fbbc854e8908225637d,410b9bedaf65dd26c6fe547154d60db4,http/1.1,,12010.572121,10.0.2.15,56984,95.100.185.88,443,tcp,8.576050000001487,599.0,183.0,SF,True,False,0,ShADadFfRr,8,927,9,547,ssl,0
12018.809875,CijWaU1bOaOPkJJpBh,10.0.2.15,56997,172.217.23.194,443,TLSv12,TLS_ECDHE_RSA_WITH_AES_128_GCM_SHA256,,cm.g.doubleclick.net,True,True,CsiI,,,,1a5fe5677b0e4fbbc854e8908225637d,67619a80665d7ab92d1041b1d11f9164,h2,,12015.839541,10.0.2.15,56997,172.217.23.194,443,tcp,285.33831199999986,1875.0,1587.0,SF,True,False,0,ShADadFf,29,3043,30,2791,ssl,0
12016.50609,Cq7pvJ1e3NsPnVgtJ2,10.0.2.15,56995,172.217.23.238,443,TLSv12,TLS_ECDHE_ECDSA_WITH_AES_128_GCM_SHA256,x25519,www.youtube.com,False,True,CsxknGIti,"['11ddd329046367c19b32ffdb02ed308de129de4d6ffcf95856d7bd6a7accfba9', '9f630426df1d8abfd80ace98871ba833ab9742cb34838de2b5285ed54c0c7dcc', '3c35cc963eb004451323d3275d05b353235053490d9cd83729a2faf5e7ca1cc0']",[],1.0,0ffee3ba8e615ad22535e7f771690a28,84480cf8cf0e732666092640e581e1a5,h2,,12015.211503,10.0.2.15,56995,172.217.23.238,443,tcp,9.16845099999955,595.0,4422.0,SF,True,False,0,ShADadFf,13,1123,15,5026,ssl,0
12015.806288,CRR0Gn4lVfh4hk1Vhe,10.0.2.15,56991,172.217.23.238,443,TLSv12,TLS_ECDHE_ECDSA_WITH_AES_128_GCM_SHA256,x25519,www.youtube.com,False,True,CsxknGIti,"['11ddd329046367c19b32ffdb02ed308de129de4d6ffcf95856d7bd6a7accfba9', '9f630426df1d8abfd80ace98871ba833ab9742cb34838de2b5285ed54c0c7dcc', '3c35cc963eb004451323d3275d05b353235053490d9cd83729a2faf5e7ca1cc0']",[],1.0,0ffee3ba8e615ad22535e7f771690a28,84480cf8cf0e732666092640e581e1a5,h2,,12015.196731,10.0.2.15,56991,172.217.23.238,443,tcp,185.42597000000023,4386.0,49652.0,SF,True,False,0,ShADadFf,51,6434,83,52976,ssl,0
12019.96548,CBGRhw1qJcE60osc7,10.0.2.15,57001,172.217.23.238,443,TLSv12,TLS_ECDHE_ECDSA_WITH_AES_128_GCM_SHA256,x25519,www.youtube.com,False,True,CsxknGIti,"['11ddd329046367c19b32ffdb02ed308de129de4d6ffcf95856d7bd6a7accfba9', '9f630426df1d8abfd80ace98871ba833ab9742cb34838de2b5285ed54c0c7dcc', '3c35cc963eb004451323d3275d05b353235053490d9cd83729a2faf5e7ca1cc0']",[],1.0,0ffee3ba8e615ad22535e7f771690a28,84480cf8cf0e732666092640e581e1a5,h2,,12019.466971,10.0.2.15,57001,172.217.23.238,443,tcp,8.450741000000562,557.0,4422.0,SF,True,False,0,ShADadFf,13,1085,15,5026,ssl,0
12025.250742,Ctqkl33xlySk5ZiIh1,10.0.2.15,57008,54.155.139.22,443,TLSv12,TLS_ECDHE_RSA_WITH_AES_128_GCM_SHA256,secp256r1,kahoot.it,False,True,CsxknGIti,"['2e671e7d7453d4fb144e2e3401e1ff742ec38af50157e61e6bc58cd7476b9a23', '02ab57e4e67a0cb48dd2ff34830e8ac40f4476fb08ca6be3f5cd846f646840f0', '4f32d5dc00f715250abcc486511e37f501a899deb3bf7ea8adbbd3aef1c412da']",[],1.0,0ffee3ba8e615ad22535e7f771690a28,389ed42c02ebecc32e73aa31def07e14,,,12024.145902,10.0.2.15,57008,54.155.139.22,443,tcp,118.47768999999973,6699.0,70443.0,SF,True,False,0,ShADadTfF,65,9313,98,74367,ssl,0
12025.252771,CpyEQW1sbv3Ufinlqd,10.0.2.15,57007,54.155.139.22,443,TLSv12,TLS_ECDHE_RSA_WITH_AES_128_GCM_SHA256,secp256r1,kahoot.it,False,True,CsxknGIti,"['2e671e7d7453d4fb144e2e3401e1ff742ec38af50157e61e6bc58cd7476b9a23', '02ab57e4e67a0cb48dd2ff34830e8ac40f4476fb08ca6be3f5cd846f646840f0', '4f32d5dc00f715250abcc486511e37f501a899deb3bf7ea8adbbd3aef1c412da']",[],1.0,0ffee3ba8e615ad22535e7f771690a28,389ed42c02ebecc32e73aa31def07e14,,,12024.145341,10.0.2.15,57007,54.155.139.22,443,tcp,13.042473999999856,343.0,5001.0,SF,True,False,0,ShADadTFf,11,792,13,5525,ssl,0
12029.366079,CGiJLo4TK2YmhqcYl9,10.0.2.15,57014,173.241.240.143,443,TLSv12,TLS_ECDHE_RSA_WITH_AES_128_GCM_SHA256,secp256r1,us-u.openx.net,False,True,CsxknGIi,"['ab7de06ea7a3de3225f335667d38750434931049f9e9cb0cb4a9caf5df22819c', '074541ecdf88ed992ed5ade3ecddef27a26ba1b44480a195c0a8dadae2521d8e']",[],1.0,0ffee3ba8e615ad22535e7f771690a28,699a80bdb17efe157c861f92c5bf5d1d,,,12027.860371,10.0.2.15,57014,173.241.240.143,443,tcp,40.15198099999907,845.0,3284.0,SF,True,False,0,ShADadTfF,12,1335,13,3808,ssl,0
12044.448731,CsxG6roDXe1bfgwg8,10.0.2.15,57022,54.155.139.22,443,TLSv12,TLS_ECDHE_RSA_WITH_AES_128_GCM_SHA256,,kahoot.it,True,True,CsiI,,,,1a5fe5677b0e4fbbc854e8908225637d,fbe78c619e7ea20046131294ad087f05,,,12043.430992,10.0.2.15,57022,54.155.139.22,443,tcp,99.18814100000054,5023.0,26906.0,SF,True,False,0,ShADadTfF,35,6438,51,28950,ssl,0
12044.450286,C8Ye8z3j2zcQdEiy9a,10.0.2.15,57021,54.155.139.22,443,TLSv12,TLS_ECDHE_RSA_WITH_AES_128_GCM_SHA256,,kahoot.it,True,True,CsiI,,,,1a5fe5677b0e4fbbc854e8908225637d,fbe78c619e7ea20046131294ad087f05,,,12043.419887,10.0.2.15,57021,54.155.139.22,443,tcp,132.18674500000088,8227.0,226680.0,SF,True,False,0,ShADadTtfF,102,12324,235,237504,ssl,0
12047.475863,Cu2X27416tS22EDg1j,10.0.2.15,57028,54.155.139.22,443,TLSv12,TLS_ECDHE_RSA_WITH_AES_128_GCM_SHA256,,kahoot.it,True,True,CsiI,,,,1a5fe5677b0e4fbbc854e8908225637d,fbe78c619e7ea20046131294ad087f05,,,12045.36251,10.0.2.15,57028,54.155.139.22,443,tcp,11.847360999998273,599.0,137.0,SF,True,False,0,ShADadFf,7,887,7,421,ssl,0
12047.492613,Czzjhi4fpxxODSSKYa,10.0.2.15,57026,54.155.139.22,443,TLSv12,TLS_ECDHE_RSA_WITH_AES_128_GCM_SHA256,,kahoot.it,True,True,CsiI,,,,1a5fe5677b0e4fbbc854e8908225637d,fbe78c619e7ea20046131294ad087f05,,,12045.360671,10.0.2.15,57026,54.155.139.22,443,tcp,11.846267999999329,599.0,137.0,SF,True,False,0,ShADadFf,7,887,7,421,ssl,0
12047.507299,Caa5nx1fSTB8pNy14i,10.0.2.15,57025,216.137.61.98,443,TLSv12,TLS_ECDHE_RSA_WITH_AES_128_GCM_SHA256,secp256r1,d24n15hnbwhuhn.cloudfront.net,False,True,CsxuknGIti,"['90c0937808b31877df6c4a5c743c99325d974624be3735faa5078cf73d4fd205', 'eae72eb454bf6c3977ebd289e970b2f5282949190093d0d26f98d0f0d6a9cf17']",[],1.0,0ffee3ba8e615ad22535e7f771690a28,76cc3e2d3028143b23ec18e27dbd7ca9,http/1.1,,12045.360092,10.0.2.15,57025,216.137.61.98,443,tcp,11.81513399999858,363.0,5199.0,SF,True,False,0,ShADadFf,11,811,11,5643,ssl,0
12048.105688,CaLIbm2IVFXQR0Q1t5,10.0.2.15,57033,54.155.139.22,443,TLSv12,TLS_ECDHE_RSA_WITH_AES_128_GCM_SHA256,,kahoot.it,True,True,CsiI,,,,1a5fe5677b0e4fbbc854e8908225637d,fbe78c619e7ea20046131294ad087f05,,,12045.631331,10.0.2.15,57033,54.155.139.22,443,tcp,10.25731900000028,599.0,137.0,SF,True,False,0,ShADadFf,8,927,7,421,ssl,0
12048.114205,CF3aqf2e5PfEH2Di52,10.0.2.15,57032,216.137.61.98,443,TLSv12,TLS_ECDHE_RSA_WITH_AES_128_GCM_SHA256,secp256r1,d24n15hnbwhuhn.cloudfront.net,False,True,CsxuknGIti,"['90c0937808b31877df6c4a5c743c99325d974624be3735faa5078cf73d4fd205', 'eae72eb454bf6c3977ebd289e970b2f5282949190093d0d26f98d0f0d6a9cf17']",[],1.0,0ffee3ba8e615ad22535e7f771690a28,76cc3e2d3028143b23ec18e27dbd7ca9,http/1.1,,12045.62635,10.0.2.15,57032,216.137.61.98,443,tcp,11.994980999999823,363.0,5199.0,SF,True,False,0,ShADadFf,10,771,11,5643,ssl,0
12047.487783,CPPiXy2Vp8H1oG52Hh,10.0.2.15,57027,216.137.61.98,443,TLSv12,TLS_ECDHE_RSA_WITH_AES_128_GCM_SHA256,secp256r1,d24n15hnbwhuhn.cloudfront.net,False,True,CsxuknGIti,"['90c0937808b31877df6c4a5c743c99325d974624be3735faa5078cf73d4fd205', 'eae72eb454bf6c3977ebd289e970b2f5282949190093d0d26f98d0f0d6a9cf17']",[],1.0,0ffee3ba8e615ad22535e7f771690a28,76cc3e2d3028143b23ec18e27dbd7ca9,http/1.1,,12045.361594,10.0.2.15,57027,216.137.61.98,443,tcp,130.24233500000082,660.0,26029.0,SF,True,False,0,ShADadTTfF,28,1799,38,27553,ssl,0
12061.321591,CBfdjY1bu82nCnEIQi,10.0.2.15,57040,172.217.23.238,443,TLSv12,TLS_ECDHE_ECDSA_WITH_AES_128_GCM_SHA256,x25519,youtu.be,False,True,CsxknGIti,"['11ddd329046367c19b32ffdb02ed308de129de4d6ffcf95856d7bd6a7accfba9', '9f630426df1d8abfd80ace98871ba833ab9742cb34838de2b5285ed54c0c7dcc', '3c35cc963eb004451323d3275d05b353235053490d9cd83729a2faf5e7ca1cc0']",[],1.0,0ffee3ba8e615ad22535e7f771690a28,84480cf8cf0e732666092640e581e1a5,h2,,12060.868462,10.0.2.15,57040,172.217.23.238,443,tcp,200.70619400000032,694.0,4544.0,SF,True,False,0,ShADadFf,20,1502,21,5388,ssl,0
12068.146324,CGv8i22gd3luIpJzZ2,10.0.2.15,57047,104.16.205.165,443,TLSv12,TLS_ECDHE_ECDSA_WITH_AES_128_GCM_SHA256,secp256r1,cdn.onesignal.com,False,True,CsxuknGIti,"['b0ad6221b59460c2adbe8239f30a9330216428febc77fde6fbfef1529e8b6b5c', 'cd6c108a0e641f2ca122aaa6d03f826759cae7c6f800eabf76dc48b67cd083ce', '9573862ac0b4b125168810ea3fd101ae2eb0bb15f61fc0e6da7a2a38b85a89e8']",[],1.0,0ffee3ba8e615ad22535e7f771690a28,7d3eb4120cd50e889bcd3f3783be0f82,h2,,12067.81166,10.0.2.15,57047,104.16.205.165,443,tcp,198.8510729999998,736.0,3997.0,SF,True,False,0,ShADadFf,20,1544,23,4921,ssl,0
12070.709758,CAgZs54xeOqdqNm5Ef,10.0.2.15,57062,54.155.139.22,443,TLSv12,TLS_ECDHE_RSA_WITH_AES_128_GCM_SHA256,,kahoot.it,True,True,CsiI,,,,1a5fe5677b0e4fbbc854e8908225637d,fbe78c619e7ea20046131294ad087f05,,,12070.518295,10.0.2.15,57062,54.155.139.22,443,tcp,72.10679100000016,2547.0,3636.0,SF,True,False,0,ShADadTfF,18,3281,19,4400,ssl,0
12070.711129,CSIKLX1aWdUHYjXII1,10.0.2.15,57061,54.155.139.22,443,TLSv12,TLS_ECDHE_RSA_WITH_AES_128_GCM_SHA256,,kahoot.it,True,True,CsiI,,,,1a5fe5677b0e4fbbc854e8908225637d,fbe78c619e7ea20046131294ad087f05,,,12070.513985,10.0.2.15,57061,54.155.139.22,443,tcp,72.09966400000121,2544.0,5256.0,SF,True,False,0,ShADadTfF,18,3278,21,6100,ssl,0
12070.712896,C8kxZ33ODIBuVxcbIk,10.0.2.15,57060,104.16.49.93,443,TLSv12,TLS_ECDHE_ECDSA_WITH_AES_128_GCM_SHA256,secp256r1,image.nametests.com,False,True,CsxuknGIti,"['561856e1621e22d4dbb722c13b4e00cde708c7450438c1852c049f4471f31b58', '6172d7a1996cbef71a0182dd44b99e9c035742a9ebd0311aa73aa4733344c5a6']",[],1.0,0ffee3ba8e615ad22535e7f771690a28,7d3eb4120cd50e889bcd3f3783be0f82,h2,,12070.508989,10.0.2.15,57060,104.16.49.93,443,tcp,283.6607320000003,9130.0,1101332.0,SF,True,False,0,ShADadWTtFf,350,23138,999,1144136,ssl,0
12070.714671,CJ4xD627uecaUtzMC7,10.0.2.15,57059,104.16.49.93,443,TLSv12,TLS_ECDHE_ECDSA_WITH_AES_128_GCM_SHA256,secp256r1,image.nametests.com,False,True,CsxuknGIti,"['561856e1621e22d4dbb722c13b4e00cde708c7450438c1852c049f4471f31b58', '6172d7a1996cbef71a0182dd44b99e9c035742a9ebd0311aa73aa4733344c5a6']",[],1.0,0ffee3ba8e615ad22535e7f771690a28,7d3eb4120cd50e889bcd3f3783be0f82,h2,,12070.507595,10.0.2.15,57059,104.16.49.93,443,tcp,3.986113000000841,845.0,35752.0,SF,True,False,0,ShADadFf,25,1853,47,37636,ssl,0
12070.71597,CzJl2ZnlpJFfbiI8,10.0.2.15,57058,104.16.49.93,443,TLSv12,TLS_ECDHE_ECDSA_WITH_AES_128_GCM_SHA256,secp256r1,image.nametests.com,False,True,CsxuknGIti,"['561856e1621e22d4dbb722c13b4e00cde708c7450438c1852c049f4471f31b58', '6172d7a1996cbef71a0182dd44b99e9c035742a9ebd0311aa73aa4733344c5a6']",[],1.0,0ffee3ba8e615ad22535e7f771690a28,7d3eb4120cd50e889bcd3f3783be0f82,h2,,12070.50021,10.0.2.15,57058,104.16.49.93,443,tcp,2.306312999999136,833.0,4139.0,SF,True,False,0,ShADadFf,15,1441,17,4823,ssl,0
12070.717567,Cimh293wDOX1W5Lgz8,10.0.2.15,57057,104.16.49.93,443,TLSv12,TLS_ECDHE_ECDSA_WITH_AES_128_GCM_SHA256,secp256r1,image.nametests.com,False,True,CsxuknGIti,"['561856e1621e22d4dbb722c13b4e00cde708c7450438c1852c049f4471f31b58', '6172d7a1996cbef71a0182dd44b99e9c035742a9ebd0311aa73aa4733344c5a6']",[],1.0,0ffee3ba8e615ad22535e7f771690a28,7d3eb4120cd50e889bcd3f3783be0f82,h2,,12070.498874,10.0.2.15,57057,104.16.49.93,443,tcp,2.307671999999002,833.0,4057.0,SF,True,False,0,ShADadFf,15,1441,17,4741,ssl,0
12070.700525,Cdj3W4uUIZxqR4qw5,10.0.2.15,57056,104.16.49.93,443,TLSv12,TLS_ECDHE_ECDSA_WITH_AES_128_GCM_SHA256,secp256r1,image.nametests.com,False,True,CsxuknGIti,"['561856e1621e22d4dbb722c13b4e00cde708c7450438c1852c049f4471f31b58', '6172d7a1996cbef71a0182dd44b99e9c035742a9ebd0311aa73aa4733344c5a6']",[],1.0,0ffee3ba8e615ad22535e7f771690a28,7d3eb4120cd50e889bcd3f3783be0f82,h2,,12070.476132,10.0.2.15,57056,104.16.49.93,443,tcp,5.31407500000023,866.0,4522.0,SF,True,False,0,ShADadFf,15,1474,17,5206,ssl,0
12070.703141,CfCRnO3BS0uYLEd7f9,10.0.2.15,57055,104.16.49.93,443,TLSv12,TLS_ECDHE_ECDSA_WITH_AES_128_GCM_SHA256,secp256r1,image.nametests.com,False,True,CsxuknGIti,"['561856e1621e22d4dbb722c13b4e00cde708c7450438c1852c049f4471f31b58', '6172d7a1996cbef71a0182dd44b99e9c035742a9ebd0311aa73aa4733344c5a6']",[],1.0,0ffee3ba8e615ad22535e7f771690a28,7d3eb4120cd50e889bcd3f3783be0f82,h2,,12070.472142,10.0.2.15,57055,104.16.49.93,443,tcp,2.332032000000254,833.0,4729.0,SF,True,False,0,ShADadFf,15,1441,17,5413,ssl,0
12071.470308,CJQ5Iz1zxLOhTJ6cZ7,10.0.2.15,57063,54.155.139.22,443,TLSv12,TLS_ECDHE_RSA_WITH_AES_128_GCM_SHA256,,kahoot.it,True,True,CsiI,,,,1a5fe5677b0e4fbbc854e8908225637d,fbe78c619e7ea20046131294ad087f05,,,12070.71863,10.0.2.15,57063,54.155.139.22,443,tcp,71.89560900000106,3194.0,6447.0,SF,True,False,0,ShADadTfF,20,4008,22,7331,ssl,0
12078.703561,CFYcE84U2Aob5zqRYa,10.0.2.15,57068,104.16.52.93,443,TLSv12,TLS_ECDHE_ECDSA_WITH_AES_128_GCM_SHA256,secp256r1,en.nametests.com,False,True,CsxuknGIti,"['561856e1621e22d4dbb722c13b4e00cde708c7450438c1852c049f4471f31b58', '6172d7a1996cbef71a0182dd44b99e9c035742a9ebd0311aa73aa4733344c5a6']",[],1.0,0ffee3ba8e615ad22535e7f771690a28,7d3eb4120cd50e889bcd3f3783be0f82,h2,,12078.682094,10.0.2.15,57068,104.16.52.93,443,tcp,0.508330000000569,530.0,3404.0,SF,True,False,0,ShADadFf,10,938,12,3888,ssl,0
12078.982197,C8YIpw2RoWijXwcldb,10.0.2.15,57066,54.244.93.166,443,TLSv12,TLS_ECDHE_RSA_WITH_AES_128_GCM_SHA256,secp256r1,api.amplitude.com,False,True,CsxknGIi,"['7bcc495d24dfb2cc429665aebe12fa39ba4cb40603e4aeb9a84967a0862ceb02', '02ab57e4e67a0cb48dd2ff34830e8ac40f4476fb08ca6be3f5cd846f646840f0', '4f32d5dc00f715250abcc486511e37f501a899deb3bf7ea8adbbd3aef1c412da']",[],1.0,0ffee3ba8e615ad22535e7f771690a28,303951d4c50efb2e991652225a6f02b1,,,12078.643104,10.0.2.15,57066,54.244.93.166,443,tcp,6.01135400000021,351.0,4861.0,SF,True,False,0,ShADadFfRr,11,799,13,5385,ssl,0
12078.974503,CApeNL1zW9sVH3r274,10.0.2.15,57067,54.244.93.166,443,TLSv12,TLS_ECDHE_RSA_WITH_AES_128_GCM_SHA256,secp256r1,api.amplitude.com,False,True,CsxknGIi,"['7bcc495d24dfb2cc429665aebe12fa39ba4cb40603e4aeb9a84967a0862ceb02', '02ab57e4e67a0cb48dd2ff34830e8ac40f4476fb08ca6be3f5cd846f646840f0', '4f32d5dc00f715250abcc486511e37f501a899deb3bf7ea8adbbd3aef1c412da']",[],1.0,0ffee3ba8e615ad22535e7f771690a28,303951d4c50efb2e991652225a6f02b1,,,12078.645402,10.0.2.15,57067,54.244.93.166,443,tcp,93.25228500000048,4484.0,5569.0,SF,True,False,0,ShADadTFf,24,5460,25,6573,ssl,0
12080.209748,CU36Vf5Zh7II93Ph7,10.0.2.15,57072,172.217.23.232,443,TLSv12,TLS_ECDHE_RSA_WITH_AES_128_GCM_SHA256,,www.googletagmanager.com,True,True,CsiI,,,,1a5fe5677b0e4fbbc854e8908225637d,67619a80665d7ab92d1041b1d11f9164,h2,,12080.180721,10.0.2.15,57072,172.217.23.232,443,tcp,380.0936999999994,1929.0,107056.0,SF,True,False,0,ShADadFf,65,4537,131,112300,ssl,0
12080.527272,C4ZBEw5v6098mq83h,10.0.2.15,57069,151.101.129.167,443,TLSv12,TLS_ECDHE_RSA_WITH_AES_128_GCM_SHA256,secp256r1,cdn.ravenjs.com,False,True,CsxuknGIti,"['52fc1597547a52e9a880d37a1a04ee0f9860516731ec316dab3ba7d3641678c4', '74ef335e5e18788307fb9d89cb704bec112abd23487dbff41c4ded5070f241d9']",[],1.0,0ffee3ba8e615ad22535e7f771690a28,860fcf58fd757e26aa8911e5eaff6b53,h2,,12080.175211,10.0.2.15,57069,151.101.129.167,443,tcp,201.0321889999996,926.0,15091.0,SF,True,False,0,ShADadFfRr,25,1934,32,16375,ssl,0
12081.473979,CyvGMH1r4WGWPu0wS,10.0.2.15,57073,31.13.70.7,443,TLSv12,TLS_ECDHE_ECDSA_WITH_AES_128_GCM_SHA256,secp256r1,connect.facebook.net,False,True,CsxknGIti,"['152151b387412a95ab90fd4664f2d98880408e9e43913124e4c91226a483386b', '19400be5b7a31fb733917700789d2f0a2471c0c9d506c0e504c06c16d7cb17c0']",[],1.0,0ffee3ba8e615ad22535e7f771690a28,2d1eb5817ece335c24904f516ad5da12,h2,,12080.185336,10.0.2.15,57073,31.13.70.7,443,tcp,120.28708199999892,1530.0,68154.0,SF,True,False,0,ShADadfF,32,2818,70,70958,ssl,0
12082.894733,CaHWwb3dg3KFpkb8m1,10.0.2.15,57076,151.101.114.2,443,TLSv12,TLS_ECDHE_RSA_WITH_AES_128_GCM_SHA256,secp256r1,cdn.taboola.com,False,True,CsxuknGIti,"['1b90ad8858722a0f2048bb4da66bfe69ccb05827d075f8dbd6dea0562198334b', '4b7334e1d8999822bafa8ff6888125389b18a4e5ab26ffa624c7f68fdc81f0cb']",[],1.0,0ffee3ba8e615ad22535e7f771690a28,860fcf58fd757e26aa8911e5eaff6b53,h2,,12082.423425,10.0.2.15,57076,151.101.114.2,443,tcp,377.8810129999984,21346.0,416141.0,SF,True,False,0,ShADadFfRr,230,30554,493,435865,ssl,0
12083.244382,CNBO2x2fmhQB5hy4X1,10.0.2.15,57078,104.16.49.93,443,TLSv12,TLS_ECDHE_ECDSA_WITH_AES_128_GCM_SHA256,secp256r1,image.nametests.com,False,True,CsxuknGIti,"['561856e1621e22d4dbb722c13b4e00cde708c7450438c1852c049f4471f31b58', '6172d7a1996cbef71a0182dd44b99e9c035742a9ebd0311aa73aa4733344c5a6']",[],1.0,0ffee3ba8e615ad22535e7f771690a28,7d3eb4120cd50e889bcd3f3783be0f82,h2,,12083.136405,10.0.2.15,57078,104.16.49.93,443,tcp,198.5062940000007,1062.0,22517.0,SF,True,False,0,ShADadFf,28,2190,37,24001,ssl,0
12083.254213,C2W0cT3cY9B2Z8itf9,10.0.2.15,57077,104.16.49.93,443,TLSv12,TLS_ECDHE_ECDSA_WITH_AES_128_GCM_SHA256,secp256r1,image.nametests.com,False,True,CsxuknGIti,"['561856e1621e22d4dbb722c13b4e00cde708c7450438c1852c049f4471f31b58', '6172d7a1996cbef71a0182dd44b99e9c035742a9ebd0311aa73aa4733344c5a6']",[],1.0,0ffee3ba8e615ad22535e7f771690a28,7d3eb4120cd50e889bcd3f3783be0f82,h2,,12083.135218,10.0.2.15,57077,104.16.49.93,443,tcp,1.831433999999717,562.0,3404.0,SF,True,False,0,ShADadFf,13,1090,14,3968,ssl,0
12084.877775,CtOJH04ze14drKwMWi,10.0.2.15,57082,37.252.172.80,443,TLSv12,TLS_ECDHE_RSA_WITH_AES_256_GCM_SHA384,secp256r1,secure.adnxs.com,False,True,CsxuknGIti,"['5b081650e8034418a37504ce0820892be5a66474578207711eb688243fe1a8f2', '074541ecdf88ed992ed5ade3ecddef27a26ba1b44480a195c0a8dadae2521d8e']",[],1.0,0ffee3ba8e615ad22535e7f771690a28,d53e4608f956df65bb2b8a8c4d3b025d,,,12084.227166,10.0.2.15,57082,37.252.172.80,443,tcp,20.1875799999998,6297.0,11040.0,SF,True,False,0,ShADadfF,19,7065,24,12004,ssl,0
12084.884368,CpaIwP1ArVZO8Q2A3b,10.0.2.15,57081,178.250.2.74,443,TLSv12,TLS_ECDHE_RSA_WITH_AES_256_GCM_SHA384,secp256r1,static.criteo.net,False,True,CsxknGIi,"['a53dd8cd1b9752c487c3339127e3f77ac7434d43b66db4a373f9df5da010c22f', 'eae72eb454bf6c3977ebd289e970b2f5282949190093d0d26f98d0f0d6a9cf17']",[],1.0,0ffee3ba8e615ad22535e7f771690a28,a9e3ed16ee3208291487c8d2aa2ad924,,,12084.225984,10.0.2.15,57081,178.250.2.74,443,tcp,19.09514499999932,383.0,3496.0,SF,True,False,0,ShADadFTf,10,792,11,3940,ssl,0
12084.896349,C5CWD04REuUWSSDRV8,10.0.2.15,57084,37.252.172.80,443,TLSv12,TLS_ECDHE_RSA_WITH_AES_256_GCM_SHA384,secp256r1,secure.adnxs.com,False,True,CsxuknGIti,"['5b081650e8034418a37504ce0820892be5a66474578207711eb688243fe1a8f2', '074541ecdf88ed992ed5ade3ecddef27a26ba1b44480a195c0a8dadae2521d8e']",[],1.0,0ffee3ba8e615ad22535e7f771690a28,d53e4608f956df65bb2b8a8c4d3b025d,,,12084.229197,10.0.2.15,57084,37.252.172.80,443,tcp,13.527524999999514,3326.0,10179.0,SF,True,False,0,ShADadfF,14,3894,19,10943,ssl,0
12084.90785,CFqlhf1MdS4e1O2TLf,10.0.2.15,57083,37.252.172.80,443,TLSv12,TLS_ECDHE_RSA_WITH_AES_256_GCM_SHA384,secp256r1,secure.adnxs.com,False,True,CsxuknGIti,"['5b081650e8034418a37504ce0820892be5a66474578207711eb688243fe1a8f2', '074541ecdf88ed992ed5ade3ecddef27a26ba1b44480a195c0a8dadae2521d8e']",[],1.0,0ffee3ba8e615ad22535e7f771690a28,d53e4608f956df65bb2b8a8c4d3b025d,,,12084.227994,10.0.2.15,57083,37.252.172.80,443,tcp,7.078933999999208,350.0,4867.0,SF,True,False,0,ShADadFf,10,758,11,5311,ssl,0
12085.147387,C3KDec2Hu3K27m4bx6,10.0.2.15,57087,178.250.2.89,443,TLSv12,TLS_RSA_WITH_AES_128_CBC_SHA,,bidder.criteo.com,False,True,CsxnGIi,"['b0337c4f8b2eca88eca4de5aad8cba6d249c58c7a69f2d4b680e5adae991d2ac', 'eae72eb454bf6c3977ebd289e970b2f5282949190093d0d26f98d0f0d6a9cf17', '8420dfbe376f414bf4c0a81e6936d24ccc03f304835b86c7a39142fca723a689']",[],1.0,0ffee3ba8e615ad22535e7f771690a28,5dcc087b1a1d0a5b0658981a7e8b2c3c,,,12084.494902,10.0.2.15,57087,178.250.2.89,443,tcp,15.982759000000442,3778.0,5231.0,SF,True,False,0,ShADadTfF,14,4347,15,5835,ssl,0
12085.104857,CMxvQi2On48qr6YNqc,10.0.2.15,57085,31.13.65.36,443,TLSv12,TLS_ECDHE_ECDSA_WITH_AES_128_GCM_SHA256,secp256r1,www.facebook.com,False,True,CsxknGIti,"['152151b387412a95ab90fd4664f2d98880408e9e43913124e4c91226a483386b', '19400be5b7a31fb733917700789d2f0a2471c0c9d506c0e504c06c16d7cb17c0']",[],1.0,0ffee3ba8e615ad22535e7f771690a28,2d1eb5817ece335c24904f516ad5da12,h2,,12084.490365,10.0.2.15,57085,31.13.65.36,443,tcp,284.17355300000054,12024.0,176240.0,SF,True,False,0,ShADadfF,119,16792,226,185284,ssl,0
12085.148189,C5mWFX2r1GsLctKyh5,10.0.2.15,57086,31.13.70.7,443,TLSv12,TLS_ECDHE_ECDSA_WITH_AES_128_GCM_SHA256,secp256r1,staticxx.facebook.com,False,True,CsxknGIti,"['152151b387412a95ab90fd4664f2d98880408e9e43913124e4c91226a483386b', '19400be5b7a31fb733917700789d2f0a2471c0c9d506c0e504c06c16d7cb17c0']",[],1.0,0ffee3ba8e615ad22535e7f771690a28,2d1eb5817ece335c24904f516ad5da12,h2,,12084.492119,10.0.2.15,57086,31.13.70.7,443,tcp,195.50889800000004,695.0,4034.0,SF,True,False,0,ShADadfF,15,1303,19,4798,ssl,0
12090.95478,Csdbex22LCXFioGV54,10.0.2.15,57095,151.101.113.7,443,TLSv12,TLS_ECDHE_RSA_WITH_AES_128_GCM_SHA256,secp256r1,widget.perfectmarket.com,False,True,CsxuknGIti,"['57820187080f0f481f7656fdf201a7de0b6b4d9753ac57929cfdcc602266ceaa', '4b7334e1d8999822bafa8ff6888125389b18a4e5ab26ffa624c7f68fdc81f0cb']",[],1.0,0ffee3ba8e615ad22535e7f771690a28,860fcf58fd757e26aa8911e5eaff6b53,http/1.1,,12088.561196,10.0.2.15,57095,151.101.113.7,443,tcp,150.57085299999926,1837.0,87885.0,SF,True,False,0,ShADadTTFfRr,56,4098,115,92489,ssl,0
12090.960223,CKR0a821h4FDJ6oE87,10.0.2.15,57094,104.16.163.195,443,TLSv12,TLS_ECDHE_ECDSA_WITH_AES_128_GCM_SHA256,secp256r1,static.social-api.me,False,True,CsxuknGIti,"['815c418402aa0717d998bc16ddffd3efac0db973369bee5eb24b402ccf6ba679', 'cd6c108a0e641f2ca122aaa6d03f826759cae7c6f800eabf76dc48b67cd083ce', '9573862ac0b4b125168810ea3fd101ae2eb0bb15f61fc0e6da7a2a38b85a89e8']",[],1.0,0ffee3ba8e615ad22535e7f771690a28,7d3eb4120cd50e889bcd3f3783be0f82,http/1.1,,12088.559808,10.0.2.15,57094,104.16.163.195,443,tcp,129.09214500000053,756.0,7463.0,SF,True,False,0,ShADadTTfF,24,1736,26,8507,ssl,0
12090.979798,CIoriN3Vla4cERrUd,10.0.2.15,57093,104.16.163.195,443,TLSv12,TLS_ECDHE_ECDSA_WITH_AES_128_GCM_SHA256,secp256r1,static.social-api.me,False,True,CsxuknGIti,"['815c418402aa0717d998bc16ddffd3efac0db973369bee5eb24b402ccf6ba679', 'cd6c108a0e641f2ca122aaa6d03f826759cae7c6f800eabf76dc48b67cd083ce', '9573862ac0b4b125168810ea3fd101ae2eb0bb15f61fc0e6da7a2a38b85a89e8']",[],1.0,0ffee3ba8e615ad22535e7f771690a28,7d3eb4120cd50e889bcd3f3783be0f82,http/1.1,,12088.555203,10.0.2.15,57093,104.16.163.195,443,tcp,129.11191800000051,756.0,7688.0,SF,True,False,0,ShADadTTFf,24,1736,26,8732,ssl,0
12090.989628,CG3vn91vPj9igcbwbh,10.0.2.15,57092,104.16.163.195,443,TLSv12,TLS_ECDHE_ECDSA_WITH_AES_128_GCM_SHA256,secp256r1,static.social-api.me,False,True,CsxuknGIti,"['815c418402aa0717d998bc16ddffd3efac0db973369bee5eb24b402ccf6ba679', 'cd6c108a0e641f2ca122aaa6d03f826759cae7c6f800eabf76dc48b67cd083ce', '9573862ac0b4b125168810ea3fd101ae2eb0bb15f61fc0e6da7a2a38b85a89e8']",[],1.0,0ffee3ba8e615ad22535e7f771690a28,7d3eb4120cd50e889bcd3f3783be0f82,http/1.1,,12088.552194,10.0.2.15,57092,104.16.163.195,443,tcp,129.08231399999931,756.0,7539.0,SF,True,False,0,ShADadTTFf,24,1736,26,8583,ssl,0
12091.003974,CEuFn64Jv0IkcMBLN2,10.0.2.15,57091,151.101.113.7,443,TLSv12,TLS_ECDHE_RSA_WITH_AES_128_GCM_SHA256,secp256r1,widget.perfectmarket.com,False,True,CsxuknGIti,"['57820187080f0f481f7656fdf201a7de0b6b4d9753ac57929cfdcc602266ceaa', '4b7334e1d8999822bafa8ff6888125389b18a4e5ab26ffa624c7f68fdc81f0cb']",[],1.0,0ffee3ba8e615ad22535e7f771690a28,860fcf58fd757e26aa8911e5eaff6b53,http/1.1,,12088.550521,10.0.2.15,57091,151.101.113.7,443,tcp,9.565875000000233,390.0,7086.0,SF,True,False,0,ShADadFfRr,11,838,14,7650,ssl,0
12091.019648,CSIp0e22xSVnG1ckC3,10.0.2.15,57090,104.16.163.195,443,TLSv12,TLS_ECDHE_ECDSA_WITH_AES_128_GCM_SHA256,secp256r1,static.social-api.me,False,True,CsxuknGIti,"['815c418402aa0717d998bc16ddffd3efac0db973369bee5eb24b402ccf6ba679', 'cd6c108a0e641f2ca122aaa6d03f826759cae7c6f800eabf76dc48b67cd083ce', '9573862ac0b4b125168810ea3fd101ae2eb0bb15f61fc0e6da7a2a38b85a89e8']",[],1.0,0ffee3ba8e615ad22535e7f771690a28,7d3eb4120cd50e889bcd3f3783be0f82,http/1.1,,12088.549402,10.0.2.15,57090,104.16.163.195,443,tcp,9.563924000000045,354.0,3774.0,SF,True,False,0,ShADadFf,10,762,10,4178,ssl,0
12091.032388,C5uUgk7hCBVajJiV3,10.0.2.15,57089,104.16.163.195,443,TLSv12,TLS_ECDHE_ECDSA_WITH_AES_128_GCM_SHA256,secp256r1,static.social-api.me,False,True,CsxuknGIti,"['815c418402aa0717d998bc16ddffd3efac0db973369bee5eb24b402ccf6ba679', 'cd6c108a0e641f2ca122aaa6d03f826759cae7c6f800eabf76dc48b67cd083ce', '9573862ac0b4b125168810ea3fd101ae2eb0bb15f61fc0e6da7a2a38b85a89e8']",[],1.0,0ffee3ba8e615ad22535e7f771690a28,7d3eb4120cd50e889bcd3f3783be0f82,http/1.1,,12088.547007,10.0.2.15,57089,104.16.163.195,443,tcp,9.569414999999935,354.0,3775.0,SF,True,False,0,ShADadFf,10,762,10,4179,ssl,0
12091.033857,CENYxDC1tm6Feg759,10.0.2.15,57088,104.16.163.195,443,TLSv12,TLS_ECDHE_ECDSA_WITH_AES_128_GCM_SHA256,secp256r1,static.social-api.me,False,True,CsxuknGIti,"['815c418402aa0717d998bc16ddffd3efac0db973369bee5eb24b402ccf6ba679', 'cd6c108a0e641f2ca122aaa6d03f826759cae7c6f800eabf76dc48b67cd083ce', '9573862ac0b4b125168810ea3fd101ae2eb0bb15f61fc0e6da7a2a38b85a89e8']",[],1.0,0ffee3ba8e615ad22535e7f771690a28,7d3eb4120cd50e889bcd3f3783be0f82,http/1.1,,12088.544742,10.0.2.15,57088,104.16.163.195,443,tcp,9.588674999999055,354.0,3774.0,SF,True,False,0,ShADadFf,10,762,11,4218,ssl,0
12094.860629,Co2L3e49WHkg6I3Zt1,10.0.2.15,57096,151.101.113.108,443,TLSv12,TLS_ECDHE_RSA_WITH_AES_128_GCM_SHA256,,acdn.adnxs.com,True,True,CsiI,,,,1a5fe5677b0e4fbbc854e8908225637d,1d0e57c6ae42e9204defa51e5e1cdc4c,http/1.1,,12093.719711,10.0.2.15,57096,151.101.113.108,443,tcp,7.635920000000624,599.0,191.0,SF,True,False,0,ShADadFfRr,9,967,9,555,ssl,0
12094.855694,Ct3fYD2fTNafA1wM9c,10.0.2.15,57097,172.217.23.225,443,TLSv12,TLS_ECDHE_RSA_WITH_AES_128_GCM_SHA256,x25519,tpc.googlesyndication.com,False,True,CsxknGIti,"['1a04953b8e7e73c9260dd8ebc167433d66e5c2dd13da8be4a7be677086cfb34c', '9f630426df1d8abfd80ace98871ba833ab9742cb34838de2b5285ed54c0c7dcc', '3c35cc963eb004451323d3275d05b353235053490d9cd83729a2faf5e7ca1cc0']",[],1.0,0ffee3ba8e615ad22535e7f771690a28,ab41313cfec25328b20865eb1388e0a2,h2,,12093.733134,10.0.2.15,57097,172.217.23.225,443,tcp,206.6913870000008,1085.0,40892.0,SF,True,False,0,ShADadFf,30,2293,53,43016,ssl,0
12096.20859,CwdZog2i4JgH0joyF6,10.0.2.15,57098,172.217.23.194,443,TLSv12,TLS_ECDHE_RSA_WITH_AES_128_GCM_SHA256,,adx.g.doubleclick.net,True,True,CsiI,,,,1a5fe5677b0e4fbbc854e8908225637d,67619a80665d7ab92d1041b1d11f9164,h2,,12094.874472,10.0.2.15,57098,172.217.23.194,443,tcp,196.82657199999997,2178.0,929.0,SF,True,False,0,ShADadFf,19,2946,23,1853,ssl,0
12096.204287,C194F330rAXzakCHH2,10.0.2.15,57099,172.217.23.227,443,TLSv12,TLS_ECDHE_ECDSA_WITH_AES_128_GCM_SHA256,x25519,www.gstatic.com,False,True,CsxknGIti,"['11ddd329046367c19b32ffdb02ed308de129de4d6ffcf95856d7bd6a7accfba9', '9f630426df1d8abfd80ace98871ba833ab9742cb34838de2b5285ed54c0c7dcc', '3c35cc963eb004451323d3275d05b353235053490d9cd83729a2faf5e7ca1cc0']",[],1.0,0ffee3ba8e615ad22535e7f771690a28,84480cf8cf0e732666092640e581e1a5,h2,,12094.879588,10.0.2.15,57099,172.217.23.227,443,tcp,205.7174130000003,733.0,4559.0,SF,True,False,0,ShADadFf,19,1501,20,5363,ssl,0
12101.166901,CgCDBT1b6oIB40zM2i,10.0.2.15,57101,172.217.23.238,443,TLSv12,TLS_ECDHE_ECDSA_WITH_AES_128_GCM_SHA256,,encrypted-tbn2.gstatic.com,True,True,CsiI,,,,1a5fe5677b0e4fbbc854e8908225637d,c23237dbea656869600e48dfbd00ab7b,h2,,12100.488123,10.0.2.15,57101,172.217.23.238,443,tcp,200.32867800000167,1640.0,29342.0,SF,True,False,0,ShADadFf,31,2888,50,31346,ssl,0
12101.178963,CgsBX53R8SyzDLNMcb,10.0.2.15,57102,172.217.23.238,443,TLSv12,TLS_ECDHE_ECDSA_WITH_AES_128_GCM_SHA256,,encrypted-tbn1.gstatic.com,True,True,CsiI,,,,1a5fe5677b0e4fbbc854e8908225637d,c23237dbea656869600e48dfbd00ab7b,h2,,12100.489108,10.0.2.15,57102,172.217.23.238,443,tcp,200.5049429999999,1641.0,22693.0,SF,True,False,0,ShADadFf,31,2889,47,24577,ssl,0
12126.538281,CFeTFF3g8U6dbDN3A,10.0.2.15,57126,104.16.50.93,443,TLSv12,TLS_ECDHE_ECDSA_WITH_AES_128_GCM_SHA256,secp256r1,testing.nametests.com,False,True,CsxuknGIti,"['561856e1621e22d4dbb722c13b4e00cde708c7450438c1852c049f4471f31b58', '6172d7a1996cbef71a0182dd44b99e9c035742a9ebd0311aa73aa4733344c5a6']",[],1.0,0ffee3ba8e615ad22535e7f771690a28,7d3eb4120cd50e889bcd3f3783be0f82,h2,,12125.114077,10.0.2.15,57126,104.16.50.93,443,tcp,3.089832999999998,535.0,3420.0,SF,True,False,0,ShADadFf,11,983,13,3944,ssl,0
12126.546069,COjS2215Mg2PJpD7h1,10.0.2.15,57125,104.16.161.195,443,TLSv12,TLS_ECDHE_ECDSA_WITH_AES_128_GCM_SHA256,secp256r1,virality.social-api.me,False,True,CsxuknGIti,"['815c418402aa0717d998bc16ddffd3efac0db973369bee5eb24b402ccf6ba679', 'cd6c108a0e641f2ca122aaa6d03f826759cae7c6f800eabf76dc48b67cd083ce', '9573862ac0b4b125168810ea3fd101ae2eb0bb15f61fc0e6da7a2a38b85a89e8']",[],1.0,0ffee3ba8e615ad22535e7f771690a28,7d3eb4120cd50e889bcd3f3783be0f82,http/1.1,,12125.080597,10.0.2.15,57125,104.16.161.195,443,tcp,135.24640700000054,717.0,4543.0,SF,True,False,0,ShADadTTFf,25,1738,25,5547,ssl,0
12126.549716,CUjOvg4tFOAcih1RNa,10.0.2.15,57124,104.16.161.195,443,TLSv12,TLS_ECDHE_ECDSA_WITH_AES_128_GCM_SHA256,secp256r1,virality.social-api.me,False,True,CsxuknGIti,"['815c418402aa0717d998bc16ddffd3efac0db973369bee5eb24b402ccf6ba679', 'cd6c108a0e641f2ca122aaa6d03f826759cae7c6f800eabf76dc48b67cd083ce', '9573862ac0b4b125168810ea3fd101ae2eb0bb15f61fc0e6da7a2a38b85a89e8']",[],1.0,0ffee3ba8e615ad22535e7f771690a28,7d3eb4120cd50e889bcd3f3783be0f82,http/1.1,,12125.074733,10.0.2.15,57124,104.16.161.195,443,tcp,7.434903000001213,356.0,3774.0,SF,True,False,0,ShADadFf,10,764,11,4218,ssl,0
12128.047942,CGebbI3MQ3zeXHCZtd,10.0.2.15,57128,185.33.222.77,443,TLSv12,TLS_ECDHE_RSA_WITH_AES_256_GCM_SHA384,secp256r1,secure.adnxs.com,False,True,CsxuknGIti,"['5b081650e8034418a37504ce0820892be5a66474578207711eb688243fe1a8f2', '074541ecdf88ed992ed5ade3ecddef27a26ba1b44480a195c0a8dadae2521d8e']",[],1.0,0ffee3ba8e615ad22535e7f771690a28,d53e4608f956df65bb2b8a8c4d3b025d,,,12126.874211,10.0.2.15,57128,185.33.222.77,443,tcp,13.670147999999244,3487.0,9727.0,SF,True,False,0,ShADadfF,14,4055,19,10491,ssl,0
12128.132274,CIzYNK1t9FyCRSAYu9,10.0.2.15,57129,185.33.222.77,443,TLSv12,TLS_ECDHE_RSA_WITH_AES_256_GCM_SHA384,secp256r1,secure.adnxs.com,False,True,CsxuknGIti,"['5b081650e8034418a37504ce0820892be5a66474578207711eb688243fe1a8f2', '074541ecdf88ed992ed5ade3ecddef27a26ba1b44480a195c0a8dadae2521d8e']",[],1.0,0ffee3ba8e615ad22535e7f771690a28,d53e4608f956df65bb2b8a8c4d3b025d,,,12126.874913,10.0.2.15,57129,185.33.222.77,443,tcp,14.276917000001047,3488.0,9725.0,SF,True,False,0,ShADadfF,13,4016,18,10449,ssl,0
12128.128879,C6dN4Q8FhwaXBYHTf,10.0.2.15,57130,185.33.222.77,443,TLSv12,TLS_ECDHE_RSA_WITH_AES_256_GCM_SHA384,secp256r1,secure.adnxs.com,False,True,CsxuknGIti,"['5b081650e8034418a37504ce0820892be5a66474578207711eb688243fe1a8f2', '074541ecdf88ed992ed5ade3ecddef27a26ba1b44480a195c0a8dadae2521d8e']",[],1.0,0ffee3ba8e615ad22535e7f771690a28,d53e4608f956df65bb2b8a8c4d3b025d,,,12126.879201,10.0.2.15,57130,185.33.222.77,443,tcp,14.001494000000092,3488.0,9722.0,SF,True,False,0,ShADadfF,14,4056,20,10526,ssl,0
12128.094371,CtQq7BJYVAIkCJ4Dh,10.0.2.15,57127,178.250.0.74,443,TLSv12,TLS_ECDHE_RSA_WITH_AES_256_GCM_SHA384,secp256r1,static.criteo.net,False,True,CsxknGIi,"['a53dd8cd1b9752c487c3339127e3f77ac7434d43b66db4a373f9df5da010c22f', 'eae72eb454bf6c3977ebd289e970b2f5282949190093d0d26f98d0f0d6a9cf17']",[],1.0,0ffee3ba8e615ad22535e7f771690a28,a9e3ed16ee3208291487c8d2aa2ad924,,,12126.873543,10.0.2.15,57127,178.250.0.74,443,tcp,20.179411999999505,383.0,3496.0,SF,True,False,0,ShADadFTf,11,832,11,3940,ssl,0
12128.124289,CnCRQUzv23XV7lLoa,10.0.2.15,57131,178.250.2.89,443,TLSv12,TLS_RSA_WITH_AES_128_CBC_SHA,,bidder.criteo.com,False,True,CsxnGIi,"['b0337c4f8b2eca88eca4de5aad8cba6d249c58c7a69f2d4b680e5adae991d2ac', 'eae72eb454bf6c3977ebd289e970b2f5282949190093d0d26f98d0f0d6a9cf17', '8420dfbe376f414bf4c0a81e6936d24ccc03f304835b86c7a39142fca723a689']",[],1.0,0ffee3ba8e615ad22535e7f771690a28,5dcc087b1a1d0a5b0658981a7e8b2c3c,,,12126.880443,10.0.2.15,57131,178.250.2.89,443,tcp,15.73495399999956,4002.0,5263.0,SF,True,False,0,ShADadTfF,15,4611,16,5907,ssl,0
12130.467519,C1icCtWwNTyRsNFd,10.0.2.15,57134,172.217.23.238,443,TLSv12,TLS_ECDHE_RSA_WITH_AES_128_GCM_SHA256,x25519,apis.google.com,False,True,CsxknGIti,"['60db1a0e0585e4ded4482713fe44b119971d4535489a302ea33ca305b774f781', '9f630426df1d8abfd80ace98871ba833ab9742cb34838de2b5285ed54c0c7dcc', '3c35cc963eb004451323d3275d05b353235053490d9cd83729a2faf5e7ca1cc0']",[],1.0,0ffee3ba8e615ad22535e7f771690a28,ab41313cfec25328b20865eb1388e0a2,h2,,12130.107063,10.0.2.15,57134,172.217.23.238,443,tcp,219.1086070000001,1397.0,16855.0,SF,True,False,0,ShADadFf,26,2445,35,18259,ssl,0
12132.096764,CPlR4910OeL2S6HFKd,10.0.2.15,57139,172.217.23.237,443,TLSv12,TLS_ECDHE_RSA_WITH_AES_128_GCM_SHA256,,accounts.google.com,True,True,CsiI,,,,1a5fe5677b0e4fbbc854e8908225637d,67619a80665d7ab92d1041b1d11f9164,h2,,12130.988712,10.0.2.15,57139,172.217.23.237,443,tcp,217.9924919999994,1646.0,1295.0,SF,True,False,0,ShADadFf,20,2454,21,2139,ssl,0
12132.097639,CsLh6f4ltOVxSvSm64,10.0.2.15,57138,172.217.23.237,443,TLSv12,TLS_ECDHE_RSA_WITH_AES_128_GCM_SHA256,,accounts.google.com,True,True,CsiI,,,,1a5fe5677b0e4fbbc854e8908225637d,67619a80665d7ab92d1041b1d11f9164,h2,,12130.98522,10.0.2.15,57138,172.217.23.237,443,tcp,2.124087000000145,808.0,292.0,SF,True,False,0,ShADadFf,12,1296,12,776,ssl,0
12133.260681,C1RXdv1niispS5FNe8,10.0.2.15,57141,50.19.80.230,443,TLSv12,TLS_ECDHE_RSA_WITH_AES_128_GCM_SHA256,secp256r1,endpoint2.collection.sumologic.com,False,True,CsxknGIi,"['788e3f652cb7351f6de447ec20e1d2583e3b3f5d4ed10a4cb15b4e829c79337d', 'd9e0c64ab27a64d79cccf42a34ec75a251a7e543353c19e984a70eb2f546cdff']",[],1.0,0ffee3ba8e615ad22535e7f771690a28,303951d4c50efb2e991652225a6f02b1,,,12132.533304,10.0.2.15,57141,50.19.80.230,443,tcp,37.13945499999864,894.0,4232.0,SF,True,False,0,ShADadTFf,14,1465,15,4836,ssl,0
12133.262048,CzfStK2tc2wRSo6pS6,10.0.2.15,57140,50.19.80.230,443,TLSv12,TLS_ECDHE_RSA_WITH_AES_128_GCM_SHA256,secp256r1,endpoint2.collection.sumologic.com,False,True,CsxknGIi,"['788e3f652cb7351f6de447ec20e1d2583e3b3f5d4ed10a4cb15b4e829c79337d', 'd9e0c64ab27a64d79cccf42a34ec75a251a7e543353c19e984a70eb2f546cdff']",[],1.0,0ffee3ba8e615ad22535e7f771690a28,303951d4c50efb2e991652225a6f02b1,,,12132.531525,10.0.2.15,57140,50.19.80.230,443,tcp,37.163752999998906,789.0,4232.0,SF,True,False,0,ShADadTFf,14,1360,15,4836,ssl,0
12138.193043,COO7Gr3H6YqIz73QKa,10.0.2.15,57145,162.208.117.19,443,TLSv12,TLS_RSA_WITH_AES_128_CBC_SHA,,api.sail-personalize.com,False,True,CsxnGIi,"['973c23b661e02341fdc67d679b13adc687a0815143232cb2673006819099ab07', 'b9f2164323638dce0b92218b43c41c1b2b2696389329db19f5cf7ad49b5cb372', '1a5174980a294a528a110726d5855650266c48d9883bea692b67b6d726da98c5']",[],1.0,0ffee3ba8e615ad22535e7f771690a28,561f6f4eb311a85575d2d0a0a8232333,,,12136.916099,10.0.2.15,57145,162.208.117.19,443,tcp,7.176916000000347,1257.0,4892.0,SF,True,False,0,ShADadFf,12,1745,13,5416,ssl,0
12138.19527,Cv2nMX3DkC0IrrrQ,10.0.2.15,57144,162.208.117.19,443,TLSv12,TLS_RSA_WITH_AES_128_CBC_SHA,,api.sail-personalize.com,False,True,CsxnGIi,"['973c23b661e02341fdc67d679b13adc687a0815143232cb2673006819099ab07', 'b9f2164323638dce0b92218b43c41c1b2b2696389329db19f5cf7ad49b5cb372', '1a5174980a294a528a110726d5855650266c48d9883bea692b67b6d726da98c5']",[],1.0,0ffee3ba8e615ad22535e7f771690a28,561f6f4eb311a85575d2d0a0a8232333,,,12136.912431,10.0.2.15,57144,162.208.117.19,443,tcp,8.340337999999974,596.0,4423.0,SF,True,False,0,ShADadFf,10,1004,11,4867,ssl,0
12138.199811,C2Yhif1Ppy0UR7AXOb,10.0.2.15,57143,162.208.117.18,443,TLSv12,TLS_RSA_WITH_AES_128_CBC_SHA,,api.sail-track.com,False,True,CsxnGIi,"['4f792c17bf3c031ae0e2b1943fad283e98cc102a608a0bee6e3edbdb7d46f694', 'b9f2164323638dce0b92218b43c41c1b2b2696389329db19f5cf7ad49b5cb372', '1a5174980a294a528a110726d5855650266c48d9883bea692b67b6d726da98c5']",[],1.0,0ffee3ba8e615ad22535e7f771690a28,561f6f4eb311a85575d2d0a0a8232333,,,12136.908389,10.0.2.15,57143,162.208.117.18,443,tcp,3.094707000000198,537.0,4404.0,SF,True,False,0,ShADadFf,9,905,10,4808,ssl,0
12138.201817,CAKJtm7bwVwEPL7Gd,10.0.2.15,57142,162.208.117.18,443,TLSv12,TLS_RSA_WITH_AES_128_CBC_SHA,,api.sail-track.com,False,True,CsxnGIi,"['4f792c17bf3c031ae0e2b1943fad283e98cc102a608a0bee6e3edbdb7d46f694', 'b9f2164323638dce0b92218b43c41c1b2b2696389329db19f5cf7ad49b5cb372', '1a5174980a294a528a110726d5855650266c48d9883bea692b67b6d726da98c5']",[],1.0,0ffee3ba8e615ad22535e7f771690a28,561f6f4eb311a85575d2d0a0a8232333,,,12136.907916,10.0.2.15,57142,162.208.117.18,443,tcp,8.939744999999675,590.0,4404.0,SF,True,False,0,ShADadFf,10,998,11,4848,ssl,0
12138.696863,CS0wSt3ZyT83o9ovY7,10.0.2.15,57149,162.208.117.19,443,TLSv12,TLS_RSA_WITH_AES_128_CBC_SHA,,api.sail-personalize.com,False,True,CsxnGIi,"['973c23b661e02341fdc67d679b13adc687a0815143232cb2673006819099ab07', 'b9f2164323638dce0b92218b43c41c1b2b2696389329db19f5cf7ad49b5cb372', '1a5174980a294a528a110726d5855650266c48d9883bea692b67b6d726da98c5']",[],1.0,0ffee3ba8e615ad22535e7f771690a28,561f6f4eb311a85575d2d0a0a8232333,,,12137.496162,10.0.2.15,57149,162.208.117.19,443,tcp,9.101050999999645,596.0,4423.0,SF,True,False,0,ShADadFf,10,1004,11,4867,ssl,0
12138.704531,CMVIIl37OHyXT0c317,10.0.2.15,57148,162.208.117.18,443,TLSv12,TLS_RSA_WITH_AES_128_CBC_SHA,,api.sail-track.com,False,True,CsxnGIi,"['4f792c17bf3c031ae0e2b1943fad283e98cc102a608a0bee6e3edbdb7d46f694', 'b9f2164323638dce0b92218b43c41c1b2b2696389329db19f5cf7ad49b5cb372', '1a5174980a294a528a110726d5855650266c48d9883bea692b67b6d726da98c5']",[],1.0,0ffee3ba8e615ad22535e7f771690a28,561f6f4eb311a85575d2d0a0a8232333,,,12137.494368,10.0.2.15,57148,162.208.117.18,443,tcp,8.081304999999702,590.0,4404.0,SF,True,False,0,ShADadFf,10,998,11,4848,ssl,0
12147.680446,CkaAIMJazmmOLycg2,10.0.2.15,57164,185.33.222.77,443,TLSv12,TLS_ECDHE_RSA_WITH_AES_256_GCM_SHA384,,secure.adnxs.com,True,True,CsiI,,,,1a5fe5677b0e4fbbc854e8908225637d,266bd998df907f9d5064d7f4c208b200,,,12147.156848,10.0.2.15,57164,185.33.222.77,443,tcp,11.753217999999832,3541.0,1027.0,SF,True,False,0,ShADadfF,11,3989,11,1471,ssl,0
12147.651708,C4nVuh32ZMR8InNw89,10.0.2.15,57166,31.13.84.4,443,TLSv12,TLS_ECDHE_ECDSA_WITH_AES_128_GCM_SHA256,secp256r1,scontent-vie1-1.xx.fbcdn.net,False,True,CsxknGIti,"['152151b387412a95ab90fd4664f2d98880408e9e43913124e4c91226a483386b', '19400be5b7a31fb733917700789d2f0a2471c0c9d506c0e504c06c16d7cb17c0']",[],1.0,0ffee3ba8e615ad22535e7f771690a28,2d1eb5817ece335c24904f516ad5da12,h2,,12147.180275,10.0.2.15,57166,31.13.84.4,443,tcp,1.5126779999991409,363.0,3842.0,RSTO,True,False,0,ShADadR,7,651,7,4126,ssl,0
12154.104165,CrDNkH3cYkZ4FmfJN9,10.0.2.15,57174,104.16.130.153,443,TLSv12,TLS_ECDHE_ECDSA_WITH_AES_128_GCM_SHA256,secp256r1,image.apost.com,False,True,CsxuknGIti,"['b15a111c802e5e484f529dda95a38fad0163951c8b7e9fe26f6a0d9474e6666f', 'cd6c108a0e641f2ca122aaa6d03f826759cae7c6f800eabf76dc48b67cd083ce', '9573862ac0b4b125168810ea3fd101ae2eb0bb15f61fc0e6da7a2a38b85a89e8']",[],1.0,0ffee3ba8e615ad22535e7f771690a28,7d3eb4120cd50e889bcd3f3783be0f82,h2,,12153.029345,10.0.2.15,57174,104.16.130.153,443,tcp,201.1430419999997,734.0,3989.0,SF,True,False,0,ShADadFf,19,1502,21,4833,ssl,0
12154.097762,CVt2Z64FsR0Tumc2o,10.0.2.15,57173,104.16.130.153,443,TLSv12,TLS_ECDHE_ECDSA_WITH_AES_128_GCM_SHA256,secp256r1,image.apost.com,False,True,CsxuknGIti,"['b15a111c802e5e484f529dda95a38fad0163951c8b7e9fe26f6a0d9474e6666f', 'cd6c108a0e641f2ca122aaa6d03f826759cae7c6f800eabf76dc48b67cd083ce', '9573862ac0b4b125168810ea3fd101ae2eb0bb15f61fc0e6da7a2a38b85a89e8']",[],1.0,0ffee3ba8e615ad22535e7f771690a28,7d3eb4120cd50e889bcd3f3783be0f82,h2,,12152.719994,10.0.2.15,57173,104.16.130.153,443,tcp,5.617989000000307,865.0,26952.0,SF,True,False,0,ShADadFf,23,1793,38,28476,ssl,0
12154.099615,CT32pT2HPkMPCFDa6,10.0.2.15,57172,104.16.130.153,443,TLSv12,TLS_ECDHE_ECDSA_WITH_AES_128_GCM_SHA256,secp256r1,image.apost.com,False,True,CsxuknGIti,"['b15a111c802e5e484f529dda95a38fad0163951c8b7e9fe26f6a0d9474e6666f', 'cd6c108a0e641f2ca122aaa6d03f826759cae7c6f800eabf76dc48b67cd083ce', '9573862ac0b4b125168810ea3fd101ae2eb0bb15f61fc0e6da7a2a38b85a89e8']",[],1.0,0ffee3ba8e615ad22535e7f771690a28,7d3eb4120cd50e889bcd3f3783be0f82,h2,,12152.710078,10.0.2.15,57172,104.16.130.153,443,tcp,5.791033999999854,865.0,80436.0,SF,True,False,0,ShADadFf,35,2273,81,83680,ssl,0
12154.10212,Cbt4FF1mdficpXQjoi,10.0.2.15,57175,104.16.130.153,443,TLSv12,TLS_ECDHE_ECDSA_WITH_AES_128_GCM_SHA256,secp256r1,image.apost.com,False,True,CsxuknGIti,"['b15a111c802e5e484f529dda95a38fad0163951c8b7e9fe26f6a0d9474e6666f', 'cd6c108a0e641f2ca122aaa6d03f826759cae7c6f800eabf76dc48b67cd083ce', '9573862ac0b4b125168810ea3fd101ae2eb0bb15f61fc0e6da7a2a38b85a89e8']",[],1.0,0ffee3ba8e615ad22535e7f771690a28,7d3eb4120cd50e889bcd3f3783be0f82,h2,,12153.029832,10.0.2.15,57175,104.16.130.153,443,tcp,3.643125999999029,558.0,3849.0,SF,True,False,0,ShADadFf,13,1086,14,4413,ssl,0
12155.404021,CYkHU5bbiBFhdaYyk,10.0.2.15,57176,31.13.84.4,443,TLSv12,TLS_ECDHE_ECDSA_WITH_AES_128_GCM_SHA256,secp256r1,scontent-vie1-1.xx.fbcdn.net,False,True,CsxknGIti,"['152151b387412a95ab90fd4664f2d98880408e9e43913124e4c91226a483386b', '19400be5b7a31fb733917700789d2f0a2471c0c9d506c0e504c06c16d7cb17c0']",[],1.0,0ffee3ba8e615ad22535e7f771690a28,2d1eb5817ece335c24904f516ad5da12,h2,,12153.230031,10.0.2.15,57176,31.13.84.4,443,tcp,199.45819400000076,2036.0,32955.0,SF,True,False,0,ShADadfF,36,3484,56,35199,ssl,0
12155.40694,CFYSOM1RbAuCEfUz6h,10.0.2.15,57177,199.16.156.52,443,TLSv12,TLS_ECDHE_RSA_WITH_AES_128_GCM_SHA256,secp256r1,syndication.twitter.com,False,True,CsxknGIti,"['75e85da383dbf4ced92713e6768c061d0aca2ee11ea14e2a1486adb26098b2de', '19400be5b7a31fb733917700789d2f0a2471c0c9d506c0e504c06c16d7cb17c0']",[],1.0,0ffee3ba8e615ad22535e7f771690a28,8d2a028aa94425f76ced7826b1f39039,h2,,12153.576375,10.0.2.15,57177,199.16.156.52,443,tcp,221.242651999999,1566.0,4865.0,SF,True,False,0,ShADadFfRr,23,2494,25,5869,ssl,0
12155.817216,CzohP44jmuqHepKQVl,10.0.2.15,57178,31.13.84.4,443,TLSv12,TLS_ECDHE_ECDSA_WITH_AES_128_GCM_SHA256,secp256r1,scontent-vie1-1.xx.fbcdn.net,False,True,CsxknGIti,"['152151b387412a95ab90fd4664f2d98880408e9e43913124e4c91226a483386b', '19400be5b7a31fb733917700789d2f0a2471c0c9d506c0e504c06c16d7cb17c0']",[],1.0,0ffee3ba8e615ad22535e7f771690a28,2d1eb5817ece335c24904f516ad5da12,h2,,12155.602866,10.0.2.15,57178,31.13.84.4,443,tcp,5.667738000000099,889.0,5837.0,SF,True,False,0,ShADadfF,15,1497,18,6561,ssl,0
12157.26653,CxBtpd1Latn8SN3ut9,10.0.2.15,57187,95.100.177.182,443,TLSv12,TLS_ECDHE_ECDSA_WITH_AES_256_GCM_SHA384,secp256r1,cdn.dynamicyield.com,False,True,CsxknGIti,"['7b5ee7d0af39c74d5ff14efc2c6373f2169cafc1086ef5da8edff2f3bae0b5d4', '2e2861289b5ccedecae4c31bf262e0fb0c29b6c1530573442731ca65d821e901']",[],1.0,0ffee3ba8e615ad22535e7f771690a28,1f5a67caff68e3d312696e32f7396c70,http/1.1,,12156.989434,10.0.2.15,57187,95.100.177.182,443,tcp,130.51376000000164,704.0,60094.0,SF,True,False,0,ShADadTTFfRr,36,2164,74,63058,ssl,0
12157.269078,C475OULfQpAGRxE8f,10.0.2.15,57186,95.100.177.182,443,TLSv12,TLS_ECDHE_ECDSA_WITH_AES_256_GCM_SHA384,secp256r1,cdn.dynamicyield.com,False,True,CsxknGIti,"['7b5ee7d0af39c74d5ff14efc2c6373f2169cafc1086ef5da8edff2f3bae0b5d4', '2e2861289b5ccedecae4c31bf262e0fb0c29b6c1530573442731ca65d821e901']",[],1.0,0ffee3ba8e615ad22535e7f771690a28,1f5a67caff68e3d312696e32f7396c70,http/1.1,,12156.987925,10.0.2.15,57186,95.100.177.182,443,tcp,130.5017000000007,705.0,7459.0,SF,True,False,0,ShADadTTFfRr,24,1685,28,8583,ssl,0
12167.460057,CQ9OpF1diEE2zTlXPb,10.0.2.15,57196,95.101.252.144,443,TLSv12,TLS_ECDHE_RSA_WITH_AES_256_GCM_SHA384,secp256r1,z.moatads.com,False,True,CsxknGIti,"['435a847bccecae336a1a751c2209ae3f32a8cda1aae8b0da90f1755f7ede9adc', 'e6683e88315cd1cb403c0cea490f7c4b4c82c91cd485037489aadbaa90839f61', '3c35cc963eb004451323d3275d05b353235053490d9cd83729a2faf5e7ca1cc0']",[],1.0,0ffee3ba8e615ad22535e7f771690a28,2b33c1374db4ddf06942f92373c0b54b,http/1.1,,12167.032719,10.0.2.15,57196,95.101.252.144,443,tcp,129.8182769999985,702.0,60188.0,SF,True,False,0,ShADadTTFf,38,2242,72,63072,ssl,0
12167.460157,C8IiAXzwwsZbz7YMa,10.0.2.15,57194,95.101.252.144,443,TLSv12,TLS_ECDHE_RSA_WITH_AES_256_GCM_SHA384,secp256r1,z.moatads.com,False,True,CsxknGIti,"['435a847bccecae336a1a751c2209ae3f32a8cda1aae8b0da90f1755f7ede9adc', 'e6683e88315cd1cb403c0cea490f7c4b4c82c91cd485037489aadbaa90839f61', '3c35cc963eb004451323d3275d05b353235053490d9cd83729a2faf5e7ca1cc0']",[],1.0,0ffee3ba8e615ad22535e7f771690a28,2b33c1374db4ddf06942f92373c0b54b,http/1.1,,12167.029695,10.0.2.15,57194,95.101.252.144,443,tcp,7.578645000001416,379.0,4238.0,SF,True,False,0,ShADadFfRr,11,827,12,4722,ssl,0
12175.269739,CjVQ9nqneOZ0juUe4,10.0.2.15,57222,52.16.84.88,443,TLSv12,TLS_ECDHE_RSA_WITH_AES_128_GCM_SHA256,secp256r1,go.babbel.com,False,True,CsxknGIi,"['983e78352ef35bf65b7dfbae448d215006493e791de977c6cf26b85d7a25122e', 'f55f9ffcb83c73453261601c7e044db15a0f034b93c05830f28635ef889cf670', '87dcd4dc74640a322cd205552506d1be64f12596258096544986b4850bc72706', '28689b30e4c306aab53b027b29e36ad6dd1dcf4b953994482ca84bdc1ecac996']",[],1.0,0ffee3ba8e615ad22535e7f771690a28,303951d4c50efb2e991652225a6f02b1,,,12174.631369,10.0.2.15,57222,52.16.84.88,443,tcp,66.00747499999852,2013.0,6324.0,SF,True,False,0,ShADadTFf,18,2747,20,7128,ssl,0
12177.594709,CIocuG4rqCazyWQ6Sd,10.0.2.15,57226,52.2.14.221,443,TLSv12,TLS_ECDHE_RSA_WITH_AES_128_GCM_SHA256,secp256r1,log.pinterest.com,False,True,CsxknGIi,"['d1ab179db88a34a8c788897bd5b599cba4cfcc5de8a3b9b2349135779e8f2092', '19400be5b7a31fb733917700789d2f0a2471c0c9d506c0e504c06c16d7cb17c0']",[],1.0,0ffee3ba8e615ad22535e7f771690a28,303951d4c50efb2e991652225a6f02b1,,,12175.298329,10.0.2.15,57226,52.2.14.221,443,tcp,100.69669900000008,1788.0,4255.0,SF,True,False,0,ShADadTFf,21,2645,23,5179,ssl,0
12180.30297,CTiyLQBHeAK2y2Eq4,10.0.2.15,57233,52.2.14.221,443,TLSv12,TLS_ECDHE_RSA_WITH_AES_128_GCM_SHA256,,log.pinterest.com,True,True,CsiI,,,,0ffee3ba8e615ad22535e7f771690a28,303951d4c50efb2e991652225a6f02b1,,,12179.844065,10.0.2.15,57233,52.2.14.221,443,tcp,6.104108000001361,308.0,176.0,SF,True,False,0,ShADadFfRr,9,676,9,540,ssl,0
12182.994843,CKv3UZYO05N8yXrVa,10.0.2.15,57242,54.192.95.240,443,TLSv12,TLS_ECDHE_RSA_WITH_AES_128_GCM_SHA256,secp256r1,c.amazon-adsystem.com,False,True,CsxuknGIti,"['b9b6df199f4c187e935549f2cf7a972566e5ff1bb034df67cdd6e10969007dd2', 'eae72eb454bf6c3977ebd289e970b2f5282949190093d0d26f98d0f0d6a9cf17']",[],1.0,0ffee3ba8e615ad22535e7f771690a28,76cc3e2d3028143b23ec18e27dbd7ca9,http/1.1,,12182.619857,10.0.2.15,57242,54.192.95.240,443,tcp,7.044089000000895,387.0,5176.0,SF,True,False,0,ShADadFf,10,795,11,5620,ssl,0
12183.095364,CRg2wd11WpnNZhIfC9,10.0.2.15,57240,93.184.220.113,443,TLSv12,TLS_ECDHE_RSA_WITH_AES_128_GCM_SHA256,secp256r1,tags.crwdcntrl.net,False,True,CsxuknGIti,"['01abac41ff2430a09d598802a0878a768bc327b04a083fa1ec8335474a3e52aa', '154c433c491929c5ef686e838e323664a00e6a0d822ccc958fb4dab03e49a08f', '4348a0e9444c78cb265e058d5e8944b4d84f9662bd26db257f8934a443c70161']",[],1.0,0ffee3ba8e615ad22535e7f771690a28,49b45fc1ab090aa3a159778313fc9b9e,h2,,12182.61749,10.0.2.15,57240,93.184.220.113,443,tcp,218.42728299999908,2605.0,15218.0,SF,True,False,0,ShADadfF,21,3453,31,16462,ssl,0
12183.33167,Cg5AAP5UEQNceyTkk,10.0.2.15,57237,151.101.112.207,443,TLSv12,TLS_ECDHE_RSA_WITH_AES_128_GCM_SHA256,secp256r1,js-agent.newrelic.com,False,True,CsxuknGIti,"['ca070501b7e46f43787e9ec2f2d3e72c170cd1881f8200e63bdae1b6ded39ed9', '74ef335e5e18788307fb9d89cb704bec112abd23487dbff41c4ded5070f241d9']",[],1.0,0ffee3ba8e615ad22535e7f771690a28,860fcf58fd757e26aa8911e5eaff6b53,http/1.1,,12182.602042,10.0.2.15,57237,151.101.112.207,443,tcp,7.061995000000024,387.0,6617.0,SF,True,False,0,ShADadFfRr,11,835,15,7221,ssl,0
12183.439916,CBLXrz2FWzGRowPVg,10.0.2.15,57243,52.17.135.137,443,TLSv12,TLS_ECDHE_RSA_WITH_AES_128_GCM_SHA256,secp256r1,www.babbel.com,False,True,CsxknGIi,"['983e78352ef35bf65b7dfbae448d215006493e791de977c6cf26b85d7a25122e', 'f55f9ffcb83c73453261601c7e044db15a0f034b93c05830f28635ef889cf670', '87dcd4dc74640a322cd205552506d1be64f12596258096544986b4850bc72706', '28689b30e4c306aab53b027b29e36ad6dd1dcf4b953994482ca84bdc1ecac996']",[],1.0,0ffee3ba8e615ad22535e7f771690a28,303951d4c50efb2e991652225a6f02b1,,,12182.622272,10.0.2.15,57243,52.17.135.137,443,tcp,66.02574099999947,5500.0,197418.0,SF,True,False,0,ShADadTFf,84,8874,208,205742,ssl,0
12185.002339,Cpq2Bz3Q5KmXM7Vmh2,10.0.2.15,57249,104.16.22.35,443,TLSv12,TLS_ECDHE_RSA_WITH_AES_128_GCM_SHA256,secp256r1,s7.addthis.com,False,True,CsxuknGIti,"['2a7d536a35fd2aa422b5d3f15213e933f90355cf5e488a23d2ba9d2dc36ac69f', '154c433c491929c5ef686e838e323664a00e6a0d822ccc958fb4dab03e49a08f']",[],1.0,0ffee3ba8e615ad22535e7f771690a28,76cc3e2d3028143b23ec18e27dbd7ca9,h2,,12184.98277,10.0.2.15,57249,104.16.22.35,443,tcp,197.6562809999996,1868.0,4184.0,SF,True,False,0,ShADadFf,19,2636,22,5068,ssl,0
12185.232808,CYqPP8rgscptuefai,10.0.2.15,57245,52.17.135.137,443,TLSv12,TLS_ECDHE_RSA_WITH_AES_128_GCM_SHA256,,www.babbel.com,True,True,CsiI,,,,0ffee3ba8e615ad22535e7f771690a28,303951d4c50efb2e991652225a6f02b1,,,12184.974979,10.0.2.15,57245,52.17.135.137,443,tcp,63.67947699999968,1944.0,14446.0,SF,True,False,0,ShADadTFf,21,2798,29,15610,ssl,0
12185.327291,CJ80i72tAd8aQXRdCc,10.0.2.15,57244,52.17.135.137,443,TLSv12,TLS_ECDHE_RSA_WITH_AES_128_GCM_SHA256,,www.babbel.com,True,True,CsiI,,,,0ffee3ba8e615ad22535e7f771690a28,303951d4c50efb2e991652225a6f02b1,,,12184.974464,10.0.2.15,57244,52.17.135.137,443,tcp,63.75115799999912,1950.0,84434.0,SF,True,False,0,ShADadTFf,38,3483,94,88198,ssl,0
12185.135062,CkfKDYZDMYQHogdkh,10.0.2.15,57248,52.17.135.137,443,TLSv12,TLS_ECDHE_RSA_WITH_AES_128_GCM_SHA256,,www.babbel.com,True,True,CsiI,,,,0ffee3ba8e615ad22535e7f771690a28,303951d4c50efb2e991652225a6f02b1,,,12184.976781,10.0.2.15,57248,52.17.135.137,443,tcp,63.67752699999983,2812.0,93206.0,SF,True,False,0,ShADadTFf,45,4625,104,97370,ssl,0
12185.136142,CYDoa239yjcj99w0qb,10.0.2.15,57247,52.17.135.137,443,TLSv12,TLS_ECDHE_RSA_WITH_AES_128_GCM_SHA256,,www.babbel.com,True,True,CsiI,,,,0ffee3ba8e615ad22535e7f771690a28,303951d4c50efb2e991652225a6f02b1,,,12184.976247,10.0.2.15,57247,52.17.135.137,443,tcp,63.85222299999987,2625.0,61058.0,SF,True,False,0,ShADadTFf,32,3918,66,63702,ssl,0
12185.137361,CsfN8AQCiGgtJVQB4,10.0.2.15,57246,52.17.135.137,443,TLSv12,TLS_ECDHE_RSA_WITH_AES_128_GCM_SHA256,,www.babbel.com,True,True,CsiI,,,,0ffee3ba8e615ad22535e7f771690a28,303951d4c50efb2e991652225a6f02b1,,,12184.975737,10.0.2.15,57246,52.17.135.137,443,tcp,63.67869299999984,2639.0,54878.0,SF,True,False,0,ShADadTFf,38,4173,70,57682,ssl,0
12186.504886,CKMc0s39QYIM5QhJM8,10.0.2.15,57251,216.137.61.31,443,TLSv12,TLS_ECDHE_RSA_WITH_AES_128_GCM_SHA256,secp256r1,d15jiszna9k0j8.cloudfront.net,False,True,CsxuknGIti,"['90c0937808b31877df6c4a5c743c99325d974624be3735faa5078cf73d4fd205', 'eae72eb454bf6c3977ebd289e970b2f5282949190093d0d26f98d0f0d6a9cf17']",[],1.0,0ffee3ba8e615ad22535e7f771690a28,76cc3e2d3028143b23ec18e27dbd7ca9,http/1.1,,12186.382889,10.0.2.15,57251,216.137.61.31,443,tcp,1.6350359999996722,690.0,10052.0,SF,True,False,0,ShADadFf,12,1178,16,10696,ssl,0
12186.511966,CAQI1M2B0eMVjs4Tvk,10.0.2.15,57250,159.122.87.153,443,TLSv12,TLS_ECDHE_RSA_WITH_AES_256_GCM_SHA384,secp256r1,dev.visualwebsiteoptimizer.com,False,True,CsxknGIti,"['862c723f01ba44055030904c3f08b0c802d63d39a09ec6ead83c9f321d558428', '93a07898d89b2cca166ba6f1f8a14138ce43828e491b831926bc8247d391cc72', '9f43d52e808c20aff69e02faac205aac684e6975213d6620fac64bde5fcab4bc']",[],1.0,0ffee3ba8e615ad22535e7f771690a28,a39e18564e32e1822751c4af0bfba817,h2,,12186.381353,10.0.2.15,57250,159.122.87.153,443,tcp,209.71940600000016,1643.0,5722.0,SF,True,False,0,ShADadFf,23,2571,25,6726,ssl,0
12188.063946,CfN8KQ3QyRhlVogtI9,10.0.2.15,57253,198.232.125.123,443,TLSv12,TLS_ECDHE_RSA_WITH_AES_128_GCM_SHA256,secp256r1,netdna.bootstrapcdn.com,False,True,CsxknGIti,"['dc5627a252c252d6d6f680d52001ccf439f2ff2633c9f766d6d5ab6e85ee6433', 'e6683e88315cd1cb403c0cea490f7c4b4c82c91cd485037489aadbaa90839f61']",[],1.0,0ffee3ba8e615ad22535e7f771690a28,8d2a028aa94425f76ced7826b1f39039,h2,,12187.509382,10.0.2.15,57253,198.232.125.123,443,tcp,209.1070469999995,1093.0,47550.0,SF,True,False,0,ShADadFf,31,2341,62,50034,ssl,0
12188.072031,Cphooo3PbSRcXEkw1h,10.0.2.15,57252,198.232.125.123,443,TLSv12,TLS_ECDHE_RSA_WITH_AES_128_GCM_SHA256,secp256r1,netdna.bootstrapcdn.com,False,True,CsxknGIti,"['dc5627a252c252d6d6f680d52001ccf439f2ff2633c9f766d6d5ab6e85ee6433', 'e6683e88315cd1cb403c0cea490f7c4b4c82c91cd485037489aadbaa90839f61']",[],1.0,0ffee3ba8e615ad22535e7f771690a28,8d2a028aa94425f76ced7826b1f39039,h2,,12187.508644,10.0.2.15,57252,198.232.125.123,443,tcp,2.825339000000895,566.0,3332.0,SF,True,False,0,ShADadFf,12,1054,14,3896,ssl,0
12190.944201,C4qNLq4QIhnz0sSS42,10.0.2.15,57256,151.101.112.134,443,TLSv12,TLS_ECDHE_RSA_WITH_AES_128_GCM_SHA256,secp256r1,babbel-magazine.disqus.com,False,True,CsxuknGIti,"['72fccfb0423eeaf4a935114758c42ae52c971a55e6226361bf3b672459c93599', '154c433c491929c5ef686e838e323664a00e6a0d822ccc958fb4dab03e49a08f']",[],1.0,0ffee3ba8e615ad22535e7f771690a28,860fcf58fd757e26aa8911e5eaff6b53,http/1.1,,12189.971968,10.0.2.15,57256,151.101.112.134,443,tcp,131.61989100000028,1236.0,22333.0,SF,True,False,0,ShADadTTFfRr,34,2616,46,24177,ssl,0
12191.204239,CBn2vi4VaYygIKmGj4,10.0.2.15,57257,216.137.61.31,443,TLSv12,TLS_ECDHE_RSA_WITH_AES_128_GCM_SHA256,,d15jiszna9k0j8.cloudfront.net,True,True,CsiI,,,,1a5fe5677b0e4fbbc854e8908225637d,d199ba0af2b08e204c73d6d81a1fd260,http/1.1,,12190.658091,10.0.2.15,57257,216.137.61.31,443,tcp,121.09081900000092,895.0,5040.0,SF,True,False,0,ShADadTTfF,20,1714,24,6004,ssl,0
12191.203009,C0QCGx2Dgug2k1Zbc3,10.0.2.15,57258,151.101.112.134,443,TLSv12,TLS_ECDHE_RSA_WITH_AES_128_GCM_SHA256,secp256r1,babbel-magazine.disqus.com,False,True,CsxuknGIti,"['72fccfb0423eeaf4a935114758c42ae52c971a55e6226361bf3b672459c93599', '154c433c491929c5ef686e838e323664a00e6a0d822ccc958fb4dab03e49a08f']",[],1.0,0ffee3ba8e615ad22535e7f771690a28,860fcf58fd757e26aa8911e5eaff6b53,http/1.1,,12190.658937,10.0.2.15,57258,151.101.112.134,443,tcp,6.112241999999242,360.0,3713.0,SF,True,False,0,ShADadFfRr,11,808,14,4277,ssl,0
12192.828802,C2JqiJ31FE4XhmnXe4,10.0.2.15,57261,172.217.23.230,443,TLSv12,TLS_ECDHE_RSA_WITH_AES_128_GCM_SHA256,x25519,static.doubleclick.net,False,True,CsxknGIti,"['378a6c73f6dec1c6bc563fa8eda92c3e9ce61b893db7685686c41f33ab89931c', '9f630426df1d8abfd80ace98871ba833ab9742cb34838de2b5285ed54c0c7dcc', '3c35cc963eb004451323d3275d05b353235053490d9cd83729a2faf5e7ca1cc0']",[],1.0,0ffee3ba8e615ad22535e7f771690a28,ab41313cfec25328b20865eb1388e0a2,h2,,12192.476165,10.0.2.15,57261,172.217.23.230,443,tcp,288.7946690000008,1485.0,39917.0,SF,True,False,0,ShADadFf,34,2853,60,42321,ssl,0
12192.830472,CB4rDz4dePMjIaoCg4,10.0.2.15,57260,172.217.23.227,443,TLSv12,TLS_ECDHE_ECDSA_WITH_AES_128_GCM_SHA256,,fonts.gstatic.com,True,True,CsiI,,,,1a5fe5677b0e4fbbc854e8908225637d,c23237dbea656869600e48dfbd00ab7b,h2,,12192.473398,10.0.2.15,57260,172.217.23.227,443,tcp,98.75234300000012,1935.0,16148.0,SF,True,False,0,ShADadFf,29,3103,39,17712,ssl,0
12192.834509,CGYH2DPrnQzpKnaS,10.0.2.15,57259,172.217.23.230,443,TLSv12,TLS_ECDHE_RSA_WITH_AES_128_GCM_SHA256,x25519,static.doubleclick.net,False,True,CsxknGIti,"['378a6c73f6dec1c6bc563fa8eda92c3e9ce61b893db7685686c41f33ab89931c', '9f630426df1d8abfd80ace98871ba833ab9742cb34838de2b5285ed54c0c7dcc', '3c35cc963eb004451323d3275d05b353235053490d9cd83729a2faf5e7ca1cc0']",[],1.0,0ffee3ba8e615ad22535e7f771690a28,ab41313cfec25328b20865eb1388e0a2,h2,,12192.472242,10.0.2.15,57259,172.217.23.230,443,tcp,2.192505999999412,564.0,4120.0,SF,True,False,0,ShADadFf,13,1092,14,4684,ssl,0
12193.332468,CtTxDs1eGGX07LoNQ1,10.0.2.15,57262,172.217.23.230,443,TLSv12,TLS_ECDHE_RSA_WITH_AES_128_GCM_SHA256,x25519,static.doubleclick.net,False,True,CsxknGIti,"['378a6c73f6dec1c6bc563fa8eda92c3e9ce61b893db7685686c41f33ab89931c', '9f630426df1d8abfd80ace98871ba833ab9742cb34838de2b5285ed54c0c7dcc', '3c35cc963eb004451323d3275d05b353235053490d9cd83729a2faf5e7ca1cc0']",[],1.0,0ffee3ba8e615ad22535e7f771690a28,ab41313cfec25328b20865eb1388e0a2,h2,,12192.807821,10.0.2.15,57262,172.217.23.230,443,tcp,4.747471999999107,564.0,4120.0,SF,True,False,0,ShADadFf,13,1092,14,4684,ssl,0
12193.376047,Cb5NiJ2JASWmtte6uj,10.0.2.15,57265,104.16.25.235,443,TLSv12,TLS_ECDHE_RSA_WITH_AES_128_GCM_SHA256,secp256r1,m.addthisedge.com,False,True,CsxuknGIti,"['8f5ac796ae85111a4e9f1c7d20065c1ec4d3309e37ad000815328a9a78bd4ed3', '154c433c491929c5ef686e838e323664a00e6a0d822ccc958fb4dab03e49a08f']",[],1.0,0ffee3ba8e615ad22535e7f771690a28,76cc3e2d3028143b23ec18e27dbd7ca9,http/1.1,,12192.81329,10.0.2.15,57265,104.16.25.235,443,tcp,5.797667000000729,1006.0,4517.0,SF,True,False,0,ShADadFf,12,1494,12,5001,ssl,0
12193.385946,C8Uwfn3F3DspiIFWg6,10.0.2.15,57264,104.16.24.235,443,TLSv12,TLS_ECDHE_RSA_WITH_AES_128_GCM_SHA256,secp256r1,m.addthis.com,False,True,CsxuknGIti,"['2a7d536a35fd2aa422b5d3f15213e933f90355cf5e488a23d2ba9d2dc36ac69f', '154c433c491929c5ef686e838e323664a00e6a0d822ccc958fb4dab03e49a08f']",[],1.0,0ffee3ba8e615ad22535e7f771690a28,76cc3e2d3028143b23ec18e27dbd7ca9,h2,,12192.811481,10.0.2.15,57264,104.16.24.235,443,tcp,9.22354599999926,2215.0,4713.0,SF,True,False,0,ShADadFf,16,2863,18,5437,ssl,0
12193.39305,C2N5RgH88TsNsUkVh,10.0.2.15,57263,104.16.25.235,443,TLSv12,TLS_ECDHE_RSA_WITH_AES_128_GCM_SHA256,secp256r1,m.addthisedge.com,False,True,CsxuknGIti,"['8f5ac796ae85111a4e9f1c7d20065c1ec4d3309e37ad000815328a9a78bd4ed3', '154c433c491929c5ef686e838e323664a00e6a0d822ccc958fb4dab03e49a08f']",[],1.0,0ffee3ba8e615ad22535e7f771690a28,76cc3e2d3028143b23ec18e27dbd7ca9,http/1.1,,12192.80977,10.0.2.15,57263,104.16.25.235,443,tcp,9.116712000000916,351.0,3684.0,SF,True,False,0,ShADadFf,10,759,11,4128,ssl,0
12194.451795,Cs3wJe45OsWBGgsxR6,10.0.2.15,57277,151.101.112.68,443,TLSv12,TLS_ECDHE_RSA_WITH_AES_128_GCM_SHA256,secp256r1,amplifypixel.outbrain.com,False,True,CsxuknGIti,"['5090ac914b8591c2225e175eac7f86d7e187347a6426dac49a652a30bf3cadfe', '74ef335e5e18788307fb9d89cb704bec112abd23487dbff41c4ded5070f241d9']",[],1.0,0ffee3ba8e615ad22535e7f771690a28,860fcf58fd757e26aa8911e5eaff6b53,http/1.1,,12193.432182,10.0.2.15,57277,151.101.112.68,443,tcp,6.623717000000397,2496.0,7643.0,RSTR,True,False,0,ShADadRr,13,3024,15,8247,ssl,0
12194.46014,Cbtr7t483J1rX4mdQ1,10.0.2.15,57276,151.101.112.68,443,TLSv12,TLS_ECDHE_RSA_WITH_AES_128_GCM_SHA256,secp256r1,amplifypixel.outbrain.com,False,True,CsxuknGIti,"['5090ac914b8591c2225e175eac7f86d7e187347a6426dac49a652a30bf3cadfe', '74ef335e5e18788307fb9d89cb704bec112abd23487dbff41c4ded5070f241d9']",[],1.0,0ffee3ba8e615ad22535e7f771690a28,860fcf58fd757e26aa8911e5eaff6b53,http/1.1,,12193.428818,10.0.2.15,57276,151.101.112.68,443,tcp,6.635984000000462,391.0,6993.0,SF,True,False,0,ShADadFfRr,12,879,16,7637,ssl,0
12194.445338,CI1XQj1ZwQV22DKpw2,10.0.2.15,57278,69.16.175.10,443,TLSv12,TLS_ECDHE_RSA_WITH_AES_128_GCM_SHA256,secp256r1,gwiqcdn.globalwebindex.net,False,True,CsxuknGIti,"['f850eb02e343ceaee37253d5afef370b7edf3e4d7826cb180d35e89b21f08b5d', '4f32d5dc00f715250abcc486511e37f501a899deb3bf7ea8adbbd3aef1c412da', '02ab57e4e67a0cb48dd2ff34830e8ac40f4476fb08ca6be3f5cd846f646840f0']",[],1.0,0ffee3ba8e615ad22535e7f771690a28,a9f50de6377ae7c6dbaabc53f089ac30,,,12193.433255,10.0.2.15,57278,69.16.175.10,443,tcp,6.575606000000335,1010.0,5590.0,SF,True,False,0,ShADadfF,10,1418,13,6114,ssl,0
12194.463327,CWAMD91Sp6aM5paB4k,10.0.2.15,57275,151.101.112.68,443,TLSv12,TLS_ECDHE_RSA_WITH_AES_128_GCM_SHA256,secp256r1,amplifypixel.outbrain.com,False,True,CsxuknGIti,"['5090ac914b8591c2225e175eac7f86d7e187347a6426dac49a652a30bf3cadfe', '74ef335e5e18788307fb9d89cb704bec112abd23487dbff41c4ded5070f241d9']",[],1.0,0ffee3ba8e615ad22535e7f771690a28,860fcf58fd757e26aa8911e5eaff6b53,http/1.1,,12193.42813,10.0.2.15,57275,151.101.112.68,443,tcp,6.600620999999592,391.0,6993.0,SF,True,False,0,ShADadFfRr,11,839,15,7597,ssl,0
12194.469208,Cd85tu2lcKQ6AksYbj,10.0.2.15,57274,151.101.112.68,443,TLSv12,TLS_ECDHE_RSA_WITH_AES_128_GCM_SHA256,secp256r1,amplifypixel.outbrain.com,False,True,CsxuknGIti,"['5090ac914b8591c2225e175eac7f86d7e187347a6426dac49a652a30bf3cadfe', '74ef335e5e18788307fb9d89cb704bec112abd23487dbff41c4ded5070f241d9']",[],1.0,0ffee3ba8e615ad22535e7f771690a28,860fcf58fd757e26aa8911e5eaff6b53,http/1.1,,12193.425259,10.0.2.15,57274,151.101.112.68,443,tcp,6.613210999999865,391.0,6993.0,SF,True,False,0,ShADadFfRr,11,839,14,7557,ssl,0
12194.475028,CMmNof2sC84FMurXs9,10.0.2.15,57273,89.185.38.89,443,TLSv12,TLS_ECDHE_RSA_WITH_AES_256_GCM_SHA384,secp256r1,u.logbor.com,False,True,CsxknGIti,"['205af1a239a8a532f9e819334dd39211e2d752858576e46f525f8978d6be2a4b', 'b9f2164323638dce0b92218b43c41c1b2b2696389329db19f5cf7ad49b5cb372', '1a5174980a294a528a110726d5855650266c48d9883bea692b67b6d726da98c5']",[],1.0,0ffee3ba8e615ad22535e7f771690a28,758945630046fd37070521b8544d1fe8,,,12193.422317,10.0.2.15,57273,89.185.38.89,443,tcp,6.624094999999215,315.0,4890.0,SF,True,False,0,ShADadFf,9,683,10,5294,ssl,0
12194.49543,CNPFp3A1aLLP2UyXg,10.0.2.15,57271,136.243.25.26,443,TLSv12,TLS_ECDHE_RSA_WITH_AES_256_GCM_SHA384,secp256r1,trck.spoteffects.net,False,True,CsxknGIti,"['b800d574754dae381ad173e2c3bea25a869ad07b781380466647406293d67766', '02ab57e4e67a0cb48dd2ff34830e8ac40f4476fb08ca6be3f5cd846f646840f0', '4f32d5dc00f715250abcc486511e37f501a899deb3bf7ea8adbbd3aef1c412da']",[],1.0,0ffee3ba8e615ad22535e7f771690a28,758945630046fd37070521b8544d1fe8,,,12193.41373,10.0.2.15,57271,136.243.25.26,443,tcp,6.646792999999889,323.0,5250.0,SF,True,False,0,ShADadFfRr,10,731,13,5774,ssl,0
12194.498549,CRw3kA1EZeKFNHr6bk,10.0.2.15,57270,95.172.94.48,443,TLSv12,TLS_ECDHE_RSA_WITH_AES_128_GCM_SHA256,secp256r1,secure.quantserve.com,False,True,CsxknGIti,"['7d39ee69bdac843654f44bb3164a243b3e8c527019b6225992e5d36771f19e8f', '19400be5b7a31fb733917700789d2f0a2471c0c9d506c0e504c06c16d7cb17c0']",[],1.0,0ffee3ba8e615ad22535e7f771690a28,ccc514751b175866924439bdbb5bba34,,,12193.409783,10.0.2.15,57270,95.172.94.48,443,tcp,6.676549000001614,356.0,3323.0,SF,True,False,0,ShADadFRfr,10,764,11,3767,ssl,0
12194.480029,CyThga4XjLxMTQtBm2,10.0.2.15,57272,54.239.17.112,443,TLSv12,TLS_ECDHE_RSA_WITH_AES_128_GCM_SHA256,secp256r1,s.amazon-adsystem.com,False,True,CsxuknGIi,"['7aa9c626df008ae871a1102a89e399d8a8937c96bfc3007e75c63e21494df449', 'eae72eb454bf6c3977ebd289e970b2f5282949190093d0d26f98d0f0d6a9cf17']",[],1.0,0ffee3ba8e615ad22535e7f771690a28,2b1f517a72b7346c86d59ef328167d49,,,12193.414268,10.0.2.15,57272,54.239.17.112,443,tcp,6.798416999999972,387.0,5056.0,SF,True,False,0,ShADadFf,10,795,12,5540,ssl,0
12194.514188,CeZcQb1i9S5OAcDoFf,10.0.2.15,57268,176.34.108.105,443,TLSv12,TLS_ECDHE_RSA_WITH_AES_128_GCM_SHA256,secp256r1,beacon.krxd.net,False,True,CsxknGIi,"['801848f55bb97f055d1e2f3f6c8094cf12d7b6285a7ed7c20bf39440c6cb5f8e', '973a41276ffd01e027a2aad49e34c37846d3e976ff6a620b6712e33832041aa6', '3a2fbe92891e57fe05d57087f48e730f17e5a5f53ef403d618e5b74d7a7e6ecb', 'c3846bf24b9e93ca64274c0ec67c1ecc5e024ffcacd2d74019350e81fe546ae4']",[],1.0,0ffee3ba8e615ad22535e7f771690a28,303951d4c50efb2e991652225a6f02b1,,,12193.400728,10.0.2.15,57268,176.34.108.105,443,tcp,6.621533999999883,318.0,5273.0,RSTO,True,False,0,ShADadR,9,686,9,5637,ssl,0
12194.522985,CQGJcE39dThtKlnbpe,10.0.2.15,57267,134.213.37.0,443,TLSv12,TLS_RSA_WITH_AES_256_CBC_SHA,,www.tag4arm.com,False,True,CsxnGIi,"['bc4b72046106c394a03fe3c25c26844b69a6015d01e1a547888b287974507e12', '111006378afbe8e99bb02ba87390ca429fca2773f74d7f7eb5744f5ddf68014b', '4f32d5dc00f715250abcc486511e37f501a899deb3bf7ea8adbbd3aef1c412da', '687fa451382278fff0c8b11f8d43d576671c6eb2bceab413fb83d965d06d2ff2']",[],1.0,0ffee3ba8e615ad22535e7f771690a28,7b6819ed58e8d8415604b7dfcef92d55,,,12193.39659,10.0.2.15,57267,134.213.37.0,443,tcp,6.689832000000024,534.0,5711.0,SF,True,False,0,ShADadFf,9,902,12,6195,ssl,0
12194.529692,C81L4yizm0REpq3U6,10.0.2.15,57266,148.251.249.19,443,TLSv12,TLS_ECDHE_RSA_WITH_AES_128_GCM_SHA256,secp256r1,static.trakken.de,False,True,CsxknGIti,"['8b74f5b1e2d94d3c3391cfbfe5eafc9abbbe293b385758961c6d14cbc39353c0', '5b87e222f20346fa3628816ed6ce71faaba0857fb8bcba73776ea1fa56cd0057', 'bc3f03a436240edba5f83714f6f677e34b37f9b1f0c08c1e558d981e279e8209']",[],1.0,0ffee3ba8e615ad22535e7f771690a28,389ed42c02ebecc32e73aa31def07e14,,,12193.396005,10.0.2.15,57266,148.251.249.19,443,tcp,6.67378699999972,320.0,4149.0,SF,True,False,0,ShADadFf,9,688,9,4513,ssl,0
12194.507831,CUguD1kcaKRrAnRW2,10.0.2.15,57269,173.192.202.142,443,TLSv12,TLS_ECDHE_RSA_WITH_AES_256_GCM_SHA384,secp256r1,cc.chango.com,False,True,CsxknGIti,"['007b8d695c7abbc8a20c56a6510fb90e3520e34541da542b8cac0e22a191111a', 'e6683e88315cd1cb403c0cea490f7c4b4c82c91cd485037489aadbaa90839f61']",[],1.0,0ffee3ba8e615ad22535e7f771690a28,758945630046fd37070521b8544d1fe8,,,12193.404513,10.0.2.15,57269,173.192.202.142,443,tcp,6.628909000000931,316.0,3441.0,RSTO,True,False,0,ShADadfR,9,684,10,3845,ssl,0
12205.9564,CxIEd4tw8YYyXYUM9,10.0.2.15,57280,172.217.23.238,443,TLSv12,TLS_ECDHE_ECDSA_WITH_AES_128_GCM_SHA256,,i.ytimg.com,True,True,CsiI,,,,1a5fe5677b0e4fbbc854e8908225637d,c23237dbea656869600e48dfbd00ab7b,h2,,12205.418666,10.0.2.15,57280,172.217.23.238,443,tcp,85.56929400000081,4049.0,48931.0,SF,True,False,0,ShADadFf,46,5897,79,52095,ssl,0
12205.957426,CIttnwXEvzd7h7FCi,10.0.2.15,57279,172.217.23.238,443,TLSv12,TLS_ECDHE_ECDSA_WITH_AES_128_GCM_SHA256,,www.youtube.com,True,True,CsiI,,,,1a5fe5677b0e4fbbc854e8908225637d,c23237dbea656869600e48dfbd00ab7b,h2,,12205.417529,10.0.2.15,57279,172.217.23.238,443,tcp,2.077280999999857,779.0,292.0,SF,True,False,0,ShADadFf,10,1187,10,696,ssl,0
12206.516135,CEQxrs3kIuw91Mm887,10.0.2.15,57283,172.217.23.238,443,TLSv12,TLS_ECDHE_ECDSA_WITH_AES_128_GCM_SHA256,,i.ytimg.com,True,True,CsiI,,,,1a5fe5677b0e4fbbc854e8908225637d,c23237dbea656869600e48dfbd00ab7b,h2,,12205.425508,10.0.2.15,57283,172.217.23.238,443,tcp,6.256670999999187,1055.0,47376.0,SF,True,False,0,ShADadFf,29,2223,62,49860,ssl,0
12206.507491,CGc8or45qgpnmTGq7k,10.0.2.15,57285,172.217.23.238,443,TLSv12,TLS_ECDHE_ECDSA_WITH_AES_128_GCM_SHA256,,i.ytimg.com,True,True,CsiI,,,,1a5fe5677b0e4fbbc854e8908225637d,c23237dbea656869600e48dfbd00ab7b,h2,,12205.428925,10.0.2.15,57285,172.217.23.238,443,tcp,6.412210000000414,1054.0,47381.0,SF,True,False,0,ShADadFf,25,2062,55,49585,ssl,0
12206.512973,CleVq94ZgZb4knvMX4,10.0.2.15,57284,178.250.2.82,443,TLSv12,TLS_RSA_WITH_AES_128_CBC_SHA,,sslwidget.criteo.com,False,True,CsxnGIi,"['b0337c4f8b2eca88eca4de5aad8cba6d249c58c7a69f2d4b680e5adae991d2ac', 'eae72eb454bf6c3977ebd289e970b2f5282949190093d0d26f98d0f0d6a9cf17', '8420dfbe376f414bf4c0a81e6936d24ccc03f304835b86c7a39142fca723a689']",[],1.0,0ffee3ba8e615ad22535e7f771690a28,5dcc087b1a1d0a5b0658981a7e8b2c3c,,,12205.426971,10.0.2.15,57284,178.250.2.82,443,tcp,18.73760199999924,3925.0,4431.0,SF,True,False,0,ShADadTfF,15,4534,16,5075,ssl,0
12207.673024,CMcc5V3Spi7BHjjWI3,10.0.2.15,57286,104.16.24.235,443,TLSv12,TLS_ECDHE_RSA_WITH_AES_128_GCM_SHA256,,m.addthis.com,True,True,CsiI,,,,1a5fe5677b0e4fbbc854e8908225637d,7bee5c1d424b7e5f943b06983bb11422,h2,,12206.804107,10.0.2.15,57286,104.16.24.235,443,tcp,219.7914849999997,2727.0,587.0,SF,True,False,0,ShADadFf,23,3655,23,1511,ssl,0
12211.086064,CaAufD39bVGxJ5JNS9,10.0.2.15,57287,172.217.23.238,443,TLSv12,TLS_ECDHE_RSA_WITH_AES_128_GCM_SHA256,,www.google-analytics.com,True,True,CsiI,,,,1a5fe5677b0e4fbbc854e8908225637d,67619a80665d7ab92d1041b1d11f9164,h2,,12209.904651,10.0.2.15,57287,172.217.23.238,443,tcp,2.419491999999081,779.0,292.0,RSTO,True,False,0,ShADadFR,9,1147,10,696,ssl,0
12215.943777,CBtWET3pu6aNInIP86,10.0.2.15,57289,31.13.73.7,443,TLSv12,TLS_ECDHE_ECDSA_WITH_AES_128_GCM_SHA256,secp256r1,connect.facebook.net,False,True,CsxknGIti,"['152151b387412a95ab90fd4664f2d98880408e9e43913124e4c91226a483386b', '19400be5b7a31fb733917700789d2f0a2471c0c9d506c0e504c06c16d7cb17c0']",[],1.0,0ffee3ba8e615ad22535e7f771690a28,2d1eb5817ece335c24904f516ad5da12,h2,,12215.092432,10.0.2.15,57289,31.13.73.7,443,tcp,112.95912300000056,786.0,67480.0,SF,True,False,0,ShADadfF,27,1874,62,69964,ssl,0
12216.952238,CtcOQO3zAyG9YS4DNc,10.0.2.15,57296,74.119.118.98,443,TLSv12,TLS_RSA_WITH_AES_128_CBC_SHA,,widget.us.criteo.com,False,True,CsxnGIi,"['c5809353f80d4d24776e0d943ade2523d2a8197b9024445eca2f5872e9bd1f97', 'eae72eb454bf6c3977ebd289e970b2f5282949190093d0d26f98d0f0d6a9cf17', '8420dfbe376f414bf4c0a81e6936d24ccc03f304835b86c7a39142fca723a689']",[],1.0,0ffee3ba8e615ad22535e7f771690a28,5dcc087b1a1d0a5b0658981a7e8b2c3c,,,12215.405107,10.0.2.15,57296,74.119.118.98,443,tcp,14.581201999999394,3925.0,5641.0,SF,True,False,0,ShADadTfF,15,4534,16,6285,ssl,0
12218.410351,CGnilL2BFf7zjhJw2d,10.0.2.15,57298,151.101.128.70,443,TLSv12,TLS_ECDHE_RSA_WITH_AES_128_GCM_SHA256,secp256r1,patch.com,False,True,CsxuknGIti,"['aaa3260b874fb6aebfc0bb8d3e1e7fbd99ec0fada24126a14310613c09fb341b', '74ef335e5e18788307fb9d89cb704bec112abd23487dbff41c4ded5070f241d9']",[],1.0,0ffee3ba8e615ad22535e7f771690a28,860fcf58fd757e26aa8911e5eaff6b53,http/1.1,,12218.370382,10.0.2.15,57298,151.101.128.70,443,tcp,355.52834600000097,18547.0,252931.0,RSTO,True,False,0,ShADadTTFR,125,23582,271,263775,ssl,0
12219.072246,C8F0lMCMI2e7fwrs2,10.0.2.15,57300,151.101.128.70,443,TLSv12,TLS_ECDHE_RSA_WITH_AES_128_GCM_SHA256,secp256r1,patch.com,False,True,CsxuknGIti,"['aaa3260b874fb6aebfc0bb8d3e1e7fbd99ec0fada24126a14310613c09fb341b', '74ef335e5e18788307fb9d89cb704bec112abd23487dbff41c4ded5070f241d9']",[],1.0,0ffee3ba8e615ad22535e7f771690a28,860fcf58fd757e26aa8911e5eaff6b53,http/1.1,,12218.3756,10.0.2.15,57300,151.101.128.70,443,tcp,8.61496200000147,343.0,7086.0,SF,True,False,0,ShADadFfRr,11,791,15,7690,ssl,0
12224.199309,CN8gDB1iQhQBKO0wu8,10.0.2.15,57305,54.192.95.240,443,TLSv12,TLS_ECDHE_RSA_WITH_AES_128_GCM_SHA256,,c.amazon-adsystem.com,True,True,CsiI,,,,1a5fe5677b0e4fbbc854e8908225637d,d199ba0af2b08e204c73d6d81a1fd260,http/1.1,,12223.487584,10.0.2.15,57305,54.192.95.240,443,tcp,12.508770999998887,599.0,156.0,SF,True,False,0,ShADadFf,8,927,7,440,ssl,0
12225.395472,CoUB582k9xcYs6i4Wd,10.0.2.15,57301,151.101.112.207,443,TLSv12,TLS_ECDHE_RSA_WITH_AES_128_GCM_SHA256,,js-agent.newrelic.com,True,True,CsiI,,,,1a5fe5677b0e4fbbc854e8908225637d,1d0e57c6ae42e9204defa51e5e1cdc4c,http/1.1,,12223.437426,10.0.2.15,57301,151.101.112.207,443,tcp,12.562746999999945,599.0,191.0,SF,True,False,0,ShADadFfRr,9,967,9,555,ssl,0
12227.367626,Cy4mJ81CwmcDQwMcr4,10.0.2.15,57308,162.247.242.18,443,TLSv12,TLS_DHE_RSA_WITH_AES_256_CBC_SHA,,bam.nr-data.net,False,True,CsxknGIi,"['e7489ed1f465ba2b3ce0faef3a43a3895cd097733dbb5b713df8b299270ca145', '074541ecdf88ed992ed5ade3ecddef27a26ba1b44480a195c0a8dadae2521d8e']",[],1.0,0ffee3ba8e615ad22535e7f771690a28,d90fa179c9daf35598ed8341272118f7,,,12225.404534,10.0.2.15,57308,162.247.242.18,443,tcp,102.33287400000154,1328.0,3673.0,SF,True,False,0,ShADadTfF,21,2185,21,4517,ssl,0
12233.706718,C3NUy51Agw81GVkvz9,10.0.2.15,57313,151.101.128.70,443,TLSv12,TLS_ECDHE_RSA_WITH_AES_128_GCM_SHA256,,patch.com,True,True,CsiI,,,,1a5fe5677b0e4fbbc854e8908225637d,1d0e57c6ae42e9204defa51e5e1cdc4c,http/1.1,,12232.45352,10.0.2.15,57313,151.101.128.70,443,tcp,329.2483170000014,8241.0,15053.0,SF,True,False,0,ShADadTTFfRr,54,10438,61,17497,ssl,0
12233.710918,CBbcr32avTxRcfY1l8,10.0.2.15,57314,151.101.128.70,443,TLSv12,TLS_ECDHE_RSA_WITH_AES_128_GCM_SHA256,,patch.com,True,True,CsiI,,,,1a5fe5677b0e4fbbc854e8908225637d,1d0e57c6ae42e9204defa51e5e1cdc4c,http/1.1,,12232.45646,10.0.2.15,57314,151.101.128.70,443,tcp,332.03602300000057,10756.0,49679.0,SF,True,False,0,ShADadTTFRfr,75,13794,101,53723,ssl,0
12233.7092,CXlLll2qIStLyu7Xq4,10.0.2.15,57317,151.101.128.70,443,TLSv12,TLS_ECDHE_RSA_WITH_AES_128_GCM_SHA256,,patch.com,True,True,CsiI,,,,1a5fe5677b0e4fbbc854e8908225637d,1d0e57c6ae42e9204defa51e5e1cdc4c,http/1.1,,12232.480868,10.0.2.15,57317,151.101.128.70,443,tcp,329.2209019999991,8150.0,11024.0,SF,True,False,0,ShADadTTFRfr,53,10307,57,13308,ssl,0
12233.709869,CSLr2C3aEDr7aZ2BC6,10.0.2.15,57316,151.101.128.70,443,TLSv12,TLS_ECDHE_RSA_WITH_AES_128_GCM_SHA256,,patch.com,True,True,CsiI,,,,1a5fe5677b0e4fbbc854e8908225637d,1d0e57c6ae42e9204defa51e5e1cdc4c,http/1.1,,12232.479048,10.0.2.15,57316,151.101.128.70,443,tcp,329.2364379999999,8137.0,12767.0,SF,True,False,0,ShADadTTFfRr,53,10295,59,15131,ssl,0
12233.710482,CI6akCQPpLFirEqOj,10.0.2.15,57315,151.101.128.70,443,TLSv12,TLS_ECDHE_RSA_WITH_AES_128_GCM_SHA256,,patch.com,True,True,CsiI,,,,1a5fe5677b0e4fbbc854e8908225637d,1d0e57c6ae42e9204defa51e5e1cdc4c,http/1.1,,12232.469484,10.0.2.15,57315,151.101.128.70,443,tcp,329.21816800000124,9444.0,43648.0,SF,True,False,0,ShADadTTFfRr,68,12201,87,47132,ssl,0
12233.708489,CIF8KX2PC3Rt0q1j74,10.0.2.15,57318,95.101.245.177,443,TLSv12,TLS_ECDHE_RSA_WITH_AES_256_GCM_SHA384,secp256r1,js-sec.indexww.com,False,True,CsxknGIti,"['089b510ac565aa1b2f05236cba3421cb755641c1bd4eeb25a856954a4c1d7cfb', '074541ecdf88ed992ed5ade3ecddef27a26ba1b44480a195c0a8dadae2521d8e']",[],1.0,0ffee3ba8e615ad22535e7f771690a28,2b33c1374db4ddf06942f92373c0b54b,http/1.1,,12232.483557,10.0.2.15,57318,95.101.245.177,443,tcp,135.92272500000036,686.0,29370.0,SF,True,False,0,ShADadTTFfRr,34,2066,49,31334,ssl,0
12235.191989,Cos2VOvNZkxbtUR5l,10.0.2.15,57320,151.101.112.134,443,TLSv12,TLS_ECDHE_RSA_WITH_AES_128_GCM_SHA256,secp256r1,patchmedia.disqus.com,False,True,CsxuknGIti,"['72fccfb0423eeaf4a935114758c42ae52c971a55e6226361bf3b672459c93599', '154c433c491929c5ef686e838e323664a00e6a0d822ccc958fb4dab03e49a08f']",[],1.0,0ffee3ba8e615ad22535e7f771690a28,860fcf58fd757e26aa8911e5eaff6b53,http/1.1,,12234.542491,10.0.2.15,57320,151.101.112.134,443,tcp,340.1189109999996,4819.0,9926.0,SF,True,False,0,ShADadTTFfRr,56,7098,59,12290,ssl,0
12235.221684,CCZnSJ1Mqvk67Z8r3i,10.0.2.15,57319,54.192.93.241,443,TLSv12,TLS_ECDHE_RSA_WITH_AES_128_GCM_SHA256,secp256r1,b-code.liadm.com,False,True,CsxuknGIti,"['1a86f6156bbaff0333141d5e05d12da997ba999e43f6e106a0e2ff8637d06fbc', 'f55f9ffcb83c73453261601c7e044db15a0f034b93c05830f28635ef889cf670', '87dcd4dc74640a322cd205552506d1be64f12596258096544986b4850bc72706', '28689b30e4c306aab53b027b29e36ad6dd1dcf4b953994482ca84bdc1ecac996']",[],1.0,0ffee3ba8e615ad22535e7f771690a28,76cc3e2d3028143b23ec18e27dbd7ca9,h2,,12234.541324,10.0.2.15,57319,54.192.93.241,443,tcp,205.16775700000107,950.0,13539.0,SF,True,False,0,ShADadFf,23,1878,31,14783,ssl,0
12235.243367,C8IpMgcwaM0xYhhxk,10.0.2.15,57323,54.192.93.95,443,TLSv12,TLS_ECDHE_RSA_WITH_AES_128_GCM_SHA256,secp256r1,cdn.patch.com,False,True,CsxuknGIti,"['2dc8460f7f0e4a2619968717818bfa4555ad436b80f0ebead3cddae453d00e0d', '154c433c491929c5ef686e838e323664a00e6a0d822ccc958fb4dab03e49a08f']",[],1.0,0ffee3ba8e615ad22535e7f771690a28,76cc3e2d3028143b23ec18e27dbd7ca9,http/1.1,,12234.551583,10.0.2.15,57323,54.192.93.95,443,tcp,125.78172599999924,654.0,9632.0,SF,True,False,0,ShADadTTfF,23,1593,29,10796,ssl,0
12235.156847,CJZuzl4YJ4d3ENiGZ,10.0.2.15,57321,34.199.151.169,443,TLSv12,TLS_ECDHE_RSA_WITH_AES_128_GCM_SHA256,secp256r1,platform.instagram.com,False,True,CsxknGIti,"['75f97496eafd0cbf253c16a154838631116569e35c96831f9720036d048f93a4', '19400be5b7a31fb733917700789d2f0a2471c0c9d506c0e504c06c16d7cb17c0']",[],1.0,0ffee3ba8e615ad22535e7f771690a28,b898351eb5e266aefd3723d466935494,h2,,12234.544051,10.0.2.15,57321,34.199.151.169,443,tcp,39.98557900000014,792.0,23770.0,SF,True,False,0,ShADadfF,20,1600,33,25094,ssl,0
12235.252312,CxwybD29IZG1MlhbQ2,10.0.2.15,57322,192.229.233.25,443,TLSv12,TLS_ECDHE_RSA_WITH_AES_128_GCM_SHA256,secp256r1,platform.twitter.com,False,True,CsxuknGIti,"['498dfbfa068ce7e3252a308f9578608d3df2d287b5b9284571f7d3ed43ba3ab0', '19400be5b7a31fb733917700789d2f0a2471c0c9d506c0e504c06c16d7cb17c0', '7431e5f4c3c1ce4690774f0b61e05440883ba9a01ed00ba6abd7806ed3b118cf']",[],1.0,0ffee3ba8e615ad22535e7f771690a28,76cc3e2d3028143b23ec18e27dbd7ca9,http/1.1,,12234.547209,10.0.2.15,57322,192.229.233.25,443,tcp,133.85902999999962,1111.0,6150.0,SF,True,False,0,ShADadTTFRfr,26,2171,29,7314,ssl,0
12240.236524,CRYwmk3vAout6bUR88,10.0.2.15,57325,74.125.206.157,443,TLSv12,TLS_ECDHE_RSA_WITH_AES_128_GCM_SHA256,,stats.g.doubleclick.net,True,True,CsiI,,,,1a5fe5677b0e4fbbc854e8908225637d,67619a80665d7ab92d1041b1d11f9164,h2,,12238.851321,10.0.2.15,57325,74.125.206.157,443,tcp,884.9685329999993,8849.0,11983.0,SF,True,False,0,ShADadFf,97,12737,112,16467,ssl,0
12242.684932,CSE57i2Q2hXhVG9xb4,10.0.2.15,57332,54.192.93.17,443,TLSv12,TLS_ECDHE_RSA_WITH_AES_128_GCM_SHA256,secp256r1,cdn20.patchcdn.com,False,True,CsxuknGIti,"['feb5f9ceffb442470371ff2052689e7d12cb6ba0841e67c18f8949a224686c69', 'f55f9ffcb83c73453261601c7e044db15a0f034b93c05830f28635ef889cf670', '87dcd4dc74640a322cd205552506d1be64f12596258096544986b4850bc72706', '28689b30e4c306aab53b027b29e36ad6dd1dcf4b953994482ca84bdc1ecac996']",[],1.0,0ffee3ba8e615ad22535e7f771690a28,76cc3e2d3028143b23ec18e27dbd7ca9,h2,,12241.950396,10.0.2.15,57332,54.192.93.17,443,tcp,397.0979360000001,6139.0,829326.0,SF,True,False,0,ShADadFf,378,21267,916,865970,ssl,0
12242.693808,Cit5Mx3bp6mS6cJamk,10.0.2.15,57331,54.192.93.17,443,TLSv12,TLS_ECDHE_RSA_WITH_AES_128_GCM_SHA256,secp256r1,cdn20.patchcdn.com,False,True,CsxuknGIti,"['feb5f9ceffb442470371ff2052689e7d12cb6ba0841e67c18f8949a224686c69', 'f55f9ffcb83c73453261601c7e044db15a0f034b93c05830f28635ef889cf670', '87dcd4dc74640a322cd205552506d1be64f12596258096544986b4850bc72706', '28689b30e4c306aab53b027b29e36ad6dd1dcf4b953994482ca84bdc1ecac996']",[],1.0,0ffee3ba8e615ad22535e7f771690a28,76cc3e2d3028143b23ec18e27dbd7ca9,h2,,12241.949812,10.0.2.15,57331,54.192.93.17,443,tcp,10.368155000000115,854.0,16891.0,SF,True,False,0,ShADadFf,19,1622,27,17975,ssl,0
12242.701188,CMyWl71i89sJsWjJCd,10.0.2.15,57330,54.192.93.17,443,TLSv12,TLS_ECDHE_RSA_WITH_AES_128_GCM_SHA256,secp256r1,cdn20.patchcdn.com,False,True,CsxuknGIti,"['feb5f9ceffb442470371ff2052689e7d12cb6ba0841e67c18f8949a224686c69', 'f55f9ffcb83c73453261601c7e044db15a0f034b93c05830f28635ef889cf670', '87dcd4dc74640a322cd205552506d1be64f12596258096544986b4850bc72706', '28689b30e4c306aab53b027b29e36ad6dd1dcf4b953994482ca84bdc1ecac996']",[],1.0,0ffee3ba8e615ad22535e7f771690a28,76cc3e2d3028143b23ec18e27dbd7ca9,h2,,12241.949349,10.0.2.15,57330,54.192.93.17,443,tcp,9.941392999999152,844.0,36672.0,SF,True,False,0,ShADadFf,28,1972,49,38636,ssl,0
12242.705278,CnWljv3X0su0yGoa53,10.0.2.15,57329,54.192.93.17,443,TLSv12,TLS_ECDHE_RSA_WITH_AES_128_GCM_SHA256,secp256r1,cdn20.patchcdn.com,False,True,CsxuknGIti,"['feb5f9ceffb442470371ff2052689e7d12cb6ba0841e67c18f8949a224686c69', 'f55f9ffcb83c73453261601c7e044db15a0f034b93c05830f28635ef889cf670', '87dcd4dc74640a322cd205552506d1be64f12596258096544986b4850bc72706', '28689b30e4c306aab53b027b29e36ad6dd1dcf4b953994482ca84bdc1ecac996']",[],1.0,0ffee3ba8e615ad22535e7f771690a28,76cc3e2d3028143b23ec18e27dbd7ca9,h2,,12241.948182,10.0.2.15,57329,54.192.93.17,443,tcp,10.728369000000384,851.0,57553.0,SF,True,False,0,ShADadFf,35,2259,73,60477,ssl,0
12242.706745,CNY6l02g57F4OjVQAb,10.0.2.15,57328,54.192.93.17,443,TLSv12,TLS_ECDHE_RSA_WITH_AES_128_GCM_SHA256,secp256r1,cdn20.patchcdn.com,False,True,CsxuknGIti,"['feb5f9ceffb442470371ff2052689e7d12cb6ba0841e67c18f8949a224686c69', 'f55f9ffcb83c73453261601c7e044db15a0f034b93c05830f28635ef889cf670', '87dcd4dc74640a322cd205552506d1be64f12596258096544986b4850bc72706', '28689b30e4c306aab53b027b29e36ad6dd1dcf4b953994482ca84bdc1ecac996']",[],1.0,0ffee3ba8e615ad22535e7f771690a28,76cc3e2d3028143b23ec18e27dbd7ca9,h2,,12241.947257,10.0.2.15,57328,54.192.93.17,443,tcp,12.48931900000025,852.0,50307.0,SF,True,False,0,ShADadFf,33,2180,64,52871,ssl,0
12242.708134,CehLCW3jBIodBQqpzk,10.0.2.15,57327,54.192.93.17,443,TLSv12,TLS_ECDHE_RSA_WITH_AES_128_GCM_SHA256,secp256r1,cdn20.patchcdn.com,False,True,CsxuknGIti,"['feb5f9ceffb442470371ff2052689e7d12cb6ba0841e67c18f8949a224686c69', 'f55f9ffcb83c73453261601c7e044db15a0f034b93c05830f28635ef889cf670', '87dcd4dc74640a322cd205552506d1be64f12596258096544986b4850bc72706', '28689b30e4c306aab53b027b29e36ad6dd1dcf4b953994482ca84bdc1ecac996']",[],1.0,0ffee3ba8e615ad22535e7f771690a28,76cc3e2d3028143b23ec18e27dbd7ca9,h2,,12241.946431,10.0.2.15,57327,54.192.93.17,443,tcp,11.03269999999975,840.0,28443.0,SF,True,False,0,ShADadFf,24,1808,42,30127,ssl,0
12246.351187,CzSUGg1BjYxAgB1Wpf,10.0.2.15,57333,54.192.93.109,443,TLSv12,TLS_ECDHE_RSA_WITH_AES_128_GCM_SHA256,secp256r1,content.jwplatform.com,False,True,CsxuknGIti,"['fe36dfa82d93d35e1bad297fe97d71c9b15dfcf58f476724dabd82eef7e0dd83', 'f55f9ffcb83c73453261601c7e044db15a0f034b93c05830f28635ef889cf670', '87dcd4dc74640a322cd205552506d1be64f12596258096544986b4850bc72706', '28689b30e4c306aab53b027b29e36ad6dd1dcf4b953994482ca84bdc1ecac996']",[],1.0,0ffee3ba8e615ad22535e7f771690a28,76cc3e2d3028143b23ec18e27dbd7ca9,h2,,12244.792197,10.0.2.15,57333,54.192.93.109,443,tcp,207.3312479999986,937.0,6537.0,SF,True,False,0,ShADadFf,22,1825,24,7501,ssl,0
12246.356029,CX7IOd4FYrjf6J7ft5,10.0.2.15,57336,95.101.245.177,443,TLSv12,TLS_ECDHE_RSA_WITH_AES_256_GCM_SHA384,secp256r1,as-sec.casalemedia.com,False,True,CsxknGIti,"['089b510ac565aa1b2f05236cba3421cb755641c1bd4eeb25a856954a4c1d7cfb', '074541ecdf88ed992ed5ade3ecddef27a26ba1b44480a195c0a8dadae2521d8e']",[],1.0,0ffee3ba8e615ad22535e7f771690a28,2b33c1374db4ddf06942f92373c0b54b,http/1.1,,12245.196545,10.0.2.15,57336,95.101.245.177,443,tcp,323.2207499999986,18677.0,14919.0,SF,True,False,0,ShADadTTFRfr,61,21155,69,17683,ssl,0
12246.358502,CEjXV44Iz0QgRDQEy5,10.0.2.15,57335,23.74.185.49,443,TLSv12,TLS_ECDHE_RSA_WITH_AES_256_GCM_SHA384,secp256r1,ads.rubiconproject.com,False,True,CsxknGIti,"['9ba4a5e102d4f9c6913572ee857994305f65669d98e7e45ccee8b31f39508065', '154c433c491929c5ef686e838e323664a00e6a0d822ccc958fb4dab03e49a08f']",[],1.0,0ffee3ba8e615ad22535e7f771690a28,2b33c1374db4ddf06942f92373c0b54b,http/1.1,,12245.18868,10.0.2.15,57335,23.74.185.49,443,tcp,323.2313600000016,21160.0,28423.0,SF,True,False,0,ShADadTTFf,68,23918,83,31747,ssl,0
12246.36142,CF0W1W2hou867MbXO1,10.0.2.15,57334,54.230.93.65,443,TLSv12,TLS_ECDHE_RSA_WITH_AES_128_GCM_SHA256,secp256r1,cdn.yldbt.com,False,True,CsxuknGIti,"['0b98788855581cc04da810a04fcc55d010b562e9b1f17bbf30469cae959bfb6f', '973a41276ffd01e027a2aad49e34c37846d3e976ff6a620b6712e33832041aa6', '3a2fbe92891e57fe05d57087f48e730f17e5a5f53ef403d618e5b74d7a7e6ecb', 'c3846bf24b9e93ca64274c0ec67c1ecc5e024ffcacd2d74019350e81fe546ae4']",[],1.0,0ffee3ba8e615ad22535e7f771690a28,76cc3e2d3028143b23ec18e27dbd7ca9,http/1.1,,12245.187229,10.0.2.15,57334,54.230.93.65,443,tcp,129.9453250000006,739.0,7639.0,SF,True,False,0,ShADadTTfF,22,1638,25,8643,ssl,0
12250.12695,CP3iK55PrYpMKyaw5,10.0.2.15,57338,54.192.93.58,443,TLSv12,TLS_ECDHE_RSA_WITH_AES_128_GCM_SHA256,secp256r1,cdn20.patch.com,False,True,CsxuknGIti,"['2dc8460f7f0e4a2619968717818bfa4555ad436b80f0ebead3cddae453d00e0d', '154c433c491929c5ef686e838e323664a00e6a0d822ccc958fb4dab03e49a08f']",[],1.0,0ffee3ba8e615ad22535e7f771690a28,76cc3e2d3028143b23ec18e27dbd7ca9,http/1.1,,12248.471861,10.0.2.15,57338,54.192.93.58,443,tcp,238.13249899999937,3278.0,204089.0,SF,True,False,0,ShADadTTfF,115,7906,251,214133,ssl,0
12250.132642,Cjdayl1y6O3MO7oGtb,10.0.2.15,57337,54.192.93.58,443,TLSv12,TLS_ECDHE_RSA_WITH_AES_128_GCM_SHA256,secp256r1,cdn20.patch.com,False,True,CsxuknGIti,"['2dc8460f7f0e4a2619968717818bfa4555ad436b80f0ebead3cddae453d00e0d', '154c433c491929c5ef686e838e323664a00e6a0d822ccc958fb4dab03e49a08f']",[],1.0,0ffee3ba8e615ad22535e7f771690a28,76cc3e2d3028143b23ec18e27dbd7ca9,http/1.1,,12248.470989,10.0.2.15,57337,54.192.93.58,443,tcp,239.19631800000025,3948.0,226611.0,SF,True,False,0,ShADadTtTfF,125,8975,262,238515,ssl,0
12250.135661,CoZTOt2S2jswMdWCIa,10.0.2.15,57339,52.94.220.16,443,TLSv12,TLS_ECDHE_RSA_WITH_AES_128_GCM_SHA256,secp256r1,aax.amazon-adsystem.com,False,True,CsxuknGIi,"['0b4e7df09d4f64b59af32ee16a71ad7d8947ded5f2a2bd4acfcc9f187fdf36c9', 'eae72eb454bf6c3977ebd289e970b2f5282949190093d0d26f98d0f0d6a9cf17']",[],1.0,0ffee3ba8e615ad22535e7f771690a28,2b1f517a72b7346c86d59ef328167d49,,,12248.634774,10.0.2.15,57339,52.94.220.16,443,tcp,115.18685600000026,1180.0,5542.0,SF,True,False,0,ShADadTfF,22,2077,25,6546,ssl,0
12259.820451,CDM6pp1Cl0uwQc7qhk,10.0.2.15,57340,54.192.93.58,443,TLSv12,TLS_ECDHE_RSA_WITH_AES_128_GCM_SHA256,,cdn20.patch.com,True,True,CsiI,,,,1a5fe5677b0e4fbbc854e8908225637d,d199ba0af2b08e204c73d6d81a1fd260,http/1.1,,12258.850773,10.0.2.15,57340,54.192.93.58,443,tcp,227.75508400000035,3024.0,193424.0,SF,True,False,0,ShADadTTfF,118,7772,244,203188,ssl,0
12259.809388,CcZrge1BggvzpdtXB6,10.0.2.15,57343,54.192.93.58,443,TLSv12,TLS_ECDHE_RSA_WITH_AES_128_GCM_SHA256,,cdn20.patch.com,True,True,CsiI,,,,1a5fe5677b0e4fbbc854e8908225637d,d199ba0af2b08e204c73d6d81a1fd260,http/1.1,,12258.865124,10.0.2.15,57343,54.192.93.58,443,tcp,227.7427439999992,3045.0,190539.0,SF,True,False,0,ShADadTTfF,83,6393,214,199103,ssl,0
12259.809896,ClOVju2QABoUJJ7Zvf,10.0.2.15,57342,54.192.93.58,443,TLSv12,TLS_ECDHE_RSA_WITH_AES_128_GCM_SHA256,,cdn20.patch.com,True,True,CsiI,,,,1a5fe5677b0e4fbbc854e8908225637d,d199ba0af2b08e204c73d6d81a1fd260,http/1.1,,12258.862771,10.0.2.15,57342,54.192.93.58,443,tcp,227.74403899999925,3777.0,222871.0,SF,True,False,0,ShADadTTfF,121,8644,269,233635,ssl,0
12259.812401,Ck6jV73SlSlduEuZ5i,10.0.2.15,57341,54.192.93.58,443,TLSv12,TLS_ECDHE_RSA_WITH_AES_128_GCM_SHA256,,cdn20.patch.com,True,True,CsiI,,,,1a5fe5677b0e4fbbc854e8908225637d,d199ba0af2b08e204c73d6d81a1fd260,http/1.1,,12258.853657,10.0.2.15,57341,54.192.93.58,443,tcp,227.74991600000067,2415.0,66367.0,SF,True,False,0,ShADadTTfF,55,4644,98,70291,ssl,0
12263.877526,C1Aa6z3jUhCo8DaW1,10.0.2.15,57347,151.101.114.2,443,TLSv12,TLS_ECDHE_RSA_WITH_AES_128_GCM_SHA256,secp256r1,assets-jpcust.jwpsrv.com,False,True,CsxuknGIti,"['1b90ad8858722a0f2048bb4da66bfe69ccb05827d075f8dbd6dea0562198334b', '4b7334e1d8999822bafa8ff6888125389b18a4e5ab26ffa624c7f68fdc81f0cb']",[],1.0,0ffee3ba8e615ad22535e7f771690a28,860fcf58fd757e26aa8911e5eaff6b53,h2,,12262.436114,10.0.2.15,57347,151.101.114.2,443,tcp,4.977768000000651,538.0,5988.0,SF,True,False,0,ShADadFfRr,13,1066,16,6632,ssl,0
12263.879565,CKxovg40wuufh8kfJ9,10.0.2.15,57346,151.101.114.2,443,TLSv12,TLS_ECDHE_RSA_WITH_AES_128_GCM_SHA256,secp256r1,assets-jpcust.jwpsrv.com,False,True,CsxuknGIti,"['1b90ad8858722a0f2048bb4da66bfe69ccb05827d075f8dbd6dea0562198334b', '4b7334e1d8999822bafa8ff6888125389b18a4e5ab26ffa624c7f68fdc81f0cb']",[],1.0,0ffee3ba8e615ad22535e7f771690a28,860fcf58fd757e26aa8911e5eaff6b53,h2,,12262.435542,10.0.2.15,57346,151.101.114.2,443,tcp,4.949558000000252,538.0,5988.0,SF,True,False,0,ShADadFfRr,13,1066,16,6632,ssl,0
12267.353725,CnrbE72MYBETqXYqGh,10.0.2.15,57353,95.100.191.4,443,TLSv12,TLS_ECDHE_RSA_WITH_AES_256_GCM_SHA384,,sb.scorecardresearch.com,True,True,CsiI,,,,1a5fe5677b0e4fbbc854e8908225637d,410b9bedaf65dd26c6fe547154d60db4,http/1.1,,12266.697271,10.0.2.15,57353,95.100.191.4,443,tcp,11.886051000001316,599.0,183.0,SF,True,False,0,ShADadTFfRr,10,1008,10,587,ssl,0
12267.324492,CG8NG63xJXsBhraS76,10.0.2.15,57352,54.192.93.95,443,TLSv12,TLS_ECDHE_RSA_WITH_AES_128_GCM_SHA256,secp256r1,cdn.patch.com,False,True,CsxuknGIti,"['2dc8460f7f0e4a2619968717818bfa4555ad436b80f0ebead3cddae453d00e0d', '154c433c491929c5ef686e838e323664a00e6a0d822ccc958fb4dab03e49a08f']",[],1.0,0ffee3ba8e615ad22535e7f771690a28,76cc3e2d3028143b23ec18e27dbd7ca9,http/1.1,,12266.050734,10.0.2.15,57352,54.192.93.95,443,tcp,234.60721600000036,1296.0,50619.0,SF,True,False,0,ShADadTTfF,46,3165,75,53623,ssl,0
12267.336575,CXRGEV2XNGbqAe61q7,10.0.2.15,57351,54.192.93.95,443,TLSv12,TLS_ECDHE_RSA_WITH_AES_128_GCM_SHA256,secp256r1,cdn.patch.com,False,True,CsxuknGIti,"['2dc8460f7f0e4a2619968717818bfa4555ad436b80f0ebead3cddae453d00e0d', '154c433c491929c5ef686e838e323664a00e6a0d822ccc958fb4dab03e49a08f']",[],1.0,0ffee3ba8e615ad22535e7f771690a28,76cc3e2d3028143b23ec18e27dbd7ca9,http/1.1,,12264.345716,10.0.2.15,57351,54.192.93.95,443,tcp,10.60649899999953,347.0,3668.0,SF,True,False,0,ShADadFf,10,755,10,4072,ssl,0
12267.344637,CQpmNH2kxW0l5SaEO8,10.0.2.15,57349,95.100.191.4,443,TLSv12,TLS_ECDHE_RSA_WITH_AES_256_GCM_SHA384,,sb.scorecardresearch.com,True,True,CsiI,,,,1a5fe5677b0e4fbbc854e8908225637d,410b9bedaf65dd26c6fe547154d60db4,http/1.1,,12264.3435,10.0.2.15,57349,95.100.191.4,443,tcp,310.32283299999835,3307.0,1291.0,SF,True,False,0,ShADadTTFRfr,46,5184,46,3135,ssl,0
12267.339153,CWg2w24XGgb5ZOETr9,10.0.2.15,57350,95.101.245.177,443,TLSv12,TLS_ECDHE_RSA_WITH_AES_256_GCM_SHA384,secp256r1,as-sec.casalemedia.com,False,True,CsxknGIti,"['089b510ac565aa1b2f05236cba3421cb755641c1bd4eeb25a856954a4c1d7cfb', '074541ecdf88ed992ed5ade3ecddef27a26ba1b44480a195c0a8dadae2521d8e']",[],1.0,0ffee3ba8e615ad22535e7f771690a28,2b33c1374db4ddf06942f92373c0b54b,http/1.1,,12264.34514,10.0.2.15,57350,95.101.245.177,443,tcp,199.12812400000075,4035.0,6393.0,RSTO,True,False,0,ShADadTTFR,38,5579,38,7917,ssl,0
12267.346693,C5oLnZ2lIlyOhBMGWj,10.0.2.15,57348,95.101.245.177,443,TLSv12,TLS_ECDHE_RSA_WITH_AES_256_GCM_SHA384,secp256r1,as-sec.casalemedia.com,False,True,CsxknGIti,"['089b510ac565aa1b2f05236cba3421cb755641c1bd4eeb25a856954a4c1d7cfb', '074541ecdf88ed992ed5ade3ecddef27a26ba1b44480a195c0a8dadae2521d8e']",[],1.0,0ffee3ba8e615ad22535e7f771690a28,2b33c1374db4ddf06942f92373c0b54b,http/1.1,,12264.342882,10.0.2.15,57348,95.101.245.177,443,tcp,13.807571999999707,388.0,3963.0,SF,True,False,0,ShADadTFfRr,12,877,13,4487,ssl,0
12268.132859,CDd15wgT6wz81iG1a,10.0.2.15,57357,151.101.112.134,443,TLSv12,TLS_ECDHE_RSA_WITH_AES_128_GCM_SHA256,,patchmedia.disqus.com,True,True,CsiI,,,,1a5fe5677b0e4fbbc854e8908225637d,1d0e57c6ae42e9204defa51e5e1cdc4c,http/1.1,,12267.359304,10.0.2.15,57357,151.101.112.134,443,tcp,11.227564000000712,599.0,191.0,SF,True,False,0,ShADadTFfRr,10,1008,10,595,ssl,0
12268.147038,CiaY6YfrP9ATIeNPg,10.0.2.15,57355,216.137.61.193,443,TLSv12,TLS_ECDHE_RSA_WITH_AES_128_GCM_SHA256,secp256r1,d31qbv1cthcecs.cloudfront.net,False,True,CsxuknGIti,"['90c0937808b31877df6c4a5c743c99325d974624be3735faa5078cf73d4fd205', 'eae72eb454bf6c3977ebd289e970b2f5282949190093d0d26f98d0f0d6a9cf17']",[],1.0,0ffee3ba8e615ad22535e7f771690a28,76cc3e2d3028143b23ec18e27dbd7ca9,http/1.1,,12267.3573,10.0.2.15,57355,216.137.61.193,443,tcp,304.24832700000115,1882.0,6890.0,SF,True,False,0,ShADadTTfF,45,3717,48,8814,ssl,0
12268.156339,CDxpE14fdO9g5TIIDe,10.0.2.15,57354,95.100.180.160,443,TLSv12,TLS_ECDHE_RSA_WITH_AES_256_GCM_SHA384,secp256r1,static.yieldmo.com,False,True,CsxknGIti,"['3e79d4e75f800e9c46a5b8b71b34127c98bbdaf9d65d67312a3dc2335dfaa6ae', 'eae72eb454bf6c3977ebd289e970b2f5282949190093d0d26f98d0f0d6a9cf17', '8420dfbe376f414bf4c0a81e6936d24ccc03f304835b86c7a39142fca723a689']",[],1.0,0ffee3ba8e615ad22535e7f771690a28,2b33c1374db4ddf06942f92373c0b54b,http/1.1,,12267.356093,10.0.2.15,57354,95.100.180.160,443,tcp,151.98306199999934,743.0,33849.0,SF,True,False,0,ShADadTTFf,35,2165,54,36013,ssl,0
12268.131546,CojLEt1Vsadxs8EkEj,10.0.2.15,57358,50.16.141.95,443,TLSv12,TLS_ECDHE_RSA_WITH_AES_128_GCM_SHA256,secp256r1,c.liadm.com,False,True,CsxknGIi,"['1a86f6156bbaff0333141d5e05d12da997ba999e43f6e106a0e2ff8637d06fbc', 'f55f9ffcb83c73453261601c7e044db15a0f034b93c05830f28635ef889cf670', '87dcd4dc74640a322cd205552506d1be64f12596258096544986b4850bc72706', '28689b30e4c306aab53b027b29e36ad6dd1dcf4b953994482ca84bdc1ecac996']",[],1.0,0ffee3ba8e615ad22535e7f771690a28,303951d4c50efb2e991652225a6f02b1,,,12267.362792,10.0.2.15,57358,50.16.141.95,443,tcp,95.45018499999968,1701.0,6055.0,SF,True,False,0,ShADadTFf,20,2516,22,6939,ssl,0
12268.141185,C1n1kG4MpMRqFQR3o2,10.0.2.15,57356,209.15.36.23,443,TLSv12,TLS_ECDHE_RSA_WITH_AES_256_CBC_SHA,secp256r1,centro.pixel.ad,False,True,CsxknGIti,"['61da0477e0f09b86f6713752fb08c1eb5268c4ac6f81dc422580dbe9dd52a1b8', 'bc3f03a436240edba5f83714f6f677e34b37f9b1f0c08c1e558d981e279e8209', '3c35cc963eb004451323d3275d05b353235053490d9cd83729a2faf5e7ca1cc0']",[],1.0,0ffee3ba8e615ad22535e7f771690a28,63a37e7be22df054d1f448fc0c28b98f,,,12267.358585,10.0.2.15,57356,209.15.36.23,443,tcp,11.215195999999196,699.0,4173.0,SF,True,False,0,ShADadfF,10,1107,12,4657,ssl,0
12272.112079,C3Ao4S2TBB8MixU5kc,10.0.2.15,57359,54.83.194.68,443,TLSv12,TLS_ECDHE_RSA_WITH_AES_128_GCM_SHA256,secp256r1,ping.chartbeat.net,False,True,CsxknGIi,"['c848edd4b7930a9cc7ac1f450cd8c8b5868efda5a746c75c8da86a6513efe77e', 'b7a8af2a4a43f0a86b15604de6461209c9cd76894d8b0748bc99d9a797013bb0']",[],1.0,0ffee3ba8e615ad22535e7f771690a28,303951d4c50efb2e991652225a6f02b1,,,12271.472179,10.0.2.15,57359,54.83.194.68,443,tcp,18.56024699999944,2924.0,3936.0,SF,True,False,0,ShADadFfRr,18,3652,20,4740,ssl,0
12275.425903,C0KZ9qiLxznrI49ii,10.0.2.15,57360,172.217.23.194,443,TLSv12,TLS_ECDHE_ECDSA_WITH_AES_128_GCM_SHA256,x25519,pagead2.googlesyndication.com,False,True,CsxknGIti,"['7dab2c14c2154b93fe35063ca1c26a233a78ca71cbb2bca391546edc16638392', '9f630426df1d8abfd80ace98871ba833ab9742cb34838de2b5285ed54c0c7dcc', '3c35cc963eb004451323d3275d05b353235053490d9cd83729a2faf5e7ca1cc0']",[],1.0,0ffee3ba8e615ad22535e7f771690a28,84480cf8cf0e732666092640e581e1a5,h2,,12274.537319,10.0.2.15,57360,172.217.23.194,443,tcp,381.5910300000014,2316.0,6906.0,SF,True,False,0,ShADadFf,38,3844,41,8550,ssl,0
12277.887522,C9kCAx4AEoQI65t47i,10.0.2.15,57362,172.217.23.230,443,TLSv12,TLS_ECDHE_RSA_WITH_AES_128_GCM_SHA256,x25519,s0.2mdn.net,False,True,CsxknGIti,"['378a6c73f6dec1c6bc563fa8eda92c3e9ce61b893db7685686c41f33ab89931c', '9f630426df1d8abfd80ace98871ba833ab9742cb34838de2b5285ed54c0c7dcc', '3c35cc963eb004451323d3275d05b353235053490d9cd83729a2faf5e7ca1cc0']",[],1.0,0ffee3ba8e615ad22535e7f771690a28,ab41313cfec25328b20865eb1388e0a2,h2,,12277.335382,10.0.2.15,57362,172.217.23.230,443,tcp,200.23531600000024,1004.0,42152.0,SF,True,False,0,ShADadFf,34,2372,60,44556,ssl,0
12277.889473,CFRUYe1eQphEoABkg9,10.0.2.15,57361,172.217.23.230,443,TLSv12,TLS_ECDHE_RSA_WITH_AES_128_GCM_SHA256,x25519,s0.2mdn.net,False,True,CsxknGIti,"['378a6c73f6dec1c6bc563fa8eda92c3e9ce61b893db7685686c41f33ab89931c', '9f630426df1d8abfd80ace98871ba833ab9742cb34838de2b5285ed54c0c7dcc', '3c35cc963eb004451323d3275d05b353235053490d9cd83729a2faf5e7ca1cc0']",[],1.0,0ffee3ba8e615ad22535e7f771690a28,ab41313cfec25328b20865eb1388e0a2,h2,,12277.33201,10.0.2.15,57361,172.217.23.230,443,tcp,5.071382000000085,553.0,4104.0,SF,True,False,0,ShADadFf,12,1041,13,4628,ssl,0
12283.609946,CSF6hz3MzltbusRev3,10.0.2.15,57366,216.137.61.149,443,TLSv12,TLS_ECDHE_RSA_WITH_AES_128_GCM_SHA256,secp256r1,d5nxst8fruw4z.cloudfront.net,False,True,CsxuknGIti,"['90c0937808b31877df6c4a5c743c99325d974624be3735faa5078cf73d4fd205', 'eae72eb454bf6c3977ebd289e970b2f5282949190093d0d26f98d0f0d6a9cf17']",[],1.0,0ffee3ba8e615ad22535e7f771690a28,76cc3e2d3028143b23ec18e27dbd7ca9,http/1.1,,12282.555657,10.0.2.15,57366,216.137.61.149,443,tcp,297.5396499999988,4125.0,7458.0,SF,True,False,0,ShADadTTfF,45,5960,48,9382,ssl,0
12283.60901,CzVjK64OcbdeElAYCk,10.0.2.15,57367,52.86.23.125,443,TLSv12,TLS_ECDHE_RSA_WITH_AES_128_GCM_SHA256,secp256r1,i.liadm.com,False,True,CsxknGIi,"['25a8e2c1df07fd1818b79f02226a619cac2b83d2b182c10e2f59106434251326', 'f55f9ffcb83c73453261601c7e044db15a0f034b93c05830f28635ef889cf670', '87dcd4dc74640a322cd205552506d1be64f12596258096544986b4850bc72706', '28689b30e4c306aab53b027b29e36ad6dd1dcf4b953994482ca84bdc1ecac996']",[],1.0,0ffee3ba8e615ad22535e7f771690a28,303951d4c50efb2e991652225a6f02b1,,,12282.556357,10.0.2.15,57367,52.86.23.125,443,tcp,85.31763200000023,1784.0,5833.0,SF,True,False,0,ShADadTFf,19,2558,21,6677,ssl,0
12288.050408,CA686g4yIxEcVGSdU6,10.0.2.15,57369,54.83.194.68,443,TLSv12,TLS_ECDHE_RSA_WITH_AES_128_GCM_SHA256,,ping.chartbeat.net,True,True,CsiI,,,,0ffee3ba8e615ad22535e7f771690a28,303951d4c50efb2e991652225a6f02b1,,,12287.148679,10.0.2.15,57369,54.83.194.68,443,tcp,9.798131999999896,309.0,176.0,SF,True,False,0,ShADadFfRr,9,677,9,540,ssl,0
12293.312192,CVngi23E7gYchcpJSi,10.0.2.15,57382,94.31.29.55,443,TLSv12,TLS_ECDHE_RSA_WITH_AES_128_GCM_SHA256,secp256r1,maxcdn.bootstrapcdn.com,False,True,CsxknGIti,"['dc5627a252c252d6d6f680d52001ccf439f2ff2633c9f766d6d5ab6e85ee6433', 'e6683e88315cd1cb403c0cea490f7c4b4c82c91cd485037489aadbaa90839f61']",[],1.0,0ffee3ba8e615ad22535e7f771690a28,8d2a028aa94425f76ced7826b1f39039,h2,,12292.063352,10.0.2.15,57382,94.31.29.55,443,tcp,205.00966400000107,997.0,10500.0,SF,True,False,0,ShADadFf,21,1845,28,11624,ssl,0
12303.860573,CDhitY3eGRVtwPp7Mj,10.0.2.15,57392,172.217.23.238,443,TLSv12,TLS_ECDHE_RSA_WITH_AES_128_GCM_SHA256,,www.google-analytics.com,True,True,CsiI,,,,1a5fe5677b0e4fbbc854e8908225637d,67619a80665d7ab92d1041b1d11f9164,h2,,12303.275533,10.0.2.15,57392,172.217.23.238,443,tcp,47.41912400000001,2571.0,1083.0,SF,True,False,0,ShADadFf,21,3419,26,2127,ssl,0
12307.633292,CTiapt3FhvfkG15UO7,10.0.2.15,57402,95.101.244.100,443,TLSv12,TLS_ECDHE_RSA_WITH_AES_256_GCM_SHA384,secp256r1,community.nasdaq.com,False,True,CsxknGIti,"['eaa7ba449b7bf150d79012d15c356d1c36ed9241c2855d6a48f7576be23777e8', 'eae72eb454bf6c3977ebd289e970b2f5282949190093d0d26f98d0f0d6a9cf17']",[],1.0,0ffee3ba8e615ad22535e7f771690a28,2b33c1374db4ddf06942f92373c0b54b,h2,,12307.211726,10.0.2.15,57402,95.101.244.100,443,tcp,204.9920089999996,953.0,8816.0,SF,True,False,0,ShADadFfRr,22,1841,28,9940,ssl,0
12307.756315,CtuN1S2CsJE0Pe58l1,10.0.2.15,57403,209.15.36.23,443,TLSv12,TLS_ECDHE_RSA_WITH_AES_256_CBC_SHA,secp256r1,centro.pixel.ad,False,True,CsxknGIti,"['61da0477e0f09b86f6713752fb08c1eb5268c4ac6f81dc422580dbe9dd52a1b8', 'bc3f03a436240edba5f83714f6f677e34b37f9b1f0c08c1e558d981e279e8209', '3c35cc963eb004451323d3275d05b353235053490d9cd83729a2faf5e7ca1cc0']",[],1.0,1a5fe5677b0e4fbbc854e8908225637d,63a37e7be22df054d1f448fc0c28b98f,,,12307.214841,10.0.2.15,57403,209.15.36.23,443,tcp,12.308398999999554,992.0,4173.0,SF,True,False,0,ShADadfF,10,1400,14,4737,ssl,0
12308.263329,Ca2hy31DrErW8asRyk,10.0.2.15,57404,107.21.209.133,443,TLSv12,TLS_ECDHE_RSA_WITH_AES_128_GCM_SHA256,secp256r1,ping.chartbeat.net,False,True,CsxknGIi,"['c848edd4b7930a9cc7ac1f450cd8c8b5868efda5a746c75c8da86a6513efe77e', 'b7a8af2a4a43f0a86b15604de6461209c9cd76894d8b0748bc99d9a797013bb0']",[],1.0,0ffee3ba8e615ad22535e7f771690a28,303951d4c50efb2e991652225a6f02b1,,,12307.994197,10.0.2.15,57404,107.21.209.133,443,tcp,42.6819689999993,3586.0,3905.0,RSTR,True,False,0,ShADadTRr,18,4315,19,4669,ssl,0
12321.823694,C4VpLJ1H1ElU1OxjY3,10.0.2.15,57411,107.21.209.133,443,TLSv12,TLS_ECDHE_RSA_WITH_AES_128_GCM_SHA256,,ping.chartbeat.net,True,True,CsiI,,,,0ffee3ba8e615ad22535e7f771690a28,303951d4c50efb2e991652225a6f02b1,,,12320.859864,10.0.2.15,57411,107.21.209.133,443,tcp,8.063229999999749,309.0,176.0,SF,True,False,0,ShADadFfRr,9,677,9,540,ssl,0
12321.82287,CRwB161DRC0ZrhHYk1,10.0.2.15,57412,107.21.209.133,443,TLSv12,TLS_ECDHE_RSA_WITH_AES_128_GCM_SHA256,,ping.chartbeat.net,True,True,CsiI,,,,0ffee3ba8e615ad22535e7f771690a28,303951d4c50efb2e991652225a6f02b1,,,12320.860601,10.0.2.15,57412,107.21.209.133,443,tcp,8.516983999999866,309.0,176.0,SF,True,False,0,ShADadFfRr,9,677,9,540,ssl,0
12326.909264,CwJCQA4PuN2EwJ3Q89,10.0.2.15,57417,64.124.217.61,443,TLSv12,TLS_ECDHE_RSA_WITH_AES_256_GCM_SHA384,secp256r1,um2.eqads.com,False,True,CsxknGIti,"['c52ead0dae04bcd96755f86e80a4d067fb264d82624c893f6a47b4676ab1e8ce', '154c433c491929c5ef686e838e323664a00e6a0d822ccc958fb4dab03e49a08f']",[],1.0,0ffee3ba8e615ad22535e7f771690a28,e35df3e00ca4ef31d42b34bebaa2f86e,,,12324.158897,10.0.2.15,57417,64.124.217.61,443,tcp,25.62632300000041,789.0,3202.0,SF,True,False,0,ShADadfTF,11,1238,12,3686,ssl,0
12334.688587,CYUrhc1WILDytf5487,10.0.2.15,57423,104.16.87.26,443,TLSv12,TLS_ECDHE_RSA_WITH_AES_128_GCM_SHA256,secp256r1,sc.tynt.com,False,True,CsxuknGIti,"['deb78a8322380fa2e86f5ceeebeefdfd36014e3c95bb89e773411b7d35ccf60f', '02ab57e4e67a0cb48dd2ff34830e8ac40f4476fb08ca6be3f5cd846f646840f0', '4f32d5dc00f715250abcc486511e37f501a899deb3bf7ea8adbbd3aef1c412da']",[],1.0,0ffee3ba8e615ad22535e7f771690a28,76cc3e2d3028143b23ec18e27dbd7ca9,h2,,12330.122251,10.0.2.15,57423,104.16.87.26,443,tcp,213.60650899999928,1027.0,7394.0,SF,True,False,0,ShADadTFf,23,1956,27,8478,ssl,0
12351.20606,Cjrw1ozbEq3GvKRw1,10.0.2.15,57438,35.165.249.245,443,TLSv12,TLS_ECDHE_RSA_WITH_AES_128_GCM_SHA256,secp256r1,social.graphmelt.com,False,True,CsxknGIi,"['c5625d1d3926930e39b6bca6cd7889c2f7f88e3d0535816c6a87656da3cd43c8', '02ab57e4e67a0cb48dd2ff34830e8ac40f4476fb08ca6be3f5cd846f646840f0', '4f32d5dc00f715250abcc486511e37f501a899deb3bf7ea8adbbd3aef1c412da']",[],1.0,0ffee3ba8e615ad22535e7f771690a28,303951d4c50efb2e991652225a6f02b1,,,12350.464762,10.0.2.15,57438,35.165.249.245,443,tcp,15.509986000000936,754.0,17739.0,SF,True,False,0,ShADadTFfRr,18,1483,29,18903,ssl,0
12351.223574,C0foY24BSIabC6XZX9,10.0.2.15,57437,35.165.249.245,443,TLSv12,TLS_ECDHE_RSA_WITH_AES_128_GCM_SHA256,secp256r1,social.graphmelt.com,False,True,CsxknGIi,"['c5625d1d3926930e39b6bca6cd7889c2f7f88e3d0535816c6a87656da3cd43c8', '02ab57e4e67a0cb48dd2ff34830e8ac40f4476fb08ca6be3f5cd846f646840f0', '4f32d5dc00f715250abcc486511e37f501a899deb3bf7ea8adbbd3aef1c412da']",[],1.0,0ffee3ba8e615ad22535e7f771690a28,303951d4c50efb2e991652225a6f02b1,,,12350.460836,10.0.2.15,57437,35.165.249.245,443,tcp,15.499018000000431,763.0,5154.0,RSTO,True,False,0,ShADadTFR,12,1252,14,5718,ssl,0
12354.057846,C2otC4IERTaGvTwpa,10.0.2.15,57444,52.218.128.152,443,TLSv12,TLS_ECDHE_RSA_WITH_AES_128_GCM_SHA256,secp256r1,s3-us-west-2.amazonaws.com,False,True,CsxknGIi,"['e0657743a56f71e04caf81531d9422c249945c95c8a699935ec21dd8466ca120', 'f9690880819f06cdcc0b2f224b207f2af6003fb57339b8679a160fa95208d62d']",[],1.0,0ffee3ba8e615ad22535e7f771690a28,ea615e28cb25adfb2f261151eab3314f,,,12353.609369,10.0.2.15,57444,52.218.128.152,443,tcp,12.87575300000026,700.0,4989.0,RSTO,True,False,0,ShADadTFR,13,1229,16,5633,ssl,0
12354.070296,CQ4ost4xKwB9ZC3xmb,10.0.2.15,57443,52.218.128.152,443,TLSv12,TLS_ECDHE_RSA_WITH_AES_128_GCM_SHA256,secp256r1,s3-us-west-2.amazonaws.com,False,True,CsxknGIi,"['e0657743a56f71e04caf81531d9422c249945c95c8a699935ec21dd8466ca120', 'f9690880819f06cdcc0b2f224b207f2af6003fb57339b8679a160fa95208d62d']",[],1.0,0ffee3ba8e615ad22535e7f771690a28,ea615e28cb25adfb2f261151eab3314f,,,12353.607428,10.0.2.15,57443,52.218.128.152,443,tcp,13.502972000000227,715.0,9673.0,SF,True,False,0,ShADadTFfRr,14,1284,21,10517,ssl,0
12354.089506,C4hapZ3wYozLZ3mUag,10.0.2.15,57442,52.218.128.152,443,TLSv12,TLS_ECDHE_RSA_WITH_AES_128_GCM_SHA256,secp256r1,s3-us-west-2.amazonaws.com,False,True,CsxknGIi,"['e0657743a56f71e04caf81531d9422c249945c95c8a699935ec21dd8466ca120', 'f9690880819f06cdcc0b2f224b207f2af6003fb57339b8679a160fa95208d62d']",[],1.0,0ffee3ba8e615ad22535e7f771690a28,ea615e28cb25adfb2f261151eab3314f,,,12353.606549,10.0.2.15,57442,52.218.128.152,443,tcp,12.761938999999984,711.0,5324.0,RSTO,True,False,0,ShADadTFR,13,1240,16,5968,ssl,0
12354.123045,CGPqt22r9wYtWggMHg,10.0.2.15,57441,52.218.128.152,443,TLSv12,TLS_ECDHE_RSA_WITH_AES_128_GCM_SHA256,secp256r1,s3-us-west-2.amazonaws.com,False,True,CsxknGIi,"['e0657743a56f71e04caf81531d9422c249945c95c8a699935ec21dd8466ca120', 'f9690880819f06cdcc0b2f224b207f2af6003fb57339b8679a160fa95208d62d']",[],1.0,0ffee3ba8e615ad22535e7f771690a28,ea615e28cb25adfb2f261151eab3314f,,,12353.605872,10.0.2.15,57441,52.218.128.152,443,tcp,12.745179999999891,705.0,7932.0,RSTR,True,False,0,ShADadTFRr,14,1274,18,8656,ssl,0
12354.142655,CksvOR3n0TTwe3IRc8,10.0.2.15,57440,52.218.128.152,443,TLSv12,TLS_ECDHE_RSA_WITH_AES_128_GCM_SHA256,secp256r1,s3-us-west-2.amazonaws.com,False,True,CsxknGIi,"['e0657743a56f71e04caf81531d9422c249945c95c8a699935ec21dd8466ca120', 'f9690880819f06cdcc0b2f224b207f2af6003fb57339b8679a160fa95208d62d']",[],1.0,0ffee3ba8e615ad22535e7f771690a28,ea615e28cb25adfb2f261151eab3314f,,,12353.60439,10.0.2.15,57440,52.218.128.152,443,tcp,13.178012999998828,704.0,4263.0,RSTO,True,False,0,ShADadTFR,12,1193,13,4787,ssl,0
12354.149084,C4ftun2BM3isLz5at6,10.0.2.15,57439,52.218.128.152,443,TLSv12,TLS_ECDHE_RSA_WITH_AES_128_GCM_SHA256,secp256r1,s3-us-west-2.amazonaws.com,False,True,CsxknGIi,"['e0657743a56f71e04caf81531d9422c249945c95c8a699935ec21dd8466ca120', 'f9690880819f06cdcc0b2f224b207f2af6003fb57339b8679a160fa95208d62d']",[],1.0,0ffee3ba8e615ad22535e7f771690a28,ea615e28cb25adfb2f261151eab3314f,,,12353.603271,10.0.2.15,57439,52.218.128.152,443,tcp,13.500872000000529,700.0,5737.0,RSTO,True,False,0,ShADadTFR,13,1229,16,6381,ssl,0
12354.75697,COFtER3nb0F1Mqz2a8,10.0.2.15,57450,172.217.23.225,443,TLSv12,TLS_ECDHE_RSA_WITH_AES_128_GCM_SHA256,,tpc.googlesyndication.com,True,True,CsiI,,,,1a5fe5677b0e4fbbc854e8908225637d,67619a80665d7ab92d1041b1d11f9164,h2,,12353.861848,10.0.2.15,57450,172.217.23.225,443,tcp,77.7205699999995,2959.0,92303.0,SF,True,False,0,ShADadFf,52,5047,111,96747,ssl,0
12354.766947,CGdFoE2q7DztTEtPX8,10.0.2.15,57449,95.101.252.144,443,TLSv12,TLS_ECDHE_RSA_WITH_AES_256_GCM_SHA384,,z.moatads.com,True,True,CsiI,,,,1a5fe5677b0e4fbbc854e8908225637d,410b9bedaf65dd26c6fe547154d60db4,http/1.1,,12353.860831,10.0.2.15,57449,95.101.252.144,443,tcp,128.05811800000083,916.0,64058.0,RSTO,True,False,0,ShADadTTFR,45,2736,81,67302,ssl,0
12354.383711,CnBofN2CKyFuJ8v5ij,10.0.2.15,57445,35.165.249.245,443,TLSv12,TLS_ECDHE_RSA_WITH_AES_128_GCM_SHA256,secp256r1,social.graphmelt.com,False,True,CsxknGIi,"['c5625d1d3926930e39b6bca6cd7889c2f7f88e3d0535816c6a87656da3cd43c8', '02ab57e4e67a0cb48dd2ff34830e8ac40f4476fb08ca6be3f5cd846f646840f0', '4f32d5dc00f715250abcc486511e37f501a899deb3bf7ea8adbbd3aef1c412da']",[],1.0,0ffee3ba8e615ad22535e7f771690a28,303951d4c50efb2e991652225a6f02b1,,,12353.846174,10.0.2.15,57445,35.165.249.245,443,tcp,12.659759000000122,782.0,5197.0,SF,True,False,0,ShADadTFfRr,14,1351,17,5881,ssl,0
12360.637399,CRSKKq4bEcE648chW5,10.0.2.15,57456,64.124.217.61,443,TLSv12,TLS_ECDHE_RSA_WITH_AES_256_GCM_SHA384,,um2.eqads.com,True,True,CsiI,,,,1a5fe5677b0e4fbbc854e8908225637d,364ff14b04ef93c3b4cfa429d729c0d9,,,12359.948992,10.0.2.15,57456,64.124.217.61,443,tcp,2.278266999999687,1009.0,854.0,SF,True,False,0,ShADadfF,8,1337,8,1178,ssl,0
12360.646488,CkSP2X2wt5G5n6lYu,10.0.2.15,57462,185.33.220.197,443,TLSv12,TLS_ECDHE_RSA_WITH_AES_256_GCM_SHA384,secp256r1,secure-ams.adnxs.com,False,True,CsxuknGIti,"['5b081650e8034418a37504ce0820892be5a66474578207711eb688243fe1a8f2', '074541ecdf88ed992ed5ade3ecddef27a26ba1b44480a195c0a8dadae2521d8e']",[],1.0,0ffee3ba8e615ad22535e7f771690a28,d53e4608f956df65bb2b8a8c4d3b025d,,,12360.014345,10.0.2.15,57462,185.33.220.197,443,tcp,7.991931000000477,5121.0,18184.0,RSTR,True,False,0,ShADadRRrR,21,5969,31,19428,ssl,0
12360.653241,ChxF3u2wHewIdfH4Sg,10.0.2.15,57461,185.33.220.197,443,TLSv12,TLS_ECDHE_RSA_WITH_AES_256_GCM_SHA384,secp256r1,secure-ams.adnxs.com,False,True,CsxuknGIti,"['5b081650e8034418a37504ce0820892be5a66474578207711eb688243fe1a8f2', '074541ecdf88ed992ed5ade3ecddef27a26ba1b44480a195c0a8dadae2521d8e']",[],1.0,0ffee3ba8e615ad22535e7f771690a28,d53e4608f956df65bb2b8a8c4d3b025d,,,12360.000619,10.0.2.15,57461,185.33.220.197,443,tcp,8.195486999999048,4570.0,5795.0,SF,True,False,0,ShADadFf,13,5098,16,6439,ssl,0
12360.667186,C2i5rG1eiBUjUVlLKc,10.0.2.15,57458,172.217.23.194,443,TLSv12,TLS_ECDHE_RSA_WITH_AES_128_GCM_SHA256,,adx.g.doubleclick.net,True,True,CsiI,,,,1a5fe5677b0e4fbbc854e8908225637d,67619a80665d7ab92d1041b1d11f9164,h2,,12359.962728,10.0.2.15,57458,172.217.23.194,443,tcp,258.96630000000005,3195.0,1140.0,SF,True,False,0,ShADadFf,27,4283,29,2304,ssl,0
12360.658135,CI31Njie4TOvRKub,10.0.2.15,57460,185.33.220.197,443,TLSv12,TLS_ECDHE_RSA_WITH_AES_256_GCM_SHA384,secp256r1,secure-ams.adnxs.com,False,True,CsxuknGIti,"['5b081650e8034418a37504ce0820892be5a66474578207711eb688243fe1a8f2', '074541ecdf88ed992ed5ade3ecddef27a26ba1b44480a195c0a8dadae2521d8e']",[],1.0,0ffee3ba8e615ad22535e7f771690a28,d53e4608f956df65bb2b8a8c4d3b025d,,,12359.975271,10.0.2.15,57460,185.33.220.197,443,tcp,8.05457000000024,5114.0,18109.0,SF,True,False,0,ShADadFf,18,5842,28,19233,ssl,0
12360.664783,CNlVIq2gLMKb3rTa8f,10.0.2.15,57459,185.33.220.197,443,TLSv12,TLS_ECDHE_RSA_WITH_AES_256_GCM_SHA384,secp256r1,secure-ams.adnxs.com,False,True,CsxuknGIti,"['5b081650e8034418a37504ce0820892be5a66474578207711eb688243fe1a8f2', '074541ecdf88ed992ed5ade3ecddef27a26ba1b44480a195c0a8dadae2521d8e']",[],1.0,0ffee3ba8e615ad22535e7f771690a28,d53e4608f956df65bb2b8a8c4d3b025d,,,12359.963867,10.0.2.15,57459,185.33.220.197,443,tcp,8.224938999999722,4574.0,5794.0,SF,True,False,0,ShADadFf,13,5102,16,6438,ssl,0
12360.681242,C18BWI3cGIpwbLZQc8,10.0.2.15,57464,172.217.23.194,443,TLSv12,TLS_ECDHE_RSA_WITH_AES_128_GCM_SHA256,x25519,googleads.g.doubleclick.net,False,True,CsxknGIti,"['a32ffddd76f9e7debbfc9a37b38d2ef86039b30a10d7c45ab8223d149cf99699', '9f630426df1d8abfd80ace98871ba833ab9742cb34838de2b5285ed54c0c7dcc', '3c35cc963eb004451323d3275d05b353235053490d9cd83729a2faf5e7ca1cc0']",[],1.0,0ffee3ba8e615ad22535e7f771690a28,ab41313cfec25328b20865eb1388e0a2,h2,,12360.026797,10.0.2.15,57464,172.217.23.194,443,tcp,8.137808999999834,297.0,4047.0,RSTO,True,False,0,ShADadR,8,625,8,4371,ssl,0
12360.673136,CzBpG24UA7tYy6ndti,10.0.2.15,57457,107.20.50.221,443,TLSv12,TLS_ECDHE_RSA_WITH_AES_128_GCM_SHA256,secp256r1,px.dynamicyield.com,False,True,CsxknGIti,"['8fa3f89fc6e2bdee8ca49bf0dbab78c42e08b377999ad81129bab6a1498d0564', '02ab57e4e67a0cb48dd2ff34830e8ac40f4476fb08ca6be3f5cd846f646840f0', '4f32d5dc00f715250abcc486511e37f501a899deb3bf7ea8adbbd3aef1c412da', '687fa451382278fff0c8b11f8d43d576671c6eb2bceab413fb83d965d06d2ff2']",[],1.0,0ffee3ba8e615ad22535e7f771690a28,389ed42c02ebecc32e73aa31def07e14,,,12359.954824,10.0.2.15,57457,107.20.50.221,443,tcp,8.317127000000255,322.0,6150.0,SF,True,False,0,ShADadFf,9,690,11,6594,ssl,0
12360.698932,CBGJmO1pjVPiPZg275,10.0.2.15,57463,107.20.50.221,443,TLSv12,TLS_ECDHE_RSA_WITH_AES_128_GCM_SHA256,secp256r1,px.dynamicyield.com,False,True,CsxknGIti,"['8fa3f89fc6e2bdee8ca49bf0dbab78c42e08b377999ad81129bab6a1498d0564', '02ab57e4e67a0cb48dd2ff34830e8ac40f4476fb08ca6be3f5cd846f646840f0', '4f32d5dc00f715250abcc486511e37f501a899deb3bf7ea8adbbd3aef1c412da', '687fa451382278fff0c8b11f8d43d576671c6eb2bceab413fb83d965d06d2ff2']",[],1.0,0ffee3ba8e615ad22535e7f771690a28,389ed42c02ebecc32e73aa31def07e14,,,12360.02558,10.0.2.15,57463,107.20.50.221,443,tcp,8.253978000000643,322.0,6150.0,SF,True,False,0,ShADadFf,9,690,11,6594,ssl,0
12370.788742,CXl4Js3P2m3G0Tvn84,10.0.2.15,57465,104.16.247.236,443,TLSv12,TLS_ECDHE_RSA_WITH_AES_128_GCM_SHA256,secp256r1,www.ziprecruiter.com,False,True,CsxknGIti,"['665c31b29b78b14df7e34bbe575ece4547a93748e36856816b622fe3e6686576', '9e6bc5f9ecc52460e8edc02c644d1be1cb9f2316f41daf3b616a0b2058294b31']",[],1.0,0ffee3ba8e615ad22535e7f771690a28,b898351eb5e266aefd3723d466935494,h2,,12370.380669,10.0.2.15,57465,104.16.247.236,443,tcp,269.0669309999994,1589.0,25301.0,SF,True,False,0,ShADadFf,30,2797,44,27065,ssl,0
12375.242576,CBYsd8lq9cD4UisP1,10.0.2.15,57467,151.101.112.70,443,TLSv12,TLS_ECDHE_RSA_WITH_AES_128_GCM_SHA256,secp256r1,cal.patch.com,False,True,CsxuknGIti,"['aaa3260b874fb6aebfc0bb8d3e1e7fbd99ec0fada24126a14310613c09fb341b', '74ef335e5e18788307fb9d89cb704bec112abd23487dbff41c4ded5070f241d9']",[],1.0,0ffee3ba8e615ad22535e7f771690a28,860fcf58fd757e26aa8911e5eaff6b53,http/1.1,,12374.890415,10.0.2.15,57467,151.101.112.70,443,tcp,126.89450700000089,1038.0,12836.0,SF,True,False,0,ShADadTTFfRr,27,2138,35,14240,ssl,0
12375.245151,C1xn753Qq7XYy7UKIj,10.0.2.15,57466,104.16.247.236,443,TLSv12,TLS_ECDHE_RSA_WITH_AES_128_GCM_SHA256,secp256r1,www.ziprecruiter.com,False,True,CsxknGIti,"['665c31b29b78b14df7e34bbe575ece4547a93748e36856816b622fe3e6686576', '9e6bc5f9ecc52460e8edc02c644d1be1cb9f2316f41daf3b616a0b2058294b31']",[],1.0,0ffee3ba8e615ad22535e7f771690a28,b898351eb5e266aefd3723d466935494,h2,,12374.88577,10.0.2.15,57466,104.16.247.236,443,tcp,8.623333999999886,870.0,7049.0,SF,True,False,0,ShADadFf,15,1478,20,7853,ssl,0
12375.681938,CpH6hB48WdtWfJSMzd,10.0.2.15,57471,95.101.252.144,443,TLSv12,TLS_ECDHE_RSA_WITH_AES_256_GCM_SHA384,,px.moatads.com,True,True,CsiI,,,,1a5fe5677b0e4fbbc854e8908225637d,410b9bedaf65dd26c6fe547154d60db4,http/1.1,,12375.256992,10.0.2.15,57471,95.101.252.144,443,tcp,126.51254100000006,1231.0,621.0,RSTO,True,False,0,ShADadTTFR,22,2131,21,1465,ssl,0
12375.821693,CUsRQ330TzvkOX93ic,10.0.2.15,57469,172.217.23.194,443,TLSv12,TLS_ECDHE_RSA_WITH_AES_128_GCM_SHA256,,cm.g.doubleclick.net,True,True,CsiI,,,,1a5fe5677b0e4fbbc854e8908225637d,67619a80665d7ab92d1041b1d11f9164,h2,,12375.254128,10.0.2.15,57469,172.217.23.194,443,tcp,55.81755499999963,3291.0,1520.0,SF,True,False,0,ShADadFf,25,4299,30,2724,ssl,0
12376.005542,CGVp29wm8nCj5JVXc,10.0.2.15,57474,95.101.252.144,443,TLSv12,TLS_ECDHE_RSA_WITH_AES_256_GCM_SHA384,,px.moatads.com,True,True,CsiI,,,,1a5fe5677b0e4fbbc854e8908225637d,410b9bedaf65dd26c6fe547154d60db4,http/1.1,,12375.525259,10.0.2.15,57474,95.101.252.144,443,tcp,126.24990199999957,2217.0,621.0,SF,True,False,0,ShADadTTFfRr,24,3197,24,1585,ssl,0
12376.007041,CR31JQ1iDlcZIIBucc,10.0.2.15,57472,52.94.220.16,443,TLSv12,TLS_ECDHE_RSA_WITH_AES_128_GCM_SHA256,,aax.amazon-adsystem.com,True,True,CsiI,,,,0ffee3ba8e615ad22535e7f771690a28,c6227321ea7621862dc7b7351771a62c,,,12375.524007,10.0.2.15,57472,52.94.220.16,443,tcp,66.76153899999917,887.0,399.0,SF,True,False,0,ShADadTfF,15,1501,15,1003,ssl,0
12376.006516,CjF7hb4vKwYt4BDAdg,10.0.2.15,57473,172.217.23.238,443,TLSv12,TLS_ECDHE_RSA_WITH_AES_128_GCM_SHA256,x25519,www.google-analytics.com,False,True,CsxknGIti,"['31ed45c3400fc5f9a84dfaa0a6f6171369876ed4e2da669ee7f8edbe3593bf6b', '9f630426df1d8abfd80ace98871ba833ab9742cb34838de2b5285ed54c0c7dcc', '3c35cc963eb004451323d3275d05b353235053490d9cd83729a2faf5e7ca1cc0']",[],1.0,0ffee3ba8e615ad22535e7f771690a28,ab41313cfec25328b20865eb1388e0a2,h2,,12375.524513,10.0.2.15,57473,172.217.23.238,443,tcp,624.9842790000002,22022.0,73183.0,SF,True,False,0,ShADadFf,163,28550,218,81907,ssl,0
12384.642498,CgquM4YycEbGolyq9,10.0.2.15,57484,172.217.23.194,443,TLSv12,TLS_ECDHE_RSA_WITH_AES_128_GCM_SHA256,x25519,googleads.g.doubleclick.net,False,True,CsxknGIti,"['a32ffddd76f9e7debbfc9a37b38d2ef86039b30a10d7c45ab8223d149cf99699', '9f630426df1d8abfd80ace98871ba833ab9742cb34838de2b5285ed54c0c7dcc', '3c35cc963eb004451323d3275d05b353235053490d9cd83729a2faf5e7ca1cc0']",[],1.0,0ffee3ba8e615ad22535e7f771690a28,ab41313cfec25328b20865eb1388e0a2,h2,,12384.177276,10.0.2.15,57484,172.217.23.194,443,tcp,47.51814699999886,5482.0,81004.0,SF,True,False,0,ShADadFf,45,7290,97,84888,ssl,0
12386.861145,CfbeYv186dJV3plSK7,10.0.2.15,57502,54.235.98.181,443,TLSv12,TLS_ECDHE_RSA_WITH_AES_128_GCM_SHA256,secp256r1,ping.chartbeat.net,False,True,CsxknGIi,"['c848edd4b7930a9cc7ac1f450cd8c8b5868efda5a746c75c8da86a6513efe77e', 'b7a8af2a4a43f0a86b15604de6461209c9cd76894d8b0748bc99d9a797013bb0']",[],1.0,0ffee3ba8e615ad22535e7f771690a28,303951d4c50efb2e991652225a6f02b1,,,12384.667807,10.0.2.15,57502,54.235.98.181,443,tcp,148.74012500000026,4451.0,3936.0,SF,True,False,0,ShADadTTFf,27,5550,29,5100,ssl,0
12386.865701,CN9Te44wpNWDA4sALb,10.0.2.15,57501,50.16.141.95,443,TLSv12,TLS_ECDHE_RSA_WITH_AES_128_GCM_SHA256,secp256r1,c.liadm.com,False,True,CsxknGIi,"['1a86f6156bbaff0333141d5e05d12da997ba999e43f6e106a0e2ff8637d06fbc', 'f55f9ffcb83c73453261601c7e044db15a0f034b93c05830f28635ef889cf670', '87dcd4dc74640a322cd205552506d1be64f12596258096544986b4850bc72706', '28689b30e4c306aab53b027b29e36ad6dd1dcf4b953994482ca84bdc1ecac996']",[],1.0,0ffee3ba8e615ad22535e7f771690a28,303951d4c50efb2e991652225a6f02b1,,,12384.667044,10.0.2.15,57501,50.16.141.95,443,tcp,68.16273999999976,1322.0,5562.0,SF,True,False,0,ShADadTFf,17,2016,19,6326,ssl,0
12386.86832,Clx3Or3tVHjeiqdl16,10.0.2.15,57500,209.15.36.23,443,TLSv12,TLS_ECDHE_RSA_WITH_AES_256_CBC_SHA,secp256r1,centro.pixel.ad,False,True,CsxknGIti,"['61da0477e0f09b86f6713752fb08c1eb5268c4ac6f81dc422580dbe9dd52a1b8', 'bc3f03a436240edba5f83714f6f677e34b37f9b1f0c08c1e558d981e279e8209', '3c35cc963eb004451323d3275d05b353235053490d9cd83729a2faf5e7ca1cc0']",[],1.0,1a5fe5677b0e4fbbc854e8908225637d,63a37e7be22df054d1f448fc0c28b98f,,,12384.666243,10.0.2.15,57500,209.15.36.23,443,tcp,14.444279000001188,1088.0,4173.0,SF,True,False,0,ShADadfF,10,1496,12,4657,ssl,0
12386.87874,CHblhr3uHrZpZ5kX4e,10.0.2.15,57499,54.243.67.254,443,TLSv12,TLS_ECDHE_RSA_WITH_AES_128_GCM_SHA256,secp256r1,api.ziprecruiter.com,False,True,CsxknGIi,"['14a1e2cd4c7513539fd51ab50a725b762bd57b2670158bc7ea15adb79509c20c', '02ab57e4e67a0cb48dd2ff34830e8ac40f4476fb08ca6be3f5cd846f646840f0', '4f32d5dc00f715250abcc486511e37f501a899deb3bf7ea8adbbd3aef1c412da', '687fa451382278fff0c8b11f8d43d576671c6eb2bceab413fb83d965d06d2ff2']",[],1.0,0ffee3ba8e615ad22535e7f771690a28,303951d4c50efb2e991652225a6f02b1,,,12384.655269,10.0.2.15,57499,54.243.67.254,443,tcp,126.78549699999894,2099.0,93001.0,SF,True,False,0,ShADadTTFf,42,3797,96,96845,ssl,0
12386.891845,ClQPUe2PXt8yTXOYxd,10.0.2.15,57498,54.84.124.48,443,TLSv12,TLS_ECDHE_RSA_WITH_AES_256_GCM_SHA384,secp256r1,api.conservativereview.com,False,True,CsxknGIti,"['45ed1393b1e9de2f35e1d01d10bb054da4eba0f0b7bff06102f11d9e1bf6eacc', '02ab57e4e67a0cb48dd2ff34830e8ac40f4476fb08ca6be3f5cd846f646840f0', '4f32d5dc00f715250abcc486511e37f501a899deb3bf7ea8adbbd3aef1c412da']",[],1.0,0ffee3ba8e615ad22535e7f771690a28,758945630046fd37070521b8544d1fe8,,,12384.648821,10.0.2.15,57498,54.84.124.48,443,tcp,24.66164599999865,765.0,8592.0,SF,True,False,0,ShADadTfF,13,1294,17,9276,ssl,0
12387.111128,CMAQjr3htshlar3Yy4,10.0.2.15,57508,62.67.193.61,443,TLSv12,TLS_RSA_WITH_AES_256_CBC_SHA,,fastlane.rubiconproject.com,False,True,CsxnGIi,"['323de379ee34a94e415f63b56183d0d5d0e5a863f4ac89f97dc40ae81cc021c8', '154c433c491929c5ef686e838e323664a00e6a0d822ccc958fb4dab03e49a08f']",[],1.0,0ffee3ba8e615ad22535e7f771690a28,0a917d753018dad73d9899ace370f8d8,,,12385.991355,10.0.2.15,57508,62.67.193.61,443,tcp,20.566381000000547,6220.0,10281.0,SF,True,False,0,ShADadTFf,16,6869,20,11085,ssl,0
12387.112517,C4GUx726EXmFyJqIEc,10.0.2.15,57507,62.67.193.61,443,TLSv12,TLS_RSA_WITH_AES_256_CBC_SHA,,fastlane.rubiconproject.com,False,True,CsxnGIi,"['323de379ee34a94e415f63b56183d0d5d0e5a863f4ac89f97dc40ae81cc021c8', '154c433c491929c5ef686e838e323664a00e6a0d822ccc958fb4dab03e49a08f']",[],1.0,0ffee3ba8e615ad22535e7f771690a28,0a917d753018dad73d9899ace370f8d8,,,12385.990773,10.0.2.15,57507,62.67.193.61,443,tcp,20.953647000000277,6220.0,10297.0,SF,True,False,0,ShADadTFf,17,6909,20,11101,ssl,0
12387.114109,Cx9lJm1XQp0Tl8oI0f,10.0.2.15,57506,62.67.193.61,443,TLSv12,TLS_RSA_WITH_AES_256_CBC_SHA,,fastlane.rubiconproject.com,False,True,CsxnGIi,"['323de379ee34a94e415f63b56183d0d5d0e5a863f4ac89f97dc40ae81cc021c8', '154c433c491929c5ef686e838e323664a00e6a0d822ccc958fb4dab03e49a08f']",[],1.0,0ffee3ba8e615ad22535e7f771690a28,0a917d753018dad73d9899ace370f8d8,,,12385.990187,10.0.2.15,57506,62.67.193.61,443,tcp,21.538751000000047,6220.0,10249.0,SF,True,False,0,ShADadTFf,17,6909,20,11053,ssl,0
12387.299475,CNfvHN1kKZBm8meul6,10.0.2.15,57509,173.241.240.220,443,TLSv12,TLS_ECDHE_RSA_WITH_AES_128_GCM_SHA256,secp256r1,patch-d.openx.net,False,True,CsxknGIi,"['ab7de06ea7a3de3225f335667d38750434931049f9e9cb0cb4a9caf5df22819c', '074541ecdf88ed992ed5ade3ecddef27a26ba1b44480a195c0a8dadae2521d8e']",[],1.0,0ffee3ba8e615ad22535e7f771690a28,699a80bdb17efe157c861f92c5bf5d1d,,,12385.992166,10.0.2.15,57509,173.241.240.220,443,tcp,32.72366200000033,2894.0,13687.0,SF,True,False,0,ShADadTfF,20,3704,25,14691,ssl,0
12387.115242,CiAM2pTueuE4Dx2Hc,10.0.2.15,57505,62.67.193.61,443,TLSv12,TLS_RSA_WITH_AES_256_CBC_SHA,,fastlane.rubiconproject.com,False,True,CsxnGIi,"['323de379ee34a94e415f63b56183d0d5d0e5a863f4ac89f97dc40ae81cc021c8', '154c433c491929c5ef686e838e323664a00e6a0d822ccc958fb4dab03e49a08f']",[],1.0,0ffee3ba8e615ad22535e7f771690a28,0a917d753018dad73d9899ace370f8d8,,,12385.989229,10.0.2.15,57505,62.67.193.61,443,tcp,22.1129779999992,6236.0,9497.0,SF,True,False,0,ShADadTFf,17,6925,19,10261,ssl,0
12387.116015,CAeDQg2dQicYpOV0k9,10.0.2.15,57504,62.67.193.61,443,TLSv12,TLS_RSA_WITH_AES_256_CBC_SHA,,fastlane.rubiconproject.com,False,True,CsxnGIi,"['323de379ee34a94e415f63b56183d0d5d0e5a863f4ac89f97dc40ae81cc021c8', '154c433c491929c5ef686e838e323664a00e6a0d822ccc958fb4dab03e49a08f']",[],1.0,0ffee3ba8e615ad22535e7f771690a28,0a917d753018dad73d9899ace370f8d8,,,12385.97706,10.0.2.15,57504,62.67.193.61,443,tcp,23.316665000000285,6236.0,9849.0,SF,True,False,0,ShADadTFf,16,6885,20,10653,ssl,0
12387.125584,CAJHGPWYaxNKMD1wa,10.0.2.15,57503,52.54.234.46,443,TLSv12,TLS_ECDHE_RSA_WITH_AES_128_GCM_SHA256,secp256r1,i.yldbt.com,False,True,CsxknGIi,"['0b98788855581cc04da810a04fcc55d010b562e9b1f17bbf30469cae959bfb6f', '973a41276ffd01e027a2aad49e34c37846d3e976ff6a620b6712e33832041aa6', '3a2fbe92891e57fe05d57087f48e730f17e5a5f53ef403d618e5b74d7a7e6ecb', 'c3846bf24b9e93ca64274c0ec67c1ecc5e024ffcacd2d74019350e81fe546ae4']",[],1.0,0ffee3ba8e615ad22535e7f771690a28,303951d4c50efb2e991652225a6f02b1,,,12385.973197,10.0.2.15,57503,52.54.234.46,443,tcp,135.30587600000035,2827.0,7320.0,SF,True,False,0,ShADadTTFf,28,3967,31,8564,ssl,0
12393.883389,C0doVE4rHMqYCra66k,10.0.2.15,57510,34.249.147.230,443,TLSv12,TLS_ECDHE_RSA_WITH_AES_128_GCM_SHA256,secp256r1,trends.revcontent.com,False,True,CsxknGIi,"['e29909b1c1715d830c883d99e7b3b62c157b0e615f1b77bba7ceda93a43a1063', '154c433c491929c5ef686e838e323664a00e6a0d822ccc958fb4dab03e49a08f']",[],1.0,0ffee3ba8e615ad22535e7f771690a28,303951d4c50efb2e991652225a6f02b1,,,12392.351088,10.0.2.15,57510,34.249.147.230,443,tcp,25.541880000000678,355.0,3542.0,SF,True,False,0,ShADadTFfRr,13,885,14,4106,ssl,0
12393.878683,C048E52OrSguXs4TZ2,10.0.2.15,57511,34.249.147.230,443,TLSv12,TLS_ECDHE_RSA_WITH_AES_128_GCM_SHA256,secp256r1,trends.revcontent.com,False,True,CsxknGIi,"['e29909b1c1715d830c883d99e7b3b62c157b0e615f1b77bba7ceda93a43a1063', '154c433c491929c5ef686e838e323664a00e6a0d822ccc958fb4dab03e49a08f']",[],1.0,0ffee3ba8e615ad22535e7f771690a28,303951d4c50efb2e991652225a6f02b1,,,12392.351953,10.0.2.15,57511,34.249.147.230,443,tcp,76.80113700000038,858.0,43074.0,SF,True,False,0,ShADadTFf,27,1952,53,45198,ssl,0
12397.010827,Cf0qqz26bsXEfgWYGd,10.0.2.15,57520,37.252.172.40,443,TLSv12,TLS_ECDHE_RSA_WITH_AES_256_GCM_SHA384,secp256r1,secure.adnxs.com,False,True,CsxuknGIti,"['5b081650e8034418a37504ce0820892be5a66474578207711eb688243fe1a8f2', '074541ecdf88ed992ed5ade3ecddef27a26ba1b44480a195c0a8dadae2521d8e']",[],1.0,0ffee3ba8e615ad22535e7f771690a28,d53e4608f956df65bb2b8a8c4d3b025d,,,12396.611251,10.0.2.15,57520,37.252.172.40,443,tcp,27.46016599999893,3651.0,9960.0,SF,True,False,0,ShADadTfF,15,4260,21,10804,ssl,0
12397.012828,Cn1wuv4SL8iZWJEINl,10.0.2.15,57519,37.252.172.40,443,TLSv12,TLS_ECDHE_RSA_WITH_AES_256_GCM_SHA384,secp256r1,secure.adnxs.com,False,True,CsxuknGIti,"['5b081650e8034418a37504ce0820892be5a66474578207711eb688243fe1a8f2', '074541ecdf88ed992ed5ade3ecddef27a26ba1b44480a195c0a8dadae2521d8e']",[],1.0,0ffee3ba8e615ad22535e7f771690a28,d53e4608f956df65bb2b8a8c4d3b025d,,,12396.610709,10.0.2.15,57519,37.252.172.40,443,tcp,27.835175999998683,3651.0,9957.0,SF,True,False,0,ShADadTfF,15,4260,20,10761,ssl,0
12397.014436,CASARK374VpV491KQk,10.0.2.15,57518,37.252.172.40,443,TLSv12,TLS_ECDHE_RSA_WITH_AES_256_GCM_SHA384,secp256r1,secure.adnxs.com,False,True,CsxuknGIti,"['5b081650e8034418a37504ce0820892be5a66474578207711eb688243fe1a8f2', '074541ecdf88ed992ed5ade3ecddef27a26ba1b44480a195c0a8dadae2521d8e']",[],1.0,0ffee3ba8e615ad22535e7f771690a28,d53e4608f956df65bb2b8a8c4d3b025d,,,12396.610224,10.0.2.15,57518,37.252.172.40,443,tcp,28.0724539999992,3651.0,9957.0,SF,True,False,0,ShADadTfF,15,4260,21,10801,ssl,0
12397.002139,CnHHuJ1jzlnncQvzu9,10.0.2.15,57512,152.163.66.131,443,TLSv12,TLS_RSA_WITH_AES_128_CBC_SHA,,adserver.adtechus.com,False,True,CsxnGIi,"['44ece7e30b43e443909ae7a302f38efd8870eb688ae56b799946ce3cf62fbf0a', '3b0cc20384ad7f24eb438f2b80c63ebe003f7f215b8877e418ebb0484028db57', '6b143c2005d5539cc22eab5f772db2a9fe87467feffa07fcf0a9f7d28274ca7a']",[],1.0,0ffee3ba8e615ad22535e7f771690a28,5397c414a9ebeaff1bf18b70ca22eaa0,,,12396.605522,10.0.2.15,57512,152.163.66.131,443,tcp,23.600055999999316,1153.0,4439.0,SF,True,False,0,ShADadTfF,11,1602,13,4963,ssl,0
12397.005357,CfHdDO3uL0DVFWSUE4,10.0.2.15,57522,152.163.66.131,443,TLSv12,TLS_RSA_WITH_AES_128_CBC_SHA,,adserver.adtechus.com,False,True,CsxnGIi,"['44ece7e30b43e443909ae7a302f38efd8870eb688ae56b799946ce3cf62fbf0a', '3b0cc20384ad7f24eb438f2b80c63ebe003f7f215b8877e418ebb0484028db57', '6b143c2005d5539cc22eab5f772db2a9fe87467feffa07fcf0a9f7d28274ca7a']",[],1.0,0ffee3ba8e615ad22535e7f771690a28,5397c414a9ebeaff1bf18b70ca22eaa0,,,12396.612148,10.0.2.15,57522,152.163.66.131,443,tcp,24.88010000000031,1153.0,4439.0,SF,True,False,0,ShADadTfF,11,1602,13,4963,ssl,0
12397.009054,CkKQRi3PDJwmhaqw1,10.0.2.15,57521,152.163.66.131,443,TLSv12,TLS_RSA_WITH_AES_128_CBC_SHA,,adserver.adtechus.com,False,True,CsxnGIi,"['44ece7e30b43e443909ae7a302f38efd8870eb688ae56b799946ce3cf62fbf0a', '3b0cc20384ad7f24eb438f2b80c63ebe003f7f215b8877e418ebb0484028db57', '6b143c2005d5539cc22eab5f772db2a9fe87467feffa07fcf0a9f7d28274ca7a']",[],1.0,0ffee3ba8e615ad22535e7f771690a28,5397c414a9ebeaff1bf18b70ca22eaa0,,,12396.611705,10.0.2.15,57521,152.163.66.131,443,tcp,25.28525700000137,1153.0,4439.0,SF,True,False,0,ShADadTfF,12,1643,14,5003,ssl,0
12397.018109,CluApO1CqzqgM8agq2,10.0.2.15,57517,37.252.172.40,443,TLSv12,TLS_ECDHE_RSA_WITH_AES_256_GCM_SHA384,secp256r1,secure.adnxs.com,False,True,CsxuknGIti,"['5b081650e8034418a37504ce0820892be5a66474578207711eb688243fe1a8f2', '074541ecdf88ed992ed5ade3ecddef27a26ba1b44480a195c0a8dadae2521d8e']",[],1.0,0ffee3ba8e615ad22535e7f771690a28,d53e4608f956df65bb2b8a8c4d3b025d,,,12396.609185,10.0.2.15,57517,37.252.172.40,443,tcp,28.290068000000247,3673.0,9955.0,SF,True,False,0,ShADadTfF,15,4282,21,10799,ssl,0
12397.020893,CLwA1527Vs1yArsmE1,10.0.2.15,57516,37.252.172.40,443,TLSv12,TLS_ECDHE_RSA_WITH_AES_256_GCM_SHA384,secp256r1,secure.adnxs.com,False,True,CsxuknGIti,"['5b081650e8034418a37504ce0820892be5a66474578207711eb688243fe1a8f2', '074541ecdf88ed992ed5ade3ecddef27a26ba1b44480a195c0a8dadae2521d8e']",[],1.0,0ffee3ba8e615ad22535e7f771690a28,d53e4608f956df65bb2b8a8c4d3b025d,,,12396.608396,10.0.2.15,57516,37.252.172.40,443,tcp,28.47888000000057,3688.0,9963.0,SF,True,False,0,ShADadTfF,16,4337,21,10807,ssl,0
12397.022807,CuUi9v3t4FlXVzX0Dk,10.0.2.15,57515,152.163.66.131,443,TLSv12,TLS_RSA_WITH_AES_128_CBC_SHA,,adserver.adtechus.com,False,True,CsxnGIi,"['44ece7e30b43e443909ae7a302f38efd8870eb688ae56b799946ce3cf62fbf0a', '3b0cc20384ad7f24eb438f2b80c63ebe003f7f215b8877e418ebb0484028db57', '6b143c2005d5539cc22eab5f772db2a9fe87467feffa07fcf0a9f7d28274ca7a']",[],1.0,0ffee3ba8e615ad22535e7f771690a28,5397c414a9ebeaff1bf18b70ca22eaa0,,,12396.607903,10.0.2.15,57515,152.163.66.131,443,tcp,24.17730400000073,1153.0,4439.0,SF,True,False,0,ShADadTfF,11,1602,13,4963,ssl,0
12397.025742,C2KCp93DAUPJITbem2,10.0.2.15,57514,152.163.66.131,443,TLSv12,TLS_RSA_WITH_AES_128_CBC_SHA,,adserver.adtechus.com,False,True,CsxnGIi,"['44ece7e30b43e443909ae7a302f38efd8870eb688ae56b799946ce3cf62fbf0a', '3b0cc20384ad7f24eb438f2b80c63ebe003f7f215b8877e418ebb0484028db57', '6b143c2005d5539cc22eab5f772db2a9fe87467feffa07fcf0a9f7d28274ca7a']",[],1.0,0ffee3ba8e615ad22535e7f771690a28,5397c414a9ebeaff1bf18b70ca22eaa0,,,12396.607351,10.0.2.15,57514,152.163.66.131,443,tcp,22.709147999999917,572.0,4439.0,SF,True,False,0,ShADadTfF,10,981,12,4923,ssl,0
12397.026811,CbpTUu2TnMvIxzeDD8,10.0.2.15,57513,152.163.66.131,443,TLSv12,TLS_RSA_WITH_AES_128_CBC_SHA,,adserver.adtechus.com,False,True,CsxnGIi,"['44ece7e30b43e443909ae7a302f38efd8870eb688ae56b799946ce3cf62fbf0a', '3b0cc20384ad7f24eb438f2b80c63ebe003f7f215b8877e418ebb0484028db57', '6b143c2005d5539cc22eab5f772db2a9fe87467feffa07fcf0a9f7d28274ca7a']",[],1.0,0ffee3ba8e615ad22535e7f771690a28,5397c414a9ebeaff1bf18b70ca22eaa0,,,12396.606583,10.0.2.15,57513,152.163.66.131,443,tcp,22.988946999999825,572.0,4439.0,SF,True,False,0,ShADadTfF,10,981,12,4923,ssl,0
12411.965421,CkhfrV3hWL0eLc6J3,10.0.2.15,57524,31.13.74.7,443,TLSv12,TLS_ECDHE_ECDSA_WITH_AES_128_GCM_SHA256,secp256r1,connect.facebook.net,False,True,CsxknGIti,"['152151b387412a95ab90fd4664f2d98880408e9e43913124e4c91226a483386b', '19400be5b7a31fb733917700789d2f0a2471c0c9d506c0e504c06c16d7cb17c0']",[],1.0,0ffee3ba8e615ad22535e7f771690a28,2d1eb5817ece335c24904f516ad5da12,h2,,12410.47576,10.0.2.15,57524,31.13.74.7,443,tcp,255.9952910000011,1105.0,5676.0,SF,True,False,0,ShADadTFRfr,25,2114,29,6840,ssl,0
12411.970212,CCNj5y2kBLqzP44T97,10.0.2.15,57523,31.13.77.36,443,TLSv12,TLS_ECDHE_ECDSA_WITH_AES_128_GCM_SHA256,secp256r1,www.facebook.com,False,True,CsxknGIti,"['152151b387412a95ab90fd4664f2d98880408e9e43913124e4c91226a483386b', '19400be5b7a31fb733917700789d2f0a2471c0c9d506c0e504c06c16d7cb17c0']",[],1.0,0ffee3ba8e615ad22535e7f771690a28,2d1eb5817ece335c24904f516ad5da12,h2,,12410.474033,10.0.2.15,57523,31.13.77.36,443,tcp,16.75273500000003,1913.0,34488.0,SF,True,False,0,ShADadTFfRr,29,3082,45,36292,ssl,0
12420.218041,Cj8cVF2AzazD0iH5j3,10.0.2.15,57533,54.230.92.242,443,TLSv12,TLS_ECDHE_RSA_WITH_AES_128_GCM_SHA256,secp256r1,choices.truste.com,False,True,CsxuknGIti,"['9885030d1a13434b132aebde5f075a7157da85f8bb0e594c550f23b8f09d137f', 'e0898ad662474b9f753c79bea878031c9a5d634a49edd6310b960ab023c02c0e']",[],1.0,0ffee3ba8e615ad22535e7f771690a28,76cc3e2d3028143b23ec18e27dbd7ca9,http/1.1,,12418.992538,10.0.2.15,57533,54.230.92.242,443,tcp,10.943849999999657,384.0,5555.0,SF,True,False,0,ShADadFf,11,832,13,6079,ssl,0
12420.219474,Cra8I3J77UEgBLb4l,10.0.2.15,57532,217.79.188.2,443,TLSv12,TLS_ECDHE_RSA_WITH_AES_128_GCM_SHA256,secp256r1,ad1.adfarm1.adition.com,False,True,CsxknGIti,"['9dedac90fd8400d6b17afafd6083399d520b8778fd0b9204b431e77d6c52f656', 'ee793643199474ed60efdc8ccde4d37445921683593aa751bbf8ee491a391e97']",[],1.0,0ffee3ba8e615ad22535e7f771690a28,ccc514751b175866924439bdbb5bba34,,,12418.955621,10.0.2.15,57532,217.79.188.2,443,tcp,10.980804000000717,389.0,3055.0,SF,True,False,0,ShADadFf,9,757,9,3419,ssl,0
12420.215173,CFnT5w1Oy0JD1qAOqb,10.0.2.15,57527,31.13.74.7,443,TLSv12,TLS_ECDHE_ECDSA_WITH_AES_128_GCM_SHA256,secp256r1,staticxx.facebook.com,False,True,CsxknGIti,"['152151b387412a95ab90fd4664f2d98880408e9e43913124e4c91226a483386b', '19400be5b7a31fb733917700789d2f0a2471c0c9d506c0e504c06c16d7cb17c0']",[],1.0,0ffee3ba8e615ad22535e7f771690a28,2d1eb5817ece335c24904f516ad5da12,h2,,12418.901033,10.0.2.15,57527,31.13.74.7,443,tcp,204.9022499999992,663.0,4034.0,SF,True,False,0,ShADadfF,16,1311,19,4798,ssl,0
12420.21629,CZRyVi4jPaNKiGtFob,10.0.2.15,57535,52.86.23.125,443,TLSv12,TLS_ECDHE_RSA_WITH_AES_128_GCM_SHA256,secp256r1,i.liadm.com,False,True,CsxknGIi,"['25a8e2c1df07fd1818b79f02226a619cac2b83d2b182c10e2f59106434251326', 'f55f9ffcb83c73453261601c7e044db15a0f034b93c05830f28635ef889cf670', '87dcd4dc74640a322cd205552506d1be64f12596258096544986b4850bc72706', '28689b30e4c306aab53b027b29e36ad6dd1dcf4b953994482ca84bdc1ecac996']",[],1.0,0ffee3ba8e615ad22535e7f771690a28,303951d4c50efb2e991652225a6f02b1,,,12419.002339,10.0.2.15,57535,52.86.23.125,443,tcp,11.026676999999836,1222.0,5451.0,SF,True,False,0,ShADadFfRr,13,1750,15,6055,ssl,0
12420.231543,Co2tgH2sDDRZyGw5m,10.0.2.15,57531,217.79.188.10,443,TLSv12,TLS_ECDHE_RSA_WITH_AES_128_GCM_SHA256,secp256r1,imagesrv.adition.com,False,True,CsxknGIti,"['319a7dfff736bf18e54b93faebbb26b556d886051e20ccf8df2451473f009b79', 'ee793643199474ed60efdc8ccde4d37445921683593aa751bbf8ee491a391e97', 'ebd41040e4bb3ec742c9e381d31ef2a41a48b6685c96e7cef3c1df6cd4331c99']",[],1.0,0ffee3ba8e615ad22535e7f771690a28,389ed42c02ebecc32e73aa31def07e14,,,12418.937232,10.0.2.15,57531,217.79.188.10,443,tcp,11.011233999999604,354.0,4593.0,SF,True,False,0,ShADadFfRr,11,802,14,5157,ssl,0
12420.237179,CDsWHZ3rDyUELGHYD3,10.0.2.15,57530,85.91.44.34,443,TLSv12,TLS_ECDHE_RSA_WITH_AES_128_GCM_SHA256,secp256r1,a1162.casalemedia.com,False,True,CsxknGIti,"['5411d2a7b127c23a2b53ad668cc23a70731cbb15cf5ce32d66614a1fbc5fb90d', '973a41276ffd01e027a2aad49e34c37846d3e976ff6a620b6712e33832041aa6', '3a2fbe92891e57fe05d57087f48e730f17e5a5f53ef403d618e5b74d7a7e6ecb']",[],1.0,0ffee3ba8e615ad22535e7f771690a28,389ed42c02ebecc32e73aa31def07e14,,,12418.923917,10.0.2.15,57530,85.91.44.34,443,tcp,10.998202999999194,356.0,4515.0,SF,True,False,0,ShADadfF,9,724,10,4919,ssl,0
12420.240138,ChgYxv4jEtXYkLcrH7,10.0.2.15,57529,176.74.173.230,443,TLSv12,TLS_ECDHE_RSA_WITH_AES_256_CBC_SHA,secp256r1,eur-ukp.adsrvr.org,False,True,CsxuknGIi,"['eb6a61e357a3b2f8e2ab4cc809f2088543de4475bcacfe6122f6dbe82d9b7c38', '58ea0688b7909aaa8eaaa2fff36f3bbe8f4a2ad03bd70243b3903469db4890f7']",[],1.0,0ffee3ba8e615ad22535e7f771690a28,4fd467dd264720762ffe286277c00f57,,,12418.919992,10.0.2.15,57529,176.74.173.230,443,tcp,11.035874000001058,398.0,3812.0,SF,True,False,0,ShADadFf,10,806,10,4216,ssl,0
12426.214643,CPUq6I2xYqRGGuGNh3,10.0.2.15,57538,172.217.23.238,443,TLSv12,TLS_ECDHE_ECDSA_WITH_AES_128_GCM_SHA256,,safebrowsing.google.com,True,True,CsiI,,,,1a5fe5677b0e4fbbc854e8908225637d,c23237dbea656869600e48dfbd00ab7b,h2,,12425.658927,10.0.2.15,57538,172.217.23.238,443,tcp,197.71618099999975,24187.0,1310.0,SF,True,False,0,ShADadFf,34,25555,35,2714,ssl,0
12426.214591,CzRmI517I2a2exQJCj,10.0.2.15,57540,173.241.240.220,443,TLSv12,TLS_ECDHE_RSA_WITH_AES_128_GCM_SHA256,secp256r1,patch-d.openx.net,False,True,CsxknGIi,"['ab7de06ea7a3de3225f335667d38750434931049f9e9cb0cb4a9caf5df22819c', '074541ecdf88ed992ed5ade3ecddef27a26ba1b44480a195c0a8dadae2521d8e']",[],1.0,0ffee3ba8e615ad22535e7f771690a28,699a80bdb17efe157c861f92c5bf5d1d,,,12425.660538,10.0.2.15,57540,173.241.240.220,443,tcp,4.324069000000236,352.0,3124.0,SF,True,False,0,ShADadFfRr,9,720,10,3528,ssl,0
12426.214615,CKQMla3rDz2pA2GrB2,10.0.2.15,57539,173.241.240.143,443,TLSv12,TLS_ECDHE_RSA_WITH_AES_128_GCM_SHA256,secp256r1,us-u.openx.net,False,True,CsxknGIi,"['ab7de06ea7a3de3225f335667d38750434931049f9e9cb0cb4a9caf5df22819c', '074541ecdf88ed992ed5ade3ecddef27a26ba1b44480a195c0a8dadae2521d8e']",[],1.0,0ffee3ba8e615ad22535e7f771690a28,699a80bdb17efe157c861f92c5bf5d1d,,,12425.65964,10.0.2.15,57539,173.241.240.143,443,tcp,4.321998999999778,349.0,3124.0,RSTO,True,False,0,ShADadFR,8,677,8,3448,ssl,0
12426.214504,ChCEqY1bG5jz2w1EQi,10.0.2.15,57543,173.241.240.220,443,TLSv12,TLS_ECDHE_RSA_WITH_AES_128_GCM_SHA256,secp256r1,patch-d.openx.net,False,True,CsxknGIi,"['ab7de06ea7a3de3225f335667d38750434931049f9e9cb0cb4a9caf5df22819c', '074541ecdf88ed992ed5ade3ecddef27a26ba1b44480a195c0a8dadae2521d8e']",[],1.0,0ffee3ba8e615ad22535e7f771690a28,699a80bdb17efe157c861f92c5bf5d1d,,,12425.662371,10.0.2.15,57543,173.241.240.220,443,tcp,4.286049999998795,352.0,3124.0,SF,True,False,0,ShADadFfRr,10,760,11,3568,ssl,0
12426.214544,CQH1eq1YsHXEipmnTb,10.0.2.15,57542,173.241.240.220,443,TLSv12,TLS_ECDHE_RSA_WITH_AES_128_GCM_SHA256,secp256r1,patch-d.openx.net,False,True,CsxknGIi,"['ab7de06ea7a3de3225f335667d38750434931049f9e9cb0cb4a9caf5df22819c', '074541ecdf88ed992ed5ade3ecddef27a26ba1b44480a195c0a8dadae2521d8e']",[],1.0,0ffee3ba8e615ad22535e7f771690a28,699a80bdb17efe157c861f92c5bf5d1d,,,12425.661575,10.0.2.15,57542,173.241.240.220,443,tcp,4.278243999999177,352.0,3124.0,SF,True,False,0,ShADadFfRr,10,760,11,3568,ssl,0
12426.214569,CZYUtc333fV9gvUFNf,10.0.2.15,57541,173.241.240.220,443,TLSv12,TLS_ECDHE_RSA_WITH_AES_128_GCM_SHA256,secp256r1,patch-d.openx.net,False,True,CsxknGIi,"['ab7de06ea7a3de3225f335667d38750434931049f9e9cb0cb4a9caf5df22819c', '074541ecdf88ed992ed5ade3ecddef27a26ba1b44480a195c0a8dadae2521d8e']",[],1.0,0ffee3ba8e615ad22535e7f771690a28,699a80bdb17efe157c861f92c5bf5d1d,,,12425.661095,10.0.2.15,57541,173.241.240.220,443,tcp,4.278766999999789,352.0,3124.0,SF,True,False,0,ShADadFRfr,11,800,13,3648,ssl,0
12428.533404,C1d78m1GdApw7sPp6,10.0.2.15,57549,172.217.23.238,443,TLSv12,TLS_ECDHE_ECDSA_WITH_AES_128_GCM_SHA256,,encrypted-tbn2.gstatic.com,True,True,CsiI,,,,1a5fe5677b0e4fbbc854e8908225637d,c23237dbea656869600e48dfbd00ab7b,h2,,12426.581841,10.0.2.15,57549,172.217.23.238,443,tcp,206.0492480000012,2310.0,12829.0,SF,True,False,0,ShADadFf,29,3478,38,14353,ssl,0
12428.024027,CNtN5m3Cn1rN5nlZMl,10.0.2.15,57548,172.217.23.238,443,TLSv12,TLS_ECDHE_ECDSA_WITH_AES_128_GCM_SHA256,,encrypted-tbn1.gstatic.com,True,True,CsiI,,,,1a5fe5677b0e4fbbc854e8908225637d,c23237dbea656869600e48dfbd00ab7b,h2,,12426.581265,10.0.2.15,57548,172.217.23.238,443,tcp,197.23768599999855,1994.0,9175.0,SF,True,False,0,ShADadFf,22,2882,28,10299,ssl,0
12428.014324,Cu087hCynxLPkr6Hf,10.0.2.15,57550,172.217.23.238,443,TLSv12,TLS_ECDHE_ECDSA_WITH_AES_128_GCM_SHA256,x25519,encrypted-tbn0.gstatic.com,False,True,CsxknGIti,"['11ddd329046367c19b32ffdb02ed308de129de4d6ffcf95856d7bd6a7accfba9', '9f630426df1d8abfd80ace98871ba833ab9742cb34838de2b5285ed54c0c7dcc', '3c35cc963eb004451323d3275d05b353235053490d9cd83729a2faf5e7ca1cc0']",[],1.0,0ffee3ba8e615ad22535e7f771690a28,84480cf8cf0e732666092640e581e1a5,h2,,12426.822563,10.0.2.15,57550,172.217.23.238,443,tcp,16.645425000000614,1472.0,7487.0,SF,True,False,0,ShADadFf,17,2160,19,8251,ssl,0
12438.462181,C7fyH1t3UfCNZaS77,10.0.2.15,57551,91.121.46.52,443,TLSv12,TLS_ECDHE_RSA_WITH_AES_128_GCM_SHA256,secp384r1,ads.travelaudience.com,False,True,CsxknGIi,"['f63bdf3a23176b2cea8dad6fde175266fbd0bf583434d482a36703c5f32870cc', '02ab57e4e67a0cb48dd2ff34830e8ac40f4476fb08ca6be3f5cd846f646840f0', '4f32d5dc00f715250abcc486511e37f501a899deb3bf7ea8adbbd3aef1c412da']",[],1.0,0ffee3ba8e615ad22535e7f771690a28,699a80bdb17efe157c861f92c5bf5d1d,,,12437.870274,10.0.2.15,57551,91.121.46.52,443,tcp,1.844293999998626,389.0,5100.0,RSTO,True,False,0,ShADadFR,9,757,12,5584,ssl,0
12441.300676,C8H2LA3squLthXdaja,10.0.2.15,57557,217.79.188.2,443,TLSv12,TLS_ECDHE_RSA_WITH_AES_128_GCM_SHA256,,ad1.adfarm1.adition.com,True,True,CsiI,,,,1a5fe5677b0e4fbbc854e8908225637d,fbe78c619e7ea20046131294ad087f05,,,12439.694806,10.0.2.15,57557,217.79.188.2,443,tcp,3.132670000000871,1796.0,2345.0,SF,True,False,0,ShADadFf,10,2204,11,2789,ssl,0
12441.301621,CWaDSb2hqeo2WcSdoe,10.0.2.15,57556,217.79.188.2,443,TLSv12,TLS_ECDHE_RSA_WITH_AES_128_GCM_SHA256,,ad1.adfarm1.adition.com,True,True,CsiI,,,,1a5fe5677b0e4fbbc854e8908225637d,fbe78c619e7ea20046131294ad087f05,,,12439.513215,10.0.2.15,57556,217.79.188.2,443,tcp,9.407690999998522,599.0,137.0,SF,True,False,0,ShADadFf,7,887,7,421,ssl,0
12441.307518,CRlN0I30cN1WC16EKa,10.0.2.15,57555,172.217.23.225,443,TLSv12,TLS_ECDHE_RSA_WITH_AES_128_GCM_SHA256,,tpc.googlesyndication.com,True,True,CsiI,,,,1a5fe5677b0e4fbbc854e8908225637d,67619a80665d7ab92d1041b1d11f9164,h2,,12439.511083,10.0.2.15,57555,172.217.23.225,443,tcp,480.14914300000055,3739.0,103149.0,SF,True,False,0,ShADadFf,65,6347,133,108473,ssl,0
12441.315136,CNPmxz2Viwbm1CTLyj,10.0.2.15,57563,205.185.216.42,443,TLSv12,TLS_ECDHE_RSA_WITH_AES_128_GCM_SHA256,secp256r1,img.revcontent.com,False,True,CsxuknGIti,"['e29909b1c1715d830c883d99e7b3b62c157b0e615f1b77bba7ceda93a43a1063', '154c433c491929c5ef686e838e323664a00e6a0d822ccc958fb4dab03e49a08f']",[],1.0,0ffee3ba8e615ad22535e7f771690a28,a9f50de6377ae7c6dbaabc53f089ac30,,,12439.710415,10.0.2.15,57563,205.185.216.42,443,tcp,14.188000000000102,1719.0,74724.0,SF,True,False,0,ShADadfF,26,2767,70,77528,ssl,0
12441.321546,CZ2Vx539iIey1WCgM5,10.0.2.15,57562,205.185.216.42,443,TLSv12,TLS_ECDHE_RSA_WITH_AES_128_GCM_SHA256,secp256r1,img.revcontent.com,False,True,CsxuknGIti,"['e29909b1c1715d830c883d99e7b3b62c157b0e615f1b77bba7ceda93a43a1063', '154c433c491929c5ef686e838e323664a00e6a0d822ccc958fb4dab03e49a08f']",[],1.0,0ffee3ba8e615ad22535e7f771690a28,a9f50de6377ae7c6dbaabc53f089ac30,,,12439.709506,10.0.2.15,57562,205.185.216.42,443,tcp,12.065891000000192,1036.0,33885.0,SF,True,False,0,ShADadfF,17,1724,36,35329,ssl,0
12441.324881,C4zVge1gW87J0bYPba,10.0.2.15,57561,205.185.216.42,443,TLSv12,TLS_ECDHE_RSA_WITH_AES_128_GCM_SHA256,secp256r1,img.revcontent.com,False,True,CsxuknGIti,"['e29909b1c1715d830c883d99e7b3b62c157b0e615f1b77bba7ceda93a43a1063', '154c433c491929c5ef686e838e323664a00e6a0d822ccc958fb4dab03e49a08f']",[],1.0,0ffee3ba8e615ad22535e7f771690a28,a9f50de6377ae7c6dbaabc53f089ac30,,,12439.706071,10.0.2.15,57561,205.185.216.42,443,tcp,12.061593000000356,1036.0,23576.0,SF,True,False,0,ShADadfF,18,1764,30,24780,ssl,0
12441.333473,CQPivs2hQg3uh5sdvl,10.0.2.15,57560,205.185.216.42,443,TLSv12,TLS_ECDHE_RSA_WITH_AES_128_GCM_SHA256,secp256r1,img.revcontent.com,False,True,CsxuknGIti,"['e29909b1c1715d830c883d99e7b3b62c157b0e615f1b77bba7ceda93a43a1063', '154c433c491929c5ef686e838e323664a00e6a0d822ccc958fb4dab03e49a08f']",[],1.0,0ffee3ba8e615ad22535e7f771690a28,a9f50de6377ae7c6dbaabc53f089ac30,,,12439.703162,10.0.2.15,57560,205.185.216.42,443,tcp,12.064460999999936,1036.0,25827.0,SF,True,False,0,ShADadfF,16,1684,31,27071,ssl,0
12441.298877,CkAuTl1WYcdI2R5f7k,10.0.2.15,57558,205.185.216.42,443,TLSv12,TLS_ECDHE_RSA_WITH_AES_128_GCM_SHA256,secp256r1,img.revcontent.com,False,True,CsxuknGIti,"['e29909b1c1715d830c883d99e7b3b62c157b0e615f1b77bba7ceda93a43a1063', '154c433c491929c5ef686e838e323664a00e6a0d822ccc958fb4dab03e49a08f']",[],1.0,0ffee3ba8e615ad22535e7f771690a28,a9f50de6377ae7c6dbaabc53f089ac30,,,12439.697002,10.0.2.15,57558,205.185.216.42,443,tcp,12.075433999998497,1036.0,31437.0,SF,True,False,0,ShADadfF,16,1684,34,32801,ssl,0
12441.336933,CpWD1E2Gt64dsWRMQi,10.0.2.15,57559,205.185.216.42,443,TLSv12,TLS_ECDHE_RSA_WITH_AES_128_GCM_SHA256,secp256r1,img.revcontent.com,False,True,CsxuknGIti,"['e29909b1c1715d830c883d99e7b3b62c157b0e615f1b77bba7ceda93a43a1063', '154c433c491929c5ef686e838e323664a00e6a0d822ccc958fb4dab03e49a08f']",[],1.0,0ffee3ba8e615ad22535e7f771690a28,a9f50de6377ae7c6dbaabc53f089ac30,,,12439.70092,10.0.2.15,57559,205.185.216.42,443,tcp,9.06886100000156,1036.0,4197.0,SF,True,False,0,ShADadfF,10,1444,12,4681,ssl,0
12443.846428,C5vEkgBTFRJjDvand,10.0.2.15,57564,172.217.23.238,443,TLSv12,TLS_ECDHE_ECDSA_WITH_AES_128_GCM_SHA256,x25519,safebrowsing-cache.google.com,False,True,CsxknGIti,"['11ddd329046367c19b32ffdb02ed308de129de4d6ffcf95856d7bd6a7accfba9', '9f630426df1d8abfd80ace98871ba833ab9742cb34838de2b5285ed54c0c7dcc', '3c35cc963eb004451323d3275d05b353235053490d9cd83729a2faf5e7ca1cc0']",[],1.0,0ffee3ba8e615ad22535e7f771690a28,84480cf8cf0e732666092640e581e1a5,h2,,12443.46037,10.0.2.15,57564,172.217.23.238,443,tcp,202.93132999999943,1757.0,9605.0,SF,True,False,0,ShADadFf,31,3005,37,11089,ssl,0
12446.468964,CUWmRC2fn2BEw61LO3,10.0.2.15,57566,52.45.49.86,443,TLSv12,TLS_ECDHE_RSA_WITH_AES_128_GCM_SHA256,secp256r1,platform.instagram.com,False,True,CsxknGIti,"['75f97496eafd0cbf253c16a154838631116569e35c96831f9720036d048f93a4', '19400be5b7a31fb733917700789d2f0a2471c0c9d506c0e504c06c16d7cb17c0']",[],1.0,0ffee3ba8e615ad22535e7f771690a28,b898351eb5e266aefd3723d466935494,h2,,12445.934868,10.0.2.15,57566,52.45.49.86,443,tcp,34.718676000000414,835.0,5247.0,SF,True,False,0,ShADadfF,14,1403,17,5931,ssl,0
12449.055979,CebI5H2ZynYj4JMf42,10.0.2.15,57568,52.94.220.16,443,TLSv12,TLS_ECDHE_RSA_WITH_AES_128_GCM_SHA256,,aax.amazon-adsystem.com,True,True,CsiI,,,,0ffee3ba8e615ad22535e7f771690a28,c6227321ea7621862dc7b7351771a62c,,,12448.782825,10.0.2.15,57568,52.94.220.16,443,tcp,65.72150200000033,736.0,399.0,SF,True,False,0,ShADadTfF,14,1310,15,1003,ssl,0
12449.05936,CcvrBJ2mKhiU9jawX,10.0.2.15,57569,52.94.220.16,443,TLSv12,TLS_ECDHE_RSA_WITH_AES_128_GCM_SHA256,,aax.amazon-adsystem.com,True,True,CsiI,,,,0ffee3ba8e615ad22535e7f771690a28,c6227321ea7621862dc7b7351771a62c,,,12448.786135,10.0.2.15,57569,52.94.220.16,443,tcp,11.46452700000009,314.0,141.0,SF,True,False,0,ShADadTFf,8,643,8,465,ssl,0
12450.804012,CbNcjB4UKnV0ENSUf,10.0.2.15,57573,209.207.213.20,443,TLSv12,TLS_ECDHE_RSA_WITH_CHACHA20_POLY1305_SHA256,x25519,www.education.com,False,True,CsxknGIti,"['d98c4ce59af45bfdfbede4bc93ea1e28ae50372407256488d52d3366c70c3e04', 'eae72eb454bf6c3977ebd289e970b2f5282949190093d0d26f98d0f0d6a9cf17']",[],1.0,0ffee3ba8e615ad22535e7f771690a28,738f0c3c6e00286f3afac626676d352d,h2,,12449.90737,10.0.2.15,57573,209.207.213.20,443,tcp,355.8380769999985,5626.0,436861.0,SF,True,False,0,ShADadFf,198,13554,482,456145,ssl,0
12450.805455,CjUsYU1jfemndxh4Bl,10.0.2.15,57572,209.207.213.20,443,TLSv12,TLS_ECDHE_RSA_WITH_CHACHA20_POLY1305_SHA256,x25519,www.education.com,False,True,CsxknGIti,"['d98c4ce59af45bfdfbede4bc93ea1e28ae50372407256488d52d3366c70c3e04', 'eae72eb454bf6c3977ebd289e970b2f5282949190093d0d26f98d0f0d6a9cf17']",[],1.0,0ffee3ba8e615ad22535e7f771690a28,738f0c3c6e00286f3afac626676d352d,h2,,12449.901574,10.0.2.15,57572,209.207.213.20,443,tcp,5.876608000000488,495.0,3775.0,SF,True,False,0,ShADadFf,13,1023,13,4299,ssl,0
12453.140505,CuLENbHMW1OgrUmPg,10.0.2.15,57578,172.217.23.227,443,TLSv12,TLS_ECDHE_ECDSA_WITH_AES_128_GCM_SHA256,x25519,fonts.gstatic.com,False,True,CsxknGIti,"['11ddd329046367c19b32ffdb02ed308de129de4d6ffcf95856d7bd6a7accfba9', '9f630426df1d8abfd80ace98871ba833ab9742cb34838de2b5285ed54c0c7dcc', '3c35cc963eb004451323d3275d05b353235053490d9cd83729a2faf5e7ca1cc0']",[],1.0,0ffee3ba8e615ad22535e7f771690a28,84480cf8cf0e732666092640e581e1a5,h2,,12452.724973,10.0.2.15,57578,172.217.23.227,443,tcp,435.77294900000015,1999.0,191281.0,SF,True,False,0,ShADadFf,79,5167,197,199165,ssl,0
12453.136678,C0FmO63pSIWD3NmWQ6,10.0.2.15,57580,209.15.36.23,443,TLSv12,TLS_ECDHE_RSA_WITH_AES_256_CBC_SHA,,centro.pixel.ad,True,True,CsiI,,,,1a5fe5677b0e4fbbc854e8908225637d,8529fd8de0d7f73186ef5ea8b4531a76,,,12452.745638,10.0.2.15,57580,209.15.36.23,443,tcp,6.940210999999181,933.0,475.0,SF,True,False,0,ShADadfF,9,1301,9,839,ssl,0
12453.13725,CuYo8B2QhaFOTIUAj8,10.0.2.15,57579,151.101.112.134,443,TLSv12,TLS_ECDHE_RSA_WITH_AES_128_GCM_SHA256,,patchmedia.disqus.com,True,True,CsiI,,,,1a5fe5677b0e4fbbc854e8908225637d,1d0e57c6ae42e9204defa51e5e1cdc4c,http/1.1,,12452.726699,10.0.2.15,57579,151.101.112.134,443,tcp,7.488816999999472,599.0,191.0,SF,True,False,0,ShADadFfRr,9,967,9,555,ssl,0
12453.146255,Cup1xz39ok4oHd8d78,10.0.2.15,57577,151.101.112.134,443,TLSv12,TLS_ECDHE_RSA_WITH_AES_128_GCM_SHA256,,patchmedia.disqus.com,True,True,CsiI,,,,1a5fe5677b0e4fbbc854e8908225637d,1d0e57c6ae42e9204defa51e5e1cdc4c,http/1.1,,12452.722575,10.0.2.15,57577,151.101.112.134,443,tcp,7.460089000000153,599.0,191.0,SF,True,False,0,ShADadFfRr,9,967,9,555,ssl,0
12453.15017,COcY1x1DqHuaLskNca,10.0.2.15,57576,172.217.23.226,443,TLSv12,TLS_ECDHE_RSA_WITH_AES_128_GCM_SHA256,,securepubads.g.doubleclick.net,True,True,CsiI,,,,1a5fe5677b0e4fbbc854e8908225637d,67619a80665d7ab92d1041b1d11f9164,h2,,12452.721225,10.0.2.15,57576,172.217.23.226,443,tcp,581.7203210000007,10558.0,35231.0,SF,True,False,0,ShADadFf,62,13046,91,38875,ssl,0
12453.158487,CxV0dD3nWSQ7wZhbN5,10.0.2.15,57575,209.15.36.23,443,TLSv12,TLS_ECDHE_RSA_WITH_AES_256_CBC_SHA,,centro.pixel.ad,True,True,CsiI,,,,1a5fe5677b0e4fbbc854e8908225637d,8529fd8de0d7f73186ef5ea8b4531a76,,,12452.718623,10.0.2.15,57575,209.15.36.23,443,tcp,6.534598000000187,592.0,475.0,SF,True,False,0,ShADadfF,7,880,7,759,ssl,0
12453.162639,CGoiA04f6OjuiUSsV4,10.0.2.15,57574,95.100.180.160,443,TLSv12,TLS_ECDHE_RSA_WITH_AES_256_GCM_SHA384,,static.yieldmo.com,True,True,CsiI,,,,1a5fe5677b0e4fbbc854e8908225637d,410b9bedaf65dd26c6fe547154d60db4,http/1.1,,12452.71697,10.0.2.15,57574,95.100.180.160,443,tcp,7.494915999999648,599.0,183.0,SF,True,False,0,ShADadFfRr,9,967,9,547,ssl,0
12463.518959,CnTUFb3O6vfBfcubKj,10.0.2.15,57584,50.16.141.95,443,TLSv12,TLS_ECDHE_RSA_WITH_AES_128_GCM_SHA256,,c.liadm.com,True,True,CsiI,,,,0ffee3ba8e615ad22535e7f771690a28,303951d4c50efb2e991652225a6f02b1,,,12463.004896,10.0.2.15,57584,50.16.141.95,443,tcp,11.079423999999564,302.0,176.0,SF,True,False,0,ShADadFfRr,9,670,9,540,ssl,0
12463.520933,CNKh0R1f1ZdlKF3Rg4,10.0.2.15,57587,62.67.193.61,443,TLSv12,TLS_RSA_WITH_AES_256_CBC_SHA,,fastlane.rubiconproject.com,False,True,CsxnGIi,"['323de379ee34a94e415f63b56183d0d5d0e5a863f4ac89f97dc40ae81cc021c8', '154c433c491929c5ef686e838e323664a00e6a0d822ccc958fb4dab03e49a08f']",[],1.0,0ffee3ba8e615ad22535e7f771690a28,0a917d753018dad73d9899ace370f8d8,,,12463.009864,10.0.2.15,57587,62.67.193.61,443,tcp,6.448709000000235,631.0,2719.0,SF,True,False,0,ShADadFf,9,999,9,3083,ssl,0
12463.52242,CWS4nP1Z2PITfEBOg9,10.0.2.15,57586,62.67.193.61,443,TLSv12,TLS_RSA_WITH_AES_256_CBC_SHA,,fastlane.rubiconproject.com,False,True,CsxnGIi,"['323de379ee34a94e415f63b56183d0d5d0e5a863f4ac89f97dc40ae81cc021c8', '154c433c491929c5ef686e838e323664a00e6a0d822ccc958fb4dab03e49a08f']",[],1.0,0ffee3ba8e615ad22535e7f771690a28,0a917d753018dad73d9899ace370f8d8,,,12463.0088,10.0.2.15,57586,62.67.193.61,443,tcp,6.680320999999822,631.0,2719.0,SF,True,False,0,ShADadFf,9,999,9,3083,ssl,0
12463.523506,CiwI99GiEn0R2qew4,10.0.2.15,57585,172.217.23.226,443,TLSv12,TLS_ECDHE_RSA_WITH_AES_128_GCM_SHA256,x25519,googleads.g.doubleclick.net,False,True,CsxknGIti,"['a32ffddd76f9e7debbfc9a37b38d2ef86039b30a10d7c45ab8223d149cf99699', '9f630426df1d8abfd80ace98871ba833ab9742cb34838de2b5285ed54c0c7dcc', '3c35cc963eb004451323d3275d05b353235053490d9cd83729a2faf5e7ca1cc0']",[],1.0,0ffee3ba8e615ad22535e7f771690a28,ab41313cfec25328b20865eb1388e0a2,h2,,12463.005573,10.0.2.15,57585,172.217.23.226,443,tcp,3.746444999998857,329.0,4047.0,RSTO,True,False,0,ShADadR,8,657,7,4331,ssl,0
12463.524372,CrAL1g2h0qlsiSybQ1,10.0.2.15,57588,62.67.193.61,443,TLSv12,TLS_RSA_WITH_AES_256_CBC_SHA,,fastlane.rubiconproject.com,False,True,CsxnGIi,"['323de379ee34a94e415f63b56183d0d5d0e5a863f4ac89f97dc40ae81cc021c8', '154c433c491929c5ef686e838e323664a00e6a0d822ccc958fb4dab03e49a08f']",[],1.0,0ffee3ba8e615ad22535e7f771690a28,0a917d753018dad73d9899ace370f8d8,,,12463.010495,10.0.2.15,57588,62.67.193.61,443,tcp,7.11819800000012,631.0,2719.0,SF,True,False,0,ShADadFf,9,999,9,3083,ssl,0
12464.379231,CJduo82GAG51TC6w1b,10.0.2.15,57599,151.101.113.185,443,TLSv12,TLS_ECDHE_RSA_WITH_AES_128_GCM_SHA256,secp256r1,cdn.education.com,False,True,CsxuknGIti,"['50cc25afdf84c1f318dbff4b1f764939c3b14739a79a371f9985d0c97b177211', '4b7334e1d8999822bafa8ff6888125389b18a4e5ab26ffa624c7f68fdc81f0cb']",[],1.0,0ffee3ba8e615ad22535e7f771690a28,860fcf58fd757e26aa8911e5eaff6b53,h2,,12463.530572,10.0.2.15,57599,151.101.113.185,443,tcp,8.54853600000024,806.0,24453.0,SF,True,False,0,ShADadFfRr,23,1734,35,25857,ssl,0
12464.381243,CxyCKZ3CGbbD1cr1wb,10.0.2.15,57598,151.101.113.185,443,TLSv12,TLS_ECDHE_RSA_WITH_AES_128_GCM_SHA256,secp256r1,cdn.education.com,False,True,CsxuknGIti,"['50cc25afdf84c1f318dbff4b1f764939c3b14739a79a371f9985d0c97b177211', '4b7334e1d8999822bafa8ff6888125389b18a4e5ab26ffa624c7f68fdc81f0cb']",[],1.0,0ffee3ba8e615ad22535e7f771690a28,860fcf58fd757e26aa8911e5eaff6b53,h2,,12463.530005,10.0.2.15,57598,151.101.113.185,443,tcp,8.82533599999988,807.0,18483.0,SF,True,False,0,ShADadFfRr,22,1695,32,19767,ssl,0
12464.384513,CoWqC01Hafe8AifhAh,10.0.2.15,57597,151.101.113.185,443,TLSv12,TLS_ECDHE_RSA_WITH_AES_128_GCM_SHA256,secp256r1,cdn.education.com,False,True,CsxuknGIti,"['50cc25afdf84c1f318dbff4b1f764939c3b14739a79a371f9985d0c97b177211', '4b7334e1d8999822bafa8ff6888125389b18a4e5ab26ffa624c7f68fdc81f0cb']",[],1.0,0ffee3ba8e615ad22535e7f771690a28,860fcf58fd757e26aa8911e5eaff6b53,h2,,12463.528977,10.0.2.15,57597,151.101.113.185,443,tcp,9.063600999999837,807.0,12763.0,SF,True,False,0,ShADadFfRr,20,1615,28,13887,ssl,0
12464.386567,CXHjDs4hAlW88gXfCj,10.0.2.15,57596,151.101.113.185,443,TLSv12,TLS_ECDHE_RSA_WITH_AES_128_GCM_SHA256,secp256r1,cdn.education.com,False,True,CsxuknGIti,"['50cc25afdf84c1f318dbff4b1f764939c3b14739a79a371f9985d0c97b177211', '4b7334e1d8999822bafa8ff6888125389b18a4e5ab26ffa624c7f68fdc81f0cb']",[],1.0,0ffee3ba8e615ad22535e7f771690a28,860fcf58fd757e26aa8911e5eaff6b53,h2,,12463.527512,10.0.2.15,57596,151.101.113.185,443,tcp,9.748658999998952,815.0,366304.0,SF,True,False,0,ShADadFfRr,127,5903,367,380988,ssl,0
12464.39112,CzeyiM2AYE45zFVrQ6,10.0.2.15,57595,151.101.113.185,443,TLSv12,TLS_ECDHE_RSA_WITH_AES_128_GCM_SHA256,secp256r1,cdn.education.com,False,True,CsxuknGIti,"['50cc25afdf84c1f318dbff4b1f764939c3b14739a79a371f9985d0c97b177211', '4b7334e1d8999822bafa8ff6888125389b18a4e5ab26ffa624c7f68fdc81f0cb']",[],1.0,0ffee3ba8e615ad22535e7f771690a28,860fcf58fd757e26aa8911e5eaff6b53,h2,,12463.526752,10.0.2.15,57595,151.101.113.185,443,tcp,336.66724299999987,6458.0,1545786.0,SF,True,False,0,ShADadFfRr,390,22066,1384,1601150,ssl,0
12468.309444,CWsYJY1w8L0a7QjeNa,10.0.2.15,57602,172.217.23.232,443,TLSv12,TLS_ECDHE_RSA_WITH_AES_128_GCM_SHA256,,www.googletagmanager.com,True,True,CsiI,,,,1a5fe5677b0e4fbbc854e8908225637d,67619a80665d7ab92d1041b1d11f9164,h2,,12467.405929,10.0.2.15,57602,172.217.23.232,443,tcp,192.7610619999996,1232.0,24012.0,SF,True,False,0,ShADadFf,32,2520,46,25856,ssl,0
12468.314561,CpJAct486NK2dQu9cj,10.0.2.15,57601,54.192.95.218,443,TLSv12,TLS_ECDHE_RSA_WITH_AES_128_GCM_SHA256,secp256r1,cdn.segment.com,False,True,CsxuknGIti,"['c287f3372d839b7dd804be12d3ac1fd61b790fa45eb98c168b21f3408d5a9e8c', '154c433c491929c5ef686e838e323664a00e6a0d822ccc958fb4dab03e49a08f']",[],1.0,0ffee3ba8e615ad22535e7f771690a28,76cc3e2d3028143b23ec18e27dbd7ca9,h2,,12467.394298,10.0.2.15,57601,54.192.95.218,443,tcp,338.0622060000005,1496.0,55489.0,SF,True,False,0,ShADadFf,43,3224,76,58533,ssl,0
12468.774349,Cqb2fh1kxJfedrku62,10.0.2.15,57603,151.101.113.185,443,TLSv12,TLS_ECDHE_RSA_WITH_AES_128_GCM_SHA256,secp256r1,cdn.education.com,False,True,CsxuknGIti,"['50cc25afdf84c1f318dbff4b1f764939c3b14739a79a371f9985d0c97b177211', '4b7334e1d8999822bafa8ff6888125389b18a4e5ab26ffa624c7f68fdc81f0cb']",[],1.0,0ffee3ba8e615ad22535e7f771690a28,860fcf58fd757e26aa8911e5eaff6b53,h2,,12467.441207,10.0.2.15,57603,151.101.113.185,443,tcp,314.3046340000001,1210.0,52404.0,SF,True,False,0,ShADadFfRr,45,3018,76,55448,ssl,0
12471.316097,CiMXghI7xKDNnPEb3,10.0.2.15,57610,172.217.23.228,443,TLSv12,TLS_ECDHE_RSA_WITH_AES_128_GCM_SHA256,,www.google.com,True,True,CsiI,,,,1a5fe5677b0e4fbbc854e8908225637d,67619a80665d7ab92d1041b1d11f9164,h2,,12470.994983,10.0.2.15,57610,172.217.23.228,443,tcp,163.7119899999998,9091.0,179046.0,SF,True,False,0,ShADadFf,106,13339,229,188210,ssl,0
12471.313849,CLvt8qF6sjKLD6TEe,10.0.2.15,57611,52.85.189.191,443,TLSv12,TLS_ECDHE_RSA_WITH_AES_128_GCM_SHA256,secp256r1,script.crazyegg.com,False,True,CsxuknGIti,"['1eee9739d945fe3410cb4c33c5b3417fae8fbc2b218d29ac043d8b604d6db263', '154c433c491929c5ef686e838e323664a00e6a0d822ccc958fb4dab03e49a08f']",[],1.0,0ffee3ba8e615ad22535e7f771690a28,76cc3e2d3028143b23ec18e27dbd7ca9,http/1.1,,12470.998065,10.0.2.15,57611,52.85.189.191,443,tcp,123.5352729999995,683.0,4196.0,SF,True,False,0,ShADadTTfF,22,1582,23,5120,ssl,0
12471.317041,CsMVsy3cAa88tH0eCg,10.0.2.15,57609,54.192.93.150,443,TLSv12,TLS_ECDHE_RSA_WITH_AES_128_GCM_SHA256,secp256r1,rules.quantcount.com,False,True,CsxuknGIti,"['7d39ee69bdac843654f44bb3164a243b3e8c527019b6225992e5d36771f19e8f', '19400be5b7a31fb733917700789d2f0a2471c0c9d506c0e504c06c16d7cb17c0']",[],1.0,0ffee3ba8e615ad22535e7f771690a28,76cc3e2d3028143b23ec18e27dbd7ca9,h2,,12470.981529,10.0.2.15,57609,54.192.93.150,443,tcp,218.8672809999989,1146.0,4711.0,SF,True,False,0,ShADadFf,23,2074,25,5715,ssl,0
12471.320019,CKf7Hl2wkKGkXYo07k,10.0.2.15,57608,151.101.113.185,443,TLSv12,TLS_ECDHE_RSA_WITH_AES_128_GCM_SHA256,secp256r1,cdn.education.com,False,True,CsxuknGIti,"['50cc25afdf84c1f318dbff4b1f764939c3b14739a79a371f9985d0c97b177211', '4b7334e1d8999822bafa8ff6888125389b18a4e5ab26ffa624c7f68fdc81f0cb']",[],1.0,0ffee3ba8e615ad22535e7f771690a28,860fcf58fd757e26aa8911e5eaff6b53,h2,,12470.97804,10.0.2.15,57608,151.101.113.185,443,tcp,6.3032619999994495,907.0,45510.0,SF,True,False,0,ShADadFfRr,30,2115,56,47754,ssl,0
12471.323015,COW06U2xY7cqq41iKa,10.0.2.15,57607,151.101.113.185,443,TLSv12,TLS_ECDHE_RSA_WITH_AES_128_GCM_SHA256,secp256r1,cdn.education.com,False,True,CsxuknGIti,"['50cc25afdf84c1f318dbff4b1f764939c3b14739a79a371f9985d0c97b177211', '4b7334e1d8999822bafa8ff6888125389b18a4e5ab26ffa624c7f68fdc81f0cb']",[],1.0,0ffee3ba8e615ad22535e7f771690a28,860fcf58fd757e26aa8911e5eaff6b53,h2,,12470.973383,10.0.2.15,57607,151.101.113.185,443,tcp,6.497835000000123,911.0,28437.0,SF,True,False,0,ShADadFfRr,24,1879,41,30081,ssl,0
12471.326056,CK7C2w13sh4BJe9pji,10.0.2.15,57606,151.101.113.185,443,TLSv12,TLS_ECDHE_RSA_WITH_AES_128_GCM_SHA256,secp256r1,cdn.education.com,False,True,CsxuknGIti,"['50cc25afdf84c1f318dbff4b1f764939c3b14739a79a371f9985d0c97b177211', '4b7334e1d8999822bafa8ff6888125389b18a4e5ab26ffa624c7f68fdc81f0cb']",[],1.0,0ffee3ba8e615ad22535e7f771690a28,860fcf58fd757e26aa8911e5eaff6b53,h2,,12470.967537,10.0.2.15,57606,151.101.113.185,443,tcp,6.16381199999887,913.0,28903.0,SF,True,False,0,ShADadFfRr,26,1961,42,30587,ssl,0
12471.339565,CEz5IL2FdqklMTfGHg,10.0.2.15,57605,151.101.113.185,443,TLSv12,TLS_ECDHE_RSA_WITH_AES_128_GCM_SHA256,secp256r1,cdn.education.com,False,True,CsxuknGIti,"['50cc25afdf84c1f318dbff4b1f764939c3b14739a79a371f9985d0c97b177211', '4b7334e1d8999822bafa8ff6888125389b18a4e5ab26ffa624c7f68fdc81f0cb']",[],1.0,0ffee3ba8e615ad22535e7f771690a28,860fcf58fd757e26aa8911e5eaff6b53,h2,,12470.963473,10.0.2.15,57605,151.101.113.185,443,tcp,6.159584999999424,917.0,29863.0,SF,True,False,0,ShADadFfRr,25,1925,41,31507,ssl,0
12471.342712,CFrFZu2ElRA9ujOeDi,10.0.2.15,57604,151.101.113.185,443,TLSv12,TLS_ECDHE_RSA_WITH_AES_128_GCM_SHA256,secp256r1,cdn.education.com,False,True,CsxuknGIti,"['50cc25afdf84c1f318dbff4b1f764939c3b14739a79a371f9985d0c97b177211', '4b7334e1d8999822bafa8ff6888125389b18a4e5ab26ffa624c7f68fdc81f0cb']",[],1.0,0ffee3ba8e615ad22535e7f771690a28,860fcf58fd757e26aa8911e5eaff6b53,h2,,12470.962482,10.0.2.15,57604,151.101.113.185,443,tcp,3.433666999999332,560.0,6472.0,SF,True,False,0,ShADadFfRr,16,1208,20,7276,ssl,0
12471.579418,CR4jDgDUIDaCX0rbc,10.0.2.15,57612,31.13.77.36,443,TLSv12,TLS_ECDHE_ECDSA_WITH_AES_128_GCM_SHA256,,www.facebook.com,True,True,CsiI,,,,1a5fe5677b0e4fbbc854e8908225637d,96681175a9547081bf3d417f1a572091,h2,,12471.008064,10.0.2.15,57612,31.13.77.36,443,tcp,163.20560699999987,5803.0,130667.0,SF,True,False,0,ShADadfF,72,8691,147,136551,ssl,0
12477.805599,Ciqx0s4if1J6kMW8yf,10.0.2.15,57617,95.172.94.34,443,TLSv12,TLS_ECDHE_RSA_WITH_AES_128_GCM_SHA256,secp256r1,pixel.quantserve.com,False,True,CsxknGIti,"['7d39ee69bdac843654f44bb3164a243b3e8c527019b6225992e5d36771f19e8f', '19400be5b7a31fb733917700789d2f0a2471c0c9d506c0e504c06c16d7cb17c0']",[],1.0,0ffee3ba8e615ad22535e7f771690a28,ccc514751b175866924439bdbb5bba34,,,12477.568964,10.0.2.15,57617,95.172.94.34,443,tcp,2.758073999999396,1475.0,3637.0,SF,True,False,0,ShADadfF,10,1883,12,4121,ssl,0
12477.824936,CS6S5M2Jh6WqV7LhXc,10.0.2.15,57615,95.172.94.34,443,TLSv12,TLS_ECDHE_RSA_WITH_AES_128_GCM_SHA256,secp256r1,pixel.quantserve.com,False,True,CsxknGIti,"['7d39ee69bdac843654f44bb3164a243b3e8c527019b6225992e5d36771f19e8f', '19400be5b7a31fb733917700789d2f0a2471c0c9d506c0e504c06c16d7cb17c0']",[],1.0,0ffee3ba8e615ad22535e7f771690a28,ccc514751b175866924439bdbb5bba34,,,12477.559889,10.0.2.15,57615,95.172.94.34,443,tcp,6.162174999999479,354.0,3323.0,SF,True,False,0,ShADadFfRr,11,802,13,3847,ssl,0
12477.834594,Citjp5ODOndFigXO,10.0.2.15,57616,35.163.28.163,443,TLSv12,TLS_ECDHE_RSA_WITH_AES_128_GCM_SHA256,secp256r1,api.segment.io,False,True,CsxknGIti,"['1056f9b178b85f0151b370b1db60a8ef8ca329c7d395d5064e6bb2f2d899fb54', '154c433c491929c5ef686e838e323664a00e6a0d822ccc958fb4dab03e49a08f']",[],1.0,0ffee3ba8e615ad22535e7f771690a28,8d2a028aa94425f76ced7826b1f39039,h2,,12477.56388,10.0.2.15,57616,35.163.28.163,443,tcp,332.6473040000001,8153.0,4839.0,SF,True,False,0,ShADadFf,38,9681,41,6483,ssl,0
12477.859231,C6bLGjDKbqgBRbnCe,10.0.2.15,57618,35.163.28.163,443,TLSv12,TLS_ECDHE_RSA_WITH_AES_128_GCM_SHA256,secp256r1,api.segment.io,False,True,CsxknGIti,"['1056f9b178b85f0151b370b1db60a8ef8ca329c7d395d5064e6bb2f2d899fb54', '154c433c491929c5ef686e838e323664a00e6a0d822ccc958fb4dab03e49a08f']",[],1.0,0ffee3ba8e615ad22535e7f771690a28,8d2a028aa94425f76ced7826b1f39039,h2,,12477.570201,10.0.2.15,57618,35.163.28.163,443,tcp,1.921844999998938,557.0,3301.0,RSTO,True,False,0,ShADadFR,12,1045,13,3825,ssl,0
12478.535003,C8wPoI2fSjT39Pvije,10.0.2.15,57620,75.101.159.182,443,TLSv12,TLS_ECDHE_RSA_WITH_AES_128_GCM_SHA256,secp256r1,www.ifixit.com,False,True,CsxknGIi,"['9b1130dc600e3c2299b3cc1944d3363909e5f8f4b68161ea823f055878e7dbad', '973a41276ffd01e027a2aad49e34c37846d3e976ff6a620b6712e33832041aa6', '3a2fbe92891e57fe05d57087f48e730f17e5a5f53ef403d618e5b74d7a7e6ecb', 'c3846bf24b9e93ca64274c0ec67c1ecc5e024ffcacd2d74019350e81fe546ae4']",[],1.0,0ffee3ba8e615ad22535e7f771690a28,699a80bdb17efe157c861f92c5bf5d1d,,,12478.231966,10.0.2.15,57620,75.101.159.182,443,tcp,189.27372000000105,2257.0,44763.0,SF,True,False,0,ShADadTTFfRr,45,4082,69,47527,ssl,0
12478.542089,Cgb55F5Pm57lGFu9a,10.0.2.15,57619,75.101.159.182,443,TLSv12,TLS_ECDHE_RSA_WITH_AES_128_GCM_SHA256,secp256r1,www.ifixit.com,False,True,CsxknGIi,"['9b1130dc600e3c2299b3cc1944d3363909e5f8f4b68161ea823f055878e7dbad', '973a41276ffd01e027a2aad49e34c37846d3e976ff6a620b6712e33832041aa6', '3a2fbe92891e57fe05d57087f48e730f17e5a5f53ef403d618e5b74d7a7e6ecb', 'c3846bf24b9e93ca64274c0ec67c1ecc5e024ffcacd2d74019350e81fe546ae4']",[],1.0,0ffee3ba8e615ad22535e7f771690a28,699a80bdb17efe157c861f92c5bf5d1d,,,12478.228469,10.0.2.15,57619,75.101.159.182,443,tcp,8.152174000000741,348.0,6455.0,SF,True,False,0,ShADadFfRr,11,796,14,7019,ssl,0
12482.302249,CTqqaf1tq9KGJWa88a,10.0.2.15,57631,172.217.23.234,443,TLSv12,TLS_ECDHE_RSA_WITH_AES_128_GCM_SHA256,x25519,fonts.googleapis.com,False,True,CsxknGIti,"['0ca616f3b5a49ded9af60777a33ae7119bfd6de6a815dbee0b64d5d69491aa06', '9f630426df1d8abfd80ace98871ba833ab9742cb34838de2b5285ed54c0c7dcc', '3c35cc963eb004451323d3275d05b353235053490d9cd83729a2faf5e7ca1cc0']",[],1.0,0ffee3ba8e615ad22535e7f771690a28,ab41313cfec25328b20865eb1388e0a2,h2,,12482.227929,10.0.2.15,57631,172.217.23.234,443,tcp,1.959193999999115,533.0,3968.0,SF,True,False,0,ShADadFf,12,1021,13,4492,ssl,0
12482.803377,CXqTSW17DsR7o2kcx9,10.0.2.15,57637,216.137.61.64,443,TLSv12,TLS_ECDHE_RSA_WITH_AES_128_GCM_SHA256,secp256r1,d1luk0418egahw.cloudfront.net,False,True,CsxuknGIti,"['90c0937808b31877df6c4a5c743c99325d974624be3735faa5078cf73d4fd205', 'eae72eb454bf6c3977ebd289e970b2f5282949190093d0d26f98d0f0d6a9cf17']",[],1.0,0ffee3ba8e615ad22535e7f771690a28,76cc3e2d3028143b23ec18e27dbd7ca9,h2,,12482.57878,10.0.2.15,57637,216.137.61.64,443,tcp,268.8828990000002,7389.0,7372966.0,SF,True,False,0,ShADadWtFf,1129,52557,5746,7612750,ssl,0
12482.815992,CRw4dv3AaKkt3FHCm3,10.0.2.15,57636,216.137.61.64,443,TLSv12,TLS_ECDHE_RSA_WITH_AES_128_GCM_SHA256,secp256r1,d1luk0418egahw.cloudfront.net,False,True,CsxuknGIti,"['90c0937808b31877df6c4a5c743c99325d974624be3735faa5078cf73d4fd205', 'eae72eb454bf6c3977ebd289e970b2f5282949190093d0d26f98d0f0d6a9cf17']",[],1.0,0ffee3ba8e615ad22535e7f771690a28,76cc3e2d3028143b23ec18e27dbd7ca9,h2,,12482.578263,10.0.2.15,57636,216.137.61.64,443,tcp,3.095457000001261,853.0,6101.0,SF,True,False,0,ShADadFf,15,1461,18,6825,ssl,0
12482.820922,CR2icnUoJP6cdSCq7,10.0.2.15,57635,216.137.61.64,443,TLSv12,TLS_ECDHE_RSA_WITH_AES_128_GCM_SHA256,secp256r1,d1luk0418egahw.cloudfront.net,False,True,CsxuknGIti,"['90c0937808b31877df6c4a5c743c99325d974624be3735faa5078cf73d4fd205', 'eae72eb454bf6c3977ebd289e970b2f5282949190093d0d26f98d0f0d6a9cf17']",[],1.0,0ffee3ba8e615ad22535e7f771690a28,76cc3e2d3028143b23ec18e27dbd7ca9,h2,,12482.577692,10.0.2.15,57635,216.137.61.64,443,tcp,3.351029999999809,854.0,12219.0,SF,True,False,0,ShADadFf,16,1502,23,13143,ssl,0
12482.825783,ClJTLw18WJzENAd93h,10.0.2.15,57634,216.137.61.64,443,TLSv12,TLS_ECDHE_RSA_WITH_AES_128_GCM_SHA256,secp256r1,d1luk0418egahw.cloudfront.net,False,True,CsxuknGIti,"['90c0937808b31877df6c4a5c743c99325d974624be3735faa5078cf73d4fd205', 'eae72eb454bf6c3977ebd289e970b2f5282949190093d0d26f98d0f0d6a9cf17']",[],1.0,0ffee3ba8e615ad22535e7f771690a28,76cc3e2d3028143b23ec18e27dbd7ca9,h2,,12482.576178,10.0.2.15,57634,216.137.61.64,443,tcp,3.349543000000267,848.0,15929.0,SF,True,False,0,ShADadFf,18,1576,27,17013,ssl,0
12482.831474,CRwyeN1AUPUjUpZHLj,10.0.2.15,57633,216.137.61.64,443,TLSv12,TLS_ECDHE_RSA_WITH_AES_128_GCM_SHA256,secp256r1,d1luk0418egahw.cloudfront.net,False,True,CsxuknGIti,"['90c0937808b31877df6c4a5c743c99325d974624be3735faa5078cf73d4fd205', 'eae72eb454bf6c3977ebd289e970b2f5282949190093d0d26f98d0f0d6a9cf17']",[],1.0,0ffee3ba8e615ad22535e7f771690a28,76cc3e2d3028143b23ec18e27dbd7ca9,h2,,12482.57507,10.0.2.15,57633,216.137.61.64,443,tcp,2.5133529999984603,860.0,6415.0,SF,True,False,0,ShADadFf,14,1428,18,7139,ssl,0
12482.835542,CGxDz81iraQseobyQj,10.0.2.15,57632,216.137.61.64,443,TLSv12,TLS_ECDHE_RSA_WITH_AES_128_GCM_SHA256,secp256r1,d1luk0418egahw.cloudfront.net,False,True,CsxuknGIti,"['90c0937808b31877df6c4a5c743c99325d974624be3735faa5078cf73d4fd205', 'eae72eb454bf6c3977ebd289e970b2f5282949190093d0d26f98d0f0d6a9cf17']",[],1.0,0ffee3ba8e615ad22535e7f771690a28,76cc3e2d3028143b23ec18e27dbd7ca9,h2,,12482.574313,10.0.2.15,57632,216.137.61.64,443,tcp,3.628773000000365,864.0,6053.0,SF,True,False,0,ShADadFf,16,1512,19,6817,ssl,0
12486.648511,Cc4OKIlqNeDovKoT8,10.0.2.15,57642,216.137.61.123,443,TLSv12,TLS_ECDHE_RSA_WITH_AES_128_GCM_SHA256,secp256r1,da2lh5cs8ikqj.cloudfront.net,False,True,CsxuknGIti,"['90c0937808b31877df6c4a5c743c99325d974624be3735faa5078cf73d4fd205', 'eae72eb454bf6c3977ebd289e970b2f5282949190093d0d26f98d0f0d6a9cf17']",[],1.0,0ffee3ba8e615ad22535e7f771690a28,76cc3e2d3028143b23ec18e27dbd7ca9,h2,,12486.272518,10.0.2.15,57642,216.137.61.123,443,tcp,3.472938000000795,542.0,5300.0,SF,True,False,0,ShADadFf,12,1030,14,5864,ssl,0
12486.650355,CLlX6z4xkMhAA1q5ya,10.0.2.15,57641,216.137.61.123,443,TLSv12,TLS_ECDHE_RSA_WITH_AES_128_GCM_SHA256,secp256r1,da2lh5cs8ikqj.cloudfront.net,False,True,CsxuknGIti,"['90c0937808b31877df6c4a5c743c99325d974624be3735faa5078cf73d4fd205', 'eae72eb454bf6c3977ebd289e970b2f5282949190093d0d26f98d0f0d6a9cf17']",[],1.0,0ffee3ba8e615ad22535e7f771690a28,76cc3e2d3028143b23ec18e27dbd7ca9,h2,,12486.271924,10.0.2.15,57641,216.137.61.123,443,tcp,3.467012999999497,542.0,5300.0,SF,True,False,0,ShADadFf,12,1030,13,5824,ssl,0
12486.652882,CI8Thw3C8mVgORK2Vd,10.0.2.15,57640,216.137.61.123,443,TLSv12,TLS_ECDHE_RSA_WITH_AES_128_GCM_SHA256,secp256r1,da2lh5cs8ikqj.cloudfront.net,False,True,CsxuknGIti,"['90c0937808b31877df6c4a5c743c99325d974624be3735faa5078cf73d4fd205', 'eae72eb454bf6c3977ebd289e970b2f5282949190093d0d26f98d0f0d6a9cf17']",[],1.0,0ffee3ba8e615ad22535e7f771690a28,76cc3e2d3028143b23ec18e27dbd7ca9,h2,,12486.270377,10.0.2.15,57640,216.137.61.123,443,tcp,3.452393999999913,542.0,5300.0,SF,True,False,0,ShADadFf,13,1070,15,5904,ssl,0
12486.654492,CtrQU54ckKDOPE1t9b,10.0.2.15,57639,216.137.61.123,443,TLSv12,TLS_ECDHE_RSA_WITH_AES_128_GCM_SHA256,secp256r1,da2lh5cs8ikqj.cloudfront.net,False,True,CsxuknGIti,"['90c0937808b31877df6c4a5c743c99325d974624be3735faa5078cf73d4fd205', 'eae72eb454bf6c3977ebd289e970b2f5282949190093d0d26f98d0f0d6a9cf17']",[],1.0,0ffee3ba8e615ad22535e7f771690a28,76cc3e2d3028143b23ec18e27dbd7ca9,h2,,12486.266996,10.0.2.15,57639,216.137.61.123,443,tcp,3.455794999999852,542.0,5300.0,SF,True,False,0,ShADadFf,12,1030,14,5864,ssl,0
12486.655835,CBnEdF2JvlqtOW31f,10.0.2.15,57638,216.137.61.123,443,TLSv12,TLS_ECDHE_RSA_WITH_AES_128_GCM_SHA256,secp256r1,da2lh5cs8ikqj.cloudfront.net,False,True,CsxuknGIti,"['90c0937808b31877df6c4a5c743c99325d974624be3735faa5078cf73d4fd205', 'eae72eb454bf6c3977ebd289e970b2f5282949190093d0d26f98d0f0d6a9cf17']",[],1.0,0ffee3ba8e615ad22535e7f771690a28,76cc3e2d3028143b23ec18e27dbd7ca9,h2,,12486.266454,10.0.2.15,57638,216.137.61.123,443,tcp,3.456357999999454,542.0,5300.0,SF,True,False,0,ShADadFf,11,990,13,5824,ssl,0
12486.662028,CCaq5Y2hZYYPbGLXe7,10.0.2.15,57649,216.137.61.8,443,TLSv12,TLS_ECDHE_RSA_WITH_AES_128_GCM_SHA256,secp256r1,d3nevzfk7ii3be.cloudfront.net,False,True,CsxuknGIti,"['90c0937808b31877df6c4a5c743c99325d974624be3735faa5078cf73d4fd205', 'eae72eb454bf6c3977ebd289e970b2f5282949190093d0d26f98d0f0d6a9cf17']",[],1.0,0ffee3ba8e615ad22535e7f771690a28,76cc3e2d3028143b23ec18e27dbd7ca9,h2,,12486.294994,10.0.2.15,57649,216.137.61.8,443,tcp,214.9447629999995,3118.0,445860.0,SF,True,False,0,ShADadFf,159,9486,442,463544,ssl,0
12486.664192,CqMvny320hOSMrSoh1,10.0.2.15,57648,216.137.61.8,443,TLSv12,TLS_ECDHE_RSA_WITH_AES_128_GCM_SHA256,secp256r1,d3nevzfk7ii3be.cloudfront.net,False,True,CsxuknGIti,"['90c0937808b31877df6c4a5c743c99325d974624be3735faa5078cf73d4fd205', 'eae72eb454bf6c3977ebd289e970b2f5282949190093d0d26f98d0f0d6a9cf17']",[],1.0,0ffee3ba8e615ad22535e7f771690a28,76cc3e2d3028143b23ec18e27dbd7ca9,h2,,12486.293399,10.0.2.15,57648,216.137.61.8,443,tcp,6.468879000000015,820.0,21197.0,SF,True,False,0,ShADadFf,19,1588,32,22481,ssl,0
12486.668949,CNyej2p6XBubDwkTl,10.0.2.15,57647,216.137.61.8,443,TLSv12,TLS_ECDHE_RSA_WITH_AES_128_GCM_SHA256,secp256r1,d3nevzfk7ii3be.cloudfront.net,False,True,CsxuknGIti,"['90c0937808b31877df6c4a5c743c99325d974624be3735faa5078cf73d4fd205', 'eae72eb454bf6c3977ebd289e970b2f5282949190093d0d26f98d0f0d6a9cf17']",[],1.0,0ffee3ba8e615ad22535e7f771690a28,76cc3e2d3028143b23ec18e27dbd7ca9,h2,,12486.291369,10.0.2.15,57647,216.137.61.8,443,tcp,6.470999999999549,819.0,36857.0,SF,True,False,0,ShADadFf,28,1947,51,38901,ssl,0
12486.671081,Cry6lx2HCke0KeMBjc,10.0.2.15,57646,216.137.61.8,443,TLSv12,TLS_ECDHE_RSA_WITH_AES_128_GCM_SHA256,secp256r1,d3nevzfk7ii3be.cloudfront.net,False,True,CsxuknGIti,"['90c0937808b31877df6c4a5c743c99325d974624be3735faa5078cf73d4fd205', 'eae72eb454bf6c3977ebd289e970b2f5282949190093d0d26f98d0f0d6a9cf17']",[],1.0,0ffee3ba8e615ad22535e7f771690a28,76cc3e2d3028143b23ec18e27dbd7ca9,h2,,12486.276319,10.0.2.15,57646,216.137.61.8,443,tcp,6.712417999999161,820.0,8415.0,SF,True,False,0,ShADadFf,15,1428,21,9259,ssl,0
12486.673847,CyyjkF1eXkkEBVCa1b,10.0.2.15,57645,216.137.61.8,443,TLSv12,TLS_ECDHE_RSA_WITH_AES_128_GCM_SHA256,secp256r1,d3nevzfk7ii3be.cloudfront.net,False,True,CsxuknGIti,"['90c0937808b31877df6c4a5c743c99325d974624be3735faa5078cf73d4fd205', 'eae72eb454bf6c3977ebd289e970b2f5282949190093d0d26f98d0f0d6a9cf17']",[],1.0,0ffee3ba8e615ad22535e7f771690a28,76cc3e2d3028143b23ec18e27dbd7ca9,h2,,12486.275449,10.0.2.15,57645,216.137.61.8,443,tcp,6.8776379999999335,819.0,43498.0,SF,True,False,0,ShADadFf,32,2107,55,45702,ssl,0
12486.678727,Cy7jjn4gvp90yTBNRh,10.0.2.15,57644,216.137.61.8,443,TLSv12,TLS_ECDHE_RSA_WITH_AES_128_GCM_SHA256,secp256r1,d3nevzfk7ii3be.cloudfront.net,False,True,CsxuknGIti,"['90c0937808b31877df6c4a5c743c99325d974624be3735faa5078cf73d4fd205', 'eae72eb454bf6c3977ebd289e970b2f5282949190093d0d26f98d0f0d6a9cf17']",[],1.0,0ffee3ba8e615ad22535e7f771690a28,76cc3e2d3028143b23ec18e27dbd7ca9,h2,,12486.274325,10.0.2.15,57644,216.137.61.8,443,tcp,6.974178000000393,820.0,28164.0,SF,True,False,0,ShADadFf,21,1668,38,29688,ssl,0
12486.683442,CMb5Yf42QtBMDWDAIa,10.0.2.15,57643,216.137.61.123,443,TLSv12,TLS_ECDHE_RSA_WITH_AES_128_GCM_SHA256,secp256r1,da2lh5cs8ikqj.cloudfront.net,False,True,CsxuknGIti,"['90c0937808b31877df6c4a5c743c99325d974624be3735faa5078cf73d4fd205', 'eae72eb454bf6c3977ebd289e970b2f5282949190093d0d26f98d0f0d6a9cf17']",[],1.0,0ffee3ba8e615ad22535e7f771690a28,76cc3e2d3028143b23ec18e27dbd7ca9,h2,,12486.273429,10.0.2.15,57643,216.137.61.123,443,tcp,3.449317999999039,542.0,5300.0,SF,True,False,0,ShADadFf,11,990,14,5864,ssl,0
12487.725038,C2lcmS1q6Ab5b7RVtl,10.0.2.15,57650,216.137.61.246,443,TLSv12,TLS_ECDHE_RSA_WITH_AES_128_GCM_SHA256,secp256r1,d1ulmmr4d4i8j4.cloudfront.net,False,True,CsxuknGIti,"['90c0937808b31877df6c4a5c743c99325d974624be3735faa5078cf73d4fd205', 'eae72eb454bf6c3977ebd289e970b2f5282949190093d0d26f98d0f0d6a9cf17']",[],1.0,0ffee3ba8e615ad22535e7f771690a28,76cc3e2d3028143b23ec18e27dbd7ca9,h2,,12486.628717,10.0.2.15,57650,216.137.61.246,443,tcp,5.649482000000717,543.0,5300.0,SF,True,False,0,ShADadFf,11,991,13,5824,ssl,0
12487.810803,CVahdj1eTFwjEkfoC4,10.0.2.15,57651,216.137.61.246,443,TLSv12,TLS_ECDHE_RSA_WITH_AES_128_GCM_SHA256,secp256r1,d1ulmmr4d4i8j4.cloudfront.net,False,True,CsxuknGIti,"['90c0937808b31877df6c4a5c743c99325d974624be3735faa5078cf73d4fd205', 'eae72eb454bf6c3977ebd289e970b2f5282949190093d0d26f98d0f0d6a9cf17']",[],1.0,0ffee3ba8e615ad22535e7f771690a28,76cc3e2d3028143b23ec18e27dbd7ca9,h2,,12486.630637,10.0.2.15,57651,216.137.61.246,443,tcp,6.360860000000684,543.0,5300.0,SF,True,False,0,ShADadFf,11,991,13,5824,ssl,0
12487.798686,Cid9bHqNt80iKXOih,10.0.2.15,57655,216.137.61.246,443,TLSv12,TLS_ECDHE_RSA_WITH_AES_128_GCM_SHA256,secp256r1,d1ulmmr4d4i8j4.cloudfront.net,False,True,CsxuknGIti,"['90c0937808b31877df6c4a5c743c99325d974624be3735faa5078cf73d4fd205', 'eae72eb454bf6c3977ebd289e970b2f5282949190093d0d26f98d0f0d6a9cf17']",[],1.0,0ffee3ba8e615ad22535e7f771690a28,76cc3e2d3028143b23ec18e27dbd7ca9,h2,,12486.641954,10.0.2.15,57655,216.137.61.246,443,tcp,201.51655299999948,1042.0,178666.0,SF,True,False,0,ShADadFf,57,3330,172,185550,ssl,0
12487.802822,CiaeNC3cRuXFE4Hqm1,10.0.2.15,57654,216.137.61.246,443,TLSv12,TLS_ECDHE_RSA_WITH_AES_128_GCM_SHA256,secp256r1,d1ulmmr4d4i8j4.cloudfront.net,False,True,CsxuknGIti,"['90c0937808b31877df6c4a5c743c99325d974624be3735faa5078cf73d4fd205', 'eae72eb454bf6c3977ebd289e970b2f5282949190093d0d26f98d0f0d6a9cf17']",[],1.0,0ffee3ba8e615ad22535e7f771690a28,76cc3e2d3028143b23ec18e27dbd7ca9,h2,,12486.640757,10.0.2.15,57654,216.137.61.246,443,tcp,7.407662000001437,543.0,5300.0,SF,True,False,0,ShADadFf,12,1031,13,5824,ssl,0
12487.80717,CHRqyl3KEYDDw6sjh4,10.0.2.15,57653,216.137.61.246,443,TLSv12,TLS_ECDHE_RSA_WITH_AES_128_GCM_SHA256,secp256r1,d1ulmmr4d4i8j4.cloudfront.net,False,True,CsxuknGIti,"['90c0937808b31877df6c4a5c743c99325d974624be3735faa5078cf73d4fd205', 'eae72eb454bf6c3977ebd289e970b2f5282949190093d0d26f98d0f0d6a9cf17']",[],1.0,0ffee3ba8e615ad22535e7f771690a28,76cc3e2d3028143b23ec18e27dbd7ca9,h2,,12486.63905,10.0.2.15,57653,216.137.61.246,443,tcp,7.397363000000041,543.0,5300.0,SF,True,False,0,ShADadFf,12,1031,14,5864,ssl,0
12487.809064,CfRrtJ3FAMVJSFCWgb,10.0.2.15,57652,216.137.61.246,443,TLSv12,TLS_ECDHE_RSA_WITH_AES_128_GCM_SHA256,secp256r1,d1ulmmr4d4i8j4.cloudfront.net,False,True,CsxuknGIti,"['90c0937808b31877df6c4a5c743c99325d974624be3735faa5078cf73d4fd205', 'eae72eb454bf6c3977ebd289e970b2f5282949190093d0d26f98d0f0d6a9cf17']",[],1.0,0ffee3ba8e615ad22535e7f771690a28,76cc3e2d3028143b23ec18e27dbd7ca9,h2,,12486.633708,10.0.2.15,57652,216.137.61.246,443,tcp,7.420851000000766,543.0,5300.0,SF,True,False,0,ShADadFf,12,1031,13,5824,ssl,0
12492.247343,CpMDd1q2DXXG9zLhk,10.0.2.15,57657,172.217.23.226,443,TLSv12,TLS_ECDHE_RSA_WITH_AES_128_GCM_SHA256,x25519,googleads.g.doubleclick.net,False,True,CsxknGIti,"['a32ffddd76f9e7debbfc9a37b38d2ef86039b30a10d7c45ab8223d149cf99699', '9f630426df1d8abfd80ace98871ba833ab9742cb34838de2b5285ed54c0c7dcc', '3c35cc963eb004451323d3275d05b353235053490d9cd83729a2faf5e7ca1cc0']",[],1.0,0ffee3ba8e615ad22535e7f771690a28,ab41313cfec25328b20865eb1388e0a2,h2,,12491.441681,10.0.2.15,57657,172.217.23.226,443,tcp,428.224334999999,5406.0,37968.0,SF,True,False,0,ShADadFf,54,7574,82,41252,ssl,0
12492.249127,Cne5k04qn6wKJoloPj,10.0.2.15,57656,172.217.23.238,443,TLSv12,TLS_ECDHE_ECDSA_WITH_AES_128_GCM_SHA256,x25519,www.googlecommerce.com,False,True,CsxknGIti,"['11ddd329046367c19b32ffdb02ed308de129de4d6ffcf95856d7bd6a7accfba9', '9f630426df1d8abfd80ace98871ba833ab9742cb34838de2b5285ed54c0c7dcc', '3c35cc963eb004451323d3275d05b353235053490d9cd83729a2faf5e7ca1cc0']",[],1.0,0ffee3ba8e615ad22535e7f771690a28,84480cf8cf0e732666092640e581e1a5,h2,,12491.440759,10.0.2.15,57656,172.217.23.238,443,tcp,197.4773710000009,1094.0,5626.0,SF,True,False,0,ShADadFf,21,1942,24,6590,ssl,0
12494.527033,CWtcTu2TRwInwGPHIb,10.0.2.15,57658,108.161.188.192,443,TLSv12,TLS_ECDHE_RSA_WITH_AES_128_GCM_SHA256,secp256r1,static.hotjar.com,False,True,CsxknGIti,"['87cc3355bb40b2a7f5b8082522c42478d0405f3193cd54900cd2a7da8bc828f7', 'b9f2164323638dce0b92218b43c41c1b2b2696389329db19f5cf7ad49b5cb372', '1a5174980a294a528a110726d5855650266c48d9883bea692b67b6d726da98c5']",[],1.0,0ffee3ba8e615ad22535e7f771690a28,b898351eb5e266aefd3723d466935494,h2,,12493.473569,10.0.2.15,57658,108.161.188.192,443,tcp,272.96599100000094,1111.0,7039.0,SF,True,False,0,ShADadFf,25,2119,30,8243,ssl,0
12497.845227,CHu8im3e1quqUeYxTf,10.0.2.15,57661,95.172.94.14,443,TLSv12,TLS_ECDHE_RSA_WITH_AES_128_GCM_SHA256,secp256r1,secure.quantserve.com,False,True,CsxknGIti,"['7d39ee69bdac843654f44bb3164a243b3e8c527019b6225992e5d36771f19e8f', '19400be5b7a31fb733917700789d2f0a2471c0c9d506c0e504c06c16d7cb17c0']",[],1.0,0ffee3ba8e615ad22535e7f771690a28,ccc514751b175866924439bdbb5bba34,,,12497.349294,10.0.2.15,57661,95.172.94.14,443,tcp,6.690443999999843,355.0,3323.0,SF,True,False,0,ShADadFfRr,10,763,12,3807,ssl,0
12498.878717,CmL3gZ1Cy4OyJYtupf,10.0.2.15,57665,95.172.94.34,443,TLSv12,TLS_ECDHE_RSA_WITH_AES_128_GCM_SHA256,,pixel.quantserve.com,True,True,CsiI,,,,1a5fe5677b0e4fbbc854e8908225637d,fbe78c619e7ea20046131294ad087f05,,,12498.264693,10.0.2.15,57665,95.172.94.34,443,tcp,1.339505000001736,1413.0,482.0,SF,True,False,0,ShADadfF,8,1741,9,846,ssl,0
12498.879171,CLJ5hc4M6N3lrPclN7,10.0.2.15,57664,95.172.94.34,443,TLSv12,TLS_ECDHE_RSA_WITH_AES_128_GCM_SHA256,,pixel.quantserve.com,True,True,CsiI,,,,1a5fe5677b0e4fbbc854e8908225637d,fbe78c619e7ea20046131294ad087f05,,,12498.264116,10.0.2.15,57664,95.172.94.34,443,tcp,6.664356999999654,599.0,168.0,SF,True,False,0,ShADadFfRr,8,927,9,532,ssl,0
12499.484196,COAb5O3NQenH6SmZFg,10.0.2.15,57666,172.217.23.238,443,TLSv12,TLS_ECDHE_RSA_WITH_AES_128_GCM_SHA256,,apis.google.com,True,True,CsiI,,,,1a5fe5677b0e4fbbc854e8908225637d,67619a80665d7ab92d1041b1d11f9164,h2,,12499.154936,10.0.2.15,57666,172.217.23.238,443,tcp,200.67118299999856,2433.0,79540.0,SF,True,False,0,ShADadFf,52,4521,106,83784,ssl,0
12499.733484,C1YJr31DjdvY7n2Ok4,10.0.2.15,57670,172.217.23.227,443,TLSv12,TLS_ECDHE_RSA_WITH_AES_128_GCM_SHA256,x25519,www.google.cz,False,True,CsxknGIti,"['635ff633f6427d8bb4cff322e016a54fd8da246e8392221d6a58ae24f13c6119', '9f630426df1d8abfd80ace98871ba833ab9742cb34838de2b5285ed54c0c7dcc', '3c35cc963eb004451323d3275d05b353235053490d9cd83729a2faf5e7ca1cc0']",[],1.0,0ffee3ba8e615ad22535e7f771690a28,ab41313cfec25328b20865eb1388e0a2,h2,,12499.499035,10.0.2.15,57670,172.217.23.227,443,tcp,266.7174909999994,3253.0,5432.0,SF,True,False,0,ShADadFf,28,4381,32,6716,ssl,0
12499.734346,C5z0DL10QUwrZqBEH8,10.0.2.15,57669,94.31.29.64,443,TLSv12,TLS_ECDHE_RSA_WITH_AES_128_GCM_SHA256,secp256r1,vars.hotjar.com,False,True,CsxknGIti,"['87cc3355bb40b2a7f5b8082522c42478d0405f3193cd54900cd2a7da8bc828f7', 'b9f2164323638dce0b92218b43c41c1b2b2696389329db19f5cf7ad49b5cb372', '1a5174980a294a528a110726d5855650266c48d9883bea692b67b6d726da98c5']",[],1.0,0ffee3ba8e615ad22535e7f771690a28,b898351eb5e266aefd3723d466935494,h2,,12499.494975,10.0.2.15,57669,94.31.29.64,443,tcp,47.28180900000007,597.0,5084.0,SF,True,False,0,ShADadfF,12,1085,17,5768,ssl,0
12499.735352,CIWZis1TBKflNri8Na,10.0.2.15,57668,23.111.9.32,443,TLSv12,TLS_ECDHE_RSA_WITH_AES_128_GCM_SHA256,secp256r1,script.hotjar.com,False,True,CsxknGIti,"['87cc3355bb40b2a7f5b8082522c42478d0405f3193cd54900cd2a7da8bc828f7', 'b9f2164323638dce0b92218b43c41c1b2b2696389329db19f5cf7ad49b5cb372', '1a5174980a294a528a110726d5855650266c48d9883bea692b67b6d726da98c5']",[],1.0,0ffee3ba8e615ad22535e7f771690a28,b898351eb5e266aefd3723d466935494,h2,,12499.493568,10.0.2.15,57668,23.111.9.32,443,tcp,115.8932220000006,645.0,5130.0,SF,True,False,0,ShADadfF,14,1213,18,5854,ssl,0
12499.73683,CLmaquEzmxQUFPVPj,10.0.2.15,57667,172.217.23.227,443,TLSv12,TLS_ECDHE_RSA_WITH_AES_128_GCM_SHA256,x25519,www.google.cz,False,True,CsxknGIti,"['635ff633f6427d8bb4cff322e016a54fd8da246e8392221d6a58ae24f13c6119', '9f630426df1d8abfd80ace98871ba833ab9742cb34838de2b5285ed54c0c7dcc', '3c35cc963eb004451323d3275d05b353235053490d9cd83729a2faf5e7ca1cc0']",[],1.0,0ffee3ba8e615ad22535e7f771690a28,ab41313cfec25328b20865eb1388e0a2,h2,,12499.492377,10.0.2.15,57667,172.217.23.227,443,tcp,1.808162999999694,555.0,3864.0,SF,True,False,0,ShADadFf,13,1083,13,4388,ssl,0
12503.088825,CCdXcJ2HLS9UR25Lsb,10.0.2.15,57674,172.217.23.238,443,TLSv12,TLS_ECDHE_ECDSA_WITH_AES_128_GCM_SHA256,x25519,play.google.com,False,True,CsxknGIti,"['11ddd329046367c19b32ffdb02ed308de129de4d6ffcf95856d7bd6a7accfba9', '9f630426df1d8abfd80ace98871ba833ab9742cb34838de2b5285ed54c0c7dcc', '3c35cc963eb004451323d3275d05b353235053490d9cd83729a2faf5e7ca1cc0']",[],1.0,0ffee3ba8e615ad22535e7f771690a28,84480cf8cf0e732666092640e581e1a5,h2,,12503.063856,10.0.2.15,57674,172.217.23.238,443,tcp,195.70135499999924,3671.0,5884.0,SF,True,False,0,ShADadFf,27,4759,29,7048,ssl,0
12505.017603,Cvwoc23OaqdQAkBhF8,10.0.2.15,57676,216.58.214.237,443,TLSv12,TLS_ECDHE_RSA_WITH_AES_128_GCM_SHA256,x25519,accounts.google.com,False,True,CsxknGIti,"['db115550b0150d52e887a39b4b96793248152b63f300461c73a507e588f3f749', '9f630426df1d8abfd80ace98871ba833ab9742cb34838de2b5285ed54c0c7dcc', '3c35cc963eb004451323d3275d05b353235053490d9cd83729a2faf5e7ca1cc0']",[],1.0,0ffee3ba8e615ad22535e7f771690a28,ab41313cfec25328b20865eb1388e0a2,h2,,12504.995676,10.0.2.15,57676,216.58.214.237,443,tcp,191.4077930000003,1365.0,4898.0,SF,True,False,0,ShADadFf,21,2213,24,5862,ssl,0
12505.332635,CT2tsh2XY7zO24gUOi,10.0.2.15,57677,172.217.23.227,443,TLSv12,TLS_ECDHE_ECDSA_WITH_AES_128_GCM_SHA256,,www.gstatic.com,True,True,CsiI,,,,1a5fe5677b0e4fbbc854e8908225637d,c23237dbea656869600e48dfbd00ab7b,h2,,12505.316406,10.0.2.15,57677,172.217.23.227,443,tcp,190.94086500000049,1498.0,4543.0,SF,True,False,0,ShADadFf,24,2466,27,5627,ssl,0
12506.330927,Cvr07Q1NpqyOyZAgdg,10.0.2.15,57678,172.217.23.227,443,TLSv12,TLS_ECDHE_ECDSA_WITH_AES_128_GCM_SHA256,,ssl.gstatic.com,True,True,CsiI,,,,1a5fe5677b0e4fbbc854e8908225637d,c23237dbea656869600e48dfbd00ab7b,h2,,12506.316104,10.0.2.15,57678,172.217.23.227,443,tcp,192.9539750000004,984.0,430.0,SF,True,False,0,ShADadFf,18,1712,19,1194,ssl,0
12509.481099,CBk2cRLJtPevDvGoi,10.0.2.15,57679,172.217.23.194,443,TLSv12,TLS_ECDHE_RSA_WITH_AES_128_GCM_SHA256,,www.googleadservices.com,True,True,CsiI,,,,1a5fe5677b0e4fbbc854e8908225637d,67619a80665d7ab92d1041b1d11f9164,h2,,12509.390333,10.0.2.15,57679,172.217.23.194,443,tcp,124.52795400000105,1418.0,1268.0,SF,True,False,0,ShADadFf,16,2066,18,1992,ssl,0
12518.717275,CPFHRMD4NCQaRGVO8,10.0.2.15,57680,95.172.94.14,443,TLSv12,TLS_ECDHE_RSA_WITH_AES_128_GCM_SHA256,,secure.quantserve.com,True,True,CsiI,,,,1a5fe5677b0e4fbbc854e8908225637d,fbe78c619e7ea20046131294ad087f05,,,12518.670834,10.0.2.15,57680,95.172.94.14,443,tcp,5.31021999999939,599.0,168.0,SF,True,False,0,ShADadFfRr,8,927,9,532,ssl,0
12520.603081,CHQU2z1t0IK9T3PwOa,10.0.2.15,57681,95.172.94.34,443,TLSv12,TLS_ECDHE_RSA_WITH_AES_128_GCM_SHA256,,pixel.quantserve.com,True,True,CsiI,,,,1a5fe5677b0e4fbbc854e8908225637d,fbe78c619e7ea20046131294ad087f05,,,12520.563101,10.0.2.15,57681,95.172.94.34,443,tcp,0.498493999999482,1444.0,482.0,SF,True,False,0,ShADadfF,8,1772,9,846,ssl,0
12538.142102,CIsamaUTvhXSZseI9,10.0.2.15,57682,172.217.23.226,443,TLSv12,TLS_ECDHE_RSA_WITH_AES_128_GCM_SHA256,x25519,www.googletagservices.com,False,True,CsxknGIti,"['a32ffddd76f9e7debbfc9a37b38d2ef86039b30a10d7c45ab8223d149cf99699', '9f630426df1d8abfd80ace98871ba833ab9742cb34838de2b5285ed54c0c7dcc', '3c35cc963eb004451323d3275d05b353235053490d9cd83729a2faf5e7ca1cc0']",[],1.0,0ffee3ba8e615ad22535e7f771690a28,ab41313cfec25328b20865eb1388e0a2,h2,,12538.030995,10.0.2.15,57682,172.217.23.226,443,tcp,416.5903350000008,3598.0,5192.0,SF,True,False,0,ShADadFf,33,4926,38,6716,ssl,0
12539.139484,CAsoBA4oYNRCXwjSs5,10.0.2.15,57683,95.172.94.14,443,TLSv12,TLS_ECDHE_RSA_WITH_AES_128_GCM_SHA256,,secure.quantserve.com,True,True,CsiI,,,,1a5fe5677b0e4fbbc854e8908225637d,fbe78c619e7ea20046131294ad087f05,,,12539.090767,10.0.2.15,57683,95.172.94.14,443,tcp,6.256709999999657,599.0,168.0,SF,True,False,0,ShADadFfRr,8,927,9,532,ssl,0
12539.736426,CxpFet1tcCs3XcoyVb,10.0.2.15,57684,185.33.220.197,443,TLSv12,TLS_ECDHE_RSA_WITH_AES_256_GCM_SHA384,secp256r1,secure.adnxs.com,False,True,CsxuknGIti,"['5b081650e8034418a37504ce0820892be5a66474578207711eb688243fe1a8f2', '074541ecdf88ed992ed5ade3ecddef27a26ba1b44480a195c0a8dadae2521d8e']",[],1.0,0ffee3ba8e615ad22535e7f771690a28,d53e4608f956df65bb2b8a8c4d3b025d,,,12539.680012,10.0.2.15,57684,185.33.220.197,443,tcp,11.529602999999042,3453.0,9687.0,SF,True,False,0,ShADadTfF,15,4062,21,10531,ssl,0
12539.760814,CfcK202801QBZrq3Z6,10.0.2.15,57687,54.230.93.65,443,TLSv12,TLS_ECDHE_RSA_WITH_AES_128_GCM_SHA256,,cdn.yldbt.com,True,True,CsiI,,,,1a5fe5677b0e4fbbc854e8908225637d,d199ba0af2b08e204c73d6d81a1fd260,http/1.1,,12539.715249,10.0.2.15,57687,54.230.93.65,443,tcp,5.626832999998442,599.0,156.0,SF,True,False,0,ShADadFf,8,927,7,440,ssl,0
12539.741376,Cm7WI3SOKKrf2ZPeg,10.0.2.15,57685,185.33.220.197,443,TLSv12,TLS_ECDHE_RSA_WITH_AES_256_GCM_SHA384,secp256r1,secure.adnxs.com,False,True,CsxuknGIti,"['5b081650e8034418a37504ce0820892be5a66474578207711eb688243fe1a8f2', '074541ecdf88ed992ed5ade3ecddef27a26ba1b44480a195c0a8dadae2521d8e']",[],1.0,0ffee3ba8e615ad22535e7f771690a28,d53e4608f956df65bb2b8a8c4d3b025d,,,12539.683645,10.0.2.15,57685,185.33.220.197,443,tcp,11.157110000000102,3453.0,9684.0,SF,True,False,0,ShADadTfF,15,4062,21,10528,ssl,0
12539.74986,CNt5g03d4xUuwuzmS,10.0.2.15,57686,185.33.220.197,443,TLSv12,TLS_ECDHE_RSA_WITH_AES_256_GCM_SHA384,secp256r1,secure.adnxs.com,False,True,CsxuknGIti,"['5b081650e8034418a37504ce0820892be5a66474578207711eb688243fe1a8f2', '074541ecdf88ed992ed5ade3ecddef27a26ba1b44480a195c0a8dadae2521d8e']",[],1.0,0ffee3ba8e615ad22535e7f771690a28,d53e4608f956df65bb2b8a8c4d3b025d,,,12539.68745,10.0.2.15,57686,185.33.220.197,443,tcp,11.163205000000744,3453.0,10253.0,SF,True,False,0,ShADadTfF,15,4062,20,11057,ssl,0
12539.762764,Cg6xT9c768DuuSEt2,10.0.2.15,57688,185.33.220.197,443,TLSv12,TLS_ECDHE_RSA_WITH_AES_256_GCM_SHA384,secp256r1,secure.adnxs.com,False,True,CsxuknGIti,"['5b081650e8034418a37504ce0820892be5a66474578207711eb688243fe1a8f2', '074541ecdf88ed992ed5ade3ecddef27a26ba1b44480a195c0a8dadae2521d8e']",[],1.0,0ffee3ba8e615ad22535e7f771690a28,d53e4608f956df65bb2b8a8c4d3b025d,,,12539.71754,10.0.2.15,57688,185.33.220.197,443,tcp,11.131476000000475,3454.0,10271.0,SF,True,False,0,ShADadTfF,13,3983,19,11035,ssl,0
12540.223604,Cp86GJ1qhQkB47nY82,10.0.2.15,57689,5.153.15.173,443,TLSv12,TLS_ECDHE_RSA_WITH_AES_256_GCM_SHA384,secp256r1,ap.lijit.com,False,True,CsxknGIti,"['4e68dd8cc0ae3d809610dade80621e59f10433705355d9540c3a7fe52d0a4e51', '973a41276ffd01e027a2aad49e34c37846d3e976ff6a620b6712e33832041aa6', '3a2fbe92891e57fe05d57087f48e730f17e5a5f53ef403d618e5b74d7a7e6ecb', 'c3846bf24b9e93ca64274c0ec67c1ecc5e024ffcacd2d74019350e81fe546ae4']",[],1.0,0ffee3ba8e615ad22535e7f771690a28,758945630046fd37070521b8544d1fe8,,,12539.756401,10.0.2.15,57689,5.153.15.173,443,tcp,21.249080999999933,2162.0,6318.0,SF,True,False,0,ShADadTfF,13,2691,16,6962,ssl,0
12540.226189,CNN6C522mMTNVZEd7b,10.0.2.15,57691,185.33.220.197,443,TLSv12,TLS_ECDHE_RSA_WITH_AES_256_GCM_SHA384,secp256r1,secure.adnxs.com,False,True,CsxuknGIti,"['5b081650e8034418a37504ce0820892be5a66474578207711eb688243fe1a8f2', '074541ecdf88ed992ed5ade3ecddef27a26ba1b44480a195c0a8dadae2521d8e']",[],1.0,0ffee3ba8e615ad22535e7f771690a28,d53e4608f956df65bb2b8a8c4d3b025d,,,12539.759523,10.0.2.15,57691,185.33.220.197,443,tcp,11.57787499999904,350.0,4867.0,SF,True,False,0,ShADadFTf,12,839,13,5391,ssl,0
12540.229375,C2j3Jn3oCPnQ4xdoKk,10.0.2.15,57690,185.33.220.197,443,TLSv12,TLS_ECDHE_RSA_WITH_AES_256_GCM_SHA384,secp256r1,secure.adnxs.com,False,True,CsxuknGIti,"['5b081650e8034418a37504ce0820892be5a66474578207711eb688243fe1a8f2', '074541ecdf88ed992ed5ade3ecddef27a26ba1b44480a195c0a8dadae2521d8e']",[],1.0,0ffee3ba8e615ad22535e7f771690a28,d53e4608f956df65bb2b8a8c4d3b025d,,,12539.758694,10.0.2.15,57690,185.33.220.197,443,tcp,11.60181299999931,350.0,4867.0,SF,True,False,0,ShADadFf,10,758,11,5311,ssl,0
12541.210279,CVxWwD1akskwNPHJSc,10.0.2.15,57693,5.153.15.173,443,TLSv12,TLS_ECDHE_RSA_WITH_AES_256_GCM_SHA384,secp256r1,ap.lijit.com,False,True,CsxknGIti,"['4e68dd8cc0ae3d809610dade80621e59f10433705355d9540c3a7fe52d0a4e51', '973a41276ffd01e027a2aad49e34c37846d3e976ff6a620b6712e33832041aa6', '3a2fbe92891e57fe05d57087f48e730f17e5a5f53ef403d618e5b74d7a7e6ecb', 'c3846bf24b9e93ca64274c0ec67c1ecc5e024ffcacd2d74019350e81fe546ae4']",[],1.0,0ffee3ba8e615ad22535e7f771690a28,758945630046fd37070521b8544d1fe8,,,12540.230713,10.0.2.15,57693,5.153.15.173,443,tcp,11.118520999998507,346.0,5669.0,SF,True,False,0,ShADadFfRr,11,794,14,6233,ssl,0
12541.198488,Cf91DB1VeewJVt4q47,10.0.2.15,57692,192.229.133.53,443,TLSv12,TLS_ECDHE_RSA_WITH_AES_128_GCM_SHA256,secp256r1,secure-ads.pictela.net,False,True,CsxuknGIti,"['318fb203bfb9e112a35d1f2e2072b1ff9a544dc06446b8a3a389b4b901096e91', '19400be5b7a31fb733917700789d2f0a2471c0c9d506c0e504c06c16d7cb17c0']",[],1.0,0ffee3ba8e615ad22535e7f771690a28,49b45fc1ab090aa3a159778313fc9b9e,h2,,12540.212224,10.0.2.15,57692,192.229.133.53,443,tcp,182.10382199999916,889.0,21654.0,SF,True,False,0,ShADadfF,24,1857,37,23138,ssl,0
12545.367176,CcqZFU1KgOm4rnUVse,10.0.2.15,57700,95.172.94.34,443,TLSv12,TLS_ECDHE_RSA_WITH_AES_128_GCM_SHA256,,pixel.quantserve.com,True,True,CsiI,,,,1a5fe5677b0e4fbbc854e8908225637d,fbe78c619e7ea20046131294ad087f05,,,12545.322362,10.0.2.15,57700,95.172.94.34,443,tcp,6.038118999998915,599.0,168.0,SF,True,False,0,ShADadFfRr,9,967,9,532,ssl,0
12545.362654,CSN20h5WxH5gJeThj,10.0.2.15,57699,95.172.94.34,443,TLSv12,TLS_ECDHE_RSA_WITH_AES_128_GCM_SHA256,,pixel.quantserve.com,True,True,CsiI,,,,1a5fe5677b0e4fbbc854e8908225637d,fbe78c619e7ea20046131294ad087f05,,,12545.32159,10.0.2.15,57699,95.172.94.34,443,tcp,4.908272000000579,1407.0,482.0,SF,True,False,0,ShADadfF,9,1775,9,846,ssl,0
12545.901712,CDLA2m3XSDYzwZWguc,10.0.2.15,57701,52.54.234.46,443,TLSv12,TLS_ECDHE_RSA_WITH_AES_128_GCM_SHA256,,i.yldbt.com,True,True,CsiI,,,,0ffee3ba8e615ad22535e7f771690a28,303951d4c50efb2e991652225a6f02b1,,,12545.326598,10.0.2.15,57701,52.54.234.46,443,tcp,112.98359600000003,1947.0,1803.0,SF,True,False,0,ShADadTTFf,21,2805,22,2687,ssl,0
12545.906275,C897mS28w5QC7Em6mk,10.0.2.15,57698,52.54.234.46,443,TLSv12,TLS_ECDHE_RSA_WITH_AES_128_GCM_SHA256,,i.yldbt.com,True,True,CsiI,,,,0ffee3ba8e615ad22535e7f771690a28,303951d4c50efb2e991652225a6f02b1,,,12545.320599,10.0.2.15,57698,52.54.234.46,443,tcp,67.48710699999901,764.0,583.0,SF,True,False,0,ShADadTFf,14,1337,14,1147,ssl,0
12545.930475,CidbJB3Z5z2to8w4t1,10.0.2.15,57702,152.163.66.131,443,TLSv12,TLS_RSA_WITH_AES_128_CBC_SHA,,adserver.adtechus.com,False,True,CsxnGIi,"['44ece7e30b43e443909ae7a302f38efd8870eb688ae56b799946ce3cf62fbf0a', '3b0cc20384ad7f24eb438f2b80c63ebe003f7f215b8877e418ebb0484028db57', '6b143c2005d5539cc22eab5f772db2a9fe87467feffa07fcf0a9f7d28274ca7a']",[],1.0,0ffee3ba8e615ad22535e7f771690a28,5397c414a9ebeaff1bf18b70ca22eaa0,,,12545.33454,10.0.2.15,57702,152.163.66.131,443,tcp,8.698910999999498,625.0,4386.0,SF,True,False,0,ShADadFf,10,1033,12,4870,ssl,0
12545.908441,CTEDSp11xsBjxCheJb,10.0.2.15,57705,152.163.66.131,443,TLSv12,TLS_RSA_WITH_AES_128_CBC_SHA,,adserver.adtechus.com,False,True,CsxnGIi,"['44ece7e30b43e443909ae7a302f38efd8870eb688ae56b799946ce3cf62fbf0a', '3b0cc20384ad7f24eb438f2b80c63ebe003f7f215b8877e418ebb0484028db57', '6b143c2005d5539cc22eab5f772db2a9fe87467feffa07fcf0a9f7d28274ca7a']",[],1.0,0ffee3ba8e615ad22535e7f771690a28,5397c414a9ebeaff1bf18b70ca22eaa0,,,12545.336474,10.0.2.15,57705,152.163.66.131,443,tcp,22.97986200000014,1153.0,5105.0,SF,True,False,0,ShADadTfF,12,1642,14,5669,ssl,0
12545.925002,CXYidoLBqaegbIruk,10.0.2.15,57704,152.163.66.131,443,TLSv12,TLS_RSA_WITH_AES_128_CBC_SHA,,adserver.adtechus.com,False,True,CsxnGIi,"['44ece7e30b43e443909ae7a302f38efd8870eb688ae56b799946ce3cf62fbf0a', '3b0cc20384ad7f24eb438f2b80c63ebe003f7f215b8877e418ebb0484028db57', '6b143c2005d5539cc22eab5f772db2a9fe87467feffa07fcf0a9f7d28274ca7a']",[],1.0,0ffee3ba8e615ad22535e7f771690a28,5397c414a9ebeaff1bf18b70ca22eaa0,,,12545.335959,10.0.2.15,57704,152.163.66.131,443,tcp,22.978354000000763,1137.0,5105.0,SF,True,False,0,ShADadTfF,12,1626,14,5669,ssl,0
12545.929738,CxHXep4BKgIlvQS0La,10.0.2.15,57703,152.163.66.131,443,TLSv12,TLS_RSA_WITH_AES_128_CBC_SHA,,adserver.adtechus.com,False,True,CsxnGIi,"['44ece7e30b43e443909ae7a302f38efd8870eb688ae56b799946ce3cf62fbf0a', '3b0cc20384ad7f24eb438f2b80c63ebe003f7f215b8877e418ebb0484028db57', '6b143c2005d5539cc22eab5f772db2a9fe87467feffa07fcf0a9f7d28274ca7a']",[],1.0,0ffee3ba8e615ad22535e7f771690a28,5397c414a9ebeaff1bf18b70ca22eaa0,,,12545.335134,10.0.2.15,57703,152.163.66.131,443,tcp,7.737746999999217,625.0,4386.0,SF,True,False,0,ShADadFf,10,1033,11,4830,ssl,0
12553.332472,CgrdX342QWeLS7LgIi,10.0.2.15,57706,185.33.220.215,443,TLSv12,TLS_ECDHE_RSA_WITH_AES_256_GCM_SHA384,secp256r1,secure-ams.adnxs.com,False,True,CsxuknGIti,"['5b081650e8034418a37504ce0820892be5a66474578207711eb688243fe1a8f2', '074541ecdf88ed992ed5ade3ecddef27a26ba1b44480a195c0a8dadae2521d8e']",[],1.0,0ffee3ba8e615ad22535e7f771690a28,d53e4608f956df65bb2b8a8c4d3b025d,,,12550.716316,10.0.2.15,57706,185.33.220.215,443,tcp,22.82722400000057,5153.0,16505.0,SF,True,False,0,ShADadfF,18,5881,26,17549,ssl,0
12560.630719,C3pYoP2NukJBS1YyY8,10.0.2.15,57708,185.33.220.215,443,TLSv12,TLS_ECDHE_RSA_WITH_AES_256_GCM_SHA384,secp256r1,secure-ams.adnxs.com,False,True,CsxuknGIti,"['5b081650e8034418a37504ce0820892be5a66474578207711eb688243fe1a8f2', '074541ecdf88ed992ed5ade3ecddef27a26ba1b44480a195c0a8dadae2521d8e']",[],1.0,0ffee3ba8e615ad22535e7f771690a28,d53e4608f956df65bb2b8a8c4d3b025d,,,12551.231299,10.0.2.15,57708,185.33.220.215,443,tcp,31.46820000000116,35568.0,20270.0,SF,True,False,0,ShADadfF,43,37296,54,22434,ssl,0
12560.739773,Ce1v0m3fpRXzRYAY56,10.0.2.15,57709,185.33.220.215,443,TLSv12,TLS_ECDHE_RSA_WITH_AES_256_GCM_SHA384,secp256r1,secure-ams.adnxs.com,False,True,CsxuknGIti,"['5b081650e8034418a37504ce0820892be5a66474578207711eb688243fe1a8f2', '074541ecdf88ed992ed5ade3ecddef27a26ba1b44480a195c0a8dadae2521d8e']",[],1.0,0ffee3ba8e615ad22535e7f771690a28,d53e4608f956df65bb2b8a8c4d3b025d,,,12551.237706,10.0.2.15,57709,185.33.220.215,443,tcp,15.15538799999922,354.0,4867.0,SF,True,False,0,ShADadFf,10,762,12,5351,ssl,0
12560.758385,CQ1T7g1ZRA3NIzqfAb,10.0.2.15,57711,185.33.220.215,443,TLSv12,TLS_ECDHE_RSA_WITH_AES_256_GCM_SHA384,secp256r1,secure-ams.adnxs.com,False,True,CsxuknGIti,"['5b081650e8034418a37504ce0820892be5a66474578207711eb688243fe1a8f2', '074541ecdf88ed992ed5ade3ecddef27a26ba1b44480a195c0a8dadae2521d8e']",[],1.0,0ffee3ba8e615ad22535e7f771690a28,d53e4608f956df65bb2b8a8c4d3b025d,,,12552.982067,10.0.2.15,57711,185.33.220.215,443,tcp,13.399091999999657,354.0,4867.0,SF,True,False,0,ShADadFf,10,762,12,5351,ssl,0
12560.729964,CrM8LvZ5pqDTUO5B,10.0.2.15,57707,185.33.220.215,443,TLSv12,TLS_ECDHE_RSA_WITH_AES_256_GCM_SHA384,secp256r1,secure-ams.adnxs.com,False,True,CsxuknGIti,"['5b081650e8034418a37504ce0820892be5a66474578207711eb688243fe1a8f2', '074541ecdf88ed992ed5ade3ecddef27a26ba1b44480a195c0a8dadae2521d8e']",[],1.0,0ffee3ba8e615ad22535e7f771690a28,d53e4608f956df65bb2b8a8c4d3b025d,,,12550.779279,10.0.2.15,57707,185.33.220.215,443,tcp,15.605498999999329,354.0,4867.0,SF,True,False,0,ShADadFf,11,802,13,5391,ssl,0
12560.986165,CmHHVm1jHiqyNHQ2l4,10.0.2.15,57710,185.33.220.215,443,TLSv12,TLS_ECDHE_RSA_WITH_AES_256_GCM_SHA384,secp256r1,secure-ams.adnxs.com,False,True,CsxuknGIti,"['5b081650e8034418a37504ce0820892be5a66474578207711eb688243fe1a8f2', '074541ecdf88ed992ed5ade3ecddef27a26ba1b44480a195c0a8dadae2521d8e']",[],1.0,0ffee3ba8e615ad22535e7f771690a28,d53e4608f956df65bb2b8a8c4d3b025d,,,12552.828312,10.0.2.15,57710,185.33.220.215,443,tcp,13.531434000000443,354.0,4867.0,SF,True,False,0,ShADadFf,10,762,12,5351,ssl,0
12566.9236,C8669k3SbbZevsrmFk,10.0.2.15,57712,185.33.220.197,443,TLSv12,TLS_ECDHE_RSA_WITH_AES_256_GCM_SHA384,,secure.adnxs.com,True,True,CsiI,,,,1a5fe5677b0e4fbbc854e8908225637d,266bd998df907f9d5064d7f4c208b200,,,12566.881358,10.0.2.15,57712,185.33.220.197,443,tcp,13.893545999999333,6674.0,1884.0,SF,True,False,0,ShADadfF,15,7282,15,2488,ssl,0
12568.423344,CHnYuf4CrMhg8TMlh6,10.0.2.15,57715,151.101.113.108,443,TLSv12,TLS_ECDHE_RSA_WITH_AES_128_GCM_SHA256,secp256r1,acdn.adnxs.com,False,True,CsxuknGIti,"['a5760412fe8dc77ba83e5ba531d4ccb590842bab7d15560c5b9681bce87ae512', '4b7334e1d8999822bafa8ff6888125389b18a4e5ab26ffa624c7f68fdc81f0cb']",[],1.0,0ffee3ba8e615ad22535e7f771690a28,860fcf58fd757e26aa8911e5eaff6b53,http/1.1,,12568.380177,10.0.2.15,57715,151.101.113.108,443,tcp,6.248230000001058,380.0,5024.0,SF,True,False,0,ShADadFfRr,11,828,13,5548,ssl,0
12568.413457,CZZaFfpAHosxfW3nh,10.0.2.15,57714,178.250.2.102,443,TLSv12,TLS_RSA_WITH_AES_128_CBC_SHA,,cas.nl.eu.criteo.com,False,True,CsxnGIi,"['a788c1ddecb433aa62d9bbc337417f448ebc0389161863ee31b5c1decac74c87', 'eae72eb454bf6c3977ebd289e970b2f5282949190093d0d26f98d0f0d6a9cf17', '8420dfbe376f414bf4c0a81e6936d24ccc03f304835b86c7a39142fca723a689']",[],1.0,0ffee3ba8e615ad22535e7f771690a28,5dcc087b1a1d0a5b0658981a7e8b2c3c,,,12568.349808,10.0.2.15,57714,178.250.2.102,443,tcp,20.207798999999795,5861.0,9675.0,SF,True,False,0,ShADadTfF,17,6550,21,10519,ssl,0
12568.414025,CDnhRJ1acSl4Ilbun8,10.0.2.15,57713,178.250.2.102,443,TLSv12,TLS_RSA_WITH_AES_128_CBC_SHA,,cas.nl.eu.criteo.com,False,True,CsxnGIi,"['a788c1ddecb433aa62d9bbc337417f448ebc0389161863ee31b5c1decac74c87', 'eae72eb454bf6c3977ebd289e970b2f5282949190093d0d26f98d0f0d6a9cf17', '8420dfbe376f414bf4c0a81e6936d24ccc03f304835b86c7a39142fca723a689']",[],1.0,0ffee3ba8e615ad22535e7f771690a28,5dcc087b1a1d0a5b0658981a7e8b2c3c,,,12568.346475,10.0.2.15,57713,178.250.2.102,443,tcp,14.395801999999094,5829.0,9622.0,SF,True,False,0,ShADadfF,17,6517,21,10466,ssl,0
12568.454935,CmJUhM3xfluMk6mJt7,10.0.2.15,57717,151.101.113.108,443,TLSv12,TLS_ECDHE_RSA_WITH_AES_128_GCM_SHA256,secp256r1,acdn.adnxs.com,False,True,CsxuknGIti,"['a5760412fe8dc77ba83e5ba531d4ccb590842bab7d15560c5b9681bce87ae512', '4b7334e1d8999822bafa8ff6888125389b18a4e5ab26ffa624c7f68fdc81f0cb']",[],1.0,0ffee3ba8e615ad22535e7f771690a28,860fcf58fd757e26aa8911e5eaff6b53,http/1.1,,12568.39395,10.0.2.15,57717,151.101.113.108,443,tcp,6.23439099999996,380.0,5024.0,SF,True,False,0,ShADadFRfr,11,828,13,5548,ssl,0
12569.149768,C7wxg52FaFydXnBLZ5,10.0.2.15,57716,178.250.2.102,443,TLSv12,TLS_RSA_WITH_AES_128_CBC_SHA,,cas.nl.eu.criteo.com,False,True,CsxnGIi,"['a788c1ddecb433aa62d9bbc337417f448ebc0389161863ee31b5c1decac74c87', 'eae72eb454bf6c3977ebd289e970b2f5282949190093d0d26f98d0f0d6a9cf17', '8420dfbe376f414bf4c0a81e6936d24ccc03f304835b86c7a39142fca723a689']",[],1.0,0ffee3ba8e615ad22535e7f771690a28,5dcc087b1a1d0a5b0658981a7e8b2c3c,,,12568.393231,10.0.2.15,57716,178.250.2.102,443,tcp,6.242478000000119,592.0,4412.0,SF,True,False,0,ShADadFf,10,1000,11,4856,ssl,0
12569.15886,CJlSLJgK8nepPl642,10.0.2.15,57718,178.250.2.102,443,TLSv12,TLS_RSA_WITH_AES_128_CBC_SHA,,cas.nl.eu.criteo.com,False,True,CsxnGIi,"['a788c1ddecb433aa62d9bbc337417f448ebc0389161863ee31b5c1decac74c87', 'eae72eb454bf6c3977ebd289e970b2f5282949190093d0d26f98d0f0d6a9cf17', '8420dfbe376f414bf4c0a81e6936d24ccc03f304835b86c7a39142fca723a689']",[],1.0,0ffee3ba8e615ad22535e7f771690a28,5dcc087b1a1d0a5b0658981a7e8b2c3c,,,12568.396246,10.0.2.15,57718,178.250.2.102,443,tcp,6.235440000000381,592.0,4412.0,SF,True,False,0,ShADadFf,10,1000,12,4896,ssl,0
12570.713912,CtWYMd9nbPrtkqmfg,10.0.2.15,57721,23.219.91.66,443,TLSv12,TLS_ECDHE_ECDSA_WITH_AES_256_GCM_SHA384,,a248.e.akamai.net,True,True,CsiI,,,,1a5fe5677b0e4fbbc854e8908225637d,7503e261fd125ccacbd1ce01c16feaa4,http/1.1,,12570.663732,10.0.2.15,57721,23.219.91.66,443,tcp,6.564851999999519,599.0,178.0,SF,True,False,0,ShADadFfRr,8,927,9,542,ssl,0
12571.604745,C0meun4KSzfLqmJbQf,10.0.2.15,57724,185.33.220.197,443,TLSv12,TLS_ECDHE_RSA_WITH_AES_256_GCM_SHA384,,secure.adnxs.com,True,True,CsiI,,,,1a5fe5677b0e4fbbc854e8908225637d,266bd998df907f9d5064d7f4c208b200,,,12570.70713,10.0.2.15,57724,185.33.220.197,443,tcp,6.558240999998816,599.0,141.0,SF,True,False,0,ShADadFf,7,887,7,425,ssl,0
12571.601349,CM01KF4LGlrAddlAyd,10.0.2.15,57725,185.33.220.197,443,TLSv12,TLS_ECDHE_RSA_WITH_AES_256_GCM_SHA384,,secure.adnxs.com,True,True,CsiI,,,,1a5fe5677b0e4fbbc854e8908225637d,266bd998df907f9d5064d7f4c208b200,,,12570.708362,10.0.2.15,57725,185.33.220.197,443,tcp,6.538867000001119,599.0,141.0,SF,True,False,0,ShADadFf,8,927,7,425,ssl,0
12574.705428,CGsyGt2znqAbgltai8,10.0.2.15,57731,178.250.0.78,443,TLSv12,TLS_RSA_WITH_AES_128_CBC_SHA,,static.eu.criteo.net,False,True,CsxnGIi,"['67b0ecfd7b5de431162434de2de408b062ccc6b4122030ee8b8a65da71b70e4d', 'eae72eb454bf6c3977ebd289e970b2f5282949190093d0d26f98d0f0d6a9cf17', '8420dfbe376f414bf4c0a81e6936d24ccc03f304835b86c7a39142fca723a689']",[],1.0,0ffee3ba8e615ad22535e7f771690a28,5dcc087b1a1d0a5b0658981a7e8b2c3c,,,12574.615538,10.0.2.15,57731,178.250.0.78,443,tcp,5.690059000000474,624.0,4020.0,SF,True,False,0,ShADadFf,10,1032,11,4464,ssl,0
12574.683861,CQ5qhH3rMCC2qC8Ry9,10.0.2.15,57728,178.250.2.74,443,TLSv12,TLS_RSA_WITH_AES_128_CBC_SHA,,static.criteo.net,False,True,CsxnGIi,"['a53dd8cd1b9752c487c3339127e3f77ac7434d43b66db4a373f9df5da010c22f', 'eae72eb454bf6c3977ebd289e970b2f5282949190093d0d26f98d0f0d6a9cf17', '8420dfbe376f414bf4c0a81e6936d24ccc03f304835b86c7a39142fca723a689']",[],1.0,0ffee3ba8e615ad22535e7f771690a28,5dcc087b1a1d0a5b0658981a7e8b2c3c,,,12574.613034,10.0.2.15,57728,178.250.2.74,443,tcp,5.692639999999301,621.0,4413.0,SF,True,False,0,ShADadFf,10,1029,12,4897,ssl,0
12575.134136,CfL06LKdscU3I25Mg,10.0.2.15,57730,178.250.2.66,443,TLSv12,TLS_RSA_WITH_AES_128_CBC_SHA,,cat.nl.eu.criteo.com,True,True,CsiI,,,,0ffee3ba8e615ad22535e7f771690a28,5dcc087b1a1d0a5b0658981a7e8b2c3c,,,12574.614941,10.0.2.15,57730,178.250.2.66,443,tcp,11.666755000000194,4266.0,538.0,SF,True,False,0,ShADadTfF,12,4755,12,1022,ssl,0
12575.126551,CugoI23k4Nw8kJkPBa,10.0.2.15,57733,178.250.2.74,443,TLSv12,TLS_ECDHE_RSA_WITH_AES_256_GCM_SHA384,secp256r1,static.criteo.net,False,True,CsxknGIi,"['a53dd8cd1b9752c487c3339127e3f77ac7434d43b66db4a373f9df5da010c22f', 'eae72eb454bf6c3977ebd289e970b2f5282949190093d0d26f98d0f0d6a9cf17']",[],1.0,0ffee3ba8e615ad22535e7f771690a28,a9e3ed16ee3208291487c8d2aa2ad924,,,12574.616782,10.0.2.15,57733,178.250.2.74,443,tcp,18.702465000000306,383.0,3496.0,SF,True,False,0,ShADadFTf,10,792,11,3940,ssl,0
12575.127627,C8cFYt3iRr9biUSfXj,10.0.2.15,57732,178.250.2.66,443,TLSv12,TLS_RSA_WITH_AES_128_CBC_SHA,,cat.nl.eu.criteo.com,False,True,CsxnGIi,"['a788c1ddecb433aa62d9bbc337417f448ebc0389161863ee31b5c1decac74c87', 'eae72eb454bf6c3977ebd289e970b2f5282949190093d0d26f98d0f0d6a9cf17', '8420dfbe376f414bf4c0a81e6936d24ccc03f304835b86c7a39142fca723a689']",[],1.0,0ffee3ba8e615ad22535e7f771690a28,5dcc087b1a1d0a5b0658981a7e8b2c3c,,,12574.615959,10.0.2.15,57732,178.250.2.66,443,tcp,13.93427299999894,4549.0,4785.0,SF,True,False,0,ShADadTfF,15,5158,17,5469,ssl,0
12575.137184,COFTdf4Wngsm5ulmK9,10.0.2.15,57729,178.250.2.74,443,TLSv12,TLS_RSA_WITH_AES_128_CBC_SHA,,static.criteo.net,False,True,CsxnGIi,"['a53dd8cd1b9752c487c3339127e3f77ac7434d43b66db4a373f9df5da010c22f', 'eae72eb454bf6c3977ebd289e970b2f5282949190093d0d26f98d0f0d6a9cf17', '8420dfbe376f414bf4c0a81e6936d24ccc03f304835b86c7a39142fca723a689']",[],1.0,0ffee3ba8e615ad22535e7f771690a28,5dcc087b1a1d0a5b0658981a7e8b2c3c,,,12574.613607,10.0.2.15,57729,178.250.2.74,443,tcp,6.713752000001477,621.0,4413.0,SF,True,False,0,ShADadFf,10,1029,11,4857,ssl,0
12575.474587,CCCmfH3XfAkU0p0iUk,10.0.2.15,57735,178.250.2.66,443,TLSv12,TLS_RSA_WITH_AES_128_CBC_SHA,,cat.nl.eu.criteo.com,True,True,CsiI,,,,0ffee3ba8e615ad22535e7f771690a28,5dcc087b1a1d0a5b0658981a7e8b2c3c,,,12575.407333,10.0.2.15,57735,178.250.2.66,443,tcp,5.908378000000084,357.0,165.0,SF,True,False,0,ShADadFf,7,645,7,449,ssl,0
12575.468325,CZb9P5QAxB5Z1Fgx8,10.0.2.15,57734,178.250.2.66,443,TLSv12,TLS_RSA_WITH_AES_128_CBC_SHA,,cat.nl.eu.criteo.com,True,True,CsiI,,,,0ffee3ba8e615ad22535e7f771690a28,5dcc087b1a1d0a5b0658981a7e8b2c3c,,,12575.406811,10.0.2.15,57734,178.250.2.66,443,tcp,5.908963999998377,357.0,165.0,SF,True,False,0,ShADadFf,7,645,7,449,ssl,0
12575.481387,CLCz9e2ZzaTrplqoFk,10.0.2.15,57736,172.217.23.230,443,TLSv12,TLS_ECDHE_RSA_WITH_AES_128_GCM_SHA256,x25519,ad.doubleclick.net,False,True,CsxknGIti,"['378a6c73f6dec1c6bc563fa8eda92c3e9ce61b893db7685686c41f33ab89931c', '9f630426df1d8abfd80ace98871ba833ab9742cb34838de2b5285ed54c0c7dcc', '3c35cc963eb004451323d3275d05b353235053490d9cd83729a2faf5e7ca1cc0']",[],1.0,0ffee3ba8e615ad22535e7f771690a28,ab41313cfec25328b20865eb1388e0a2,h2,,12575.418513,10.0.2.15,57736,172.217.23.230,443,tcp,389.5552529999986,7447.0,20562.0,SF,True,False,0,ShADadFf,48,9375,65,23166,ssl,0
12588.196509,CUdoYo146gaNlLlhFa,10.0.2.15,57737,185.33.223.45,443,TLSv12,TLS_ECDHE_RSA_WITH_AES_256_GCM_SHA384,secp256r1,secure-ams.adnxs.com,False,True,CsxuknGIti,"['5b081650e8034418a37504ce0820892be5a66474578207711eb688243fe1a8f2', '074541ecdf88ed992ed5ade3ecddef27a26ba1b44480a195c0a8dadae2521d8e']",[],1.0,0ffee3ba8e615ad22535e7f771690a28,d53e4608f956df65bb2b8a8c4d3b025d,,,12588.15773,10.0.2.15,57737,185.33.223.45,443,tcp,12.924189999999726,13806.0,6753.0,SF,True,False,0,ShADadfF,20,14614,23,7677,ssl,0
12588.20198,CBm5qXnKProhqPOY3,10.0.2.15,57738,185.33.223.45,443,TLSv12,TLS_ECDHE_RSA_WITH_AES_256_GCM_SHA384,secp256r1,secure-ams.adnxs.com,False,True,CsxuknGIti,"['5b081650e8034418a37504ce0820892be5a66474578207711eb688243fe1a8f2', '074541ecdf88ed992ed5ade3ecddef27a26ba1b44480a195c0a8dadae2521d8e']",[],1.0,0ffee3ba8e615ad22535e7f771690a28,d53e4608f956df65bb2b8a8c4d3b025d,,,12588.162708,10.0.2.15,57738,185.33.223.45,443,tcp,12.918679000000338,13806.0,6753.0,SF,True,False,0,ShADadfF,21,14654,23,7677,ssl,0
12588.283188,COInfmX4JmMIXHkda,10.0.2.15,57739,185.33.223.45,443,TLSv12,TLS_ECDHE_RSA_WITH_AES_256_GCM_SHA384,secp256r1,secure-ams.adnxs.com,False,True,CsxuknGIti,"['5b081650e8034418a37504ce0820892be5a66474578207711eb688243fe1a8f2', '074541ecdf88ed992ed5ade3ecddef27a26ba1b44480a195c0a8dadae2521d8e']",[],1.0,0ffee3ba8e615ad22535e7f771690a28,d53e4608f956df65bb2b8a8c4d3b025d,,,12588.199607,10.0.2.15,57739,185.33.223.45,443,tcp,5.786631999999372,354.0,4867.0,SF,True,False,0,ShADadFf,10,762,12,5351,ssl,0
12592.224307,C2gaXg107OvIGDS2U8,10.0.2.15,57740,95.172.94.14,443,TLSv12,TLS_ECDHE_RSA_WITH_AES_128_GCM_SHA256,,secure.quantserve.com,True,True,CsiI,,,,1a5fe5677b0e4fbbc854e8908225637d,fbe78c619e7ea20046131294ad087f05,,,12592.18617,10.0.2.15,57740,95.172.94.14,443,tcp,6.466228999999657,599.0,168.0,SF,True,False,0,ShADadFfRr,8,927,9,532,ssl,0
12593.150794,CNsP9MEh30H7RUx6g,10.0.2.15,57741,54.230.93.65,443,TLSv12,TLS_ECDHE_RSA_WITH_AES_128_GCM_SHA256,,cdn.yldbt.com,True,True,CsiI,,,,1a5fe5677b0e4fbbc854e8908225637d,d199ba0af2b08e204c73d6d81a1fd260,http/1.1,,12593.095331,10.0.2.15,57741,54.230.93.65,443,tcp,5.542299999999159,599.0,156.0,SF,True,False,0,ShADadFf,8,927,7,440,ssl,0
12593.553898,ChKIRPImNJTCZTXMb,10.0.2.15,57742,5.153.15.173,443,TLSv12,TLS_ECDHE_RSA_WITH_AES_256_GCM_SHA384,,ap.lijit.com,True,True,CsiI,,,,1a5fe5677b0e4fbbc854e8908225637d,364ff14b04ef93c3b4cfa429d729c0d9,,,12593.106074,10.0.2.15,57742,5.153.15.173,443,tcp,16.676805000000968,2627.0,1034.0,SF,True,False,0,ShADadTfF,10,3036,11,1478,ssl,0
12593.566474,Cv7tI31OctEwp9Ltdi,10.0.2.15,57743,185.33.220.10,443,TLSv12,TLS_ECDHE_RSA_WITH_AES_256_GCM_SHA384,secp256r1,secure.adnxs.com,False,True,CsxuknGIti,"['5b081650e8034418a37504ce0820892be5a66474578207711eb688243fe1a8f2', '074541ecdf88ed992ed5ade3ecddef27a26ba1b44480a195c0a8dadae2521d8e']",[],1.0,0ffee3ba8e615ad22535e7f771690a28,d53e4608f956df65bb2b8a8c4d3b025d,,,12593.142273,10.0.2.15,57743,185.33.220.10,443,tcp,11.061435999999958,3515.0,9774.0,SF,True,False,0,ShADadfF,12,4003,18,10498,ssl,0
12593.572262,CGDU291UrcAZPbjTF2,10.0.2.15,57744,185.33.220.10,443,TLSv12,TLS_ECDHE_RSA_WITH_AES_256_GCM_SHA384,secp256r1,secure.adnxs.com,False,True,CsxuknGIti,"['5b081650e8034418a37504ce0820892be5a66474578207711eb688243fe1a8f2', '074541ecdf88ed992ed5ade3ecddef27a26ba1b44480a195c0a8dadae2521d8e']",[],1.0,0ffee3ba8e615ad22535e7f771690a28,d53e4608f956df65bb2b8a8c4d3b025d,,,12593.162361,10.0.2.15,57744,185.33.220.10,443,tcp,11.043728999999075,3515.0,9782.0,SF,True,False,0,ShADadfF,12,4003,18,10506,ssl,0
12593.958921,CwIuEN194RhxwZSZz4,10.0.2.15,57749,5.153.15.173,443,TLSv12,TLS_ECDHE_RSA_WITH_AES_256_GCM_SHA384,,ap.lijit.com,True,True,CsiI,,,,1a5fe5677b0e4fbbc854e8908225637d,364ff14b04ef93c3b4cfa429d729c0d9,,,12593.928164,10.0.2.15,57749,5.153.15.173,443,tcp,6.060612999999648,599.0,384.0,SF,True,False,0,ShADadFfRr,8,927,9,748,ssl,0
12593.951148,C7qmCk1EaIxm2En2F7,10.0.2.15,57745,185.33.220.10,443,TLSv12,TLS_ECDHE_RSA_WITH_AES_256_GCM_SHA384,,secure.adnxs.com,True,True,CsiI,,,,1a5fe5677b0e4fbbc854e8908225637d,266bd998df907f9d5064d7f4c208b200,,,12593.921226,10.0.2.15,57745,185.33.220.10,443,tcp,10.609679999999573,3766.0,8632.0,SF,True,False,0,ShADadfF,12,4254,17,9316,ssl,0
12594.189768,C8XfC439fHx2x6XVQ,10.0.2.15,57747,185.33.220.10,443,TLSv12,TLS_ECDHE_RSA_WITH_AES_256_GCM_SHA384,,secure.adnxs.com,True,True,CsiI,,,,1a5fe5677b0e4fbbc854e8908225637d,266bd998df907f9d5064d7f4c208b200,,,12593.924279,10.0.2.15,57747,185.33.220.10,443,tcp,11.033222999998545,3765.0,5577.0,SF,True,False,0,ShADadfF,12,4253,14,6141,ssl,0
12594.191045,CbM3dS1WAdARhjIdK3,10.0.2.15,57746,185.33.220.10,443,TLSv12,TLS_ECDHE_RSA_WITH_AES_256_GCM_SHA384,,secure.adnxs.com,True,True,CsiI,,,,1a5fe5677b0e4fbbc854e8908225637d,266bd998df907f9d5064d7f4c208b200,,,12593.923739,10.0.2.15,57746,185.33.220.10,443,tcp,11.034240999999383,3765.0,5602.0,SF,True,False,0,ShADadfF,12,4253,15,6206,ssl,0
12594.207408,Cx8FFspcdNYYdbCAf,10.0.2.15,57748,185.33.220.10,443,TLSv12,TLS_ECDHE_RSA_WITH_AES_256_GCM_SHA384,,secure.adnxs.com,True,True,CsiI,,,,1a5fe5677b0e4fbbc854e8908225637d,266bd998df907f9d5064d7f4c208b200,,,12593.92688,10.0.2.15,57748,185.33.220.10,443,tcp,11.03153999999995,3765.0,5595.0,SF,True,False,0,ShADadfF,11,4213,14,6159,ssl,0
12596.596418,CiR8gi3uL4dObfiaB5,10.0.2.15,57753,95.172.94.34,443,TLSv12,TLS_ECDHE_RSA_WITH_AES_128_GCM_SHA256,,pixel.quantserve.com,True,True,CsiI,,,,1a5fe5677b0e4fbbc854e8908225637d,fbe78c619e7ea20046131294ad087f05,,,12596.54521,10.0.2.15,57753,95.172.94.34,443,tcp,0.7066670000003791,1890.0,482.0,SF,True,False,0,ShADadfF,8,2218,9,846,ssl,0
12596.82033,CdZJxzV4BWqVCT4J,10.0.2.15,57750,152.163.66.131,443,TLSv12,TLS_RSA_WITH_AES_128_CBC_SHA,,adserver.adtechus.com,True,True,CsiI,,,,0ffee3ba8e615ad22535e7f771690a28,5397c414a9ebeaff1bf18b70ca22eaa0,,,12596.537093,10.0.2.15,57750,152.163.66.131,443,tcp,14.804918999998335,950.0,873.0,SF,True,False,0,ShADadTfF,10,1359,11,1317,ssl,0
12596.822125,CoQksy2DrLwuAWTJCe,10.0.2.15,57752,152.163.66.131,443,TLSv12,TLS_RSA_WITH_AES_128_CBC_SHA,,adserver.adtechus.com,True,True,CsiI,,,,0ffee3ba8e615ad22535e7f771690a28,5397c414a9ebeaff1bf18b70ca22eaa0,,,12596.543278,10.0.2.15,57752,152.163.66.131,443,tcp,14.600965000001452,950.0,873.0,SF,True,False,0,ShADadTfF,10,1359,12,1357,ssl,0
12596.822938,CpAHrt2NOUk8NcQIv4,10.0.2.15,57751,152.163.66.131,443,TLSv12,TLS_RSA_WITH_AES_128_CBC_SHA,,adserver.adtechus.com,True,True,CsiI,,,,0ffee3ba8e615ad22535e7f771690a28,5397c414a9ebeaff1bf18b70ca22eaa0,,,12596.539842,10.0.2.15,57751,152.163.66.131,443,tcp,15.06006299999899,950.0,1049.0,SF,True,False,0,ShADadTfF,9,1319,10,1453,ssl,0
12597.272394,CysaBm49IuAHeUWsXd,10.0.2.15,57754,172.217.23.230,443,TLSv12,TLS_ECDHE_RSA_WITH_AES_128_GCM_SHA256,x25519,4852711.fls.doubleclick.net,False,True,CsxknGIti,"['378a6c73f6dec1c6bc563fa8eda92c3e9ce61b893db7685686c41f33ab89931c', '9f630426df1d8abfd80ace98871ba833ab9742cb34838de2b5285ed54c0c7dcc', '3c35cc963eb004451323d3275d05b353235053490d9cd83729a2faf5e7ca1cc0']",[],1.0,0ffee3ba8e615ad22535e7f771690a28,ab41313cfec25328b20865eb1388e0a2,h2,,12596.828835,10.0.2.15,57754,172.217.23.230,443,tcp,1.439271999999618,508.0,4120.0,SF,True,False,0,ShADadFf,11,956,12,4604,ssl,0
12597.349676,CoAYnGbULtEjzXGyb,10.0.2.15,57758,152.163.66.131,443,TLSv12,TLS_RSA_WITH_AES_128_CBC_SHA,,adserver.adtechus.com,True,True,CsiI,,,,0ffee3ba8e615ad22535e7f771690a28,5397c414a9ebeaff1bf18b70ca22eaa0,,,12597.052747,10.0.2.15,57758,152.163.66.131,443,tcp,9.383631000000603,358.0,154.0,SF,True,False,0,ShADadFf,8,686,8,478,ssl,0
12597.3507,Cs3h7r29Mk4wdkk7L9,10.0.2.15,57757,152.163.66.131,443,TLSv12,TLS_RSA_WITH_AES_128_CBC_SHA,,adserver.adtechus.com,True,True,CsiI,,,,0ffee3ba8e615ad22535e7f771690a28,5397c414a9ebeaff1bf18b70ca22eaa0,,,12597.052116,10.0.2.15,57757,152.163.66.131,443,tcp,9.388307999999595,358.0,154.0,SF,True,False,0,ShADadFf,8,686,8,478,ssl,0
12597.351606,C9Lumg4HLbQYw7L3Z8,10.0.2.15,57756,152.163.66.131,443,TLSv12,TLS_RSA_WITH_AES_128_CBC_SHA,,adserver.adtechus.com,True,True,CsiI,,,,0ffee3ba8e615ad22535e7f771690a28,5397c414a9ebeaff1bf18b70ca22eaa0,,,12597.051166,10.0.2.15,57756,152.163.66.131,443,tcp,9.378458000001046,358.0,154.0,SF,True,False,0,ShADadFf,8,686,7,438,ssl,0
12597.353679,CIhddF47H4bNlr6Me6,10.0.2.15,57755,172.217.23.230,443,TLSv12,TLS_ECDHE_RSA_WITH_AES_128_GCM_SHA256,x25519,4852711.fls.doubleclick.net,False,True,CsxknGIti,"['378a6c73f6dec1c6bc563fa8eda92c3e9ce61b893db7685686c41f33ab89931c', '9f630426df1d8abfd80ace98871ba833ab9742cb34838de2b5285ed54c0c7dcc', '3c35cc963eb004451323d3275d05b353235053490d9cd83729a2faf5e7ca1cc0']",[],1.0,0ffee3ba8e615ad22535e7f771690a28,ab41313cfec25328b20865eb1388e0a2,h2,,12597.050025,10.0.2.15,57755,172.217.23.230,443,tcp,1.579008999999132,508.0,4120.0,SF,True,False,0,ShADadFf,12,996,12,4604,ssl,0
12610.037043,CWnQhg1T0YHermteP3,10.0.2.15,57777,68.232.35.182,443,TLSv12,TLS_ECDHE_RSA_WITH_AES_128_GCM_SHA256,secp256r1,fast.fonts.net,False,True,CsxuknGIti,"['d8f6270341a22425bd93b0d234fed03fc4d18f57e6a2499de4ed9d09925ecbcd', '154c433c491929c5ef686e838e323664a00e6a0d822ccc958fb4dab03e49a08f', '4348a0e9444c78cb265e058d5e8944b4d84f9662bd26db257f8934a443c70161']",[],1.0,0ffee3ba8e615ad22535e7f771690a28,49b45fc1ab090aa3a159778313fc9b9e,h2,,12609.429761,10.0.2.15,57777,68.232.35.182,443,tcp,184.3744360000001,874.0,15240.0,SF,True,False,0,ShADadfF,21,1722,31,16484,ssl,0
12610.044299,ChDD8b2jEkuzhQ3xIe,10.0.2.15,57778,68.232.35.182,443,TLSv12,TLS_ECDHE_RSA_WITH_AES_128_GCM_SHA256,secp256r1,fast.fonts.net,False,True,CsxuknGIti,"['d8f6270341a22425bd93b0d234fed03fc4d18f57e6a2499de4ed9d09925ecbcd', '154c433c491929c5ef686e838e323664a00e6a0d822ccc958fb4dab03e49a08f', '4348a0e9444c78cb265e058d5e8944b4d84f9662bd26db257f8934a443c70161']",[],1.0,0ffee3ba8e615ad22535e7f771690a28,49b45fc1ab090aa3a159778313fc9b9e,h2,,12609.431027,10.0.2.15,57778,68.232.35.182,443,tcp,7.135136999999304,558.0,5389.0,SF,True,False,0,ShADadfF,11,1006,14,5953,ssl,0
12619.687748,C40RXm4ofSnsVRqZE4,10.0.2.15,57784,95.172.94.14,443,TLSv12,TLS_ECDHE_RSA_WITH_AES_128_GCM_SHA256,,secure.quantserve.com,True,True,CsiI,,,,1a5fe5677b0e4fbbc854e8908225637d,fbe78c619e7ea20046131294ad087f05,,,12618.466377,10.0.2.15,57784,95.172.94.14,443,tcp,10.660800999999992,599.0,168.0,RSTO,True,False,0,ShADadFR,8,927,7,452,ssl,0
12619.689967,Cn6mOf2eAQaONHJZ28,10.0.2.15,57785,95.172.94.34,443,TLSv12,TLS_ECDHE_RSA_WITH_AES_128_GCM_SHA256,,pixel.quantserve.com,True,True,CsiI,,,,1a5fe5677b0e4fbbc854e8908225637d,fbe78c619e7ea20046131294ad087f05,,,12618.915985,10.0.2.15,57785,95.172.94.34,443,tcp,1.873880000001008,599.0,168.0,SF,True,False,0,ShADadFfRr,9,967,9,532,ssl,0
12620.389787,CxnH2V2w8pgxtgWm7i,10.0.2.15,57787,178.249.101.23,443,TLSv12,TLS_ECDHE_RSA_WITH_AES_128_GCM_SHA256,secp256r1,lptag.liveperson.net,False,True,CsxknGIti,"['5bc5659a1ad5999e74044d4625c1c6fb16384846a3b63cb208dc48a0104344f7', '111006378afbe8e99bb02ba87390ca429fca2773f74d7f7eb5744f5ddf68014b', '4f32d5dc00f715250abcc486511e37f501a899deb3bf7ea8adbbd3aef1c412da']",[],1.0,0ffee3ba8e615ad22535e7f771690a28,389ed42c02ebecc32e73aa31def07e14,,,12619.404688,10.0.2.15,57787,178.249.101.23,443,tcp,12.675435999999536,728.0,12095.0,SF,True,False,0,ShADadfF,13,1256,20,12899,ssl,0
12630.60873,Cj1mG54ZzbpSVFryga,10.0.2.15,57793,68.232.35.182,443,TLSv12,TLS_ECDHE_RSA_WITH_AES_128_GCM_SHA256,secp256r1,fast.fonts.net,False,True,CsxuknGIti,"['d8f6270341a22425bd93b0d234fed03fc4d18f57e6a2499de4ed9d09925ecbcd', '154c433c491929c5ef686e838e323664a00e6a0d822ccc958fb4dab03e49a08f', '4348a0e9444c78cb265e058d5e8944b4d84f9662bd26db257f8934a443c70161']",[],1.0,0ffee3ba8e615ad22535e7f771690a28,49b45fc1ab090aa3a159778313fc9b9e,h2,,12629.639434,10.0.2.15,57793,68.232.35.182,443,tcp,12.6429909999988,348.0,5351.0,SF,True,False,0,ShADadFRfr,11,796,13,5875,ssl,0
12631.118876,CsIQxH1NHCbWIwDI6f,10.0.2.15,57792,68.232.35.182,443,TLSv12,TLS_ECDHE_RSA_WITH_AES_128_GCM_SHA256,secp256r1,fast.fonts.net,False,True,CsxuknGIti,"['d8f6270341a22425bd93b0d234fed03fc4d18f57e6a2499de4ed9d09925ecbcd', '154c433c491929c5ef686e838e323664a00e6a0d822ccc958fb4dab03e49a08f', '4348a0e9444c78cb265e058d5e8944b4d84f9662bd26db257f8934a443c70161']",[],1.0,0ffee3ba8e615ad22535e7f771690a28,49b45fc1ab090aa3a159778313fc9b9e,h2,,12629.638622,10.0.2.15,57792,68.232.35.182,443,tcp,12.638213999998698,348.0,5351.0,SF,True,False,0,ShADadFRfr,11,796,14,5915,ssl,0
12631.520875,CaekGm2Wv2voVtTYPj,10.0.2.15,57794,68.232.35.182,443,TLSv12,TLS_ECDHE_RSA_WITH_AES_128_GCM_SHA256,secp256r1,fast.fonts.net,False,True,CsxuknGIti,"['d8f6270341a22425bd93b0d234fed03fc4d18f57e6a2499de4ed9d09925ecbcd', '154c433c491929c5ef686e838e323664a00e6a0d822ccc958fb4dab03e49a08f', '4348a0e9444c78cb265e058d5e8944b4d84f9662bd26db257f8934a443c70161']",[],1.0,0ffee3ba8e615ad22535e7f771690a28,49b45fc1ab090aa3a159778313fc9b9e,h2,,12629.640291,10.0.2.15,57794,68.232.35.182,443,tcp,4.056098000000929,317.0,5320.0,RSTO,True,False,0,ShADadR,8,645,8,5644,ssl,0
12631.503543,Cv3stm3TdeuSYVpGVc,10.0.2.15,57795,68.232.35.182,443,TLSv12,TLS_ECDHE_RSA_WITH_AES_128_GCM_SHA256,secp256r1,fast.fonts.net,False,True,CsxuknGIti,"['d8f6270341a22425bd93b0d234fed03fc4d18f57e6a2499de4ed9d09925ecbcd', '154c433c491929c5ef686e838e323664a00e6a0d822ccc958fb4dab03e49a08f', '4348a0e9444c78cb265e058d5e8944b4d84f9662bd26db257f8934a443c70161']",[],1.0,0ffee3ba8e615ad22535e7f771690a28,49b45fc1ab090aa3a159778313fc9b9e,h2,,12629.641339,10.0.2.15,57795,68.232.35.182,443,tcp,4.038157000000865,317.0,5320.0,RSTO,True,False,0,ShADadR,8,645,8,5644,ssl,0
12646.648684,CWp8ph4SJ5KVSuvQUl,10.0.2.15,57820,192.190.92.20,443,TLSv12,TLS_ECDHE_RSA_WITH_AES_256_GCM_SHA384,secp256r1,app.cvent.com,False,True,CsxknGIi,"['e268a161a9d265ea163995fe29353cd2b46793250cd6941673399b815ecd9dd9', '19400be5b7a31fb733917700789d2f0a2471c0c9d506c0e504c06c16d7cb17c0']",[],1.0,0ffee3ba8e615ad22535e7f771690a28,28ef90cc3d9d08c96a8a2cb6f365a79e,,,12646.220409,10.0.2.15,57820,192.190.92.20,443,tcp,140.32309200000054,8169.0,39205.0,SF,True,False,0,ShADadTTFf,43,9909,59,41569,ssl,0
12662.290473,Cf1iHgqkCAWck9Ayi,10.0.2.15,57846,192.190.92.20,443,TLSv12,TLS_ECDHE_RSA_WITH_AES_256_GCM_SHA384,,app.cvent.com,True,True,CsiI,,,,0ffee3ba8e615ad22535e7f771690a28,28ef90cc3d9d08c96a8a2cb6f365a79e,,,12662.16749,10.0.2.15,57846,192.190.92.20,443,tcp,124.38844100000097,4512.0,23886.0,SF,True,False,0,ShADadTTFf,30,5731,41,25530,ssl,0
12662.301261,CIDNZ33DlX9efxWwUj,10.0.2.15,57848,192.190.92.20,443,TLSv12,TLS_ECDHE_RSA_WITH_AES_256_GCM_SHA384,,app.cvent.com,True,True,CsiI,,,,0ffee3ba8e615ad22535e7f771690a28,28ef90cc3d9d08c96a8a2cb6f365a79e,,,12662.176817,10.0.2.15,57848,192.190.92.20,443,tcp,124.37902899999972,3401.0,42110.0,SF,True,False,0,ShADadTTFf,34,4781,54,44274,ssl,0
12662.291468,CjuHpF3bctz75Lng99,10.0.2.15,57847,192.190.92.20,443,TLSv12,TLS_ECDHE_RSA_WITH_AES_256_GCM_SHA384,,app.cvent.com,True,True,CsiI,,,,0ffee3ba8e615ad22535e7f771690a28,28ef90cc3d9d08c96a8a2cb6f365a79e,,,12662.172281,10.0.2.15,57847,192.190.92.20,443,tcp,124.36615000000164,2494.0,60819.0,SF,True,False,0,ShADadTTFf,39,4074,69,63583,ssl,0
12662.306124,CQfztN3dbnyF4jHI66,10.0.2.15,57850,192.190.92.20,443,TLSv12,TLS_ECDHE_RSA_WITH_AES_256_GCM_SHA384,,app.cvent.com,True,True,CsiI,,,,0ffee3ba8e615ad22535e7f771690a28,28ef90cc3d9d08c96a8a2cb6f365a79e,,,12662.191837,10.0.2.15,57850,192.190.92.20,443,tcp,137.72360499999922,5432.0,118100.0,SF,True,False,0,ShADadTTFf,52,7533,114,122664,ssl,0
12662.311616,CvFDkE3uhYS1dUnOhj,10.0.2.15,57849,192.190.92.20,443,TLSv12,TLS_ECDHE_RSA_WITH_AES_256_GCM_SHA384,,app.cvent.com,True,True,CsiI,,,,0ffee3ba8e615ad22535e7f771690a28,28ef90cc3d9d08c96a8a2cb6f365a79e,,,12662.190672,10.0.2.15,57849,192.190.92.20,443,tcp,124.33582699999896,2400.0,9583.0,SF,True,False,0,ShADadTTFf,24,3379,29,10747,ssl,0
12662.660341,CEI45X3BmL5n1so233,10.0.2.15,57851,192.190.92.22,443,TLSv12,TLS_ECDHE_RSA_WITH_AES_256_GCM_SHA384,secp256r1,custom.cvent.com,False,True,CsxknGIi,"['e268a161a9d265ea163995fe29353cd2b46793250cd6941673399b815ecd9dd9', '19400be5b7a31fb733917700789d2f0a2471c0c9d506c0e504c06c16d7cb17c0']",[],1.0,0ffee3ba8e615ad22535e7f771690a28,28ef90cc3d9d08c96a8a2cb6f365a79e,,,12662.53421,10.0.2.15,57851,192.190.92.22,443,tcp,121.91535300000032,1242.0,99574.0,SF,True,False,0,ShADadTTFf,57,3541,109,103938,ssl,0
12662.879687,Cba7mE1gjssY6100Gh,10.0.2.15,57852,192.190.92.22,443,TLSv12,TLS_ECDHE_RSA_WITH_AES_256_GCM_SHA384,secp256r1,custom.cvent.com,False,True,CsxknGIi,"['e268a161a9d265ea163995fe29353cd2b46793250cd6941673399b815ecd9dd9', '19400be5b7a31fb733917700789d2f0a2471c0c9d506c0e504c06c16d7cb17c0']",[],1.0,0ffee3ba8e615ad22535e7f771690a28,28ef90cc3d9d08c96a8a2cb6f365a79e,,,12662.539392,10.0.2.15,57852,192.190.92.22,443,tcp,121.91010599999936,1242.0,23624.0,SF,True,False,0,ShADadTTFf,30,2461,40,25228,ssl,0
12669.96472,CD50Es27Sg62v66Hw3,10.0.2.15,57854,31.13.73.36,443,TLSv12,TLS_ECDHE_ECDSA_WITH_AES_128_GCM_SHA256,secp256r1,www.facebook.com,False,True,CsxknGIti,"['152151b387412a95ab90fd4664f2d98880408e9e43913124e4c91226a483386b', '19400be5b7a31fb733917700789d2f0a2471c0c9d506c0e504c06c16d7cb17c0']",[],1.0,0ffee3ba8e615ad22535e7f771690a28,2d1eb5817ece335c24904f516ad5da12,h2,,12669.828044,10.0.2.15,57854,31.13.73.36,443,tcp,616.8423550000007,12302.0,509366.0,SF,True,False,0,ShADadfF,199,20270,485,528770,ssl,0
12678.032024,C7HXXM3vws3zPiICta,10.0.2.15,57886,31.13.84.4,443,TLSv12,TLS_ECDHE_ECDSA_WITH_AES_128_GCM_SHA256,,scontent-vie1-1.xx.fbcdn.net,True,True,CsiI,,,,1a5fe5677b0e4fbbc854e8908225637d,96681175a9547081bf3d417f1a572091,h2,,12676.75282,10.0.2.15,57886,31.13.84.4,443,tcp,50.71287900000061,3884.0,120637.0,SF,True,False,0,ShADadfF,78,7012,132,125921,ssl,0
12678.030858,CJeuHo3lEmHeeaGvj9,10.0.2.15,57882,54.154.169.202,443,TLSv12,TLS_ECDHE_RSA_WITH_AES_128_GCM_SHA256,secp256r1,apex.go.sonobi.com,False,True,CsxknGIi,"['e29320cc54226aee4e56a43ee6fa79b553ecc35d18a9349c38a98f6d62047255', '973a41276ffd01e027a2aad49e34c37846d3e976ff6a620b6712e33832041aa6', '3a2fbe92891e57fe05d57087f48e730f17e5a5f53ef403d618e5b74d7a7e6ecb', 'c3846bf24b9e93ca64274c0ec67c1ecc5e024ffcacd2d74019350e81fe546ae4']",[],1.0,0ffee3ba8e615ad22535e7f771690a28,303951d4c50efb2e991652225a6f02b1,,,12676.742016,10.0.2.15,57882,54.154.169.202,443,tcp,8.001898000000438,1808.0,5298.0,SF,True,False,0,ShADadfF,12,2296,13,5822,ssl,0
12680.186983,CSBLcM1utb5nTxkiGh,10.0.2.15,57887,95.101.252.144,443,TLSv12,TLS_ECDHE_RSA_WITH_AES_256_GCM_SHA384,,px.moatads.com,True,True,CsiI,,,,1a5fe5677b0e4fbbc854e8908225637d,410b9bedaf65dd26c6fe547154d60db4,http/1.1,,12678.414494,10.0.2.15,57887,95.101.252.144,443,tcp,6.377603999999337,2507.0,1059.0,SF,True,False,0,ShADadFfRr,13,3035,13,1583,ssl,0
12683.248784,CrHtSL1chf5WcJFWd,10.0.2.15,57888,63.140.62.180,443,TLSv12,TLS_ECDHE_RSA_WITH_AES_256_GCM_SHA384,secp256r1,ssc.cvent.com,False,True,CsxknGIi,"['798df1e209940067c2a424d03c5afb818d7f19804c64645944300aba76a97dfa', '19400be5b7a31fb733917700789d2f0a2471c0c9d506c0e504c06c16d7cb17c0']",[],1.0,0ffee3ba8e615ad22535e7f771690a28,28ef90cc3d9d08c96a8a2cb6f365a79e,,,12683.002998,10.0.2.15,57888,63.140.62.180,443,tcp,33.89018600000054,2964.0,4836.0,SF,True,False,0,ShADadTFf,16,3614,16,5480,ssl,0
12683.921678,CQR7ND4LRSlp2I0dq8,10.0.2.15,57895,95.101.252.144,443,TLSv12,TLS_ECDHE_RSA_WITH_AES_256_GCM_SHA384,,px.moatads.com,True,True,CsiI,,,,1a5fe5677b0e4fbbc854e8908225637d,410b9bedaf65dd26c6fe547154d60db4,http/1.1,,12683.255654,10.0.2.15,57895,95.101.252.144,443,tcp,1.880992999998852,2203.0,590.0,SF,True,False,0,ShADadFf,10,2611,10,994,ssl,0
12683.925349,C3MF723Z5mzsPCoO9a,10.0.2.15,57892,95.101.252.144,443,TLSv12,TLS_ECDHE_RSA_WITH_AES_256_GCM_SHA384,,px.moatads.com,True,True,CsiI,,,,1a5fe5677b0e4fbbc854e8908225637d,410b9bedaf65dd26c6fe547154d60db4,http/1.1,,12683.252883,10.0.2.15,57892,95.101.252.144,443,tcp,1.860601000000315,1187.0,621.0,SF,True,False,0,ShADadFfRr,11,1635,11,1065,ssl,0
12683.926081,Ci4kR03PjAyLaG5eOa,10.0.2.15,57891,162.247.242.18,443,TLSv12,TLS_DHE_RSA_WITH_AES_256_CBC_SHA,,bam.nr-data.net,False,True,CsxknGIi,"['e7489ed1f465ba2b3ce0faef3a43a3895cd097733dbb5b713df8b299270ca145', '074541ecdf88ed992ed5ade3ecddef27a26ba1b44480a195c0a8dadae2521d8e']",[],1.0,0ffee3ba8e615ad22535e7f771690a28,d90fa179c9daf35598ed8341272118f7,,,12683.252071,10.0.2.15,57891,162.247.242.18,443,tcp,189.70088099999884,2229.0,3870.0,SF,True,False,0,ShADadTTfF,32,3535,32,5154,ssl,0
12688.143127,CRKKXPTKikAaMY6xg,10.0.2.15,57898,95.101.252.144,443,TLSv12,TLS_ECDHE_RSA_WITH_AES_256_GCM_SHA384,,px.moatads.com,True,True,CsiI,,,,1a5fe5677b0e4fbbc854e8908225637d,410b9bedaf65dd26c6fe547154d60db4,http/1.1,,12687.990543,10.0.2.15,57898,95.101.252.144,443,tcp,127.67437100000096,7021.0,1935.0,SF,True,False,0,ShADadTTFRfr,32,8321,33,3259,ssl,0
12688.914377,CqYQl12msO8UHritA1,10.0.2.15,57902,95.101.252.144,443,TLSv12,TLS_ECDHE_RSA_WITH_AES_256_GCM_SHA384,,px.moatads.com,True,True,CsiI,,,,1a5fe5677b0e4fbbc854e8908225637d,410b9bedaf65dd26c6fe547154d60db4,http/1.1,,12688.522572,10.0.2.15,57902,95.101.252.144,443,tcp,127.1790170000004,7050.0,1935.0,SF,True,False,0,ShADadTTFfRr,33,8390,33,3259,ssl,0
12689.294126,C1vQOcXtOdpBkJHge,10.0.2.15,57905,95.101.252.144,443,TLSv12,TLS_ECDHE_RSA_WITH_AES_256_GCM_SHA384,,px.moatads.com,True,True,CsiI,,,,1a5fe5677b0e4fbbc854e8908225637d,410b9bedaf65dd26c6fe547154d60db4,http/1.1,,12688.541264,10.0.2.15,57905,95.101.252.144,443,tcp,6.287562000001344,599.0,183.0,SF,True,False,0,ShADadFRfr,9,967,9,547,ssl,0
12690.416072,CRgfJO33QeNEKBNpx8,10.0.2.15,57907,95.101.252.144,443,TLSv12,TLS_ECDHE_RSA_WITH_AES_256_GCM_SHA384,,px.moatads.com,True,True,CsiI,,,,1a5fe5677b0e4fbbc854e8908225637d,410b9bedaf65dd26c6fe547154d60db4,http/1.1,,12689.834939,10.0.2.15,57907,95.101.252.144,443,tcp,6.303922999999486,599.0,183.0,RSTO,True,False,0,ShADadFR,7,887,7,467,ssl,0
12691.938213,C4as9M3KSfYmFJdhG3,10.0.2.15,57908,64.79.151.158,443,TLSv12,TLS_ECDHE_RSA_WITH_AES_256_CBC_SHA,secp521r1,www.bizapedia.com,False,True,CsxuknGIi,"['721f1b5b43633f3db2473c95a23b35c7ca6d578b5122bfe7b950061ef3b41bcf', '51cf0fffc3253fc013af786f95b190109f8c87f34dfd1cec44c45888789f5355']",[],1.0,0ffee3ba8e615ad22535e7f771690a28,507bcb4f8187a3fb0cbc7fdfaf344f0d,,,12691.696442,10.0.2.15,57908,64.79.151.158,443,tcp,159.55828699999984,4558.0,32905.0,SF,True,False,0,ShADadTTfF,43,6299,57,35189,ssl,0
12691.93709,CE880w4oQcqIomZV8,10.0.2.15,57909,64.79.151.158,443,TLSv12,TLS_ECDHE_RSA_WITH_AES_256_CBC_SHA,secp521r1,www.bizapedia.com,False,True,CsxuknGIi,"['721f1b5b43633f3db2473c95a23b35c7ca6d578b5122bfe7b950061ef3b41bcf', '51cf0fffc3253fc013af786f95b190109f8c87f34dfd1cec44c45888789f5355']",[],1.0,0ffee3ba8e615ad22535e7f771690a28,507bcb4f8187a3fb0cbc7fdfaf344f0d,,,12691.697336,10.0.2.15,57909,64.79.151.158,443,tcp,159.55414900000142,3332.0,32596.0,SF,True,False,0,ShADadTTfF,40,4954,56,34840,ssl,0
12693.356627,CYRjp84Vxq0sIdA51k,10.0.2.15,57910,172.217.23.234,443,TLSv12,TLS_ECDHE_RSA_WITH_AES_128_GCM_SHA256,,fonts.googleapis.com,True,True,CsiI,,,,1a5fe5677b0e4fbbc854e8908225637d,67619a80665d7ab92d1041b1d11f9164,h2,,12693.338016,10.0.2.15,57910,172.217.23.234,443,tcp,191.16951300000076,1257.0,1631.0,SF,True,False,0,ShADadFf,20,2065,22,2515,ssl,0
12693.556336,C9fMy949NY4ebJQbo8,10.0.2.15,57911,64.79.151.158,443,TLSv12,TLS_ECDHE_RSA_WITH_AES_256_CBC_SHA,,www.bizapedia.com,True,True,CsiI,,,,0ffee3ba8e615ad22535e7f771690a28,8529fd8de0d7f73186ef5ea8b4531a76,,,12693.340624,10.0.2.15,57911,64.79.151.158,443,tcp,21.95760299999893,2427.0,61848.0,RSTO,True,False,0,ShADadTFR,33,3756,59,64212,ssl,0
12693.754049,C19O291SSwftAjKHD9,10.0.2.15,57913,64.79.151.158,443,TLSv12,TLS_ECDHE_RSA_WITH_AES_256_CBC_SHA,,www.bizapedia.com,True,True,CsiI,,,,0ffee3ba8e615ad22535e7f771690a28,8529fd8de0d7f73186ef5ea8b4531a76,,,12693.347051,10.0.2.15,57913,64.79.151.158,443,tcp,157.90528599999925,2134.0,2709.0,SF,True,False,0,ShADadTTfF,29,3316,29,3873,ssl,0
12693.891405,CR07pe1GK474yMVzL7,10.0.2.15,57912,64.79.151.158,443,TLSv12,TLS_ECDHE_RSA_WITH_AES_256_CBC_SHA,,www.bizapedia.com,True,True,CsiI,,,,0ffee3ba8e615ad22535e7f771690a28,8529fd8de0d7f73186ef5ea8b4531a76,,,12693.34327,10.0.2.15,57912,64.79.151.158,443,tcp,157.90450899999996,2571.0,5114.0,SF,True,False,0,ShADadTTfF,30,3793,32,6398,ssl,0
12694.760044,Clqlah3gK7PZVM8LMh,10.0.2.15,57915,172.217.23.228,443,TLSv12,TLS_ECDHE_RSA_WITH_AES_128_GCM_SHA256,,www.google.com,True,True,CsiI,,,,1a5fe5677b0e4fbbc854e8908225637d,67619a80665d7ab92d1041b1d11f9164,h2,,12694.711398,10.0.2.15,57915,172.217.23.228,443,tcp,32.46562400000039,9769.0,71552.0,SF,True,False,0,ShADadFf,69,12537,120,76356,ssl,0
12694.758391,CGWSl8poO5LAhHhjb,10.0.2.15,57914,64.79.151.158,443,TLSv12,TLS_ECDHE_RSA_WITH_AES_256_CBC_SHA,,www.bizapedia.com,True,True,CsiI,,,,0ffee3ba8e615ad22535e7f771690a28,8529fd8de0d7f73186ef5ea8b4531a76,,,12694.520203,10.0.2.15,57914,64.79.151.158,443,tcp,156.72608600000058,1729.0,3216.0,SF,True,False,0,ShADadTTfF,27,2831,28,4340,ssl,0
12696.610551,CGcOLr4c21hBKbp5Ac,10.0.2.15,57917,54.192.93.150,443,TLSv12,TLS_ECDHE_RSA_WITH_AES_128_GCM_SHA256,,rules.quantcount.com,True,True,CsiI,,,,1a5fe5677b0e4fbbc854e8908225637d,d199ba0af2b08e204c73d6d81a1fd260,h2,,12696.569575,10.0.2.15,57917,54.192.93.150,443,tcp,215.10460700000112,1309.0,1022.0,SF,True,False,0,ShADadFf,18,2037,19,1786,ssl,0
12696.73054,COYNBQ22cLbbJND6U7,10.0.2.15,57916,95.172.94.14,443,TLSv12,TLS_ECDHE_RSA_WITH_AES_128_GCM_SHA256,,secure.quantserve.com,True,True,CsiI,,,,1a5fe5677b0e4fbbc854e8908225637d,fbe78c619e7ea20046131294ad087f05,,,12696.568328,10.0.2.15,57916,95.172.94.14,443,tcp,5.671709000000192,599.0,168.0,SF,True,False,0,ShADadFfRr,9,967,9,532,ssl,0
12699.871126,CCU6hqFpjo0J2hvT5,10.0.2.15,57919,95.172.94.34,443,TLSv12,TLS_ECDHE_RSA_WITH_AES_128_GCM_SHA256,,pixel.quantserve.com,True,True,CsiI,,,,1a5fe5677b0e4fbbc854e8908225637d,fbe78c619e7ea20046131294ad087f05,,,12699.808989,10.0.2.15,57919,95.172.94.34,443,tcp,7.142539000000397,599.0,168.0,SF,True,False,0,ShADadFfRr,9,967,9,532,ssl,0
12699.863902,CnW339opFXscxnXul,10.0.2.15,57918,95.172.94.34,443,TLSv12,TLS_ECDHE_RSA_WITH_AES_128_GCM_SHA256,,pixel.quantserve.com,True,True,CsiI,,,,1a5fe5677b0e4fbbc854e8908225637d,fbe78c619e7ea20046131294ad087f05,,,12699.807633,10.0.2.15,57918,95.172.94.34,443,tcp,1.344275999999808,1320.0,482.0,SF,True,False,0,ShADadfF,9,1688,9,846,ssl,0
12706.456717,CDaUZl38dVwoTDKHH3,10.0.2.15,57929,205.185.216.10,443,TLSv12,TLS_ECDHE_RSA_WITH_AES_128_GCM_SHA256,secp256r1,labs-cdn.revcontent.com,False,True,CsxuknGIti,"['e29909b1c1715d830c883d99e7b3b62c157b0e615f1b77bba7ceda93a43a1063', '154c433c491929c5ef686e838e323664a00e6a0d822ccc958fb4dab03e49a08f']",[],1.0,0ffee3ba8e615ad22535e7f771690a28,a9f50de6377ae7c6dbaabc53f089ac30,,,12705.587263,10.0.2.15,57929,205.185.216.10,443,tcp,9.592595000000074,916.0,269411.0,SF,True,False,0,ShADadfF,97,4804,267,280095,ssl,0
12715.526945,Cl4QZgBO2EX3agGTd,10.0.2.15,57937,157.240.0.52,443,TLSv12,TLS_ECDHE_RSA_WITH_AES_128_GCM_SHA256,secp256r1,scontent.cdninstagram.com,False,True,CsxknGIti,"['75f97496eafd0cbf253c16a154838631116569e35c96831f9720036d048f93a4', '19400be5b7a31fb733917700789d2f0a2471c0c9d506c0e504c06c16d7cb17c0']",[],1.0,0ffee3ba8e615ad22535e7f771690a28,b898351eb5e266aefd3723d466935494,h2,,12713.353406,10.0.2.15,57937,157.240.0.52,443,tcp,7.889025999998921,2497.0,308735.0,RSTR,True,False,0,ShADadWRRrR,119,7265,290,320339,ssl,0
12717.171009,CLEb4u4V71jQexVOF2,10.0.2.15,57942,31.13.70.7,443,TLSv12,TLS_ECDHE_ECDSA_WITH_AES_128_GCM_SHA256,,connect.facebook.net,True,True,CsiI,,,,1a5fe5677b0e4fbbc854e8908225637d,96681175a9547081bf3d417f1a572091,h2,,12716.725721,10.0.2.15,57942,31.13.70.7,443,tcp,4.4912809999987084,1052.0,9612.0,SF,True,False,0,ShADadfF,15,1660,21,10456,ssl,0
12724.326498,CDD8QN1WIXPtUgherb,10.0.2.15,57956,95.172.94.14,443,TLSv12,TLS_ECDHE_RSA_WITH_AES_128_GCM_SHA256,,secure.quantserve.com,True,True,CsiI,,,,1a5fe5677b0e4fbbc854e8908225637d,fbe78c619e7ea20046131294ad087f05,,,12723.895597,10.0.2.15,57956,95.172.94.14,443,tcp,7.191139999998995,599.0,168.0,RSTO,True,False,0,ShADadFR,8,927,7,452,ssl,0
12724.653396,CWeAYo4mgkphssc0Ma,10.0.2.15,57953,95.172.94.14,443,TLSv12,TLS_ECDHE_RSA_WITH_AES_128_GCM_SHA256,,secure.quantserve.com,True,True,CsiI,,,,1a5fe5677b0e4fbbc854e8908225637d,fbe78c619e7ea20046131294ad087f05,,,12723.864363,10.0.2.15,57953,95.172.94.14,443,tcp,7.22654700000021,599.0,168.0,RSTO,True,False,0,ShADadFR,7,887,7,452,ssl,0
12725.334522,Ce6FkI2ElRXm4iTf7f,10.0.2.15,57957,95.172.94.34,443,TLSv12,TLS_ECDHE_RSA_WITH_AES_128_GCM_SHA256,,pixel.quantserve.com,True,True,CsiI,,,,1a5fe5677b0e4fbbc854e8908225637d,fbe78c619e7ea20046131294ad087f05,,,12724.303784,10.0.2.15,57957,95.172.94.34,443,tcp,7.006940000001123,1797.0,482.0,SF,True,False,0,ShADadfF,9,2165,9,846,ssl,0
12725.127649,C5hhkY3FPlLbHZS9B2,10.0.2.15,57959,95.172.94.34,443,TLSv12,TLS_ECDHE_RSA_WITH_AES_128_GCM_SHA256,,pixel.quantserve.com,True,True,CsiI,,,,1a5fe5677b0e4fbbc854e8908225637d,fbe78c619e7ea20046131294ad087f05,,,12724.307288,10.0.2.15,57959,95.172.94.34,443,tcp,1.829464000000371,599.0,168.0,RSTO,True,False,0,ShADadFR,8,927,7,452,ssl,0
12726.532494,ChJmk227mRrxgBKLv7,10.0.2.15,57962,95.172.94.34,443,TLSv12,TLS_ECDHE_RSA_WITH_AES_128_GCM_SHA256,,pixel.quantserve.com,True,True,CsiI,,,,1a5fe5677b0e4fbbc854e8908225637d,fbe78c619e7ea20046131294ad087f05,,,12725.335517,10.0.2.15,57962,95.172.94.34,443,tcp,9.000418999999965,599.0,168.0,SF,True,False,0,ShADadFfRr,9,967,9,532,ssl,0
12732.140711,C1ZdzB1zw35JlnStpj,10.0.2.15,57969,31.13.70.7,443,TLSv12,TLS_ECDHE_ECDSA_WITH_AES_128_GCM_SHA256,,connect.facebook.net,True,True,CsiI,,,,1a5fe5677b0e4fbbc854e8908225637d,96681175a9547081bf3d417f1a572091,h2,,12730.821151,10.0.2.15,57969,31.13.70.7,443,tcp,417.6333720000002,1712.0,12320.0,SF,True,False,0,ShADadfF,29,2880,40,13924,ssl,0
12733.273976,CJNqIkPgR2IHG38A4,10.0.2.15,57974,64.79.151.158,443,TLSv12,TLS_ECDHE_RSA_WITH_AES_256_CBC_SHA,,www.bizapedia.com,True,True,CsiI,,,,0ffee3ba8e615ad22535e7f771690a28,8529fd8de0d7f73186ef5ea8b4531a76,,,12732.267788,10.0.2.15,57974,64.79.151.158,443,tcp,7.128088000001298,354.0,161.0,SF,True,False,0,ShADadFf,7,642,7,445,ssl,0
12748.479647,CZyqkr2oB1axbRB24e,10.0.2.15,57987,199.96.57.6,443,TLSv12,TLS_ECDHE_RSA_WITH_AES_128_GCM_SHA256,secp256r1,platform.twitter.com,False,True,CsxuknGIti,"['03836d502e2fb8a9f4cc51e912b5e69c5f72393c36e0ed751d7fb22118adb56e', '19400be5b7a31fb733917700789d2f0a2471c0c9d506c0e504c06c16d7cb17c0']",[],1.0,0ffee3ba8e615ad22535e7f771690a28,76cc3e2d3028143b23ec18e27dbd7ca9,http/1.1,,12747.830551,10.0.2.15,57987,199.96.57.6,443,tcp,11.51921400000174,355.0,4447.0,SF,True,False,0,ShADadTfF,10,764,12,4931,ssl,0
12752.437627,CHpe8ERxgChZL7Psk,10.0.2.15,57989,172.217.23.228,443,TLSv12,TLS_ECDHE_RSA_WITH_AES_128_GCM_SHA256,,www.google.com,True,True,CsiI,,,,1a5fe5677b0e4fbbc854e8908225637d,67619a80665d7ab92d1041b1d11f9164,h2,,12752.069834,10.0.2.15,57989,172.217.23.228,443,tcp,223.81687799999963,23698.0,140465.0,SF,True,False,0,ShADadFf,93,27426,192,148149,ssl,0
12759.362291,CrznHm4Hv4mlMQ9OL1,10.0.2.15,58005,158.69.242.138,443,TLSv12,TLS_ECDHE_RSA_WITH_AES_128_GCM_SHA256,x25519,freegeoip.net,False,True,CsxknGIti,"['834827ddb02438a6ddfcbe27747103025c9ebb1c86bcb58a428efa238ded9357', '02ab57e4e67a0cb48dd2ff34830e8ac40f4476fb08ca6be3f5cd846f646840f0', '4f32d5dc00f715250abcc486511e37f501a899deb3bf7ea8adbbd3aef1c412da']",[],1.0,0ffee3ba8e615ad22535e7f771690a28,9e4af711131ebfb2a0cff53c4f2d64e6,,,12759.171145,10.0.2.15,58005,158.69.242.138,443,tcp,34.22458299999926,648.0,5493.0,SF,True,False,0,ShADadTfF,14,1218,16,6137,ssl,0
12766.429697,CPN5AB2ip6lDDU2uae,10.0.2.15,58021,209.197.3.19,443,TLSv12,TLS_ECDHE_RSA_WITH_AES_128_GCM_SHA256,secp256r1,servedby.flashtalking.com,False,True,CsxuknGIti,"['7549769e2f25b91f9a298d65a84318336c920895fb2b18a462b53558a6f3edb7', '074541ecdf88ed992ed5ade3ecddef27a26ba1b44480a195c0a8dadae2521d8e', '3c35cc963eb004451323d3275d05b353235053490d9cd83729a2faf5e7ca1cc0']",[],1.0,0ffee3ba8e615ad22535e7f771690a28,a9f50de6377ae7c6dbaabc53f089ac30,,,12766.085385,10.0.2.15,58021,209.197.3.19,443,tcp,5.493008999999802,968.0,6968.0,SF,True,False,0,ShADadfF,11,1416,14,7532,ssl,0
12766.985466,CWF3n21pAq6tj4GRT3,10.0.2.15,58022,172.217.23.238,443,TLSv12,TLS_ECDHE_ECDSA_WITH_AES_128_GCM_SHA256,x25519,encrypted-tbn3.gstatic.com,False,True,CsxknGIti,"['11ddd329046367c19b32ffdb02ed308de129de4d6ffcf95856d7bd6a7accfba9', '9f630426df1d8abfd80ace98871ba833ab9742cb34838de2b5285ed54c0c7dcc', '3c35cc963eb004451323d3275d05b353235053490d9cd83729a2faf5e7ca1cc0']",[],1.0,0ffee3ba8e615ad22535e7f771690a28,84480cf8cf0e732666092640e581e1a5,h2,,12766.615942,10.0.2.15,58022,172.217.23.238,443,tcp,198.4700840000005,1077.0,6440.0,SF,True,False,0,ShADadFf,21,1925,26,7484,ssl,0
12766.987875,CCCzlx4iZ0DYspGz62,10.0.2.15,58030,185.57.60.186,443,TLSv12,TLS_ECDHE_ECDSA_WITH_AES_256_GCM_SHA384,secp256r1,pixel.tapad.com,False,True,CsxknGIti,"['2e07c3eefcc0f914e58014ebb73641b122d04bc44d3fa4319f90ab3d10159da4', '93a07898d89b2cca166ba6f1f8a14138ce43828e491b831926bc8247d391cc72', '9f43d52e808c20aff69e02faac205aac684e6975213d6620fac64bde5fcab4bc', '1465fa205397b876faa6f0a9958e5590e40fcc7faa4fb7c2c8677521fb5fb658', '2e2861289b5ccedecae4c31bf262e0fb0c29b6c1530573442731ca65d821e901']",[],1.0,0ffee3ba8e615ad22535e7f771690a28,5590a2023cffab2c8ace569bfb23fab1,,,12766.664409,10.0.2.15,58030,185.57.60.186,443,tcp,6.760930999998891,747.0,7306.0,SF,True,False,0,ShADadfF,11,1195,15,7910,ssl,0
12766.993327,CDjZiz1JshThDeP5yg,10.0.2.15,58029,37.252.172.42,443,TLSv12,TLS_ECDHE_RSA_WITH_AES_256_GCM_SHA384,secp256r1,secure.adnxs.com,False,True,CsxuknGIti,"['5b081650e8034418a37504ce0820892be5a66474578207711eb688243fe1a8f2', '074541ecdf88ed992ed5ade3ecddef27a26ba1b44480a195c0a8dadae2521d8e']",[],1.0,0ffee3ba8e615ad22535e7f771690a28,d53e4608f956df65bb2b8a8c4d3b025d,,,12766.663172,10.0.2.15,58029,37.252.172.42,443,tcp,11.79116299999987,3350.0,7945.0,SF,True,False,0,ShADadfF,14,3918,19,8709,ssl,0
12766.995046,CP4bmP2jvuNUJTxUah,10.0.2.15,58028,37.252.172.42,443,TLSv12,TLS_ECDHE_RSA_WITH_AES_256_GCM_SHA384,secp256r1,secure.adnxs.com,False,True,CsxuknGIti,"['5b081650e8034418a37504ce0820892be5a66474578207711eb688243fe1a8f2', '074541ecdf88ed992ed5ade3ecddef27a26ba1b44480a195c0a8dadae2521d8e']",[],1.0,0ffee3ba8e615ad22535e7f771690a28,d53e4608f956df65bb2b8a8c4d3b025d,,,12766.662373,10.0.2.15,58028,37.252.172.42,443,tcp,11.791345999999976,3350.0,7944.0,SF,True,False,0,ShADadfF,14,3918,18,8668,ssl,0
12766.973444,ChmxcY1NupaOyRb8J4,10.0.2.15,58025,172.217.23.238,443,TLSv12,TLS_ECDHE_ECDSA_WITH_AES_128_GCM_SHA256,,encrypted-tbn2.gstatic.com,True,True,CsiI,,,,1a5fe5677b0e4fbbc854e8908225637d,c23237dbea656869600e48dfbd00ab7b,h2,,12766.622241,10.0.2.15,58025,172.217.23.238,443,tcp,193.182272,1316.0,2139.0,SF,True,False,0,ShADadFf,21,2164,23,3063,ssl,0
12766.983246,C9n1gD188eLrpZ7XN8,10.0.2.15,58024,172.217.23.238,443,TLSv12,TLS_ECDHE_ECDSA_WITH_AES_128_GCM_SHA256,,encrypted-tbn0.gstatic.com,True,True,CsiI,,,,1a5fe5677b0e4fbbc854e8908225637d,c23237dbea656869600e48dfbd00ab7b,h2,,12766.62166,10.0.2.15,58024,172.217.23.238,443,tcp,192.89504299999865,1314.0,2354.0,SF,True,False,0,ShADadFf,22,2202,24,3318,ssl,0
12766.984741,Ct20B81zGyLgCbCBmb,10.0.2.15,58023,172.217.23.238,443,TLSv12,TLS_ECDHE_ECDSA_WITH_AES_128_GCM_SHA256,,encrypted-tbn1.gstatic.com,True,True,CsiI,,,,1a5fe5677b0e4fbbc854e8908225637d,c23237dbea656869600e48dfbd00ab7b,h2,,12766.621123,10.0.2.15,58023,172.217.23.238,443,tcp,193.4974659999989,1315.0,1675.0,SF,True,False,0,ShADadFf,20,2123,21,2519,ssl,0
12766.969296,CbGrj14wcqErqa6jX1,10.0.2.15,58026,216.58.201.66,443,TLSv12,TLS_ECDHE_RSA_WITH_AES_128_GCM_SHA256,x25519,adx.g.doubleclick.net,False,True,CsxknGIti,"['a32ffddd76f9e7debbfc9a37b38d2ef86039b30a10d7c45ab8223d149cf99699', '9f630426df1d8abfd80ace98871ba833ab9742cb34838de2b5285ed54c0c7dcc', '3c35cc963eb004451323d3275d05b353235053490d9cd83729a2faf5e7ca1cc0']",[],1.0,0ffee3ba8e615ad22535e7f771690a28,ab41313cfec25328b20865eb1388e0a2,h2,,12766.622941,10.0.2.15,58026,216.58.201.66,443,tcp,198.32856999999967,1551.0,4651.0,SF,True,False,0,ShADadFf,22,2439,24,5615,ssl,0
12770.465722,Ccgjvo3whCEmF245ub,10.0.2.15,58037,95.100.184.88,443,TLSv12,TLS_ECDHE_RSA_WITH_AES_256_GCM_SHA384,secp256r1,cdn.flashtalking.com,False,True,CsxknGIti,"['b3f57626fc96eff7b6be51d0ff1cb03b121ca74c9e4fd427582d629b9d273936', 'eae72eb454bf6c3977ebd289e970b2f5282949190093d0d26f98d0f0d6a9cf17']",[],1.0,0ffee3ba8e615ad22535e7f771690a28,2b33c1374db4ddf06942f92373c0b54b,http/1.1,,12769.943689,10.0.2.15,58037,95.100.184.88,443,tcp,139.450331,4453.0,116764.0,SF,True,False,0,ShADadTTFfRr,62,6953,135,122168,ssl,0
12770.651108,CKBs4A4LzytJYNmsj1,10.0.2.15,58035,95.100.184.88,443,TLSv12,TLS_ECDHE_RSA_WITH_AES_256_GCM_SHA384,secp256r1,cdn.flashtalking.com,False,True,CsxknGIti,"['b3f57626fc96eff7b6be51d0ff1cb03b121ca74c9e4fd427582d629b9d273936', 'eae72eb454bf6c3977ebd289e970b2f5282949190093d0d26f98d0f0d6a9cf17']",[],1.0,0ffee3ba8e615ad22535e7f771690a28,2b33c1374db4ddf06942f92373c0b54b,http/1.1,,12769.94264,10.0.2.15,58035,95.100.184.88,443,tcp,8.246280000001207,354.0,4164.0,SF,True,False,0,ShADadFfRr,11,802,12,4648,ssl,0
12770.808895,CeNyIl1YASjtGKYqQj,10.0.2.15,58038,52.17.105.7,443,TLSv12,TLS_ECDHE_RSA_WITH_AES_128_GCM_SHA256,secp256r1,www.netdeals.com,False,True,CsxknGIti,"['1079b41bf422af4ee4a466d03459f4004d18b13e6227a6c4eb98a14bea08c42c', '19400be5b7a31fb733917700789d2f0a2471c0c9d506c0e504c06c16d7cb17c0']",[],1.0,0ffee3ba8e615ad22535e7f771690a28,8d2a028aa94425f76ced7826b1f39039,h2,,12769.978221,10.0.2.15,58038,52.17.105.7,443,tcp,217.50969500000065,2371.0,46028.0,SF,True,False,0,ShADadFf,37,3859,67,48712,ssl,0
12773.738636,CsqzOT1nsfsB13JROg,10.0.2.15,58049,204.79.197.200,443,TLSv12,TLS_ECDHE_RSA_WITH_AES_256_CBC_SHA,secp384r1,www.bing.com,False,True,CsxuknGIi,"['80c4440580dbd55b228f41e6c88a51ecdbb998b5d32d12acd31ce25518d37128', '2399983e99703ebd01cea466c10799810c4ba62a8d61b88170a334dcd61bb20f']",[],1.0,0ffee3ba8e615ad22535e7f771690a28,4fd467dd264720762ffe286277c00f57,,,12773.44879,10.0.2.15,58049,204.79.197.200,443,tcp,82.58016399999906,7535.0,58599.0,SF,True,False,0,ShADadTfF,44,9309,78,61723,ssl,0
12773.742507,Ceqs4v2KtkG51u2D23,10.0.2.15,58048,204.79.197.200,443,TLSv12,TLS_ECDHE_RSA_WITH_AES_256_CBC_SHA,secp384r1,www.bing.com,False,True,CsxuknGIi,"['80c4440580dbd55b228f41e6c88a51ecdbb998b5d32d12acd31ce25518d37128', '2399983e99703ebd01cea466c10799810c4ba62a8d61b88170a334dcd61bb20f']",[],1.0,0ffee3ba8e615ad22535e7f771690a28,4fd467dd264720762ffe286277c00f57,,,12773.445246,10.0.2.15,58048,204.79.197.200,443,tcp,79.96940600000016,6874.0,49554.0,SF,True,False,0,ShADadTfF,40,8488,67,52238,ssl,0
12773.746294,CDujDSKSqobCn1MDg,10.0.2.15,58047,204.79.197.200,443,TLSv12,TLS_ECDHE_RSA_WITH_AES_256_CBC_SHA,secp384r1,www.bing.com,False,True,CsxuknGIi,"['80c4440580dbd55b228f41e6c88a51ecdbb998b5d32d12acd31ce25518d37128', '2399983e99703ebd01cea466c10799810c4ba62a8d61b88170a334dcd61bb20f']",[],1.0,0ffee3ba8e615ad22535e7f771690a28,4fd467dd264720762ffe286277c00f57,,,12773.442997,10.0.2.15,58047,204.79.197.200,443,tcp,77.81048499999997,6874.0,47426.0,SF,True,False,0,ShADadTfF,39,8447,64,49990,ssl,0
12773.751381,CoUIxc3uVUa3nSmTxf,10.0.2.15,58046,204.79.197.200,443,TLSv12,TLS_ECDHE_RSA_WITH_AES_256_CBC_SHA,secp384r1,www.bing.com,False,True,CsxuknGIi,"['80c4440580dbd55b228f41e6c88a51ecdbb998b5d32d12acd31ce25518d37128', '2399983e99703ebd01cea466c10799810c4ba62a8d61b88170a334dcd61bb20f']",[],1.0,0ffee3ba8e615ad22535e7f771690a28,4fd467dd264720762ffe286277c00f57,,,12773.440793,10.0.2.15,58046,204.79.197.200,443,tcp,79.97881600000073,8164.0,63628.0,SF,True,False,0,ShADadTfF,49,10138,87,67112,ssl,0
12773.757612,CUCyVm4GJsPjj1yyF7,10.0.2.15,58045,204.79.197.200,443,TLSv12,TLS_ECDHE_RSA_WITH_AES_256_CBC_SHA,secp384r1,www.bing.com,False,True,CsxuknGIi,"['80c4440580dbd55b228f41e6c88a51ecdbb998b5d32d12acd31ce25518d37128', '2399983e99703ebd01cea466c10799810c4ba62a8d61b88170a334dcd61bb20f']",[],1.0,0ffee3ba8e615ad22535e7f771690a28,4fd467dd264720762ffe286277c00f57,,,12773.435486,10.0.2.15,58045,204.79.197.200,443,tcp,80.90573699999914,6874.0,57682.0,SF,True,False,0,ShADadTfF,39,8448,73,60606,ssl,0
12773.762436,ClhjJxOjd5foow70b,10.0.2.15,58044,204.79.197.200,443,TLSv12,TLS_ECDHE_RSA_WITH_AES_256_CBC_SHA,secp384r1,www.bing.com,False,True,CsxuknGIi,"['80c4440580dbd55b228f41e6c88a51ecdbb998b5d32d12acd31ce25518d37128', '2399983e99703ebd01cea466c10799810c4ba62a8d61b88170a334dcd61bb20f']",[],1.0,0ffee3ba8e615ad22535e7f771690a28,4fd467dd264720762ffe286277c00f57,,,12773.433503,10.0.2.15,58044,204.79.197.200,443,tcp,80.90406500000063,8164.0,63404.0,SF,True,False,0,ShADadTfF,45,9978,83,66728,ssl,0
12773.768822,CNJHIR24QCqjKnJNj8,10.0.2.15,58043,192.229.221.24,443,TLSv12,TLS_ECDHE_RSA_WITH_AES_128_GCM_SHA256,secp256r1,o.aolcdn.com,False,True,CsxuknGIti,"['7cad4431f5e1812766eceb1908baeb16a299d89260d1d3a7b7403c465defe26a', '19400be5b7a31fb733917700789d2f0a2471c0c9d506c0e504c06c16d7cb17c0']",[],1.0,0ffee3ba8e615ad22535e7f771690a28,49b45fc1ab090aa3a159778313fc9b9e,h2,,12773.433297,10.0.2.15,58043,192.229.221.24,443,tcp,195.986855000001,1584.0,46371.0,SF,True,False,0,ShADadfF,38,3112,67,49055,ssl,0
12774.877523,CXuGuXSU2t1c1JPu,10.0.2.15,58050,192.229.221.24,443,TLSv12,TLS_ECDHE_RSA_WITH_AES_128_GCM_SHA256,secp256r1,o.aolcdn.com,False,True,CsxuknGIti,"['7cad4431f5e1812766eceb1908baeb16a299d89260d1d3a7b7403c465defe26a', '19400be5b7a31fb733917700789d2f0a2471c0c9d506c0e504c06c16d7cb17c0']",[],1.0,0ffee3ba8e615ad22535e7f771690a28,49b45fc1ab090aa3a159778313fc9b9e,h2,,12773.734868,10.0.2.15,58050,192.229.221.24,443,tcp,4.881155000000945,803.0,6948.0,SF,True,False,0,ShADadfF,15,1411,19,7712,ssl,0
12777.964675,CshzAS1rWtgRyIGFqc,10.0.2.15,58051,23.74.166.49,443,TLSv12,TLS_ECDHE_RSA_WITH_AES_256_GCM_SHA384,secp256r1,tag.researchnow.com,False,True,CsxknGIti,"['9d81cad503961120d2ce3e625dfda2ddad27084ee7f1cd94282e9d98c991b3ca', 'eae72eb454bf6c3977ebd289e970b2f5282949190093d0d26f98d0f0d6a9cf17', '8420dfbe376f414bf4c0a81e6936d24ccc03f304835b86c7a39142fca723a689']",[],1.0,0ffee3ba8e615ad22535e7f771690a28,2b33c1374db4ddf06942f92373c0b54b,http/1.1,,12777.595264,10.0.2.15,58051,23.74.166.49,443,tcp,125.50585300000056,760.0,5217.0,SF,True,False,0,ShADadTTFfRr,25,1780,27,6301,ssl,0
12778.685012,C4Huyo4B74jkT3eMa9,10.0.2.15,58052,23.74.166.49,443,TLSv12,TLS_ECDHE_RSA_WITH_AES_256_GCM_SHA384,secp256r1,tag.researchnow.com,False,True,CsxknGIti,"['9d81cad503961120d2ce3e625dfda2ddad27084ee7f1cd94282e9d98c991b3ca', 'eae72eb454bf6c3977ebd289e970b2f5282949190093d0d26f98d0f0d6a9cf17', '8420dfbe376f414bf4c0a81e6936d24ccc03f304835b86c7a39142fca723a689']",[],1.0,0ffee3ba8e615ad22535e7f771690a28,2b33c1374db4ddf06942f92373c0b54b,http/1.1,,12778.621885,10.0.2.15,58052,23.74.166.49,443,tcp,5.72425899999871,385.0,4827.0,SF,True,False,0,ShADadFRfr,11,833,13,5351,ssl,0
12779.239779,CsBCJw1xKrjdayFvO8,10.0.2.15,58054,95.100.184.88,443,TLSv12,TLS_ECDHE_RSA_WITH_AES_256_GCM_SHA384,,cdn.flashtalking.com,True,True,CsiI,,,,1a5fe5677b0e4fbbc854e8908225637d,410b9bedaf65dd26c6fe547154d60db4,http/1.1,,12778.632877,10.0.2.15,58054,95.100.184.88,443,tcp,130.75400699999955,1972.0,22192.0,SF,True,False,0,ShADadTTFf,30,3192,43,23916,ssl,0
12779.241338,ClPpPN2sTTMnX3Oggd,10.0.2.15,58053,95.100.184.88,443,TLSv12,TLS_ECDHE_RSA_WITH_AES_256_GCM_SHA384,,cdn.flashtalking.com,True,True,CsiI,,,,1a5fe5677b0e4fbbc854e8908225637d,410b9bedaf65dd26c6fe547154d60db4,http/1.1,,12778.632251,10.0.2.15,58053,95.100.184.88,443,tcp,130.72342599999865,1980.0,10901.0,RSTO,True,False,0,ShADadTTFR,26,3040,30,12105,ssl,0
12782.027994,CSlGWv1KnbQnK4nqPi,10.0.2.15,58055,151.101.112.207,443,TLSv12,TLS_ECDHE_RSA_WITH_AES_128_GCM_SHA256,,js-agent.newrelic.com,True,True,CsiI,,,,1a5fe5677b0e4fbbc854e8908225637d,1d0e57c6ae42e9204defa51e5e1cdc4c,http/1.1,,12781.578757,10.0.2.15,58055,151.101.112.207,443,tcp,5.837295000001177,599.0,191.0,RSTO,True,False,0,ShADadFR,7,887,7,475,ssl,0
12783.125852,CmESZ12sqbpt4nL1Pg,10.0.2.15,58059,52.211.54.244,443,TLSv12,TLS_ECDHE_RSA_WITH_AES_128_GCM_SHA256,secp256r1,dpm.demdex.net,False,True,CsxknGIi,"['ab8f7b89fa3e472463832f1b07660350a24ba646789dce6dd09107fab1d86a12', '19400be5b7a31fb733917700789d2f0a2471c0c9d506c0e504c06c16d7cb17c0']",[],1.0,0ffee3ba8e615ad22535e7f771690a28,303951d4c50efb2e991652225a6f02b1,,,12782.81876,10.0.2.15,58059,52.211.54.244,443,tcp,62.99456499999906,2388.0,4069.0,SF,True,False,0,ShADadTFf,17,3082,19,4833,ssl,0
12783.127736,CfC8Ft3VgLqV2gMqml,10.0.2.15,58058,52.211.54.244,443,TLSv12,TLS_ECDHE_RSA_WITH_AES_128_GCM_SHA256,secp256r1,dpm.demdex.net,False,True,CsxknGIi,"['ab8f7b89fa3e472463832f1b07660350a24ba646789dce6dd09107fab1d86a12', '19400be5b7a31fb733917700789d2f0a2471c0c9d506c0e504c06c16d7cb17c0']",[],1.0,0ffee3ba8e615ad22535e7f771690a28,303951d4c50efb2e991652225a6f02b1,,,12782.815648,10.0.2.15,58058,52.211.54.244,443,tcp,8.993169999999736,348.0,3143.0,SF,True,False,0,ShADadFfRr,10,756,12,3627,ssl,0
12783.58102,C6fdGS3hqUIvjzDy7i,10.0.2.15,58065,95.100.184.88,443,TLSv12,TLS_ECDHE_RSA_WITH_AES_256_GCM_SHA384,,cdn.flashtalking.com,True,True,CsiI,,,,1a5fe5677b0e4fbbc854e8908225637d,410b9bedaf65dd26c6fe547154d60db4,http/1.1,,12783.309168,10.0.2.15,58065,95.100.184.88,443,tcp,126.07769300000108,1061.0,1328.0,SF,True,False,0,ShADadTTFfRr,22,1961,23,2252,ssl,0
12783.588787,CtGjyE4UbSdzV3tQij,10.0.2.15,58064,95.100.184.88,443,TLSv12,TLS_ECDHE_RSA_WITH_AES_256_GCM_SHA384,,cdn.flashtalking.com,True,True,CsiI,,,,1a5fe5677b0e4fbbc854e8908225637d,410b9bedaf65dd26c6fe547154d60db4,http/1.1,,12783.308666,10.0.2.15,58064,95.100.184.88,443,tcp,126.06690699999854,1056.0,1190.0,SF,True,False,0,ShADadTTFfRr,22,1956,23,2114,ssl,0
12783.589788,CcNXK13gcQiXqbLuq5,10.0.2.15,58063,95.100.184.88,443,TLSv12,TLS_ECDHE_RSA_WITH_AES_256_GCM_SHA384,,cdn.flashtalking.com,True,True,CsiI,,,,1a5fe5677b0e4fbbc854e8908225637d,410b9bedaf65dd26c6fe547154d60db4,http/1.1,,12783.308193,10.0.2.15,58063,95.100.184.88,443,tcp,126.05078399999913,1059.0,1204.0,SF,True,False,0,ShADadTTFfRr,22,1959,23,2128,ssl,0
12783.606361,CjI44n2ecdx0tpuNkg,10.0.2.15,58060,31.13.84.4,443,TLSv12,TLS_ECDHE_ECDSA_WITH_AES_128_GCM_SHA256,,scontent-vie1-1.xx.fbcdn.net,True,True,CsiI,,,,1a5fe5677b0e4fbbc854e8908225637d,96681175a9547081bf3d417f1a572091,h2,,12783.305554,10.0.2.15,58060,31.13.84.4,443,tcp,66.61779399999978,1992.0,17134.0,SF,True,False,0,ShADadfF,24,2960,40,18738,ssl,0
12783.592537,Ckjweo4OvJGWIjiRY8,10.0.2.15,58062,192.243.255.6,443,TLSv12,TLS_ECDHE_RSA_WITH_AES_256_GCM_SHA384,secp256r1,s.sa.aol.com,False,True,CsxknGIi,"['51a07425afdd7ff83801fdd065c204ce3d94dea0d871eeba3d8d867cd14cd091', '19400be5b7a31fb733917700789d2f0a2471c0c9d506c0e504c06c16d7cb17c0']",[],1.0,0ffee3ba8e615ad22535e7f771690a28,959bfcf87532cbff1253e80a4ee81308,,,12783.307576,10.0.2.15,58062,192.243.255.6,443,tcp,27.799580000000788,2986.0,4054.0,SF,True,False,0,ShADadTFf,15,3595,16,4698,ssl,0
12783.600002,CsSakT22ptpFNoSNJ2,10.0.2.15,58061,192.243.255.6,443,TLSv12,TLS_ECDHE_RSA_WITH_AES_256_GCM_SHA384,secp256r1,s.sa.aol.com,False,True,CsxknGIi,"['51a07425afdd7ff83801fdd065c204ce3d94dea0d871eeba3d8d867cd14cd091', '19400be5b7a31fb733917700789d2f0a2471c0c9d506c0e504c06c16d7cb17c0']",[],1.0,0ffee3ba8e615ad22535e7f771690a28,959bfcf87532cbff1253e80a4ee81308,,,12783.306557,10.0.2.15,58061,192.243.255.6,443,tcp,18.61817599999995,2009.0,3642.0,SF,True,False,0,ShADadTFf,14,2578,15,4246,ssl,0
12784.868098,CSG51z15FID1EPqpVf,10.0.2.15,58067,52.211.54.244,443,TLSv12,TLS_ECDHE_RSA_WITH_AES_128_GCM_SHA256,,dpm.demdex.net,True,True,CsiI,,,,0ffee3ba8e615ad22535e7f771690a28,303951d4c50efb2e991652225a6f02b1,,,12784.199821,10.0.2.15,58067,52.211.54.244,443,tcp,61.61335399999916,2380.0,1100.0,SF,True,False,0,ShADadTFf,14,2953,15,1704,ssl,0
12784.870098,C8zOjo3pyLy3nNrEB3,10.0.2.15,58066,54.247.93.215,443,TLSv12,TLS_ECDHE_RSA_WITH_AES_128_GCM_SHA256,secp256r1,d.adroll.com,False,True,CsxknGIi,"['30d9e6a96455a203c6d0e675630de083191a9ec88b4ede4851365088792e1417', 'e6683e88315cd1cb403c0cea490f7c4b4c82c91cd485037489aadbaa90839f61', 'ff856a2d251dcd88d36656f450126798cfabaade40799c722de4d2b5db36a73a']",[],1.0,0ffee3ba8e615ad22535e7f771690a28,303951d4c50efb2e991652225a6f02b1,,,12784.199187,10.0.2.15,58066,54.247.93.215,443,tcp,72.17841600000065,2316.0,7347.0,SF,True,False,0,ShADadTFf,24,3290,26,8391,ssl,0
12786.294931,Cdvf582dtXarSe12s8,10.0.2.15,58071,95.100.191.4,443,TLSv12,TLS_ECDHE_RSA_WITH_AES_256_GCM_SHA384,,sb.scorecardresearch.com,True,True,CsiI,,,,1a5fe5677b0e4fbbc854e8908225637d,410b9bedaf65dd26c6fe547154d60db4,http/1.1,,12786.015691,10.0.2.15,58071,95.100.191.4,443,tcp,217.18261899999925,2228.0,1014.0,SF,True,False,0,ShADadTTFfRr,34,3616,35,2418,ssl,0
12786.295505,ClVk9z1SutSv4SJnV9,10.0.2.15,58070,192.243.255.6,443,TLSv12,TLS_ECDHE_RSA_WITH_AES_256_GCM_SHA384,,s.sa.aol.com,True,True,CsiI,,,,0ffee3ba8e615ad22535e7f771690a28,959bfcf87532cbff1253e80a4ee81308,,,12786.014961,10.0.2.15,58070,192.243.255.6,443,tcp,8.277761999999711,303.0,155.0,SF,True,False,0,ShADadFf,7,591,7,439,ssl,0
12786.423295,Czf7Fj2EKdqRlO9Jre,10.0.2.15,58072,95.100.191.4,443,TLSv12,TLS_ECDHE_RSA_WITH_AES_256_GCM_SHA384,,sb.scorecardresearch.com,True,True,CsiI,,,,1a5fe5677b0e4fbbc854e8908225637d,410b9bedaf65dd26c6fe547154d60db4,http/1.1,,12786.297055,10.0.2.15,58072,95.100.191.4,443,tcp,7.984193000000232,599.0,183.0,SF,True,False,0,ShADadFfRr,8,927,9,547,ssl,0
12787.986035,CU45un7n1o6BY6gXj,10.0.2.15,58075,95.100.185.157,443,TLSv12,TLS_ECDHE_RSA_WITH_AES_256_GCM_SHA384,secp256r1,s.adroll.com,False,True,CsxknGIti,"['d38e7a401fb763e3303599f758931f9093f5e3664f1e5488e26fd64dc8f8a63a', 'eae72eb454bf6c3977ebd289e970b2f5282949190093d0d26f98d0f0d6a9cf17', '8420dfbe376f414bf4c0a81e6936d24ccc03f304835b86c7a39142fca723a689']",[],1.0,0ffee3ba8e615ad22535e7f771690a28,2b33c1374db4ddf06942f92373c0b54b,http/1.1,,12787.963241,10.0.2.15,58075,95.100.185.157,443,tcp,129.05972199999997,746.0,6630.0,SF,True,False,0,ShADadTTFfRr,24,1726,28,7754,ssl,0
12791.768021,Cq9LmHrazEoUX0C1l,10.0.2.15,58078,54.247.93.215,443,TLSv12,TLS_ECDHE_RSA_WITH_AES_128_GCM_SHA256,,d.adroll.com,True,True,CsiI,,,,0ffee3ba8e615ad22535e7f771690a28,303951d4c50efb2e991652225a6f02b1,,,12791.547328,10.0.2.15,58078,54.247.93.215,443,tcp,60.9267149999996,648.0,845.0,SF,True,False,0,ShADadTFf,13,1181,14,1409,ssl,0
12791.769774,CXCweS2kAjnduoTZDa,10.0.2.15,58077,54.247.93.215,443,TLSv12,TLS_ECDHE_RSA_WITH_AES_128_GCM_SHA256,,d.adroll.com,True,True,CsiI,,,,0ffee3ba8e615ad22535e7f771690a28,303951d4c50efb2e991652225a6f02b1,,,12791.546842,10.0.2.15,58077,54.247.93.215,443,tcp,60.91976500000055,648.0,853.0,SF,True,False,0,ShADadTFf,13,1181,14,1417,ssl,0
12791.770542,CsB9As1aFRDzNXQfml,10.0.2.15,58076,54.247.93.215,443,TLSv12,TLS_ECDHE_RSA_WITH_AES_128_GCM_SHA256,,d.adroll.com,True,True,CsiI,,,,0ffee3ba8e615ad22535e7f771690a28,303951d4c50efb2e991652225a6f02b1,,,12791.545956,10.0.2.15,58076,54.247.93.215,443,tcp,60.92067499999939,648.0,798.0,SF,True,False,0,ShADadTFf,13,1181,14,1362,ssl,0
12791.771127,C9q3qu2qb7rL8BUF4c,10.0.2.15,58080,54.247.93.215,443,TLSv12,TLS_ECDHE_RSA_WITH_AES_128_GCM_SHA256,,d.adroll.com,True,True,CsiI,,,,0ffee3ba8e615ad22535e7f771690a28,303951d4c50efb2e991652225a6f02b1,,,12791.548814,10.0.2.15,58080,54.247.93.215,443,tcp,60.91771100000005,648.0,800.0,SF,True,False,0,ShADadTFf,13,1181,14,1364,ssl,0
12791.771588,CeZypm3CCeS4Md7Xjj,10.0.2.15,58079,54.247.93.215,443,TLSv12,TLS_ECDHE_RSA_WITH_AES_128_GCM_SHA256,,d.adroll.com,True,True,CsiI,,,,0ffee3ba8e615ad22535e7f771690a28,303951d4c50efb2e991652225a6f02b1,,,12791.548015,10.0.2.15,58079,54.247.93.215,443,tcp,60.92596400000002,667.0,665.0,SF,True,False,0,ShADadTFf,13,1200,14,1229,ssl,0
12792.092121,CX2vQT29n9FaF6RwJj,10.0.2.15,58082,217.12.15.83,443,TLSv12,TLS_ECDHE_RSA_WITH_AES_128_GCM_SHA256,secp256r1,ads.yahoo.com,False,True,CsxknGIti,"['aaab982de106f191dd3d06d3f44eada0b8a2b0a6692636e9ff628a677f3eb65c', 'eae72eb454bf6c3977ebd289e970b2f5282949190093d0d26f98d0f0d6a9cf17']",[],1.0,0ffee3ba8e615ad22535e7f771690a28,389ed42c02ebecc32e73aa31def07e14,,,12791.7654,10.0.2.15,58082,217.12.15.83,443,tcp,17.332314999999653,860.0,3938.0,SF,True,False,0,ShADadTfF,11,1309,13,4462,ssl,0
12792.098036,CfNUkt2OlO4J7phyTl,10.0.2.15,58081,217.12.15.83,443,TLSv12,TLS_ECDHE_RSA_WITH_AES_128_GCM_SHA256,secp256r1,ads.yahoo.com,False,True,CsxknGIti,"['aaab982de106f191dd3d06d3f44eada0b8a2b0a6692636e9ff628a677f3eb65c', 'eae72eb454bf6c3977ebd289e970b2f5282949190093d0d26f98d0f0d6a9cf17']",[],1.0,0ffee3ba8e615ad22535e7f771690a28,389ed42c02ebecc32e73aa31def07e14,,,12791.764189,10.0.2.15,58081,217.12.15.83,443,tcp,17.69444199999998,785.0,4181.0,SF,True,False,0,ShADadTfF,12,1274,14,4745,ssl,0
12793.669984,Ct94KC1de6kLfG8kg2,10.0.2.15,58084,104.155.58.192,443,TLSv12,TLS_ECDHE_RSA_WITH_AES_128_GCM_SHA256,secp256r1,x.bidswitch.net,False,True,CsxknGIti,"['6710fb217b2e1c9d2a9394e53e369972943bb04823ae76a38f0ed2d28ac778a4', '02ab57e4e67a0cb48dd2ff34830e8ac40f4476fb08ca6be3f5cd846f646840f0', '4f32d5dc00f715250abcc486511e37f501a899deb3bf7ea8adbbd3aef1c412da', '687fa451382278fff0c8b11f8d43d576671c6eb2bceab413fb83d965d06d2ff2']",[],1.0,0ffee3ba8e615ad22535e7f771690a28,ccc514751b175866924439bdbb5bba34,,,12793.399449,10.0.2.15,58084,104.155.58.192,443,tcp,3.63889299999937,805.0,6445.0,SF,True,False,0,ShADadFf,11,1253,14,7009,ssl,0
12793.672143,CVneW1SPlERacjKs5,10.0.2.15,58083,104.155.58.192,443,TLSv12,TLS_ECDHE_RSA_WITH_AES_128_GCM_SHA256,secp256r1,x.bidswitch.net,False,True,CsxknGIti,"['6710fb217b2e1c9d2a9394e53e369972943bb04823ae76a38f0ed2d28ac778a4', '02ab57e4e67a0cb48dd2ff34830e8ac40f4476fb08ca6be3f5cd846f646840f0', '4f32d5dc00f715250abcc486511e37f501a899deb3bf7ea8adbbd3aef1c412da', '687fa451382278fff0c8b11f8d43d576671c6eb2bceab413fb83d965d06d2ff2']",[],1.0,0ffee3ba8e615ad22535e7f771690a28,ccc514751b175866924439bdbb5bba34,,,12793.398397,10.0.2.15,58083,104.155.58.192,443,tcp,6.437341999999262,349.0,6094.0,SF,True,False,0,ShADadFf,10,757,12,6578,ssl,0
12794.729799,CNDSAK1H2YIU93AyPd,10.0.2.15,58091,173.241.240.143,443,TLSv12,TLS_ECDHE_RSA_WITH_AES_128_GCM_SHA256,secp256r1,us-u.openx.net,False,True,CsxknGIi,"['ab7de06ea7a3de3225f335667d38750434931049f9e9cb0cb4a9caf5df22819c', '074541ecdf88ed992ed5ade3ecddef27a26ba1b44480a195c0a8dadae2521d8e']",[],1.0,0ffee3ba8e615ad22535e7f771690a28,699a80bdb17efe157c861f92c5bf5d1d,,,12794.47296,10.0.2.15,58091,173.241.240.143,443,tcp,3.021526000000449,349.0,3093.0,RSTO,True,False,0,ShADadFR,8,677,8,3417,ssl,0
12794.734478,CGEmU74ikfaDmD9ZGl,10.0.2.15,58090,37.252.172.12,443,TLSv12,TLS_ECDHE_RSA_WITH_AES_256_GCM_SHA384,secp256r1,ib.adnxs.com,False,True,CsxuknGIti,"['5b081650e8034418a37504ce0820892be5a66474578207711eb688243fe1a8f2', '074541ecdf88ed992ed5ade3ecddef27a26ba1b44480a195c0a8dadae2521d8e']",[],1.0,0ffee3ba8e615ad22535e7f771690a28,d53e4608f956df65bb2b8a8c4d3b025d,,,12794.47227,10.0.2.15,58090,37.252.172.12,443,tcp,11.586982999999236,3445.0,7823.0,SF,True,False,0,ShADadfF,13,3973,18,8547,ssl,0
12794.745519,CxASA54TWXFbOCTjh8,10.0.2.15,58086,37.252.172.12,443,TLSv12,TLS_ECDHE_RSA_WITH_AES_256_GCM_SHA384,secp256r1,ib.adnxs.com,False,True,CsxuknGIti,"['5b081650e8034418a37504ce0820892be5a66474578207711eb688243fe1a8f2', '074541ecdf88ed992ed5ade3ecddef27a26ba1b44480a195c0a8dadae2521d8e']",[],1.0,0ffee3ba8e615ad22535e7f771690a28,d53e4608f956df65bb2b8a8c4d3b025d,,,12794.469641,10.0.2.15,58086,37.252.172.12,443,tcp,6.2220219999999244,378.0,4867.0,SF,True,False,0,ShADadFf,10,786,11,5311,ssl,0
12794.73881,CPLhu32GutOBuyC3Wc,10.0.2.15,58088,173.241.240.143,443,TLSv12,TLS_ECDHE_RSA_WITH_AES_128_GCM_SHA256,secp256r1,us-u.openx.net,False,True,CsxknGIi,"['ab7de06ea7a3de3225f335667d38750434931049f9e9cb0cb4a9caf5df22819c', '074541ecdf88ed992ed5ade3ecddef27a26ba1b44480a195c0a8dadae2521d8e']",[],1.0,0ffee3ba8e615ad22535e7f771690a28,699a80bdb17efe157c861f92c5bf5d1d,,,12794.470748,10.0.2.15,58088,173.241.240.143,443,tcp,6.207304999999906,380.0,3124.0,SF,True,False,0,ShADadFfRr,10,788,11,3568,ssl,0
12794.726623,C2keJP11MgTP2f64S7,10.0.2.15,58092,54.152.196.22,443,TLSv12,TLS_ECDHE_RSA_WITH_AES_128_GCM_SHA256,secp256r1,idsync.rlcdn.com,False,True,CsxknGIi,"['7c75ac9ac997d5af7e63eee4070015e373d07d15fa206505a14434fb86a90686', '973a41276ffd01e027a2aad49e34c37846d3e976ff6a620b6712e33832041aa6', '3a2fbe92891e57fe05d57087f48e730f17e5a5f53ef403d618e5b74d7a7e6ecb', 'c3846bf24b9e93ca64274c0ec67c1ecc5e024ffcacd2d74019350e81fe546ae4']",[],1.0,0ffee3ba8e615ad22535e7f771690a28,303951d4c50efb2e991652225a6f02b1,,,12794.473737,10.0.2.15,58092,54.152.196.22,443,tcp,3.10856799999965,351.0,5275.0,RSTO,True,False,0,ShADadFR,9,719,11,5719,ssl,0
12794.741519,CfrHW84TqplrDX7vV6,10.0.2.15,58087,54.152.196.22,443,TLSv12,TLS_ECDHE_RSA_WITH_AES_128_GCM_SHA256,secp256r1,idsync.rlcdn.com,False,True,CsxknGIi,"['7c75ac9ac997d5af7e63eee4070015e373d07d15fa206505a14434fb86a90686', '973a41276ffd01e027a2aad49e34c37846d3e976ff6a620b6712e33832041aa6', '3a2fbe92891e57fe05d57087f48e730f17e5a5f53ef403d618e5b74d7a7e6ecb', 'c3846bf24b9e93ca64274c0ec67c1ecc5e024ffcacd2d74019350e81fe546ae4']",[],1.0,0ffee3ba8e615ad22535e7f771690a28,303951d4c50efb2e991652225a6f02b1,,,12794.470131,10.0.2.15,58087,54.152.196.22,443,tcp,6.295783999999912,382.0,5275.0,SF,True,False,0,ShADadFfRr,11,830,13,5799,ssl,0
12794.736451,C0YzBc2j3U68QrSJpj,10.0.2.15,58089,199.16.156.41,443,TLSv12,TLS_ECDHE_RSA_WITH_AES_128_GCM_SHA256,secp256r1,analytics.twitter.com,False,True,CsxknGIti,"['d73ceb7605c00e14e0bb87516ddc2a48c8ba71d10920ec2c7d6680c42d3cdba0', '19400be5b7a31fb733917700789d2f0a2471c0c9d506c0e504c06c16d7cb17c0']",[],1.0,0ffee3ba8e615ad22535e7f771690a28,8d2a028aa94425f76ced7826b1f39039,h2,,12794.471638,10.0.2.15,58089,199.16.156.41,443,tcp,192.79478799999924,1267.0,4841.0,SF,True,False,0,ShADadFfRr,23,2195,27,5925,ssl,0
12794.75029,CCpaRp2hob9JU2P01g,10.0.2.15,58085,199.16.156.41,443,TLSv12,TLS_ECDHE_RSA_WITH_AES_128_GCM_SHA256,secp256r1,analytics.twitter.com,False,True,CsxknGIti,"['d73ceb7605c00e14e0bb87516ddc2a48c8ba71d10920ec2c7d6680c42d3cdba0', '19400be5b7a31fb733917700789d2f0a2471c0c9d506c0e504c06c16d7cb17c0']",[],1.0,0ffee3ba8e615ad22535e7f771690a28,8d2a028aa94425f76ced7826b1f39039,h2,,12794.46867,10.0.2.15,58085,199.16.156.41,443,tcp,2.390492000000449,596.0,4085.0,RSTR,True,False,0,ShADadRr,12,1084,13,4609,ssl,0
12802.312449,Ch1QcOhZmXLwSLzCb,10.0.2.15,58109,172.217.23.238,443,TLSv12,TLS_ECDHE_RSA_WITH_AES_128_GCM_SHA256,,apis.google.com,True,True,CsiI,,,,1a5fe5677b0e4fbbc854e8908225637d,67619a80665d7ab92d1041b1d11f9164,h2,,12802.201536,10.0.2.15,58109,172.217.23.238,443,tcp,294.69120399999883,1856.0,66217.0,SF,True,False,0,ShADadFf,44,3624,89,69781,ssl,0
12811.777131,C6wy1F2tiQVTWtOZOb,10.0.2.15,58131,52.71.219.68,443,TLSv12,TLS_ECDHE_RSA_WITH_AES_128_GCM_SHA256,secp256r1,logx.optimizely.com,False,True,CsxknGIi,"['121e4a8079d4afed2206030ff5d65362176fc4cf1d6cdc37d83304cf705a5212', '19400be5b7a31fb733917700789d2f0a2471c0c9d506c0e504c06c16d7cb17c0']",[],1.0,0ffee3ba8e615ad22535e7f771690a28,303951d4c50efb2e991652225a6f02b1,,,12810.818119,10.0.2.15,58131,52.71.219.68,443,tcp,128.1987910000007,16885.0,7402.0,RSTO,True,False,0,ShADadTFR,46,18741,47,9286,ssl,0
12811.779233,CUboqc2YmPfLr29fjf,10.0.2.15,58130,52.71.219.68,443,TLSv12,TLS_ECDHE_RSA_WITH_AES_128_GCM_SHA256,secp256r1,logx.optimizely.com,False,True,CsxknGIi,"['121e4a8079d4afed2206030ff5d65362176fc4cf1d6cdc37d83304cf705a5212', '19400be5b7a31fb733917700789d2f0a2471c0c9d506c0e504c06c16d7cb17c0']",[],1.0,0ffee3ba8e615ad22535e7f771690a28,303951d4c50efb2e991652225a6f02b1,,,12810.812121,10.0.2.15,58130,52.71.219.68,443,tcp,7.439825999999812,353.0,3148.0,SF,True,False,0,ShADadFfRr,11,801,12,3632,ssl,0
12811.78029,CHOdOn4zCOLbhADp1,10.0.2.15,58129,50.19.81.3,443,TLSv12,TLS_ECDHE_RSA_WITH_AES_128_GCM_SHA256,secp256r1,2806630101.log.optimizely.com,False,True,CsxknGIi,"['720a04382d93aa8932b95cc755b9fbaab1b6a01d85399736cf4d5a4607e41172', '19400be5b7a31fb733917700789d2f0a2471c0c9d506c0e504c06c16d7cb17c0', '7431e5f4c3c1ce4690774f0b61e05440883ba9a01ed00ba6abd7806ed3b118cf']",[],1.0,0ffee3ba8e615ad22535e7f771690a28,303951d4c50efb2e991652225a6f02b1,,,12810.804359,10.0.2.15,58129,50.19.81.3,443,tcp,10.734152999999424,1826.0,5223.0,RSTR,True,False,0,ShADadRr,13,2354,14,5787,ssl,0
12811.783721,CtrVqG1jpS7ny7e2B3,10.0.2.15,58128,50.19.81.3,443,TLSv12,TLS_ECDHE_RSA_WITH_AES_128_GCM_SHA256,secp256r1,2806630101.log.optimizely.com,False,True,CsxknGIi,"['720a04382d93aa8932b95cc755b9fbaab1b6a01d85399736cf4d5a4607e41172', '19400be5b7a31fb733917700789d2f0a2471c0c9d506c0e504c06c16d7cb17c0', '7431e5f4c3c1ce4690774f0b61e05440883ba9a01ed00ba6abd7806ed3b118cf']",[],1.0,0ffee3ba8e615ad22535e7f771690a28,303951d4c50efb2e991652225a6f02b1,,,12810.791446,10.0.2.15,58128,50.19.81.3,443,tcp,7.075780000001032,363.0,4105.0,SF,True,False,0,ShADadFfRr,11,811,12,4589,ssl,0
12812.707311,CeuO1m4CqaiWtUuwp9,10.0.2.15,58140,52.71.219.68,443,TLSv12,TLS_ECDHE_RSA_WITH_AES_128_GCM_SHA256,secp256r1,logx.optimizely.com,False,True,CsxknGIi,"['121e4a8079d4afed2206030ff5d65362176fc4cf1d6cdc37d83304cf705a5212', '19400be5b7a31fb733917700789d2f0a2471c0c9d506c0e504c06c16d7cb17c0']",[],1.0,0ffee3ba8e615ad22535e7f771690a28,303951d4c50efb2e991652225a6f02b1,,,12812.272528,10.0.2.15,58140,52.71.219.68,443,tcp,7.826052000000345,353.0,3148.0,SF,True,False,0,ShADadFRfr,11,801,13,3672,ssl,0
12817.42171,C9WrFp3sQBWlNiJeDj,10.0.2.15,58147,23.111.9.32,443,TLSv12,TLS_ECDHE_RSA_WITH_AES_128_GCM_SHA256,secp256r1,script.hotjar.com,False,True,CsxknGIti,"['87cc3355bb40b2a7f5b8082522c42478d0405f3193cd54900cd2a7da8bc828f7', 'b9f2164323638dce0b92218b43c41c1b2b2696389329db19f5cf7ad49b5cb372', '1a5174980a294a528a110726d5855650266c48d9883bea692b67b6d726da98c5']",[],1.0,0ffee3ba8e615ad22535e7f771690a28,b898351eb5e266aefd3723d466935494,h2,,12815.912838,10.0.2.15,58147,23.111.9.32,443,tcp,76.04293700000017,645.0,5130.0,SF,True,False,0,ShADadfF,14,1213,19,5894,ssl,0
12817.422124,CjokaJ1Hsdemla8Pzb,10.0.2.15,58146,94.31.29.64,443,TLSv12,TLS_ECDHE_RSA_WITH_AES_128_GCM_SHA256,secp256r1,vars.hotjar.com,False,True,CsxknGIti,"['87cc3355bb40b2a7f5b8082522c42478d0405f3193cd54900cd2a7da8bc828f7', 'b9f2164323638dce0b92218b43c41c1b2b2696389329db19f5cf7ad49b5cb372', '1a5174980a294a528a110726d5855650266c48d9883bea692b67b6d726da98c5']",[],1.0,0ffee3ba8e615ad22535e7f771690a28,b898351eb5e266aefd3723d466935494,h2,,12815.909948,10.0.2.15,58146,94.31.29.64,443,tcp,27.334475999999995,597.0,5084.0,SF,True,False,0,ShADadfF,12,1085,18,5808,ssl,0
12822.979512,CepTG13NQx2dQsU0F7,10.0.2.15,58155,130.211.29.114,443,TLSv12,TLS_ECDHE_RSA_WITH_AES_128_GCM_SHA256,x25519,cdn.perfdrive.com,False,True,CsxknGIti,"['0c28d15b4dbe135a5d5255de36f607a3e464a0c637ddf53982f77679d318cf59', '973a41276ffd01e027a2aad49e34c37846d3e976ff6a620b6712e33832041aa6', '3a2fbe92891e57fe05d57087f48e730f17e5a5f53ef403d618e5b74d7a7e6ecb', 'c3846bf24b9e93ca64274c0ec67c1ecc5e024ffcacd2d74019350e81fe546ae4']",[],1.0,0ffee3ba8e615ad22535e7f771690a28,ab41313cfec25328b20865eb1388e0a2,h2,,12822.56162,10.0.2.15,58155,130.211.29.114,443,tcp,6.7220369999995455,832.0,5720.0,SF,True,False,0,ShADadFf,15,1440,17,6404,ssl,0
12822.98577,CYLvgE4zhWjm6Cmw69,10.0.2.15,58154,130.211.29.114,443,TLSv12,TLS_ECDHE_RSA_WITH_AES_128_GCM_SHA256,x25519,cdn.perfdrive.com,False,True,CsxknGIti,"['0c28d15b4dbe135a5d5255de36f607a3e464a0c637ddf53982f77679d318cf59', '973a41276ffd01e027a2aad49e34c37846d3e976ff6a620b6712e33832041aa6', '3a2fbe92891e57fe05d57087f48e730f17e5a5f53ef403d618e5b74d7a7e6ecb', 'c3846bf24b9e93ca64274c0ec67c1ecc5e024ffcacd2d74019350e81fe546ae4']",[],1.0,0ffee3ba8e615ad22535e7f771690a28,ab41313cfec25328b20865eb1388e0a2,h2,,12822.548313,10.0.2.15,58154,130.211.29.114,443,tcp,194.46610000000143,735.0,5715.0,SF,True,False,0,ShADadFf,19,1503,21,6559,ssl,0
12822.987823,Cj0q3tH7tUk8mGgi8,10.0.2.15,58153,104.16.205.165,443,TLSv12,TLS_ECDHE_ECDSA_WITH_AES_128_GCM_SHA256,secp256r1,cdn.onesignal.com,False,True,CsxuknGIti,"['b0ad6221b59460c2adbe8239f30a9330216428febc77fde6fbfef1529e8b6b5c', 'cd6c108a0e641f2ca122aaa6d03f826759cae7c6f800eabf76dc48b67cd083ce', '9573862ac0b4b125168810ea3fd101ae2eb0bb15f61fc0e6da7a2a38b85a89e8']",[],1.0,0ffee3ba8e615ad22535e7f771690a28,7d3eb4120cd50e889bcd3f3783be0f82,h2,,12822.547007,10.0.2.15,58153,104.16.205.165,443,tcp,199.6605870000003,1073.0,4658.0,SF,True,False,0,ShADadFf,21,1921,23,5582,ssl,0
12824.035935,CHZfJj3RwAAwEzYiC,10.0.2.15,58161,23.74.179.197,443,TLSv12,TLS_ECDHE_ECDSA_WITH_AES_256_GCM_SHA384,,img.purch.com,True,True,CsiI,,,,1a5fe5677b0e4fbbc854e8908225637d,4560a2cba28d0d5a9c9208d56ff6b439,h2,,12823.444632,10.0.2.15,58161,23.74.179.197,443,tcp,204.985874,3717.0,205659.0,SF,True,False,0,ShADadFfRr,81,6965,213,214183,ssl,0
12829.974216,CGFb0i2oOdTm2rwQoa,10.0.2.15,58164,50.19.81.3,443,TLSv12,TLS_ECDHE_RSA_WITH_AES_128_GCM_SHA256,,2806630101.log.optimizely.com,True,True,CsiI,,,,0ffee3ba8e615ad22535e7f771690a28,303951d4c50efb2e991652225a6f02b1,,,12829.28228,10.0.2.15,58164,50.19.81.3,443,tcp,19.908800000001065,1851.0,1025.0,RSTO,True,False,0,ShADadTR,11,2300,10,1429,ssl,0
12829.977667,CbPysk4wEXmUpQvhMd,10.0.2.15,58163,50.19.81.3,443,TLSv12,TLS_ECDHE_RSA_WITH_AES_128_GCM_SHA256,,2806630101.log.optimizely.com,True,True,CsiI,,,,0ffee3ba8e615ad22535e7f771690a28,303951d4c50efb2e991652225a6f02b1,,,12829.28087,10.0.2.15,58163,50.19.81.3,443,tcp,104.1117689999992,1821.0,1057.0,SF,True,False,0,ShADadTTFf,21,2679,21,1901,ssl,0
12830.650528,CgKGdh1IuHDZOD8zD4,10.0.2.15,58167,50.19.81.3,443,TLSv12,TLS_ECDHE_RSA_WITH_AES_128_GCM_SHA256,,2806630101.log.optimizely.com,True,True,CsiI,,,,0ffee3ba8e615ad22535e7f771690a28,303951d4c50efb2e991652225a6f02b1,,,12830.074564,10.0.2.15,58167,50.19.81.3,443,tcp,8.629783999998835,320.0,176.0,SF,True,False,0,ShADadFfRr,9,688,9,540,ssl,0
12830.651515,CDiSF724RPwAq0l24c,10.0.2.15,58166,50.19.81.3,443,TLSv12,TLS_ECDHE_RSA_WITH_AES_128_GCM_SHA256,,2806630101.log.optimizely.com,True,True,CsiI,,,,0ffee3ba8e615ad22535e7f771690a28,303951d4c50efb2e991652225a6f02b1,,,12830.07403,10.0.2.15,58166,50.19.81.3,443,tcp,8.590580000000045,320.0,176.0,SF,True,False,0,ShADadFfRr,9,688,9,540,ssl,0
12831.096416,CKLIxJ1fs1Udxprk93,10.0.2.15,58169,172.217.23.227,443,TLSv12,TLS_ECDHE_ECDSA_WITH_AES_128_GCM_SHA256,,www.gstatic.com,True,True,CsiI,,,,1a5fe5677b0e4fbbc854e8908225637d,c23237dbea656869600e48dfbd00ab7b,h2,,12830.662953,10.0.2.15,58169,172.217.23.227,443,tcp,190.4763640000001,984.0,430.0,SF,True,False,0,ShADadFf,17,1672,18,1154,ssl,0
12833.674821,CacH5C4fVukMtpohpc,10.0.2.15,58177,104.16.207.165,443,TLSv12,TLS_ECDHE_ECDSA_WITH_AES_128_GCM_SHA256,secp256r1,tomshardware.onesignal.com,False,True,CsxuknGIti,"['b0ad6221b59460c2adbe8239f30a9330216428febc77fde6fbfef1529e8b6b5c', 'cd6c108a0e641f2ca122aaa6d03f826759cae7c6f800eabf76dc48b67cd083ce', '9573862ac0b4b125168810ea3fd101ae2eb0bb15f61fc0e6da7a2a38b85a89e8']",[],1.0,0ffee3ba8e615ad22535e7f771690a28,7d3eb4120cd50e889bcd3f3783be0f82,h2,,12832.787625,10.0.2.15,58177,104.16.207.165,443,tcp,4.209332999998878,540.0,3875.0,RSTO,True,False,0,ShADadFR,11,988,11,4319,ssl,0
12839.537951,CaZdCC1d7u8Qc3u88c,10.0.2.15,58179,95.101.241.136,443,TLSv12,TLS_ECDHE_RSA_WITH_AES_256_GCM_SHA384,secp256r1,cdn.optimizely.com,False,True,CsxuknGIti,"['66f2989ea8d8daad5f7510b047626245f8d89d5a9ad6afec0c9dec62f0de05e9', 'eae72eb454bf6c3977ebd289e970b2f5282949190093d0d26f98d0f0d6a9cf17', '8420dfbe376f414bf4c0a81e6936d24ccc03f304835b86c7a39142fca723a689']",[],1.0,0ffee3ba8e615ad22535e7f771690a28,9a31479427499ded4d3656a260298ec7,h2,,12837.005885,10.0.2.15,58179,95.101.241.136,443,tcp,220.23730599999908,1193.0,256481.0,SF,True,False,0,ShADadFfRr,83,4521,246,266325,ssl,0
12839.539089,C1naMz4sDRQO5a7pb1,10.0.2.15,58181,216.58.214.238,443,TLSv12,TLS_ECDHE_ECDSA_WITH_AES_128_GCM_SHA256,x25519,play.google.com,False,True,CsxknGIti,"['11ddd329046367c19b32ffdb02ed308de129de4d6ffcf95856d7bd6a7accfba9', '9f630426df1d8abfd80ace98871ba833ab9742cb34838de2b5285ed54c0c7dcc', '3c35cc963eb004451323d3275d05b353235053490d9cd83729a2faf5e7ca1cc0']",[],1.0,0ffee3ba8e615ad22535e7f771690a28,84480cf8cf0e732666092640e581e1a5,h2,,12838.166276,10.0.2.15,58181,216.58.214.238,443,tcp,11.024894000000131,316.0,4383.0,SF,True,False,0,ShADadFf,10,724,11,4827,ssl,0
12839.540975,CX9uBq4Xy2sflHVEUe,10.0.2.15,58178,95.101.241.136,443,TLSv12,TLS_ECDHE_RSA_WITH_AES_256_GCM_SHA384,secp256r1,cdn.optimizely.com,False,True,CsxuknGIti,"['66f2989ea8d8daad5f7510b047626245f8d89d5a9ad6afec0c9dec62f0de05e9', 'eae72eb454bf6c3977ebd289e970b2f5282949190093d0d26f98d0f0d6a9cf17', '8420dfbe376f414bf4c0a81e6936d24ccc03f304835b86c7a39142fca723a689']",[],1.0,0ffee3ba8e615ad22535e7f771690a28,9a31479427499ded4d3656a260298ec7,h2,,12837.003205,10.0.2.15,58178,95.101.241.136,443,tcp,7.308448999998291,593.0,6568.0,SF,True,False,0,ShADadFfRr,14,1161,19,7332,ssl,0
12839.826702,CQjb5JkN2CHJJg283,10.0.2.15,58185,194.126.157.22,443,TLSv10,TLS_DHE_RSA_WITH_AES_128_CBC_SHA,,w.estat.com,False,True,CsxknGIi,"['e7fadbee20bd6dc93a3563e8ec2b6675d22cb42a2d75d58184788cf611178800', '9f2511a23e70d95fb62798508a676cc38964100936a6e6d3cae77154c0290f02']",[],1.0,0ffee3ba8e615ad22535e7f771690a28,34a3cbf0d6e16910d886d4e2678bc475,,,12838.630068,10.0.2.15,58185,194.126.157.22,443,tcp,10.827288999998927,732.0,3680.0,SF,True,False,0,ShADadfF,10,1140,14,4244,ssl,0
12857.219028,CwiHxCKuosS7uF3R4,10.0.2.15,58213,98.158.196.68,443,TLSv12,TLS_ECDHE_RSA_WITH_AES_256_GCM_SHA384,secp256r1,www.nolo.com,False,True,CsxknGIi,"['1187cdf715d0c6fe2191ae69ffbd93ff449371135585fdc43a30d284e6a7b73d', '111006378afbe8e99bb02ba87390ca429fca2773f74d7f7eb5744f5ddf68014b', '4f32d5dc00f715250abcc486511e37f501a899deb3bf7ea8adbbd3aef1c412da']",[],1.0,0ffee3ba8e615ad22535e7f771690a28,28ef90cc3d9d08c96a8a2cb6f365a79e,,,12856.395171,10.0.2.15,58213,98.158.196.68,443,tcp,144.2482540000001,10783.0,155140.0,SF,True,False,0,ShADadTTFf,75,13803,164,161704,ssl,0
12864.694005,CP5y6x4ePDq9cPmbI4,10.0.2.15,58231,108.161.188.192,443,TLSv12,TLS_ECDHE_RSA_WITH_AES_128_GCM_SHA256,secp256r1,static.hotjar.com,False,True,CsxknGIti,"['87cc3355bb40b2a7f5b8082522c42478d0405f3193cd54900cd2a7da8bc828f7', 'b9f2164323638dce0b92218b43c41c1b2b2696389329db19f5cf7ad49b5cb372', '1a5174980a294a528a110726d5855650266c48d9883bea692b67b6d726da98c5']",[],1.0,0ffee3ba8e615ad22535e7f771690a28,b898351eb5e266aefd3723d466935494,h2,,12864.531955,10.0.2.15,58231,108.161.188.192,443,tcp,4.232794999999896,827.0,6331.0,SF,True,False,0,ShADadFf,15,1435,18,7055,ssl,0
12864.695694,CK39RY3MPwLFftX6L9,10.0.2.15,58226,98.158.196.68,443,TLSv12,TLS_ECDHE_RSA_WITH_AES_256_GCM_SHA384,,www.nolo.com,True,True,CsiI,,,,0ffee3ba8e615ad22535e7f771690a28,28ef90cc3d9d08c96a8a2cb6f365a79e,,,12864.49169,10.0.2.15,58226,98.158.196.68,443,tcp,124.64294199999858,2743.0,867.0,SF,True,False,0,ShADadTTFf,23,3683,23,1791,ssl,0
12864.695168,ClSeYK3ligWp0wv4j8,10.0.2.15,58230,108.161.188.192,443,TLSv12,TLS_ECDHE_RSA_WITH_AES_128_GCM_SHA256,secp256r1,static.hotjar.com,False,True,CsxknGIti,"['87cc3355bb40b2a7f5b8082522c42478d0405f3193cd54900cd2a7da8bc828f7', 'b9f2164323638dce0b92218b43c41c1b2b2696389329db19f5cf7ad49b5cb372', '1a5174980a294a528a110726d5855650266c48d9883bea692b67b6d726da98c5']",[],1.0,0ffee3ba8e615ad22535e7f771690a28,b898351eb5e266aefd3723d466935494,h2,,12864.518516,10.0.2.15,58230,108.161.188.192,443,tcp,192.9848550000006,768.0,5145.0,SF,True,False,0,ShADadFf,19,1536,21,5989,ssl,0
12865.208444,CNXDZDSxFbUlfXqS3,10.0.2.15,58232,98.158.196.68,443,TLSv12,TLS_ECDHE_RSA_WITH_AES_256_GCM_SHA384,,www.nolo.com,True,True,CsiI,,,,0ffee3ba8e615ad22535e7f771690a28,28ef90cc3d9d08c96a8a2cb6f365a79e,,,12864.533387,10.0.2.15,58232,98.158.196.68,443,tcp,136.10995300000104,5498.0,32495.0,SF,True,False,0,ShADadTTFf,35,6918,54,34659,ssl,0
12865.227201,CJUN0R3hw8QhSFbXp8,10.0.2.15,58228,98.158.196.68,443,TLSv12,TLS_ECDHE_RSA_WITH_AES_256_GCM_SHA384,,www.nolo.com,True,True,CsiI,,,,0ffee3ba8e615ad22535e7f771690a28,28ef90cc3d9d08c96a8a2cb6f365a79e,,,12864.503377,10.0.2.15,58228,98.158.196.68,443,tcp,136.12922700000126,5473.0,161475.0,SF,True,False,0,ShADadTTFf,80,8693,178,168599,ssl,0
12865.232741,CvkcUh4bo4zhp0hlBk,10.0.2.15,58227,98.158.196.68,443,TLSv12,TLS_ECDHE_RSA_WITH_AES_256_GCM_SHA384,,www.nolo.com,True,True,CsiI,,,,0ffee3ba8e615ad22535e7f771690a28,28ef90cc3d9d08c96a8a2cb6f365a79e,,,12864.495547,10.0.2.15,58227,98.158.196.68,443,tcp,9.038350999999238,303.0,147.0,SF,True,False,0,ShADadFf,8,631,8,471,ssl,0
12865.223117,CimBhp1kRJZjZPHbwj,10.0.2.15,58229,98.158.196.68,443,TLSv12,TLS_ECDHE_RSA_WITH_AES_256_GCM_SHA384,,www.nolo.com,True,True,CsiI,,,,0ffee3ba8e615ad22535e7f771690a28,28ef90cc3d9d08c96a8a2cb6f365a79e,,,12864.50859,10.0.2.15,58229,98.158.196.68,443,tcp,124.6411939999998,2724.0,1060.0,SF,True,False,0,ShADadTTFf,24,3704,23,1984,ssl,0
12873.426439,CCpFhDRPXoaYKgILg,10.0.2.15,58240,94.31.29.64,443,TLSv12,TLS_ECDHE_RSA_WITH_AES_128_GCM_SHA256,secp256r1,vars.hotjar.com,False,True,CsxknGIti,"['87cc3355bb40b2a7f5b8082522c42478d0405f3193cd54900cd2a7da8bc828f7', 'b9f2164323638dce0b92218b43c41c1b2b2696389329db19f5cf7ad49b5cb372', '1a5174980a294a528a110726d5855650266c48d9883bea692b67b6d726da98c5']",[],1.0,1a5fe5677b0e4fbbc854e8908225637d,b898351eb5e266aefd3723d466935494,h2,,12873.37973,10.0.2.15,58240,94.31.29.64,443,tcp,94.44880600000032,936.0,5130.0,SF,True,False,0,ShADadfF,14,1504,19,5894,ssl,0
12873.648795,CqBQ7A1pHG53sdM2i,10.0.2.15,58239,98.158.193.199,443,TLSv12,TLS_ECDHE_RSA_WITH_AES_256_GCM_SHA384,secp256r1,pxlssl.ibpxl.com,False,True,CsxknGIi,"['fffdc376ac114fbe4a500738f63e13f69fefc847f597ed3e1fdd111055eecbd1', '111006378afbe8e99bb02ba87390ca429fca2773f74d7f7eb5744f5ddf68014b', '4f32d5dc00f715250abcc486511e37f501a899deb3bf7ea8adbbd3aef1c412da']",[],1.0,0ffee3ba8e615ad22535e7f771690a28,28ef90cc3d9d08c96a8a2cb6f365a79e,,,12873.376728,10.0.2.15,58239,98.158.193.199,443,tcp,7.377913000000262,655.0,6859.0,SF,True,False,0,ShADadFf,13,1183,17,7543,ssl,0
12873.65117,CjfUEc3PKOTW5kGgU,10.0.2.15,58238,98.158.193.199,443,TLSv12,TLS_ECDHE_RSA_WITH_AES_256_GCM_SHA384,secp256r1,pxlssl.ibpxl.com,False,True,CsxknGIi,"['fffdc376ac114fbe4a500738f63e13f69fefc847f597ed3e1fdd111055eecbd1', '111006378afbe8e99bb02ba87390ca429fca2773f74d7f7eb5744f5ddf68014b', '4f32d5dc00f715250abcc486511e37f501a899deb3bf7ea8adbbd3aef1c412da']",[],1.0,0ffee3ba8e615ad22535e7f771690a28,28ef90cc3d9d08c96a8a2cb6f365a79e,,,12873.374653,10.0.2.15,58238,98.158.193.199,443,tcp,7.049938999998631,350.0,4960.0,SF,True,False,0,ShADadFf,11,798,12,5444,ssl,0
12879.439667,C7xiMX2iiDbsZCoADa,10.0.2.15,58246,216.137.61.132,443,TLSv12,TLS_ECDHE_RSA_WITH_AES_128_GCM_SHA256,,dnn506yrbagrg.cloudfront.net,True,True,CsiI,,,,1a5fe5677b0e4fbbc854e8908225637d,d199ba0af2b08e204c73d6d81a1fd260,http/1.1,,12876.708459,10.0.2.15,58246,216.137.61.132,443,tcp,123.75371600000108,905.0,695.0,SF,True,False,0,ShADadTTfF,20,1724,20,1499,ssl,0
12879.868507,Cwm4X43n0asakxHtq,10.0.2.15,58247,216.137.61.132,443,TLSv12,TLS_ECDHE_RSA_WITH_AES_128_GCM_SHA256,,dnn506yrbagrg.cloudfront.net,True,True,CsiI,,,,1a5fe5677b0e4fbbc854e8908225637d,d199ba0af2b08e204c73d6d81a1fd260,http/1.1,,12878.217068,10.0.2.15,58247,216.137.61.132,443,tcp,9.925255000000108,599.0,156.0,SF,True,False,0,ShADadFf,8,927,7,440,ssl,0
12884.92507,CAJ3LEyTVhEMgAtE7,10.0.2.15,58250,151.101.112.249,443,TLSv12,TLS_ECDHE_RSA_WITH_AES_128_GCM_SHA256,secp256r1,tag.perfectaudience.com,False,True,CsxuknGIti,"['ca5c57bee6ab21c055dcdbe8ad25feef6d1764a92e2aaaadb5d55fb667c3f8ac', '19400be5b7a31fb733917700789d2f0a2471c0c9d506c0e504c06c16d7cb17c0']",[],1.0,0ffee3ba8e615ad22535e7f771690a28,860fcf58fd757e26aa8911e5eaff6b53,http/1.1,,12884.238685,10.0.2.15,58250,151.101.112.249,443,tcp,125.77781200000028,689.0,10009.0,RSTO,True,False,0,ShADadTTFR,24,1669,29,11173,ssl,0
12886.341466,CENt6y1ZEtf1RVDPo9,10.0.2.15,58256,52.17.154.113,443,TLSv12,TLS_ECDHE_RSA_WITH_AES_128_GCM_SHA256,secp256r1,insights.hotjar.com,False,True,CsxknGIi,"['87cc3355bb40b2a7f5b8082522c42478d0405f3193cd54900cd2a7da8bc828f7', 'b9f2164323638dce0b92218b43c41c1b2b2696389329db19f5cf7ad49b5cb372', '1a5174980a294a528a110726d5855650266c48d9883bea692b67b6d726da98c5']",[],1.0,0ffee3ba8e615ad22535e7f771690a28,303951d4c50efb2e991652225a6f02b1,,,12884.247733,10.0.2.15,58256,52.17.154.113,443,tcp,4.868089999999938,322.0,4739.0,RSTO,True,False,0,ShADadFR,9,690,10,5143,ssl,0
12886.314327,C4sd4n14Z5jSrB3Cl8,10.0.2.15,58251,54.231.120.202,443,TLSv12,TLS_ECDHE_RSA_WITH_AES_128_GCM_SHA256,secp256r1,s3.amazonaws.com,False,True,CsxknGIi,"['6be2c04e442c0aa126e2e374c248fc093077df1a3810867decdfea113add4357', 'f9690880819f06cdcc0b2f224b207f2af6003fb57339b8679a160fa95208d62d']",[],1.0,0ffee3ba8e615ad22535e7f771690a28,ea615e28cb25adfb2f261151eab3314f,,,12884.239521,10.0.2.15,58251,54.231.120.202,443,tcp,4.666651999999885,660.0,39754.0,RSTO,True,False,0,ShADadFR,20,1468,44,41518,ssl,0
12889.400203,CmUI7VENEIIpmzY72,10.0.2.15,58262,216.58.214.238,443,TLSv12,TLS_ECDHE_ECDSA_WITH_AES_128_GCM_SHA256,,play.google.com,True,True,CsiI,,,,1a5fe5677b0e4fbbc854e8908225637d,c23237dbea656869600e48dfbd00ab7b,h2,,12889.188615,10.0.2.15,58262,216.58.214.238,443,tcp,207.03690300000017,984.0,430.0,SF,True,False,0,ShADadFf,17,1672,18,1154,ssl,0
12889.401028,CnkrVP2tYtXqUl3wg9,10.0.2.15,58261,216.58.214.238,443,TLSv12,TLS_ECDHE_ECDSA_WITH_AES_128_GCM_SHA256,,play.google.com,True,True,CsiI,,,,1a5fe5677b0e4fbbc854e8908225637d,c23237dbea656869600e48dfbd00ab7b,h2,,12889.187521,10.0.2.15,58261,216.58.214.238,443,tcp,0.8894789999994821,808.0,292.0,SF,True,False,0,ShADadFf,10,1216,11,736,ssl,0
12891.48613,Ccyguc1NmPSpSsWJUd,10.0.2.15,58265,46.137.163.71,443,TLSv12,TLS_ECDHE_RSA_WITH_AES_128_GCM_SHA256,secp256r1,pixel-geo.prfct.co,False,True,CsxknGIi,"['7896a8d26fa4d16b5ee3e818233f443ca5895bdba242435ad3b8ecd0eba68201', '154c433c491929c5ef686e838e323664a00e6a0d822ccc958fb4dab03e49a08f']",[],1.0,0ffee3ba8e615ad22535e7f771690a28,303951d4c50efb2e991652225a6f02b1,,,12891.052,10.0.2.15,58265,46.137.163.71,443,tcp,64.23178100000041,1446.0,4038.0,SF,True,False,0,ShADadTFf,18,2180,20,4842,ssl,0
12891.487609,ChaOGY2HGQU02ku6W1,10.0.2.15,58264,46.137.163.71,443,TLSv12,TLS_ECDHE_RSA_WITH_AES_128_GCM_SHA256,secp256r1,pixel-geo.prfct.co,False,True,CsxknGIi,"['7896a8d26fa4d16b5ee3e818233f443ca5895bdba242435ad3b8ecd0eba68201', '154c433c491929c5ef686e838e323664a00e6a0d822ccc958fb4dab03e49a08f']",[],1.0,0ffee3ba8e615ad22535e7f771690a28,303951d4c50efb2e991652225a6f02b1,,,12891.051422,10.0.2.15,58264,46.137.163.71,443,tcp,6.780673999999635,352.0,3062.0,RSTO,True,False,0,ShADadFR,9,720,10,3466,ssl,0
12888.787877,Cii4jk1bNjymsQpILh,10.0.2.15,58258,216.58.214.238,443,TLSv12,TLS_ECDHE_ECDSA_WITH_AES_128_GCM_SHA256,,play.google.com,True,False,Csi,,,,1a5fe5677b0e4fbbc854e8908225637d,c23237dbea656869600e48dfbd00ab7b,h2,,12888.154859,10.0.2.15,58258,216.58.214.238,443,tcp,0.9111510000002452,517.0,156.0,RSTO,True,False,0,ShADadR,5,725,3,280,ssl,0
12888.787355,Cvowhc19V7mWMk2mDi,10.0.2.15,58257,216.58.214.238,443,TLSv12,TLS_ECDHE_ECDSA_WITH_AES_128_GCM_SHA256,,play.google.com,True,False,Csi,,,,1a5fe5677b0e4fbbc854e8908225637d,c23237dbea656869600e48dfbd00ab7b,h2,,12888.149243,10.0.2.15,58257,216.58.214.238,443,tcp,0.918369000000893,517.0,156.0,RSTO,True,False,0,ShADadR,5,725,3,280,ssl,0
12894.453213,CqauZR3Rfygdcqs9t2,10.0.2.15,58273,37.252.172.42,443,TLSv12,TLS_ECDHE_RSA_WITH_AES_256_GCM_SHA384,,secure.adnxs.com,True,True,CsiI,,,,1a5fe5677b0e4fbbc854e8908225637d,266bd998df907f9d5064d7f4c208b200,,,12894.364253,10.0.2.15,58273,37.252.172.42,443,tcp,10.793305000001055,3596.0,3097.0,SF,True,False,0,ShADadfF,10,4004,13,3621,ssl,0
12895.90812,CDSQJr4pDen6J9zRD8,10.0.2.15,58278,54.192.93.125,443,TLSv12,TLS_ECDHE_RSA_WITH_AES_128_GCM_SHA256,secp256r1,apps.bazaarvoice.com,False,True,CsxuknGIti,"['01ce1b14bb04a0366855bb5351fb861f35255be74145b91bbb0f70fbb1d1df03', '154c433c491929c5ef686e838e323664a00e6a0d822ccc958fb4dab03e49a08f']",[],1.0,0ffee3ba8e615ad22535e7f771690a28,76cc3e2d3028143b23ec18e27dbd7ca9,h2,,12895.422011,10.0.2.15,58278,54.192.93.125,443,tcp,201.0020229999991,949.0,10913.0,SF,True,False,0,ShADadFf,23,1877,29,12077,ssl,0
12898.070421,Ch0fAv1meA7cDrWt4h,10.0.2.15,58281,54.192.93.125,443,TLSv12,TLS_ECDHE_RSA_WITH_AES_128_GCM_SHA256,secp256r1,apps.bazaarvoice.com,False,True,CsxuknGIti,"['01ce1b14bb04a0366855bb5351fb861f35255be74145b91bbb0f70fbb1d1df03', '154c433c491929c5ef686e838e323664a00e6a0d822ccc958fb4dab03e49a08f']",[],1.0,0ffee3ba8e615ad22535e7f771690a28,76cc3e2d3028143b23ec18e27dbd7ca9,h2,,12897.757347,10.0.2.15,58281,54.192.93.125,443,tcp,3.8242539999992,563.0,3771.0,SF,True,False,0,ShADadFf,12,1051,15,4375,ssl,0
12902.581137,CJ1nwj3pNQaoQu08Z6,10.0.2.15,58282,95.100.180.207,443,TLSv12,TLS_ECDHE_RSA_WITH_AES_256_GCM_SHA384,secp256r1,a6529002483.cdn.optimizely.com,False,True,CsxknGIti,"['16a508bc257ba034427b5d3ecb4156b50b9c44f07a68e5d5c26d4c1e192c49d5', '074541ecdf88ed992ed5ade3ecddef27a26ba1b44480a195c0a8dadae2521d8e']",[],1.0,0ffee3ba8e615ad22535e7f771690a28,2b33c1374db4ddf06942f92373c0b54b,http/1.1,,12902.067681,10.0.2.15,58282,95.100.180.207,443,tcp,123.30526399999872,866.0,4530.0,SF,True,False,0,ShADadTTFfRr,25,1886,27,5614,ssl,0
12902.782005,CXlePw3cFlkWfCvtSb,10.0.2.15,58286,52.54.74.39,443,TLSv12,TLS_ECDHE_RSA_WITH_AES_128_GCM_SHA256,secp256r1,logx.optimizely.com,False,True,CsxknGIi,"['121e4a8079d4afed2206030ff5d65362176fc4cf1d6cdc37d83304cf705a5212', '19400be5b7a31fb733917700789d2f0a2471c0c9d506c0e504c06c16d7cb17c0']",[],1.0,0ffee3ba8e615ad22535e7f771690a28,303951d4c50efb2e991652225a6f02b1,,,12902.083981,10.0.2.15,58286,52.54.74.39,443,tcp,49.038871000000654,17446.0,5989.0,SF,True,False,0,ShADadTFfRr,34,18816,37,7473,ssl,0
12902.791677,CVndhTM5G5egS18q,10.0.2.15,58289,52.54.74.39,443,TLSv12,TLS_ECDHE_RSA_WITH_AES_128_GCM_SHA256,secp256r1,logx.optimizely.com,False,True,CsxknGIi,"['121e4a8079d4afed2206030ff5d65362176fc4cf1d6cdc37d83304cf705a5212', '19400be5b7a31fb733917700789d2f0a2471c0c9d506c0e504c06c16d7cb17c0']",[],1.0,0ffee3ba8e615ad22535e7f771690a28,303951d4c50efb2e991652225a6f02b1,,,12902.0859,10.0.2.15,58289,52.54.74.39,443,tcp,36.880826000000525,8776.0,3763.0,RSTO,True,False,0,ShADadTFR,20,9586,21,4607,ssl,0
12902.787878,CBlKUvmaPKYS2prPd,10.0.2.15,58285,95.100.180.207,443,TLSv12,TLS_ECDHE_RSA_WITH_AES_256_GCM_SHA384,secp256r1,a6529002483.cdn.optimizely.com,False,True,CsxknGIti,"['16a508bc257ba034427b5d3ecb4156b50b9c44f07a68e5d5c26d4c1e192c49d5', '074541ecdf88ed992ed5ade3ecddef27a26ba1b44480a195c0a8dadae2521d8e']",[],1.0,0ffee3ba8e615ad22535e7f771690a28,2b33c1374db4ddf06942f92373c0b54b,http/1.1,,12902.072762,10.0.2.15,58285,95.100.180.207,443,tcp,7.274516999999832,364.0,3391.0,SF,True,False,0,ShADadFfRr,11,812,12,3875,ssl,0
12902.784378,Cuv04M2Y9BQ9YUQOP,10.0.2.15,58288,52.54.74.39,443,TLSv12,TLS_ECDHE_RSA_WITH_AES_128_GCM_SHA256,secp256r1,logx.optimizely.com,False,True,CsxknGIi,"['121e4a8079d4afed2206030ff5d65362176fc4cf1d6cdc37d83304cf705a5212', '19400be5b7a31fb733917700789d2f0a2471c0c9d506c0e504c06c16d7cb17c0']",[],1.0,0ffee3ba8e615ad22535e7f771690a28,303951d4c50efb2e991652225a6f02b1,,,12902.085414,10.0.2.15,58288,52.54.74.39,443,tcp,36.49633600000016,7725.0,3939.0,RSTO,True,False,0,ShADadTFR,19,8495,21,4783,ssl,0
12902.785606,CgV3a73uowFwe8GvD4,10.0.2.15,58287,52.54.74.39,443,TLSv12,TLS_ECDHE_RSA_WITH_AES_128_GCM_SHA256,secp256r1,logx.optimizely.com,False,True,CsxknGIi,"['121e4a8079d4afed2206030ff5d65362176fc4cf1d6cdc37d83304cf705a5212', '19400be5b7a31fb733917700789d2f0a2471c0c9d506c0e504c06c16d7cb17c0']",[],1.0,0ffee3ba8e615ad22535e7f771690a28,303951d4c50efb2e991652225a6f02b1,,,12902.084844,10.0.2.15,58287,52.54.74.39,443,tcp,49.02621299999919,24221.0,6312.0,SF,True,False,0,ShADadTFfRr,41,25871,43,8036,ssl,0
12902.790205,CehD7V2nC343noighc,10.0.2.15,58290,52.54.74.39,443,TLSv12,TLS_ECDHE_RSA_WITH_AES_128_GCM_SHA256,secp256r1,logx.optimizely.com,False,True,CsxknGIi,"['121e4a8079d4afed2206030ff5d65362176fc4cf1d6cdc37d83304cf705a5212', '19400be5b7a31fb733917700789d2f0a2471c0c9d506c0e504c06c16d7cb17c0']",[],1.0,0ffee3ba8e615ad22535e7f771690a28,303951d4c50efb2e991652225a6f02b1,,,12902.086869,10.0.2.15,58290,52.54.74.39,443,tcp,36.92948299999989,9275.0,4231.0,RSTO,True,False,0,ShADadTFR,22,10165,22,5115,ssl,0
12903.98519,CfmNgA2ymPSU8QUvRb,10.0.2.15,58293,95.100.180.207,443,TLSv12,TLS_ECDHE_RSA_WITH_AES_256_GCM_SHA384,,a6529002483.cdn.optimizely.com,True,True,CsiI,,,,1a5fe5677b0e4fbbc854e8908225637d,410b9bedaf65dd26c6fe547154d60db4,http/1.1,,12903.502963,10.0.2.15,58293,95.100.180.207,443,tcp,13.487740999999003,599.0,183.0,SF,True,False,0,ShADadTFfRr,10,1008,10,587,ssl,0
12903.979786,CsNhAR3KkqJvdmdcr6,10.0.2.15,58296,52.54.74.39,443,TLSv12,TLS_ECDHE_RSA_WITH_AES_128_GCM_SHA256,secp256r1,logx.optimizely.com,False,True,CsxknGIi,"['121e4a8079d4afed2206030ff5d65362176fc4cf1d6cdc37d83304cf705a5212', '19400be5b7a31fb733917700789d2f0a2471c0c9d506c0e504c06c16d7cb17c0']",[],1.0,0ffee3ba8e615ad22535e7f771690a28,303951d4c50efb2e991652225a6f02b1,,,12903.510973,10.0.2.15,58296,52.54.74.39,443,tcp,35.504353000000265,8829.0,3763.0,RSTO,True,False,0,ShADadTFR,20,9639,21,4607,ssl,0
12903.982187,CY7GO82QDpx4IQMgP6,10.0.2.15,58295,52.54.74.39,443,TLSv12,TLS_ECDHE_RSA_WITH_AES_128_GCM_SHA256,secp256r1,logx.optimizely.com,False,True,CsxknGIi,"['121e4a8079d4afed2206030ff5d65362176fc4cf1d6cdc37d83304cf705a5212', '19400be5b7a31fb733917700789d2f0a2471c0c9d506c0e504c06c16d7cb17c0']",[],1.0,0ffee3ba8e615ad22535e7f771690a28,303951d4c50efb2e991652225a6f02b1,,,12903.506024,10.0.2.15,58295,52.54.74.39,443,tcp,11.644771999999648,385.0,3148.0,SF,True,False,0,ShADadTFRfr,12,874,14,3712,ssl,0
12903.98451,CnF3Wn2F0q3iZo6wqh,10.0.2.15,58294,52.54.74.39,443,TLSv12,TLS_ECDHE_RSA_WITH_AES_128_GCM_SHA256,secp256r1,logx.optimizely.com,False,True,CsxknGIi,"['121e4a8079d4afed2206030ff5d65362176fc4cf1d6cdc37d83304cf705a5212', '19400be5b7a31fb733917700789d2f0a2471c0c9d506c0e504c06c16d7cb17c0']",[],1.0,0ffee3ba8e615ad22535e7f771690a28,303951d4c50efb2e991652225a6f02b1,,,12903.504226,10.0.2.15,58294,52.54.74.39,443,tcp,11.784301000001506,385.0,3148.0,SF,True,False,0,ShADadTFfRr,12,874,14,3712,ssl,0
12915.613998,CVcGmQ23IQ7QcTh6fj,10.0.2.15,58304,95.100.180.207,443,TLSv12,TLS_ECDHE_RSA_WITH_AES_256_GCM_SHA384,secp256r1,6529002483.cdn.optimizely.com,False,True,CsxknGIti,"['16a508bc257ba034427b5d3ecb4156b50b9c44f07a68e5d5c26d4c1e192c49d5', '074541ecdf88ed992ed5ade3ecddef27a26ba1b44480a195c0a8dadae2521d8e']",[],1.0,0ffee3ba8e615ad22535e7f771690a28,2b33c1374db4ddf06942f92373c0b54b,http/1.1,,12915.181946,10.0.2.15,58304,95.100.180.207,443,tcp,125.30961599999864,863.0,4530.0,RSTO,True,False,0,ShADadTTFR,24,1843,24,5494,ssl,0
12915.781899,CJgmP2IYNplkHouBb,10.0.2.15,58302,54.192.93.59,443,TLSv12,TLS_ECDHE_RSA_WITH_AES_128_GCM_SHA256,secp256r1,analytics-static.ugc.bazaarvoice.com,False,True,CsxuknGIti,"['1148cae4eed0437d2f2baf0d29af43f691d46d56c7be46dab2bae1e3a0c7990b', 'f55f9ffcb83c73453261601c7e044db15a0f034b93c05830f28635ef889cf670', '87dcd4dc74640a322cd205552506d1be64f12596258096544986b4850bc72706', '28689b30e4c306aab53b027b29e36ad6dd1dcf4b953994482ca84bdc1ecac996']",[],1.0,0ffee3ba8e615ad22535e7f771690a28,76cc3e2d3028143b23ec18e27dbd7ca9,h2,,12915.178123,10.0.2.15,58302,54.192.93.59,443,tcp,195.3135190000012,1017.0,6366.0,SF,True,False,0,ShADadFf,21,1865,23,7290,ssl,0
12916.20804,CHqeEt3ZF5Ghk2OUAb,10.0.2.15,58307,95.100.180.207,443,TLSv12,TLS_ECDHE_RSA_WITH_AES_256_GCM_SHA384,secp256r1,6529002483.cdn.optimizely.com,False,True,CsxknGIti,"['16a508bc257ba034427b5d3ecb4156b50b9c44f07a68e5d5c26d4c1e192c49d5', '074541ecdf88ed992ed5ade3ecddef27a26ba1b44480a195c0a8dadae2521d8e']",[],1.0,0ffee3ba8e615ad22535e7f771690a28,2b33c1374db4ddf06942f92373c0b54b,http/1.1,,12915.199529,10.0.2.15,58307,95.100.180.207,443,tcp,8.042038999999932,363.0,3391.0,SF,True,False,0,ShADadFfRr,11,811,13,3915,ssl,0
12925.037633,CwTisQ1romQDNILXMk,10.0.2.15,58314,34.192.137.235,443,TLSv12,TLS_ECDHE_RSA_WITH_AES_128_GCM_SHA256,secp256r1,network.bazaarvoice.com,False,True,CsxknGIi,"['01ce1b14bb04a0366855bb5351fb861f35255be74145b91bbb0f70fbb1d1df03', '154c433c491929c5ef686e838e323664a00e6a0d822ccc958fb4dab03e49a08f']",[],1.0,0ffee3ba8e615ad22535e7f771690a28,303951d4c50efb2e991652225a6f02b1,,,12924.700658,10.0.2.15,58314,34.192.137.235,443,tcp,67.32700500000101,1090.0,4311.0,SF,True,False,0,ShADadTFf,19,1864,20,5115,ssl,0
12929.712689,CQCAQA2CsaZSW4t31f,10.0.2.15,58318,172.217.23.234,443,TLSv12,TLS_ECDHE_RSA_WITH_AES_128_GCM_SHA256,x25519,translate.googleapis.com,False,True,CsxknGIti,"['0ca616f3b5a49ded9af60777a33ae7119bfd6de6a815dbee0b64d5d69491aa06', '9f630426df1d8abfd80ace98871ba833ab9742cb34838de2b5285ed54c0c7dcc', '3c35cc963eb004451323d3275d05b353235053490d9cd83729a2faf5e7ca1cc0']",[],1.0,0ffee3ba8e615ad22535e7f771690a28,ab41313cfec25328b20865eb1388e0a2,h2,,12929.258403,10.0.2.15,58318,172.217.23.234,443,tcp,199.3730230000001,1198.0,5569.0,SF,True,False,0,ShADadFf,25,2206,28,6693,ssl,0
12929.716819,CVKC6h3IW1mmmYjDch,10.0.2.15,58317,172.217.23.234,443,TLSv12,TLS_ECDHE_RSA_WITH_AES_128_GCM_SHA256,x25519,translate.googleapis.com,False,True,CsxknGIti,"['0ca616f3b5a49ded9af60777a33ae7119bfd6de6a815dbee0b64d5d69491aa06', '9f630426df1d8abfd80ace98871ba833ab9742cb34838de2b5285ed54c0c7dcc', '3c35cc963eb004451323d3275d05b353235053490d9cd83729a2faf5e7ca1cc0']",[],1.0,0ffee3ba8e615ad22535e7f771690a28,ab41313cfec25328b20865eb1388e0a2,h2,,12928.989344,10.0.2.15,58317,172.217.23.234,443,tcp,3.50890199999958,566.0,3968.0,SF,True,False,0,ShADadFf,13,1094,14,4532,ssl,0
12929.726834,CyY7S2PSTqEw3MCH,10.0.2.15,58316,172.217.23.234,443,TLSv12,TLS_ECDHE_RSA_WITH_AES_128_GCM_SHA256,x25519,translate.googleapis.com,False,True,CsxknGIti,"['0ca616f3b5a49ded9af60777a33ae7119bfd6de6a815dbee0b64d5d69491aa06', '9f630426df1d8abfd80ace98871ba833ab9742cb34838de2b5285ed54c0c7dcc', '3c35cc963eb004451323d3275d05b353235053490d9cd83729a2faf5e7ca1cc0']",[],1.0,0ffee3ba8e615ad22535e7f771690a28,ab41313cfec25328b20865eb1388e0a2,h2,,12928.988861,10.0.2.15,58316,172.217.23.234,443,tcp,3.5053750000006403,566.0,3968.0,SF,True,False,0,ShADadFf,13,1094,13,4492,ssl,0
12929.729653,CXNNkK3SaG5Vukknj,10.0.2.15,58315,172.217.23.234,443,TLSv12,TLS_ECDHE_RSA_WITH_AES_128_GCM_SHA256,x25519,translate.googleapis.com,False,True,CsxknGIti,"['0ca616f3b5a49ded9af60777a33ae7119bfd6de6a815dbee0b64d5d69491aa06', '9f630426df1d8abfd80ace98871ba833ab9742cb34838de2b5285ed54c0c7dcc', '3c35cc963eb004451323d3275d05b353235053490d9cd83729a2faf5e7ca1cc0']",[],1.0,0ffee3ba8e615ad22535e7f771690a28,ab41313cfec25328b20865eb1388e0a2,h2,,12928.983353,10.0.2.15,58315,172.217.23.234,443,tcp,3.507768999999825,566.0,3968.0,SF,True,False,0,ShADadFf,13,1094,15,4572,ssl,0
12931.607287,COQotc2Xi3Ff3JF1Fi,10.0.2.15,58320,95.101.252.82,443,TLSv12,TLS_ECDHE_RSA_WITH_AES_256_GCM_SHA384,secp256r1,www2.assets-gap.com,False,True,CsxknGIti,"['7e37843d62b5e196c91d90a1f4a364afb45704eeb538417a2f35e3f84122fa69', '9e6bc5f9ecc52460e8edc02c644d1be1cb9f2316f41daf3b616a0b2058294b31']",[],1.0,0ffee3ba8e615ad22535e7f771690a28,2b33c1374db4ddf06942f92373c0b54b,http/1.1,,12930.723093,10.0.2.15,58320,95.101.252.82,443,tcp,8.365882000000056,322.0,4303.0,SF,True,False,0,ShADadFfRr,10,730,12,4787,ssl,0
12932.137879,CcKs3m1pmd4WMA62q,10.0.2.15,58322,95.101.252.82,443,TLSv12,TLS_ECDHE_RSA_WITH_AES_256_GCM_SHA384,secp256r1,www2.assets-gap.com,False,True,CsxknGIti,"['7e37843d62b5e196c91d90a1f4a364afb45704eeb538417a2f35e3f84122fa69', '9e6bc5f9ecc52460e8edc02c644d1be1cb9f2316f41daf3b616a0b2058294b31']",[],1.0,0ffee3ba8e615ad22535e7f771690a28,2b33c1374db4ddf06942f92373c0b54b,http/1.1,,12931.087079,10.0.2.15,58322,95.101.252.82,443,tcp,14.442722999998296,353.0,4303.0,SF,True,False,0,ShADadTFfRr,12,842,13,4827,ssl,0
12946.056777,CJheTA2fGA8ykE2C41,10.0.2.15,58331,23.219.91.49,443,TLSv12,TLS_ECDHE_ECDSA_WITH_AES_256_GCM_SHA384,secp256r1,uhytajrtpo-a.akamaihd.net,False,True,CsxuknGIti,"['56d0de4121d9daaea7a1ed67ff7b49ba2ea3d77cbab1c27901ee618b74a29e16', '2e2861289b5ccedecae4c31bf262e0fb0c29b6c1530573442731ca65d821e901']",[],1.0,0ffee3ba8e615ad22535e7f771690a28,ca6f3b7b341bf732d741bd93e9b37436,http/1.1,,12945.443028,10.0.2.15,58331,23.219.91.49,443,tcp,127.39613500000088,753.0,5008.0,SF,True,False,0,ShADadTTFfRr,25,1773,27,6092,ssl,0
12946.061755,COlS8j1rBLBX3nCyq5,10.0.2.15,58332,23.219.91.49,443,TLSv12,TLS_ECDHE_ECDSA_WITH_AES_256_GCM_SHA384,secp256r1,uhytajrtpo-a.akamaihd.net,False,True,CsxuknGIti,"['56d0de4121d9daaea7a1ed67ff7b49ba2ea3d77cbab1c27901ee618b74a29e16', '2e2861289b5ccedecae4c31bf262e0fb0c29b6c1530573442731ca65d821e901']",[],1.0,0ffee3ba8e615ad22535e7f771690a28,ca6f3b7b341bf732d741bd93e9b37436,http/1.1,,12945.446237,10.0.2.15,58332,23.219.91.49,443,tcp,8.765746999999465,359.0,3943.0,SF,True,False,0,ShADadFfRr,11,807,12,4427,ssl,0
12946.072864,CAIxun3QWRgF3O74V3,10.0.2.15,58337,95.101.252.82,443,TLSv12,TLS_ECDHE_RSA_WITH_AES_256_GCM_SHA384,secp256r1,secure-www.gap.com,False,True,CsxknGIti,"['7e37843d62b5e196c91d90a1f4a364afb45704eeb538417a2f35e3f84122fa69', '9e6bc5f9ecc52460e8edc02c644d1be1cb9f2316f41daf3b616a0b2058294b31']",[],1.0,0ffee3ba8e615ad22535e7f771690a28,2b33c1374db4ddf06942f92373c0b54b,h2,,12945.455983,10.0.2.15,58337,95.101.252.82,443,tcp,8.200301000000763,2604.0,145286.0,RSTR,True,False,0,ShADadWRr,44,4372,131,150530,ssl,0
12946.077157,CMZvqbv3U9Jvybux6,10.0.2.15,58336,52.205.102.17,443,TLSv12,TLS_ECDHE_RSA_WITH_AES_128_GCM_SHA256,secp256r1,logx.optimizely.com,False,True,CsxknGIi,"['121e4a8079d4afed2206030ff5d65362176fc4cf1d6cdc37d83304cf705a5212', '19400be5b7a31fb733917700789d2f0a2471c0c9d506c0e504c06c16d7cb17c0']",[],1.0,0ffee3ba8e615ad22535e7f771690a28,303951d4c50efb2e991652225a6f02b1,,,12945.453955,10.0.2.15,58336,52.205.102.17,443,tcp,5.743821999998545,7244.0,3471.0,SF,True,False,0,ShADadFfRr,16,7892,18,4195,ssl,0
12946.080561,CB3l8rf8eVVF1mOYj,10.0.2.15,58335,52.205.102.17,443,TLSv12,TLS_ECDHE_RSA_WITH_AES_128_GCM_SHA256,secp256r1,logx.optimizely.com,False,True,CsxknGIi,"['121e4a8079d4afed2206030ff5d65362176fc4cf1d6cdc37d83304cf705a5212', '19400be5b7a31fb733917700789d2f0a2471c0c9d506c0e504c06c16d7cb17c0']",[],1.0,0ffee3ba8e615ad22535e7f771690a28,303951d4c50efb2e991652225a6f02b1,,,12945.452035,10.0.2.15,58335,52.205.102.17,443,tcp,5.743156000000454,7244.0,3471.0,RSTO,True,False,0,ShADadFR,16,7892,16,4115,ssl,0
12946.085621,C749PV1os2W9u4JGKh,10.0.2.15,58334,52.205.102.17,443,TLSv12,TLS_ECDHE_RSA_WITH_AES_128_GCM_SHA256,secp256r1,logx.optimizely.com,False,True,CsxknGIi,"['121e4a8079d4afed2206030ff5d65362176fc4cf1d6cdc37d83304cf705a5212', '19400be5b7a31fb733917700789d2f0a2471c0c9d506c0e504c06c16d7cb17c0']",[],1.0,0ffee3ba8e615ad22535e7f771690a28,303951d4c50efb2e991652225a6f02b1,,,12945.450909,10.0.2.15,58334,52.205.102.17,443,tcp,5.672770000001037,7244.0,3471.0,RSTO,True,False,0,ShADadFR,15,7852,16,4115,ssl,0
12946.091065,CR1t3e2a57WAINVQV2,10.0.2.15,58333,52.205.102.17,443,TLSv12,TLS_ECDHE_RSA_WITH_AES_128_GCM_SHA256,secp256r1,logx.optimizely.com,False,True,CsxknGIi,"['121e4a8079d4afed2206030ff5d65362176fc4cf1d6cdc37d83304cf705a5212', '19400be5b7a31fb733917700789d2f0a2471c0c9d506c0e504c06c16d7cb17c0']",[],1.0,0ffee3ba8e615ad22535e7f771690a28,303951d4c50efb2e991652225a6f02b1,,,12945.44891,10.0.2.15,58333,52.205.102.17,443,tcp,5.673901000000114,7244.0,3471.0,SF,True,False,0,ShADadFfRr,16,7892,18,4195,ssl,0
12965.121066,CppM4aLftH1mr8t57,10.0.2.15,58374,172.217.23.232,443,TLSv12,TLS_ECDHE_RSA_WITH_AES_128_GCM_SHA256,,www.googletagmanager.com,True,True,CsiI,,,,1a5fe5677b0e4fbbc854e8908225637d,67619a80665d7ab92d1041b1d11f9164,h2,,12964.470461,10.0.2.15,58374,172.217.23.232,443,tcp,1083.249652999999,9365.0,316804.0,SF,True,False,0,ShADadFf,174,16333,370,331608,ssl,0
12966.221793,C8CCdQ2c844yxo9oX2,10.0.2.15,58382,54.171.34.141,443,TLSv12,TLS_ECDHE_RSA_WITH_AES_128_GCM_SHA256,secp256r1,everydayhealth.demdex.net,False,True,CsxknGIi,"['ab8f7b89fa3e472463832f1b07660350a24ba646789dce6dd09107fab1d86a12', '19400be5b7a31fb733917700789d2f0a2471c0c9d506c0e504c06c16d7cb17c0']",[],1.0,0ffee3ba8e615ad22535e7f771690a28,303951d4c50efb2e991652225a6f02b1,,,12966.0765,10.0.2.15,58382,54.171.34.141,443,tcp,6.846411000000444,8033.0,12509.0,RSTO,True,False,0,ShADadFR,20,8841,26,13553,ssl,0
12966.225079,CINw7Q1VbdIWSE60ib,10.0.2.15,58381,54.171.34.141,443,TLSv12,TLS_ECDHE_RSA_WITH_AES_128_GCM_SHA256,secp256r1,everydayhealth.demdex.net,False,True,CsxknGIi,"['ab8f7b89fa3e472463832f1b07660350a24ba646789dce6dd09107fab1d86a12', '19400be5b7a31fb733917700789d2f0a2471c0c9d506c0e504c06c16d7cb17c0']",[],1.0,0ffee3ba8e615ad22535e7f771690a28,303951d4c50efb2e991652225a6f02b1,,,12966.07574,10.0.2.15,58381,54.171.34.141,443,tcp,7.108605999999781,359.0,3143.0,SF,True,False,0,ShADadFfRr,11,807,13,3667,ssl,0
12979.509888,CMs2cu3af9SpcVzifk,10.0.2.15,58419,54.171.34.141,443,TLSv12,TLS_ECDHE_RSA_WITH_AES_128_GCM_SHA256,,everydayhealth.demdex.net,True,True,CsiI,,,,0ffee3ba8e615ad22535e7f771690a28,303951d4c50efb2e991652225a6f02b1,,,12979.267413,10.0.2.15,58419,54.171.34.141,443,tcp,101.6454700000013,12989.0,14665.0,SF,True,False,0,ShADadTFf,34,14366,43,16389,ssl,0
12979.510475,Cs1g5m2tl3svII8O3a,10.0.2.15,58418,54.171.34.141,443,TLSv12,TLS_ECDHE_RSA_WITH_AES_128_GCM_SHA256,,everydayhealth.demdex.net,True,True,CsiI,,,,0ffee3ba8e615ad22535e7f771690a28,303951d4c50efb2e991652225a6f02b1,,,12979.265813,10.0.2.15,58418,54.171.34.141,443,tcp,7.291199999999662,316.0,176.0,SF,True,False,0,ShADadFfRr,9,684,9,540,ssl,0
12980.566573,CWVFKq3jGSaZtwOoD7,10.0.2.15,58422,192.33.31.52,443,TLSv12,TLS_ECDHE_RSA_WITH_AES_128_GCM_SHA256,secp256r1,www.everydayhealth.com,False,True,CsxknGIti,"['ec141301fd7e7405784cd80b681fff84cab7cfb275ecc8b4f5bf84d33328335a', '4b7334e1d8999822bafa8ff6888125389b18a4e5ab26ffa624c7f68fdc81f0cb']",[],1.0,0ffee3ba8e615ad22535e7f771690a28,b898351eb5e266aefd3723d466935494,http/1.1,,12979.484792,10.0.2.15,58422,192.33.31.52,443,tcp,159.09532800000125,3615.0,88455.0,SF,True,False,0,ShADadTTfF,54,5797,106,92699,ssl,0
12980.601309,CZzTPC1xiZA97JNUv3,10.0.2.15,58423,192.33.31.52,443,TLSv12,TLS_ECDHE_RSA_WITH_AES_128_GCM_SHA256,secp256r1,www.everydayhealth.com,False,True,CsxknGIti,"['ec141301fd7e7405784cd80b681fff84cab7cfb275ecc8b4f5bf84d33328335a', '4b7334e1d8999822bafa8ff6888125389b18a4e5ab26ffa624c7f68fdc81f0cb']",[],1.0,0ffee3ba8e615ad22535e7f771690a28,b898351eb5e266aefd3723d466935494,http/1.1,,12979.492664,10.0.2.15,58423,192.33.31.52,443,tcp,7.242032000000108,356.0,19820.0,SF,True,False,0,ShADadFf,14,924,23,20744,ssl,0
12989.874098,CYBicU1lxzknMykeG1,10.0.2.15,58434,178.79.242.39,443,TLSv12,TLS_ECDHE_RSA_WITH_AES_128_GCM_SHA256,secp256r1,content.everydayhealth.com,False,True,CsxknGIti,"['9825a04242f7a4797a0ecf9145f37d38cde5466a259f6e504408c14bc9cea6dc', '13efb39a2f6654e8c67bd04f4c6d4c90cd6cab5091bcedc73787f6b77d3d3fe7', '6b143c2005d5539cc22eab5f772db2a9fe87467feffa07fcf0a9f7d28274ca7a', '73c176434f1bc6d5adf45b0e76e727287c8de57616c1e6e6141a2b2cbc7d8e4c']",[],1.0,0ffee3ba8e615ad22535e7f771690a28,8d2a028aa94425f76ced7826b1f39039,http/1.1,,12988.082842,10.0.2.15,58434,178.79.242.39,443,tcp,84.97044800000003,2188.0,47152.0,SF,True,False,0,ShADadTfF,34,3563,63,49676,ssl,0
12989.882544,CQ9I5J2BXU0GAq8541,10.0.2.15,58436,178.79.242.39,443,TLSv12,TLS_ECDHE_RSA_WITH_AES_128_GCM_SHA256,secp256r1,content.everydayhealth.com,False,True,CsxknGIti,"['9825a04242f7a4797a0ecf9145f37d38cde5466a259f6e504408c14bc9cea6dc', '13efb39a2f6654e8c67bd04f4c6d4c90cd6cab5091bcedc73787f6b77d3d3fe7', '6b143c2005d5539cc22eab5f772db2a9fe87467feffa07fcf0a9f7d28274ca7a', '73c176434f1bc6d5adf45b0e76e727287c8de57616c1e6e6141a2b2cbc7d8e4c']",[],1.0,0ffee3ba8e615ad22535e7f771690a28,8d2a028aa94425f76ced7826b1f39039,http/1.1,,12988.091829,10.0.2.15,58436,178.79.242.39,443,tcp,84.9711959999986,2190.0,67784.0,SF,True,False,0,ShADadTfF,44,3965,86,71228,ssl,0
12989.894237,C1A2GU1xYwvWRGqrA6,10.0.2.15,58435,178.79.242.39,443,TLSv12,TLS_ECDHE_RSA_WITH_AES_128_GCM_SHA256,secp256r1,content.everydayhealth.com,False,True,CsxknGIti,"['9825a04242f7a4797a0ecf9145f37d38cde5466a259f6e504408c14bc9cea6dc', '13efb39a2f6654e8c67bd04f4c6d4c90cd6cab5091bcedc73787f6b77d3d3fe7', '6b143c2005d5539cc22eab5f772db2a9fe87467feffa07fcf0a9f7d28274ca7a', '73c176434f1bc6d5adf45b0e76e727287c8de57616c1e6e6141a2b2cbc7d8e4c']",[],1.0,0ffee3ba8e615ad22535e7f771690a28,8d2a028aa94425f76ced7826b1f39039,http/1.1,,12988.087209,10.0.2.15,58435,178.79.242.39,443,tcp,91.96888399999987,4053.0,96017.0,SF,True,False,0,ShADadTfF,53,6188,113,100541,ssl,0
12992.757414,Cswe833ftIlychmjq4,10.0.2.15,58448,216.58.201.66,443,TLSv12,TLS_ECDHE_RSA_WITH_AES_128_GCM_SHA256,x25519,googleads.g.doubleclick.net,False,True,CsxknGIti,"['a32ffddd76f9e7debbfc9a37b38d2ef86039b30a10d7c45ab8223d149cf99699', '9f630426df1d8abfd80ace98871ba833ab9742cb34838de2b5285ed54c0c7dcc', '3c35cc963eb004451323d3275d05b353235053490d9cd83729a2faf5e7ca1cc0']",[],1.0,0ffee3ba8e615ad22535e7f771690a28,ab41313cfec25328b20865eb1388e0a2,h2,,12990.751041,10.0.2.15,58448,216.58.201.66,443,tcp,6.932635000001028,329.0,4047.0,RSTO,True,False,0,ShADadR,8,657,8,4371,ssl,0
12992.696836,CH846G3nedSVoAvxlf,10.0.2.15,58449,172.217.23.226,443,TLSv12,TLS_ECDHE_RSA_WITH_AES_128_GCM_SHA256,x25519,cm.g.doubleclick.net,False,True,CsxknGIti,"['a32ffddd76f9e7debbfc9a37b38d2ef86039b30a10d7c45ab8223d149cf99699', '9f630426df1d8abfd80ace98871ba833ab9742cb34838de2b5285ed54c0c7dcc', '3c35cc963eb004451323d3275d05b353235053490d9cd83729a2faf5e7ca1cc0']",[],1.0,0ffee3ba8e615ad22535e7f771690a28,ab41313cfec25328b20865eb1388e0a2,h2,,12990.752647,10.0.2.15,58449,172.217.23.226,443,tcp,6.924162000001161,322.0,4047.0,RSTO,True,False,0,ShADadR,8,650,7,4331,ssl,0
12994.377457,CiOCsj1aKJnFCYUzVl,10.0.2.15,58438,178.79.242.39,443,TLSv12,TLS_ECDHE_RSA_WITH_AES_128_GCM_SHA256,secp256r1,content.everydayhealth.com,False,True,CsxknGIti,"['9825a04242f7a4797a0ecf9145f37d38cde5466a259f6e504408c14bc9cea6dc', '13efb39a2f6654e8c67bd04f4c6d4c90cd6cab5091bcedc73787f6b77d3d3fe7', '6b143c2005d5539cc22eab5f772db2a9fe87467feffa07fcf0a9f7d28274ca7a', '73c176434f1bc6d5adf45b0e76e727287c8de57616c1e6e6141a2b2cbc7d8e4c']",[],1.0,0ffee3ba8e615ad22535e7f771690a28,8d2a028aa94425f76ced7826b1f39039,http/1.1,,12988.66985,10.0.2.15,58438,178.79.242.39,443,tcp,11.856540000000678,360.0,5893.0,SF,True,False,0,ShADadFf,12,856,13,6417,ssl,0
12994.611608,ClNmni3SiDmS1FEQg1,10.0.2.15,58443,178.79.242.39,443,TLSv12,TLS_ECDHE_RSA_WITH_AES_128_GCM_SHA256,secp256r1,content.everydayhealth.com,False,True,CsxknGIti,"['9825a04242f7a4797a0ecf9145f37d38cde5466a259f6e504408c14bc9cea6dc', '13efb39a2f6654e8c67bd04f4c6d4c90cd6cab5091bcedc73787f6b77d3d3fe7', '6b143c2005d5539cc22eab5f772db2a9fe87467feffa07fcf0a9f7d28274ca7a', '73c176434f1bc6d5adf45b0e76e727287c8de57616c1e6e6141a2b2cbc7d8e4c']",[],1.0,0ffee3ba8e615ad22535e7f771690a28,8d2a028aa94425f76ced7826b1f39039,http/1.1,,12988.673891,10.0.2.15,58443,178.79.242.39,443,tcp,11.862866999999824,360.0,5893.0,SF,True,False,0,ShADadFf,11,816,11,6337,ssl,0
12993.106023,CgBZfo2Wdi8foKIfxg,10.0.2.15,58437,178.79.242.39,443,TLSv12,TLS_ECDHE_RSA_WITH_AES_128_GCM_SHA256,secp256r1,content.everydayhealth.com,False,True,CsxknGIti,"['9825a04242f7a4797a0ecf9145f37d38cde5466a259f6e504408c14bc9cea6dc', '13efb39a2f6654e8c67bd04f4c6d4c90cd6cab5091bcedc73787f6b77d3d3fe7', '6b143c2005d5539cc22eab5f772db2a9fe87467feffa07fcf0a9f7d28274ca7a', '73c176434f1bc6d5adf45b0e76e727287c8de57616c1e6e6141a2b2cbc7d8e4c']",[],1.0,0ffee3ba8e615ad22535e7f771690a28,8d2a028aa94425f76ced7826b1f39039,http/1.1,,12988.669135,10.0.2.15,58437,178.79.242.39,443,tcp,11.801077000000078,329.0,5893.0,RSTO,True,False,0,ShADadR,8,665,9,6257,ssl,0
12990.340341,CZGY362zPXNGWscq52,10.0.2.15,58445,178.79.242.39,443,TLSv12,TLS_ECDHE_RSA_WITH_AES_128_GCM_SHA256,secp256r1,content.everydayhealth.com,False,True,CsxknGIti,"['9825a04242f7a4797a0ecf9145f37d38cde5466a259f6e504408c14bc9cea6dc', '13efb39a2f6654e8c67bd04f4c6d4c90cd6cab5091bcedc73787f6b77d3d3fe7', '6b143c2005d5539cc22eab5f772db2a9fe87467feffa07fcf0a9f7d28274ca7a', '73c176434f1bc6d5adf45b0e76e727287c8de57616c1e6e6141a2b2cbc7d8e4c']",[],1.0,0ffee3ba8e615ad22535e7f771690a28,8d2a028aa94425f76ced7826b1f39039,http/1.1,,12989.896543,10.0.2.15,58445,178.79.242.39,443,tcp,10.593971999998756,329.0,5893.0,RSTO,True,False,0,ShADadR,10,737,12,6377,ssl,0
12990.127772,CZd3H44LPAJTfbOFL9,10.0.2.15,58444,178.79.242.39,443,TLSv12,TLS_ECDHE_RSA_WITH_AES_128_GCM_SHA256,secp256r1,content.everydayhealth.com,False,True,CsxknGIti,"['9825a04242f7a4797a0ecf9145f37d38cde5466a259f6e504408c14bc9cea6dc', '13efb39a2f6654e8c67bd04f4c6d4c90cd6cab5091bcedc73787f6b77d3d3fe7', '6b143c2005d5539cc22eab5f772db2a9fe87467feffa07fcf0a9f7d28274ca7a', '73c176434f1bc6d5adf45b0e76e727287c8de57616c1e6e6141a2b2cbc7d8e4c']",[],1.0,0ffee3ba8e615ad22535e7f771690a28,8d2a028aa94425f76ced7826b1f39039,http/1.1,,12989.896031,10.0.2.15,58444,178.79.242.39,443,tcp,10.596663000000262,329.0,5893.0,RSTO,True,False,0,ShADadR,9,697,11,6337,ssl,0
13003.869891,CSGB7d2QhXAsiw9kh3,10.0.2.15,58475,178.79.242.39,443,TLSv12,TLS_ECDHE_RSA_WITH_AES_128_GCM_SHA256,secp256r1,images.agoramedia.com,False,True,CsxknGIti,"['9825a04242f7a4797a0ecf9145f37d38cde5466a259f6e504408c14bc9cea6dc', '13efb39a2f6654e8c67bd04f4c6d4c90cd6cab5091bcedc73787f6b77d3d3fe7', '6b143c2005d5539cc22eab5f772db2a9fe87467feffa07fcf0a9f7d28274ca7a', '73c176434f1bc6d5adf45b0e76e727287c8de57616c1e6e6141a2b2cbc7d8e4c']",[],1.0,0ffee3ba8e615ad22535e7f771690a28,8d2a028aa94425f76ced7826b1f39039,http/1.1,,13003.209043,10.0.2.15,58475,178.79.242.39,443,tcp,106.82532600000012,2337.0,196170.0,SF,True,False,0,ShADadTfF,69,5114,197,204054,ssl,0
13003.875486,ClNNSm1XLvdZ9tTDNf,10.0.2.15,58474,178.79.242.39,443,TLSv12,TLS_ECDHE_RSA_WITH_AES_128_GCM_SHA256,secp256r1,images.agoramedia.com,False,True,CsxknGIti,"['9825a04242f7a4797a0ecf9145f37d38cde5466a259f6e504408c14bc9cea6dc', '13efb39a2f6654e8c67bd04f4c6d4c90cd6cab5091bcedc73787f6b77d3d3fe7', '6b143c2005d5539cc22eab5f772db2a9fe87467feffa07fcf0a9f7d28274ca7a', '73c176434f1bc6d5adf45b0e76e727287c8de57616c1e6e6141a2b2cbc7d8e4c']",[],1.0,0ffee3ba8e615ad22535e7f771690a28,8d2a028aa94425f76ced7826b1f39039,http/1.1,,13003.208526,10.0.2.15,58474,178.79.242.39,443,tcp,81.02114799999981,2390.0,41574.0,SF,True,False,0,ShADadTfF,30,3605,53,43698,ssl,0
13003.879847,Cy0LQUF4X79ceNro,10.0.2.15,58473,178.79.242.39,443,TLSv12,TLS_ECDHE_RSA_WITH_AES_128_GCM_SHA256,secp256r1,images.agoramedia.com,False,True,CsxknGIti,"['9825a04242f7a4797a0ecf9145f37d38cde5466a259f6e504408c14bc9cea6dc', '13efb39a2f6654e8c67bd04f4c6d4c90cd6cab5091bcedc73787f6b77d3d3fe7', '6b143c2005d5539cc22eab5f772db2a9fe87467feffa07fcf0a9f7d28274ca7a', '73c176434f1bc6d5adf45b0e76e727287c8de57616c1e6e6141a2b2cbc7d8e4c']",[],1.0,0ffee3ba8e615ad22535e7f771690a28,8d2a028aa94425f76ced7826b1f39039,http/1.1,,13003.195466,10.0.2.15,58473,178.79.242.39,443,tcp,81.03497300000163,2433.0,42072.0,SF,True,False,0,ShADadTfF,36,3888,60,44476,ssl,0
13003.896243,CJmx1D3o6fBxzf2a4c,10.0.2.15,58471,178.79.242.39,443,TLSv12,TLS_ECDHE_RSA_WITH_AES_128_GCM_SHA256,secp256r1,images.agoramedia.com,False,True,CsxknGIti,"['9825a04242f7a4797a0ecf9145f37d38cde5466a259f6e504408c14bc9cea6dc', '13efb39a2f6654e8c67bd04f4c6d4c90cd6cab5091bcedc73787f6b77d3d3fe7', '6b143c2005d5539cc22eab5f772db2a9fe87467feffa07fcf0a9f7d28274ca7a', '73c176434f1bc6d5adf45b0e76e727287c8de57616c1e6e6141a2b2cbc7d8e4c']",[],1.0,0ffee3ba8e615ad22535e7f771690a28,8d2a028aa94425f76ced7826b1f39039,http/1.1,,13003.1871,10.0.2.15,58471,178.79.242.39,443,tcp,81.02995300000111,2363.0,53354.0,SF,True,False,0,ShADadTfF,39,3938,71,56198,ssl,0
13003.898143,CMdCpc2ejiD6rvgT9j,10.0.2.15,58470,178.79.242.39,443,TLSv12,TLS_ECDHE_RSA_WITH_AES_128_GCM_SHA256,secp256r1,images.agoramedia.com,False,True,CsxknGIti,"['9825a04242f7a4797a0ecf9145f37d38cde5466a259f6e504408c14bc9cea6dc', '13efb39a2f6654e8c67bd04f4c6d4c90cd6cab5091bcedc73787f6b77d3d3fe7', '6b143c2005d5539cc22eab5f772db2a9fe87467feffa07fcf0a9f7d28274ca7a', '73c176434f1bc6d5adf45b0e76e727287c8de57616c1e6e6141a2b2cbc7d8e4c']",[],1.0,0ffee3ba8e615ad22535e7f771690a28,8d2a028aa94425f76ced7826b1f39039,http/1.1,,13003.184814,10.0.2.15,58470,178.79.242.39,443,tcp,81.03344300000026,2371.0,32245.0,SF,True,False,0,ShADadTfF,30,3586,48,34169,ssl,0
13003.893135,CEraya43swt8MxyCp5,10.0.2.15,58472,178.79.242.39,443,TLSv12,TLS_ECDHE_RSA_WITH_AES_128_GCM_SHA256,secp256r1,images.agoramedia.com,False,True,CsxknGIti,"['9825a04242f7a4797a0ecf9145f37d38cde5466a259f6e504408c14bc9cea6dc', '13efb39a2f6654e8c67bd04f4c6d4c90cd6cab5091bcedc73787f6b77d3d3fe7', '6b143c2005d5539cc22eab5f772db2a9fe87467feffa07fcf0a9f7d28274ca7a', '73c176434f1bc6d5adf45b0e76e727287c8de57616c1e6e6141a2b2cbc7d8e4c']",[],1.0,0ffee3ba8e615ad22535e7f771690a28,8d2a028aa94425f76ced7826b1f39039,http/1.1,,13003.193821,10.0.2.15,58472,178.79.242.39,443,tcp,81.03964499999893,2405.0,34453.0,SF,True,False,0,ShADadTfF,28,3540,49,36417,ssl,0
13006.237512,C0Ntyg3IJJHZKH83o1,10.0.2.15,58479,95.100.191.4,443,TLSv12,TLS_ECDHE_RSA_WITH_AES_256_GCM_SHA384,,sb.scorecardresearch.com,True,True,CsiI,,,,1a5fe5677b0e4fbbc854e8908225637d,410b9bedaf65dd26c6fe547154d60db4,http/1.1,,13006.021549,10.0.2.15,58479,95.100.191.4,443,tcp,122.52805200000148,1295.0,460.0,RSTO,True,False,0,ShADadTTFR,21,2155,21,1304,ssl,0
13006.228219,C0k09RtvD4RoljPi8,10.0.2.15,58477,95.101.241.28,443,TLSv12,TLS_ECDHE_RSA_WITH_AES_256_GCM_SHA384,secp256r1,cdn.static.zdbb.net,False,True,CsxknGIti,"['dcbff3703493d161b68e34abae82d4bf8b6c80ef129e80aa9d687d240a5a17ad', '9e6bc5f9ecc52460e8edc02c644d1be1cb9f2316f41daf3b616a0b2058294b31']",[],1.0,0ffee3ba8e615ad22535e7f771690a28,2b33c1374db4ddf06942f92373c0b54b,http/1.1,,13006.017779,10.0.2.15,58477,95.101.241.28,443,tcp,123.53793600000064,2239.0,18813.0,SF,True,False,0,ShADadTTFfRr,30,3459,41,20457,ssl,0
13006.239715,CGj5SK12CX8IlyIul1,10.0.2.15,58478,178.79.242.39,443,TLSv12,TLS_ECDHE_RSA_WITH_AES_128_GCM_SHA256,secp256r1,content.everydayhealth.com,False,True,CsxknGIti,"['9825a04242f7a4797a0ecf9145f37d38cde5466a259f6e504408c14bc9cea6dc', '13efb39a2f6654e8c67bd04f4c6d4c90cd6cab5091bcedc73787f6b77d3d3fe7', '6b143c2005d5539cc22eab5f772db2a9fe87467feffa07fcf0a9f7d28274ca7a', '73c176434f1bc6d5adf45b0e76e727287c8de57616c1e6e6141a2b2cbc7d8e4c']",[],1.0,0ffee3ba8e615ad22535e7f771690a28,8d2a028aa94425f76ced7826b1f39039,http/1.1,,13006.019214,10.0.2.15,58478,178.79.242.39,443,tcp,76.34608099999969,900.0,13234.0,SF,True,False,0,ShADadTfF,21,1755,28,14358,ssl,0
13006.235788,CzuRnVWyewOXra9Bc,10.0.2.15,58476,63.140.43.110,443,TLSv12,TLS_ECDHE_RSA_WITH_AES_256_GCM_SHA384,secp256r1,secure.everydayhealth.com,False,True,CsxknGIi,"['c01762665968910cb5258a290e4148783b3b55aa40a2f4df812aecf21fc0bed5', '19400be5b7a31fb733917700789d2f0a2471c0c9d506c0e504c06c16d7cb17c0']",[],1.0,0ffee3ba8e615ad22535e7f771690a28,959bfcf87532cbff1253e80a4ee81308,,,13006.016068,10.0.2.15,58476,63.140.43.110,443,tcp,29.45914999999877,5079.0,4184.0,SF,True,False,0,ShADadTFf,17,5769,18,4908,ssl,0
13007.189102,C0Tjfx1y7qbZM4T1j1,10.0.2.15,58481,95.100.179.176,443,TLSv12,TLS_ECDHE_RSA_WITH_AES_256_GCM_SHA384,secp256r1,www.forever21.com,False,True,CsxknGIti,"['319bc62944607af193a0a12af729e3f2dfda9ee505f6fb55aa21c5f0d749f82a', 'eae72eb454bf6c3977ebd289e970b2f5282949190093d0d26f98d0f0d6a9cf17', '8420dfbe376f414bf4c0a81e6936d24ccc03f304835b86c7a39142fca723a689']",[],1.0,0ffee3ba8e615ad22535e7f771690a28,2b33c1374db4ddf06942f92373c0b54b,http/1.1,,13006.856442,10.0.2.15,58481,95.100.179.176,443,tcp,125.72423200000048,5866.0,22282.0,SF,True,False,0,ShADadTTFRfr,38,7406,51,24326,ssl,0
13007.671377,CUPhC41NMFoBVbVVk9,10.0.2.15,58484,95.100.179.176,443,TLSv12,TLS_ECDHE_RSA_WITH_AES_256_GCM_SHA384,secp256r1,www.forever21.com,False,True,CsxknGIti,"['319bc62944607af193a0a12af729e3f2dfda9ee505f6fb55aa21c5f0d749f82a', 'eae72eb454bf6c3977ebd289e970b2f5282949190093d0d26f98d0f0d6a9cf17', '8420dfbe376f414bf4c0a81e6936d24ccc03f304835b86c7a39142fca723a689']",[],1.0,0ffee3ba8e615ad22535e7f771690a28,2b33c1374db4ddf06942f92373c0b54b,http/1.1,,13007.343693,10.0.2.15,58484,95.100.179.176,443,tcp,133.20675499999925,5861.0,88103.0,RSTO,True,False,0,ShADadTTFR,57,8161,109,92467,ssl,0
13008.408307,C1s4jf30n40KMKXpcd,10.0.2.15,58485,95.100.179.176,443,TLSv12,TLS_ECDHE_RSA_WITH_AES_256_GCM_SHA384,secp256r1,www.forever21.com,False,True,CsxknGIti,"['319bc62944607af193a0a12af729e3f2dfda9ee505f6fb55aa21c5f0d749f82a', 'eae72eb454bf6c3977ebd289e970b2f5282949190093d0d26f98d0f0d6a9cf17', '8420dfbe376f414bf4c0a81e6936d24ccc03f304835b86c7a39142fca723a689']",[],1.0,0ffee3ba8e615ad22535e7f771690a28,2b33c1374db4ddf06942f92373c0b54b,http/1.1,,13008.132444,10.0.2.15,58485,95.100.179.176,443,tcp,132.40834099999847,3720.0,47138.0,RSTO,True,False,0,ShADadTTFR,37,5220,62,49622,ssl,0
13008.511447,CpRSFD1OQ6nE2URht,10.0.2.15,58486,95.100.179.176,443,TLSv12,TLS_ECDHE_RSA_WITH_AES_256_GCM_SHA384,secp256r1,www.forever21.com,False,True,CsxknGIti,"['319bc62944607af193a0a12af729e3f2dfda9ee505f6fb55aa21c5f0d749f82a', 'eae72eb454bf6c3977ebd289e970b2f5282949190093d0d26f98d0f0d6a9cf17', '8420dfbe376f414bf4c0a81e6936d24ccc03f304835b86c7a39142fca723a689']",[],1.0,0ffee3ba8e615ad22535e7f771690a28,2b33c1374db4ddf06942f92373c0b54b,http/1.1,,13008.138963,10.0.2.15,58486,95.100.179.176,443,tcp,132.4197210000002,5788.0,77590.0,SF,True,False,0,ShADadTTFfRr,49,7768,97,81474,ssl,0
13008.832456,Cu0mFy1egG1r5P01mk,10.0.2.15,58494,95.101.241.28,443,TLSv12,TLS_ECDHE_RSA_WITH_AES_256_GCM_SHA384,,cdn.static.zdbb.net,True,True,CsiI,,,,1a5fe5677b0e4fbbc854e8908225637d,410b9bedaf65dd26c6fe547154d60db4,http/1.1,,13008.782089,10.0.2.15,58494,95.101.241.28,443,tcp,5.334388999999646,599.0,183.0,SF,True,False,0,ShADadFfRr,8,927,9,547,ssl,0
13008.831448,CcT37h4Rr9pv4P3ML6,10.0.2.15,58493,95.101.241.28,443,TLSv12,TLS_ECDHE_RSA_WITH_AES_256_GCM_SHA384,,cdn.static.zdbb.net,True,True,CsiI,,,,1a5fe5677b0e4fbbc854e8908225637d,410b9bedaf65dd26c6fe547154d60db4,http/1.1,,13008.781547,10.0.2.15,58493,95.101.241.28,443,tcp,5.329921999998987,599.0,183.0,SF,True,False,0,ShADadFfRr,8,927,9,547,ssl,0
13009.037045,CoeUlp4EXumWq6r908,10.0.2.15,58498,95.101.242.242,443,TLSv12,TLS_ECDHE_RSA_WITH_AES_256_GCM_SHA384,secp256r1,walker.zdbb.net,False,True,CsxknGIti,"['3d04f2291f912f79ab2f6702031e5a8c3055b6386304ad9b6925e97e2d9b870b', 'eae72eb454bf6c3977ebd289e970b2f5282949190093d0d26f98d0f0d6a9cf17']",[],1.0,0ffee3ba8e615ad22535e7f771690a28,2b33c1374db4ddf06942f92373c0b54b,http/1.1,,13008.791092,10.0.2.15,58498,95.101.242.242,443,tcp,122.78074100000048,844.0,4807.0,SF,True,False,0,ShADadTTFfRr,24,1824,26,5851,ssl,0
13008.977856,CbWmjN1M36W55WXvr,10.0.2.15,58495,95.100.189.33,443,TLSv12,TLS_ECDHE_RSA_WITH_AES_256_GCM_SHA384,secp256r1,tags.bkrtx.com,False,True,CsxknGIti,"['ed2d7e3b1c0d0b681a987912d114866983c71bef58ab0a9f982bb66691b1e8a9', 'eae72eb454bf6c3977ebd289e970b2f5282949190093d0d26f98d0f0d6a9cf17', '8420dfbe376f414bf4c0a81e6936d24ccc03f304835b86c7a39142fca723a689']",[],1.0,0ffee3ba8e615ad22535e7f771690a28,2b33c1374db4ddf06942f92373c0b54b,http/1.1,,13008.782596,10.0.2.15,58495,95.100.189.33,443,tcp,121.76766300000054,742.0,18549.0,SF,True,False,0,ShADadTTFfRr,28,1882,38,20073,ssl,0
13009.038546,CKuZrB2RgbzwMELsvl,10.0.2.15,58496,54.154.106.213,443,TLSv12,TLS_ECDHE_RSA_WITH_AES_128_GCM_SHA256,secp256r1,zdbb.net,False,True,CsxknGIi,"['aa7c8d1b1fa7c28e0088bdbf32360588e5a2f56773cdc772ef1bd695bb93c977', '074541ecdf88ed992ed5ade3ecddef27a26ba1b44480a195c0a8dadae2521d8e', '3c35cc963eb004451323d3275d05b353235053490d9cd83729a2faf5e7ca1cc0']",[],1.0,0ffee3ba8e615ad22535e7f771690a28,303951d4c50efb2e991652225a6f02b1,,,13008.783078,10.0.2.15,58496,54.154.106.213,443,tcp,7.95294499999909,342.0,3792.0,SF,True,False,0,ShADadFfRr,11,790,13,4316,ssl,0
13008.991136,Cuh6tTqxUuhevRwL6,10.0.2.15,58491,54.154.106.213,443,TLSv12,TLS_ECDHE_RSA_WITH_AES_128_GCM_SHA256,secp256r1,zdbb.net,False,True,CsxknGIi,"['aa7c8d1b1fa7c28e0088bdbf32360588e5a2f56773cdc772ef1bd695bb93c977', '074541ecdf88ed992ed5ade3ecddef27a26ba1b44480a195c0a8dadae2521d8e', '3c35cc963eb004451323d3275d05b353235053490d9cd83729a2faf5e7ca1cc0']",[],1.0,0ffee3ba8e615ad22535e7f771690a28,303951d4c50efb2e991652225a6f02b1,,,13008.780541,10.0.2.15,58491,54.154.106.213,443,tcp,63.72289599999931,814.0,4235.0,SF,True,False,0,ShADadTFf,18,1548,19,4999,ssl,0
13008.989847,C6IBs91egIBKV0tSId,10.0.2.15,58492,54.154.106.213,443,TLSv12,TLS_ECDHE_RSA_WITH_AES_128_GCM_SHA256,secp256r1,zdbb.net,False,True,CsxknGIi,"['aa7c8d1b1fa7c28e0088bdbf32360588e5a2f56773cdc772ef1bd695bb93c977', '074541ecdf88ed992ed5ade3ecddef27a26ba1b44480a195c0a8dadae2521d8e', '3c35cc963eb004451323d3275d05b353235053490d9cd83729a2faf5e7ca1cc0']",[],1.0,0ffee3ba8e615ad22535e7f771690a28,303951d4c50efb2e991652225a6f02b1,,,13008.781056,10.0.2.15,58492,54.154.106.213,443,tcp,63.72229900000093,783.0,4235.0,SF,True,False,0,ShADadTFf,18,1517,19,4999,ssl,0
13009.896075,Chi3YUyS9TiaZd8gb,10.0.2.15,58501,95.101.242.242,443,TLSv12,TLS_ECDHE_RSA_WITH_AES_256_GCM_SHA384,secp256r1,a.zdbb.net,False,True,CsxknGIti,"['3d04f2291f912f79ab2f6702031e5a8c3055b6386304ad9b6925e97e2d9b870b', 'eae72eb454bf6c3977ebd289e970b2f5282949190093d0d26f98d0f0d6a9cf17']",[],1.0,0ffee3ba8e615ad22535e7f771690a28,2b33c1374db4ddf06942f92373c0b54b,http/1.1,,13009.808955,10.0.2.15,58501,95.101.242.242,443,tcp,29.801684000000023,3581.0,6604.0,RSTO,True,False,0,ShADadTFR,22,4471,23,7528,ssl,0
13009.901187,CAIXn54gF8SgDtSuI2,10.0.2.15,58500,95.101.242.242,443,TLSv12,TLS_ECDHE_RSA_WITH_AES_256_GCM_SHA384,secp256r1,a.zdbb.net,False,True,CsxknGIti,"['3d04f2291f912f79ab2f6702031e5a8c3055b6386304ad9b6925e97e2d9b870b', 'eae72eb454bf6c3977ebd289e970b2f5282949190093d0d26f98d0f0d6a9cf17']",[],1.0,0ffee3ba8e615ad22535e7f771690a28,2b33c1374db4ddf06942f92373c0b54b,http/1.1,,13009.808403,10.0.2.15,58500,95.101.242.242,443,tcp,6.90983999999844,344.0,4325.0,SF,True,False,0,ShADadFfRr,11,792,13,4849,ssl,0
13010.737998,C5K6fH2r8zcleOP0qa,10.0.2.15,58508,95.100.179.176,443,TLSv12,TLS_ECDHE_RSA_WITH_AES_256_GCM_SHA384,,www.forever21.com,True,True,CsiI,,,,1a5fe5677b0e4fbbc854e8908225637d,410b9bedaf65dd26c6fe547154d60db4,http/1.1,,13010.52848,10.0.2.15,58508,95.100.179.176,443,tcp,122.0427299999992,2749.0,6205.0,SF,True,False,0,ShADadTTFfRr,26,3809,30,7409,ssl,0
13010.738558,ComXUu4otsPFe4q3W5,10.0.2.15,58509,95.100.179.176,443,TLSv12,TLS_ECDHE_RSA_WITH_AES_256_GCM_SHA384,,www.forever21.com,True,True,CsiI,,,,1a5fe5677b0e4fbbc854e8908225637d,410b9bedaf65dd26c6fe547154d60db4,http/1.1,,13010.530953,10.0.2.15,58509,95.100.179.176,443,tcp,122.04964000000108,2769.0,5955.0,SF,True,False,0,ShADadTTFf,23,3709,26,6999,ssl,0
13011.7915,CGaEs82zo5ospCf8nj,10.0.2.15,58511,95.101.241.28,443,TLSv12,TLS_ECDHE_RSA_WITH_AES_256_GCM_SHA384,secp256r1,gurgle.zdbb.net,False,True,CsxknGIti,"['dcbff3703493d161b68e34abae82d4bf8b6c80ef129e80aa9d687d240a5a17ad', '9e6bc5f9ecc52460e8edc02c644d1be1cb9f2316f41daf3b616a0b2058294b31']",[],1.0,0ffee3ba8e615ad22535e7f771690a28,2b33c1374db4ddf06942f92373c0b54b,h2,,13011.461159,10.0.2.15,58511,95.101.241.28,443,tcp,198.839172,1211.0,6086.0,SF,True,False,0,ShADadFfRr,24,2179,28,7210,ssl,0
13011.793935,CNbVXn36UFURqIqiM4,10.0.2.15,58510,95.101.241.28,443,TLSv12,TLS_ECDHE_RSA_WITH_AES_256_GCM_SHA384,secp256r1,gurgle.zdbb.net,False,True,CsxknGIti,"['dcbff3703493d161b68e34abae82d4bf8b6c80ef129e80aa9d687d240a5a17ad', '9e6bc5f9ecc52460e8edc02c644d1be1cb9f2316f41daf3b616a0b2058294b31']",[],1.0,0ffee3ba8e615ad22535e7f771690a28,2b33c1374db4ddf06942f92373c0b54b,h2,,13011.459634,10.0.2.15,58510,95.101.241.28,443,tcp,1.504952999999659,558.0,5144.0,SF,True,False,0,ShADadFfRr,14,1126,17,5828,ssl,0
13013.079517,CCFkVE2wiRUSNvqYn8,10.0.2.15,58513,54.192.93.122,443,TLSv12,TLS_ECDHE_RSA_WITH_AES_128_GCM_SHA256,secp256r1,cdn.mercent.com,False,True,CsxknGIti,"['97e7832b09bf8da4d16395626ffab723402ff8d3ca1efbbf7202ed80e23a7389', 'f55f9ffcb83c73453261601c7e044db15a0f034b93c05830f28635ef889cf670', '87dcd4dc74640a322cd205552506d1be64f12596258096544986b4850bc72706', '28689b30e4c306aab53b027b29e36ad6dd1dcf4b953994482ca84bdc1ecac996']",[],1.0,0ffee3ba8e615ad22535e7f771690a28,b898351eb5e266aefd3723d466935494,http/1.1,,13012.661536,10.0.2.15,58513,54.192.93.122,443,tcp,123.15265700000054,643.0,10724.0,SF,True,False,0,ShADadTTfF,22,1542,30,11928,ssl,0
13013.084334,CGanXP22wQd9pvZRGj,10.0.2.15,58512,54.77.212.185,443,TLSv12,TLS_ECDHE_RSA_WITH_AES_128_GCM_SHA256,secp256r1,app.salecycle.com,False,True,CsxknGIi,"['6126b7b42291ea4441bcb100207ee75a69d20578546eaa3fe92831177f28200d', 'b7a8af2a4a43f0a86b15604de6461209c9cd76894d8b0748bc99d9a797013bb0']",[],1.0,0ffee3ba8e615ad22535e7f771690a28,303951d4c50efb2e991652225a6f02b1,,,13012.660986,10.0.2.15,58512,54.77.212.185,443,tcp,63.342883999999685,654.0,3573.0,SF,True,False,0,ShADadTFf,16,1308,18,4297,ssl,0
13013.088991,CRVydO2FBGKQ7kazL,10.0.2.15,58515,54.192.93.122,443,TLSv12,TLS_ECDHE_RSA_WITH_AES_128_GCM_SHA256,secp256r1,cdn.mercent.com,False,True,CsxuknGIti,"['97e7832b09bf8da4d16395626ffab723402ff8d3ca1efbbf7202ed80e23a7389', 'f55f9ffcb83c73453261601c7e044db15a0f034b93c05830f28635ef889cf670', '87dcd4dc74640a322cd205552506d1be64f12596258096544986b4850bc72706', '28689b30e4c306aab53b027b29e36ad6dd1dcf4b953994482ca84bdc1ecac996']",[],1.0,0ffee3ba8e615ad22535e7f771690a28,76cc3e2d3028143b23ec18e27dbd7ca9,http/1.1,,13012.663573,10.0.2.15,58515,54.192.93.122,443,tcp,6.724174000000858,349.0,5743.0,SF,True,False,0,ShADadFf,10,757,11,6187,ssl,0
13013.099465,C2Hk9G1H6kQFzlDsR3,10.0.2.15,58514,54.77.212.185,443,TLSv12,TLS_ECDHE_RSA_WITH_AES_128_GCM_SHA256,secp256r1,app.salecycle.com,False,True,CsxknGIi,"['6126b7b42291ea4441bcb100207ee75a69d20578546eaa3fe92831177f28200d', 'b7a8af2a4a43f0a86b15604de6461209c9cd76894d8b0748bc99d9a797013bb0']",[],1.0,0ffee3ba8e615ad22535e7f771690a28,303951d4c50efb2e991652225a6f02b1,,,13012.662923,10.0.2.15,58514,54.77.212.185,443,tcp,6.703153000000384,351.0,3259.0,SF,True,False,0,ShADadFfRr,11,799,12,3743,ssl,0
13014.125569,C0oUrf3JXBQQpTYK9g,10.0.2.15,58519,172.217.23.228,443,TLSv12,TLS_ECDHE_ECDSA_WITH_AES_128_GCM_SHA256,,google-analytics.com,True,True,CsiI,,,,1a5fe5677b0e4fbbc854e8908225637d,c23237dbea656869600e48dfbd00ab7b,h2,,13014.060445,10.0.2.15,58519,172.217.23.228,443,tcp,152.82667400000173,2587.0,1820.0,SF,True,False,0,ShADadFf,27,3675,30,3024,ssl,0
13014.088406,CwlCUy2lSMAuTbiifg,10.0.2.15,58517,172.217.23.228,443,TLSv12,TLS_ECDHE_ECDSA_WITH_AES_128_GCM_SHA256,,google-analytics.com,True,True,CsiI,,,,1a5fe5677b0e4fbbc854e8908225637d,c23237dbea656869600e48dfbd00ab7b,h2,,13014.058766,10.0.2.15,58517,172.217.23.228,443,tcp,2.187695000000531,1101.0,471.0,SF,True,False,0,ShADadFf,14,1669,16,1115,ssl,0
13014.128717,CKNJYl3jTCbGPiNByd,10.0.2.15,58518,95.101.241.28,443,TLSv12,TLS_ECDHE_RSA_WITH_AES_256_GCM_SHA384,secp256r1,static.adziff.com,False,True,CsxknGIti,"['dcbff3703493d161b68e34abae82d4bf8b6c80ef129e80aa9d687d240a5a17ad', '9e6bc5f9ecc52460e8edc02c644d1be1cb9f2316f41daf3b616a0b2058294b31']",[],1.0,0ffee3ba8e615ad22535e7f771690a28,2b33c1374db4ddf06942f92373c0b54b,h2,,13014.059507,10.0.2.15,58518,95.101.241.28,443,tcp,1.121533999999883,531.0,5144.0,RSTO,True,False,0,ShADadFR,11,979,14,5708,ssl,0
13014.106932,CdgP3CNz7ieNxmyH7,10.0.2.15,58516,95.101.241.28,443,TLSv12,TLS_ECDHE_RSA_WITH_AES_256_GCM_SHA384,secp256r1,static.adziff.com,False,True,CsxknGIti,"['dcbff3703493d161b68e34abae82d4bf8b6c80ef129e80aa9d687d240a5a17ad', '9e6bc5f9ecc52460e8edc02c644d1be1cb9f2316f41daf3b616a0b2058294b31']",[],1.0,0ffee3ba8e615ad22535e7f771690a28,2b33c1374db4ddf06942f92373c0b54b,h2,,13014.057537,10.0.2.15,58516,95.101.241.28,443,tcp,1.127963999999337,531.0,5144.0,SF,True,False,0,ShADadFfRr,12,1019,16,5788,ssl,0
13014.502118,Cvpz5d4IcSevlY0v2e,10.0.2.15,58523,169.47.30.64,443,TLSv12,TLS_RSA_WITH_AES_256_CBC_SHA,,stags.bluekai.com,False,True,CsxnGIi,"['f3e2a1e01c5e2e8f20022b198cde61baf841fcf748c4639eea3fd3db4785c81d', 'e0898ad662474b9f753c79bea878031c9a5d634a49edd6310b960ab023c02c0e']",[],1.0,0ffee3ba8e615ad22535e7f771690a28,f4fb99c318cd91a4dfff259227ba977b,http/1.1,,13014.071563,10.0.2.15,58523,169.47.30.64,443,tcp,24.07187900000099,1917.0,3684.0,SF,True,False,0,ShADadTfF,13,2447,14,4248,ssl,0
13017.212025,CDra8J2PuGcPkeIFt,10.0.2.15,58529,78.46.128.236,443,TLSv12,TLS_ECDHE_RSA_WITH_AES_256_GCM_SHA384,secp256r1,eu-sonar.sociomantic.com,False,True,CsxknGIi,"['00e3e35f313e3b3aa60766d4bb25ea4c46a442f703b200b809dc8894ae74931d', '5b87e222f20346fa3628816ed6ce71faaba0857fb8bcba73776ea1fa56cd0057']",[],1.0,0ffee3ba8e615ad22535e7f771690a28,a9e3ed16ee3208291487c8d2aa2ad924,,,13017.001374,10.0.2.15,58529,78.46.128.236,443,tcp,7.038540999999896,1263.0,14053.0,SF,True,False,0,ShADadfF,16,1911,24,15017,ssl,0
13017.213892,CnNMla483GXbzFLeQg,10.0.2.15,58528,78.46.128.236,443,TLSv12,TLS_ECDHE_RSA_WITH_AES_256_GCM_SHA384,secp256r1,eu-sonar.sociomantic.com,False,True,CsxknGIi,"['00e3e35f313e3b3aa60766d4bb25ea4c46a442f703b200b809dc8894ae74931d', '5b87e222f20346fa3628816ed6ce71faaba0857fb8bcba73776ea1fa56cd0057']",[],1.0,0ffee3ba8e615ad22535e7f771690a28,a9e3ed16ee3208291487c8d2aa2ad924,,,13017.000051,10.0.2.15,58528,78.46.128.236,443,tcp,5.576502999998411,327.0,2948.0,SF,True,False,0,ShADadfF,8,655,10,3352,ssl,0
13017.527093,Cj12Ey17LweLj2jNWc,10.0.2.15,58531,50.19.248.13,443,TLSv12,TLS_ECDHE_RSA_WITH_AES_128_GCM_SHA256,secp256r1,cdns.brsrvr.com,False,True,CsxknGIi,"['8c422c19b7a16f44d164e2986639fedb8c6281126d7452ceadc533c1b0a3e0e2', '973a41276ffd01e027a2aad49e34c37846d3e976ff6a620b6712e33832041aa6', '3a2fbe92891e57fe05d57087f48e730f17e5a5f53ef403d618e5b74d7a7e6ecb', 'c3846bf24b9e93ca64274c0ec67c1ecc5e024ffcacd2d74019350e81fe546ae4']",[],1.0,0ffee3ba8e615ad22535e7f771690a28,303951d4c50efb2e991652225a6f02b1,,,13017.206056,10.0.2.15,58531,50.19.248.13,443,tcp,6.040744999998424,349.0,5802.0,SF,True,False,0,ShADadFRfr,11,797,14,6366,ssl,0
13017.466588,C3j8ZE4cTMbGk7Yfdc,10.0.2.15,58530,50.19.248.13,443,TLSv12,TLS_ECDHE_RSA_WITH_AES_128_GCM_SHA256,secp256r1,cdns.brsrvr.com,False,True,CsxknGIi,"['8c422c19b7a16f44d164e2986639fedb8c6281126d7452ceadc533c1b0a3e0e2', '973a41276ffd01e027a2aad49e34c37846d3e976ff6a620b6712e33832041aa6', '3a2fbe92891e57fe05d57087f48e730f17e5a5f53ef403d618e5b74d7a7e6ecb', 'c3846bf24b9e93ca64274c0ec67c1ecc5e024ffcacd2d74019350e81fe546ae4']",[],1.0,0ffee3ba8e615ad22535e7f771690a28,303951d4c50efb2e991652225a6f02b1,,,13017.144243,10.0.2.15,58530,50.19.248.13,443,tcp,63.018419999998514,647.0,10958.0,SF,True,False,0,ShADadTFf,18,1381,23,11882,ssl,0
13018.376598,CA7BWk4CLwAy90iyFj,10.0.2.15,58541,192.33.31.52,443,TLSv12,TLS_ECDHE_RSA_WITH_AES_128_GCM_SHA256,,www.everydayhealth.com,True,True,CsiI,,,,1a5fe5677b0e4fbbc854e8908225637d,7bee5c1d424b7e5f943b06983bb11422,http/1.1,,13018.055534,10.0.2.15,58541,192.33.31.52,443,tcp,121.05070500000149,2092.0,11174.0,SF,True,False,0,ShADadTTfF,23,3031,31,12418,ssl,0
13018.37718,CEfYGI2jD886v25UPj,10.0.2.15,58540,192.33.31.52,443,TLSv12,TLS_ECDHE_RSA_WITH_AES_128_GCM_SHA256,,www.everydayhealth.com,True,True,CsiI,,,,1a5fe5677b0e4fbbc854e8908225637d,7bee5c1d424b7e5f943b06983bb11422,http/1.1,,13018.05493,10.0.2.15,58540,192.33.31.52,443,tcp,6.299700999999914,599.0,152.0,SF,True,False,0,ShADadFf,7,887,7,436,ssl,0
13019.079921,CvH8RI2rVr1CF3iw9j,10.0.2.15,58544,23.74.191.135,443,TLSv12,TLS_ECDHE_RSA_WITH_AES_256_GCM_SHA384,secp256r1,config1.veinteractive.com,False,True,CsxknGIti,"['07d484bf2e3ddfc4a70273289352ac849ca1401be56cb6fab156d782e69579bd', 'eae72eb454bf6c3977ebd289e970b2f5282949190093d0d26f98d0f0d6a9cf17', '8420dfbe376f414bf4c0a81e6936d24ccc03f304835b86c7a39142fca723a689']",[],1.0,0ffee3ba8e615ad22535e7f771690a28,2b33c1374db4ddf06942f92373c0b54b,http/1.1,,13018.83512,10.0.2.15,58544,23.74.191.135,443,tcp,127.35662000000048,1783.0,9993.0,SF,True,False,0,ShADadTTFf,28,2923,34,11357,ssl,0
13019.076805,CzX0uYsYgAK1J6zS3,10.0.2.15,58545,54.194.240.68,443,TLSv12,TLS_ECDHE_RSA_WITH_AES_128_GCM_SHA256,secp256r1,dpm.demdex.net,False,True,CsxknGIi,"['ab8f7b89fa3e472463832f1b07660350a24ba646789dce6dd09107fab1d86a12', '19400be5b7a31fb733917700789d2f0a2471c0c9d506c0e504c06c16d7cb17c0']",[],1.0,0ffee3ba8e615ad22535e7f771690a28,303951d4c50efb2e991652225a6f02b1,,,13018.835651,10.0.2.15,58545,54.194.240.68,443,tcp,63.2666930000014,2489.0,3938.0,SF,True,False,0,ShADadTFf,18,3223,19,4702,ssl,0
13019.082814,CgCEgb4o7IM9ka41D5,10.0.2.15,58543,23.74.191.135,443,TLSv12,TLS_ECDHE_RSA_WITH_AES_256_GCM_SHA384,secp256r1,config1.veinteractive.com,False,True,CsxknGIti,"['07d484bf2e3ddfc4a70273289352ac849ca1401be56cb6fab156d782e69579bd', 'eae72eb454bf6c3977ebd289e970b2f5282949190093d0d26f98d0f0d6a9cf17', '8420dfbe376f414bf4c0a81e6936d24ccc03f304835b86c7a39142fca723a689']",[],1.0,0ffee3ba8e615ad22535e7f771690a28,2b33c1374db4ddf06942f92373c0b54b,http/1.1,,13018.834088,10.0.2.15,58543,23.74.191.135,443,tcp,6.5184750000007625,359.0,4868.0,RSTO,True,False,0,ShADadFR,10,767,12,5352,ssl,0
13019.089336,Chl2zh1gNwzyuvl7J9,10.0.2.15,58542,54.194.240.68,443,TLSv12,TLS_ECDHE_RSA_WITH_AES_128_GCM_SHA256,secp256r1,dpm.demdex.net,False,True,CsxknGIi,"['ab8f7b89fa3e472463832f1b07660350a24ba646789dce6dd09107fab1d86a12', '19400be5b7a31fb733917700789d2f0a2471c0c9d506c0e504c06c16d7cb17c0']",[],1.0,0ffee3ba8e615ad22535e7f771690a28,303951d4c50efb2e991652225a6f02b1,,,13018.833246,10.0.2.15,58542,54.194.240.68,443,tcp,6.555908000000272,380.0,3143.0,SF,True,False,0,ShADadFfRr,11,828,13,3667,ssl,0
13019.319052,CFXJ9r19bDdSk0nIo9,10.0.2.15,58546,172.217.23.238,443,TLSv12,TLS_ECDHE_RSA_WITH_AES_128_GCM_SHA256,,www.google-analytics.com,True,True,CsiI,,,,1a5fe5677b0e4fbbc854e8908225637d,67619a80665d7ab92d1041b1d11f9164,h2,,13018.983301,10.0.2.15,58546,172.217.23.238,443,tcp,104.82479799999965,4184.0,1496.0,SF,True,False,0,ShADadFf,26,5232,31,2740,ssl,0
13020.018404,CtgZX63DxyKpvXSo9c,10.0.2.15,58547,23.23.194.108,443,TLSv12,TLS_ECDHE_RSA_WITH_AES_128_GCM_SHA256,secp256r1,p.brsrvr.com,False,True,CsxknGIi,"['8c422c19b7a16f44d164e2986639fedb8c6281126d7452ceadc533c1b0a3e0e2', '973a41276ffd01e027a2aad49e34c37846d3e976ff6a620b6712e33832041aa6', '3a2fbe92891e57fe05d57087f48e730f17e5a5f53ef403d618e5b74d7a7e6ecb', 'c3846bf24b9e93ca64274c0ec67c1ecc5e024ffcacd2d74019350e81fe546ae4']",[],1.0,0ffee3ba8e615ad22535e7f771690a28,303951d4c50efb2e991652225a6f02b1,,,13019.555622,10.0.2.15,58547,23.23.194.108,443,tcp,62.93516099999943,1212.0,6075.0,SF,True,False,0,ShADadTFf,17,1906,20,6879,ssl,0
13020.021739,C6AIuj43f79B5nTnX3,10.0.2.15,58548,23.23.194.108,443,TLSv12,TLS_ECDHE_RSA_WITH_AES_128_GCM_SHA256,secp256r1,p.brsrvr.com,False,True,CsxknGIi,"['8c422c19b7a16f44d164e2986639fedb8c6281126d7452ceadc533c1b0a3e0e2', '973a41276ffd01e027a2aad49e34c37846d3e976ff6a620b6712e33832041aa6', '3a2fbe92891e57fe05d57087f48e730f17e5a5f53ef403d618e5b74d7a7e6ecb', 'c3846bf24b9e93ca64274c0ec67c1ecc5e024ffcacd2d74019350e81fe546ae4']",[],1.0,0ffee3ba8e615ad22535e7f771690a28,303951d4c50efb2e991652225a6f02b1,,,13019.56037,10.0.2.15,58548,23.23.194.108,443,tcp,6.92178100000092,346.0,5802.0,RSTO,True,False,0,ShADadFR,10,754,12,6286,ssl,0
13021.288498,CFcpNV36lm3mJUy8u7,10.0.2.15,58550,23.74.191.135,443,TLSv12,TLS_ECDHE_RSA_WITH_AES_256_GCM_SHA384,secp256r1,config1.veinteractive.com,False,True,CsxknGIti,"['07d484bf2e3ddfc4a70273289352ac849ca1401be56cb6fab156d782e69579bd', 'eae72eb454bf6c3977ebd289e970b2f5282949190093d0d26f98d0f0d6a9cf17', '8420dfbe376f414bf4c0a81e6936d24ccc03f304835b86c7a39142fca723a689']",[],1.0,0ffee3ba8e615ad22535e7f771690a28,2b33c1374db4ddf06942f92373c0b54b,http/1.1,,13021.259513,10.0.2.15,58550,23.74.191.135,443,tcp,5.111457999999402,359.0,4868.0,RSTO,True,False,0,ShADadFR,10,767,12,5352,ssl,0
13021.285654,CvNAEJkLPnr99UhBa,10.0.2.15,58549,23.74.191.135,443,TLSv12,TLS_ECDHE_RSA_WITH_AES_256_GCM_SHA384,secp256r1,config1.veinteractive.com,False,True,CsxknGIti,"['07d484bf2e3ddfc4a70273289352ac849ca1401be56cb6fab156d782e69579bd', 'eae72eb454bf6c3977ebd289e970b2f5282949190093d0d26f98d0f0d6a9cf17', '8420dfbe376f414bf4c0a81e6936d24ccc03f304835b86c7a39142fca723a689']",[],1.0,0ffee3ba8e615ad22535e7f771690a28,2b33c1374db4ddf06942f92373c0b54b,http/1.1,,13021.258566,10.0.2.15,58549,23.74.191.135,443,tcp,124.89268300000003,1130.0,84265.0,SF,True,False,0,ShADadTTFRfr,45,2950,102,88349,ssl,0
13021.898845,CcmTzD3blweJPIBaC5,10.0.2.15,58551,151.101.112.207,443,TLSv12,TLS_ECDHE_RSA_WITH_AES_128_GCM_SHA256,,js-agent.newrelic.com,True,True,CsiI,,,,1a5fe5677b0e4fbbc854e8908225637d,1d0e57c6ae42e9204defa51e5e1cdc4c,http/1.1,,13021.874352,10.0.2.15,58551,151.101.112.207,443,tcp,5.523099000000002,599.0,191.0,SF,True,False,0,ShADadFfRr,8,927,9,555,ssl,0
13022.336611,CfyEDq3LkEIhSXoNLc,10.0.2.15,58552,162.247.242.20,443,TLSv12,TLS_DHE_RSA_WITH_AES_256_CBC_SHA,,bam.nr-data.net,False,True,CsxknGIi,"['e7489ed1f465ba2b3ce0faef3a43a3895cd097733dbb5b713df8b299270ca145', '074541ecdf88ed992ed5ade3ecddef27a26ba1b44480a195c0a8dadae2521d8e']",[],1.0,0ffee3ba8e615ad22535e7f771690a28,d90fa179c9daf35598ed8341272118f7,,,13022.200745,10.0.2.15,58552,162.247.242.20,443,tcp,96.68345699999918,1392.0,3673.0,SF,True,False,0,ShADadTfF,19,2169,21,4517,ssl,0
13022.338909,CvAPIA3YdGWzsszRpi,10.0.2.15,58553,162.247.242.20,443,TLSv12,TLS_DHE_RSA_WITH_AES_256_CBC_SHA,,bam.nr-data.net,False,True,CsxknGIi,"['e7489ed1f465ba2b3ce0faef3a43a3895cd097733dbb5b713df8b299270ca145', '074541ecdf88ed992ed5ade3ecddef27a26ba1b44480a195c0a8dadae2521d8e']",[],1.0,0ffee3ba8e615ad22535e7f771690a28,d90fa179c9daf35598ed8341272118f7,,,13022.201581,10.0.2.15,58553,162.247.242.20,443,tcp,5.290812000001097,491.0,3476.0,SF,True,False,0,ShADadFf,9,859,10,3880,ssl,0
13023.143135,C4lRPA2YsuBn6DNGii,10.0.2.15,58555,23.97.187.123,443,TLSv12,TLS_ECDHE_RSA_WITH_AES_256_CBC_SHA,secp256r1,appsapi.veinteractive.com,False,True,CsxuknGIi,"['4e7223b9c700af7ec5f6337fd3b31e5d779f1172bd96784b32e6e3a69a304006', '074541ecdf88ed992ed5ade3ecddef27a26ba1b44480a195c0a8dadae2521d8e']",[],1.0,0ffee3ba8e615ad22535e7f771690a28,4fd467dd264720762ffe286277c00f57,,,13023.111278,10.0.2.15,58555,23.97.187.123,443,tcp,119.7737789999992,890.0,4758.0,SF,True,False,0,ShADadTTfF,22,1789,24,5722,ssl,0
13023.146473,CNWKn43ew9e4n3wPE2,10.0.2.15,58554,23.97.187.123,443,TLSv12,TLS_ECDHE_RSA_WITH_AES_256_CBC_SHA,secp256r1,appsapi.veinteractive.com,False,True,CsxuknGIi,"['4e7223b9c700af7ec5f6337fd3b31e5d779f1172bd96784b32e6e3a69a304006', '074541ecdf88ed992ed5ade3ecddef27a26ba1b44480a195c0a8dadae2521d8e']",[],1.0,0ffee3ba8e615ad22535e7f771690a28,4fd467dd264720762ffe286277c00f57,,,13023.110661,10.0.2.15,58554,23.97.187.123,443,tcp,119.77792299999965,1162.0,5702.0,SF,True,False,0,ShADadTTfF,23,2101,24,6666,ssl,0
13023.308476,C5rrA7GysKma3FK74,10.0.2.15,58558,137.116.198.146,443,TLSv12,TLS_ECDHE_RSA_WITH_AES_256_CBC_SHA,secp256r1,cookiee1.veinteractive.com,False,True,CsxuknGIi,"['4e7223b9c700af7ec5f6337fd3b31e5d779f1172bd96784b32e6e3a69a304006', '074541ecdf88ed992ed5ade3ecddef27a26ba1b44480a195c0a8dadae2521d8e']",[],1.0,0ffee3ba8e615ad22535e7f771690a28,4fd467dd264720762ffe286277c00f57,,,13023.11276,10.0.2.15,58558,137.116.198.146,443,tcp,121.65215499999977,3077.0,5920.0,SF,True,False,0,ShADadTTfF,26,4136,28,7044,ssl,0
13023.31006,ClBctF3grdjG2WoZL7,10.0.2.15,58557,137.116.198.146,443,TLSv12,TLS_ECDHE_RSA_WITH_AES_256_CBC_SHA,secp256r1,cookiee1.veinteractive.com,False,True,CsxuknGIi,"['4e7223b9c700af7ec5f6337fd3b31e5d779f1172bd96784b32e6e3a69a304006', '074541ecdf88ed992ed5ade3ecddef27a26ba1b44480a195c0a8dadae2521d8e']",[],1.0,0ffee3ba8e615ad22535e7f771690a28,4fd467dd264720762ffe286277c00f57,,,13023.112276,10.0.2.15,58557,137.116.198.146,443,tcp,5.289065000000846,406.0,4337.0,SF,True,False,0,ShADadFf,10,814,11,4781,ssl,0
13023.312675,C3CLpCW1oXq9cJB1d,10.0.2.15,58556,23.97.187.123,443,TLSv12,TLS_ECDHE_RSA_WITH_AES_256_CBC_SHA,secp256r1,appsapi.veinteractive.com,False,True,CsxuknGIi,"['4e7223b9c700af7ec5f6337fd3b31e5d779f1172bd96784b32e6e3a69a304006', '074541ecdf88ed992ed5ade3ecddef27a26ba1b44480a195c0a8dadae2521d8e']",[],1.0,0ffee3ba8e615ad22535e7f771690a28,4fd467dd264720762ffe286277c00f57,,,13023.111791,10.0.2.15,58556,23.97.187.123,443,tcp,5.307192000000214,405.0,4337.0,SF,True,False,0,ShADadFf,10,813,11,4781,ssl,0
13023.87197,CmcQYF4Vb0TF9hWwKl,10.0.2.15,58560,216.52.1.12,443,TLSv12,TLS_ECDHE_RSA_WITH_AES_128_GCM_SHA256,secp256r1,loadeu.exelator.com,False,True,CsxknGIti,"['df7c62f472c1d3b0d062e9ed1c65f67a88aad738cc232a6b40b55a446e9092f9', '973a41276ffd01e027a2aad49e34c37846d3e976ff6a620b6712e33832041aa6', '3a2fbe92891e57fe05d57087f48e730f17e5a5f53ef403d618e5b74d7a7e6ecb', 'c3846bf24b9e93ca64274c0ec67c1ecc5e024ffcacd2d74019350e81fe546ae4']",[],1.0,0ffee3ba8e615ad22535e7f771690a28,ccc514751b175866924439bdbb5bba34,,,13023.828056,10.0.2.15,58560,216.52.1.12,443,tcp,5.602799000000232,353.0,5433.0,SF,True,False,0,ShADadFf,10,761,12,5917,ssl,0
13023.867263,CMwKD73JBWKE4dLO13,10.0.2.15,58559,216.52.1.12,443,TLSv12,TLS_ECDHE_RSA_WITH_AES_128_GCM_SHA256,secp256r1,loadeu.exelator.com,False,True,CsxknGIti,"['df7c62f472c1d3b0d062e9ed1c65f67a88aad738cc232a6b40b55a446e9092f9', '973a41276ffd01e027a2aad49e34c37846d3e976ff6a620b6712e33832041aa6', '3a2fbe92891e57fe05d57087f48e730f17e5a5f53ef403d618e5b74d7a7e6ecb', 'c3846bf24b9e93ca64274c0ec67c1ecc5e024ffcacd2d74019350e81fe546ae4']",[],1.0,0ffee3ba8e615ad22535e7f771690a28,ccc514751b175866924439bdbb5bba34,,,13023.827221,10.0.2.15,58559,216.52.1.12,443,tcp,1.276658000000679,3777.0,9410.0,SF,True,False,0,ShADadfF,13,4305,18,10134,ssl,0
13023.961483,CYvHsN1wQ3qwMCd2z3,10.0.2.15,58561,23.97.187.39,443,TLSv12,TLS_ECDHE_RSA_WITH_AES_256_CBC_SHA,secp256r1,drs2.veinteractive.com,False,True,CsxuknGIi,"['4e7223b9c700af7ec5f6337fd3b31e5d779f1172bd96784b32e6e3a69a304006', '074541ecdf88ed992ed5ade3ecddef27a26ba1b44480a195c0a8dadae2521d8e']",[],1.0,0ffee3ba8e615ad22535e7f771690a28,4fd467dd264720762ffe286277c00f57,,,13023.848707,10.0.2.15,58561,23.97.187.39,443,tcp,120.4873950000001,871.0,4710.0,SF,True,False,0,ShADadTTfF,22,1770,24,5674,ssl,0
13024.045709,CiQZFl3zmGa3DOYD27,10.0.2.15,58562,212.71.234.86,443,TLSv12,TLS_ECDHE_RSA_WITH_AES_256_GCM_SHA384,secp256r1,go.flx1.com,False,True,CsxknGIti,"['b63fc952c4eeb726897a502fb461a816a496bcdaaee41437776859309efd6234', '111006378afbe8e99bb02ba87390ca429fca2773f74d7f7eb5744f5ddf68014b', '4f32d5dc00f715250abcc486511e37f501a899deb3bf7ea8adbbd3aef1c412da', '687fa451382278fff0c8b11f8d43d576671c6eb2bceab413fb83d965d06d2ff2']",[],1.0,0ffee3ba8e615ad22535e7f771690a28,e35df3e00ca4ef31d42b34bebaa2f86e,,,13023.955266,10.0.2.15,58562,212.71.234.86,443,tcp,65.52080399999977,834.0,6751.0,SF,True,False,0,ShADadTfF,16,1488,21,7595,ssl,0
13024.047349,CnBdip3TVLgzBKwtIb,10.0.2.15,58563,212.71.234.86,443,TLSv12,TLS_ECDHE_RSA_WITH_AES_256_GCM_SHA384,secp256r1,go.flx1.com,False,True,CsxknGIti,"['b63fc952c4eeb726897a502fb461a816a496bcdaaee41437776859309efd6234', '111006378afbe8e99bb02ba87390ca429fca2773f74d7f7eb5744f5ddf68014b', '4f32d5dc00f715250abcc486511e37f501a899deb3bf7ea8adbbd3aef1c412da', '687fa451382278fff0c8b11f8d43d576671c6eb2bceab413fb83d965d06d2ff2']",[],1.0,0ffee3ba8e615ad22535e7f771690a28,e35df3e00ca4ef31d42b34bebaa2f86e,,,13023.956073,10.0.2.15,58563,212.71.234.86,443,tcp,5.458247000000483,345.0,6195.0,SF,True,False,0,ShADadFf,10,753,13,6719,ssl,0
13024.198647,CYMpfu2gKAiWfnRvX9,10.0.2.15,58565,146.148.8.25,443,TLSv12,TLS_ECDHE_RSA_WITH_AES_128_GCM_SHA256,secp256r1,a.volvelle.tech,False,True,CsxknGIti,"['45b47006b55436a692e20e8e5c8c82058f5b77b90c99cae4fc82de352328bbba', '02ab57e4e67a0cb48dd2ff34830e8ac40f4476fb08ca6be3f5cd846f646840f0', '4f32d5dc00f715250abcc486511e37f501a899deb3bf7ea8adbbd3aef1c412da', '687fa451382278fff0c8b11f8d43d576671c6eb2bceab413fb83d965d06d2ff2']",[],1.0,0ffee3ba8e615ad22535e7f771690a28,389ed42c02ebecc32e73aa31def07e14,,,13024.043214,10.0.2.15,58565,146.148.8.25,443,tcp,65.93476800000099,823.0,6554.0,SF,True,False,0,ShADadTfF,17,1517,20,7358,ssl,0
13024.201292,CBis3w44u2diJ9N7vg,10.0.2.15,58564,146.148.8.25,443,TLSv12,TLS_ECDHE_RSA_WITH_AES_128_GCM_SHA256,secp256r1,a.volvelle.tech,False,True,CsxknGIti,"['45b47006b55436a692e20e8e5c8c82058f5b77b90c99cae4fc82de352328bbba', '02ab57e4e67a0cb48dd2ff34830e8ac40f4476fb08ca6be3f5cd846f646840f0', '4f32d5dc00f715250abcc486511e37f501a899deb3bf7ea8adbbd3aef1c412da', '687fa451382278fff0c8b11f8d43d576671c6eb2bceab413fb83d965d06d2ff2']",[],1.0,0ffee3ba8e615ad22535e7f771690a28,389ed42c02ebecc32e73aa31def07e14,,,13024.042358,10.0.2.15,58564,146.148.8.25,443,tcp,5.364195999998628,349.0,6095.0,SF,True,False,0,ShADadFf,10,757,12,6579,ssl,0
13024.604447,CBndnY31rudmiAxv61,10.0.2.15,58571,23.97.187.39,443,TLSv12,TLS_ECDHE_RSA_WITH_AES_256_CBC_SHA,secp256r1,drs2.veinteractive.com,False,True,CsxuknGIi,"['4e7223b9c700af7ec5f6337fd3b31e5d779f1172bd96784b32e6e3a69a304006', '074541ecdf88ed992ed5ade3ecddef27a26ba1b44480a195c0a8dadae2521d8e']",[],1.0,0ffee3ba8e615ad22535e7f771690a28,4fd467dd264720762ffe286277c00f57,,,13024.46277,10.0.2.15,58571,23.97.187.39,443,tcp,119.88080500000068,1767.0,4646.0,SF,True,False,0,ShADadTTfF,22,2666,24,5610,ssl,0
13024.722093,C8Lkxj3JBUYbdQaGO,10.0.2.15,58566,52.216.0.216,443,TLSv12,TLS_ECDHE_RSA_WITH_AES_128_GCM_SHA256,secp256r1,load.s3.amazonaws.com,False,True,CsxknGIi,"['659a3d7684850e6d664f5131f9f8765469b9c7017b7a0e206f8c1c9445cb1c69', 'f9690880819f06cdcc0b2f224b207f2af6003fb57339b8679a160fa95208d62d']",[],1.0,0ffee3ba8e615ad22535e7f771690a28,ea615e28cb25adfb2f261151eab3314f,,,13024.438722,10.0.2.15,58566,52.216.0.216,443,tcp,6.053546999999526,355.0,3040.0,RSTO,True,False,0,ShADadFR,10,763,11,3484,ssl,0
13042.474152,CTmZnh1NnfzguO5eVe,10.0.2.15,58583,172.217.23.226,443,TLSv12,TLS_ECDHE_RSA_WITH_AES_128_GCM_SHA256,,securepubads.g.doubleclick.net,True,True,CsiI,,,,1a5fe5677b0e4fbbc854e8908225637d,67619a80665d7ab92d1041b1d11f9164,h2,,13042.449692,10.0.2.15,58583,172.217.23.226,443,tcp,243.79262500000004,24597.0,127616.0,SF,True,False,0,ShADadFf,125,29605,233,136940,ssl,0
13044.558446,CAEvdDJhOKR0Zgoy7,10.0.2.15,58589,172.217.23.225,443,TLSv12,TLS_ECDHE_RSA_WITH_AES_128_GCM_SHA256,,tpc.googlesyndication.com,True,True,CsiI,,,,1a5fe5677b0e4fbbc854e8908225637d,67619a80665d7ab92d1041b1d11f9164,h2,,13044.35969,10.0.2.15,58589,172.217.23.225,443,tcp,192.4921620000005,984.0,430.0,RSTO,True,False,0,ShADadFR,16,1632,17,1114,ssl,0
13046.324785,CM7Bbz49Vd7BaTD1Yg,10.0.2.15,58597,216.58.201.98,443,TLSv12,TLS_ECDHE_ECDSA_WITH_AES_128_GCM_SHA256,x25519,pagead2.googlesyndication.com,False,True,CsxknGIti,"['7dab2c14c2154b93fe35063ca1c26a233a78ca71cbb2bca391546edc16638392', '9f630426df1d8abfd80ace98871ba833ab9742cb34838de2b5285ed54c0c7dcc', '3c35cc963eb004451323d3275d05b353235053490d9cd83729a2faf5e7ca1cc0']",[],1.0,0ffee3ba8e615ad22535e7f771690a28,84480cf8cf0e732666092640e581e1a5,h2,,13045.832759,10.0.2.15,58597,216.58.201.98,443,tcp,126.20337999999902,4397.0,6547.0,SF,True,False,0,ShADadFf,42,6085,51,8591,ssl,0
13046.75592,CUATRRsei11hcRrKd,10.0.2.15,58600,216.58.201.98,443,TLSv12,TLS_ECDHE_RSA_WITH_AES_128_GCM_SHA256,,googleads.g.doubleclick.net,True,True,CsiI,,,,1a5fe5677b0e4fbbc854e8908225637d,67619a80665d7ab92d1041b1d11f9164,h2,,13046.252221,10.0.2.15,58600,216.58.201.98,443,tcp,125.83777000000008,13970.0,37899.0,SF,True,False,0,ShADadFf,70,16778,104,42063,ssl,0
13048.524424,Cd1jCr3vDhhRmNDoN7,10.0.2.15,58610,172.217.23.228,443,TLSv12,TLS_ECDHE_RSA_WITH_AES_128_GCM_SHA256,,www.google.com,True,True,CsiI,,,,1a5fe5677b0e4fbbc854e8908225637d,67619a80665d7ab92d1041b1d11f9164,h2,,13048.164429,10.0.2.15,58610,172.217.23.228,443,tcp,0.8676230000000941,779.0,292.0,SF,True,False,0,ShADadFf,9,1147,10,696,ssl,0
13048.525624,C7BnkT3c2fBhuVYgt2,10.0.2.15,58609,172.217.23.228,443,TLSv12,TLS_ECDHE_RSA_WITH_AES_128_GCM_SHA256,,www.google.com,True,True,CsiI,,,,1a5fe5677b0e4fbbc854e8908225637d,67619a80665d7ab92d1041b1d11f9164,h2,,13048.163864,10.0.2.15,58609,172.217.23.228,443,tcp,0.85666300000048,779.0,292.0,SF,True,False,0,ShADadFf,9,1147,10,696,ssl,0
13048.653841,CJiDAj1iDiLkn8edc6,10.0.2.15,58611,172.217.23.228,443,TLSv12,TLS_ECDHE_RSA_WITH_AES_128_GCM_SHA256,,www.google.com,True,True,CsiI,,,,1a5fe5677b0e4fbbc854e8908225637d,67619a80665d7ab92d1041b1d11f9164,h2,,13048.526605,10.0.2.15,58611,172.217.23.228,443,tcp,0.71256700000049,779.0,292.0,SF,True,False,0,ShADadFf,9,1147,10,696,ssl,0
13050.584885,CtYq384H6bFw5FFDJ,10.0.2.15,58620,93.184.220.66,443,TLSv12,TLS_ECDHE_RSA_WITH_AES_128_GCM_SHA256,secp256r1,platform.twitter.com,False,True,CsxuknGIti,"['498dfbfa068ce7e3252a308f9578608d3df2d287b5b9284571f7d3ed43ba3ab0', '19400be5b7a31fb733917700789d2f0a2471c0c9d506c0e504c06c16d7cb17c0', '7431e5f4c3c1ce4690774f0b61e05440883ba9a01ed00ba6abd7806ed3b118cf']",[],1.0,0ffee3ba8e615ad22535e7f771690a28,76cc3e2d3028143b23ec18e27dbd7ca9,http/1.1,,13050.21516,10.0.2.15,58620,93.184.220.66,443,tcp,12.274891000000936,386.0,5773.0,SF,True,False,0,ShADadTFfRr,12,875,14,6337,ssl,0
13050.587353,CMT6Rh3GhG4oj36jJb,10.0.2.15,58621,52.214.168.116,443,TLSv12,TLS_ECDHE_RSA_WITH_AES_128_GCM_SHA256,secp256r1,g2.gumgum.com,False,True,CsxknGIi,"['ed199485c625cfd14423817d43792d4cfc1c600ad8a64b65541ade9942f03808', 'f55f9ffcb83c73453261601c7e044db15a0f034b93c05830f28635ef889cf670', '87dcd4dc74640a322cd205552506d1be64f12596258096544986b4850bc72706', '28689b30e4c306aab53b027b29e36ad6dd1dcf4b953994482ca84bdc1ecac996']",[],1.0,0ffee3ba8e615ad22535e7f771690a28,303951d4c50efb2e991652225a6f02b1,,,13050.21635,10.0.2.15,58621,52.214.168.116,443,tcp,9.433661999999458,2414.0,10583.0,SF,True,False,0,ShADadFfRr,17,3102,24,11547,ssl,0
13050.690847,C4B3km2YN1xUNceDHf,10.0.2.15,58622,52.214.168.116,443,TLSv12,TLS_ECDHE_RSA_WITH_AES_128_GCM_SHA256,secp256r1,g2.gumgum.com,False,True,CsxknGIi,"['ed199485c625cfd14423817d43792d4cfc1c600ad8a64b65541ade9942f03808', 'f55f9ffcb83c73453261601c7e044db15a0f034b93c05830f28635ef889cf670', '87dcd4dc74640a322cd205552506d1be64f12596258096544986b4850bc72706', '28689b30e4c306aab53b027b29e36ad6dd1dcf4b953994482ca84bdc1ecac996']",[],1.0,0ffee3ba8e615ad22535e7f771690a28,303951d4c50efb2e991652225a6f02b1,,,13050.462895,10.0.2.15,58622,52.214.168.116,443,tcp,6.8040060000003,347.0,5071.0,SF,True,False,0,ShADadFfRr,11,795,14,5635,ssl,0
13051.922095,CN1cZU27pRtdu1YRbj,10.0.2.15,58629,104.244.43.145,443,TLSv12,TLS_ECDHE_RSA_WITH_AES_128_GCM_SHA256,secp256r1,cdn.syndication.twimg.com,False,True,CsxuknGIti,"['9338063290465de85ffd7dfa8f0f6ea848447f66560443ad32bcb8665b3ffa18', '19400be5b7a31fb733917700789d2f0a2471c0c9d506c0e504c06c16d7cb17c0']",[],1.0,0ffee3ba8e615ad22535e7f771690a28,76cc3e2d3028143b23ec18e27dbd7ca9,http/1.1,,13051.606973,10.0.2.15,58629,104.244.43.145,443,tcp,12.365789999999834,826.0,13879.0,SF,True,False,0,ShADadTfF,14,1395,20,14683,ssl,0
13052.084383,CD7EEU3O3VkfIVot8j,10.0.2.15,58626,104.244.43.145,443,TLSv12,TLS_ECDHE_RSA_WITH_AES_128_GCM_SHA256,secp256r1,cdn.syndication.twimg.com,False,True,CsxuknGIti,"['9338063290465de85ffd7dfa8f0f6ea848447f66560443ad32bcb8665b3ffa18', '19400be5b7a31fb733917700789d2f0a2471c0c9d506c0e504c06c16d7cb17c0']",[],1.0,0ffee3ba8e615ad22535e7f771690a28,76cc3e2d3028143b23ec18e27dbd7ca9,http/1.1,,13051.599119,10.0.2.15,58626,104.244.43.145,443,tcp,10.96154000000024,359.0,4228.0,SF,True,False,0,ShADadFfRr,11,807,12,4712,ssl,0
13052.086985,CiAmP51Hy6cSOTfBq4,10.0.2.15,58625,199.16.156.241,443,TLSv12,TLS_ECDHE_RSA_WITH_AES_128_GCM_SHA256,secp256r1,syndication.twitter.com,False,True,CsxknGIti,"['75e85da383dbf4ced92713e6768c061d0aca2ee11ea14e2a1486adb26098b2de', '19400be5b7a31fb733917700789d2f0a2471c0c9d506c0e504c06c16d7cb17c0']",[],1.0,0ffee3ba8e615ad22535e7f771690a28,8d2a028aa94425f76ced7826b1f39039,h2,,13051.597967,10.0.2.15,58625,199.16.156.241,443,tcp,6.018815999999788,1250.0,4731.0,SF,True,False,0,ShADadFfRr,15,1858,19,5495,ssl,0
13052.395431,CwTMSvMWVALQKid5b,10.0.2.15,58631,199.16.156.241,443,TLSv12,TLS_ECDHE_RSA_WITH_AES_128_GCM_SHA256,secp256r1,syndication.twitter.com,False,True,CsxknGIti,"['75e85da383dbf4ced92713e6768c061d0aca2ee11ea14e2a1486adb26098b2de', '19400be5b7a31fb733917700789d2f0a2471c0c9d506c0e504c06c16d7cb17c0']",[],1.0,0ffee3ba8e615ad22535e7f771690a28,8d2a028aa94425f76ced7826b1f39039,h2,,13051.611975,10.0.2.15,58631,199.16.156.241,443,tcp,232.6858400000001,1569.0,4864.0,SF,True,False,0,ShADadFfRr,23,2497,27,5948,ssl,0
13063.116982,CRJXNS3iQb3iBVulb7,10.0.2.15,58641,54.192.93.155,443,TLSv12,TLS_ECDHE_RSA_WITH_AES_128_GCM_SHA256,secp256r1,c.gumgum.com,False,True,CsxuknGIti,"['66ba89ec450835db093dc4f8e3388af428bc9758d48b36bdbd378eb85dbadaed', 'f55f9ffcb83c73453261601c7e044db15a0f034b93c05830f28635ef889cf670', '87dcd4dc74640a322cd205552506d1be64f12596258096544986b4850bc72706', '28689b30e4c306aab53b027b29e36ad6dd1dcf4b953994482ca84bdc1ecac996']",[],1.0,0ffee3ba8e615ad22535e7f771690a28,76cc3e2d3028143b23ec18e27dbd7ca9,h2,,13062.212725,10.0.2.15,58641,54.192.93.155,443,tcp,222.20826300000044,731.0,5949.0,SF,True,False,0,ShADadFf,20,1539,22,6833,ssl,0
13063.118999,CDxrJF43Uxaf5ulf0f,10.0.2.15,58640,54.192.93.155,443,TLSv12,TLS_ECDHE_RSA_WITH_AES_128_GCM_SHA256,secp256r1,c.gumgum.com,False,True,CsxuknGIti,"['66ba89ec450835db093dc4f8e3388af428bc9758d48b36bdbd378eb85dbadaed', 'f55f9ffcb83c73453261601c7e044db15a0f034b93c05830f28635ef889cf670', '87dcd4dc74640a322cd205552506d1be64f12596258096544986b4850bc72706', '28689b30e4c306aab53b027b29e36ad6dd1dcf4b953994482ca84bdc1ecac996']",[],1.0,0ffee3ba8e615ad22535e7f771690a28,76cc3e2d3028143b23ec18e27dbd7ca9,h2,,13062.211181,10.0.2.15,58640,54.192.93.155,443,tcp,6.009563999999955,555.0,5811.0,SF,True,False,0,ShADadFf,13,1083,15,6415,ssl,0
13063.114042,Cq5uYI1zeYi2QuCol3,10.0.2.15,58642,95.172.94.29,443,TLSv12,TLS_ECDHE_RSA_WITH_AES_128_GCM_SHA256,secp256r1,pixel.quantserve.com,False,True,CsxknGIti,"['7d39ee69bdac843654f44bb3164a243b3e8c527019b6225992e5d36771f19e8f', '19400be5b7a31fb733917700789d2f0a2471c0c9d506c0e504c06c16d7cb17c0']",[],1.0,0ffee3ba8e615ad22535e7f771690a28,ccc514751b175866924439bdbb5bba34,,,13062.214096,10.0.2.15,58642,95.172.94.29,443,tcp,14.273632000000362,323.0,3323.0,SF,True,False,0,ShADadTfF,10,732,11,3767,ssl,0
13062.902217,C4jDvc33yuKtHObQxl,10.0.2.15,58644,107.23.135.110,443,TLSv12,TLS_ECDHE_RSA_WITH_AES_128_GCM_SHA256,secp256r1,idsync.rlcdn.com,False,True,CsxknGIi,"['7c75ac9ac997d5af7e63eee4070015e373d07d15fa206505a14434fb86a90686', '973a41276ffd01e027a2aad49e34c37846d3e976ff6a620b6712e33832041aa6', '3a2fbe92891e57fe05d57087f48e730f17e5a5f53ef403d618e5b74d7a7e6ecb', 'c3846bf24b9e93ca64274c0ec67c1ecc5e024ffcacd2d74019350e81fe546ae4']",[],1.0,0ffee3ba8e615ad22535e7f771690a28,303951d4c50efb2e991652225a6f02b1,,,13062.332024,10.0.2.15,58644,107.23.135.110,443,tcp,14.090315999999802,350.0,5275.0,SF,True,False,0,ShADadTFfRr,12,839,14,5839,ssl,0
13066.05439,C1aTJX3chWcC1U8u8h,10.0.2.15,58648,172.217.23.238,443,TLSv12,TLS_ECDHE_ECDSA_WITH_AES_128_GCM_SHA256,,encrypted-tbn0.gstatic.com,True,True,CsiI,,,,1a5fe5677b0e4fbbc854e8908225637d,c23237dbea656869600e48dfbd00ab7b,h2,,13065.642533,10.0.2.15,58648,172.217.23.238,443,tcp,218.2077879999997,1316.0,10161.0,SF,True,False,0,ShADadFf,21,2164,29,11325,ssl,0
13066.057139,COooHY3dLCEuveD7x2,10.0.2.15,58647,172.217.23.238,443,TLSv12,TLS_ECDHE_ECDSA_WITH_AES_128_GCM_SHA256,,encrypted-tbn1.gstatic.com,True,True,CsiI,,,,1a5fe5677b0e4fbbc854e8908225637d,c23237dbea656869600e48dfbd00ab7b,h2,,13065.641461,10.0.2.15,58647,172.217.23.238,443,tcp,217.57466300000124,1317.0,9794.0,SF,True,False,0,ShADadFf,21,2165,27,10878,ssl,0
13066.059563,CxbajF1XG5M9VNN0tc,10.0.2.15,58646,172.217.23.238,443,TLSv12,TLS_ECDHE_ECDSA_WITH_AES_128_GCM_SHA256,,encrypted-tbn3.gstatic.com,True,True,CsiI,,,,1a5fe5677b0e4fbbc854e8908225637d,c23237dbea656869600e48dfbd00ab7b,h2,,13065.639835,10.0.2.15,58646,172.217.23.238,443,tcp,217.4319140000007,1455.0,29582.0,SF,True,False,0,ShADadFf,30,2663,43,31306,ssl,0
13066.064997,CMMIco2EZZW0Q8hv16,10.0.2.15,58645,172.217.23.238,443,TLSv12,TLS_ECDHE_ECDSA_WITH_AES_128_GCM_SHA256,x25519,encrypted-tbn2.gstatic.com,False,True,CsxknGIti,"['11ddd329046367c19b32ffdb02ed308de129de4d6ffcf95856d7bd6a7accfba9', '9f630426df1d8abfd80ace98871ba833ab9742cb34838de2b5285ed54c0c7dcc', '3c35cc963eb004451323d3275d05b353235053490d9cd83729a2faf5e7ca1cc0']",[],1.0,0ffee3ba8e615ad22535e7f771690a28,84480cf8cf0e732666092640e581e1a5,h2,,13065.635993,10.0.2.15,58645,172.217.23.238,443,tcp,218.4095930000003,1031.0,15849.0,SF,True,False,0,ShADadFf,23,1959,32,17133,ssl,0
13069.207702,CQKoBSLikDMOZUUd2,10.0.2.15,58651,104.155.94.88,443,TLSv12,TLS_ECDHE_RSA_WITH_AES_128_GCM_SHA256,secp256r1,eu-sync.bidswitch.net,False,True,CsxknGIti,"['6710fb217b2e1c9d2a9394e53e369972943bb04823ae76a38f0ed2d28ac778a4', '02ab57e4e67a0cb48dd2ff34830e8ac40f4476fb08ca6be3f5cd846f646840f0', '4f32d5dc00f715250abcc486511e37f501a899deb3bf7ea8adbbd3aef1c412da', '687fa451382278fff0c8b11f8d43d576671c6eb2bceab413fb83d965d06d2ff2']",[],1.0,0ffee3ba8e615ad22535e7f771690a28,ccc514751b175866924439bdbb5bba34,,,13068.803254,10.0.2.15,58651,104.155.94.88,443,tcp,78.46284999999989,752.0,6515.0,SF,True,False,0,ShADadTfF,18,1487,21,7359,ssl,0
13069.211188,Csg6X13DdkVPTwCPzf,10.0.2.15,58650,104.155.13.188,443,TLSv12,TLS_ECDHE_RSA_WITH_AES_128_GCM_SHA256,secp256r1,gce-be.bidswitch.net,False,True,CsxknGIti,"['6710fb217b2e1c9d2a9394e53e369972943bb04823ae76a38f0ed2d28ac778a4', '02ab57e4e67a0cb48dd2ff34830e8ac40f4476fb08ca6be3f5cd846f646840f0', '4f32d5dc00f715250abcc486511e37f501a899deb3bf7ea8adbbd3aef1c412da', '687fa451382278fff0c8b11f8d43d576671c6eb2bceab413fb83d965d06d2ff2']",[],1.0,0ffee3ba8e615ad22535e7f771690a28,ccc514751b175866924439bdbb5bba34,,,13068.792385,10.0.2.15,58650,104.155.13.188,443,tcp,78.48145199999999,1593.0,6579.0,SF,True,False,0,ShADadTfF,18,2328,21,7423,ssl,0
13069.22022,CwflsH2DPrxMJRbtA9,10.0.2.15,58660,216.52.1.12,443,TLSv12,TLS_ECDHE_RSA_WITH_AES_128_GCM_SHA256,secp256r1,loadr.exelator.com,False,True,CsxknGIti,"['df7c62f472c1d3b0d062e9ed1c65f67a88aad738cc232a6b40b55a446e9092f9', '973a41276ffd01e027a2aad49e34c37846d3e976ff6a620b6712e33832041aa6', '3a2fbe92891e57fe05d57087f48e730f17e5a5f53ef403d618e5b74d7a7e6ecb', 'c3846bf24b9e93ca64274c0ec67c1ecc5e024ffcacd2d74019350e81fe546ae4']",[],1.0,0ffee3ba8e615ad22535e7f771690a28,ccc514751b175866924439bdbb5bba34,,,13068.816001,10.0.2.15,58660,216.52.1.12,443,tcp,21.338669000000664,3815.0,5433.0,SF,True,False,0,ShADadTfF,14,4384,15,6037,ssl,0
13069.22869,CR6y6mKjCpiLPJimj,10.0.2.15,58659,216.52.1.12,443,TLSv12,TLS_ECDHE_RSA_WITH_AES_128_GCM_SHA256,secp256r1,loadus.exelator.com,False,True,CsxknGIti,"['df7c62f472c1d3b0d062e9ed1c65f67a88aad738cc232a6b40b55a446e9092f9', '973a41276ffd01e027a2aad49e34c37846d3e976ff6a620b6712e33832041aa6', '3a2fbe92891e57fe05d57087f48e730f17e5a5f53ef403d618e5b74d7a7e6ecb', 'c3846bf24b9e93ca64274c0ec67c1ecc5e024ffcacd2d74019350e81fe546ae4']",[],1.0,0ffee3ba8e615ad22535e7f771690a28,ccc514751b175866924439bdbb5bba34,,,13068.815386,10.0.2.15,58659,216.52.1.12,443,tcp,22.158896999999342,3849.0,5433.0,SF,True,False,0,ShADadTfF,14,4418,15,6037,ssl,0
13069.232167,CcHtTE4eg25WirXZXk,10.0.2.15,58658,185.29.133.223,443,TLSv12,TLS_ECDHE_RSA_WITH_AES_128_GCM_SHA256,secp256r1,sync.mathtag.com,False,True,CsxknGIti,"['82e454f53aa3be8b62d47779e364161287a2de0a1ce9e3b37243ae64bd7d7906', '154c433c491929c5ef686e838e323664a00e6a0d822ccc958fb4dab03e49a08f']",[],1.0,0ffee3ba8e615ad22535e7f771690a28,389ed42c02ebecc32e73aa31def07e14,,,13068.814785,10.0.2.15,58658,185.29.133.223,443,tcp,493.026656,2865.0,4170.0,SF,True,False,0,ShADadTTfF,60,5320,61,6614,ssl,0
13069.27391,Cqiv9E3JcQd93eVoub,10.0.2.15,58655,95.101.241.120,443,TLSv12,TLS_ECDHE_RSA_WITH_AES_256_GCM_SHA384,secp256r1,ads.pubmatic.com,False,True,CsxknGIti,"['d464b8ef5b3f58be694a4a3ec8e52a16de178bc251a34230d731ec125fd0363c', 'eae72eb454bf6c3977ebd289e970b2f5282949190093d0d26f98d0f0d6a9cf17', '8420dfbe376f414bf4c0a81e6936d24ccc03f304835b86c7a39142fca723a689']",[],1.0,0ffee3ba8e615ad22535e7f771690a28,2b33c1374db4ddf06942f92373c0b54b,http/1.1,,13068.811863,10.0.2.15,58655,95.101.241.120,443,tcp,137.24091299999964,5035.0,5968.0,SF,True,False,0,ShADadTTFfRr,29,6216,31,7212,ssl,0
13069.24651,CkhZOZ3zWg0PJhy41,10.0.2.15,58657,8.30.11.14,443,TLSv12,TLS_DHE_RSA_WITH_AES_256_CBC_SHA,,sync.1rx.io,False,True,CsxknGIi,"['a6d6212e891902d3452e6aa1363c98fd50370873cf2238e90bfd7e9c433318a9', 'e6683e88315cd1cb403c0cea490f7c4b4c82c91cd485037489aadbaa90839f61']",[],1.0,0ffee3ba8e615ad22535e7f771690a28,d90fa179c9daf35598ed8341272118f7,,,13068.814027,10.0.2.15,58657,8.30.11.14,443,tcp,20.90064299999904,1100.0,3204.0,SF,True,False,0,ShADadfF,11,1548,11,3648,ssl,0
13069.301929,Cez08E2OM1xMkMPec9,10.0.2.15,58654,151.101.112.166,443,TLSv12,TLS_ECDHE_RSA_WITH_AES_128_GCM_SHA256,secp256r1,bh.contextweb.com,False,True,CsxuknGIti,"['831b01fd1e24bda39d84f6adf05066d12baf322e5eeb2e7e89b1efb180f8b3b4', '154c433c491929c5ef686e838e323664a00e6a0d822ccc958fb4dab03e49a08f']",[],1.0,0ffee3ba8e615ad22535e7f771690a28,860fcf58fd757e26aa8911e5eaff6b53,http/1.1,,13068.8102,10.0.2.15,58654,151.101.112.166,443,tcp,145.6121409999996,1881.0,5726.0,SF,True,False,0,ShADadTTFfRr,28,3022,29,6890,ssl,0
13069.262287,CKsMPO1TekLo380yo7,10.0.2.15,58656,54.148.219.60,443,TLSv12,TLS_ECDHE_RSA_WITH_AES_128_GCM_SHA256,secp256r1,dsp.videostat.com,False,True,CsxknGIi,"['0b08ed2708afafd177df3bfc315c87736687a9af769484321cd9bf9f2e2fb18a', 'f55f9ffcb83c73453261601c7e044db15a0f034b93c05830f28635ef889cf670', '87dcd4dc74640a322cd205552506d1be64f12596258096544986b4850bc72706', '28689b30e4c306aab53b027b29e36ad6dd1dcf4b953994482ca84bdc1ecac996']",[],1.0,0ffee3ba8e615ad22535e7f771690a28,303951d4c50efb2e991652225a6f02b1,,,13068.813108,10.0.2.15,58656,54.148.219.60,443,tcp,74.83422400000018,851.0,5737.0,SF,True,False,0,ShADadTFf,19,1626,20,6541,ssl,0
13069.333726,CGm69621zSruOQ1F4j,10.0.2.15,58652,104.155.13.188,443,TLSv12,TLS_ECDHE_RSA_WITH_AES_128_GCM_SHA256,secp256r1,gce-be.bidswitch.net,False,True,CsxknGIti,"['6710fb217b2e1c9d2a9394e53e369972943bb04823ae76a38f0ed2d28ac778a4', '02ab57e4e67a0cb48dd2ff34830e8ac40f4476fb08ca6be3f5cd846f646840f0', '4f32d5dc00f715250abcc486511e37f501a899deb3bf7ea8adbbd3aef1c412da', '687fa451382278fff0c8b11f8d43d576671c6eb2bceab413fb83d965d06d2ff2']",[],1.0,0ffee3ba8e615ad22535e7f771690a28,ccc514751b175866924439bdbb5bba34,,,13068.808602,10.0.2.15,58652,104.155.13.188,443,tcp,78.44938300000103,1402.0,6344.0,SF,True,False,0,ShADadTfF,18,2137,21,7188,ssl,0
13069.321848,C2Kos73wTwFuRSLe2k,10.0.2.15,58653,52.200.246.149,443,TLSv12,TLS_RSA_WITH_AES_128_CBC_SHA,,s.update.wo.gumgum.com,False,True,CsxnGIi,"['f990a237f127b11146c487c427c100bd95ef6e0594d7db7e18877b0cbf27843f', '02ab57e4e67a0cb48dd2ff34830e8ac40f4476fb08ca6be3f5cd846f646840f0', '4f32d5dc00f715250abcc486511e37f501a899deb3bf7ea8adbbd3aef1c412da']",[],1.0,0ffee3ba8e615ad22535e7f771690a28,b7ca612a52814d190006d99dcb63a655,,,13068.809148,10.0.2.15,58653,52.200.246.149,443,tcp,21.708459999999832,1218.0,4755.0,SF,True,False,0,ShADadfF,10,1626,14,5319,ssl,0
13076.491168,Cuzu3J2rysUuTQsKUk,10.0.2.15,58661,95.100.189.33,443,TLSv12,TLS_ECDHE_RSA_WITH_AES_256_GCM_SHA384,secp256r1,www.bkrtx.com,False,True,CsxknGIti,"['ed2d7e3b1c0d0b681a987912d114866983c71bef58ab0a9f982bb66691b1e8a9', 'eae72eb454bf6c3977ebd289e970b2f5282949190093d0d26f98d0f0d6a9cf17', '8420dfbe376f414bf4c0a81e6936d24ccc03f304835b86c7a39142fca723a689']",[],1.0,0ffee3ba8e615ad22535e7f771690a28,2b33c1374db4ddf06942f92373c0b54b,http/1.1,,13076.177298,10.0.2.15,58661,95.100.189.33,443,tcp,138.25344199999927,669.0,18549.0,SF,True,False,0,ShADadTTFfRr,29,1850,40,20153,ssl,0
13098.978764,CKoT2j2U4XpD8kzUXg,10.0.2.15,58669,8.30.11.14,443,TLSv12,TLS_DHE_RSA_WITH_AES_256_CBC_SHA,,sync.1rx.io,True,True,CsiI,,,,0ffee3ba8e615ad22535e7f771690a28,d90fa179c9daf35598ed8341272118f7,,,13098.590036,10.0.2.15,58669,8.30.11.14,443,tcp,7.50409800000125,961.0,586.0,SF,True,False,0,ShADadfF,10,1369,9,950,ssl,0
13098.989553,Cwx6PP2rNN8DUepHSl,10.0.2.15,58674,52.214.103.215,443,TLSv12,TLS_ECDHE_RSA_WITH_AES_128_GCM_SHA256,secp256r1,rtb.gumgum.com,False,True,CsxknGIi,"['ed199485c625cfd14423817d43792d4cfc1c600ad8a64b65541ade9942f03808', 'f55f9ffcb83c73453261601c7e044db15a0f034b93c05830f28635ef889cf670', '87dcd4dc74640a322cd205552506d1be64f12596258096544986b4850bc72706', '28689b30e4c306aab53b027b29e36ad6dd1dcf4b953994482ca84bdc1ecac996']",[],1.0,0ffee3ba8e615ad22535e7f771690a28,303951d4c50efb2e991652225a6f02b1,,,13098.59892,10.0.2.15,58674,52.214.103.215,443,tcp,68.86761899999874,1292.0,5595.0,SF,True,False,0,ShADadTFf,20,2106,23,6519,ssl,0
13098.994144,CnkcPjdd4ksvI0Y26,10.0.2.15,58673,213.155.156.180,443,TLSv12,TLS_ECDHE_RSA_WITH_AES_128_GCM_SHA256,secp256r1,d5p.de17a.com,False,True,CsxknGIi,"['e3f6b30840d4c76d8de07722a8340bac804c4d85b600ab08519ab5a4498ed9b1', '19400be5b7a31fb733917700789d2f0a2471c0c9d506c0e504c06c16d7cb17c0', '7431e5f4c3c1ce4690774f0b61e05440883ba9a01ed00ba6abd7806ed3b118cf']",[],1.0,0ffee3ba8e615ad22535e7f771690a28,699a80bdb17efe157c861f92c5bf5d1d,,,13098.597076,10.0.2.15,58673,213.155.156.180,443,tcp,8.085252999999284,657.0,4397.0,SF,True,False,0,ShADadfF,10,1065,11,4841,ssl,0
13098.983627,CK15f11UyQ9CyrC91g,10.0.2.15,58675,52.22.130.196,443,TLSv12,TLS_RSA_WITH_AES_128_CBC_SHA,,s.update.wo.gumgum.com,False,True,CsxnGIi,"['f990a237f127b11146c487c427c100bd95ef6e0594d7db7e18877b0cbf27843f', '02ab57e4e67a0cb48dd2ff34830e8ac40f4476fb08ca6be3f5cd846f646840f0', '4f32d5dc00f715250abcc486511e37f501a899deb3bf7ea8adbbd3aef1c412da']",[],1.0,0ffee3ba8e615ad22535e7f771690a28,b7ca612a52814d190006d99dcb63a655,,,13098.601192,10.0.2.15,58675,52.22.130.196,443,tcp,8.956390999999712,1218.0,7192.0,SF,True,False,0,ShADadfF,11,1666,15,7796,ssl,0
13098.997091,CzB5vC4NUT1tRHgGf6,10.0.2.15,58672,52.214.103.215,443,TLSv12,TLS_ECDHE_RSA_WITH_AES_128_GCM_SHA256,secp256r1,rtb.gumgum.com,False,True,CsxknGIi,"['ed199485c625cfd14423817d43792d4cfc1c600ad8a64b65541ade9942f03808', 'f55f9ffcb83c73453261601c7e044db15a0f034b93c05830f28635ef889cf670', '87dcd4dc74640a322cd205552506d1be64f12596258096544986b4850bc72706', '28689b30e4c306aab53b027b29e36ad6dd1dcf4b953994482ca84bdc1ecac996']",[],1.0,0ffee3ba8e615ad22535e7f771690a28,303951d4c50efb2e991652225a6f02b1,,,13098.595007,10.0.2.15,58672,52.214.103.215,443,tcp,65.91891000000032,805.0,5333.0,SF,True,False,0,ShADadTFf,17,1499,19,6097,ssl,0
13098.998219,Cx5EjD1VGPjnTx5Mo4,10.0.2.15,58671,216.52.1.12,443,TLSv12,TLS_ECDHE_RSA_WITH_AES_128_GCM_SHA256,secp256r1,loadus.exelator.com,False,True,CsxknGIti,"['df7c62f472c1d3b0d062e9ed1c65f67a88aad738cc232a6b40b55a446e9092f9', '973a41276ffd01e027a2aad49e34c37846d3e976ff6a620b6712e33832041aa6', '3a2fbe92891e57fe05d57087f48e730f17e5a5f53ef403d618e5b74d7a7e6ecb', 'c3846bf24b9e93ca64274c0ec67c1ecc5e024ffcacd2d74019350e81fe546ae4']",[],1.0,1a5fe5677b0e4fbbc854e8908225637d,ccc514751b175866924439bdbb5bba34,,,13098.593452,10.0.2.15,58671,216.52.1.12,443,tcp,6.073662000000695,4107.0,10062.0,SF,True,False,0,ShADadfF,14,4675,19,10826,ssl,0
13098.999129,CHm6aD2B7KshuSc0Cl,10.0.2.15,58670,216.52.1.12,443,TLSv12,TLS_ECDHE_RSA_WITH_AES_128_GCM_SHA256,secp256r1,loadr.exelator.com,False,True,CsxknGIti,"['df7c62f472c1d3b0d062e9ed1c65f67a88aad738cc232a6b40b55a446e9092f9', '973a41276ffd01e027a2aad49e34c37846d3e976ff6a620b6712e33832041aa6', '3a2fbe92891e57fe05d57087f48e730f17e5a5f53ef403d618e5b74d7a7e6ecb', 'c3846bf24b9e93ca64274c0ec67c1ecc5e024ffcacd2d74019350e81fe546ae4']",[],1.0,1a5fe5677b0e4fbbc854e8908225637d,ccc514751b175866924439bdbb5bba34,,,13098.592241,10.0.2.15,58670,216.52.1.12,443,tcp,5.815671999998813,4106.0,9667.0,SF,True,False,0,ShADadfF,13,4634,17,10351,ssl,0
13100.747232,CdKF5i3nPWhQMqZl75,10.0.2.15,58676,52.214.103.215,443,TLSv12,TLS_ECDHE_RSA_WITH_AES_128_GCM_SHA256,secp256r1,rtb.gumgum.com,False,True,CsxknGIi,"['ed199485c625cfd14423817d43792d4cfc1c600ad8a64b65541ade9942f03808', 'f55f9ffcb83c73453261601c7e044db15a0f034b93c05830f28635ef889cf670', '87dcd4dc74640a322cd205552506d1be64f12596258096544986b4850bc72706', '28689b30e4c306aab53b027b29e36ad6dd1dcf4b953994482ca84bdc1ecac996']",[],1.0,0ffee3ba8e615ad22535e7f771690a28,303951d4c50efb2e991652225a6f02b1,,,13099.000218,10.0.2.15,58676,52.214.103.215,443,tcp,67.61320400000113,913.0,5333.0,SF,True,False,0,ShADadTFf,17,1607,19,6097,ssl,0
13100.764841,CqrO4Y3ecXl5jHDUs1,10.0.2.15,58678,34.250.165.9,443,TLSv12,TLS_ECDHE_RSA_WITH_AES_128_GCM_SHA256,secp256r1,ie-g2.gumgum.com,False,True,CsxknGIi,"['ed199485c625cfd14423817d43792d4cfc1c600ad8a64b65541ade9942f03808', 'f55f9ffcb83c73453261601c7e044db15a0f034b93c05830f28635ef889cf670', '87dcd4dc74640a322cd205552506d1be64f12596258096544986b4850bc72706', '28689b30e4c306aab53b027b29e36ad6dd1dcf4b953994482ca84bdc1ecac996']",[],1.0,0ffee3ba8e615ad22535e7f771690a28,303951d4c50efb2e991652225a6f02b1,,,13099.004235,10.0.2.15,58678,34.250.165.9,443,tcp,67.60017899999912,1189.0,5333.0,SF,True,False,0,ShADadTFf,17,1883,19,6097,ssl,0
13102.476271,C9IpRr43Nb0PmJ3Adj,10.0.2.15,58682,172.217.23.228,443,TLSv12,TLS_ECDHE_RSA_WITH_AES_128_GCM_SHA256,,www.google.com,True,True,CsiI,,,,1a5fe5677b0e4fbbc854e8908225637d,67619a80665d7ab92d1041b1d11f9164,h2,,13101.40966,10.0.2.15,58682,172.217.23.228,443,tcp,1.7426350000005182,779.0,292.0,SF,True,False,0,ShADadFf,10,1187,11,736,ssl,0
13102.474658,CbhKoZ2mUSDzCtytlc,10.0.2.15,58683,216.58.201.66,443,TLSv12,TLS_ECDHE_RSA_WITH_AES_128_GCM_SHA256,x25519,cm.g.doubleclick.net,False,True,CsxknGIti,"['a32ffddd76f9e7debbfc9a37b38d2ef86039b30a10d7c45ab8223d149cf99699', '9f630426df1d8abfd80ace98871ba833ab9742cb34838de2b5285ed54c0c7dcc', '3c35cc963eb004451323d3275d05b353235053490d9cd83729a2faf5e7ca1cc0']",[],1.0,0ffee3ba8e615ad22535e7f771690a28,ab41313cfec25328b20865eb1388e0a2,h2,,13101.414273,10.0.2.15,58683,216.58.201.66,443,tcp,8.814822999998796,1024.0,4343.0,SF,True,False,0,ShADadFf,14,1592,17,5027,ssl,0
13107.84633,CJMLVAHJn2ui4Thxh,10.0.2.15,58691,95.101.251.103,443,TLSv12,TLS_ECDHE_RSA_WITH_AES_256_GCM_SHA384,secp256r1,www.expedia.ca,False,True,CsxknGIti,"['5dfe1d03dd82ee1965e272129fe7467c37d15c49947c150f64bb992c266c9e7d', '074541ecdf88ed992ed5ade3ecddef27a26ba1b44480a195c0a8dadae2521d8e']",[],1.0,0ffee3ba8e615ad22535e7f771690a28,2b33c1374db4ddf06942f92373c0b54b,http/1.1,,13107.192555,10.0.2.15,58691,95.101.251.103,443,tcp,3.599596000000019,317.0,4492.0,RSTO,True,False,0,ShADadFR,8,645,9,4856,ssl,0
13107.858169,CIazNL2e6eRW0kxn78,10.0.2.15,58693,95.100.176.56,443,TLSv12,TLS_ECDHE_RSA_WITH_AES_256_GCM_SHA384,secp256r1,www.travelocity.ca,False,True,CsxknGIti,"['3ec558557fcdd63415aeed559651443418cbb71c2203634046d1a1b9afb6d1be', 'eae72eb454bf6c3977ebd289e970b2f5282949190093d0d26f98d0f0d6a9cf17', '8420dfbe376f414bf4c0a81e6936d24ccc03f304835b86c7a39142fca723a689']",[],1.0,0ffee3ba8e615ad22535e7f771690a28,2b33c1374db4ddf06942f92373c0b54b,http/1.1,,13107.201516,10.0.2.15,58693,95.100.176.56,443,tcp,3.545720000000074,321.0,4822.0,SF,True,False,0,ShADadFfRr,10,729,12,5306,ssl,0
13107.862894,Cqq9t32cY1b0Zo2f82,10.0.2.15,58692,95.100.181.96,443,TLSv12,TLS_ECDHE_RSA_WITH_AES_256_GCM_SHA384,secp256r1,www.travelocity.com,False,True,CsxknGIti,"['996dca288512d22817b80378b9f433dcb90864b5c2207406ab304ddb09ad8862', 'eae72eb454bf6c3977ebd289e970b2f5282949190093d0d26f98d0f0d6a9cf17', '8420dfbe376f414bf4c0a81e6936d24ccc03f304835b86c7a39142fca723a689']",[],1.0,0ffee3ba8e615ad22535e7f771690a28,2b33c1374db4ddf06942f92373c0b54b,http/1.1,,13107.196526,10.0.2.15,58692,95.100.181.96,443,tcp,3.546212999999625,354.0,4825.0,SF,True,False,0,ShADadFfRr,10,762,12,5309,ssl,0
13110.033955,CQAmiK2LEp5U5rOn1a,10.0.2.15,58698,52.214.103.215,443,TLSv12,TLS_ECDHE_RSA_WITH_AES_128_GCM_SHA256,,rtb.gumgum.com,True,True,CsiI,,,,0ffee3ba8e615ad22535e7f771690a28,303951d4c50efb2e991652225a6f02b1,,,13109.257911,10.0.2.15,58698,52.214.103.215,443,tcp,9.457390999999916,305.0,176.0,SF,True,False,0,ShADadFfRr,8,633,9,540,ssl,0
13110.441561,Cl8f6p1QLcW4GJ0t5d,10.0.2.15,58699,52.214.168.116,443,TLSv12,TLS_ECDHE_RSA_WITH_AES_128_GCM_SHA256,secp256r1,px.gumgum.com,False,True,CsxknGIi,"['ed199485c625cfd14423817d43792d4cfc1c600ad8a64b65541ade9942f03808', 'f55f9ffcb83c73453261601c7e044db15a0f034b93c05830f28635ef889cf670', '87dcd4dc74640a322cd205552506d1be64f12596258096544986b4850bc72706', '28689b30e4c306aab53b027b29e36ad6dd1dcf4b953994482ca84bdc1ecac996']",[],1.0,0ffee3ba8e615ad22535e7f771690a28,303951d4c50efb2e991652225a6f02b1,,,13110.032217,10.0.2.15,58699,52.214.168.116,443,tcp,72.54809000000023,844.0,5250.0,SF,True,False,0,ShADadTFf,18,1578,20,6054,ssl,0
13134.666958,Cd20894s1MWaTQERP7,10.0.2.15,58713,54.192.93.212,443,TLSv12,TLS_ECDHE_RSA_WITH_AES_128_GCM_SHA256,secp256r1,realsimple.com,False,True,CsxuknGIti,"['7aca0e0f6d919e84a67e3fe40a7c8e48344d3cacf638194524f4e2c0e78cf4ba', '111006378afbe8e99bb02ba87390ca429fca2773f74d7f7eb5744f5ddf68014b', '4f32d5dc00f715250abcc486511e37f501a899deb3bf7ea8adbbd3aef1c412da', '687fa451382278fff0c8b11f8d43d576671c6eb2bceab413fb83d965d06d2ff2']",[],1.0,0ffee3ba8e615ad22535e7f771690a28,76cc3e2d3028143b23ec18e27dbd7ca9,h2,,13134.632894,10.0.2.15,58713,54.192.93.212,443,tcp,261.2872989999996,14562.0,1096352.0,SF,True,False,0,ShADadFf,315,27170,1019,1137116,ssl,0
13135.130069,CSZCvZGBzS1Pg7did,10.0.2.15,58714,54.192.93.7,443,TLSv12,TLS_ECDHE_RSA_WITH_AES_128_GCM_SHA256,secp256r1,www.realsimple.com,False,True,CsxuknGIti,"['7aca0e0f6d919e84a67e3fe40a7c8e48344d3cacf638194524f4e2c0e78cf4ba', '111006378afbe8e99bb02ba87390ca429fca2773f74d7f7eb5744f5ddf68014b', '4f32d5dc00f715250abcc486511e37f501a899deb3bf7ea8adbbd3aef1c412da', '687fa451382278fff0c8b11f8d43d576671c6eb2bceab413fb83d965d06d2ff2']",[],1.0,0ffee3ba8e615ad22535e7f771690a28,76cc3e2d3028143b23ec18e27dbd7ca9,h2,,13135.068943,10.0.2.15,58714,54.192.93.7,443,tcp,0.352025000000139,532.0,9658.0,SF,True,False,0,ShADadFf,11,980,17,10342,ssl,0
13136.735623,CjB6JJCSAGzDb7fRl,10.0.2.15,58716,54.192.93.30,443,TLSv12,TLS_ECDHE_RSA_WITH_AES_128_GCM_SHA256,secp256r1,cdn-css.realsimple.com,False,True,CsxuknGIti,"['7aca0e0f6d919e84a67e3fe40a7c8e48344d3cacf638194524f4e2c0e78cf4ba', '111006378afbe8e99bb02ba87390ca429fca2773f74d7f7eb5744f5ddf68014b', '4f32d5dc00f715250abcc486511e37f501a899deb3bf7ea8adbbd3aef1c412da', '687fa451382278fff0c8b11f8d43d576671c6eb2bceab413fb83d965d06d2ff2']",[],1.0,0ffee3ba8e615ad22535e7f771690a28,76cc3e2d3028143b23ec18e27dbd7ca9,h2,,13136.363095,10.0.2.15,58716,54.192.93.30,443,tcp,2.361175000000003,536.0,9658.0,SF,True,False,0,ShADadFf,12,1024,19,10422,ssl,0
13136.73721,CwxBhk4AwPGSopikq2,10.0.2.15,58720,54.192.93.117,443,TLSv12,TLS_ECDHE_RSA_WITH_AES_128_GCM_SHA256,secp256r1,tia.timeinc.net,False,True,CsxuknGIti,"['34929aa70d669142ec0e052e6c4910a0a92b8de5ceedd548bf84def0c5bd27ad', '111006378afbe8e99bb02ba87390ca429fca2773f74d7f7eb5744f5ddf68014b', '4f32d5dc00f715250abcc486511e37f501a899deb3bf7ea8adbbd3aef1c412da', '687fa451382278fff0c8b11f8d43d576671c6eb2bceab413fb83d965d06d2ff2']",[],1.0,0ffee3ba8e615ad22535e7f771690a28,76cc3e2d3028143b23ec18e27dbd7ca9,http/1.1,,13136.458308,10.0.2.15,58720,54.192.93.117,443,tcp,122.2928350000002,628.0,31496.0,SF,True,False,0,ShADadTTfF,30,1847,50,33500,ssl,0
13136.739151,C6gTQg2llZItMyRC7b,10.0.2.15,58719,54.192.93.152,443,TLSv12,TLS_ECDHE_RSA_WITH_AES_128_GCM_SHA256,secp256r1,cdn-js.realsimple.com,False,True,CsxuknGIti,"['7aca0e0f6d919e84a67e3fe40a7c8e48344d3cacf638194524f4e2c0e78cf4ba', '111006378afbe8e99bb02ba87390ca429fca2773f74d7f7eb5744f5ddf68014b', '4f32d5dc00f715250abcc486511e37f501a899deb3bf7ea8adbbd3aef1c412da', '687fa451382278fff0c8b11f8d43d576671c6eb2bceab413fb83d965d06d2ff2']",[],1.0,0ffee3ba8e615ad22535e7f771690a28,76cc3e2d3028143b23ec18e27dbd7ca9,h2,,13136.457677,10.0.2.15,58719,54.192.93.152,443,tcp,2.249566999998933,535.0,9658.0,SF,True,False,0,ShADadFf,12,1023,17,10342,ssl,0
13136.740654,Csd26L1Zi5Trh19kSj,10.0.2.15,58718,54.192.93.152,443,TLSv12,TLS_ECDHE_RSA_WITH_AES_128_GCM_SHA256,secp256r1,cdn-js.realsimple.com,False,True,CsxuknGIti,"['7aca0e0f6d919e84a67e3fe40a7c8e48344d3cacf638194524f4e2c0e78cf4ba', '111006378afbe8e99bb02ba87390ca429fca2773f74d7f7eb5744f5ddf68014b', '4f32d5dc00f715250abcc486511e37f501a899deb3bf7ea8adbbd3aef1c412da', '687fa451382278fff0c8b11f8d43d576671c6eb2bceab413fb83d965d06d2ff2']",[],1.0,0ffee3ba8e615ad22535e7f771690a28,76cc3e2d3028143b23ec18e27dbd7ca9,h2,,13136.456192,10.0.2.15,58718,54.192.93.152,443,tcp,2.233309999999619,535.0,9658.0,SF,True,False,0,ShADadFf,14,1103,18,10382,ssl,0
13136.744593,CqIWROdt8F1FP3qAl,10.0.2.15,58717,54.192.93.141,443,TLSv12,TLS_ECDHE_RSA_WITH_AES_128_GCM_SHA256,secp256r1,cdn-image.realsimple.com,False,True,CsxuknGIti,"['7aca0e0f6d919e84a67e3fe40a7c8e48344d3cacf638194524f4e2c0e78cf4ba', '111006378afbe8e99bb02ba87390ca429fca2773f74d7f7eb5744f5ddf68014b', '4f32d5dc00f715250abcc486511e37f501a899deb3bf7ea8adbbd3aef1c412da', '687fa451382278fff0c8b11f8d43d576671c6eb2bceab413fb83d965d06d2ff2']",[],1.0,0ffee3ba8e615ad22535e7f771690a28,76cc3e2d3028143b23ec18e27dbd7ca9,h2,,13136.408623,10.0.2.15,58717,54.192.93.141,443,tcp,2.220026000000871,538.0,9658.0,RSTO,True,False,0,ShADadFR,12,1026,16,10302,ssl,0
13136.746845,CaGRvDygKDX4iisWb,10.0.2.15,58723,54.192.93.172,443,TLSv12,TLS_ECDHE_RSA_WITH_AES_128_GCM_SHA256,secp256r1,fonts.timeinc.net,False,True,CsxuknGIti,"['fa763c579f996f21a5f734e3f1995de9ec1758b5a2cc2ec77259b1f6cd729a71', 'f55f9ffcb83c73453261601c7e044db15a0f034b93c05830f28635ef889cf670', '87dcd4dc74640a322cd205552506d1be64f12596258096544986b4850bc72706', '28689b30e4c306aab53b027b29e36ad6dd1dcf4b953994482ca84bdc1ecac996']",[],1.0,0ffee3ba8e615ad22535e7f771690a28,76cc3e2d3028143b23ec18e27dbd7ca9,h2,,13136.487228,10.0.2.15,58723,54.192.93.172,443,tcp,242.0963329999995,1277.0,119375.0,SF,True,False,0,ShADadFf,69,4045,144,125139,ssl,0
13136.773047,C3liMh29N1ykOBg86g,10.0.2.15,58722,185.118.124.156,443,TLSv12,TLS_RSA_WITH_AES_256_CBC_SHA,,js.revsci.net,False,True,CsxnGIi,"['a6e594cc71589c5c40ce223a37fe46c5d5e25d17a2698fea802da8bc90f027ec', 'de2ccb08746eaf02998e6c95e24a3d2cfb6ff4a3d41eafbf83fd570066f2f2a8', '1a5174980a294a528a110726d5855650266c48d9883bea692b67b6d726da98c5', '687fa451382278fff0c8b11f8d43d576671c6eb2bceab413fb83d965d06d2ff2']",[],1.0,0ffee3ba8e615ad22535e7f771690a28,db8185c4eafa7114cadaf05965b09ef0,,,13136.480323,10.0.2.15,58722,185.118.124.156,443,tcp,158.3960160000006,11027.0,18880.0,SF,True,False,0,ShADadTTFf,36,12489,47,20764,ssl,0
13136.790426,CoW7eh3cdAsqUf8D45,10.0.2.15,58721,54.192.93.42,443,TLSv12,TLS_ECDHE_RSA_WITH_AES_128_GCM_SHA256,secp256r1,img5.timeinc.net,False,True,CsxknGIti,"['46da93b1c2d1700a0ee8f4b99ec2741c1b37477515ab6226b024cacbe21ccb13', 'f55f9ffcb83c73453261601c7e044db15a0f034b93c05830f28635ef889cf670', '87dcd4dc74640a322cd205552506d1be64f12596258096544986b4850bc72706', '28689b30e4c306aab53b027b29e36ad6dd1dcf4b953994482ca84bdc1ecac996']",[],1.0,0ffee3ba8e615ad22535e7f771690a28,b898351eb5e266aefd3723d466935494,h2,,13136.4754,10.0.2.15,58721,54.192.93.42,443,tcp,199.65120900000147,891.0,6621.0,SF,True,False,0,ShADadFf,19,1659,21,7465,ssl,0
13137.673299,C2X9au3cw0EfhZDZE1,10.0.2.15,58725,54.192.93.117,443,TLSv12,TLS_ECDHE_RSA_WITH_AES_128_GCM_SHA256,secp256r1,tia.timeinc.net,False,True,CsxuknGIti,"['34929aa70d669142ec0e052e6c4910a0a92b8de5ceedd548bf84def0c5bd27ad', '111006378afbe8e99bb02ba87390ca429fca2773f74d7f7eb5744f5ddf68014b', '4f32d5dc00f715250abcc486511e37f501a899deb3bf7ea8adbbd3aef1c412da', '687fa451382278fff0c8b11f8d43d576671c6eb2bceab413fb83d965d06d2ff2']",[],1.0,0ffee3ba8e615ad22535e7f771690a28,76cc3e2d3028143b23ec18e27dbd7ca9,http/1.1,,13136.819322,10.0.2.15,58725,54.192.93.117,443,tcp,9.364820000000693,349.0,6786.0,SF,True,False,0,ShADadFf,10,757,13,7310,ssl,0
13137.681963,CLve0ddqqtiCx9g0b,10.0.2.15,58724,54.192.93.172,443,TLSv12,TLS_ECDHE_RSA_WITH_AES_128_GCM_SHA256,secp256r1,fonts.timeinc.net,False,True,CsxuknGIti,"['fa763c579f996f21a5f734e3f1995de9ec1758b5a2cc2ec77259b1f6cd729a71', 'f55f9ffcb83c73453261601c7e044db15a0f034b93c05830f28635ef889cf670', '87dcd4dc74640a322cd205552506d1be64f12596258096544986b4850bc72706', '28689b30e4c306aab53b027b29e36ad6dd1dcf4b953994482ca84bdc1ecac996']",[],1.0,0ffee3ba8e615ad22535e7f771690a28,76cc3e2d3028143b23ec18e27dbd7ca9,h2,,13136.818406,10.0.2.15,58724,54.192.93.172,443,tcp,2.191805999998905,560.0,5902.0,SF,True,False,0,ShADadFf,12,1048,17,6586,ssl,0
13138.565554,CjsOhG2hEJ9yrHCqZh,10.0.2.15,58726,216.137.61.6,443,TLSv12,TLS_ECDHE_RSA_WITH_AES_128_GCM_SHA256,secp256r1,d2dq2ahtl5zl1z.cloudfront.net,False,True,CsxuknGIti,"['90c0937808b31877df6c4a5c743c99325d974624be3735faa5078cf73d4fd205', 'eae72eb454bf6c3977ebd289e970b2f5282949190093d0d26f98d0f0d6a9cf17']",[],1.0,0ffee3ba8e615ad22535e7f771690a28,76cc3e2d3028143b23ec18e27dbd7ca9,http/1.1,,13138.129495,10.0.2.15,58726,216.137.61.6,443,tcp,153.71883200000048,1168.0,56342.0,SF,True,False,0,ShADadTTfF,43,2909,77,59426,ssl,0
13141.818635,Cid11L19PL4DV7G315,10.0.2.15,58730,54.192.93.172,443,TLSv12,TLS_ECDHE_RSA_WITH_AES_128_GCM_SHA256,secp256r1,fonts.timeinc.net,False,True,CsxuknGIti,"['fa763c579f996f21a5f734e3f1995de9ec1758b5a2cc2ec77259b1f6cd729a71', 'f55f9ffcb83c73453261601c7e044db15a0f034b93c05830f28635ef889cf670', '87dcd4dc74640a322cd205552506d1be64f12596258096544986b4850bc72706', '28689b30e4c306aab53b027b29e36ad6dd1dcf4b953994482ca84bdc1ecac996']",[],1.0,0ffee3ba8e615ad22535e7f771690a28,76cc3e2d3028143b23ec18e27dbd7ca9,h2,,13141.518892,10.0.2.15,58730,54.192.93.172,443,tcp,4.668874999999389,876.0,41403.0,SF,True,False,0,ShADadFf,29,2044,56,43647,ssl,0
13141.821616,Cc7ndB26ghrV1HLOcl,10.0.2.15,58729,54.192.93.172,443,TLSv12,TLS_ECDHE_RSA_WITH_AES_128_GCM_SHA256,secp256r1,fonts.timeinc.net,False,True,CsxuknGIti,"['fa763c579f996f21a5f734e3f1995de9ec1758b5a2cc2ec77259b1f6cd729a71', 'f55f9ffcb83c73453261601c7e044db15a0f034b93c05830f28635ef889cf670', '87dcd4dc74640a322cd205552506d1be64f12596258096544986b4850bc72706', '28689b30e4c306aab53b027b29e36ad6dd1dcf4b953994482ca84bdc1ecac996']",[],1.0,0ffee3ba8e615ad22535e7f771690a28,76cc3e2d3028143b23ec18e27dbd7ca9,h2,,13141.518005,10.0.2.15,58729,54.192.93.172,443,tcp,4.98374800000056,878.0,40688.0,SF,True,False,0,ShADadfF,25,1886,51,42732,ssl,0
13141.826479,Cipft7UijaFxsKpp8,10.0.2.15,58728,54.192.93.172,443,TLSv12,TLS_ECDHE_RSA_WITH_AES_128_GCM_SHA256,secp256r1,fonts.timeinc.net,False,True,CsxuknGIti,"['fa763c579f996f21a5f734e3f1995de9ec1758b5a2cc2ec77259b1f6cd729a71', 'f55f9ffcb83c73453261601c7e044db15a0f034b93c05830f28635ef889cf670', '87dcd4dc74640a322cd205552506d1be64f12596258096544986b4850bc72706', '28689b30e4c306aab53b027b29e36ad6dd1dcf4b953994482ca84bdc1ecac996']",[],1.0,0ffee3ba8e615ad22535e7f771690a28,76cc3e2d3028143b23ec18e27dbd7ca9,h2,,13141.516741,10.0.2.15,58728,54.192.93.172,443,tcp,2.433795000000827,560.0,5902.0,SF,True,False,0,ShADadFf,14,1128,15,6506,ssl,0
13141.827985,CSS4Kg2jzrgPc71edc,10.0.2.15,58727,54.192.93.172,443,TLSv12,TLS_ECDHE_RSA_WITH_AES_128_GCM_SHA256,secp256r1,fonts.timeinc.net,False,True,CsxuknGIti,"['fa763c579f996f21a5f734e3f1995de9ec1758b5a2cc2ec77259b1f6cd729a71', 'f55f9ffcb83c73453261601c7e044db15a0f034b93c05830f28635ef889cf670', '87dcd4dc74640a322cd205552506d1be64f12596258096544986b4850bc72706', '28689b30e4c306aab53b027b29e36ad6dd1dcf4b953994482ca84bdc1ecac996']",[],1.0,0ffee3ba8e615ad22535e7f771690a28,76cc3e2d3028143b23ec18e27dbd7ca9,h2,,13141.51551,10.0.2.15,58727,54.192.93.172,443,tcp,238.09862299999983,1045.0,41155.0,SF,True,False,0,ShADadFf,36,2493,58,43479,ssl,0
13143.875047,CWnJ6Y3ru8aBaF1cNj,10.0.2.15,58732,54.192.93.31,443,TLSv12,TLS_ECDHE_RSA_WITH_AES_128_GCM_SHA256,secp256r1,tiads.timeinc.net,False,True,CsxuknGIti,"['e68a7e67a8955b4f3da8ac28176e359dbecc4dfb2589d9d0ef314e48252b81c9', '111006378afbe8e99bb02ba87390ca429fca2773f74d7f7eb5744f5ddf68014b', '4f32d5dc00f715250abcc486511e37f501a899deb3bf7ea8adbbd3aef1c412da', '687fa451382278fff0c8b11f8d43d576671c6eb2bceab413fb83d965d06d2ff2']",[],1.0,0ffee3ba8e615ad22535e7f771690a28,76cc3e2d3028143b23ec18e27dbd7ca9,h2,,13142.900927,10.0.2.15,58732,54.192.93.31,443,tcp,234.3048629999994,1077.0,9884.0,SF,True,False,0,ShADadFf,25,2085,30,11088,ssl,0
13143.871532,C53X7G1R7e3EY0J1D4,10.0.2.15,58733,95.101.245.177,443,TLSv12,TLS_ECDHE_RSA_WITH_AES_256_GCM_SHA384,,js-sec.indexww.com,True,True,CsiI,,,,1a5fe5677b0e4fbbc854e8908225637d,410b9bedaf65dd26c6fe547154d60db4,http/1.1,,13142.903451,10.0.2.15,58733,95.101.245.177,443,tcp,127.3779570000006,914.0,10859.0,SF,True,False,0,ShADadTTFfRr,26,1974,32,12143,ssl,0
13143.854488,CqHohGf0h7CFFhws,10.0.2.15,58738,68.232.35.180,443,TLSv12,TLS_ECDHE_RSA_WITH_AES_128_GCM_SHA256,secp256r1,tags.tiqcdn.com,False,True,CsxuknGIti,"['e9833ec9415ec4381e97b13a6a575b5ebe604ba96ebe8484d5edd67608a492ca', '19400be5b7a31fb733917700789d2f0a2471c0c9d506c0e504c06c16d7cb17c0', '7431e5f4c3c1ce4690774f0b61e05440883ba9a01ed00ba6abd7806ed3b118cf']",[],1.0,0ffee3ba8e615ad22535e7f771690a28,49b45fc1ab090aa3a159778313fc9b9e,h2,,13142.917529,10.0.2.15,58738,68.232.35.180,443,tcp,195.27652300000045,2464.0,57393.0,SF,True,False,0,ShADadfF,48,4392,83,60717,ssl,0
13143.869789,Cv1QbN3rktz6jo33Dj,10.0.2.15,58734,54.87.154.189,443,TLSv12,TLS_ECDHE_RSA_WITH_AES_128_GCM_SHA256,secp256r1,ape-asset-tag.timeinc.com,False,True,CsxknGIi,"['e2cbec04a1787d703beebad0a1289effc23b61ebe578234527046fe65d77d116', '111006378afbe8e99bb02ba87390ca429fca2773f74d7f7eb5744f5ddf68014b', '4f32d5dc00f715250abcc486511e37f501a899deb3bf7ea8adbbd3aef1c412da', '687fa451382278fff0c8b11f8d43d576671c6eb2bceab413fb83d965d06d2ff2']",[],1.0,0ffee3ba8e615ad22535e7f771690a28,303951d4c50efb2e991652225a6f02b1,,,13142.907257,10.0.2.15,58734,54.87.154.189,443,tcp,94.03458099999987,1196.0,10547.0,SF,True,False,0,ShADadTFf,22,2092,28,11671,ssl,0
13143.857408,CW7PTy1UYYV8VwGFr8,10.0.2.15,58737,52.94.220.16,443,TLSv12,TLS_ECDHE_RSA_WITH_AES_128_GCM_SHA256,secp256r1,aax.amazon-adsystem.com,False,True,CsxuknGIi,"['0b4e7df09d4f64b59af32ee16a71ad7d8947ded5f2a2bd4acfcc9f187fdf36c9', 'eae72eb454bf6c3977ebd289e970b2f5282949190093d0d26f98d0f0d6a9cf17']",[],1.0,0ffee3ba8e615ad22535e7f771690a28,2b1f517a72b7346c86d59ef328167d49,,,13142.9157,10.0.2.15,58737,52.94.220.16,443,tcp,94.86399200000052,1304.0,5542.0,SF,True,False,0,ShADadTfF,21,2160,24,6506,ssl,0
13143.867054,CfRXXP3xUbZZhOByi1,10.0.2.15,58735,23.74.207.81,443,TLSv12,TLS_ECDHE_RSA_WITH_AES_256_GCM_SHA384,secp256r1,ac.realvu.net,False,True,CsxknGIti,"['e563be1acae4f55eba401ea98a8f2fc16ad4032ea7015c29fb7532e8c47881bc', 'eae72eb454bf6c3977ebd289e970b2f5282949190093d0d26f98d0f0d6a9cf17', '8420dfbe376f414bf4c0a81e6936d24ccc03f304835b86c7a39142fca723a689']",[],1.0,0ffee3ba8e615ad22535e7f771690a28,2b33c1374db4ddf06942f92373c0b54b,http/1.1,,13142.909413,10.0.2.15,58735,23.74.207.81,443,tcp,160.96527400000014,2457.0,10769.0,SF,True,False,0,ShADadTTFfRr,37,3959,42,12453,ssl,0
13143.860572,Ci6vEA1S8MBJy0Ojhd,10.0.2.15,58736,54.154.169.202,443,TLSv12,TLS_ECDHE_RSA_WITH_AES_128_GCM_SHA256,secp256r1,apex.go.sonobi.com,False,True,CsxknGIi,"['e29320cc54226aee4e56a43ee6fa79b553ecc35d18a9349c38a98f6d62047255', '973a41276ffd01e027a2aad49e34c37846d3e976ff6a620b6712e33832041aa6', '3a2fbe92891e57fe05d57087f48e730f17e5a5f53ef403d618e5b74d7a7e6ecb', 'c3846bf24b9e93ca64274c0ec67c1ecc5e024ffcacd2d74019350e81fe546ae4']",[],1.0,0ffee3ba8e615ad22535e7f771690a28,303951d4c50efb2e991652225a6f02b1,,,13142.911625,10.0.2.15,58736,54.154.169.202,443,tcp,8.612162999999782,1458.0,5298.0,SF,True,False,0,ShADadfF,11,1906,12,5782,ssl,0
13146.511142,Ck8oWh4RZltM2awjQ4,10.0.2.15,58739,95.101.250.34,443,TLSv12,TLS_ECDHE_RSA_WITH_AES_256_GCM_SHA384,secp256r1,p.typekit.net,False,True,CsxknGIti,"['a023403dd8cfbb6a4de86bc4fc5926cf3d96ed52280ca0c8f64937c50ff66c73', 'eae72eb454bf6c3977ebd289e970b2f5282949190093d0d26f98d0f0d6a9cf17']",[],1.0,0ffee3ba8e615ad22535e7f771690a28,2b33c1374db4ddf06942f92373c0b54b,http/1.1,,13145.831416,10.0.2.15,58739,95.101.250.34,443,tcp,4.093699999999444,348.0,3958.0,SF,True,False,0,ShADadFfRr,10,756,12,4442,ssl,0
13151.221181,CdXl0qJOrt8eA8BD9,10.0.2.15,58740,185.118.124.156,443,TLSv12,TLS_RSA_WITH_AES_256_CBC_SHA,,pix04.revsci.net,False,True,CsxnGIi,"['a6e594cc71589c5c40ce223a37fe46c5d5e25d17a2698fea802da8bc90f027ec', 'de2ccb08746eaf02998e6c95e24a3d2cfb6ff4a3d41eafbf83fd570066f2f2a8', '1a5174980a294a528a110726d5855650266c48d9883bea692b67b6d726da98c5', '687fa451382278fff0c8b11f8d43d576671c6eb2bceab413fb83d965d06d2ff2']",[],1.0,0ffee3ba8e615ad22535e7f771690a28,db8185c4eafa7114cadaf05965b09ef0,,,13150.850503,10.0.2.15,58740,185.118.124.156,443,tcp,138.6887459999998,5857.0,10449.0,SF,True,False,0,ShADadTTFf,28,6998,33,11773,ssl,0
13151.235316,CpbdKB3WNjs5w747p5,10.0.2.15,58741,185.118.124.156,443,TLSv12,TLS_RSA_WITH_AES_256_CBC_SHA,,pix04.revsci.net,False,True,CsxnGIi,"['a6e594cc71589c5c40ce223a37fe46c5d5e25d17a2698fea802da8bc90f027ec', 'de2ccb08746eaf02998e6c95e24a3d2cfb6ff4a3d41eafbf83fd570066f2f2a8', '1a5174980a294a528a110726d5855650266c48d9883bea692b67b6d726da98c5', '687fa451382278fff0c8b11f8d43d576671c6eb2bceab413fb83d965d06d2ff2']",[],1.0,0ffee3ba8e615ad22535e7f771690a28,db8185c4eafa7114cadaf05965b09ef0,,,13150.852001,10.0.2.15,58741,185.118.124.156,443,tcp,9.683154000000286,588.0,5692.0,SF,True,False,0,ShADadFf,11,1036,13,6216,ssl,0
13151.700634,CBbbTF39oEdcZpEU1b,10.0.2.15,58746,54.192.93.27,443,TLSv12,TLS_ECDHE_RSA_WITH_AES_128_GCM_SHA256,secp256r1,csp-endpoint.timeinc.net,False,True,CsxuknGIti,"['f5e80d74e1c2aec4df7de18fcdc2b6dc6195cd9e83dad544194393bd214ffe4b', '111006378afbe8e99bb02ba87390ca429fca2773f74d7f7eb5744f5ddf68014b', '4f32d5dc00f715250abcc486511e37f501a899deb3bf7ea8adbbd3aef1c412da', '687fa451382278fff0c8b11f8d43d576671c6eb2bceab413fb83d965d06d2ff2']",[],1.0,0ffee3ba8e615ad22535e7f771690a28,76cc3e2d3028143b23ec18e27dbd7ca9,http/1.1,,13151.028963,10.0.2.15,58746,54.192.93.27,443,tcp,146.95450699999856,1956.0,7756.0,SF,True,False,0,ShADadTTfF,26,3017,29,8920,ssl,0
13152.241331,CNnyV226nTgAxFjzO,10.0.2.15,58750,172.217.23.234,443,TLSv12,TLS_ECDHE_RSA_WITH_AES_128_GCM_SHA256,,fonts.googleapis.com,True,True,CsiI,,,,1a5fe5677b0e4fbbc854e8908225637d,67619a80665d7ab92d1041b1d11f9164,h2,,13151.252827,10.0.2.15,58750,172.217.23.234,443,tcp,266.9722409999995,2369.0,244390.0,RSTR,True,False,0,ShADadWRr,87,5857,249,254354,ssl,0
13152.23762,ChWjGk4inX7scdS4Jk,10.0.2.15,58751,54.192.93.177,443,TLSv12,TLS_ECDHE_RSA_WITH_AES_128_GCM_SHA256,secp256r1,adops-static.timeinc.net,False,True,CsxuknGIti,"['d5de532b400edd05ae21ab3f6af39198844b3376621b053e099e3996847d625c', 'f55f9ffcb83c73453261601c7e044db15a0f034b93c05830f28635ef889cf670', '87dcd4dc74640a322cd205552506d1be64f12596258096544986b4850bc72706', '28689b30e4c306aab53b027b29e36ad6dd1dcf4b953994482ca84bdc1ecac996']",[],1.0,0ffee3ba8e615ad22535e7f771690a28,76cc3e2d3028143b23ec18e27dbd7ca9,h2,,13151.255572,10.0.2.15,58751,54.192.93.177,443,tcp,228.07718399999976,1052.0,7332.0,SF,True,False,0,ShADadFf,21,1900,23,8256,ssl,0
13152.249659,CvLngj2DMb7x1MU5dj,10.0.2.15,58748,95.101.252.144,443,TLSv12,TLS_ECDHE_RSA_WITH_AES_256_GCM_SHA384,,z.moatads.com,True,True,CsiI,,,,1a5fe5677b0e4fbbc854e8908225637d,410b9bedaf65dd26c6fe547154d60db4,http/1.1,,13151.249283,10.0.2.15,58748,95.101.252.144,443,tcp,221.57218300000025,2078.0,132470.0,SF,True,False,0,ShADadTTFRfr,65,4706,152,138554,ssl,0
13152.253233,CEj0Oh2x3uS6yLt4p1,10.0.2.15,58747,54.192.93.99,443,TLSv12,TLS_ECDHE_RSA_WITH_AES_128_GCM_SHA256,secp256r1,ib.3lift.com,False,True,CsxuknGIti,"['057be7f3283cd9a93c9f14fdbc13184bdabb068be86937bcca4e6b1e2fbad76d', 'f55f9ffcb83c73453261601c7e044db15a0f034b93c05830f28635ef889cf670', '87dcd4dc74640a322cd205552506d1be64f12596258096544986b4850bc72706', '28689b30e4c306aab53b027b29e36ad6dd1dcf4b953994482ca84bdc1ecac996']",[],1.0,0ffee3ba8e615ad22535e7f771690a28,76cc3e2d3028143b23ec18e27dbd7ca9,http/1.1,,13151.245789,10.0.2.15,58747,54.192.93.99,443,tcp,174.35061999999925,2176.0,51196.0,SF,True,False,0,ShADadTTfF,44,3958,77,54280,ssl,0
13152.248565,CPvbwl37ZqYlSfQp5b,10.0.2.15,58749,52.72.197.4,443,TLSv12,TLS_ECDHE_RSA_WITH_AES_128_GCM_SHA256,secp256r1,wfpscripts.webspectator.com,False,True,CsxknGIti,"['5b58a2165a09a7894077ea7a43bbfc3d5a05906d91162ebe1c12fe62da3d88f5', '973a41276ffd01e027a2aad49e34c37846d3e976ff6a620b6712e33832041aa6', '3a2fbe92891e57fe05d57087f48e730f17e5a5f53ef403d618e5b74d7a7e6ecb', 'c3846bf24b9e93ca64274c0ec67c1ecc5e024ffcacd2d74019350e81fe546ae4']",[],1.0,0ffee3ba8e615ad22535e7f771690a28,ccc514751b175866924439bdbb5bba34,,,13151.250592,10.0.2.15,58749,52.72.197.4,443,tcp,10.649237999999968,695.0,7351.0,SF,True,False,0,ShADadfF,12,1183,15,7955,ssl,0
13152.23357,CBKrfr39ewD17Ofyk1,10.0.2.15,58745,35.163.28.163,443,TLSv12,TLS_ECDHE_RSA_WITH_AES_128_GCM_SHA256,secp256r1,api.segment.io,False,True,CsxknGIti,"['1056f9b178b85f0151b370b1db60a8ef8ca329c7d395d5064e6bb2f2d899fb54', '154c433c491929c5ef686e838e323664a00e6a0d822ccc958fb4dab03e49a08f']",[],1.0,0ffee3ba8e615ad22535e7f771690a28,8d2a028aa94425f76ced7826b1f39039,h2,,13151.023781,10.0.2.15,58745,35.163.28.163,443,tcp,227.09705100000065,3706.0,3841.0,SF,True,False,0,ShADadFf,25,4714,27,4925,ssl,0
13154.230927,CLpZiz2OaiJZla4Vk8,10.0.2.15,58753,95.101.245.177,443,TLSv12,TLS_ECDHE_RSA_WITH_AES_256_GCM_SHA384,,as-sec.casalemedia.com,True,True,CsiI,,,,1a5fe5677b0e4fbbc854e8908225637d,410b9bedaf65dd26c6fe547154d60db4,http/1.1,,13152.257238,10.0.2.15,58753,95.101.245.177,443,tcp,142.609183999999,8862.0,37080.0,SF,True,False,0,ShADadTTFfRr,39,10443,60,39484,ssl,0
13154.222531,CLMRmD1pkhZ7Ft4Oe9,10.0.2.15,58758,95.101.245.177,443,TLSv12,TLS_ECDHE_RSA_WITH_AES_256_GCM_SHA384,,as-sec.casalemedia.com,True,True,CsiI,,,,1a5fe5677b0e4fbbc854e8908225637d,410b9bedaf65dd26c6fe547154d60db4,http/1.1,,13152.281027,10.0.2.15,58758,95.101.245.177,443,tcp,142.58535099999972,6151.0,817.0,SF,True,False,0,ShADadTTFfRr,28,7292,28,1941,ssl,0
13154.225194,Cn37lq1LeBodc9pHCl,10.0.2.15,58756,216.58.201.66,443,TLSv12,TLS_ECDHE_RSA_WITH_AES_128_GCM_SHA256,,cm.g.doubleclick.net,True,True,CsiI,,,,1a5fe5677b0e4fbbc854e8908225637d,67619a80665d7ab92d1041b1d11f9164,h2,,13152.275795,10.0.2.15,58756,216.58.201.66,443,tcp,290.28181100000074,5773.0,4201.0,SF,True,False,0,ShADadFf,63,8301,68,6925,ssl,0
13154.216715,CbBwm7Z7vR1NCCvo1,10.0.2.15,58752,185.118.124.154,443,TLSv12,TLS_RSA_WITH_AES_256_CBC_SHA,,pq-direct.revsci.net,False,True,CsxnGIi,"['a6e594cc71589c5c40ce223a37fe46c5d5e25d17a2698fea802da8bc90f027ec', 'de2ccb08746eaf02998e6c95e24a3d2cfb6ff4a3d41eafbf83fd570066f2f2a8', '1a5174980a294a528a110726d5855650266c48d9883bea692b67b6d726da98c5', '687fa451382278fff0c8b11f8d43d576671c6eb2bceab413fb83d965d06d2ff2']",[],1.0,0ffee3ba8e615ad22535e7f771690a28,db8185c4eafa7114cadaf05965b09ef0,,,13152.256612,10.0.2.15,58752,185.118.124.154,443,tcp,142.63204100000075,11242.0,6630.0,SF,True,False,0,ShADadTTFf,33,12583,34,7994,ssl,0
13154.226904,CLoSTevpeH1AdBg5l,10.0.2.15,58755,216.58.201.98,443,TLSv12,TLS_ECDHE_RSA_WITH_AES_128_GCM_SHA256,x25519,adx.g.doubleclick.net,False,True,CsxknGIti,"['a32ffddd76f9e7debbfc9a37b38d2ef86039b30a10d7c45ab8223d149cf99699', '9f630426df1d8abfd80ace98871ba833ab9742cb34838de2b5285ed54c0c7dcc', '3c35cc963eb004451323d3275d05b353235053490d9cd83729a2faf5e7ca1cc0']",[],1.0,0ffee3ba8e615ad22535e7f771690a28,ab41313cfec25328b20865eb1388e0a2,h2,,13152.273942,10.0.2.15,58755,216.58.201.98,443,tcp,69.47624899999937,580.0,4131.0,SF,True,False,0,ShADadFf,14,1148,14,4695,ssl,0
13154.229386,CptcO41mNOPMD7yLyj,10.0.2.15,58754,178.250.2.100,443,TLSv12,TLS_RSA_WITH_AES_128_CBC_SHA,,rtax.criteo.com,False,True,CsxnGIi,"['b0337c4f8b2eca88eca4de5aad8cba6d249c58c7a69f2d4b680e5adae991d2ac', 'eae72eb454bf6c3977ebd289e970b2f5282949190093d0d26f98d0f0d6a9cf17', '8420dfbe376f414bf4c0a81e6936d24ccc03f304835b86c7a39142fca723a689']",[],1.0,0ffee3ba8e615ad22535e7f771690a28,5dcc087b1a1d0a5b0658981a7e8b2c3c,,,13152.258303,10.0.2.15,58754,178.250.2.100,443,tcp,15.780141999999614,3536.0,7151.0,SF,True,False,0,ShADadfF,15,4144,17,7835,ssl,0
13155.716636,CJZQVpSiF3yc9fNP3,10.0.2.15,58759,95.100.189.14,443,TLSv12,TLS_ECDHE_RSA_WITH_AES_256_GCM_SHA384,,c.betrad.com,True,True,CsiI,,,,1a5fe5677b0e4fbbc854e8908225637d,410b9bedaf65dd26c6fe547154d60db4,http/1.1,,13154.232838,10.0.2.15,58759,95.100.189.14,443,tcp,154.51972299999943,1591.0,1912.0,SF,True,False,0,ShADadTTFf,28,2733,27,2996,ssl,0
13155.734701,CEsFpo1trsi5aNxQUe,10.0.2.15,58761,54.154.169.202,443,TLSv12,TLS_ECDHE_RSA_WITH_AES_128_GCM_SHA256,,apex.go.sonobi.com,True,True,CsiI,,,,0ffee3ba8e615ad22535e7f771690a28,303951d4c50efb2e991652225a6f02b1,,,13154.242501,10.0.2.15,58761,54.154.169.202,443,tcp,8.139264999999796,1383.0,2244.0,SF,True,False,0,ShADadFf,9,1751,10,2648,ssl,0
13155.715174,CL7DSo3WxW0bx4RhX,10.0.2.15,58760,54.192.93.101,443,TLSv12,TLS_ECDHE_RSA_WITH_AES_128_GCM_SHA256,secp256r1,subscription-assets.timeinc.com,False,True,CsxuknGIti,"['9df10efec0b585b36e99189825deb5f51758c7341b277fa60cab3e65eb03a5e5', '111006378afbe8e99bb02ba87390ca429fca2773f74d7f7eb5744f5ddf68014b']",[],1.0,0ffee3ba8e615ad22535e7f771690a28,76cc3e2d3028143b23ec18e27dbd7ca9,h2,,13154.241392,10.0.2.15,58760,54.192.93.101,443,tcp,233.72323499999948,2440.0,89314.0,SF,True,False,0,ShADadFf,56,4688,110,93718,ssl,0
13156.782222,CyMrcm4q1OvuN5G0rl,10.0.2.15,58762,54.192.93.17,443,TLSv12,TLS_ECDHE_RSA_WITH_AES_128_GCM_SHA256,secp256r1,native.sharethrough.com,False,True,CsxuknGIti,"['016adb8bf1adc1c6c272ebcf7e9afd3d3e5edf58d7c13536caef615154bbda38', '973a41276ffd01e027a2aad49e34c37846d3e976ff6a620b6712e33832041aa6', '3a2fbe92891e57fe05d57087f48e730f17e5a5f53ef403d618e5b74d7a7e6ecb', 'c3846bf24b9e93ca64274c0ec67c1ecc5e024ffcacd2d74019350e81fe546ae4']",[],1.0,0ffee3ba8e615ad22535e7f771690a28,76cc3e2d3028143b23ec18e27dbd7ca9,h2,,13156.419863,10.0.2.15,58762,54.192.93.17,443,tcp,415.8172330000016,1478.0,78829.0,SF,True,False,0,ShADadFf,48,3406,101,82873,ssl,0
13156.787119,C2m0SX2cwyZuLKu5R1,10.0.2.15,58763,54.192.93.101,443,TLSv12,TLS_ECDHE_RSA_WITH_AES_128_GCM_SHA256,secp256r1,subscription-assets.timeinc.com,False,True,CsxuknGIti,"['9df10efec0b585b36e99189825deb5f51758c7341b277fa60cab3e65eb03a5e5', '111006378afbe8e99bb02ba87390ca429fca2773f74d7f7eb5744f5ddf68014b']",[],1.0,0ffee3ba8e615ad22535e7f771690a28,76cc3e2d3028143b23ec18e27dbd7ca9,h2,,13156.420542,10.0.2.15,58763,54.192.93.101,443,tcp,6.979706000000078,1002.0,7162.0,SF,True,False,0,ShADadFf,15,1610,19,7926,ssl,0
13159.288527,CXEjhZ12W14iZuTtpj,10.0.2.15,58771,54.192.93.17,443,TLSv12,TLS_ECDHE_RSA_WITH_AES_128_GCM_SHA256,secp256r1,native.sharethrough.com,False,True,CsxuknGIti,"['016adb8bf1adc1c6c272ebcf7e9afd3d3e5edf58d7c13536caef615154bbda38', '973a41276ffd01e027a2aad49e34c37846d3e976ff6a620b6712e33832041aa6', '3a2fbe92891e57fe05d57087f48e730f17e5a5f53ef403d618e5b74d7a7e6ecb', 'c3846bf24b9e93ca64274c0ec67c1ecc5e024ffcacd2d74019350e81fe546ae4']",[],1.0,0ffee3ba8e615ad22535e7f771690a28,76cc3e2d3028143b23ec18e27dbd7ca9,h2,,13158.987953,10.0.2.15,58771,54.192.93.17,443,tcp,3.770746000000144,872.0,76590.0,SF,True,False,0,ShADadFf,37,2360,87,80074,ssl,0
13159.294725,CiwjMJ15ZYXDMLEft3,10.0.2.15,58769,95.101.245.55,443,TLSv12,TLS_ECDHE_RSA_WITH_AES_256_GCM_SHA384,secp256r1,widgets.outbrain.com,False,True,CsxknGIti,"['51ad7b30860dee6d7a5b351d2867ea37788e07893f3c69f2dc13d82bdf31f7ec', 'eae72eb454bf6c3977ebd289e970b2f5282949190093d0d26f98d0f0d6a9cf17', '8420dfbe376f414bf4c0a81e6936d24ccc03f304835b86c7a39142fca723a689']",[],1.0,0ffee3ba8e615ad22535e7f771690a28,2b33c1374db4ddf06942f92373c0b54b,http/1.1,,13158.984715,10.0.2.15,58769,95.101.245.55,443,tcp,6.595772999999099,2169.0,26861.0,SF,True,False,0,ShADadFfRr,17,2857,32,28145,ssl,0
13159.29655,CnVuQS1fsunGLPWEXe,10.0.2.15,58768,151.101.112.249,443,TLSv12,TLS_ECDHE_RSA_WITH_AES_128_GCM_SHA256,secp256r1,static.chartbeat.com,False,True,CsxuknGIti,"['ca5c57bee6ab21c055dcdbe8ad25feef6d1764a92e2aaaadb5d55fb667c3f8ac', '19400be5b7a31fb733917700789d2f0a2471c0c9d506c0e504c06c16d7cb17c0']",[],1.0,0ffee3ba8e615ad22535e7f771690a28,860fcf58fd757e26aa8911e5eaff6b53,http/1.1,,13158.982525,10.0.2.15,58768,151.101.112.249,443,tcp,130.5409980000004,706.0,19025.0,SF,True,False,0,ShADadTTFfRr,29,1886,38,20549,ssl,0
13159.283523,CUCuDe4FVJ82AGg24l,10.0.2.15,58765,63.140.54.49,443,TLSv12,TLS_ECDHE_RSA_WITH_AES_256_GCM_SHA384,secp256r1,smetrics.realsimple.com,False,True,CsxknGIi,"['28863a5d4c3f1f5237c26bd8bbb88e48f7220b40024e305a2e6b06fa2853a0fa', '19400be5b7a31fb733917700789d2f0a2471c0c9d506c0e504c06c16d7cb17c0']",[],1.0,0ffee3ba8e615ad22535e7f771690a28,28ef90cc3d9d08c96a8a2cb6f365a79e,,,13158.789343,10.0.2.15,58765,63.140.54.49,443,tcp,6.896257999998852,1811.0,4389.0,SF,True,False,0,ShADadFf,10,2219,12,4873,ssl,0
13159.299207,CtSgS619lD7NzsyAf4,10.0.2.15,58767,54.192.95.211,443,TLSv12,TLS_ECDHE_RSA_WITH_AES_128_GCM_SHA256,secp256r1,wms-na.amazon-adsystem.com,False,True,CsxuknGIti,"['d8ad49f2f70708a9e8372e7bbc012477b169077abf721c637ec3312155a1c55e', 'eae72eb454bf6c3977ebd289e970b2f5282949190093d0d26f98d0f0d6a9cf17']",[],1.0,0ffee3ba8e615ad22535e7f771690a28,76cc3e2d3028143b23ec18e27dbd7ca9,http/1.1,,13158.981414,10.0.2.15,58767,54.192.95.211,443,tcp,123.4861230000006,760.0,13209.0,SF,True,False,0,ShADadTTfF,23,1699,30,14413,ssl,0
13159.300964,CFRPuo3XM2STIqBXk9,10.0.2.15,58766,151.101.112.129,443,TLSv12,TLS_ECDHE_RSA_WITH_AES_128_GCM_SHA256,secp256r1,s.skimresources.com,False,True,CsxknGIti,"['ca5c57bee6ab21c055dcdbe8ad25feef6d1764a92e2aaaadb5d55fb667c3f8ac', '19400be5b7a31fb733917700789d2f0a2471c0c9d506c0e504c06c16d7cb17c0']",[],1.0,0ffee3ba8e615ad22535e7f771690a28,5bf3945147163753a854e165090c4120,http/1.1,,13158.980043,10.0.2.15,58766,151.101.112.129,443,tcp,6.566536000000269,1168.0,26001.0,SF,True,False,0,ShADadFfRr,18,1896,34,27365,ssl,0
13159.285119,CDFDa74PTo9vyd6Yuh,10.0.2.15,58764,63.140.54.49,443,TLSv12,TLS_ECDHE_RSA_WITH_AES_256_GCM_SHA384,secp256r1,smetrics.realsimple.com,False,True,CsxknGIi,"['28863a5d4c3f1f5237c26bd8bbb88e48f7220b40024e305a2e6b06fa2853a0fa', '19400be5b7a31fb733917700789d2f0a2471c0c9d506c0e504c06c16d7cb17c0']",[],1.0,0ffee3ba8e615ad22535e7f771690a28,28ef90cc3d9d08c96a8a2cb6f365a79e,,,13158.787982,10.0.2.15,58764,63.140.54.49,443,tcp,9.80337999999938,357.0,3105.0,SF,True,False,0,ShADadFf,10,765,12,3589,ssl,0
13159.29176,COwI014u55JOyeevQi,10.0.2.15,58770,34.192.57.154,443,TLSv12,TLS_ECDHE_RSA_WITH_AES_128_GCM_SHA256,secp256r1,www.zergnet.com,False,True,CsxknGIti,"['6bb71c054b49054320e40b3cbb1c46a1d63f3f9b84a24f3c756c0ab1d9229bf8', '973a41276ffd01e027a2aad49e34c37846d3e976ff6a620b6712e33832041aa6', '3a2fbe92891e57fe05d57087f48e730f17e5a5f53ef403d618e5b74d7a7e6ecb', 'c3846bf24b9e93ca64274c0ec67c1ecc5e024ffcacd2d74019350e81fe546ae4']",[],1.0,0ffee3ba8e615ad22535e7f771690a28,8d2a028aa94425f76ced7826b1f39039,h2,,13158.986516,10.0.2.15,58770,34.192.57.154,443,tcp,236.3813179999997,1208.0,8194.0,SF,True,False,0,ShADadFf,21,2056,25,9198,ssl,0
13161.154219,CmTGzW3lJG0CLmPMuc,10.0.2.15,58779,95.101.252.144,443,TLSv12,TLS_ECDHE_RSA_WITH_AES_256_GCM_SHA384,,z.moatads.com,True,True,CsiI,,,,1a5fe5677b0e4fbbc854e8908225637d,410b9bedaf65dd26c6fe547154d60db4,http/1.1,,13160.760532,10.0.2.15,58779,95.101.252.144,443,tcp,7.135582999999315,599.0,183.0,RSTO,True,False,0,ShADadFR,7,887,7,467,ssl,0
13161.158944,CY0aNt4T5oxu9LkPPc,10.0.2.15,58777,95.100.191.4,443,TLSv12,TLS_ECDHE_RSA_WITH_AES_256_GCM_SHA384,,sb.scorecardresearch.com,True,True,CsiI,,,,1a5fe5677b0e4fbbc854e8908225637d,410b9bedaf65dd26c6fe547154d60db4,http/1.1,,13160.759368,10.0.2.15,58777,95.100.191.4,443,tcp,4.787020999998276,1472.0,889.0,SF,True,False,0,ShADadFfRr,12,1960,13,1413,ssl,0
13161.162063,CrFJ434qelWejl0Dp1,10.0.2.15,58776,95.100.191.4,443,TLSv12,TLS_ECDHE_RSA_WITH_AES_256_GCM_SHA384,,sb.scorecardresearch.com,True,True,CsiI,,,,1a5fe5677b0e4fbbc854e8908225637d,410b9bedaf65dd26c6fe547154d60db4,http/1.1,,13160.75859,10.0.2.15,58776,95.100.191.4,443,tcp,318.33661100000063,4512.0,1845.0,SF,True,False,0,ShADadTTFfRr,49,6508,49,3809,ssl,0
13161.1573,C99ZtM2qo4XGIonE51,10.0.2.15,58778,69.16.175.42,443,TLSv12,TLS_ECDHE_RSA_WITH_AES_128_GCM_SHA256,secp256r1,gwiqcdn.globalwebindex.net,False,True,CsxuknGIti,"['f850eb02e343ceaee37253d5afef370b7edf3e4d7826cb180d35e89b21f08b5d', '4f32d5dc00f715250abcc486511e37f501a899deb3bf7ea8adbbd3aef1c412da', '02ab57e4e67a0cb48dd2ff34830e8ac40f4476fb08ca6be3f5cd846f646840f0']",[],1.0,0ffee3ba8e615ad22535e7f771690a28,a9f50de6377ae7c6dbaabc53f089ac30,,,13160.759982,10.0.2.15,58778,69.16.175.42,443,tcp,4.816447000001062,734.0,20728.0,SF,True,False,0,ShADadFfRr,16,1382,27,21812,ssl,0
13161.165169,C2n2dW1nbATchOgkl9,10.0.2.15,58775,54.192.93.102,443,TLSv12,TLS_ECDHE_RSA_WITH_AES_128_GCM_SHA256,secp256r1,session.timecommerce.net,False,True,CsxuknGIti,"['0083356f2bb9109f1b7349f6eaff9cbdcb14964bb9e831e9f645db45eab860a8', 'f55f9ffcb83c73453261601c7e044db15a0f034b93c05830f28635ef889cf670', '87dcd4dc74640a322cd205552506d1be64f12596258096544986b4850bc72706', '28689b30e4c306aab53b027b29e36ad6dd1dcf4b953994482ca84bdc1ecac996']",[],1.0,0ffee3ba8e615ad22535e7f771690a28,76cc3e2d3028143b23ec18e27dbd7ca9,http/1.1,,13160.757926,10.0.2.15,58775,54.192.93.102,443,tcp,4.801395000000412,1598.0,6856.0,SF,True,False,0,ShADadFf,11,2046,14,7420,ssl,0
13161.152308,CzibYG2sMCNY7ZfQSh,10.0.2.15,58780,54.84.163.33,443,TLSv12,TLS_ECDHE_RSA_WITH_AES_128_GCM_SHA256,secp256r1,idsync.rlcdn.com,False,True,CsxknGIi,"['7c75ac9ac997d5af7e63eee4070015e373d07d15fa206505a14434fb86a90686', '973a41276ffd01e027a2aad49e34c37846d3e976ff6a620b6712e33832041aa6', '3a2fbe92891e57fe05d57087f48e730f17e5a5f53ef403d618e5b74d7a7e6ecb', 'c3846bf24b9e93ca64274c0ec67c1ecc5e024ffcacd2d74019350e81fe546ae4']",[],1.0,0ffee3ba8e615ad22535e7f771690a28,303951d4c50efb2e991652225a6f02b1,,,13160.76105,10.0.2.15,58780,54.84.163.33,443,tcp,6.389510000000882,1465.0,6843.0,SF,True,False,0,ShADadFfRr,13,1993,16,7487,ssl,0
13161.169176,CBZMWJ3lqUxZM7fYr4,10.0.2.15,58773,130.211.103.172,443,TLSv12,TLS_ECDHE_RSA_WITH_AES_256_GCM_SHA384,secp256r1,mpp.vindicosuite.com,False,True,CsxknGIti,"['e2825dba3b8eae4012ae5d041988843ad3934e1e8336afd795b0c2edac93fe0a', '973a41276ffd01e027a2aad49e34c37846d3e976ff6a620b6712e33832041aa6', '3a2fbe92891e57fe05d57087f48e730f17e5a5f53ef403d618e5b74d7a7e6ecb', 'c3846bf24b9e93ca64274c0ec67c1ecc5e024ffcacd2d74019350e81fe546ae4']",[],1.0,0ffee3ba8e615ad22535e7f771690a28,e35df3e00ca4ef31d42b34bebaa2f86e,,,13160.747823,10.0.2.15,58773,130.211.103.172,443,tcp,5.828679000000193,796.0,6089.0,RSTR,True,False,0,ShADadRr,11,1244,12,6573,ssl,0
13161.174067,C7jWqy3eQdzYkJ4nGd,10.0.2.15,58772,54.192.94.223,443,TLSv12,TLS_ECDHE_RSA_WITH_AES_128_GCM_SHA256,secp256r1,tag.bounceexchange.com,False,True,CsxuknGIti,"['122269d88912deb14fdd1aa7a90b6ae2a719b29d8c846c8a2a914c24c51f1a84', 'f55f9ffcb83c73453261601c7e044db15a0f034b93c05830f28635ef889cf670', '87dcd4dc74640a322cd205552506d1be64f12596258096544986b4850bc72706', '28689b30e4c306aab53b027b29e36ad6dd1dcf4b953994482ca84bdc1ecac996']",[],1.0,0ffee3ba8e615ad22535e7f771690a28,76cc3e2d3028143b23ec18e27dbd7ca9,h2,,13160.746011,10.0.2.15,58772,54.192.94.223,443,tcp,9.273326000000452,962.0,53116.0,SF,True,False,0,ShADadFf,33,2290,68,55840,ssl,0
13161.16706,CRJr5L3FZmiZCS2ns,10.0.2.15,58774,54.84.163.33,443,TLSv12,TLS_ECDHE_RSA_WITH_AES_128_GCM_SHA256,secp256r1,idsync.rlcdn.com,False,True,CsxknGIi,"['7c75ac9ac997d5af7e63eee4070015e373d07d15fa206505a14434fb86a90686', '973a41276ffd01e027a2aad49e34c37846d3e976ff6a620b6712e33832041aa6', '3a2fbe92891e57fe05d57087f48e730f17e5a5f53ef403d618e5b74d7a7e6ecb', 'c3846bf24b9e93ca64274c0ec67c1ecc5e024ffcacd2d74019350e81fe546ae4']",[],1.0,0ffee3ba8e615ad22535e7f771690a28,303951d4c50efb2e991652225a6f02b1,,,13160.749262,10.0.2.15,58774,54.84.163.33,443,tcp,6.401343000001361,1466.0,6844.0,SF,True,False,0,ShADadFfRr,13,1994,17,7528,ssl,0
13163.497721,CODdMn14W2kVYIPj83,10.0.2.15,58781,130.211.27.95,443,TLSv12,TLS_ECDHE_RSA_WITH_AES_128_GCM_SHA256,x25519,uid.vindicosuite.com,False,True,CsxknGIti,"['416b07fc0640cc74c630cdc55a376ce0c3c34976b95273510a9e9031fd9e6202', '416b07fc0640cc74c630cdc55a376ce0c3c34976b95273510a9e9031fd9e6202', '154c433c491929c5ef686e838e323664a00e6a0d822ccc958fb4dab03e49a08f', '4348a0e9444c78cb265e058d5e8944b4d84f9662bd26db257f8934a443c70161']",[],1.0,0ffee3ba8e615ad22535e7f771690a28,ab41313cfec25328b20865eb1388e0a2,h2,,13163.23129,10.0.2.15,58781,130.211.27.95,443,tcp,3.336349999999584,290.0,5530.0,RSTO,True,False,0,ShADadR,8,618,8,5854,ssl,0
13163.919076,CxyZg342ACIK9ylSo3,10.0.2.15,58783,172.217.23.227,443,TLSv12,TLS_ECDHE_ECDSA_WITH_AES_128_GCM_SHA256,,fonts.gstatic.com,True,True,CsiI,,,,1a5fe5677b0e4fbbc854e8908225637d,c23237dbea656869600e48dfbd00ab7b,h2,,13163.501176,10.0.2.15,58783,172.217.23.227,443,tcp,4.090863999999783,1229.0,13297.0,SF,True,False,0,ShADadFf,18,1957,26,14341,ssl,0
13163.920497,CiCWT03dvgMKYl6a02,10.0.2.15,58782,172.217.23.227,443,TLSv12,TLS_ECDHE_ECDSA_WITH_AES_128_GCM_SHA256,,fonts.gstatic.com,True,True,CsiI,,,,1a5fe5677b0e4fbbc854e8908225637d,c23237dbea656869600e48dfbd00ab7b,h2,,13163.500045,10.0.2.15,58782,172.217.23.227,443,tcp,4.211320999998861,1229.0,13554.0,SF,True,False,0,ShADadFf,19,1997,28,14678,ssl,0
13166.347453,CQA6Et1SqlV6PyCrfe,10.0.2.15,58784,31.13.69.203,443,TLSv12,TLS_ECDHE_ECDSA_WITH_AES_128_GCM_SHA256,secp256r1,connect.facebook.net,False,True,CsxknGIti,"['152151b387412a95ab90fd4664f2d98880408e9e43913124e4c91226a483386b', '19400be5b7a31fb733917700789d2f0a2471c0c9d506c0e504c06c16d7cb17c0']",[],1.0,0ffee3ba8e615ad22535e7f771690a28,2d1eb5817ece335c24904f516ad5da12,h2,,13166.04304,10.0.2.15,58784,31.13.69.203,443,tcp,0.6213569999999891,355.0,3826.0,RSTO,True,False,0,ShADadFR,7,643,8,4150,ssl,0
13172.618934,CCef0w1KjzTmftZhdh,10.0.2.15,58797,54.192.93.198,443,TLSv12,TLS_ECDHE_RSA_WITH_AES_128_GCM_SHA256,secp256r1,platform-cdn.sharethrough.com,False,True,CsxuknGIti,"['016adb8bf1adc1c6c272ebcf7e9afd3d3e5edf58d7c13536caef615154bbda38', '973a41276ffd01e027a2aad49e34c37846d3e976ff6a620b6712e33832041aa6', '3a2fbe92891e57fe05d57087f48e730f17e5a5f53ef403d618e5b74d7a7e6ecb', 'c3846bf24b9e93ca64274c0ec67c1ecc5e024ffcacd2d74019350e81fe546ae4']",[],1.0,0ffee3ba8e615ad22535e7f771690a28,76cc3e2d3028143b23ec18e27dbd7ca9,http/1.1,,13172.093533,10.0.2.15,58797,54.192.93.198,443,tcp,154.1627380000009,1171.0,11553.0,SF,True,False,0,ShADadTTfF,26,2232,32,12837,ssl,0
13172.6221,CvdfRt2aEn2sVMld9h,10.0.2.15,58796,178.250.0.67,443,TLSv12,TLS_RSA_WITH_AES_128_CBC_SHA,,gum.criteo.com,False,True,CsxnGIi,"['b0337c4f8b2eca88eca4de5aad8cba6d249c58c7a69f2d4b680e5adae991d2ac', 'eae72eb454bf6c3977ebd289e970b2f5282949190093d0d26f98d0f0d6a9cf17', '8420dfbe376f414bf4c0a81e6936d24ccc03f304835b86c7a39142fca723a689']",[],1.0,0ffee3ba8e615ad22535e7f771690a28,5dcc087b1a1d0a5b0658981a7e8b2c3c,,,13172.093025,10.0.2.15,58796,178.250.0.67,443,tcp,19.33248099999946,3471.0,4383.0,SF,True,False,0,ShADadTfF,14,4040,15,4987,ssl,0
13172.627449,CiV0ct2S2Zx51BMAOk,10.0.2.15,58792,52.94.233.131,443,TLSv12,TLS_ECDHE_RSA_WITH_AES_128_CBC_SHA,secp256r1,fls-na.amazon-adsystem.com,False,True,CsxknGIi,"['ead52536b2a3a1a67957c68369da7b58f5ddad5b62862df9691c6f2d5250a5c5', 'eae72eb454bf6c3977ebd289e970b2f5282949190093d0d26f98d0f0d6a9cf17']",[],1.0,0ffee3ba8e615ad22535e7f771690a28,042b018de1d862323f09d5767e4068d5,,,13172.090552,10.0.2.15,58792,52.94.233.131,443,tcp,6.776733000000604,406.0,3456.0,RSTO,True,False,0,ShADadFR,10,814,10,3860,ssl,0
13172.420313,CcZgIuHNHCEXToGN2,10.0.2.15,58791,52.94.233.131,443,TLSv12,TLS_ECDHE_RSA_WITH_AES_128_CBC_SHA,secp256r1,fls-na.amazon-adsystem.com,False,True,CsxknGIi,"['ead52536b2a3a1a67957c68369da7b58f5ddad5b62862df9691c6f2d5250a5c5', 'eae72eb454bf6c3977ebd289e970b2f5282949190093d0d26f98d0f0d6a9cf17']",[],1.0,0ffee3ba8e615ad22535e7f771690a28,042b018de1d862323f09d5767e4068d5,,,13172.088917,10.0.2.15,58791,52.94.233.131,443,tcp,11.87420800000109,998.0,3653.0,SF,True,False,0,ShADadFf,12,1486,13,4177,ssl,0
13172.624459,CbkPfYsSvLonl838g,10.0.2.15,58793,52.94.233.131,443,TLSv12,TLS_ECDHE_RSA_WITH_AES_128_CBC_SHA,secp256r1,fls-na.amazon-adsystem.com,False,True,CsxknGIi,"['ead52536b2a3a1a67957c68369da7b58f5ddad5b62862df9691c6f2d5250a5c5', 'eae72eb454bf6c3977ebd289e970b2f5282949190093d0d26f98d0f0d6a9cf17']",[],1.0,0ffee3ba8e615ad22535e7f771690a28,042b018de1d862323f09d5767e4068d5,,,13172.0913,10.0.2.15,58793,52.94.233.131,443,tcp,11.871804000000338,998.0,3653.0,SF,True,False,0,ShADadFf,12,1486,12,4137,ssl,0
13173.273772,CxfWZc3KJU1twdl1dl,10.0.2.15,58795,107.21.211.226,443,TLSv12,TLS_ECDHE_RSA_WITH_AES_128_GCM_SHA256,secp256r1,ping.chartbeat.net,False,True,CsxknGIi,"['c848edd4b7930a9cc7ac1f450cd8c8b5868efda5a746c75c8da86a6513efe77e', 'b7a8af2a4a43f0a86b15604de6461209c9cd76894d8b0748bc99d9a797013bb0']",[],1.0,0ffee3ba8e615ad22535e7f771690a28,303951d4c50efb2e991652225a6f02b1,,,13172.092537,10.0.2.15,58795,107.21.211.226,443,tcp,116.573042,6176.0,4904.0,SF,True,False,0,ShADadTFfRr,33,7511,36,6348,ssl,0
13173.276005,CGX1dC4Eia415e57Ma,10.0.2.15,58794,72.21.206.141,443,TLSv12,TLS_ECDHE_RSA_WITH_AES_128_GCM_SHA256,secp256r1,aax-us-east.amazon-adsystem.com,False,True,CsxuknGIi,"['e40575676404767adefd90cde52f9e217145e3fb94f1888120ec8cb9ba2c9254', 'eae72eb454bf6c3977ebd289e970b2f5282949190093d0d26f98d0f0d6a9cf17']",[],1.0,0ffee3ba8e615ad22535e7f771690a28,2b1f517a72b7346c86d59ef328167d49,,,13172.091968,10.0.2.15,58794,72.21.206.141,443,tcp,99.09098300000004,3407.0,15309.0,SF,True,False,0,ShADadTfF,24,4383,34,16673,ssl,0
13173.732163,CAhhew2hW2kyLQBinb,10.0.2.15,58799,63.140.54.49,443,TLSv12,TLS_ECDHE_RSA_WITH_AES_256_GCM_SHA384,,smetrics.realsimple.com,True,True,CsiI,,,,0ffee3ba8e615ad22535e7f771690a28,28ef90cc3d9d08c96a8a2cb6f365a79e,,,13172.836696,10.0.2.15,58799,63.140.54.49,443,tcp,41.698607000000266,5548.0,2501.0,SF,True,False,0,ShADadTFf,18,6278,18,3225,ssl,0
13173.733072,CdwFEWLxlGmM9xOri,10.0.2.15,58798,95.101.241.136,443,TLSv12,TLS_ECDHE_RSA_WITH_AES_256_GCM_SHA384,,cdn.optimizely.com,True,True,CsiI,,,,1a5fe5677b0e4fbbc854e8908225637d,410b9bedaf65dd26c6fe547154d60db4,h2,,13172.830888,10.0.2.15,58798,95.101.241.136,443,tcp,204.87702999999965,1236.0,46661.0,SF,True,False,0,ShADadFfRr,37,2724,66,49305,ssl,0
13175.827093,CLOUk1TUZFYsHr03j,10.0.2.15,58800,54.209.111.199,443,TLSv12,TLS_ECDHE_RSA_WITH_AES_128_GCM_SHA256,secp256r1,b.sharethrough.com,False,True,CsxknGIi,"['016adb8bf1adc1c6c272ebcf7e9afd3d3e5edf58d7c13536caef615154bbda38', '973a41276ffd01e027a2aad49e34c37846d3e976ff6a620b6712e33832041aa6', '3a2fbe92891e57fe05d57087f48e730f17e5a5f53ef403d618e5b74d7a7e6ecb', 'c3846bf24b9e93ca64274c0ec67c1ecc5e024ffcacd2d74019350e81fe546ae4']",[],1.0,0ffee3ba8e615ad22535e7f771690a28,303951d4c50efb2e991652225a6f02b1,,,13174.579359,10.0.2.15,58800,54.209.111.199,443,tcp,127.36091699999996,5147.0,6223.0,SF,True,False,0,ShADadTTFf,29,6325,32,7507,ssl,0
13176.417159,C3zVd513rqehZGEeE5,10.0.2.15,58802,54.154.169.202,443,TLSv12,TLS_ECDHE_RSA_WITH_AES_128_GCM_SHA256,,apex.go.sonobi.com,True,True,CsiI,,,,0ffee3ba8e615ad22535e7f771690a28,303951d4c50efb2e991652225a6f02b1,,,13175.830021,10.0.2.15,58802,54.154.169.202,443,tcp,6.750196000000869,1708.0,2056.0,SF,True,False,0,ShADadFf,10,2116,11,2500,ssl,0
13176.420226,Cg7pdt3FyUoZZpLWfh,10.0.2.15,58801,95.100.176.215,443,TLSv12,TLS_ECDHE_RSA_WITH_AES_256_CBC_SHA,secp256r1,www.pizzahut.com,False,True,CsxknGIti,"['eddd488766d8f877c68e9b674d5fdbebaf32c59c27f2cf62782d1136f9965956', 'eae72eb454bf6c3977ebd289e970b2f5282949190093d0d26f98d0f0d6a9cf17', '8420dfbe376f414bf4c0a81e6936d24ccc03f304835b86c7a39142fca723a689']",[],1.0,0ffee3ba8e615ad22535e7f771690a28,fe287a22c1814c37634a40cc81430145,http/1.1,,13175.828978,10.0.2.15,58801,95.100.176.215,443,tcp,105.45748500000082,9588.0,276274.0,SF,True,False,0,ShADadTFfRr,79,12762,252,286358,ssl,0
13176.416081,CZorqQaeuFx0nv5f5,10.0.2.15,58803,178.250.2.100,443,TLSv12,TLS_RSA_WITH_AES_128_CBC_SHA,,rtax.criteo.com,False,True,CsxnGIi,"['b0337c4f8b2eca88eca4de5aad8cba6d249c58c7a69f2d4b680e5adae991d2ac', 'eae72eb454bf6c3977ebd289e970b2f5282949190093d0d26f98d0f0d6a9cf17', '8420dfbe376f414bf4c0a81e6936d24ccc03f304835b86c7a39142fca723a689']",[],1.0,0ffee3ba8e615ad22535e7f771690a28,5dcc087b1a1d0a5b0658981a7e8b2c3c,,,13175.830605,10.0.2.15,58803,178.250.2.100,443,tcp,18.631486000000223,3616.0,7188.0,SF,True,False,0,ShADadTfF,15,4225,18,7912,ssl,0
13180.161382,CaUFZc4TpLQAN7f4Je,10.0.2.15,58804,216.58.201.98,443,TLSv12,TLS_ECDHE_ECDSA_WITH_AES_128_GCM_SHA256,,pagead2.googlesyndication.com,True,True,CsiI,,,,1a5fe5677b0e4fbbc854e8908225637d,c23237dbea656869600e48dfbd00ab7b,h2,,13179.422955,10.0.2.15,58804,216.58.201.98,443,tcp,225.02081,5212.0,65203.0,SF,True,False,0,ShADadFf,58,7540,104,69367,ssl,0
13181.570226,COt4Cq3zheItLUwhb2,10.0.2.15,58810,23.74.207.81,443,TLSv12,TLS_ECDHE_RSA_WITH_AES_256_GCM_SHA384,,ac.realvu.net,True,True,CsiI,,,,1a5fe5677b0e4fbbc854e8908225637d,410b9bedaf65dd26c6fe547154d60db4,http/1.1,,13180.52703,10.0.2.15,58810,23.74.207.81,443,tcp,128.22550899999987,1057.0,477.0,SF,True,False,0,ShADadTTFf,21,1917,21,1321,ssl,0
13181.571073,CUrm3t2idYmHAXdHPd,10.0.2.15,58809,23.74.207.81,443,TLSv12,TLS_ECDHE_RSA_WITH_AES_256_GCM_SHA384,,ac.realvu.net,True,True,CsiI,,,,1a5fe5677b0e4fbbc854e8908225637d,410b9bedaf65dd26c6fe547154d60db4,http/1.1,,13180.517792,10.0.2.15,58809,23.74.207.81,443,tcp,12.25908999999956,599.0,183.0,SF,True,False,0,ShADadTFfRr,9,968,10,587,ssl,0
13181.569242,CHvk9AbHUg9pmB3Kd,10.0.2.15,58807,95.101.250.34,443,TLSv12,TLS_ECDHE_RSA_WITH_AES_256_GCM_SHA384,secp256r1,p.typekit.net,False,True,CsxknGIti,"['a023403dd8cfbb6a4de86bc4fc5926cf3d96ed52280ca0c8f64937c50ff66c73', 'eae72eb454bf6c3977ebd289e970b2f5282949190093d0d26f98d0f0d6a9cf17']",[],1.0,0ffee3ba8e615ad22535e7f771690a28,2b33c1374db4ddf06942f92373c0b54b,http/1.1,,13180.164075,10.0.2.15,58807,95.101.250.34,443,tcp,10.5197309999985,816.0,4354.0,SF,True,False,0,ShADadFfRr,12,1304,14,4918,ssl,0
13181.586775,Cl4suN36Fq8LKGRiZ1,10.0.2.15,58808,52.72.197.4,443,TLSv12,TLS_ECDHE_RSA_WITH_AES_128_GCM_SHA256,,wfpscripts.webspectator.com,True,True,CsiI,,,,1a5fe5677b0e4fbbc854e8908225637d,fbe78c619e7ea20046131294ad087f05,,,13180.517332,10.0.2.15,58808,52.72.197.4,443,tcp,12.353290000000923,599.0,137.0,SF,True,False,0,ShADadTFf,9,968,8,461,ssl,0
13181.804299,CkF9cN1aGebXvmTrD5,10.0.2.15,58821,54.84.163.33,443,TLSv12,TLS_ECDHE_RSA_WITH_AES_128_GCM_SHA256,,idsync.rlcdn.com,True,True,CsiI,,,,0ffee3ba8e615ad22535e7f771690a28,303951d4c50efb2e991652225a6f02b1,,,13181.050922,10.0.2.15,58821,54.84.163.33,443,tcp,135.76874300000054,3871.0,4385.0,SF,True,False,0,ShADadTTFf,25,4890,26,5429,ssl,0
13181.792272,CcXKee3iNMn27Bx0ld,10.0.2.15,58823,173.241.240.143,443,TLSv12,TLS_ECDHE_RSA_WITH_AES_128_GCM_SHA256,secp256r1,us-u.openx.net,False,True,CsxknGIi,"['ab7de06ea7a3de3225f335667d38750434931049f9e9cb0cb4a9caf5df22819c', '074541ecdf88ed992ed5ade3ecddef27a26ba1b44480a195c0a8dadae2521d8e']",[],1.0,0ffee3ba8e615ad22535e7f771690a28,699a80bdb17efe157c861f92c5bf5d1d,,,13181.059205,10.0.2.15,58823,173.241.240.143,443,tcp,72.56840000000011,2443.0,4904.0,SF,True,False,0,ShADadTfF,20,3255,21,5748,ssl,0
13181.810257,COX2iM2nokOfht7op,10.0.2.15,58819,54.192.93.102,443,TLSv12,TLS_ECDHE_RSA_WITH_AES_128_GCM_SHA256,,session.timecommerce.net,True,True,CsiI,,,,1a5fe5677b0e4fbbc854e8908225637d,d199ba0af2b08e204c73d6d81a1fd260,http/1.1,,13181.048498,10.0.2.15,58819,54.192.93.102,443,tcp,122.04172900000049,2629.0,1321.0,SF,True,False,0,ShADadTTfF,21,3488,21,2165,ssl,0
13181.809182,CM4Dzj38ruOIlJRE6e,10.0.2.15,58820,130.211.27.95,443,TLSv12,TLS_ECDHE_RSA_WITH_AES_128_GCM_SHA256,x25519,uid.vindicosuite.com,False,True,CsxknGIti,"['416b07fc0640cc74c630cdc55a376ce0c3c34976b95273510a9e9031fd9e6202', '416b07fc0640cc74c630cdc55a376ce0c3c34976b95273510a9e9031fd9e6202', '154c433c491929c5ef686e838e323664a00e6a0d822ccc958fb4dab03e49a08f', '4348a0e9444c78cb265e058d5e8944b4d84f9662bd26db257f8934a443c70161']",[],1.0,0ffee3ba8e615ad22535e7f771690a28,ab41313cfec25328b20865eb1388e0a2,h2,,13181.049864,10.0.2.15,58820,130.211.27.95,443,tcp,215.26164400000016,1215.0,18747.0,SF,True,False,0,ShADadFf,26,2263,35,20151,ssl,0
13181.811912,CmlnKL1WurF6MMyHnj,10.0.2.15,58818,69.16.175.42,443,TLSv12,TLS_ECDHE_RSA_WITH_AES_128_GCM_SHA256,,gwiqcdn.globalwebindex.net,True,True,CsiI,,,,1a5fe5677b0e4fbbc854e8908225637d,c6227321ea7621862dc7b7351771a62c,,,13181.036453,10.0.2.15,58818,69.16.175.42,443,tcp,8.235008999999991,985.0,15286.0,SF,True,False,0,ShADadfF,13,1513,21,16130,ssl,0
13181.812807,CuwZ5i2DFMjNp6o9dl,10.0.2.15,58817,54.84.163.33,443,TLSv12,TLS_ECDHE_RSA_WITH_AES_128_GCM_SHA256,,idsync.rlcdn.com,True,True,CsiI,,,,0ffee3ba8e615ad22535e7f771690a28,303951d4c50efb2e991652225a6f02b1,,,13181.035058,10.0.2.15,58817,54.84.163.33,443,tcp,65.13581700000032,1468.0,1745.0,SF,True,False,0,ShADadTFf,16,2122,16,2389,ssl,0
13181.816619,CZX63l1usXv0XRNM97,10.0.2.15,58815,54.192.94.223,443,TLSv12,TLS_ECDHE_RSA_WITH_AES_128_GCM_SHA256,,tag.bounceexchange.com,True,True,CsiI,,,,1a5fe5677b0e4fbbc854e8908225637d,d199ba0af2b08e204c73d6d81a1fd260,h2,,13181.033464,10.0.2.15,58815,54.192.94.223,443,tcp,206.28827699999965,1331.0,47722.0,SF,True,False,0,ShADadFf,40,2939,68,50446,ssl,0
13181.819616,Cb7Aix2CUeAbhy8xZ8,10.0.2.15,58813,172.217.23.228,443,TLSv12,TLS_ECDHE_RSA_WITH_AES_128_GCM_SHA256,,www.google.com,True,True,CsiI,,,,1a5fe5677b0e4fbbc854e8908225637d,67619a80665d7ab92d1041b1d11f9164,h2,,13181.03144,10.0.2.15,58813,172.217.23.228,443,tcp,687.2894729999989,14709.0,105749.0,SF,True,False,0,ShADadFf,119,19477,185,113153,ssl,0
13181.801157,CGmkMq27mUNGvZ5NH7,10.0.2.15,58822,31.13.69.203,443,TLSv12,TLS_ECDHE_ECDSA_WITH_AES_128_GCM_SHA256,secp256r1,connect.facebook.net,False,True,CsxknGIti,"['152151b387412a95ab90fd4664f2d98880408e9e43913124e4c91226a483386b', '19400be5b7a31fb733917700789d2f0a2471c0c9d506c0e504c06c16d7cb17c0']",[],1.0,0ffee3ba8e615ad22535e7f771690a28,2d1eb5817ece335c24904f516ad5da12,h2,,13181.058447,10.0.2.15,58822,31.13.69.203,443,tcp,184.52054700000008,976.0,5589.0,SF,True,False,0,ShADadfF,19,1744,23,6513,ssl,0
13181.815732,COfusu4v19K22WbBm7,10.0.2.15,58816,130.211.103.172,443,TLSv12,TLS_ECDHE_RSA_WITH_AES_256_GCM_SHA384,secp256r1,mpp.vindicosuite.com,False,True,CsxknGIti,"['e2825dba3b8eae4012ae5d041988843ad3934e1e8336afd795b0c2edac93fe0a', '973a41276ffd01e027a2aad49e34c37846d3e976ff6a620b6712e33832041aa6', '3a2fbe92891e57fe05d57087f48e730f17e5a5f53ef403d618e5b74d7a7e6ecb', 'c3846bf24b9e93ca64274c0ec67c1ecc5e024ffcacd2d74019350e81fe546ae4']",[],1.0,1a5fe5677b0e4fbbc854e8908225637d,e35df3e00ca4ef31d42b34bebaa2f86e,,,13181.034555,10.0.2.15,58816,130.211.103.172,443,tcp,141.20198399999936,1256.0,6089.0,SF,True,False,0,ShADadTTFf,24,2236,25,7093,ssl,0
13181.82282,CfChCY31PAB16720B7,10.0.2.15,58812,173.241.240.199,443,TLSv10,TLS_RSA_WITH_3DES_EDE_CBC_SHA,,rtb-xa.openx.net,False,True,CsxnGIi,"['ab7de06ea7a3de3225f335667d38750434931049f9e9cb0cb4a9caf5df22819c', '074541ecdf88ed992ed5ade3ecddef27a26ba1b44480a195c0a8dadae2521d8e']",[],1.0,0ffee3ba8e615ad22535e7f771690a28,5cd6efb8d804faf03e1462073b729151,,,13181.030443,10.0.2.15,58812,173.241.240.199,443,tcp,156.50537799999984,3768.0,3288.0,SF,True,False,0,ShADadTTFf,30,4990,30,4492,ssl,0
13181.818595,CKNZ8m95LObymPZta,10.0.2.15,58814,169.47.30.64,443,TLSv12,TLS_RSA_WITH_AES_256_CBC_SHA,,stags.bluekai.com,False,True,CsxnGIi,"['f3e2a1e01c5e2e8f20022b198cde61baf841fcf748c4639eea3fd3db4785c81d', 'e0898ad662474b9f753c79bea878031c9a5d634a49edd6310b960ab023c02c0e']",[],1.0,0ffee3ba8e615ad22535e7f771690a28,f4fb99c318cd91a4dfff259227ba977b,http/1.1,,13181.032457,10.0.2.15,58814,169.47.30.64,443,tcp,38.5480520000001,2125.0,3684.0,SF,True,False,0,ShADadTfF,14,2695,16,4328,ssl,0
13182.699602,CwO9NP3txsYWtcP408,10.0.2.15,58826,216.58.201.98,443,TLSv12,TLS_ECDHE_RSA_WITH_AES_128_GCM_SHA256,,googleads.g.doubleclick.net,True,True,CsiI,,,,1a5fe5677b0e4fbbc854e8908225637d,67619a80665d7ab92d1041b1d11f9164,h2,,13181.825307,10.0.2.15,58826,216.58.201.98,443,tcp,533.1346950000006,17607.0,53467.0,SF,True,False,0,ShADadFf,128,22735,169,60231,ssl,0
13182.70014,CxermS1knLwCEcibT6,10.0.2.15,58825,23.74.207.81,443,TLSv12,TLS_ECDHE_RSA_WITH_AES_256_GCM_SHA384,,ac.realvu.net,True,True,CsiI,,,,1a5fe5677b0e4fbbc854e8908225637d,410b9bedaf65dd26c6fe547154d60db4,http/1.1,,13181.824603,10.0.2.15,58825,23.74.207.81,443,tcp,9.167327000001023,599.0,183.0,SF,True,False,0,ShADadFfRr,9,967,9,547,ssl,0
13182.688302,CPD1BM1hVd3Hovb2Pg,10.0.2.15,58824,23.74.207.81,443,TLSv12,TLS_ECDHE_RSA_WITH_AES_256_GCM_SHA384,,ac.realvu.net,True,True,CsiI,,,,1a5fe5677b0e4fbbc854e8908225637d,410b9bedaf65dd26c6fe547154d60db4,http/1.1,,13181.823802,10.0.2.15,58824,23.74.207.81,443,tcp,10.056767000000036,599.0,183.0,SF,True,False,0,ShADadFfRr,9,967,9,547,ssl,0
13182.698881,CTPNkF1GpcSKtEx5l8,10.0.2.15,58827,52.214.168.116,443,TLSv12,TLS_ECDHE_RSA_WITH_AES_128_GCM_SHA256,,g2.gumgum.com,True,True,CsiI,,,,0ffee3ba8e615ad22535e7f771690a28,303951d4c50efb2e991652225a6f02b1,,,13181.855862,10.0.2.15,58827,52.214.168.116,443,tcp,12.166357000000062,1755.0,41272.0,SF,True,False,0,ShADadFfRr,23,2683,47,43156,ssl,0
13182.697994,CahzUB3z1C5flXAnYe,10.0.2.15,58828,54.82.212.203,443,TLSv12,TLS_ECDHE_RSA_WITH_AES_256_GCM_SHA384,secp256r1,webservices.webspectator.com,False,True,CsxknGIti,"['5b58a2165a09a7894077ea7a43bbfc3d5a05906d91162ebe1c12fe62da3d88f5', '973a41276ffd01e027a2aad49e34c37846d3e976ff6a620b6712e33832041aa6', '3a2fbe92891e57fe05d57087f48e730f17e5a5f53ef403d618e5b74d7a7e6ecb', 'c3846bf24b9e93ca64274c0ec67c1ecc5e024ffcacd2d74019350e81fe546ae4']",[],1.0,0ffee3ba8e615ad22535e7f771690a28,758945630046fd37070521b8544d1fe8,,,13181.856626,10.0.2.15,58828,54.82.212.203,443,tcp,19.113620000000083,836.0,5732.0,SF,True,False,0,ShADadfF,10,1244,13,6256,ssl,0
13186.742907,CMiAWo3QCT3UJwBE1j,10.0.2.15,58829,95.101.252.144,443,TLSv12,TLS_ECDHE_RSA_WITH_AES_256_GCM_SHA384,,px.moatads.com,True,True,CsiI,,,,1a5fe5677b0e4fbbc854e8908225637d,410b9bedaf65dd26c6fe547154d60db4,http/1.1,,13185.859,10.0.2.15,58829,95.101.252.144,443,tcp,358.3582690000003,12851.0,3656.0,SF,True,False,0,ShADadTTFf,59,15250,58,5980,ssl,0
13194.457874,C3SkUD1h39UmF3cs73,10.0.2.15,58830,172.217.23.227,443,TLSv12,TLS_ECDHE_ECDSA_WITH_AES_128_GCM_SHA256,,fonts.gstatic.com,True,True,CsiI,,,,1a5fe5677b0e4fbbc854e8908225637d,c23237dbea656869600e48dfbd00ab7b,h2,,13192.265667,10.0.2.15,58830,172.217.23.227,443,tcp,451.0589629999995,2061.0,65584.0,SF,True,False,0,ShADadFf,50,4069,90,69188,ssl,0
13201.658333,CMPqFS22jz0HJHSOBd,10.0.2.15,58833,31.172.81.160,443,TLSv12,TLS_RSA_WITH_AES_128_CBC_SHA,,sync3.sniperlog.ru,False,True,CsxnGIti,"['a85a1ba50ebda1d1245e6d263116de24e6962867e883879de053a9b19d60321b', '973a41276ffd01e027a2aad49e34c37846d3e976ff6a620b6712e33832041aa6', '3a2fbe92891e57fe05d57087f48e730f17e5a5f53ef403d618e5b74d7a7e6ecb', 'c3846bf24b9e93ca64274c0ec67c1ecc5e024ffcacd2d74019350e81fe546ae4']",[],1.0,0ffee3ba8e615ad22535e7f771690a28,7224c92f21d262b619e105efd1055cf7,,,13197.527515,10.0.2.15,58833,31.172.81.160,443,tcp,134.48668100000032,1171.0,5706.0,SF,True,False,0,ShADadTTFf,24,2151,26,6750,ssl,0
13201.660452,CaIFGA3m3TR8MI98kc,10.0.2.15,58832,31.172.81.160,443,TLSv12,TLS_RSA_WITH_AES_128_CBC_SHA,,sync3.sniperlog.ru,False,True,CsxnGIti,"['a85a1ba50ebda1d1245e6d263116de24e6962867e883879de053a9b19d60321b', '973a41276ffd01e027a2aad49e34c37846d3e976ff6a620b6712e33832041aa6', '3a2fbe92891e57fe05d57087f48e730f17e5a5f53ef403d618e5b74d7a7e6ecb', 'c3846bf24b9e93ca64274c0ec67c1ecc5e024ffcacd2d74019350e81fe546ae4']",[],1.0,0ffee3ba8e615ad22535e7f771690a28,7224c92f21d262b619e105efd1055cf7,,,13196.557877,10.0.2.15,58832,31.172.81.160,443,tcp,15.643372000000454,622.0,5125.0,SF,True,False,0,ShADadFf,10,1030,11,5569,ssl,0
13203.505568,CDkO9d3SHCwKc9ePne,10.0.2.15,58840,95.100.176.215,443,TLSv12,TLS_ECDHE_RSA_WITH_AES_256_CBC_SHA,,www.pizzahut.com,True,True,CsiI,,,,1a5fe5677b0e4fbbc854e8908225637d,41e3ddb961f1fc640e74b5e068567626,http/1.1,,13202.641343,10.0.2.15,58840,95.100.176.215,443,tcp,78.59993200000099,7939.0,525979.0,RSTR,True,False,0,ShADadTRr,106,12192,438,543503,ssl,0
13203.506146,CuxK3T2NA8fotlUfK1,10.0.2.15,58839,95.100.176.215,443,TLSv12,TLS_ECDHE_RSA_WITH_AES_256_CBC_SHA,,www.pizzahut.com,True,True,CsiI,,,,1a5fe5677b0e4fbbc854e8908225637d,41e3ddb961f1fc640e74b5e068567626,http/1.1,,13202.6392,10.0.2.15,58839,95.100.176.215,443,tcp,78.6504189999996,6606.0,909803.0,SF,True,False,0,ShADadWTFfRr,201,14659,777,940887,ssl,0
13203.506997,C4GWR12OJACO6NHSa6,10.0.2.15,58838,95.100.176.215,443,TLSv12,TLS_ECDHE_RSA_WITH_AES_256_CBC_SHA,,www.pizzahut.com,True,True,CsiI,,,,1a5fe5677b0e4fbbc854e8908225637d,41e3ddb961f1fc640e74b5e068567626,http/1.1,,13202.638119,10.0.2.15,58838,95.100.176.215,443,tcp,78.64761200000066,6622.0,204316.0,SF,True,False,0,ShADadTFfRr,57,8915,184,211680,ssl,0
13203.507914,CU0MNQ5mKiwnhiSvf,10.0.2.15,58837,95.100.176.215,443,TLSv12,TLS_ECDHE_RSA_WITH_AES_256_CBC_SHA,,www.pizzahut.com,True,True,CsiI,,,,1a5fe5677b0e4fbbc854e8908225637d,41e3ddb961f1fc640e74b5e068567626,http/1.1,,13202.6369,10.0.2.15,58837,95.100.176.215,443,tcp,78.68787200000043,7875.0,226017.0,SF,True,False,0,ShADadTFfRr,86,11328,213,234541,ssl,0
13203.511238,CHlNf24jQWBgNlgpBg,10.0.2.15,58835,35.156.171.106,443,TLSv12,TLS_ECDHE_RSA_WITH_AES_128_GCM_SHA256,secp256r1,tlx.3lift.com,False,True,CsxknGIi,"['b474f45c1447e2483f4ddc518cc99dd14bb663764bea8f9fab330b94791a7185', 'f55f9ffcb83c73453261601c7e044db15a0f034b93c05830f28635ef889cf670', '87dcd4dc74640a322cd205552506d1be64f12596258096544986b4850bc72706', '28689b30e4c306aab53b027b29e36ad6dd1dcf4b953994482ca84bdc1ecac996']",[],1.0,0ffee3ba8e615ad22535e7f771690a28,303951d4c50efb2e991652225a6f02b1,,,13202.631387,10.0.2.15,58835,35.156.171.106,443,tcp,3.024047000000791,316.0,5069.0,RSTO,True,False,0,ShADadFR,9,684,10,5473,ssl,0
13203.513832,CLbUTl1ks6qJfc3Q1g,10.0.2.15,58834,35.157.166.31,443,TLSv12,TLS_ECDHE_RSA_WITH_AES_128_GCM_SHA256,secp256r1,eb2.3lift.com,False,True,CsxknGIi,"['b474f45c1447e2483f4ddc518cc99dd14bb663764bea8f9fab330b94791a7185', 'f55f9ffcb83c73453261601c7e044db15a0f034b93c05830f28635ef889cf670', '87dcd4dc74640a322cd205552506d1be64f12596258096544986b4850bc72706', '28689b30e4c306aab53b027b29e36ad6dd1dcf4b953994482ca84bdc1ecac996']",[],1.0,0ffee3ba8e615ad22535e7f771690a28,303951d4c50efb2e991652225a6f02b1,,,13202.629411,10.0.2.15,58834,35.157.166.31,443,tcp,3.009654999999838,316.0,5069.0,RSTO,True,False,0,ShADadFR,9,684,10,5473,ssl,0
13203.509554,CqgVkt4YVmaVtqvFgf,10.0.2.15,58836,54.243.83.190,443,TLSv12,TLS_ECDHE_RSA_WITH_AES_128_GCM_SHA256,secp256r1,10523621.collect.igodigital.com,False,True,CsxknGIi,"['ccbd056d4d20c1f07cd373746d6fe3fa7bb950294979630696a4afafb48ce9b0', '154c433c491929c5ef686e838e323664a00e6a0d822ccc958fb4dab03e49a08f']",[],1.0,0ffee3ba8e615ad22535e7f771690a28,303951d4c50efb2e991652225a6f02b1,,,13202.634727,10.0.2.15,58836,54.243.83.190,443,tcp,69.48324099999991,711.0,5835.0,SF,True,False,0,ShADadTFf,18,1445,20,6639,ssl,0
13203.87487,CyAtPZtW5PUTVLJAi,10.0.2.15,58842,35.156.171.106,443,TLSv12,TLS_ECDHE_RSA_WITH_AES_128_GCM_SHA256,secp256r1,tlx.3lift.com,False,True,CsxknGIi,"['b474f45c1447e2483f4ddc518cc99dd14bb663764bea8f9fab330b94791a7185', 'f55f9ffcb83c73453261601c7e044db15a0f034b93c05830f28635ef889cf670', '87dcd4dc74640a322cd205552506d1be64f12596258096544986b4850bc72706', '28689b30e4c306aab53b027b29e36ad6dd1dcf4b953994482ca84bdc1ecac996']",[],1.0,0ffee3ba8e615ad22535e7f771690a28,303951d4c50efb2e991652225a6f02b1,,,13203.181825,10.0.2.15,58842,35.156.171.106,443,tcp,11.507096000001184,347.0,5069.0,RSTO,True,False,0,ShADadTFR,11,796,12,5553,ssl,0
13203.879638,CsNNEL3MPfoGymgWu8,10.0.2.15,58841,35.157.166.31,443,TLSv12,TLS_ECDHE_RSA_WITH_AES_128_GCM_SHA256,secp256r1,eb2.3lift.com,False,True,CsxknGIi,"['b474f45c1447e2483f4ddc518cc99dd14bb663764bea8f9fab330b94791a7185', 'f55f9ffcb83c73453261601c7e044db15a0f034b93c05830f28635ef889cf670', '87dcd4dc74640a322cd205552506d1be64f12596258096544986b4850bc72706', '28689b30e4c306aab53b027b29e36ad6dd1dcf4b953994482ca84bdc1ecac996']",[],1.0,0ffee3ba8e615ad22535e7f771690a28,303951d4c50efb2e991652225a6f02b1,,,13203.180514,10.0.2.15,58841,35.157.166.31,443,tcp,11.667609000000084,347.0,5069.0,RSTO,True,False,0,ShADadTFR,11,796,12,5553,ssl,0
13201.280249,CC4Eas1GYZG3akiicc,10.0.2.15,58831,54.210.114.48,443,,,,l.betrad.com,False,False,C,,,,0ffee3ba8e615ad22535e7f771690a28,,,,13196.223863,10.0.2.15,58831,54.210.114.48,443,tcp,5.440970999999991,189.0,0.0,SF,True,False,0,ShAfDaF,5,397,4,164,ssl,0
13205.536717,CqEDEG2t56gfUTsUY2,10.0.2.15,58844,95.100.176.215,443,TLSv12,TLS_ECDHE_RSA_WITH_AES_256_CBC_SHA,,www.pizzahut.com,True,True,CsiI,,,,1a5fe5677b0e4fbbc854e8908225637d,41e3ddb961f1fc640e74b5e068567626,http/1.1,,13205.198879,10.0.2.15,58844,95.100.176.215,443,tcp,6.5435340000003634,645.0,229.0,RSTO,True,False,0,ShADadFR,8,973,7,513,ssl,0
13205.533493,CgENS13bXS9HslvXn2,10.0.2.15,58847,95.101.252.144,443,TLSv12,TLS_ECDHE_RSA_WITH_AES_256_GCM_SHA384,,px.moatads.com,True,True,CsiI,,,,1a5fe5677b0e4fbbc854e8908225637d,410b9bedaf65dd26c6fe547154d60db4,http/1.1,,13205.217394,10.0.2.15,58847,95.101.252.144,443,tcp,6.477161000000706,599.0,183.0,SF,True,False,0,ShADadFfRr,9,967,9,547,ssl,0
13205.550217,ChBKpHPhYvuk10hu6,10.0.2.15,58843,95.100.185.194,443,TLSv12,TLS_ECDHE_RSA_WITH_AES_256_GCM_SHA384,secp256r1,ecn.dev.virtualearth.net,False,True,CsxknGIti,"['236558e7d8d683f3a819c60b454f240127c198e172799d0066fc23858255a4a1', '2399983e99703ebd01cea466c10799810c4ba62a8d61b88170a334dcd61bb20f']",[],1.0,0ffee3ba8e615ad22535e7f771690a28,2b33c1374db4ddf06942f92373c0b54b,http/1.1,,13205.194781,10.0.2.15,58843,95.100.185.194,443,tcp,136.5838619999995,1053.0,74344.0,SF,True,False,0,ShADadTTFfRr,40,2673,86,77788,ssl,0
13207.350291,Ctc0XZ2Ry7LIHBySN3,10.0.2.15,58845,185.57.60.186,443,TLSv12,TLS_ECDHE_ECDSA_WITH_AES_256_GCM_SHA384,secp256r1,pixel.tapad.com,False,True,CsxknGIti,"['2e07c3eefcc0f914e58014ebb73641b122d04bc44d3fa4319f90ab3d10159da4', '93a07898d89b2cca166ba6f1f8a14138ce43828e491b831926bc8247d391cc72', '9f43d52e808c20aff69e02faac205aac684e6975213d6620fac64bde5fcab4bc', '1465fa205397b876faa6f0a9958e5590e40fcc7faa4fb7c2c8677521fb5fb658', '2e2861289b5ccedecae4c31bf262e0fb0c29b6c1530573442731ca65d821e901']",[],1.0,0ffee3ba8e615ad22535e7f771690a28,5590a2023cffab2c8ace569bfb23fab1,,,13205.212615,10.0.2.15,58845,185.57.60.186,443,tcp,14.161412999999811,996.0,7183.0,SF,True,False,0,ShADadfF,13,1524,17,7867,ssl,0
13207.622385,CkfzUtCKb1ZbJxZSh,10.0.2.15,58849,95.101.245.55,443,TLSv12,TLS_ECDHE_RSA_WITH_AES_256_GCM_SHA384,,widgets.outbrain.com,True,True,CsiI,,,,1a5fe5677b0e4fbbc854e8908225637d,410b9bedaf65dd26c6fe547154d60db4,http/1.1,,13206.87948,10.0.2.15,58849,95.101.245.55,443,tcp,165.9338770000013,6377.0,28357.0,SF,True,False,0,ShADadTTFfRr,47,8280,63,30881,ssl,0
13207.673082,C2AffR1e37dOUk4g0l,10.0.2.15,58848,151.101.112.129,443,TLSv12,TLS_ECDHE_RSA_WITH_AES_128_GCM_SHA256,,s.skimresources.com,True,True,CsiI,,,,1a5fe5677b0e4fbbc854e8908225637d,73af335fe09e39201fe5051320f25083,http/1.1,,13206.877611,10.0.2.15,58848,151.101.112.129,443,tcp,125.14511800000037,1425.0,21157.0,SF,True,False,0,ShADadTTFfRr,35,2845,47,23041,ssl,0
13207.620093,CYtGBf2i57UeF9qnaf,10.0.2.15,58850,52.94.233.131,443,TLSv12,TLS_ECDHE_RSA_WITH_AES_128_CBC_SHA,secp256r1,fls-na.amazon-adsystem.com,False,True,CsxknGIi,"['ead52536b2a3a1a67957c68369da7b58f5ddad5b62862df9691c6f2d5250a5c5', 'eae72eb454bf6c3977ebd289e970b2f5282949190093d0d26f98d0f0d6a9cf17']",[],1.0,0ffee3ba8e615ad22535e7f771690a28,042b018de1d862323f09d5767e4068d5,,,13206.881329,10.0.2.15,58850,52.94.233.131,443,tcp,13.271947999999613,1062.0,3653.0,SF,True,False,0,ShADadFf,11,1510,13,4177,ssl,0
13207.68298,CPc5Ew4OfEtUsjvXV1,10.0.2.15,58851,52.94.233.131,443,TLSv12,TLS_ECDHE_RSA_WITH_AES_128_CBC_SHA,secp256r1,fls-na.amazon-adsystem.com,False,True,CsxknGIi,"['ead52536b2a3a1a67957c68369da7b58f5ddad5b62862df9691c6f2d5250a5c5', 'eae72eb454bf6c3977ebd289e970b2f5282949190093d0d26f98d0f0d6a9cf17']",[],1.0,0ffee3ba8e615ad22535e7f771690a28,042b018de1d862323f09d5767e4068d5,,,13206.883952,10.0.2.15,58851,52.94.233.131,443,tcp,13.49374700000044,1062.0,3653.0,SF,True,False,0,ShADadFf,12,1550,13,4177,ssl,0
13209.197822,CgsL5U3ARNYMryoBj8,10.0.2.15,58852,107.21.94.193,443,TLSv12,TLS_ECDHE_RSA_WITH_AES_128_GCM_SHA256,secp256r1,5807921539.log.optimizely.com,False,True,CsxknGIi,"['720a04382d93aa8932b95cc755b9fbaab1b6a01d85399736cf4d5a4607e41172', '19400be5b7a31fb733917700789d2f0a2471c0c9d506c0e504c06c16d7cb17c0', '7431e5f4c3c1ce4690774f0b61e05440883ba9a01ed00ba6abd7806ed3b118cf']",[],1.0,0ffee3ba8e615ad22535e7f771690a28,303951d4c50efb2e991652225a6f02b1,,,13208.607385,10.0.2.15,58852,107.21.94.193,443,tcp,70.77950600000077,1129.0,4820.0,SF,True,False,0,ShADadTFf,17,1823,18,5544,ssl,0
13211.230128,C1d0pc3V0rPGekfYm9,10.0.2.15,58853,95.101.252.144,443,TLSv12,TLS_ECDHE_RSA_WITH_AES_256_GCM_SHA384,,px.moatads.com,True,True,CsiI,,,,1a5fe5677b0e4fbbc854e8908225637d,410b9bedaf65dd26c6fe547154d60db4,http/1.1,,13210.281315,10.0.2.15,58853,95.101.252.144,443,tcp,7.155542000000423,599.0,183.0,SF,True,False,0,ShADadFfRr,9,967,9,547,ssl,0
13211.225577,CkIrig389ZMxw7JKm4,10.0.2.15,58856,54.247.183.129,443,TLSv12,TLS_ECDHE_RSA_WITH_AES_128_GCM_SHA256,secp256r1,match.adsrvr.org,False,True,CsxknGIi,"['eb6a61e357a3b2f8e2ab4cc809f2088543de4475bcacfe6122f6dbe82d9b7c38', '58ea0688b7909aaa8eaaa2fff36f3bbe8f4a2ad03bd70243b3903469db4890f7']",[],1.0,0ffee3ba8e615ad22535e7f771690a28,303951d4c50efb2e991652225a6f02b1,,,13210.285022,10.0.2.15,58856,54.247.183.129,443,tcp,28.82811199999924,6118.0,8004.0,RSTO,True,False,0,ShADadTFR,17,6807,20,8808,ssl,0
13211.222767,CJ6MYz3SCQ6WMohsk5,10.0.2.15,58857,54.210.114.48,443,TLSv12,TLS_ECDHE_RSA_WITH_AES_128_GCM_SHA256,secp256r1,l.betrad.com,False,True,CsxknGIti,"['684e0613784971f0e2ebbf5821ba0f738c5d4a8937210a129517d3571063d308', '973a41276ffd01e027a2aad49e34c37846d3e976ff6a620b6712e33832041aa6', '3a2fbe92891e57fe05d57087f48e730f17e5a5f53ef403d618e5b74d7a7e6ecb', 'c3846bf24b9e93ca64274c0ec67c1ecc5e024ffcacd2d74019350e81fe546ae4']",[],1.0,0ffee3ba8e615ad22535e7f771690a28,8d2a028aa94425f76ced7826b1f39039,h2,,13210.285771,10.0.2.15,58857,54.210.114.48,443,tcp,206.7233729999989,1107.0,5925.0,SF,True,False,0,ShADadFf,22,1995,25,6929,ssl,0
13211.228684,CzqIBW2nCAbAl1HX15,10.0.2.15,58854,46.228.164.11,443,TLSv12,TLS_RSA_WITH_AES_128_CBC_SHA,,ad.turn.com,False,True,CsxnGIti,"['331de231c71d6e7597ac717a3ade18b10f51eea0ce4b3c9c75144a7b5ce9e2cf', '154c433c491929c5ef686e838e323664a00e6a0d822ccc958fb4dab03e49a08f']",[],1.0,0ffee3ba8e615ad22535e7f771690a28,7224c92f21d262b619e105efd1055cf7,,,13210.28325,10.0.2.15,58854,46.228.164.11,443,tcp,11.388954000000012,1031.0,3151.0,SF,True,False,0,ShADadfF,9,1399,10,3555,ssl,0
13211.227535,Cv2btF3iefWpNJdjt1,10.0.2.15,58855,152.163.64.2,443,TLSv12,TLS_RSA_WITH_AES_128_CBC_SHA,,ox.pxl.ace.advertising.com,False,True,CsxnGIi,"['0026705123888b480ac204691f51c7389a495443f5416a6256fe704260d381d5', '3b0cc20384ad7f24eb438f2b80c63ebe003f7f215b8877e418ebb0484028db57', '6b143c2005d5539cc22eab5f772db2a9fe87467feffa07fcf0a9f7d28274ca7a']",[],1.0,0ffee3ba8e615ad22535e7f771690a28,5397c414a9ebeaff1bf18b70ca22eaa0,,,13210.284446,10.0.2.15,58855,152.163.64.2,443,tcp,131.5958900000005,2235.0,5014.0,SF,True,False,0,ShADadTTFf,25,3255,25,6018,ssl,0
13213.89246,Cormkl3KdIoEY4jjY5,10.0.2.15,58858,216.137.61.254,443,TLSv12,TLS_ECDHE_RSA_WITH_AES_128_GCM_SHA256,secp256r1,d2x3bkdslnxkuj.cloudfront.net,False,True,CsxuknGIti,"['90c0937808b31877df6c4a5c743c99325d974624be3735faa5078cf73d4fd205', 'eae72eb454bf6c3977ebd289e970b2f5282949190093d0d26f98d0f0d6a9cf17']",[],1.0,0ffee3ba8e615ad22535e7f771690a28,76cc3e2d3028143b23ec18e27dbd7ca9,http/1.1,,13213.534705,10.0.2.15,58858,216.137.61.254,443,tcp,126.4843839999994,697.0,12532.0,SF,True,False,0,ShADadTTfF,23,1636,30,13736,ssl,0
13213.859977,C3Enq2JQ1R3HhrjMk,10.0.2.15,58861,216.137.61.254,443,TLSv12,TLS_ECDHE_RSA_WITH_AES_128_GCM_SHA256,secp256r1,d2x3bkdslnxkuj.cloudfront.net,False,True,CsxuknGIti,"['90c0937808b31877df6c4a5c743c99325d974624be3735faa5078cf73d4fd205', 'eae72eb454bf6c3977ebd289e970b2f5282949190093d0d26f98d0f0d6a9cf17']",[],1.0,0ffee3ba8e615ad22535e7f771690a28,76cc3e2d3028143b23ec18e27dbd7ca9,http/1.1,,13213.536249,10.0.2.15,58861,216.137.61.254,443,tcp,126.48103099999936,697.0,12356.0,SF,True,False,0,ShADadTTfF,22,1596,30,13560,ssl,0
13213.813014,CeMRxU3HUU9k9kt5Zc,10.0.2.15,58864,52.94.233.131,443,TLSv12,TLS_ECDHE_RSA_WITH_AES_128_CBC_SHA,secp256r1,fls-na.amazon-adsystem.com,False,True,CsxknGIi,"['ead52536b2a3a1a67957c68369da7b58f5ddad5b62862df9691c6f2d5250a5c5', 'eae72eb454bf6c3977ebd289e970b2f5282949190093d0d26f98d0f0d6a9cf17']",[],1.0,0ffee3ba8e615ad22535e7f771690a28,042b018de1d862323f09d5767e4068d5,,,13213.543062,10.0.2.15,58864,52.94.233.131,443,tcp,12.972271999999066,1094.0,3653.0,SF,True,False,0,ShADadFf,11,1542,13,4177,ssl,0
13213.845188,CWyKJx42GaoL4hOoEe,10.0.2.15,58863,176.32.96.208,443,TLSv10,TLS_RSA_WITH_AES_128_CBC_SHA,,ir-na.amazon-adsystem.com,False,True,CsxnGIi,"['c31c3fafd67c8c8ccb29791c24c7f03a29be2fd5ea19017ecbbdc17947e9b2a3', 'eae72eb454bf6c3977ebd289e970b2f5282949190093d0d26f98d0f0d6a9cf17']",[],1.0,0ffee3ba8e615ad22535e7f771690a28,18e962e106761869a61045bed0e81c2c,,,13213.540482,10.0.2.15,58863,176.32.96.208,443,tcp,133.26655799999935,1055.0,3236.0,SF,True,False,0,ShADadTTFf,24,2035,24,4200,ssl,0
13213.870503,Cgz7Z6UvTlwoXVfB2,10.0.2.15,58860,216.137.61.254,443,TLSv12,TLS_ECDHE_RSA_WITH_AES_128_GCM_SHA256,secp256r1,d2x3bkdslnxkuj.cloudfront.net,False,True,CsxuknGIti,"['90c0937808b31877df6c4a5c743c99325d974624be3735faa5078cf73d4fd205', 'eae72eb454bf6c3977ebd289e970b2f5282949190093d0d26f98d0f0d6a9cf17']",[],1.0,0ffee3ba8e615ad22535e7f771690a28,76cc3e2d3028143b23ec18e27dbd7ca9,http/1.1,,13213.535663,10.0.2.15,58860,216.137.61.254,443,tcp,126.48099600000025,697.0,12622.0,SF,True,False,0,ShADadTTfF,23,1636,31,13866,ssl,0
13213.852944,C34F3c332SltDniBVc,10.0.2.15,58862,52.94.233.131,443,TLSv12,TLS_ECDHE_RSA_WITH_AES_128_CBC_SHA,secp256r1,fls-na.amazon-adsystem.com,False,True,CsxknGIi,"['ead52536b2a3a1a67957c68369da7b58f5ddad5b62862df9691c6f2d5250a5c5', 'eae72eb454bf6c3977ebd289e970b2f5282949190093d0d26f98d0f0d6a9cf17']",[],1.0,0ffee3ba8e615ad22535e7f771690a28,042b018de1d862323f09d5767e4068d5,,,13213.537612,10.0.2.15,58862,52.94.233.131,443,tcp,12.98218900000029,1094.0,3653.0,SF,True,False,0,ShADadFf,12,1582,12,4137,ssl,0
13213.882026,CFWj8y1Km0MZZfmDTb,10.0.2.15,58859,216.137.61.254,443,TLSv12,TLS_ECDHE_RSA_WITH_AES_128_GCM_SHA256,secp256r1,d2x3bkdslnxkuj.cloudfront.net,False,True,CsxuknGIti,"['90c0937808b31877df6c4a5c743c99325d974624be3735faa5078cf73d4fd205', 'eae72eb454bf6c3977ebd289e970b2f5282949190093d0d26f98d0f0d6a9cf17']",[],1.0,0ffee3ba8e615ad22535e7f771690a28,76cc3e2d3028143b23ec18e27dbd7ca9,http/1.1,,13213.535169,10.0.2.15,58859,216.137.61.254,443,tcp,126.4832639999986,697.0,12943.0,SF,True,False,0,ShADadTTfF,23,1636,29,14107,ssl,0
13215.879995,CjOYMO38UkFrtajrTe,10.0.2.15,58866,35.157.166.31,443,TLSv12,TLS_ECDHE_RSA_WITH_AES_128_GCM_SHA256,,eb2.3lift.com,True,True,CsiI,,,,0ffee3ba8e615ad22535e7f771690a28,303951d4c50efb2e991652225a6f02b1,,,13213.794778,10.0.2.15,58866,35.157.166.31,443,tcp,63.39616300000125,856.0,419.0,SF,True,False,0,ShADadTFf,16,1510,15,1023,ssl,0
13215.898722,CwQBIT1efcN6nckFQc,10.0.2.15,58865,198.232.127.139,443,TLSv12,TLS_ECDHE_RSA_WITH_AES_128_GCM_SHA256,secp256r1,static.adsnative.com,False,True,CsxknGIti,"['c3ee390b874d73d31c75871a6543b2a2daecb4d1425b4f01f0dba9471cf54aa0', 'e6683e88315cd1cb403c0cea490f7c4b4c82c91cd485037489aadbaa90839f61']",[],1.0,0ffee3ba8e615ad22535e7f771690a28,b898351eb5e266aefd3723d466935494,h2,,13213.790432,10.0.2.15,58865,198.232.127.139,443,tcp,58.2107390000001,1154.0,3967.0,SF,True,False,0,ShADadfF,14,1722,19,4731,ssl,0
13216.205066,CurJ1k1iLdzITQU1X5,10.0.2.15,58867,173.241.240.143,443,TLSv12,TLS_ECDHE_RSA_WITH_AES_128_GCM_SHA256,secp256r1,us-u.openx.net,False,True,CsxknGIi,"['ab7de06ea7a3de3225f335667d38750434931049f9e9cb0cb4a9caf5df22819c', '074541ecdf88ed992ed5ade3ecddef27a26ba1b44480a195c0a8dadae2521d8e']",[],1.0,0ffee3ba8e615ad22535e7f771690a28,699a80bdb17efe157c861f92c5bf5d1d,,,13215.414306,10.0.2.15,58867,173.241.240.143,443,tcp,45.670577999999296,1469.0,4115.0,SF,True,False,0,ShADadTfF,14,2039,15,4719,ssl,0
13221.201217,C7SYGP1zqj1Cmi5Qr6,10.0.2.15,58869,173.241.240.143,443,TLSv12,TLS_ECDHE_RSA_WITH_AES_128_GCM_SHA256,secp256r1,us-u.openx.net,False,True,CsxknGIi,"['ab7de06ea7a3de3225f335667d38750434931049f9e9cb0cb4a9caf5df22819c', '074541ecdf88ed992ed5ade3ecddef27a26ba1b44480a195c0a8dadae2521d8e']",[],1.0,0ffee3ba8e615ad22535e7f771690a28,699a80bdb17efe157c861f92c5bf5d1d,,,13220.628187,10.0.2.15,58869,173.241.240.143,443,tcp,16.824486999999863,380.0,3124.0,SF,True,False,0,ShADadTFfRr,11,829,12,3608,ssl,0
13221.224257,Cd8sJI16gIBQqg5mIc,10.0.2.15,58868,54.93.147.80,443,TLSv12,TLS_ECDHE_RSA_WITH_AES_128_GCM_SHA256,secp256r1,btlr.sharethrough.com,False,True,CsxknGIi,"['016adb8bf1adc1c6c272ebcf7e9afd3d3e5edf58d7c13536caef615154bbda38', '973a41276ffd01e027a2aad49e34c37846d3e976ff6a620b6712e33832041aa6', '3a2fbe92891e57fe05d57087f48e730f17e5a5f53ef403d618e5b74d7a7e6ecb', 'c3846bf24b9e93ca64274c0ec67c1ecc5e024ffcacd2d74019350e81fe546ae4']",[],1.0,0ffee3ba8e615ad22535e7f771690a28,303951d4c50efb2e991652225a6f02b1,,,13220.627608,10.0.2.15,58868,54.93.147.80,443,tcp,71.15368999999919,991.0,7881.0,SF,True,False,0,ShADadTFf,17,1685,20,8685,ssl,0
13222.493186,CqBlEP3Nd14QCgnvK1,10.0.2.15,58871,54.76.253.20,443,TLSv12,TLS_ECDHE_RSA_WITH_AES_128_GCM_SHA256,secp256r1,p.skimresources.com,False,True,CsxknGIi,"['1a611f2a3f3fdc248d84b3738af1c96f26d3141bbc74ed02f544728bf0a5d068', '154c433c491929c5ef686e838e323664a00e6a0d822ccc958fb4dab03e49a08f']",[],1.0,0ffee3ba8e615ad22535e7f771690a28,303951d4c50efb2e991652225a6f02b1,,,13221.242903,10.0.2.15,58871,54.76.253.20,443,tcp,71.68147099999987,1176.0,3375.0,SF,True,False,0,ShADadTFf,17,1870,19,4139,ssl,0
13222.505133,CfHCuh4FwWIcQYkKe4,10.0.2.15,58873,151.101.112.68,443,TLSv12,TLS_ECDHE_RSA_WITH_AES_128_GCM_SHA256,secp256r1,odb.outbrain.com,False,True,CsxuknGIti,"['5090ac914b8591c2225e175eac7f86d7e187347a6426dac49a652a30bf3cadfe', '74ef335e5e18788307fb9d89cb704bec112abd23487dbff41c4ded5070f241d9']",[],1.0,0ffee3ba8e615ad22535e7f771690a28,860fcf58fd757e26aa8911e5eaff6b53,http/1.1,,13221.252768,10.0.2.15,58873,151.101.112.68,443,tcp,133.75461199999882,2441.0,14419.0,SF,True,False,0,ShADadTTFfRr,27,3541,35,15823,ssl,0
13222.497426,CKNy9j4ASwDfMO2Jtd,10.0.2.15,58870,54.76.253.20,443,TLSv12,TLS_ECDHE_RSA_WITH_AES_128_GCM_SHA256,secp256r1,p.skimresources.com,False,True,CsxknGIi,"['1a611f2a3f3fdc248d84b3738af1c96f26d3141bbc74ed02f544728bf0a5d068', '154c433c491929c5ef686e838e323664a00e6a0d822ccc958fb4dab03e49a08f']",[],1.0,0ffee3ba8e615ad22535e7f771690a28,303951d4c50efb2e991652225a6f02b1,,,13221.239792,10.0.2.15,58870,54.76.253.20,443,tcp,71.68091900000036,1176.0,3375.0,SF,True,False,0,ShADadTFf,16,1830,18,4099,ssl,0
13222.507935,CwxKnD28S0Dxv9rgR1,10.0.2.15,58872,52.30.58.217,443,TLSv12,TLS_ECDHE_RSA_WITH_AES_128_GCM_SHA256,secp256r1,r.skimresources.com,False,True,CsxknGIi,"['caa8c2f1a990107a717080115f60a4a96012ff04d07014ab0c049da6d3c7e3ff', 'f55f9ffcb83c73453261601c7e044db15a0f034b93c05830f28635ef889cf670', '87dcd4dc74640a322cd205552506d1be64f12596258096544986b4850bc72706', '28689b30e4c306aab53b027b29e36ad6dd1dcf4b953994482ca84bdc1ecac996']",[],1.0,0ffee3ba8e615ad22535e7f771690a28,303951d4c50efb2e991652225a6f02b1,,,13221.250321,10.0.2.15,58872,52.30.58.217,443,tcp,76.77224100000058,1671.0,6060.0,SF,True,False,0,ShADadTFf,18,2406,20,6864,ssl,0
13227.865724,CMv6D7nEBdxA0DaB2,10.0.2.15,58874,141.170.25.54,443,TLSv12,TLS_RSA_WITH_AES_128_CBC_SHA,,gcm.ctnsnet.com,False,True,CsxnGIti,"['545b51874de5b6606f99dee1300808eecf6c178d40b5957371bfde96456f36a0', '154c433c491929c5ef686e838e323664a00e6a0d822ccc958fb4dab03e49a08f']",[],1.0,0ffee3ba8e615ad22535e7f771690a28,c67e8b533a9001ce4e36883b8d3489c4,,,13226.407441,10.0.2.15,58874,141.170.25.54,443,tcp,14.962356,1147.0,3684.0,SF,True,False,0,ShADadfF,9,1515,11,4128,ssl,0
13233.047229,C6LPjS1jJBcdCvDcH2,10.0.2.15,58875,185.57.60.186,443,TLSv12,TLS_ECDHE_ECDSA_WITH_AES_256_GCM_SHA384,,pixel.tapad.com,True,True,CsiI,,,,1a5fe5677b0e4fbbc854e8908225637d,a8e0da2f607d2a3c1956f56afc6da012,,,13232.030869,10.0.2.15,58875,185.57.60.186,443,tcp,12.593958999999812,1214.0,800.0,SF,True,False,0,ShADadfF,9,1582,9,1164,ssl,0
13240.54176,CkLqt4GAJe9orhCJb,10.0.2.15,58879,95.100.176.215,443,TLSv12,TLS_ECDHE_RSA_WITH_AES_256_CBC_SHA,,www.pizzahut.com,True,True,CsiI,,,,1a5fe5677b0e4fbbc854e8908225637d,41e3ddb961f1fc640e74b5e068567626,http/1.1,,13236.181342,10.0.2.15,58879,95.100.176.215,443,tcp,45.09200000000055,4212.0,13796.0,SF,True,False,0,ShADadTFfRr,20,5031,26,14840,ssl,0
13240.54121,CLuNSd4qCx7FJwNaH,10.0.2.15,58887,13.107.21.200,443,TLSv12,TLS_ECDHE_RSA_WITH_AES_256_CBC_SHA,secp384r1,bat.bing.com,False,True,CsxuknGIi,"['80c4440580dbd55b228f41e6c88a51ecdbb998b5d32d12acd31ce25518d37128', '2399983e99703ebd01cea466c10799810c4ba62a8d61b88170a334dcd61bb20f']",[],1.0,0ffee3ba8e615ad22535e7f771690a28,4fd467dd264720762ffe286277c00f57,,,13236.470584,10.0.2.15,58887,13.107.21.200,443,tcp,39.893183999998655,1490.0,7690.0,SF,True,False,0,ShADadTFf,18,2229,20,8494,ssl,0
13240.588056,CUNWal1eCI20tjc6id,10.0.2.15,58891,172.217.23.230,443,TLSv12,TLS_ECDHE_RSA_WITH_AES_128_GCM_SHA256,x25519,3405025.fls.doubleclick.net,False,True,CsxknGIti,"['378a6c73f6dec1c6bc563fa8eda92c3e9ce61b893db7685686c41f33ab89931c', '9f630426df1d8abfd80ace98871ba833ab9742cb34838de2b5285ed54c0c7dcc', '3c35cc963eb004451323d3275d05b353235053490d9cd83729a2faf5e7ca1cc0']",[],1.0,0ffee3ba8e615ad22535e7f771690a28,ab41313cfec25328b20865eb1388e0a2,h2,,13236.472893,10.0.2.15,58891,172.217.23.230,443,tcp,51.93467699999928,2187.0,7688.0,SF,True,False,0,ShADadTFf,33,3524,38,9212,ssl,0
13240.594307,CfxBOkrccWzm3VvYc,10.0.2.15,58888,172.217.23.230,443,TLSv12,TLS_ECDHE_RSA_WITH_AES_128_GCM_SHA256,x25519,3405025.fls.doubleclick.net,False,True,CsxknGIti,"['378a6c73f6dec1c6bc563fa8eda92c3e9ce61b893db7685686c41f33ab89931c', '9f630426df1d8abfd80ace98871ba833ab9742cb34838de2b5285ed54c0c7dcc', '3c35cc963eb004451323d3275d05b353235053490d9cd83729a2faf5e7ca1cc0']",[],1.0,0ffee3ba8e615ad22535e7f771690a28,ab41313cfec25328b20865eb1388e0a2,h2,,13236.471086,10.0.2.15,58888,172.217.23.230,443,tcp,37.86201700000129,1033.0,4995.0,SF,True,False,0,ShADadTFf,18,1770,18,5719,ssl,0
13240.574006,Cbfe0z2JGb080nBfN8,10.0.2.15,58885,54.246.120.193,443,TLSv12,TLS_ECDHE_RSA_WITH_AES_128_GCM_SHA256,secp256r1,insight.adsrvr.org,False,True,CsxknGIi,"['eb6a61e357a3b2f8e2ab4cc809f2088543de4475bcacfe6122f6dbe82d9b7c38', '58ea0688b7909aaa8eaaa2fff36f3bbe8f4a2ad03bd70243b3903469db4890f7']",[],1.0,0ffee3ba8e615ad22535e7f771690a28,303951d4c50efb2e991652225a6f02b1,,,13236.469546,10.0.2.15,58885,54.246.120.193,443,tcp,44.81612700000005,6012.0,9246.0,SF,True,False,0,ShADadTFfRr,20,6830,24,10210,ssl,0
13240.546315,CXHGxe35PCieycA9O6,10.0.2.15,58886,72.21.206.140,443,TLSv12,TLS_ECDHE_RSA_WITH_AES_128_GCM_SHA256,secp256r1,s.amazon-adsystem.com,False,True,CsxuknGIi,"['7aa9c626df008ae871a1102a89e399d8a8937c96bfc3007e75c63e21494df449', 'eae72eb454bf6c3977ebd289e970b2f5282949190093d0d26f98d0f0d6a9cf17']",[],1.0,0ffee3ba8e615ad22535e7f771690a28,2b1f517a72b7346c86d59ef328167d49,,,13236.470094,10.0.2.15,58886,72.21.206.140,443,tcp,44.92203700000027,1518.0,5802.0,SF,True,False,0,ShADadTFf,18,2257,19,6566,ssl,0
13240.58902,C3ubG62DT0HXMnqxJ1,10.0.2.15,58884,8.30.11.14,443,TLSv12,TLS_DHE_RSA_WITH_AES_256_CBC_SHA,,sync.1rx.io,True,True,CsiI,,,,0ffee3ba8e615ad22535e7f771690a28,d90fa179c9daf35598ed8341272118f7,,,13236.46425,10.0.2.15,58884,8.30.11.14,443,tcp,24.61530799999855,993.0,602.0,SF,True,False,0,ShADadfF,11,1449,9,966,ssl,0
13240.584088,CJkc2n2q62oNKidwJ1,10.0.2.15,58880,54.84.70.142,443,TLSv12,TLS_ECDHE_RSA_WITH_AES_128_GCM_SHA256,secp256r1,cmi.netseer.com,False,True,CsxknGIi,"['1f01a20974849628eabbf3c6b0fd2b0c557f5e536ad5a6da918ff3ac1f6efd93', '154c433c491929c5ef686e838e323664a00e6a0d822ccc958fb4dab03e49a08f']",[],1.0,0ffee3ba8e615ad22535e7f771690a28,303951d4c50efb2e991652225a6f02b1,,,13236.461089,10.0.2.15,58880,54.84.70.142,443,tcp,85.3664690000005,1241.0,3336.0,SF,True,False,0,ShADadTFf,19,2023,18,4060,ssl,0
13240.595414,Cq2lNihlxHF4QWi0e,10.0.2.15,58890,188.125.66.33,443,TLSv12,TLS_ECDHE_RSA_WITH_AES_128_GCM_SHA256,secp256r1,sp.analytics.yahoo.com,False,True,CsxknGIti,"['a42bd5146a3d4010979322f493ea1cf3e1ba9033d64ae699935e6a6ad96bd3c4', '19400be5b7a31fb733917700789d2f0a2471c0c9d506c0e504c06c16d7cb17c0']",[],1.0,1a5fe5677b0e4fbbc854e8908225637d,b898351eb5e266aefd3723d466935494,http/1.1,,13236.47211,10.0.2.15,58890,188.125.66.33,443,tcp,85.24166700000023,1042.0,4475.0,SF,True,False,0,ShADadTfF,19,1825,20,5279,ssl,0
13240.598598,Cjtkl933PiOztyzOsa,10.0.2.15,58883,185.33.220.10,443,TLSv12,TLS_ECDHE_RSA_WITH_AES_256_GCM_SHA384,secp256r1,ib.adnxs.com,False,True,CsxuknGIti,"['5b081650e8034418a37504ce0820892be5a66474578207711eb688243fe1a8f2', '074541ecdf88ed992ed5ade3ecddef27a26ba1b44480a195c0a8dadae2521d8e']",[],1.0,0ffee3ba8e615ad22535e7f771690a28,d53e4608f956df65bb2b8a8c4d3b025d,,,13236.462928,10.0.2.15,58883,185.33.220.10,443,tcp,38.6643699999986,3432.0,5837.0,SF,True,False,0,ShADadTfF,16,4090,17,6521,ssl,0
13240.601371,COqI2C4XkNkD9BQ7F1,10.0.2.15,58889,172.217.23.230,443,TLSv12,TLS_ECDHE_RSA_WITH_AES_128_GCM_SHA256,x25519,4487204.fls.doubleclick.net,False,True,CsxknGIti,"['378a6c73f6dec1c6bc563fa8eda92c3e9ce61b893db7685686c41f33ab89931c', '9f630426df1d8abfd80ace98871ba833ab9742cb34838de2b5285ed54c0c7dcc', '3c35cc963eb004451323d3275d05b353235053490d9cd83729a2faf5e7ca1cc0']",[],1.0,0ffee3ba8e615ad22535e7f771690a28,ab41313cfec25328b20865eb1388e0a2,h2,,13236.471608,10.0.2.15,58889,172.217.23.230,443,tcp,85.20815799999946,554.0,4166.0,SF,True,False,0,ShADadTFf,16,1211,17,4850,ssl,0
13240.60313,Cxkny32FN8Xzzsi8l9,10.0.2.15,58881,23.74.202.62,443,TLSv12,TLS_ECDHE_RSA_WITH_AES_256_GCM_SHA384,,px.owneriq.net,True,True,CsiI,,,,1a5fe5677b0e4fbbc854e8908225637d,410b9bedaf65dd26c6fe547154d60db4,http/1.1,,13236.461876,10.0.2.15,58881,23.74.202.62,443,tcp,25.22521000000052,1121.0,977.0,SF,True,False,0,ShADadfTF,10,1538,9,1341,ssl,0
13240.602094,CQUH3S2vKwE6TaEKmd,10.0.2.15,58882,66.117.28.86,443,TLSv12,TLS_RSA_WITH_AES_256_CBC_SHA,,cm.everesttech.net,False,True,CsxnGIi,"['1dcf86c8106d52ccf4a9dc98a6c36a11671533906cb9e1c517075b65df21e850', '154c433c491929c5ef686e838e323664a00e6a0d822ccc958fb4dab03e49a08f']",[],1.0,0ffee3ba8e615ad22535e7f771690a28,759968158b0e1df906786a4b8c44bf39,http/1.1,,13236.46238,10.0.2.15,58882,66.117.28.86,443,tcp,43.22544899999957,1187.0,3061.0,SF,True,False,0,ShADadTFf,15,1805,14,3625,ssl,0
13240.611413,CiX1KT2jTqk5lpa8Nb,10.0.2.15,58894,188.125.66.33,443,TLSv12,TLS_ECDHE_RSA_WITH_AES_128_GCM_SHA256,secp256r1,sp.analytics.yahoo.com,False,True,CsxknGIti,"['a42bd5146a3d4010979322f493ea1cf3e1ba9033d64ae699935e6a6ad96bd3c4', '19400be5b7a31fb733917700789d2f0a2471c0c9d506c0e504c06c16d7cb17c0']",[],1.0,1a5fe5677b0e4fbbc854e8908225637d,b898351eb5e266aefd3723d466935494,http/1.1,,13236.476117,10.0.2.15,58894,188.125.66.33,443,tcp,85.21112499999981,1039.0,4475.0,SF,True,False,0,ShADadTfF,19,1822,20,5279,ssl,0
13240.620414,C0T6ce1BoQD3DS3TKa,10.0.2.15,58893,172.217.23.230,443,TLSv12,TLS_ECDHE_RSA_WITH_AES_128_GCM_SHA256,x25519,6373361.fls.doubleclick.net,False,True,CsxknGIti,"['378a6c73f6dec1c6bc563fa8eda92c3e9ce61b893db7685686c41f33ab89931c', '9f630426df1d8abfd80ace98871ba833ab9742cb34838de2b5285ed54c0c7dcc', '3c35cc963eb004451323d3275d05b353235053490d9cd83729a2faf5e7ca1cc0']",[],1.0,0ffee3ba8e615ad22535e7f771690a28,ab41313cfec25328b20865eb1388e0a2,h2,,13236.475327,10.0.2.15,58893,172.217.23.230,443,tcp,85.20812699999988,554.0,4166.0,SF,True,False,0,ShADadTFf,16,1211,16,4810,ssl,0
13240.630538,CFgDGg4CLpjWeG07H3,10.0.2.15,58892,188.125.66.33,443,TLSv12,TLS_ECDHE_RSA_WITH_AES_128_GCM_SHA256,secp256r1,sp.analytics.yahoo.com,False,True,CsxknGIti,"['a42bd5146a3d4010979322f493ea1cf3e1ba9033d64ae699935e6a6ad96bd3c4', '19400be5b7a31fb733917700789d2f0a2471c0c9d506c0e504c06c16d7cb17c0']",[],1.0,1a5fe5677b0e4fbbc854e8908225637d,b898351eb5e266aefd3723d466935494,http/1.1,,13236.474598,10.0.2.15,58892,188.125.66.33,443,tcp,85.23375399999895,1032.0,4453.0,SF,True,False,0,ShADadTfF,19,1815,20,5257,ssl,0
13243.470932,C7Z9ie7hNygfw6xCa,10.0.2.15,58895,172.217.23.238,443,TLSv12,TLS_ECDHE_RSA_WITH_AES_128_GCM_SHA256,,www.google-analytics.com,True,True,CsiI,,,,1a5fe5677b0e4fbbc854e8908225637d,67619a80665d7ab92d1041b1d11f9164,h2,,13240.932977,10.0.2.15,58895,172.217.23.238,443,tcp,45.0405439999995,2925.0,1648.0,SF,True,False,0,ShADadFf,23,3853,24,2612,ssl,0
13243.470192,CwNqwL13b0JIIGGTFd,10.0.2.15,58896,74.125.206.157,443,TLSv12,TLS_ECDHE_RSA_WITH_AES_128_GCM_SHA256,x25519,stats.g.doubleclick.net,False,True,CsxknGIti,"['8d80516b26a9002a020bc551f01c44620d0d726476e4babc515dc5c82f0555b5', '9f630426df1d8abfd80ace98871ba833ab9742cb34838de2b5285ed54c0c7dcc', '3c35cc963eb004451323d3275d05b353235053490d9cd83729a2faf5e7ca1cc0']",[],1.0,0ffee3ba8e615ad22535e7f771690a28,ab41313cfec25328b20865eb1388e0a2,h2,,13240.939916,10.0.2.15,58896,74.125.206.157,443,tcp,807.3922680000014,4529.0,9633.0,SF,True,False,0,ShADadTFf,70,7339,76,12677,ssl,0
13245.900813,CDG3hqgm72s1TZKac,10.0.2.15,58897,54.192.93.131,443,TLSv12,TLS_ECDHE_RSA_WITH_AES_128_GCM_SHA256,secp256r1,static.sharethrough.com,False,True,CsxuknGIti,"['016adb8bf1adc1c6c272ebcf7e9afd3d3e5edf58d7c13536caef615154bbda38', '973a41276ffd01e027a2aad49e34c37846d3e976ff6a620b6712e33832041aa6', '3a2fbe92891e57fe05d57087f48e730f17e5a5f53ef403d618e5b74d7a7e6ecb', 'c3846bf24b9e93ca64274c0ec67c1ecc5e024ffcacd2d74019350e81fe546ae4']",[],1.0,0ffee3ba8e615ad22535e7f771690a28,76cc3e2d3028143b23ec18e27dbd7ca9,h2,,13242.726423,10.0.2.15,58897,54.192.93.131,443,tcp,225.2035250000008,1057.0,64162.0,SF,True,False,0,ShADadTFf,34,2426,73,67086,ssl,0
13246.027905,CEpGde1KxTgjQOEW4d,10.0.2.15,58899,95.101.245.55,443,TLSv12,TLS_ECDHE_RSA_WITH_AES_256_GCM_SHA384,secp256r1,images.outbrain.com,False,True,CsxknGIti,"['51ad7b30860dee6d7a5b351d2867ea37788e07893f3c69f2dc13d82bdf31f7ec', 'eae72eb454bf6c3977ebd289e970b2f5282949190093d0d26f98d0f0d6a9cf17', '8420dfbe376f414bf4c0a81e6936d24ccc03f304835b86c7a39142fca723a689']",[],1.0,0ffee3ba8e615ad22535e7f771690a28,2b33c1374db4ddf06942f92373c0b54b,http/1.1,,13242.73481,10.0.2.15,58899,95.101.245.55,443,tcp,39.53558700000031,2343.0,4833.0,SF,True,False,0,ShADadTfF,13,2873,16,5477,ssl,0
13245.909827,CNbyyO2wUbLgCSSQA8,10.0.2.15,58877,173.241.240.143,443,TLSv12,TLS_ECDHE_RSA_WITH_AES_128_GCM_SHA256,secp256r1,us-u.openx.net,False,True,CsxknGIi,"['ab7de06ea7a3de3225f335667d38750434931049f9e9cb0cb4a9caf5df22819c', '074541ecdf88ed992ed5ade3ecddef27a26ba1b44480a195c0a8dadae2521d8e']",[],1.0,0ffee3ba8e615ad22535e7f771690a28,699a80bdb17efe157c861f92c5bf5d1d,,,13242.906327,10.0.2.15,58877,173.241.240.143,443,tcp,38.29005799999868,349.0,3149.0,SF,True,False,0,^hADadTfF,9,711,12,3633,ssl,0
13246.032076,CDDqIk476NYdbtHNja,10.0.2.15,58898,54.235.221.165,443,TLSv12,TLS_ECDHE_RSA_WITH_AES_128_GCM_SHA256,secp256r1,nova.collect.igodigital.com,False,True,CsxknGIi,"['ccbd056d4d20c1f07cd373746d6fe3fa7bb950294979630696a4afafb48ce9b0', '154c433c491929c5ef686e838e323664a00e6a0d822ccc958fb4dab03e49a08f']",[],1.0,0ffee3ba8e615ad22535e7f771690a28,303951d4c50efb2e991652225a6f02b1,,,13242.731891,10.0.2.15,58898,54.235.221.165,443,tcp,39.65586700000131,1781.0,4999.0,RSTO,True,False,0,ShADadTFR,16,2432,17,5683,ssl,0
13246.015824,CAHPbs1Sz0HvuixCNh,10.0.2.15,58903,54.209.111.199,443,TLSv12,TLS_ECDHE_RSA_WITH_AES_128_GCM_SHA256,,b.sharethrough.com,True,True,CsiI,,,,0ffee3ba8e615ad22535e7f771690a28,303951d4c50efb2e991652225a6f02b1,,,13242.762645,10.0.2.15,58903,54.209.111.199,443,tcp,25.13950399999885,309.0,176.0,SF,True,False,0,ShADadTFfRr,11,759,11,620,ssl,0
13245.924924,CTbgi81kXVJv1z4uNg,10.0.2.15,58876,173.241.240.143,443,TLSv12,TLS_ECDHE_RSA_WITH_AES_128_GCM_SHA256,secp256r1,us-u.openx.net,False,True,CsxknGIi,"['ab7de06ea7a3de3225f335667d38750434931049f9e9cb0cb4a9caf5df22819c', '074541ecdf88ed992ed5ade3ecddef27a26ba1b44480a195c0a8dadae2521d8e']",[],1.0,0ffee3ba8e615ad22535e7f771690a28,699a80bdb17efe157c861f92c5bf5d1d,,,13242.898338,10.0.2.15,58876,173.241.240.143,443,tcp,38.53103899999951,349.0,3149.0,SF,True,False,0,ShADadTfF,11,799,13,3673,ssl,0
13246.022623,C6CLJn3PjtdOZlvCSe,10.0.2.15,58901,95.101.245.55,443,TLSv12,TLS_ECDHE_RSA_WITH_AES_256_GCM_SHA384,secp256r1,rva.outbrain.com,False,True,CsxknGIti,"['51ad7b30860dee6d7a5b351d2867ea37788e07893f3c69f2dc13d82bdf31f7ec', 'eae72eb454bf6c3977ebd289e970b2f5282949190093d0d26f98d0f0d6a9cf17', '8420dfbe376f414bf4c0a81e6936d24ccc03f304835b86c7a39142fca723a689']",[],1.0,0ffee3ba8e615ad22535e7f771690a28,2b33c1374db4ddf06942f92373c0b54b,http/1.1,,13242.749541,10.0.2.15,58901,95.101.245.55,443,tcp,39.89221700000053,2223.0,4833.0,SF,True,False,0,ShADadTfF,13,2753,15,5437,ssl,0
13246.018278,Cb1XTC4zbHSGb8Ls8b,10.0.2.15,58902,74.201.198.71,443,TLSv12,TLS_ECDHE_RSA_WITH_AES_256_GCM_SHA384,secp256r1,log.outbrain.com,False,True,CsxknGIti,"['aa42330390d2a62c0a2d68badbe7c094502c278a5cb7c670b365d165d0dc75fc', 'b7a8af2a4a43f0a86b15604de6461209c9cd76894d8b0748bc99d9a797013bb0']",[],1.0,0ffee3ba8e615ad22535e7f771690a28,758945630046fd37070521b8544d1fe8,,,13242.758652,10.0.2.15,58902,74.201.198.71,443,tcp,39.70504299999993,2410.0,3619.0,SF,True,False,0,ShADadfTF,13,2940,14,4183,ssl,0
13246.025646,CBkMoo2tTRJ2jZGeNi,10.0.2.15,58900,95.101.245.55,443,TLSv12,TLS_ECDHE_RSA_WITH_AES_256_GCM_SHA384,secp256r1,images.outbrain.com,False,True,CsxknGIti,"['51ad7b30860dee6d7a5b351d2867ea37788e07893f3c69f2dc13d82bdf31f7ec', 'eae72eb454bf6c3977ebd289e970b2f5282949190093d0d26f98d0f0d6a9cf17', '8420dfbe376f414bf4c0a81e6936d24ccc03f304835b86c7a39142fca723a689']",[],1.0,0ffee3ba8e615ad22535e7f771690a28,2b33c1374db4ddf06942f92373c0b54b,http/1.1,,13242.745644,10.0.2.15,58900,95.101.245.55,443,tcp,40.171205999999074,2343.0,4833.0,SF,True,False,0,ShADadTfF,13,2873,15,5437,ssl,0
13247.388205,CFLu3z27OdN5WBeMne,10.0.2.15,58904,95.101.245.55,443,TLSv12,TLS_ECDHE_RSA_WITH_AES_256_GCM_SHA384,,widgets.outbrain.com,True,True,CsiI,,,,1a5fe5677b0e4fbbc854e8908225637d,410b9bedaf65dd26c6fe547154d60db4,http/1.1,,13243.47633,10.0.2.15,58904,95.101.245.55,443,tcp,24.784467999999837,568.0,183.0,SF,True,False,0,ShADadTfF,8,897,8,507,ssl,0
13253.128344,C09IzjrLbASy2zvyj,10.0.2.15,58905,74.201.198.71,443,TLSv12,TLS_ECDHE_RSA_WITH_AES_256_GCM_SHA384,secp256r1,log.outbrain.com,False,True,CsxknGIti,"['aa42330390d2a62c0a2d68badbe7c094502c278a5cb7c670b365d165d0dc75fc', 'b7a8af2a4a43f0a86b15604de6461209c9cd76894d8b0748bc99d9a797013bb0']",[],1.0,0ffee3ba8e615ad22535e7f771690a28,758945630046fd37070521b8544d1fe8,,,13252.271149,10.0.2.15,58905,74.201.198.71,443,tcp,32.4773239999995,2411.0,3619.0,SF,True,False,0,ShADadfTF,12,2901,14,4183,ssl,0
13256.764683,CvSqhr14txZ13bTYwb,10.0.2.15,58906,95.100.176.215,443,TLSv12,TLS_ECDHE_RSA_WITH_AES_256_CBC_SHA,,www.pizzahut.com,True,True,CsiI,,,,1a5fe5677b0e4fbbc854e8908225637d,41e3ddb961f1fc640e74b5e068567626,http/1.1,,13254.132134,10.0.2.15,58906,95.100.176.215,443,tcp,22.227319999999963,645.0,229.0,SF,True,False,0,ShADadTFfRr,10,1054,10,633,ssl,0
13278.702931,CirVi33ThvaEJTbBvg,10.0.2.15,58907,52.87.111.103,443,TLSv12,TLS_ECDHE_RSA_WITH_AES_128_GCM_SHA256,secp256r1,geo.moatads.com,False,True,CsxknGIi,"['a1f5b668b42edb358e83f7846b2d9b47b4c87d7ba7c20aecdceea13939a70e76', 'e6683e88315cd1cb403c0cea490f7c4b4c82c91cd485037489aadbaa90839f61']",[],1.0,0ffee3ba8e615ad22535e7f771690a28,303951d4c50efb2e991652225a6f02b1,,,13277.726968,10.0.2.15,58907,52.87.111.103,443,tcp,11.105979999998452,2053.0,3399.0,RSTO,True,False,0,ShADadFR,12,2541,14,3963,ssl,0
13287.221038,CEdDsA4Y4615MpY6U1,10.0.2.15,58914,173.241.240.143,443,TLSv12,TLS_ECDHE_RSA_WITH_AES_128_GCM_SHA256,secp256r1,us-u.openx.net,False,True,CsxknGIi,"['ab7de06ea7a3de3225f335667d38750434931049f9e9cb0cb4a9caf5df22819c', '074541ecdf88ed992ed5ade3ecddef27a26ba1b44480a195c0a8dadae2521d8e']",[],1.0,0ffee3ba8e615ad22535e7f771690a28,699a80bdb17efe157c861f92c5bf5d1d,,,13286.672351,10.0.2.15,58914,173.241.240.143,443,tcp,4.03039500000159,349.0,3124.0,SF,True,False,0,ShADadFfRr,9,717,11,3568,ssl,0
13287.221631,CH2Qjo3HMynCRuz6qk,10.0.2.15,58913,173.241.240.143,443,TLSv12,TLS_ECDHE_RSA_WITH_AES_128_GCM_SHA256,secp256r1,us-u.openx.net,False,True,CsxknGIi,"['ab7de06ea7a3de3225f335667d38750434931049f9e9cb0cb4a9caf5df22819c', '074541ecdf88ed992ed5ade3ecddef27a26ba1b44480a195c0a8dadae2521d8e']",[],1.0,0ffee3ba8e615ad22535e7f771690a28,699a80bdb17efe157c861f92c5bf5d1d,,,13286.671802,10.0.2.15,58913,173.241.240.143,443,tcp,4.030992999998489,349.0,3124.0,SF,True,False,0,ShADadFfRr,9,717,10,3528,ssl,0
13291.257742,CPPWqQ3hB4qBShCr26,10.0.2.15,58917,54.225.73.95,443,TLSv12,TLS_ECDHE_RSA_WITH_AES_128_GCM_SHA256,secp256r1,ping.chartbeat.net,False,True,CsxknGIi,"['c848edd4b7930a9cc7ac1f450cd8c8b5868efda5a746c75c8da86a6513efe77e', 'b7a8af2a4a43f0a86b15604de6461209c9cd76894d8b0748bc99d9a797013bb0']",[],1.0,0ffee3ba8e615ad22535e7f771690a28,303951d4c50efb2e991652225a6f02b1,,,13290.669606,10.0.2.15,58917,54.225.73.95,443,tcp,65.75091900000007,1058.0,3210.0,SF,True,False,0,ShADadTFf,17,1752,18,3934,ssl,0
13295.159745,CecorPEzDSftsapm7,10.0.2.15,58926,54.225.73.95,443,TLSv12,TLS_ECDHE_RSA_WITH_AES_128_GCM_SHA256,,ping.chartbeat.net,True,True,CsiI,,,,0ffee3ba8e615ad22535e7f771690a28,303951d4c50efb2e991652225a6f02b1,,,13294.637129,10.0.2.15,58926,54.225.73.95,443,tcp,9.285644999999931,309.0,176.0,SF,True,False,0,ShADadFfRr,8,637,9,540,ssl,0
13295.390217,Co7q6dWSpxLJhk2bh,10.0.2.15,58927,54.225.73.95,443,TLSv12,TLS_ECDHE_RSA_WITH_AES_128_GCM_SHA256,,ping.chartbeat.net,True,True,CsiI,,,,0ffee3ba8e615ad22535e7f771690a28,303951d4c50efb2e991652225a6f02b1,,,13294.861993,10.0.2.15,58927,54.225.73.95,443,tcp,9.177762999999686,309.0,176.0,SF,True,False,0,ShADadFfRr,8,637,9,540,ssl,0
13296.152017,CWxtrm13mAi4ZvMMTk,10.0.2.15,58931,64.30.228.81,443,TLSv12,TLS_ECDHE_RSA_WITH_AES_256_GCM_SHA384,secp256r1,www.gamespot.com,False,True,CsxknGIi,"['bee61b56b4ca066741f795531993be4ce60f01b6c89df35ef87901f9848abcc0', '19400be5b7a31fb733917700789d2f0a2471c0c9d506c0e504c06c16d7cb17c0']",[],1.0,0ffee3ba8e615ad22535e7f771690a28,d8ca8fec03c8093db1017ef2017076d0,http/1.1,,13295.882674,10.0.2.15,58931,64.30.228.81,443,tcp,186.59203200000047,6334.0,87814.0,SF,True,False,0,ShADadTTFf,53,8477,103,91938,ssl,0
13296.155731,Ck7zva4WGHj2cydeYa,10.0.2.15,58930,64.30.228.81,443,TLSv12,TLS_ECDHE_RSA_WITH_AES_256_GCM_SHA384,secp256r1,www.gamespot.com,False,True,CsxknGIi,"['bee61b56b4ca066741f795531993be4ce60f01b6c89df35ef87901f9848abcc0', '19400be5b7a31fb733917700789d2f0a2471c0c9d506c0e504c06c16d7cb17c0']",[],1.0,0ffee3ba8e615ad22535e7f771690a28,d8ca8fec03c8093db1017ef2017076d0,http/1.1,,13295.881685,10.0.2.15,58930,64.30.228.81,443,tcp,8.158025999999154,350.0,3108.0,SF,True,False,0,ShADadFf,9,718,10,3512,ssl,0
13299.028215,COWVPm3qcoMiv0vGZe,10.0.2.15,58946,23.74.201.92,443,TLSv12,TLS_ECDHE_RSA_WITH_AES_256_GCM_SHA384,,interactive.tegna-media.com,True,True,CsiI,,,,1a5fe5677b0e4fbbc854e8908225637d,410b9bedaf65dd26c6fe547154d60db4,http/1.1,,13298.53828,10.0.2.15,58946,23.74.201.92,443,tcp,132.22790199999872,1123.0,482.0,SF,True,False,0,ShADadTTFfRr,23,2063,23,1406,ssl,0
13299.033809,Cpy7Da4HLrIgUWoA5f,10.0.2.15,58945,23.74.201.92,443,TLSv12,TLS_ECDHE_RSA_WITH_AES_256_GCM_SHA384,,interactive.tegna-media.com,True,True,CsiI,,,,1a5fe5677b0e4fbbc854e8908225637d,410b9bedaf65dd26c6fe547154d60db4,http/1.1,,13298.53386,10.0.2.15,58945,23.74.201.92,443,tcp,132.23232199999984,1091.0,483.0,SF,True,False,0,ShADadTTFfRr,23,2031,23,1407,ssl,0
13299.037764,CQX2gd2Xc91n0rJwQ9,10.0.2.15,58944,23.74.201.92,443,TLSv12,TLS_ECDHE_RSA_WITH_AES_256_GCM_SHA384,,interactive.tegna-media.com,True,True,CsiI,,,,1a5fe5677b0e4fbbc854e8908225637d,410b9bedaf65dd26c6fe547154d60db4,http/1.1,,13298.529868,10.0.2.15,58944,23.74.201.92,443,tcp,132.23631399999977,1108.0,467.0,SF,True,False,0,ShADadTTFfRr,24,2089,24,1431,ssl,0
13299.039478,C48nEXbmjvBVv6pUl,10.0.2.15,58943,23.74.201.92,443,TLSv12,TLS_ECDHE_RSA_WITH_AES_256_GCM_SHA384,,interactive.tegna-media.com,True,True,CsiI,,,,1a5fe5677b0e4fbbc854e8908225637d,410b9bedaf65dd26c6fe547154d60db4,http/1.1,,13298.526875,10.0.2.15,58943,23.74.201.92,443,tcp,132.23926100000062,1134.0,466.0,SF,True,False,0,ShADadTTFfRr,23,2074,23,1390,ssl,0
13305.511214,CMMGhk4KOy5NTa9Ro5,10.0.2.15,58964,95.100.164.64,443,TLSv12,TLS_ECDHE_RSA_WITH_AES_256_GCM_SHA384,secp256r1,static.gamespot.com,False,True,CsxknGIti,"['17bcd593ad94d55a52a7537e885ba91d3522a48358b8c4c167023c7f99fb22e9', 'eae72eb454bf6c3977ebd289e970b2f5282949190093d0d26f98d0f0d6a9cf17']",[],1.0,0ffee3ba8e615ad22535e7f771690a28,2b33c1374db4ddf06942f92373c0b54b,h2,,13304.958345,10.0.2.15,58964,95.100.164.64,443,tcp,12.35515100000157,901.0,11901.0,SF,True,False,0,ShADadFfRr,17,1589,24,12865,ssl,0
13305.520806,CFIA5mgWKfNv05NYb,10.0.2.15,58963,95.100.164.64,443,TLSv12,TLS_ECDHE_RSA_WITH_AES_256_GCM_SHA384,secp256r1,static.gamespot.com,False,True,CsxknGIti,"['17bcd593ad94d55a52a7537e885ba91d3522a48358b8c4c167023c7f99fb22e9', 'eae72eb454bf6c3977ebd289e970b2f5282949190093d0d26f98d0f0d6a9cf17']",[],1.0,0ffee3ba8e615ad22535e7f771690a28,2b33c1374db4ddf06942f92373c0b54b,h2,,13304.9576,10.0.2.15,58963,95.100.164.64,443,tcp,12.982926000000589,901.0,41157.0,SF,True,False,0,ShADadFfRr,28,2029,50,43161,ssl,0
13305.523871,C2wRCA4oSFhzMWjjnb,10.0.2.15,58962,104.25.162.34,443,TLSv12,TLS_ECDHE_ECDSA_WITH_AES_128_GCM_SHA256,secp256r1,tru.am,False,True,CsxuknGIti,"['043bbc6f09f9a0df553320d471f1e1333f37eb6597138697461a870642a60b9b', 'cd6c108a0e641f2ca122aaa6d03f826759cae7c6f800eabf76dc48b67cd083ce', '9573862ac0b4b125168810ea3fd101ae2eb0bb15f61fc0e6da7a2a38b85a89e8']",[],1.0,0ffee3ba8e615ad22535e7f771690a28,7d3eb4120cd50e889bcd3f3783be0f82,h2,,13304.956777,10.0.2.15,58962,104.25.162.34,443,tcp,251.5056990000012,1435.0,18255.0,SF,True,False,0,ShADadFf,27,2523,36,19699,ssl,0
13305.526057,Cr1D3b2G48D9H4m579,10.0.2.15,58960,172.217.23.227,443,TLSv12,TLS_ECDHE_ECDSA_WITH_AES_128_GCM_SHA256,,www.gstatic.com,True,True,CsiI,,,,1a5fe5677b0e4fbbc854e8908225637d,c23237dbea656869600e48dfbd00ab7b,h2,,13304.954913,10.0.2.15,58960,172.217.23.227,443,tcp,207.56148100000064,1244.0,1810.0,SF,True,False,0,ShADadFf,20,2052,22,2694,ssl,0
13305.525298,C8SClJ36wAN0cenRZ9,10.0.2.15,58961,95.100.164.64,443,TLSv12,TLS_ECDHE_RSA_WITH_AES_256_GCM_SHA384,secp256r1,static.gamespot.com,False,True,CsxknGIti,"['17bcd593ad94d55a52a7537e885ba91d3522a48358b8c4c167023c7f99fb22e9', 'eae72eb454bf6c3977ebd289e970b2f5282949190093d0d26f98d0f0d6a9cf17']",[],1.0,0ffee3ba8e615ad22535e7f771690a28,2b33c1374db4ddf06942f92373c0b54b,h2,,13304.955712,10.0.2.15,58961,95.100.164.64,443,tcp,281.27245499999844,11001.0,1229486.0,SF,True,False,0,ShADadtWFfRr,328,24129,1064,1274890,ssl,0
13305.528177,CBanKtSx3S37LYRJ8,10.0.2.15,58959,95.100.164.64,443,TLSv12,TLS_ECDHE_RSA_WITH_AES_256_GCM_SHA384,secp256r1,static.gamespot.com,False,True,CsxknGIti,"['17bcd593ad94d55a52a7537e885ba91d3522a48358b8c4c167023c7f99fb22e9', 'eae72eb454bf6c3977ebd289e970b2f5282949190093d0d26f98d0f0d6a9cf17']",[],1.0,0ffee3ba8e615ad22535e7f771690a28,2b33c1374db4ddf06942f92373c0b54b,h2,,13304.954307,10.0.2.15,58959,95.100.164.64,443,tcp,13.697495000000345,898.0,28323.0,SF,True,False,0,ShADadFfRr,22,1786,37,29807,ssl,0
13305.53053,CHAENI27hPZBuyHpQ9,10.0.2.15,58958,95.100.164.64,443,TLSv12,TLS_ECDHE_RSA_WITH_AES_256_GCM_SHA384,secp256r1,static.gamespot.com,False,True,CsxknGIti,"['17bcd593ad94d55a52a7537e885ba91d3522a48358b8c4c167023c7f99fb22e9', 'eae72eb454bf6c3977ebd289e970b2f5282949190093d0d26f98d0f0d6a9cf17']",[],1.0,0ffee3ba8e615ad22535e7f771690a28,2b33c1374db4ddf06942f92373c0b54b,h2,,13304.953552,10.0.2.15,58958,95.100.164.64,443,tcp,9.669607999998334,898.0,177415.0,RSTO,True,False,0,ShADadFR,43,2626,155,183619,ssl,0
13305.532134,ChqDom21bRBXFfYQ8,10.0.2.15,58957,216.58.201.74,443,TLSv12,TLS_ECDHE_RSA_WITH_AES_128_GCM_SHA256,x25519,ajax.googleapis.com,False,True,CsxknGIti,"['0ca616f3b5a49ded9af60777a33ae7119bfd6de6a815dbee0b64d5d69491aa06', '9f630426df1d8abfd80ace98871ba833ab9742cb34838de2b5285ed54c0c7dcc', '3c35cc963eb004451323d3275d05b353235053490d9cd83729a2faf5e7ca1cc0']",[],1.0,0ffee3ba8e615ad22535e7f771690a28,ab41313cfec25328b20865eb1388e0a2,h2,,13304.945799,10.0.2.15,58957,216.58.201.74,443,tcp,4.500484000000142,500.0,3968.0,SF,True,False,0,ShADadFf,11,948,14,4532,ssl,0
13305.534282,Cyo0Fh32yRgzmXW0Pk,10.0.2.15,58955,95.101.245.177,443,TLSv12,TLS_ECDHE_RSA_WITH_AES_256_GCM_SHA384,,js-sec.indexww.com,True,True,CsiI,,,,1a5fe5677b0e4fbbc854e8908225637d,410b9bedaf65dd26c6fe547154d60db4,http/1.1,,13304.930519,10.0.2.15,58955,95.101.245.177,443,tcp,168.6040840000005,1206.0,23410.0,SF,True,False,0,ShADadTTFfRr,36,2670,49,25374,ssl,0
13305.533648,C9f4KFdZln8Ls7vi1,10.0.2.15,58956,216.58.201.74,443,TLSv12,TLS_ECDHE_RSA_WITH_AES_128_GCM_SHA256,x25519,ajax.googleapis.com,False,True,CsxknGIti,"['0ca616f3b5a49ded9af60777a33ae7119bfd6de6a815dbee0b64d5d69491aa06', '9f630426df1d8abfd80ace98871ba833ab9742cb34838de2b5285ed54c0c7dcc', '3c35cc963eb004451323d3275d05b353235053490d9cd83729a2faf5e7ca1cc0']",[],1.0,0ffee3ba8e615ad22535e7f771690a28,ab41313cfec25328b20865eb1388e0a2,h2,,13304.943637,10.0.2.15,58956,216.58.201.74,443,tcp,4.480310999999347,500.0,3968.0,SF,True,False,0,ShADadFf,11,948,13,4492,ssl,0
13305.855747,CEXrvJ3zDP8CCs40J3,10.0.2.15,58965,185.118.124.156,443,TLSv12,TLS_RSA_WITH_AES_256_CBC_SHA,,js.revsci.net,True,True,CsiI,,,,0ffee3ba8e615ad22535e7f771690a28,db8185c4eafa7114cadaf05965b09ef0,,,13304.95887,10.0.2.15,58965,185.118.124.156,443,tcp,365.6557899999989,21970.0,13347.0,SF,True,False,0,ShADadTTFf,63,24532,70,16151,ssl,0
13305.536188,CIBJMX3lEpaVcgq3k6,10.0.2.15,58954,95.100.164.64,443,TLSv12,TLS_ECDHE_RSA_WITH_AES_256_GCM_SHA384,secp256r1,static.gamespot.com,False,True,CsxknGIti,"['17bcd593ad94d55a52a7537e885ba91d3522a48358b8c4c167023c7f99fb22e9', 'eae72eb454bf6c3977ebd289e970b2f5282949190093d0d26f98d0f0d6a9cf17']",[],1.0,0ffee3ba8e615ad22535e7f771690a28,2b33c1374db4ddf06942f92373c0b54b,h2,,13304.929659,10.0.2.15,58954,95.100.164.64,443,tcp,14.610727999999654,902.0,10407.0,SF,True,False,0,ShADadFfRr,18,1630,24,11371,ssl,0
13323.104534,C5FeNWheZkOcSHry4,10.0.2.15,58982,104.208.156.29,443,TLSv12,TLS_ECDHE_RSA_WITH_AES_256_CBC_SHA,secp384r1,api.tegna-tv.com,False,True,CsxknGIi,"['22115733571cef03b34a82cb865bed6b305b1a70f9dadfc2807462fc8fdec80c', '154c433c491929c5ef686e838e323664a00e6a0d822ccc958fb4dab03e49a08f']",[],1.0,0ffee3ba8e615ad22535e7f771690a28,20992b30dc416d990d2dc152223779ba,,,13316.73906,10.0.2.15,58982,104.208.156.29,443,tcp,12.514143000000333,375.0,3544.0,SF,True,False,0,ShADadFf,9,743,9,3908,ssl,0
13325.59066,Cg2b4aNYp5JH7sNi4,10.0.2.15,58990,172.217.23.238,443,TLSv12,TLS_ECDHE_RSA_WITH_AES_128_GCM_SHA256,,www.google-analytics.com,True,True,CsiI,,,,1a5fe5677b0e4fbbc854e8908225637d,67619a80665d7ab92d1041b1d11f9164,h2,,13321.738863,10.0.2.15,58990,172.217.23.238,443,tcp,950.328583999999,36078.0,82986.0,SF,True,False,0,ShADadFf,184,43446,241,92630,ssl,0
13325.593586,C8xHUe1XaeNs08bEj5,10.0.2.15,58989,31.13.76.68,443,TLSv12,TLS_ECDHE_ECDSA_WITH_AES_128_GCM_SHA256,secp256r1,www.facebook.com,False,True,CsxknGIti,"['152151b387412a95ab90fd4664f2d98880408e9e43913124e4c91226a483386b', '19400be5b7a31fb733917700789d2f0a2471c0c9d506c0e504c06c16d7cb17c0']",[],1.0,0ffee3ba8e615ad22535e7f771690a28,2d1eb5817ece335c24904f516ad5da12,h2,,13321.737948,10.0.2.15,58989,31.13.76.68,443,tcp,248.33124099999984,5295.0,27348.0,SF,True,False,0,ShADadFfRRRRr,42,6983,61,29792,ssl,0
13328.308546,CGQCvPD9jPL0eT75,10.0.2.15,58995,95.100.164.64,443,TLSv12,TLS_ECDHE_RSA_WITH_AES_256_GCM_SHA384,secp256r1,static.gamespot.com,False,True,CsxknGIti,"['17bcd593ad94d55a52a7537e885ba91d3522a48358b8c4c167023c7f99fb22e9', 'eae72eb454bf6c3977ebd289e970b2f5282949190093d0d26f98d0f0d6a9cf17']",[],1.0,0ffee3ba8e615ad22535e7f771690a28,2b33c1374db4ddf06942f92373c0b54b,h2,,13326.329581,10.0.2.15,58995,95.100.164.64,443,tcp,243.2428390000005,1462.0,87415.0,SF,True,False,0,ShADadFfRr,49,3430,103,91539,ssl,0
13328.313669,CdZH6C2P6F9MoAYJq7,10.0.2.15,58994,95.100.164.64,443,TLSv12,TLS_ECDHE_RSA_WITH_AES_256_GCM_SHA384,secp256r1,static.gamespot.com,False,True,CsxknGIti,"['17bcd593ad94d55a52a7537e885ba91d3522a48358b8c4c167023c7f99fb22e9', 'eae72eb454bf6c3977ebd289e970b2f5282949190093d0d26f98d0f0d6a9cf17']",[],1.0,0ffee3ba8e615ad22535e7f771690a28,2b33c1374db4ddf06942f92373c0b54b,h2,,13326.32569,10.0.2.15,58994,95.100.164.64,443,tcp,9.052207000000635,892.0,24853.0,SF,True,False,0,ShADadFfRr,26,1940,41,26497,ssl,0
13328.31964,CdggPO36IlTzrzQZQ8,10.0.2.15,58993,95.100.164.64,443,TLSv12,TLS_ECDHE_RSA_WITH_AES_256_GCM_SHA384,secp256r1,static.gamespot.com,False,True,CsxknGIti,"['17bcd593ad94d55a52a7537e885ba91d3522a48358b8c4c167023c7f99fb22e9', 'eae72eb454bf6c3977ebd289e970b2f5282949190093d0d26f98d0f0d6a9cf17']",[],1.0,0ffee3ba8e615ad22535e7f771690a28,2b33c1374db4ddf06942f92373c0b54b,h2,,13326.322162,10.0.2.15,58993,95.100.164.64,443,tcp,9.19884599999932,893.0,24939.0,SF,True,False,0,ShADadFfRr,23,1821,36,26383,ssl,0
13328.321788,Cz399A2CSL0ZPfIyl2,10.0.2.15,58992,95.100.164.64,443,TLSv12,TLS_ECDHE_RSA_WITH_AES_256_GCM_SHA384,secp256r1,static.gamespot.com,False,True,CsxknGIti,"['17bcd593ad94d55a52a7537e885ba91d3522a48358b8c4c167023c7f99fb22e9', 'eae72eb454bf6c3977ebd289e970b2f5282949190093d0d26f98d0f0d6a9cf17']",[],1.0,0ffee3ba8e615ad22535e7f771690a28,2b33c1374db4ddf06942f92373c0b54b,h2,,13326.320759,10.0.2.15,58992,95.100.164.64,443,tcp,9.325894999999946,893.0,25117.0,SF,True,False,0,ShADadFfRr,23,1821,38,26641,ssl,0
13328.338517,CHqAFn4QqGFA0zmD81,10.0.2.15,58991,54.192.93.118,443,TLSv12,TLS_ECDHE_RSA_WITH_AES_128_GCM_SHA256,secp256r1,cdn.boomtrain.com,False,True,CsxuknGIti,"['b5e9533e463f98d5533c9aa423cadeb130d075ea7b8f8fca87b71122ab991f2b', 'f55f9ffcb83c73453261601c7e044db15a0f034b93c05830f28635ef889cf670', '87dcd4dc74640a322cd205552506d1be64f12596258096544986b4850bc72706', '28689b30e4c306aab53b027b29e36ad6dd1dcf4b953994482ca84bdc1ecac996']",[],1.0,0ffee3ba8e615ad22535e7f771690a28,76cc3e2d3028143b23ec18e27dbd7ca9,http/1.1,,13326.294881,10.0.2.15,58991,54.192.93.118,443,tcp,138.5358410000008,1124.0,14725.0,SF,True,False,0,ShADadTTfF,27,2224,34,16089,ssl,0
13328.638451,C9fpMt4hfbimN4IMl,10.0.2.15,58997,95.100.164.64,443,TLSv12,TLS_ECDHE_RSA_WITH_AES_256_GCM_SHA384,secp256r1,static.gamespot.com,False,True,CsxknGIti,"['17bcd593ad94d55a52a7537e885ba91d3522a48358b8c4c167023c7f99fb22e9', 'eae72eb454bf6c3977ebd289e970b2f5282949190093d0d26f98d0f0d6a9cf17']",[],1.0,0ffee3ba8e615ad22535e7f771690a28,2b33c1374db4ddf06942f92373c0b54b,h2,,13326.375296,10.0.2.15,58997,95.100.164.64,443,tcp,10.59594300000026,855.0,40492.0,SF,True,False,0,ShADadFfRr,29,2023,53,42616,ssl,0
13328.640306,CJQGA52ZdF4HKxifPc,10.0.2.15,58996,95.100.164.64,443,TLSv12,TLS_ECDHE_RSA_WITH_AES_256_GCM_SHA384,secp256r1,static.gamespot.com,False,True,CsxknGIti,"['17bcd593ad94d55a52a7537e885ba91d3522a48358b8c4c167023c7f99fb22e9', 'eae72eb454bf6c3977ebd289e970b2f5282949190093d0d26f98d0f0d6a9cf17']",[],1.0,0ffee3ba8e615ad22535e7f771690a28,2b33c1374db4ddf06942f92373c0b54b,h2,,13326.373444,10.0.2.15,58996,95.100.164.64,443,tcp,10.034750999999233,894.0,24975.0,SF,True,False,0,ShADadFfRr,21,1742,35,26379,ssl,0
13331.502848,Ca4fVCAjQHMFncqtf,10.0.2.15,59001,185.118.124.156,443,TLSv12,TLS_RSA_WITH_AES_256_CBC_SHA,,pix04.revsci.net,True,True,CsiI,,,,0ffee3ba8e615ad22535e7f771690a28,db8185c4eafa7114cadaf05965b09ef0,,,13330.52185,10.0.2.15,59001,185.118.124.156,443,tcp,148.5819900000006,11499.0,12719.0,SF,True,False,0,ShADadTTFf,34,12881,42,14403,ssl,0
13331.499161,Cy6OnX1L0GKrsIxkjb,10.0.2.15,58998,64.30.228.81,443,TLSv12,TLS_ECDHE_RSA_WITH_AES_256_GCM_SHA384,,www.gamespot.com,True,True,CsiI,,,,0ffee3ba8e615ad22535e7f771690a28,410b9bedaf65dd26c6fe547154d60db4,http/1.1,,13330.109748,10.0.2.15,58998,64.30.228.81,443,tcp,7.565738999999667,307.0,152.0,SF,True,False,0,ShADadFf,7,595,7,436,ssl,0
13331.514864,CmwoOQ3GyjH1LngRJg,10.0.2.15,59000,23.111.11.222,443,TLSv12,TLS_ECDHE_RSA_WITH_AES_128_GCM_SHA256,secp256r1,asset.pagefair.net,False,True,CsxknGIti,"['ed8b36827d8bf7d471524d36def7e2d212f45a8e2b263143d3be400b6813055e', 'b9f2164323638dce0b92218b43c41c1b2b2696389329db19f5cf7ad49b5cb372', '1a5174980a294a528a110726d5855650266c48d9883bea692b67b6d726da98c5']",[],1.0,0ffee3ba8e615ad22535e7f771690a28,8d2a028aa94425f76ced7826b1f39039,http/1.1,,13330.111502,10.0.2.15,59000,23.111.11.222,443,tcp,14.438618000000131,976.0,6185.0,SF,True,False,0,ShADadfF,13,1504,16,6829,ssl,0
13331.516297,C80RLt3DmDUJPIkQGc,10.0.2.15,58999,23.111.9.30,443,TLSv12,TLS_ECDHE_RSA_WITH_AES_128_GCM_SHA256,secp256r1,asset.pagefair.com,False,True,CsxknGIti,"['ae10e02cf02c9ca412fa82ecb3598aa529b426c5d50ed00f75c5d9f42db77551', 'b9f2164323638dce0b92218b43c41c1b2b2696389329db19f5cf7ad49b5cb372', '1a5174980a294a528a110726d5855650266c48d9883bea692b67b6d726da98c5']",[],1.0,0ffee3ba8e615ad22535e7f771690a28,8d2a028aa94425f76ced7826b1f39039,http/1.1,,13330.110463,10.0.2.15,58999,23.111.9.30,443,tcp,16.116738999999143,1395.0,11513.0,SF,True,False,0,ShADadfF,16,2043,21,12357,ssl,0
13331.500325,CGFXOvbWrvB5LMZle,10.0.2.15,59002,151.101.114.2,443,TLSv12,TLS_ECDHE_RSA_WITH_AES_128_GCM_SHA256,secp256r1,cdn.taboola.com,False,True,CsxuknGIti,"['1b90ad8858722a0f2048bb4da66bfe69ccb05827d075f8dbd6dea0562198334b', '4b7334e1d8999822bafa8ff6888125389b18a4e5ab26ffa624c7f68fdc81f0cb']",[],1.0,0ffee3ba8e615ad22535e7f771690a28,860fcf58fd757e26aa8911e5eaff6b53,h2,,13330.522539,10.0.2.15,59002,151.101.114.2,443,tcp,9.897640999999568,2429.0,35067.0,SF,True,False,0,ShADadFfRr,37,3917,55,37271,ssl,0
13337.701533,CWYIez1CGFUEY8vZ6b,10.0.2.15,59014,104.152.141.99,443,TLSv12,TLS_ECDHE_RSA_WITH_AES_256_CBC_SHA,secp256r1,t.visto1.net,False,True,CsxknGIti,"['91ce9e9e678aa85ac9bc7f490195071aa7a73175198f47486fdb6f5b115b9e33', '973a41276ffd01e027a2aad49e34c37846d3e976ff6a620b6712e33832041aa6', '3a2fbe92891e57fe05d57087f48e730f17e5a5f53ef403d618e5b74d7a7e6ecb', 'c3846bf24b9e93ca64274c0ec67c1ecc5e024ffcacd2d74019350e81fe546ae4']",[],1.0,0ffee3ba8e615ad22535e7f771690a28,63a37e7be22df054d1f448fc0c28b98f,,,13337.337021,10.0.2.15,59014,104.152.141.99,443,tcp,6.991063999999824,776.0,6073.0,SF,True,False,0,ShADadfF,10,1184,13,6597,ssl,0
13337.702957,CxpWvussLAc0ntEX4,10.0.2.15,59013,104.152.141.99,443,TLSv12,TLS_ECDHE_RSA_WITH_AES_256_CBC_SHA,secp256r1,t.visto1.net,False,True,CsxknGIti,"['91ce9e9e678aa85ac9bc7f490195071aa7a73175198f47486fdb6f5b115b9e33', '973a41276ffd01e027a2aad49e34c37846d3e976ff6a620b6712e33832041aa6', '3a2fbe92891e57fe05d57087f48e730f17e5a5f53ef403d618e5b74d7a7e6ecb', 'c3846bf24b9e93ca64274c0ec67c1ecc5e024ffcacd2d74019350e81fe546ae4']",[],1.0,0ffee3ba8e615ad22535e7f771690a28,63a37e7be22df054d1f448fc0c28b98f,,,13337.336261,10.0.2.15,59013,104.152.141.99,443,tcp,7.196519999999509,776.0,6089.0,SF,True,False,0,ShADadfF,10,1184,13,6613,ssl,0
13338.055124,CccshvfbTM7AL7xNk,10.0.2.15,59008,104.152.141.99,443,TLSv12,TLS_ECDHE_RSA_WITH_AES_256_CBC_SHA,secp256r1,t.visto1.net,False,True,CsxknGIti,"['91ce9e9e678aa85ac9bc7f490195071aa7a73175198f47486fdb6f5b115b9e33', '973a41276ffd01e027a2aad49e34c37846d3e976ff6a620b6712e33832041aa6', '3a2fbe92891e57fe05d57087f48e730f17e5a5f53ef403d618e5b74d7a7e6ecb', 'c3846bf24b9e93ca64274c0ec67c1ecc5e024ffcacd2d74019350e81fe546ae4']",[],1.0,0ffee3ba8e615ad22535e7f771690a28,63a37e7be22df054d1f448fc0c28b98f,,,13337.332209,10.0.2.15,59008,104.152.141.99,443,tcp,6.936621000000741,424.0,5721.0,SF,True,False,0,ShADadFfRr,11,872,14,6285,ssl,0
13338.056687,C1X2GT208bX1tJdWeb,10.0.2.15,59007,104.152.141.99,443,TLSv12,TLS_ECDHE_RSA_WITH_AES_256_CBC_SHA,secp256r1,t.visto1.net,False,True,CsxknGIti,"['91ce9e9e678aa85ac9bc7f490195071aa7a73175198f47486fdb6f5b115b9e33', '973a41276ffd01e027a2aad49e34c37846d3e976ff6a620b6712e33832041aa6', '3a2fbe92891e57fe05d57087f48e730f17e5a5f53ef403d618e5b74d7a7e6ecb', 'c3846bf24b9e93ca64274c0ec67c1ecc5e024ffcacd2d74019350e81fe546ae4']",[],1.0,0ffee3ba8e615ad22535e7f771690a28,63a37e7be22df054d1f448fc0c28b98f,,,13337.331677,10.0.2.15,59007,104.152.141.99,443,tcp,6.7515499999990425,424.0,5668.0,RSTO,True,False,0,ShADadFR,11,872,13,6192,ssl,0
13338.518184,Cl1RcT2HrTV0hSB9hh,10.0.2.15,59006,216.239.120.246,443,TLSv12,TLS_ECDHE_RSA_WITH_AES_256_GCM_SHA384,secp256r1,dw.cbsi.com,False,True,CsxknGIi,"['46749ff43d5c8c5f0fe965eb4217820f76942794e8865755b1608c642c07c1c3', '19400be5b7a31fb733917700789d2f0a2471c0c9d506c0e504c06c16d7cb17c0', '7431e5f4c3c1ce4690774f0b61e05440883ba9a01ed00ba6abd7806ed3b118cf']",[],1.0,0ffee3ba8e615ad22535e7f771690a28,d8ca8fec03c8093db1017ef2017076d0,http/1.1,,13337.33105,10.0.2.15,59006,216.239.120.246,443,tcp,3.386449999999968,346.0,4579.0,SF,True,False,0,ShADadFf,9,714,10,4983,ssl,0
13338.526806,CBKTOP1Kf2WenUZkJh,10.0.2.15,59005,216.239.120.246,443,TLSv12,TLS_ECDHE_RSA_WITH_AES_256_GCM_SHA384,secp256r1,dw.cbsi.com,False,True,CsxknGIi,"['46749ff43d5c8c5f0fe965eb4217820f76942794e8865755b1608c642c07c1c3', '19400be5b7a31fb733917700789d2f0a2471c0c9d506c0e504c06c16d7cb17c0', '7431e5f4c3c1ce4690774f0b61e05440883ba9a01ed00ba6abd7806ed3b118cf']",[],1.0,0ffee3ba8e615ad22535e7f771690a28,d8ca8fec03c8093db1017ef2017076d0,http/1.1,,13337.329196,10.0.2.15,59005,216.239.120.246,443,tcp,9.729629999999815,377.0,4579.0,SF,True,False,0,ShADadFf,10,785,11,5023,ssl,0
13339.551525,CSxPat3YO8aJfi8aN6,10.0.2.15,59015,52.3.10.224,443,TLSv12,TLS_ECDHE_RSA_WITH_AES_128_GCM_SHA256,secp256r1,api.boomtrain.com,False,True,CsxknGIi,"['bade2621dd162f81784564cf4a9e5469870f2cf6ccba9f0ae5c72ca72ea498dc', 'f55f9ffcb83c73453261601c7e044db15a0f034b93c05830f28635ef889cf670', '87dcd4dc74640a322cd205552506d1be64f12596258096544986b4850bc72706', '28689b30e4c306aab53b027b29e36ad6dd1dcf4b953994482ca84bdc1ecac996']",[],1.0,0ffee3ba8e615ad22535e7f771690a28,303951d4c50efb2e991652225a6f02b1,,,13339.225888,10.0.2.15,59015,52.3.10.224,443,tcp,1.413083999999798,352.0,5077.0,SF,True,False,0,ShADadFfRr,10,760,13,5601,ssl,0
13341.106554,CkB3rX3yoqf5LYQkYd,10.0.2.15,59017,172.217.23.226,443,TLSv12,TLS_ECDHE_RSA_WITH_AES_128_GCM_SHA256,,securepubads.g.doubleclick.net,True,True,CsiI,,,,1a5fe5677b0e4fbbc854e8908225637d,67619a80665d7ab92d1041b1d11f9164,h2,,13340.779093,10.0.2.15,59017,172.217.23.226,443,tcp,535.1299130000007,22056.0,115227.0,RSTR,True,False,0,ShADadRr,129,27224,210,123631,ssl,0
13342.526026,Cxwj6MHIGy6Oi5g06,10.0.2.15,59018,172.217.23.225,443,TLSv12,TLS_ECDHE_RSA_WITH_AES_128_GCM_SHA256,x25519,cdn.ampproject.org,False,True,CsxknGIti,"['97b9d51817ed01d399aa3c76434f3cd1492481c967528bc8f0bd6fa0d27e5987', '9f630426df1d8abfd80ace98871ba833ab9742cb34838de2b5285ed54c0c7dcc', '3c35cc963eb004451323d3275d05b353235053490d9cd83729a2faf5e7ca1cc0']",[],1.0,0ffee3ba8e615ad22535e7f771690a28,ab41313cfec25328b20865eb1388e0a2,h2,,13341.747569,10.0.2.15,59018,172.217.23.225,443,tcp,214.83700300000052,1192.0,48670.0,SF,True,False,0,ShADadFf,33,2520,64,51234,ssl,0
13345.571371,C2MKSb4B9RkDMPsgKj,10.0.2.15,59023,23.111.9.30,443,TLSv12,TLS_ECDHE_RSA_WITH_AES_128_GCM_SHA256,,asset.pagefair.com,True,True,CsiI,,,,1a5fe5677b0e4fbbc854e8908225637d,7bee5c1d424b7e5f943b06983bb11422,http/1.1,,13343.549512,10.0.2.15,59023,23.111.9.30,443,tcp,11.457814000001235,599.0,152.0,SF,True,False,0,ShADadFf,8,927,7,436,ssl,0
13345.571965,CZ9tDd63ZjJUvyBma,10.0.2.15,59022,23.111.9.30,443,TLSv12,TLS_ECDHE_RSA_WITH_AES_128_GCM_SHA256,,asset.pagefair.com,True,True,CsiI,,,,1a5fe5677b0e4fbbc854e8908225637d,7bee5c1d424b7e5f943b06983bb11422,http/1.1,,13343.548009,10.0.2.15,59022,23.111.9.30,443,tcp,11.451751000000511,599.0,152.0,SF,True,False,0,ShADadFf,8,927,7,436,ssl,0
13345.586597,Cxlcue3WU4P2XWRN27,10.0.2.15,59025,151.101.114.2,443,TLSv12,TLS_ECDHE_RSA_WITH_AES_128_GCM_SHA256,secp256r1,trc.taboola.com,False,True,CsxuknGIti,"['1b90ad8858722a0f2048bb4da66bfe69ccb05827d075f8dbd6dea0562198334b', '4b7334e1d8999822bafa8ff6888125389b18a4e5ab26ffa624c7f68fdc81f0cb']",[],1.0,0ffee3ba8e615ad22535e7f771690a28,860fcf58fd757e26aa8911e5eaff6b53,h2,,13343.772317,10.0.2.15,59025,151.101.114.2,443,tcp,225.2330619999993,11698.0,72482.0,SF,True,False,0,ShADadFfRr,73,14626,113,77006,ssl,0
13346.207013,ChzCgS2IHv2LdPtxc,10.0.2.15,59028,52.21.70.46,443,TLSv12,TLS_ECDHE_RSA_WITH_AES_128_GCM_SHA256,secp256r1,services.babator.com,False,True,CsxknGIi,"['46df073f0c4d17ea048f483e9690eeb9ea0279e4d25b57d196263a767c2013a5', '973a41276ffd01e027a2aad49e34c37846d3e976ff6a620b6712e33832041aa6', '3a2fbe92891e57fe05d57087f48e730f17e5a5f53ef403d618e5b74d7a7e6ecb', 'c3846bf24b9e93ca64274c0ec67c1ecc5e024ffcacd2d74019350e81fe546ae4']",[],1.0,0ffee3ba8e615ad22535e7f771690a28,303951d4c50efb2e991652225a6f02b1,,,13344.686601,10.0.2.15,59028,52.21.70.46,443,tcp,69.71159600000101,747.0,8370.0,SF,True,False,0,ShADadTFf,18,1481,21,9214,ssl,0
13347.226136,C7nNOF2xO0z5u4Fsvb,10.0.2.15,59030,34.201.79.55,443,TLSv12,TLS_ECDHE_RSA_WITH_AES_128_GCM_SHA256,secp256r1,stats.pagefair.com,False,True,CsxknGIi,"['ae10e02cf02c9ca412fa82ecb3598aa529b426c5d50ed00f75c5d9f42db77551', 'b9f2164323638dce0b92218b43c41c1b2b2696389329db19f5cf7ad49b5cb372', '1a5174980a294a528a110726d5855650266c48d9883bea692b67b6d726da98c5']",[],1.0,0ffee3ba8e615ad22535e7f771690a28,303951d4c50efb2e991652225a6f02b1,,,13345.738846,10.0.2.15,59030,34.201.79.55,443,tcp,82.24916800000028,1444.0,5815.0,SF,True,False,0,ShADadTFf,20,2259,22,6699,ssl,0
13349.90515,CLtPSr1J9vxYDkQ3n2,10.0.2.15,59034,95.101.246.112,443,TLSv12,TLS_ECDHE_RSA_WITH_AES_256_GCM_SHA384,secp256r1,vidtech.cbsinteractive.com,False,True,CsxknGIti,"['0921b094e8b427e49b90c45ec702268cc0b41886e9f9549abc840a9b51510532', '074541ecdf88ed992ed5ade3ecddef27a26ba1b44480a195c0a8dadae2521d8e']",[],1.0,0ffee3ba8e615ad22535e7f771690a28,2b33c1374db4ddf06942f92373c0b54b,http/1.1,,13349.032919,10.0.2.15,59034,95.101.246.112,443,tcp,161.84279500000048,2075.0,238331.0,SF,True,False,0,ShADadTTFfRr,82,5377,234,247695,ssl,0
13349.909856,CVOQYg4Tlo3IydvXkb,10.0.2.15,59033,172.217.23.234,443,TLSv12,TLS_ECDHE_RSA_WITH_AES_128_GCM_SHA256,x25519,imasdk.googleapis.com,False,True,CsxknGIti,"['0ca616f3b5a49ded9af60777a33ae7119bfd6de6a815dbee0b64d5d69491aa06', '9f630426df1d8abfd80ace98871ba833ab9742cb34838de2b5285ed54c0c7dcc', '3c35cc963eb004451323d3275d05b353235053490d9cd83729a2faf5e7ca1cc0']",[],1.0,0ffee3ba8e615ad22535e7f771690a28,ab41313cfec25328b20865eb1388e0a2,h2,,13349.031576,10.0.2.15,59033,172.217.23.234,443,tcp,7.35186000000067,534.0,3968.0,SF,True,False,0,ShADadFf,11,982,13,4492,ssl,0
13351.322915,C8d1aMjfeY7hroMyk,10.0.2.15,59035,172.217.23.225,443,TLSv12,TLS_ECDHE_RSA_WITH_AES_128_GCM_SHA256,,tpc.googlesyndication.com,True,True,CsiI,,,,1a5fe5677b0e4fbbc854e8908225637d,67619a80665d7ab92d1041b1d11f9164,h2,,13350.478216,10.0.2.15,59035,172.217.23.225,443,tcp,579.8604240000004,2891.0,178404.0,SF,True,False,0,ShADadFf,80,6099,197,186288,ssl,0
13353.182528,C5kJHb3r2A3hh6CtCg,10.0.2.15,59038,172.217.23.238,443,TLSv12,TLS_ECDHE_ECDSA_WITH_AES_128_GCM_SHA256,,encrypted-tbn0.gstatic.com,True,True,CsiI,,,,1a5fe5677b0e4fbbc854e8908225637d,c23237dbea656869600e48dfbd00ab7b,h2,,13352.469926,10.0.2.15,59038,172.217.23.238,443,tcp,195.1132630000011,1266.0,2801.0,SF,True,False,0,ShADadFf,19,2034,21,3645,ssl,0
13353.186013,C0XhSA3VbWE0ajgtqh,10.0.2.15,59040,172.217.23.238,443,TLSv12,TLS_ECDHE_ECDSA_WITH_AES_128_GCM_SHA256,,encrypted-tbn2.gstatic.com,True,True,CsiI,,,,1a5fe5677b0e4fbbc854e8908225637d,c23237dbea656869600e48dfbd00ab7b,h2,,13352.471494,10.0.2.15,59040,172.217.23.238,443,tcp,195.4381720000001,1270.0,1855.0,SF,True,False,0,ShADadFf,20,2078,21,2699,ssl,0
13353.187422,C1fyCT2bicpwhIIRl2,10.0.2.15,59039,172.217.23.238,443,TLSv12,TLS_ECDHE_ECDSA_WITH_AES_128_GCM_SHA256,,encrypted-tbn1.gstatic.com,True,True,CsiI,,,,1a5fe5677b0e4fbbc854e8908225637d,c23237dbea656869600e48dfbd00ab7b,h2,,13352.470682,10.0.2.15,59039,172.217.23.238,443,tcp,194.92473600000085,1269.0,3363.0,SF,True,False,0,ShADadFf,20,2077,22,4247,ssl,0
13353.18569,CsUMfu1VS8NYX7BCn6,10.0.2.15,59041,52.30.184.164,443,TLSv12,TLS_ECDHE_RSA_WITH_AES_128_GCM_SHA256,secp256r1,bcp.crwdcntrl.net,False,True,CsxknGIi,"['131513af4a65033acc7234be892849a35819b02b70aba4c428c133a0a88fdd2e', '973a41276ffd01e027a2aad49e34c37846d3e976ff6a620b6712e33832041aa6', '3a2fbe92891e57fe05d57087f48e730f17e5a5f53ef403d618e5b74d7a7e6ecb', 'c3846bf24b9e93ca64274c0ec67c1ecc5e024ffcacd2d74019350e81fe546ae4']",[],1.0,0ffee3ba8e615ad22535e7f771690a28,303951d4c50efb2e991652225a6f02b1,,,13352.472531,10.0.2.15,59041,52.30.184.164,443,tcp,90.1340990000008,5512.0,10971.0,SF,True,False,0,ShADadTFf,24,6487,28,12095,ssl,0
13356.353219,CQi5Tj16NHHeplFngc,10.0.2.15,59042,172.217.23.226,443,TLSv12,TLS_ECDHE_RSA_WITH_AES_128_GCM_SHA256,x25519,adx.g.doubleclick.net,False,True,CsxknGIti,"['a32ffddd76f9e7debbfc9a37b38d2ef86039b30a10d7c45ab8223d149cf99699', '9f630426df1d8abfd80ace98871ba833ab9742cb34838de2b5285ed54c0c7dcc', '3c35cc963eb004451323d3275d05b353235053490d9cd83729a2faf5e7ca1cc0']",[],1.0,0ffee3ba8e615ad22535e7f771690a28,ab41313cfec25328b20865eb1388e0a2,h2,,13354.584284,10.0.2.15,59042,172.217.23.226,443,tcp,16.209607999999207,534.0,4085.0,SF,True,False,0,ShADadTFf,13,1063,14,4649,ssl,0
13357.194274,C5bTnQ2XpctFwP2Zwj,10.0.2.15,59043,52.3.10.224,443,TLSv12,TLS_ECDHE_RSA_WITH_AES_128_GCM_SHA256,secp256r1,api.boomtrain.com,False,True,CsxknGIi,"['bade2621dd162f81784564cf4a9e5469870f2cf6ccba9f0ae5c72ca72ea498dc', 'f55f9ffcb83c73453261601c7e044db15a0f034b93c05830f28635ef889cf670', '87dcd4dc74640a322cd205552506d1be64f12596258096544986b4850bc72706', '28689b30e4c306aab53b027b29e36ad6dd1dcf4b953994482ca84bdc1ecac996']",[],1.0,0ffee3ba8e615ad22535e7f771690a28,303951d4c50efb2e991652225a6f02b1,,,13356.375151,10.0.2.15,59043,52.3.10.224,443,tcp,80.0858160000007,1351.0,6387.0,SF,True,False,0,ShADadTFf,20,2165,23,7311,ssl,0
13366.769964,COrtpBBJqDHB23nYf,10.0.2.15,59051,64.30.228.81,443,TLSv12,TLS_ECDHE_RSA_WITH_AES_256_GCM_SHA384,,www.gamespot.com,True,True,CsiI,,,,0ffee3ba8e615ad22535e7f771690a28,410b9bedaf65dd26c6fe547154d60db4,http/1.1,,13366.360752,10.0.2.15,59051,64.30.228.81,443,tcp,144.64748899999904,1190.0,2720.0,SF,True,False,0,ShADadTTFf,24,2172,25,3724,ssl,0
13371.08983,CoKMDn3WMfh94JGN59,10.0.2.15,59052,34.201.79.55,443,TLSv12,TLS_ECDHE_RSA_WITH_AES_128_GCM_SHA256,,stats.pagefair.com,True,True,CsiI,,,,0ffee3ba8e615ad22535e7f771690a28,303951d4c50efb2e991652225a6f02b1,,,13370.412064,10.0.2.15,59052,34.201.79.55,443,tcp,13.667728000000352,309.0,176.0,SF,True,False,0,ShADadTFfRr,9,678,10,580,ssl,0
13371.313659,Com3cO1zZP8xzaTGFh,10.0.2.15,59053,95.101.252.144,443,TLSv12,TLS_ECDHE_RSA_WITH_AES_256_GCM_SHA384,,px.moatads.com,True,True,CsiI,,,,1a5fe5677b0e4fbbc854e8908225637d,410b9bedaf65dd26c6fe547154d60db4,http/1.1,,13370.776891,10.0.2.15,59053,95.101.252.144,443,tcp,173.43086500000027,5165.0,1059.0,SF,True,False,0,ShADadTTFfRr,31,6429,31,2303,ssl,0
13374.605166,C2cHvv4g5NjL56cxCf,10.0.2.15,59054,216.239.120.246,443,TLSv12,TLS_ECDHE_RSA_WITH_AES_256_GCM_SHA384,,dw.cbsi.com,True,True,CsiI,,,,0ffee3ba8e615ad22535e7f771690a28,410b9bedaf65dd26c6fe547154d60db4,http/1.1,,13373.275111,10.0.2.15,59054,216.239.120.246,443,tcp,10.874440999999932,761.0,578.0,SF,True,False,0,ShADadFf,10,1169,10,982,ssl,0
13374.60663,CNwYHVy0trTAU5eCl,10.0.2.15,59055,34.199.225.126,443,TLSv12,TLS_ECDHE_RSA_WITH_AES_128_GCM_SHA256,secp256r1,events.api.boomtrain.com,False,True,CsxknGIi,"['2471da317deb3d7813ad11d0faa7715d19f2b97eeb7238cedcd82d46bc74085d', 'f55f9ffcb83c73453261601c7e044db15a0f034b93c05830f28635ef889cf670', '87dcd4dc74640a322cd205552506d1be64f12596258096544986b4850bc72706', '28689b30e4c306aab53b027b29e36ad6dd1dcf4b953994482ca84bdc1ecac996']",[],1.0,0ffee3ba8e615ad22535e7f771690a28,303951d4c50efb2e991652225a6f02b1,,,13373.277093,10.0.2.15,59055,34.199.225.126,443,tcp,76.32348099999945,1886.0,5870.0,SF,True,False,0,ShADadTFf,19,2659,20,6674,ssl,0
13376.467337,CY6BrViHTBjniyRJd,10.0.2.15,59056,95.101.252.144,443,TLSv12,TLS_ECDHE_RSA_WITH_AES_256_GCM_SHA384,,px.moatads.com,True,True,CsiI,,,,1a5fe5677b0e4fbbc854e8908225637d,410b9bedaf65dd26c6fe547154d60db4,http/1.1,,13374.637931,10.0.2.15,59056,95.101.252.144,443,tcp,8.811134000001402,599.0,183.0,SF,True,False,0,ShADadFfRr,9,967,9,547,ssl,0
13376.47922,CaUXj5PIxsz0Gj9Ti,10.0.2.15,59057,64.30.228.81,443,TLSv12,TLS_ECDHE_RSA_WITH_AES_256_GCM_SHA384,,www.gamespot.com,True,True,CsiI,,,,0ffee3ba8e615ad22535e7f771690a28,410b9bedaf65dd26c6fe547154d60db4,http/1.1,,13375.260921,10.0.2.15,59057,64.30.228.81,443,tcp,8.009210000000166,307.0,152.0,SF,True,False,0,ShADadFf,8,635,8,476,ssl,0
13377.489631,CP6GAaOs2qoMmg3il,10.0.2.15,59058,34.199.225.126,443,TLSv12,TLS_ECDHE_RSA_WITH_AES_128_GCM_SHA256,secp256r1,events.api.boomtrain.com,False,True,CsxknGIi,"['2471da317deb3d7813ad11d0faa7715d19f2b97eeb7238cedcd82d46bc74085d', 'f55f9ffcb83c73453261601c7e044db15a0f034b93c05830f28635ef889cf670', '87dcd4dc74640a322cd205552506d1be64f12596258096544986b4850bc72706', '28689b30e4c306aab53b027b29e36ad6dd1dcf4b953994482ca84bdc1ecac996']",[],1.0,0ffee3ba8e615ad22535e7f771690a28,303951d4c50efb2e991652225a6f02b1,,,13376.489794,10.0.2.15,59058,34.199.225.126,443,tcp,73.11069700000007,1890.0,5870.0,SF,True,False,0,ShADadTFf,19,2663,20,6674,ssl,0
13380.519082,Ce839L8pFgprEUbUa,10.0.2.15,59060,95.101.246.112,443,TLSv12,TLS_ECDHE_RSA_WITH_AES_256_GCM_SHA384,,vidtech.cbsinteractive.com,True,True,CsiI,,,,1a5fe5677b0e4fbbc854e8908225637d,410b9bedaf65dd26c6fe547154d60db4,http/1.1,,13379.594817,10.0.2.15,59060,95.101.246.112,443,tcp,12.850088000001051,599.0,183.0,SF,True,False,0,ShADadTFfRr,10,1008,10,587,ssl,0
13380.524264,CIYKHN3tkGQAk04nMf,10.0.2.15,59059,95.101.246.112,443,TLSv12,TLS_ECDHE_RSA_WITH_AES_256_GCM_SHA384,,vidtech.cbsinteractive.com,True,True,CsiI,,,,1a5fe5677b0e4fbbc854e8908225637d,410b9bedaf65dd26c6fe547154d60db4,http/1.1,,13379.5939,10.0.2.15,59059,95.101.246.112,443,tcp,12.83878100000038,599.0,183.0,SF,True,False,0,ShADadTFfRr,10,1008,10,587,ssl,0
13381.070976,Cs14a54ZOAZhjxhVq9,10.0.2.15,59061,34.199.225.126,443,TLSv12,TLS_ECDHE_RSA_WITH_AES_128_GCM_SHA256,secp256r1,events.api.boomtrain.com,False,True,CsxknGIi,"['2471da317deb3d7813ad11d0faa7715d19f2b97eeb7238cedcd82d46bc74085d', 'f55f9ffcb83c73453261601c7e044db15a0f034b93c05830f28635ef889cf670', '87dcd4dc74640a322cd205552506d1be64f12596258096544986b4850bc72706', '28689b30e4c306aab53b027b29e36ad6dd1dcf4b953994482ca84bdc1ecac996']",[],1.0,0ffee3ba8e615ad22535e7f771690a28,303951d4c50efb2e991652225a6f02b1,,,13379.949223,10.0.2.15,59061,34.199.225.126,443,tcp,73.41795900000034,1890.0,5870.0,SF,True,False,0,ShADadTFf,19,2664,22,6754,ssl,0
13390.292233,CVrPTN2tckcvQ7GUg4,10.0.2.15,59064,95.100.191.109,443,TLSv12,TLS_ECDHE_RSA_WITH_AES_256_GCM_SHA384,secp256r1,i.cbc.ca,False,True,CsxknGIti,"['c3cd8ee26d9c9476f1a97d6732c31f1bf40185b76f057c21889c5a7b8e9fee3a', '074541ecdf88ed992ed5ade3ecddef27a26ba1b44480a195c0a8dadae2521d8e']",[],1.0,0ffee3ba8e615ad22535e7f771690a28,2b33c1374db4ddf06942f92373c0b54b,http/1.1,,13388.975738,10.0.2.15,59064,95.100.191.109,443,tcp,141.68599500000164,1041.0,11644.0,SF,True,False,0,ShADadTTFfRr,28,2182,34,13008,ssl,0
13390.303182,CdjUf8cvSSebfonN5,10.0.2.15,59063,104.16.20.18,443,TLSv12,TLS_ECDHE_RSA_WITH_AES_128_GCM_SHA256,secp256r1,plarium.com,False,True,CsxuknGIti,"['d519be13f5200d3f158a5ef377b2c9417f0612df1c015d99369914e3d9043988', '973a41276ffd01e027a2aad49e34c37846d3e976ff6a620b6712e33832041aa6', '3a2fbe92891e57fe05d57087f48e730f17e5a5f53ef403d618e5b74d7a7e6ecb']",[],1.0,0ffee3ba8e615ad22535e7f771690a28,76cc3e2d3028143b23ec18e27dbd7ca9,h2,,13388.972837,10.0.2.15,59063,104.16.20.18,443,tcp,197.0727640000005,2646.0,10739.0,SF,True,False,0,ShADadFf,22,3534,26,11783,ssl,0
13390.96868,CWmY8n31xY5NcBfTdh,10.0.2.15,59068,95.100.191.109,443,TLSv12,TLS_ECDHE_RSA_WITH_AES_256_GCM_SHA384,secp256r1,i.cbc.ca,False,True,CsxknGIti,"['c3cd8ee26d9c9476f1a97d6732c31f1bf40185b76f057c21889c5a7b8e9fee3a', '074541ecdf88ed992ed5ade3ecddef27a26ba1b44480a195c0a8dadae2521d8e']",[],1.0,0ffee3ba8e615ad22535e7f771690a28,2b33c1374db4ddf06942f92373c0b54b,http/1.1,,13388.978879,10.0.2.15,59068,95.100.191.109,443,tcp,141.67022299999917,1039.0,10531.0,SF,True,False,0,ShADadTTFfRr,26,2100,32,11815,ssl,0
13390.972038,Cwoapb2Ds0UIflTZZe,10.0.2.15,59067,95.100.191.109,443,TLSv12,TLS_ECDHE_RSA_WITH_AES_256_GCM_SHA384,secp256r1,i.cbc.ca,False,True,CsxknGIti,"['c3cd8ee26d9c9476f1a97d6732c31f1bf40185b76f057c21889c5a7b8e9fee3a', '074541ecdf88ed992ed5ade3ecddef27a26ba1b44480a195c0a8dadae2521d8e']",[],1.0,0ffee3ba8e615ad22535e7f771690a28,2b33c1374db4ddf06942f92373c0b54b,http/1.1,,13388.97774,10.0.2.15,59067,95.100.191.109,443,tcp,141.67141099999935,1026.0,11211.0,SF,True,False,0,ShADadTTFfRr,27,2127,33,12535,ssl,0
13390.975235,CJTAJOGDaKNYnsFv9,10.0.2.15,59066,95.100.191.109,443,TLSv12,TLS_ECDHE_RSA_WITH_AES_256_GCM_SHA384,secp256r1,i.cbc.ca,False,True,CsxknGIti,"['c3cd8ee26d9c9476f1a97d6732c31f1bf40185b76f057c21889c5a7b8e9fee3a', '074541ecdf88ed992ed5ade3ecddef27a26ba1b44480a195c0a8dadae2521d8e']",[],1.0,0ffee3ba8e615ad22535e7f771690a28,2b33c1374db4ddf06942f92373c0b54b,http/1.1,,13388.97711,10.0.2.15,59066,95.100.191.109,443,tcp,141.62863500000094,1042.0,12086.0,SF,True,False,0,ShADadTTFfRr,27,2143,33,13410,ssl,0
13390.978724,CwaZOc3PWcHLy36czi,10.0.2.15,59065,95.100.191.109,443,TLSv12,TLS_ECDHE_RSA_WITH_AES_256_GCM_SHA384,secp256r1,i.cbc.ca,False,True,CsxknGIti,"['c3cd8ee26d9c9476f1a97d6732c31f1bf40185b76f057c21889c5a7b8e9fee3a', '074541ecdf88ed992ed5ade3ecddef27a26ba1b44480a195c0a8dadae2521d8e']",[],1.0,0ffee3ba8e615ad22535e7f771690a28,2b33c1374db4ddf06942f92373c0b54b,http/1.1,,13388.97657,10.0.2.15,59065,95.100.191.109,443,tcp,141.65399999999863,1038.0,11053.0,SF,True,False,0,ShADadTTFfRr,28,2179,34,12417,ssl,0
13393.696805,ChTvStr8uijGRFGE3,10.0.2.15,59070,216.239.120.246,443,TLSv12,TLS_ECDHE_RSA_WITH_AES_256_GCM_SHA384,,dw.cbsi.com,True,True,CsiI,,,,0ffee3ba8e615ad22535e7f771690a28,410b9bedaf65dd26c6fe547154d60db4,http/1.1,,13391.787393,10.0.2.15,59070,216.239.120.246,443,tcp,5.894447999999102,761.0,7020.0,SF,True,False,0,ShADadFf,11,1209,15,7624,ssl,0
13393.702742,C8V2iD1K9QDrHGTAD3,10.0.2.15,59069,95.101.245.177,443,TLSv12,TLS_ECDHE_RSA_WITH_AES_256_GCM_SHA384,,as-sec.casalemedia.com,True,True,CsiI,,,,1a5fe5677b0e4fbbc854e8908225637d,410b9bedaf65dd26c6fe547154d60db4,http/1.1,,13391.786205,10.0.2.15,59069,95.101.245.177,443,tcp,5.742522000000463,4207.0,6205.0,SF,True,False,0,ShADadFf,13,4735,15,6809,ssl,0
13393.721042,CTQX2Z2ex5MGSz7MBh,10.0.2.15,59076,95.101.245.177,443,TLSv12,TLS_ECDHE_RSA_WITH_AES_256_GCM_SHA384,,as-sec.casalemedia.com,True,True,CsiI,,,,1a5fe5677b0e4fbbc854e8908225637d,410b9bedaf65dd26c6fe547154d60db4,http/1.1,,13391.799838,10.0.2.15,59076,95.101.245.177,443,tcp,5.7226449999998295,1336.0,595.0,RSTO,True,False,0,ShADadFR,10,1744,9,959,ssl,0
13393.728759,CW4ymw1mylcEXRuZla,10.0.2.15,59075,37.252.172.42,443,TLSv12,TLS_ECDHE_RSA_WITH_AES_256_GCM_SHA384,secp256r1,secure.adnxs.com,False,True,CsxuknGIti,"['5b081650e8034418a37504ce0820892be5a66474578207711eb688243fe1a8f2', '074541ecdf88ed992ed5ade3ecddef27a26ba1b44480a195c0a8dadae2521d8e']",[],1.0,0ffee3ba8e615ad22535e7f771690a28,d53e4608f956df65bb2b8a8c4d3b025d,,,13391.791134,10.0.2.15,59075,37.252.172.42,443,tcp,7.603232000001299,351.0,4867.0,SF,True,False,0,ShADadFf,10,759,12,5351,ssl,0
13393.731373,Cv4gDISauueHDjwpg,10.0.2.15,59074,37.252.172.42,443,TLSv12,TLS_ECDHE_RSA_WITH_AES_256_GCM_SHA384,secp256r1,secure.adnxs.com,False,True,CsxuknGIti,"['5b081650e8034418a37504ce0820892be5a66474578207711eb688243fe1a8f2', '074541ecdf88ed992ed5ade3ecddef27a26ba1b44480a195c0a8dadae2521d8e']",[],1.0,0ffee3ba8e615ad22535e7f771690a28,d53e4608f956df65bb2b8a8c4d3b025d,,,13391.790368,10.0.2.15,59074,37.252.172.42,443,tcp,7.600218999999925,351.0,4867.0,SF,True,False,0,ShADadFf,10,759,12,5351,ssl,0
13393.733366,CTNW054koJDELN0rR9,10.0.2.15,59073,37.252.172.42,443,TLSv12,TLS_ECDHE_RSA_WITH_AES_256_GCM_SHA384,secp256r1,secure.adnxs.com,False,True,CsxuknGIti,"['5b081650e8034418a37504ce0820892be5a66474578207711eb688243fe1a8f2', '074541ecdf88ed992ed5ade3ecddef27a26ba1b44480a195c0a8dadae2521d8e']",[],1.0,0ffee3ba8e615ad22535e7f771690a28,d53e4608f956df65bb2b8a8c4d3b025d,,,13391.789827,10.0.2.15,59073,37.252.172.42,443,tcp,7.58371199999965,351.0,4867.0,SF,True,False,0,ShADadFf,9,719,11,5311,ssl,0
13393.735403,CDMpMJ3Qql2NzmWx2c,10.0.2.15,59072,37.252.172.42,443,TLSv12,TLS_ECDHE_RSA_WITH_AES_256_GCM_SHA384,secp256r1,secure.adnxs.com,False,True,CsxuknGIti,"['5b081650e8034418a37504ce0820892be5a66474578207711eb688243fe1a8f2', '074541ecdf88ed992ed5ade3ecddef27a26ba1b44480a195c0a8dadae2521d8e']",[],1.0,0ffee3ba8e615ad22535e7f771690a28,d53e4608f956df65bb2b8a8c4d3b025d,,,13391.789304,10.0.2.15,59072,37.252.172.42,443,tcp,7.5777539999999135,351.0,4867.0,SF,True,False,0,ShADadFf,9,719,10,5271,ssl,0
13393.737382,CwXb1q3XD9IOO0ywi4,10.0.2.15,59071,52.211.21.195,443,TLSv12,TLS_ECDHE_RSA_WITH_AES_128_GCM_SHA256,secp256r1,dpm.demdex.net,False,True,CsxknGIi,"['ab8f7b89fa3e472463832f1b07660350a24ba646789dce6dd09107fab1d86a12', '19400be5b7a31fb733917700789d2f0a2471c0c9d506c0e504c06c16d7cb17c0']",[],1.0,0ffee3ba8e615ad22535e7f771690a28,303951d4c50efb2e991652225a6f02b1,,,13391.788658,10.0.2.15,59071,52.211.21.195,443,tcp,7.592534999999771,349.0,3143.0,SF,True,False,0,ShADadFfRr,10,757,11,3587,ssl,0
13395.678767,CHwcSd2Q80a4u6XlHi,10.0.2.15,59077,216.239.120.246,443,TLSv12,TLS_ECDHE_RSA_WITH_AES_256_GCM_SHA384,,dw.cbsi.com,True,True,CsiI,,,,0ffee3ba8e615ad22535e7f771690a28,410b9bedaf65dd26c6fe547154d60db4,http/1.1,,13392.77055,10.0.2.15,59077,216.239.120.246,443,tcp,5.182294000000184,1495.0,549.0,SF,True,False,0,ShADadFf,9,1863,9,913,ssl,0
13395.672623,CDw0E62P3pcbZYmfwh,10.0.2.15,59078,52.211.21.195,443,TLSv12,TLS_ECDHE_RSA_WITH_AES_128_GCM_SHA256,secp256r1,dpm.demdex.net,False,True,CsxknGIi,"['ab8f7b89fa3e472463832f1b07660350a24ba646789dce6dd09107fab1d86a12', '19400be5b7a31fb733917700789d2f0a2471c0c9d506c0e504c06c16d7cb17c0']",[],1.0,0ffee3ba8e615ad22535e7f771690a28,303951d4c50efb2e991652225a6f02b1,,,13392.772815,10.0.2.15,59078,52.211.21.195,443,tcp,6.655428000000029,349.0,3143.0,RSTO,True,False,0,ShADadFR,9,717,9,3507,ssl,0
13396.311133,CkAD8Nunk2ThR4atg,10.0.2.15,59079,172.217.23.230,443,TLSv12,TLS_ECDHE_RSA_WITH_AES_128_GCM_SHA256,x25519,s0.2mdn.net,False,True,CsxknGIti,"['378a6c73f6dec1c6bc563fa8eda92c3e9ce61b893db7685686c41f33ab89931c', '9f630426df1d8abfd80ace98871ba833ab9742cb34838de2b5285ed54c0c7dcc', '3c35cc963eb004451323d3275d05b353235053490d9cd83729a2faf5e7ca1cc0']",[],1.0,0ffee3ba8e615ad22535e7f771690a28,ab41313cfec25328b20865eb1388e0a2,h2,,13394.704086,10.0.2.15,59079,172.217.23.230,443,tcp,4.659976000000825,313.0,4066.0,RSTO,True,False,0,ShADadR,8,641,8,4390,ssl,0
13401.599039,CPobR5wMDBGytwWga,10.0.2.15,59083,54.192.93.156,443,TLSv12,TLS_ECDHE_RSA_WITH_AES_128_GCM_SHA256,secp256r1,cdn-cbc-v3.conductrics.com,False,True,CsxuknGIti,"['164a15772ab80c06b7873c1edf7461a4d682065489296cc65af0b53eb7b2a9e4', 'f55f9ffcb83c73453261601c7e044db15a0f034b93c05830f28635ef889cf670', '87dcd4dc74640a322cd205552506d1be64f12596258096544986b4850bc72706', '28689b30e4c306aab53b027b29e36ad6dd1dcf4b953994482ca84bdc1ecac996']",[],1.0,0ffee3ba8e615ad22535e7f771690a28,76cc3e2d3028143b23ec18e27dbd7ca9,h2,,13401.310668,10.0.2.15,59083,54.192.93.156,443,tcp,196.16219900000036,1011.0,65740.0,SF,True,False,0,ShADadFf,47,2899,84,69104,ssl,0
13407.783842,CKdclT3TNHB3Sddsi3,10.0.2.15,59094,23.219.91.73,443,TLSv12,TLS_ECDHE_ECDSA_WITH_AES_256_GCM_SHA384,secp256r1,5j8ujmnywdoc-a.akamaihd.net,False,True,CsxuknGIti,"['56d0de4121d9daaea7a1ed67ff7b49ba2ea3d77cbab1c27901ee618b74a29e16', '2e2861289b5ccedecae4c31bf262e0fb0c29b6c1530573442731ca65d821e901']",[],1.0,0ffee3ba8e615ad22535e7f771690a28,ca6f3b7b341bf732d741bd93e9b37436,http/1.1,,13407.073503,10.0.2.15,59094,23.219.91.73,443,tcp,7.422913000000335,852.0,4382.0,SF,True,False,0,ShADadFRfr,12,1340,14,4946,ssl,0
13407.597363,CnCUYv2zciYPUuD1Mf,10.0.2.15,59090,54.86.159.215,443,TLSv12,TLS_ECDHE_RSA_WITH_AES_128_GCM_SHA256,secp256r1,geo.moatads.com,False,True,CsxknGIi,"['a1f5b668b42edb358e83f7846b2d9b47b4c87d7ba7c20aecdceea13939a70e76', 'e6683e88315cd1cb403c0cea490f7c4b4c82c91cd485037489aadbaa90839f61']",[],1.0,0ffee3ba8e615ad22535e7f771690a28,303951d4c50efb2e991652225a6f02b1,,,13406.304709,10.0.2.15,59090,54.86.159.215,443,tcp,71.93401199999971,2344.0,3398.0,SF,True,False,0,ShADadTFf,19,3118,19,4162,ssl,0
13407.670363,CZGOYU1wKoSJQvnfvh,10.0.2.15,59087,52.211.21.195,443,TLSv12,TLS_ECDHE_RSA_WITH_AES_128_GCM_SHA256,secp256r1,dpm.demdex.net,False,True,CsxknGIi,"['ab8f7b89fa3e472463832f1b07660350a24ba646789dce6dd09107fab1d86a12', '19400be5b7a31fb733917700789d2f0a2471c0c9d506c0e504c06c16d7cb17c0']",[],1.0,0ffee3ba8e615ad22535e7f771690a28,303951d4c50efb2e991652225a6f02b1,,,13406.301498,10.0.2.15,59087,52.211.21.195,443,tcp,70.55512799999997,2654.0,4650.0,SF,True,False,0,ShADadTFf,18,3388,20,5454,ssl,0
13407.623371,Cqtbyf1ReKegPR93q8,10.0.2.15,59089,54.86.159.215,443,TLSv12,TLS_ECDHE_RSA_WITH_AES_128_GCM_SHA256,secp256r1,geo.moatads.com,False,True,CsxknGIi,"['a1f5b668b42edb358e83f7846b2d9b47b4c87d7ba7c20aecdceea13939a70e76', 'e6683e88315cd1cb403c0cea490f7c4b4c82c91cd485037489aadbaa90839f61']",[],1.0,0ffee3ba8e615ad22535e7f771690a28,303951d4c50efb2e991652225a6f02b1,,,13406.304225,10.0.2.15,59089,54.86.159.215,443,tcp,71.92875000000095,2337.0,3398.0,SF,True,False,0,ShADadTFf,19,3111,19,4162,ssl,0
13407.720264,CAvYQm1guyJuIYTbRf,10.0.2.15,59092,104.20.8.57,443,TLSv12,TLS_ECDHE_RSA_WITH_AES_128_GCM_SHA256,secp256r1,static.x-plarium.com,False,True,CsxuknGIti,"['6e01deddfb6c73b7e9ed559db447fabfaa634cc300473efec91230e70444026e', '973a41276ffd01e027a2aad49e34c37846d3e976ff6a620b6712e33832041aa6', '3a2fbe92891e57fe05d57087f48e730f17e5a5f53ef403d618e5b74d7a7e6ecb']",[],1.0,0ffee3ba8e615ad22535e7f771690a28,76cc3e2d3028143b23ec18e27dbd7ca9,http/1.1,,13406.308983,10.0.2.15,59092,104.20.8.57,443,tcp,169.21842099999958,2400.0,146303.0,SF,True,False,0,ShADadTTFf,74,5382,158,152627,ssl,0
13407.653758,CPxjdM2U0jizonuO5c,10.0.2.15,59088,54.86.159.215,443,TLSv12,TLS_ECDHE_RSA_WITH_AES_128_GCM_SHA256,secp256r1,geo.moatads.com,False,True,CsxknGIi,"['a1f5b668b42edb358e83f7846b2d9b47b4c87d7ba7c20aecdceea13939a70e76', 'e6683e88315cd1cb403c0cea490f7c4b4c82c91cd485037489aadbaa90839f61']",[],1.0,0ffee3ba8e615ad22535e7f771690a28,303951d4c50efb2e991652225a6f02b1,,,13406.302956,10.0.2.15,59088,54.86.159.215,443,tcp,71.92747500000041,2333.0,3399.0,SF,True,False,0,ShADadTFf,19,3107,19,4163,ssl,0
13407.768908,C1PCUg23aPtRv5Ilag,10.0.2.15,59095,95.101.252.144,443,TLSv12,TLS_ECDHE_RSA_WITH_AES_256_GCM_SHA384,,z.moatads.com,True,True,CsiI,,,,1a5fe5677b0e4fbbc854e8908225637d,410b9bedaf65dd26c6fe547154d60db4,http/1.1,,13407.077349,10.0.2.15,59095,95.101.252.144,443,tcp,137.13982399999986,908.0,55750.0,SF,True,False,0,ShADadTTFf,40,2529,72,58634,ssl,0
13407.76139,CeBOJF2dsS31yLRj0k,10.0.2.15,59091,104.20.8.57,443,TLSv12,TLS_ECDHE_RSA_WITH_AES_128_GCM_SHA256,secp256r1,static.x-plarium.com,False,True,CsxuknGIti,"['6e01deddfb6c73b7e9ed559db447fabfaa634cc300473efec91230e70444026e', '973a41276ffd01e027a2aad49e34c37846d3e976ff6a620b6712e33832041aa6', '3a2fbe92891e57fe05d57087f48e730f17e5a5f53ef403d618e5b74d7a7e6ecb']",[],1.0,0ffee3ba8e615ad22535e7f771690a28,76cc3e2d3028143b23ec18e27dbd7ca9,http/1.1,,13406.308263,10.0.2.15,59091,104.20.8.57,443,tcp,137.90408599999864,877.0,7915.0,SF,True,False,0,ShADadTTFf,25,1897,29,9079,ssl,0
13407.682261,CKOPNWjb0FwaXM9t7,10.0.2.15,59093,54.86.159.215,443,TLSv12,TLS_ECDHE_RSA_WITH_AES_128_GCM_SHA256,secp256r1,geo.moatads.com,False,True,CsxknGIi,"['a1f5b668b42edb358e83f7846b2d9b47b4c87d7ba7c20aecdceea13939a70e76', 'e6683e88315cd1cb403c0cea490f7c4b4c82c91cd485037489aadbaa90839f61']",[],1.0,0ffee3ba8e615ad22535e7f771690a28,303951d4c50efb2e991652225a6f02b1,,,13406.310686,10.0.2.15,59093,54.86.159.215,443,tcp,71.93750999999975,2342.0,3399.0,SF,True,False,0,ShADadTFf,19,3116,19,4163,ssl,0
13409.323824,C0aqWn2zvmQzj198Ed,10.0.2.15,59101,172.217.23.226,443,TLSv12,TLS_ECDHE_ECDSA_WITH_AES_128_GCM_SHA256,x25519,pagead2.googlesyndication.com,False,True,CsxknGIti,"['7dab2c14c2154b93fe35063ca1c26a233a78ca71cbb2bca391546edc16638392', '9f630426df1d8abfd80ace98871ba833ab9742cb34838de2b5285ed54c0c7dcc', '3c35cc963eb004451323d3275d05b353235053490d9cd83729a2faf5e7ca1cc0']",[],1.0,0ffee3ba8e615ad22535e7f771690a28,84480cf8cf0e732666092640e581e1a5,h2,,13408.865444,10.0.2.15,59101,172.217.23.226,443,tcp,204.4796920000008,1147.0,4966.0,SF,True,False,0,ShADadFf,23,2075,24,5930,ssl,0
13409.325487,Cy2j9G2KHMZcRz1jOf,10.0.2.15,59100,63.140.43.34,443,TLSv12,TLS_ECDHE_RSA_WITH_AES_256_GCM_SHA384,secp256r1,som.cbsi.com,False,True,CsxknGIi,"['a572afb0b4aaeb34ebbe47c85e883b1cf367cc09c530bb6bd7c706fefefd79fd', '19400be5b7a31fb733917700789d2f0a2471c0c9d506c0e504c06c16d7cb17c0']",[],1.0,0ffee3ba8e615ad22535e7f771690a28,959bfcf87532cbff1253e80a4ee81308,,,13408.864904,10.0.2.15,59100,63.140.43.34,443,tcp,27.62969399999929,2594.0,3616.0,SF,True,False,0,ShADadTFf,14,3163,14,4180,ssl,0
13409.75346,COroFnysTuYqVvdga,10.0.2.15,59102,63.140.32.252,443,TLSv12,TLS_ECDHE_RSA_WITH_AES_256_GCM_SHA384,secp256r1,smetrics.cbc.ca,False,True,CsxknGIi,"['740317cd6cd6f006b75e54afa52f805b642989359e9da19476222b5f22b31dcf', '19400be5b7a31fb733917700789d2f0a2471c0c9d506c0e504c06c16d7cb17c0']",[],1.0,0ffee3ba8e615ad22535e7f771690a28,28ef90cc3d9d08c96a8a2cb6f365a79e,,,13408.867225,10.0.2.15,59102,63.140.32.252,443,tcp,7.345237999999881,318.0,3092.0,SF,True,False,0,ShADadFf,8,646,9,3456,ssl,0
13417.502544,CD3MIgvl6qHU4kJW5,10.0.2.15,59104,172.217.23.238,443,TLSv12,TLS_ECDHE_ECDSA_WITH_AES_128_GCM_SHA256,,www.youtube.com,True,True,CsiI,,,,1a5fe5677b0e4fbbc854e8908225637d,c23237dbea656869600e48dfbd00ab7b,h2,,13415.953226,10.0.2.15,59104,172.217.23.238,443,tcp,197.9630450000004,1349.0,1524.0,SF,True,False,0,ShADadFf,20,2157,21,2368,ssl,0
13423.017372,C47XgKPimVINVVGI4,10.0.2.15,59120,54.192.93.88,443,TLSv12,TLS_ECDHE_RSA_WITH_AES_128_GCM_SHA256,secp256r1,cdn.viafoura.net,False,True,CsxuknGIti,"['f4a4175c9554bfa95722946b0fccfca0adc08e1171c4fcb91c8aee72e3ad4a7d', 'f55f9ffcb83c73453261601c7e044db15a0f034b93c05830f28635ef889cf670', '87dcd4dc74640a322cd205552506d1be64f12596258096544986b4850bc72706', '28689b30e4c306aab53b027b29e36ad6dd1dcf4b953994482ca84bdc1ecac996']",[],1.0,0ffee3ba8e615ad22535e7f771690a28,76cc3e2d3028143b23ec18e27dbd7ca9,h2,,13422.504686,10.0.2.15,59120,54.192.93.88,443,tcp,197.7798559999992,939.0,9503.0,SF,True,False,0,ShADadFf,21,1787,26,10547,ssl,0
13429.564151,CrKINj3w7VMmJuuhud,10.0.2.15,59121,192.229.233.97,443,TLSv12,TLS_ECDHE_RSA_WITH_AES_128_GCM_SHA256,secp256r1,cdn01.x-plarium.com,False,True,CsxuknGIti,"['555eb29bc026a1fd51f45f19603868b2998570493c891e08143b6565f77f4b9e', '19400be5b7a31fb733917700789d2f0a2471c0c9d506c0e504c06c16d7cb17c0']",[],1.0,0ffee3ba8e615ad22535e7f771690a28,49b45fc1ab090aa3a159778313fc9b9e,h2,,13429.116321,10.0.2.15,59121,192.229.233.97,443,tcp,186.7561000000005,985.0,544971.0,SF,True,False,0,ShADadtfF,166,7633,477,566895,ssl,0
13432.574662,CKod27102jDnAnpL22,10.0.2.15,59127,192.229.233.97,443,TLSv12,TLS_ECDHE_RSA_WITH_AES_128_GCM_SHA256,secp256r1,cdn01.x-plarium.com,False,True,CsxuknGIti,"['555eb29bc026a1fd51f45f19603868b2998570493c891e08143b6565f77f4b9e', '19400be5b7a31fb733917700789d2f0a2471c0c9d506c0e504c06c16d7cb17c0']",[],1.0,0ffee3ba8e615ad22535e7f771690a28,49b45fc1ab090aa3a159778313fc9b9e,h2,,13431.795283,10.0.2.15,59127,192.229.233.97,443,tcp,14.573288999999932,909.0,84804.0,SF,True,False,0,ShADadfF,31,2157,85,88208,ssl,0
13432.579848,C4hTlP1KtCFz9leOl9,10.0.2.15,59126,192.229.233.97,443,TLSv12,TLS_ECDHE_RSA_WITH_AES_128_GCM_SHA256,secp256r1,cdn01.x-plarium.com,False,True,CsxuknGIti,"['555eb29bc026a1fd51f45f19603868b2998570493c891e08143b6565f77f4b9e', '19400be5b7a31fb733917700789d2f0a2471c0c9d506c0e504c06c16d7cb17c0']",[],1.0,0ffee3ba8e615ad22535e7f771690a28,49b45fc1ab090aa3a159778313fc9b9e,h2,,13431.794713,10.0.2.15,59126,192.229.233.97,443,tcp,16.617394000000786,1017.0,462372.0,RSTR,True,False,0,ShADadWRr,84,4385,382,477657,ssl,0
13432.561351,Cdsetv1ocnSBMhpeJ9,10.0.2.15,59122,152.163.51.2,443,TLSv12,TLS_RSA_WITH_AES_128_CBC_SHA,,secure.leadback.advertising.com,False,True,CsxnGIi,"['a70f555ecdd5db94cf6eb62f1e4f8173d17c2c4718d4452365a5372c191bacf8', '3b0cc20384ad7f24eb438f2b80c63ebe003f7f215b8877e418ebb0484028db57', '6b143c2005d5539cc22eab5f772db2a9fe87467feffa07fcf0a9f7d28274ca7a']",[],1.0,0ffee3ba8e615ad22535e7f771690a28,5397c414a9ebeaff1bf18b70ca22eaa0,,,13431.408371,10.0.2.15,59122,152.163.51.2,443,tcp,130.78335900000093,2192.0,5129.0,SF,True,False,0,ShADadTTFf,25,3212,26,6173,ssl,0
13432.590527,CZIgR11Xxp7rtitqSa,10.0.2.15,59125,192.229.233.97,443,TLSv12,TLS_ECDHE_RSA_WITH_AES_128_GCM_SHA256,secp256r1,cdn01.x-plarium.com,False,True,CsxuknGIti,"['555eb29bc026a1fd51f45f19603868b2998570493c891e08143b6565f77f4b9e', '19400be5b7a31fb733917700789d2f0a2471c0c9d506c0e504c06c16d7cb17c0']",[],1.0,0ffee3ba8e615ad22535e7f771690a28,49b45fc1ab090aa3a159778313fc9b9e,h2,,13431.794215,10.0.2.15,59125,192.229.233.97,443,tcp,16.998442000000068,908.0,134529.0,SF,True,False,0,ShADadfF,45,2716,130,139733,ssl,0
13432.597464,C04wDg2LvLnvGO7C3c,10.0.2.15,59124,192.229.233.97,443,TLSv12,TLS_ECDHE_RSA_WITH_AES_128_GCM_SHA256,secp256r1,cdn01.x-plarium.com,False,True,CsxuknGIti,"['555eb29bc026a1fd51f45f19603868b2998570493c891e08143b6565f77f4b9e', '19400be5b7a31fb733917700789d2f0a2471c0c9d506c0e504c06c16d7cb17c0']",[],1.0,0ffee3ba8e615ad22535e7f771690a28,49b45fc1ab090aa3a159778313fc9b9e,h2,,13431.793755,10.0.2.15,59124,192.229.233.97,443,tcp,14.30134199999884,897.0,9783.0,SF,True,False,0,ShADadfF,15,1505,21,10627,ssl,0
13438.606881,CfIv461OiQ8Kte2qP2,10.0.2.15,59133,213.180.193.119,443,TLSv12,TLS_ECDHE_ECDSA_WITH_AES_128_GCM_SHA256,secp256r1,mc.yandex.ru,False,True,CsxuknGIti,"['7b4e327f43797136573194256ebbfbde1ea6ceadfa3b4fe2b8a120649dbb9a2d', 'c333b61638b0315fa801cce21cc4ea96ef7f65a3999450186a99d19bb20128f7', '949424dc2ccaab5e9e80d66e0e3f7deeb3201c607d4315ef4c6f2d93a917279d']",[],1.0,0ffee3ba8e615ad22535e7f771690a28,efa27390e911df97bf93c574f658aaa7,http/1.1,,13436.382584,10.0.2.15,59133,213.180.193.119,443,tcp,88.3234369999991,7262.0,8344.0,SF,True,False,0,ShADadTfF,26,8316,28,9468,ssl,0
13438.665902,CUZObr1YTj64od6brf,10.0.2.15,59132,5.153.22.107,443,TLSv12,TLS_ECDHE_RSA_WITH_AES_256_GCM_SHA384,secp256r1,dx.steelhousemedia.com,False,True,CsxknGIti,"['27f996cd01add727ece9d870c112b7a40883a2bddeed248132a1796df636b8c2', '973a41276ffd01e027a2aad49e34c37846d3e976ff6a620b6712e33832041aa6', '3a2fbe92891e57fe05d57087f48e730f17e5a5f53ef403d618e5b74d7a7e6ecb', 'c3846bf24b9e93ca64274c0ec67c1ecc5e024ffcacd2d74019350e81fe546ae4']",[],1.0,0ffee3ba8e615ad22535e7f771690a28,758945630046fd37070521b8544d1fe8,,,13436.377294,10.0.2.15,59132,5.153.22.107,443,tcp,17.631123999999545,1892.0,5489.0,SF,True,False,0,ShADadfF,11,2340,13,6013,ssl,0
13440.618834,CxNPC1cmzqYYKXfN,10.0.2.15,59131,54.173.84.151,443,TLSv12,TLS_ECDHE_RSA_WITH_AES_128_GCM_SHA256,secp256r1,www.weddingwire.com,False,True,CsxknGIti,"['c109a434d519ee48fb6888ee560939325dc54166a4a8a01d65fe6119703a6bd2', '074541ecdf88ed992ed5ade3ecddef27a26ba1b44480a195c0a8dadae2521d8e']",[],1.0,0ffee3ba8e615ad22535e7f771690a28,389ed42c02ebecc32e73aa31def07e14,,,13436.376625,10.0.2.15,59131,54.173.84.151,443,tcp,76.70950399999856,671.0,32899.0,SF,True,False,0,ShADadTfF,22,1564,38,34423,ssl,0
13450.724315,CCXwYK3WxTRBAFl5Vf,10.0.2.15,59138,172.217.23.227,443,TLSv12,TLS_ECDHE_RSA_WITH_AES_128_GCM_SHA256,,www.google.cz,True,True,CsiI,,,,1a5fe5677b0e4fbbc854e8908225637d,67619a80665d7ab92d1041b1d11f9164,h2,,13449.482308,10.0.2.15,59138,172.217.23.227,443,tcp,436.9747509999997,8816.0,2451.0,SF,True,False,0,ShADadFf,41,10464,48,4375,ssl,0
13451.075611,CdgkHd4IrWHA2tM187,10.0.2.15,59141,172.217.23.227,443,TLSv12,TLS_ECDHE_RSA_WITH_AES_128_GCM_SHA256,,www.google.cz,True,True,CsiI,,,,1a5fe5677b0e4fbbc854e8908225637d,67619a80665d7ab92d1041b1d11f9164,h2,,13449.497344,10.0.2.15,59141,172.217.23.227,443,tcp,2.965685000001031,808.0,292.0,SF,True,False,0,ShADadFf,10,1216,11,736,ssl,0
13450.722996,CFcC1829pSdpi68P1,10.0.2.15,59139,172.217.23.226,443,TLSv12,TLS_ECDHE_RSA_WITH_AES_128_GCM_SHA256,,adx.g.doubleclick.net,True,True,CsiI,,,,1a5fe5677b0e4fbbc854e8908225637d,67619a80665d7ab92d1041b1d11f9164,h2,,13449.49599,10.0.2.15,59139,172.217.23.226,443,tcp,2.967137000001457,779.0,292.0,SF,True,False,0,ShADadFf,10,1187,10,696,ssl,0
13451.076398,CZjkYA4WbCaCFq5fIa,10.0.2.15,59140,172.217.23.226,443,TLSv12,TLS_ECDHE_RSA_WITH_AES_128_GCM_SHA256,,adx.g.doubleclick.net,True,True,CsiI,,,,1a5fe5677b0e4fbbc854e8908225637d,67619a80665d7ab92d1041b1d11f9164,h2,,13449.496557,10.0.2.15,59140,172.217.23.226,443,tcp,2.966546999999991,779.0,292.0,SF,True,False,0,ShADadFf,10,1187,11,736,ssl,0
13452.207931,CJlfQg3oRqnFBCHIF7,10.0.2.15,59142,216.58.201.98,443,TLSv12,TLS_ECDHE_RSA_WITH_AES_128_GCM_SHA256,x25519,cm.g.doubleclick.net,False,True,CsxknGIti,"['a32ffddd76f9e7debbfc9a37b38d2ef86039b30a10d7c45ab8223d149cf99699', '9f630426df1d8abfd80ace98871ba833ab9742cb34838de2b5285ed54c0c7dcc', '3c35cc963eb004451323d3275d05b353235053490d9cd83729a2faf5e7ca1cc0']",[],1.0,0ffee3ba8e615ad22535e7f771690a28,ab41313cfec25328b20865eb1388e0a2,h2,,13451.0806,10.0.2.15,59142,216.58.201.98,443,tcp,17.076990999999907,1024.0,4343.0,SF,True,False,0,ShADadTFf,17,1713,19,5107,ssl,0
13452.213365,CWW46ayAGun9ZazWf,10.0.2.15,59143,172.217.23.227,443,TLSv12,TLS_ECDHE_RSA_WITH_AES_128_GCM_SHA256,,www.google.cz,True,True,CsiI,,,,1a5fe5677b0e4fbbc854e8908225637d,67619a80665d7ab92d1041b1d11f9164,h2,,13451.080772,10.0.2.15,59143,172.217.23.227,443,tcp,2.17631700000129,808.0,292.0,SF,True,False,0,ShADadFf,11,1256,11,736,ssl,0
13452.212233,CdP4gv16AICl7uUDva,10.0.2.15,59144,216.58.214.238,443,TLSv12,TLS_ECDHE_ECDSA_WITH_AES_128_GCM_SHA256,x25519,encrypted-tbn3.gstatic.com,False,True,CsxknGIti,"['11ddd329046367c19b32ffdb02ed308de129de4d6ffcf95856d7bd6a7accfba9', '9f630426df1d8abfd80ace98871ba833ab9742cb34838de2b5285ed54c0c7dcc', '3c35cc963eb004451323d3275d05b353235053490d9cd83729a2faf5e7ca1cc0']",[],1.0,0ffee3ba8e615ad22535e7f771690a28,84480cf8cf0e732666092640e581e1a5,h2,,13451.080804,10.0.2.15,59144,216.58.214.238,443,tcp,200.25123800000077,1044.0,11533.0,SF,True,False,0,ShADadTFf,23,1973,29,12697,ssl,0
13452.796834,CxrtPc2Azi2AqxWCJ5,10.0.2.15,59147,172.217.23.226,443,TLSv12,TLS_ECDHE_RSA_WITH_AES_128_GCM_SHA256,,adx.g.doubleclick.net,True,True,CsiI,,,,1a5fe5677b0e4fbbc854e8908225637d,67619a80665d7ab92d1041b1d11f9164,h2,,13452.216751,10.0.2.15,59147,172.217.23.226,443,tcp,1.838768999999956,779.0,292.0,SF,True,False,0,ShADadFf,11,1227,10,696,ssl,0
13463.659001,CYQlfp2DANtuvPph5j,10.0.2.15,59148,213.180.193.119,443,TLSv12,TLS_ECDHE_ECDSA_WITH_AES_128_GCM_SHA256,,mc.yandex.ru,True,True,CsiI,,,,1a5fe5677b0e4fbbc854e8908225637d,02bdc318d9f618eea3e10d0a7ba25ba0,http/1.1,,13463.138552,10.0.2.15,59148,213.180.193.119,443,tcp,8.969746999999188,599.0,156.0,SF,True,False,0,ShADadFf,8,927,7,440,ssl,0
13465.6516,CM7DtTtxsEn6IOyIj,10.0.2.15,59149,213.180.193.119,443,TLSv12,TLS_ECDHE_ECDSA_WITH_AES_128_GCM_SHA256,,mc.yandex.ru,True,True,CsiI,,,,1a5fe5677b0e4fbbc854e8908225637d,02bdc318d9f618eea3e10d0a7ba25ba0,http/1.1,,13465.171508,10.0.2.15,59149,213.180.193.119,443,tcp,6.014784000000873,599.0,156.0,SF,True,False,0,ShADadFf,8,927,7,440,ssl,0
13466.751512,COWQ1D3iLvEZGwjvP6,10.0.2.15,59150,5.153.22.107,443,TLSv12,TLS_ECDHE_RSA_WITH_AES_256_GCM_SHA384,,dx.steelhousemedia.com,True,True,CsiI,,,,1a5fe5677b0e4fbbc854e8908225637d,364ff14b04ef93c3b4cfa429d729c0d9,,,13466.420486,10.0.2.15,59150,5.153.22.107,443,tcp,1.14172999999937,2103.0,2435.0,SF,True,False,0,ShADadfF,9,2471,12,2919,ssl,0
13471.540085,C1XAdd3J4ygHmZbuQj,10.0.2.15,59154,54.192.93.229,443,TLSv12,TLS_ECDHE_RSA_WITH_AES_128_GCM_SHA256,secp256r1,wwcdn.weddingwire.com,False,True,CsxuknGIti,"['c109a434d519ee48fb6888ee560939325dc54166a4a8a01d65fe6119703a6bd2', 'c109a434d519ee48fb6888ee560939325dc54166a4a8a01d65fe6119703a6bd2', '074541ecdf88ed992ed5ade3ecddef27a26ba1b44480a195c0a8dadae2521d8e']",[],1.0,0ffee3ba8e615ad22535e7f771690a28,76cc3e2d3028143b23ec18e27dbd7ca9,http/1.1,,13470.906594,10.0.2.15,59154,54.192.93.229,443,tcp,358.8833140000006,14142.0,326149.0,SF,True,False,0,ShADadTTfF,154,20337,360,340553,ssl,0
13471.547921,Ctzxeg34LpbTq6YlW1,10.0.2.15,59153,54.192.93.229,443,TLSv12,TLS_ECDHE_RSA_WITH_AES_128_GCM_SHA256,secp256r1,wwcdn.weddingwire.com,False,True,CsxuknGIti,"['c109a434d519ee48fb6888ee560939325dc54166a4a8a01d65fe6119703a6bd2', 'c109a434d519ee48fb6888ee560939325dc54166a4a8a01d65fe6119703a6bd2', '074541ecdf88ed992ed5ade3ecddef27a26ba1b44480a195c0a8dadae2521d8e']",[],1.0,0ffee3ba8e615ad22535e7f771690a28,76cc3e2d3028143b23ec18e27dbd7ca9,http/1.1,,13470.90157,10.0.2.15,59153,54.192.93.229,443,tcp,55.71035999999913,5559.0,926063.0,RSTR,True,False,0,ShADadWTRr,259,15928,847,959947,ssl,0
13474.054231,C4hIS6mSsbpLWNzf4,10.0.2.15,59157,54.192.93.229,443,TLSv12,TLS_ECDHE_RSA_WITH_AES_128_GCM_SHA256,,wwcdn.weddingwire.com,True,True,CsiI,,,,1a5fe5677b0e4fbbc854e8908225637d,d199ba0af2b08e204c73d6d81a1fd260,http/1.1,,13473.491844,10.0.2.15,59157,54.192.93.229,443,tcp,358.0117859999991,14165.0,257001.0,SF,True,False,0,ShADadTWTfF,148,20120,298,268925,ssl,0
13474.192628,CyOnOrzi8iuFSg7uk,10.0.2.15,59162,54.192.93.229,443,TLSv12,TLS_ECDHE_RSA_WITH_AES_128_GCM_SHA256,,wwcdn.weddingwire.com,True,True,CsiI,,,,1a5fe5677b0e4fbbc854e8908225637d,d199ba0af2b08e204c73d6d81a1fd260,http/1.1,,13473.520685,10.0.2.15,59162,54.192.93.229,443,tcp,53.10733900000014,5977.0,187568.0,SF,True,False,0,ShADadTFf,91,9627,202,195652,ssl,0
13474.194194,CM76dH21EN3rjQJEY3,10.0.2.15,59161,54.192.93.229,443,TLSv12,TLS_ECDHE_RSA_WITH_AES_128_GCM_SHA256,,wwcdn.weddingwire.com,True,True,CsiI,,,,1a5fe5677b0e4fbbc854e8908225637d,d199ba0af2b08e204c73d6d81a1fd260,http/1.1,,13473.515791,10.0.2.15,59161,54.192.93.229,443,tcp,368.1649479999997,18503.0,1551940.0,SF,True,False,0,ShADadtTTfF,448,36455,1380,1611404,ssl,0
13474.195041,Cr6zA530MFIyPEVLC1,10.0.2.15,59160,54.192.93.229,443,TLSv12,TLS_ECDHE_RSA_WITH_AES_128_GCM_SHA256,,wwcdn.weddingwire.com,True,True,CsiI,,,,1a5fe5677b0e4fbbc854e8908225637d,d199ba0af2b08e204c73d6d81a1fd260,http/1.1,,13473.512065,10.0.2.15,59160,54.192.93.229,443,tcp,357.9922569999999,15910.0,644356.0,SF,True,False,0,ShADadTtTfF,244,25704,598,673960,ssl,0
13476.676217,C7ZP162VWPv31K2T3k,10.0.2.15,59163,172.217.23.234,443,TLSv12,TLS_ECDHE_RSA_WITH_AES_128_GCM_SHA256,,fonts.googleapis.com,True,True,CsiI,,,,1a5fe5677b0e4fbbc854e8908225637d,67619a80665d7ab92d1041b1d11f9164,h2,,13476.399288,10.0.2.15,59163,172.217.23.234,443,tcp,624.2213879999999,2705.0,12488.0,SF,True,False,0,ShADadFf,43,4433,54,14652,ssl,0
13482.563112,C8q3WO1LAmLUNvretf,10.0.2.15,59183,138.108.96.100,443,TLSv12,TLS_DHE_RSA_WITH_AES_256_CBC_SHA,,secure-us.imrworldwide.com,True,True,CsiI,,,,0ffee3ba8e615ad22535e7f771690a28,d90fa179c9daf35598ed8341272118f7,,,13481.877016,10.0.2.15,59183,138.108.96.100,443,tcp,24.10662000000048,848.0,586.0,SF,True,False,0,ShADadfTF,11,1298,11,1030,ssl,0
13483.393767,Coy5wo4QTKk7slMVZ,10.0.2.15,59185,54.192.93.150,443,TLSv12,TLS_ECDHE_RSA_WITH_AES_128_GCM_SHA256,,rules.quantcount.com,True,True,CsiI,,,,1a5fe5677b0e4fbbc854e8908225637d,d199ba0af2b08e204c73d6d81a1fd260,h2,,13481.878791,10.0.2.15,59185,54.192.93.150,443,tcp,283.1288880000011,1521.0,2402.0,SF,True,False,0,ShADadFf,26,2569,27,3486,ssl,0
13483.394437,C1d3VyHIKDLRbjcrd,10.0.2.15,59184,172.217.23.226,443,TLSv12,TLS_ECDHE_RSA_WITH_AES_128_GCM_SHA256,,www.googletagservices.com,True,True,CsiI,,,,1a5fe5677b0e4fbbc854e8908225637d,67619a80665d7ab92d1041b1d11f9164,h2,,13481.877933,10.0.2.15,59184,172.217.23.226,443,tcp,447.9566759999998,3373.0,1847.0,SF,True,False,0,ShADadFf,40,4981,42,3531,ssl,0
13483.397791,C4BJMz4ZMbhdW8tAB7,10.0.2.15,59187,54.192.93.229,443,TLSv12,TLS_ECDHE_RSA_WITH_AES_128_GCM_SHA256,secp256r1,wwcdn.weddingwire.com,False,True,CsxknGIti,"['c109a434d519ee48fb6888ee560939325dc54166a4a8a01d65fe6119703a6bd2', 'c109a434d519ee48fb6888ee560939325dc54166a4a8a01d65fe6119703a6bd2', '074541ecdf88ed992ed5ade3ecddef27a26ba1b44480a195c0a8dadae2521d8e']",[],1.0,0ffee3ba8e615ad22535e7f771690a28,b898351eb5e266aefd3723d466935494,http/1.1,,13481.886677,10.0.2.15,59187,54.192.93.229,443,tcp,141.44034499999907,810.0,33053.0,SF,True,False,0,ShADadTTfF,36,2270,55,35257,ssl,0
13483.404026,C8m0559rZOqV0sUs7,10.0.2.15,59186,54.192.93.229,443,TLSv12,TLS_ECDHE_RSA_WITH_AES_128_GCM_SHA256,secp256r1,wwcdn.weddingwire.com,False,True,CsxknGIti,"['c109a434d519ee48fb6888ee560939325dc54166a4a8a01d65fe6119703a6bd2', 'c109a434d519ee48fb6888ee560939325dc54166a4a8a01d65fe6119703a6bd2', '074541ecdf88ed992ed5ade3ecddef27a26ba1b44480a195c0a8dadae2521d8e']",[],1.0,0ffee3ba8e615ad22535e7f771690a28,b898351eb5e266aefd3723d466935494,http/1.1,,13481.886192,10.0.2.15,59186,54.192.93.229,443,tcp,141.44144600000072,813.0,32782.0,SF,True,False,0,ShADadTTfF,34,2193,53,34906,ssl,0
13509.140031,CXSKoC3u4wWdWEBoUe,10.0.2.15,59198,54.192.93.229,443,TLSv12,TLS_ECDHE_RSA_WITH_AES_128_GCM_SHA256,,wwcdn.weddingwire.com,True,True,CsiI,,,,1a5fe5677b0e4fbbc854e8908225637d,7bee5c1d424b7e5f943b06983bb11422,http/1.1,,13507.9652,10.0.2.15,59198,54.192.93.229,443,tcp,121.6533299999992,1059.0,27602.0,SF,True,False,0,ShADadTTfF,28,2198,44,29366,ssl,0
13509.141515,CDEa1o38UAn77He8Fc,10.0.2.15,59197,54.192.93.229,443,TLSv12,TLS_ECDHE_RSA_WITH_AES_128_GCM_SHA256,,wwcdn.weddingwire.com,True,True,CsiI,,,,1a5fe5677b0e4fbbc854e8908225637d,d199ba0af2b08e204c73d6d81a1fd260,http/1.1,,13507.964173,10.0.2.15,59197,54.192.93.229,443,tcp,169.5475549999992,1539.0,102253.0,SF,True,False,0,ShADadTTfF,59,3922,120,107057,ssl,0
13509.141835,CCoimp2fLAaba393r,10.0.2.15,59196,54.192.93.229,443,TLSv12,TLS_ECDHE_RSA_WITH_AES_128_GCM_SHA256,,wwcdn.weddingwire.com,True,True,CsiI,,,,1a5fe5677b0e4fbbc854e8908225637d,d199ba0af2b08e204c73d6d81a1fd260,http/1.1,,13507.963156,10.0.2.15,59196,54.192.93.229,443,tcp,121.65781199999948,1055.0,27090.0,SF,True,False,0,ShADadTTfF,28,2194,45,28894,ssl,0
13513.061713,Cz8VjK1uZGkknpedpd,10.0.2.15,59204,216.137.61.132,443,TLSv12,TLS_ECDHE_RSA_WITH_AES_128_GCM_SHA256,,dnn506yrbagrg.cloudfront.net,True,True,CsiI,,,,1a5fe5677b0e4fbbc854e8908225637d,d199ba0af2b08e204c73d6d81a1fd260,http/1.1,,13511.284595,10.0.2.15,59204,216.137.61.132,443,tcp,123.84805100000084,908.0,695.0,SF,True,False,0,ShADadTTfF,20,1727,20,1499,ssl,0
13513.065286,CzHyU534G0mOcYt0Ze,10.0.2.15,59203,151.101.112.84,443,TLSv12,TLS_ECDHE_RSA_WITH_AES_128_GCM_SHA256,secp256r1,ct.pinterest.com,False,True,CsxuknGIti,"['f4e51395ad2a5748284f72c5726b0c36d004a1400672e97a04aaa66629a6dbd0', '19400be5b7a31fb733917700789d2f0a2471c0c9d506c0e504c06c16d7cb17c0']",[],1.0,0ffee3ba8e615ad22535e7f771690a28,860fcf58fd757e26aa8911e5eaff6b53,http/1.1,,13511.278725,10.0.2.15,59203,151.101.112.84,443,tcp,197.8141940000005,1548.0,5143.0,SF,True,False,0,ShADadTTFfRr,33,2893,35,6547,ssl,0
13513.076913,CZnYal28gyo3fuPrf1,10.0.2.15,59201,216.137.61.132,443,TLSv12,TLS_ECDHE_RSA_WITH_AES_128_GCM_SHA256,,dnn506yrbagrg.cloudfront.net,True,True,CsiI,,,,1a5fe5677b0e4fbbc854e8908225637d,d199ba0af2b08e204c73d6d81a1fd260,http/1.1,,13511.273025,10.0.2.15,59201,216.137.61.132,443,tcp,9.680577999999514,599.0,156.0,SF,True,False,0,ShADadFf,8,927,7,440,ssl,0
13513.079909,CzC0q04qHcrarIcVPb,10.0.2.15,59200,216.58.201.98,443,TLSv12,TLS_ECDHE_RSA_WITH_AES_128_GCM_SHA256,,www.googleadservices.com,True,True,CsiI,,,,1a5fe5677b0e4fbbc854e8908225637d,67619a80665d7ab92d1041b1d11f9164,h2,,13511.268885,10.0.2.15,59200,216.58.201.98,443,tcp,202.47749000000115,938.0,384.0,SF,True,False,0,ShADadFf,16,1586,16,1028,ssl,0
13513.069254,CvbWYW2xxsFLLZdk7e,10.0.2.15,59202,13.107.21.200,443,TLSv12,TLS_ECDHE_RSA_WITH_AES_256_CBC_SHA,secp384r1,bat.bing.com,False,True,CsxuknGIi,"['80c4440580dbd55b228f41e6c88a51ecdbb998b5d32d12acd31ce25518d37128', '2399983e99703ebd01cea466c10799810c4ba62a8d61b88170a334dcd61bb20f']",[],1.0,0ffee3ba8e615ad22535e7f771690a28,4fd467dd264720762ffe286277c00f57,,,13511.275022,10.0.2.15,59202,13.107.21.200,443,tcp,17.406981000000087,1858.0,7658.0,SF,True,False,0,ShADadFf,14,2426,16,8302,ssl,0
13514.402199,C7P8YJ1A1gDmgfMg1,10.0.2.15,59205,95.100.191.4,443,TLSv12,TLS_ECDHE_RSA_WITH_AES_256_GCM_SHA384,,sb.scorecardresearch.com,True,True,CsiI,,,,1a5fe5677b0e4fbbc854e8908225637d,410b9bedaf65dd26c6fe547154d60db4,http/1.1,,13511.963766,10.0.2.15,59205,95.100.191.4,443,tcp,172.0666259999998,1743.0,737.0,SF,True,False,0,ShADadTTFRfr,29,2927,29,1901,ssl,0
13514.394964,CfkBCaiI7YOVTdEIc,10.0.2.15,59207,157.240.0.22,443,TLSv12,TLS_ECDHE_ECDSA_WITH_AES_128_GCM_SHA256,secp256r1,connect.facebook.net,False,True,CsxknGIti,"['152151b387412a95ab90fd4664f2d98880408e9e43913124e4c91226a483386b', '19400be5b7a31fb733917700789d2f0a2471c0c9d506c0e504c06c16d7cb17c0']",[],1.0,0ffee3ba8e615ad22535e7f771690a28,2d1eb5817ece335c24904f516ad5da12,h2,,13511.977929,10.0.2.15,59207,157.240.0.22,443,tcp,19.681591999999,856.0,5153.0,SF,True,False,0,ShADadTfF,15,1465,19,5917,ssl,0
13516.388066,CBuf6y2reiqriBIaIj,10.0.2.15,59208,54.231.121.10,443,TLSv12,TLS_ECDHE_RSA_WITH_AES_128_GCM_SHA256,secp256r1,s3.amazonaws.com,False,True,CsxknGIi,"['6be2c04e442c0aa126e2e374c248fc093077df1a3810867decdfea113add4357', 'f9690880819f06cdcc0b2f224b207f2af6003fb57339b8679a160fa95208d62d']",[],1.0,0ffee3ba8e615ad22535e7f771690a28,ea615e28cb25adfb2f261151eab3314f,,,13515.292953,10.0.2.15,59208,54.231.121.10,443,tcp,11.322142999999414,663.0,37855.0,RSTR,True,False,0,ShADadRr,20,1471,42,39539,ssl,0
13518.970211,CxdVw9486nT0ctZr0b,10.0.2.15,59228,95.172.94.63,443,TLSv12,TLS_ECDHE_RSA_WITH_AES_128_GCM_SHA256,secp256r1,pixel.quantserve.com,False,True,CsxknGIti,"['7d39ee69bdac843654f44bb3164a243b3e8c527019b6225992e5d36771f19e8f', '19400be5b7a31fb733917700789d2f0a2471c0c9d506c0e504c06c16d7cb17c0']",[],1.0,0ffee3ba8e615ad22535e7f771690a28,ccc514751b175866924439bdbb5bba34,,,13518.316607,10.0.2.15,59228,95.172.94.63,443,tcp,10.587895999999091,1173.0,3637.0,RSTR,True,False,0,ShADadfRr,12,1661,13,4161,ssl,0
13518.974135,ChwIYG3MyyRRIwzbUd,10.0.2.15,59227,95.172.94.63,443,TLSv12,TLS_ECDHE_RSA_WITH_AES_128_GCM_SHA256,secp256r1,pixel.quantserve.com,False,True,CsxknGIti,"['7d39ee69bdac843654f44bb3164a243b3e8c527019b6225992e5d36771f19e8f', '19400be5b7a31fb733917700789d2f0a2471c0c9d506c0e504c06c16d7cb17c0']",[],1.0,0ffee3ba8e615ad22535e7f771690a28,ccc514751b175866924439bdbb5bba34,,,13518.316156,10.0.2.15,59227,95.172.94.63,443,tcp,10.585570999999618,1147.0,3637.0,RSTR,True,False,0,ShADadfRr,12,1635,12,4121,ssl,0
13542.067324,CGedx12A55w9kXD1j4,10.0.2.15,59245,54.173.84.151,443,TLSv12,TLS_ECDHE_RSA_WITH_AES_128_GCM_SHA256,,www.weddingwire.com,True,True,CsiI,,,,1a5fe5677b0e4fbbc854e8908225637d,fbe78c619e7ea20046131294ad087f05,,,13540.762883,10.0.2.15,59245,54.173.84.151,443,tcp,89.429306,2984.0,19795.0,SF,True,False,0,ShADadTfF,23,3919,31,21039,ssl,0
13553.383391,C3RP7y2D6nwbNro5Qj,10.0.2.15,59269,95.101.252.144,443,TLSv12,TLS_ECDHE_RSA_WITH_AES_256_GCM_SHA384,,z.moatads.com,True,True,CsiI,,,,1a5fe5677b0e4fbbc854e8908225637d,410b9bedaf65dd26c6fe547154d60db4,http/1.1,,13552.682341,10.0.2.15,59269,95.101.252.144,443,tcp,169.74274499999956,1312.0,133818.0,SF,True,False,0,ShADadTTFfRr,55,3536,148,139742,ssl,0
13557.07776,CxwlqZ1ESajonYF9if,10.0.2.15,59270,104.16.18.35,443,TLSv12,TLS_ECDHE_RSA_WITH_AES_128_GCM_SHA256,secp256r1,s7.addthis.com,False,True,CsxuknGIti,"['2a7d536a35fd2aa422b5d3f15213e933f90355cf5e488a23d2ba9d2dc36ac69f', '154c433c491929c5ef686e838e323664a00e6a0d822ccc958fb4dab03e49a08f']",[],1.0,0ffee3ba8e615ad22535e7f771690a28,76cc3e2d3028143b23ec18e27dbd7ca9,h2,,13556.570787,10.0.2.15,59270,104.16.18.35,443,tcp,208.2920809999996,1708.0,119219.0,SF,True,False,0,ShADadFf,40,3316,112,123703,ssl,0
13558.16791,CRMMxi1mGscB9wbDDk,10.0.2.15,59274,54.192.93.117,443,TLSv12,TLS_ECDHE_RSA_WITH_AES_128_GCM_SHA256,secp256r1,photos.wi.gcs.trstatic.net,False,True,CsxknGIti,"['9d5b2d8cf5cb00cf07d4c82ec0cfb56d9869c8f39f9abf2c328752f6ba068b32', 'eae72eb454bf6c3977ebd289e970b2f5282949190093d0d26f98d0f0d6a9cf17', '8420dfbe376f414bf4c0a81e6936d24ccc03f304835b86c7a39142fca723a689']",[],1.0,0ffee3ba8e615ad22535e7f771690a28,b898351eb5e266aefd3723d466935494,h2,,13557.089225,10.0.2.15,59274,54.192.93.117,443,tcp,197.9932399999998,1079.0,24985.0,SF,True,False,0,ShADadFf,27,2167,41,26629,ssl,0
13558.338572,CUYkH7TccdyVvmd97,10.0.2.15,59272,54.192.93.117,443,TLSv12,TLS_ECDHE_RSA_WITH_AES_128_GCM_SHA256,secp256r1,photos.wi.gcs.trstatic.net,False,True,CsxknGIti,"['9d5b2d8cf5cb00cf07d4c82ec0cfb56d9869c8f39f9abf2c328752f6ba068b32', 'eae72eb454bf6c3977ebd289e970b2f5282949190093d0d26f98d0f0d6a9cf17', '8420dfbe376f414bf4c0a81e6936d24ccc03f304835b86c7a39142fca723a689']",[],1.0,0ffee3ba8e615ad22535e7f771690a28,b898351eb5e266aefd3723d466935494,h2,,13557.086728,10.0.2.15,59272,54.192.93.117,443,tcp,7.5803190000006,569.0,4687.0,SF,True,False,0,ShADadFf,12,1057,15,5291,ssl,0
13558.810812,C8CuDv1Hr6nGt7zNKb,10.0.2.15,59290,54.192.93.117,443,TLSv12,TLS_ECDHE_RSA_WITH_AES_128_GCM_SHA256,secp256r1,photos.wi.gcs.trstatic.net,False,True,CsxknGIti,"['9d5b2d8cf5cb00cf07d4c82ec0cfb56d9869c8f39f9abf2c328752f6ba068b32', 'eae72eb454bf6c3977ebd289e970b2f5282949190093d0d26f98d0f0d6a9cf17', '8420dfbe376f414bf4c0a81e6936d24ccc03f304835b86c7a39142fca723a689']",[],1.0,0ffee3ba8e615ad22535e7f771690a28,b898351eb5e266aefd3723d466935494,h2,,13557.659857,10.0.2.15,59290,54.192.93.117,443,tcp,8.473319999999148,569.0,4687.0,SF,True,False,0,ShADadFf,13,1097,14,5251,ssl,0
13558.814872,CY7Pme4DuLlJVlmOrg,10.0.2.15,59285,138.108.96.100,443,TLSv12,TLS_DHE_RSA_WITH_AES_256_CBC_SHA,,secure-us.imrworldwide.com,True,True,CsiI,,,,0ffee3ba8e615ad22535e7f771690a28,d90fa179c9daf35598ed8341272118f7,,,13557.658163,10.0.2.15,59285,138.108.96.100,443,tcp,6.957028999999238,896.0,586.0,SF,True,False,0,ShADadfF,9,1264,9,950,ssl,0
13558.821103,CBt7j84xs1FkNRGvHf,10.0.2.15,59289,95.172.94.63,443,TLSv12,TLS_ECDHE_RSA_WITH_AES_128_GCM_SHA256,,pixel.quantserve.com,True,True,CsiI,,,,1a5fe5677b0e4fbbc854e8908225637d,fbe78c619e7ea20046131294ad087f05,,,13557.659497,10.0.2.15,59289,95.172.94.63,443,tcp,6.855999999999767,1481.0,482.0,SF,True,False,0,ShADadfF,9,1849,9,846,ssl,0
13558.818516,C0zG4q4xVysSo82kL8,10.0.2.15,59288,52.22.212.82,443,TLSv12,TLS_ECDHE_RSA_WITH_AES_128_GCM_SHA256,secp256r1,geo.moatads.com,False,True,CsxknGIi,"['a1f5b668b42edb358e83f7846b2d9b47b4c87d7ba7c20aecdceea13939a70e76', 'e6683e88315cd1cb403c0cea490f7c4b4c82c91cd485037489aadbaa90839f61']",[],1.0,0ffee3ba8e615ad22535e7f771690a28,303951d4c50efb2e991652225a6f02b1,,,13557.659443,10.0.2.15,59288,52.22.212.82,443,tcp,68.08552899999995,2021.0,3413.0,SF,True,False,0,ShADadTFf,17,2714,19,4177,ssl,0
13558.813344,CywJYu2duu0fcDa0ek,10.0.2.15,59283,157.240.11.22,443,TLSv12,TLS_ECDHE_ECDSA_WITH_AES_128_GCM_SHA256,secp256r1,connect.facebook.net,False,True,CsxknGIti,"['152151b387412a95ab90fd4664f2d98880408e9e43913124e4c91226a483386b', '19400be5b7a31fb733917700789d2f0a2471c0c9d506c0e504c06c16d7cb17c0']",[],1.0,0ffee3ba8e615ad22535e7f771690a28,2d1eb5817ece335c24904f516ad5da12,h2,,13557.190417,10.0.2.15,59283,157.240.11.22,443,tcp,351.21718800000053,1447.0,69766.0,SF,True,False,0,ShADadfF,44,3215,79,72930,ssl,0
13558.819338,CAhiQ92xImm5rGSIi4,10.0.2.15,59287,13.107.21.200,443,TLSv12,TLS_ECDHE_RSA_WITH_AES_256_CBC_SHA,secp384r1,bat.bing.com,False,True,CsxuknGIi,"['80c4440580dbd55b228f41e6c88a51ecdbb998b5d32d12acd31ce25518d37128', '2399983e99703ebd01cea466c10799810c4ba62a8d61b88170a334dcd61bb20f']",[],1.0,0ffee3ba8e615ad22535e7f771690a28,4fd467dd264720762ffe286277c00f57,,,13557.658481,10.0.2.15,59287,13.107.21.200,443,tcp,70.70479200000045,1405.0,7285.0,SF,True,False,0,ShADadTfF,19,2179,22,8169,ssl,0
13560.588679,CWPkuZ3RoyXTFoCdAc,10.0.2.15,59299,157.240.11.22,443,TLSv12,TLS_ECDHE_ECDSA_WITH_AES_128_GCM_SHA256,secp256r1,connect.facebook.net,False,True,CsxknGIti,"['152151b387412a95ab90fd4664f2d98880408e9e43913124e4c91226a483386b', '19400be5b7a31fb733917700789d2f0a2471c0c9d506c0e504c06c16d7cb17c0']",[],1.0,0ffee3ba8e615ad22535e7f771690a28,2d1eb5817ece335c24904f516ad5da12,h2,,13557.660481,10.0.2.15,59299,157.240.11.22,443,tcp,11.790008999998465,782.0,5153.0,SF,True,False,0,ShADadfF,13,1310,18,5877,ssl,0
13562.367962,CDWljR2HB50uydGmrh,10.0.2.15,59305,95.172.94.63,443,TLSv12,TLS_ECDHE_RSA_WITH_AES_128_GCM_SHA256,,pixel.quantserve.com,True,True,CsiI,,,,1a5fe5677b0e4fbbc854e8908225637d,fbe78c619e7ea20046131294ad087f05,,,13561.853384,10.0.2.15,59305,95.172.94.63,443,tcp,7.156023999999888,599.0,168.0,SF,True,False,0,ShADadFfRr,9,967,9,532,ssl,0
13562.566243,CDcQ6k1IxFLCYamUL7,10.0.2.15,59301,138.108.96.100,443,TLSv12,TLS_DHE_RSA_WITH_AES_256_CBC_SHA,,secure-us.imrworldwide.com,True,True,CsiI,,,,0ffee3ba8e615ad22535e7f771690a28,d90fa179c9daf35598ed8341272118f7,,,13561.851279,10.0.2.15,59301,138.108.96.100,443,tcp,7.174759999999878,363.0,165.0,SF,True,False,0,ShADadFf,8,691,7,449,ssl,0
13562.374857,C7eonO17Dq4yGacor1,10.0.2.15,59303,13.107.21.200,443,TLSv12,TLS_ECDHE_RSA_WITH_AES_256_CBC_SHA,secp384r1,bat.bing.com,False,True,CsxuknGIi,"['80c4440580dbd55b228f41e6c88a51ecdbb998b5d32d12acd31ce25518d37128', '2399983e99703ebd01cea466c10799810c4ba62a8d61b88170a334dcd61bb20f']",[],1.0,0ffee3ba8e615ad22535e7f771690a28,4fd467dd264720762ffe286277c00f57,,,13561.852271,10.0.2.15,59303,13.107.21.200,443,tcp,7.518677000000025,456.0,6880.0,SF,True,False,0,ShADadFf,11,904,13,7404,ssl,0
13562.370823,CKsaV74XAJrOwcfzN,10.0.2.15,59304,52.22.212.82,443,TLSv12,TLS_ECDHE_RSA_WITH_AES_128_GCM_SHA256,secp256r1,geo.moatads.com,False,True,CsxknGIi,"['a1f5b668b42edb358e83f7846b2d9b47b4c87d7ba7c20aecdceea13939a70e76', 'e6683e88315cd1cb403c0cea490f7c4b4c82c91cd485037489aadbaa90839f61']",[],1.0,0ffee3ba8e615ad22535e7f771690a28,303951d4c50efb2e991652225a6f02b1,,,13561.852733,10.0.2.15,59304,52.22.212.82,443,tcp,7.939862000001085,349.0,3157.0,SF,True,False,0,ShADadFfRr,11,797,12,3641,ssl,0
13566.248904,CkDGo01pGwcmo1eZJa,10.0.2.15,59307,185.33.220.10,443,TLSv12,TLS_ECDHE_RSA_WITH_AES_256_GCM_SHA384,secp256r1,secure.adnxs.com,False,True,CsxuknGIti,"['5b081650e8034418a37504ce0820892be5a66474578207711eb688243fe1a8f2', '074541ecdf88ed992ed5ade3ecddef27a26ba1b44480a195c0a8dadae2521d8e']",[],1.0,0ffee3ba8e615ad22535e7f771690a28,d53e4608f956df65bb2b8a8c4d3b025d,,,13565.899919,10.0.2.15,59307,185.33.220.10,443,tcp,3.999144000001251,3550.0,7792.0,SF,True,False,0,ShADadFf,14,4118,18,8516,ssl,0
13566.253341,COxkWi4MIwuvOfZZm8,10.0.2.15,59308,23.2.12.111,443,TLSv12,TLS_ECDHE_RSA_WITH_AES_256_GCM_SHA384,secp256r1,mnetrtbcdn.media.net,False,True,CsxknGIti,"['1d387aa03c1a15cf202e998803d42312c5684b0fa37074ee31ec15ba4081e7f5', 'eae72eb454bf6c3977ebd289e970b2f5282949190093d0d26f98d0f0d6a9cf17']",[],1.0,0ffee3ba8e615ad22535e7f771690a28,2b33c1374db4ddf06942f92373c0b54b,http/1.1,,13565.900729,10.0.2.15,59308,23.2.12.111,443,tcp,4.094068999998853,323.0,3588.0,RSTO,True,False,0,ShADadFR,9,691,10,3992,ssl,0
13570.203318,CcE1TtKp6YlBo85F5,10.0.2.15,59314,104.16.23.235,443,TLSv12,TLS_ECDHE_RSA_WITH_AES_128_GCM_SHA256,secp256r1,m.addthis.com,False,True,CsxuknGIti,"['2a7d536a35fd2aa422b5d3f15213e933f90355cf5e488a23d2ba9d2dc36ac69f', '154c433c491929c5ef686e838e323664a00e6a0d822ccc958fb4dab03e49a08f']",[],1.0,0ffee3ba8e615ad22535e7f771690a28,76cc3e2d3028143b23ec18e27dbd7ca9,h2,,13569.947233,10.0.2.15,59314,104.16.23.235,443,tcp,295.5951359999999,2792.0,5038.0,SF,True,False,0,ShADadFf,27,3880,29,6202,ssl,0
13570.206455,CDXGA5xCUHbBr0Zvc,10.0.2.15,59313,104.16.27.235,443,TLSv12,TLS_ECDHE_RSA_WITH_AES_128_GCM_SHA256,secp256r1,m.addthisedge.com,False,True,CsxuknGIti,"['8f5ac796ae85111a4e9f1c7d20065c1ec4d3309e37ad000815328a9a78bd4ed3', '154c433c491929c5ef686e838e323664a00e6a0d822ccc958fb4dab03e49a08f']",[],1.0,0ffee3ba8e615ad22535e7f771690a28,76cc3e2d3028143b23ec18e27dbd7ca9,http/1.1,,13569.675815,10.0.2.15,59313,104.16.27.235,443,tcp,139.394268,692.0,4831.0,SF,True,False,0,ShADadTTFf,25,1713,26,5875,ssl,0
13572.067272,Cq60wW1IPxctuOW31,10.0.2.15,59315,95.172.94.63,443,TLSv12,TLS_ECDHE_RSA_WITH_AES_128_GCM_SHA256,,pixel.quantserve.com,True,True,CsiI,,,,1a5fe5677b0e4fbbc854e8908225637d,fbe78c619e7ea20046131294ad087f05,,,13571.469894,10.0.2.15,59315,95.172.94.63,443,tcp,2.282826000000568,1481.0,482.0,SF,True,False,0,ShADadfF,9,1849,9,846,ssl,0
13573.511805,CuZDgE3knT9T4KtFXh,10.0.2.15,59324,172.217.23.238,443,TLSv12,TLS_ECDHE_RSA_WITH_AES_128_GCM_SHA256,,apis.google.com,True,True,CsiI,,,,1a5fe5677b0e4fbbc854e8908225637d,67619a80665d7ab92d1041b1d11f9164,h2,,13573.206266,10.0.2.15,59324,172.217.23.238,443,tcp,193.46342900000127,1816.0,13275.0,SF,True,False,0,ShADadfF,23,2744,32,14559,ssl,0
13573.512469,CU06qurYDjiJy8Sb,10.0.2.15,59323,93.184.220.66,443,TLSv12,TLS_ECDHE_RSA_WITH_AES_128_GCM_SHA256,secp256r1,platform.twitter.com,False,True,CsxuknGIti,"['498dfbfa068ce7e3252a308f9578608d3df2d287b5b9284571f7d3ed43ba3ab0', '19400be5b7a31fb733917700789d2f0a2471c0c9d506c0e504c06c16d7cb17c0', '7431e5f4c3c1ce4690774f0b61e05440883ba9a01ed00ba6abd7806ed3b118cf']",[],1.0,0ffee3ba8e615ad22535e7f771690a28,76cc3e2d3028143b23ec18e27dbd7ca9,http/1.1,,13573.205695,10.0.2.15,59323,93.184.220.66,443,tcp,135.91029199999866,1121.0,6150.0,SF,True,False,0,ShADadTTFfRr,26,2182,29,7314,ssl,0
13573.510956,CoHSuh2QgSj6J9TTW5,10.0.2.15,59325,52.216.66.59,443,TLSv12,TLS_ECDHE_RSA_WITH_AES_128_GCM_SHA256,secp256r1,s3.amazonaws.com,False,True,CsxknGIi,"['6be2c04e442c0aa126e2e374c248fc093077df1a3810867decdfea113add4357', 'f9690880819f06cdcc0b2f224b207f2af6003fb57339b8679a160fa95208d62d']",[],1.0,0ffee3ba8e615ad22535e7f771690a28,ea615e28cb25adfb2f261151eab3314f,,,13573.206841,10.0.2.15,59325,52.216.66.59,443,tcp,9.197713999999904,632.0,37886.0,SF,True,False,0,ShADadFf,23,1560,45,39690,ssl,0
13573.514299,C8Uxo02S8ooClLi4k9,10.0.2.15,59322,52.216.66.59,443,TLSv12,TLS_ECDHE_RSA_WITH_AES_128_GCM_SHA256,secp256r1,s3.amazonaws.com,False,True,CsxknGIi,"['6be2c04e442c0aa126e2e374c248fc093077df1a3810867decdfea113add4357', 'f9690880819f06cdcc0b2f224b207f2af6003fb57339b8679a160fa95208d62d']",[],1.0,0ffee3ba8e615ad22535e7f771690a28,ea615e28cb25adfb2f261151eab3314f,,,13573.205031,10.0.2.15,59322,52.216.66.59,443,tcp,11.487876000001052,350.0,3177.0,RSTO,True,False,0,ShADadTFR,11,799,13,3701,ssl,0
13573.351785,C9xQbT3dGmrpRWwvGi,10.0.2.15,59320,31.13.77.36,443,TLSv12,TLS_ECDHE_ECDSA_WITH_AES_128_GCM_SHA256,secp256r1,www.facebook.com,False,True,CsxknGIti,"['152151b387412a95ab90fd4664f2d98880408e9e43913124e4c91226a483386b', '19400be5b7a31fb733917700789d2f0a2471c0c9d506c0e504c06c16d7cb17c0']",[],1.0,0ffee3ba8e615ad22535e7f771690a28,2d1eb5817ece335c24904f516ad5da12,h2,,13572.764873,10.0.2.15,59320,31.13.77.36,443,tcp,295.13299799999913,4148.0,30166.0,SF,True,False,0,ShADadfF,47,6036,68,32890,ssl,0
13576.136233,CaiZ6g3VoP2ZcpUIgl,10.0.2.15,59331,172.217.23.237,443,TLSv12,TLS_ECDHE_RSA_WITH_AES_128_GCM_SHA256,x25519,accounts.google.com,False,True,CsxknGIti,"['db115550b0150d52e887a39b4b96793248152b63f300461c73a507e588f3f749', '9f630426df1d8abfd80ace98871ba833ab9742cb34838de2b5285ed54c0c7dcc', '3c35cc963eb004451323d3275d05b353235053490d9cd83729a2faf5e7ca1cc0']",[],1.0,0ffee3ba8e615ad22535e7f771690a28,ab41313cfec25328b20865eb1388e0a2,h2,,13575.781839,10.0.2.15,59331,172.217.23.237,443,tcp,197.47995700000135,1405.0,4982.0,SF,True,False,0,ShADadFf,22,2293,24,5946,ssl,0
13576.62697,CUuER61CH6XqAF4Wrf,10.0.2.15,59332,157.240.11.22,443,TLSv12,TLS_ECDHE_ECDSA_WITH_AES_128_GCM_SHA256,secp256r1,staticxx.facebook.com,False,True,CsxknGIti,"['152151b387412a95ab90fd4664f2d98880408e9e43913124e4c91226a483386b', '19400be5b7a31fb733917700789d2f0a2471c0c9d506c0e504c06c16d7cb17c0']",[],1.0,0ffee3ba8e615ad22535e7f771690a28,2d1eb5817ece335c24904f516ad5da12,h2,,13575.782255,10.0.2.15,59332,157.240.11.22,443,tcp,132.39328600000044,649.0,3988.0,SF,True,False,0,ShADadfF,14,1217,17,4672,ssl,0
13587.572766,C3Weml3JhJKzuBAhEb,10.0.2.15,59354,199.16.156.21,443,TLSv12,TLS_ECDHE_RSA_WITH_AES_128_GCM_SHA256,secp256r1,syndication.twitter.com,False,True,CsxknGIti,"['75e85da383dbf4ced92713e6768c061d0aca2ee11ea14e2a1486adb26098b2de', '19400be5b7a31fb733917700789d2f0a2471c0c9d506c0e504c06c16d7cb17c0']",[],1.0,0ffee3ba8e615ad22535e7f771690a28,8d2a028aa94425f76ced7826b1f39039,h2,,13586.838611,10.0.2.15,59354,199.16.156.21,443,tcp,200.5667470000008,1507.0,4823.0,SF,True,False,0,ShADadFfRr,19,2275,22,5707,ssl,0
13588.681354,C7b8WV2g8Wz4uxDfM4,10.0.2.15,59370,95.100.185.193,443,TLSv12,TLS_ECDHE_RSA_WITH_AES_256_GCM_SHA384,secp256r1,images.autotrader.com,False,True,CsxknGIti,"['798996e50934ced27f49f151008563bb160172bb3dda3b72194ea4984c124b80', 'eae72eb454bf6c3977ebd289e970b2f5282949190093d0d26f98d0f0d6a9cf17', '8420dfbe376f414bf4c0a81e6936d24ccc03f304835b86c7a39142fca723a689']",[],1.0,0ffee3ba8e615ad22535e7f771690a28,2b33c1374db4ddf06942f92373c0b54b,http/1.1,,13587.58467,10.0.2.15,59370,95.100.185.193,443,tcp,145.8794170000001,2497.0,14087.0,SF,True,False,0,ShADadTTFfRr,29,3678,37,15571,ssl,0
13602.507246,CWgpX52VF2r97SfDJe,10.0.2.15,59378,52.32.27.135,443,TLSv12,TLS_ECDHE_RSA_WITH_AES_128_GCM_SHA256,secp256r1,api.b2c.com,False,True,CsxknGIi,"['f031fdfc66c503afe860959473393d0e4cd0b54ed112304de2c3a48cf7c481f6', '973a41276ffd01e027a2aad49e34c37846d3e976ff6a620b6712e33832041aa6', '3a2fbe92891e57fe05d57087f48e730f17e5a5f53ef403d618e5b74d7a7e6ecb', 'c3846bf24b9e93ca64274c0ec67c1ecc5e024ffcacd2d74019350e81fe546ae4']",[],1.0,0ffee3ba8e615ad22535e7f771690a28,303951d4c50efb2e991652225a6f02b1,,,13601.172173,10.0.2.15,59378,52.32.27.135,443,tcp,36.567777999998725,1676.0,27591.0,SF,True,False,0,ShADadTFfRr,21,2525,35,28995,ssl,0
13603.21449,CUR5Ie1oiNDgN7Gx95,10.0.2.15,59379,172.217.23.230,443,TLSv12,TLS_ECDHE_RSA_WITH_AES_128_GCM_SHA256,,ad.doubleclick.net,True,True,CsiI,,,,1a5fe5677b0e4fbbc854e8908225637d,67619a80665d7ab92d1041b1d11f9164,h2,,13601.789598,10.0.2.15,59379,172.217.23.230,443,tcp,263.2983440000007,5171.0,338269.0,SF,True,False,0,ShADadFf,152,11259,367,352953,ssl,0
13603.150726,CggIGP1s9PcKQCDIlc,10.0.2.15,59382,95.100.185.193,443,TLSv12,TLS_ECDHE_RSA_WITH_AES_256_GCM_SHA384,secp256r1,www.autotrader.com,False,True,CsxknGIti,"['798996e50934ced27f49f151008563bb160172bb3dda3b72194ea4984c124b80', 'eae72eb454bf6c3977ebd289e970b2f5282949190093d0d26f98d0f0d6a9cf17', '8420dfbe376f414bf4c0a81e6936d24ccc03f304835b86c7a39142fca723a689']",[],1.0,0ffee3ba8e615ad22535e7f771690a28,2b33c1374db4ddf06942f92373c0b54b,http/1.1,,13601.792582,10.0.2.15,59382,95.100.185.193,443,tcp,36.15397999999914,6506.0,14729.0,RSTR,True,False,0,ShADadTFRr,21,7355,29,15893,ssl,0
13606.787271,C3iFjx2vz8BSVOQl35,10.0.2.15,59386,95.100.185.193,443,TLSv12,TLS_ECDHE_RSA_WITH_AES_256_GCM_SHA384,secp256r1,ads.autotrader.com,False,True,CsxknGIti,"['798996e50934ced27f49f151008563bb160172bb3dda3b72194ea4984c124b80', 'eae72eb454bf6c3977ebd289e970b2f5282949190093d0d26f98d0f0d6a9cf17', '8420dfbe376f414bf4c0a81e6936d24ccc03f304835b86c7a39142fca723a689']",[],1.0,0ffee3ba8e615ad22535e7f771690a28,2b33c1374db4ddf06942f92373c0b54b,http/1.1,,13605.795207,10.0.2.15,59386,95.100.185.193,443,tcp,136.94201000000066,1536.0,9092.0,SF,True,False,0,ShADadTTFRfr,26,2596,31,10336,ssl,0
13606.800978,C0oGZF4WftG09dFfhi,10.0.2.15,59385,95.100.185.193,443,TLSv12,TLS_ECDHE_RSA_WITH_AES_256_GCM_SHA384,secp256r1,ads.autotrader.com,False,True,CsxknGIti,"['798996e50934ced27f49f151008563bb160172bb3dda3b72194ea4984c124b80', 'eae72eb454bf6c3977ebd289e970b2f5282949190093d0d26f98d0f0d6a9cf17', '8420dfbe376f414bf4c0a81e6936d24ccc03f304835b86c7a39142fca723a689']",[],1.0,0ffee3ba8e615ad22535e7f771690a28,2b33c1374db4ddf06942f92373c0b54b,http/1.1,,13605.793664,10.0.2.15,59385,95.100.185.193,443,tcp,136.94089099999837,1534.0,18185.0,SF,True,False,0,ShADadTTFfRr,28,2674,39,19749,ssl,0
13612.216546,CR8CvrRDP0kImBUXi,10.0.2.15,59389,151.101.112.207,443,TLSv12,TLS_ECDHE_RSA_WITH_AES_128_GCM_SHA256,secp256r1,js-agent.newrelic.com,False,True,CsxuknGIti,"['ca070501b7e46f43787e9ec2f2d3e72c170cd1881f8200e63bdae1b6ded39ed9', '74ef335e5e18788307fb9d89cb704bec112abd23487dbff41c4ded5070f241d9']",[],1.0,0ffee3ba8e615ad22535e7f771690a28,860fcf58fd757e26aa8911e5eaff6b53,http/1.1,,13610.913783,10.0.2.15,59389,151.101.112.207,443,tcp,9.109413000000131,387.0,6617.0,SF,True,False,0,ShADadFRfr,11,835,14,7181,ssl,0
13612.215085,CHWCdI1llPeJ24V1Yk,10.0.2.15,59388,151.101.112.207,443,TLSv12,TLS_ECDHE_RSA_WITH_AES_128_GCM_SHA256,secp256r1,js-agent.newrelic.com,False,True,CsxuknGIti,"['ca070501b7e46f43787e9ec2f2d3e72c170cd1881f8200e63bdae1b6ded39ed9', '74ef335e5e18788307fb9d89cb704bec112abd23487dbff41c4ded5070f241d9']",[],1.0,0ffee3ba8e615ad22535e7f771690a28,860fcf58fd757e26aa8911e5eaff6b53,http/1.1,,13610.899895,10.0.2.15,59388,151.101.112.207,443,tcp,131.83459199999925,705.0,19267.0,SF,True,False,0,ShADadTTFfRr,30,1925,39,20831,ssl,0
13617.841298,CSOOY31s0SwnWVLlV,10.0.2.15,59391,95.101.252.144,443,TLSv12,TLS_ECDHE_RSA_WITH_AES_256_GCM_SHA384,,px.moatads.com,True,True,CsiI,,,,1a5fe5677b0e4fbbc854e8908225637d,410b9bedaf65dd26c6fe547154d60db4,http/1.1,,13616.589549,10.0.2.15,59391,95.101.252.144,443,tcp,138.29111600000033,5875.0,1497.0,SF,True,False,0,ShADadTTFfRr,30,7095,30,2701,ssl,0
13619.621205,C1PG2K18Sw5JK1yi1c,10.0.2.15,59392,95.101.252.144,443,TLSv12,TLS_ECDHE_RSA_WITH_AES_256_GCM_SHA384,,px.moatads.com,True,True,CsiI,,,,1a5fe5677b0e4fbbc854e8908225637d,410b9bedaf65dd26c6fe547154d60db4,http/1.1,,13618.166822,10.0.2.15,59392,95.101.252.144,443,tcp,19.730414999999997,5055.0,1497.0,SF,True,False,0,ShADadTFfRr,17,5744,18,2221,ssl,0
13621.077477,CBXk3G6vXcyr2Oaa8,10.0.2.15,59395,52.32.27.135,443,TLSv12,TLS_ECDHE_RSA_WITH_AES_128_GCM_SHA256,,api.b2c.com,True,True,CsiI,,,,0ffee3ba8e615ad22535e7f771690a28,303951d4c50efb2e991652225a6f02b1,,,13619.67419,10.0.2.15,59395,52.32.27.135,443,tcp,63.28853700000036,590.0,5713.0,SF,True,False,0,ShADadTFf,15,1204,18,6437,ssl,0
13621.07952,CO9Roi4tl2qJLHnipc,10.0.2.15,59394,52.32.27.135,443,TLSv12,TLS_ECDHE_RSA_WITH_AES_128_GCM_SHA256,,api.b2c.com,True,True,CsiI,,,,0ffee3ba8e615ad22535e7f771690a28,303951d4c50efb2e991652225a6f02b1,,,13619.672243,10.0.2.15,59394,52.32.27.135,443,tcp,63.27086999999847,590.0,5806.0,SF,True,False,0,ShADadTFf,15,1204,18,6530,ssl,0
13621.080726,CUrYbt2Ry95m7dgFjj,10.0.2.15,59393,52.32.27.135,443,TLSv12,TLS_ECDHE_RSA_WITH_AES_128_GCM_SHA256,,api.b2c.com,True,True,CsiI,,,,0ffee3ba8e615ad22535e7f771690a28,303951d4c50efb2e991652225a6f02b1,,,13619.671106,10.0.2.15,59393,52.32.27.135,443,tcp,8.87451499999952,302.0,176.0,SF,True,False,0,ShADadFfRr,8,630,9,540,ssl,0
13622.839983,CfC0Jwrsjs6dkR7sg,10.0.2.15,59399,95.101.252.144,443,TLSv12,TLS_ECDHE_RSA_WITH_AES_256_GCM_SHA384,,px.moatads.com,True,True,CsiI,,,,1a5fe5677b0e4fbbc854e8908225637d,410b9bedaf65dd26c6fe547154d60db4,http/1.1,,13621.596819,10.0.2.15,59399,95.101.252.144,443,tcp,8.82205199999953,599.0,183.0,SF,True,False,0,ShADadFfRr,9,967,9,547,ssl,0
13622.842041,CU3A3XAZSr6XSej9c,10.0.2.15,59398,172.217.23.230,443,TLSv12,TLS_ECDHE_RSA_WITH_AES_128_GCM_SHA256,,s0.2mdn.net,True,True,CsiI,,,,1a5fe5677b0e4fbbc854e8908225637d,67619a80665d7ab92d1041b1d11f9164,h2,,13621.563125,10.0.2.15,59398,172.217.23.230,443,tcp,193.53556500000013,1263.0,60890.0,SF,True,False,0,ShADadFf,35,2671,75,63894,ssl,0
13625.622365,C2sCUV1I2JAwrz0W4,10.0.2.15,59400,172.217.23.226,443,TLSv12,TLS_ECDHE_ECDSA_WITH_AES_128_GCM_SHA256,,pagead2.googlesyndication.com,True,True,CsiI,,,,1a5fe5677b0e4fbbc854e8908225637d,c23237dbea656869600e48dfbd00ab7b,h2,,13625.106853,10.0.2.15,59400,172.217.23.226,443,tcp,297.0771130000012,2172.0,1521.0,SF,True,False,0,ShADadFf,27,3260,29,2685,ssl,0
13627.233934,C6bf4u4QkbK5Qyyo9d,10.0.2.15,59402,162.247.242.20,443,TLSv12,TLS_DHE_RSA_WITH_AES_256_CBC_SHA,,bam.nr-data.net,False,True,CsxknGIi,"['e7489ed1f465ba2b3ce0faef3a43a3895cd097733dbb5b713df8b299270ca145', '074541ecdf88ed992ed5ade3ecddef27a26ba1b44480a195c0a8dadae2521d8e']",[],1.0,0ffee3ba8e615ad22535e7f771690a28,d90fa179c9daf35598ed8341272118f7,,,13625.834498,10.0.2.15,59402,162.247.242.20,443,tcp,18.884475999999268,2277.0,3902.0,SF,True,False,0,ShADadTFf,14,2846,15,4506,ssl,0
13627.428271,Cjhgma7g29sa5Rm5f,10.0.2.15,59408,23.74.181.197,443,TLSv12,TLS_ECDHE_RSA_WITH_AES_256_GCM_SHA384,secp256r1,www.autotraderstatic.com,False,True,CsxknGIti,"['cccc687f40ef96d1a0fd4269e0967e72b5fc5c150b97118f892d6705dd88a5d6', 'eae72eb454bf6c3977ebd289e970b2f5282949190093d0d26f98d0f0d6a9cf17', '8420dfbe376f414bf4c0a81e6936d24ccc03f304835b86c7a39142fca723a689']",[],1.0,0ffee3ba8e615ad22535e7f771690a28,2b33c1374db4ddf06942f92373c0b54b,http/1.1,,13625.846767,10.0.2.15,59408,23.74.181.197,443,tcp,128.97743499999888,784.0,8167.0,SF,True,False,0,ShADadTTFfRr,25,1804,30,9371,ssl,0
13627.432672,CAk2gD2xY68R4yAaHb,10.0.2.15,59407,23.74.181.197,443,TLSv12,TLS_ECDHE_RSA_WITH_AES_256_GCM_SHA384,secp256r1,www.autotraderstatic.com,False,True,CsxknGIti,"['cccc687f40ef96d1a0fd4269e0967e72b5fc5c150b97118f892d6705dd88a5d6', 'eae72eb454bf6c3977ebd289e970b2f5282949190093d0d26f98d0f0d6a9cf17', '8420dfbe376f414bf4c0a81e6936d24ccc03f304835b86c7a39142fca723a689']",[],1.0,0ffee3ba8e615ad22535e7f771690a28,2b33c1374db4ddf06942f92373c0b54b,http/1.1,,13625.844819,10.0.2.15,59407,23.74.181.197,443,tcp,129.0002280000008,783.0,115672.0,SF,True,False,0,ShADadTTFfRr,43,2523,117,120356,ssl,0
13627.441137,CvCFse2VchUouq3Drk,10.0.2.15,59406,23.74.181.197,443,TLSv12,TLS_ECDHE_RSA_WITH_AES_256_GCM_SHA384,secp256r1,www.autotraderstatic.com,False,True,CsxknGIti,"['cccc687f40ef96d1a0fd4269e0967e72b5fc5c150b97118f892d6705dd88a5d6', 'eae72eb454bf6c3977ebd289e970b2f5282949190093d0d26f98d0f0d6a9cf17', '8420dfbe376f414bf4c0a81e6936d24ccc03f304835b86c7a39142fca723a689']",[],1.0,0ffee3ba8e615ad22535e7f771690a28,2b33c1374db4ddf06942f92373c0b54b,http/1.1,,13625.84352,10.0.2.15,59406,23.74.181.197,443,tcp,129.0248190000002,785.0,9120.0,SF,True,False,0,ShADadTTFfRr,25,1805,30,10324,ssl,0
13627.447455,CrzKJq3o63EPsqND11,10.0.2.15,59405,23.74.181.197,443,TLSv12,TLS_ECDHE_RSA_WITH_AES_256_GCM_SHA384,secp256r1,www.autotraderstatic.com,False,True,CsxknGIti,"['cccc687f40ef96d1a0fd4269e0967e72b5fc5c150b97118f892d6705dd88a5d6', 'eae72eb454bf6c3977ebd289e970b2f5282949190093d0d26f98d0f0d6a9cf17', '8420dfbe376f414bf4c0a81e6936d24ccc03f304835b86c7a39142fca723a689']",[],1.0,0ffee3ba8e615ad22535e7f771690a28,2b33c1374db4ddf06942f92373c0b54b,http/1.1,,13625.842308,10.0.2.15,59405,23.74.181.197,443,tcp,128.99221200000102,789.0,143134.0,SF,True,False,0,ShADadTTFfRr,50,2809,138,148658,ssl,0
13627.452079,CNhOxFJAOzUB4yaIc,10.0.2.15,59404,23.74.181.197,443,TLSv12,TLS_ECDHE_RSA_WITH_AES_256_GCM_SHA384,secp256r1,www.autotraderstatic.com,False,True,CsxknGIti,"['cccc687f40ef96d1a0fd4269e0967e72b5fc5c150b97118f892d6705dd88a5d6', 'eae72eb454bf6c3977ebd289e970b2f5282949190093d0d26f98d0f0d6a9cf17', '8420dfbe376f414bf4c0a81e6936d24ccc03f304835b86c7a39142fca723a689']",[],1.0,0ffee3ba8e615ad22535e7f771690a28,2b33c1374db4ddf06942f92373c0b54b,http/1.1,,13625.840033,10.0.2.15,59404,23.74.181.197,443,tcp,129.0430919999999,1293.0,6418.0,SF,True,False,0,ShADadTTFfRr,25,2313,28,7542,ssl,0
13629.291377,CjMUvr4yko7NmnFRSe,10.0.2.15,59403,23.74.181.197,443,TLSv12,TLS_ECDHE_RSA_WITH_AES_256_GCM_SHA384,secp256r1,www.autotraderstatic.com,False,True,CsxknGIti,"['cccc687f40ef96d1a0fd4269e0967e72b5fc5c150b97118f892d6705dd88a5d6', 'eae72eb454bf6c3977ebd289e970b2f5282949190093d0d26f98d0f0d6a9cf17', '8420dfbe376f414bf4c0a81e6936d24ccc03f304835b86c7a39142fca723a689']",[],1.0,0ffee3ba8e615ad22535e7f771690a28,2b33c1374db4ddf06942f92373c0b54b,http/1.1,,13625.838494,10.0.2.15,59403,23.74.181.197,443,tcp,128.99606800000038,1286.0,47890.0,SF,True,False,0,ShADadTTFfRr,36,2746,65,50494,ssl,0
13630.965266,CrOJG6zI8lMrrC2Ad,10.0.2.15,59414,23.74.181.197,443,TLSv12,TLS_ECDHE_RSA_WITH_AES_256_GCM_SHA384,,www.autotraderstatic.com,True,True,CsiI,,,,1a5fe5677b0e4fbbc854e8908225637d,410b9bedaf65dd26c6fe547154d60db4,http/1.1,,13630.159874,10.0.2.15,59414,23.74.181.197,443,tcp,124.69894899999964,1513.0,4163.0,RSTO,True,False,0,ShADadTTFR,23,2453,24,5127,ssl,0
13644.891286,CxWQgMFcTuc6UhOo2,10.0.2.15,59427,95.100.185.193,443,TLSv12,TLS_ECDHE_RSA_WITH_AES_256_GCM_SHA384,,www.autotrader.com,True,True,CsiI,,,,1a5fe5677b0e4fbbc854e8908225637d,410b9bedaf65dd26c6fe547154d60db4,http/1.1,,13643.934471,10.0.2.15,59427,95.100.185.193,443,tcp,124.3143369999998,3275.0,818.0,SF,True,False,0,ShADadTTFfRr,24,4255,24,1782,ssl,0
13644.892415,CP5typ4pss1DzcZAG,10.0.2.15,59426,95.100.185.193,443,TLSv12,TLS_ECDHE_RSA_WITH_AES_256_GCM_SHA384,,www.autotrader.com,True,True,CsiI,,,,1a5fe5677b0e4fbbc854e8908225637d,410b9bedaf65dd26c6fe547154d60db4,http/1.1,,13643.93202,10.0.2.15,59426,95.100.185.193,443,tcp,7.165327000000616,599.0,183.0,SF,True,False,0,ShADadFfRr,9,967,9,547,ssl,0
13648.993124,CKREdM39fFDF4S17F1,10.0.2.15,59434,54.173.84.151,443,TLSv12,TLS_ECDHE_RSA_WITH_AES_128_GCM_SHA256,,www.weddingwire.com,True,True,CsiI,,,,1a5fe5677b0e4fbbc854e8908225637d,fbe78c619e7ea20046131294ad087f05,,,13648.578535,10.0.2.15,59434,54.173.84.151,443,tcp,81.0234819999987,5944.0,33975.0,SF,True,False,0,ShADadTfF,27,7037,42,35659,ssl,0
13648.994214,CCRYIomTwZzZnipBh,10.0.2.15,59433,54.173.84.151,443,TLSv12,TLS_ECDHE_RSA_WITH_AES_128_GCM_SHA256,,www.weddingwire.com,True,True,CsiI,,,,1a5fe5677b0e4fbbc854e8908225637d,fbe78c619e7ea20046131294ad087f05,,,13648.566003,10.0.2.15,59433,54.173.84.151,443,tcp,8.676542999999583,599.0,137.0,SF,True,False,0,ShADadFf,8,927,7,421,ssl,0
13648.998055,CJpONC2yhoSYsa8bz2,10.0.2.15,59432,54.173.84.151,443,TLSv12,TLS_ECDHE_RSA_WITH_AES_128_GCM_SHA256,,www.weddingwire.com,True,True,CsiI,,,,1a5fe5677b0e4fbbc854e8908225637d,fbe78c619e7ea20046131294ad087f05,,,13648.56523,10.0.2.15,59432,54.173.84.151,443,tcp,8.677405000000363,599.0,137.0,SF,True,False,0,ShADadFf,8,927,7,421,ssl,0
13649.168028,C6h3uT1YTO6sxpn9fa,10.0.2.15,59438,69.172.200.235,443,TLSv12,TLS_ECDHE_RSA_WITH_AES_256_GCM_SHA384,secp256r1,www.test.com,False,True,CsxknGIti,"['c74602920409d89331dfb5067b24835d238fc5c3aab33cdd5a290c0475866c48', '687fa451382278fff0c8b11f8d43d576671c6eb2bceab413fb83d965d06d2ff2', '1ad51684198af91ea2439db9c79203f47a749ebd896279b77dc627f83ffe49d6', '1a5174980a294a528a110726d5855650266c48d9883bea692b67b6d726da98c5']",[],1.0,0ffee3ba8e615ad22535e7f771690a28,e35df3e00ca4ef31d42b34bebaa2f86e,,,13648.617135,10.0.2.15,59438,69.172.200.235,443,tcp,35.42577100000017,655.0,7027.0,SF,True,False,0,ShADadTFf,15,1266,17,7711,ssl,0
13649.177323,CZVBlf1XSetvfBQv4,10.0.2.15,59437,69.172.200.235,443,TLSv12,TLS_ECDHE_RSA_WITH_AES_256_GCM_SHA384,secp256r1,www.test.com,False,True,CsxknGIti,"['c74602920409d89331dfb5067b24835d238fc5c3aab33cdd5a290c0475866c48', '687fa451382278fff0c8b11f8d43d576671c6eb2bceab413fb83d965d06d2ff2', '1ad51684198af91ea2439db9c79203f47a749ebd896279b77dc627f83ffe49d6', '1a5174980a294a528a110726d5855650266c48d9883bea692b67b6d726da98c5']",[],1.0,0ffee3ba8e615ad22535e7f771690a28,e35df3e00ca4ef31d42b34bebaa2f86e,,,13648.616343,10.0.2.15,59437,69.172.200.235,443,tcp,12.97057500000119,346.0,6079.0,SF,True,False,0,ShADadTFf,11,795,13,6603,ssl,0
13651.488283,CIjJgY2tsAxV8VFkK4,10.0.2.15,59444,216.58.201.98,443,TLSv12,TLS_ECDHE_ECDSA_WITH_AES_128_GCM_SHA256,x25519,ade.googlesyndication.com,False,True,CsxknGIti,"['7dab2c14c2154b93fe35063ca1c26a233a78ca71cbb2bca391546edc16638392', '9f630426df1d8abfd80ace98871ba833ab9742cb34838de2b5285ed54c0c7dcc', '3c35cc963eb004451323d3275d05b353235053490d9cd83729a2faf5e7ca1cc0']",[],1.0,0ffee3ba8e615ad22535e7f771690a28,84480cf8cf0e732666092640e581e1a5,h2,,13651.405859,10.0.2.15,59444,216.58.201.98,443,tcp,4.798784999999043,506.0,4364.0,SF,True,False,0,ShADadFf,11,954,14,4928,ssl,0
13651.938004,CuvD3b1fTKKCz3E0tf,10.0.2.15,59441,216.58.201.98,443,TLSv12,TLS_ECDHE_ECDSA_WITH_AES_128_GCM_SHA256,x25519,ade.googlesyndication.com,False,True,CsxknGIti,"['7dab2c14c2154b93fe35063ca1c26a233a78ca71cbb2bca391546edc16638392', '9f630426df1d8abfd80ace98871ba833ab9742cb34838de2b5285ed54c0c7dcc', '3c35cc963eb004451323d3275d05b353235053490d9cd83729a2faf5e7ca1cc0']",[],1.0,0ffee3ba8e615ad22535e7f771690a28,84480cf8cf0e732666092640e581e1a5,h2,,13651.346354,10.0.2.15,59441,216.58.201.98,443,tcp,4.880230000000665,506.0,4364.0,SF,True,False,0,ShADadFf,11,954,13,4888,ssl,0
13668.146294,CYtwN54226MTXdWrIf,10.0.2.15,59457,162.247.242.20,443,TLSv12,TLS_DHE_RSA_WITH_AES_256_CBC_SHA,,bam.nr-data.net,True,True,CsiI,,,,0ffee3ba8e615ad22535e7f771690a28,d90fa179c9daf35598ed8341272118f7,,,13666.62361,10.0.2.15,59457,162.247.242.20,443,tcp,98.7312839999995,2501.0,298.0,SF,True,False,0,ShADadTfF,20,3318,19,1062,ssl,0
13668.147349,C2NZsN2JRzaKn2XADg,10.0.2.15,59456,162.247.242.20,443,TLSv12,TLS_DHE_RSA_WITH_AES_256_CBC_SHA,,bam.nr-data.net,False,True,CsxknGIi,"['e7489ed1f465ba2b3ce0faef3a43a3895cd097733dbb5b713df8b299270ca145', '074541ecdf88ed992ed5ade3ecddef27a26ba1b44480a195c0a8dadae2521d8e']",[],1.0,0ffee3ba8e615ad22535e7f771690a28,d90fa179c9daf35598ed8341272118f7,,,13666.621826,10.0.2.15,59456,162.247.242.20,443,tcp,12.119568000000072,491.0,3476.0,SF,True,False,0,ShADadFf,10,899,10,3880,ssl,0
13669.960444,C5C3WN2K6juy2odtpg,10.0.2.15,59459,54.192.93.229,443,TLSv12,TLS_ECDHE_RSA_WITH_AES_128_GCM_SHA256,,wwcdn.weddingwire.com,True,True,CsiI,,,,1a5fe5677b0e4fbbc854e8908225637d,d199ba0af2b08e204c73d6d81a1fd260,http/1.1,,13669.232307,10.0.2.15,59459,54.192.93.229,443,tcp,39.89215800000056,5901.0,21679.0,SF,True,False,0,ShADadTFf,26,6951,36,23123,ssl,0
13669.996465,CyR3bs4EXjj23EoFYd,10.0.2.15,59458,54.192.93.229,443,TLSv12,TLS_ECDHE_RSA_WITH_AES_128_GCM_SHA256,,wwcdn.weddingwire.com,True,True,CsiI,,,,1a5fe5677b0e4fbbc854e8908225637d,d199ba0af2b08e204c73d6d81a1fd260,http/1.1,,13669.231666,10.0.2.15,59458,54.192.93.229,443,tcp,39.89797399999952,5960.0,44536.0,SF,True,False,0,ShADadTFf,37,7450,63,47060,ssl,0
13670.581237,Ceaiso4HNXwT9cf625,10.0.2.15,59463,54.173.84.151,443,TLSv12,TLS_ECDHE_RSA_WITH_AES_128_GCM_SHA256,,www.weddingwire.com,True,True,CsiI,,,,1a5fe5677b0e4fbbc854e8908225637d,fbe78c619e7ea20046131294ad087f05,,,13669.251345,10.0.2.15,59463,54.173.84.151,443,tcp,62.53399999999965,1897.0,759.0,SF,True,False,0,ShADadTfF,14,2470,14,1323,ssl,0
13670.582413,CJNKjT1TVUrSJSgPSi,10.0.2.15,59462,54.173.84.151,443,TLSv12,TLS_ECDHE_RSA_WITH_AES_128_GCM_SHA256,,www.weddingwire.com,True,True,CsiI,,,,1a5fe5677b0e4fbbc854e8908225637d,fbe78c619e7ea20046131294ad087f05,,,13669.249582,10.0.2.15,59462,54.173.84.151,443,tcp,62.534474000000046,1888.0,7874.0,SF,True,False,0,ShADadTfF,15,2501,19,8638,ssl,0
13670.584511,CvzoKFXLCw5BNcMJj,10.0.2.15,59461,54.173.84.151,443,TLSv12,TLS_ECDHE_RSA_WITH_AES_128_GCM_SHA256,,www.weddingwire.com,True,True,CsiI,,,,1a5fe5677b0e4fbbc854e8908225637d,fbe78c619e7ea20046131294ad087f05,,,13669.248616,10.0.2.15,59461,54.173.84.151,443,tcp,62.5360270000001,1901.0,4042.0,SF,True,False,0,ShADadTfF,15,2514,17,4726,ssl,0
13670.585869,CLwBaX2uWMKc8g3iW7,10.0.2.15,59460,54.173.84.151,443,TLSv12,TLS_ECDHE_RSA_WITH_AES_128_GCM_SHA256,,www.weddingwire.com,True,True,CsiI,,,,1a5fe5677b0e4fbbc854e8908225637d,fbe78c619e7ea20046131294ad087f05,,,13669.233151,10.0.2.15,59460,54.173.84.151,443,tcp,11.324650000000474,599.0,137.0,SF,True,False,0,ShADadFf,8,927,7,421,ssl,0
13670.627959,CQnnvh38pNvcSPOiqd,10.0.2.15,59464,54.173.84.151,443,TLSv12,TLS_ECDHE_RSA_WITH_AES_128_GCM_SHA256,,www.weddingwire.com,True,True,CsiI,,,,1a5fe5677b0e4fbbc854e8908225637d,fbe78c619e7ea20046131294ad087f05,,,13669.256737,10.0.2.15,59464,54.173.84.151,443,tcp,10.827794000000722,599.0,137.0,SF,True,False,0,ShADadFf,8,927,7,421,ssl,0
13688.939929,CrksfX1LovUQgGFMM3,10.0.2.15,59467,149.174.140.6,443,TLSv12,TLS_RSA_WITH_AES_256_CBC_SHA,,api.screenname.aol.com,False,True,CsxnGIi,"['9dac8d737b48212ec02d9a08eeb041577ed84daebd05b26ef2c1f733548d4798', 'eae72eb454bf6c3977ebd289e970b2f5282949190093d0d26f98d0f0d6a9cf17', '8420dfbe376f414bf4c0a81e6936d24ccc03f304835b86c7a39142fca723a689']",[],1.0,0ffee3ba8e615ad22535e7f771690a28,82f0d8a75fa483d1cfe4b7085b784d7e,,,13687.362755,10.0.2.15,59467,149.174.140.6,443,tcp,24.13365800000065,1511.0,5414.0,SF,True,False,0,ShADadTFf,13,2040,15,6018,ssl,0
13688.941854,C8VEsA1gvCcTgTAooi,10.0.2.15,59466,149.174.140.6,443,TLSv12,TLS_RSA_WITH_AES_256_CBC_SHA,,api.screenname.aol.com,False,True,CsxnGIi,"['9dac8d737b48212ec02d9a08eeb041577ed84daebd05b26ef2c1f733548d4798', 'eae72eb454bf6c3977ebd289e970b2f5282949190093d0d26f98d0f0d6a9cf17', '8420dfbe376f414bf4c0a81e6936d24ccc03f304835b86c7a39142fca723a689']",[],1.0,0ffee3ba8e615ad22535e7f771690a28,82f0d8a75fa483d1cfe4b7085b784d7e,,,13687.338387,10.0.2.15,59466,149.174.140.6,443,tcp,22.838012000000163,594.0,4380.0,SF,True,False,0,ShADadTFf,12,1084,14,4944,ssl,0
13690.045255,CwOyV7CsSigVJmN8f,10.0.2.15,59473,151.101.112.175,443,TLSv12,TLS_ECDHE_RSA_WITH_AES_128_GCM_SHA256,secp256r1,cdn.krxd.net,False,True,CsxuknGIti,"['08db83c9326d7da362a1d5b13d2c2eb3f30a9c28c65a16e8f0f5cbdfc0a6dc6d', '4b7334e1d8999822bafa8ff6888125389b18a4e5ab26ffa624c7f68fdc81f0cb']",[],1.0,0ffee3ba8e615ad22535e7f771690a28,860fcf58fd757e26aa8911e5eaff6b53,http/1.1,,13689.038538,10.0.2.15,59473,151.101.112.175,443,tcp,22.90854099999888,1213.0,98233.0,RSTR,True,False,0,ShADadTWRr,56,3462,112,102717,ssl,0
13691.525631,Cw58Wc2xsTQmhaDpT9,10.0.2.15,59474,138.108.96.100,443,TLSv12,TLS_DHE_RSA_WITH_AES_256_CBC_SHA,,secure-us.imrworldwide.com,True,True,CsiI,,,,0ffee3ba8e615ad22535e7f771690a28,d90fa179c9daf35598ed8341272118f7,,,13689.039522,10.0.2.15,59474,138.108.96.100,443,tcp,17.012226000000737,912.0,586.0,SF,True,False,0,ShADadfTF,10,1321,10,990,ssl,0
13692.798021,CNwo3AmcnWZYQVVo,10.0.2.15,59477,172.217.23.238,443,TLSv12,TLS_ECDHE_ECDSA_WITH_AES_128_GCM_SHA256,x25519,cse.google.com,False,True,CsxknGIti,"['11ddd329046367c19b32ffdb02ed308de129de4d6ffcf95856d7bd6a7accfba9', '9f630426df1d8abfd80ace98871ba833ab9742cb34838de2b5285ed54c0c7dcc', '3c35cc963eb004451323d3275d05b353235053490d9cd83729a2faf5e7ca1cc0']",[],1.0,0ffee3ba8e615ad22535e7f771690a28,84480cf8cf0e732666092640e581e1a5,h2,,13689.350918,10.0.2.15,59477,172.217.23.238,443,tcp,26.594450999999022,1002.0,5973.0,SF,True,False,0,ShADadTFf,18,1731,19,6737,ssl,0
13693.290311,CghDQqjwhx7PXQ6z9,10.0.2.15,59481,95.100.191.4,443,TLSv12,TLS_ECDHE_RSA_WITH_AES_256_GCM_SHA384,,sb.scorecardresearch.com,True,True,CsiI,,,,1a5fe5677b0e4fbbc854e8908225637d,410b9bedaf65dd26c6fe547154d60db4,http/1.1,,13689.403092,10.0.2.15,59481,95.100.191.4,443,tcp,129.86009399999966,1244.0,460.0,RSTO,True,False,0,ShADadTTFR,22,2144,21,1304,ssl,0
13693.309831,ChyvNm3amEpXlffPI4,10.0.2.15,59479,54.192.93.229,443,TLSv12,TLS_ECDHE_RSA_WITH_AES_128_GCM_SHA256,,wwcdn.weddingwire.com,True,True,CsiI,,,,1a5fe5677b0e4fbbc854e8908225637d,7bee5c1d424b7e5f943b06983bb11422,http/1.1,,13689.365957,10.0.2.15,59479,54.192.93.229,443,tcp,129.21917500000018,997.0,27409.0,SF,True,False,0,ShADadTTfF,31,2256,46,29253,ssl,0
13692.799018,CJFptp1oPWGKj3XCd3,10.0.2.15,59483,13.107.21.200,443,TLSv12,TLS_ECDHE_RSA_WITH_AES_256_CBC_SHA,secp384r1,bat.bing.com,False,True,CsxuknGIi,"['80c4440580dbd55b228f41e6c88a51ecdbb998b5d32d12acd31ce25518d37128', '2399983e99703ebd01cea466c10799810c4ba62a8d61b88170a334dcd61bb20f']",[],1.0,0ffee3ba8e615ad22535e7f771690a28,4fd467dd264720762ffe286277c00f57,,,13689.409181,10.0.2.15,59483,13.107.21.200,443,tcp,74.14258999999947,1597.0,7285.0,SF,True,False,0,ShADadTfF,18,2331,20,8089,ssl,0
13694.515249,CoZ4CX1kLyHU3aE17,10.0.2.15,59486,192.229.133.64,443,TLSv12,TLS_ECDHE_RSA_WITH_AES_128_GCM_SHA256,secp256r1,secure.uac.advertising.com,False,True,CsxuknGIti,"['cf84e007e8a9ea6b8deb3d8886b2eb4b137489c335be623cd79ec8b6dec3fa36', '19400be5b7a31fb733917700789d2f0a2471c0c9d506c0e504c06c16d7cb17c0']",[],1.0,0ffee3ba8e615ad22535e7f771690a28,49b45fc1ab090aa3a159778313fc9b9e,h2,,13692.25124,10.0.2.15,59486,192.229.133.64,443,tcp,193.0995500000008,1876.0,13617.0,SF,True,False,0,ShADadfF,21,2724,32,14901,ssl,0
13696.648768,CCvFE91kuqGydPXW48,10.0.2.15,59498,54.192.93.229,443,TLSv12,TLS_ECDHE_RSA_WITH_AES_128_GCM_SHA256,,wwcdn.weddingwire.com,True,True,CsiI,,,,1a5fe5677b0e4fbbc854e8908225637d,d199ba0af2b08e204c73d6d81a1fd260,http/1.1,,13696.024066,10.0.2.15,59498,54.192.93.229,443,tcp,122.77050899999996,995.0,26982.0,SF,True,False,0,ShADadTTfF,28,2134,44,28746,ssl,0
13696.649481,CpZ2fdHpVB5ownQd5,10.0.2.15,59501,54.192.93.229,443,TLSv12,TLS_ECDHE_RSA_WITH_AES_128_GCM_SHA256,,wwcdn.weddingwire.com,True,True,CsiI,,,,1a5fe5677b0e4fbbc854e8908225637d,d199ba0af2b08e204c73d6d81a1fd260,http/1.1,,13696.028223,10.0.2.15,59501,54.192.93.229,443,tcp,122.72929000000111,996.0,27697.0,SF,True,False,0,ShADadTTfF,28,2135,44,29461,ssl,0
13696.651322,Cqgi1x1ZwED44VFxzj,10.0.2.15,59500,54.192.93.229,443,TLSv12,TLS_ECDHE_RSA_WITH_AES_128_GCM_SHA256,,wwcdn.weddingwire.com,True,True,CsiI,,,,1a5fe5677b0e4fbbc854e8908225637d,d199ba0af2b08e204c73d6d81a1fd260,http/1.1,,13696.025343,10.0.2.15,59500,54.192.93.229,443,tcp,122.74128900000142,1018.0,44438.0,SF,True,False,0,ShADadTTfF,35,2437,65,47042,ssl,0
13696.652511,ClTibj1t8Xb9CoNnO,10.0.2.15,59499,54.192.93.229,443,TLSv12,TLS_ECDHE_RSA_WITH_AES_128_GCM_SHA256,,wwcdn.weddingwire.com,True,True,CsiI,,,,1a5fe5677b0e4fbbc854e8908225637d,d199ba0af2b08e204c73d6d81a1fd260,http/1.1,,13696.024597,10.0.2.15,59499,54.192.93.229,443,tcp,122.73753600000056,994.0,27713.0,SF,True,False,0,ShADadTTfF,29,2173,47,29597,ssl,0
13717.210242,CZAIgDMm9vB02TOdl,10.0.2.15,59511,152.163.56.2,443,TLSv12,TLS_RSA_WITH_AES_128_CBC_SHA,,ums.adtechus.com,False,True,CsxnGIi,"['7b2c77faa1292406517208a89d1914155f3b7d6323c20c805f51a4f07b5e97b3', '19400be5b7a31fb733917700789d2f0a2471c0c9d506c0e504c06c16d7cb17c0']",[],1.0,0ffee3ba8e615ad22535e7f771690a28,5397c414a9ebeaff1bf18b70ca22eaa0,,,13716.505751,10.0.2.15,59511,152.163.56.2,443,tcp,20.031855999999607,1004.0,3633.0,SF,True,False,0,ShADadTfF,11,1453,13,4157,ssl,0
13717.213752,CupEeI2rKvskvP3DU,10.0.2.15,59509,152.163.56.2,443,TLSv12,TLS_RSA_WITH_AES_128_CBC_SHA,,ums.adtechus.com,False,True,CsxnGIi,"['7b2c77faa1292406517208a89d1914155f3b7d6323c20c805f51a4f07b5e97b3', '19400be5b7a31fb733917700789d2f0a2471c0c9d506c0e504c06c16d7cb17c0']",[],1.0,0ffee3ba8e615ad22535e7f771690a28,5397c414a9ebeaff1bf18b70ca22eaa0,,,13716.504657,10.0.2.15,59509,152.163.56.2,443,tcp,23.09778400000141,1004.0,3633.0,SF,True,False,0,ShADadTfF,11,1453,14,4197,ssl,0
13718.253532,Crhusv2mgaRn6dQbr5,10.0.2.15,59517,54.192.93.229,443,TLSv12,TLS_ECDHE_RSA_WITH_AES_128_GCM_SHA256,,wwcdn.weddingwire.com,True,True,CsiI,,,,1a5fe5677b0e4fbbc854e8908225637d,d199ba0af2b08e204c73d6d81a1fd260,http/1.1,,13717.755208,10.0.2.15,59517,54.192.93.229,443,tcp,15.703338999999689,599.0,156.0,SF,True,False,0,ShADadTFf,8,928,8,480,ssl,0
13726.151756,CLi8Fa1FtvZa2tjosl,10.0.2.15,59540,172.217.23.194,443,TLSv12,TLS_ECDHE_ECDSA_WITH_AES_128_GCM_SHA256,,pagead2.googlesyndication.com,True,True,CsiI,,,,1a5fe5677b0e4fbbc854e8908225637d,c23237dbea656869600e48dfbd00ab7b,h2,,13725.066034,10.0.2.15,59540,172.217.23.194,443,tcp,197.70306900000105,1316.0,1032.0,SF,True,False,0,ShADadFf,20,2124,21,1876,ssl,0
13726.158231,CJRffd2Zjeb9wUGtBh,10.0.2.15,59542,172.217.23.194,443,TLSv12,TLS_ECDHE_RSA_WITH_AES_128_GCM_SHA256,,googleads.g.doubleclick.net,True,True,CsiI,,,,1a5fe5677b0e4fbbc854e8908225637d,67619a80665d7ab92d1041b1d11f9164,h2,,13725.090107,10.0.2.15,59542,172.217.23.194,443,tcp,324.23980800000027,3522.0,20422.0,SF,True,False,0,ShADadFf,36,4970,48,22346,ssl,0
13742.964548,CY2OuC3viB1aPgwXvj,10.0.2.15,59552,52.3.104.252,443,TLSv12,TLS_ECDHE_RSA_WITH_AES_128_GCM_SHA256,secp256r1,geo.moatads.com,False,True,CsxknGIi,"['a1f5b668b42edb358e83f7846b2d9b47b4c87d7ba7c20aecdceea13939a70e76', 'e6683e88315cd1cb403c0cea490f7c4b4c82c91cd485037489aadbaa90839f61']",[],1.0,0ffee3ba8e615ad22535e7f771690a28,303951d4c50efb2e991652225a6f02b1,,,13742.495108,10.0.2.15,59552,52.3.104.252,443,tcp,69.64690400000109,1861.0,3413.0,SF,True,False,0,ShADadTFf,17,2555,19,4177,ssl,0
13742.96743,CwBfcL2rM4xi1kDQZg,10.0.2.15,59554,52.3.104.252,443,TLSv12,TLS_ECDHE_RSA_WITH_AES_128_GCM_SHA256,secp256r1,geo.moatads.com,False,True,CsxknGIi,"['a1f5b668b42edb358e83f7846b2d9b47b4c87d7ba7c20aecdceea13939a70e76', 'e6683e88315cd1cb403c0cea490f7c4b4c82c91cd485037489aadbaa90839f61']",[],1.0,0ffee3ba8e615ad22535e7f771690a28,303951d4c50efb2e991652225a6f02b1,,,13742.728581,10.0.2.15,59554,52.3.104.252,443,tcp,69.41335900000013,1786.0,3413.0,SF,True,False,0,ShADadTFf,16,2440,18,4137,ssl,0
13789.484372,CyAPtm1ib8P0J9Zrag,10.0.2.15,59627,104.16.16.194,443,TLSv12,TLS_ECDHE_ECDSA_WITH_AES_128_GCM_SHA256,secp256r1,www.clickfunnels.com,False,True,CsxuknGIti,"['b2d9532a33ea15ade7e5c9cf878ba53b7305ab544af68275efaad5adbc55f53a', 'cd6c108a0e641f2ca122aaa6d03f826759cae7c6f800eabf76dc48b67cd083ce', '9573862ac0b4b125168810ea3fd101ae2eb0bb15f61fc0e6da7a2a38b85a89e8']",[],1.0,0ffee3ba8e615ad22535e7f771690a28,7d3eb4120cd50e889bcd3f3783be0f82,h2,,13789.293002,10.0.2.15,59627,104.16.16.194,443,tcp,311.5558579999997,10073.0,9062423.0,SF,True,False,0,ShADadWtFf,1652,76161,7308,9361847,ssl,0
13790.595558,CgUeMC4Oy6ppkIdTai,10.0.2.15,59628,104.16.13.194,443,TLSv12,TLS_ECDHE_ECDSA_WITH_AES_128_GCM_SHA256,secp256r1,static.clickfunnels.com,False,True,CsxuknGIti,"['b2d9532a33ea15ade7e5c9cf878ba53b7305ab544af68275efaad5adbc55f53a', 'cd6c108a0e641f2ca122aaa6d03f826759cae7c6f800eabf76dc48b67cd083ce', '9573862ac0b4b125168810ea3fd101ae2eb0bb15f61fc0e6da7a2a38b85a89e8']",[],1.0,0ffee3ba8e615ad22535e7f771690a28,7d3eb4120cd50e889bcd3f3783be0f82,h2,,13790.542148,10.0.2.15,59628,104.16.13.194,443,tcp,0.8715099999990341,537.0,3879.0,SF,True,False,0,ShADadFRfr,11,985,14,4443,ssl,0
13790.983817,CnEPQz2rlkMpRuFLKd,10.0.2.15,59629,104.16.13.194,443,TLSv12,TLS_ECDHE_ECDSA_WITH_AES_128_GCM_SHA256,secp256r1,assets3.clickfunnels.com,False,True,CsxuknGIti,"['b2d9532a33ea15ade7e5c9cf878ba53b7305ab544af68275efaad5adbc55f53a', 'cd6c108a0e641f2ca122aaa6d03f826759cae7c6f800eabf76dc48b67cd083ce', '9573862ac0b4b125168810ea3fd101ae2eb0bb15f61fc0e6da7a2a38b85a89e8']",[],1.0,0ffee3ba8e615ad22535e7f771690a28,7d3eb4120cd50e889bcd3f3783be0f82,h2,,13790.588801,10.0.2.15,59629,104.16.13.194,443,tcp,2.080583999999362,538.0,3881.0,SF,True,False,0,ShADadFf,12,1026,13,4405,ssl,0
13792.713669,CktFjcShjsT1LIrP2,10.0.2.15,59641,95.101.250.34,443,TLSv12,TLS_ECDHE_RSA_WITH_AES_256_GCM_SHA384,,use.typekit.net,True,True,CsiI,,,,1a5fe5677b0e4fbbc854e8908225637d,410b9bedaf65dd26c6fe547154d60db4,h2,,13791.984639,10.0.2.15,59641,95.101.250.34,443,tcp,372.4069459999992,1397.0,24885.0,SF,True,False,0,ShADadFfRr,28,2525,45,26689,ssl,0
13792.712524,CqwWthxlyI2wKnatk,10.0.2.15,59630,104.16.13.194,443,TLSv12,TLS_ECDHE_ECDSA_WITH_AES_128_GCM_SHA256,secp256r1,appassets.clickfunnels.com,False,True,CsxuknGIti,"['b2d9532a33ea15ade7e5c9cf878ba53b7305ab544af68275efaad5adbc55f53a', 'cd6c108a0e641f2ca122aaa6d03f826759cae7c6f800eabf76dc48b67cd083ce', '9573862ac0b4b125168810ea3fd101ae2eb0bb15f61fc0e6da7a2a38b85a89e8']",[],1.0,0ffee3ba8e615ad22535e7f771690a28,7d3eb4120cd50e889bcd3f3783be0f82,h2,,13791.924598,10.0.2.15,59630,104.16.13.194,443,tcp,5.525961000001189,540.0,3880.0,SF,True,False,0,ShADadFf,12,1028,13,4404,ssl,0
13792.716539,C1WjPP1KE18ILGh1Kd,10.0.2.15,59640,104.16.13.194,443,TLSv12,TLS_ECDHE_ECDSA_WITH_AES_128_GCM_SHA256,secp256r1,appassets.clickfunnels.com,False,True,CsxuknGIti,"['b2d9532a33ea15ade7e5c9cf878ba53b7305ab544af68275efaad5adbc55f53a', 'cd6c108a0e641f2ca122aaa6d03f826759cae7c6f800eabf76dc48b67cd083ce', '9573862ac0b4b125168810ea3fd101ae2eb0bb15f61fc0e6da7a2a38b85a89e8']",[],1.0,0ffee3ba8e615ad22535e7f771690a28,7d3eb4120cd50e889bcd3f3783be0f82,h2,,13791.984116,10.0.2.15,59640,104.16.13.194,443,tcp,5.466368999999759,540.0,3880.0,SF,True,False,0,ShADadFf,13,1068,14,4444,ssl,0
13792.718939,CcpS4j3o5pVO21osh6,10.0.2.15,59639,104.16.13.194,443,TLSv12,TLS_ECDHE_ECDSA_WITH_AES_128_GCM_SHA256,secp256r1,appassets.clickfunnels.com,False,True,CsxuknGIti,"['b2d9532a33ea15ade7e5c9cf878ba53b7305ab544af68275efaad5adbc55f53a', 'cd6c108a0e641f2ca122aaa6d03f826759cae7c6f800eabf76dc48b67cd083ce', '9573862ac0b4b125168810ea3fd101ae2eb0bb15f61fc0e6da7a2a38b85a89e8']",[],1.0,0ffee3ba8e615ad22535e7f771690a28,7d3eb4120cd50e889bcd3f3783be0f82,h2,,13791.98345,10.0.2.15,59639,104.16.13.194,443,tcp,5.448832000000038,540.0,3881.0,SF,True,False,0,ShADadFf,12,1028,13,4405,ssl,0
13792.72586,Cx5LvqGb7LRa6cBc1,10.0.2.15,59638,94.31.29.55,443,TLSv12,TLS_ECDHE_RSA_WITH_AES_128_GCM_SHA256,secp256r1,maxcdn.bootstrapcdn.com,False,True,CsxknGIti,"['dc5627a252c252d6d6f680d52001ccf439f2ff2633c9f766d6d5ab6e85ee6433', 'e6683e88315cd1cb403c0cea490f7c4b4c82c91cd485037489aadbaa90839f61']",[],1.0,0ffee3ba8e615ad22535e7f771690a28,8d2a028aa94425f76ced7826b1f39039,h2,,13791.9829,10.0.2.15,59638,94.31.29.55,443,tcp,13.359674999999696,864.0,11448.0,SF,True,False,0,ShADadFf,18,1592,23,12372,ssl,0
13792.727116,CHlcmL3R8LASDaV7Ke,10.0.2.15,59637,151.101.112.249,443,TLSv12,TLS_ECDHE_RSA_WITH_AES_128_GCM_SHA256,secp256r1,cdn.firebase.com,False,True,CsxuknGIti,"['ca5c57bee6ab21c055dcdbe8ad25feef6d1764a92e2aaaadb5d55fb667c3f8ac', '19400be5b7a31fb733917700789d2f0a2471c0c9d506c0e504c06c16d7cb17c0']",[],1.0,0ffee3ba8e615ad22535e7f771690a28,860fcf58fd757e26aa8911e5eaff6b53,http/1.1,,13791.982379,10.0.2.15,59637,151.101.112.249,443,tcp,128.2583510000004,673.0,50701.0,RSTO,True,False,0,ShADadTTFR,44,2453,74,53665,ssl,0
13792.728804,CW9gpS3PcKznBJTw2d,10.0.2.15,59636,104.16.13.194,443,TLSv12,TLS_ECDHE_ECDSA_WITH_AES_128_GCM_SHA256,secp256r1,appassets.clickfunnels.com,False,True,CsxuknGIti,"['b2d9532a33ea15ade7e5c9cf878ba53b7305ab544af68275efaad5adbc55f53a', 'cd6c108a0e641f2ca122aaa6d03f826759cae7c6f800eabf76dc48b67cd083ce', '9573862ac0b4b125168810ea3fd101ae2eb0bb15f61fc0e6da7a2a38b85a89e8']",[],1.0,0ffee3ba8e615ad22535e7f771690a28,7d3eb4120cd50e889bcd3f3783be0f82,h2,,13791.98185,10.0.2.15,59636,104.16.13.194,443,tcp,5.447586000000228,540.0,3881.0,SF,True,False,0,ShADadFf,12,1028,13,4405,ssl,0
13792.730082,CGCsKOKm9KWcGqgid,10.0.2.15,59635,104.16.13.194,443,TLSv12,TLS_ECDHE_ECDSA_WITH_AES_128_GCM_SHA256,secp256r1,images.clickfunnels.com,False,True,CsxuknGIti,"['b2d9532a33ea15ade7e5c9cf878ba53b7305ab544af68275efaad5adbc55f53a', 'cd6c108a0e641f2ca122aaa6d03f826759cae7c6f800eabf76dc48b67cd083ce', '9573862ac0b4b125168810ea3fd101ae2eb0bb15f61fc0e6da7a2a38b85a89e8']",[],1.0,0ffee3ba8e615ad22535e7f771690a28,7d3eb4120cd50e889bcd3f3783be0f82,h2,,13791.981372,10.0.2.15,59635,104.16.13.194,443,tcp,5.434384000000136,537.0,3879.0,SF,True,False,0,ShADadFf,12,1025,14,4443,ssl,0
13792.732672,CPofU84lMu93yBA6gf,10.0.2.15,59633,95.101.250.34,443,TLSv12,TLS_ECDHE_RSA_WITH_AES_256_GCM_SHA384,,use.typekit.net,True,True,CsiI,,,,1a5fe5677b0e4fbbc854e8908225637d,410b9bedaf65dd26c6fe547154d60db4,h2,,13791.92614,10.0.2.15,59633,95.101.250.34,443,tcp,5.421831999999995,808.0,283.0,SF,True,False,0,ShADadFfRr,12,1296,12,767,ssl,0
13792.731613,CQqQbZ2tldaIrKiVo6,10.0.2.15,59634,104.16.13.194,443,TLSv12,TLS_ECDHE_ECDSA_WITH_AES_128_GCM_SHA256,secp256r1,images.clickfunnels.com,False,True,CsxuknGIti,"['b2d9532a33ea15ade7e5c9cf878ba53b7305ab544af68275efaad5adbc55f53a', 'cd6c108a0e641f2ca122aaa6d03f826759cae7c6f800eabf76dc48b67cd083ce', '9573862ac0b4b125168810ea3fd101ae2eb0bb15f61fc0e6da7a2a38b85a89e8']",[],1.0,0ffee3ba8e615ad22535e7f771690a28,7d3eb4120cd50e889bcd3f3783be0f82,h2,,13791.980841,10.0.2.15,59634,104.16.13.194,443,tcp,13.086896999999226,537.0,3880.0,SF,True,False,0,ShADadFf,12,1025,12,4364,ssl,0
13792.734328,CUP80OdskV63UpzDc,10.0.2.15,59632,104.16.13.194,443,TLSv12,TLS_ECDHE_ECDSA_WITH_AES_128_GCM_SHA256,secp256r1,appassets.clickfunnels.com,False,True,CsxuknGIti,"['b2d9532a33ea15ade7e5c9cf878ba53b7305ab544af68275efaad5adbc55f53a', 'cd6c108a0e641f2ca122aaa6d03f826759cae7c6f800eabf76dc48b67cd083ce', '9573862ac0b4b125168810ea3fd101ae2eb0bb15f61fc0e6da7a2a38b85a89e8']",[],1.0,0ffee3ba8e615ad22535e7f771690a28,7d3eb4120cd50e889bcd3f3783be0f82,h2,,13791.925691,10.0.2.15,59632,104.16.13.194,443,tcp,12.60261999999966,540.0,3879.0,SF,True,False,0,ShADadFf,12,1028,13,4403,ssl,0
13792.735418,CjlDp71HlPrlCh0nxe,10.0.2.15,59631,94.31.29.55,443,TLSv12,TLS_ECDHE_RSA_WITH_AES_128_GCM_SHA256,secp256r1,maxcdn.bootstrapcdn.com,False,True,CsxknGIti,"['dc5627a252c252d6d6f680d52001ccf439f2ff2633c9f766d6d5ab6e85ee6433', 'e6683e88315cd1cb403c0cea490f7c4b4c82c91cd485037489aadbaa90839f61']",[],1.0,0ffee3ba8e615ad22535e7f771690a28,8d2a028aa94425f76ced7826b1f39039,h2,,13791.925211,10.0.2.15,59631,94.31.29.55,443,tcp,17.151614000000336,605.0,3409.0,SF,True,False,0,ShADadfF,14,1173,16,4053,ssl,0
13812.492558,CVp7qqNlq51t6sXVh,10.0.2.15,59676,95.101.250.34,443,TLSv12,TLS_ECDHE_RSA_WITH_AES_256_GCM_SHA384,,use.typekit.net,True,True,CsiI,,,,1a5fe5677b0e4fbbc854e8908225637d,410b9bedaf65dd26c6fe547154d60db4,h2,,13807.386251,10.0.2.15,59676,95.101.250.34,443,tcp,368.90627099999983,2785.0,289584.0,SF,True,False,0,ShADadFRfr,99,6761,276,300628,ssl,0
13812.493142,Ck6vo51i9C5exPSvVj,10.0.2.15,59675,95.101.250.34,443,TLSv12,TLS_ECDHE_RSA_WITH_AES_256_GCM_SHA384,,use.typekit.net,True,True,CsiI,,,,1a5fe5677b0e4fbbc854e8908225637d,410b9bedaf65dd26c6fe547154d60db4,h2,,13807.384755,10.0.2.15,59675,95.101.250.34,443,tcp,33.61249600000156,1140.0,19443.0,SF,True,False,0,ShADadFfRr,21,1996,29,20607,ssl,0
13812.485106,CclNfc1F2VBC3msyob,10.0.2.15,59674,172.217.23.227,443,TLSv12,TLS_ECDHE_ECDSA_WITH_AES_128_GCM_SHA256,,fonts.gstatic.com,True,True,CsiI,,,,1a5fe5677b0e4fbbc854e8908225637d,c23237dbea656869600e48dfbd00ab7b,h2,,13807.383334,10.0.2.15,59674,172.217.23.227,443,tcp,239.79286800000045,1568.0,22678.0,SF,True,False,0,ShADadFf,30,2784,41,24322,ssl,0
13807.56792,CqDysH3u5R5rgdUhdg,10.0.2.15,59652,172.217.23.225,443,TLSv12,TLS_ECDHE_ECDSA_WITH_AES_128_GCM_SHA256,x25519,lh4.googleusercontent.com,False,True,CsxknGIti,"['7dab2c14c2154b93fe35063ca1c26a233a78ca71cbb2bca391546edc16638392', '9f630426df1d8abfd80ace98871ba833ab9742cb34838de2b5285ed54c0c7dcc', '3c35cc963eb004451323d3275d05b353235053490d9cd83729a2faf5e7ca1cc0']",[],1.0,0ffee3ba8e615ad22535e7f771690a28,84480cf8cf0e732666092640e581e1a5,h2,,13805.058123,10.0.2.15,59652,172.217.23.225,443,tcp,243.74258199999892,1132.0,200456.0,SF,True,False,0,ShADadFf,86,4580,204,208620,ssl,0
13812.476667,Cl8X5u3eWUkYGVvw7j,10.0.2.15,59671,93.184.220.20,443,TLSv12,TLS_ECDHE_RSA_WITH_AES_128_GCM_SHA256,secp256r1,static.woopra.com,False,True,CsxuknGIti,"['e92d0ac28add73970fe8985e24650cf116f0167741991865b3f83ffd37e8c172', '154c433c491929c5ef686e838e323664a00e6a0d822ccc958fb4dab03e49a08f']",[],1.0,0ffee3ba8e615ad22535e7f771690a28,49b45fc1ab090aa3a159778313fc9b9e,h2,,13807.357794,10.0.2.15,59671,93.184.220.20,443,tcp,189.59183900000065,848.0,12047.0,SF,True,False,0,ShADadfF,19,1624,26,13091,ssl,0
13812.491244,CrgTUs2GqBrVBWqPIh,10.0.2.15,59672,151.101.192.217,443,TLSv12,TLS_ECDHE_RSA_WITH_AES_128_GCM_SHA256,secp256r1,player.vimeo.com,False,True,CsxuknGIti,"['b0552bef9e5d16dad0a38bbfadf88613a5c2db8d77b7837cfaee28eb43d20175', '154c433c491929c5ef686e838e323664a00e6a0d822ccc958fb4dab03e49a08f']",[],1.0,0ffee3ba8e615ad22535e7f771690a28,860fcf58fd757e26aa8911e5eaff6b53,http/1.1,,13807.359966,10.0.2.15,59672,151.101.192.217,443,tcp,11.9794239999992,1001.0,13429.0,SF,True,False,0,ShADadFfRr,17,1697,21,14273,ssl,0
13812.488787,C6joGayZdSZMhZ5zk,10.0.2.15,59673,54.231.177.54,443,TLSv12,TLS_ECDHE_RSA_WITH_AES_128_GCM_SHA256,secp256r1,nodo.s3.amazonaws.com,False,True,CsxknGIi,"['659a3d7684850e6d664f5131f9f8765469b9c7017b7a0e206f8c1c9445cb1c69', 'f9690880819f06cdcc0b2f224b207f2af6003fb57339b8679a160fa95208d62d']",[],1.0,0ffee3ba8e615ad22535e7f771690a28,ea615e28cb25adfb2f261151eab3314f,,,13807.363547,10.0.2.15,59673,54.231.177.54,443,tcp,43.67365999999856,670.0,10920.0,SF,True,False,0,ShADadTfF,18,1408,23,11844,ssl,0
13814.703419,Cu05bM3gAPTriKRfLg,10.0.2.15,59681,216.137.61.151,443,TLSv12,TLS_ECDHE_RSA_WITH_AES_128_GCM_SHA256,secp256r1,d26b395fwzu5fz.cloudfront.net,False,True,CsxuknGIti,"['90c0937808b31877df6c4a5c743c99325d974624be3735faa5078cf73d4fd205', 'eae72eb454bf6c3977ebd289e970b2f5282949190093d0d26f98d0f0d6a9cf17']",[],1.0,0ffee3ba8e615ad22535e7f771690a28,76cc3e2d3028143b23ec18e27dbd7ca9,http/1.1,,13811.503963,10.0.2.15,59681,216.137.61.151,443,tcp,142.0191730000006,667.0,14816.0,SF,True,False,0,ShADadTTfF,24,1647,32,16100,ssl,0
13807.381753,CyvqFr4JDAecS0vNj4,10.0.2.15,59651,104.16.12.194,443,,,,app1assets.clickfunnels.com,False,False,C,,,,0ffee3ba8e615ad22535e7f771690a28,,,,13804.865826,10.0.2.15,59651,104.16.12.194,443,tcp,8.298239000001558,204.0,0.0,SF,True,False,0,ShADafF,5,412,4,164,ssl,0
13814.776934,C3V6bV3jxDHLbjahSh,10.0.2.15,59682,172.217.23.238,443,TLSv12,TLS_ECDHE_ECDSA_WITH_AES_128_GCM_SHA256,,www.youtube.com,True,True,CsiI,,,,1a5fe5677b0e4fbbc854e8908225637d,c23237dbea656869600e48dfbd00ab7b,h2,,13811.505924,10.0.2.15,59682,172.217.23.238,443,tcp,7.619251000000077,599.0,254.0,RSTO,True,False,0,ShADadFR,8,927,7,538,ssl,0
13809.859472,CvFRkAFpCP998gDA1,10.0.2.15,59658,172.217.23.227,443,TLSv12,TLS_ECDHE_ECDSA_WITH_AES_128_GCM_SHA256,,fonts.gstatic.com,True,True,CsiI,,,,1a5fe5677b0e4fbbc854e8908225637d,c23237dbea656869600e48dfbd00ab7b,h2,,13805.26174,10.0.2.15,59658,172.217.23.227,443,tcp,38.44324199999937,1387.0,15251.0,SF,True,False,0,ShADadFf,19,2155,25,16255,ssl,0
13809.871638,CYoxoc1PoNz4Nw0vMh,10.0.2.15,59655,95.101.250.34,443,TLSv12,TLS_ECDHE_RSA_WITH_AES_256_GCM_SHA384,,use.typekit.net,True,True,CsiI,,,,1a5fe5677b0e4fbbc854e8908225637d,410b9bedaf65dd26c6fe547154d60db4,h2,,13805.2594,10.0.2.15,59655,95.101.250.34,443,tcp,39.35268899999937,1183.0,20111.0,SF,True,False,0,ShADadFfRr,22,2071,34,21475,ssl,0
13809.87571,CFyu8v1bquVgjwVn3l,10.0.2.15,59654,95.101.250.34,443,TLSv12,TLS_ECDHE_RSA_WITH_AES_256_GCM_SHA384,,use.typekit.net,True,True,CsiI,,,,1a5fe5677b0e4fbbc854e8908225637d,410b9bedaf65dd26c6fe547154d60db4,h2,,13805.258109,10.0.2.15,59654,95.101.250.34,443,tcp,39.99727999999959,1183.0,19787.0,SF,True,False,0,ShADadFfRr,21,2031,30,20991,ssl,0
13813.292216,C48U5z4AlwTnWxLod,10.0.2.15,59677,54.231.177.54,443,TLSv12,TLS_ECDHE_RSA_WITH_AES_128_GCM_SHA256,secp256r1,nodo.s3.amazonaws.com,False,True,CsxknGIi,"['659a3d7684850e6d664f5131f9f8765469b9c7017b7a0e206f8c1c9445cb1c69', 'f9690880819f06cdcc0b2f224b207f2af6003fb57339b8679a160fa95208d62d']",[],1.0,0ffee3ba8e615ad22535e7f771690a28,ea615e28cb25adfb2f261151eab3314f,,,13807.625687,10.0.2.15,59677,54.231.177.54,443,tcp,52.45775700000013,324.0,3040.0,SF,True,False,0,ShADadTfF,14,903,13,3564,ssl,0
13814.755646,Cc4xnG3CGvcztAnGjb,10.0.2.15,59683,104.16.12.194,443,TLSv12,TLS_ECDHE_ECDSA_WITH_AES_128_GCM_SHA256,secp256r1,app.clickfunnels.com,False,True,CsxuknGIti,"['b2d9532a33ea15ade7e5c9cf878ba53b7305ab544af68275efaad5adbc55f53a', 'cd6c108a0e641f2ca122aaa6d03f826759cae7c6f800eabf76dc48b67cd083ce', '9573862ac0b4b125168810ea3fd101ae2eb0bb15f61fc0e6da7a2a38b85a89e8']",[],1.0,0ffee3ba8e615ad22535e7f771690a28,7d3eb4120cd50e889bcd3f3783be0f82,h2,,13811.556888,10.0.2.15,59683,104.16.12.194,443,tcp,22.36439400000017,534.0,3879.0,SF,True,False,0,ShADadTFf,13,1063,14,4443,ssl,0
13809.867767,CKlm7OR4veQ07asna,10.0.2.15,59657,104.16.12.194,443,TLSv12,TLS_ECDHE_ECDSA_WITH_AES_128_GCM_SHA256,secp256r1,app1assets.clickfunnels.com,False,True,CsxuknGIti,"['b2d9532a33ea15ade7e5c9cf878ba53b7305ab544af68275efaad5adbc55f53a', 'cd6c108a0e641f2ca122aaa6d03f826759cae7c6f800eabf76dc48b67cd083ce', '9573862ac0b4b125168810ea3fd101ae2eb0bb15f61fc0e6da7a2a38b85a89e8']",[],1.0,0ffee3ba8e615ad22535e7f771690a28,7d3eb4120cd50e889bcd3f3783be0f82,h2,,13805.260804,10.0.2.15,59657,104.16.12.194,443,tcp,28.67393600000105,541.0,3881.0,SF,True,False,0,ShADadTFf,13,1070,13,4405,ssl,0
13809.869243,CiAUJi28MWXhSxLHp1,10.0.2.15,59656,94.31.29.55,443,TLSv12,TLS_ECDHE_RSA_WITH_AES_128_GCM_SHA256,secp256r1,maxcdn.bootstrapcdn.com,False,True,CsxknGIti,"['dc5627a252c252d6d6f680d52001ccf439f2ff2633c9f766d6d5ab6e85ee6433', 'e6683e88315cd1cb403c0cea490f7c4b4c82c91cd485037489aadbaa90839f61']",[],1.0,0ffee3ba8e615ad22535e7f771690a28,8d2a028aa94425f76ced7826b1f39039,h2,,13805.260308,10.0.2.15,59656,94.31.29.55,443,tcp,301.19000199999937,1243.0,146223.0,SF,True,False,0,ShADadTWFf,60,3653,155,152427,ssl,0
13809.882644,CRoedj1QCWxfknd8wd,10.0.2.15,59659,172.217.23.225,443,TLSv12,TLS_ECDHE_ECDSA_WITH_AES_128_GCM_SHA256,x25519,lh4.googleusercontent.com,False,True,CsxknGIti,"['7dab2c14c2154b93fe35063ca1c26a233a78ca71cbb2bca391546edc16638392', '9f630426df1d8abfd80ace98871ba833ab9742cb34838de2b5285ed54c0c7dcc', '3c35cc963eb004451323d3275d05b353235053490d9cd83729a2faf5e7ca1cc0']",[],1.0,0ffee3ba8e615ad22535e7f771690a28,84480cf8cf0e732666092640e581e1a5,h2,,13805.320874,10.0.2.15,59659,172.217.23.225,443,tcp,28.607452000000198,567.0,4363.0,SF,True,False,0,ShADadTFf,14,1136,15,4967,ssl,0
13817.234784,CXSj0u2cUVgtDW5EB6,10.0.2.15,59685,54.231.98.88,443,TLSv12,TLS_ECDHE_RSA_WITH_AES_128_GCM_SHA256,secp256r1,trello-attachments.s3.amazonaws.com,False,True,CsxknGIi,"['659a3d7684850e6d664f5131f9f8765469b9c7017b7a0e206f8c1c9445cb1c69', 'f9690880819f06cdcc0b2f224b207f2af6003fb57339b8679a160fa95208d62d']",[],1.0,0ffee3ba8e615ad22535e7f771690a28,ea615e28cb25adfb2f261151eab3314f,,,13812.496817,10.0.2.15,59685,54.231.98.88,443,tcp,48.0553400000008,733.0,3040.0,SF,True,False,0,ShADadTfF,14,1304,14,3604,ssl,0
13817.268635,Ck4I6N3ws8IIIpaPT6,10.0.2.15,59684,54.231.98.88,443,TLSv12,TLS_ECDHE_RSA_WITH_AES_128_GCM_SHA256,secp256r1,trello-attachments.s3.amazonaws.com,False,True,CsxknGIi,"['659a3d7684850e6d664f5131f9f8765469b9c7017b7a0e206f8c1c9445cb1c69', 'f9690880819f06cdcc0b2f224b207f2af6003fb57339b8679a160fa95208d62d']",[],1.0,0ffee3ba8e615ad22535e7f771690a28,ea615e28cb25adfb2f261151eab3314f,,,13812.495315,10.0.2.15,59684,54.231.98.88,443,tcp,48.65360099999998,732.0,3040.0,SF,True,False,0,ShADadTfF,14,1303,16,3684,ssl,0
13812.483514,CBShGx4lpIDXrb4T74,10.0.2.15,59670,159.122.87.148,443,TLSv12,TLS_ECDHE_RSA_WITH_AES_256_GCM_SHA384,secp256r1,dev.visualwebsiteoptimizer.com,False,False,CsxknGI,"['862c723f01ba44055030904c3f08b0c802d63d39a09ec6ead83c9f321d558428', '93a07898d89b2cca166ba6f1f8a14138ce43828e491b831926bc8247d391cc72', '9f43d52e808c20aff69e02faac205aac684e6975213d6620fac64bde5fcab4bc']",[],1.0,0ffee3ba8e615ad22535e7f771690a28,2b33c1374db4ddf06942f92373c0b54b,h2,,13807.355627,10.0.2.15,59670,159.122.87.148,443,tcp,11.249285999998392,333.0,4321.0,SF,True,False,0,ShADadfF,9,709,10,4725,ssl,0
13819.066,Cd70AJ3874PRawpDPh,10.0.2.15,59662,151.101.192.217,443,TLSv12,TLS_ECDHE_RSA_WITH_AES_128_GCM_SHA256,,player.vimeo.com,True,True,CsiI,,,,1a5fe5677b0e4fbbc854e8908225637d,1d0e57c6ae42e9204defa51e5e1cdc4c,http/1.1,,13815.181664,10.0.2.15,59662,151.101.192.217,443,tcp,14.641766000000644,1250.0,7059.0,RSTO,True,False,0,ShADadFR,12,1738,14,7623,ssl,0
13819.063901,CGs42B3wZoDVRB6j5c,10.0.2.15,59665,94.31.29.55,443,TLSv12,TLS_ECDHE_RSA_WITH_AES_128_GCM_SHA256,secp256r1,maxcdn.bootstrapcdn.com,False,True,CsxknGIti,"['dc5627a252c252d6d6f680d52001ccf439f2ff2633c9f766d6d5ab6e85ee6433', 'e6683e88315cd1cb403c0cea490f7c4b4c82c91cd485037489aadbaa90839f61']",[],1.0,0ffee3ba8e615ad22535e7f771690a28,8d2a028aa94425f76ced7826b1f39039,h2,,13815.146015,10.0.2.15,59665,94.31.29.55,443,tcp,34.66640899999948,598.0,3332.0,SF,True,False,0,ShADadTFf,15,1208,15,3936,ssl,0
13818.364358,C4Tkrw4JuetOiIygFh,10.0.2.15,59679,54.231.98.88,443,TLSv12,TLS_ECDHE_RSA_WITH_AES_128_GCM_SHA256,secp256r1,trello-attachments.s3.amazonaws.com,False,True,CsxknGIi,"['659a3d7684850e6d664f5131f9f8765469b9c7017b7a0e206f8c1c9445cb1c69', 'f9690880819f06cdcc0b2f224b207f2af6003fb57339b8679a160fa95208d62d']",[],1.0,0ffee3ba8e615ad22535e7f771690a28,ea615e28cb25adfb2f261151eab3314f,,,13809.146877,10.0.2.15,59679,54.231.98.88,443,tcp,53.5302300000003,338.0,3040.0,SF,True,False,0,ShADadTfF,13,876,13,3564,ssl,0
13819.076136,C5BIIW3zBucysFimpd,10.0.2.15,59688,172.217.23.238,443,TLSv12,TLS_ECDHE_ECDSA_WITH_AES_128_GCM_SHA256,,www.youtube.com,True,True,CsiI,,,,1a5fe5677b0e4fbbc854e8908225637d,c23237dbea656869600e48dfbd00ab7b,h2,,13814.922086,10.0.2.15,59688,172.217.23.238,443,tcp,33.4550220000001,1107.0,156.0,SF,True,False,0,ShADadfF,11,1555,10,560,ssl,0
13819.071477,ChJcCV2k962MaeEuR6,10.0.2.15,59689,104.16.12.194,443,TLSv12,TLS_ECDHE_ECDSA_WITH_AES_128_GCM_SHA256,secp256r1,app.clickfunnels.com,False,True,CsxuknGIti,"['b2d9532a33ea15ade7e5c9cf878ba53b7305ab544af68275efaad5adbc55f53a', 'cd6c108a0e641f2ca122aaa6d03f826759cae7c6f800eabf76dc48b67cd083ce', '9573862ac0b4b125168810ea3fd101ae2eb0bb15f61fc0e6da7a2a38b85a89e8']",[],1.0,0ffee3ba8e615ad22535e7f771690a28,7d3eb4120cd50e889bcd3f3783be0f82,h2,,13814.923518,10.0.2.15,59689,104.16.12.194,443,tcp,28.766821999999596,323.0,3842.0,RSTO,True,False,0,ShADadTR,9,692,8,4166,ssl,0
13818.369387,CeAHWb2TZOdAYQUxM,10.0.2.15,59678,54.231.98.88,443,TLSv12,TLS_ECDHE_RSA_WITH_AES_128_GCM_SHA256,secp256r1,trello-attachments.s3.amazonaws.com,False,True,CsxknGIi,"['659a3d7684850e6d664f5131f9f8765469b9c7017b7a0e206f8c1c9445cb1c69', 'f9690880819f06cdcc0b2f224b207f2af6003fb57339b8679a160fa95208d62d']",[],1.0,0ffee3ba8e615ad22535e7f771690a28,ea615e28cb25adfb2f261151eab3314f,,,13809.142874,10.0.2.15,59678,54.231.98.88,443,tcp,55.11284100000012,338.0,3040.0,SF,True,False,0,ShADadTfF,14,917,15,3644,ssl,0
13819.361785,CCo7S91n0mDiluGOG2,10.0.2.15,59686,52.31.224.220,443,TLSv12,TLS_ECDHE_RSA_WITH_AES_128_GCM_SHA256,secp256r1,track.addevent.com,False,True,CsxknGIi,"['ae47e7779b59fc7f3f6940b86ae5418a4e565997df3986b5fc66b2c0307d2619', 'e6683e88315cd1cb403c0cea490f7c4b4c82c91cd485037489aadbaa90839f61']",[],1.0,0ffee3ba8e615ad22535e7f771690a28,303951d4c50efb2e991652225a6f02b1,,,13813.969675,10.0.2.15,59686,52.31.224.220,443,tcp,95.53425500000048,749.0,3753.0,SF,True,False,0,ShADadTFf,19,1525,20,4557,ssl,0
13819.380145,CuOjTQ3LwlxjKtIFG6,10.0.2.15,59687,216.137.61.151,443,TLSv12,TLS_ECDHE_RSA_WITH_AES_128_GCM_SHA256,secp256r1,d26b395fwzu5fz.cloudfront.net,False,True,CsxuknGIti,"['90c0937808b31877df6c4a5c743c99325d974624be3735faa5078cf73d4fd205', 'eae72eb454bf6c3977ebd289e970b2f5282949190093d0d26f98d0f0d6a9cf17']",[],1.0,0ffee3ba8e615ad22535e7f771690a28,76cc3e2d3028143b23ec18e27dbd7ca9,http/1.1,,13814.916705,10.0.2.15,59687,216.137.61.151,443,tcp,46.60820899999999,332.0,5230.0,SF,True,False,0,ShADadTfF,11,782,13,5754,ssl,0
13834.442115,CQRCJRn2iDlO7vzmi,10.0.2.15,59693,52.31.224.220,443,TLSv12,TLS_ECDHE_RSA_WITH_AES_128_GCM_SHA256,secp256r1,track.addevent.com,False,True,CsxknGIi,"['ae47e7779b59fc7f3f6940b86ae5418a4e565997df3986b5fc66b2c0307d2619', 'e6683e88315cd1cb403c0cea490f7c4b4c82c91cd485037489aadbaa90839f61']",[],1.0,0ffee3ba8e615ad22535e7f771690a28,303951d4c50efb2e991652225a6f02b1,,,13833.328616,10.0.2.15,59693,52.31.224.220,443,tcp,32.74778199999855,352.0,3279.0,SF,True,False,0,ShADadTFfRr,14,923,15,3883,ssl,0
13819.385671,C7QIoq20JhlO6rt5za,10.0.2.15,59660,159.122.87.148,443,,,,dev.visualwebsiteoptimizer.com,False,False,C,,,,0ffee3ba8e615ad22535e7f771690a28,,,,13815.107317,10.0.2.15,59660,159.122.87.148,443,tcp,27.214835999999195,207.0,0.0,SF,True,False,0,ShAfDaTF,7,497,6,244,ssl,0
13857.015183,CewXdH1UC4nSpOpKU6,10.0.2.15,59694,216.137.61.43,443,TLSv12,TLS_ECDHE_RSA_WITH_AES_128_GCM_SHA256,secp256r1,dw26xg4lubooo.cloudfront.net,False,True,CsxuknGIti,"['90c0937808b31877df6c4a5c743c99325d974624be3735faa5078cf73d4fd205', 'eae72eb454bf6c3977ebd289e970b2f5282949190093d0d26f98d0f0d6a9cf17']",[],1.0,0ffee3ba8e615ad22535e7f771690a28,76cc3e2d3028143b23ec18e27dbd7ca9,http/1.1,,13855.990225,10.0.2.15,59694,216.137.61.43,443,tcp,8.75129300000117,331.0,5199.0,SF,True,False,0,ShADadFf,9,699,10,5603,ssl,0
13857.03165,CwQZvwWa38rKr8ej,10.0.2.15,59696,151.101.112.176,443,TLSv12,TLS_ECDHE_RSA_WITH_AES_128_GCM_SHA256,secp256r1,js.stripe.com,False,True,CsxuknGIti,"['eec0f9a12469a8512dde777258ca9bfc58adaf23dc79a4d5174a7bd9f718c8cd', '403e062a2653059113285baf80a0d4ae422c848c9f78fad01fc94bc5b87fef1a']",[],1.0,0ffee3ba8e615ad22535e7f771690a28,860fcf58fd757e26aa8911e5eaff6b53,h2,,13855.993865,10.0.2.15,59696,151.101.112.176,443,tcp,8.73895099999936,348.0,4705.0,SF,True,False,0,ShADadFRfr,10,756,12,5189,ssl,0
13857.038287,Csc1Vh2wu8zqb7H9W1,10.0.2.15,59695,104.19.196.102,443,TLSv12,TLS_ECDHE_ECDSA_WITH_AES_128_GCM_SHA256,secp256r1,cdnjs.cloudflare.com,False,True,CsxuknGIti,"['288a62410b9a17d44ccccf0ca447daaee0f3c7bcd3e0cb6d4f24ef85d2dbfdd0', 'cd6c108a0e641f2ca122aaa6d03f826759cae7c6f800eabf76dc48b67cd083ce', '9573862ac0b4b125168810ea3fd101ae2eb0bb15f61fc0e6da7a2a38b85a89e8']",[],1.0,0ffee3ba8e615ad22535e7f771690a28,7d3eb4120cd50e889bcd3f3783be0f82,h2,,13855.992301,10.0.2.15,59695,104.19.196.102,443,tcp,8.710714999999254,355.0,3839.0,RSTO,True,False,0,ShADadR,8,683,9,4203,ssl,0
13866.453694,CXjNu84hXtRLWN2TX8,10.0.2.15,59698,104.197.250.13,443,TLSv12,TLS_ECDHE_RSA_WITH_AES_128_GCM_SHA256,secp256r1,cf-browser-notifier.firebaseio.com,False,True,CsxknGIti,"['8cd9b1f91cfde1554854db94db8ac4172f5cd72b6fbf932abd6031ef85842b09', '9f630426df1d8abfd80ace98871ba833ab9742cb34838de2b5285ed54c0c7dcc']",[],1.0,0ffee3ba8e615ad22535e7f771690a28,389ed42c02ebecc32e73aa31def07e14,,,13865.55691,10.0.2.15,59698,104.197.250.13,443,tcp,12.520302000000813,934.0,3300.0,RSTR,True,False,0,ShADadfRr,11,1382,12,3784,ssl,0
13875.914387,CXGNH94b8sUV9CysZk,10.0.2.15,59705,173.192.76.130,443,TLSv12,TLS_ECDHE_RSA_WITH_AES_256_GCM_SHA384,secp256r1,www.woopra.com,False,True,CsxknGIti,"['b86485ba373e6a6e7bf1144fc4339eec7d4b40ed92146de57fc0a1d8bf5429dd', '7e0e16c0056f41a9f4c61f571503c3bcf079e2bddb228bf2219ac31200496b5c', '4f32d5dc00f715250abcc486511e37f501a899deb3bf7ea8adbbd3aef1c412da', '687fa451382278fff0c8b11f8d43d576671c6eb2bceab413fb83d965d06d2ff2']",[],1.0,0ffee3ba8e615ad22535e7f771690a28,758945630046fd37070521b8544d1fe8,,,13875.556741,10.0.2.15,59705,173.192.76.130,443,tcp,3.553275000000212,317.0,6912.0,SF,True,False,0,ShADadFfRr,11,765,14,7476,ssl,0
13876.567391,Cafs7z3YqUth6MZjTc,10.0.2.15,59701,173.192.76.130,443,TLSv12,TLS_ECDHE_RSA_WITH_AES_256_GCM_SHA384,secp256r1,www.woopra.com,False,True,CsxknGIti,"['b86485ba373e6a6e7bf1144fc4339eec7d4b40ed92146de57fc0a1d8bf5429dd', '7e0e16c0056f41a9f4c61f571503c3bcf079e2bddb228bf2219ac31200496b5c', '4f32d5dc00f715250abcc486511e37f501a899deb3bf7ea8adbbd3aef1c412da', '687fa451382278fff0c8b11f8d43d576671c6eb2bceab413fb83d965d06d2ff2']",[],1.0,0ffee3ba8e615ad22535e7f771690a28,758945630046fd37070521b8544d1fe8,,,13875.525833,10.0.2.15,59701,173.192.76.130,443,tcp,3.580878000000666,317.0,6881.0,RSTO,True,False,0,ShADadFR,9,685,11,7325,ssl,0
13876.570734,CzzNWqho7J2bWTNCh,10.0.2.15,59700,173.192.76.130,443,TLSv12,TLS_ECDHE_RSA_WITH_AES_256_GCM_SHA384,secp256r1,www.woopra.com,False,True,CsxknGIti,"['b86485ba373e6a6e7bf1144fc4339eec7d4b40ed92146de57fc0a1d8bf5429dd', '7e0e16c0056f41a9f4c61f571503c3bcf079e2bddb228bf2219ac31200496b5c', '4f32d5dc00f715250abcc486511e37f501a899deb3bf7ea8adbbd3aef1c412da', '687fa451382278fff0c8b11f8d43d576671c6eb2bceab413fb83d965d06d2ff2']",[],1.0,0ffee3ba8e615ad22535e7f771690a28,758945630046fd37070521b8544d1fe8,,,13875.524388,10.0.2.15,59700,173.192.76.130,443,tcp,16.619932999999946,348.0,6912.0,SF,True,False,0,ShADadTFfRr,13,877,17,7596,ssl,0
13878.082181,CDUS8h3LyiiNeqAll3,10.0.2.15,59706,173.192.76.130,443,TLSv12,TLS_ECDHE_RSA_WITH_AES_256_GCM_SHA384,secp256r1,www.woopra.com,False,True,CsxknGIti,"['b86485ba373e6a6e7bf1144fc4339eec7d4b40ed92146de57fc0a1d8bf5429dd', '7e0e16c0056f41a9f4c61f571503c3bcf079e2bddb228bf2219ac31200496b5c', '4f32d5dc00f715250abcc486511e37f501a899deb3bf7ea8adbbd3aef1c412da', '687fa451382278fff0c8b11f8d43d576671c6eb2bceab413fb83d965d06d2ff2']",[],1.0,0ffee3ba8e615ad22535e7f771690a28,758945630046fd37070521b8544d1fe8,,,13877.375115,10.0.2.15,59706,173.192.76.130,443,tcp,15.637430999999197,348.0,6881.0,RSTO,True,False,0,ShADadTFR,12,837,15,7485,ssl,0
13887.086641,CEVz4c1GBj5iQQwDgf,10.0.2.15,59718,95.101.246.111,443,TLSv12,TLS_ECDHE_RSA_WITH_AES_256_GCM_SHA384,secp256r1,assets.adobedtm.com,False,True,CsxknGIti,"['195638e0ba8dff74d467b663a7e4afb9c011e8887f275192576ea167c7887e41', '19400be5b7a31fb733917700789d2f0a2471c0c9d506c0e504c06c16d7cb17c0']",[],1.0,0ffee3ba8e615ad22535e7f771690a28,2b33c1374db4ddf06942f92373c0b54b,http/1.1,,13886.45874,10.0.2.15,59718,95.101.246.111,443,tcp,10.27636899999925,385.0,3821.0,SF,True,False,0,ShADadFfRr,11,833,13,4345,ssl,0
13887.09063,CVJoLT18cayG5iFDf9,10.0.2.15,59717,198.232.124.196,443,TLSv12,TLS_ECDHE_RSA_WITH_AES_128_GCM_SHA256,secp256r1,cdn.speedcurve.com,False,True,CsxknGIti,"['d517c3525de4d9a6d652f7d72c2b61b1db1078fe2fcfd53d5447d7874cb1dc72', '154c433c491929c5ef686e838e323664a00e6a0d822ccc958fb4dab03e49a08f']",[],1.0,0ffee3ba8e615ad22535e7f771690a28,b898351eb5e266aefd3723d466935494,h2,,13886.451688,10.0.2.15,59717,198.232.124.196,443,tcp,106.61628400000154,924.0,7765.0,SF,True,False,0,ShADadfF,18,1652,24,8729,ssl,0
13887.095148,CNxIT34iWEtOMT8xkd,10.0.2.15,59725,178.79.243.131,443,TLSv12,TLS_ECDHE_RSA_WITH_AES_256_GCM_SHA384,secp256r1,cdn.aarp.net,False,True,CsxknGIti,"['96feb710ef8ebccf61ca4b3f23f2cb6a45dc8cb26cf8e4f4dc6d5f10eb44e8ab', '403e062a2653059113285baf80a0d4ae422c848c9f78fad01fc94bc5b87fef1a', '7431e5f4c3c1ce4690774f0b61e05440883ba9a01ed00ba6abd7806ed3b118cf']",[],1.0,0ffee3ba8e615ad22535e7f771690a28,2b33c1374db4ddf06942f92373c0b54b,http/1.1,,13886.466771,10.0.2.15,59725,178.79.243.131,443,tcp,252.1698580000011,3039.0,107009.0,SF,True,False,0,ShADadTWTfF,62,5548,130,112213,ssl,0
13887.10101,C2bOt53DeZgjvP7Ygd,10.0.2.15,59724,178.79.243.131,443,TLSv12,TLS_ECDHE_RSA_WITH_AES_256_GCM_SHA384,secp256r1,cdn.aarp.net,False,True,CsxknGIti,"['96feb710ef8ebccf61ca4b3f23f2cb6a45dc8cb26cf8e4f4dc6d5f10eb44e8ab', '403e062a2653059113285baf80a0d4ae422c848c9f78fad01fc94bc5b87fef1a', '7431e5f4c3c1ce4690774f0b61e05440883ba9a01ed00ba6abd7806ed3b118cf']",[],1.0,0ffee3ba8e615ad22535e7f771690a28,2b33c1374db4ddf06942f92373c0b54b,http/1.1,,13886.464291,10.0.2.15,59724,178.79.243.131,443,tcp,77.21337499999936,1443.0,202489.0,RSTR,True,False,0,ShADadTRr,53,3577,188,210013,ssl,0
13887.104236,CHoE6B2XfBwn8WTPAe,10.0.2.15,59723,178.79.243.131,443,TLSv12,TLS_ECDHE_RSA_WITH_AES_256_GCM_SHA384,secp256r1,cdn.aarp.net,False,True,CsxknGIti,"['96feb710ef8ebccf61ca4b3f23f2cb6a45dc8cb26cf8e4f4dc6d5f10eb44e8ab', '403e062a2653059113285baf80a0d4ae422c848c9f78fad01fc94bc5b87fef1a', '7431e5f4c3c1ce4690774f0b61e05440883ba9a01ed00ba6abd7806ed3b118cf']",[],1.0,0ffee3ba8e615ad22535e7f771690a28,2b33c1374db4ddf06942f92373c0b54b,http/1.1,,13886.463608,10.0.2.15,59723,178.79.243.131,443,tcp,79.94666099999995,1099.0,149497.0,RSTR,True,False,0,ShADadTfRr,47,2994,141,155141,ssl,0
13887.107995,CdvxC62Dhd1T6iMWAj,10.0.2.15,59722,178.79.243.131,443,TLSv12,TLS_ECDHE_RSA_WITH_AES_256_GCM_SHA384,secp256r1,cdn.aarp.net,False,True,CsxknGIti,"['96feb710ef8ebccf61ca4b3f23f2cb6a45dc8cb26cf8e4f4dc6d5f10eb44e8ab', '403e062a2653059113285baf80a0d4ae422c848c9f78fad01fc94bc5b87fef1a', '7431e5f4c3c1ce4690774f0b61e05440883ba9a01ed00ba6abd7806ed3b118cf']",[],1.0,0ffee3ba8e615ad22535e7f771690a28,2b33c1374db4ddf06942f92373c0b54b,http/1.1,,13886.462683,10.0.2.15,59722,178.79.243.131,443,tcp,212.7540939999999,1919.0,6585.0,SF,True,False,0,ShADadTTfF,35,3345,38,8109,ssl,0
13887.11211,C1OO9G1Lebb9JY1t8l,10.0.2.15,59721,178.79.243.131,443,TLSv12,TLS_ECDHE_RSA_WITH_AES_256_GCM_SHA384,secp256r1,cdn.aarp.net,False,True,CsxknGIti,"['96feb710ef8ebccf61ca4b3f23f2cb6a45dc8cb26cf8e4f4dc6d5f10eb44e8ab', '403e062a2653059113285baf80a0d4ae422c848c9f78fad01fc94bc5b87fef1a', '7431e5f4c3c1ce4690774f0b61e05440883ba9a01ed00ba6abd7806ed3b118cf']",[],1.0,0ffee3ba8e615ad22535e7f771690a28,2b33c1374db4ddf06942f92373c0b54b,http/1.1,,13886.462236,10.0.2.15,59721,178.79.243.131,443,tcp,81.22458800000095,1117.0,84409.0,RSTR,True,False,0,ShADadTRr,38,2652,94,88173,ssl,0
13887.113572,CuJuS01ha9fFWfNXk,10.0.2.15,59720,95.101.246.111,443,TLSv12,TLS_ECDHE_RSA_WITH_AES_256_GCM_SHA384,secp256r1,assets.adobedtm.com,False,True,CsxknGIti,"['195638e0ba8dff74d467b663a7e4afb9c011e8887f275192576ea167c7887e41', '19400be5b7a31fb733917700789d2f0a2471c0c9d506c0e504c06c16d7cb17c0']",[],1.0,0ffee3ba8e615ad22535e7f771690a28,2b33c1374db4ddf06942f92373c0b54b,http/1.1,,13886.460793,10.0.2.15,59720,95.101.246.111,443,tcp,205.70420100000047,1659.0,71398.0,SF,True,False,0,ShADadTTFRfr,48,3606,92,75082,ssl,0
13887.118071,CgpSe83DYM0qWfeXwa,10.0.2.15,59719,178.79.243.131,443,TLSv12,TLS_ECDHE_RSA_WITH_AES_256_GCM_SHA384,secp256r1,cdn.aarp.net,False,True,CsxknGIti,"['96feb710ef8ebccf61ca4b3f23f2cb6a45dc8cb26cf8e4f4dc6d5f10eb44e8ab', '403e062a2653059113285baf80a0d4ae422c848c9f78fad01fc94bc5b87fef1a', '7431e5f4c3c1ce4690774f0b61e05440883ba9a01ed00ba6abd7806ed3b118cf']",[],1.0,0ffee3ba8e615ad22535e7f771690a28,2b33c1374db4ddf06942f92373c0b54b,http/1.1,,13886.459772,10.0.2.15,59719,178.79.243.131,443,tcp,241.77097999999933,3880.0,229661.0,SF,True,False,0,ShADadTTfF,86,7347,230,238865,ssl,0
13892.897387,C2a4QobgEzGruJ87,10.0.2.15,59727,198.232.124.196,443,TLSv12,TLS_ECDHE_RSA_WITH_AES_128_GCM_SHA256,secp256r1,cdn.speedcurve.com,False,True,CsxknGIti,"['d517c3525de4d9a6d652f7d72c2b61b1db1078fe2fcfd53d5447d7874cb1dc72', '154c433c491929c5ef686e838e323664a00e6a0d822ccc958fb4dab03e49a08f']",[],1.0,0ffee3ba8e615ad22535e7f771690a28,b898351eb5e266aefd3723d466935494,h2,,13891.572632,10.0.2.15,59727,198.232.124.196,443,tcp,9.744278000000122,561.0,3293.0,SF,True,False,0,ShADadFf,13,1089,14,3857,ssl,0
13892.904852,C4G4x82yN5511pQFkj,10.0.2.15,59726,95.101.246.111,443,TLSv12,TLS_ECDHE_RSA_WITH_AES_256_GCM_SHA384,secp256r1,assets.adobedtm.com,False,True,CsxknGIti,"['195638e0ba8dff74d467b663a7e4afb9c011e8887f275192576ea167c7887e41', '19400be5b7a31fb733917700789d2f0a2471c0c9d506c0e504c06c16d7cb17c0']",[],1.0,0ffee3ba8e615ad22535e7f771690a28,2b33c1374db4ddf06942f92373c0b54b,http/1.1,,13891.572047,10.0.2.15,59726,95.101.246.111,443,tcp,21.644508000001224,385.0,3821.0,RSTR,True,False,0,ShADadTfRr,12,874,12,4305,ssl,0
13895.36432,CiCmBB1CBeHZVdjKu3,10.0.2.15,59728,54.83.184.48,443,TLSv12,TLS_ECDHE_RSA_WITH_AES_128_GCM_SHA256,secp256r1,secure.aarp.org,False,True,CsxknGIi,"['d15bc354f0837902c60bcd2e455705c000eba0bcecdf8c5837a16f23cbb3382b', '403e062a2653059113285baf80a0d4ae422c848c9f78fad01fc94bc5b87fef1a']",[],1.0,0ffee3ba8e615ad22535e7f771690a28,303951d4c50efb2e991652225a6f02b1,,,13894.217566,10.0.2.15,59728,54.83.184.48,443,tcp,87.07558700000118,666.0,8761.0,SF,True,False,0,ShADadTFf,21,1522,25,9765,ssl,0
13896.191901,Cqg4hX3cVlebRoRr1l,10.0.2.15,59735,151.101.114.2,443,TLSv12,TLS_ECDHE_RSA_WITH_AES_128_GCM_SHA256,secp256r1,app.launchdarkly.com,False,True,CsxuknGIti,"['1b90ad8858722a0f2048bb4da66bfe69ccb05827d075f8dbd6dea0562198334b', '4b7334e1d8999822bafa8ff6888125389b18a4e5ab26ffa624c7f68fdc81f0cb']",[],1.0,0ffee3ba8e615ad22535e7f771690a28,860fcf58fd757e26aa8911e5eaff6b53,h2,,13895.3832,10.0.2.15,59735,151.101.114.2,443,tcp,211.3057339999996,992.0,9016.0,SF,True,False,0,ShADadFfRr,22,1880,28,10140,ssl,0
13896.195035,CndRYW2mmUr25lF7ae,10.0.2.15,59734,151.101.114.2,443,TLSv12,TLS_ECDHE_RSA_WITH_AES_128_GCM_SHA256,secp256r1,app.launchdarkly.com,False,True,CsxuknGIti,"['1b90ad8858722a0f2048bb4da66bfe69ccb05827d075f8dbd6dea0562198334b', '4b7334e1d8999822bafa8ff6888125389b18a4e5ab26ffa624c7f68fdc81f0cb']",[],1.0,0ffee3ba8e615ad22535e7f771690a28,860fcf58fd757e26aa8911e5eaff6b53,h2,,13895.381654,10.0.2.15,59734,151.101.114.2,443,tcp,7.650783999999476,563.0,5988.0,SF,True,False,0,ShADadFfRr,15,1171,18,6712,ssl,0
13896.197826,CFh1Wk1PWbopPmYc2g,10.0.2.15,59733,216.137.61.81,443,TLSv12,TLS_ECDHE_RSA_WITH_AES_128_GCM_SHA256,secp256r1,d2wy8f7a9ursnm.cloudfront.net,False,True,CsxuknGIti,"['90c0937808b31877df6c4a5c743c99325d974624be3735faa5078cf73d4fd205', 'eae72eb454bf6c3977ebd289e970b2f5282949190093d0d26f98d0f0d6a9cf17']",[],1.0,0ffee3ba8e615ad22535e7f771690a28,76cc3e2d3028143b23ec18e27dbd7ca9,http/1.1,,13895.381014,10.0.2.15,59733,216.137.61.81,443,tcp,126.8011800000004,670.0,8737.0,SF,True,False,0,ShADadTTfF,22,1569,26,9781,ssl,0
13896.207162,CVLBwk4B0gXCslowTg,10.0.2.15,59732,54.192.93.36,443,TLSv12,TLS_ECDHE_RSA_WITH_AES_128_GCM_SHA256,secp256r1,d1ks1friyst4m3.cloudfront.net,False,True,CsxuknGIti,"['90c0937808b31877df6c4a5c743c99325d974624be3735faa5078cf73d4fd205', 'eae72eb454bf6c3977ebd289e970b2f5282949190093d0d26f98d0f0d6a9cf17']",[],1.0,0ffee3ba8e615ad22535e7f771690a28,76cc3e2d3028143b23ec18e27dbd7ca9,h2,,13895.379871,10.0.2.15,59732,54.192.93.36,443,tcp,211.110200000001,961.0,21815.0,SF,True,False,0,ShADadFf,27,2049,39,23379,ssl,0
13896.208878,C4TV1417LwhLS0qvBh,10.0.2.15,59731,104.19.196.102,443,TLSv12,TLS_ECDHE_ECDSA_WITH_AES_128_GCM_SHA256,secp256r1,cdnjs.cloudflare.com,False,True,CsxuknGIti,"['288a62410b9a17d44ccccf0ca447daaee0f3c7bcd3e0cb6d4f24ef85d2dbfdd0', 'cd6c108a0e641f2ca122aaa6d03f826759cae7c6f800eabf76dc48b67cd083ce', '9573862ac0b4b125168810ea3fd101ae2eb0bb15f61fc0e6da7a2a38b85a89e8']",[],1.0,0ffee3ba8e615ad22535e7f771690a28,7d3eb4120cd50e889bcd3f3783be0f82,h2,,13895.377307,10.0.2.15,59731,104.19.196.102,443,tcp,210.77240600000005,1228.0,68004.0,SF,True,False,0,ShADadFf,40,2836,80,71208,ssl,0
13896.209709,CNmQD02rfYoc7qWBq3,10.0.2.15,59730,94.31.29.55,443,TLSv12,TLS_ECDHE_RSA_WITH_AES_128_GCM_SHA256,secp256r1,maxcdn.bootstrapcdn.com,False,True,CsxknGIti,"['dc5627a252c252d6d6f680d52001ccf439f2ff2633c9f766d6d5ab6e85ee6433', 'e6683e88315cd1cb403c0cea490f7c4b4c82c91cd485037489aadbaa90839f61']",[],1.0,1a5fe5677b0e4fbbc854e8908225637d,8d2a028aa94425f76ced7826b1f39039,h2,,13895.376461,10.0.2.15,59730,94.31.29.55,443,tcp,210.56476900000047,1059.0,3470.0,SF,True,False,0,ShADadFf,20,1867,20,4274,ssl,0
13896.213118,CL8UgP2xBRIeZaFVae,10.0.2.15,59729,216.137.61.81,443,TLSv12,TLS_ECDHE_RSA_WITH_AES_128_GCM_SHA256,secp256r1,d2wy8f7a9ursnm.cloudfront.net,False,True,CsxuknGIti,"['90c0937808b31877df6c4a5c743c99325d974624be3735faa5078cf73d4fd205', 'eae72eb454bf6c3977ebd289e970b2f5282949190093d0d26f98d0f0d6a9cf17']",[],1.0,0ffee3ba8e615ad22535e7f771690a28,76cc3e2d3028143b23ec18e27dbd7ca9,http/1.1,,13895.37446,10.0.2.15,59729,216.137.61.81,443,tcp,10.304286999999022,363.0,5199.0,SF,True,False,0,ShADadFf,10,771,12,5683,ssl,0
13921.720254,CiAw6m2Ogkdg1EeHYk,10.0.2.15,59744,151.101.114.2,443,TLSv12,TLS_ECDHE_RSA_WITH_AES_128_GCM_SHA256,secp256r1,app.launchdarkly.com,False,True,CsxuknGIti,"['1b90ad8858722a0f2048bb4da66bfe69ccb05827d075f8dbd6dea0562198334b', '4b7334e1d8999822bafa8ff6888125389b18a4e5ab26ffa624c7f68fdc81f0cb']",[],1.0,0ffee3ba8e615ad22535e7f771690a28,860fcf58fd757e26aa8911e5eaff6b53,h2,,13921.047581,10.0.2.15,59744,151.101.114.2,443,tcp,198.22857999999903,693.0,6080.0,SF,True,False,0,ShADadFfRr,20,1501,23,7004,ssl,0
13921.716725,Cj8VNK1jkpnPpAqGe3,10.0.2.15,59745,104.16.13.194,443,TLSv12,TLS_ECDHE_ECDSA_WITH_AES_128_GCM_SHA256,secp256r1,appassets.clickfunnels.com,False,True,CsxuknGIti,"['b2d9532a33ea15ade7e5c9cf878ba53b7305ab544af68275efaad5adbc55f53a', 'cd6c108a0e641f2ca122aaa6d03f826759cae7c6f800eabf76dc48b67cd083ce', '9573862ac0b4b125168810ea3fd101ae2eb0bb15f61fc0e6da7a2a38b85a89e8']",[],1.0,0ffee3ba8e615ad22535e7f771690a28,7d3eb4120cd50e889bcd3f3783be0f82,h2,,13921.048038,10.0.2.15,59745,104.16.13.194,443,tcp,198.425937,699.0,3972.0,SF,True,False,0,ShADadFf,18,1427,19,4736,ssl,0
13931.036233,CXd3Ll2khpXazwR85j,10.0.2.15,59752,54.236.143.126,443,TLSv12,TLS_ECDHE_RSA_WITH_AES_128_GCM_SHA256,secp256r1,app.trackduck.com,False,True,CsxknGIti,"['00f5a2bd9d18263d08e34aa52799b5b5c632e9ade462bfc4df785edf354340ba', '02ab57e4e67a0cb48dd2ff34830e8ac40f4476fb08ca6be3f5cd846f646840f0', '4f32d5dc00f715250abcc486511e37f501a899deb3bf7ea8adbbd3aef1c412da', '687fa451382278fff0c8b11f8d43d576671c6eb2bceab413fb83d965d06d2ff2']",[],1.0,0ffee3ba8e615ad22535e7f771690a28,8d2a028aa94425f76ced7826b1f39039,h2,,13930.65226,10.0.2.15,59752,54.236.143.126,443,tcp,203.72598199999996,1000.0,8637.0,SF,True,False,0,ShADadFf,21,1848,26,9681,ssl,0
13931.037286,C4vOHt2AuyTcdUMH0l,10.0.2.15,59751,54.236.143.126,443,TLSv12,TLS_ECDHE_RSA_WITH_AES_128_GCM_SHA256,secp256r1,app.trackduck.com,False,True,CsxknGIti,"['00f5a2bd9d18263d08e34aa52799b5b5c632e9ade462bfc4df785edf354340ba', '02ab57e4e67a0cb48dd2ff34830e8ac40f4476fb08ca6be3f5cd846f646840f0', '4f32d5dc00f715250abcc486511e37f501a899deb3bf7ea8adbbd3aef1c412da', '687fa451382278fff0c8b11f8d43d576671c6eb2bceab413fb83d965d06d2ff2']",[],1.0,0ffee3ba8e615ad22535e7f771690a28,8d2a028aa94425f76ced7826b1f39039,h2,,13930.649396,10.0.2.15,59751,54.236.143.126,443,tcp,10.844900000000052,560.0,6213.0,SF,True,False,0,ShADadFf,13,1088,15,6817,ssl,0
13931.548328,CciG7911Rz9U6T2Koc,10.0.2.15,59761,66.117.29.4,443,TLSv12,TLS_ECDHE_RSA_WITH_AES_128_GCM_SHA256,secp256r1,aarp.tt.omtrdc.net,False,True,CsxknGIi,"['103723154140b34b0b1260e3e747cfd392b7d030a78cd15f43cb9807d28f42f5', '19400be5b7a31fb733917700789d2f0a2471c0c9d506c0e504c06c16d7cb17c0']",[],1.0,0ffee3ba8e615ad22535e7f771690a28,ae7f2b2d1bd496bc9ce111c0a9fa3597,h2,,13931.07468,10.0.2.15,59761,66.117.29.4,443,tcp,22.47017100000085,1541.0,4555.0,SF,True,False,0,ShADadFfRr,17,2229,20,5359,ssl,0
13931.55882,Cb9vTl2oTsKAniEZlh,10.0.2.15,59760,66.117.29.4,443,TLSv12,TLS_ECDHE_RSA_WITH_AES_128_GCM_SHA256,secp256r1,aarp.tt.omtrdc.net,False,True,CsxknGIi,"['103723154140b34b0b1260e3e747cfd392b7d030a78cd15f43cb9807d28f42f5', '19400be5b7a31fb733917700789d2f0a2471c0c9d506c0e504c06c16d7cb17c0']",[],1.0,0ffee3ba8e615ad22535e7f771690a28,ae7f2b2d1bd496bc9ce111c0a9fa3597,h2,,13931.06466,10.0.2.15,59760,66.117.29.4,443,tcp,13.142010999999911,1458.0,3287.0,SF,True,False,0,ShADadfF,13,1986,14,3851,ssl,0
13931.565242,C8SCw948Nu9HS2wcR6,10.0.2.15,59756,66.117.29.4,443,TLSv12,TLS_ECDHE_RSA_WITH_AES_128_GCM_SHA256,secp256r1,aarp.tt.omtrdc.net,False,True,CsxknGIi,"['103723154140b34b0b1260e3e747cfd392b7d030a78cd15f43cb9807d28f42f5', '19400be5b7a31fb733917700789d2f0a2471c0c9d506c0e504c06c16d7cb17c0']",[],1.0,0ffee3ba8e615ad22535e7f771690a28,ae7f2b2d1bd496bc9ce111c0a9fa3597,h2,,13931.055086,10.0.2.15,59756,66.117.29.4,443,tcp,13.163346999999703,530.0,3287.0,SF,True,False,0,ShADadfF,11,978,12,3771,ssl,0
13983.557471,CGT9fKgDMtO1GKVq4,10.0.2.15,59773,172.217.23.226,443,TLSv12,TLS_ECDHE_RSA_WITH_AES_128_GCM_SHA256,x25519,securepubads.g.doubleclick.net,False,True,CsxknGIti,"['a32ffddd76f9e7debbfc9a37b38d2ef86039b30a10d7c45ab8223d149cf99699', '9f630426df1d8abfd80ace98871ba833ab9742cb34838de2b5285ed54c0c7dcc', '3c35cc963eb004451323d3275d05b353235053490d9cd83729a2faf5e7ca1cc0']",[],1.0,0ffee3ba8e615ad22535e7f771690a28,ab41313cfec25328b20865eb1388e0a2,h2,,13982.055974,10.0.2.15,59773,172.217.23.226,443,tcp,47.01146199999857,11927.0,26433.0,SF,True,False,0,ShADadTFf,43,13656,61,28877,ssl,0
13983.556039,CmCaZR1r3Ppwlu1nt1,10.0.2.15,59774,178.79.243.131,443,TLSv12,TLS_ECDHE_RSA_WITH_AES_256_GCM_SHA384,secp256r1,cdn.aarp.net,False,True,CsxknGIti,"['96feb710ef8ebccf61ca4b3f23f2cb6a45dc8cb26cf8e4f4dc6d5f10eb44e8ab', '403e062a2653059113285baf80a0d4ae422c848c9f78fad01fc94bc5b87fef1a', '7431e5f4c3c1ce4690774f0b61e05440883ba9a01ed00ba6abd7806ed3b118cf']",[],1.0,0ffee3ba8e615ad22535e7f771690a28,2b33c1374db4ddf06942f92373c0b54b,http/1.1,,13982.058597,10.0.2.15,59774,178.79.243.131,443,tcp,8.4987140000012,315.0,5212.0,SF,True,False,0,ShADadFf,10,723,12,5696,ssl,0
13991.027803,CCNyMw4HYmz0Xmljub,10.0.2.15,59778,31.13.69.203,443,TLSv12,TLS_ECDHE_ECDSA_WITH_AES_128_GCM_SHA256,,connect.facebook.net,True,True,CsiI,,,,1a5fe5677b0e4fbbc854e8908225637d,96681175a9547081bf3d417f1a572091,h2,,13990.097239,10.0.2.15,59778,31.13.69.203,443,tcp,179.01571299999887,1433.0,11455.0,SF,True,False,0,ShADadfF,24,2401,31,12699,ssl,0
13991.036271,C3uMjI2BHrAj45hgzb,10.0.2.15,59786,95.101.245.191,443,TLSv12,TLS_ECDHE_RSA_WITH_AES_256_GCM_SHA384,secp256r1,snap.licdn.com,False,True,CsxknGIti,"['8d45c7900387966bb4edbae21f740eeb29f10596dc130cd10afde8b075e4d991', '154c433c491929c5ef686e838e323664a00e6a0d822ccc958fb4dab03e49a08f', '4348a0e9444c78cb265e058d5e8944b4d84f9662bd26db257f8934a443c70161']",[],1.0,0ffee3ba8e615ad22535e7f771690a28,2b33c1374db4ddf06942f92373c0b54b,http/1.1,,13990.107037,10.0.2.15,59786,95.101.245.191,443,tcp,32.077486000000135,633.0,4166.0,SF,True,False,0,ShADadTfF,12,1123,13,4690,ssl,0
13992.656718,CMTOR31NGy6qY9zHL3,10.0.2.15,59788,172.217.23.228,443,TLSv12,TLS_ECDHE_RSA_WITH_AES_128_GCM_SHA256,,www.google.com,True,True,CsiI,,,,1a5fe5677b0e4fbbc854e8908225637d,67619a80665d7ab92d1041b1d11f9164,h2,,13991.533935,10.0.2.15,59788,172.217.23.228,443,tcp,280.23065700000006,8376.0,8872.0,SF,True,False,0,ShADadFf,51,10424,57,11156,ssl,0
14000.086847,CO8dVj3LbKOTZIG8Hf,10.0.2.15,59790,178.79.243.131,443,TLSv12,TLS_ECDHE_RSA_WITH_AES_256_GCM_SHA384,secp256r1,cdn.aarp.net,False,True,CsxknGIti,"['96feb710ef8ebccf61ca4b3f23f2cb6a45dc8cb26cf8e4f4dc6d5f10eb44e8ab', '403e062a2653059113285baf80a0d4ae422c848c9f78fad01fc94bc5b87fef1a', '7431e5f4c3c1ce4690774f0b61e05440883ba9a01ed00ba6abd7806ed3b118cf']",[],1.0,1a5fe5677b0e4fbbc854e8908225637d,2b33c1374db4ddf06942f92373c0b54b,http/1.1,,13995.965579,10.0.2.15,59790,178.79.243.131,443,tcp,43.42717500000072,674.0,5212.0,SF,True,False,0,ShADadFf,10,1082,11,5656,ssl,0
14002.956535,CREzX74ejTivO1SmJe,10.0.2.15,59792,178.79.243.131,443,TLSv12,TLS_ECDHE_RSA_WITH_AES_256_GCM_SHA384,secp256r1,cdn.aarp.net,False,True,CsxknGIti,"['96feb710ef8ebccf61ca4b3f23f2cb6a45dc8cb26cf8e4f4dc6d5f10eb44e8ab', '403e062a2653059113285baf80a0d4ae422c848c9f78fad01fc94bc5b87fef1a', '7431e5f4c3c1ce4690774f0b61e05440883ba9a01ed00ba6abd7806ed3b118cf']",[],1.0,1a5fe5677b0e4fbbc854e8908225637d,2b33c1374db4ddf06942f92373c0b54b,http/1.1,,14001.54692,10.0.2.15,59792,178.79.243.131,443,tcp,37.887548999999126,674.0,5212.0,SF,True,False,0,ShADadFf,10,1082,11,5656,ssl,0
14016.370013,ClzXio2063xztPjoG1,10.0.2.15,59793,178.79.243.131,443,TLSv12,TLS_ECDHE_RSA_WITH_AES_256_GCM_SHA384,secp256r1,cdn.aarp.net,False,True,CsxknGIti,"['96feb710ef8ebccf61ca4b3f23f2cb6a45dc8cb26cf8e4f4dc6d5f10eb44e8ab', '403e062a2653059113285baf80a0d4ae422c848c9f78fad01fc94bc5b87fef1a', '7431e5f4c3c1ce4690774f0b61e05440883ba9a01ed00ba6abd7806ed3b118cf']",[],1.0,1a5fe5677b0e4fbbc854e8908225637d,2b33c1374db4ddf06942f92373c0b54b,http/1.1,,14013.500868,10.0.2.15,59793,178.79.243.131,443,tcp,25.911560000000463,674.0,5212.0,SF,True,False,0,ShADadFf,10,1082,12,5696,ssl,0
14043.71334,CFLzpl4XGtejP3CJm9,10.0.2.15,54696,95.101.245.191,443,TLSv12,TLS_ECDHE_RSA_WITH_AES_256_GCM_SHA384,,snap.licdn.com,True,True,CsiI,,,,1a5fe5677b0e4fbbc854e8908225637d,410b9bedaf65dd26c6fe547154d60db4,http/1.1,,14041.448649,10.0.2.15,54696,95.101.245.191,443,tcp,133.1954850000002,915.0,8178.0,SF,True,False,0,ShADadTTFf,24,1895,27,9262,ssl,0
14043.718961,CEcptg3paj103kvbta,10.0.2.15,54695,172.217.23.230,443,TLSv12,TLS_ECDHE_RSA_WITH_AES_128_GCM_SHA256,x25519,3974622.fls.doubleclick.net,False,True,CsxknGIti,"['378a6c73f6dec1c6bc563fa8eda92c3e9ce61b893db7685686c41f33ab89931c', '9f630426df1d8abfd80ace98871ba833ab9742cb34838de2b5285ed54c0c7dcc', '3c35cc963eb004451323d3275d05b353235053490d9cd83729a2faf5e7ca1cc0']",[],1.0,0ffee3ba8e615ad22535e7f771690a28,ab41313cfec25328b20865eb1388e0a2,h2,,14041.448042,10.0.2.15,54695,172.217.23.230,443,tcp,230.5601040000001,1714.0,9795.0,SF,True,False,0,ShADadTFf,27,2803,32,11079,ssl,0
14043.754176,Cb192w12DiAbFMnMp2,10.0.2.15,54693,172.217.23.230,443,TLSv12,TLS_ECDHE_RSA_WITH_AES_128_GCM_SHA256,x25519,4652332.fls.doubleclick.net,False,True,CsxknGIti,"['378a6c73f6dec1c6bc563fa8eda92c3e9ce61b893db7685686c41f33ab89931c', '9f630426df1d8abfd80ace98871ba833ab9742cb34838de2b5285ed54c0c7dcc', '3c35cc963eb004451323d3275d05b353235053490d9cd83729a2faf5e7ca1cc0']",[],1.0,0ffee3ba8e615ad22535e7f771690a28,ab41313cfec25328b20865eb1388e0a2,h2,,14041.446135,10.0.2.15,54693,172.217.23.230,443,tcp,90.57294600000024,554.0,4166.0,SF,True,False,0,ShADadTFf,16,1204,16,4810,ssl,0
14043.756344,CdSzzY3b1muBfsYORh,10.0.2.15,54692,178.79.243.131,443,TLSv12,TLS_ECDHE_RSA_WITH_AES_256_GCM_SHA384,secp256r1,cdn.aarp.net,False,True,CsxknGIti,"['96feb710ef8ebccf61ca4b3f23f2cb6a45dc8cb26cf8e4f4dc6d5f10eb44e8ab', '403e062a2653059113285baf80a0d4ae422c848c9f78fad01fc94bc5b87fef1a', '7431e5f4c3c1ce4690774f0b61e05440883ba9a01ed00ba6abd7806ed3b118cf']",[],1.0,0ffee3ba8e615ad22535e7f771690a28,2b33c1374db4ddf06942f92373c0b54b,http/1.1,,14041.445423,10.0.2.15,54692,178.79.243.131,443,tcp,99.84180600000036,815.0,36916.0,SF,True,False,0,ShADadTfF,28,1952,50,38920,ssl,0
14050.191864,CjqAoM1vMZ5nKX7PV,10.0.2.15,54713,52.85.185.217,443,TLSv12,TLS_ECDHE_RSA_WITH_AES_128_GCM_SHA256,secp256r1,edge.api.brightcove.com,False,True,CsxuknGIti,"['5a485673f682d9438438285ed19b200096def1fede6ef96602106df26e033424', 'f55f9ffcb83c73453261601c7e044db15a0f034b93c05830f28635ef889cf670', '87dcd4dc74640a322cd205552506d1be64f12596258096544986b4850bc72706', '28689b30e4c306aab53b027b29e36ad6dd1dcf4b953994482ca84bdc1ecac996']",[],1.0,0ffee3ba8e615ad22535e7f771690a28,76cc3e2d3028143b23ec18e27dbd7ca9,http/1.1,,14049.340112,10.0.2.15,54713,52.85.185.217,443,tcp,149.70101100000102,897.0,12563.0,SF,True,False,0,ShADadTTfF,25,1918,31,13807,ssl,0
14050.194471,CuzgrN76P2dUGwd2c,10.0.2.15,54709,52.85.185.217,443,TLSv12,TLS_ECDHE_RSA_WITH_AES_128_GCM_SHA256,secp256r1,edge.api.brightcove.com,False,True,CsxuknGIti,"['5a485673f682d9438438285ed19b200096def1fede6ef96602106df26e033424', 'f55f9ffcb83c73453261601c7e044db15a0f034b93c05830f28635ef889cf670', '87dcd4dc74640a322cd205552506d1be64f12596258096544986b4850bc72706', '28689b30e4c306aab53b027b29e36ad6dd1dcf4b953994482ca84bdc1ecac996']",[],1.0,0ffee3ba8e615ad22535e7f771690a28,76cc3e2d3028143b23ec18e27dbd7ca9,http/1.1,,14049.337648,10.0.2.15,54709,52.85.185.217,443,tcp,149.7019139999993,897.0,11958.0,SF,True,False,0,ShADadTTfF,24,1878,30,13162,ssl,0
14050.195997,C9oHvR1hJuco1pzVBd,10.0.2.15,54706,52.85.185.217,443,TLSv12,TLS_ECDHE_RSA_WITH_AES_128_GCM_SHA256,secp256r1,edge.api.brightcove.com,False,True,CsxuknGIti,"['5a485673f682d9438438285ed19b200096def1fede6ef96602106df26e033424', 'f55f9ffcb83c73453261601c7e044db15a0f034b93c05830f28635ef889cf670', '87dcd4dc74640a322cd205552506d1be64f12596258096544986b4850bc72706', '28689b30e4c306aab53b027b29e36ad6dd1dcf4b953994482ca84bdc1ecac996']",[],1.0,0ffee3ba8e615ad22535e7f771690a28,76cc3e2d3028143b23ec18e27dbd7ca9,http/1.1,,14049.335414,10.0.2.15,54706,52.85.185.217,443,tcp,151.53341200000068,897.0,12522.0,SF,True,False,0,ShADadTTfF,24,1878,31,13766,ssl,0
14055.466762,CBpTk94Le1IeLPkcKc,10.0.2.15,54719,54.210.16.248,443,TLSv12,TLS_ECDHE_RSA_WITH_AES_128_GCM_SHA256,secp256r1,idsync.rlcdn.com,False,True,CsxknGIi,"['7c75ac9ac997d5af7e63eee4070015e373d07d15fa206505a14434fb86a90686', '973a41276ffd01e027a2aad49e34c37846d3e976ff6a620b6712e33832041aa6', '3a2fbe92891e57fe05d57087f48e730f17e5a5f53ef403d618e5b74d7a7e6ecb', 'c3846bf24b9e93ca64274c0ec67c1ecc5e024ffcacd2d74019350e81fe546ae4']",[],1.0,0ffee3ba8e615ad22535e7f771690a28,303951d4c50efb2e991652225a6f02b1,,,14053.821308,10.0.2.15,54719,54.210.16.248,443,tcp,97.45614599999864,1443.0,6489.0,SF,True,False,0,ShADadTFf,19,2219,22,7373,ssl,0
14074.065378,CEdCh93yBSSneaaio4,10.0.2.15,54724,172.217.23.238,443,TLSv12,TLS_ECDHE_ECDSA_WITH_AES_128_GCM_SHA256,,cse.google.com,True,True,CsiI,,,,1a5fe5677b0e4fbbc854e8908225637d,c23237dbea656869600e48dfbd00ab7b,h2,,14072.461756,10.0.2.15,54724,172.217.23.238,443,tcp,199.2668169999997,1394.0,1889.0,SF,True,False,0,ShADadFf,22,2282,22,2773,ssl,0
14074.718658,C5p7d54FDYMdT5YUBl,10.0.2.15,54726,74.125.206.157,443,TLSv12,TLS_ECDHE_RSA_WITH_AES_128_GCM_SHA256,,stats.g.doubleclick.net,True,True,CsiI,,,,1a5fe5677b0e4fbbc854e8908225637d,67619a80665d7ab92d1041b1d11f9164,h2,,14072.464053,10.0.2.15,54726,74.125.206.157,443,tcp,199.6719350000003,1929.0,1635.0,SF,True,False,0,ShADadFf,25,2937,28,2759,ssl,0
14074.723786,Cr1JEz2ftXW9xfEpd3,10.0.2.15,54725,157.240.2.35,443,TLSv12,TLS_ECDHE_ECDSA_WITH_AES_128_GCM_SHA256,secp256r1,www.facebook.com,False,True,CsxknGIti,"['152151b387412a95ab90fd4664f2d98880408e9e43913124e4c91226a483386b', '19400be5b7a31fb733917700789d2f0a2471c0c9d506c0e504c06c16d7cb17c0']",[],1.0,0ffee3ba8e615ad22535e7f771690a28,2d1eb5817ece335c24904f516ad5da12,h2,,14072.463349,10.0.2.15,54725,157.240.2.35,443,tcp,90.39241500000026,1273.0,4344.0,SF,True,False,0,ShADadTfF,18,2003,20,5148,ssl,0
14100.850324,C1jNzjgE36kiD7hna,10.0.2.15,54734,151.101.1.121,443,TLSv12,TLS_ECDHE_RSA_WITH_AES_128_GCM_SHA256,secp256r1,lifewire.com,False,True,CsxuknGIti,"['5a5c1cc8dc11426b5d476c42e1625d7829f9a51aa666a4600233b673d47c2609', '4b7334e1d8999822bafa8ff6888125389b18a4e5ab26ffa624c7f68fdc81f0cb']",[],1.0,0ffee3ba8e615ad22535e7f771690a28,860fcf58fd757e26aa8911e5eaff6b53,http/1.1,,14100.47491,10.0.2.15,54734,151.101.1.121,443,tcp,128.89719499999956,688.0,5785.0,SF,True,False,0,ShADadTTFfRr,25,1708,27,6869,ssl,0
14104.621525,CNoo1gnU9nUFlvBRk,10.0.2.15,54739,172.217.23.194,443,TLSv12,TLS_ECDHE_RSA_WITH_AES_128_GCM_SHA256,x25519,www.googleadservices.com,False,True,CsxknGIti,"['33c13616ade5804cb64668e7fede6e1ef8141ce96a24e69910dfdd83efac1907', '9f630426df1d8abfd80ace98871ba833ab9742cb34838de2b5285ed54c0c7dcc', '3c35cc963eb004451323d3275d05b353235053490d9cd83729a2faf5e7ca1cc0']",[],1.0,0ffee3ba8e615ad22535e7f771690a28,ab41313cfec25328b20865eb1388e0a2,h2,,14104.11544,10.0.2.15,54739,172.217.23.194,443,tcp,167.61601300000075,1427.0,4997.0,SF,True,False,0,ShADadFf,19,2195,22,5881,ssl,0
14104.289815,Cyo47X1FRt6RhQ7THj,10.0.2.15,54740,13.107.21.200,443,TLSv12,TLS_ECDHE_RSA_WITH_AES_256_CBC_SHA,secp384r1,bat.bing.com,False,True,CsxuknGIi,"['80c4440580dbd55b228f41e6c88a51ecdbb998b5d32d12acd31ce25518d37128', '2399983e99703ebd01cea466c10799810c4ba62a8d61b88170a334dcd61bb20f']",[],1.0,0ffee3ba8e615ad22535e7f771690a28,4fd467dd264720762ffe286277c00f57,,,14104.118118,10.0.2.15,54740,13.107.21.200,443,tcp,64.54045399999995,1293.0,7285.0,SF,True,False,0,ShADadTfF,19,2067,22,8169,ssl,0
14105.948373,CrLNRq2jV26YyICwwg,10.0.2.15,54749,104.16.67.54,443,TLSv12,TLS_ECDHE_RSA_WITH_AES_128_GCM_SHA256,secp256r1,dotsub.com,False,True,CsxknGIti,"['1ea6e845050b0bd1b61c41ba92965fdbfc0f22eef9f6de87828ee9f76d20fb8d', '973a41276ffd01e027a2aad49e34c37846d3e976ff6a620b6712e33832041aa6', '3a2fbe92891e57fe05d57087f48e730f17e5a5f53ef403d618e5b74d7a7e6ecb']",[],1.0,0ffee3ba8e615ad22535e7f771690a28,b898351eb5e266aefd3723d466935494,http/1.1,,14105.691873,10.0.2.15,54749,104.16.67.54,443,tcp,131.81241799999952,709.0,6866.0,SF,True,False,0,ShADadTTFf,24,1689,26,7910,ssl,0
14105.952982,CSJQlkhNR4S1dW4O7,10.0.2.15,54748,104.16.67.54,443,TLSv12,TLS_ECDHE_RSA_WITH_AES_128_GCM_SHA256,secp256r1,dotsub.com,False,True,CsxknGIti,"['1ea6e845050b0bd1b61c41ba92965fdbfc0f22eef9f6de87828ee9f76d20fb8d', '973a41276ffd01e027a2aad49e34c37846d3e976ff6a620b6712e33832041aa6', '3a2fbe92891e57fe05d57087f48e730f17e5a5f53ef403d618e5b74d7a7e6ecb']",[],1.0,0ffee3ba8e615ad22535e7f771690a28,b898351eb5e266aefd3723d466935494,http/1.1,,14105.690032,10.0.2.15,54748,104.16.67.54,443,tcp,131.81629799999973,706.0,7072.0,SF,True,False,0,ShADadTTFf,25,1726,28,8196,ssl,0
14105.960582,C97dAI1zlaIU6uKcOa,10.0.2.15,54743,216.58.201.74,443,TLSv12,TLS_ECDHE_RSA_WITH_AES_128_GCM_SHA256,x25519,www.googleapis.com,False,True,CsxknGIti,"['0ca616f3b5a49ded9af60777a33ae7119bfd6de6a815dbee0b64d5d69491aa06', '9f630426df1d8abfd80ace98871ba833ab9742cb34838de2b5285ed54c0c7dcc', '3c35cc963eb004451323d3275d05b353235053490d9cd83729a2faf5e7ca1cc0']",[],1.0,0ffee3ba8e615ad22535e7f771690a28,ab41313cfec25328b20865eb1388e0a2,h2,,14105.680444,10.0.2.15,54743,216.58.201.74,443,tcp,166.33034299999963,889.0,4214.0,SF,True,False,0,ShADadFf,19,1657,23,5138,ssl,0
14106.096779,CN7mV13YjlTLPX3Yr2,10.0.2.15,54754,104.16.67.54,443,TLSv12,TLS_ECDHE_RSA_WITH_AES_128_GCM_SHA256,secp256r1,dotsub.com,False,True,CsxuknGIti,"['1ea6e845050b0bd1b61c41ba92965fdbfc0f22eef9f6de87828ee9f76d20fb8d', '973a41276ffd01e027a2aad49e34c37846d3e976ff6a620b6712e33832041aa6', '3a2fbe92891e57fe05d57087f48e730f17e5a5f53ef403d618e5b74d7a7e6ecb']",[],1.0,0ffee3ba8e615ad22535e7f771690a28,76cc3e2d3028143b23ec18e27dbd7ca9,http/1.1,,14105.788726,10.0.2.15,54754,104.16.67.54,443,tcp,130.48316499999964,706.0,7800.0,SF,True,False,0,ShADadTTFf,24,1686,28,8924,ssl,0
14106.771508,CJqRPj1f8j5Side9k1,10.0.2.15,54761,172.217.23.194,443,TLSv12,TLS_ECDHE_RSA_WITH_AES_128_GCM_SHA256,,googleads.g.doubleclick.net,True,True,CsiI,,,,1a5fe5677b0e4fbbc854e8908225637d,67619a80665d7ab92d1041b1d11f9164,h2,,14106.576532,10.0.2.15,54761,172.217.23.194,443,tcp,164.94029000000046,10443.0,29012.0,SF,True,False,0,ShADadFf,58,12771,83,32336,ssl,0
14106.770079,C4ADft4ZAygStqUhf,10.0.2.15,54762,13.107.21.200,443,TLSv12,TLS_ECDHE_RSA_WITH_AES_256_CBC_SHA,secp384r1,bat.bing.com,False,True,CsxuknGIi,"['80c4440580dbd55b228f41e6c88a51ecdbb998b5d32d12acd31ce25518d37128', '2399983e99703ebd01cea466c10799810c4ba62a8d61b88170a334dcd61bb20f']",[],1.0,0ffee3ba8e615ad22535e7f771690a28,4fd467dd264720762ffe286277c00f57,,,14106.57763,10.0.2.15,54762,13.107.21.200,443,tcp,71.05080500000076,1245.0,7285.0,SF,True,False,0,ShADadTfF,18,1979,21,8129,ssl,0
14108.559588,CW9ooP2xg0FkHUIKL3,10.0.2.15,54774,188.125.66.33,443,TLSv12,TLS_ECDHE_RSA_WITH_AES_128_GCM_SHA256,secp256r1,sp.analytics.yahoo.com,False,True,CsxknGIti,"['a42bd5146a3d4010979322f493ea1cf3e1ba9033d64ae699935e6a6ad96bd3c4', '19400be5b7a31fb733917700789d2f0a2471c0c9d506c0e504c06c16d7cb17c0']",[],1.0,1a5fe5677b0e4fbbc854e8908225637d,b898351eb5e266aefd3723d466935494,http/1.1,,14108.140366,10.0.2.15,54774,188.125.66.33,443,tcp,67.34766300000047,1137.0,4475.0,SF,True,False,0,ShADadTfF,17,1831,20,5279,ssl,0
14108.565709,C0W5uP342VKSbW6Mwl,10.0.2.15,54766,204.236.239.173,443,TLSv12,TLS_ECDHE_RSA_WITH_AES_128_GCM_SHA256,secp256r1,usermatch.krxd.net,False,True,CsxknGIi,"['801848f55bb97f055d1e2f3f6c8094cf12d7b6285a7ed7c20bf39440c6cb5f8e', '973a41276ffd01e027a2aad49e34c37846d3e976ff6a620b6712e33832041aa6', '3a2fbe92891e57fe05d57087f48e730f17e5a5f53ef403d618e5b74d7a7e6ecb', 'c3846bf24b9e93ca64274c0ec67c1ecc5e024ffcacd2d74019350e81fe546ae4']",[],1.0,0ffee3ba8e615ad22535e7f771690a28,303951d4c50efb2e991652225a6f02b1,,,14108.131434,10.0.2.15,54766,204.236.239.173,443,tcp,69.65047400000003,750.0,5663.0,SF,True,False,0,ShADadTFf,18,1484,19,6427,ssl,0
14108.955642,CYhfT91DMc4uO6EMKb,10.0.2.15,54778,87.248.118.25,443,TLSv12,TLS_ECDHE_RSA_WITH_AES_128_GCM_SHA256,secp256r1,www.tumblr.com,False,True,CsxuknGIti,"['7412bf8b00c5c730878e106f46b89e30d790af549d5fc7d6cba0d1a1d6c67bd3', '19400be5b7a31fb733917700789d2f0a2471c0c9d506c0e504c06c16d7cb17c0']",[],1.0,0ffee3ba8e615ad22535e7f771690a28,76cc3e2d3028143b23ec18e27dbd7ca9,http/1.1,,14108.647473,10.0.2.15,54778,87.248.118.25,443,tcp,162.19157899999846,9501.0,51241.0,RSTR,True,False,0,ShADadTTRr,50,11521,78,54365,ssl,0
14113.424362,C3XRqo4jb4vx44N8Yd,10.0.2.15,54781,172.217.23.194,443,TLSv12,TLS_ECDHE_RSA_WITH_AES_128_GCM_SHA256,x25519,googleads4.g.doubleclick.net,False,True,CsxknGIti,"['a32ffddd76f9e7debbfc9a37b38d2ef86039b30a10d7c45ab8223d149cf99699', '9f630426df1d8abfd80ace98871ba833ab9742cb34838de2b5285ed54c0c7dcc', '3c35cc963eb004451323d3275d05b353235053490d9cd83729a2faf5e7ca1cc0']",[],1.0,0ffee3ba8e615ad22535e7f771690a28,ab41313cfec25328b20865eb1388e0a2,h2,,14113.207518,10.0.2.15,54781,172.217.23.194,443,tcp,158.53316200000154,1252.0,4612.0,SF,True,False,0,ShADadFf,19,2020,22,5496,ssl,0
14116.272826,CG5ilmyidiymNbGxh,10.0.2.15,54782,151.101.113.121,443,TLSv12,TLS_ECDHE_RSA_WITH_AES_128_GCM_SHA256,secp256r1,www.lifewire.com,False,True,CsxuknGIti,"['5a5c1cc8dc11426b5d476c42e1625d7829f9a51aa666a4600233b673d47c2609', '4b7334e1d8999822bafa8ff6888125389b18a4e5ab26ffa624c7f68fdc81f0cb']",[],1.0,0ffee3ba8e615ad22535e7f771690a28,860fcf58fd757e26aa8911e5eaff6b53,http/1.1,,14115.856066,10.0.2.15,54782,151.101.113.121,443,tcp,156.20197700000062,4712.0,107202.0,SF,True,False,0,ShADadTTFfRr,60,7131,125,112206,ssl,0
14122.677911,C2xVlf2aQW2p9Gz0T9,10.0.2.15,54790,104.244.43.48,443,TLSv12,TLS_ECDHE_RSA_WITH_AES_128_GCM_SHA256,secp256r1,static.ads-twitter.com,False,True,CsxuknGIti,"['57c868a580b1e1d5c88d4b5ac225b028e8774ddb7c0e68e7729c4df4ffc17086', '19400be5b7a31fb733917700789d2f0a2471c0c9d506c0e504c06c16d7cb17c0']",[],1.0,0ffee3ba8e615ad22535e7f771690a28,76cc3e2d3028143b23ec18e27dbd7ca9,http/1.1,,14122.108067,10.0.2.15,54790,104.244.43.48,443,tcp,9.553986000000805,356.0,4275.0,SF,True,False,0,ShADadFfRr,11,804,12,4759,ssl,0
14122.66851,C9DsZAIOC4DG4fsSi,10.0.2.15,54786,104.244.43.48,443,TLSv12,TLS_ECDHE_RSA_WITH_AES_128_GCM_SHA256,secp256r1,static.ads-twitter.com,False,True,CsxuknGIti,"['57c868a580b1e1d5c88d4b5ac225b028e8774ddb7c0e68e7729c4df4ffc17086', '19400be5b7a31fb733917700789d2f0a2471c0c9d506c0e504c06c16d7cb17c0']",[],1.0,0ffee3ba8e615ad22535e7f771690a28,76cc3e2d3028143b23ec18e27dbd7ca9,http/1.1,,14122.077715,10.0.2.15,54786,104.244.43.48,443,tcp,19.787952000000587,1325.0,5141.0,SF,True,False,0,ShADadTfF,14,1894,16,5785,ssl,0
14128.630448,C6Sb1F4HaX96X1D0C8,10.0.2.15,54805,87.248.118.23,443,TLSv12,TLS_ECDHE_RSA_WITH_AES_128_GCM_SHA256,secp256r1,assets.tumblr.com,False,True,CsxuknGIti,"['f311bbdc752c59cc5c695487d1277400b62af51a325cf1eaa5e753ca861ac0e2', '19400be5b7a31fb733917700789d2f0a2471c0c9d506c0e504c06c16d7cb17c0']",[],1.0,0ffee3ba8e615ad22535e7f771690a28,76cc3e2d3028143b23ec18e27dbd7ca9,http/1.1,,14128.302241,10.0.2.15,54805,87.248.118.23,443,tcp,108.77470200000062,1263.0,232267.0,SF,True,False,0,ShADadWtTfF,78,4400,223,242611,ssl,0
14128.633056,CeVJtT1KdilcGG6yoj,10.0.2.15,54804,87.248.118.23,443,TLSv12,TLS_ECDHE_RSA_WITH_AES_128_GCM_SHA256,secp256r1,assets.tumblr.com,False,True,CsxuknGIti,"['f311bbdc752c59cc5c695487d1277400b62af51a325cf1eaa5e753ca861ac0e2', '19400be5b7a31fb733917700789d2f0a2471c0c9d506c0e504c06c16d7cb17c0']",[],1.0,0ffee3ba8e615ad22535e7f771690a28,76cc3e2d3028143b23ec18e27dbd7ca9,http/1.1,,14128.30183,10.0.2.15,54804,87.248.118.23,443,tcp,143.71387999999934,1952.0,269410.0,SF,True,False,0,ShADadWTTFf,86,5411,251,279454,ssl,0
14128.635579,CaCX2E4S2m4ujqVjul,10.0.2.15,54803,87.248.118.23,443,TLSv12,TLS_ECDHE_RSA_WITH_AES_128_GCM_SHA256,secp256r1,assets.tumblr.com,False,True,CsxuknGIti,"['f311bbdc752c59cc5c695487d1277400b62af51a325cf1eaa5e753ca861ac0e2', '19400be5b7a31fb733917700789d2f0a2471c0c9d506c0e504c06c16d7cb17c0']",[],1.0,0ffee3ba8e615ad22535e7f771690a28,76cc3e2d3028143b23ec18e27dbd7ca9,http/1.1,,14128.300908,10.0.2.15,54803,87.248.118.23,443,tcp,97.40886900000078,1145.0,27204.0,SF,True,False,0,ShADadTfF,25,2161,40,28808,ssl,0
14128.642206,CV1LT14Yw0OI2RgDLc,10.0.2.15,54802,87.248.118.23,443,TLSv12,TLS_ECDHE_RSA_WITH_AES_128_GCM_SHA256,secp256r1,assets.tumblr.com,False,True,CsxuknGIti,"['f311bbdc752c59cc5c695487d1277400b62af51a325cf1eaa5e753ca861ac0e2', '19400be5b7a31fb733917700789d2f0a2471c0c9d506c0e504c06c16d7cb17c0']",[],1.0,0ffee3ba8e615ad22535e7f771690a28,76cc3e2d3028143b23ec18e27dbd7ca9,http/1.1,,14128.299929,10.0.2.15,54802,87.248.118.23,443,tcp,97.40927099999864,1114.0,137704.0,SF,True,False,0,ShADadTfF,44,2890,138,143228,ssl,0
14128.644637,CgwfXr1DcypuQrF3h6,10.0.2.15,54801,87.248.118.23,443,TLSv12,TLS_ECDHE_RSA_WITH_AES_128_GCM_SHA256,secp256r1,assets.tumblr.com,False,True,CsxuknGIti,"['f311bbdc752c59cc5c695487d1277400b62af51a325cf1eaa5e753ca861ac0e2', '19400be5b7a31fb733917700789d2f0a2471c0c9d506c0e504c06c16d7cb17c0']",[],1.0,0ffee3ba8e615ad22535e7f771690a28,76cc3e2d3028143b23ec18e27dbd7ca9,http/1.1,,14128.287241,10.0.2.15,54801,87.248.118.23,443,tcp,97.40691499999956,1117.0,9163.0,SF,True,False,0,ShADadTfF,21,1973,26,10207,ssl,0
14128.648138,CuFCDgEGW3YVVxjpk,10.0.2.15,54800,87.248.118.23,443,TLSv12,TLS_ECDHE_RSA_WITH_AES_128_GCM_SHA256,secp256r1,assets.tumblr.com,False,True,CsxuknGIti,"['f311bbdc752c59cc5c695487d1277400b62af51a325cf1eaa5e753ca861ac0e2', '19400be5b7a31fb733917700789d2f0a2471c0c9d506c0e504c06c16d7cb17c0']",[],1.0,0ffee3ba8e615ad22535e7f771690a28,76cc3e2d3028143b23ec18e27dbd7ca9,http/1.1,,14128.267312,10.0.2.15,54800,87.248.118.23,443,tcp,97.42626200000086,1112.0,15525.0,SF,True,False,0,ShADadTfF,22,2008,31,16769,ssl,0
14128.650541,CYjxDz3MPLqBgcYhFf,10.0.2.15,54799,87.248.118.23,443,TLSv12,TLS_ECDHE_RSA_WITH_AES_128_GCM_SHA256,secp256r1,assets.tumblr.com,False,True,CsxuknGIti,"['f311bbdc752c59cc5c695487d1277400b62af51a325cf1eaa5e753ca861ac0e2', '19400be5b7a31fb733917700789d2f0a2471c0c9d506c0e504c06c16d7cb17c0']",[],1.0,0ffee3ba8e615ad22535e7f771690a28,76cc3e2d3028143b23ec18e27dbd7ca9,http/1.1,,14128.239865,10.0.2.15,54799,87.248.118.23,443,tcp,118.11191800000051,2496.0,98647.0,SF,True,False,0,ShADadTfF,53,4633,115,103251,ssl,0
14128.652939,CHRqmR1qYFRoCG1jNl,10.0.2.15,54798,87.248.118.23,443,TLSv12,TLS_ECDHE_RSA_WITH_AES_128_GCM_SHA256,secp256r1,assets.tumblr.com,False,True,CsxuknGIti,"['f311bbdc752c59cc5c695487d1277400b62af51a325cf1eaa5e753ca861ac0e2', '19400be5b7a31fb733917700789d2f0a2471c0c9d506c0e504c06c16d7cb17c0']",[],1.0,0ffee3ba8e615ad22535e7f771690a28,76cc3e2d3028143b23ec18e27dbd7ca9,http/1.1,,14128.238895,10.0.2.15,54798,87.248.118.23,443,tcp,118.77224099999876,2573.0,67190.0,SF,True,False,0,ShADadTfF,40,4190,82,70474,ssl,0
14128.655583,CFUMag2yevYgf98fU4,10.0.2.15,54797,87.248.118.23,443,TLSv12,TLS_ECDHE_RSA_WITH_AES_128_GCM_SHA256,secp256r1,assets.tumblr.com,False,True,CsxuknGIti,"['f311bbdc752c59cc5c695487d1277400b62af51a325cf1eaa5e753ca861ac0e2', '19400be5b7a31fb733917700789d2f0a2471c0c9d506c0e504c06c16d7cb17c0']",[],1.0,0ffee3ba8e615ad22535e7f771690a28,76cc3e2d3028143b23ec18e27dbd7ca9,http/1.1,,14128.238257,10.0.2.15,54797,87.248.118.23,443,tcp,118.77136799999973,2453.0,36032.0,SF,True,False,0,ShADadTTfF,31,3711,56,38276,ssl,0
14128.659524,C6p1IW1umMth7YtBYh,10.0.2.15,54796,87.248.118.23,443,TLSv12,TLS_ECDHE_RSA_WITH_AES_128_GCM_SHA256,secp256r1,assets.tumblr.com,False,True,CsxuknGIti,"['f311bbdc752c59cc5c695487d1277400b62af51a325cf1eaa5e753ca861ac0e2', '19400be5b7a31fb733917700789d2f0a2471c0c9d506c0e504c06c16d7cb17c0']",[],1.0,0ffee3ba8e615ad22535e7f771690a28,76cc3e2d3028143b23ec18e27dbd7ca9,http/1.1,,14128.236217,10.0.2.15,54796,87.248.118.23,443,tcp,121.24753799999962,2580.0,44886.0,SF,True,False,0,ShADadTTfF,34,3958,64,47450,ssl,0
14128.662042,CzalLcRx5dtKAdG1e,10.0.2.15,54795,87.248.118.23,443,TLSv12,TLS_ECDHE_RSA_WITH_AES_128_GCM_SHA256,secp256r1,assets.tumblr.com,False,True,CsxuknGIti,"['f311bbdc752c59cc5c695487d1277400b62af51a325cf1eaa5e753ca861ac0e2', '19400be5b7a31fb733917700789d2f0a2471c0c9d506c0e504c06c16d7cb17c0']",[],1.0,0ffee3ba8e615ad22535e7f771690a28,76cc3e2d3028143b23ec18e27dbd7ca9,http/1.1,,14128.234854,10.0.2.15,54795,87.248.118.23,443,tcp,143.80058999999892,3796.0,129480.0,SF,True,False,0,ShADadTTFf,54,5975,137,134964,ssl,0
14128.663742,CLbZy51rQZp3PrB0Le,10.0.2.15,54794,87.248.118.23,443,TLSv12,TLS_ECDHE_RSA_WITH_AES_128_GCM_SHA256,secp256r1,assets.tumblr.com,False,True,CsxuknGIti,"['f311bbdc752c59cc5c695487d1277400b62af51a325cf1eaa5e753ca861ac0e2', '19400be5b7a31fb733917700789d2f0a2471c0c9d506c0e504c06c16d7cb17c0']",[],1.0,0ffee3ba8e615ad22535e7f771690a28,76cc3e2d3028143b23ec18e27dbd7ca9,http/1.1,,14128.23382,10.0.2.15,54794,87.248.118.23,443,tcp,117.83466000000044,2104.0,97581.0,SF,True,False,0,ShADadTfF,49,4081,113,102105,ssl,0
14134.530291,CibvLZ1zOzORE70N2j,10.0.2.15,54809,151.101.113.121,443,TLSv12,TLS_ECDHE_RSA_WITH_AES_128_GCM_SHA256,,www.lifewire.com,True,True,CsiI,,,,1a5fe5677b0e4fbbc854e8908225637d,1d0e57c6ae42e9204defa51e5e1cdc4c,http/1.1,,14133.978227,10.0.2.15,54809,151.101.113.121,443,tcp,138.07976100000087,4254.0,97694.0,SF,True,False,0,ShADadTTFfRr,55,6473,119,102458,ssl,0
14134.53083,CmhM8H3qMsI1P46qB3,10.0.2.15,54808,151.101.113.121,443,TLSv12,TLS_ECDHE_RSA_WITH_AES_128_GCM_SHA256,,www.lifewire.com,True,True,CsiI,,,,1a5fe5677b0e4fbbc854e8908225637d,1d0e57c6ae42e9204defa51e5e1cdc4c,http/1.1,,14133.976803,10.0.2.15,54808,151.101.113.121,443,tcp,134.78010300000096,4463.0,106901.0,SF,True,False,0,ShADadTTFftR,61,6922,127,112016,ssl,0
14134.534876,Cg8u593ljjLaU2pRi5,10.0.2.15,54807,172.217.23.227,443,TLSv12,TLS_ECDHE_RSA_WITH_AES_128_GCM_SHA256,,www.google.cz,True,True,CsiI,,,,1a5fe5677b0e4fbbc854e8908225637d,67619a80665d7ab92d1041b1d11f9164,h2,,14133.969597,10.0.2.15,54807,172.217.23.227,443,tcp,6.592279000000417,3803.0,1225.0,SF,True,False,0,ShADadFf,18,4531,22,2109,ssl,0
14134.536361,CtE6gKd8lwHRZnHY5,10.0.2.15,54810,151.101.113.121,443,TLSv12,TLS_ECDHE_RSA_WITH_AES_128_GCM_SHA256,,www.lifewire.com,True,True,CsiI,,,,1a5fe5677b0e4fbbc854e8908225637d,1d0e57c6ae42e9204defa51e5e1cdc4c,http/1.1,,14134.275608,10.0.2.15,54810,151.101.113.121,443,tcp,131.23776700000053,1893.0,13921.0,SF,True,False,0,ShADadTTFfRr,27,2993,37,15405,ssl,0
14138.21957,CHTXcm4YWS1nHJULCf,10.0.2.15,54819,172.217.23.226,443,TLSv12,TLS_ECDHE_RSA_WITH_AES_128_GCM_SHA256,x25519,cm.g.doubleclick.net,False,True,CsxknGIti,"['a32ffddd76f9e7debbfc9a37b38d2ef86039b30a10d7c45ab8223d149cf99699', '9f630426df1d8abfd80ace98871ba833ab9742cb34838de2b5285ed54c0c7dcc', '3c35cc963eb004451323d3275d05b353235053490d9cd83729a2faf5e7ca1cc0']",[],1.0,0ffee3ba8e615ad22535e7f771690a28,ab41313cfec25328b20865eb1388e0a2,h2,,14137.523027,10.0.2.15,54819,172.217.23.226,443,tcp,133.2171240000007,2947.0,6259.0,SF,True,False,0,ShADadFf,27,4035,31,7503,ssl,0
14138.225957,CfxgK5YA0x6i3tHwb,10.0.2.15,54816,151.101.113.121,443,TLSv12,TLS_ECDHE_RSA_WITH_AES_128_GCM_SHA256,,www.lifewire.com,True,True,CsiI,,,,1a5fe5677b0e4fbbc854e8908225637d,1d0e57c6ae42e9204defa51e5e1cdc4c,http/1.1,,14137.507301,10.0.2.15,54816,151.101.113.121,443,tcp,125.72379600000022,1013.0,9906.0,SF,True,False,0,ShADadTTFfRr,26,2073,33,11230,ssl,0
14138.223367,CRV0SHNmM04LyUCTh,10.0.2.15,54818,151.101.113.121,443,TLSv12,TLS_ECDHE_RSA_WITH_AES_128_GCM_SHA256,secp256r1,fthmb.tqn.com,False,True,CsxuknGIti,"['5a5c1cc8dc11426b5d476c42e1625d7829f9a51aa666a4600233b673d47c2609', '4b7334e1d8999822bafa8ff6888125389b18a4e5ab26ffa624c7f68fdc81f0cb']",[],1.0,0ffee3ba8e615ad22535e7f771690a28,860fcf58fd757e26aa8911e5eaff6b53,http/1.1,,14137.514564,10.0.2.15,54818,151.101.113.121,443,tcp,134.48514200000136,1942.0,106671.0,SF,True,False,0,ShADadTTFRfr,64,4521,133,111995,ssl,0
14138.22753,CyJFyE45ZNKasHvZwd,10.0.2.15,54815,151.101.113.121,443,TLSv12,TLS_ECDHE_RSA_WITH_AES_128_GCM_SHA256,,www.lifewire.com,True,True,CsiI,,,,1a5fe5677b0e4fbbc854e8908225637d,1d0e57c6ae42e9204defa51e5e1cdc4c,http/1.1,,14137.495791,10.0.2.15,54815,151.101.113.121,443,tcp,125.70998000000144,1013.0,12881.0,SF,True,False,0,ShADadTTFfRr,26,2073,31,14125,ssl,0
14141.860988,C3i1M42OlBzhdumJi,10.0.2.15,54820,172.217.23.232,443,TLSv12,TLS_ECDHE_RSA_WITH_AES_128_GCM_SHA256,x25519,www.googletagmanager.com,False,True,CsxknGIti,"['31ed45c3400fc5f9a84dfaa0a6f6171369876ed4e2da669ee7f8edbe3593bf6b', '9f630426df1d8abfd80ace98871ba833ab9742cb34838de2b5285ed54c0c7dcc', '3c35cc963eb004451323d3275d05b353235053490d9cd83729a2faf5e7ca1cc0']",[],1.0,0ffee3ba8e615ad22535e7f771690a28,ab41313cfec25328b20865eb1388e0a2,h2,,14141.464169,10.0.2.15,54820,172.217.23.232,443,tcp,130.03872499999852,898.0,44700.0,SF,True,False,0,ShADadFf,28,2026,53,46824,ssl,0
14143.587437,CggkUd1ymBekRINhgf,10.0.2.15,54823,54.192.95.240,443,TLSv12,TLS_ECDHE_RSA_WITH_AES_128_GCM_SHA256,,c.amazon-adsystem.com,True,True,CsiI,,,,1a5fe5677b0e4fbbc854e8908225637d,d199ba0af2b08e204c73d6d81a1fd260,http/1.1,,14142.845004,10.0.2.15,54823,54.192.95.240,443,tcp,121.98910799999976,981.0,584.0,SF,True,False,0,ShADadTTfF,19,1760,20,1388,ssl,0
14143.588703,CpTmk94JxK3pw30tNd,10.0.2.15,54822,87.248.118.24,443,TLSv12,TLS_ECDHE_RSA_WITH_AES_128_GCM_SHA256,secp256r1,68.media.tumblr.com,False,True,CsxuknGIti,"['7f88ab27579a58a0762da670d9e5a2107b86bebe85a95693b13d39372c031c0f', '19400be5b7a31fb733917700789d2f0a2471c0c9d506c0e504c06c16d7cb17c0']",[],1.0,0ffee3ba8e615ad22535e7f771690a28,76cc3e2d3028143b23ec18e27dbd7ca9,http/1.1,,14142.83709,10.0.2.15,54822,87.248.118.24,443,tcp,129.18962999999894,6541.0,6613118.0,SF,True,False,0,ShADadWTFf,1007,46836,5316,6825762,ssl,0
14143.594049,Cw04Y11Qwa2DSRaCr1,10.0.2.15,54824,172.217.23.226,443,TLSv12,TLS_ECDHE_RSA_WITH_AES_128_GCM_SHA256,,securepubads.g.doubleclick.net,True,True,CsiI,,,,1a5fe5677b0e4fbbc854e8908225637d,67619a80665d7ab92d1041b1d11f9164,h2,,14142.854928,10.0.2.15,54824,172.217.23.226,443,tcp,129.56169299999965,10034.0,31180.0,SF,True,False,0,ShADadFf,44,11802,70,33984,ssl,0
14143.591034,CWSxkJ1JqcV5FrBHg8,10.0.2.15,54821,87.248.118.24,443,TLSv12,TLS_ECDHE_RSA_WITH_AES_128_GCM_SHA256,secp256r1,68.media.tumblr.com,False,True,CsxuknGIti,"['7f88ab27579a58a0762da670d9e5a2107b86bebe85a95693b13d39372c031c0f', '19400be5b7a31fb733917700789d2f0a2471c0c9d506c0e504c06c16d7cb17c0']",[],1.0,0ffee3ba8e615ad22535e7f771690a28,76cc3e2d3028143b23ec18e27dbd7ca9,http/1.1,,14142.836446,10.0.2.15,54821,87.248.118.24,443,tcp,128.01041200000145,4514.0,1606151.0,SF,True,False,0,ShADadWtTfF,306,16771,1325,1660575,ssl,0
14145.221527,CTbdST1GkuRI3pVlM2,10.0.2.15,54826,207.241.148.113,443,TLSv12,TLS_RSA_WITH_3DES_EDE_CBC_SHA,,rd.about.com,False,True,CsxnGIi,"['90d4b9d5b9b1f8ba8e5c2a7544867f995d3129f64167c8a8153a681e0f44de84', '02ab57e4e67a0cb48dd2ff34830e8ac40f4476fb08ca6be3f5cd846f646840f0', '4f32d5dc00f715250abcc486511e37f501a899deb3bf7ea8adbbd3aef1c412da', '687fa451382278fff0c8b11f8d43d576671c6eb2bceab413fb83d965d06d2ff2']",[],1.0,0ffee3ba8e615ad22535e7f771690a28,66a6571ef756b3c9e82b3fd802bbcac2,,,14144.669301,10.0.2.15,54826,207.241.148.113,443,tcp,126.08352299999932,60489.0,13975.0,RSTR,True,False,0,ShADadTTRr,69,63267,74,16939,ssl,0
14145.225061,CZj0D64oQLIpeAMsij,10.0.2.15,54825,207.241.148.113,443,TLSv12,TLS_RSA_WITH_3DES_EDE_CBC_SHA,,rd.about.com,False,True,CsxnGIi,"['90d4b9d5b9b1f8ba8e5c2a7544867f995d3129f64167c8a8153a681e0f44de84', '02ab57e4e67a0cb48dd2ff34830e8ac40f4476fb08ca6be3f5cd846f646840f0', '4f32d5dc00f715250abcc486511e37f501a899deb3bf7ea8adbbd3aef1c412da', '687fa451382278fff0c8b11f8d43d576671c6eb2bceab413fb83d965d06d2ff2']",[],1.0,0ffee3ba8e615ad22535e7f771690a28,66a6571ef756b3c9e82b3fd802bbcac2,,,14144.668016,10.0.2.15,54825,207.241.148.113,443,tcp,6.812111999999615,552.0,5555.0,SF,True,False,0,ShADadFf,10,960,11,5999,ssl,0
14146.361621,C9DSCb3hlrHMmaoH26,10.0.2.15,54827,95.101.245.177,443,TLSv12,TLS_ECDHE_RSA_WITH_AES_256_GCM_SHA384,,as-sec.casalemedia.com,True,True,CsiI,,,,1a5fe5677b0e4fbbc854e8908225637d,410b9bedaf65dd26c6fe547154d60db4,http/1.1,,14145.773719,10.0.2.15,54827,95.101.245.177,443,tcp,126.27871799999956,10820.0,3016.0,SF,True,False,0,ShADadTTFf,31,12079,30,4220,ssl,0
14148.839493,CDK8Fg3CXIbunCXDSf,10.0.2.15,54828,217.12.15.54,443,TLSv12,TLS_ECDHE_RSA_WITH_AES_128_GCM_SHA256,secp256r1,cookiex.ngd.yahoo.com,False,True,CsxknGIti,"['aaab982de106f191dd3d06d3f44eada0b8a2b0a6692636e9ff628a677f3eb65c', 'eae72eb454bf6c3977ebd289e970b2f5282949190093d0d26f98d0f0d6a9cf17']",[],1.0,0ffee3ba8e615ad22535e7f771690a28,389ed42c02ebecc32e73aa31def07e14,,,14147.050529,10.0.2.15,54828,217.12.15.54,443,tcp,20.15752799999973,854.0,4218.0,SF,True,False,0,ShADadTfF,12,1343,13,4742,ssl,0
14148.801311,Ci1Muy4RvSOctYEHd2,10.0.2.15,54829,66.6.32.31,443,TLSv12,TLS_ECDHE_RSA_WITH_AES_128_GCM_SHA256,secp256r1,tumblr.com,False,True,CsxknGIti,"['3c3d86887987d37b62d6213744e2c3d081fc52105e94045cdb38a0f54bc0b7e1', '19400be5b7a31fb733917700789d2f0a2471c0c9d506c0e504c06c16d7cb17c0']",[],1.0,0ffee3ba8e615ad22535e7f771690a28,b898351eb5e266aefd3723d466935494,h2,,14147.05294,10.0.2.15,54829,66.6.32.31,443,tcp,125.58262800000011,1201.0,4186.0,SF,True,False,0,ShADadFf,18,1929,20,4990,ssl,0
14148.85023,CJdBZg4xqJlt2bKWT6,10.0.2.15,54831,66.6.33.34,443,TLSv12,TLS_ECDHE_RSA_WITH_AES_128_GCM_SHA256,secp256r1,px.srvcs.tumblr.com,False,True,CsxknGIti,"['2fea0b29f94f12343a1e658d664b8050e24fc29fc0205c503dad0dd198273a44', '19400be5b7a31fb733917700789d2f0a2471c0c9d506c0e504c06c16d7cb17c0']",[],1.0,0ffee3ba8e615ad22535e7f771690a28,b898351eb5e266aefd3723d466935494,http/1.1,,14147.326028,10.0.2.15,54831,66.6.33.34,443,tcp,11.514877999999952,1178.0,4008.0,SF,True,False,0,ShADadfF,10,1586,11,4452,ssl,0
14150.404127,CaCsFp1didWpjbGqw5,10.0.2.15,54836,172.217.23.225,443,TLSv12,TLS_ECDHE_RSA_WITH_AES_128_GCM_SHA256,x25519,tpc.googlesyndication.com,False,True,CsxknGIti,"['1a04953b8e7e73c9260dd8ebc167433d66e5c2dd13da8be4a7be677086cfb34c', '9f630426df1d8abfd80ace98871ba833ab9742cb34838de2b5285ed54c0c7dcc', '3c35cc963eb004451323d3275d05b353235053490d9cd83729a2faf5e7ca1cc0']",[],1.0,0ffee3ba8e615ad22535e7f771690a28,ab41313cfec25328b20865eb1388e0a2,h2,,14149.832876,10.0.2.15,54836,172.217.23.225,443,tcp,120.85080799999923,964.0,43197.0,SF,True,False,0,ShADadFf,29,2132,55,45401,ssl,0
14150.407164,Cs10Vv3NHayXpPG2Z2,10.0.2.15,54832,151.101.113.121,443,TLSv12,TLS_ECDHE_RSA_WITH_AES_128_GCM_SHA256,,fthmb.tqn.com,True,True,CsiI,,,,1a5fe5677b0e4fbbc854e8908225637d,1d0e57c6ae42e9204defa51e5e1cdc4c,http/1.1,,14149.827012,10.0.2.15,54832,151.101.113.121,443,tcp,10.979542000000947,599.0,191.0,SF,True,False,0,ShADadFfRr,8,927,9,555,ssl,0
14150.404948,C5Lesd3EA6FpG7z9Tc,10.0.2.15,54834,151.101.113.121,443,TLSv12,TLS_ECDHE_RSA_WITH_AES_128_GCM_SHA256,,fthmb.tqn.com,True,True,CsiI,,,,1a5fe5677b0e4fbbc854e8908225637d,1d0e57c6ae42e9204defa51e5e1cdc4c,http/1.1,,14149.829565,10.0.2.15,54834,151.101.113.121,443,tcp,122.62716499999988,1431.0,44991.0,RSTO,True,False,0,ShADadTTFR,39,3009,70,47795,ssl,0
14150.406142,CgYn5v1t5k3CG8wnO3,10.0.2.15,54833,151.101.113.121,443,TLSv12,TLS_ECDHE_RSA_WITH_AES_128_GCM_SHA256,,fthmb.tqn.com,True,True,CsiI,,,,1a5fe5677b0e4fbbc854e8908225637d,1d0e57c6ae42e9204defa51e5e1cdc4c,http/1.1,,14149.828585,10.0.2.15,54833,151.101.113.121,443,tcp,10.971043000001371,599.0,191.0,SF,True,False,0,ShADadFfRr,8,927,9,555,ssl,0
14150.659141,Cj29xy32v7jtEHv1Nd,10.0.2.15,54835,66.6.33.34,443,TLSv12,TLS_ECDHE_RSA_WITH_AES_128_GCM_SHA256,secp256r1,px.srvcs.tumblr.com,False,True,CsxknGIti,"['2fea0b29f94f12343a1e658d664b8050e24fc29fc0205c503dad0dd198273a44', '19400be5b7a31fb733917700789d2f0a2471c0c9d506c0e504c06c16d7cb17c0']",[],1.0,0ffee3ba8e615ad22535e7f771690a28,b898351eb5e266aefd3723d466935494,http/1.1,,14149.831916,10.0.2.15,54835,66.6.33.34,443,tcp,13.369650000000547,1090.0,4008.0,SF,True,False,0,ShADadfF,9,1458,12,4492,ssl,0
14151.608381,CEGhmz1ZUBcIAbXgx,10.0.2.15,54838,95.100.191.4,443,TLSv12,TLS_ECDHE_RSA_WITH_AES_256_GCM_SHA384,,sb.scorecardresearch.com,True,True,CsiI,,,,1a5fe5677b0e4fbbc854e8908225637d,410b9bedaf65dd26c6fe547154d60db4,http/1.1,,14150.88673,10.0.2.15,54838,95.100.191.4,443,tcp,121.00126400000045,3109.0,1720.0,SF,True,False,0,ShADadTFfRr,28,4246,28,2844,ssl,0
14151.588616,CNr5g23jNZXskAnwKg,10.0.2.15,54839,217.12.13.41,443,TLSv12,TLS_ECDHE_RSA_WITH_AES_128_GCM_SHA256,secp256r1,udc.yahoo.com,False,True,CsxuknGIti,"['c91860d3ba8056c8450ca2899f5567603d28abba8a255de81e11829632379639', '19400be5b7a31fb733917700789d2f0a2471c0c9d506c0e504c06c16d7cb17c0']",[],1.0,0ffee3ba8e615ad22535e7f771690a28,76cc3e2d3028143b23ec18e27dbd7ca9,h2,,14150.887566,10.0.2.15,54839,217.12.13.41,443,tcp,73.3520239999998,6654.0,12319.0,SF,True,False,0,ShADadfF,32,7942,39,13883,ssl,0
14151.604343,CQZF8K1qrk0ogqRMXl,10.0.2.15,54837,54.247.76.15,443,TLSv12,TLS_ECDHE_RSA_WITH_AES_128_GCM_SHA256,secp256r1,beacon.krxd.net,False,True,CsxknGIi,"['801848f55bb97f055d1e2f3f6c8094cf12d7b6285a7ed7c20bf39440c6cb5f8e', '973a41276ffd01e027a2aad49e34c37846d3e976ff6a620b6712e33832041aa6', '3a2fbe92891e57fe05d57087f48e730f17e5a5f53ef403d618e5b74d7a7e6ecb', 'c3846bf24b9e93ca64274c0ec67c1ecc5e024ffcacd2d74019350e81fe546ae4']",[],1.0,0ffee3ba8e615ad22535e7f771690a28,303951d4c50efb2e991652225a6f02b1,,,14150.884299,10.0.2.15,54837,54.247.76.15,443,tcp,11.780715000000782,770.0,5273.0,SF,True,False,0,ShADadfF,11,1218,14,5837,ssl,0
14151.618653,COqCWv19Prz3KpyfNk,10.0.2.15,54840,52.94.216.48,443,TLSv12,TLS_ECDHE_RSA_WITH_AES_128_GCM_SHA256,secp256r1,aax.amazon-adsystem.com,False,True,CsxuknGIi,"['0b4e7df09d4f64b59af32ee16a71ad7d8947ded5f2a2bd4acfcc9f187fdf36c9', 'eae72eb454bf6c3977ebd289e970b2f5282949190093d0d26f98d0f0d6a9cf17']",[],1.0,0ffee3ba8e615ad22535e7f771690a28,2b1f517a72b7346c86d59ef328167d49,,,14150.888522,10.0.2.15,54840,52.94.216.48,443,tcp,70.18873200000053,935.0,5311.0,SF,True,False,0,ShADadTfF,17,1629,20,6115,ssl,0
14161.210152,CqwdL84E7LJ6M7PYjc,10.0.2.15,54844,217.12.15.100,443,TLSv12,TLS_ECDHE_RSA_WITH_AES_128_GCM_SHA256,secp256r1,fc.yahoo.com,False,True,CsxknGIti,"['59936e6ac995d0afb70443c23850e159d35038dffbd0a5240d45822dfc51ae8c', 'eae72eb454bf6c3977ebd289e970b2f5282949190093d0d26f98d0f0d6a9cf17', '8420dfbe376f414bf4c0a81e6936d24ccc03f304835b86c7a39142fca723a689']",[],1.0,0ffee3ba8e615ad22535e7f771690a28,389ed42c02ebecc32e73aa31def07e14,,,14160.460007,10.0.2.15,54844,217.12.15.100,443,tcp,110.22365499999978,1092.0,9346.0,SF,True,False,0,ShADadTFfRr,24,2069,29,10510,ssl,0
14161.216585,CjIGm02DBe6YdM2o07,10.0.2.15,54843,217.12.15.100,443,TLSv12,TLS_ECDHE_RSA_WITH_AES_128_GCM_SHA256,secp256r1,fc.yahoo.com,False,True,CsxknGIti,"['59936e6ac995d0afb70443c23850e159d35038dffbd0a5240d45822dfc51ae8c', 'eae72eb454bf6c3977ebd289e970b2f5282949190093d0d26f98d0f0d6a9cf17', '8420dfbe376f414bf4c0a81e6936d24ccc03f304835b86c7a39142fca723a689']",[],1.0,0ffee3ba8e615ad22535e7f771690a28,389ed42c02ebecc32e73aa31def07e14,,,14160.458693,10.0.2.15,54843,217.12.15.100,443,tcp,14.469159999998736,346.0,4604.0,SF,True,False,0,ShADadTFfRr,12,835,14,5168,ssl,0
14165.167368,CbGMoj2r44oeH0BWkk,10.0.2.15,54846,87.248.118.24,443,TLSv12,TLS_ECDHE_RSA_WITH_AES_128_GCM_SHA256,,68.media.tumblr.com,True,True,CsiI,,,,1a5fe5677b0e4fbbc854e8908225637d,d199ba0af2b08e204c73d6d81a1fd260,http/1.1,,14163.565897,10.0.2.15,54846,87.248.118.24,443,tcp,107.01890699999969,3122.0,1381456.0,SF,True,False,0,ShADadWtTfF,259,13498,1134,1428240,ssl,0
14165.20091,C2isTU1kQCh05HUIbh,10.0.2.15,54847,87.248.118.24,443,TLSv12,TLS_ECDHE_RSA_WITH_AES_128_GCM_SHA256,,68.media.tumblr.com,True,True,CsiI,,,,1a5fe5677b0e4fbbc854e8908225637d,d199ba0af2b08e204c73d6d81a1fd260,http/1.1,,14163.566506,10.0.2.15,54847,87.248.118.24,443,tcp,103.08822300000064,3122.0,204938.0,SF,True,False,0,ShADadWTfF,77,6218,208,213262,ssl,0
14165.19568,CgC95227s7kqITnxkc,10.0.2.15,54845,87.248.118.24,443,TLSv12,TLS_ECDHE_RSA_WITH_AES_128_GCM_SHA256,,68.media.tumblr.com,True,True,CsiI,,,,1a5fe5677b0e4fbbc854e8908225637d,d199ba0af2b08e204c73d6d81a1fd260,http/1.1,,14163.56407,10.0.2.15,54845,87.248.118.24,443,tcp,103.41477499999928,2463.0,1838550.0,SF,True,False,0,ShADadtWTfF,293,14200,1455,1898174,ssl,0
14165.198892,CRjv1YYa67prRbmN6,10.0.2.15,54848,87.248.118.24,443,TLSv12,TLS_ECDHE_RSA_WITH_AES_128_GCM_SHA256,,68.media.tumblr.com,True,True,CsiI,,,,1a5fe5677b0e4fbbc854e8908225637d,d199ba0af2b08e204c73d6d81a1fd260,http/1.1,,14163.577429,10.0.2.15,54848,87.248.118.24,443,tcp,107.25436799999989,3163.0,180577.0,SF,True,False,0,ShADadTfF,83,6500,197,188461,ssl,0
14172.371294,CCKcZg343qNVPkSUrf,10.0.2.15,54850,66.6.33.34,443,TLSv12,TLS_ECDHE_RSA_WITH_AES_128_GCM_SHA256,,px.srvcs.tumblr.com,True,True,CsiI,,,,1a5fe5677b0e4fbbc854e8908225637d,7bee5c1d424b7e5f943b06983bb11422,http/1.1,,14170.358929,10.0.2.15,54850,66.6.33.34,443,tcp,101.57201600000008,2428.0,1250.0,SF,True,False,0,ShADadTFf,20,3244,19,2014,ssl,0
14172.372689,CUfAvU3CL3UtxLF6wa,10.0.2.15,54849,87.248.118.25,443,TLSv12,TLS_ECDHE_RSA_WITH_AES_128_GCM_SHA256,,www.tumblr.com,True,True,CsiI,,,,1a5fe5677b0e4fbbc854e8908225637d,d199ba0af2b08e204c73d6d81a1fd260,http/1.1,,14170.351492,10.0.2.15,54849,87.248.118.25,443,tcp,10.959226999999371,599.0,187.0,SF,True,False,0,ShADadFfRr,9,967,9,551,ssl,0
14175.481055,CPOmv73pOEBKwoTSP,10.0.2.15,54853,54.247.165.156,443,TLSv12,TLS_ECDHE_RSA_WITH_AES_128_GCM_SHA256,secp256r1,beacon.krxd.net,False,True,CsxknGIi,"['801848f55bb97f055d1e2f3f6c8094cf12d7b6285a7ed7c20bf39440c6cb5f8e', '973a41276ffd01e027a2aad49e34c37846d3e976ff6a620b6712e33832041aa6', '3a2fbe92891e57fe05d57087f48e730f17e5a5f53ef403d618e5b74d7a7e6ecb', 'c3846bf24b9e93ca64274c0ec67c1ecc5e024ffcacd2d74019350e81fe546ae4']",[],1.0,0ffee3ba8e615ad22535e7f771690a28,303951d4c50efb2e991652225a6f02b1,,,14174.612175,10.0.2.15,54853,54.247.165.156,443,tcp,10.0105939999994,770.0,5273.0,SF,True,False,0,ShADadfF,11,1218,12,5757,ssl,0
14175.460501,CKbRqm1SSTP5rrU0Ye,10.0.2.15,54852,93.184.220.113,443,TLSv12,TLS_ECDHE_RSA_WITH_AES_128_GCM_SHA256,secp256r1,tags.crwdcntrl.net,False,True,CsxuknGIti,"['01abac41ff2430a09d598802a0878a768bc327b04a083fa1ec8335474a3e52aa', '154c433c491929c5ef686e838e323664a00e6a0d822ccc958fb4dab03e49a08f', '4348a0e9444c78cb265e058d5e8944b4d84f9662bd26db257f8934a443c70161']",[],1.0,0ffee3ba8e615ad22535e7f771690a28,49b45fc1ab090aa3a159778313fc9b9e,h2,,14174.597531,10.0.2.15,54852,93.184.220.113,443,tcp,96.24147100000118,2639.0,15772.0,RSTR,True,False,0,ShADadfRr,22,3527,30,16976,ssl,0
14175.46574,CbnfVm3EFBUUtU0oY9,10.0.2.15,54851,66.6.33.34,443,TLSv12,TLS_ECDHE_RSA_WITH_AES_128_GCM_SHA256,secp256r1,px.srvcs.tumblr.com,False,True,CsxknGIti,"['2fea0b29f94f12343a1e658d664b8050e24fc29fc0205c503dad0dd198273a44', '19400be5b7a31fb733917700789d2f0a2471c0c9d506c0e504c06c16d7cb17c0']",[],1.0,1a5fe5677b0e4fbbc854e8908225637d,b898351eb5e266aefd3723d466935494,http/1.1,,14174.594344,10.0.2.15,54851,66.6.33.34,443,tcp,97.64112300000124,2323.0,5075.0,SF,True,False,0,ShADadTFf,21,3179,22,5959,ssl,0
14177.694156,CbIwCk2LOMtx6Gfcjk,10.0.2.15,54857,217.12.13.40,443,TLSv12,TLS_ECDHE_RSA_WITH_AES_128_GCM_SHA256,secp256r1,geo.yahoo.com,False,True,CsxuknGIti,"['c91860d3ba8056c8450ca2899f5567603d28abba8a255de81e11829632379639', '19400be5b7a31fb733917700789d2f0a2471c0c9d506c0e504c06c16d7cb17c0']",[],1.0,0ffee3ba8e615ad22535e7f771690a28,76cc3e2d3028143b23ec18e27dbd7ca9,h2,,14176.295338,10.0.2.15,54857,217.12.13.40,443,tcp,6.224797000000763,496.0,5611.0,SF,True,False,0,ShADadfF,10,904,12,6095,ssl,0
14177.706699,C5JIol2IKVfuHfbbuf,10.0.2.15,54856,172.217.23.238,443,TLSv12,TLS_ECDHE_ECDSA_WITH_AES_128_GCM_SHA256,x25519,safebrowsing.google.com,False,True,CsxknGIti,"['11ddd329046367c19b32ffdb02ed308de129de4d6ffcf95856d7bd6a7accfba9', '9f630426df1d8abfd80ace98871ba833ab9742cb34838de2b5285ed54c0c7dcc', '3c35cc963eb004451323d3275d05b353235053490d9cd83729a2faf5e7ca1cc0']",[],1.0,0ffee3ba8e615ad22535e7f771690a28,84480cf8cf0e732666092640e581e1a5,h2,,14176.291925,10.0.2.15,54856,172.217.23.238,443,tcp,94.3041030000004,23898.0,5393.0,SF,True,False,0,ShADadFf,33,25226,36,6837,ssl,0
14177.724184,CSyf282HbOlOmFwC,10.0.2.15,54855,217.12.13.40,443,TLSv12,TLS_ECDHE_RSA_WITH_AES_128_GCM_SHA256,secp256r1,geo.yahoo.com,False,True,CsxuknGIti,"['c91860d3ba8056c8450ca2899f5567603d28abba8a255de81e11829632379639', '19400be5b7a31fb733917700789d2f0a2471c0c9d506c0e504c06c16d7cb17c0']",[],1.0,0ffee3ba8e615ad22535e7f771690a28,76cc3e2d3028143b23ec18e27dbd7ca9,h2,,14176.282967,10.0.2.15,54855,217.12.13.40,443,tcp,6.231093000000328,496.0,5611.0,SF,True,False,0,ShADadfF,10,904,13,6135,ssl,0
14180.936524,CdGAhz1MeDsNbciFS4,10.0.2.15,54858,87.248.118.23,443,TLSv12,TLS_ECDHE_RSA_WITH_AES_128_GCM_SHA256,secp256r1,s.yimg.com,False,True,CsxuknGIti,"['17c38c0774bea02f4d68cddbf13b5353fecf6187ce52c722477434573a17ee28', 'eae72eb454bf6c3977ebd289e970b2f5282949190093d0d26f98d0f0d6a9cf17']",[],1.0,0ffee3ba8e615ad22535e7f771690a28,76cc3e2d3028143b23ec18e27dbd7ca9,h2,,14180.079303,10.0.2.15,54858,87.248.118.23,443,tcp,90.74547799999893,864.0,95078.0,RSTR,True,False,0,ShADadfRr,41,2512,100,99082,ssl,0
14180.929101,CVkQfm3g0EDA3Hl8x5,10.0.2.15,54859,87.248.118.23,443,TLSv12,TLS_ECDHE_RSA_WITH_AES_128_GCM_SHA256,secp256r1,s.yimg.com,False,True,CsxuknGIti,"['17c38c0774bea02f4d68cddbf13b5353fecf6187ce52c722477434573a17ee28', 'eae72eb454bf6c3977ebd289e970b2f5282949190093d0d26f98d0f0d6a9cf17']",[],1.0,0ffee3ba8e615ad22535e7f771690a28,76cc3e2d3028143b23ec18e27dbd7ca9,h2,,14180.09156,10.0.2.15,54859,87.248.118.23,443,tcp,8.297316999998657,778.0,9461.0,SF,True,False,0,ShADadfF,15,1386,21,10305,ssl,0
14188.920237,CRPcYW23qB0NGG0Jdf,10.0.2.15,54862,54.247.165.156,443,TLSv12,TLS_ECDHE_RSA_WITH_AES_128_GCM_SHA256,,beacon.krxd.net,True,True,CsiI,,,,0ffee3ba8e615ad22535e7f771690a28,303951d4c50efb2e991652225a6f02b1,,,14188.49757,10.0.2.15,54862,54.247.165.156,443,tcp,3.138514000000214,727.0,707.0,SF,True,False,0,ShADadFf,8,1055,9,1071,ssl,0
14189.188115,CwQq5SlM1r0MpzF33,10.0.2.15,54863,172.217.23.238,443,TLSv12,TLS_ECDHE_ECDSA_WITH_AES_128_GCM_SHA256,,safebrowsing-cache.google.com,True,True,CsiI,,,,1a5fe5677b0e4fbbc854e8908225637d,c23237dbea656869600e48dfbd00ab7b,h2,,14188.918074,10.0.2.15,54863,172.217.23.238,443,tcp,82.57876300000135,1902.0,3791.0,SF,True,False,0,ShADadFf,24,2870,29,4955,ssl,0
14191.127047,CNnIQg3HxA9XzC5Xh5,10.0.2.15,54864,52.30.18.161,443,TLSv12,TLS_ECDHE_RSA_WITH_AES_128_GCM_SHA256,secp256r1,bcp.crwdcntrl.net,False,True,CsxknGIi,"['131513af4a65033acc7234be892849a35819b02b70aba4c428c133a0a88fdd2e', '973a41276ffd01e027a2aad49e34c37846d3e976ff6a620b6712e33832041aa6', '3a2fbe92891e57fe05d57087f48e730f17e5a5f53ef403d618e5b74d7a7e6ecb', 'c3846bf24b9e93ca64274c0ec67c1ecc5e024ffcacd2d74019350e81fe546ae4']",[],1.0,0ffee3ba8e615ad22535e7f771690a28,303951d4c50efb2e991652225a6f02b1,,,14191.067599,10.0.2.15,54864,52.30.18.161,443,tcp,81.01494599999933,8336.0,11982.0,SF,True,False,0,ShADadTFRfr,26,9390,33,13306,ssl,0
14192.420226,CmSC0VVrNMIip6zY7,10.0.2.15,54867,104.16.25.235,443,TLSv12,TLS_ECDHE_RSA_WITH_AES_128_GCM_SHA256,secp256r1,su.addthis.com,False,True,CsxuknGIti,"['2a7d536a35fd2aa422b5d3f15213e933f90355cf5e488a23d2ba9d2dc36ac69f', '154c433c491929c5ef686e838e323664a00e6a0d822ccc958fb4dab03e49a08f']",[],1.0,0ffee3ba8e615ad22535e7f771690a28,76cc3e2d3028143b23ec18e27dbd7ca9,h2,,14192.402317,10.0.2.15,54867,104.16.25.235,443,tcp,79.32775799999945,1529.0,4114.0,SF,True,False,0,ShADadFf,16,2177,18,4838,ssl,0
14192.80403,CokFo33IQS3jMVd5ff,10.0.2.15,54866,54.72.198.94,443,TLSv12,TLS_ECDHE_RSA_WITH_AES_128_GCM_SHA256,secp256r1,dpm.demdex.net,False,True,CsxknGIi,"['ab8f7b89fa3e472463832f1b07660350a24ba646789dce6dd09107fab1d86a12', '19400be5b7a31fb733917700789d2f0a2471c0c9d506c0e504c06c16d7cb17c0']",[],1.0,0ffee3ba8e615ad22535e7f771690a28,303951d4c50efb2e991652225a6f02b1,,,14192.397852,10.0.2.15,54866,54.72.198.94,443,tcp,71.68954300000041,5008.0,4649.0,SF,True,False,0,ShADadTFf,22,5902,22,5533,ssl,0
14192.808403,CiegCo28yoRzhwgyPc,10.0.2.15,54868,54.174.192.202,443,TLSv12,TLS_ECDHE_RSA_WITH_AES_128_GCM_SHA256,secp256r1,idsync.rlcdn.com,False,True,CsxknGIi,"['7c75ac9ac997d5af7e63eee4070015e373d07d15fa206505a14434fb86a90686', '973a41276ffd01e027a2aad49e34c37846d3e976ff6a620b6712e33832041aa6', '3a2fbe92891e57fe05d57087f48e730f17e5a5f53ef403d618e5b74d7a7e6ecb', 'c3846bf24b9e93ca64274c0ec67c1ecc5e024ffcacd2d74019350e81fe546ae4']",[],1.0,0ffee3ba8e615ad22535e7f771690a28,303951d4c50efb2e991652225a6f02b1,,,14192.425286,10.0.2.15,54868,54.174.192.202,443,tcp,71.73167400000057,2689.0,8115.0,SF,True,False,0,ShADadTFf,19,3462,22,8999,ssl,0
14193.756392,CQ6lce3IXmyAUD5H4c,10.0.2.15,54869,54.72.198.94,443,TLSv12,TLS_ECDHE_RSA_WITH_AES_128_GCM_SHA256,secp256r1,dpm.demdex.net,False,True,CsxknGIi,"['ab8f7b89fa3e472463832f1b07660350a24ba646789dce6dd09107fab1d86a12', '19400be5b7a31fb733917700789d2f0a2471c0c9d506c0e504c06c16d7cb17c0']",[],1.0,0ffee3ba8e615ad22535e7f771690a28,303951d4c50efb2e991652225a6f02b1,,,14192.814909,10.0.2.15,54869,54.72.198.94,443,tcp,7.314811000000191,380.0,3143.0,SF,True,False,0,ShADadFRfr,11,828,13,3667,ssl,0
14193.752437,C2TwJ82Wu58xyxWLE7,10.0.2.15,54870,54.174.192.202,443,TLSv12,TLS_ECDHE_RSA_WITH_AES_128_GCM_SHA256,secp256r1,idsync.rlcdn.com,False,True,CsxknGIi,"['7c75ac9ac997d5af7e63eee4070015e373d07d15fa206505a14434fb86a90686', '973a41276ffd01e027a2aad49e34c37846d3e976ff6a620b6712e33832041aa6', '3a2fbe92891e57fe05d57087f48e730f17e5a5f53ef403d618e5b74d7a7e6ecb', 'c3846bf24b9e93ca64274c0ec67c1ecc5e024ffcacd2d74019350e81fe546ae4']",[],1.0,0ffee3ba8e615ad22535e7f771690a28,303951d4c50efb2e991652225a6f02b1,,,14192.81554,10.0.2.15,54870,54.174.192.202,443,tcp,7.784379000000626,350.0,5275.0,SF,True,False,0,ShADadFRfr,12,838,14,5839,ssl,0
14194.865045,CHkJfN2UgkgyRU7iIf,10.0.2.15,54873,23.74.167.50,443,TLSv12,TLS_ECDHE_RSA_WITH_AES_256_GCM_SHA384,secp256r1,ak.sail-horizon.com,False,True,CsxknGIti,"['c2e64b92c6a7ce833a6375db2aa0425fde7144c33372df829b1b718f1104a375', '074541ecdf88ed992ed5ade3ecddef27a26ba1b44480a195c0a8dadae2521d8e']",[],1.0,0ffee3ba8e615ad22535e7f771690a28,2b33c1374db4ddf06942f92373c0b54b,http/1.1,,14194.808559,10.0.2.15,54873,23.74.167.50,443,tcp,77.12794100000065,697.0,20431.0,SF,True,False,0,ShADadTFf,23,1631,33,21755,ssl,0
14196.40598,CKnB963c0fCs65avv8,10.0.2.15,54872,31.13.71.7,443,TLSv12,TLS_ECDHE_ECDSA_WITH_AES_128_GCM_SHA256,secp256r1,connect.facebook.net,False,True,CsxknGIti,"['152151b387412a95ab90fd4664f2d98880408e9e43913124e4c91226a483386b', '19400be5b7a31fb733917700789d2f0a2471c0c9d506c0e504c06c16d7cb17c0']",[],1.0,0ffee3ba8e615ad22535e7f771690a28,2d1eb5817ece335c24904f516ad5da12,h2,,14194.80781,10.0.2.15,54872,31.13.71.7,443,tcp,75.97984999999971,889.0,5202.0,RSTR,True,False,0,ShADadfRr,19,1657,20,6006,ssl,0
14202.660826,C5vtgG3wQRXO4ZKux2,10.0.2.15,54879,176.58.89.38,443,TLSv12,TLS_ECDHE_RSA_WITH_AES_128_GCM_SHA256,secp256r1,i1-j4-20-1-1-13960-1112227355-s.init.cedexis-radar.net,False,True,CsxknGIti,"['aa60296e2eb7168b3475522e803ca48d2bb6cffb8b6eb3c27a9df638d895ce07', '973a41276ffd01e027a2aad49e34c37846d3e976ff6a620b6712e33832041aa6', '3a2fbe92891e57fe05d57087f48e730f17e5a5f53ef403d618e5b74d7a7e6ecb', 'c3846bf24b9e93ca64274c0ec67c1ecc5e024ffcacd2d74019350e81fe546ae4']",[],1.0,0ffee3ba8e615ad22535e7f771690a28,ccc514751b175866924439bdbb5bba34,,,14202.408593,10.0.2.15,54879,176.58.89.38,443,tcp,2.251623000000108,782.0,6252.0,SF,True,False,0,ShADadfF,11,1230,13,6776,ssl,0
14202.662812,CVGlze25eWwsttGzT2,10.0.2.15,54878,176.58.89.38,443,TLSv12,TLS_ECDHE_RSA_WITH_AES_128_GCM_SHA256,secp256r1,i1-j4-20-1-1-13960-1112227355-s.init.cedexis-radar.net,False,True,CsxknGIti,"['aa60296e2eb7168b3475522e803ca48d2bb6cffb8b6eb3c27a9df638d895ce07', '973a41276ffd01e027a2aad49e34c37846d3e976ff6a620b6712e33832041aa6', '3a2fbe92891e57fe05d57087f48e730f17e5a5f53ef403d618e5b74d7a7e6ecb', 'c3846bf24b9e93ca64274c0ec67c1ecc5e024ffcacd2d74019350e81fe546ae4']",[],1.0,0ffee3ba8e615ad22535e7f771690a28,ccc514751b175866924439bdbb5bba34,,,14202.403812,10.0.2.15,54878,176.58.89.38,443,tcp,5.190791999999419,357.0,5543.0,SF,True,False,0,ShADadfF,9,725,11,5987,ssl,0
14203.404208,ChhZ1w1fVqFJI6Bfad,10.0.2.15,54880,162.208.117.19,443,TLSv12,TLS_RSA_WITH_AES_128_CBC_SHA,,api.sail-personalize.com,False,True,CsxnGIi,"['973c23b661e02341fdc67d679b13adc687a0815143232cb2673006819099ab07', 'b9f2164323638dce0b92218b43c41c1b2b2696389329db19f5cf7ad49b5cb372', '1a5174980a294a528a110726d5855650266c48d9883bea692b67b6d726da98c5']",[],1.0,0ffee3ba8e615ad22535e7f771690a28,561f6f4eb311a85575d2d0a0a8232333,,,14203.09738,10.0.2.15,54880,162.208.117.19,443,tcp,34.47307400000136,1646.0,5457.0,SF,True,False,0,ShADadTfF,16,2296,17,6141,ssl,0
14203.406752,CZpf0q4At0A2ayD7b2,10.0.2.15,54883,162.208.117.19,443,TLSv12,TLS_RSA_WITH_AES_128_CBC_SHA,,api.sail-personalize.com,False,True,CsxnGIi,"['973c23b661e02341fdc67d679b13adc687a0815143232cb2673006819099ab07', 'b9f2164323638dce0b92218b43c41c1b2b2696389329db19f5cf7ad49b5cb372', '1a5174980a294a528a110726d5855650266c48d9883bea692b67b6d726da98c5']",[],1.0,0ffee3ba8e615ad22535e7f771690a28,561f6f4eb311a85575d2d0a0a8232333,,,14203.106027,10.0.2.15,54883,162.208.117.19,443,tcp,6.212819000000309,628.0,4423.0,SF,True,False,0,ShADadFf,10,1036,11,4867,ssl,0
14203.414437,CTvc2DCMY1w4Aeo19,10.0.2.15,54881,162.208.117.19,443,TLSv12,TLS_RSA_WITH_AES_128_CBC_SHA,,api.sail-personalize.com,False,True,CsxnGIi,"['973c23b661e02341fdc67d679b13adc687a0815143232cb2673006819099ab07', 'b9f2164323638dce0b92218b43c41c1b2b2696389329db19f5cf7ad49b5cb372', '1a5174980a294a528a110726d5855650266c48d9883bea692b67b6d726da98c5']",[],1.0,0ffee3ba8e615ad22535e7f771690a28,561f6f4eb311a85575d2d0a0a8232333,,,14203.099009,10.0.2.15,54881,162.208.117.19,443,tcp,6.207086000000345,628.0,4423.0,SF,True,False,0,ShADadFf,10,1036,11,4867,ssl,0
14203.408667,CP6w2X3tO3RDFg2Ib5,10.0.2.15,54882,31.13.66.36,443,TLSv12,TLS_ECDHE_ECDSA_WITH_AES_128_GCM_SHA256,secp256r1,www.facebook.com,False,True,CsxknGIti,"['152151b387412a95ab90fd4664f2d98880408e9e43913124e4c91226a483386b', '19400be5b7a31fb733917700789d2f0a2471c0c9d506c0e504c06c16d7cb17c0']",[],1.0,0ffee3ba8e615ad22535e7f771690a28,2d1eb5817ece335c24904f516ad5da12,h2,,14203.100011,10.0.2.15,54882,31.13.66.36,443,tcp,67.70237599999928,1944.0,4727.0,RSTR,True,False,0,ShADadfRr,19,2712,24,5691,ssl,0
14205.50937,CWOIX84DdpZirWXO7l,10.0.2.15,54890,35.186.244.130,443,TLSv12,TLS_ECDHE_RSA_WITH_AES_128_GCM_SHA256,x25519,rpt.cedexis.com,False,True,CsxknGIti,"['d4c65c9c175a7fdaf4db329f2f1c74ddf32f18b8c1db889a335726879f062992', '973a41276ffd01e027a2aad49e34c37846d3e976ff6a620b6712e33832041aa6', '3a2fbe92891e57fe05d57087f48e730f17e5a5f53ef403d618e5b74d7a7e6ecb', 'c3846bf24b9e93ca64274c0ec67c1ecc5e024ffcacd2d74019350e81fe546ae4']",[],1.0,0ffee3ba8e615ad22535e7f771690a28,ab41313cfec25328b20865eb1388e0a2,h2,,14205.036869,10.0.2.15,54890,35.186.244.130,443,tcp,66.68119500000103,7190.0,9488.0,SF,True,False,0,ShADadFf,70,9998,94,13252,ssl,0
14206.258625,CSyxHd2DFWuvlAGnK4,10.0.2.15,54891,103.6.85.35,443,TLSv12,TLS_ECDHE_RSA_WITH_AES_128_GCM_SHA256,secp256r1,radar.cedexis.com,False,True,CsxknGIti,"['d4c65c9c175a7fdaf4db329f2f1c74ddf32f18b8c1db889a335726879f062992', '973a41276ffd01e027a2aad49e34c37846d3e976ff6a620b6712e33832041aa6', '3a2fbe92891e57fe05d57087f48e730f17e5a5f53ef403d618e5b74d7a7e6ecb', 'c3846bf24b9e93ca64274c0ec67c1ecc5e024ffcacd2d74019350e81fe546ae4']",[],1.0,0ffee3ba8e615ad22535e7f771690a28,389ed42c02ebecc32e73aa31def07e14,,,14205.040204,10.0.2.15,54891,103.6.85.35,443,tcp,8.562522999998691,723.0,6501.0,SF,True,False,0,ShADadfF,11,1171,14,7065,ssl,0
14208.676465,CktUj41dpIhJr0Usr5,10.0.2.15,54892,87.248.118.23,443,TLSv12,TLS_ECDHE_RSA_WITH_AES_128_GCM_SHA256,secp256r1,full-ruler.secure.yahoo.com,False,True,CsxuknGIti,"['c91860d3ba8056c8450ca2899f5567603d28abba8a255de81e11829632379639', '19400be5b7a31fb733917700789d2f0a2471c0c9d506c0e504c06c16d7cb17c0']",[],1.0,0ffee3ba8e615ad22535e7f771690a28,76cc3e2d3028143b23ec18e27dbd7ca9,h2,,14208.639162,10.0.2.15,54892,87.248.118.23,443,tcp,62.16682899999978,1048.0,22063.0,RSTR,True,False,0,ShADadfRr,21,1896,32,23347,ssl,0
14209.685486,CXJxfn3tGMepXYPnEg,10.0.2.15,54893,8.254.218.6,443,TLSv12,TLS_ECDHE_RSA_WITH_AES_128_GCM_SHA256,secp256r1,level3ssl.optimicdn.com,False,True,CsxknGIti,"['3977e0e058e3e35fd10741cd7d1164cd3cd08e88e077b68427d8cb06cfec4b3a', 'b9f2164323638dce0b92218b43c41c1b2b2696389329db19f5cf7ad49b5cb372', '1a5174980a294a528a110726d5855650266c48d9883bea692b67b6d726da98c5']",[],1.0,0ffee3ba8e615ad22535e7f771690a28,389ed42c02ebecc32e73aa31def07e14,,,14209.650748,10.0.2.15,54893,8.254.218.6,443,tcp,62.39473999999973,1891.0,108707.0,SF,True,False,0,ShADadTFf,45,3704,116,113351,ssl,0
14211.05667,C7akHd4hu3edkCFxw8,10.0.2.15,54894,151.101.112.65,443,TLSv12,TLS_ECDHE_RSA_WITH_AES_128_GCM_SHA256,secp256r1,fastly.cedexis-test.com,False,True,CsxuknGIti,"['93a2b3b94358e0389282025c49b5627e6c61064fac73a9dc354d0921a8806737', '74ef335e5e18788307fb9d89cb704bec112abd23487dbff41c4ded5070f241d9']",[],1.0,0ffee3ba8e615ad22535e7f771690a28,860fcf58fd757e26aa8911e5eaff6b53,http/1.1,,14211.036262,10.0.2.15,54894,151.101.112.65,443,tcp,60.94732400000066,2903.0,112737.0,SF,True,False,0,ShADadTFRfr,54,5076,129,117901,ssl,0
14212.338496,CuVtvpdM9m6857P3g,10.0.2.15,54895,87.248.118.24,443,TLSv12,TLS_ECDHE_RSA_WITH_AES_128_GCM_SHA256,secp256r1,92.media.tumblr.com,False,True,CsxuknGIti,"['7f88ab27579a58a0762da670d9e5a2107b86bebe85a95693b13d39372c031c0f', '19400be5b7a31fb733917700789d2f0a2471c0c9d506c0e504c06c16d7cb17c0']",[],1.0,0ffee3ba8e615ad22535e7f771690a28,76cc3e2d3028143b23ec18e27dbd7ca9,http/1.1,,14212.295805,10.0.2.15,54895,87.248.118.24,443,tcp,59.666220999999496,2768.0,108537.0,SF,True,False,0,ShADadTFf,47,4661,118,113261,ssl,0
14213.670231,CJwh4m4Aq44xBet2a1,10.0.2.15,54896,178.79.243.143,443,TLSv12,TLS_ECDHE_RSA_WITH_AES_256_GCM_SHA384,secp256r1,limelight-ssl.cedexis-test.com,False,True,CsxknGIti,"['a8b7c5809cee8c832bf63e12879481a7dd7eee6b012502c53002d27ffc498dad', '973a41276ffd01e027a2aad49e34c37846d3e976ff6a620b6712e33832041aa6']",[],1.0,0ffee3ba8e615ad22535e7f771690a28,2b33c1374db4ddf06942f92373c0b54b,http/1.1,,14213.625223,10.0.2.15,54896,178.79.243.143,443,tcp,58.3199110000005,3120.0,109731.0,SF,True,False,0,ShADadTFf,46,4973,118,114455,ssl,0
14216.169659,Cfk9we4GYtNTZ2pYke,10.0.2.15,54897,216.137.61.123,443,TLSv12,TLS_ECDHE_RSA_WITH_AES_128_GCM_SHA256,secp256r1,deazs14tb5j7o.cloudfront.net,False,True,CsxuknGIti,"['90c0937808b31877df6c4a5c743c99325d974624be3735faa5078cf73d4fd205', 'eae72eb454bf6c3977ebd289e970b2f5282949190093d0d26f98d0f0d6a9cf17']",[],1.0,0ffee3ba8e615ad22535e7f771690a28,76cc3e2d3028143b23ec18e27dbd7ca9,http/1.1,,14216.119509,10.0.2.15,54897,216.137.61.123,443,tcp,55.8255680000002,3060.0,111597.0,SF,True,False,0,ShADadTFf,52,5153,126,116641,ssl,0
14218.323655,CBt5jtQvUgWw8fSk9,10.0.2.15,54898,95.101.245.191,443,TLSv12,TLS_ECDHE_RSA_WITH_AES_256_GCM_SHA384,secp256r1,media-akam.licdn.com,False,True,CsxknGIti,"['8d45c7900387966bb4edbae21f740eeb29f10596dc130cd10afde8b075e4d991', '154c433c491929c5ef686e838e323664a00e6a0d822ccc958fb4dab03e49a08f', '4348a0e9444c78cb265e058d5e8944b4d84f9662bd26db257f8934a443c70161']",[],1.0,0ffee3ba8e615ad22535e7f771690a28,2b33c1374db4ddf06942f92373c0b54b,http/1.1,,14218.287489,10.0.2.15,54898,95.101.245.191,443,tcp,50.44091599999956,1876.0,108458.0,SF,True,False,0,ShADadTFftR,42,3568,114,113053,ssl,0
14219.011664,Cqgtma4qGfD8juAPw7,10.0.2.15,54899,172.217.23.194,443,TLSv12,TLS_ECDHE_ECDSA_WITH_AES_128_GCM_SHA256,x25519,pagead2.googlesyndication.com,False,True,CsxknGIti,"['7dab2c14c2154b93fe35063ca1c26a233a78ca71cbb2bca391546edc16638392', '9f630426df1d8abfd80ace98871ba833ab9742cb34838de2b5285ed54c0c7dcc', '3c35cc963eb004451323d3275d05b353235053490d9cd83729a2faf5e7ca1cc0']",[],1.0,0ffee3ba8e615ad22535e7f771690a28,84480cf8cf0e732666092640e581e1a5,h2,,14218.999963,10.0.2.15,54899,172.217.23.194,443,tcp,52.55124799999976,4101.0,22468.0,SF,True,False,0,ShADadFf,38,5629,54,24632,ssl,0
14222.40579,CvX9Ss4rAdS6jvJJs6,10.0.2.15,54905,54.192.95.26,443,TLSv12,TLS_ECDHE_RSA_WITH_AES_128_GCM_SHA256,secp256r1,images-na.ssl-images-amazon.com,False,True,CsxuknGIti,"['dfaec972f5bc4e0f826f83a717b7409e3ae5b1a7f64ab3a981684ef0f73e37b4', 'eae72eb454bf6c3977ebd289e970b2f5282949190093d0d26f98d0f0d6a9cf17']",[],0.0,0ffee3ba8e615ad22535e7f771690a28,76cc3e2d3028143b23ec18e27dbd7ca9,http/1.1,,14222.360547,10.0.2.15,54905,54.192.95.26,443,tcp,49.16783600000053,1109.0,20355.0,SF,True,False,0,ShADadTFf,23,2041,34,21719,ssl,0
14222.414585,CDc6uq3KOLczqJPNG3,10.0.2.15,54904,54.192.95.26,443,TLSv12,TLS_ECDHE_RSA_WITH_AES_128_GCM_SHA256,secp256r1,images-na.ssl-images-amazon.com,False,True,CsxuknGIti,"['dfaec972f5bc4e0f826f83a717b7409e3ae5b1a7f64ab3a981684ef0f73e37b4', 'eae72eb454bf6c3977ebd289e970b2f5282949190093d0d26f98d0f0d6a9cf17']",[],0.0,0ffee3ba8e615ad22535e7f771690a28,76cc3e2d3028143b23ec18e27dbd7ca9,http/1.1,,14222.358708,10.0.2.15,54904,54.192.95.26,443,tcp,48.3997130000007,1111.0,22082.0,SF,True,False,0,ShADadTFf,23,2043,35,23486,ssl,0
14222.418939,C8hBZwD8ydykAZ7ce,10.0.2.15,54903,54.192.95.26,443,TLSv12,TLS_ECDHE_RSA_WITH_AES_128_GCM_SHA256,secp256r1,images-na.ssl-images-amazon.com,False,True,CsxuknGIti,"['dfaec972f5bc4e0f826f83a717b7409e3ae5b1a7f64ab3a981684ef0f73e37b4', 'eae72eb454bf6c3977ebd289e970b2f5282949190093d0d26f98d0f0d6a9cf17']",[],0.0,0ffee3ba8e615ad22535e7f771690a28,76cc3e2d3028143b23ec18e27dbd7ca9,http/1.1,,14222.356532,10.0.2.15,54903,54.192.95.26,443,tcp,49.65417399999933,737.0,15162.0,SF,True,False,0,ShADadTFf,17,1429,24,16126,ssl,0
14222.390834,CRezjx2qoq4V4x2sjh,10.0.2.15,54902,54.192.95.26,443,TLSv12,TLS_ECDHE_RSA_WITH_AES_128_GCM_SHA256,secp256r1,images-na.ssl-images-amazon.com,False,True,CsxuknGIti,"['dfaec972f5bc4e0f826f83a717b7409e3ae5b1a7f64ab3a981684ef0f73e37b4', 'eae72eb454bf6c3977ebd289e970b2f5282949190093d0d26f98d0f0d6a9cf17']",[],0.0,0ffee3ba8e615ad22535e7f771690a28,76cc3e2d3028143b23ec18e27dbd7ca9,http/1.1,,14222.353647,10.0.2.15,54902,54.192.95.26,443,tcp,49.1712979999993,737.0,14582.0,SF,True,False,0,ShADadTFf,17,1429,25,15586,ssl,0
14222.396538,CnTt8u3lUicKhtdkZ9,10.0.2.15,54901,54.192.95.26,443,TLSv12,TLS_ECDHE_RSA_WITH_AES_128_GCM_SHA256,secp256r1,images-na.ssl-images-amazon.com,False,True,CsxuknGIti,"['dfaec972f5bc4e0f826f83a717b7409e3ae5b1a7f64ab3a981684ef0f73e37b4', 'eae72eb454bf6c3977ebd289e970b2f5282949190093d0d26f98d0f0d6a9cf17']",[],0.0,0ffee3ba8e615ad22535e7f771690a28,76cc3e2d3028143b23ec18e27dbd7ca9,http/1.1,,14222.350403,10.0.2.15,54901,54.192.95.26,443,tcp,48.40806599999996,737.0,12675.0,SF,True,False,0,ShADadTFf,18,1469,25,13679,ssl,0
14222.402167,C5R3lBY2hxLWiNRhh,10.0.2.15,54900,54.192.95.26,443,TLSv12,TLS_ECDHE_RSA_WITH_AES_128_GCM_SHA256,secp256r1,images-na.ssl-images-amazon.com,False,True,CsxuknGIti,"['dfaec972f5bc4e0f826f83a717b7409e3ae5b1a7f64ab3a981684ef0f73e37b4', 'eae72eb454bf6c3977ebd289e970b2f5282949190093d0d26f98d0f0d6a9cf17']",[],0.0,0ffee3ba8e615ad22535e7f771690a28,76cc3e2d3028143b23ec18e27dbd7ca9,http/1.1,,14222.349342,10.0.2.15,54900,54.192.95.26,443,tcp,49.63418900000033,737.0,15013.0,SF,True,False,0,ShADadTFf,17,1429,24,15977,ssl,0
14222.816061,CYXcL64L6qBqhAffg1,10.0.2.15,54906,52.94.218.7,443,TLSv12,TLS_ECDHE_RSA_WITH_AES_128_GCM_SHA256,secp256r1,aax.amazon-adsystem.com,False,True,CsxuknGIi,"['0b4e7df09d4f64b59af32ee16a71ad7d8947ded5f2a2bd4acfcc9f187fdf36c9', 'eae72eb454bf6c3977ebd289e970b2f5282949190093d0d26f98d0f0d6a9cf17']",[],1.0,0ffee3ba8e615ad22535e7f771690a28,2b1f517a72b7346c86d59ef328167d49,,,14222.421087,10.0.2.15,54906,52.94.218.7,443,tcp,46.31234899999981,1163.0,5280.0,SF,True,False,0,ShADadTFf,16,1815,19,6044,ssl,0
14224.003756,C0NoFo2w8GLCMEfOd5,10.0.2.15,54910,52.94.218.7,443,TLSv12,TLS_ECDHE_RSA_WITH_AES_128_GCM_SHA256,,aax.amazon-adsystem.com,True,True,CsiI,,,,0ffee3ba8e615ad22535e7f771690a28,c6227321ea7621862dc7b7351771a62c,,,14223.537358,10.0.2.15,54910,52.94.218.7,443,tcp,47.20253299999968,1173.0,364.0,SF,True,False,0,ShADadTFf,13,1705,13,888,ssl,0
14224.005792,CugVoEVbMUU2wISa,10.0.2.15,54909,52.94.218.7,443,TLSv12,TLS_ECDHE_RSA_WITH_AES_128_GCM_SHA256,,aax.amazon-adsystem.com,True,True,CsiI,,,,0ffee3ba8e615ad22535e7f771690a28,c6227321ea7621862dc7b7351771a62c,,,14223.536874,10.0.2.15,54909,52.94.218.7,443,tcp,7.033844000001409,314.0,141.0,SF,True,False,0,ShADadFf,8,642,7,425,ssl,0
14224.025153,CEis2o4RUadL8JrKG9,10.0.2.15,54907,130.211.12.53,443,TLSv12,TLS_ECDHE_RSA_WITH_AES_128_GCM_SHA256,x25519,benchmark.1e100cdn.net,False,True,CsxknGIti,"['10a9c2acef7f5ca5371d7a31dfc962434a2bf865cf4d181f2b8c1adfdc84048a', '9f630426df1d8abfd80ace98871ba833ab9742cb34838de2b5285ed54c0c7dcc', '3c35cc963eb004451323d3275d05b353235053490d9cd83729a2faf5e7ca1cc0']",[],1.0,0ffee3ba8e615ad22535e7f771690a28,ab41313cfec25328b20865eb1388e0a2,h2,,14223.534478,10.0.2.15,54907,130.211.12.53,443,tcp,45.124885999999606,570.0,3913.0,SF,True,False,0,ShADadFf,14,1138,15,4517,ssl,0
14224.018158,C0ZPLl2MD5LOS2lBCl,10.0.2.15,54908,130.211.12.53,443,TLSv12,TLS_ECDHE_RSA_WITH_AES_128_GCM_SHA256,x25519,benchmark.1e100cdn.net,False,False,Csxkn,"['10a9c2acef7f5ca5371d7a31dfc962434a2bf865cf4d181f2b8c1adfdc84048a', '9f630426df1d8abfd80ace98871ba833ab9742cb34838de2b5285ed54c0c7dcc', '3c35cc963eb004451323d3275d05b353235053490d9cd83729a2faf5e7ca1cc0']",[],1.0,0ffee3ba8e615ad22535e7f771690a28,ab41313cfec25328b20865eb1388e0a2,h2,,14223.536013,10.0.2.15,54908,130.211.12.53,443,tcp,0.702811999999539,199.0,3515.0,RSTO,True,False,0,ShADadR,6,447,6,3759,ssl,0
14232.720402,CFuNt44910mA6qAvC1,10.0.2.15,54911,217.12.15.54,443,TLSv12,TLS_ECDHE_RSA_WITH_AES_128_GCM_SHA256,secp256r1,cookiex.ngd.yahoo.com,False,True,CsxknGIti,"['aaab982de106f191dd3d06d3f44eada0b8a2b0a6692636e9ff628a677f3eb65c', 'eae72eb454bf6c3977ebd289e970b2f5282949190093d0d26f98d0f0d6a9cf17']",[],1.0,1a5fe5677b0e4fbbc854e8908225637d,389ed42c02ebecc32e73aa31def07e14,,,14232.674644,10.0.2.15,54911,217.12.15.54,443,tcp,16.25821899999937,1145.0,4218.0,SF,True,False,0,ShADadTfF,12,1634,14,4782,ssl,0
14233.490474,CB7Wpd4mMl8VKTSzl,10.0.2.15,54912,217.12.13.41,443,TLSv12,TLS_ECDHE_RSA_WITH_AES_128_GCM_SHA256,,udc.yahoo.com,True,True,CsiI,,,,1a5fe5677b0e4fbbc854e8908225637d,d199ba0af2b08e204c73d6d81a1fd260,h2,,14233.305416,10.0.2.15,54912,217.12.13.41,443,tcp,37.54249700000037,5361.0,3827.0,RSTR,True,False,0,ShADadfRr,25,6369,29,4991,ssl,0
14239.293868,CZlhGm2a5Okg3NlzU8,10.0.2.15,54913,151.101.112.129,443,TLSv12,TLS_ECDHE_RSA_WITH_AES_128_GCM_SHA256,,s.skimresources.com,True,True,CsiI,,,,1a5fe5677b0e4fbbc854e8908225637d,73af335fe09e39201fe5051320f25083,http/1.1,,14239.271395,10.0.2.15,54913,151.101.112.129,443,tcp,32.779561999999714,1406.0,21101.0,SF,True,False,0,ShADadTFfRr,19,2176,32,22385,ssl,0
14239.993813,C6DYIvdfYEQ4JJcC6,10.0.2.15,54915,54.194.99.187,443,TLSv12,TLS_ECDHE_RSA_WITH_AES_128_GCM_SHA256,secp256r1,p.skimresources.com,False,True,CsxknGIi,"['1a611f2a3f3fdc248d84b3738af1c96f26d3141bbc74ed02f544728bf0a5d068', '154c433c491929c5ef686e838e323664a00e6a0d822ccc958fb4dab03e49a08f']",[],1.0,0ffee3ba8e615ad22535e7f771690a28,303951d4c50efb2e991652225a6f02b1,,,14239.933796,10.0.2.15,54915,54.194.99.187,443,tcp,28.75434800000039,1196.0,3375.0,SF,True,False,0,ShADadTFftR,14,1766,16,4050,ssl,0
14239.984562,C5R7mc122U5Vb0hK1c,10.0.2.15,54914,54.194.99.187,443,TLSv12,TLS_ECDHE_RSA_WITH_AES_128_GCM_SHA256,secp256r1,p.skimresources.com,False,True,CsxknGIi,"['1a611f2a3f3fdc248d84b3738af1c96f26d3141bbc74ed02f544728bf0a5d068', '154c433c491929c5ef686e838e323664a00e6a0d822ccc958fb4dab03e49a08f']",[],1.0,0ffee3ba8e615ad22535e7f771690a28,303951d4c50efb2e991652225a6f02b1,,,14239.931062,10.0.2.15,54914,54.194.99.187,443,tcp,32.116518000000724,1196.0,3375.0,SF,True,False,0,ShADadTFfRr,14,1766,17,4059,ssl,0
14240.017395,Cxu70l3HZzh9smNnmi,10.0.2.15,54916,52.30.58.217,443,TLSv12,TLS_ECDHE_RSA_WITH_AES_128_GCM_SHA256,secp256r1,r.skimresources.com,False,True,CsxknGIi,"['caa8c2f1a990107a717080115f60a4a96012ff04d07014ab0c049da6d3c7e3ff', 'f55f9ffcb83c73453261601c7e044db15a0f034b93c05830f28635ef889cf670', '87dcd4dc74640a322cd205552506d1be64f12596258096544986b4850bc72706', '28689b30e4c306aab53b027b29e36ad6dd1dcf4b953994482ca84bdc1ecac996']",[],1.0,0ffee3ba8e615ad22535e7f771690a28,303951d4c50efb2e991652225a6f02b1,,,14239.958665,10.0.2.15,54916,52.30.58.217,443,tcp,32.127754999999524,1451.0,6070.0,SF,True,False,0,ShADadTFRfr,15,2061,17,6754,ssl,0
14240.459654,C3mUXg1UuCLXjGnBN7,10.0.2.15,54917,54.194.99.187,443,TLSv12,TLS_ECDHE_RSA_WITH_AES_128_GCM_SHA256,secp256r1,p.skimresources.com,False,True,CsxknGIi,"['1a611f2a3f3fdc248d84b3738af1c96f26d3141bbc74ed02f544728bf0a5d068', '154c433c491929c5ef686e838e323664a00e6a0d822ccc958fb4dab03e49a08f']",[],1.0,0ffee3ba8e615ad22535e7f771690a28,303951d4c50efb2e991652225a6f02b1,,,14239.996333,10.0.2.15,54917,54.194.99.187,443,tcp,6.303780000000188,385.0,3032.0,RSTO,True,False,0,ShADadFR,10,793,11,3476,ssl,0
14243.594607,CTxLCJ1Go0HJcGL1jl,10.0.2.15,54920,141.170.25.55,443,TLSv12,TLS_RSA_WITH_AES_128_CBC_SHA,,a.ctnsnet.com,False,True,CsxnGIti,"['545b51874de5b6606f99dee1300808eecf6c178d40b5957371bfde96456f36a0', '154c433c491929c5ef686e838e323664a00e6a0d822ccc958fb4dab03e49a08f']",[],1.0,0ffee3ba8e615ad22535e7f771690a28,c67e8b533a9001ce4e36883b8d3489c4,,,14243.551404,10.0.2.15,54920,141.170.25.55,443,tcp,0.705368999999336,3481.0,8132.0,SF,True,False,0,ShADadfF,11,3929,15,8736,ssl,0
14244.865647,C3JJxa16ri3jcViYRe,10.0.2.15,54921,52.17.141.148,443,TLSv12,TLS_ECDHE_RSA_WITH_AES_128_GCM_SHA256,secp256r1,t.skimresources.com,False,True,CsxknGIi,"['1a611f2a3f3fdc248d84b3738af1c96f26d3141bbc74ed02f544728bf0a5d068', '154c433c491929c5ef686e838e323664a00e6a0d822ccc958fb4dab03e49a08f']",[],1.0,0ffee3ba8e615ad22535e7f771690a28,303951d4c50efb2e991652225a6f02b1,,,14244.812326,10.0.2.15,54921,52.17.141.148,443,tcp,27.299552000000403,2681.0,3589.0,SF,True,False,0,ShADadTFfRr,15,3291,17,4273,ssl,0
14244.889736,CSb11YglckzFgKuNi,10.0.2.15,54922,52.17.141.148,443,TLSv12,TLS_ECDHE_RSA_WITH_AES_128_GCM_SHA256,secp256r1,t.skimresources.com,False,True,CsxknGIi,"['1a611f2a3f3fdc248d84b3738af1c96f26d3141bbc74ed02f544728bf0a5d068', '154c433c491929c5ef686e838e323664a00e6a0d822ccc958fb4dab03e49a08f']",[],1.0,0ffee3ba8e615ad22535e7f771690a28,303951d4c50efb2e991652225a6f02b1,,,14244.814197,10.0.2.15,54922,52.17.141.148,443,tcp,27.255267000000455,1383.0,3589.0,SF,True,False,0,ShADadTFfRr,14,1953,17,4273,ssl,0
14244.957721,CXqCGM1gNo9mIgtrif,10.0.2.15,54923,52.17.141.148,443,TLSv12,TLS_ECDHE_RSA_WITH_AES_128_GCM_SHA256,secp256r1,t.skimresources.com,False,True,CsxknGIi,"['1a611f2a3f3fdc248d84b3738af1c96f26d3141bbc74ed02f544728bf0a5d068', '154c433c491929c5ef686e838e323664a00e6a0d822ccc958fb4dab03e49a08f']",[],1.0,0ffee3ba8e615ad22535e7f771690a28,303951d4c50efb2e991652225a6f02b1,,,14244.883131,10.0.2.15,54923,52.17.141.148,443,tcp,11.616525999999794,385.0,3032.0,SF,True,False,0,ShADadTFfRr,12,874,14,3596,ssl,0
14246.073793,Cmb4Cbnp8royiKE66,10.0.2.15,54930,185.180.14.162,443,TLSv12,TLS_ECDHE_RSA_WITH_AES_128_GCM_SHA256,secp256r1,cdn.ctnsnet.com,False,True,CsxknGIti,"['91d33a9ba8c1da55c448f827ce4aca985862086505a89a431e51e4729002865b', '154c433c491929c5ef686e838e323664a00e6a0d822ccc958fb4dab03e49a08f']",[],1.0,0ffee3ba8e615ad22535e7f771690a28,8d2a028aa94425f76ced7826b1f39039,h2,,14245.797654,10.0.2.15,54930,185.180.14.162,443,tcp,22.890456999999515,4178.0,124850.0,SF,True,False,0,ShADadFf,55,6386,137,130334,ssl,0
14246.075794,CZugJM1QJTCyOwPaNh,10.0.2.15,54927,141.170.25.55,443,TLSv12,TLS_RSA_WITH_AES_128_CBC_SHA,,a.ctnsnet.com,True,True,CsiI,,,,1a5fe5677b0e4fbbc854e8908225637d,573a9f3f80037fb40d481e2054def5bb,,,14245.794812,10.0.2.15,54927,141.170.25.55,443,tcp,2.182446999999229,1973.0,1099.0,SF,True,False,0,ShADadfF,7,2261,8,1423,ssl,0
14246.074389,C7RLJ94zNnGJUGkiL2,10.0.2.15,54929,141.170.25.55,443,TLSv12,TLS_RSA_WITH_AES_128_CBC_SHA,,a.ctnsnet.com,False,True,CsxnGIti,"['545b51874de5b6606f99dee1300808eecf6c178d40b5957371bfde96456f36a0', '154c433c491929c5ef686e838e323664a00e6a0d822ccc958fb4dab03e49a08f']",[],1.0,1a5fe5677b0e4fbbc854e8908225637d,c67e8b533a9001ce4e36883b8d3489c4,,,14245.796345,10.0.2.15,54929,141.170.25.55,443,tcp,3.657903999999689,4064.0,5364.0,SF,True,False,0,ShADadfF,12,4552,14,5928,ssl,0
14246.077573,CFmRh7pHt0DUVmwJd,10.0.2.15,54926,217.31.54.18,443,TLSv12,TLS_RSA_WITH_AES_128_CBC_SHA,,gdecz.hit.gemius.pl,False,True,CsxnGIti,"['145eeb1e82a0925b3b08f380e5cd1165fe82f2c20f8c816bcb36db7a7d125f96', '3f3af9c9cc2c7599ef8f6dd7ca516cfc1797d7d12002254f3bfd0d4d0fe9de86']",[],1.0,0ffee3ba8e615ad22535e7f771690a28,c67e8b533a9001ce4e36883b8d3489c4,,,14245.794195,10.0.2.15,54926,217.31.54.18,443,tcp,26.19346399999995,4830.0,4700.0,SF,True,False,0,ShADadFf,15,5438,15,5304,ssl,0
14246.07509,CaWPKD1tXjTjaFnWKh,10.0.2.15,54928,69.172.216.55,443,TLSv12,TLS_ECDHE_RSA_WITH_AES_128_GCM_SHA256,secp256r1,pixel.adsafeprotected.com,False,True,CsxknGIti,"['2883331a8fbeed598390c6c5e24f65c9c90ce58027c1b02b57604432120f5e4f', 'bc3f03a436240edba5f83714f6f677e34b37f9b1f0c08c1e558d981e279e8209']",[],1.0,0ffee3ba8e615ad22535e7f771690a28,8d2a028aa94425f76ced7826b1f39039,http/1.1,,14245.795581,10.0.2.15,54928,69.172.216.55,443,tcp,7.738735999999335,1577.0,53719.0,SF,True,False,0,ShADadfF,25,2585,60,56123,ssl,0
14246.078662,CLUB3Fq8n1VMDbo23,10.0.2.15,54925,162.208.117.19,443,TLSv12,TLS_RSA_WITH_AES_128_CBC_SHA,,api.sail-personalize.com,False,True,CsxnGIi,"['973c23b661e02341fdc67d679b13adc687a0815143232cb2673006819099ab07', 'b9f2164323638dce0b92218b43c41c1b2b2696389329db19f5cf7ad49b5cb372', '1a5174980a294a528a110726d5855650266c48d9883bea692b67b6d726da98c5']",[],1.0,0ffee3ba8e615ad22535e7f771690a28,561f6f4eb311a85575d2d0a0a8232333,,,14245.793288,10.0.2.15,54925,162.208.117.19,443,tcp,23.01196699999855,1774.0,5489.0,SF,True,False,0,ShADadTFf,15,2383,17,6173,ssl,0
14246.079265,CaVZBTxyPW9tdU9K9,10.0.2.15,54924,162.208.117.19,443,TLSv12,TLS_RSA_WITH_AES_128_CBC_SHA,,api.sail-personalize.com,False,True,CsxnGIi,"['973c23b661e02341fdc67d679b13adc687a0815143232cb2673006819099ab07', 'b9f2164323638dce0b92218b43c41c1b2b2696389329db19f5cf7ad49b5cb372', '1a5174980a294a528a110726d5855650266c48d9883bea692b67b6d726da98c5']",[],1.0,0ffee3ba8e615ad22535e7f771690a28,561f6f4eb311a85575d2d0a0a8232333,,,14245.79254,10.0.2.15,54924,162.208.117.19,443,tcp,8.46381399999882,628.0,4423.0,SF,True,False,0,ShADadFf,10,1036,11,4867,ssl,0
14246.357418,CvalXY3hzhhNEZOq28,10.0.2.15,54931,141.170.25.55,443,TLSv12,TLS_RSA_WITH_AES_128_CBC_SHA,,a.ctnsnet.com,False,True,CsxnGIti,"['545b51874de5b6606f99dee1300808eecf6c178d40b5957371bfde96456f36a0', '154c433c491929c5ef686e838e323664a00e6a0d822ccc958fb4dab03e49a08f']",[],1.0,0ffee3ba8e615ad22535e7f771690a28,c67e8b533a9001ce4e36883b8d3489c4,,,14246.081566,10.0.2.15,54931,141.170.25.55,443,tcp,10.403728999999656,585.0,2858.0,SF,True,False,0,ShADadFf,9,953,9,3222,ssl,0
14246.384783,ClLxfk3MioEN4J0tc1,10.0.2.15,54933,217.31.54.18,443,TLSv12,TLS_RSA_WITH_AES_128_CBC_SHA,,gdecz.hit.gemius.pl,False,True,CsxnGIti,"['145eeb1e82a0925b3b08f380e5cd1165fe82f2c20f8c816bcb36db7a7d125f96', '3f3af9c9cc2c7599ef8f6dd7ca516cfc1797d7d12002254f3bfd0d4d0fe9de86']",[],1.0,0ffee3ba8e615ad22535e7f771690a28,c67e8b533a9001ce4e36883b8d3489c4,,,14246.083236,10.0.2.15,54933,217.31.54.18,443,tcp,9.516179000000191,591.0,2818.0,SF,True,False,0,ShADadFRfr,10,999,11,3262,ssl,0
14246.378425,Cnxvur2ydU2kV8Oz66,10.0.2.15,54934,69.172.216.55,443,TLSv12,TLS_ECDHE_RSA_WITH_AES_128_GCM_SHA256,secp256r1,pixel.adsafeprotected.com,False,True,CsxknGIti,"['2883331a8fbeed598390c6c5e24f65c9c90ce58027c1b02b57604432120f5e4f', 'bc3f03a436240edba5f83714f6f677e34b37f9b1f0c08c1e558d981e279e8209']",[],1.0,0ffee3ba8e615ad22535e7f771690a28,8d2a028aa94425f76ced7826b1f39039,http/1.1,,14246.085826,10.0.2.15,54934,69.172.216.55,443,tcp,7.673315000000002,391.0,3007.0,SF,True,False,0,ShADadFf,9,759,9,3371,ssl,0
14246.390289,CyNhnD1wKGPlspcH3d,10.0.2.15,54932,141.170.25.55,443,TLSv12,TLS_RSA_WITH_AES_128_CBC_SHA,,a.ctnsnet.com,False,True,CsxnGIti,"['545b51874de5b6606f99dee1300808eecf6c178d40b5957371bfde96456f36a0', '154c433c491929c5ef686e838e323664a00e6a0d822ccc958fb4dab03e49a08f']",[],1.0,0ffee3ba8e615ad22535e7f771690a28,c67e8b533a9001ce4e36883b8d3489c4,,,14246.082695,10.0.2.15,54932,141.170.25.55,443,tcp,9.942079000000376,585.0,2858.0,SF,True,False,0,ShADadFf,9,953,9,3222,ssl,0
14247.184203,C56pBOnbJxKjAQep2,10.0.2.15,54935,162.208.117.19,443,TLSv12,TLS_RSA_WITH_AES_128_CBC_SHA,,api.sail-personalize.com,False,True,CsxnGIi,"['973c23b661e02341fdc67d679b13adc687a0815143232cb2673006819099ab07', 'b9f2164323638dce0b92218b43c41c1b2b2696389329db19f5cf7ad49b5cb372', '1a5174980a294a528a110726d5855650266c48d9883bea692b67b6d726da98c5']",[],1.0,0ffee3ba8e615ad22535e7f771690a28,561f6f4eb311a85575d2d0a0a8232333,,,14246.396148,10.0.2.15,54935,162.208.117.19,443,tcp,9.963705000000118,628.0,4423.0,SF,True,False,0,ShADadFf,10,1036,11,4867,ssl,0
14248.142871,CLVE3P3ci7YDKJ8D7j,10.0.2.15,54936,176.58.89.100,443,TLSv12,TLS_ECDHE_RSA_WITH_AES_128_GCM_SHA256,secp256r1,i1-j4-20-1-1-13960-2268576249-s.init.cedexis-radar.net,False,True,CsxknGIti,"['aa60296e2eb7168b3475522e803ca48d2bb6cffb8b6eb3c27a9df638d895ce07', '973a41276ffd01e027a2aad49e34c37846d3e976ff6a620b6712e33832041aa6', '3a2fbe92891e57fe05d57087f48e730f17e5a5f53ef403d618e5b74d7a7e6ecb', 'c3846bf24b9e93ca64274c0ec67c1ecc5e024ffcacd2d74019350e81fe546ae4']",[],1.0,0ffee3ba8e615ad22535e7f771690a28,ccc514751b175866924439bdbb5bba34,,,14247.186999,10.0.2.15,54936,176.58.89.100,443,tcp,5.221792000000278,357.0,5543.0,SF,True,False,0,ShADadfF,9,725,12,6027,ssl,0
14248.139591,CKKCsv4jv0f52VoJW3,10.0.2.15,54937,176.58.89.100,443,TLSv12,TLS_ECDHE_RSA_WITH_AES_128_GCM_SHA256,secp256r1,i1-j4-20-1-1-13960-2268576249-s.init.cedexis-radar.net,False,True,CsxknGIti,"['aa60296e2eb7168b3475522e803ca48d2bb6cffb8b6eb3c27a9df638d895ce07', '973a41276ffd01e027a2aad49e34c37846d3e976ff6a620b6712e33832041aa6', '3a2fbe92891e57fe05d57087f48e730f17e5a5f53ef403d618e5b74d7a7e6ecb', 'c3846bf24b9e93ca64274c0ec67c1ecc5e024ffcacd2d74019350e81fe546ae4']",[],1.0,0ffee3ba8e615ad22535e7f771690a28,ccc514751b175866924439bdbb5bba34,,,14247.189959,10.0.2.15,54937,176.58.89.100,443,tcp,7.353547000000617,787.0,6252.0,SF,True,False,0,ShADadfF,12,1275,15,6856,ssl,0
14251.072032,CVatJy8uR22vUIiQ4,10.0.2.15,54945,141.170.25.55,443,TLSv12,TLS_RSA_WITH_AES_128_CBC_SHA,,a.ctnsnet.com,False,True,CsxnGIti,"['545b51874de5b6606f99dee1300808eecf6c178d40b5957371bfde96456f36a0', '154c433c491929c5ef686e838e323664a00e6a0d822ccc958fb4dab03e49a08f']",[],1.0,1a5fe5677b0e4fbbc854e8908225637d,c67e8b533a9001ce4e36883b8d3489c4,,,14250.315384,10.0.2.15,54945,141.170.25.55,443,tcp,6.682870000000548,3936.0,8276.0,SF,True,False,0,ShADadfF,13,4464,17,8960,ssl,0
14257.020433,CzgLflP4hASA7UUZb,10.0.2.15,54951,69.172.216.111,443,TLSv12,TLS_ECDHE_RSA_WITH_AES_128_GCM_SHA256,secp256r1,dt.adsafeprotected.com,False,True,CsxknGIti,"['2883331a8fbeed598390c6c5e24f65c9c90ce58027c1b02b57604432120f5e4f', 'bc3f03a436240edba5f83714f6f677e34b37f9b1f0c08c1e558d981e279e8209']",[],1.0,0ffee3ba8e615ad22535e7f771690a28,8d2a028aa94425f76ced7826b1f39039,http/1.1,,14256.678351,10.0.2.15,54951,69.172.216.111,443,tcp,6.51307799999995,2088.0,3377.0,SF,True,False,0,ShADadfF,10,2496,12,3861,ssl,0
14257.024649,CNCmG11bptHiExLlh,10.0.2.15,54950,69.172.216.111,443,TLSv12,TLS_ECDHE_RSA_WITH_AES_128_GCM_SHA256,secp256r1,dt.adsafeprotected.com,False,True,CsxknGIti,"['2883331a8fbeed598390c6c5e24f65c9c90ce58027c1b02b57604432120f5e4f', 'bc3f03a436240edba5f83714f6f677e34b37f9b1f0c08c1e558d981e279e8209']",[],1.0,0ffee3ba8e615ad22535e7f771690a28,8d2a028aa94425f76ced7826b1f39039,http/1.1,,14256.672237,10.0.2.15,54950,69.172.216.111,443,tcp,6.5405399999999645,388.0,3007.0,SF,True,False,0,ShADadFf,9,756,10,3411,ssl,0
14257.025695,CULlGo1bwUhOW2sEui,10.0.2.15,54949,69.172.216.55,443,TLSv12,TLS_ECDHE_RSA_WITH_AES_128_GCM_SHA256,secp256r1,pixel.adsafeprotected.com,False,True,CsxknGIti,"['2883331a8fbeed598390c6c5e24f65c9c90ce58027c1b02b57604432120f5e4f', 'bc3f03a436240edba5f83714f6f677e34b37f9b1f0c08c1e558d981e279e8209']",[],1.0,1a5fe5677b0e4fbbc854e8908225637d,ccc514751b175866924439bdbb5bba34,,,14256.6698,10.0.2.15,54949,69.172.216.55,443,tcp,12.114832000001115,8091.0,54368.0,SF,True,False,0,ShADadFf,33,9419,68,57092,ssl,0
14257.028361,CYRDqW6m0abCW9gUe,10.0.2.15,54946,69.172.216.55,443,TLSv12,TLS_ECDHE_RSA_WITH_AES_128_GCM_SHA256,secp256r1,pixel.adsafeprotected.com,False,True,CsxknGIti,"['2883331a8fbeed598390c6c5e24f65c9c90ce58027c1b02b57604432120f5e4f', 'bc3f03a436240edba5f83714f6f677e34b37f9b1f0c08c1e558d981e279e8209']",[],1.0,1a5fe5677b0e4fbbc854e8908225637d,8d2a028aa94425f76ced7826b1f39039,http/1.1,,14256.667048,10.0.2.15,54946,69.172.216.55,443,tcp,7.029456000000209,674.0,3007.0,SF,True,False,0,ShADadFf,9,1042,9,3371,ssl,0
14257.026569,CJb70QFgdD4oJEFO7,10.0.2.15,54948,103.6.85.35,443,TLSv12,TLS_ECDHE_RSA_WITH_AES_128_GCM_SHA256,,radar.cedexis.com,True,True,CsiI,,,,1a5fe5677b0e4fbbc854e8908225637d,fbe78c619e7ea20046131294ad087f05,,,14256.668202,10.0.2.15,54948,103.6.85.35,443,tcp,7.359180999999808,976.0,1070.0,SF,True,False,0,ShADadfF,9,1344,10,1474,ssl,0
14257.027458,CGvWbe1XjoXHbQODPb,10.0.2.15,54947,103.6.85.35,443,TLSv12,TLS_ECDHE_RSA_WITH_AES_128_GCM_SHA256,,radar.cedexis.com,True,True,CsiI,,,,1a5fe5677b0e4fbbc854e8908225637d,fbe78c619e7ea20046131294ad087f05,,,14256.667632,10.0.2.15,54947,103.6.85.35,443,tcp,6.764836999998806,599.0,137.0,SF,True,False,0,ShADadFf,8,927,7,421,ssl,0
14257.62739,CMBzWe4H83ZvU6WKs,10.0.2.15,54952,141.170.25.55,443,TLSv12,TLS_RSA_WITH_AES_128_CBC_SHA,,a.ctnsnet.com,True,True,CsiI,,,,1a5fe5677b0e4fbbc854e8908225637d,573a9f3f80037fb40d481e2054def5bb,,,14257.014102,10.0.2.15,54952,141.170.25.55,443,tcp,1.7544970000017202,3621.0,5579.0,SF,True,False,0,ShADadfF,12,4109,15,6183,ssl,0
14257.621961,CLclIG1Z0SWJmLdKYa,10.0.2.15,54953,62.67.193.75,443,TLSv12,TLS_RSA_WITH_AES_256_CBC_SHA,,pixel.rubiconproject.com,False,True,CsxnGIi,"['323de379ee34a94e415f63b56183d0d5d0e5a863f4ac89f97dc40ae81cc021c8', '154c433c491929c5ef686e838e323664a00e6a0d822ccc958fb4dab03e49a08f']",[],1.0,0ffee3ba8e615ad22535e7f771690a28,0a917d753018dad73d9899ace370f8d8,,,14257.016137,10.0.2.15,54953,62.67.193.75,443,tcp,14.971486999998888,7017.0,3348.0,SF,True,False,0,ShADadFf,15,7625,15,3952,ssl,0
14258.779834,CglhBUt5YQX6Mbte5,10.0.2.15,54962,141.170.25.55,443,TLSv12,TLS_RSA_WITH_AES_128_CBC_SHA,,a.ctnsnet.com,True,True,CsiI,,,,1a5fe5677b0e4fbbc854e8908225637d,573a9f3f80037fb40d481e2054def5bb,,,14258.434165,10.0.2.15,54962,141.170.25.55,443,tcp,3.099033999998937,2021.0,1131.0,SF,True,False,0,ShADadfF,8,2349,8,1455,ssl,0
14258.771078,C4ApXx4d34XObaYP4j,10.0.2.15,54965,69.172.216.55,443,TLSv12,TLS_ECDHE_RSA_WITH_AES_128_GCM_SHA256,secp256r1,pixel.adsafeprotected.com,False,True,CsxknGIti,"['2883331a8fbeed598390c6c5e24f65c9c90ce58027c1b02b57604432120f5e4f', 'bc3f03a436240edba5f83714f6f677e34b37f9b1f0c08c1e558d981e279e8209']",[],1.0,1a5fe5677b0e4fbbc854e8908225637d,ccc514751b175866924439bdbb5bba34,,,14258.437205,10.0.2.15,54965,69.172.216.55,443,tcp,10.193638999999166,1903.0,53683.0,SF,True,False,0,ShADadFf,26,2951,60,56087,ssl,0
14258.781112,Cl2wa21yTilldSq1Qd,10.0.2.15,54961,141.170.25.55,443,TLSv12,TLS_RSA_WITH_AES_128_CBC_SHA,,a.ctnsnet.com,False,True,CsxnGIti,"['545b51874de5b6606f99dee1300808eecf6c178d40b5957371bfde96456f36a0', '154c433c491929c5ef686e838e323664a00e6a0d822ccc958fb4dab03e49a08f']",[],1.0,1a5fe5677b0e4fbbc854e8908225637d,c67e8b533a9001ce4e36883b8d3489c4,,,14258.43113,10.0.2.15,54961,141.170.25.55,443,tcp,7.407452999999805,4144.0,5380.0,SF,True,False,0,ShADadfF,12,4632,14,5944,ssl,0
14259.124366,CoJU3C16Yg34D1rsOh,10.0.2.15,54956,141.170.25.55,443,TLSv12,TLS_RSA_WITH_AES_128_CBC_SHA,,a.ctnsnet.com,False,True,CsxnGIti,"['545b51874de5b6606f99dee1300808eecf6c178d40b5957371bfde96456f36a0', '154c433c491929c5ef686e838e323664a00e6a0d822ccc958fb4dab03e49a08f']",[],1.0,1a5fe5677b0e4fbbc854e8908225637d,c67e8b533a9001ce4e36883b8d3489c4,,,14258.422841,10.0.2.15,54956,141.170.25.55,443,tcp,6.400014000000738,912.0,2858.0,SF,True,False,0,ShADadFf,9,1280,9,3222,ssl,0
14259.124891,CvEHVa3kduTek3sePl,10.0.2.15,54955,69.172.216.55,443,TLSv12,TLS_ECDHE_RSA_WITH_AES_128_GCM_SHA256,secp256r1,pixel.adsafeprotected.com,False,True,CsxknGIti,"['2883331a8fbeed598390c6c5e24f65c9c90ce58027c1b02b57604432120f5e4f', 'bc3f03a436240edba5f83714f6f677e34b37f9b1f0c08c1e558d981e279e8209']",[],1.0,1a5fe5677b0e4fbbc854e8908225637d,8d2a028aa94425f76ced7826b1f39039,http/1.1,,14258.422338,10.0.2.15,54955,69.172.216.55,443,tcp,6.203459999998813,674.0,3007.0,SF,True,False,0,ShADadFf,10,1082,10,3411,ssl,0
14259.126276,CrekzE2gmlHCwv6pf6,10.0.2.15,54954,141.170.25.55,443,TLSv12,TLS_RSA_WITH_AES_128_CBC_SHA,,a.ctnsnet.com,False,True,CsxnGIti,"['545b51874de5b6606f99dee1300808eecf6c178d40b5957371bfde96456f36a0', '154c433c491929c5ef686e838e323664a00e6a0d822ccc958fb4dab03e49a08f']",[],1.0,1a5fe5677b0e4fbbc854e8908225637d,c67e8b533a9001ce4e36883b8d3489c4,,,14258.420628,10.0.2.15,54954,141.170.25.55,443,tcp,6.632443000000421,912.0,2858.0,SF,True,False,0,ShADadFf,9,1280,9,3222,ssl,0
14264.790388,ConfMBzRMl9b3YFYd,10.0.2.15,54971,87.248.118.25,443,TLSv12,TLS_ECDHE_RSA_WITH_AES_128_GCM_SHA256,secp256r1,90.media.tumblr.com,False,True,CsxuknGIti,"['7f88ab27579a58a0762da670d9e5a2107b86bebe85a95693b13d39372c031c0f', '19400be5b7a31fb733917700789d2f0a2471c0c9d506c0e504c06c16d7cb17c0']",[],1.0,0ffee3ba8e615ad22535e7f771690a28,76cc3e2d3028143b23ec18e27dbd7ca9,http/1.1,,14262.945788,10.0.2.15,54971,87.248.118.25,443,tcp,5.655071999999564,965.0,5187.0,SF,True,False,0,ShADadFfRr,12,1453,14,5751,ssl,0
14264.797821,CjcJsq4qqbtGqY4Xi6,10.0.2.15,54967,87.248.118.25,443,TLSv12,TLS_ECDHE_RSA_WITH_AES_128_GCM_SHA256,secp256r1,90.media.tumblr.com,False,True,CsxuknGIti,"['7f88ab27579a58a0762da670d9e5a2107b86bebe85a95693b13d39372c031c0f', '19400be5b7a31fb733917700789d2f0a2471c0c9d506c0e504c06c16d7cb17c0']",[],1.0,0ffee3ba8e615ad22535e7f771690a28,76cc3e2d3028143b23ec18e27dbd7ca9,http/1.1,,14262.935471,10.0.2.15,54967,87.248.118.25,443,tcp,5.684713999999076,353.0,4501.0,SF,True,False,0,ShADadFfRr,11,801,12,4985,ssl,0
14264.830337,CFeGlE3irH3DLdTDTf,10.0.2.15,54972,69.172.216.55,443,TLSv12,TLS_ECDHE_RSA_WITH_AES_128_GCM_SHA256,secp256r1,pixel.adsafeprotected.com,False,True,CsxknGIti,"['2883331a8fbeed598390c6c5e24f65c9c90ce58027c1b02b57604432120f5e4f', 'bc3f03a436240edba5f83714f6f677e34b37f9b1f0c08c1e558d981e279e8209']",[],1.0,1a5fe5677b0e4fbbc854e8908225637d,8d2a028aa94425f76ced7826b1f39039,http/1.1,,14262.946946,10.0.2.15,54972,69.172.216.55,443,tcp,9.03895999999986,674.0,3007.0,SF,True,False,0,ShADadFf,9,1042,9,3371,ssl,0
14264.803539,CcUEWb1ceexVY1DTb3,10.0.2.15,54970,141.170.25.55,443,TLSv12,TLS_RSA_WITH_AES_128_CBC_SHA,,a.ctnsnet.com,False,True,CsxnGIti,"['545b51874de5b6606f99dee1300808eecf6c178d40b5957371bfde96456f36a0', '154c433c491929c5ef686e838e323664a00e6a0d822ccc958fb4dab03e49a08f']",[],1.0,1a5fe5677b0e4fbbc854e8908225637d,c67e8b533a9001ce4e36883b8d3489c4,,,14262.944746,10.0.2.15,54970,141.170.25.55,443,tcp,8.581920000000537,912.0,2858.0,SF,True,False,0,ShADadFf,9,1280,9,3222,ssl,0
14264.80626,CqMFQa1LRj2Omxncea,10.0.2.15,54969,69.172.216.55,443,TLSv12,TLS_ECDHE_RSA_WITH_AES_128_GCM_SHA256,secp256r1,pixel.adsafeprotected.com,False,True,CsxknGIti,"['2883331a8fbeed598390c6c5e24f65c9c90ce58027c1b02b57604432120f5e4f', 'bc3f03a436240edba5f83714f6f677e34b37f9b1f0c08c1e558d981e279e8209']",[],1.0,1a5fe5677b0e4fbbc854e8908225637d,8d2a028aa94425f76ced7826b1f39039,http/1.1,,14262.943673,10.0.2.15,54969,69.172.216.55,443,tcp,7.748411000000487,674.0,3007.0,SF,True,False,0,ShADadFf,10,1082,10,3411,ssl,0
14264.806986,C0Jm84cCBLlDWR5zc,10.0.2.15,54968,141.170.25.55,443,TLSv12,TLS_RSA_WITH_AES_128_CBC_SHA,,a.ctnsnet.com,False,True,CsxnGIti,"['545b51874de5b6606f99dee1300808eecf6c178d40b5957371bfde96456f36a0', '154c433c491929c5ef686e838e323664a00e6a0d822ccc958fb4dab03e49a08f']",[],1.0,1a5fe5677b0e4fbbc854e8908225637d,c67e8b533a9001ce4e36883b8d3489c4,,,14262.942174,10.0.2.15,54968,141.170.25.55,443,tcp,7.747236999999586,912.0,2858.0,SF,True,False,0,ShADadFf,9,1280,9,3222,ssl,0
14265.088267,CQ53W9ZYEVaERldZf,10.0.2.15,54973,141.170.25.55,443,TLSv12,TLS_RSA_WITH_AES_128_CBC_SHA,,a.ctnsnet.com,True,True,CsiI,,,,1a5fe5677b0e4fbbc854e8908225637d,573a9f3f80037fb40d481e2054def5bb,,,14264.030633,10.0.2.15,54973,141.170.25.55,443,tcp,8.040782000000036,645.0,161.0,SF,True,False,0,ShADadFf,7,933,7,445,ssl,0
1786.425746,CwRQn613dzkb8tqgp8,10.0.2.15,55679,204.76.212.150,443,,,,www.coupons.com,False,False,C,,,,0ffee3ba8e615ad22535e7f771690a28,,,,1786.240575,10.0.2.15,55679,204.76.212.150,443,tcp,12491.622057,224.0,0.0,S2,True,False,0,ShADaFTTTT,1248,51396,1247,49884,ssl,0
1736.604529,CuRlwd21IpbjimVQo7,10.0.2.15,55678,34.249.129.150,443,,,,ml314.com,False,False,C,,,,0ffee3ba8e615ad22535e7f771690a28,,,,1735.682593,10.0.2.15,55678,34.249.129.150,443,tcp,12539.678908,186.0,0.0,S2,True,False,0,ShADaTFTTT,1252,51522,1251,50044,ssl,0
1736.517424,C7uWP52KVx0Mw7TeZa,10.0.2.15,55677,34.249.129.150,443,,,,ml314.com,False,False,C,,,,0ffee3ba8e615ad22535e7f771690a28,,,,1735.681208,10.0.2.15,55677,34.249.129.150,443,tcp,12539.38304,186.0,0.0,S2,True,False,0,ShADaTFTTT,1252,51522,1251,50044,ssl,0
1727.759936,CdDWgH1rQc3eWIUZ32,10.0.2.15,55674,52.222.172.103,443,,,,cdn.babator.com,False,False,C,,,,0ffee3ba8e615ad22535e7f771690a28,,,,1727.117791,10.0.2.15,55674,52.222.172.103,443,tcp,12551.712376,192.0,0.0,S2,True,False,0,ShADaTFTTT,1255,51651,1254,50164,ssl,0
1723.504114,CbNJcH3tScW33E1fZ6,10.0.2.15,55671,54.236.184.244,443,,,,idsync.rlcdn.com,False,False,C,,,,0ffee3ba8e615ad22535e7f771690a28,,,,1723.415984,10.0.2.15,55671,54.236.184.244,443,tcp,12556.227766,193.0,0.0,S2,True,False,0,^hADaTFTTT,1255,51645,1255,50204,ssl,0
1723.08198,CHIZyJ3PdEBsUID5Sd,10.0.2.15,55669,52.207.123.132,443,,,,services.babator.com,False,False,C,,,,0ffee3ba8e615ad22535e7f771690a28,,,,1723.057165,10.0.2.15,55669,52.207.123.132,443,tcp,12556.586617,197.0,0.0,S2,True,False,0,^hADaTFTTT,1255,51649,1255,50204,ssl,0
1722.940598,CuMLOs3p6NWPmqa4Fj,10.0.2.15,55673,216.137.61.131,443,,,,d1lqe9temigv1p.cloudfront.net,False,False,C,,,,0ffee3ba8e615ad22535e7f771690a28,,,,1719.096859,10.0.2.15,55673,216.137.61.131,443,tcp,12557.874233,206.0,0.0,S2,True,False,0,ShADaTFTTT,1255,51672,1253,50124,ssl,0
1723.310957,CcIvwO1gGgV5n0gEa,10.0.2.15,55670,54.236.184.244,443,,,,idsync.rlcdn.com,False,False,C,,,,0ffee3ba8e615ad22535e7f771690a28,,,,1723.306248,10.0.2.15,55670,54.236.184.244,443,tcp,12552.055211,193.0,0.0,S2,True,False,0,^hADaTFTTT,1253,51563,1253,50124,ssl,0
